reg;jour;n_dose1;n_complet;n_cum_dose1;n_cum_complet;couv_dose1;couv_complet
01;2020-12-27;0;0;0;0;0.0;0.0
01;2020-12-28;0;0;0;0;0.0;0.0
01;2020-12-29;0;0;0;0;0.0;0.0
01;2020-12-30;0;0;0;0;0.0;0.0
01;2020-12-31;0;0;0;0;0.0;0.0
01;2021-01-01;1;0;1;0;0.0;0.0
01;2021-01-02;0;0;1;0;0.0;0.0
01;2021-01-03;0;0;1;0;0.0;0.0
01;2021-01-04;1;0;2;0;0.0;0.0
01;2021-01-05;0;0;2;0;0.0;0.0
01;2021-01-06;1;0;3;0;0.0;0.0
01;2021-01-07;0;0;3;0;0.0;0.0
01;2021-01-08;51;0;54;0;0.0;0.0
01;2021-01-09;18;0;72;0;0.0;0.0
01;2021-01-10;0;0;72;0;0.0;0.0
01;2021-01-11;55;0;127;0;0.0;0.0
01;2021-01-12;44;0;171;0;0.0;0.0
01;2021-01-13;45;1;216;1;0.1;0.0
01;2021-01-14;61;0;277;1;0.1;0.0
01;2021-01-15;76;0;353;1;0.1;0.0
01;2021-01-16;0;0;353;1;0.1;0.0
01;2021-01-17;0;0;353;1;0.1;0.0
01;2021-01-18;75;0;428;1;0.1;0.0
01;2021-01-19;143;0;571;1;0.2;0.0
01;2021-01-20;134;0;705;1;0.2;0.0
01;2021-01-21;150;1;855;2;0.2;0.0
01;2021-01-22;133;0;988;2;0.3;0.0
01;2021-01-23;1;0;989;2;0.3;0.0
01;2021-01-24;0;0;989;2;0.3;0.0
01;2021-01-25;203;0;1192;2;0.3;0.0
01;2021-01-26;211;1;1403;3;0.4;0.0
01;2021-01-27;234;0;1637;3;0.4;0.0
01;2021-01-28;238;3;1875;6;0.5;0.0
01;2021-01-29;197;0;2072;6;0.5;0.0
01;2021-01-30;17;0;2089;6;0.6;0.0
01;2021-01-31;1;0;2090;6;0.6;0.0
01;2021-02-01;222;4;2312;10;0.6;0.0
01;2021-02-02;242;26;2554;36;0.7;0.0
01;2021-02-03;214;3;2768;39;0.7;0.0
01;2021-02-04;300;21;3068;60;0.8;0.0
01;2021-02-05;254;32;3322;92;0.9;0.0
01;2021-02-06;49;1;3371;93;0.9;0.0
01;2021-02-07;0;0;3371;93;0.9;0.0
01;2021-02-08;223;23;3594;116;1.0;0.0
01;2021-02-09;294;29;3888;145;1.0;0.0
01;2021-02-10;221;29;4109;174;1.1;0.0
01;2021-02-11;293;110;4402;284;1.2;0.1
01;2021-02-12;284;26;4686;310;1.2;0.1
01;2021-02-13;50;7;4736;317;1.3;0.1
01;2021-02-14;19;36;4755;353;1.3;0.1
01;2021-02-15;73;46;4828;399;1.3;0.1
01;2021-02-16;16;1;4844;400;1.3;0.1
01;2021-02-17;17;1;4861;401;1.3;0.1
01;2021-02-18;222;18;5083;419;1.3;0.1
01;2021-02-19;231;21;5314;440;1.4;0.1
01;2021-02-20;47;0;5361;440;1.4;0.1
01;2021-02-21;1;0;5362;440;1.4;0.1
01;2021-02-22;160;63;5522;503;1.5;0.1
01;2021-02-23;190;74;5712;577;1.5;0.2
01;2021-02-24;321;126;6033;703;1.6;0.2
01;2021-02-25;371;80;6404;783;1.7;0.2
01;2021-02-26;211;84;6615;867;1.8;0.2
01;2021-02-27;63;0;6678;867;1.8;0.2
01;2021-02-28;1;0;6679;867;1.8;0.2
01;2021-03-01;142;81;6821;948;1.8;0.3
01;2021-03-02;244;131;7065;1079;1.9;0.3
01;2021-03-03;220;120;7285;1199;1.9;0.3
01;2021-03-04;306;84;7591;1283;2.0;0.3
01;2021-03-05;333;145;7924;1428;2.1;0.4
01;2021-03-06;587;3;8511;1431;2.3;0.4
01;2021-03-07;1;0;8512;1431;2.3;0.4
01;2021-03-08;282;140;8794;1571;2.3;0.4
01;2021-03-09;357;150;9151;1721;2.4;0.5
01;2021-03-10;386;163;9537;1884;2.5;0.5
01;2021-03-11;120;45;9657;1929;2.6;0.5
01;2021-03-12;421;217;10078;2146;2.7;0.6
01;2021-03-13;132;2;10210;2148;2.7;0.6
01;2021-03-14;13;24;10223;2172;2.7;0.6
01;2021-03-15;410;44;10633;2216;2.8;0.6
01;2021-03-16;452;79;11085;2295;2.9;0.6
01;2021-03-17;425;86;11510;2381;3.1;0.6
01;2021-03-18;546;109;12056;2490;3.2;0.7
01;2021-03-19;531;97;12587;2587;3.3;0.7
01;2021-03-20;176;45;12763;2632;3.4;0.7
01;2021-03-21;8;0;12771;2632;3.4;0.7
01;2021-03-22;336;87;13107;2719;3.5;0.7
01;2021-03-23;483;156;13590;2875;3.6;0.8
01;2021-03-24;459;108;14049;2983;3.7;0.8
01;2021-03-25;731;178;14780;3161;3.9;0.8
01;2021-03-26;637;120;15417;3281;4.1;0.9
01;2021-03-27;271;49;15688;3330;4.2;0.9
01;2021-03-28;7;0;15695;3330;4.2;0.9
01;2021-03-29;360;83;16055;3413;4.3;0.9
01;2021-03-30;617;161;16672;3574;4.4;0.9
01;2021-03-31;525;130;17197;3704;4.6;1.0
01;2021-04-01;626;201;17823;3905;4.7;1.0
01;2021-04-02;38;35;17861;3940;4.7;1.0
01;2021-04-03;47;2;17908;3942;4.8;1.0
01;2021-04-04;4;18;17912;3960;4.8;1.1
01;2021-04-05;11;0;17923;3960;4.8;1.1
01;2021-04-06;438;191;18361;4151;4.9;1.1
01;2021-04-07;568;115;18929;4266;5.0;1.1
01;2021-04-08;485;162;19414;4428;5.2;1.2
01;2021-04-09;479;209;19893;4637;5.3;1.2
01;2021-04-10;96;4;19989;4641;5.3;1.2
01;2021-04-11;3;24;19992;4665;5.3;1.2
01;2021-04-12;285;258;20277;4923;5.4;1.3
01;2021-04-13;552;320;20829;5243;5.5;1.4
01;2021-04-14;425;222;21254;5465;5.6;1.5
01;2021-04-15;549;313;21803;5778;5.8;1.5
01;2021-04-16;553;269;22356;6047;5.9;1.6
01;2021-04-17;193;4;22549;6051;6.0;1.6
01;2021-04-18;4;14;22553;6065;6.0;1.6
01;2021-04-19;388;239;22941;6304;6.1;1.7
01;2021-04-20;723;344;23664;6648;6.3;1.8
01;2021-04-21;620;312;24284;6960;6.4;1.8
01;2021-04-22;802;330;25086;7290;6.7;1.9
01;2021-04-23;842;247;25928;7537;6.9;2.0
01;2021-04-24;380;75;26308;7612;7.0;2.0
01;2021-04-25;591;63;26899;7675;7.1;2.0
01;2021-04-26;942;213;27841;7888;7.4;2.1
01;2021-04-27;657;232;28498;8120;7.6;2.2
01;2021-04-28;847;264;29345;8384;7.8;2.2
01;2021-04-29;1193;196;30538;8580;8.1;2.3
01;2021-04-30;1260;180;31798;8760;8.4;2.3
01;2021-05-01;596;39;32394;8799;8.6;2.3
01;2021-05-02;346;17;32740;8816;8.7;2.3
01;2021-05-03;916;173;33656;8989;8.9;2.4
01;2021-05-04;955;202;34611;9191;9.2;2.4
01;2021-05-05;1003;243;35614;9434;9.4;2.5
01;2021-05-06;1143;169;36757;9603;9.8;2.5
01;2021-05-07;1235;261;37992;9864;10.1;2.6
01;2021-05-08;316;35;38308;9899;10.2;2.6
01;2021-05-09;179;9;38487;9908;10.2;2.6
01;2021-05-10;833;211;39320;10119;10.4;2.7
01;2021-05-11;955;305;40275;10424;10.7;2.8
01;2021-05-12;902;321;41177;10745;10.9;2.9
01;2021-05-13;211;79;41388;10824;11.0;2.9
01;2021-05-14;858;272;42246;11096;11.2;2.9
01;2021-05-15;475;14;42721;11110;11.3;2.9
01;2021-05-16;182;36;42903;11146;11.4;3.0
01;2021-05-17;710;271;43613;11417;11.6;3.0
01;2021-05-18;742;388;44355;11805;11.8;3.1
01;2021-05-19;697;524;45052;12329;12.0;3.3
01;2021-05-20;777;369;45829;12698;12.2;3.4
01;2021-05-21;813;401;46642;13099;12.4;3.5
01;2021-05-22;493;218;47135;13317;12.5;3.5
01;2021-05-23;202;114;47337;13431;12.6;3.6
01;2021-05-24;200;174;47537;13605;12.6;3.6
01;2021-05-25;534;661;48071;14266;12.8;3.8
01;2021-05-26;594;492;48665;14758;12.9;3.9
01;2021-05-27;130;186;48795;14944;12.9;4.0
01;2021-05-28;520;526;49315;15470;13.1;4.1
01;2021-05-29;232;139;49547;15609;13.1;4.1
01;2021-05-30;78;112;49625;15721;13.2;4.2
01;2021-05-31;454;534;50079;16255;13.3;4.3
01;2021-06-01;564;709;50643;16964;13.4;4.5
01;2021-06-02;567;708;51210;17672;13.6;4.7
01;2021-06-03;495;562;51705;18234;13.7;4.8
01;2021-06-04;749;802;52454;19036;13.9;5.1
01;2021-06-05;313;651;52767;19687;14.0;5.2
01;2021-06-06;123;528;52890;20215;14.0;5.4
01;2021-06-07;420;782;53310;20997;14.1;5.6
01;2021-06-08;520;893;53830;21890;14.3;5.8
01;2021-06-09;465;858;54295;22748;14.4;6.0
01;2021-06-10;503;846;54798;23594;14.5;6.3
01;2021-06-11;452;1236;55250;24830;14.7;6.6
01;2021-06-12;292;660;55542;25490;14.7;6.8
01;2021-06-13;128;314;55670;25804;14.8;6.8
01;2021-06-14;356;3804;56026;29608;14.9;7.9
01;2021-06-15;463;2013;56489;31621;15.0;8.4
01;2021-06-16;463;1486;56952;33107;15.1;8.8
01;2021-06-17;418;1016;57370;34123;15.2;9.1
01;2021-06-18;457;1023;57827;35146;15.3;9.3
01;2021-06-19;306;508;58133;35654;15.4;9.5
01;2021-06-20;108;232;58241;35886;15.5;9.5
01;2021-06-21;318;683;58559;36569;15.5;9.7
01;2021-06-22;311;867;58870;37436;15.6;9.9
01;2021-06-23;348;887;59218;38323;15.7;10.2
01;2021-06-24;378;728;59596;39051;15.8;10.4
01;2021-06-25;438;764;60034;39815;15.9;10.6
01;2021-06-26;292;507;60326;40322;16.0;10.7
01;2021-06-27;106;150;60432;40472;16.0;10.7
01;2021-06-28;285;689;60717;41161;16.1;10.9
01;2021-06-29;355;776;61072;41937;16.2;11.1
01;2021-06-30;404;918;61476;42855;16.3;11.4
01;2021-07-01;338;649;61814;43504;16.4;11.5
01;2021-07-02;413;692;62227;44196;16.5;11.7
01;2021-07-03;266;461;62493;44657;16.6;11.8
01;2021-07-04;110;239;62603;44896;16.6;11.9
01;2021-07-05;314;507;62917;45403;16.7;12.0
01;2021-07-06;360;758;63277;46161;16.8;12.2
01;2021-07-07;369;847;63646;47008;16.9;12.5
01;2021-07-08;391;790;64037;47798;17.0;12.7
01;2021-07-09;421;795;64458;48593;17.1;12.9
01;2021-07-10;242;292;64700;48885;17.2;13.0
01;2021-07-11;168;134;64868;49019;17.2;13.0
01;2021-07-12;378;603;65246;49622;17.3;13.2
02;2020-12-27;0;0;0;0;0.0;0.0
02;2020-12-28;0;0;0;0;0.0;0.0
02;2020-12-29;0;0;0;0;0.0;0.0
02;2020-12-30;0;0;0;0;0.0;0.0
02;2020-12-31;0;0;0;0;0.0;0.0
02;2021-01-01;0;0;0;0;0.0;0.0
02;2021-01-02;0;0;0;0;0.0;0.0
02;2021-01-03;0;0;0;0;0.0;0.0
02;2021-01-04;0;0;0;0;0.0;0.0
02;2021-01-05;0;0;0;0;0.0;0.0
02;2021-01-06;5;0;5;0;0.0;0.0
02;2021-01-07;31;0;36;0;0.0;0.0
02;2021-01-08;82;1;118;1;0.0;0.0
02;2021-01-09;20;0;138;1;0.0;0.0
02;2021-01-10;0;0;138;1;0.0;0.0
02;2021-01-11;122;0;260;1;0.1;0.0
02;2021-01-12;78;0;338;1;0.1;0.0
02;2021-01-13;64;0;402;1;0.1;0.0
02;2021-01-14;88;1;490;2;0.1;0.0
02;2021-01-15;136;0;626;2;0.2;0.0
02;2021-01-16;51;0;677;2;0.2;0.0
02;2021-01-17;0;0;677;2;0.2;0.0
02;2021-01-18;157;0;834;2;0.2;0.0
02;2021-01-19;168;1;1002;3;0.3;0.0
02;2021-01-20;164;0;1166;3;0.3;0.0
02;2021-01-21;181;2;1347;5;0.4;0.0
02;2021-01-22;156;0;1503;5;0.4;0.0
02;2021-01-23;58;0;1561;5;0.4;0.0
02;2021-01-24;0;0;1561;5;0.4;0.0
02;2021-01-25;160;0;1721;5;0.5;0.0
02;2021-01-26;137;0;1858;5;0.5;0.0
02;2021-01-27;162;5;2020;10;0.6;0.0
02;2021-01-28;143;12;2163;22;0.6;0.0
02;2021-01-29;143;41;2306;63;0.6;0.0
02;2021-01-30;96;16;2402;79;0.7;0.0
02;2021-01-31;0;0;2402;79;0.7;0.0
02;2021-02-01;119;74;2521;153;0.7;0.0
02;2021-02-02;184;96;2705;249;0.8;0.1
02;2021-02-03;132;80;2837;329;0.8;0.1
02;2021-02-04;158;73;2995;402;0.8;0.1
02;2021-02-05;120;96;3115;498;0.9;0.1
02;2021-02-06;62;26;3177;524;0.9;0.1
02;2021-02-07;1;0;3178;524;0.9;0.1
02;2021-02-08;137;80;3315;604;0.9;0.2
02;2021-02-09;176;78;3491;682;1.0;0.2
02;2021-02-10;138;90;3629;772;1.0;0.2
02;2021-02-11;150;103;3779;875;1.1;0.2
02;2021-02-12;145;131;3924;1006;1.1;0.3
02;2021-02-13;47;37;3971;1043;1.1;0.3
02;2021-02-14;0;0;3971;1043;1.1;0.3
02;2021-02-15;51;67;4022;1110;1.1;0.3
02;2021-02-16;0;1;4022;1111;1.1;0.3
02;2021-02-17;1;3;4023;1114;1.1;0.3
02;2021-02-18;68;127;4091;1241;1.1;0.3
02;2021-02-19;69;131;4160;1372;1.2;0.4
02;2021-02-20;48;69;4208;1441;1.2;0.4
02;2021-02-21;0;0;4208;1441;1.2;0.4
02;2021-02-22;102;60;4310;1501;1.2;0.4
02;2021-02-23;113;237;4423;1738;1.2;0.5
02;2021-02-24;106;223;4529;1961;1.3;0.5
02;2021-02-25;89;150;4618;2111;1.3;0.6
02;2021-02-26;127;169;4745;2280;1.3;0.6
02;2021-02-27;69;52;4814;2332;1.3;0.7
02;2021-02-28;0;0;4814;2332;1.3;0.7
02;2021-03-01;138;145;4952;2477;1.4;0.7
02;2021-03-02;158;78;5110;2555;1.4;0.7
02;2021-03-03;179;145;5289;2700;1.5;0.8
02;2021-03-04;145;135;5434;2835;1.5;0.8
02;2021-03-05;238;129;5672;2964;1.6;0.8
02;2021-03-06;119;59;5791;3023;1.6;0.8
02;2021-03-07;100;1;5891;3024;1.6;0.8
02;2021-03-08;196;133;6087;3157;1.7;0.9
02;2021-03-09;269;101;6356;3258;1.8;0.9
02;2021-03-10;323;135;6679;3393;1.9;0.9
02;2021-03-11;335;83;7014;3476;2.0;1.0
02;2021-03-12;399;54;7413;3530;2.1;1.0
02;2021-03-13;155;21;7568;3551;2.1;1.0
02;2021-03-14;4;1;7572;3552;2.1;1.0
02;2021-03-15;276;90;7848;3642;2.2;1.0
02;2021-03-16;305;55;8153;3697;2.3;1.0
02;2021-03-17;387;49;8540;3746;2.4;1.0
02;2021-03-18;435;44;8975;3790;2.5;1.1
02;2021-03-19;396;62;9371;3852;2.6;1.1
02;2021-03-20;149;48;9520;3900;2.7;1.1
02;2021-03-21;25;1;9545;3901;2.7;1.1
02;2021-03-22;362;118;9907;4019;2.8;1.1
02;2021-03-23;402;123;10309;4142;2.9;1.2
02;2021-03-24;427;105;10736;4247;3.0;1.2
02;2021-03-25;476;99;11212;4346;3.1;1.2
02;2021-03-26;632;99;11844;4445;3.3;1.2
02;2021-03-27;152;70;11996;4515;3.3;1.3
02;2021-03-28;81;2;12077;4517;3.4;1.3
02;2021-03-29;421;166;12498;4683;3.5;1.3
02;2021-03-30;469;243;12967;4926;3.6;1.4
02;2021-03-31;1144;188;14111;5114;3.9;1.4
02;2021-04-01;953;171;15064;5285;4.2;1.5
02;2021-04-02;895;10;15959;5295;4.4;1.5
02;2021-04-03;788;51;16747;5346;4.7;1.5
02;2021-04-04;750;10;17497;5356;4.9;1.5
02;2021-04-05;828;42;18325;5398;5.1;1.5
02;2021-04-06;883;134;19208;5532;5.4;1.5
02;2021-04-07;1435;325;20643;5857;5.8;1.6
02;2021-04-08;1306;269;21949;6126;6.1;1.7
02;2021-04-09;1239;316;23188;6442;6.5;1.8
02;2021-04-10;838;164;24026;6606;6.7;1.8
02;2021-04-11;621;12;24647;6618;6.9;1.8
02;2021-04-12;868;314;25515;6932;7.1;1.9
02;2021-04-13;880;326;26395;7258;7.4;2.0
02;2021-04-14;958;322;27353;7580;7.6;2.1
02;2021-04-15;958;296;28311;7876;7.9;2.2
02;2021-04-16;991;298;29302;8174;8.2;2.3
02;2021-04-17;529;161;29831;8335;8.3;2.3
02;2021-04-18;339;56;30170;8391;8.4;2.3
02;2021-04-19;668;344;30838;8735;8.6;2.4
02;2021-04-20;869;308;31707;9043;8.8;2.5
02;2021-04-21;999;354;32706;9397;9.1;2.6
02;2021-04-22;602;313;33308;9710;9.3;2.7
02;2021-04-23;606;466;33914;10176;9.5;2.8
02;2021-04-24;360;197;34274;10373;9.6;2.9
02;2021-04-25;168;200;34442;10573;9.6;2.9
02;2021-04-26;515;542;34957;11115;9.7;3.1
02;2021-04-27;568;608;35525;11723;9.9;3.3
02;2021-04-28;449;690;35974;12413;10.0;3.5
02;2021-04-29;652;641;36626;13054;10.2;3.6
02;2021-04-30;771;687;37397;13741;10.4;3.8
02;2021-05-01;243;246;37640;13987;10.5;3.9
02;2021-05-02;226;513;37866;14500;10.6;4.0
02;2021-05-03;569;771;38435;15271;10.7;4.3
02;2021-05-04;524;677;38959;15948;10.9;4.4
02;2021-05-05;541;896;39500;16844;11.0;4.7
02;2021-05-06;546;783;40046;17627;11.2;4.9
02;2021-05-07;629;1016;40675;18643;11.3;5.2
02;2021-05-08;224;526;40899;19169;11.4;5.3
02;2021-05-09;173;506;41072;19675;11.4;5.5
02;2021-05-10;520;859;41592;20534;11.6;5.7
02;2021-05-11;477;872;42069;21406;11.7;6.0
02;2021-05-12;556;912;42625;22318;11.9;6.2
02;2021-05-13;274;534;42899;22852;12.0;6.4
02;2021-05-14;388;752;43287;23604;12.1;6.6
02;2021-05-15;233;579;43520;24183;12.1;6.7
02;2021-05-16;155;442;43675;24625;12.2;6.9
02;2021-05-17;473;753;44148;25378;12.3;7.1
02;2021-05-18;446;679;44594;26057;12.4;7.3
02;2021-05-19;451;744;45045;26801;12.6;7.5
02;2021-05-20;593;501;45638;27302;12.7;7.6
02;2021-05-21;545;705;46183;28007;12.9;7.8
02;2021-05-22;185;364;46368;28371;12.9;7.9
02;2021-05-23;110;181;46478;28552;13.0;8.0
02;2021-05-24;135;241;46613;28793;13.0;8.0
02;2021-05-25;350;699;46963;29492;13.1;8.2
02;2021-05-26;381;712;47344;30204;13.2;8.4
02;2021-05-27;268;647;47612;30851;13.3;8.6
02;2021-05-28;280;816;47892;31667;13.3;8.8
02;2021-05-29;153;513;48045;32180;13.4;9.0
02;2021-05-30;17;33;48062;32213;13.4;9.0
02;2021-05-31;344;682;48406;32895;13.5;9.2
02;2021-06-01;298;547;48704;33442;13.6;9.3
02;2021-06-02;321;576;49025;34018;13.7;9.5
02;2021-06-03;246;424;49271;34442;13.7;9.6
02;2021-06-04;349;644;49620;35086;13.8;9.8
02;2021-06-05;259;372;49879;35458;13.9;9.9
02;2021-06-06;24;31;49903;35489;13.9;9.9
02;2021-06-07;259;736;50162;36225;14.0;10.1
02;2021-06-08;254;590;50416;36815;14.1;10.3
02;2021-06-09;298;699;50714;37514;14.1;10.5
02;2021-06-10;304;452;51018;37966;14.2;10.6
02;2021-06-11;336;534;51354;38500;14.3;10.7
02;2021-06-12;243;324;51597;38824;14.4;10.8
02;2021-06-13;32;29;51629;38853;14.4;10.8
02;2021-06-14;364;554;51993;39407;14.5;11.0
02;2021-06-15;407;494;52400;39901;14.6;11.1
02;2021-06-16;426;445;52826;40346;14.7;11.2
02;2021-06-17;352;579;53178;40925;14.8;11.4
02;2021-06-18;422;542;53600;41467;14.9;11.6
02;2021-06-19;225;197;53825;41664;15.0;11.6
02;2021-06-20;25;17;53850;41681;15.0;11.6
02;2021-06-21;319;581;54169;42262;15.1;11.8
02;2021-06-22;288;467;54457;42729;15.2;11.9
02;2021-06-23;406;564;54863;43293;15.3;12.1
02;2021-06-24;316;438;55179;43731;15.4;12.2
02;2021-06-25;306;391;55485;44122;15.5;12.3
02;2021-06-26;215;199;55700;44321;15.5;12.4
02;2021-06-27;15;23;55715;44344;15.5;12.4
02;2021-06-28;317;425;56032;44769;15.6;12.5
02;2021-06-29;317;430;56349;45199;15.7;12.6
02;2021-06-30;428;417;56777;45616;15.8;12.7
02;2021-07-01;335;391;57112;46007;15.9;12.8
02;2021-07-02;122;203;57234;46210;16.0;12.9
02;2021-07-03;99;118;57333;46328;16.0;12.9
02;2021-07-04;24;35;57357;46363;16.0;12.9
02;2021-07-05;481;579;57838;46942;16.1;13.1
02;2021-07-06;477;428;58315;47370;16.3;13.2
02;2021-07-07;586;490;58901;47860;16.4;13.3
02;2021-07-08;480;419;59381;48279;16.6;13.5
02;2021-07-09;618;584;59999;48863;16.7;13.6
02;2021-07-10;388;304;60387;49167;16.8;13.7
02;2021-07-11;48;37;60435;49204;16.8;13.7
02;2021-07-12;793;680;61228;49884;17.1;13.9
03;2020-12-27;0;0;0;0;0.0;0.0
03;2020-12-28;0;0;0;0;0.0;0.0
03;2020-12-29;0;0;0;0;0.0;0.0
03;2020-12-30;0;0;0;0;0.0;0.0
03;2020-12-31;0;0;0;0;0.0;0.0
03;2021-01-01;0;0;0;0;0.0;0.0
03;2021-01-02;2;2;2;2;0.0;0.0
03;2021-01-03;0;0;2;2;0.0;0.0
03;2021-01-04;0;0;2;2;0.0;0.0
03;2021-01-05;0;0;2;2;0.0;0.0
03;2021-01-06;0;0;2;2;0.0;0.0
03;2021-01-07;0;0;2;2;0.0;0.0
03;2021-01-08;0;0;2;2;0.0;0.0
03;2021-01-09;0;0;2;2;0.0;0.0
03;2021-01-10;0;0;2;2;0.0;0.0
03;2021-01-11;0;0;2;2;0.0;0.0
03;2021-01-12;0;0;2;2;0.0;0.0
03;2021-01-13;30;0;32;2;0.0;0.0
03;2021-01-14;46;0;78;2;0.0;0.0
03;2021-01-15;35;0;113;2;0.0;0.0
03;2021-01-16;18;0;131;2;0.0;0.0
03;2021-01-17;0;0;131;2;0.0;0.0
03;2021-01-18;63;0;194;2;0.1;0.0
03;2021-01-19;149;1;343;3;0.1;0.0
03;2021-01-20;134;0;477;3;0.2;0.0
03;2021-01-21;118;0;595;3;0.2;0.0
03;2021-01-22;76;0;671;3;0.2;0.0
03;2021-01-23;0;0;671;3;0.2;0.0
03;2021-01-24;0;0;671;3;0.2;0.0
03;2021-01-25;56;0;727;3;0.3;0.0
03;2021-01-26;100;1;827;4;0.3;0.0
03;2021-01-27;109;1;936;5;0.3;0.0
03;2021-01-28;96;2;1032;7;0.4;0.0
03;2021-01-29;104;3;1136;10;0.4;0.0
03;2021-01-30;0;0;1136;10;0.4;0.0
03;2021-01-31;0;0;1136;10;0.4;0.0
03;2021-02-01;54;0;1190;10;0.4;0.0
03;2021-02-02;122;4;1312;14;0.5;0.0
03;2021-02-03;116;7;1428;21;0.5;0.0
03;2021-02-04;79;26;1507;47;0.5;0.0
03;2021-02-05;65;8;1572;55;0.5;0.0
03;2021-02-06;0;0;1572;55;0.5;0.0
03;2021-02-07;0;0;1572;55;0.5;0.0
03;2021-02-08;52;12;1624;67;0.6;0.0
03;2021-02-09;92;39;1716;106;0.6;0.0
03;2021-02-10;101;42;1817;148;0.6;0.1
03;2021-02-11;105;93;1922;241;0.7;0.1
03;2021-02-12;88;64;2010;305;0.7;0.1
03;2021-02-13;0;0;2010;305;0.7;0.1
03;2021-02-14;0;0;2010;305;0.7;0.1
03;2021-02-15;27;65;2037;370;0.7;0.1
03;2021-02-16;123;55;2160;425;0.7;0.1
03;2021-02-17;145;120;2305;545;0.8;0.2
03;2021-02-18;103;143;2408;688;0.8;0.2
03;2021-02-19;122;72;2530;760;0.9;0.3
03;2021-02-20;0;0;2530;760;0.9;0.3
03;2021-02-21;0;0;2530;760;0.9;0.3
03;2021-02-22;78;49;2608;809;0.9;0.3
03;2021-02-23;158;100;2766;909;1.0;0.3
03;2021-02-24;190;121;2956;1030;1.0;0.4
03;2021-02-25;258;87;3214;1117;1.1;0.4
03;2021-02-26;264;69;3478;1186;1.2;0.4
03;2021-02-27;121;1;3599;1187;1.2;0.4
03;2021-02-28;0;0;3599;1187;1.2;0.4
03;2021-03-01;180;85;3779;1272;1.3;0.4
03;2021-03-02;255;108;4034;1380;1.4;0.5
03;2021-03-03;255;132;4289;1512;1.5;0.5
03;2021-03-04;281;82;4570;1594;1.6;0.5
03;2021-03-05;272;45;4842;1639;1.7;0.6
03;2021-03-06;118;2;4960;1641;1.7;0.6
03;2021-03-07;0;0;4960;1641;1.7;0.6
03;2021-03-08;187;40;5147;1681;1.8;0.6
03;2021-03-09;350;91;5497;1772;1.9;0.6
03;2021-03-10;357;99;5854;1871;2.0;0.6
03;2021-03-11;270;113;6124;1984;2.1;0.7
03;2021-03-12;287;86;6411;2070;2.2;0.7
03;2021-03-13;110;2;6521;2072;2.2;0.7
03;2021-03-14;0;0;6521;2072;2.2;0.7
03;2021-03-15;180;27;6701;2099;2.3;0.7
03;2021-03-16;242;139;6943;2238;2.4;0.8
03;2021-03-17;273;129;7216;2367;2.5;0.8
03;2021-03-18;249;153;7465;2520;2.6;0.9
03;2021-03-19;284;127;7749;2647;2.7;0.9
03;2021-03-20;255;14;8004;2661;2.8;0.9
03;2021-03-21;119;0;8123;2661;2.8;0.9
03;2021-03-22;219;110;8342;2771;2.9;1.0
03;2021-03-23;274;193;8616;2964;3.0;1.0
03;2021-03-24;235;214;8851;3178;3.0;1.1
03;2021-03-25;168;176;9019;3354;3.1;1.2
03;2021-03-26;188;307;9207;3661;3.2;1.3
03;2021-03-27;56;93;9263;3754;3.2;1.3
03;2021-03-28;0;0;9263;3754;3.2;1.3
03;2021-03-29;175;246;9438;4000;3.2;1.4
03;2021-03-30;445;236;9883;4236;3.4;1.5
03;2021-03-31;318;291;10201;4527;3.5;1.6
03;2021-04-01;443;260;10644;4787;3.7;1.6
03;2021-04-02;306;279;10950;5066;3.8;1.7
03;2021-04-03;152;122;11102;5188;3.8;1.8
03;2021-04-04;0;0;11102;5188;3.8;1.8
03;2021-04-05;118;14;11220;5202;3.9;1.8
03;2021-04-06;438;334;11658;5536;4.0;1.9
03;2021-04-07;501;343;12159;5879;4.2;2.0
03;2021-04-08;511;264;12670;6143;4.4;2.1
03;2021-04-09;496;226;13166;6369;4.5;2.2
03;2021-04-10;146;91;13312;6460;4.6;2.2
03;2021-04-11;2;0;13314;6460;4.6;2.2
03;2021-04-12;552;267;13866;6727;4.8;2.3
03;2021-04-13;672;242;14538;6969;5.0;2.4
03;2021-04-14;720;311;15258;7280;5.2;2.5
03;2021-04-15;774;245;16032;7525;5.5;2.6
03;2021-04-16;756;296;16788;7821;5.8;2.7
03;2021-04-17;499;130;17287;7951;5.9;2.7
03;2021-04-18;499;39;17786;7990;6.1;2.7
03;2021-04-19;713;249;18499;8239;6.4;2.8
03;2021-04-20;604;277;19103;8516;6.6;2.9
03;2021-04-21;866;249;19969;8765;6.9;3.0
03;2021-04-22;723;228;20692;8993;7.1;3.1
03;2021-04-23;705;224;21397;9217;7.4;3.2
03;2021-04-24;525;95;21922;9312;7.5;3.2
03;2021-04-25;612;51;22534;9363;7.8;3.2
03;2021-04-26;777;228;23311;9591;8.0;3.3
03;2021-04-27;784;342;24095;9933;8.3;3.4
03;2021-04-28;695;327;24790;10260;8.5;3.5
03;2021-04-29;621;278;25411;10538;8.7;3.6
03;2021-04-30;673;252;26084;10790;9.0;3.7
03;2021-05-01;210;27;26294;10817;9.0;3.7
03;2021-05-02;602;82;26896;10899;9.3;3.7
03;2021-05-03;553;390;27449;11289;9.4;3.9
03;2021-05-04;618;311;28067;11600;9.7;4.0
03;2021-05-05;658;447;28725;12047;9.9;4.1
03;2021-05-06;650;465;29375;12512;10.1;4.3
03;2021-05-07;554;467;29929;12979;10.3;4.5
03;2021-05-08;341;58;30270;13037;10.4;4.5
03;2021-05-09;262;73;30532;13110;10.5;4.5
03;2021-05-10;420;612;30952;13722;10.6;4.7
03;2021-05-11;392;491;31344;14213;10.8;4.9
03;2021-05-12;505;646;31849;14859;11.0;5.1
03;2021-05-13;333;98;32182;14957;11.1;5.1
03;2021-05-14;477;550;32659;15507;11.2;5.3
03;2021-05-15;258;347;32917;15854;11.3;5.5
03;2021-05-16;207;210;33124;16064;11.4;5.5
03;2021-05-17;444;600;33568;16664;11.5;5.7
03;2021-05-18;560;564;34128;17228;11.7;5.9
03;2021-05-19;525;552;34653;17780;11.9;6.1
03;2021-05-20;638;450;35291;18230;12.1;6.3
03;2021-05-21;494;606;35785;18836;12.3;6.5
03;2021-05-22;168;501;35953;19337;12.4;6.7
03;2021-05-23;269;474;36222;19811;12.5;6.8
03;2021-05-24;560;245;36782;20056;12.7;6.9
03;2021-05-25;495;742;37277;20798;12.8;7.2
03;2021-05-26;436;683;37713;21481;13.0;7.4
03;2021-05-27;694;523;38407;22004;13.2;7.6
03;2021-05-28;554;552;38961;22556;13.4;7.8
03;2021-05-29;239;360;39200;22916;13.5;7.9
03;2021-05-30;151;399;39351;23315;13.5;8.0
03;2021-05-31;341;573;39692;23888;13.7;8.2
03;2021-06-01;394;461;40086;24349;13.8;8.4
03;2021-06-02;527;551;40613;24900;14.0;8.6
03;2021-06-03;484;469;41097;25369;14.1;8.7
03;2021-06-04;551;494;41648;25863;14.3;8.9
03;2021-06-05;272;292;41920;26155;14.4;9.0
03;2021-06-06;211;299;42131;26454;14.5;9.1
03;2021-06-07;467;448;42598;26902;14.7;9.3
03;2021-06-08;524;311;43122;27213;14.8;9.4
03;2021-06-09;501;382;43623;27595;15.0;9.5
03;2021-06-10;348;289;43971;27884;15.1;9.6
03;2021-06-11;414;467;44385;28351;15.3;9.8
03;2021-06-12;169;284;44554;28635;15.3;9.9
03;2021-06-13;211;267;44765;28902;15.4;9.9
03;2021-06-14;357;547;45122;29449;15.5;10.1
03;2021-06-15;355;439;45477;29888;15.6;10.3
03;2021-06-16;398;450;45875;30338;15.8;10.4
03;2021-06-17;365;575;46240;30913;15.9;10.6
03;2021-06-18;342;564;46582;31477;16.0;10.8
03;2021-06-19;230;259;46812;31736;16.1;10.9
03;2021-06-20;123;272;46935;32008;16.1;11.0
03;2021-06-21;264;597;47199;32605;16.2;11.2
03;2021-06-22;306;456;47505;33061;16.3;11.4
03;2021-06-23;277;533;47782;33594;16.4;11.6
03;2021-06-24;387;494;48169;34088;16.6;11.7
03;2021-06-25;377;544;48546;34632;16.7;11.9
03;2021-06-26;164;320;48710;34952;16.8;12.0
03;2021-06-27;117;170;48827;35122;16.8;12.1
03;2021-06-28;281;590;49108;35712;16.9;12.3
03;2021-06-29;325;499;49433;36211;17.0;12.5
03;2021-06-30;306;666;49739;36877;17.1;12.7
03;2021-07-01;345;394;50084;37271;17.2;12.8
03;2021-07-02;395;515;50479;37786;17.4;13.0
03;2021-07-03;203;271;50682;38057;17.4;13.1
03;2021-07-04;85;242;50767;38299;17.5;13.2
03;2021-07-05;298;537;51065;38836;17.6;13.4
03;2021-07-06;292;473;51357;39309;17.7;13.5
03;2021-07-07;306;408;51663;39717;17.8;13.7
03;2021-07-08;258;322;51921;40039;17.9;13.8
03;2021-07-09;354;432;52275;40471;18.0;13.9
03;2021-07-10;148;273;52423;40744;18.0;14.0
03;2021-07-11;101;164;52524;40908;18.1;14.1
03;2021-07-12;349;488;52873;41396;18.2;14.2
04;2020-12-27;0;0;0;0;0.0;0.0
04;2020-12-28;0;0;0;0;0.0;0.0
04;2020-12-29;0;0;0;0;0.0;0.0
04;2020-12-30;0;0;0;0;0.0;0.0
04;2020-12-31;0;0;0;0;0.0;0.0
04;2021-01-01;1;0;1;0;0.0;0.0
04;2021-01-02;0;0;1;0;0.0;0.0
04;2021-01-03;0;0;1;0;0.0;0.0
04;2021-01-04;0;0;1;0;0.0;0.0
04;2021-01-05;2;0;3;0;0.0;0.0
04;2021-01-06;0;0;3;0;0.0;0.0
04;2021-01-07;0;0;3;0;0.0;0.0
04;2021-01-08;0;0;3;0;0.0;0.0
04;2021-01-09;1;0;4;0;0.0;0.0
04;2021-01-10;0;0;4;0;0.0;0.0
04;2021-01-11;0;0;4;0;0.0;0.0
04;2021-01-12;0;0;4;0;0.0;0.0
04;2021-01-13;0;0;4;0;0.0;0.0
04;2021-01-14;0;0;4;0;0.0;0.0
04;2021-01-15;332;0;336;0;0.0;0.0
04;2021-01-16;27;0;363;0;0.0;0.0
04;2021-01-17;0;0;363;0;0.0;0.0
04;2021-01-18;49;1;412;1;0.0;0.0
04;2021-01-19;393;0;805;1;0.1;0.0
04;2021-01-20;481;1;1286;2;0.1;0.0
04;2021-01-21;614;1;1900;3;0.2;0.0
04;2021-01-22;409;1;2309;4;0.3;0.0
04;2021-01-23;75;0;2384;4;0.3;0.0
04;2021-01-24;0;0;2384;4;0.3;0.0
04;2021-01-25;273;1;2657;5;0.3;0.0
04;2021-01-26;429;0;3086;5;0.4;0.0
04;2021-01-27;317;0;3403;5;0.4;0.0
04;2021-01-28;407;0;3810;5;0.4;0.0
04;2021-01-29;421;3;4231;8;0.5;0.0
04;2021-01-30;420;0;4651;8;0.5;0.0
04;2021-01-31;0;0;4651;8;0.5;0.0
04;2021-02-01;372;3;5023;11;0.6;0.0
04;2021-02-02;499;4;5522;15;0.6;0.0
04;2021-02-03;602;14;6124;29;0.7;0.0
04;2021-02-04;626;22;6750;51;0.8;0.0
04;2021-02-05;564;98;7314;149;0.9;0.0
04;2021-02-06;501;5;7815;154;0.9;0.0
04;2021-02-07;0;8;7815;162;0.9;0.0
04;2021-02-08;472;34;8287;196;1.0;0.0
04;2021-02-09;784;90;9071;286;1.1;0.0
04;2021-02-10;820;86;9891;372;1.2;0.0
04;2021-02-11;796;86;10687;458;1.2;0.1
04;2021-02-12;637;95;11324;553;1.3;0.1
04;2021-02-13;651;74;11975;627;1.4;0.1
04;2021-02-14;1;0;11976;627;1.4;0.1
04;2021-02-15;524;126;12500;753;1.5;0.1
04;2021-02-16;651;534;13151;1287;1.5;0.1
04;2021-02-17;592;329;13743;1616;1.6;0.2
04;2021-02-18;493;412;14236;2028;1.7;0.2
04;2021-02-19;497;319;14733;2347;1.7;0.3
04;2021-02-20;576;117;15309;2464;1.8;0.3
04;2021-02-21;0;0;15309;2464;1.8;0.3
04;2021-02-22;402;238;15711;2702;1.8;0.3
04;2021-02-23;606;238;16317;2940;1.9;0.3
04;2021-02-24;583;253;16900;3193;2.0;0.4
04;2021-02-25;645;296;17545;3489;2.0;0.4
04;2021-02-26;483;472;18028;3961;2.1;0.5
04;2021-02-27;385;468;18413;4429;2.1;0.5
04;2021-02-28;0;0;18413;4429;2.1;0.5
04;2021-03-01;290;389;18703;4818;2.2;0.6
04;2021-03-02;486;501;19189;5319;2.2;0.6
04;2021-03-03;755;541;19944;5860;2.3;0.7
04;2021-03-04;775;513;20719;6373;2.4;0.7
04;2021-03-05;727;530;21446;6903;2.5;0.8
04;2021-03-06;812;526;22258;7429;2.6;0.9
04;2021-03-07;0;0;22258;7429;2.6;0.9
04;2021-03-08;435;579;22693;8008;2.6;0.9
04;2021-03-09;670;769;23363;8777;2.7;1.0
04;2021-03-10;644;843;24007;9620;2.8;1.1
04;2021-03-11;699;640;24706;10260;2.9;1.2
04;2021-03-12;729;657;25435;10917;3.0;1.3
04;2021-03-13;668;607;26103;11524;3.0;1.3
04;2021-03-14;2;0;26105;11524;3.0;1.3
04;2021-03-15;504;506;26609;12030;3.1;1.4
04;2021-03-16;680;708;27289;12738;3.2;1.5
04;2021-03-17;847;531;28136;13269;3.3;1.5
04;2021-03-18;1022;552;29158;13821;3.4;1.6
04;2021-03-19;784;535;29942;14356;3.5;1.7
04;2021-03-20;576;596;30518;14952;3.5;1.7
04;2021-03-21;0;0;30518;14952;3.5;1.7
04;2021-03-22;565;469;31083;15421;3.6;1.8
04;2021-03-23;780;640;31863;16061;3.7;1.9
04;2021-03-24;792;664;32655;16725;3.8;1.9
04;2021-03-25;929;552;33584;17277;3.9;2.0
04;2021-03-26;921;450;34505;17727;4.0;2.1
04;2021-03-27;782;338;35287;18065;4.1;2.1
04;2021-03-28;1;0;35288;18065;4.1;2.1
04;2021-03-29;961;270;36249;18335;4.2;2.1
04;2021-03-30;883;500;37132;18835;4.3;2.2
04;2021-03-31;740;665;37872;19500;4.4;2.3
04;2021-04-01;716;706;38588;20206;4.5;2.3
04;2021-04-02;688;759;39276;20965;4.6;2.4
04;2021-04-03;699;705;39975;21670;4.6;2.5
04;2021-04-04;0;0;39975;21670;4.6;2.5
04;2021-04-05;0;2;39975;21672;4.6;2.5
04;2021-04-06;795;635;40770;22307;4.7;2.6
04;2021-04-07;1369;788;42139;23095;4.9;2.7
04;2021-04-08;1792;773;43931;23868;5.1;2.8
04;2021-04-09;1509;785;45440;24653;5.3;2.9
04;2021-04-10;1137;650;46577;25303;5.4;2.9
04;2021-04-11;2;0;46579;25303;5.4;2.9
04;2021-04-12;1238;547;47817;25850;5.6;3.0
04;2021-04-13;1440;754;49257;26604;5.7;3.1
04;2021-04-14;2069;773;51326;27377;6.0;3.2
04;2021-04-15;2504;954;53830;28331;6.3;3.3
04;2021-04-16;1932;780;55762;29111;6.5;3.4
04;2021-04-17;1289;604;57051;29715;6.6;3.5
04;2021-04-18;0;0;57051;29715;6.6;3.5
04;2021-04-19;1376;564;58427;30279;6.8;3.5
04;2021-04-20;1649;804;60076;31083;7.0;3.6
04;2021-04-21;2127;623;62203;31706;7.2;3.7
04;2021-04-22;2947;816;65150;32522;7.6;3.8
04;2021-04-23;2309;813;67459;33335;7.8;3.9
04;2021-04-24;1103;798;68562;34133;8.0;4.0
04;2021-04-25;2;0;68564;34133;8.0;4.0
04;2021-04-26;1164;915;69728;35048;8.1;4.1
04;2021-04-27;1684;1027;71412;36075;8.3;4.2
04;2021-04-28;2897;750;74309;36825;8.6;4.3
04;2021-04-29;3945;810;78254;37635;9.1;4.4
04;2021-04-30;3432;902;81686;38537;9.5;4.5
04;2021-05-01;2106;221;83792;38758;9.7;4.5
04;2021-05-02;2;0;83794;38758;9.7;4.5
04;2021-05-03;1865;574;85659;39332;10.0;4.6
04;2021-05-04;2128;1098;87787;40430;10.2;4.7
04;2021-05-05;3119;1638;90906;42068;10.6;4.9
04;2021-05-06;4005;1584;94911;43652;11.0;5.1
04;2021-05-07;3228;1524;98139;45176;11.4;5.3
04;2021-05-08;1566;502;99705;45678;11.6;5.3
04;2021-05-09;1;0;99706;45678;11.6;5.3
04;2021-05-10;2411;996;102117;46674;11.9;5.4
04;2021-05-11;3652;1638;105769;48312;12.3;5.6
04;2021-05-12;4723;2390;110492;50702;12.8;5.9
04;2021-05-13;3554;595;114046;51297;13.3;6.0
04;2021-05-14;5267;2510;119313;53807;13.9;6.3
04;2021-05-15;3162;1538;122475;55345;14.2;6.4
04;2021-05-16;15;18;122490;55363;14.2;6.4
04;2021-05-17;3000;1489;125490;56852;14.6;6.6
04;2021-05-18;3754;1788;129244;58640;15.0;6.8
04;2021-05-19;4681;2360;133925;61000;15.6;7.1
04;2021-05-20;5141;2827;139066;63827;16.2;7.4
04;2021-05-21;4988;2636;144054;66463;16.8;7.7
04;2021-05-22;3367;1254;147421;67717;17.1;7.9
04;2021-05-23;5;3;147426;67720;17.1;7.9
04;2021-05-24;3642;1077;151068;68797;17.6;8.0
04;2021-05-25;4246;1919;155314;70716;18.1;8.2
04;2021-05-26;4982;2976;160296;73692;18.6;8.6
04;2021-05-27;4612;4098;164908;77790;19.2;9.0
04;2021-05-28;4379;3826;169287;81616;19.7;9.5
04;2021-05-29;2553;2453;171840;84069;20.0;9.8
04;2021-05-30;8;14;171848;84083;20.0;9.8
04;2021-05-31;2351;2257;174199;86340;20.3;10.0
04;2021-06-01;3297;2723;177496;89063;20.6;10.4
04;2021-06-02;3966;3349;181462;92412;21.1;10.7
04;2021-06-03;4040;3650;185502;96062;21.6;11.2
04;2021-06-04;3848;3750;189350;99812;22.0;11.6
04;2021-06-05;2213;1920;191563;101732;22.3;11.8
04;2021-06-06;1071;132;192634;101864;22.4;11.8
04;2021-06-07;2010;2527;194644;104391;22.6;12.1
04;2021-06-08;2549;3335;197193;107726;22.9;12.5
04;2021-06-09;2979;4772;200172;112498;23.3;13.1
04;2021-06-10;3401;4442;203573;116940;23.7;13.6
04;2021-06-11;2842;4625;206415;121565;24.0;14.1
04;2021-06-12;1721;3375;208136;124940;24.2;14.5
04;2021-06-13;1322;243;209458;125183;24.4;14.6
04;2021-06-14;1488;3178;210946;128361;24.5;14.9
04;2021-06-15;2047;3617;212993;131978;24.8;15.3
04;2021-06-16;2720;4654;215713;136632;25.1;15.9
04;2021-06-17;2499;4905;218212;141537;25.4;16.5
04;2021-06-18;2568;4902;220780;146439;25.7;17.0
04;2021-06-19;1301;3518;222081;149957;25.8;17.4
04;2021-06-20;633;287;222714;150244;25.9;17.5
04;2021-06-21;1261;3244;223975;153488;26.0;17.8
04;2021-06-22;1604;3767;225579;157255;26.2;18.3
04;2021-06-23;2229;4981;227808;162236;26.5;18.9
04;2021-06-24;2272;4077;230080;166313;26.8;19.3
04;2021-06-25;2172;4112;232252;170425;27.0;19.8
04;2021-06-26;1386;2716;233638;173141;27.2;20.1
04;2021-06-27;655;264;234293;173405;27.2;20.2
04;2021-06-28;1297;2483;235590;175888;27.4;20.5
04;2021-06-29;1730;2851;237320;178739;27.6;20.8
04;2021-06-30;2536;3845;239856;182584;27.9;21.2
04;2021-07-01;2655;3828;242511;186412;28.2;21.7
04;2021-07-02;2492;3714;245003;190126;28.5;22.1
04;2021-07-03;1600;2459;246603;192585;28.7;22.4
04;2021-07-04;871;1039;247474;193624;28.8;22.5
04;2021-07-05;1670;2226;249144;195850;29.0;22.8
04;2021-07-06;2390;2526;251534;198376;29.2;23.1
04;2021-07-07;2634;3136;254168;201512;29.6;23.4
04;2021-07-08;2373;3171;256541;204683;29.8;23.8
04;2021-07-09;2626;3406;259167;208089;30.1;24.2
04;2021-07-10;1593;2167;260760;210256;30.3;24.4
04;2021-07-11;726;1017;261486;211273;30.4;24.6
04;2021-07-12;1684;2592;263170;213865;30.6;24.9
05;2020-12-27;0;0;0;0;0.0;0.0
05;2020-12-28;0;0;0;0;0.0;0.0
05;2020-12-29;0;0;0;0;0.0;0.0
05;2020-12-30;0;0;0;0;0.0;0.0
05;2020-12-31;0;0;0;0;0.0;0.0
05;2021-01-01;0;0;0;0;0.0;0.0
05;2021-01-02;0;0;0;0;0.0;0.0
05;2021-01-03;0;0;0;0;0.0;0.0
05;2021-01-04;0;0;0;0;0.0;0.0
05;2021-01-05;0;0;0;0;0.0;0.0
05;2021-01-06;0;0;0;0;0.0;0.0
05;2021-01-07;0;0;0;0;0.0;0.0
05;2021-01-08;0;0;0;0;0.0;0.0
05;2021-01-09;0;0;0;0;0.0;0.0
05;2021-01-10;0;0;0;0;0.0;0.0
05;2021-01-11;0;0;0;0;0.0;0.0
05;2021-01-12;0;0;0;0;0.0;0.0
05;2021-01-13;0;0;0;0;0.0;0.0
05;2021-01-14;0;0;0;0;0.0;0.0
05;2021-01-15;0;0;0;0;0.0;0.0
05;2021-01-16;0;0;0;0;0.0;0.0
05;2021-01-17;0;0;0;0;0.0;0.0
05;2021-01-18;0;0;0;0;0.0;0.0
05;2021-01-19;0;0;0;0;0.0;0.0
05;2021-01-20;0;0;0;0;0.0;0.0
05;2021-01-21;0;0;0;0;0.0;0.0
05;2021-01-22;0;0;0;0;0.0;0.0
05;2021-01-23;0;0;0;0;0.0;0.0
05;2021-01-24;0;0;0;0;0.0;0.0
05;2021-01-25;0;0;0;0;0.0;0.0
05;2021-01-26;0;0;0;0;0.0;0.0
05;2021-01-27;0;0;0;0;0.0;0.0
05;2021-01-28;0;0;0;0;0.0;0.0
05;2021-01-29;0;0;0;0;0.0;0.0
05;2021-01-30;0;0;0;0;0.0;0.0
05;2021-01-31;0;0;0;0;0.0;0.0
05;2021-02-01;0;0;0;0;0.0;0.0
05;2021-02-02;0;0;0;0;0.0;0.0
05;2021-02-03;0;0;0;0;0.0;0.0
05;2021-02-04;0;0;0;0;0.0;0.0
05;2021-02-05;0;0;0;0;0.0;0.0
05;2021-02-06;0;0;0;0;0.0;0.0
05;2021-02-07;0;0;0;0;0.0;0.0
05;2021-02-08;0;0;0;0;0.0;0.0
05;2021-02-09;0;0;0;0;0.0;0.0
05;2021-02-10;0;0;0;0;0.0;0.0
05;2021-02-11;0;0;0;0;0.0;0.0
05;2021-02-12;0;0;0;0;0.0;0.0
05;2021-02-13;0;0;0;0;0.0;0.0
05;2021-02-14;0;0;0;0;0.0;0.0
05;2021-02-15;0;0;0;0;0.0;0.0
05;2021-02-16;0;0;0;0;0.0;0.0
05;2021-02-17;0;0;0;0;0.0;0.0
05;2021-02-18;0;0;0;0;0.0;0.0
05;2021-02-19;0;0;0;0;0.0;0.0
05;2021-02-20;0;0;0;0;0.0;0.0
05;2021-02-21;0;0;0;0;0.0;0.0
05;2021-02-22;0;0;0;0;0.0;0.0
05;2021-02-23;0;0;0;0;0.0;0.0
05;2021-02-24;0;0;0;0;0.0;0.0
05;2021-02-25;0;0;0;0;0.0;0.0
05;2021-02-26;0;0;0;0;0.0;0.0
05;2021-02-27;0;0;0;0;0.0;0.0
05;2021-02-28;0;0;0;0;0.0;0.0
05;2021-03-01;0;0;0;0;0.0;0.0
05;2021-03-02;0;0;0;0;0.0;0.0
05;2021-03-03;0;0;0;0;0.0;0.0
05;2021-03-04;0;0;0;0;0.0;0.0
05;2021-03-05;0;0;0;0;0.0;0.0
05;2021-03-06;0;0;0;0;0.0;0.0
05;2021-03-07;0;0;0;0;0.0;0.0
05;2021-03-08;0;0;0;0;0.0;0.0
05;2021-03-09;0;0;0;0;0.0;0.0
05;2021-03-10;0;0;0;0;0.0;0.0
05;2021-03-11;0;0;0;0;0.0;0.0
05;2021-03-12;0;0;0;0;0.0;0.0
05;2021-03-13;0;0;0;0;0.0;0.0
05;2021-03-14;0;0;0;0;0.0;0.0
05;2021-03-15;0;0;0;0;0.0;0.0
05;2021-03-16;0;0;0;0;0.0;0.0
05;2021-03-17;0;0;0;0;0.0;0.0
05;2021-03-18;0;0;0;0;0.0;0.0
05;2021-03-19;0;0;0;0;0.0;0.0
05;2021-03-20;0;0;0;0;0.0;0.0
05;2021-03-21;0;0;0;0;0.0;0.0
05;2021-03-22;0;0;0;0;0.0;0.0
05;2021-03-23;0;0;0;0;0.0;0.0
05;2021-03-24;0;0;0;0;0.0;0.0
05;2021-03-25;0;0;0;0;0.0;0.0
05;2021-03-26;0;0;0;0;0.0;0.0
05;2021-03-27;0;0;0;0;0.0;0.0
05;2021-03-28;0;0;0;0;0.0;0.0
05;2021-03-29;2;0;2;0;0.0;0.0
05;2021-03-30;0;0;2;0;0.0;0.0
05;2021-03-31;0;0;2;0;0.0;0.0
05;2021-04-01;0;0;2;0;0.0;0.0
05;2021-04-02;0;0;2;0;0.0;0.0
05;2021-04-03;0;0;2;0;0.0;0.0
05;2021-04-04;0;0;2;0;0.0;0.0
05;2021-04-05;0;0;2;0;0.0;0.0
05;2021-04-06;0;0;2;0;0.0;0.0
05;2021-04-07;0;0;2;0;0.0;0.0
05;2021-04-08;1;0;3;0;0.1;0.0
05;2021-04-09;0;0;3;0;0.1;0.0
05;2021-04-10;0;0;3;0;0.1;0.0
05;2021-04-11;0;0;3;0;0.1;0.0
05;2021-04-12;0;0;3;0;0.1;0.0
05;2021-04-13;0;0;3;0;0.1;0.0
05;2021-04-14;0;0;3;0;0.1;0.0
05;2021-04-15;0;0;3;0;0.1;0.0
05;2021-04-16;0;0;3;0;0.1;0.0
05;2021-04-17;0;0;3;0;0.1;0.0
05;2021-04-18;0;0;3;0;0.1;0.0
05;2021-04-19;0;0;3;0;0.1;0.0
05;2021-04-20;0;0;3;0;0.1;0.0
05;2021-04-21;0;0;3;0;0.1;0.0
05;2021-04-22;0;0;3;0;0.1;0.0
05;2021-04-23;0;0;3;0;0.1;0.0
05;2021-04-24;0;0;3;0;0.1;0.0
05;2021-04-25;0;0;3;0;0.1;0.0
05;2021-04-26;0;0;3;0;0.1;0.0
05;2021-04-27;0;0;3;0;0.1;0.0
05;2021-04-28;0;0;3;0;0.1;0.0
05;2021-04-29;0;0;3;0;0.1;0.0
05;2021-04-30;0;0;3;0;0.1;0.0
05;2021-05-01;0;0;3;0;0.1;0.0
05;2021-05-02;0;0;3;0;0.1;0.0
05;2021-05-03;0;0;3;0;0.1;0.0
05;2021-05-04;0;0;3;0;0.1;0.0
05;2021-05-05;0;0;3;0;0.1;0.0
05;2021-05-06;0;0;3;0;0.1;0.0
05;2021-05-07;0;0;3;0;0.1;0.0
05;2021-05-08;0;0;3;0;0.1;0.0
05;2021-05-09;0;0;3;0;0.1;0.0
05;2021-05-10;0;0;3;0;0.1;0.0
05;2021-05-11;0;0;3;0;0.1;0.0
05;2021-05-12;0;0;3;0;0.1;0.0
05;2021-05-13;0;0;3;0;0.1;0.0
05;2021-05-14;0;0;3;0;0.1;0.0
05;2021-05-15;0;0;3;0;0.1;0.0
05;2021-05-16;0;0;3;0;0.1;0.0
05;2021-05-17;0;0;3;0;0.1;0.0
05;2021-05-18;0;0;3;0;0.1;0.0
05;2021-05-19;0;0;3;0;0.1;0.0
05;2021-05-20;0;0;3;0;0.1;0.0
05;2021-05-21;0;0;3;0;0.1;0.0
05;2021-05-22;0;0;3;0;0.1;0.0
05;2021-05-23;0;0;3;0;0.1;0.0
05;2021-05-24;0;0;3;0;0.1;0.0
05;2021-05-25;0;0;3;0;0.1;0.0
05;2021-05-26;0;0;3;0;0.1;0.0
05;2021-05-27;0;0;3;0;0.1;0.0
05;2021-05-28;0;0;3;0;0.1;0.0
05;2021-05-29;0;2;3;2;0.1;0.0
05;2021-05-30;0;0;3;2;0.1;0.0
05;2021-05-31;0;0;3;2;0.1;0.0
05;2021-06-01;0;0;3;2;0.1;0.0
05;2021-06-02;0;0;3;2;0.1;0.0
05;2021-06-03;0;0;3;2;0.1;0.0
05;2021-06-04;0;0;3;2;0.1;0.0
05;2021-06-05;0;0;3;2;0.1;0.0
05;2021-06-06;0;0;3;2;0.1;0.0
05;2021-06-07;0;0;3;2;0.1;0.0
05;2021-06-08;0;0;3;2;0.1;0.0
05;2021-06-09;0;0;3;2;0.1;0.0
05;2021-06-10;0;0;3;2;0.1;0.0
05;2021-06-11;0;0;3;2;0.1;0.0
05;2021-06-12;0;0;3;2;0.1;0.0
05;2021-06-13;0;0;3;2;0.1;0.0
05;2021-06-14;0;0;3;2;0.1;0.0
05;2021-06-15;0;0;3;2;0.1;0.0
05;2021-06-16;0;0;3;2;0.1;0.0
05;2021-06-17;0;0;3;2;0.1;0.0
05;2021-06-18;0;0;3;2;0.1;0.0
05;2021-06-19;0;0;3;2;0.1;0.0
05;2021-06-20;0;0;3;2;0.1;0.0
05;2021-06-21;0;0;3;2;0.1;0.0
05;2021-06-22;0;0;3;2;0.1;0.0
05;2021-06-23;0;0;3;2;0.1;0.0
05;2021-06-24;0;0;3;2;0.1;0.0
05;2021-06-25;0;0;3;2;0.1;0.0
05;2021-06-26;0;0;3;2;0.1;0.0
05;2021-06-27;0;0;3;2;0.1;0.0
05;2021-06-28;0;0;3;2;0.1;0.0
05;2021-06-29;0;0;3;2;0.1;0.0
05;2021-06-30;0;0;3;2;0.1;0.0
05;2021-07-01;0;0;3;2;0.1;0.0
05;2021-07-02;0;0;3;2;0.1;0.0
05;2021-07-03;0;0;3;2;0.1;0.0
05;2021-07-04;0;0;3;2;0.1;0.0
05;2021-07-05;0;0;3;2;0.1;0.0
05;2021-07-06;0;0;3;2;0.1;0.0
05;2021-07-07;0;0;3;2;0.1;0.0
05;2021-07-08;0;0;3;2;0.1;0.0
05;2021-07-09;0;0;3;2;0.1;0.0
05;2021-07-10;0;0;3;2;0.1;0.0
05;2021-07-11;0;0;3;2;0.1;0.0
05;2021-07-12;0;0;3;2;0.1;0.0
06;2020-12-27;0;0;0;0;0.0;0.0
06;2020-12-28;0;0;0;0;0.0;0.0
06;2020-12-29;0;0;0;0;0.0;0.0
06;2020-12-30;0;0;0;0;0.0;0.0
06;2020-12-31;0;0;0;0;0.0;0.0
06;2021-01-01;0;0;0;0;0.0;0.0
06;2021-01-02;0;0;0;0;0.0;0.0
06;2021-01-03;0;0;0;0;0.0;0.0
06;2021-01-04;0;0;0;0;0.0;0.0
06;2021-01-05;0;0;0;0;0.0;0.0
06;2021-01-06;0;0;0;0;0.0;0.0
06;2021-01-07;0;0;0;0;0.0;0.0
06;2021-01-08;0;0;0;0;0.0;0.0
06;2021-01-09;0;0;0;0;0.0;0.0
06;2021-01-10;0;0;0;0;0.0;0.0
06;2021-01-11;9;0;9;0;0.0;0.0
06;2021-01-12;0;0;9;0;0.0;0.0
06;2021-01-13;0;0;9;0;0.0;0.0
06;2021-01-14;0;0;9;0;0.0;0.0
06;2021-01-15;1;0;10;0;0.0;0.0
06;2021-01-16;1;0;11;0;0.0;0.0
06;2021-01-17;0;0;11;0;0.0;0.0
06;2021-01-18;1;0;12;0;0.0;0.0
06;2021-01-19;0;0;12;0;0.0;0.0
06;2021-01-20;0;0;12;0;0.0;0.0
06;2021-01-21;0;0;12;0;0.0;0.0
06;2021-01-22;0;0;12;0;0.0;0.0
06;2021-01-23;1;0;13;0;0.0;0.0
06;2021-01-24;0;0;13;0;0.0;0.0
06;2021-01-25;141;1;154;1;0.1;0.0
06;2021-01-26;165;4;319;5;0.1;0.0
06;2021-01-27;250;2;569;7;0.2;0.0
06;2021-01-28;102;6;671;13;0.2;0.0
06;2021-01-29;231;2;902;15;0.3;0.0
06;2021-01-30;285;10;1187;25;0.4;0.0
06;2021-01-31;1;0;1188;25;0.4;0.0
06;2021-02-01;160;0;1348;25;0.5;0.0
06;2021-02-02;330;8;1678;33;0.6;0.0
06;2021-02-03;228;3;1906;36;0.7;0.0
06;2021-02-04;216;7;2122;43;0.8;0.0
06;2021-02-05;214;1;2336;44;0.8;0.0
06;2021-02-06;83;10;2419;54;0.9;0.0
06;2021-02-07;0;0;2419;54;0.9;0.0
06;2021-02-08;82;3;2501;57;0.9;0.0
06;2021-02-09;194;0;2695;57;1.0;0.0
06;2021-02-10;187;3;2882;60;1.0;0.0
06;2021-02-11;236;3;3118;63;1.1;0.0
06;2021-02-12;287;4;3405;67;1.2;0.0
06;2021-02-13;56;0;3461;67;1.2;0.0
06;2021-02-14;1;0;3462;67;1.2;0.0
06;2021-02-15;359;5;3821;72;1.4;0.0
06;2021-02-16;266;7;4087;79;1.5;0.0
06;2021-02-17;167;6;4254;85;1.5;0.0
06;2021-02-18;217;12;4471;97;1.6;0.0
06;2021-02-19;236;24;4707;121;1.7;0.0
06;2021-02-20;139;8;4846;129;1.7;0.0
06;2021-02-21;0;0;4846;129;1.7;0.0
06;2021-02-22;130;122;4976;251;1.8;0.1
06;2021-02-23;185;151;5161;402;1.8;0.1
06;2021-02-24;176;145;5337;547;1.9;0.2
06;2021-02-25;227;278;5564;825;2.0;0.3
06;2021-02-26;242;246;5806;1071;2.1;0.4
06;2021-02-27;0;0;5806;1071;2.1;0.4
06;2021-02-28;0;0;5806;1071;2.1;0.4
06;2021-03-01;145;258;5951;1329;2.1;0.5
06;2021-03-02;228;259;6179;1588;2.2;0.6
06;2021-03-03;202;189;6381;1777;2.3;0.6
06;2021-03-04;205;140;6586;1917;2.4;0.7
06;2021-03-05;224;113;6810;2030;2.4;0.7
06;2021-03-06;1;0;6811;2030;2.4;0.7
06;2021-03-07;0;0;6811;2030;2.4;0.7
06;2021-03-08;189;109;7000;2139;2.5;0.8
06;2021-03-09;391;159;7391;2298;2.6;0.8
06;2021-03-10;180;178;7571;2476;2.7;0.9
06;2021-03-11;167;207;7738;2683;2.8;1.0
06;2021-03-12;237;290;7975;2973;2.9;1.1
06;2021-03-13;2;0;7977;2973;2.9;1.1
06;2021-03-14;0;0;7977;2973;2.9;1.1
06;2021-03-15;157;292;8134;3265;2.9;1.2
06;2021-03-16;236;223;8370;3488;3.0;1.2
06;2021-03-17;264;142;8634;3630;3.1;1.3
06;2021-03-18;173;234;8807;3864;3.2;1.4
06;2021-03-19;172;298;8979;4162;3.2;1.5
06;2021-03-20;0;0;8979;4162;3.2;1.5
06;2021-03-21;0;0;8979;4162;3.2;1.5
06;2021-03-22;98;136;9077;4298;3.2;1.5
06;2021-03-23;136;240;9213;4538;3.3;1.6
06;2021-03-24;160;146;9373;4684;3.4;1.7
06;2021-03-25;186;206;9559;4890;3.4;1.7
06;2021-03-26;160;211;9719;5101;3.5;1.8
06;2021-03-27;18;0;9737;5101;3.5;1.8
06;2021-03-28;0;0;9737;5101;3.5;1.8
06;2021-03-29;0;2;9737;5103;3.5;1.8
06;2021-03-30;272;334;10009;5437;3.6;1.9
06;2021-03-31;225;125;10234;5562;3.7;2.0
06;2021-04-01;243;103;10477;5665;3.7;2.0
06;2021-04-02;287;263;10764;5928;3.9;2.1
06;2021-04-03;906;307;11670;6235;4.2;2.2
06;2021-04-04;1;0;11671;6235;4.2;2.2
06;2021-04-05;1;0;11672;6235;4.2;2.2
06;2021-04-06;162;278;11834;6513;4.2;2.3
06;2021-04-07;237;266;12071;6779;4.3;2.4
06;2021-04-08;286;140;12357;6919;4.4;2.5
06;2021-04-09;249;171;12606;7090;4.5;2.5
06;2021-04-10;181;114;12787;7204;4.6;2.6
06;2021-04-11;7;0;12794;7204;4.6;2.6
06;2021-04-12;0;19;12794;7223;4.6;2.6
06;2021-04-13;394;343;13188;7566;4.7;2.7
06;2021-04-14;239;205;13427;7771;4.8;2.8
06;2021-04-15;207;117;13634;7888;4.9;2.8
06;2021-04-16;214;127;13848;8015;5.0;2.9
06;2021-04-17;226;131;14074;8146;5.0;2.9
06;2021-04-18;1;0;14075;8146;5.0;2.9
06;2021-04-19;7;1;14082;8147;5.0;2.9
06;2021-04-20;369;225;14451;8372;5.2;3.0
06;2021-04-21;412;150;14863;8522;5.3;3.0
06;2021-04-22;410;151;15273;8673;5.5;3.1
06;2021-04-23;367;166;15640;8839;5.6;3.2
06;2021-04-24;413;128;16053;8967;5.7;3.2
06;2021-04-25;2;0;16055;8967;5.7;3.2
06;2021-04-26;54;8;16109;8975;5.8;3.2
06;2021-04-27;351;293;16460;9268;5.9;3.3
06;2021-04-28;355;515;16815;9783;6.0;3.5
06;2021-04-29;558;344;17373;10127;6.2;3.6
06;2021-04-30;403;238;17776;10365;6.4;3.7
06;2021-05-01;670;285;18446;10650;6.6;3.8
06;2021-05-02;0;0;18446;10650;6.6;3.8
06;2021-05-03;139;6;18585;10656;6.7;3.8
06;2021-05-04;353;426;18938;11082;6.8;4.0
06;2021-05-05;447;318;19385;11400;6.9;4.1
06;2021-05-06;320;200;19705;11600;7.1;4.2
06;2021-05-07;341;133;20046;11733;7.2;4.2
06;2021-05-08;300;139;20346;11872;7.3;4.2
06;2021-05-09;0;0;20346;11872;7.3;4.2
06;2021-05-10;8;9;20354;11881;7.3;4.3
06;2021-05-11;360;488;20714;12369;7.4;4.4
06;2021-05-12;333;310;21047;12679;7.5;4.5
06;2021-05-13;127;97;21174;12776;7.6;4.6
06;2021-05-14;0;0;21174;12776;7.6;4.6
06;2021-05-15;484;283;21658;13059;7.7;4.7
06;2021-05-16;0;0;21658;13059;7.7;4.7
06;2021-05-17;122;51;21780;13110;7.8;4.7
06;2021-05-18;516;429;22296;13539;8.0;4.8
06;2021-05-19;650;663;22946;14202;8.2;5.1
06;2021-05-20;1055;495;24001;14697;8.6;5.3
06;2021-05-21;1046;314;25047;15011;9.0;5.4
06;2021-05-22;1241;299;26288;15310;9.4;5.5
06;2021-05-23;0;0;26288;15310;9.4;5.5
06;2021-05-24;1;0;26289;15310;9.4;5.5
06;2021-05-25;885;624;27174;15934;9.7;5.7
06;2021-05-26;1035;839;28209;16773;10.1;6.0
06;2021-05-27;1318;507;29527;17280;10.6;6.2
06;2021-05-28;954;372;30481;17652;10.9;6.3
06;2021-05-29;1130;390;31611;18042;11.3;6.5
06;2021-05-30;0;1;31611;18043;11.3;6.5
06;2021-05-31;104;6;31715;18049;11.3;6.5
06;2021-06-01;1149;651;32864;18700;11.8;6.7
06;2021-06-02;1205;528;34069;19228;12.2;6.9
06;2021-06-03;805;352;34874;19580;12.5;7.0
06;2021-06-04;994;321;35868;19901;12.8;7.1
06;2021-06-05;674;300;36542;20201;13.1;7.2
06;2021-06-06;1;0;36543;20201;13.1;7.2
06;2021-06-07;86;12;36629;20213;13.1;7.2
06;2021-06-08;951;442;37580;20655;13.4;7.4
06;2021-06-09;968;551;38548;21206;13.8;7.6
06;2021-06-10;682;229;39230;21435;14.0;7.7
06;2021-06-11;846;370;40076;21805;14.3;7.8
06;2021-06-12;580;276;40656;22081;14.5;7.9
06;2021-06-13;0;0;40656;22081;14.5;7.9
06;2021-06-14;185;112;40841;22193;14.6;7.9
06;2021-06-15;400;840;41241;23033;14.8;8.2
06;2021-06-16;883;1438;42124;24471;15.1;8.8
06;2021-06-17;757;653;42881;25124;15.3;9.0
06;2021-06-18;688;619;43569;25743;15.6;9.2
06;2021-06-19;528;639;44097;26382;15.8;9.4
06;2021-06-20;0;0;44097;26382;15.8;9.4
06;2021-06-21;124;128;44221;26510;15.8;9.5
06;2021-06-22;424;1144;44645;27654;16.0;9.9
06;2021-06-23;649;1180;45294;28834;16.2;10.3
06;2021-06-24;456;541;45750;29375;16.4;10.5
06;2021-06-25;523;473;46273;29848;16.6;10.7
06;2021-06-26;382;685;46655;30533;16.7;10.9
06;2021-06-27;0;0;46655;30533;16.7;10.9
06;2021-06-28;99;190;46754;30723;16.7;11.0
06;2021-06-29;644;972;47398;31695;17.0;11.3
06;2021-06-30;640;944;48038;32639;17.2;11.7
06;2021-07-01;547;542;48585;33181;17.4;11.9
06;2021-07-02;430;422;49015;33603;17.5;12.0
06;2021-07-03;434;411;49449;34014;17.7;12.2
06;2021-07-04;0;0;49449;34014;17.7;12.2
06;2021-07-05;114;225;49563;34239;17.7;12.3
06;2021-07-06;493;855;50056;35094;17.9;12.6
06;2021-07-07;747;996;50803;36090;18.2;12.9
06;2021-07-08;785;621;51588;36711;18.5;13.1
06;2021-07-09;780;510;52368;37221;18.7;13.3
06;2021-07-10;432;314;52800;37535;18.9;13.4
06;2021-07-11;0;0;52800;37535;18.9;13.4
06;2021-07-12;159;170;52959;37705;18.9;13.5
07;2020-12-27;0;0;0;0;0.0;0.0
07;2020-12-28;0;0;0;0;0.0;0.0
07;2020-12-29;0;0;0;0;0.0;0.0
07;2020-12-30;0;0;0;0;0.0;0.0
07;2020-12-31;0;0;0;0;0.0;0.0
07;2021-01-01;0;0;0;0;0.0;0.0
07;2021-01-02;0;0;0;0;0.0;0.0
07;2021-01-03;0;0;0;0;0.0;0.0
07;2021-01-04;0;0;0;0;0.0;0.0
07;2021-01-05;0;0;0;0;0.0;0.0
07;2021-01-06;0;0;0;0;0.0;0.0
07;2021-01-07;0;0;0;0;0.0;0.0
07;2021-01-08;0;0;0;0;0.0;0.0
07;2021-01-09;0;0;0;0;0.0;0.0
07;2021-01-10;0;0;0;0;0.0;0.0
07;2021-01-11;0;0;0;0;0.0;0.0
07;2021-01-12;0;0;0;0;0.0;0.0
07;2021-01-13;0;0;0;0;0.0;0.0
07;2021-01-14;0;0;0;0;0.0;0.0
07;2021-01-15;0;0;0;0;0.0;0.0
07;2021-01-16;0;0;0;0;0.0;0.0
07;2021-01-17;0;0;0;0;0.0;0.0
07;2021-01-18;1;0;1;0;0.0;0.0
07;2021-01-19;0;0;1;0;0.0;0.0
07;2021-01-20;0;0;1;0;0.0;0.0
07;2021-01-21;12;0;13;0;0.1;0.0
07;2021-01-22;12;0;25;0;0.3;0.0
07;2021-01-23;0;0;25;0;0.3;0.0
07;2021-01-24;0;0;25;0;0.3;0.0
07;2021-01-25;0;0;25;0;0.3;0.0
07;2021-01-26;0;0;25;0;0.3;0.0
07;2021-01-27;12;0;37;0;0.4;0.0
07;2021-01-28;1;0;38;0;0.4;0.0
07;2021-01-29;6;0;44;0;0.4;0.0
07;2021-01-30;0;0;44;0;0.4;0.0
07;2021-01-31;0;0;44;0;0.4;0.0
07;2021-02-01;0;0;44;0;0.4;0.0
07;2021-02-02;0;0;44;0;0.4;0.0
07;2021-02-03;11;0;55;0;0.6;0.0
07;2021-02-04;12;0;67;0;0.7;0.0
07;2021-02-05;11;0;78;0;0.8;0.0
07;2021-02-06;0;0;78;0;0.8;0.0
07;2021-02-07;0;0;78;0;0.8;0.0
07;2021-02-08;0;0;78;0;0.8;0.0
07;2021-02-09;13;0;91;0;0.9;0.0
07;2021-02-10;0;0;91;0;0.9;0.0
07;2021-02-11;17;0;108;0;1.1;0.0
07;2021-02-12;45;0;153;0;1.5;0.0
07;2021-02-13;0;0;153;0;1.5;0.0
07;2021-02-14;0;0;153;0;1.5;0.0
07;2021-02-15;0;0;153;0;1.5;0.0
07;2021-02-16;0;0;153;0;1.5;0.0
07;2021-02-17;0;0;153;0;1.5;0.0
07;2021-02-18;18;0;171;0;1.7;0.0
07;2021-02-19;34;0;205;0;2.1;0.0
07;2021-02-20;0;0;205;0;2.1;0.0
07;2021-02-21;0;0;205;0;2.1;0.0
07;2021-02-22;0;0;205;0;2.1;0.0
07;2021-02-23;0;22;205;22;2.1;0.2
07;2021-02-24;0;0;205;22;2.1;0.2
07;2021-02-25;15;10;220;32;2.2;0.3
07;2021-02-26;33;20;253;52;2.5;0.5
07;2021-02-27;0;0;253;52;2.5;0.5
07;2021-02-28;0;0;253;52;2.5;0.5
07;2021-03-01;0;0;253;52;2.5;0.5
07;2021-03-02;17;11;270;63;2.7;0.6
07;2021-03-03;0;0;270;63;2.7;0.6
07;2021-03-04;16;11;286;74;2.9;0.7
07;2021-03-05;33;19;319;93;3.2;0.9
07;2021-03-06;0;0;319;93;3.2;0.9
07;2021-03-07;0;0;319;93;3.2;0.9
07;2021-03-08;0;0;319;93;3.2;0.9
07;2021-03-09;1;0;320;93;3.2;0.9
07;2021-03-10;0;0;320;93;3.2;0.9
07;2021-03-11;20;30;340;123;3.4;1.2
07;2021-03-12;62;42;402;165;4.0;1.7
07;2021-03-13;0;0;402;165;4.0;1.7
07;2021-03-14;0;0;402;165;4.0;1.7
07;2021-03-15;0;0;402;165;4.0;1.7
07;2021-03-16;30;9;432;174;4.3;1.7
07;2021-03-17;0;0;432;174;4.3;1.7
07;2021-03-18;30;16;462;190;4.6;1.9
07;2021-03-19;56;31;518;221;5.2;2.2
07;2021-03-20;0;0;518;221;5.2;2.2
07;2021-03-21;0;0;518;221;5.2;2.2
07;2021-03-22;0;0;518;221;5.2;2.2
07;2021-03-23;0;0;518;221;5.2;2.2
07;2021-03-24;0;0;518;221;5.2;2.2
07;2021-03-25;65;17;583;238;5.9;2.4
07;2021-03-26;73;26;656;264;6.6;2.7
07;2021-03-27;0;0;656;264;6.6;2.7
07;2021-03-28;0;0;656;264;6.6;2.7
07;2021-03-29;0;0;656;264;6.6;2.7
07;2021-03-30;40;18;696;282;7.0;2.8
07;2021-03-31;26;15;722;297;7.2;3.0
07;2021-04-01;25;32;747;329;7.5;3.3
07;2021-04-02;0;0;747;329;7.5;3.3
07;2021-04-03;0;0;747;329;7.5;3.3
07;2021-04-04;0;0;747;329;7.5;3.3
07;2021-04-05;9;0;756;329;7.6;3.3
07;2021-04-06;0;0;756;329;7.6;3.3
07;2021-04-07;0;0;756;329;7.6;3.3
07;2021-04-08;57;46;813;375;8.2;3.8
07;2021-04-09;59;31;872;406;8.8;4.1
07;2021-04-10;0;0;872;406;8.8;4.1
07;2021-04-11;0;0;872;406;8.8;4.1
07;2021-04-12;0;0;872;406;8.8;4.1
07;2021-04-13;0;0;872;406;8.8;4.1
07;2021-04-14;5;6;877;412;8.8;4.1
07;2021-04-15;56;71;933;483;9.4;4.8
07;2021-04-16;90;35;1023;518;10.3;5.2
07;2021-04-17;0;1;1023;519;10.3;5.2
07;2021-04-18;0;0;1023;519;10.3;5.2
07;2021-04-19;1;0;1024;519;10.3;5.2
07;2021-04-20;335;66;1359;585;13.6;5.9
07;2021-04-21;337;29;1696;614;17.0;6.2
07;2021-04-22;284;50;1980;664;19.9;6.7
07;2021-04-23;258;41;2238;705;22.5;7.1
07;2021-04-24;231;1;2469;706;24.8;7.1
07;2021-04-25;0;0;2469;706;24.8;7.1
07;2021-04-26;283;20;2752;726;27.6;7.3
07;2021-04-27;224;69;2976;795;29.9;8.0
07;2021-04-28;192;26;3168;821;31.8;8.2
07;2021-04-29;170;22;3338;843;33.5;8.5
07;2021-04-30;172;15;3510;858;35.2;8.6
07;2021-05-01;201;12;3711;870;37.3;8.7
07;2021-05-02;0;0;3711;870;37.3;8.7
07;2021-05-03;135;9;3846;879;38.6;8.8
07;2021-05-04;161;54;4007;933;40.2;9.4
07;2021-05-05;221;30;4228;963;42.4;9.7
07;2021-05-06;175;32;4403;995;44.2;10.0
07;2021-05-07;149;31;4552;1026;45.7;10.3
07;2021-05-08;1;0;4553;1026;45.7;10.3
07;2021-05-09;0;2;4553;1028;45.7;10.3
07;2021-05-10;0;0;4553;1028;45.7;10.3
07;2021-05-11;2;41;4555;1069;45.7;10.7
07;2021-05-12;6;36;4561;1105;45.8;11.1
07;2021-05-13;0;0;4561;1105;45.8;11.1
07;2021-05-14;28;98;4589;1203;46.1;12.1
07;2021-05-15;0;0;4589;1203;46.1;12.1
07;2021-05-16;1;0;4590;1203;46.1;12.1
07;2021-05-17;1;14;4591;1217;46.1;12.2
07;2021-05-18;17;32;4608;1249;46.3;12.5
07;2021-05-19;0;1;4608;1250;46.3;12.5
07;2021-05-20;0;8;4608;1258;46.3;12.6
07;2021-05-21;12;32;4620;1290;46.4;13.0
07;2021-05-22;0;0;4620;1290;46.4;13.0
07;2021-05-23;0;0;4620;1290;46.4;13.0
07;2021-05-24;0;0;4620;1290;46.4;13.0
07;2021-05-25;50;333;4670;1623;46.9;16.3
07;2021-05-26;54;360;4724;1983;47.4;19.9
07;2021-05-27;34;317;4758;2300;47.8;23.1
07;2021-05-28;27;256;4785;2556;48.0;25.7
07;2021-05-29;35;376;4820;2932;48.4;29.4
07;2021-05-30;0;0;4820;2932;48.4;29.4
07;2021-05-31;45;217;4865;3149;48.8;31.6
07;2021-06-01;47;227;4912;3376;49.3;33.9
07;2021-06-02;69;273;4981;3649;50.0;36.6
07;2021-06-03;41;252;5022;3901;50.4;39.2
07;2021-06-04;78;273;5100;4174;51.2;41.9
07;2021-06-05;1;0;5101;4174;51.2;41.9
07;2021-06-06;0;0;5101;4174;51.2;41.9
07;2021-06-07;1;1;5102;4175;51.2;41.9
07;2021-06-08;3;2;5105;4177;51.2;41.9
07;2021-06-09;0;3;5105;4180;51.2;42.0
07;2021-06-10;8;4;5113;4184;51.3;42.0
07;2021-06-11;3;8;5116;4192;51.4;42.1
07;2021-06-12;16;59;5132;4251;51.5;42.7
07;2021-06-13;0;0;5132;4251;51.5;42.7
07;2021-06-14;0;0;5132;4251;51.5;42.7
07;2021-06-15;0;1;5132;4252;51.5;42.7
07;2021-06-16;0;0;5132;4252;51.5;42.7
07;2021-06-17;2;6;5134;4258;51.5;42.7
07;2021-06-18;0;2;5134;4260;51.5;42.8
07;2021-06-19;25;49;5159;4309;51.8;43.3
07;2021-06-20;0;0;5159;4309;51.8;43.3
07;2021-06-21;0;2;5159;4311;51.8;43.3
07;2021-06-22;8;0;5167;4311;51.9;43.3
07;2021-06-23;15;9;5182;4320;52.0;43.4
07;2021-06-24;10;5;5192;4325;52.1;43.4
07;2021-06-25;0;0;5192;4325;52.1;43.4
07;2021-06-26;28;49;5220;4374;52.4;43.9
07;2021-06-27;0;0;5220;4374;52.4;43.9
07;2021-06-28;0;0;5220;4374;52.4;43.9
07;2021-06-29;0;0;5220;4374;52.4;43.9
07;2021-06-30;0;0;5220;4374;52.4;43.9
07;2021-07-01;26;35;5246;4409;52.7;44.3
07;2021-07-02;26;32;5272;4441;52.9;44.6
07;2021-07-03;27;211;5299;4652;53.2;46.7
07;2021-07-04;0;0;5299;4652;53.2;46.7
07;2021-07-05;4;8;5303;4660;53.2;46.8
07;2021-07-06;0;0;5303;4660;53.2;46.8
07;2021-07-07;8;0;5311;4660;53.3;46.8
07;2021-07-08;33;22;5344;4682;53.6;47.0
07;2021-07-09;23;34;5367;4716;53.9;47.3
07;2021-07-10;31;41;5398;4757;54.2;47.8
07;2021-07-11;0;0;5398;4757;54.2;47.8
07;2021-07-12;0;1;5398;4758;54.2;47.8
08;2020-12-27;0;0;0;0;0.0;0.0
08;2020-12-28;0;0;0;0;0.0;0.0
08;2020-12-29;0;0;0;0;0.0;0.0
08;2020-12-30;0;0;0;0;0.0;0.0
08;2020-12-31;0;0;0;0;0.0;0.0
08;2021-01-01;0;0;0;0;0.0;0.0
08;2021-01-02;0;0;0;0;0.0;0.0
08;2021-01-03;0;0;0;0;0.0;0.0
08;2021-01-04;0;0;0;0;0.0;0.0
08;2021-01-05;0;0;0;0;0.0;0.0
08;2021-01-06;0;0;0;0;0.0;0.0
08;2021-01-07;0;0;0;0;0.0;0.0
08;2021-01-08;0;0;0;0;0.0;0.0
08;2021-01-09;0;0;0;0;0.0;0.0
08;2021-01-10;0;0;0;0;0.0;0.0
08;2021-01-11;0;0;0;0;0.0;0.0
08;2021-01-12;0;0;0;0;0.0;0.0
08;2021-01-13;10;0;10;0;0.0;0.0
08;2021-01-14;12;0;22;0;0.1;0.0
08;2021-01-15;9;0;31;0;0.1;0.0
08;2021-01-16;0;0;31;0;0.1;0.0
08;2021-01-17;0;0;31;0;0.1;0.0
08;2021-01-18;0;0;31;0;0.1;0.0
08;2021-01-19;12;0;43;0;0.1;0.0
08;2021-01-20;12;0;55;0;0.2;0.0
08;2021-01-21;6;0;61;0;0.2;0.0
08;2021-01-22;0;0;61;0;0.2;0.0
08;2021-01-23;0;0;61;0;0.2;0.0
08;2021-01-24;0;0;61;0;0.2;0.0
08;2021-01-25;0;0;61;0;0.2;0.0
08;2021-01-26;9;0;70;0;0.2;0.0
08;2021-01-27;10;0;80;0;0.2;0.0
08;2021-01-28;6;0;86;0;0.2;0.0
08;2021-01-29;0;0;86;0;0.2;0.0
08;2021-01-30;0;0;86;0;0.2;0.0
08;2021-01-31;0;0;86;0;0.2;0.0
08;2021-02-01;0;0;86;0;0.2;0.0
08;2021-02-02;38;0;124;0;0.4;0.0
08;2021-02-03;10;0;134;0;0.4;0.0
08;2021-02-04;29;0;163;0;0.5;0.0
08;2021-02-05;6;0;169;0;0.5;0.0
08;2021-02-06;0;0;169;0;0.5;0.0
08;2021-02-07;0;0;169;0;0.5;0.0
08;2021-02-08;0;0;169;0;0.5;0.0
08;2021-02-09;38;0;207;0;0.6;0.0
08;2021-02-10;27;1;234;1;0.7;0.0
08;2021-02-11;0;0;234;1;0.7;0.0
08;2021-02-12;36;0;270;1;0.8;0.0
08;2021-02-13;0;0;270;1;0.8;0.0
08;2021-02-14;0;0;270;1;0.8;0.0
08;2021-02-15;50;0;320;1;0.9;0.0
08;2021-02-16;0;0;320;1;0.9;0.0
08;2021-02-17;0;0;320;1;0.9;0.0
08;2021-02-18;27;0;347;1;1.0;0.0
08;2021-02-19;44;0;391;1;1.1;0.0
08;2021-02-20;0;0;391;1;1.1;0.0
08;2021-02-21;0;0;391;1;1.1;0.0
08;2021-02-22;45;4;436;5;1.2;0.0
08;2021-02-23;41;29;477;34;1.3;0.1
08;2021-02-24;35;1;512;35;1.4;0.1
08;2021-02-25;55;36;567;71;1.6;0.2
08;2021-02-26;39;5;606;76;1.7;0.2
08;2021-02-27;0;0;606;76;1.7;0.2
08;2021-02-28;0;0;606;76;1.7;0.2
08;2021-03-01;48;5;654;81;1.9;0.2
08;2021-03-02;7;27;661;108;1.9;0.3
08;2021-03-03;38;28;699;136;2.0;0.4
08;2021-03-04;30;26;729;162;2.1;0.5
08;2021-03-05;46;10;775;172;2.2;0.5
08;2021-03-06;0;0;775;172;2.2;0.5
08;2021-03-07;0;0;775;172;2.2;0.5
08;2021-03-08;30;7;805;179;2.3;0.5
08;2021-03-09;19;27;824;206;2.3;0.6
08;2021-03-10;33;28;857;234;2.4;0.7
08;2021-03-11;2;0;859;234;2.4;0.7
08;2021-03-12;52;21;911;255;2.6;0.7
08;2021-03-13;11;0;922;255;2.6;0.7
08;2021-03-14;0;0;922;255;2.6;0.7
08;2021-03-15;31;42;953;297;2.7;0.8
08;2021-03-16;73;6;1026;303;2.9;0.9
08;2021-03-17;67;13;1093;316;3.1;0.9
08;2021-03-18;82;39;1175;355;3.3;1.0
08;2021-03-19;30;50;1205;405;3.4;1.1
08;2021-03-20;0;0;1205;405;3.4;1.1
08;2021-03-21;0;0;1205;405;3.4;1.1
08;2021-03-22;34;45;1239;450;3.5;1.3
08;2021-03-23;30;43;1269;493;3.6;1.4
08;2021-03-24;38;42;1307;535;3.7;1.5
08;2021-03-25;92;34;1399;569;4.0;1.6
08;2021-03-26;45;33;1444;602;4.1;1.7
08;2021-03-27;94;3;1538;605;4.4;1.7
08;2021-03-28;0;0;1538;605;4.4;1.7
08;2021-03-29;69;49;1607;654;4.5;1.9
08;2021-03-30;98;24;1705;678;4.8;1.9
08;2021-03-31;89;49;1794;727;5.1;2.1
08;2021-04-01;56;48;1850;775;5.2;2.2
08;2021-04-02;0;0;1850;775;5.2;2.2
08;2021-04-03;0;0;1850;775;5.2;2.2
08;2021-04-04;0;0;1850;775;5.2;2.2
08;2021-04-05;0;0;1850;775;5.2;2.2
08;2021-04-06;49;63;1899;838;5.4;2.4
08;2021-04-07;91;33;1990;871;5.6;2.5
08;2021-04-08;120;7;2110;878;6.0;2.5
08;2021-04-09;89;39;2199;917;6.2;2.6
08;2021-04-10;164;9;2363;926;6.7;2.6
08;2021-04-11;0;0;2363;926;6.7;2.6
08;2021-04-12;41;76;2404;1002;6.8;2.8
08;2021-04-13;48;71;2452;1073;6.9;3.0
08;2021-04-14;81;45;2533;1118;7.2;3.2
08;2021-04-15;92;24;2625;1142;7.4;3.2
08;2021-04-16;77;42;2702;1184;7.6;3.4
08;2021-04-17;165;4;2867;1188;8.1;3.4
08;2021-04-18;0;0;2867;1188;8.1;3.4
08;2021-04-19;52;67;2919;1255;8.3;3.6
08;2021-04-20;83;27;3002;1282;8.5;3.6
08;2021-04-21;91;29;3093;1311;8.8;3.7
08;2021-04-22;101;20;3194;1331;9.0;3.8
08;2021-04-23;44;66;3238;1397;9.2;4.0
08;2021-04-24;99;78;3337;1475;9.4;4.2
08;2021-04-25;0;0;3337;1475;9.4;4.2
08;2021-04-26;28;91;3365;1566;9.5;4.4
08;2021-04-27;59;63;3424;1629;9.7;4.6
08;2021-04-28;90;39;3514;1668;9.9;4.7
08;2021-04-29;89;34;3603;1702;10.2;4.8
08;2021-04-30;104;15;3707;1717;10.5;4.9
08;2021-05-01;0;8;3707;1725;10.5;4.9
08;2021-05-02;0;0;3707;1725;10.5;4.9
08;2021-05-03;24;99;3731;1824;10.6;5.2
08;2021-05-04;158;102;3889;1926;11.0;5.5
08;2021-05-05;141;58;4030;1984;11.4;5.6
08;2021-05-06;200;49;4230;2033;12.0;5.8
08;2021-05-07;127;71;4357;2104;12.3;6.0
08;2021-05-08;69;122;4426;2226;12.5;6.3
08;2021-05-09;0;0;4426;2226;12.5;6.3
08;2021-05-10;124;99;4550;2325;12.9;6.6
08;2021-05-11;132;72;4682;2397;13.3;6.8
08;2021-05-12;156;78;4838;2475;13.7;7.0
08;2021-05-13;83;6;4921;2481;13.9;7.0
08;2021-05-14;129;62;5050;2543;14.3;7.2
08;2021-05-15;86;4;5136;2547;14.5;7.2
08;2021-05-16;0;0;5136;2547;14.5;7.2
08;2021-05-17;146;114;5282;2661;14.9;7.5
08;2021-05-18;151;94;5433;2755;15.4;7.8
08;2021-05-19;84;69;5517;2824;15.6;8.0
08;2021-05-20;104;26;5621;2850;15.9;8.1
08;2021-05-21;98;53;5719;2903;16.2;8.2
08;2021-05-22;100;11;5819;2914;16.5;8.2
08;2021-05-23;0;0;5819;2914;16.5;8.2
08;2021-05-24;33;7;5852;2921;16.6;8.3
08;2021-05-25;119;78;5971;2999;16.9;8.5
08;2021-05-26;110;50;6081;3049;17.2;8.6
08;2021-05-27;112;42;6193;3091;17.5;8.7
08;2021-05-28;33;1;6226;3092;17.6;8.8
08;2021-05-29;59;214;6285;3306;17.8;9.4
08;2021-05-30;0;0;6285;3306;17.8;9.4
08;2021-05-31;112;63;6397;3369;18.1;9.5
08;2021-06-01;114;63;6511;3432;18.4;9.7
08;2021-06-02;131;33;6642;3465;18.8;9.8
08;2021-06-03;101;38;6743;3503;19.1;9.9
08;2021-06-04;128;70;6871;3573;19.4;10.1
08;2021-06-05;82;21;6953;3594;19.7;10.2
08;2021-06-06;0;0;6953;3594;19.7;10.2
08;2021-06-07;96;96;7049;3690;19.9;10.4
08;2021-06-08;82;89;7131;3779;20.2;10.7
08;2021-06-09;99;73;7230;3852;20.5;10.9
08;2021-06-10;111;65;7341;3917;20.8;11.1
08;2021-06-11;115;108;7456;4025;21.1;11.4
08;2021-06-12;57;30;7513;4055;21.3;11.5
08;2021-06-13;0;0;7513;4055;21.3;11.5
08;2021-06-14;106;128;7619;4183;21.6;11.8
08;2021-06-15;86;119;7705;4302;21.8;12.2
08;2021-06-16;103;148;7808;4450;22.1;12.6
08;2021-06-17;84;72;7892;4522;22.3;12.8
08;2021-06-18;66;99;7958;4621;22.5;13.1
08;2021-06-19;64;79;8022;4700;22.7;13.3
08;2021-06-20;0;0;8022;4700;22.7;13.3
08;2021-06-21;78;152;8100;4852;22.9;13.7
08;2021-06-22;70;103;8170;4955;23.1;14.0
08;2021-06-23;68;115;8238;5070;23.3;14.3
08;2021-06-24;42;76;8280;5146;23.4;14.6
08;2021-06-25;63;100;8343;5246;23.6;14.8
08;2021-06-26;35;61;8378;5307;23.7;15.0
08;2021-06-27;0;0;8378;5307;23.7;15.0
08;2021-06-28;70;127;8448;5434;23.9;15.4
08;2021-06-29;59;105;8507;5539;24.1;15.7
08;2021-06-30;56;110;8563;5649;24.2;16.0
08;2021-07-01;41;87;8604;5736;24.4;16.2
08;2021-07-02;52;91;8656;5827;24.5;16.5
08;2021-07-03;40;90;8696;5917;24.6;16.7
08;2021-07-04;0;1;8696;5918;24.6;16.7
08;2021-07-05;66;93;8762;6011;24.8;17.0
08;2021-07-06;55;75;8817;6086;25.0;17.2
08;2021-07-07;55;123;8872;6209;25.1;17.6
08;2021-07-08;52;106;8924;6315;25.3;17.9
08;2021-07-09;45;92;8969;6407;25.4;18.1
08;2021-07-10;38;84;9007;6491;25.5;18.4
08;2021-07-11;0;4;9007;6495;25.5;18.4
08;2021-07-12;69;130;9076;6625;25.7;18.7
11;2020-12-27;14;2;14;2;0.0;0.0
11;2020-12-28;13;0;27;2;0.0;0.0
11;2020-12-29;56;0;83;2;0.0;0.0
11;2020-12-30;91;0;174;2;0.0;0.0
11;2020-12-31;40;0;214;2;0.0;0.0
11;2021-01-01;33;1;247;3;0.0;0.0
11;2021-01-02;64;1;311;4;0.0;0.0
11;2021-01-03;78;0;389;4;0.0;0.0
11;2021-01-04;555;5;944;9;0.0;0.0
11;2021-01-05;2081;17;3025;26;0.0;0.0
11;2021-01-06;3024;26;6049;52;0.0;0.0
11;2021-01-07;5395;41;11444;93;0.1;0.0
11;2021-01-08;7140;48;18584;141;0.2;0.0
11;2021-01-09;1897;7;20481;148;0.2;0.0
11;2021-01-10;1757;7;22238;155;0.2;0.0
11;2021-01-11;8026;69;30264;224;0.2;0.0
11;2021-01-12;10384;105;40648;329;0.3;0.0
11;2021-01-13;10032;104;50680;433;0.4;0.0
11;2021-01-14;10167;145;60847;578;0.5;0.0
11;2021-01-15;8936;92;69783;670;0.6;0.0
11;2021-01-16;2419;34;72202;704;0.6;0.0
11;2021-01-17;1094;19;73296;723;0.6;0.0
11;2021-01-18;12275;145;85571;868;0.7;0.0
11;2021-01-19;15875;140;101446;1008;0.8;0.0
11;2021-01-20;18398;138;119844;1146;1.0;0.0
11;2021-01-21;22330;169;142174;1315;1.2;0.0
11;2021-01-22;17119;185;159293;1500;1.3;0.0
11;2021-01-23;4966;25;164259;1525;1.3;0.0
11;2021-01-24;1288;6;165547;1531;1.3;0.0
11;2021-01-25;8878;196;174425;1727;1.4;0.0
11;2021-01-26;12350;388;186775;2115;1.5;0.0
11;2021-01-27;16241;699;203016;2814;1.7;0.0
11;2021-01-28;20317;1199;223333;4013;1.8;0.0
11;2021-01-29;15407;1373;238740;5386;1.9;0.0
11;2021-01-30;4468;108;243208;5494;2.0;0.0
11;2021-01-31;586;22;243794;5516;2.0;0.0
11;2021-02-01;7394;1960;251188;7476;2.0;0.1
11;2021-02-02;8361;2816;259549;10292;2.1;0.1
11;2021-02-03;8131;3799;267680;14091;2.2;0.1
11;2021-02-04;8787;4591;276467;18682;2.3;0.2
11;2021-02-05;8954;4416;285421;23098;2.3;0.2
11;2021-02-06;3273;750;288694;23848;2.4;0.2
11;2021-02-07;588;544;289282;24392;2.4;0.2
11;2021-02-08;6228;5902;295510;30294;2.4;0.2
11;2021-02-09;8445;9630;303955;39924;2.5;0.3
11;2021-02-10;9975;11181;313930;51105;2.6;0.4
11;2021-02-11;12395;16469;326325;67574;2.7;0.6
11;2021-02-12;11878;10582;338203;78156;2.8;0.6
11;2021-02-13;2596;2577;340799;80733;2.8;0.7
11;2021-02-14;315;559;341114;81292;2.8;0.7
11;2021-02-15;4461;12005;345575;93297;2.8;0.8
11;2021-02-16;5684;18458;351259;111755;2.9;0.9
11;2021-02-17;5694;15580;356953;127335;2.9;1.0
11;2021-02-18;8651;20759;365604;148094;3.0;1.2
11;2021-02-19;9047;15393;374651;163487;3.1;1.3
11;2021-02-20;1691;4836;376342;168323;3.1;1.4
11;2021-02-21;398;828;376740;169151;3.1;1.4
11;2021-02-22;4232;9877;380972;179028;3.1;1.5
11;2021-02-23;4957;10553;385929;189581;3.1;1.5
11;2021-02-24;5424;9858;391353;199439;3.2;1.6
11;2021-02-25;8637;14117;399990;213556;3.3;1.7
11;2021-02-26;11203;10185;411193;223741;3.3;1.8
11;2021-02-27;5069;3342;416262;227083;3.4;1.8
11;2021-02-28;750;664;417012;227747;3.4;1.9
11;2021-03-01;8867;7979;425879;235726;3.5;1.9
11;2021-03-02;14404;9646;440283;245372;3.6;2.0
11;2021-03-03;18707;10160;458990;255532;3.7;2.1
11;2021-03-04;28303;11227;487293;266759;4.0;2.2
11;2021-03-05;36552;11266;523845;278025;4.3;2.3
11;2021-03-06;46472;3704;570317;281729;4.6;2.3
11;2021-03-07;34319;2875;604636;284604;4.9;2.3
11;2021-03-08;17795;7477;622431;292081;5.1;2.4
11;2021-03-09;26907;7836;649338;299917;5.3;2.4
11;2021-03-10;27688;8466;677026;308383;5.5;2.5
11;2021-03-11;37106;10064;714132;318447;5.8;2.6
11;2021-03-12;44868;9628;759000;328075;6.2;2.7
11;2021-03-13;39910;2816;798910;330891;6.5;2.7
11;2021-03-14;14279;862;813189;331753;6.6;2.7
11;2021-03-15;29260;4118;842449;335871;6.9;2.7
11;2021-03-16;23779;3920;866228;339791;7.1;2.8
11;2021-03-17;24480;3740;890708;343531;7.3;2.8
11;2021-03-18;29047;4194;919755;347725;7.5;2.8
11;2021-03-19;39715;4437;959470;352162;7.8;2.9
11;2021-03-20;25882;1673;985352;353835;8.0;2.9
11;2021-03-21;5639;1345;990991;355180;8.1;2.9
11;2021-03-22;32193;4342;1023184;359522;8.3;2.9
11;2021-03-23;43379;5574;1066563;365096;8.7;3.0
11;2021-03-24;42733;5157;1109296;370253;9.0;3.0
11;2021-03-25;58041;5402;1167337;375655;9.5;3.1
11;2021-03-26;57874;6204;1225211;381859;10.0;3.1
11;2021-03-27;34523;2218;1259734;384077;10.3;3.1
11;2021-03-28;10175;512;1269909;384589;10.3;3.1
11;2021-03-29;33126;8259;1303035;392848;10.6;3.2
11;2021-03-30;44938;11743;1347973;404591;11.0;3.3
11;2021-03-31;39983;14017;1387956;418608;11.3;3.4
11;2021-04-01;45516;21957;1433472;440565;11.7;3.6
11;2021-04-02;39525;24222;1472997;464787;12.0;3.8
11;2021-04-03;18408;21178;1491405;485965;12.1;4.0
11;2021-04-04;6129;7376;1497534;493341;12.2;4.0
11;2021-04-05;5977;2175;1503511;495516;12.2;4.0
11;2021-04-06;30032;18499;1533543;514015;12.5;4.2
11;2021-04-07;37633;20135;1571176;534150;12.8;4.4
11;2021-04-08;46794;21282;1617970;555432;13.2;4.5
11;2021-04-09;53936;21788;1671906;577220;13.6;4.7
11;2021-04-10;29013;19791;1700919;597011;13.9;4.9
11;2021-04-11;6560;7253;1707479;604264;13.9;4.9
11;2021-04-12;30361;19384;1737840;623648;14.2;5.1
11;2021-04-13;37393;27626;1775233;651274;14.5;5.3
11;2021-04-14;35125;24470;1810358;675744;14.7;5.5
11;2021-04-15;39266;28649;1849624;704393;15.1;5.7
11;2021-04-16;41174;28022;1890798;732415;15.4;6.0
11;2021-04-17;22845;15042;1913643;747457;15.6;6.1
11;2021-04-18;5336;3764;1918979;751221;15.6;6.1
11;2021-04-19;25156;23290;1944135;774511;15.8;6.3
11;2021-04-20;30655;28010;1974790;802521;16.1;6.5
11;2021-04-21;32296;28331;2007086;830852;16.3;6.8
11;2021-04-22;34570;34929;2041656;865781;16.6;7.1
11;2021-04-23;38035;32508;2079691;898289;16.9;7.3
11;2021-04-24;38008;23264;2117699;921553;17.2;7.5
11;2021-04-25;20534;8067;2138233;929620;17.4;7.6
11;2021-04-26;33954;25357;2172187;954977;17.7;7.8
11;2021-04-27;45819;30244;2218006;985221;18.1;8.0
11;2021-04-28;48485;30041;2266491;1015262;18.5;8.3
11;2021-04-29;57871;32548;2324362;1047810;18.9;8.5
11;2021-04-30;61417;31339;2385779;1079149;19.4;8.8
11;2021-05-01;24145;6140;2409924;1085289;19.6;8.8
11;2021-05-02;14671;5058;2424595;1090347;19.7;8.9
11;2021-05-03;54497;35316;2479092;1125663;20.2;9.2
11;2021-05-04;59783;34089;2538875;1159752;20.7;9.4
11;2021-05-05;60459;34287;2599334;1194039;21.2;9.7
11;2021-05-06;67428;38293;2666762;1232332;21.7;10.0
11;2021-05-07;65745;40149;2732507;1272481;22.3;10.4
11;2021-05-08;51261;17030;2783768;1289511;22.7;10.5
11;2021-05-09;33216;10291;2816984;1299802;22.9;10.6
11;2021-05-10;70868;30731;2887852;1330533;23.5;10.8
11;2021-05-11;81889;38293;2969741;1368826;24.2;11.1
11;2021-05-12;83758;32647;3053499;1401473;24.9;11.4
11;2021-05-13;68277;10108;3121776;1411581;25.4;11.5
11;2021-05-14;84704;22312;3206480;1433893;26.1;11.7
11;2021-05-15;66844;15542;3273324;1449435;26.7;11.8
11;2021-05-16;36759;5242;3310083;1454677;27.0;11.8
11;2021-05-17;82995;17114;3393078;1471791;27.6;12.0
11;2021-05-18;99864;20226;3492942;1492017;28.4;12.2
11;2021-05-19;98513;28137;3591455;1520154;29.3;12.4
11;2021-05-20;107449;29151;3698904;1549305;30.1;12.6
11;2021-05-21;101825;26301;3800729;1575606;31.0;12.8
11;2021-05-22;80189;15073;3880918;1590679;31.6;13.0
11;2021-05-23;42124;6165;3923042;1596844;32.0;13.0
11;2021-05-24;60191;8925;3983233;1605769;32.4;13.1
11;2021-05-25;86347;32539;4069580;1638308;33.1;13.3
11;2021-05-26;85254;32791;4154834;1671099;33.8;13.6
11;2021-05-27;93006;40815;4247840;1711914;34.6;13.9
11;2021-05-28;87602;45825;4335442;1757739;35.3;14.3
11;2021-05-29;68809;27705;4404251;1785444;35.9;14.5
11;2021-05-30;36335;8616;4440586;1794060;36.2;14.6
11;2021-05-31;78604;40163;4519190;1834223;36.8;14.9
11;2021-06-01;87832;51208;4607022;1885431;37.5;15.4
11;2021-06-02;84092;45760;4691114;1931191;38.2;15.7
11;2021-06-03;89347;53863;4780461;1985054;38.9;16.2
11;2021-06-04;85087;58932;4865548;2043986;39.6;16.6
11;2021-06-05;63820;50032;4929368;2094018;40.1;17.1
11;2021-06-06;38135;17632;4967503;2111650;40.5;17.2
11;2021-06-07;69336;53777;5036839;2165427;41.0;17.6
11;2021-06-08;72759;62067;5109598;2227494;41.6;18.1
11;2021-06-09;70871;63232;5180469;2290726;42.2;18.7
11;2021-06-10;71509;80915;5251978;2371641;42.8;19.3
11;2021-06-11;65843;72278;5317821;2443919;43.3;19.9
11;2021-06-12;63921;47812;5381742;2491731;43.8;20.3
11;2021-06-13;29628;22909;5411370;2514640;44.1;20.5
11;2021-06-14;43313;75374;5454683;2590014;44.4;21.1
11;2021-06-15;51271;83111;5505954;2673125;44.8;21.8
11;2021-06-16;52484;78433;5558438;2751558;45.3;22.4
11;2021-06-17;54179;81922;5612617;2833480;45.7;23.1
11;2021-06-18;50130;96164;5662747;2929644;46.1;23.9
11;2021-06-19;43579;69311;5706326;2998955;46.5;24.4
11;2021-06-20;16387;36108;5722713;3035063;46.6;24.7
11;2021-06-21;34444;84466;5757157;3119529;46.9;25.4
11;2021-06-22;38982;101347;5796139;3220876;47.2;26.2
11;2021-06-23;39466;98339;5835605;3319215;47.5;27.0
11;2021-06-24;42323;96297;5877928;3415512;47.9;27.8
11;2021-06-25;38942;110985;5916870;3526497;48.2;28.7
11;2021-06-26;35442;86223;5952312;3612720;48.5;29.4
11;2021-06-27;13356;40421;5965668;3653141;48.6;29.8
11;2021-06-28;30342;96100;5996010;3749241;48.8;30.5
11;2021-06-29;34178;108500;6030188;3857741;49.1;31.4
11;2021-06-30;36783;105882;6066971;3963623;49.4;32.3
11;2021-07-01;39224;105974;6106195;4069597;49.7;33.1
11;2021-07-02;38543;110252;6144738;4179849;50.0;34.0
11;2021-07-03;32178;93396;6176916;4273245;50.3;34.8
11;2021-07-04;14250;43006;6191166;4316251;50.4;35.2
11;2021-07-05;32711;86784;6223877;4403035;50.7;35.9
11;2021-07-06;36228;100881;6260105;4503916;51.0;36.7
11;2021-07-07;37913;97436;6298018;4601352;51.3;37.5
11;2021-07-08;41758;98728;6339776;4700080;51.6;38.3
11;2021-07-09;42482;105624;6382258;4805704;52.0;39.1
11;2021-07-10;34301;86283;6416559;4891987;52.3;39.8
11;2021-07-11;17030;40337;6433589;4932324;52.4;40.2
11;2021-07-12;33402;102233;6466991;5034557;52.7;41.0
24;2020-12-27;0;0;0;0;0.0;0.0
24;2020-12-28;17;0;17;0;0.0;0.0
24;2020-12-29;10;0;27;0;0.0;0.0
24;2020-12-30;1;0;28;0;0.0;0.0
24;2020-12-31;0;0;28;0;0.0;0.0
24;2021-01-01;1;0;29;0;0.0;0.0
24;2021-01-02;0;0;29;0;0.0;0.0
24;2021-01-03;0;0;29;0;0.0;0.0
24;2021-01-04;24;0;53;0;0.0;0.0
24;2021-01-05;163;0;216;0;0.0;0.0
24;2021-01-06;328;0;544;0;0.0;0.0
24;2021-01-07;492;1;1036;1;0.0;0.0
24;2021-01-08;952;2;1988;3;0.1;0.0
24;2021-01-09;504;0;2492;3;0.1;0.0
24;2021-01-10;395;0;2887;3;0.1;0.0
24;2021-01-11;1279;2;4166;5;0.2;0.0
24;2021-01-12;2576;9;6742;14;0.3;0.0
24;2021-01-13;2192;8;8934;22;0.3;0.0
24;2021-01-14;2504;52;11438;74;0.4;0.0
24;2021-01-15;2115;9;13553;83;0.5;0.0
24;2021-01-16;857;7;14410;90;0.6;0.0
24;2021-01-17;322;3;14732;93;0.6;0.0
24;2021-01-18;3215;15;17947;108;0.7;0.0
24;2021-01-19;6327;18;24274;126;0.9;0.0
24;2021-01-20;7165;11;31439;137;1.2;0.0
24;2021-01-21;7418;6;38857;143;1.5;0.0
24;2021-01-22;5120;7;43977;150;1.7;0.0
24;2021-01-23;1276;1;45253;151;1.8;0.0
24;2021-01-24;225;1;45478;152;1.8;0.0
24;2021-01-25;3115;22;48593;174;1.9;0.0
24;2021-01-26;4848;89;53441;263;2.1;0.0
24;2021-01-27;5048;186;58489;449;2.3;0.0
24;2021-01-28;5634;510;64123;959;2.5;0.0
24;2021-01-29;3424;729;67547;1688;2.6;0.1
24;2021-01-30;1210;398;68757;2086;2.7;0.1
24;2021-01-31;251;368;69008;2454;2.7;0.1
24;2021-02-01;2170;926;71178;3380;2.8;0.1
24;2021-02-02;3032;1889;74210;5269;2.9;0.2
24;2021-02-03;3111;1762;77321;7031;3.0;0.3
24;2021-02-04;3234;1612;80555;8643;3.1;0.3
24;2021-02-05;2395;1366;82950;10009;3.2;0.4
24;2021-02-06;708;260;83658;10269;3.3;0.4
24;2021-02-07;134;32;83792;10301;3.3;0.4
24;2021-02-08;1968;1569;85760;11870;3.4;0.5
24;2021-02-09;3413;3315;89173;15185;3.5;0.6
24;2021-02-10;4086;3755;93259;18940;3.6;0.7
24;2021-02-11;4656;4767;97915;23707;3.8;0.9
24;2021-02-12;3483;3266;101398;26973;4.0;1.1
24;2021-02-13;840;770;102238;27743;4.0;1.1
24;2021-02-14;426;254;102664;27997;4.0;1.1
24;2021-02-15;1964;2847;104628;30844;4.1;1.2
24;2021-02-16;2849;4476;107477;35320;4.2;1.4
24;2021-02-17;2692;5073;110169;40393;4.3;1.6
24;2021-02-18;3521;5159;113690;45552;4.4;1.8
24;2021-02-19;3258;3540;116948;49092;4.6;1.9
24;2021-02-20;1288;984;118236;50076;4.6;2.0
24;2021-02-21;433;237;118669;50313;4.6;2.0
24;2021-02-22;1652;3040;120321;53353;4.7;2.1
24;2021-02-23;2340;3116;122661;56469;4.8;2.2
24;2021-02-24;2093;3437;124754;59906;4.9;2.3
24;2021-02-25;3623;3133;128377;63039;5.0;2.5
24;2021-02-26;4467;2601;132844;65640;5.2;2.6
24;2021-02-27;1878;992;134722;66632;5.3;2.6
24;2021-02-28;97;219;134819;66851;5.3;2.6
24;2021-03-01;2177;2004;136996;68855;5.4;2.7
24;2021-03-02;3432;2873;140428;71728;5.5;2.8
24;2021-03-03;3552;3386;143980;75114;5.6;2.9
24;2021-03-04;5343;3713;149323;78827;5.8;3.1
24;2021-03-05;7040;3165;156363;81992;6.1;3.2
24;2021-03-06;7377;760;163740;82752;6.4;3.2
24;2021-03-07;2429;294;166169;83046;6.5;3.2
24;2021-03-08;2689;2606;168858;85652;6.6;3.3
24;2021-03-09;5777;2827;174635;88479;6.8;3.5
24;2021-03-10;6414;3489;181049;91968;7.1;3.6
24;2021-03-11;7817;3482;188866;95450;7.4;3.7
24;2021-03-12;10790;2686;199656;98136;7.8;3.8
24;2021-03-13;7122;722;206778;98858;8.1;3.9
24;2021-03-14;1550;275;208328;99133;8.1;3.9
24;2021-03-15;4559;1957;212887;101090;8.3;4.0
24;2021-03-16;4597;2354;217484;103444;8.5;4.0
24;2021-03-17;4462;1963;221946;105407;8.7;4.1
24;2021-03-18;5069;2078;227015;107485;8.9;4.2
24;2021-03-19;7783;1666;234798;109151;9.2;4.3
24;2021-03-20;4436;882;239234;110033;9.3;4.3
24;2021-03-21;557;348;239791;110381;9.4;4.3
24;2021-03-22;4863;1703;244654;112084;9.6;4.4
24;2021-03-23;8041;2290;252695;114374;9.9;4.5
24;2021-03-24;8818;1991;261513;116365;10.2;4.5
24;2021-03-25;12144;1964;273657;118329;10.7;4.6
24;2021-03-26;13273;1994;286930;120323;11.2;4.7
24;2021-03-27;5782;681;292712;121004;11.4;4.7
24;2021-03-28;520;97;293232;121101;11.5;4.7
24;2021-03-29;6764;1875;299996;122976;11.7;4.8
24;2021-03-30;10175;2786;310171;125762;12.1;4.9
24;2021-03-31;9894;2338;320065;128100;12.5;5.0
24;2021-04-01;12047;3400;332112;131500;13.0;5.1
24;2021-04-02;10642;3351;342754;134851;13.4;5.3
24;2021-04-03;3415;1718;346169;136569;13.5;5.3
24;2021-04-04;394;342;346563;136911;13.5;5.4
24;2021-04-05;402;52;346965;136963;13.6;5.4
24;2021-04-06;8330;3320;355295;140283;13.9;5.5
24;2021-04-07;11071;4543;366366;144826;14.3;5.7
24;2021-04-08;14191;4729;380557;149555;14.9;5.8
24;2021-04-09;17769;3714;398326;153269;15.6;6.0
24;2021-04-10;9395;2082;407721;155351;15.9;6.1
24;2021-04-11;2910;1248;410631;156599;16.0;6.1
24;2021-04-12;10850;3437;421481;160036;16.5;6.3
24;2021-04-13;14997;4807;436478;164843;17.1;6.4
24;2021-04-14;13478;4905;449956;169748;17.6;6.6
24;2021-04-15;15363;5099;465319;174847;18.2;6.8
24;2021-04-16;15701;4330;481020;179177;18.8;7.0
24;2021-04-17;8200;1329;489220;180506;19.1;7.1
24;2021-04-18;1104;286;490324;180792;19.2;7.1
24;2021-04-19;9440;4126;499764;184918;19.5;7.2
24;2021-04-20;12730;5963;512494;190881;20.0;7.5
24;2021-04-21;12330;6020;524824;196901;20.5;7.7
24;2021-04-22;13865;7540;538689;204441;21.1;8.0
24;2021-04-23;13703;7064;552392;211505;21.6;8.3
24;2021-04-24;10239;3262;562631;214767;22.0;8.4
24;2021-04-25;3049;438;565680;215205;22.1;8.4
24;2021-04-26;10209;5409;575889;220614;22.5;8.6
24;2021-04-27;13876;7737;589765;228351;23.0;8.9
24;2021-04-28;13031;8440;602796;236791;23.6;9.3
24;2021-04-29;16587;8588;619383;245379;24.2;9.6
24;2021-04-30;17479;7245;636862;252624;24.9;9.9
24;2021-05-01;2911;671;639773;253295;25.0;9.9
24;2021-05-02;2143;322;641916;253617;25.1;9.9
24;2021-05-03;11295;6119;653211;259736;25.5;10.1
24;2021-05-04;12823;10302;666034;270038;26.0;10.6
24;2021-05-05;13899;9573;679933;279611;26.6;10.9
24;2021-05-06;17498;9744;697431;289355;27.3;11.3
24;2021-05-07;14569;11967;712000;301322;27.8;11.8
24;2021-05-08;3709;2377;715709;303699;28.0;11.9
24;2021-05-09;2349;3723;718058;307422;28.1;12.0
24;2021-05-10;11542;12202;729600;319624;28.5;12.5
24;2021-05-11;16386;14256;745986;333880;29.2;13.0
24;2021-05-12;18262;13153;764248;347033;29.9;13.6
24;2021-05-13;6936;3172;771184;350205;30.1;13.7
24;2021-05-14;14513;9184;785697;359389;30.7;14.0
24;2021-05-15;10466;5048;796163;364437;31.1;14.2
24;2021-05-16;3167;1186;799330;365623;31.2;14.3
24;2021-05-17;13325;7663;812655;373286;31.8;14.6
24;2021-05-18;18492;8285;831147;381571;32.5;14.9
24;2021-05-19;19054;7535;850201;389106;33.2;15.2
24;2021-05-20;21344;8460;871545;397566;34.1;15.5
24;2021-05-21;18432;9112;889977;406678;34.8;15.9
24;2021-05-22;7629;4192;897606;410870;35.1;16.1
24;2021-05-23;2981;948;900587;411818;35.2;16.1
24;2021-05-24;8343;1607;908930;413425;35.5;16.2
24;2021-05-25;17807;8916;926737;422341;36.2;16.5
24;2021-05-26;19423;8358;946160;430699;37.0;16.8
24;2021-05-27;20921;10088;967081;440787;37.8;17.2
24;2021-05-28;20512;12283;987593;453070;38.6;17.7
24;2021-05-29;12440;5907;1000033;458977;39.1;17.9
24;2021-05-30;2038;1483;1002071;460460;39.2;18.0
24;2021-05-31;14603;8934;1016674;469394;39.7;18.3
24;2021-06-01;19731;12046;1036405;481440;40.5;18.8
24;2021-06-02;17864;10838;1054269;492278;41.2;19.2
24;2021-06-03;20913;11936;1075182;504214;42.0;19.7
24;2021-06-04;19947;13842;1095129;518056;42.8;20.2
24;2021-06-05;9880;8840;1105009;526896;43.2;20.6
24;2021-06-06;1996;3016;1107005;529912;43.3;20.7
24;2021-06-07;14432;12031;1121437;541943;43.8;21.2
24;2021-06-08;16089;14988;1137526;556931;44.5;21.8
24;2021-06-09;16472;12774;1153998;569705;45.1;22.3
24;2021-06-10;17911;12124;1171909;581829;45.8;22.7
24;2021-06-11;17179;15314;1189088;597143;46.5;23.3
24;2021-06-12;10085;7342;1199173;604485;46.9;23.6
24;2021-06-13;893;1308;1200066;605793;46.9;23.7
24;2021-06-14;10468;15269;1210534;621062;47.3;24.3
24;2021-06-15;12984;17160;1223518;638222;47.8;24.9
24;2021-06-16;13453;16289;1236971;654511;48.3;25.6
24;2021-06-17;13147;17340;1250118;671851;48.9;26.3
24;2021-06-18;14557;19865;1264675;691716;49.4;27.0
24;2021-06-19;7933;6661;1272608;698377;49.7;27.3
24;2021-06-20;557;860;1273165;699237;49.8;27.3
24;2021-06-21;8859;16522;1282024;715759;50.1;28.0
24;2021-06-22;10212;19449;1292236;735208;50.5;28.7
24;2021-06-23;9703;17906;1301939;753114;50.9;29.4
24;2021-06-24;9012;12912;1310951;766026;51.2;29.9
24;2021-06-25;10652;19956;1321603;785982;51.6;30.7
24;2021-06-26;5294;10986;1326897;796968;51.9;31.1
24;2021-06-27;793;2214;1327690;799182;51.9;31.2
24;2021-06-28;6481;18588;1334171;817770;52.1;32.0
24;2021-06-29;7915;24152;1342086;841922;52.4;32.9
24;2021-06-30;8141;22307;1350227;864229;52.8;33.8
24;2021-07-01;7698;19641;1357925;883870;53.1;34.5
24;2021-07-02;8235;23544;1366160;907414;53.4;35.5
24;2021-07-03;4176;11145;1370336;918559;53.5;35.9
24;2021-07-04;499;2802;1370835;921361;53.6;36.0
24;2021-07-05;6668;18667;1377503;940028;53.8;36.7
24;2021-07-06;7969;23539;1385472;963567;54.1;37.7
24;2021-07-07;7806;22709;1393278;986276;54.4;38.5
24;2021-07-08;9205;22316;1402483;1008592;54.8;39.4
24;2021-07-09;7483;26724;1409966;1035316;55.1;40.5
24;2021-07-10;4549;15046;1414515;1050362;55.3;41.0
24;2021-07-11;380;1226;1414895;1051588;55.3;41.1
24;2021-07-12;5559;22046;1420454;1073634;55.5;42.0
27;2020-12-27;4;0;4;0;0.0;0.0
27;2020-12-28;0;0;4;0;0.0;0.0
27;2020-12-29;19;0;23;0;0.0;0.0
27;2020-12-30;20;0;43;0;0.0;0.0
27;2020-12-31;2;0;45;0;0.0;0.0
27;2021-01-01;0;0;45;0;0.0;0.0
27;2021-01-02;1;0;46;0;0.0;0.0
27;2021-01-03;1;0;47;0;0.0;0.0
27;2021-01-04;28;0;75;0;0.0;0.0
27;2021-01-05;263;2;338;2;0.0;0.0
27;2021-01-06;719;1;1057;3;0.0;0.0
27;2021-01-07;1582;3;2639;6;0.1;0.0
27;2021-01-08;1896;4;4535;10;0.2;0.0
27;2021-01-09;688;0;5223;10;0.2;0.0
27;2021-01-10;3;0;5226;10;0.2;0.0
27;2021-01-11;2422;4;7648;14;0.3;0.0
27;2021-01-12;3824;4;11472;18;0.4;0.0
27;2021-01-13;3858;8;15330;26;0.6;0.0
27;2021-01-14;4752;48;20082;74;0.7;0.0
27;2021-01-15;3603;21;23685;95;0.9;0.0
27;2021-01-16;795;9;24480;104;0.9;0.0
27;2021-01-17;116;1;24596;105;0.9;0.0
27;2021-01-18;6257;23;30853;128;1.1;0.0
27;2021-01-19;8403;23;39256;151;1.4;0.0
27;2021-01-20;7962;61;47218;212;1.7;0.0
27;2021-01-21;9463;24;56681;236;2.0;0.0
27;2021-01-22;7711;18;64392;254;2.3;0.0
27;2021-01-23;2986;6;67378;260;2.4;0.0
27;2021-01-24;347;0;67725;260;2.4;0.0
27;2021-01-25;5223;32;72948;292;2.6;0.0
27;2021-01-26;7390;231;80338;523;2.9;0.0
27;2021-01-27;7098;356;87436;879;3.1;0.0
27;2021-01-28;6339;894;93775;1773;3.4;0.1
27;2021-01-29;5933;1269;99708;3042;3.6;0.1
27;2021-01-30;2496;347;102204;3389;3.7;0.1
27;2021-01-31;252;22;102456;3411;3.7;0.1
27;2021-02-01;3361;1399;105817;4810;3.8;0.2
27;2021-02-02;4041;2219;109858;7029;3.9;0.3
27;2021-02-03;3618;2397;113476;9426;4.1;0.3
27;2021-02-04;3702;3150;117178;12576;4.2;0.5
27;2021-02-05;3239;2586;120417;15162;4.3;0.5
27;2021-02-06;1609;671;122026;15833;4.4;0.6
27;2021-02-07;5;87;122031;15920;4.4;0.6
27;2021-02-08;2910;2682;124941;18602;4.5;0.7
27;2021-02-09;3017;3657;127958;22259;4.6;0.8
27;2021-02-10;3054;3413;131012;25672;4.7;0.9
27;2021-02-11;3316;4652;134328;30324;4.8;1.1
27;2021-02-12;2726;4463;137054;34787;4.9;1.2
27;2021-02-13;986;1470;138040;36257;5.0;1.3
27;2021-02-14;258;301;138298;36558;5.0;1.3
27;2021-02-15;1239;5720;139537;42278;5.0;1.5
27;2021-02-16;1506;7434;141043;49712;5.1;1.8
27;2021-02-17;1806;6858;142849;56570;5.1;2.0
27;2021-02-18;2146;6448;144995;63018;5.2;2.3
27;2021-02-19;1735;5647;146730;68665;5.3;2.5
27;2021-02-20;712;2179;147442;70844;5.3;2.5
27;2021-02-21;2;280;147444;71124;5.3;2.6
27;2021-02-22;980;4885;148424;76009;5.3;2.7
27;2021-02-23;1203;5405;149627;81414;5.4;2.9
27;2021-02-24;1508;4852;151135;86266;5.4;3.1
27;2021-02-25;2922;5049;154057;91315;5.5;3.3
27;2021-02-26;3685;4215;157742;95530;5.7;3.4
27;2021-02-27;1911;1955;159653;97485;5.7;3.5
27;2021-02-28;107;281;159760;97766;5.7;3.5
27;2021-03-01;3673;3504;163433;101270;5.9;3.6
27;2021-03-02;5424;4355;168857;105625;6.1;3.8
27;2021-03-03;5978;3602;174835;109227;6.3;3.9
27;2021-03-04;7718;3584;182553;112811;6.6;4.1
27;2021-03-05;9701;3209;192254;116020;6.9;4.2
27;2021-03-06;6232;1107;198486;117127;7.1;4.2
27;2021-03-07;872;191;199358;117318;7.2;4.2
27;2021-03-08;4554;3416;203912;120734;7.3;4.3
27;2021-03-09;8424;3418;212336;124152;7.6;4.5
27;2021-03-10;8727;2813;221063;126965;7.9;4.6
27;2021-03-11;10266;3220;231329;130185;8.3;4.7
27;2021-03-12;11904;2486;243233;132671;8.7;4.8
27;2021-03-13;7052;702;250285;133373;9.0;4.8
27;2021-03-14;214;59;250499;133432;9.0;4.8
27;2021-03-15;7319;1389;257818;134821;9.3;4.8
27;2021-03-16;8247;1098;266065;135919;9.6;4.9
27;2021-03-17;8540;1199;274605;137118;9.9;4.9
27;2021-03-18;8626;1426;283231;138544;10.2;5.0
27;2021-03-19;9454;1111;292685;139655;10.5;5.0
27;2021-03-20;5670;401;298355;140056;10.7;5.0
27;2021-03-21;238;11;298593;140067;10.7;5.0
27;2021-03-22;9347;971;307940;141038;11.1;5.1
27;2021-03-23;14729;1213;322669;142251;11.6;5.1
27;2021-03-24;15193;1264;337862;143515;12.1;5.2
27;2021-03-25;18389;1478;356251;144993;12.8;5.2
27;2021-03-26;18391;1294;374642;146287;13.5;5.3
27;2021-03-27;7691;414;382333;146701;13.7;5.3
27;2021-03-28;492;123;382825;146824;13.8;5.3
27;2021-03-29;10034;3402;392859;150226;14.1;5.4
27;2021-03-30;12978;4010;405837;154236;14.6;5.5
27;2021-03-31;12843;4214;418680;158450;15.0;5.7
27;2021-04-01;14565;4156;433245;162606;15.6;5.8
27;2021-04-02;12955;4052;446200;166658;16.0;6.0
27;2021-04-03;4481;1139;450681;167797;16.2;6.0
27;2021-04-04;70;35;450751;167832;16.2;6.0
27;2021-04-05;345;7;451096;167839;16.2;6.0
27;2021-04-06;9567;6177;460663;174016;16.6;6.3
27;2021-04-07;10199;6429;470862;180445;16.9;6.5
27;2021-04-08;15739;6168;486601;186613;17.5;6.7
27;2021-04-09;17855;6021;504456;192634;18.1;6.9
27;2021-04-10;6084;1957;510540;194591;18.3;7.0
27;2021-04-11;421;84;510961;194675;18.4;7.0
27;2021-04-12;9070;6792;520031;201467;18.7;7.2
27;2021-04-13;11750;8495;531781;209962;19.1;7.5
27;2021-04-14;10307;7814;542088;217776;19.5;7.8
27;2021-04-15;12971;7681;555059;225457;19.9;8.1
27;2021-04-16;12773;6452;567832;231909;20.4;8.3
27;2021-04-17;5924;3040;573756;234949;20.6;8.4
27;2021-04-18;359;189;574115;235138;20.6;8.4
27;2021-04-19;6966;8854;581081;243992;20.9;8.8
27;2021-04-20;8489;10532;589570;254524;21.2;9.1
27;2021-04-21;8343;10134;597913;264658;21.5;9.5
27;2021-04-22;9859;11526;607772;276184;21.8;9.9
27;2021-04-23;11347;10293;619119;286477;22.2;10.3
27;2021-04-24;5181;3965;624300;290442;22.4;10.4
27;2021-04-25;441;295;624741;290737;22.4;10.4
27;2021-04-26;9541;8732;634282;299469;22.8;10.8
27;2021-04-27;13461;10237;647743;309706;23.3;11.1
27;2021-04-28;14196;10367;661939;320073;23.8;11.5
27;2021-04-29;17878;11536;679817;331609;24.4;11.9
27;2021-04-30;18741;9511;698558;341120;25.1;12.3
27;2021-05-01;5430;1543;703988;342663;25.3;12.3
27;2021-05-02;604;77;704592;342740;25.3;12.3
27;2021-05-03;14909;6319;719501;349059;25.9;12.5
27;2021-05-04;13950;10811;733451;359870;26.4;12.9
27;2021-05-05;15565;10020;749016;369890;26.9;13.3
27;2021-05-06;18281;12355;767297;382245;27.6;13.7
27;2021-05-07;17218;11767;784515;394012;28.2;14.2
27;2021-05-08;5953;1510;790468;395522;28.4;14.2
27;2021-05-09;535;440;791003;395962;28.4;14.2
27;2021-05-10;15283;9904;806286;405866;29.0;14.6
27;2021-05-11;20755;12949;827041;418815;29.7;15.0
27;2021-05-12;19675;11766;846716;430581;30.4;15.5
27;2021-05-13;12299;2039;859015;432620;30.9;15.5
27;2021-05-14;22934;8392;881949;441012;31.7;15.8
27;2021-05-15;15420;3400;897369;444412;32.2;16.0
27;2021-05-16;1891;238;899260;444650;32.3;16.0
27;2021-05-17;18976;6812;918236;451462;33.0;16.2
27;2021-05-18;20708;9309;938944;460771;33.7;16.6
27;2021-05-19;22261;7304;961205;468075;34.5;16.8
27;2021-05-20;23257;8241;984462;476316;35.4;17.1
27;2021-05-21;21174;10070;1005636;486386;36.1;17.5
27;2021-05-22;8289;3611;1013925;489997;36.4;17.6
27;2021-05-23;916;304;1014841;490301;36.5;17.6
27;2021-05-24;4246;1088;1019087;491389;36.6;17.7
27;2021-05-25;14980;11632;1034067;503021;37.2;18.1
27;2021-05-26;15505;10676;1049572;513697;37.7;18.5
27;2021-05-27;18469;11831;1068041;525528;38.4;18.9
27;2021-05-28;16106;14124;1084147;539652;39.0;19.4
27;2021-05-29;6822;5154;1090969;544806;39.2;19.6
27;2021-05-30;394;256;1091363;545062;39.2;19.6
27;2021-05-31;13338;10926;1104701;555988;39.7;20.0
27;2021-06-01;16655;13458;1121356;569446;40.3;20.5
27;2021-06-02;16218;11452;1137574;580898;40.9;20.9
27;2021-06-03;17753;11860;1155327;592758;41.5;21.3
27;2021-06-04;16197;14624;1171524;607382;42.1;21.8
27;2021-06-05;8350;6759;1179874;614141;42.4;22.1
27;2021-06-06;1726;645;1181600;614786;42.5;22.1
27;2021-06-07;17437;13099;1199037;627885;43.1;22.6
27;2021-06-08;19752;15349;1218789;643234;43.8;23.1
27;2021-06-09;19071;12489;1237860;655723;44.5;23.6
27;2021-06-10;19033;13920;1256893;669643;45.2;24.1
27;2021-06-11;18130;17102;1275023;686745;45.8;24.7
27;2021-06-12;9478;7840;1284501;694585;46.2;25.0
27;2021-06-13;958;951;1285459;695536;46.2;25.0
27;2021-06-14;11067;17050;1296526;712586;46.6;25.6
27;2021-06-15;14136;17638;1310662;730224;47.1;26.2
27;2021-06-16;14707;15626;1325369;745850;47.6;26.8
27;2021-06-17;15173;17268;1340542;763118;48.2;27.4
27;2021-06-18;14792;20200;1355334;783318;48.7;28.1
27;2021-06-19;7670;8672;1363004;791990;49.0;28.5
27;2021-06-20;173;458;1363177;792448;49.0;28.5
27;2021-06-21;7728;19044;1370905;811492;49.3;29.2
27;2021-06-22;9560;24281;1380465;835773;49.6;30.0
27;2021-06-23;11265;19321;1391730;855094;50.0;30.7
27;2021-06-24;10506;18001;1402236;873095;50.4;31.4
27;2021-06-25;9354;27016;1411590;900111;50.7;32.3
27;2021-06-26;5075;15809;1416665;915920;50.9;32.9
27;2021-06-27;663;1888;1417328;917808;50.9;33.0
27;2021-06-28;6237;21977;1423565;939785;51.2;33.8
27;2021-06-29;7159;24648;1430724;964433;51.4;34.7
27;2021-06-30;9018;22756;1439742;987189;51.7;35.5
27;2021-07-01;9203;22513;1448945;1009702;52.1;36.3
27;2021-07-02;10595;21011;1459540;1030713;52.4;37.0
27;2021-07-03;4616;9299;1464156;1040012;52.6;37.4
27;2021-07-04;522;1065;1464678;1041077;52.6;37.4
27;2021-07-05;8682;17739;1473360;1058816;52.9;38.0
27;2021-07-06;9073;21437;1482433;1080253;53.3;38.8
27;2021-07-07;8334;17973;1490767;1098226;53.6;39.5
27;2021-07-08;9006;18124;1499773;1116350;53.9;40.1
27;2021-07-09;10189;22140;1509962;1138490;54.3;40.9
27;2021-07-10;4589;8354;1514551;1146844;54.4;41.2
27;2021-07-11;393;572;1514944;1147416;54.4;41.2
27;2021-07-12;7673;20788;1522617;1168204;54.7;42.0
28;2020-12-27;0;0;0;0;0.0;0.0
28;2020-12-28;1;0;1;0;0.0;0.0
28;2020-12-29;2;0;3;0;0.0;0.0
28;2020-12-30;0;0;3;0;0.0;0.0
28;2020-12-31;1;0;4;0;0.0;0.0
28;2021-01-01;1;0;5;0;0.0;0.0
28;2021-01-02;1;0;6;0;0.0;0.0
28;2021-01-03;1;0;7;0;0.0;0.0
28;2021-01-04;16;0;23;0;0.0;0.0
28;2021-01-05;169;0;192;0;0.0;0.0
28;2021-01-06;1393;2;1585;2;0.0;0.0
28;2021-01-07;2600;9;4185;11;0.1;0.0
28;2021-01-08;3428;3;7613;14;0.2;0.0
28;2021-01-09;1333;3;8946;17;0.3;0.0
28;2021-01-10;705;1;9651;18;0.3;0.0
28;2021-01-11;3178;4;12829;22;0.4;0.0
28;2021-01-12;3978;3;16807;25;0.5;0.0
28;2021-01-13;4302;9;21109;34;0.6;0.0
28;2021-01-14;8098;74;29207;108;0.9;0.0
28;2021-01-15;6219;26;35426;134;1.1;0.0
28;2021-01-16;2087;11;37513;145;1.1;0.0
28;2021-01-17;4073;27;41586;172;1.3;0.0
28;2021-01-18;8785;17;50371;189;1.5;0.0
28;2021-01-19;7142;12;57513;201;1.7;0.0
28;2021-01-20;6508;11;64021;212;1.9;0.0
28;2021-01-21;5995;10;70016;222;2.1;0.0
28;2021-01-22;5440;11;75456;233;2.3;0.0
28;2021-01-23;2019;8;77475;241;2.3;0.0
28;2021-01-24;1447;10;78922;251;2.4;0.0
28;2021-01-25;6242;179;85164;430;2.6;0.0
28;2021-01-26;4577;395;89741;825;2.7;0.0
28;2021-01-27;4033;761;93774;1586;2.8;0.0
28;2021-01-28;3755;1046;97529;2632;3.0;0.1
28;2021-01-29;3489;1306;101018;3938;3.1;0.1
28;2021-01-30;1386;517;102404;4455;3.1;0.1
28;2021-01-31;195;126;102599;4581;3.1;0.1
28;2021-02-01;2782;1660;105381;6241;3.2;0.2
28;2021-02-02;2985;2388;108366;8629;3.3;0.3
28;2021-02-03;2950;2668;111316;11297;3.4;0.3
28;2021-02-04;3725;5197;115041;16494;3.5;0.5
28;2021-02-05;3887;4386;118928;20880;3.6;0.6
28;2021-02-06;1142;1547;120070;22427;3.6;0.7
28;2021-02-07;715;1974;120785;24401;3.7;0.7
28;2021-02-08;3802;6846;124587;31247;3.8;0.9
28;2021-02-09;3462;6012;128049;37259;3.9;1.1
28;2021-02-10;3455;5071;131504;42330;4.0;1.3
28;2021-02-11;4212;4896;135716;47226;4.1;1.4
28;2021-02-12;4043;4614;139759;51840;4.2;1.6
28;2021-02-13;1124;1575;140883;53415;4.3;1.6
28;2021-02-14;285;1387;141168;54802;4.3;1.7
28;2021-02-15;2211;6279;143379;61081;4.3;1.8
28;2021-02-16;2655;5645;146034;66726;4.4;2.0
28;2021-02-17;1949;4538;147983;71264;4.5;2.2
28;2021-02-18;2569;4276;150552;75540;4.6;2.3
28;2021-02-19;2547;3715;153099;79255;4.6;2.4
28;2021-02-20;945;1250;154044;80505;4.7;2.4
28;2021-02-21;103;414;154147;80919;4.7;2.4
28;2021-02-22;1666;4224;155813;85143;4.7;2.6
28;2021-02-23;2171;3841;157984;88984;4.8;2.7
28;2021-02-24;2374;3885;160358;92869;4.9;2.8
28;2021-02-25;4771;4196;165129;97065;5.0;2.9
28;2021-02-26;5961;3743;171090;100808;5.2;3.1
28;2021-02-27;3010;1029;174100;101837;5.3;3.1
28;2021-02-28;340;386;174440;102223;5.3;3.1
28;2021-03-01;2527;4646;176967;106869;5.4;3.2
28;2021-03-02;3900;4091;180867;110960;5.5;3.4
28;2021-03-03;4794;3475;185661;114435;5.6;3.5
28;2021-03-04;7302;2861;192963;117296;5.8;3.6
28;2021-03-05;10149;2499;203112;119795;6.1;3.6
28;2021-03-06;9811;800;212923;120595;6.4;3.7
28;2021-03-07;3773;127;216696;120722;6.6;3.7
28;2021-03-08;5867;3278;222563;124000;6.7;3.8
28;2021-03-09;9284;2817;231847;126817;7.0;3.8
28;2021-03-10;9804;2435;241651;129252;7.3;3.9
28;2021-03-11;13963;2018;255614;131270;7.7;4.0
28;2021-03-12;17997;1570;273611;132840;8.3;4.0
28;2021-03-13;11154;532;284765;133372;8.6;4.0
28;2021-03-14;2259;100;287024;133472;8.7;4.0
28;2021-03-15;8653;874;295677;134346;9.0;4.1
28;2021-03-16;7492;1189;303169;135535;9.2;4.1
28;2021-03-17;7719;1188;310888;136723;9.4;4.1
28;2021-03-18;8165;1372;319053;138095;9.7;4.2
28;2021-03-19;11564;1453;330617;139548;10.0;4.2
28;2021-03-20;9673;546;340290;140094;10.3;4.2
28;2021-03-21;2410;26;342700;140120;10.4;4.2
28;2021-03-22;9385;1630;352085;141750;10.7;4.3
28;2021-03-23;12484;1511;364569;143261;11.0;4.3
28;2021-03-24;13259;1598;377828;144859;11.4;4.4
28;2021-03-25;17620;1824;395448;146683;12.0;4.4
28;2021-03-26;20833;1893;416281;148576;12.6;4.5
28;2021-03-27;11499;1134;427780;149710;12.9;4.5
28;2021-03-28;2966;93;430746;149803;13.0;4.5
28;2021-03-29;11772;2969;442518;152772;13.4;4.6
28;2021-03-30;14423;3080;456941;155852;13.8;4.7
28;2021-03-31;14396;3578;471337;159430;14.3;4.8
28;2021-04-01;18037;5517;489374;164947;14.8;5.0
28;2021-04-02;16817;6374;506191;171321;15.3;5.2
28;2021-04-03;7007;3963;513198;175284;15.5;5.3
28;2021-04-04;1778;798;514976;176082;15.6;5.3
28;2021-04-05;3290;735;518266;176817;15.7;5.4
28;2021-04-06;10818;7365;529084;184182;16.0;5.6
28;2021-04-07;12696;6955;541780;191137;16.4;5.8
28;2021-04-08;17675;7532;559455;198669;16.9;6.0
28;2021-04-09;23827;7820;583282;206489;17.7;6.3
28;2021-04-10;13847;4121;597129;210610;18.1;6.4
28;2021-04-11;3028;1190;600157;211800;18.2;6.4
28;2021-04-12;13793;8019;613950;219819;18.6;6.7
28;2021-04-13;16183;8035;630133;227854;19.1;6.9
28;2021-04-14;14327;8014;644460;235868;19.5;7.1
28;2021-04-15;17238;8381;661698;244249;20.0;7.4
28;2021-04-16;20283;7833;681981;252082;20.6;7.6
28;2021-04-17;12752;5028;694733;257110;21.0;7.8
28;2021-04-18;2289;1237;697022;258347;21.1;7.8
28;2021-04-19;10868;8838;707890;267185;21.4;8.1
28;2021-04-20;13905;9747;721795;276932;21.8;8.4
28;2021-04-21;13290;9971;735085;286903;22.3;8.7
28;2021-04-22;15302;11894;750387;298797;22.7;9.0
28;2021-04-23;16456;12357;766843;311154;23.2;9.4
28;2021-04-24;12589;7276;779432;318430;23.6;9.6
28;2021-04-25;3296;1922;782728;320352;23.7;9.7
28;2021-04-26;12544;10177;795272;330529;24.1;10.0
28;2021-04-27;14870;11746;810142;342275;24.5;10.4
28;2021-04-28;15049;10692;825191;352967;25.0;10.7
28;2021-04-29;18454;11783;843645;364750;25.5;11.0
28;2021-04-30;20400;11908;864045;376658;26.2;11.4
28;2021-05-01;12814;2975;876859;379633;26.5;11.5
28;2021-05-02;5991;1840;882850;381473;26.7;11.5
28;2021-05-03;12857;9987;895707;391460;27.1;11.8
28;2021-05-04;13816;13132;909523;404592;27.5;12.2
28;2021-05-05;13948;14506;923471;419098;28.0;12.7
28;2021-05-06;18329;15087;941800;434185;28.5;13.1
28;2021-05-07;17848;17403;959648;451588;29.0;13.7
28;2021-05-08;12640;4711;972288;456299;29.4;13.8
28;2021-05-09;7157;1830;979445;458129;29.6;13.9
28;2021-05-10;14210;14794;993655;472923;30.1;14.3
28;2021-05-11;18121;15347;1011776;488270;30.6;14.8
28;2021-05-12;18798;13992;1030574;502262;31.2;15.2
28;2021-05-13;19680;3736;1050254;505998;31.8;15.3
28;2021-05-14;26361;12524;1076615;518522;32.6;15.7
28;2021-05-15;26944;7117;1103559;525639;33.4;15.9
28;2021-05-16;14143;1585;1117702;527224;33.8;16.0
28;2021-05-17;16221;9453;1133923;536677;34.3;16.2
28;2021-05-18;21098;8803;1155021;545480;35.0;16.5
28;2021-05-19;20919;8544;1175940;554024;35.6;16.8
28;2021-05-20;23149;9705;1199089;563729;36.3;17.1
28;2021-05-21;21452;12129;1220541;575858;36.9;17.4
28;2021-05-22;17604;6024;1238145;581882;37.5;17.6
28;2021-05-23;9138;974;1247283;582856;37.8;17.6
28;2021-05-24;13436;3200;1260719;586056;38.2;17.7
28;2021-05-25;19204;11640;1279923;597696;38.7;18.1
28;2021-05-26;19488;10057;1299411;607753;39.3;18.4
28;2021-05-27;21781;12441;1321192;620194;40.0;18.8
28;2021-05-28;21671;16558;1342863;636752;40.6;19.3
28;2021-05-29;17592;10198;1360455;646950;41.2;19.6
28;2021-05-30;6283;1280;1366738;648230;41.4;19.6
28;2021-05-31;19918;11957;1386656;660187;42.0;20.0
28;2021-06-01;23782;13901;1410438;674088;42.7;20.4
28;2021-06-02;20892;12355;1431330;686443;43.3;20.8
28;2021-06-03;26463;14687;1457793;701130;44.1;21.2
28;2021-06-04;24615;18957;1482408;720087;44.9;21.8
28;2021-06-05;18369;12071;1500777;732158;45.4;22.2
28;2021-06-06;7683;2403;1508460;734561;45.7;22.2
28;2021-06-07;19242;14185;1527702;748746;46.2;22.7
28;2021-06-08;22651;15534;1550353;764280;46.9;23.1
28;2021-06-09;19763;14664;1570116;778944;47.5;23.6
28;2021-06-10;21264;14831;1591380;793775;48.2;24.0
28;2021-06-11;21033;21134;1612413;814909;48.8;24.7
28;2021-06-12;17919;17131;1630332;832040;49.4;25.2
28;2021-06-13;6343;5888;1636675;837928;49.5;25.4
28;2021-06-14;13917;17751;1650592;855679;50.0;25.9
28;2021-06-15;16242;18749;1666834;874428;50.5;26.5
28;2021-06-16;16693;18598;1683527;893026;51.0;27.0
28;2021-06-17;17245;20509;1700772;913535;51.5;27.7
28;2021-06-18;18531;24429;1719303;937964;52.0;28.4
28;2021-06-19;14797;15819;1734100;953783;52.5;28.9
28;2021-06-20;4982;5143;1739082;958926;52.6;29.0
28;2021-06-21;11296;20760;1750378;979686;53.0;29.7
28;2021-06-22;12730;23873;1763108;1003559;53.4;30.4
28;2021-06-23;11893;23640;1775001;1027199;53.7;31.1
28;2021-06-24;12637;24510;1787638;1051709;54.1;31.8
28;2021-06-25;12461;29460;1800099;1081169;54.5;32.7
28;2021-06-26;9216;23428;1809315;1104597;54.8;33.4
28;2021-06-27;2910;10125;1812225;1114722;54.9;33.7
28;2021-06-28;8289;22927;1820514;1137649;55.1;34.4
28;2021-06-29;9806;26219;1830320;1163868;55.4;35.2
28;2021-06-30;11137;24407;1841457;1188275;55.7;36.0
28;2021-07-01;12165;23783;1853622;1212058;56.1;36.7
28;2021-07-02;11097;29717;1864719;1241775;56.4;37.6
28;2021-07-03;8097;21185;1872816;1262960;56.7;38.2
28;2021-07-04;2908;9139;1875724;1272099;56.8;38.5
28;2021-07-05;8442;22815;1884166;1294914;57.0;39.2
28;2021-07-06;9868;26932;1894034;1321846;57.3;40.0
28;2021-07-07;10418;24744;1904452;1346590;57.6;40.8
28;2021-07-08;11550;25316;1916002;1371906;58.0;41.5
28;2021-07-09;11082;31033;1927084;1402939;58.3;42.5
28;2021-07-10;7766;21253;1934850;1424192;58.6;43.1
28;2021-07-11;3694;6330;1938544;1430522;58.7;43.3
28;2021-07-12;7659;28318;1946203;1458840;58.9;44.2
32;2020-12-27;1;0;1;0;0.0;0.0
32;2020-12-28;27;0;28;0;0.0;0.0
32;2020-12-29;12;0;40;0;0.0;0.0
32;2020-12-30;0;0;40;0;0.0;0.0
32;2020-12-31;0;0;40;0;0.0;0.0
32;2021-01-01;1;0;41;0;0.0;0.0
32;2021-01-02;6;0;47;0;0.0;0.0
32;2021-01-03;4;0;51;0;0.0;0.0
32;2021-01-04;82;0;133;0;0.0;0.0
32;2021-01-05;300;0;433;0;0.0;0.0
32;2021-01-06;788;2;1221;2;0.0;0.0
32;2021-01-07;2430;4;3651;6;0.1;0.0
32;2021-01-08;3167;10;6818;16;0.1;0.0
32;2021-01-09;957;4;7775;20;0.1;0.0
32;2021-01-10;641;0;8416;20;0.1;0.0
32;2021-01-11;3269;7;11685;27;0.2;0.0
32;2021-01-12;5027;7;16712;34;0.3;0.0
32;2021-01-13;4945;12;21657;46;0.4;0.0
32;2021-01-14;5725;46;27382;92;0.5;0.0
32;2021-01-15;5228;31;32610;123;0.5;0.0
32;2021-01-16;1637;11;34247;134;0.6;0.0
32;2021-01-17;859;3;35106;137;0.6;0.0
32;2021-01-18;7234;23;42340;160;0.7;0.0
32;2021-01-19;9906;38;52246;198;0.9;0.0
32;2021-01-20;10371;30;62617;228;1.1;0.0
32;2021-01-21;12720;48;75337;276;1.3;0.0
32;2021-01-22;9884;28;85221;304;1.4;0.0
32;2021-01-23;3413;5;88634;309;1.5;0.0
32;2021-01-24;1119;3;89753;312;1.5;0.0
32;2021-01-25;6867;89;96620;401;1.6;0.0
32;2021-01-26;7448;185;104068;586;1.7;0.0
32;2021-01-27;4837;514;108905;1100;1.8;0.0
32;2021-01-28;8599;1694;117504;2794;2.0;0.0
32;2021-01-29;5385;1858;122889;4652;2.1;0.1
32;2021-01-30;534;409;123423;5061;2.1;0.1
32;2021-01-31;67;74;123490;5135;2.1;0.1
32;2021-02-01;193;1809;123683;6944;2.1;0.1
32;2021-02-02;788;3162;124471;10106;2.1;0.2
32;2021-02-03;4078;3188;128549;13294;2.2;0.2
32;2021-02-04;3687;3616;132236;16910;2.2;0.3
32;2021-02-05;1962;3276;134198;20186;2.3;0.3
32;2021-02-06;517;874;134715;21060;2.3;0.4
32;2021-02-07;541;104;135256;21164;2.3;0.4
32;2021-02-08;1866;3672;137122;24836;2.3;0.4
32;2021-02-09;2550;4356;139672;29192;2.3;0.5
32;2021-02-10;2987;5336;142659;34528;2.4;0.6
32;2021-02-11;4782;6197;147441;40725;2.5;0.7
32;2021-02-12;5094;4690;152535;45415;2.6;0.8
32;2021-02-13;939;1886;153474;47301;2.6;0.8
32;2021-02-14;116;710;153590;48011;2.6;0.8
32;2021-02-15;3613;6915;157203;54926;2.6;0.9
32;2021-02-16;4028;8221;161231;63147;2.7;1.1
32;2021-02-17;4304;8692;165535;71839;2.8;1.2
32;2021-02-18;7042;11383;172577;83222;2.9;1.4
32;2021-02-19;7085;8308;179662;91530;3.0;1.5
32;2021-02-20;2518;3003;182180;94533;3.1;1.6
32;2021-02-21;435;493;182615;95026;3.1;1.6
32;2021-02-22;3262;5321;185877;100347;3.1;1.7
32;2021-02-23;5505;5900;191382;106247;3.2;1.8
32;2021-02-24;7448;6066;198830;112313;3.3;1.9
32;2021-02-25;12834;5032;211664;117345;3.5;2.0
32;2021-02-26;12548;2906;224212;120251;3.8;2.0
32;2021-02-27;6495;335;230707;120586;3.9;2.0
32;2021-02-28;365;134;231072;120720;3.9;2.0
32;2021-03-01;7249;879;238321;121599;4.0;2.0
32;2021-03-02;10971;1009;249292;122608;4.2;2.1
32;2021-03-03;11999;1752;261291;124360;4.4;2.1
32;2021-03-04;15115;2478;276406;126838;4.6;2.1
32;2021-03-05;17137;2159;293543;128997;4.9;2.2
32;2021-03-06;28108;1095;321651;130092;5.4;2.2
32;2021-03-07;19863;537;341514;130629;5.7;2.2
32;2021-03-08;8929;2569;350443;133198;5.9;2.2
32;2021-03-09;14302;3311;364745;136509;6.1;2.3
32;2021-03-10;15777;3260;380522;139769;6.4;2.3
32;2021-03-11;20930;4771;401452;144540;6.7;2.4
32;2021-03-12;26105;4318;427557;148858;7.2;2.5
32;2021-03-13;41635;2112;469192;150970;7.9;2.5
32;2021-03-14;20100;627;489292;151597;8.2;2.5
32;2021-03-15;13062;3600;502354;155197;8.4;2.6
32;2021-03-16;9791;3452;512145;158649;8.6;2.7
32;2021-03-17;9714;4080;521859;162729;8.8;2.7
32;2021-03-18;10019;5007;531878;167736;8.9;2.8
32;2021-03-19;17951;3837;549829;171573;9.2;2.9
32;2021-03-20;36514;2029;586343;173602;9.8;2.9
32;2021-03-21;19839;828;606182;174430;10.2;2.9
32;2021-03-22;12156;4279;618338;178709;10.4;3.0
32;2021-03-23;18945;5901;637283;184610;10.7;3.1
32;2021-03-24;17932;6145;655215;190755;11.0;3.2
32;2021-03-25;25308;5739;680523;196494;11.4;3.3
32;2021-03-26;28992;5931;709515;202425;11.9;3.4
32;2021-03-27;36689;2229;746204;204654;12.5;3.4
32;2021-03-28;18646;658;764850;205312;12.8;3.4
32;2021-03-29;14576;7015;779426;212327;13.1;3.6
32;2021-03-30;18877;8618;798303;220945;13.4;3.7
32;2021-03-31;15797;9298;814100;230243;13.7;3.9
32;2021-04-01;18230;11006;832330;241249;14.0;4.0
32;2021-04-02;19983;12521;852313;253770;14.3;4.3
32;2021-04-03;30037;10173;882350;263943;14.8;4.4
32;2021-04-04;11653;4743;894003;268686;15.0;4.5
32;2021-04-05;9598;2354;903601;271040;15.2;4.5
32;2021-04-06;14276;10831;917877;281871;15.4;4.7
32;2021-04-07;18090;12529;935967;294400;15.7;4.9
32;2021-04-08;23518;12967;959485;307367;16.1;5.2
32;2021-04-09;29963;13146;989448;320513;16.6;5.4
32;2021-04-10;26185;18793;1015633;339306;17.0;5.7
32;2021-04-11;9151;11993;1024784;351299;17.2;5.9
32;2021-04-12;15401;9480;1040185;360779;17.4;6.1
32;2021-04-13;21809;11580;1061994;372359;17.8;6.2
32;2021-04-14;22517;11141;1084511;383500;18.2;6.4
32;2021-04-15;25760;11150;1110271;394650;18.6;6.6
32;2021-04-16;25340;12452;1135611;407102;19.0;6.8
32;2021-04-17;18018;22950;1153629;430052;19.3;7.2
32;2021-04-18;6398;14024;1160027;444076;19.5;7.4
32;2021-04-19;11658;9787;1171685;453863;19.7;7.6
32;2021-04-20;16422;12264;1188107;466127;19.9;7.8
32;2021-04-21;15793;12488;1203900;478615;20.2;8.0
32;2021-04-22;19053;15023;1222953;493638;20.5;8.3
32;2021-04-23;19656;15949;1242609;509587;20.8;8.5
32;2021-04-24;15464;21017;1258073;530604;21.1;8.9
32;2021-04-25;6969;12284;1265042;542888;21.2;9.1
32;2021-04-26;13211;10704;1278253;553592;21.4;9.3
32;2021-04-27;18696;14133;1296949;567725;21.8;9.5
32;2021-04-28;20194;16053;1317143;583778;22.1;9.8
32;2021-04-29;22408;19952;1339551;603730;22.5;10.1
32;2021-04-30;25014;21577;1364565;625307;22.9;10.5
32;2021-05-01;23040;13947;1387605;639254;23.3;10.7
32;2021-05-02;20949;10349;1408554;649603;23.6;10.9
32;2021-05-03;21939;11307;1430493;660910;24.0;11.1
32;2021-05-04;23843;16313;1454336;677223;24.4;11.4
32;2021-05-05;23952;17458;1478288;694681;24.8;11.7
32;2021-05-06;25737;19939;1504025;714620;25.2;12.0
32;2021-05-07;30744;21493;1534769;736113;25.7;12.3
32;2021-05-08;34597;9118;1569366;745231;26.3;12.5
32;2021-05-09;26801;6521;1596167;751752;26.8;12.6
32;2021-05-10;24224;16170;1620391;767922;27.2;12.9
32;2021-05-11;31313;19106;1651704;787028;27.7;13.2
32;2021-05-12;37294;18856;1688998;805884;28.3;13.5
32;2021-05-13;40531;7373;1729529;813257;29.0;13.6
32;2021-05-14;41791;14659;1771320;827916;29.7;13.9
32;2021-05-15;59661;12243;1830981;840159;30.7;14.1
32;2021-05-16;47888;4920;1878869;845079;31.5;14.2
32;2021-05-17;31470;11013;1910339;856092;32.0;14.4
32;2021-05-18;36848;12591;1947187;868683;32.7;14.6
32;2021-05-19;38855;11707;1986042;880390;33.3;14.8
32;2021-05-20;39810;15005;2025852;895395;34.0;15.0
32;2021-05-21;42404;17092;2068256;912487;34.7;15.3
32;2021-05-22;57889;13190;2126145;925677;35.7;15.5
32;2021-05-23;38989;4455;2165134;930132;36.3;15.6
32;2021-05-24;28539;3889;2193673;934021;36.8;15.7
32;2021-05-25;31210;14986;2224883;949007;37.3;15.9
32;2021-05-26;34399;16883;2259282;965890;37.9;16.2
32;2021-05-27;34749;20752;2294031;986642;38.5;16.5
32;2021-05-28;34366;25257;2328397;1011899;39.0;17.0
32;2021-05-29;37578;19693;2365975;1031592;39.7;17.3
32;2021-05-30;16140;3527;2382115;1035119;40.0;17.4
32;2021-05-31;27980;16544;2410095;1051663;40.4;17.6
32;2021-06-01;32836;24018;2442931;1075681;41.0;18.0
32;2021-06-02;32402;21751;2475333;1097432;41.5;18.4
32;2021-06-03;34375;25048;2509708;1122480;42.1;18.8
32;2021-06-04;35927;27691;2545635;1150171;42.7;19.3
32;2021-06-05;34438;22726;2580073;1172897;43.3;19.7
32;2021-06-06;16546;5725;2596619;1178622;43.5;19.8
32;2021-06-07;21200;19345;2617819;1197967;43.9;20.1
32;2021-06-08;26342;24277;2644161;1222244;44.3;20.5
32;2021-06-09;24419;24361;2668580;1246605;44.8;20.9
32;2021-06-10;25026;26463;2693606;1273068;45.2;21.4
32;2021-06-11;26361;36006;2719967;1309074;45.6;22.0
32;2021-06-12;26000;31519;2745967;1340593;46.1;22.5
32;2021-06-13;11814;14803;2757781;1355396;46.3;22.7
32;2021-06-14;13240;28040;2771021;1383436;46.5;23.2
32;2021-06-15;19610;34613;2790631;1418049;46.8;23.8
32;2021-06-16;20522;32498;2811153;1450547;47.1;24.3
32;2021-06-17;21418;35017;2832571;1485564;47.5;24.9
32;2021-06-18;21587;42666;2854158;1528230;47.9;25.6
32;2021-06-19;22600;43871;2876758;1572101;48.2;26.4
32;2021-06-20;9229;19128;2885987;1591229;48.4;26.7
32;2021-06-21;11383;34879;2897370;1626108;48.6;27.3
32;2021-06-22;13684;41864;2911054;1667972;48.8;28.0
32;2021-06-23;14330;43579;2925384;1711551;49.1;28.7
32;2021-06-24;15332;45815;2940716;1757366;49.3;29.5
32;2021-06-25;14749;53468;2955465;1810834;49.6;30.4
32;2021-06-26;15013;59621;2970478;1870455;49.8;31.4
32;2021-06-27;7458;33888;2977936;1904343;49.9;31.9
32;2021-06-28;10361;39095;2988297;1943438;50.1;32.6
32;2021-06-29;13190;44838;3001487;1988276;50.3;33.3
32;2021-06-30;14953;44193;3016440;2032469;50.6;34.1
32;2021-07-01;15585;44803;3032025;2077272;50.9;34.8
32;2021-07-02;16336;52169;3048361;2129441;51.1;35.7
32;2021-07-03;13164;60098;3061525;2189539;51.3;36.7
32;2021-07-04;7802;31727;3069327;2221266;51.5;37.3
32;2021-07-05;11150;35665;3080477;2256931;51.7;37.9
32;2021-07-06;14935;40291;3095412;2297222;51.9;38.5
32;2021-07-07;15645;39686;3111057;2336908;52.2;39.2
32;2021-07-08;19247;40311;3130304;2377219;52.5;39.9
32;2021-07-09;18485;46256;3148789;2423475;52.8;40.6
32;2021-07-10;17725;44722;3166514;2468197;53.1;41.4
32;2021-07-11;7846;16978;3174360;2485175;53.2;41.7
32;2021-07-12;11633;36866;3185993;2522041;53.4;42.3
44;2020-12-27;0;0;0;0;0.0;0.0
44;2020-12-28;0;0;0;0;0.0;0.0
44;2020-12-29;0;0;0;0;0.0;0.0
44;2020-12-30;1;0;1;0;0.0;0.0
44;2020-12-31;11;0;12;0;0.0;0.0
44;2021-01-01;2;0;14;0;0.0;0.0
44;2021-01-02;3;0;17;0;0.0;0.0
44;2021-01-03;3;0;20;0;0.0;0.0
44;2021-01-04;243;0;263;0;0.0;0.0
44;2021-01-05;773;0;1036;0;0.0;0.0
44;2021-01-06;1247;3;2283;3;0.0;0.0
44;2021-01-07;2432;5;4715;8;0.1;0.0
44;2021-01-08;3145;10;7860;18;0.1;0.0
44;2021-01-09;945;1;8805;19;0.2;0.0
44;2021-01-10;246;0;9051;19;0.2;0.0
44;2021-01-11;2992;7;12043;26;0.2;0.0
44;2021-01-12;5280;9;17323;35;0.3;0.0
44;2021-01-13;7667;19;24990;54;0.5;0.0
44;2021-01-14;9558;82;34548;136;0.6;0.0
44;2021-01-15;6714;27;41262;163;0.7;0.0
44;2021-01-16;1919;9;43181;172;0.8;0.0
44;2021-01-17;902;1;44083;173;0.8;0.0
44;2021-01-18;8727;29;52810;202;1.0;0.0
44;2021-01-19;10672;18;63482;220;1.2;0.0
44;2021-01-20;11027;48;74509;268;1.4;0.0
44;2021-01-21;11736;28;86245;296;1.6;0.0
44;2021-01-22;9641;31;95886;327;1.7;0.0
44;2021-01-23;3287;20;99173;347;1.8;0.0
44;2021-01-24;1569;4;100742;351;1.8;0.0
44;2021-01-25;6686;305;107428;656;1.9;0.0
44;2021-01-26;5644;436;113072;1092;2.1;0.0
44;2021-01-27;7381;603;120453;1695;2.2;0.0
44;2021-01-28;8838;1250;129291;2945;2.3;0.1
44;2021-01-29;6763;1803;136054;4748;2.5;0.1
44;2021-01-30;2549;497;138603;5245;2.5;0.1
44;2021-01-31;1253;55;139856;5300;2.5;0.1
44;2021-02-01;6385;2380;146241;7680;2.7;0.1
44;2021-02-02;6216;3809;152457;11489;2.8;0.2
44;2021-02-03;5603;4553;158060;16042;2.9;0.3
44;2021-02-04;6442;6959;164502;23001;3.0;0.4
44;2021-02-05;6390;5228;170892;28229;3.1;0.5
44;2021-02-06;1972;1204;172864;29433;3.1;0.5
44;2021-02-07;406;594;173270;30027;3.1;0.5
44;2021-02-08;3833;4462;177103;34489;3.2;0.6
44;2021-02-09;5724;5842;182827;40331;3.3;0.7
44;2021-02-10;6252;6019;189079;46350;3.4;0.8
44;2021-02-11;7071;6560;196150;52910;3.6;1.0
44;2021-02-12;7278;5553;203428;58463;3.7;1.1
44;2021-02-13;2543;1259;205971;59722;3.7;1.1
44;2021-02-14;1612;826;207583;60548;3.8;1.1
44;2021-02-15;4004;7214;211587;67762;3.8;1.2
44;2021-02-16;4565;7898;216152;75660;3.9;1.4
44;2021-02-17;4713;8417;220865;84077;4.0;1.5
44;2021-02-18;6073;9236;226938;93313;4.1;1.7
44;2021-02-19;5551;7479;232489;100792;4.2;1.8
44;2021-02-20;2339;2836;234828;103628;4.3;1.9
44;2021-02-21;543;1399;235371;105027;4.3;1.9
44;2021-02-22;4488;7016;239859;112043;4.4;2.0
44;2021-02-23;6031;7243;245890;119286;4.5;2.2
44;2021-02-24;6603;5906;252493;125192;4.6;2.3
44;2021-02-25;10547;7535;263040;132727;4.8;2.4
44;2021-02-26;12398;6370;275438;139097;5.0;2.5
44;2021-02-27;7894;2175;283332;141272;5.1;2.6
44;2021-02-28;2118;518;285450;141790;5.2;2.6
44;2021-03-01;6082;4670;291532;146460;5.3;2.7
44;2021-03-02;9396;5671;300928;152131;5.5;2.8
44;2021-03-03;11278;5603;312206;157734;5.7;2.9
44;2021-03-04;13278;5803;325484;163537;5.9;3.0
44;2021-03-05;17902;5714;343386;169251;6.2;3.1
44;2021-03-06;21386;2186;364772;171437;6.6;3.1
44;2021-03-07;12208;759;376980;172196;6.8;3.1
44;2021-03-08;9426;4279;386406;176475;7.0;3.2
44;2021-03-09;15207;4998;401613;181473;7.3;3.3
44;2021-03-10;16605;5199;418218;186672;7.6;3.4
44;2021-03-11;20361;5686;438579;192358;8.0;3.5
44;2021-03-12;26824;5563;465403;197921;8.4;3.6
44;2021-03-13;24227;2441;489630;200362;8.9;3.6
44;2021-03-14;6765;893;496395;201255;9.0;3.7
44;2021-03-15;12960;3470;509355;204725;9.2;3.7
44;2021-03-16;12841;3965;522196;208690;9.5;3.8
44;2021-03-17;14197;3648;536393;212338;9.7;3.9
44;2021-03-18;15417;3784;551810;216122;10.0;3.9
44;2021-03-19;21425;3924;573235;220046;10.4;4.0
44;2021-03-20;15569;1973;588804;222019;10.7;4.0
44;2021-03-21;4621;298;593425;222317;10.8;4.0
44;2021-03-22;12526;3935;605951;226252;11.0;4.1
44;2021-03-23;19455;5067;625406;231319;11.3;4.2
44;2021-03-24;22049;5202;647455;236521;11.7;4.3
44;2021-03-25;28246;5800;675701;242321;12.3;4.4
44;2021-03-26;30557;5513;706258;247834;12.8;4.5
44;2021-03-27;16235;4703;722493;252537;13.1;4.6
44;2021-03-28;4080;1973;726573;254510;13.2;4.6
44;2021-03-29;14311;6125;740884;260635;13.4;4.7
44;2021-03-30;21445;7823;762329;268458;13.8;4.9
44;2021-03-31;20128;7993;782457;276451;14.2;5.0
44;2021-04-01;23573;9345;806030;285796;14.6;5.2
44;2021-04-02;16235;6922;822265;292718;14.9;5.3
44;2021-04-03;10189;5765;832454;298483;15.1;5.4
44;2021-04-04;3133;1655;835587;300138;15.2;5.4
44;2021-04-05;4426;1416;840013;301554;15.2;5.5
44;2021-04-06;13429;10536;853442;312090;15.5;5.7
44;2021-04-07;17676;12102;871118;324192;15.8;5.9
44;2021-04-08;26078;12415;897196;336607;16.3;6.1
44;2021-04-09;32287;12737;929483;349344;16.9;6.3
44;2021-04-10;18293;10068;947776;359412;17.2;6.5
44;2021-04-11;3031;5959;950807;365371;17.3;6.6
44;2021-04-12;16957;11236;967764;376607;17.6;6.8
44;2021-04-13;21992;13750;989756;390357;18.0;7.1
44;2021-04-14;23142;14070;1012898;404427;18.4;7.3
44;2021-04-15;26306;15355;1039204;419782;18.9;7.6
44;2021-04-16;28144;15219;1067348;435001;19.4;7.9
44;2021-04-17;19847;9064;1087195;444065;19.7;8.1
44;2021-04-18;5056;4631;1092251;448696;19.8;8.1
44;2021-04-19;16930;11727;1109181;460423;20.1;8.4
44;2021-04-20;19109;14282;1128290;474705;20.5;8.6
44;2021-04-21;21159;14940;1149449;489645;20.9;8.9
44;2021-04-22;23714;15893;1173163;505538;21.3;9.2
44;2021-04-23;27828;16580;1200991;522118;21.8;9.5
44;2021-04-24;16986;9167;1217977;531285;22.1;9.6
44;2021-04-25;4827;3562;1222804;534847;22.2;9.7
44;2021-04-26;16714;12004;1239518;546851;22.5;9.9
44;2021-04-27;21167;14613;1260685;561464;22.9;10.2
44;2021-04-28;23828;14836;1284513;576300;23.3;10.5
44;2021-04-29;28178;16989;1312691;593289;23.8;10.8
44;2021-04-30;33124;16082;1345815;609371;24.4;11.1
44;2021-05-01;14856;7032;1360671;616403;24.7;11.2
44;2021-05-02;7908;3995;1368579;620398;24.8;11.3
44;2021-05-03;24014;12356;1392593;632754;25.3;11.5
44;2021-05-04;26973;17328;1419566;650082;25.8;11.8
44;2021-05-05;30829;19176;1450395;669258;26.3;12.1
44;2021-05-06;37992;21145;1488387;690403;27.0;12.5
44;2021-05-07;36154;24804;1524541;715207;27.7;13.0
44;2021-05-08;19575;6716;1544116;721923;28.0;13.1
44;2021-05-09;11307;2905;1555423;724828;28.2;13.2
44;2021-05-10;24507;20808;1579930;745636;28.7;13.5
44;2021-05-11;34429;22934;1614359;768570;29.3;13.9
44;2021-05-12;37119;24025;1651478;792595;30.0;14.4
44;2021-05-13;27894;6377;1679372;798972;30.5;14.5
44;2021-05-14;44214;18903;1723586;817875;31.3;14.8
44;2021-05-15;34033;14098;1757619;831973;31.9;15.1
44;2021-05-16;15607;3512;1773226;835485;32.2;15.2
44;2021-05-17;27208;14565;1800434;850050;32.7;15.4
44;2021-05-18;35299;15305;1835733;865355;33.3;15.7
44;2021-05-19;36936;16428;1872669;881783;34.0;16.0
44;2021-05-20;40953;16491;1913622;898274;34.7;16.3
44;2021-05-21;42920;20936;1956542;919210;35.5;16.7
44;2021-05-22;27774;11615;1984316;930825;36.0;16.9
44;2021-05-23;8694;1718;1993010;932543;36.2;16.9
44;2021-05-24;17966;4680;2010976;937223;36.5;17.0
44;2021-05-25;30486;17663;2041462;954886;37.0;17.3
44;2021-05-26;32792;19530;2074254;974416;37.6;17.7
44;2021-05-27;34662;20880;2108916;995296;38.3;18.1
44;2021-05-28;37674;27843;2146590;1023139;38.9;18.6
44;2021-05-29;26881;20122;2173471;1043261;39.4;18.9
44;2021-05-30;6160;4213;2179631;1047474;39.5;19.0
44;2021-05-31;27110;19704;2206741;1067178;40.0;19.4
44;2021-06-01;31660;22896;2238401;1090074;40.6;19.8
44;2021-06-02;33759;22910;2272160;1112984;41.2;20.2
44;2021-06-03;34642;25261;2306802;1138245;41.9;20.7
44;2021-06-04;40050;32127;2346852;1170372;42.6;21.2
44;2021-06-05;23100;20127;2369952;1190499;43.0;21.6
44;2021-06-06;8339;4445;2378291;1194944;43.1;21.7
44;2021-06-07;28163;22028;2406454;1216972;43.7;22.1
44;2021-06-08;33104;26650;2439558;1243622;44.3;22.6
44;2021-06-09;35671;24871;2475229;1268493;44.9;23.0
44;2021-06-10;34647;25623;2509876;1294116;45.5;23.5
44;2021-06-11;32382;35336;2542258;1329452;46.1;24.1
44;2021-06-12;25762;23443;2568020;1352895;46.6;24.5
44;2021-06-13;6787;6063;2574807;1358958;46.7;24.7
44;2021-06-14;17640;29546;2592447;1388504;47.0;25.2
44;2021-06-15;23624;34985;2616071;1423489;47.5;25.8
44;2021-06-16;24328;36653;2640399;1460142;47.9;26.5
44;2021-06-17;23805;39287;2664204;1499429;48.3;27.2
44;2021-06-18;26486;43012;2690690;1542441;48.8;28.0
44;2021-06-19;21036;28223;2711726;1570664;49.2;28.5
44;2021-06-20;3680;6650;2715406;1577314;49.3;28.6
44;2021-06-21;14799;34068;2730205;1611382;49.5;29.2
44;2021-06-22;15447;41601;2745652;1652983;49.8;30.0
44;2021-06-23;20079;41368;2765731;1694351;50.2;30.7
44;2021-06-24;16539;34254;2782270;1728605;50.5;31.4
44;2021-06-25;18895;49488;2801165;1778093;50.8;32.3
44;2021-06-26;14150;37353;2815315;1815446;51.1;32.9
44;2021-06-27;3419;11550;2818734;1826996;51.1;33.1
44;2021-06-28;11388;37442;2830122;1864438;51.3;33.8
44;2021-06-29;11892;41959;2842014;1906397;51.6;34.6
44;2021-06-30;14681;43471;2856695;1949868;51.8;35.4
44;2021-07-01;15385;39477;2872080;1989345;52.1;36.1
44;2021-07-02;16354;51587;2888434;2040932;52.4;37.0
44;2021-07-03;13162;31223;2901596;2072155;52.6;37.6
44;2021-07-04;3091;8710;2904687;2080865;52.7;37.8
44;2021-07-05;10268;36526;2914955;2117391;52.9;38.4
44;2021-07-06;13301;39315;2928256;2156706;53.1;39.1
44;2021-07-07;15088;39520;2943344;2196226;53.4;39.8
44;2021-07-08;16200;34143;2959544;2230369;53.7;40.5
44;2021-07-09;17953;48241;2977497;2278610;54.0;41.3
44;2021-07-10;12903;32362;2990400;2310972;54.3;41.9
44;2021-07-11;3259;7555;2993659;2318527;54.3;42.1
44;2021-07-12;12161;39689;3005820;2358216;54.5;42.8
52;2020-12-27;0;0;0;0;0.0;0.0
52;2020-12-28;2;0;2;0;0.0;0.0
52;2020-12-29;0;0;2;0;0.0;0.0
52;2020-12-30;1;0;3;0;0.0;0.0
52;2020-12-31;0;0;3;0;0.0;0.0
52;2021-01-01;4;0;7;0;0.0;0.0
52;2021-01-02;1;0;8;0;0.0;0.0
52;2021-01-03;1;0;9;0;0.0;0.0
52;2021-01-04;34;0;43;0;0.0;0.0
52;2021-01-05;168;0;211;0;0.0;0.0
52;2021-01-06;384;1;595;1;0.0;0.0
52;2021-01-07;964;0;1559;1;0.0;0.0
52;2021-01-08;1664;3;3223;4;0.1;0.0
52;2021-01-09;1049;3;4272;7;0.1;0.0
52;2021-01-10;643;1;4915;8;0.1;0.0
52;2021-01-11;2199;0;7114;8;0.2;0.0
52;2021-01-12;3170;4;10284;12;0.3;0.0
52;2021-01-13;2984;4;13268;16;0.3;0.0
52;2021-01-14;3304;25;16572;41;0.4;0.0
52;2021-01-15;3016;10;19588;51;0.5;0.0
52;2021-01-16;896;5;20484;56;0.5;0.0
52;2021-01-17;499;4;20983;60;0.6;0.0
52;2021-01-18;3199;6;24182;66;0.6;0.0
52;2021-01-19;6556;9;30738;75;0.8;0.0
52;2021-01-20;8343;11;39081;86;1.0;0.0
52;2021-01-21;12174;13;51255;99;1.3;0.0
52;2021-01-22;7274;30;58529;129;1.5;0.0
52;2021-01-23;1678;4;60207;133;1.6;0.0
52;2021-01-24;174;0;60381;133;1.6;0.0
52;2021-01-25;3006;14;63387;147;1.7;0.0
52;2021-01-26;6741;153;70128;300;1.8;0.0
52;2021-01-27;7285;152;77413;452;2.0;0.0
52;2021-01-28;9729;470;87142;922;2.3;0.0
52;2021-01-29;5956;907;93098;1829;2.4;0.0
52;2021-01-30;1259;269;94357;2098;2.5;0.1
52;2021-01-31;79;314;94436;2412;2.5;0.1
52;2021-02-01;2522;1184;96958;3596;2.6;0.1
52;2021-02-02;2970;1853;99928;5449;2.6;0.1
52;2021-02-03;2686;2152;102614;7601;2.7;0.2
52;2021-02-04;2963;2110;105577;9711;2.8;0.3
52;2021-02-05;2965;2207;108542;11918;2.9;0.3
52;2021-02-06;1076;661;109618;12579;2.9;0.3
52;2021-02-07;151;297;109769;12876;2.9;0.3
52;2021-02-08;1929;2114;111698;14990;2.9;0.4
52;2021-02-09;3174;3714;114872;18704;3.0;0.5
52;2021-02-10;3324;4756;118196;23460;3.1;0.6
52;2021-02-11;6100;9282;124296;32742;3.3;0.9
52;2021-02-12;4705;5132;129001;37874;3.4;1.0
52;2021-02-13;1149;1244;130150;39118;3.4;1.0
52;2021-02-14;22;540;130172;39658;3.4;1.0
52;2021-02-15;2028;3519;132200;43177;3.5;1.1
52;2021-02-16;4134;6749;136334;49926;3.6;1.3
52;2021-02-17;3878;6928;140212;56854;3.7;1.5
52;2021-02-18;6139;9282;146351;66136;3.8;1.7
52;2021-02-19;5335;5835;151686;71971;4.0;1.9
52;2021-02-20;1028;1465;152714;73436;4.0;1.9
52;2021-02-21;7;274;152721;73710;4.0;1.9
52;2021-02-22;2647;3481;155368;77191;4.1;2.0
52;2021-02-23;3425;3672;158793;80863;4.2;2.1
52;2021-02-24;3322;3037;162115;83900;4.3;2.2
52;2021-02-25;6353;3215;168468;87115;4.4;2.3
52;2021-02-26;6215;2908;174683;90023;4.6;2.4
52;2021-02-27;2217;1041;176900;91064;4.7;2.4
52;2021-02-28;76;88;176976;91152;4.7;2.4
52;2021-03-01;3116;2329;180092;93481;4.7;2.5
52;2021-03-02;4723;3425;184815;96906;4.9;2.5
52;2021-03-03;5285;3356;190100;100262;5.0;2.6
52;2021-03-04;7796;4768;197896;105030;5.2;2.8
52;2021-03-05;9008;3930;206904;108960;5.4;2.9
52;2021-03-06;5637;1147;212541;110107;5.6;2.9
52;2021-03-07;2661;138;215202;110245;5.7;2.9
52;2021-03-08;5846;2408;221048;112653;5.8;3.0
52;2021-03-09;9549;3329;230597;115982;6.1;3.1
52;2021-03-10;9388;3351;239985;119333;6.3;3.1
52;2021-03-11;13577;5015;253562;124348;6.7;3.3
52;2021-03-12;15334;3734;268896;128082;7.1;3.4
52;2021-03-13;8289;769;277185;128851;7.3;3.4
52;2021-03-14;624;72;277809;128923;7.3;3.4
52;2021-03-15;8834;1910;286643;130833;7.5;3.4
52;2021-03-16;7576;2608;294219;133441;7.7;3.5
52;2021-03-17;6457;2378;300676;135819;7.9;3.6
52;2021-03-18;8304;2505;308980;138324;8.1;3.6
52;2021-03-19;11895;2138;320875;140462;8.4;3.7
52;2021-03-20;7089;765;327964;141227;8.6;3.7
52;2021-03-21;1690;47;329654;141274;8.7;3.7
52;2021-03-22;9013;2005;338667;143279;8.9;3.8
52;2021-03-23;13180;2601;351847;145880;9.3;3.8
52;2021-03-24;13258;2041;365105;147921;9.6;3.9
52;2021-03-25;18204;2815;383309;150736;10.1;4.0
52;2021-03-26;18940;2384;402249;153120;10.6;4.0
52;2021-03-27;7553;658;409802;153778;10.8;4.0
52;2021-03-28;2195;70;411997;153848;10.8;4.0
52;2021-03-29;10970;2716;422967;156564;11.1;4.1
52;2021-03-30;15680;3608;438647;160172;11.5;4.2
52;2021-03-31;13693;3281;452340;163453;11.9;4.3
52;2021-04-01;18874;3696;471214;167149;12.4;4.4
52;2021-04-02;17088;3519;488302;170668;12.8;4.5
52;2021-04-03;5516;1191;493818;171859;13.0;4.5
52;2021-04-04;1324;51;495142;171910;13.0;4.5
52;2021-04-05;1787;536;496929;172446;13.1;4.5
52;2021-04-06;11787;5236;508716;177682;13.4;4.7
52;2021-04-07;15191;5681;523907;183363;13.8;4.8
52;2021-04-08;21240;6347;545147;189710;14.3;5.0
52;2021-04-09;26668;5298;571815;195008;15.0;5.1
52;2021-04-10;10129;2365;581944;197373;15.3;5.2
52;2021-04-11;2571;433;584515;197806;15.4;5.2
52;2021-04-12;16343;6556;600858;204362;15.8;5.4
52;2021-04-13;20742;8151;621600;212513;16.4;5.6
52;2021-04-14;17659;6885;639259;219398;16.8;5.8
52;2021-04-15;21162;7981;660421;227379;17.4;6.0
52;2021-04-16;22600;7427;683021;234806;18.0;6.2
52;2021-04-17;9990;3039;693011;237845;18.2;6.3
52;2021-04-18;3038;1305;696049;239150;18.3;6.3
52;2021-04-19;14177;7802;710226;246952;18.7;6.5
52;2021-04-20;18267;9376;728493;256328;19.2;6.7
52;2021-04-21;15987;9187;744480;265515;19.6;7.0
52;2021-04-22;19435;10193;763915;275708;20.1;7.3
52;2021-04-23;20530;9977;784445;285685;20.6;7.5
52;2021-04-24;10026;4981;794471;290666;20.9;7.6
52;2021-04-25;3979;1953;798450;292619;21.0;7.7
52;2021-04-26;16832;9915;815282;302534;21.4;8.0
52;2021-04-27;21064;12553;836346;315087;22.0;8.3
52;2021-04-28;22761;10696;859107;325783;22.6;8.6
52;2021-04-29;25004;12709;884111;338492;23.3;8.9
52;2021-04-30;25642;12501;909753;350993;23.9;9.2
52;2021-05-01;8621;2483;918374;353476;24.2;9.3
52;2021-05-02;4300;1277;922674;354753;24.3;9.3
52;2021-05-03;19068;10627;941742;365380;24.8;9.6
52;2021-05-04;20079;14411;961821;379791;25.3;10.0
52;2021-05-05;20853;12759;982674;392550;25.8;10.3
52;2021-05-06;22472;13845;1005146;406395;26.4;10.7
52;2021-05-07;20695;18007;1025841;424402;27.0;11.2
52;2021-05-08;11228;2091;1037069;426493;27.3;11.2
52;2021-05-09;5406;2232;1042475;428725;27.4;11.3
52;2021-05-10;20786;17261;1063261;445986;28.0;11.7
52;2021-05-11;24883;19554;1088144;465540;28.6;12.2
52;2021-05-12;24818;17096;1112962;482636;29.3;12.7
52;2021-05-13;18581;2751;1131543;485387;29.8;12.8
52;2021-05-14;22778;12433;1154321;497820;30.4;13.1
52;2021-05-15;15651;5212;1169972;503032;30.8;13.2
52;2021-05-16;10289;1165;1180261;504197;31.0;13.3
52;2021-05-17;21131;14684;1201392;518881;31.6;13.6
52;2021-05-18;24844;15038;1226236;533919;32.3;14.0
52;2021-05-19;26825;11478;1253061;545397;33.0;14.3
52;2021-05-20;29354;12044;1282415;557441;33.7;14.7
52;2021-05-21;27365;13875;1309780;571316;34.5;15.0
52;2021-05-22;15429;4727;1325209;576043;34.9;15.2
52;2021-05-23;4479;1146;1329688;577189;35.0;15.2
52;2021-05-24;16033;2776;1345721;579965;35.4;15.3
52;2021-05-25;24467;14583;1370188;594548;36.0;15.6
52;2021-05-26;25316;12649;1395504;607197;36.7;16.0
52;2021-05-27;29119;14851;1424623;622048;37.5;16.4
52;2021-05-28;27959;17846;1452582;639894;38.2;16.8
52;2021-05-29;18367;7786;1470949;647680;38.7;17.0
52;2021-05-30;4238;1709;1475187;649389;38.8;17.1
52;2021-05-31;24467;15881;1499654;665270;39.4;17.5
52;2021-06-01;28883;17800;1528537;683070;40.2;18.0
52;2021-06-02;27551;15208;1556088;698278;40.9;18.4
52;2021-06-03;31752;16278;1587840;714556;41.8;18.8
52;2021-06-04;29246;20731;1617086;735287;42.5;19.3
52;2021-06-05;14547;11765;1631633;747052;42.9;19.6
52;2021-06-06;4785;3519;1636418;750571;43.0;19.7
52;2021-06-07;21731;20862;1658149;771433;43.6;20.3
52;2021-06-08;26483;22017;1684632;793450;44.3;20.9
52;2021-06-09;25676;18616;1710308;812066;45.0;21.4
52;2021-06-10;28748;17617;1739056;829683;45.7;21.8
52;2021-06-11;26980;24296;1766036;853979;46.5;22.5
52;2021-06-12;14612;11823;1780648;865802;46.8;22.8
52;2021-06-13;4394;4522;1785042;870324;47.0;22.9
52;2021-06-14;17616;25435;1802658;895759;47.4;23.6
52;2021-06-15;23714;25358;1826372;921117;48.0;24.2
52;2021-06-16;23285;22501;1849657;943618;48.7;24.8
52;2021-06-17;25922;23148;1875579;966766;49.3;25.4
52;2021-06-18;23258;28790;1898837;995556;49.9;26.2
52;2021-06-19;12438;14254;1911275;1009810;50.3;26.6
52;2021-06-20;3015;4419;1914290;1014229;50.4;26.7
52;2021-06-21;14821;28936;1929111;1043165;50.7;27.4
52;2021-06-22;17386;31843;1946497;1075008;51.2;28.3
52;2021-06-23;18409;27055;1964906;1102063;51.7;29.0
52;2021-06-24;20985;24156;1985891;1126219;52.2;29.6
52;2021-06-25;16639;31354;2002530;1157573;52.7;30.4
52;2021-06-26;8442;18107;2010972;1175680;52.9;30.9
52;2021-06-27;1336;7444;2012308;1183124;52.9;31.1
52;2021-06-28;10622;31172;2022930;1214296;53.2;31.9
52;2021-06-29;13436;34623;2036366;1248919;53.6;32.9
52;2021-06-30;13670;29151;2050036;1278070;53.9;33.6
52;2021-07-01;16028;29883;2066064;1307953;54.3;34.4
52;2021-07-02;14778;34401;2080842;1342354;54.7;35.3
52;2021-07-03;7272;19340;2088114;1361694;54.9;35.8
52;2021-07-04;1697;5318;2089811;1367012;55.0;36.0
52;2021-07-05;9565;31835;2099376;1398847;55.2;36.8
52;2021-07-06;11595;35392;2110971;1434239;55.5;37.7
52;2021-07-07;12587;30831;2123558;1465070;55.9;38.5
52;2021-07-08;14785;31193;2138343;1496263;56.2;39.4
52;2021-07-09;13132;37605;2151475;1533868;56.6;40.3
52;2021-07-10;6685;18872;2158160;1552740;56.8;40.8
52;2021-07-11;2213;5188;2160373;1557928;56.8;41.0
52;2021-07-12;9686;36269;2170059;1594197;57.1;41.9
53;2020-12-27;0;0;0;0;0.0;0.0
53;2020-12-28;1;0;1;0;0.0;0.0
53;2020-12-29;0;0;1;0;0.0;0.0
53;2020-12-30;0;0;1;0;0.0;0.0
53;2020-12-31;0;0;1;0;0.0;0.0
53;2021-01-01;2;0;3;0;0.0;0.0
53;2021-01-02;4;0;7;0;0.0;0.0
53;2021-01-03;1;0;8;0;0.0;0.0
53;2021-01-04;43;0;51;0;0.0;0.0
53;2021-01-05;200;0;251;0;0.0;0.0
53;2021-01-06;331;1;582;1;0.0;0.0
53;2021-01-07;835;1;1417;2;0.0;0.0
53;2021-01-08;1214;2;2631;4;0.1;0.0
53;2021-01-09;34;0;2665;4;0.1;0.0
53;2021-01-10;4;0;2669;4;0.1;0.0
53;2021-01-11;1663;3;4332;7;0.1;0.0
53;2021-01-12;3381;1;7713;8;0.2;0.0
53;2021-01-13;3355;5;11068;13;0.3;0.0
53;2021-01-14;3812;31;14880;44;0.4;0.0
53;2021-01-15;3299;16;18179;60;0.5;0.0
53;2021-01-16;684;4;18863;64;0.6;0.0
53;2021-01-17;181;1;19044;65;0.6;0.0
53;2021-01-18;3363;7;22407;72;0.7;0.0
53;2021-01-19;8177;10;30584;82;0.9;0.0
53;2021-01-20;7061;4;37645;86;1.1;0.0
53;2021-01-21;11495;9;49140;95;1.5;0.0
53;2021-01-22;7824;14;56964;109;1.7;0.0
53;2021-01-23;1493;2;58457;111;1.8;0.0
53;2021-01-24;255;1;58712;112;1.8;0.0
53;2021-01-25;3057;34;61769;146;1.8;0.0
53;2021-01-26;4117;233;65886;379;2.0;0.0
53;2021-01-27;7240;323;73126;702;2.2;0.0
53;2021-01-28;7138;645;80264;1347;2.4;0.0
53;2021-01-29;4233;731;84497;2078;2.5;0.1
53;2021-01-30;844;43;85341;2121;2.6;0.1
53;2021-01-31;80;3;85421;2124;2.6;0.1
53;2021-02-01;2211;1026;87632;3150;2.6;0.1
53;2021-02-02;3436;2014;91068;5164;2.7;0.2
53;2021-02-03;3175;2185;94243;7349;2.8;0.2
53;2021-02-04;7098;2265;101341;9614;3.0;0.3
53;2021-02-05;5588;2135;106929;11749;3.2;0.4
53;2021-02-06;1203;276;108132;12025;3.2;0.4
53;2021-02-07;214;131;108346;12156;3.2;0.4
53;2021-02-08;1651;1530;109997;13686;3.3;0.4
53;2021-02-09;3978;5254;113975;18940;3.4;0.6
53;2021-02-10;3795;4646;117770;23586;3.5;0.7
53;2021-02-11;5738;8793;123508;32379;3.7;1.0
53;2021-02-12;5662;5251;129170;37630;3.9;1.1
53;2021-02-13;1231;851;130401;38481;3.9;1.2
53;2021-02-14;25;348;130426;38829;3.9;1.2
53;2021-02-15;2326;3577;132752;42406;4.0;1.3
53;2021-02-16;4052;3533;136804;45939;4.1;1.4
53;2021-02-17;4076;5381;140880;51320;4.2;1.5
53;2021-02-18;5954;5734;146834;57054;4.4;1.7
53;2021-02-19;5355;4838;152189;61892;4.6;1.9
53;2021-02-20;1189;890;153378;62782;4.6;1.9
53;2021-02-21;166;218;153544;63000;4.6;1.9
53;2021-02-22;2318;2816;155862;65816;4.7;2.0
53;2021-02-23;3947;3661;159809;69477;4.8;2.1
53;2021-02-24;4474;3780;164283;73257;4.9;2.2
53;2021-02-25;7953;7128;172236;80385;5.2;2.4
53;2021-02-26;8679;4403;180915;84788;5.4;2.5
53;2021-02-27;3448;1105;184363;85893;5.5;2.6
53;2021-02-28;228;194;184591;86087;5.5;2.6
53;2021-03-01;3483;2262;188074;88349;5.6;2.6
53;2021-03-02;5616;4450;193690;92799;5.8;2.8
53;2021-03-03;6451;3760;200141;96559;6.0;2.9
53;2021-03-04;9292;4913;209433;101472;6.3;3.0
53;2021-03-05;11914;5214;221347;106686;6.6;3.2
53;2021-03-06;5641;1021;226988;107707;6.8;3.2
53;2021-03-07;913;146;227901;107853;6.8;3.2
53;2021-03-08;5168;2200;233069;110053;7.0;3.3
53;2021-03-09;9664;2916;242733;112969;7.3;3.4
53;2021-03-10;9281;3364;252014;116333;7.5;3.5
53;2021-03-11;14306;4046;266320;120379;8.0;3.6
53;2021-03-12;18603;3271;284923;123650;8.5;3.7
53;2021-03-13;8817;953;293740;124603;8.8;3.7
53;2021-03-14;812;50;294552;124653;8.8;3.7
53;2021-03-15;6903;2025;301455;126678;9.0;3.8
53;2021-03-16;6986;3365;308441;130043;9.2;3.9
53;2021-03-17;8228;2791;316669;132834;9.5;4.0
53;2021-03-18;8717;4632;325386;137466;9.7;4.1
53;2021-03-19;12996;3586;338382;141052;10.1;4.2
53;2021-03-20;7128;817;345510;141869;10.3;4.2
53;2021-03-21;383;32;345893;141901;10.4;4.2
53;2021-03-22;7349;2153;353242;144054;10.6;4.3
53;2021-03-23;12990;3655;366232;147709;11.0;4.4
53;2021-03-24;14403;3218;380635;150927;11.4;4.5
53;2021-03-25;18294;3354;398929;154281;11.9;4.6
53;2021-03-26;20329;3180;419258;157461;12.6;4.7
53;2021-03-27;7410;1014;426668;158475;12.8;4.7
53;2021-03-28;530;83;427198;158558;12.8;4.7
53;2021-03-29;9801;3140;436999;161698;13.1;4.8
53;2021-03-30;15315;4586;452314;166284;13.5;5.0
53;2021-03-31;14154;4260;466468;170544;14.0;5.1
53;2021-04-01;18210;4267;484678;174811;14.5;5.2
53;2021-04-02;17906;4321;502584;179132;15.0;5.4
53;2021-04-03;6441;1425;509025;180557;15.2;5.4
53;2021-04-04;414;33;509439;180590;15.3;5.4
53;2021-04-05;1233;337;510672;180927;15.3;5.4
53;2021-04-06;12530;5655;523202;186582;15.7;5.6
53;2021-04-07;15022;5306;538224;191888;16.1;5.7
53;2021-04-08;20721;6074;558945;197962;16.7;5.9
53;2021-04-09;26694;5562;585639;203524;17.5;6.1
53;2021-04-10;10354;1724;595993;205248;17.8;6.1
53;2021-04-11;817;212;596810;205460;17.9;6.2
53;2021-04-12;15850;4889;612660;210349;18.3;6.3
53;2021-04-13;22710;7248;635370;217597;19.0;6.5
53;2021-04-14;19365;7912;654735;225509;19.6;6.8
53;2021-04-15;25409;8049;680144;233558;20.4;7.0
53;2021-04-16;26214;7532;706358;241090;21.1;7.2
53;2021-04-17;10422;3584;716780;244674;21.5;7.3
53;2021-04-18;1036;149;717816;244823;21.5;7.3
53;2021-04-19;15414;6515;733230;251338;22.0;7.5
53;2021-04-20;16931;9500;750161;260838;22.5;7.8
53;2021-04-21;16756;9423;766917;270261;23.0;8.1
53;2021-04-22;21783;10178;788700;280439;23.6;8.4
53;2021-04-23;21665;10045;810365;290484;24.3;8.7
53;2021-04-24;9991;4165;820356;294649;24.6;8.8
53;2021-04-25;911;333;821267;294982;24.6;8.8
53;2021-04-26;18236;8484;839503;303466;25.1;9.1
53;2021-04-27;19859;12051;859362;315517;25.7;9.4
53;2021-04-28;19950;10814;879312;326331;26.3;9.8
53;2021-04-29;23570;12268;902882;338599;27.0;10.1
53;2021-04-30;23910;12434;926792;351033;27.7;10.5
53;2021-05-01;5130;1639;931922;352672;27.9;10.6
53;2021-05-02;2798;522;934720;353194;28.0;10.6
53;2021-05-03;15716;9366;950436;362560;28.5;10.9
53;2021-05-04;15702;15844;966138;378404;28.9;11.3
53;2021-05-05;14947;14686;981085;393090;29.4;11.8
53;2021-05-06;19266;17838;1000351;410928;29.9;12.3
53;2021-05-07;18651;18198;1019002;429126;30.5;12.8
53;2021-05-08;5487;1126;1024489;430252;30.7;12.9
53;2021-05-09;3512;861;1028001;431113;30.8;12.9
53;2021-05-10;16684;15226;1044685;446339;31.3;13.4
53;2021-05-11;18683;18710;1063368;465049;31.8;13.9
53;2021-05-12;21205;15619;1084573;480668;32.5;14.4
53;2021-05-13;9030;3955;1093603;484623;32.7;14.5
53;2021-05-14;21715;13702;1115318;498325;33.4;14.9
53;2021-05-15;13431;5343;1128749;503668;33.8;15.1
53;2021-05-16;3226;876;1131975;504544;33.9;15.1
53;2021-05-17;18195;11176;1150170;515720;34.4;15.4
53;2021-05-18;21066;12423;1171236;528143;35.1;15.8
53;2021-05-19;21694;10652;1192930;538795;35.7;16.1
53;2021-05-20;23955;14722;1216885;553517;36.4;16.6
53;2021-05-21;22937;15240;1239822;568757;37.1;17.0
53;2021-05-22;13211;5838;1253033;574595;37.5;17.2
53;2021-05-23;3000;319;1256033;574914;37.6;17.2
53;2021-05-24;14036;2521;1270069;577435;38.0;17.3
53;2021-05-25;20102;12881;1290171;590316;38.6;17.7
53;2021-05-26;19511;13806;1309682;604122;39.2;18.1
53;2021-05-27;22171;17455;1331853;621577;39.9;18.6
53;2021-05-28;21865;20403;1353718;641980;40.5;19.2
53;2021-05-29;12173;7349;1365891;649329;40.9;19.4
53;2021-05-30;2323;471;1368214;649800;41.0;19.5
53;2021-05-31;20817;14189;1389031;663989;41.6;19.9
53;2021-06-01;23031;16522;1412062;680511;42.3;20.4
53;2021-06-02;21908;14230;1433970;694741;42.9;20.8
53;2021-06-03;25086;16877;1459056;711618;43.7;21.3
53;2021-06-04;23130;22568;1482186;734186;44.4;22.0
53;2021-06-05;17329;9014;1499515;743200;44.9;22.2
53;2021-06-06;5015;1327;1504530;744527;45.0;22.3
53;2021-06-07;18417;17754;1522947;762281;45.6;22.8
53;2021-06-08;23398;18040;1546345;780321;46.3;23.4
53;2021-06-09;23648;15874;1569993;796195;47.0;23.8
53;2021-06-10;26831;16886;1596824;813081;47.8;24.3
53;2021-06-11;26233;21436;1623057;834517;48.6;25.0
53;2021-06-12;18623;7516;1641680;842033;49.1;25.2
53;2021-06-13;7800;3121;1649480;845154;49.4;25.3
53;2021-06-14;16044;19848;1665524;865002;49.9;25.9
53;2021-06-15;20092;21004;1685616;886006;50.5;26.5
53;2021-06-16;21201;18565;1706817;904571;51.1;27.1
53;2021-06-17;21902;20132;1728719;924703;51.8;27.7
53;2021-06-18;22246;25693;1750965;950396;52.4;28.5
53;2021-06-19;12845;9629;1763810;960025;52.8;28.7
53;2021-06-20;5453;2685;1769263;962710;53.0;28.8
53;2021-06-21;14594;22385;1783857;985095;53.4;29.5
53;2021-06-22;16991;24956;1800848;1010051;53.9;30.2
53;2021-06-23;16741;23572;1817589;1033623;54.4;30.9
53;2021-06-24;19030;21892;1836619;1055515;55.0;31.6
53;2021-06-25;15509;29078;1852128;1084593;55.4;32.5
53;2021-06-26;7135;13958;1859263;1098551;55.7;32.9
53;2021-06-27;3882;3326;1863145;1101877;55.8;33.0
53;2021-06-28;9633;24230;1872778;1126107;56.1;33.7
53;2021-06-29;11475;27405;1884253;1153512;56.4;34.5
53;2021-06-30;12095;26716;1896348;1180228;56.8;35.3
53;2021-07-01;14116;26948;1910464;1207176;57.2;36.1
53;2021-07-02;13129;31836;1923593;1239012;57.6;37.1
53;2021-07-03;6533;15404;1930126;1254416;57.8;37.6
53;2021-07-04;3850;4489;1933976;1258905;57.9;37.7
53;2021-07-05;8950;26622;1942926;1285527;58.2;38.5
53;2021-07-06;10646;29428;1953572;1314955;58.5;39.4
53;2021-07-07;11694;25946;1965266;1340901;58.8;40.1
53;2021-07-08;13180;27815;1978446;1368716;59.2;41.0
53;2021-07-09;11006;33098;1989452;1401814;59.6;42.0
53;2021-07-10;5642;15592;1995094;1417406;59.7;42.4
53;2021-07-11;2446;3831;1997540;1421237;59.8;42.5
53;2021-07-12;9253;28820;2006793;1450057;60.1;43.4
75;2020-12-27;1;0;1;0;0.0;0.0
75;2020-12-28;3;0;4;0;0.0;0.0
75;2020-12-29;3;0;7;0;0.0;0.0
75;2020-12-30;2;0;9;0;0.0;0.0
75;2020-12-31;0;0;9;0;0.0;0.0
75;2021-01-01;4;0;13;0;0.0;0.0
75;2021-01-02;2;0;15;0;0.0;0.0
75;2021-01-03;0;0;15;0;0.0;0.0
75;2021-01-04;90;0;105;0;0.0;0.0
75;2021-01-05;125;0;230;0;0.0;0.0
75;2021-01-06;737;1;967;1;0.0;0.0
75;2021-01-07;4924;3;5891;4;0.1;0.0
75;2021-01-08;5472;8;11363;12;0.2;0.0
75;2021-01-09;845;1;12208;13;0.2;0.0
75;2021-01-10;478;0;12686;13;0.2;0.0
75;2021-01-11;3586;3;16272;16;0.3;0.0
75;2021-01-12;5948;6;22220;22;0.4;0.0
75;2021-01-13;6552;18;28772;40;0.5;0.0
75;2021-01-14;8127;65;36899;105;0.6;0.0
75;2021-01-15;7633;33;44532;138;0.7;0.0
75;2021-01-16;1609;15;46141;153;0.8;0.0
75;2021-01-17;426;6;46567;159;0.8;0.0
75;2021-01-18;6893;32;53460;191;0.9;0.0
75;2021-01-19;14056;18;67516;209;1.1;0.0
75;2021-01-20;15538;28;83054;237;1.4;0.0
75;2021-01-21;16970;21;100024;258;1.7;0.0
75;2021-01-22;12976;24;113000;282;1.9;0.0
75;2021-01-23;4421;5;117421;287;2.0;0.0
75;2021-01-24;701;1;118122;288;2.0;0.0
75;2021-01-25;8873;218;126995;506;2.1;0.0
75;2021-01-26;11724;453;138719;959;2.3;0.0
75;2021-01-27;12302;772;151021;1731;2.5;0.0
75;2021-01-28;12941;2656;163962;4387;2.7;0.1
75;2021-01-29;10009;2981;173971;7368;2.9;0.1
75;2021-01-30;3379;514;177350;7882;3.0;0.1
75;2021-01-31;646;420;177996;8302;3.0;0.1
75;2021-02-01;5718;2632;183714;10934;3.1;0.2
75;2021-02-02;9618;4353;193332;15287;3.2;0.3
75;2021-02-03;9599;4371;202931;19658;3.4;0.3
75;2021-02-04;10767;5675;213698;25333;3.6;0.4
75;2021-02-05;7490;5628;221188;30961;3.7;0.5
75;2021-02-06;2382;1105;223570;32066;3.7;0.5
75;2021-02-07;674;254;224244;32320;3.7;0.5
75;2021-02-08;5136;3645;229380;35965;3.8;0.6
75;2021-02-09;7316;8077;236696;44042;3.9;0.7
75;2021-02-10;7543;8680;244239;52722;4.1;0.9
75;2021-02-11;8872;10211;253111;62933;4.2;1.0
75;2021-02-12;7412;8719;260523;71652;4.3;1.2
75;2021-02-13;1953;1760;262476;73412;4.4;1.2
75;2021-02-14;275;364;262751;73776;4.4;1.2
75;2021-02-15;3191;7794;265942;81570;4.4;1.4
75;2021-02-16;4629;10514;270571;92084;4.5;1.5
75;2021-02-17;4760;11281;275331;103365;4.6;1.7
75;2021-02-18;5457;12799;280788;116164;4.7;1.9
75;2021-02-19;5418;9603;286206;125767;4.8;2.1
75;2021-02-20;989;2626;287195;128393;4.8;2.1
75;2021-02-21;188;663;287383;129056;4.8;2.2
75;2021-02-22;3648;8464;291031;137520;4.9;2.3
75;2021-02-23;5361;10901;296392;148421;4.9;2.5
75;2021-02-24;6134;10234;302526;158655;5.0;2.6
75;2021-02-25;10046;11695;312572;170350;5.2;2.8
75;2021-02-26;12270;8854;324842;179204;5.4;3.0
75;2021-02-27;5787;2482;330629;181686;5.5;3.0
75;2021-02-28;314;694;330943;182380;5.5;3.0
75;2021-03-01;5096;6971;336039;189351;5.6;3.2
75;2021-03-02;9356;8145;345395;197496;5.8;3.3
75;2021-03-03;10827;7751;356222;205247;5.9;3.4
75;2021-03-04;16742;8180;372964;213427;6.2;3.6
75;2021-03-05;20821;7458;393785;220885;6.6;3.7
75;2021-03-06;13411;2238;407196;223123;6.8;3.7
75;2021-03-07;3724;469;410920;223592;6.8;3.7
75;2021-03-08;10000;5370;420920;228962;7.0;3.8
75;2021-03-09;16873;6481;437793;235443;7.3;3.9
75;2021-03-10;18266;6305;456059;241748;7.6;4.0
75;2021-03-11;26451;6686;482510;248434;8.0;4.1
75;2021-03-12;31325;5308;513835;253742;8.6;4.2
75;2021-03-13;17878;1215;531713;254957;8.9;4.2
75;2021-03-14;1716;254;533429;255211;8.9;4.3
75;2021-03-15;14083;3411;547512;258622;9.1;4.3
75;2021-03-16;13687;3708;561199;262330;9.4;4.4
75;2021-03-17;14759;3859;575958;266189;9.6;4.4
75;2021-03-18;16390;4689;592348;270878;9.9;4.5
75;2021-03-19;22452;4287;614800;275165;10.2;4.6
75;2021-03-20;14034;822;628834;275987;10.5;4.6
75;2021-03-21;2478;107;631312;276094;10.5;4.6
75;2021-03-22;16799;3460;648111;279554;10.8;4.7
75;2021-03-23;25286;3885;673397;283439;11.2;4.7
75;2021-03-24;27174;4251;700571;287690;11.7;4.8
75;2021-03-25;35678;4631;736249;292321;12.3;4.9
75;2021-03-26;38644;4135;774893;296456;12.9;4.9
75;2021-03-27;15732;1290;790625;297746;13.2;5.0
75;2021-03-28;2728;399;793353;298145;13.2;5.0
75;2021-03-29;22848;4143;816201;302288;13.6;5.0
75;2021-03-30;31665;5958;847866;308246;14.1;5.1
75;2021-03-31;29764;5925;877630;314171;14.6;5.2
75;2021-04-01;35053;6960;912683;321131;15.2;5.4
75;2021-04-02;32369;6881;945052;328012;15.8;5.5
75;2021-04-03;12851;2647;957903;330659;16.0;5.5
75;2021-04-04;2140;340;960043;330999;16.0;5.5
75;2021-04-05;6373;610;966416;331609;16.1;5.5
75;2021-04-06;26402;10814;992818;342423;16.5;5.7
75;2021-04-07;32389;10998;1025207;353421;17.1;5.9
75;2021-04-08;39642;12379;1064849;365800;17.7;6.1
75;2021-04-09;49308;10982;1114157;376782;18.6;6.3
75;2021-04-10;24510;4996;1138667;381778;19.0;6.4
75;2021-04-11;4986;725;1143653;382503;19.1;6.4
75;2021-04-12;27406;11842;1171059;394345;19.5;6.6
75;2021-04-13;35770;14341;1206829;408686;20.1;6.8
75;2021-04-14;35486;14499;1242315;423185;20.7;7.1
75;2021-04-15;37734;15081;1280049;438266;21.3;7.3
75;2021-04-16;37193;15121;1317242;453387;22.0;7.6
75;2021-04-17;19604;7408;1336846;460795;22.3;7.7
75;2021-04-18;4079;2061;1340925;462856;22.3;7.7
75;2021-04-19;20910;14975;1361835;477831;22.7;8.0
75;2021-04-20;28515;19109;1390350;496940;23.2;8.3
75;2021-04-21;27858;18100;1418208;515040;23.6;8.6
75;2021-04-22;30426;19666;1448634;534706;24.1;8.9
75;2021-04-23;29099;20254;1477733;554960;24.6;9.2
75;2021-04-24;17043;9153;1494776;564113;24.9;9.4
75;2021-04-25;4600;1503;1499376;565616;25.0;9.4
75;2021-04-26;22332;19314;1521708;584930;25.4;9.7
75;2021-04-27;29212;24310;1550920;609240;25.8;10.2
75;2021-04-28;31156;24206;1582076;633446;26.4;10.6
75;2021-04-29;37294;26714;1619370;660160;27.0;11.0
75;2021-04-30;37784;25923;1657154;686083;27.6;11.4
75;2021-05-01;15703;5768;1672857;691851;27.9;11.5
75;2021-05-02;7264;2601;1680121;694452;28.0;11.6
75;2021-05-03;27274;21197;1707395;715649;28.5;11.9
75;2021-05-04;30371;29308;1737766;744957;29.0;12.4
75;2021-05-05;31525;30991;1769291;775948;29.5;12.9
75;2021-05-06;35980;32416;1805271;808364;30.1;13.5
75;2021-05-07;37469;34353;1842740;842717;30.7;14.0
75;2021-05-08;17733;8096;1860473;850813;31.0;14.2
75;2021-05-09;7313;4155;1867786;854968;31.1;14.2
75;2021-05-10;25232;29032;1893018;884000;31.6;14.7
75;2021-05-11;35616;32986;1928634;916986;32.1;15.3
75;2021-05-12;35647;30152;1964281;947138;32.7;15.8
75;2021-05-13;22712;7567;1986993;954705;33.1;15.9
75;2021-05-14;33909;20915;2020902;975620;33.7;16.3
75;2021-05-15;22962;11122;2043864;986742;34.1;16.4
75;2021-05-16;7430;2061;2051294;988803;34.2;16.5
75;2021-05-17;33943;19287;2085237;1008090;34.8;16.8
75;2021-05-18;42890;20019;2128127;1028109;35.5;17.1
75;2021-05-19;42826;17642;2170953;1045751;36.2;17.4
75;2021-05-20;46046;20488;2216999;1066239;37.0;17.8
75;2021-05-21;43017;21459;2260016;1087698;37.7;18.1
75;2021-05-22;23328;9828;2283344;1097526;38.1;18.3
75;2021-05-23;7850;1428;2291194;1098954;38.2;18.3
75;2021-05-24;18905;4113;2310099;1103067;38.5;18.4
75;2021-05-25;36987;21025;2347086;1124092;39.1;18.7
75;2021-05-26;38792;21572;2385878;1145664;39.8;19.1
75;2021-05-27;43051;27165;2428929;1172829;40.5;19.5
75;2021-05-28;39025;32352;2467954;1205181;41.1;20.1
75;2021-05-29;19701;18090;2487655;1223271;41.5;20.4
75;2021-05-30;5808;2292;2493463;1225563;41.6;20.4
75;2021-05-31;31728;23158;2525191;1248721;42.1;20.8
75;2021-06-01;41198;29664;2566389;1278385;42.8;21.3
75;2021-06-02;41649;28258;2608038;1306643;43.5;21.8
75;2021-06-03;47703;31190;2655741;1337833;44.3;22.3
75;2021-06-04;44471;37014;2700212;1374847;45.0;22.9
75;2021-06-05;24444;18497;2724656;1393344;45.4;23.2
75;2021-06-06;8761;4321;2733417;1397665;45.6;23.3
75;2021-06-07;31469;31556;2764886;1429221;46.1;23.8
75;2021-06-08;38534;35938;2803420;1465159;46.7;24.4
75;2021-06-09;39383;32944;2842803;1498103;47.4;25.0
75;2021-06-10;43074;31884;2885877;1529987;48.1;25.5
75;2021-06-11;40340;40311;2926217;1570298;48.8;26.2
75;2021-06-12;23256;21514;2949473;1591812;49.2;26.5
75;2021-06-13;8117;5658;2957590;1597470;49.3;26.6
75;2021-06-14;23982;37996;2981572;1635466;49.7;27.3
75;2021-06-15;33164;41756;3014736;1677222;50.2;28.0
75;2021-06-16;34710;37418;3049446;1714640;50.8;28.6
75;2021-06-17;36118;38646;3085564;1753286;51.4;29.2
75;2021-06-18;34752;45389;3120316;1798675;52.0;30.0
75;2021-06-19;20162;23270;3140478;1821945;52.3;30.4
75;2021-06-20;6238;5739;3146716;1827684;52.4;30.5
75;2021-06-21;21453;37409;3168169;1865093;52.8;31.1
75;2021-06-22;25242;43710;3193411;1908803;53.2;31.8
75;2021-06-23;26168;40887;3219579;1949690;53.7;32.5
75;2021-06-24;27888;35692;3247467;1985382;54.1;33.1
75;2021-06-25;24006;48700;3271473;2034082;54.5;33.9
75;2021-06-26;13609;26804;3285082;2060886;54.8;34.3
75;2021-06-27;4573;8579;3289655;2069465;54.8;34.5
75;2021-06-28;14810;44692;3304465;2114157;55.1;35.2
75;2021-06-29;18549;52003;3323014;2166160;55.4;36.1
75;2021-06-30;20082;48221;3343096;2214381;55.7;36.9
75;2021-07-01;22351;46703;3365447;2261084;56.1;37.7
75;2021-07-02;21069;53747;3386516;2314831;56.4;38.6
75;2021-07-03;9951;29191;3396467;2344022;56.6;39.1
75;2021-07-04;3376;7792;3399843;2351814;56.7;39.2
75;2021-07-05;14120;42442;3413963;2394256;56.9;39.9
75;2021-07-06;18100;52210;3432063;2446466;57.2;40.8
75;2021-07-07;20517;48673;3452580;2495139;57.5;41.6
75;2021-07-08;23030;46737;3475610;2541876;57.9;42.4
75;2021-07-09;20345;55087;3495955;2596963;58.3;43.3
75;2021-07-10;10645;28031;3506600;2624994;58.4;43.8
75;2021-07-11;3804;6900;3510404;2631894;58.5;43.9
75;2021-07-12;13150;49429;3523554;2681323;58.7;44.7
76;2020-12-27;0;0;0;0;0.0;0.0
76;2020-12-28;5;0;5;0;0.0;0.0
76;2020-12-29;0;0;5;0;0.0;0.0
76;2020-12-30;0;0;5;0;0.0;0.0
76;2020-12-31;1;0;6;0;0.0;0.0
76;2021-01-01;3;0;9;0;0.0;0.0
76;2021-01-02;2;0;11;0;0.0;0.0
76;2021-01-03;2;0;13;0;0.0;0.0
76;2021-01-04;59;1;72;1;0.0;0.0
76;2021-01-05;473;1;545;2;0.0;0.0
76;2021-01-06;784;2;1329;4;0.0;0.0
76;2021-01-07;2555;3;3884;7;0.1;0.0
76;2021-01-08;3218;2;7102;9;0.1;0.0
76;2021-01-09;1539;2;8641;11;0.1;0.0
76;2021-01-10;517;1;9158;12;0.2;0.0
76;2021-01-11;3525;9;12683;21;0.2;0.0
76;2021-01-12;5753;11;18436;32;0.3;0.0
76;2021-01-13;6477;16;24913;48;0.4;0.0
76;2021-01-14;8999;89;33912;137;0.6;0.0
76;2021-01-15;7256;34;41168;171;0.7;0.0
76;2021-01-16;1954;21;43122;192;0.7;0.0
76;2021-01-17;711;3;43833;195;0.7;0.0
76;2021-01-18;7708;23;51541;218;0.9;0.0
76;2021-01-19;11212;35;62753;253;1.1;0.0
76;2021-01-20;13728;27;76481;280;1.3;0.0
76;2021-01-21;16725;21;93206;301;1.6;0.0
76;2021-01-22;11930;35;105136;336;1.8;0.0
76;2021-01-23;3899;9;109035;345;1.8;0.0
76;2021-01-24;771;12;109806;357;1.9;0.0
76;2021-01-25;7832;101;117638;458;2.0;0.0
76;2021-01-26;10351;280;127989;738;2.2;0.0
76;2021-01-27;10850;488;138839;1226;2.3;0.0
76;2021-01-28;10141;1694;148980;2920;2.5;0.0
76;2021-01-29;8092;1991;157072;4911;2.7;0.1
76;2021-01-30;3187;770;160259;5681;2.7;0.1
76;2021-01-31;523;266;160782;5947;2.7;0.1
76;2021-02-01;5857;2599;166639;8546;2.8;0.1
76;2021-02-02;10064;4003;176703;12549;3.0;0.2
76;2021-02-03;9523;4066;186226;16615;3.1;0.3
76;2021-02-04;10107;5953;196333;22568;3.3;0.4
76;2021-02-05;7777;5021;204110;27589;3.4;0.5
76;2021-02-06;2700;1050;206810;28639;3.5;0.5
76;2021-02-07;542;498;207352;29137;3.5;0.5
76;2021-02-08;4843;4530;212195;33667;3.6;0.6
76;2021-02-09;6331;6826;218526;40493;3.7;0.7
76;2021-02-10;7182;9234;225708;49727;3.8;0.8
76;2021-02-11;9147;10725;234855;60452;4.0;1.0
76;2021-02-12;8053;7683;242908;68135;4.1;1.1
76;2021-02-13;2649;2269;245557;70404;4.1;1.2
76;2021-02-14;358;993;245915;71397;4.2;1.2
76;2021-02-15;3380;6461;249295;77858;4.2;1.3
76;2021-02-16;4243;8676;253538;86534;4.3;1.5
76;2021-02-17;4377;9635;257915;96169;4.4;1.6
76;2021-02-18;5871;9948;263786;106117;4.5;1.8
76;2021-02-19;4845;8104;268631;114221;4.5;1.9
76;2021-02-20;1531;3026;270162;117247;4.6;2.0
76;2021-02-21;265;594;270427;117841;4.6;2.0
76;2021-02-22;3281;7629;273708;125470;4.6;2.1
76;2021-02-23;4920;10204;278628;135674;4.7;2.3
76;2021-02-24;4647;10415;283275;146089;4.8;2.5
76;2021-02-25;8322;9894;291597;155983;4.9;2.6
76;2021-02-26;9637;8394;301234;164377;5.1;2.8
76;2021-02-27;3735;3091;304969;167468;5.1;2.8
76;2021-02-28;431;451;305400;167919;5.2;2.8
76;2021-03-01;5324;6134;310724;174053;5.2;2.9
76;2021-03-02;8217;7552;318941;181605;5.4;3.1
76;2021-03-03;9255;7490;328196;189095;5.5;3.2
76;2021-03-04;14326;7875;342522;196970;5.8;3.3
76;2021-03-05;16877;7121;359399;204091;6.1;3.4
76;2021-03-06;15891;2177;375290;206268;6.3;3.5
76;2021-03-07;11380;487;386670;206755;6.5;3.5
76;2021-03-08;9985;5536;396655;212291;6.7;3.6
76;2021-03-09;16235;6465;412890;218756;7.0;3.7
76;2021-03-10;16427;6505;429317;225261;7.2;3.8
76;2021-03-11;22606;6412;451923;231673;7.6;3.9
76;2021-03-12;26451;5281;478374;236954;8.1;4.0
76;2021-03-13;14931;2178;493305;239132;8.3;4.0
76;2021-03-14;2324;357;495629;239489;8.4;4.0
76;2021-03-15;13532;3309;509161;242798;8.6;4.1
76;2021-03-16;11762;4516;520923;247314;8.8;4.2
76;2021-03-17;12842;3969;533765;251283;9.0;4.2
76;2021-03-18;13704;4993;547469;256276;9.2;4.3
76;2021-03-19;18659;4026;566128;260302;9.6;4.4
76;2021-03-20;10667;1136;576795;261438;9.7;4.4
76;2021-03-21;3197;227;579992;261665;9.8;4.4
76;2021-03-22;14685;3595;594677;265260;10.0;4.5
76;2021-03-23;22257;4327;616934;269587;10.4;4.6
76;2021-03-24;23609;4193;640543;273780;10.8;4.6
76;2021-03-25;32021;4622;672564;278402;11.4;4.7
76;2021-03-26;30862;4082;703426;282484;11.9;4.8
76;2021-03-27;16260;1433;719686;283917;12.1;4.8
76;2021-03-28;4865;196;724551;284113;12.2;4.8
76;2021-03-29;22308;4889;746859;289002;12.6;4.9
76;2021-03-30;29722;5718;776581;294720;13.1;5.0
76;2021-03-31;26904;5608;803485;300328;13.6;5.1
76;2021-04-01;34481;5874;837966;306202;14.1;5.2
76;2021-04-02;29352;5793;867318;311995;14.6;5.3
76;2021-04-03;12158;2839;879476;314834;14.8;5.3
76;2021-04-04;4354;659;883830;315493;14.9;5.3
76;2021-04-05;4294;673;888124;316166;15.0;5.3
76;2021-04-06;22866;9722;910990;325888;15.4;5.5
76;2021-04-07;25282;9836;936272;335724;15.8;5.7
76;2021-04-08;33132;10196;969404;345920;16.4;5.8
76;2021-04-09;38944;9652;1008348;355572;17.0;6.0
76;2021-04-10;22711;5158;1031059;360730;17.4;6.1
76;2021-04-11;8862;1440;1039921;362170;17.6;6.1
76;2021-04-12;26059;10513;1065980;372683;18.0;6.3
76;2021-04-13;35797;12835;1101777;385518;18.6;6.5
76;2021-04-14;32896;13265;1134673;398783;19.2;6.7
76;2021-04-15;37486;13891;1172159;412674;19.8;7.0
76;2021-04-16;34477;13167;1206636;425841;20.4;7.2
76;2021-04-17;21415;6658;1228051;432499;20.7;7.3
76;2021-04-18;7713;2695;1235764;435194;20.9;7.3
76;2021-04-19;22061;12886;1257825;448080;21.2;7.6
76;2021-04-20;27994;16732;1285819;464812;21.7;7.8
76;2021-04-21;27038;16918;1312857;481730;22.2;8.1
76;2021-04-22;30360;17954;1343217;499684;22.7;8.4
76;2021-04-23;28717;16418;1371934;516102;23.2;8.7
76;2021-04-24;18492;10397;1390426;526499;23.5;8.9
76;2021-04-25;6913;4183;1397339;530682;23.6;9.0
76;2021-04-26;19952;18394;1417291;549076;23.9;9.3
76;2021-04-27;26732;21413;1444023;570489;24.4;9.6
76;2021-04-28;25905;20964;1469928;591453;24.8;10.0
76;2021-04-29;29745;23218;1499673;614671;25.3;10.4
76;2021-04-30;30778;20188;1530451;634859;25.8;10.7
76;2021-05-01;17427;7033;1547878;641892;26.1;10.8
76;2021-05-02;9492;4775;1557370;646667;26.3;10.9
76;2021-05-03;26535;16808;1583905;663475;26.7;11.2
76;2021-05-04;30009;25802;1613914;689277;27.2;11.6
76;2021-05-05;28218;26399;1642132;715676;27.7;12.1
76;2021-05-06;31049;30903;1673181;746579;28.2;12.6
76;2021-05-07;31634;30796;1704815;777375;28.8;13.1
76;2021-05-08;17365;10579;1722180;787954;29.1;13.3
76;2021-05-09;9708;8672;1731888;796626;29.2;13.4
76;2021-05-10;24087;28025;1755975;824651;29.6;13.9
76;2021-05-11;31657;33066;1787632;857717;30.2;14.5
76;2021-05-12;33346;29386;1820978;887103;30.7;15.0
76;2021-05-13;25956;9732;1846934;896835;31.2;15.1
76;2021-05-14;34549;21344;1881483;918179;31.8;15.5
76;2021-05-15;24495;12216;1905978;930395;32.2;15.7
76;2021-05-16;15459;3805;1921437;934200;32.4;15.8
76;2021-05-17;27844;19242;1949281;953442;32.9;16.1
76;2021-05-18;35438;19531;1984719;972973;33.5;16.4
76;2021-05-19;36841;16886;2021560;989859;34.1;16.7
76;2021-05-20;41010;18706;2062570;1008565;34.8;17.0
76;2021-05-21;37790;20037;2100360;1028602;35.4;17.4
76;2021-05-22;26992;9232;2127352;1037834;35.9;17.5
76;2021-05-23;13319;1837;2140671;1039671;36.1;17.5
76;2021-05-24;15427;4142;2156098;1043813;36.4;17.6
76;2021-05-25;31703;20817;2187801;1064630;36.9;18.0
76;2021-05-26;33703;19261;2221504;1083891;37.5;18.3
76;2021-05-27;36430;24470;2257934;1108361;38.1;18.7
76;2021-05-28;32533;28300;2290467;1136661;38.7;19.2
76;2021-05-29;20146;16773;2310613;1153434;39.0;19.5
76;2021-05-30;6617;6320;2317230;1159754;39.1;19.6
76;2021-05-31;25850;22898;2343080;1182652;39.5;20.0
76;2021-06-01;31246;29857;2374326;1212509;40.1;20.5
76;2021-06-02;30925;28109;2405251;1240618;40.6;20.9
76;2021-06-03;34246;33123;2439497;1273741;41.2;21.5
76;2021-06-04;35132;34239;2474629;1307980;41.8;22.1
76;2021-06-05;26041;19746;2500670;1327726;42.2;22.4
76;2021-06-06;14109;6481;2514779;1334207;42.4;22.5
76;2021-06-07;25759;27682;2540538;1361889;42.9;23.0
76;2021-06-08;32450;31625;2572988;1393514;43.4;23.5
76;2021-06-09;32306;29122;2605294;1422636;44.0;24.0
76;2021-06-10;31996;29543;2637290;1452179;44.5;24.5
76;2021-06-11;33584;36146;2670874;1488325;45.1;25.1
76;2021-06-12;23218;21910;2694092;1510235;45.5;25.5
76;2021-06-13;12048;7146;2706140;1517381;45.7;25.6
76;2021-06-14;21575;33643;2727715;1551024;46.0;26.2
76;2021-06-15;28752;39772;2756467;1590796;46.5;26.8
76;2021-06-16;27030;36377;2783497;1627173;47.0;27.5
76;2021-06-17;26810;34228;2810307;1661401;47.4;28.0
76;2021-06-18;27456;41167;2837763;1702568;47.9;28.7
76;2021-06-19;20831;23160;2858594;1725728;48.2;29.1
76;2021-06-20;8919;10346;2867513;1736074;48.4;29.3
76;2021-06-21;15053;35261;2882566;1771335;48.7;29.9
76;2021-06-22;18246;40508;2900812;1811843;49.0;30.6
76;2021-06-23;18953;37977;2919765;1849820;49.3;31.2
76;2021-06-24;17453;35422;2937218;1885242;49.6;31.8
76;2021-06-25;18322;44862;2955540;1930104;49.9;32.6
76;2021-06-26;12249;28735;2967789;1958839;50.1;33.1
76;2021-06-27;5709;14618;2973498;1973457;50.2;33.3
76;2021-06-28;12568;38239;2986066;2011696;50.4;34.0
76;2021-06-29;14861;43905;3000927;2055601;50.6;34.7
76;2021-06-30;17048;43487;3017975;2099088;50.9;35.4
76;2021-07-01;16405;40438;3034380;2139526;51.2;36.1
76;2021-07-02;17785;44225;3052165;2183751;51.5;36.9
76;2021-07-03;11900;32606;3064065;2216357;51.7;37.4
76;2021-07-04;5508;12859;3069573;2229216;51.8;37.6
76;2021-07-05;13717;34157;3083290;2263373;52.0;38.2
76;2021-07-06;16877;43753;3100167;2307126;52.3;38.9
76;2021-07-07;17262;40697;3117429;2347823;52.6;39.6
76;2021-07-08;16073;36980;3133502;2384803;52.9;40.3
76;2021-07-09;17411;43207;3150913;2428010;53.2;41.0
76;2021-07-10;12271;27169;3163184;2455179;53.4;41.4
76;2021-07-11;5548;11349;3168732;2466528;53.5;41.6
76;2021-07-12;13827;41393;3182559;2507921;53.7;42.3
84;2020-12-27;1;0;1;0;0.0;0.0
84;2020-12-28;7;0;8;0;0.0;0.0
84;2020-12-29;5;0;13;0;0.0;0.0
84;2020-12-30;6;0;19;0;0.0;0.0
84;2020-12-31;15;0;34;0;0.0;0.0
84;2021-01-01;10;0;44;0;0.0;0.0
84;2021-01-02;2;1;46;1;0.0;0.0
84;2021-01-03;0;0;46;1;0.0;0.0
84;2021-01-04;174;0;220;1;0.0;0.0
84;2021-01-05;474;1;694;2;0.0;0.0
84;2021-01-06;1138;1;1832;3;0.0;0.0
84;2021-01-07;2895;3;4727;6;0.1;0.0
84;2021-01-08;3085;3;7812;9;0.1;0.0
84;2021-01-09;514;1;8326;10;0.1;0.0
84;2021-01-10;161;0;8487;10;0.1;0.0
84;2021-01-11;4314;7;12801;17;0.2;0.0
84;2021-01-12;6375;18;19176;35;0.2;0.0
84;2021-01-13;6885;15;26061;50;0.3;0.0
84;2021-01-14;9075;58;35136;108;0.4;0.0
84;2021-01-15;7773;31;42909;139;0.5;0.0
84;2021-01-16;2920;7;45829;146;0.6;0.0
84;2021-01-17;910;2;46739;148;0.6;0.0
84;2021-01-18;8980;32;55719;180;0.7;0.0
84;2021-01-19;15040;90;70759;270;0.9;0.0
84;2021-01-20;15502;41;86261;311;1.1;0.0
84;2021-01-21;14612;52;100873;363;1.3;0.0
84;2021-01-22;12423;48;113296;411;1.4;0.0
84;2021-01-23;4764;3;118060;414;1.5;0.0
84;2021-01-24;810;2;118870;416;1.5;0.0
84;2021-01-25;8785;160;127655;576;1.6;0.0
84;2021-01-26;11903;318;139558;894;1.7;0.0
84;2021-01-27;12087;626;151645;1520;1.9;0.0
84;2021-01-28;13858;1538;165503;3058;2.1;0.0
84;2021-01-29;10809;1314;176312;4372;2.2;0.1
84;2021-01-30;4142;149;180454;4521;2.2;0.1
84;2021-01-31;499;1;180953;4522;2.3;0.1
84;2021-02-01;6558;1888;187511;6410;2.3;0.1
84;2021-02-02;10607;3512;198118;9922;2.5;0.1
84;2021-02-03;11535;3926;209653;13848;2.6;0.2
84;2021-02-04;12572;5540;222225;19388;2.8;0.2
84;2021-02-05;8625;4685;230850;24073;2.9;0.3
84;2021-02-06;2659;958;233509;25031;2.9;0.3
84;2021-02-07;452;444;233961;25475;2.9;0.3
84;2021-02-08;6219;4960;240180;30435;3.0;0.4
84;2021-02-09;9338;8249;249518;38684;3.1;0.5
84;2021-02-10;9684;8587;259202;47271;3.2;0.6
84;2021-02-11;10696;9885;269898;57156;3.4;0.7
84;2021-02-12;9726;7948;279624;65104;3.5;0.8
84;2021-02-13;3497;2360;283121;67464;3.5;0.8
84;2021-02-14;623;458;283744;67922;3.5;0.8
84;2021-02-15;4886;8361;288630;76283;3.6;0.9
84;2021-02-16;6112;10768;294742;87051;3.7;1.1
84;2021-02-17;6089;11560;300831;98611;3.7;1.2
84;2021-02-18;7113;11752;307944;110363;3.8;1.4
84;2021-02-19;6647;9343;314591;119706;3.9;1.5
84;2021-02-20;1838;3267;316429;122973;3.9;1.5
84;2021-02-21;180;501;316609;123474;3.9;1.5
84;2021-02-22;4288;8812;320897;132286;4.0;1.6
84;2021-02-23;7289;11401;328186;143687;4.1;1.8
84;2021-02-24;7807;12016;335993;155703;4.2;1.9
84;2021-02-25;12733;13776;348726;169479;4.3;2.1
84;2021-02-26;14881;10359;363607;179838;4.5;2.2
84;2021-02-27;5563;2929;369170;182767;4.6;2.3
84;2021-02-28;501;517;369671;183284;4.6;2.3
84;2021-03-01;9297;6412;378968;189696;4.7;2.4
84;2021-03-02;14978;8822;393946;198518;4.9;2.5
84;2021-03-03;14809;8625;408755;207143;5.1;2.6
84;2021-03-04;21046;8445;429801;215588;5.4;2.7
84;2021-03-05;25783;7764;455584;223352;5.7;2.8
84;2021-03-06;19503;2445;475087;225797;5.9;2.8
84;2021-03-07;8420;490;483507;226287;6.0;2.8
84;2021-03-08;12218;6841;495725;233128;6.2;2.9
84;2021-03-09;20690;7737;516415;240865;6.4;3.0
84;2021-03-10;20247;7552;536662;248417;6.7;3.1
84;2021-03-11;29488;8232;566150;256649;7.0;3.2
84;2021-03-12;36196;7785;602346;264434;7.5;3.3
84;2021-03-13;21436;1940;623782;266374;7.8;3.3
84;2021-03-14;4691;498;628473;266872;7.8;3.3
84;2021-03-15;18880;4822;647353;271694;8.1;3.4
84;2021-03-16;17063;6113;664416;277807;8.3;3.5
84;2021-03-17;17585;6477;682001;284284;8.5;3.5
84;2021-03-18;21513;6947;703514;291231;8.8;3.6
84;2021-03-19;29010;5549;732524;296780;9.1;3.7
84;2021-03-20;14539;1431;747063;298211;9.3;3.7
84;2021-03-21;3241;279;750304;298490;9.3;3.7
84;2021-03-22;19739;5145;770043;303635;9.6;3.8
84;2021-03-23;30812;5973;800855;309608;10.0;3.9
84;2021-03-24;29981;5888;830836;315496;10.3;3.9
84;2021-03-25;41577;6534;872413;322030;10.9;4.0
84;2021-03-26;42988;6850;915401;328880;11.4;4.1
84;2021-03-27;18222;2957;933623;331837;11.6;4.1
84;2021-03-28;6513;611;940136;332448;11.7;4.1
84;2021-03-29;22960;7951;963096;340399;12.0;4.2
84;2021-03-30;34974;10265;998070;350664;12.4;4.4
84;2021-03-31;29595;11074;1027665;361738;12.8;4.5
84;2021-04-01;37292;11480;1064957;373218;13.3;4.6
84;2021-04-02;34909;11415;1099866;384633;13.7;4.8
84;2021-04-03;14802;6224;1114668;390857;13.9;4.9
84;2021-04-04;9935;2012;1124603;392869;14.0;4.9
84;2021-04-05;13542;1695;1138145;394564;14.2;4.9
84;2021-04-06;26320;13226;1164465;407790;14.5;5.1
84;2021-04-07;29528;14675;1193993;422465;14.9;5.3
84;2021-04-08;39733;15431;1233726;437896;15.4;5.5
84;2021-04-09;49522;15154;1283248;453050;16.0;5.6
84;2021-04-10;20485;8154;1303733;461204;16.2;5.7
84;2021-04-11;7234;2699;1310967;463903;16.3;5.8
84;2021-04-12;27328;15582;1338295;479485;16.7;6.0
84;2021-04-13;36169;19446;1374464;498931;17.1;6.2
84;2021-04-14;34661;18312;1409125;517243;17.5;6.4
84;2021-04-15;40160;19730;1449285;536973;18.0;6.7
84;2021-04-16;38254;20133;1487539;557106;18.5;6.9
84;2021-04-17;20484;9056;1508023;566162;18.8;7.0
84;2021-04-18;6840;2703;1514863;568865;18.9;7.1
84;2021-04-19;26249;18596;1541112;587461;19.2;7.3
84;2021-04-20;31216;22555;1572328;610016;19.6;7.6
84;2021-04-21;28061;21499;1600389;631515;19.9;7.9
84;2021-04-22;32265;22674;1632654;654189;20.3;8.1
84;2021-04-23;32734;23186;1665388;677375;20.7;8.4
84;2021-04-24;17871;11925;1683259;689300;21.0;8.6
84;2021-04-25;7143;4287;1690402;693587;21.0;8.6
84;2021-04-26;23728;20063;1714130;713650;21.3;8.9
84;2021-04-27;31773;25286;1745903;738936;21.7;9.2
84;2021-04-28;32476;24884;1778379;763820;22.1;9.5
84;2021-04-29;39653;26634;1818032;790454;22.6;9.8
84;2021-04-30;38159;27927;1856191;818381;23.1;10.2
84;2021-05-01;17182;5422;1873373;823803;23.3;10.3
84;2021-05-02;7994;8576;1881367;832379;23.4;10.4
84;2021-05-03;30395;27529;1911762;859908;23.8;10.7
84;2021-05-04;37152;33791;1948914;893699;24.3;11.1
84;2021-05-05;40265;30188;1989179;923887;24.8;11.5
84;2021-05-06;46658;32742;2035837;956629;25.3;11.9
84;2021-05-07;47071;36870;2082908;993499;25.9;12.4
84;2021-05-08;22511;7711;2105419;1001210;26.2;12.5
84;2021-05-09;15936;8913;2121355;1010123;26.4;12.6
84;2021-05-10;36106;32018;2157461;1042141;26.9;13.0
84;2021-05-11;52657;36309;2210118;1078450;27.5;13.4
84;2021-05-12;56980;31971;2267098;1110421;28.2;13.8
84;2021-05-13;47442;10554;2314540;1120975;28.8;14.0
84;2021-05-14;57521;25058;2372061;1146033;29.5;14.3
84;2021-05-15;44371;13668;2416432;1159701;30.1;14.4
84;2021-05-16;30631;5170;2447063;1164871;30.5;14.5
84;2021-05-17;48493;25061;2495556;1189932;31.1;14.8
84;2021-05-18;59428;27518;2554984;1217450;31.8;15.2
84;2021-05-19;58688;23723;2613672;1241173;32.5;15.5
84;2021-05-20;62041;27179;2675713;1268352;33.3;15.8
84;2021-05-21;61370;29495;2737083;1297847;34.1;16.2
84;2021-05-22;40673;12961;2777756;1310808;34.6;16.3
84;2021-05-23;21523;4012;2799279;1314820;34.8;16.4
84;2021-05-24;40355;8571;2839634;1323391;35.4;16.5
84;2021-05-25;50625;31777;2890259;1355168;36.0;16.9
84;2021-05-26;50433;29055;2940692;1384223;36.6;17.2
84;2021-05-27;56009;31919;2996701;1416142;37.3;17.6
84;2021-05-28;55132;40544;3051833;1456686;38.0;18.1
84;2021-05-29;37891;22390;3089724;1479076;38.5;18.4
84;2021-05-30;16253;7295;3105977;1486371;38.7;18.5
84;2021-05-31;44597;29450;3150574;1515821;39.2;18.9
84;2021-06-01;48862;36690;3199436;1552511;39.8;19.3
84;2021-06-02;48283;31291;3247719;1583802;40.4;19.7
84;2021-06-03;56366;36625;3304085;1620427;41.1;20.2
84;2021-06-04;54931;42428;3359016;1662855;41.8;20.7
84;2021-06-05;38295;21693;3397311;1684548;42.3;21.0
84;2021-06-06;15974;6292;3413285;1690840;42.5;21.1
84;2021-06-07;41534;35185;3454819;1726025;43.0;21.5
84;2021-06-08;45275;37937;3500094;1763962;43.6;22.0
84;2021-06-09;40745;33946;3540839;1797908;44.1;22.4
84;2021-06-10;41444;33993;3582283;1831901;44.6;22.8
84;2021-06-11;43577;46377;3625860;1878278;45.1;23.4
84;2021-06-12;28315;22964;3654175;1901242;45.5;23.7
84;2021-06-13;8655;7146;3662830;1908388;45.6;23.8
84;2021-06-14;25650;44580;3688480;1952968;45.9;24.3
84;2021-06-15;31712;49431;3720192;2002399;46.3;24.9
84;2021-06-16;33498;45566;3753690;2047965;46.7;25.5
84;2021-06-17;30648;47052;3784338;2095017;47.1;26.1
84;2021-06-18;34948;60045;3819286;2155062;47.5;26.8
84;2021-06-19;22790;35777;3842076;2190839;47.8;27.3
84;2021-06-20;8706;14455;3850782;2205294;47.9;27.5
84;2021-06-21;19964;56280;3870746;2261574;48.2;28.2
84;2021-06-22;20999;62834;3891745;2324408;48.5;28.9
84;2021-06-23;22264;57713;3914009;2382121;48.7;29.7
84;2021-06-24;23139;55191;3937148;2437312;49.0;30.3
84;2021-06-25;23551;70389;3960699;2507701;49.3;31.2
84;2021-06-26;14053;46287;3974752;2553988;49.5;31.8
84;2021-06-27;6848;23515;3981600;2577503;49.6;32.1
84;2021-06-28;15643;64856;3997243;2642359;49.8;32.9
84;2021-06-29;18800;67328;4016043;2709687;50.0;33.7
84;2021-06-30;21516;62771;4037559;2772458;50.3;34.5
84;2021-07-01;22553;58290;4060112;2830748;50.5;35.2
84;2021-07-02;22601;68990;4082713;2899738;50.8;36.1
84;2021-07-03;15584;44810;4098297;2944548;51.0;36.7
84;2021-07-04;7915;17083;4106212;2961631;51.1;36.9
84;2021-07-05;18764;61886;4124976;3023517;51.4;37.6
84;2021-07-06;20996;61981;4145972;3085498;51.6;38.4
84;2021-07-07;24272;54815;4170244;3140313;51.9;39.1
84;2021-07-08;27313;52034;4197557;3192347;52.3;39.7
84;2021-07-09;25565;68175;4223122;3260522;52.6;40.6
84;2021-07-10;14385;46750;4237507;3307272;52.8;41.2
84;2021-07-11;8134;15189;4245641;3322461;52.9;41.4
84;2021-07-12;17953;68658;4263594;3391119;53.1;42.2
93;2020-12-27;1;0;1;0;0.0;0.0
93;2020-12-28;2;0;3;0;0.0;0.0
93;2020-12-29;1;0;4;0;0.0;0.0
93;2020-12-30;3;0;7;0;0.0;0.0
93;2020-12-31;19;0;26;0;0.0;0.0
93;2021-01-01;13;0;39;0;0.0;0.0
93;2021-01-02;6;0;45;0;0.0;0.0
93;2021-01-03;3;0;48;0;0.0;0.0
93;2021-01-04;133;1;181;1;0.0;0.0
93;2021-01-05;252;1;433;2;0.0;0.0
93;2021-01-06;412;0;845;2;0.0;0.0
93;2021-01-07;1245;2;2090;4;0.0;0.0
93;2021-01-08;1567;1;3657;5;0.1;0.0
93;2021-01-09;546;2;4203;7;0.1;0.0
93;2021-01-10;74;0;4277;7;0.1;0.0
93;2021-01-11;2416;2;6693;9;0.1;0.0
93;2021-01-12;5097;7;11790;16;0.2;0.0
93;2021-01-13;4478;17;16268;33;0.3;0.0
93;2021-01-14;5587;55;21855;88;0.4;0.0
93;2021-01-15;4944;19;26799;107;0.5;0.0
93;2021-01-16;1685;6;28484;113;0.6;0.0
93;2021-01-17;304;1;28788;114;0.6;0.0
93;2021-01-18;7168;32;35956;146;0.7;0.0
93;2021-01-19;13548;36;49504;182;1.0;0.0
93;2021-01-20;12291;39;61795;221;1.2;0.0
93;2021-01-21;12324;52;74119;273;1.5;0.0
93;2021-01-22;10266;30;84385;303;1.7;0.0
93;2021-01-23;3331;7;87716;310;1.7;0.0
93;2021-01-24;537;4;88253;314;1.7;0.0
93;2021-01-25;7266;41;95519;355;1.9;0.0
93;2021-01-26;10082;139;105601;494;2.1;0.0
93;2021-01-27;9699;293;115300;787;2.3;0.0
93;2021-01-28;13686;834;128986;1621;2.6;0.0
93;2021-01-29;9850;980;138836;2601;2.7;0.1
93;2021-01-30;2240;159;141076;2760;2.8;0.1
93;2021-01-31;304;5;141380;2765;2.8;0.1
93;2021-02-01;5177;1515;146557;4280;2.9;0.1
93;2021-02-02;6652;2376;153209;6656;3.0;0.1
93;2021-02-03;5028;1822;158237;8478;3.1;0.2
93;2021-02-04;5536;3158;163773;11636;3.2;0.2
93;2021-02-05;6118;4119;169891;15755;3.4;0.3
93;2021-02-06;1250;963;171141;16718;3.4;0.3
93;2021-02-07;281;82;171422;16800;3.4;0.3
93;2021-02-08;4310;3744;175732;20544;3.5;0.4
93;2021-02-09;5887;7092;181619;27636;3.6;0.5
93;2021-02-10;5965;5870;187584;33506;3.7;0.7
93;2021-02-11;6611;6699;194195;40205;3.8;0.8
93;2021-02-12;5731;6463;199926;46668;4.0;0.9
93;2021-02-13;1130;1447;201056;48115;4.0;1.0
93;2021-02-14;73;381;201129;48496;4.0;1.0
93;2021-02-15;2418;5628;203547;54124;4.0;1.1
93;2021-02-16;3195;7698;206742;61822;4.1;1.2
93;2021-02-17;3605;8483;210347;70305;4.2;1.4
93;2021-02-18;6011;11334;216358;81639;4.3;1.6
93;2021-02-19;5656;8617;222014;90256;4.4;1.8
93;2021-02-20;882;1802;222896;92058;4.4;1.8
93;2021-02-21;70;415;222966;92473;4.4;1.8
93;2021-02-22;3031;6956;225997;99429;4.5;2.0
93;2021-02-23;3972;7239;229969;106668;4.5;2.1
93;2021-02-24;4759;6791;234728;113459;4.6;2.2
93;2021-02-25;8267;6669;242995;120128;4.8;2.4
93;2021-02-26;8285;6182;251280;126310;5.0;2.5
93;2021-02-27;3299;1489;254579;127799;5.0;2.5
93;2021-02-28;307;239;254886;128038;5.0;2.5
93;2021-03-01;5663;4490;260549;132528;5.2;2.6
93;2021-03-02;7251;5926;267800;138454;5.3;2.7
93;2021-03-03;8996;6554;276796;145008;5.5;2.9
93;2021-03-04;12113;6469;288909;151477;5.7;3.0
93;2021-03-05;12216;6111;301125;157588;6.0;3.1
93;2021-03-06;23019;1353;324144;158941;6.4;3.1
93;2021-03-07;18077;643;342221;159584;6.8;3.2
93;2021-03-08;10258;5279;352479;164863;7.0;3.3
93;2021-03-09;13977;5571;366456;170434;7.2;3.4
93;2021-03-10;14510;5282;380966;175716;7.5;3.5
93;2021-03-11;20457;6189;401423;181905;7.9;3.6
93;2021-03-12;21948;5365;423371;187270;8.4;3.7
93;2021-03-13;24655;1267;448026;188537;8.9;3.7
93;2021-03-14;6478;268;454504;188805;9.0;3.7
93;2021-03-15;15964;3099;470468;191904;9.3;3.8
93;2021-03-16;12733;3652;483201;195556;9.6;3.9
93;2021-03-17;16006;4646;499207;200202;9.9;4.0
93;2021-03-18;17055;4887;516262;205089;10.2;4.1
93;2021-03-19;21042;4689;537304;209778;10.6;4.1
93;2021-03-20;10997;1329;548301;211107;10.8;4.2
93;2021-03-21;3259;135;551560;211242;10.9;4.2
93;2021-03-22;17118;3550;568678;214792;11.2;4.2
93;2021-03-23;22700;3903;591378;218695;11.7;4.3
93;2021-03-24;22002;6641;613380;225336;12.1;4.5
93;2021-03-25;29059;6517;642439;231853;12.7;4.6
93;2021-03-26;29946;5055;672385;236908;13.3;4.7
93;2021-03-27;12468;1650;684853;238558;13.5;4.7
93;2021-03-28;3578;101;688431;238659;13.6;4.7
93;2021-03-29;18551;5339;706982;243998;14.0;4.8
93;2021-03-30;28549;6721;735531;250719;14.5;5.0
93;2021-03-31;28832;6645;764363;257364;15.1;5.1
93;2021-04-01;30796;7513;795159;264877;15.7;5.2
93;2021-04-02;26971;8498;822130;273375;16.3;5.4
93;2021-04-03;9785;4984;831915;278359;16.5;5.5
93;2021-04-04;2128;1253;834043;279612;16.5;5.5
93;2021-04-05;6071;1562;840114;281174;16.6;5.6
93;2021-04-06;23470;10041;863584;291215;17.1;5.8
93;2021-04-07;26107;11677;889691;302892;17.6;6.0
93;2021-04-08;28899;14952;918590;317844;18.2;6.3
93;2021-04-09;33700;14653;952290;332497;18.8;6.6
93;2021-04-10;14845;8175;967135;340672;19.1;6.7
93;2021-04-11;3640;2962;970775;343634;19.2;6.8
93;2021-04-12;20636;12211;991411;355845;19.6;7.0
93;2021-04-13;25695;15264;1017106;371109;20.1;7.3
93;2021-04-14;25247;15269;1042353;386378;20.6;7.6
93;2021-04-15;27044;15668;1069397;402046;21.2;8.0
93;2021-04-16;27987;16484;1097384;418530;21.7;8.3
93;2021-04-17;12860;7744;1110244;426274;22.0;8.4
93;2021-04-18;5271;2960;1115515;429234;22.1;8.5
93;2021-04-19;19145;15972;1134660;445206;22.4;8.8
93;2021-04-20;21395;18744;1156055;463950;22.9;9.2
93;2021-04-21;24013;18328;1180068;482278;23.3;9.5
93;2021-04-22;25969;19279;1206037;501557;23.9;9.9
93;2021-04-23;25577;18239;1231614;519796;24.4;10.3
93;2021-04-24;11567;8709;1243181;528505;24.6;10.5
93;2021-04-25;3219;2139;1246400;530644;24.7;10.5
93;2021-04-26;16494;15872;1262894;546516;25.0;10.8
93;2021-04-27;19490;20176;1282384;566692;25.4;11.2
93;2021-04-28;21533;20136;1303917;586828;25.8;11.6
93;2021-04-29;27946;21809;1331863;608637;26.3;12.0
93;2021-04-30;27403;20643;1359266;629280;26.9;12.4
93;2021-05-01;11817;5334;1371083;634614;27.1;12.6
93;2021-05-02;4078;1884;1375161;636498;27.2;12.6
93;2021-05-03;20577;18224;1395738;654722;27.6;13.0
93;2021-05-04;20849;22742;1416587;677464;28.0;13.4
93;2021-05-05;19594;21520;1436181;698984;28.4;13.8
93;2021-05-06;24901;21676;1461082;720660;28.9;14.3
93;2021-05-07;22500;25024;1483582;745684;29.3;14.7
93;2021-05-08;13747;6936;1497329;752620;29.6;14.9
93;2021-05-09;3475;2321;1500804;754941;29.7;14.9
93;2021-05-10;18739;22591;1519543;777532;30.1;15.4
93;2021-05-11;25492;25655;1545035;803187;30.6;15.9
93;2021-05-12;32758;22616;1577793;825803;31.2;16.3
93;2021-05-13;28491;7980;1606284;833783;31.8;16.5
93;2021-05-14;35633;16507;1641917;850290;32.5;16.8
93;2021-05-15;30048;10306;1671965;860596;33.1;17.0
93;2021-05-16;12797;2548;1684762;863144;33.3;17.1
93;2021-05-17;25935;17531;1710697;880675;33.8;17.4
93;2021-05-18;30695;16852;1741392;897527;34.4;17.8
93;2021-05-19;30516;15345;1771908;912872;35.0;18.1
93;2021-05-20;33221;16869;1805129;929741;35.7;18.4
93;2021-05-21;34365;17988;1839494;947729;36.4;18.7
93;2021-05-22;18877;7698;1858371;955427;36.8;18.9
93;2021-05-23;5936;2034;1864307;957461;36.9;18.9
93;2021-05-24;17959;5017;1882266;962478;37.2;19.0
93;2021-05-25;23827;20514;1906093;982992;37.7;19.4
93;2021-05-26;25114;21997;1931207;1004989;38.2;19.9
93;2021-05-27;26769;23381;1957976;1028370;38.7;20.3
93;2021-05-28;23156;26699;1981132;1055069;39.2;20.9
93;2021-05-29;13229;14409;1994361;1069478;39.4;21.2
93;2021-05-30;2613;3186;1996974;1072664;39.5;21.2
93;2021-05-31;21109;21322;2018083;1093986;39.9;21.6
93;2021-06-01;24746;26240;2042829;1120226;40.4;22.2
93;2021-06-02;22546;26169;2065375;1146395;40.9;22.7
93;2021-06-03;27886;27313;2093261;1173708;41.4;23.2
93;2021-06-04;28158;28372;2121419;1202080;42.0;23.8
93;2021-06-05;16443;14257;2137862;1216337;42.3;24.1
93;2021-06-06;4919;2796;2142781;1219133;42.4;24.1
93;2021-06-07;17862;24406;2160643;1243539;42.7;24.6
93;2021-06-08;21266;24159;2181909;1267698;43.2;25.1
93;2021-06-09;20830;25787;2202739;1293485;43.6;25.6
93;2021-06-10;21881;24783;2224620;1318268;44.0;26.1
93;2021-06-11;19924;30832;2244544;1349100;44.4;26.7
93;2021-06-12;13021;15333;2257565;1364433;44.7;27.0
93;2021-06-13;2569;3325;2260134;1367758;44.7;27.1
93;2021-06-14;13939;29490;2274073;1397248;45.0;27.6
93;2021-06-15;16653;31046;2290726;1428294;45.3;28.3
93;2021-06-16;17177;25734;2307903;1454028;45.6;28.8
93;2021-06-17;17235;28241;2325138;1482269;46.0;29.3
93;2021-06-18;16328;28039;2341466;1510308;46.3;29.9
93;2021-06-19;9714;15365;2351180;1525673;46.5;30.2
93;2021-06-20;2394;3703;2353574;1529376;46.6;30.3
93;2021-06-21;9983;30492;2363557;1559868;46.8;30.9
93;2021-06-22;11664;34502;2375221;1594370;47.0;31.5
93;2021-06-23;11497;32322;2386718;1626692;47.2;32.2
93;2021-06-24;12518;34287;2399236;1660979;47.5;32.9
93;2021-06-25;11582;38005;2410818;1698984;47.7;33.6
93;2021-06-26;6708;21727;2417526;1720711;47.8;34.0
93;2021-06-27;1994;5807;2419520;1726518;47.9;34.2
93;2021-06-28;8262;32784;2427782;1759302;48.0;34.8
93;2021-06-29;9985;33933;2437767;1793235;48.2;35.5
93;2021-06-30;10665;33443;2448432;1826678;48.4;36.1
93;2021-07-01;12510;31143;2460942;1857821;48.7;36.7
93;2021-07-02;12656;33904;2473598;1891725;48.9;37.4
93;2021-07-03;7521;22059;2481119;1913784;49.1;37.9
93;2021-07-04;1845;4502;2482964;1918286;49.1;37.9
93;2021-07-05;9504;28752;2492468;1947038;49.3;38.5
93;2021-07-06;12080;29752;2504548;1976790;49.5;39.1
93;2021-07-07;12878;26278;2517426;2003068;49.8;39.6
93;2021-07-08;15093;26748;2532519;2029816;50.1;40.1
93;2021-07-09;14410;30767;2546929;2060583;50.4;40.8
93;2021-07-10;7894;18814;2554823;2079397;50.5;41.1
93;2021-07-11;2227;3516;2557050;2082913;50.6;41.2
93;2021-07-12;10573;30784;2567623;2113697;50.8;41.8
94;2020-12-27;0;0;0;0;0.0;0.0
94;2020-12-28;0;0;0;0;0.0;0.0
94;2020-12-29;0;0;0;0;0.0;0.0
94;2020-12-30;0;0;0;0;0.0;0.0
94;2020-12-31;0;0;0;0;0.0;0.0
94;2021-01-01;0;0;0;0;0.0;0.0
94;2021-01-02;0;0;0;0;0.0;0.0
94;2021-01-03;0;0;0;0;0.0;0.0
94;2021-01-04;2;0;2;0;0.0;0.0
94;2021-01-05;0;0;2;0;0.0;0.0
94;2021-01-06;53;1;55;1;0.0;0.0
94;2021-01-07;333;1;388;2;0.1;0.0
94;2021-01-08;310;0;698;2;0.2;0.0
94;2021-01-09;78;0;776;2;0.2;0.0
94;2021-01-10;34;0;810;2;0.2;0.0
94;2021-01-11;151;0;961;2;0.3;0.0
94;2021-01-12;212;1;1173;3;0.3;0.0
94;2021-01-13;203;0;1376;3;0.4;0.0
94;2021-01-14;264;1;1640;4;0.5;0.0
94;2021-01-15;406;0;2046;4;0.6;0.0
94;2021-01-16;200;1;2246;5;0.7;0.0
94;2021-01-17;91;1;2337;6;0.7;0.0
94;2021-01-18;471;2;2808;8;0.8;0.0
94;2021-01-19;982;0;3790;8;1.1;0.0
94;2021-01-20;812;0;4602;8;1.3;0.0
94;2021-01-21;808;1;5410;9;1.6;0.0
94;2021-01-22;729;0;6139;9;1.8;0.0
94;2021-01-23;243;0;6382;9;1.9;0.0
94;2021-01-24;147;0;6529;9;1.9;0.0
94;2021-01-25;422;2;6951;11;2.0;0.0
94;2021-01-26;790;7;7741;18;2.2;0.0
94;2021-01-27;663;55;8404;73;2.4;0.0
94;2021-01-28;699;229;9103;302;2.6;0.1
94;2021-01-29;627;228;9730;530;2.8;0.2
94;2021-01-30;204;74;9934;604;2.9;0.2
94;2021-01-31;150;12;10084;616;2.9;0.2
94;2021-02-01;458;147;10542;763;3.1;0.2
94;2021-02-02;643;196;11185;959;3.2;0.3
94;2021-02-03;783;167;11968;1126;3.5;0.3
94;2021-02-04;714;297;12682;1423;3.7;0.4
94;2021-02-05;659;201;13341;1624;3.9;0.5
94;2021-02-06;207;74;13548;1698;3.9;0.5
94;2021-02-07;126;58;13674;1756;4.0;0.5
94;2021-02-08;322;366;13996;2122;4.1;0.6
94;2021-02-09;712;616;14708;2738;4.3;0.8
94;2021-02-10;643;430;15351;3168;4.5;0.9
94;2021-02-11;678;496;16029;3664;4.7;1.1
94;2021-02-12;641;429;16670;4093;4.8;1.2
94;2021-02-13;301;72;16971;4165;4.9;1.2
94;2021-02-14;195;78;17166;4243;5.0;1.2
94;2021-02-15;380;310;17546;4553;5.1;1.3
94;2021-02-16;634;607;18180;5160;5.3;1.5
94;2021-02-17;592;482;18772;5642;5.4;1.6
94;2021-02-18;550;546;19322;6188;5.6;1.8
94;2021-02-19;309;609;19631;6797;5.7;2.0
94;2021-02-20;275;199;19906;6996;5.8;2.0
94;2021-02-21;84;84;19990;7080;5.8;2.1
94;2021-02-22;211;406;20201;7486;5.9;2.2
94;2021-02-23;352;648;20553;8134;6.0;2.4
94;2021-02-24;299;609;20852;8743;6.0;2.5
94;2021-02-25;348;607;21200;9350;6.2;2.7
94;2021-02-26;421;555;21621;9905;6.3;2.9
94;2021-02-27;368;152;21989;10057;6.4;2.9
94;2021-02-28;70;123;22059;10180;6.4;3.0
94;2021-03-01;361;412;22420;10592;6.5;3.1
94;2021-03-02;549;655;22969;11247;6.7;3.3
94;2021-03-03;532;692;23501;11939;6.8;3.5
94;2021-03-04;953;636;24454;12575;7.1;3.6
94;2021-03-05;1584;677;26038;13252;7.6;3.8
94;2021-03-06;1844;167;27882;13419;8.1;3.9
94;2021-03-07;1381;102;29263;13521;8.5;3.9
94;2021-03-08;1228;324;30491;13845;8.8;4.0
94;2021-03-09;1313;657;31804;14502;9.2;4.2
94;2021-03-10;1259;581;33063;15083;9.6;4.4
94;2021-03-11;1307;635;34370;15718;10.0;4.6
94;2021-03-12;1518;541;35888;16259;10.4;4.7
94;2021-03-13;1118;304;37006;16563;10.7;4.8
94;2021-03-14;537;185;37543;16748;10.9;4.9
94;2021-03-15;886;401;38429;17149;11.1;5.0
94;2021-03-16;1065;642;39494;17791;11.5;5.2
94;2021-03-17;1225;530;40719;18321;11.8;5.3
94;2021-03-18;995;530;41714;18851;12.1;5.5
94;2021-03-19;1286;344;43000;19195;12.5;5.6
94;2021-03-20;1732;293;44732;19488;13.0;5.7
94;2021-03-21;1126;83;45858;19571;13.3;5.7
94;2021-03-22;889;189;46747;19760;13.6;5.7
94;2021-03-23;1302;319;48049;20079;13.9;5.8
94;2021-03-24;1688;306;49737;20385;14.4;5.9
94;2021-03-25;1753;297;51490;20682;14.9;6.0
94;2021-03-26;2031;351;53521;21033;15.5;6.1
94;2021-03-27;2273;230;55794;21263;16.2;6.2
94;2021-03-28;1070;217;56864;21480;16.5;6.2
94;2021-03-29;1025;312;57889;21792;16.8;6.3
94;2021-03-30;1353;555;59242;22347;17.2;6.5
94;2021-03-31;1427;488;60669;22835;17.6;6.6
94;2021-04-01;1637;680;62306;23515;18.1;6.8
94;2021-04-02;1866;1189;64172;24704;18.6;7.2
94;2021-04-03;1890;1129;66062;25833;19.2;7.5
94;2021-04-04;773;844;66835;26677;19.4;7.7
94;2021-04-05;629;806;67464;27483;19.6;8.0
94;2021-04-06;1579;913;69043;28396;20.0;8.2
94;2021-04-07;2010;849;71053;29245;20.6;8.5
94;2021-04-08;2174;754;73227;29999;21.2;8.7
94;2021-04-09;2102;952;75329;30951;21.9;9.0
94;2021-04-10;2402;631;77731;31582;22.6;9.2
94;2021-04-11;1173;315;78904;31897;22.9;9.3
94;2021-04-12;1517;902;80421;32799;23.3;9.5
94;2021-04-13;1385;1007;81806;33806;23.7;9.8
94;2021-04-14;2088;1075;83894;34881;24.3;10.1
94;2021-04-15;1922;1033;85816;35914;24.9;10.4
94;2021-04-16;1777;1042;87593;36956;25.4;10.7
94;2021-04-17;1751;1374;89344;38330;25.9;11.1
94;2021-04-18;1234;1280;90578;39610;26.3;11.5
94;2021-04-19;1091;774;91669;40384;26.6;11.7
94;2021-04-20;1250;1192;92919;41576;27.0;12.1
94;2021-04-21;1781;1338;94700;42914;27.5;12.5
94;2021-04-22;1832;1375;96532;44289;28.0;12.8
94;2021-04-23;1648;1404;98180;45693;28.5;13.3
94;2021-04-24;2030;1748;100210;47441;29.1;13.8
94;2021-04-25;1261;777;101471;48218;29.4;14.0
94;2021-04-26;1015;1146;102486;49364;29.7;14.3
94;2021-04-27;1308;1221;103794;50585;30.1;14.7
94;2021-04-28;2589;1277;106383;51862;30.9;15.0
94;2021-04-29;1969;1223;108352;53085;31.4;15.4
94;2021-04-30;2262;1884;110614;54969;32.1;15.9
94;2021-05-01;1423;1689;112037;56658;32.5;16.4
94;2021-05-02;1010;948;113047;57606;32.8;16.7
94;2021-05-03;1600;1068;114647;58674;33.3;17.0
94;2021-05-04;1557;1682;116204;60356;33.7;17.5
94;2021-05-05;1811;2355;118015;62711;34.2;18.2
94;2021-05-06;2187;1813;120202;64524;34.9;18.7
94;2021-05-07;2214;1821;122416;66345;35.5;19.2
94;2021-05-08;878;1355;123294;67700;35.8;19.6
94;2021-05-09;1176;1320;124470;69020;36.1;20.0
94;2021-05-10;1373;1537;125843;70557;36.5;20.5
94;2021-05-11;1581;1574;127424;72131;37.0;20.9
94;2021-05-12;1773;1380;129197;73511;37.5;21.3
94;2021-05-13;1940;513;131137;74024;38.0;21.5
94;2021-05-14;1513;1259;132650;75283;38.5;21.8
94;2021-05-15;1479;997;134129;76280;38.9;22.1
94;2021-05-16;1032;676;135161;76956;39.2;22.3
94;2021-05-17;1583;968;136744;77924;39.7;22.6
94;2021-05-18;1602;857;138346;78781;40.1;22.9
94;2021-05-19;1551;897;139897;79678;40.6;23.1
94;2021-05-20;1356;898;141253;80576;41.0;23.4
94;2021-05-21;1238;982;142491;81558;41.3;23.7
94;2021-05-22;1015;697;143506;82255;41.6;23.9
94;2021-05-23;700;329;144206;82584;41.8;24.0
94;2021-05-24;165;147;144371;82731;41.9;24.0
94;2021-05-25;962;854;145333;83585;42.2;24.3
94;2021-05-26;970;1956;146303;85541;42.4;24.8
94;2021-05-27;840;2241;147143;87782;42.7;25.5
94;2021-05-28;849;1821;147992;89603;42.9;26.0
94;2021-05-29;648;1252;148640;90855;43.1;26.4
94;2021-05-30;228;551;148868;91406;43.2;26.5
94;2021-05-31;561;1241;149429;92647;43.4;26.9
94;2021-06-01;745;1766;150174;94413;43.6;27.4
94;2021-06-02;639;1927;150813;96340;43.8;28.0
94;2021-06-03;791;1651;151604;97991;44.0;28.4
94;2021-06-04;611;2347;152215;100338;44.2;29.1
94;2021-06-05;569;1937;152784;102275;44.3;29.7
94;2021-06-06;221;1039;153005;103314;44.4;30.0
94;2021-06-07;439;1609;153444;104923;44.5;30.4
94;2021-06-08;704;1874;154148;106797;44.7;31.0
94;2021-06-09;802;2494;154950;109291;45.0;31.7
94;2021-06-10;681;1793;155631;111084;45.2;32.2
94;2021-06-11;698;2295;156329;113379;45.4;32.9
94;2021-06-12;362;1208;156691;114587;45.5;33.2
94;2021-06-13;204;855;156895;115442;45.5;33.5
94;2021-06-14;422;2039;157317;117481;45.6;34.1
94;2021-06-15;550;1726;157867;119207;45.8;34.6
94;2021-06-16;577;1716;158444;120923;46.0;35.1
94;2021-06-17;616;1640;159060;122563;46.1;35.6
94;2021-06-18;582;1879;159642;124442;46.3;36.1
94;2021-06-19;342;1015;159984;125457;46.4;36.4
94;2021-06-20;190;887;160174;126344;46.5;36.7
94;2021-06-21;436;1756;160610;128100;46.6;37.2
94;2021-06-22;542;1957;161152;130057;46.8;37.7
94;2021-06-23;402;1438;161554;131495;46.9;38.1
94;2021-06-24;464;1127;162018;132622;47.0;38.5
94;2021-06-25;368;1546;162386;134168;47.1;38.9
94;2021-06-26;299;1421;162685;135589;47.2;39.3
94;2021-06-27;202;1007;162887;136596;47.3;39.6
94;2021-06-28;511;1654;163398;138250;47.4;40.1
94;2021-06-29;472;1679;163870;139929;47.5;40.6
94;2021-06-30;604;1435;164474;141364;47.7;41.0
94;2021-07-01;412;988;164886;142352;47.8;41.3
94;2021-07-02;365;925;165251;143277;47.9;41.6
94;2021-07-03;293;1011;165544;144288;48.0;41.9
94;2021-07-04;168;663;165712;144951;48.1;42.1
94;2021-07-05;422;895;166134;145846;48.2;42.3
94;2021-07-06;690;1095;166824;146941;48.4;42.6
94;2021-07-07;790;1506;167614;148447;48.6;43.1
94;2021-07-08;753;1046;168367;149493;48.8;43.4
94;2021-07-09;600;787;168967;150280;49.0;43.6
94;2021-07-10;466;543;169433;150823;49.2;43.8
94;2021-07-11;103;176;169536;150999;49.2;43.8
94;2021-07-12;777;1077;170313;152076;49.4;44.1
