fra;jour;n_dose1;n_dose2;n_cum_dose1;couv_dose1;n_cum_dose2;couv_dose2
FR;2020-12-27;17;0;17;0.0;0;0.0
FR;2020-12-28;59;0;76;0.0;0;0.0
FR;2020-12-29;107;0;183;0.0;0;0.0
FR;2020-12-30;115;0;298;0.0;0;0.0
FR;2020-12-31;83;0;381;0.0;0;0.0
FR;2021-01-01;55;0;436;0.0;0;0.0
FR;2021-01-02;71;0;507;0.0;0;0.0
FR;2021-01-03;87;0;594;0.0;0;0.0
FR;2021-01-04;1462;0;2056;0.0;0;0.0
FR;2021-01-05;5352;0;7408;0.0;0;0.0
FR;2021-01-06;11247;0;18655;0.0;0;0.0
FR;2021-01-07;28447;0;47102;0.1;0;0.0
FR;2021-01-08;35878;0;82980;0.1;0;0.0
FR;2021-01-09;10865;0;93845;0.1;0;0.0
FR;2021-01-10;5599;0;99444;0.1;0;0.0
FR;2021-01-11;38711;0;138155;0.2;0;0.0
FR;2021-01-12;60303;0;198458;0.3;0;0.0
FR;2021-01-13;63327;0;261785;0.4;0;0.0
FR;2021-01-14;79412;0;341197;0.5;0;0.0
FR;2021-01-15;66866;0;408063;0.6;0;0.0
FR;2021-01-16;19571;651;427634;0.6;651;0.0
FR;2021-01-17;10446;40;438080;0.7;691;0.0
FR;2021-01-18;84056;187;522136;0.8;878;0.0
FR;2021-01-19;127743;227;649879;1.0;1105;0.0
FR;2021-01-20;134491;154;784370;1.2;1259;0.0
FR;2021-01-21;154501;156;938871;1.4;1415;0.0
FR;2021-01-22;117871;222;1056742;1.6;1637;0.0
FR;2021-01-23;37710;83;1094452;1.6;1720;0.0
FR;2021-01-24;9315;104;1103767;1.6;1824;0.0
FR;2021-01-25;76552;1498;1180319;1.8;3322;0.0
FR;2021-01-26;98243;3923;1278562;1.9;7245;0.0
FR;2021-01-27;105313;6795;1383875;2.1;14040;0.0
FR;2021-01-28;121774;17505;1505649;2.2;31545;0.0
FR;2021-01-29;90600;19612;1596249;2.4;51157;0.1
FR;2021-01-30;28594;4660;1624843;2.4;55817;0.1
FR;2021-01-31;4855;1907;1629698;2.4;57724;0.1
FR;2021-02-01;51340;24110;1681038;2.5;81834;0.1
FR;2021-02-02;70276;40618;1751314;2.6;122452;0.2
FR;2021-02-03;70725;41851;1822039;2.7;164303;0.2
FR;2021-02-04;80045;58530;1902084;2.8;222833;0.3
FR;2021-02-05;66732;49446;1968816;2.9;272279;0.4
FR;2021-02-06;21206;11374;1990022;3.0;283653;0.4
FR;2021-02-07;4810;6447;1994832;3.0;290100;0.4
FR;2021-02-08;45692;50008;2040524;3.0;340108;0.5
FR;2021-02-09;64501;82170;2105025;3.1;422278;0.6
FR;2021-02-10;68832;87138;2173857;3.2;509416;0.8
FR;2021-02-11;84974;109867;2258831;3.4;619283;0.9
FR;2021-02-12;77132;75540;2335963;3.5;694823;1.0
FR;2021-02-13;21535;18651;2357498;3.5;713474;1.1
FR;2021-02-14;4539;6747;2362037;3.5;720221;1.1
FR;2021-02-15;36743;74953;2398780;3.6;795174;1.2
FR;2021-02-16;48790;96415;2447570;3.6;891589;1.3
FR;2021-02-17;49012;107735;2496582;3.7;999324;1.5
FR;2021-02-18;67179;125226;2563761;3.8;1124550;1.7
FR;2021-02-19;63210;90797;2626971;3.9;1215347;1.8
FR;2021-02-20;17848;27636;2644819;3.9;1242983;1.9
FR;2021-02-21;2836;5380;2647655;3.9;1248363;1.9
FR;2021-02-22;36133;70695;2683788;4.0;1319058;2.0
FR;2021-02-23;52079;83515;2735867;4.1;1402573;2.1
FR;2021-02-24;57536;82442;2793403;4.2;1485015;2.2
FR;2021-02-25;97505;88490;2890908;4.3;1573505;2.3
FR;2021-02-26;110629;68917;3001537;4.5;1642422;2.4
FR;2021-02-27;50583;22056;3052120;4.5;1664478;2.5
FR;2021-02-28;5616;3572;3057736;4.6;1668050;2.5
FR;2021-03-01;62855;52394;3120591;4.6;1720444;2.6
FR;2021-03-02;98398;66231;3218989;4.8;1786675;2.7
FR;2021-03-03;112255;64196;3331244;5.0;1850871;2.8
FR;2021-03-04;157756;72989;3489000;5.2;1923860;2.9
FR;2021-03-05;195450;61042;3684450;5.5;1984902;3.0
FR;2021-03-06;201942;16715;3886392;5.8;2001617;3.0
FR;2021-03-07;118773;2390;4005165;6.0;2004007;3.0
FR;2021-03-08;103766;46740;4108931;6.1;2050747;3.1
FR;2021-03-09;167997;53896;4276928;6.4;2104643;3.1
FR;2021-03-10;173913;55535;4450841;6.6;2160178;3.2
FR;2021-03-11;236919;62904;4687760;7.0;2223082;3.3
FR;2021-03-12;288210;51823;4975970;7.4;2274905;3.4
FR;2021-03-13;226232;14702;5202202;7.8;2289607;3.4
FR;2021-03-14;61906;2445;5264108;7.8;2292052;3.4
FR;2021-03-15;154625;29298;5418733;8.1;2321350;3.5
FR;2021-03-16;138746;36988;5557479;8.3;2358338;3.5
FR;2021-03-17;147230;35779;5704709;8.5;2394117;3.6
FR;2021-03-18;164209;42642;5868918;8.7;2436759;3.6
FR;2021-03-19;225200;34873;6094118;9.1;2471632;3.7
FR;2021-03-20;163806;10833;6257924;9.3;2482465;3.7
FR;2021-03-21;48630;1489;6306554;9.4;2483954;3.7
FR;2021-03-22;166129;31866;6472683;9.6;2515820;3.7
FR;2021-03-23;245417;40782;6718100;10.0;2556602;3.8
FR;2021-03-24;251958;42070;6970058;10.4;2598672;3.9
FR;2021-03-25;335440;44191;7305498;10.9;2642863;3.9
FR;2021-03-26;352540;40331;7658038;11.4;2683194;4.0
FR;2021-03-27;191232;16607;7849270;11.7;2699801;4.0
FR;2021-03-28;57445;4721;7906715;11.8;2704522;4.0
FR;2021-03-29;198123;51404;8104838;12.1;2755926;4.1
FR;2021-03-30;278036;68884;8382874;12.5;2824810;4.2
FR;2021-03-31;255764;73235;8638638;12.9;2898045;4.3
FR;2021-04-01;303529;93112;8942167;13.3;2991157;4.5
FR;2021-04-02;274220;95185;9216387;13.7;3086342;4.6
FR;2021-04-03;137705;62347;9354092;13.9;3148689;4.7
FR;2021-04-04;44504;18852;9398596;14.0;3167541;4.7
FR;2021-04-05;58301;9767;9456897;14.1;3177308;4.7
FR;2021-04-06;206554;112783;9663451;14.4;3290091;4.9
FR;2021-04-07;251894;113346;9915345;14.8;3403437;5.1
FR;2021-04-08;326622;121639;10241967;15.3;3525076;5.3
FR;2021-04-09;398617;115320;10640584;15.9;3640396;5.4
FR;2021-04-10;208484;81840;10849068;16.2;3722236;5.5
FR;2021-04-11;54629;33464;10903697;16.2;3755700;5.6
FR;2021-04-12;230749;113309;11134446;16.6;3869009;5.8
FR;2021-04-13;300676;140253;11435122;17.0;4009262;6.0
FR;2021-04-14;285139;137064;11720261;17.5;4146326;6.2
FR;2021-04-15;325646;146207;12045907;17.9;4292533;6.4
FR;2021-04-16;328495;143511;12374402;18.4;4436044;6.6
FR;2021-04-17;183616;88631;12558018;18.7;4524675;6.7
FR;2021-04-18;49611;35035;12607629;18.8;4559710;6.8
FR;2021-04-19;196996;135240;12804625;19.1;4694950;7.0
FR;2021-04-20;243149;167619;13047774;19.4;4862569;7.2
FR;2021-04-21;239776;165968;13287550;19.8;5028537;7.5
FR;2021-04-22;271185;184327;13558735;20.2;5212864;7.8
FR;2021-04-23;275932;177929;13834667;20.6;5390793;8.0
