fra;clage_vacsi;jour;n_dose1;n_complet;n_cum_dose1;n_cum_complet;couv_dose1;couv_complet
FR;24;2020-12-27;1;0;1;0;0.0;0.0
FR;24;2020-12-28;3;0;4;0;0.0;0.0
FR;24;2020-12-29;0;0;4;0;0.0;0.0
FR;24;2020-12-30;0;0;4;0;0.0;0.0
FR;24;2020-12-31;1;0;5;0;0.0;0.0
FR;24;2021-01-01;2;0;7;0;0.0;0.0
FR;24;2021-01-02;1;0;8;0;0.0;0.0
FR;24;2021-01-03;2;0;10;0;0.0;0.0
FR;24;2021-01-04;4;0;14;0;0.0;0.0
FR;24;2021-01-05;17;1;31;1;0.0;0.0
FR;24;2021-01-06;36;0;67;1;0.0;0.0
FR;24;2021-01-07;180;0;247;1;0.0;0.0
FR;24;2021-01-08;217;0;464;1;0.0;0.0
FR;24;2021-01-09;39;0;503;1;0.0;0.0
FR;24;2021-01-10;35;0;538;1;0.0;0.0
FR;24;2021-01-11;254;2;792;3;0.0;0.0
FR;24;2021-01-12;398;5;1190;8;0.0;0.0
FR;24;2021-01-13;482;5;1672;13;0.0;0.0
FR;24;2021-01-14;616;6;2288;19;0.0;0.0
FR;24;2021-01-15;600;2;2888;21;0.1;0.0
FR;24;2021-01-16;118;3;3006;24;0.1;0.0
FR;24;2021-01-17;94;0;3100;24;0.1;0.0
FR;24;2021-01-18;510;5;3610;29;0.1;0.0
FR;24;2021-01-19;599;6;4209;35;0.1;0.0
FR;24;2021-01-20;652;2;4861;37;0.1;0.0
FR;24;2021-01-21;761;4;5622;41;0.1;0.0
FR;24;2021-01-22;604;6;6226;47;0.1;0.0
FR;24;2021-01-23;117;0;6343;47;0.1;0.0
FR;24;2021-01-24;22;0;6365;47;0.1;0.0
FR;24;2021-01-25;295;6;6660;53;0.1;0.0
FR;24;2021-01-26;367;13;7027;66;0.1;0.0
FR;24;2021-01-27;448;14;7475;80;0.1;0.0
FR;24;2021-01-28;603;53;8078;133;0.1;0.0
FR;24;2021-01-29;470;85;8548;218;0.2;0.0
FR;24;2021-01-30;87;16;8635;234;0.2;0.0
FR;24;2021-01-31;25;13;8660;247;0.2;0.0
FR;24;2021-02-01;157;136;8817;383;0.2;0.0
FR;24;2021-02-02;219;182;9036;565;0.2;0.0
FR;24;2021-02-03;218;187;9254;752;0.2;0.0
FR;24;2021-02-04;361;316;9615;1068;0.2;0.0
FR;24;2021-02-05;348;345;9963;1413;0.2;0.0
FR;24;2021-02-06;84;71;10047;1484;0.2;0.0
FR;24;2021-02-07;169;31;10216;1515;0.2;0.0
FR;24;2021-02-08;388;361;10604;1876;0.2;0.0
FR;24;2021-02-09;750;464;11354;2340;0.2;0.0
FR;24;2021-02-10;1095;608;12449;2948;0.2;0.1
FR;24;2021-02-11;1583;729;14032;3677;0.3;0.1
FR;24;2021-02-12;1628;576;15660;4253;0.3;0.1
FR;24;2021-02-13;292;95;15952;4348;0.3;0.1
FR;24;2021-02-14;63;32;16015;4380;0.3;0.1
FR;24;2021-02-15;1051;391;17066;4771;0.3;0.1
FR;24;2021-02-16;1567;594;18633;5365;0.3;0.1
FR;24;2021-02-17;1496;507;20129;5872;0.4;0.1
FR;24;2021-02-18;1953;645;22082;6517;0.4;0.1
FR;24;2021-02-19;1862;585;23944;7102;0.4;0.1
FR;24;2021-02-20;335;89;24279;7191;0.4;0.1
FR;24;2021-02-21;41;19;24320;7210;0.4;0.1
FR;24;2021-02-22;1171;306;25491;7516;0.5;0.1
FR;24;2021-02-23;1593;402;27084;7918;0.5;0.1
FR;24;2021-02-24;1658;355;28742;8273;0.5;0.2
FR;24;2021-02-25;2294;510;31036;8783;0.6;0.2
FR;24;2021-02-26;2209;425;33245;9208;0.6;0.2
FR;24;2021-02-27;534;91;33779;9299;0.6;0.2
FR;24;2021-02-28;92;17;33871;9316;0.6;0.2
FR;24;2021-03-01;1271;260;35142;9576;0.6;0.2
FR;24;2021-03-02;1668;331;36810;9907;0.7;0.2
FR;24;2021-03-03;1773;392;38583;10299;0.7;0.2
FR;24;2021-03-04;2196;553;40779;10852;0.8;0.2
FR;24;2021-03-05;3336;555;44115;11407;0.8;0.2
FR;24;2021-03-06;1728;168;45843;11575;0.8;0.2
FR;24;2021-03-07;991;92;46834;11667;0.9;0.2
FR;24;2021-03-08;1987;281;48821;11948;0.9;0.2
FR;24;2021-03-09;2646;374;51467;12322;0.9;0.2
FR;24;2021-03-10;2458;413;53925;12735;1.0;0.2
FR;24;2021-03-11;2965;566;56890;13301;1.0;0.2
FR;24;2021-03-12;3861;497;60751;13798;1.1;0.3
FR;24;2021-03-13;1500;126;62251;13924;1.1;0.3
FR;24;2021-03-14;536;45;62787;13969;1.2;0.3
FR;24;2021-03-15;1847;292;64634;14261;1.2;0.3
FR;24;2021-03-16;834;322;65468;14583;1.2;0.3
FR;24;2021-03-17;1082;337;66550;14920;1.2;0.3
FR;24;2021-03-18;1309;464;67859;15384;1.3;0.3
FR;24;2021-03-19;1877;389;69736;15773;1.3;0.3
FR;24;2021-03-20;839;98;70575;15871;1.3;0.3
FR;24;2021-03-21;638;81;71213;15952;1.3;0.3
FR;24;2021-03-22;1507;323;72720;16275;1.3;0.3
FR;24;2021-03-23;1809;425;74529;16700;1.4;0.3
FR;24;2021-03-24;2166;388;76695;17088;1.4;0.3
FR;24;2021-03-25;2572;529;79267;17617;1.5;0.3
FR;24;2021-03-26;3173;533;82440;18150;1.5;0.3
FR;24;2021-03-27;1907;230;84347;18380;1.6;0.3
FR;24;2021-03-28;1013;85;85360;18465;1.6;0.3
FR;24;2021-03-29;2461;393;87821;18858;1.6;0.3
FR;24;2021-03-30;3660;570;91481;19428;1.7;0.4
FR;24;2021-03-31;4199;579;95680;20007;1.8;0.4
FR;24;2021-04-01;5447;822;101127;20829;1.9;0.4
FR;24;2021-04-02;4490;689;105617;21518;1.9;0.4
FR;24;2021-04-03;1761;357;107378;21875;2.0;0.4
FR;24;2021-04-04;958;138;108336;22013;2.0;0.4
FR;24;2021-04-05;1102;143;109438;22156;2.0;0.4
FR;24;2021-04-06;3576;641;113014;22797;2.1;0.4
FR;24;2021-04-07;4802;877;117816;23674;2.2;0.4
FR;24;2021-04-08;6407;1178;124223;24852;2.3;0.5
FR;24;2021-04-09;5804;1132;130027;25984;2.4;0.5
FR;24;2021-04-10;2631;591;132658;26575;2.4;0.5
FR;24;2021-04-11;1260;322;133918;26897;2.5;0.5
FR;24;2021-04-12;3458;969;137376;27866;2.5;0.5
FR;24;2021-04-13;4794;1186;142170;29052;2.6;0.5
FR;24;2021-04-14;4982;1364;147152;30416;2.7;0.6
FR;24;2021-04-15;5243;1630;152395;32046;2.8;0.6
FR;24;2021-04-16;4858;1714;157253;33760;2.9;0.6
FR;24;2021-04-17;2142;815;159395;34575;2.9;0.6
FR;24;2021-04-18;726;446;160121;35021;3.0;0.6
FR;24;2021-04-19;2958;1542;163079;36563;3.0;0.7
FR;24;2021-04-20;3146;2160;166225;38723;3.1;0.7
FR;24;2021-04-21;3455;2505;169680;41228;3.1;0.8
FR;24;2021-04-22;4054;3168;173734;44396;3.2;0.8
FR;24;2021-04-23;4240;3324;177974;47720;3.3;0.9
FR;24;2021-04-24;2398;1692;180372;49412;3.3;0.9
FR;24;2021-04-25;1232;807;181604;50219;3.3;0.9
FR;24;2021-04-26;3132;2206;184736;52425;3.4;1.0
FR;24;2021-04-27;3956;3201;188692;55626;3.5;1.0
FR;24;2021-04-28;4500;3782;193192;59408;3.6;1.1
FR;24;2021-04-29;5547;4493;198739;63901;3.7;1.2
FR;24;2021-04-30;6277;4661;205016;68562;3.8;1.3
FR;24;2021-05-01;4036;1102;209052;69664;3.9;1.3
FR;24;2021-05-02;2795;914;211847;70578;3.9;1.3
FR;24;2021-05-03;6404;4178;218251;74756;4.0;1.4
FR;24;2021-05-04;7674;4757;225925;79513;4.2;1.5
FR;24;2021-05-05;8872;5005;234797;84518;4.3;1.6
FR;24;2021-05-06;10995;6427;245792;90945;4.5;1.7
FR;24;2021-05-07;12193;6473;257985;97418;4.8;1.8
FR;24;2021-05-08;10204;2570;268189;99988;4.9;1.8
FR;24;2021-05-09;6913;1956;275102;101944;5.1;1.9
FR;24;2021-05-10;11150;5002;286252;106946;5.3;2.0
FR;24;2021-05-11;15648;5808;301900;112754;5.6;2.1
FR;24;2021-05-12;23021;6247;324921;119001;6.0;2.2
FR;24;2021-05-13;27657;3124;352578;122125;6.5;2.3
FR;24;2021-05-14;32783;5617;385361;127742;7.1;2.4
FR;24;2021-05-15;34182;4050;419543;131792;7.7;2.4
FR;24;2021-05-16;21921;2025;441464;133817;8.1;2.5
FR;24;2021-05-17;29645;5301;471109;139118;8.7;2.6
FR;24;2021-05-18;38065;6136;509174;145254;9.4;2.7
FR;24;2021-05-19;40305;7117;549479;152371;10.1;2.8
FR;24;2021-05-20;46031;7525;595510;159896;11.0;2.9
FR;24;2021-05-21;47439;7301;642949;167197;11.9;3.1
FR;24;2021-05-22;44696;4552;687645;171749;12.7;3.2
FR;24;2021-05-23;24036;2350;711681;174099;13.1;3.2
FR;24;2021-05-24;34399;3617;746080;177716;13.8;3.3
FR;24;2021-05-25;44799;7842;790879;185558;14.6;3.4
FR;24;2021-05-26;45974;7396;836853;192954;15.4;3.6
FR;24;2021-05-27;52098;8544;888951;201498;16.4;3.7
FR;24;2021-05-28;48859;8956;937810;210454;17.3;3.9
FR;24;2021-05-29;44020;5917;981830;216371;18.1;4.0
FR;24;2021-05-30;18372;2248;1000202;218619;18.4;4.0
FR;24;2021-05-31;51843;8226;1052045;226845;19.4;4.2
FR;24;2021-06-01;59426;10130;1111471;236975;20.5;4.4
FR;24;2021-06-02;60751;9561;1172222;246536;21.6;4.5
FR;24;2021-06-03;67319;10501;1239541;257037;22.9;4.7
FR;24;2021-06-04;64646;10670;1304187;267707;24.0;4.9
FR;24;2021-06-05;54879;7744;1359066;275451;25.1;5.1
FR;24;2021-06-06;26715;3601;1385781;279052;25.5;5.1
FR;24;2021-06-07;56857;9862;1442638;288914;26.6;5.3
FR;24;2021-06-08;62638;10877;1505276;299791;27.8;5.5
FR;24;2021-06-09;61531;11337;1566807;311128;28.9;5.7
FR;24;2021-06-10;63192;13923;1629999;325051;30.1;6.0
FR;24;2021-06-11;59388;12968;1689387;338019;31.1;6.2
FR;24;2021-06-12;53218;11514;1742605;349533;32.1;6.4
FR;24;2021-06-13;20633;5359;1763238;354892;32.5;6.5
FR;24;2021-06-14;41274;13469;1804512;368361;33.3;6.8
FR;24;2021-06-15;43715;14580;1848227;382941;34.1;7.1
FR;24;2021-06-16;39801;15138;1888028;398079;34.8;7.3
FR;24;2021-06-17;45107;17770;1933135;415849;35.6;7.7
FR;29;2020-12-27;0;0;0;0;0.0;0.0
FR;29;2020-12-28;1;0;1;0;0.0;0.0
FR;29;2020-12-29;0;0;1;0;0.0;0.0
FR;29;2020-12-30;0;0;1;0;0.0;0.0
FR;29;2020-12-31;1;0;2;0;0.0;0.0
FR;29;2021-01-01;2;0;4;0;0.0;0.0
FR;29;2021-01-02;3;0;7;0;0.0;0.0
FR;29;2021-01-03;3;0;10;0;0.0;0.0
FR;29;2021-01-04;10;0;20;0;0.0;0.0
FR;29;2021-01-05;42;0;62;0;0.0;0.0
FR;29;2021-01-06;142;0;204;0;0.0;0.0
FR;29;2021-01-07;308;2;512;2;0.0;0.0
FR;29;2021-01-08;522;5;1034;7;0.0;0.0
FR;29;2021-01-09;113;0;1147;7;0.0;0.0
FR;29;2021-01-10;91;1;1238;8;0.0;0.0
FR;29;2021-01-11;647;4;1885;12;0.1;0.0
FR;29;2021-01-12;942;14;2827;26;0.1;0.0
FR;29;2021-01-13;1221;13;4048;39;0.1;0.0
FR;29;2021-01-14;1570;17;5618;56;0.2;0.0
FR;29;2021-01-15;1318;7;6936;63;0.2;0.0
FR;29;2021-01-16;193;4;7129;67;0.2;0.0
FR;29;2021-01-17;158;0;7287;67;0.2;0.0
FR;29;2021-01-18;1042;16;8329;83;0.2;0.0
FR;29;2021-01-19;1151;6;9480;89;0.3;0.0
FR;29;2021-01-20;1201;9;10681;98;0.3;0.0
FR;29;2021-01-21;1466;9;12147;107;0.3;0.0
FR;29;2021-01-22;1157;11;13304;118;0.4;0.0
FR;29;2021-01-23;170;2;13474;120;0.4;0.0
FR;29;2021-01-24;52;0;13526;120;0.4;0.0
FR;29;2021-01-25;542;19;14068;139;0.4;0.0
FR;29;2021-01-26;667;36;14735;175;0.4;0.0
FR;29;2021-01-27;731;63;15466;238;0.4;0.0
FR;29;2021-01-28;1042;125;16508;363;0.4;0.0
FR;29;2021-01-29;806;175;17314;538;0.5;0.0
FR;29;2021-01-30;143;40;17457;578;0.5;0.0
FR;29;2021-01-31;34;26;17491;604;0.5;0.0
FR;29;2021-02-01;263;295;17754;899;0.5;0.0
FR;29;2021-02-02;410;372;18164;1271;0.5;0.0
FR;29;2021-02-03;460;461;18624;1732;0.5;0.0
FR;29;2021-02-04;620;719;19244;2451;0.5;0.1
FR;29;2021-02-05;538;751;19782;3202;0.5;0.1
FR;29;2021-02-06;143;109;19925;3311;0.5;0.1
FR;29;2021-02-07;304;68;20229;3379;0.5;0.1
FR;29;2021-02-08;605;809;20834;4188;0.6;0.1
FR;29;2021-02-09;1251;1028;22085;5216;0.6;0.1
FR;29;2021-02-10;1716;1154;23801;6370;0.6;0.2
FR;29;2021-02-11;2475;1448;26276;7818;0.7;0.2
FR;29;2021-02-12;2224;1245;28500;9063;0.8;0.2
FR;29;2021-02-13;431;160;28931;9223;0.8;0.2
FR;29;2021-02-14;134;82;29065;9305;0.8;0.3
FR;29;2021-02-15;1575;810;30640;10115;0.8;0.3
FR;29;2021-02-16;1926;1183;32566;11298;0.9;0.3
FR;29;2021-02-17;1892;971;34458;12269;0.9;0.3
FR;29;2021-02-18;2405;1189;36863;13458;1.0;0.4
FR;29;2021-02-19;2328;962;39191;14420;1.1;0.4
FR;29;2021-02-20;385;127;39576;14547;1.1;0.4
FR;29;2021-02-21;86;43;39662;14590;1.1;0.4
FR;29;2021-02-22;1364;542;41026;15132;1.1;0.4
FR;29;2021-02-23;1765;671;42791;15803;1.2;0.4
FR;29;2021-02-24;1792;551;44583;16354;1.2;0.4
FR;29;2021-02-25;2411;971;46994;17325;1.3;0.5
FR;29;2021-02-26;2587;685;49581;18010;1.3;0.5
FR;29;2021-02-27;607;113;50188;18123;1.4;0.5
FR;29;2021-02-28;112;28;50300;18151;1.4;0.5
FR;29;2021-03-01;1315;368;51615;18519;1.4;0.5
FR;29;2021-03-02;1808;617;53423;19136;1.4;0.5
FR;29;2021-03-03;1997;624;55420;19760;1.5;0.5
FR;29;2021-03-04;2521;797;57941;20557;1.6;0.6
FR;29;2021-03-05;3645;767;61586;21324;1.7;0.6
FR;29;2021-03-06;1649;156;63235;21480;1.7;0.6
FR;29;2021-03-07;820;107;64055;21587;1.7;0.6
FR;29;2021-03-08;1978;429;66033;22016;1.8;0.6
FR;29;2021-03-09;2674;532;68707;22548;1.8;0.6
FR;29;2021-03-10;2594;551;71301;23099;1.9;0.6
FR;29;2021-03-11;3376;891;74677;23990;2.0;0.6
FR;29;2021-03-12;3999;786;78676;24776;2.1;0.7
FR;29;2021-03-13;1640;159;80316;24935;2.2;0.7
FR;29;2021-03-14;568;66;80884;25001;2.2;0.7
FR;29;2021-03-15;1896;398;82780;25399;2.2;0.7
FR;29;2021-03-16;1123;515;83903;25914;2.3;0.7
FR;29;2021-03-17;1386;526;85289;26440;2.3;0.7
FR;29;2021-03-18;1657;704;86946;27144;2.3;0.7
FR;29;2021-03-19;2246;587;89192;27731;2.4;0.7
FR;29;2021-03-20;992;138;90184;27869;2.4;0.7
FR;29;2021-03-21;725;69;90909;27938;2.4;0.8
FR;29;2021-03-22;1670;425;92579;28363;2.5;0.8
FR;29;2021-03-23;2224;623;94803;28986;2.6;0.8
FR;29;2021-03-24;2545;607;97348;29593;2.6;0.8
FR;29;2021-03-25;3396;727;100744;30320;2.7;0.8
FR;29;2021-03-26;3746;750;104490;31070;2.8;0.8
FR;29;2021-03-27;2151;281;106641;31351;2.9;0.8
FR;29;2021-03-28;966;83;107607;31434;2.9;0.8
FR;29;2021-03-29;2773;561;110380;31995;3.0;0.9
FR;29;2021-03-30;4025;768;114405;32763;3.1;0.9
FR;29;2021-03-31;4549;860;118954;33623;3.2;0.9
FR;29;2021-04-01;5894;1085;124848;34708;3.4;0.9
FR;29;2021-04-02;4933;976;129781;35684;3.5;1.0
FR;29;2021-04-03;1783;349;131564;36033;3.5;1.0
FR;29;2021-04-04;902;130;132466;36163;3.6;1.0
FR;29;2021-04-05;926;120;133392;36283;3.6;1.0
FR;29;2021-04-06;3522;801;136914;37084;3.7;1.0
FR;29;2021-04-07;4566;1158;141480;38242;3.8;1.0
FR;29;2021-04-08;6306;1534;147786;39776;4.0;1.1
FR;29;2021-04-09;6318;1331;154104;41107;4.1;1.1
FR;29;2021-04-10;2653;647;156757;41754;4.2;1.1
FR;29;2021-04-11;1163;347;157920;42101;4.2;1.1
FR;29;2021-04-12;3608;1073;161528;43174;4.3;1.2
FR;29;2021-04-13;4905;1541;166433;44715;4.5;1.2
FR;29;2021-04-14;4795;1535;171228;46250;4.6;1.2
FR;29;2021-04-15;5639;1863;176867;48113;4.8;1.3
FR;29;2021-04-16;4837;1917;181704;50030;4.9;1.3
FR;29;2021-04-17;2251;930;183955;50960;4.9;1.4
FR;29;2021-04-18;777;522;184732;51482;5.0;1.4
FR;29;2021-04-19;2871;1786;187603;53268;5.0;1.4
FR;29;2021-04-20;3533;2532;191136;55800;5.1;1.5
FR;29;2021-04-21;3503;2815;194639;58615;5.2;1.6
FR;29;2021-04-22;4489;3883;199128;62498;5.4;1.7
FR;29;2021-04-23;4631;3828;203759;66326;5.5;1.8
FR;29;2021-04-24;2710;1842;206469;68168;5.6;1.8
FR;29;2021-04-25;1195;744;207664;68912;5.6;1.9
FR;29;2021-04-26;3021;2487;210685;71399;5.7;1.9
FR;29;2021-04-27;4021;3623;214706;75022;5.8;2.0
FR;29;2021-04-28;4751;4059;219457;79081;5.9;2.1
FR;29;2021-04-29;5955;5018;225412;84099;6.1;2.3
FR;29;2021-04-30;6543;5256;231955;89355;6.2;2.4
FR;29;2021-05-01;4293;1233;236248;90588;6.4;2.4
FR;29;2021-05-02;2639;929;238887;91517;6.4;2.5
FR;29;2021-05-03;7000;4317;245887;95834;6.6;2.6
FR;29;2021-05-04;8276;5242;254163;101076;6.8;2.7
FR;29;2021-05-05;9778;5234;263941;106310;7.1;2.9
FR;29;2021-05-06;11389;6602;275330;112912;7.4;3.0
FR;29;2021-05-07;11812;6657;287142;119569;7.7;3.2
FR;29;2021-05-08;9154;2300;296296;121869;8.0;3.3
FR;29;2021-05-09;5955;1768;302251;123637;8.1;3.3
FR;29;2021-05-10;10743;5341;312994;128978;8.4;3.5
FR;29;2021-05-11;14681;6412;327675;135390;8.8;3.6
FR;29;2021-05-12;20211;6377;347886;141767;9.4;3.8
FR;29;2021-05-13;19908;2396;367794;144163;9.9;3.9
FR;29;2021-05-14;22793;4467;390587;148630;10.5;4.0
FR;29;2021-05-15;21574;2999;412161;151629;11.1;4.1
FR;29;2021-05-16;13428;1371;425589;153000;11.5;4.1
FR;29;2021-05-17;21680;5026;447269;158026;12.0;4.3
FR;29;2021-05-18;28556;5786;475825;163812;12.8;4.4
FR;29;2021-05-19;29198;6031;505023;169843;13.6;4.6
FR;29;2021-05-20;32963;6603;537986;176446;14.5;4.7
FR;29;2021-05-21;32177;6240;570163;182686;15.3;4.9
FR;29;2021-05-22;26227;3066;596390;185752;16.0;5.0
FR;29;2021-05-23;14225;1517;610615;187269;16.4;5.0
FR;29;2021-05-24;22608;2662;633223;189931;17.0;5.1
FR;29;2021-05-25;30678;6612;663901;196543;17.9;5.3
FR;29;2021-05-26;32802;6664;696703;203207;18.7;5.5
FR;29;2021-05-27;35873;7681;732576;210888;19.7;5.7
FR;29;2021-05-28;33459;7962;766035;218850;20.6;5.9
FR;29;2021-05-29;26624;4289;792659;223139;21.3;6.0
FR;29;2021-05-30;11851;1646;804510;224785;21.6;6.0
FR;29;2021-05-31;33656;6838;838166;231623;22.6;6.2
FR;29;2021-06-01;38556;8281;876722;239904;23.6;6.5
FR;29;2021-06-02;38925;7873;915647;247777;24.6;6.7
FR;29;2021-06-03;43944;8889;959591;256666;25.8;6.9
FR;29;2021-06-04;42616;9110;1002207;265776;27.0;7.2
FR;29;2021-06-05;31705;5647;1033912;271423;27.8;7.3
FR;29;2021-06-06;16866;2565;1050778;273988;28.3;7.4
FR;29;2021-06-07;37203;8242;1087981;282230;29.3;7.6
FR;29;2021-06-08;41328;9127;1129309;291357;30.4;7.8
FR;29;2021-06-09;39383;9526;1168692;300883;31.4;8.1
FR;29;2021-06-10;41473;11370;1210165;312253;32.6;8.4
FR;29;2021-06-11;38259;11059;1248424;323312;33.6;8.7
FR;29;2021-06-12;31482;8575;1279906;331887;34.4;8.9
FR;29;2021-06-13;13743;4312;1293649;336199;34.8;9.0
FR;29;2021-06-14;26011;12010;1319660;348209;35.5;9.4
FR;29;2021-06-15;28408;13370;1348068;361579;36.3;9.7
FR;29;2021-06-16;25704;14054;1373772;375633;37.0;10.1
FR;29;2021-06-17;28827;15265;1402599;390898;37.7;10.5
FR;39;2020-12-27;0;0;0;0;0.0;0.0
FR;39;2020-12-28;0;0;0;0;0.0;0.0
FR;39;2020-12-29;1;0;1;0;0.0;0.0
FR;39;2020-12-30;5;0;6;0;0.0;0.0
FR;39;2020-12-31;1;0;7;0;0.0;0.0
FR;39;2021-01-01;4;0;11;0;0.0;0.0
FR;39;2021-01-02;2;1;13;1;0.0;0.0
FR;39;2021-01-03;2;0;15;1;0.0;0.0
FR;39;2021-01-04;23;0;38;1;0.0;0.0
FR;39;2021-01-05;140;0;178;1;0.0;0.0
FR;39;2021-01-06;386;0;564;1;0.0;0.0
FR;39;2021-01-07;1179;6;1743;7;0.0;0.0
FR;39;2021-01-08;1792;5;3535;12;0.0;0.0
FR;39;2021-01-09;476;1;4011;13;0.0;0.0
FR;39;2021-01-10;309;1;4320;14;0.1;0.0
FR;39;2021-01-11;2221;11;6541;25;0.1;0.0
FR;39;2021-01-12;3426;21;9967;46;0.1;0.0
FR;39;2021-01-13;3514;23;13481;69;0.2;0.0
FR;39;2021-01-14;4793;57;18274;126;0.2;0.0
FR;39;2021-01-15;4407;26;22681;152;0.3;0.0
FR;39;2021-01-16;771;4;23452;156;0.3;0.0
FR;39;2021-01-17;493;5;23945;161;0.3;0.0
FR;39;2021-01-18;3081;40;27026;201;0.3;0.0
FR;39;2021-01-19;4015;21;31041;222;0.4;0.0
FR;39;2021-01-20;3922;25;34963;247;0.4;0.0
FR;39;2021-01-21;5160;27;40123;274;0.5;0.0
FR;39;2021-01-22;3981;40;44104;314;0.5;0.0
FR;39;2021-01-23;595;4;44699;318;0.5;0.0
FR;39;2021-01-24;184;0;44883;318;0.5;0.0
FR;39;2021-01-25;1601;48;46484;366;0.6;0.0
FR;39;2021-01-26;2171;104;48655;470;0.6;0.0
FR;39;2021-01-27;2291;218;50946;688;0.6;0.0
FR;39;2021-01-28;3493;482;54439;1170;0.7;0.0
FR;39;2021-01-29;2679;703;57118;1873;0.7;0.0
FR;39;2021-01-30;397;215;57515;2088;0.7;0.0
FR;39;2021-01-31;89;78;57604;2166;0.7;0.0
FR;39;2021-02-01;752;1061;58356;3227;0.7;0.0
FR;39;2021-02-02;1338;1650;59694;4877;0.7;0.1
FR;39;2021-02-03;1371;1662;61065;6539;0.7;0.1
FR;39;2021-02-04;1995;2542;63060;9081;0.8;0.1
FR;39;2021-02-05;1649;2707;64709;11788;0.8;0.1
FR;39;2021-02-06;400;433;65109;12221;0.8;0.1
FR;39;2021-02-07;554;212;65663;12433;0.8;0.1
FR;39;2021-02-08;1522;2431;67185;14864;0.8;0.2
FR;39;2021-02-09;3169;3399;70354;18263;0.8;0.2
FR;39;2021-02-10;3896;3544;74250;21807;0.9;0.3
FR;39;2021-02-11;6181;4903;80431;26710;1.0;0.3
FR;39;2021-02-12;5828;4031;86259;30741;1.0;0.4
FR;39;2021-02-13;1243;550;87502;31291;1.1;0.4
FR;39;2021-02-14;391;268;87893;31559;1.1;0.4
FR;39;2021-02-15;3426;2412;91319;33971;1.1;0.4
FR;39;2021-02-16;4424;3392;95743;37363;1.2;0.5
FR;39;2021-02-17;3994;2899;99737;40262;1.2;0.5
FR;39;2021-02-18;5988;3938;105725;44200;1.3;0.5
FR;39;2021-02-19;5856;3118;111581;47318;1.3;0.6
FR;39;2021-02-20;1140;480;112721;47798;1.4;0.6
FR;39;2021-02-21;187;121;112908;47919;1.4;0.6
FR;39;2021-02-22;3019;1690;115927;49609;1.4;0.6
FR;39;2021-02-23;3931;1954;119858;51563;1.4;0.6
FR;39;2021-02-24;3740;1747;123598;53310;1.5;0.6
FR;39;2021-02-25;5630;2598;129228;55908;1.6;0.7
FR;39;2021-02-26;6112;1977;135340;57885;1.6;0.7
FR;39;2021-02-27;1667;318;137007;58203;1.7;0.7
FR;39;2021-02-28;241;126;137248;58329;1.7;0.7
FR;39;2021-03-01;2968;1041;140216;59370;1.7;0.7
FR;39;2021-03-02;4279;1676;144495;61046;1.7;0.7
FR;39;2021-03-03;4292;1589;148787;62635;1.8;0.8
FR;39;2021-03-04;6366;2408;155153;65043;1.9;0.8
FR;39;2021-03-05;9238;2222;164391;67265;2.0;0.8
FR;39;2021-03-06;4983;464;169374;67729;2.0;0.8
FR;39;2021-03-07;2660;294;172034;68023;2.1;0.8
FR;39;2021-03-08;4715;1180;176749;69203;2.1;0.8
FR;39;2021-03-09;6952;1613;183701;70816;2.2;0.9
FR;39;2021-03-10;6157;1614;189858;72430;2.3;0.9
FR;39;2021-03-11;8769;2542;198627;74972;2.4;0.9
FR;39;2021-03-12;11547;2290;210174;77262;2.5;0.9
FR;39;2021-03-13;5271;483;215445;77745;2.6;0.9
FR;39;2021-03-14;1758;185;217203;77930;2.6;0.9
FR;39;2021-03-15;4811;1099;222014;79029;2.7;1.0
FR;39;2021-03-16;3391;1441;225405;80470;2.7;1.0
FR;39;2021-03-17;3468;1540;228873;82010;2.8;1.0
FR;39;2021-03-18;4681;2031;233554;84041;2.8;1.0
FR;39;2021-03-19;6309;1723;239863;85764;2.9;1.0
FR;39;2021-03-20;3181;394;243044;86158;2.9;1.0
FR;39;2021-03-21;2074;175;245118;86333;3.0;1.0
FR;39;2021-03-22;4467;1147;249585;87480;3.0;1.1
FR;39;2021-03-23;6198;1714;255783;89194;3.1;1.1
FR;39;2021-03-24;6341;1427;262124;90621;3.2;1.1
FR;39;2021-03-25;9091;1815;271215;92436;3.3;1.1
FR;39;2021-03-26;10689;1810;281904;94246;3.4;1.1
FR;39;2021-03-27;6008;686;287912;94932;3.5;1.1
FR;39;2021-03-28;2742;208;290654;95140;3.5;1.1
FR;39;2021-03-29;7226;1356;297880;96496;3.6;1.2
FR;39;2021-03-30;10595;2015;308475;98511;3.7;1.2
FR;39;2021-03-31;11239;1973;319714;100484;3.9;1.2
FR;39;2021-04-01;15095;2797;334809;103281;4.0;1.2
FR;39;2021-04-02;13340;2601;348149;105882;4.2;1.3
FR;39;2021-04-03;5634;1045;353783;106927;4.3;1.3
FR;39;2021-04-04;2530;360;356313;107287;4.3;1.3
FR;39;2021-04-05;2541;336;358854;107623;4.3;1.3
FR;39;2021-04-06;9333;2394;368187;110017;4.4;1.3
FR;39;2021-04-07;12248;2859;380435;112876;4.6;1.4
FR;39;2021-04-08;16946;3862;397381;116738;4.8;1.4
FR;39;2021-04-09;16984;3756;414365;120494;5.0;1.5
FR;39;2021-04-10;7424;1983;421789;122477;5.1;1.5
FR;39;2021-04-11;2989;997;424778;123474;5.1;1.5
FR;39;2021-04-12;9654;2809;434432;126283;5.2;1.5
FR;39;2021-04-13;13026;4109;447458;130392;5.4;1.6
FR;39;2021-04-14;12979;3932;460437;134324;5.6;1.6
FR;39;2021-04-15;14894;4932;475331;139256;5.7;1.7
FR;39;2021-04-16;12897;5375;488228;144631;5.9;1.7
FR;39;2021-04-17;6164;2750;494392;147381;6.0;1.8
FR;39;2021-04-18;2283;1570;496675;148951;6.0;1.8
FR;39;2021-04-19;7972;4760;504647;153711;6.1;1.9
FR;39;2021-04-20;9554;6780;514201;160491;6.2;1.9
FR;39;2021-04-21;10399;7264;524600;167755;6.3;2.0
FR;39;2021-04-22;12022;10428;536622;178183;6.5;2.1
FR;39;2021-04-23;12389;10608;549011;188791;6.6;2.3
FR;39;2021-04-24;7892;5124;556903;193915;6.7;2.3
FR;39;2021-04-25;3538;2181;560441;196096;6.8;2.4
FR;39;2021-04-26;8773;7008;569214;203104;6.9;2.4
FR;39;2021-04-27;11989;9643;581203;212747;7.0;2.6
FR;39;2021-04-28;13469;10170;594672;222917;7.2;2.7
FR;39;2021-04-29;17531;13083;612203;236000;7.4;2.8
FR;39;2021-04-30;20073;13412;632276;249412;7.6;3.0
FR;39;2021-05-01;13752;3601;646028;253013;7.8;3.1
FR;39;2021-05-02;9402;2540;655430;255553;7.9;3.1
FR;39;2021-05-03;22799;11419;678229;266972;8.2;3.2
FR;39;2021-05-04;27411;14079;705640;281051;8.5;3.4
FR;39;2021-05-05;31256;14430;736896;295481;8.9;3.6
FR;39;2021-05-06;37533;17868;774429;313349;9.3;3.8
FR;39;2021-05-07;38965;18649;813394;331998;9.8;4.0
FR;39;2021-05-08;29726;5759;843120;337757;10.2;4.1
FR;39;2021-05-09;18893;4347;862013;342104;10.4;4.1
FR;39;2021-05-10;34215;14624;896228;356728;10.8;4.3
FR;39;2021-05-11;44597;17264;940825;373992;11.3;4.5
FR;39;2021-05-12;57036;16415;997861;390407;12.0;4.7
FR;39;2021-05-13;53669;5706;1051530;396113;12.7;4.8
FR;39;2021-05-14;63099;11194;1114629;407307;13.4;4.9
FR;39;2021-05-15;56956;7023;1171585;414330;14.1;5.0
FR;39;2021-05-16;36129;3161;1207714;417491;14.6;5.0
FR;39;2021-05-17;56790;12064;1264504;429555;15.2;5.2
FR;39;2021-05-18;71860;13801;1336364;443356;16.1;5.3
FR;39;2021-05-19;75236;14249;1411600;457605;17.0;5.5
FR;39;2021-05-20;83626;15116;1495226;472721;18.0;5.7
FR;39;2021-05-21;82873;15124;1578099;487845;19.0;5.9
FR;39;2021-05-22;63851;7505;1641950;495350;19.8;6.0
FR;39;2021-05-23;34111;3356;1676061;498706;20.2;6.0
FR;39;2021-05-24;52414;5435;1728475;504141;20.8;6.1
FR;39;2021-05-25;73803;15933;1802278;520074;21.7;6.3
FR;39;2021-05-26;77339;15996;1879617;536070;22.7;6.5
FR;39;2021-05-27;85278;18047;1964895;554117;23.7;6.7
FR;39;2021-05-28;79171;19594;2044066;573711;24.6;6.9
FR;39;2021-05-29;57895;10173;2101961;583884;25.3;7.0
FR;39;2021-05-30;24574;3670;2126535;587554;25.6;7.1
FR;39;2021-05-31;74864;15942;2201399;603496;26.5;7.3
FR;39;2021-06-01;86118;19736;2287517;623232;27.6;7.5
FR;39;2021-06-02;86194;19123;2373711;642355;28.6;7.7
FR;39;2021-06-03;97548;21610;2471259;663965;29.8;8.0
FR;39;2021-06-04;95787;23069;2567046;687034;30.9;8.3
FR;39;2021-06-05;63981;13673;2631027;700707;31.7;8.4
FR;39;2021-06-06;31817;5777;2662844;706484;32.1;8.5
FR;39;2021-06-07;74886;20433;2737730;726917;33.0;8.8
FR;39;2021-06-08;86072;22654;2823802;749571;34.0;9.0
FR;39;2021-06-09;82943;24239;2906745;773810;35.0;9.3
FR;39;2021-06-10;85479;27416;2992224;801226;36.1;9.7
FR;39;2021-06-11;83668;30550;3075892;831776;37.1;10.0
FR;39;2021-06-12;60205;23223;3136097;854999;37.8;10.3
FR;39;2021-06-13;25041;11620;3161138;866619;38.1;10.4
FR;39;2021-06-14;51473;35314;3212611;901933;38.7;10.9
FR;39;2021-06-15;57924;39473;3270535;941406;39.4;11.3
FR;39;2021-06-16;54799;41747;3325334;983153;40.1;11.9
FR;39;2021-06-17;59513;43114;3384847;1026267;40.8;12.4
FR;49;2020-12-27;2;0;2;0;0.0;0.0
FR;49;2020-12-28;4;0;6;0;0.0;0.0
FR;49;2020-12-29;1;0;7;0;0.0;0.0
FR;49;2020-12-30;6;0;13;0;0.0;0.0
FR;49;2020-12-31;1;0;14;0;0.0;0.0
FR;49;2021-01-01;4;0;18;0;0.0;0.0
FR;49;2021-01-02;11;0;29;0;0.0;0.0
FR;49;2021-01-03;5;0;34;0;0.0;0.0
FR;49;2021-01-04;87;0;121;0;0.0;0.0
FR;49;2021-01-05;338;1;459;1;0.0;0.0
FR;49;2021-01-06;862;5;1321;6;0.0;0.0
FR;49;2021-01-07;2162;7;3483;13;0.0;0.0
FR;49;2021-01-08;3380;10;6863;23;0.1;0.0
FR;49;2021-01-09;1004;2;7867;25;0.1;0.0
FR;49;2021-01-10;475;2;8342;27;0.1;0.0
FR;49;2021-01-11;4183;17;12525;44;0.1;0.0
FR;49;2021-01-12;5876;20;18401;64;0.2;0.0
FR;49;2021-01-13;6177;25;24578;89;0.3;0.0
FR;49;2021-01-14;8347;83;32925;172;0.4;0.0
FR;49;2021-01-15;7628;37;40553;209;0.5;0.0
FR;49;2021-01-16;1427;10;41980;219;0.5;0.0
FR;49;2021-01-17;622;7;42602;226;0.5;0.0
FR;49;2021-01-18;5078;33;47680;259;0.6;0.0
FR;49;2021-01-19;6829;31;54509;290;0.6;0.0
FR;49;2021-01-20;6648;35;61157;325;0.7;0.0
FR;49;2021-01-21;8436;44;69593;369;0.8;0.0
FR;49;2021-01-22;6292;49;75885;418;0.9;0.0
FR;49;2021-01-23;1020;7;76905;425;0.9;0.0
FR;49;2021-01-24;282;3;77187;428;0.9;0.0
FR;49;2021-01-25;2627;101;79814;529;0.9;0.0
FR;49;2021-01-26;3741;233;83555;762;1.0;0.0
FR;49;2021-01-27;3989;398;87544;1160;1.0;0.0
FR;49;2021-01-28;5566;998;93110;2158;1.1;0.0
FR;49;2021-01-29;4413;1569;97523;3727;1.1;0.0
FR;49;2021-01-30;695;380;98218;4107;1.1;0.0
FR;49;2021-01-31;137;125;98355;4232;1.1;0.0
FR;49;2021-02-01;1375;2092;99730;6324;1.2;0.1
FR;49;2021-02-02;2294;3206;102024;9530;1.2;0.1
FR;49;2021-02-03;2311;3386;104335;12916;1.2;0.2
FR;49;2021-02-04;3389;4789;107724;17705;1.3;0.2
FR;49;2021-02-05;2808;4894;110532;22599;1.3;0.3
FR;49;2021-02-06;572;891;111104;23490;1.3;0.3
FR;49;2021-02-07;519;297;111623;23787;1.3;0.3
FR;49;2021-02-08;1944;4075;113567;27862;1.3;0.3
FR;49;2021-02-09;4344;5778;117911;33640;1.4;0.4
FR;49;2021-02-10;5512;6096;123423;39736;1.4;0.5
FR;49;2021-02-11;8013;8035;131436;47771;1.5;0.6
FR;49;2021-02-12;7320;6501;138756;54272;1.6;0.6
FR;49;2021-02-13;1703;1032;140459;55304;1.6;0.6
FR;49;2021-02-14;408;408;140867;55712;1.6;0.6
FR;49;2021-02-15;4132;3907;144999;59619;1.7;0.7
FR;49;2021-02-16;5391;5375;150390;64994;1.8;0.8
FR;49;2021-02-17;5139;4687;155529;69681;1.8;0.8
FR;49;2021-02-18;7508;6268;163037;75949;1.9;0.9
FR;49;2021-02-19;7085;4947;170122;80896;2.0;0.9
FR;49;2021-02-20;1496;811;171618;81707;2.0;1.0
FR;49;2021-02-21;279;226;171897;81933;2.0;1.0
FR;49;2021-02-22;3539;2684;175436;84617;2.0;1.0
FR;49;2021-02-23;4888;3172;180324;87789;2.1;1.0
FR;49;2021-02-24;4914;2883;185238;90672;2.2;1.1
FR;49;2021-02-25;7594;4250;192832;94922;2.2;1.1
FR;49;2021-02-26;8287;3225;201119;98147;2.3;1.1
FR;49;2021-02-27;2697;585;203816;98732;2.4;1.1
FR;49;2021-02-28;336;138;204152;98870;2.4;1.2
FR;49;2021-03-01;3855;1676;208007;100546;2.4;1.2
FR;49;2021-03-02;5816;2540;213823;103086;2.5;1.2
FR;49;2021-03-03;6071;2587;219894;105673;2.6;1.2
FR;49;2021-03-04;8982;3559;228876;109232;2.7;1.3
FR;49;2021-03-05;12622;3366;241498;112598;2.8;1.3
FR;49;2021-03-06;8649;677;250147;113275;2.9;1.3
FR;49;2021-03-07;4698;446;254845;113721;3.0;1.3
FR;49;2021-03-08;6441;1745;261286;115466;3.0;1.3
FR;49;2021-03-09;9600;2426;270886;117892;3.2;1.4
FR;49;2021-03-10;9039;2447;279925;120339;3.3;1.4
FR;49;2021-03-11;12897;3581;292822;123920;3.4;1.4
FR;49;2021-03-12;16526;3123;309348;127043;3.6;1.5
FR;49;2021-03-13;9580;703;318928;127746;3.7;1.5
FR;49;2021-03-14;3143;268;322071;128014;3.7;1.5
FR;49;2021-03-15;6929;1499;329000;129513;3.8;1.5
FR;49;2021-03-16;4652;2173;333652;131686;3.9;1.5
FR;49;2021-03-17;5199;2053;338851;133739;3.9;1.6
FR;49;2021-03-18;6573;2853;345424;136592;4.0;1.6
FR;49;2021-03-19;9555;2384;354979;138976;4.1;1.6
FR;49;2021-03-20;5893;607;360872;139583;4.2;1.6
FR;49;2021-03-21;3145;232;364017;139815;4.2;1.6
FR;49;2021-03-22;6327;1532;370344;141347;4.3;1.6
FR;49;2021-03-23;8622;2209;378966;143556;4.4;1.7
FR;49;2021-03-24;9549;2043;388515;145599;4.5;1.7
FR;49;2021-03-25;12388;2447;400903;148046;4.7;1.7
FR;49;2021-03-26;14751;2411;415654;150457;4.8;1.8
FR;49;2021-03-27;9378;900;425032;151357;4.9;1.8
FR;49;2021-03-28;3851;320;428883;151677;5.0;1.8
FR;49;2021-03-29;9898;1905;438781;153582;5.1;1.8
FR;49;2021-03-30;14313;2784;453094;156366;5.3;1.8
FR;49;2021-03-31;15593;2882;468687;159248;5.5;1.9
FR;49;2021-04-01;19920;3838;488607;163086;5.7;1.9
FR;49;2021-04-02;17509;3553;506116;166639;5.9;1.9
FR;49;2021-04-03;9369;1864;515485;168503;6.0;2.0
FR;49;2021-04-04;4122;638;519607;169141;6.0;2.0
FR;49;2021-04-05;4214;546;523821;169687;6.1;2.0
FR;49;2021-04-06;13226;3453;537047;173140;6.2;2.0
FR;49;2021-04-07;17716;4340;554763;177480;6.5;2.1
FR;49;2021-04-08;22485;5312;577248;182792;6.7;2.1
FR;49;2021-04-09;23606;5480;600854;188272;7.0;2.2
FR;49;2021-04-10;12435;3437;613289;191709;7.1;2.2
FR;49;2021-04-11;4479;1695;617768;193404;7.2;2.3
FR;49;2021-04-12;14153;3847;631921;197251;7.4;2.3
FR;49;2021-04-13;18777;5859;650698;203110;7.6;2.4
FR;49;2021-04-14;19478;6045;670176;209155;7.8;2.4
FR;49;2021-04-15;20418;7155;690594;216310;8.0;2.5
FR;49;2021-04-16;17581;7408;708175;223718;8.2;2.6
FR;49;2021-04-17;9901;4699;718076;228417;8.4;2.7
FR;49;2021-04-18;3374;2310;721450;230727;8.4;2.7
FR;49;2021-04-19;12040;6442;733490;237169;8.5;2.8
FR;49;2021-04-20;14228;9100;747718;246269;8.7;2.9
FR;49;2021-04-21;16065;10230;763783;256499;8.9;3.0
FR;49;2021-04-22;17687;13238;781470;269737;9.1;3.1
FR;49;2021-04-23;18207;14202;799677;283939;9.3;3.3
FR;49;2021-04-24;12673;7840;812350;291779;9.5;3.4
FR;49;2021-04-25;5506;3166;817856;294945;9.5;3.4
FR;49;2021-04-26;13764;10018;831620;304963;9.7;3.5
FR;49;2021-04-27;18735;13169;850355;318132;9.9;3.7
FR;49;2021-04-28;22774;14674;873129;332806;10.2;3.9
FR;49;2021-04-29;27754;17421;900883;350227;10.5;4.1
FR;49;2021-04-30;32039;18229;932922;368456;10.9;4.3
FR;49;2021-05-01;24307;5836;957229;374292;11.1;4.4
FR;49;2021-05-02;16582;3937;973811;378229;11.3;4.4
FR;49;2021-05-03;39805;15672;1013616;393901;11.8;4.6
FR;49;2021-05-04;46889;20464;1060505;414365;12.3;4.8
FR;49;2021-05-05;56109;21845;1116614;436210;13.0;5.1
FR;49;2021-05-06;62633;24868;1179247;461078;13.7;5.4
FR;49;2021-05-07;65928;26206;1245175;487284;14.5;5.7
FR;49;2021-05-08;52397;9331;1297572;496615;15.1;5.8
FR;49;2021-05-09;32318;6303;1329890;502918;15.5;5.9
FR;49;2021-05-10;57441;20838;1387331;523756;16.1;6.1
FR;49;2021-05-11;72157;24046;1459488;547802;17.0;6.4
FR;49;2021-05-12;90429;24204;1549917;572006;18.0;6.7
FR;49;2021-05-13;80336;7877;1630253;579883;19.0;6.7
FR;49;2021-05-14;96928;15914;1727181;595797;20.1;6.9
FR;49;2021-05-15;86640;11002;1813821;606799;21.1;7.1
FR;49;2021-05-16;53163;4592;1866984;611391;21.7;7.1
FR;49;2021-05-17;82072;16443;1949056;627834;22.7;7.3
FR;49;2021-05-18;98840;18093;2047896;645927;23.8;7.5
FR;49;2021-05-19;110502;19553;2158398;665480;25.1;7.7
FR;49;2021-05-20;114182;19927;2272580;685407;26.4;8.0
FR;49;2021-05-21;113537;20130;2386117;705537;27.8;8.2
FR;49;2021-05-22;87438;10632;2473555;716169;28.8;8.3
FR;49;2021-05-23;42853;4044;2516408;720213;29.3;8.4
FR;49;2021-05-24;67052;6929;2583460;727142;30.1;8.5
FR;49;2021-05-25;94629;20966;2678089;748108;31.2;8.7
FR;49;2021-05-26;101515;22897;2779604;771005;32.3;9.0
FR;49;2021-05-27;104376;24133;2883980;795138;33.6;9.3
FR;49;2021-05-28;99907;26859;2983887;821997;34.7;9.6
FR;49;2021-05-29;74125;15602;3058012;837599;35.6;9.7
FR;49;2021-05-30;26762;4740;3084774;842339;35.9;9.8
FR;49;2021-05-31;87543;21335;3172317;863674;36.9;10.1
FR;49;2021-06-01;100253;26512;3272570;890186;38.1;10.4
FR;49;2021-06-02;101525;26684;3374095;916870;39.3;10.7
FR;49;2021-06-03;108946;27994;3483041;944864;40.5;11.0
FR;49;2021-06-04;108679;31411;3591720;976275;41.8;11.4
FR;49;2021-06-05;74467;20987;3666187;997262;42.7;11.6
FR;49;2021-06-06;31849;7610;3698036;1004872;43.0;11.7
FR;49;2021-06-07;77422;27834;3775458;1032706;43.9;12.0
FR;49;2021-06-08;88884;30939;3864342;1063645;45.0;12.4
FR;49;2021-06-09;88060;35645;3952402;1099290;46.0;12.8
FR;49;2021-06-10;87041;36570;4039443;1135860;47.0;13.2
FR;49;2021-06-11;87217;46326;4126660;1182186;48.0;13.8
FR;49;2021-06-12;65023;38285;4191683;1220471;48.8;14.2
FR;49;2021-06-13;23475;18034;4215158;1238505;49.1;14.4
FR;49;2021-06-14;50207;56631;4265365;1295136;49.6;15.1
FR;49;2021-06-15;58058;61246;4323423;1356382;50.3;15.8
FR;49;2021-06-16;56966;69309;4380389;1425691;51.0;16.6
FR;49;2021-06-17;59195;63382;4439584;1489073;51.7;17.3
FR;59;2020-12-27;2;0;2;0;0.0;0.0
FR;59;2020-12-28;6;0;8;0;0.0;0.0
FR;59;2020-12-29;2;0;10;0;0.0;0.0
FR;59;2020-12-30;6;0;16;0;0.0;0.0
FR;59;2020-12-31;10;0;26;0;0.0;0.0
FR;59;2021-01-01;26;1;52;1;0.0;0.0
FR;59;2021-01-02;30;0;82;1;0.0;0.0
FR;59;2021-01-03;36;0;118;1;0.0;0.0
FR;59;2021-01-04;595;4;713;5;0.0;0.0
FR;59;2021-01-05;2178;8;2891;13;0.0;0.0
FR;59;2021-01-06;4817;17;7708;30;0.1;0.0
FR;59;2021-01-07;10522;35;18230;65;0.2;0.0
FR;59;2021-01-08;14347;33;32577;98;0.4;0.0
FR;59;2021-01-09;4073;13;36650;111;0.4;0.0
FR;59;2021-01-10;1991;4;38641;115;0.4;0.0
FR;59;2021-01-11;15987;39;54628;154;0.6;0.0
FR;59;2021-01-12;21183;66;75811;220;0.9;0.0
FR;59;2021-01-13;22763;76;98574;296;1.1;0.0
FR;59;2021-01-14;24798;251;123372;547;1.4;0.0
FR;59;2021-01-15;21642;130;145014;677;1.6;0.0
FR;59;2021-01-16;5445;32;150459;709;1.7;0.0
FR;59;2021-01-17;1803;14;152262;723;1.7;0.0
FR;59;2021-01-18;13618;91;165880;814;1.9;0.0
FR;59;2021-01-19;17995;112;183875;926;2.1;0.0
FR;59;2021-01-20;17146;92;201021;1018;2.3;0.0
FR;59;2021-01-21;18851;96;219872;1114;2.5;0.0
FR;59;2021-01-22;13969;108;233841;1222;2.7;0.0
FR;59;2021-01-23;2965;24;236806;1246;2.7;0.0
FR;59;2021-01-24;847;16;237653;1262;2.7;0.0
FR;59;2021-01-25;6719;630;244372;1892;2.8;0.0
FR;59;2021-01-26;8467;1397;252839;3289;2.9;0.0
FR;59;2021-01-27;8840;2414;261679;5703;3.0;0.1
FR;59;2021-01-28;10536;5067;272215;10770;3.1;0.1
FR;59;2021-01-29;7852;6659;280067;17429;3.2;0.2
FR;59;2021-01-30;1765;1515;281832;18944;3.2;0.2
FR;59;2021-01-31;372;548;282204;19492;3.2;0.2
FR;59;2021-02-01;3172;8751;285376;28243;3.2;0.3
FR;59;2021-02-02;4703;12488;290079;40731;3.3;0.5
FR;59;2021-02-03;4831;13558;294910;54289;3.4;0.6
FR;59;2021-02-04;5968;15916;300878;70205;3.4;0.8
FR;59;2021-02-05;4839;14931;305717;85136;3.5;1.0
FR;59;2021-02-06;1162;3001;306879;88137;3.5;1.0
FR;59;2021-02-07;389;985;307268;89122;3.5;1.0
FR;59;2021-02-08;2764;12486;310032;101608;3.5;1.2
FR;59;2021-02-09;4920;16196;314952;117804;3.6;1.3
FR;59;2021-02-10;5711;16092;320663;133896;3.6;1.5
FR;59;2021-02-11;7679;19751;328342;153647;3.7;1.7
FR;59;2021-02-12;6780;16052;335122;169699;3.8;1.9
FR;59;2021-02-13;1701;3457;336823;173156;3.8;2.0
FR;59;2021-02-14;361;984;337184;174140;3.8;2.0
FR;59;2021-02-15;3273;10551;340457;184691;3.9;2.1
FR;59;2021-02-16;4744;13589;345201;198280;3.9;2.3
FR;59;2021-02-17;4966;12361;350167;210641;4.0;2.4
FR;59;2021-02-18;7087;13899;357254;224540;4.1;2.6
FR;59;2021-02-19;6491;10760;363745;235300;4.1;2.7
FR;59;2021-02-20;1418;2494;365163;237794;4.2;2.7
FR;59;2021-02-21;284;571;365447;238365;4.2;2.7
FR;59;2021-02-22;3269;6394;368716;244759;4.2;2.8
FR;59;2021-02-23;4854;7158;373570;251917;4.2;2.9
FR;59;2021-02-24;6874;6445;380444;258362;4.3;2.9
FR;59;2021-02-25;21264;8608;401708;266970;4.6;3.0
FR;59;2021-02-26;28303;6348;430011;273318;4.9;3.1
FR;59;2021-02-27;17134;1570;447145;274888;5.1;3.1
FR;59;2021-02-28;1114;385;448259;275273;5.1;3.1
FR;59;2021-03-01;8843;3570;457102;278843;5.2;3.2
FR;59;2021-03-02;17196;4984;474298;283827;5.4;3.2
FR;59;2021-03-03;20703;5097;495001;288924;5.6;3.3
FR;59;2021-03-04;32367;6030;527368;294954;6.0;3.4
FR;59;2021-03-05;40979;5621;568347;300575;6.5;3.4
FR;59;2021-03-06;36156;1665;604503;302240;6.9;3.4
FR;59;2021-03-07;14115;1105;618618;303345;7.0;3.4
FR;59;2021-03-08;12321;3261;630939;306606;7.2;3.5
FR;59;2021-03-09;22909;4299;653848;310905;7.4;3.5
FR;59;2021-03-10;23183;4383;677031;315288;7.7;3.6
FR;59;2021-03-11;34411;5619;711442;320907;8.1;3.6
FR;59;2021-03-12;45423;4801;756865;325708;8.6;3.7
FR;59;2021-03-13;36223;1485;793088;327193;9.0;3.7
FR;59;2021-03-14;7200;445;800288;327638;9.1;3.7
FR;59;2021-03-15;14529;2597;814817;330235;9.3;3.8
FR;59;2021-03-16;7930;3013;822747;333248;9.4;3.8
FR;59;2021-03-17;8774;3172;831521;336420;9.5;3.8
FR;59;2021-03-18;10477;4048;841998;340468;9.6;3.9
FR;59;2021-03-19;23530;3615;865528;344083;9.8;3.9
FR;59;2021-03-20;21125;1149;886653;345232;10.1;3.9
FR;59;2021-03-21;6283;406;892936;345638;10.2;3.9
FR;59;2021-03-22;15515;2707;908451;348345;10.3;4.0
FR;59;2021-03-23;25440;3582;933891;351927;10.6;4.0
FR;59;2021-03-24;28044;3592;961935;355519;10.9;4.0
FR;59;2021-03-25;38009;3959;999944;359478;11.4;4.1
FR;59;2021-03-26;42895;4233;1042839;363711;11.9;4.1
FR;59;2021-03-27;26880;1831;1069719;365542;12.2;4.2
FR;59;2021-03-28;7535;481;1077254;366023;12.3;4.2
FR;59;2021-03-29;21687;3416;1098941;369439;12.5;4.2
FR;59;2021-03-30;32136;4459;1131077;373898;12.9;4.3
FR;59;2021-03-31;31438;4734;1162515;378632;13.2;4.3
FR;59;2021-04-01;38419;5930;1200934;384562;13.7;4.4
FR;59;2021-04-02;36903;5887;1237837;390449;14.1;4.4
FR;59;2021-04-03;21320;3497;1259157;393946;14.3;4.5
FR;59;2021-04-04;7347;1241;1266504;395187;14.4;4.5
FR;59;2021-04-05;8263;1120;1274767;396307;14.5;4.5
FR;59;2021-04-06;25733;5978;1300500;402285;14.8;4.6
FR;59;2021-04-07;33908;7225;1334408;409510;15.2;4.7
FR;59;2021-04-08;45014;8627;1379422;418137;15.7;4.8
FR;59;2021-04-09;60752;9234;1440174;427371;16.4;4.9
FR;59;2021-04-10;36457;7169;1476631;434540;16.8;4.9
FR;59;2021-04-11;9739;3547;1486370;438087;16.9;5.0
FR;59;2021-04-12;35263;7489;1521633;445576;17.3;5.1
FR;59;2021-04-13;49810;10268;1571443;455844;17.9;5.2
FR;59;2021-04-14;50163;10268;1621606;466112;18.4;5.3
FR;59;2021-04-15;59494;11904;1681100;478016;19.1;5.4
FR;59;2021-04-16;63288;12595;1744388;490611;19.8;5.6
FR;59;2021-04-17;41461;9781;1785849;500392;20.3;5.7
FR;59;2021-04-18;12287;4668;1798136;505060;20.5;5.7
FR;59;2021-04-19;33254;11246;1831390;516306;20.8;5.9
FR;59;2021-04-20;44709;14816;1876099;531122;21.3;6.0
FR;59;2021-04-21;47358;16560;1923457;547682;21.9;6.2
FR;59;2021-04-22;55893;19609;1979350;567291;22.5;6.5
FR;59;2021-04-23;65408;20946;2044758;588237;23.3;6.7
FR;59;2021-04-24;47522;15632;2092280;603869;23.8;6.9
FR;59;2021-04-25;16660;5492;2108940;609361;24.0;6.9
FR;59;2021-04-26;41477;17578;2150417;626939;24.5;7.1
FR;59;2021-04-27;56633;23410;2207050;650349;25.1;7.4
FR;59;2021-04-28;64371;26061;2271421;676410;25.8;7.7
FR;59;2021-04-29;78224;31777;2349645;708187;26.7;8.1
FR;59;2021-04-30;92666;36721;2442311;744908;27.8;8.5
FR;59;2021-05-01;43620;11101;2485931;756009;28.3;8.6
FR;59;2021-05-02;23508;7328;2509439;763337;28.5;8.7
FR;59;2021-05-03;62911;26411;2572350;789748;29.3;9.0
FR;59;2021-05-04;71390;34497;2643740;824245;30.1;9.4
FR;59;2021-05-05;77753;37492;2721493;861737;31.0;9.8
FR;59;2021-05-06;89689;43791;2811182;905528;32.0;10.3
FR;59;2021-05-07;98069;54031;2909251;959559;33.1;10.9
FR;59;2021-05-08;59543;16611;2968794;976170;33.8;11.1
FR;59;2021-05-09;39348;10420;3008142;986590;34.2;11.2
FR;59;2021-05-10;95482;40155;3103624;1026745;35.3;11.7
FR;59;2021-05-11;125754;49387;3229378;1076132;36.7;12.2
FR;59;2021-05-12;123240;46231;3352618;1122363;38.1;12.8
FR;59;2021-05-13;92617;14432;3445235;1136795;39.2;12.9
FR;59;2021-05-14;129252;34310;3574487;1171105;40.7;13.3
FR;59;2021-05-15;114425;25518;3688912;1196623;42.0;13.6
FR;59;2021-05-16;55294;7178;3744206;1203801;42.6;13.7
FR;59;2021-05-17;105562;30703;3849768;1234504;43.8;14.0
FR;59;2021-05-18;117675;34185;3967443;1268689;45.1;14.4
FR;59;2021-05-19;118923;35445;4086366;1304134;46.5;14.8
FR;59;2021-05-20;122566;42286;4208932;1346420;47.9;15.3
FR;59;2021-05-21;122003;48613;4330935;1395033;49.3;15.9
FR;59;2021-05-22;81857;25378;4412792;1420411;50.2;16.2
FR;59;2021-05-23;31267;5153;4444059;1425564;50.5;16.2
FR;59;2021-05-24;51954;9912;4496013;1435476;51.1;16.3
FR;59;2021-05-25;84419;41945;4580432;1477421;52.1;16.8
FR;59;2021-05-26;83458;44240;4663890;1521661;53.0;17.3
FR;59;2021-05-27;90119;52423;4754009;1574084;54.1;17.9
FR;59;2021-05-28;91869;66632;4845878;1640716;55.1;18.7
FR;59;2021-05-29;60369;40060;4906247;1680776;55.8;19.1
FR;59;2021-05-30;16137;7800;4922384;1688576;56.0;19.2
FR;59;2021-05-31;58641;42419;4981025;1730995;56.6;19.7
FR;59;2021-06-01;68278;53783;5049303;1784778;57.4;20.3
FR;59;2021-06-02;62387;52779;5111690;1837557;58.1;20.9
FR;59;2021-06-03;69796;58402;5181486;1895959;58.9;21.6
FR;59;2021-06-04;71830;71780;5253316;1967739;59.7;22.4
FR;59;2021-06-05;45812;48802;5299128;2016541;60.3;22.9
FR;59;2021-06-06;14259;12591;5313387;2029132;60.4;23.1
FR;59;2021-06-07;43913;54835;5357300;2083967;60.9;23.7
FR;59;2021-06-08;53834;61608;5411134;2145575;61.5;24.4
FR;59;2021-06-09;50361;65029;5461495;2210604;62.1;25.1
FR;59;2021-06-10;53698;64791;5515193;2275395;62.7;25.9
FR;59;2021-06-11;55777;85176;5570970;2360571;63.4;26.8
FR;59;2021-06-12;38727;56701;5609697;2417272;63.8;27.5
FR;59;2021-06-13;11097;19628;5620794;2436900;63.9;27.7
FR;59;2021-06-14;30034;79300;5650828;2516200;64.3;28.6
FR;59;2021-06-15;35478;85391;5686306;2601591;64.7;29.6
FR;59;2021-06-16;33456;87280;5719762;2688871;65.1;30.6
FR;59;2021-06-17;36575;85974;5756337;2774845;65.5;31.6
FR;64;2020-12-27;1;0;1;0;0.0;0.0
FR;64;2020-12-28;1;0;2;0;0.0;0.0
FR;64;2020-12-29;2;0;4;0;0.0;0.0
FR;64;2020-12-30;6;0;10;0;0.0;0.0
FR;64;2020-12-31;5;0;15;0;0.0;0.0
FR;64;2021-01-01;8;0;23;0;0.0;0.0
FR;64;2021-01-02;13;0;36;0;0.0;0.0
FR;64;2021-01-03;19;0;55;0;0.0;0.0
FR;64;2021-01-04;209;1;264;1;0.0;0.0
FR;64;2021-01-05;902;4;1166;5;0.0;0.0
FR;64;2021-01-06;1693;3;2859;8;0.1;0.0
FR;64;2021-01-07;3661;10;6520;18;0.2;0.0
FR;64;2021-01-08;4895;14;11415;32;0.3;0.0
FR;64;2021-01-09;1962;2;13377;34;0.3;0.0
FR;64;2021-01-10;1027;1;14404;35;0.4;0.0
FR;64;2021-01-11;5294;10;19698;45;0.5;0.0
FR;64;2021-01-12;7156;15;26854;60;0.7;0.0
FR;64;2021-01-13;7473;18;34327;78;0.8;0.0
FR;64;2021-01-14;8583;87;42910;165;1.0;0.0
FR;64;2021-01-15;7110;36;50020;201;1.2;0.0
FR;64;2021-01-16;2221;18;52241;219;1.3;0.0
FR;64;2021-01-17;844;9;53085;228;1.3;0.0
FR;64;2021-01-18;4693;20;57778;248;1.4;0.0
FR;64;2021-01-19;6414;25;64192;273;1.6;0.0
FR;64;2021-01-20;6245;36;70437;309;1.7;0.0
FR;64;2021-01-21;6933;27;77370;336;1.9;0.0
FR;64;2021-01-22;5438;34;82808;370;2.0;0.0
FR;64;2021-01-23;1422;13;84230;383;2.1;0.0
FR;64;2021-01-24;434;9;84664;392;2.1;0.0
FR;64;2021-01-25;2778;204;87442;596;2.1;0.0
FR;64;2021-01-26;3547;500;90989;1096;2.2;0.0
FR;64;2021-01-27;3773;888;94762;1984;2.3;0.0
FR;64;2021-01-28;4578;1758;99340;3742;2.4;0.1
FR;64;2021-01-29;3537;2330;102877;6072;2.5;0.1
FR;64;2021-01-30;840;708;103717;6780;2.5;0.2
FR;64;2021-01-31;172;279;103889;7059;2.5;0.2
FR;64;2021-02-01;1530;2869;105419;9928;2.6;0.2
FR;64;2021-02-02;2159;4149;107578;14077;2.6;0.3
FR;64;2021-02-03;2313;4366;109891;18443;2.7;0.4
FR;64;2021-02-04;2829;5510;112720;23953;2.7;0.6
FR;64;2021-02-05;2195;4973;114915;28926;2.8;0.7
FR;64;2021-02-06;667;1305;115582;30231;2.8;0.7
FR;64;2021-02-07;165;493;115747;30724;2.8;0.7
FR;64;2021-02-08;1491;4199;117238;34923;2.9;0.9
FR;64;2021-02-09;2351;5669;119589;40592;2.9;1.0
FR;64;2021-02-10;2578;5678;122167;46270;3.0;1.1
FR;64;2021-02-11;3470;7230;125637;53500;3.1;1.3
FR;64;2021-02-12;3117;5455;128754;58955;3.1;1.4
FR;64;2021-02-13;850;1449;129604;60404;3.2;1.5
FR;64;2021-02-14;198;436;129802;60840;3.2;1.5
FR;64;2021-02-15;1595;3889;131397;64729;3.2;1.6
FR;64;2021-02-16;2089;5149;133486;69878;3.3;1.7
FR;64;2021-02-17;2214;4648;135700;74526;3.3;1.8
FR;64;2021-02-18;3253;5460;138953;79986;3.4;1.9
FR;64;2021-02-19;3023;4220;141976;84206;3.5;2.1
FR;64;2021-02-20;811;1205;142787;85411;3.5;2.1
FR;64;2021-02-21;135;255;142922;85666;3.5;2.1
FR;64;2021-02-22;1498;2671;144420;88337;3.5;2.2
FR;64;2021-02-23;2416;2919;146836;91256;3.6;2.2
FR;64;2021-02-24;3884;2861;150720;94117;3.7;2.3
FR;64;2021-02-25;16087;3893;166807;98010;4.1;2.4
FR;64;2021-02-26;21855;2830;188662;100840;4.6;2.5
FR;64;2021-02-27;13098;792;201760;101632;4.9;2.5
FR;64;2021-02-28;799;174;202559;101806;4.9;2.5
FR;64;2021-03-01;6582;1769;209141;103575;5.1;2.5
FR;64;2021-03-02;13164;2396;222305;105971;5.4;2.6
FR;64;2021-03-03;15987;2456;238292;108427;5.8;2.6
FR;64;2021-03-04;25269;2968;263561;111395;6.4;2.7
FR;64;2021-03-05;30580;2775;294141;114170;7.2;2.8
FR;64;2021-03-06;26934;892;321075;115062;7.8;2.8
FR;64;2021-03-07;9911;563;330986;115625;8.1;2.8
FR;64;2021-03-08;8853;1840;339839;117465;8.3;2.9
FR;64;2021-03-09;16874;2094;356713;119559;8.7;2.9
FR;64;2021-03-10;17138;2236;373851;121795;9.1;3.0
FR;64;2021-03-11;26009;2935;399860;124730;9.7;3.0
FR;64;2021-03-12;33533;2557;433393;127287;10.6;3.1
FR;64;2021-03-13;27433;881;460826;128168;11.2;3.1
FR;64;2021-03-14;5450;223;466276;128391;11.4;3.1
FR;64;2021-03-15;11086;1488;477362;129879;11.6;3.2
FR;64;2021-03-16;6019;1797;483381;131676;11.8;3.2
FR;64;2021-03-17;6157;1705;489538;133381;11.9;3.3
FR;64;2021-03-18;7697;2097;497235;135478;12.1;3.3
FR;64;2021-03-19;18985;1989;516220;137467;12.6;3.4
FR;64;2021-03-20;18565;804;534785;138271;13.0;3.4
FR;64;2021-03-21;4728;238;539513;138509;13.2;3.4
FR;64;2021-03-22;13557;1615;553070;140124;13.5;3.4
FR;64;2021-03-23;23564;2092;576634;142216;14.1;3.5
FR;64;2021-03-24;25209;2197;601843;144413;14.7;3.5
FR;64;2021-03-25;36709;2503;638552;146916;15.6;3.6
FR;64;2021-03-26;40230;2453;678782;149369;16.5;3.6
FR;64;2021-03-27;21325;1075;700107;150444;17.1;3.7
FR;64;2021-03-28;5093;270;705200;150714;17.2;3.7
FR;64;2021-03-29;17577;2188;722777;152902;17.6;3.7
FR;64;2021-03-30;27336;2926;750113;155828;18.3;3.8
FR;64;2021-03-31;24167;2977;774280;158805;18.9;3.9
FR;64;2021-04-01;30592;3858;804872;162663;19.6;4.0
FR;64;2021-04-02;29237;3669;834109;166332;20.3;4.1
FR;64;2021-04-03;15992;2407;850101;168739;20.7;4.1
FR;64;2021-04-04;4034;806;854135;169545;20.8;4.1
FR;64;2021-04-05;5111;809;859246;170354;20.9;4.2
FR;64;2021-04-06;19224;4325;878470;174679;21.4;4.3
FR;64;2021-04-07;23563;4865;902033;179544;22.0;4.4
FR;64;2021-04-08;34611;5714;936644;185258;22.8;4.5
FR;64;2021-04-09;53517;6226;990161;191484;24.1;4.7
FR;64;2021-04-10;29857;5084;1020018;196568;24.9;4.8
FR;64;2021-04-11;6265;2625;1026283;199193;25.0;4.9
FR;64;2021-04-12;28047;5239;1054330;204432;25.7;5.0
FR;64;2021-04-13;42501;7468;1096831;211900;26.7;5.2
FR;64;2021-04-14;40742;7227;1137573;219127;27.7;5.3
FR;64;2021-04-15;51939;8491;1189512;227618;29.0;5.5
FR;64;2021-04-16;64246;9005;1253758;236623;30.6;5.8
FR;64;2021-04-17;38515;7183;1292273;243806;31.5;5.9
FR;64;2021-04-18;10920;3359;1303193;247165;31.8;6.0
FR;64;2021-04-19;41961;8649;1345154;255814;32.8;6.2
FR;64;2021-04-20;52631;10501;1397785;266315;34.1;6.5
FR;64;2021-04-21;52496;10959;1450281;277274;35.4;6.8
FR;64;2021-04-22;57383;12862;1507664;290136;36.8;7.1
FR;64;2021-04-23;60886;12811;1568550;302947;38.2;7.4
FR;64;2021-04-24;43381;9146;1611931;312093;39.3;7.6
FR;64;2021-04-25;16229;3389;1628160;315482;39.7;7.7
FR;64;2021-04-26;50031;11599;1678191;327081;40.9;8.0
FR;64;2021-04-27;63011;15619;1741202;342700;42.4;8.4
FR;64;2021-04-28;64033;16087;1805235;358787;44.0;8.7
FR;64;2021-04-29;73711;20512;1878946;379299;45.8;9.2
FR;64;2021-04-30;75276;22077;1954222;401376;47.6;9.8
FR;64;2021-05-01;29347;6714;1983569;408090;48.4;9.9
FR;64;2021-05-02;14490;4005;1998059;412095;48.7;10.0
FR;64;2021-05-03;52339;15951;2050398;428046;50.0;10.4
FR;64;2021-05-04;53312;21690;2103710;449736;51.3;11.0
FR;64;2021-05-05;49518;22749;2153228;472485;52.5;11.5
FR;64;2021-05-06;56890;28890;2210118;501375;53.9;12.2
FR;64;2021-05-07;50917;34035;2261035;535410;55.1;13.1
FR;64;2021-05-08;20729;9336;2281764;544746;55.6;13.3
FR;64;2021-05-09;10028;5502;2291792;550248;55.9;13.4
FR;64;2021-05-10;34411;26793;2326203;577041;56.7;14.1
FR;64;2021-05-11;44007;37142;2370210;614183;57.8;15.0
FR;64;2021-05-12;39057;34991;2409267;649174;58.7;15.8
FR;64;2021-05-13;22000;10056;2431267;659230;59.3;16.1
FR;64;2021-05-14;36351;29065;2467618;688295;60.2;16.8
FR;64;2021-05-15;21264;19003;2488882;707298;60.7;17.2
FR;64;2021-05-16;7972;4306;2496854;711604;60.9;17.3
FR;64;2021-05-17;26919;25420;2523773;737024;61.5;18.0
FR;64;2021-05-18;33570;28350;2557343;765374;62.3;18.7
FR;64;2021-05-19;30469;26386;2587812;791760;63.1;19.3
FR;64;2021-05-20;35047;33264;2622859;825024;63.9;20.1
FR;64;2021-05-21;30245;37384;2653104;862408;64.7;21.0
FR;64;2021-05-22;14838;17704;2667942;880112;65.0;21.5
FR;64;2021-05-23;5118;2831;2673060;882943;65.2;21.5
FR;64;2021-05-24;10759;6493;2683819;889436;65.4;21.7
FR;64;2021-05-25;22722;34348;2706541;923784;66.0;22.5
FR;64;2021-05-26;21465;34966;2728006;958750;66.5;23.4
FR;64;2021-05-27;26009;42981;2754015;1001731;67.1;24.4
FR;64;2021-05-28;24498;55742;2778513;1057473;67.7;25.8
FR;64;2021-05-29;11926;33516;2790439;1090989;68.0;26.6
FR;64;2021-05-30;2674;7429;2793113;1098418;68.1;26.8
FR;64;2021-05-31;15831;45978;2808944;1144396;68.5;27.9
FR;64;2021-06-01;20850;56386;2829794;1200782;69.0;29.3
FR;64;2021-06-02;17039;50419;2846833;1251201;69.4;30.5
FR;64;2021-06-03;21203;55019;2868036;1306220;69.9;31.8
FR;64;2021-06-04;19841;66551;2887877;1372771;70.4;33.5
FR;64;2021-06-05;9383;43223;2897260;1415994;70.6;34.5
FR;64;2021-06-06;2667;10963;2899927;1426957;70.7;34.8
FR;64;2021-06-07;12300;60847;2912227;1487804;71.0;36.3
FR;64;2021-06-08;16757;66723;2928984;1554527;71.4;37.9
FR;64;2021-06-09;14451;58344;2943435;1612871;71.8;39.3
FR;64;2021-06-10;16484;56997;2959919;1669868;72.2;40.7
FR;64;2021-06-11;15016;69898;2974935;1739766;72.5;42.4
FR;64;2021-06-12;8061;36091;2982996;1775857;72.7;43.3
FR;64;2021-06-13;2114;9742;2985110;1785599;72.8;43.5
FR;64;2021-06-14;8880;64657;2993990;1850256;73.0;45.1
FR;64;2021-06-15;11642;66281;3005632;1916537;73.3;46.7
FR;64;2021-06-16;9886;53283;3015518;1969820;73.5;48.0
FR;64;2021-06-17;11874;55739;3027392;2025559;73.8;49.4
FR;69;2020-12-27;2;0;2;0;0.0;0.0
FR;69;2020-12-28;2;0;4;0;0.0;0.0
FR;69;2020-12-29;3;0;7;0;0.0;0.0
FR;69;2020-12-30;7;0;14;0;0.0;0.0
FR;69;2020-12-31;5;0;19;0;0.0;0.0
FR;69;2021-01-01;6;0;25;0;0.0;0.0
FR;69;2021-01-02;11;1;36;1;0.0;0.0
FR;69;2021-01-03;8;0;44;1;0.0;0.0
FR;69;2021-01-04;115;0;159;1;0.0;0.0
FR;69;2021-01-05;411;4;570;5;0.0;0.0
FR;69;2021-01-06;810;2;1380;7;0.0;0.0
FR;69;2021-01-07;1893;3;3273;10;0.1;0.0
FR;69;2021-01-08;2464;1;5737;11;0.1;0.0
FR;69;2021-01-09;1126;1;6863;12;0.2;0.0
FR;69;2021-01-10;660;1;7523;13;0.2;0.0
FR;69;2021-01-11;2742;6;10265;19;0.3;0.0
FR;69;2021-01-12;3886;1;14151;20;0.4;0.0
FR;69;2021-01-13;3805;14;17956;34;0.5;0.0
FR;69;2021-01-14;4570;48;22526;82;0.6;0.0
FR;69;2021-01-15;3853;14;26379;96;0.7;0.0
FR;69;2021-01-16;1344;14;27723;110;0.7;0.0
FR;69;2021-01-17;634;3;28357;113;0.7;0.0
FR;69;2021-01-18;3262;18;31619;131;0.8;0.0
FR;69;2021-01-19;4801;22;36420;153;0.9;0.0
FR;69;2021-01-20;4771;18;41191;171;1.1;0.0
FR;69;2021-01-21;5553;20;46744;191;1.2;0.0
FR;69;2021-01-22;4379;21;51123;212;1.3;0.0
FR;69;2021-01-23;1363;5;52486;217;1.3;0.0
FR;69;2021-01-24;450;6;52936;223;1.4;0.0
FR;69;2021-01-25;2733;82;55669;305;1.4;0.0
FR;69;2021-01-26;3368;183;59037;488;1.5;0.0
FR;69;2021-01-27;3673;416;62710;904;1.6;0.0
FR;69;2021-01-28;4334;896;67044;1800;1.7;0.0
FR;69;2021-01-29;3492;1237;70536;3037;1.8;0.1
FR;69;2021-01-30;941;403;71477;3440;1.8;0.1
FR;69;2021-01-31;180;162;71657;3602;1.8;0.1
FR;69;2021-02-01;1830;1522;73487;5124;1.9;0.1
FR;69;2021-02-02;2436;2204;75923;7328;1.9;0.2
FR;69;2021-02-03;2428;2273;78351;9601;2.0;0.2
FR;69;2021-02-04;2995;2929;81346;12530;2.1;0.3
FR;69;2021-02-05;2519;2540;83865;15070;2.1;0.4
FR;69;2021-02-06;728;808;84593;15878;2.2;0.4
FR;69;2021-02-07;162;391;84755;16269;2.2;0.4
FR;69;2021-02-08;1617;2412;86372;18681;2.2;0.5
FR;69;2021-02-09;2422;3418;88794;22099;2.3;0.6
FR;69;2021-02-10;2575;3409;91369;25508;2.3;0.7
FR;69;2021-02-11;3535;4867;94904;30375;2.4;0.8
FR;69;2021-02-12;3166;3423;98070;33798;2.5;0.9
FR;69;2021-02-13;870;1037;98940;34835;2.5;0.9
FR;69;2021-02-14;217;415;99157;35250;2.5;0.9
FR;69;2021-02-15;1341;2780;100498;38030;2.6;1.0
FR;69;2021-02-16;1875;3987;102373;42017;2.6;1.1
FR;69;2021-02-17;2011;3665;104384;45682;2.7;1.2
FR;69;2021-02-18;3015;4566;107399;50248;2.8;1.3
FR;69;2021-02-19;2889;3516;110288;53764;2.8;1.4
FR;69;2021-02-20;760;1027;111048;54791;2.8;1.4
FR;69;2021-02-21;150;235;111198;55026;2.8;1.4
FR;69;2021-02-22;1620;2577;112818;57603;2.9;1.5
FR;69;2021-02-23;2292;2823;115110;60426;3.0;1.5
FR;69;2021-02-24;2670;2916;117780;63342;3.0;1.6
FR;69;2021-02-25;3900;3592;121680;66934;3.1;1.7
FR;69;2021-02-26;4287;2637;125967;69571;3.2;1.8
FR;69;2021-02-27;1818;709;127785;70280;3.3;1.8
FR;69;2021-02-28;312;183;128097;70463;3.3;1.8
FR;69;2021-03-01;2813;1943;130910;72406;3.4;1.9
FR;69;2021-03-02;4732;2457;135642;74863;3.5;1.9
FR;69;2021-03-03;6740;2493;142382;77356;3.6;2.0
FR;69;2021-03-04;11840;3053;154222;80409;4.0;2.1
FR;69;2021-03-05;17557;2739;171779;83148;4.4;2.1
FR;69;2021-03-06;23359;857;195138;84005;5.0;2.2
FR;69;2021-03-07;14832;489;209970;84494;5.4;2.2
FR;69;2021-03-08;9816;2086;219786;86580;5.6;2.2
FR;69;2021-03-09;17556;2541;237342;89121;6.1;2.3
FR;69;2021-03-10;18906;2600;256248;91721;6.6;2.4
FR;69;2021-03-11;29283;3306;285531;95027;7.3;2.4
FR;69;2021-03-12;40034;3070;325565;98097;8.3;2.5
FR;69;2021-03-13;36182;1094;361747;99191;9.3;2.5
FR;69;2021-03-14;8219;278;369966;99469;9.5;2.5
FR;69;2021-03-15;16755;1860;386721;101329;9.9;2.6
FR;69;2021-03-16;10751;2203;397472;103532;10.2;2.7
FR;69;2021-03-17;11780;2209;409252;105741;10.5;2.7
FR;69;2021-03-18;13161;2636;422413;108377;10.8;2.8
FR;69;2021-03-19;28927;2487;451340;110864;11.6;2.8
FR;69;2021-03-20;27021;944;478361;111808;12.3;2.9
FR;69;2021-03-21;7132;286;485493;112094;12.4;2.9
FR;69;2021-03-22;21258;2223;506751;114317;13.0;2.9
FR;69;2021-03-23;36300;2871;543051;117188;13.9;3.0
FR;69;2021-03-24;37597;2912;580648;120100;14.9;3.1
FR;69;2021-03-25;55166;3211;635814;123311;16.3;3.2
FR;69;2021-03-26;59260;3091;695074;126402;17.8;3.2
FR;69;2021-03-27;30223;1434;725297;127836;18.6;3.3
FR;69;2021-03-28;7611;403;732908;128239;18.8;3.3
FR;69;2021-03-29;27718;3501;760626;131740;19.5;3.4
FR;69;2021-03-30;42305;4455;802931;136195;20.6;3.5
FR;69;2021-03-31;35398;4473;838329;140668;21.5;3.6
FR;69;2021-04-01;43330;5851;881659;146519;22.6;3.8
FR;69;2021-04-02;41379;5983;923038;152502;23.7;3.9
FR;69;2021-04-03;21672;3957;944710;156459;24.2;4.0
FR;69;2021-04-04;5810;1316;950520;157775;24.4;4.0
FR;69;2021-04-05;7617;1071;958137;158846;24.6;4.1
FR;69;2021-04-06;27917;7249;986054;166095;25.3;4.3
FR;69;2021-04-07;32445;7806;1018499;173901;26.1;4.5
FR;69;2021-04-08;48600;8933;1067099;182834;27.3;4.7
FR;69;2021-04-09;70658;9160;1137757;191994;29.2;4.9
FR;69;2021-04-10;36688;7905;1174445;199899;30.1;5.1
FR;69;2021-04-11;7981;4298;1182426;204197;30.3;5.2
FR;69;2021-04-12;38592;8905;1221018;213102;31.3;5.5
FR;69;2021-04-13;53545;12040;1274563;225142;32.7;5.8
FR;69;2021-04-14;49324;11723;1323887;236865;33.9;6.1
FR;69;2021-04-15;61854;13621;1385741;250486;35.5;6.4
FR;69;2021-04-16;72627;14144;1458368;264630;37.4;6.8
FR;69;2021-04-17;39664;10736;1498032;275366;38.4;7.1
FR;69;2021-04-18;10023;5040;1508055;280406;38.6;7.2
FR;69;2021-04-19;45903;13946;1553958;294352;39.8;7.5
FR;69;2021-04-20;57163;16872;1611121;311224;41.3;8.0
FR;69;2021-04-21;53499;16608;1664620;327832;42.7;8.4
FR;69;2021-04-22;60262;18795;1724882;346627;44.2;8.9
FR;69;2021-04-23;59424;18839;1784306;365466;45.7;9.4
FR;69;2021-04-24;37328;13195;1821634;378661;46.7;9.7
FR;69;2021-04-25;13277;5021;1834911;383682;47.0;9.8
FR;69;2021-04-26;49710;18422;1884621;402104;48.3;10.3
FR;69;2021-04-27;61800;23264;1946421;425368;49.9;10.9
FR;69;2021-04-28;59866;22145;2006287;447513;51.4;11.5
FR;69;2021-04-29;70151;24927;2076438;472440;53.2;12.1
FR;69;2021-04-30;66966;23994;2143404;496434;54.9;12.7
FR;69;2021-05-01;23895;7643;2167299;504077;55.5;12.9
FR;69;2021-05-02;11197;5174;2178496;509251;55.8;13.1
FR;69;2021-05-03;47527;21418;2226023;530669;57.0;13.6
FR;69;2021-05-04;48060;27792;2274083;558461;58.3;14.3
FR;69;2021-05-05;42807;27197;2316890;585658;59.4;15.0
FR;69;2021-05-06;50896;30280;2367786;615938;60.7;15.8
FR;69;2021-05-07;42345;34349;2410131;650287;61.8;16.7
FR;69;2021-05-08;15756;9399;2425887;659686;62.2;16.9
FR;69;2021-05-09;7306;6568;2433193;666254;62.4;17.1
FR;69;2021-05-10;29634;34727;2462827;700981;63.1;18.0
FR;69;2021-05-11;38218;43780;2501045;744761;64.1;19.1
FR;69;2021-05-12;33056;39235;2534101;783996;64.9;20.1
FR;69;2021-05-13;17484;11516;2551585;795512;65.4;20.4
FR;69;2021-05-14;30070;34183;2581655;829695;66.2;21.3
FR;69;2021-05-15;15268;18538;2596923;848233;66.6;21.7
FR;69;2021-05-16;5442;4317;2602365;852550;66.7;21.8
FR;69;2021-05-17;21862;28822;2624227;881372;67.3;22.6
FR;69;2021-05-18;27997;29637;2652224;911009;68.0;23.3
FR;69;2021-05-19;24379;25239;2676603;936248;68.6;24.0
FR;69;2021-05-20;28429;27842;2705032;964090;69.3;24.7
FR;69;2021-05-21;23003;30752;2728035;994842;69.9;25.5
FR;69;2021-05-22;9677;14378;2737712;1009220;70.2;25.9
FR;69;2021-05-23;3192;2380;2740904;1011600;70.2;25.9
FR;69;2021-05-24;8108;7132;2749012;1018732;70.5;26.1
FR;69;2021-05-25;17923;36217;2766935;1054949;70.9;27.0
FR;69;2021-05-26;16377;34473;2783312;1089422;71.3;27.9
FR;69;2021-05-27;20618;42274;2803930;1131696;71.9;29.0
FR;69;2021-05-28;18296;53864;2822226;1185560;72.3;30.4
FR;69;2021-05-29;7662;31255;2829888;1216815;72.5;31.2
FR;69;2021-05-30;1699;6901;2831587;1223716;72.6;31.4
FR;69;2021-05-31;12339;47514;2843926;1271230;72.9;32.6
FR;69;2021-06-01;16207;57662;2860133;1328892;73.3;34.1
FR;69;2021-06-02;12960;50006;2873093;1378898;73.6;35.3
FR;69;2021-06-03;16364;57667;2889457;1436565;74.1;36.8
FR;69;2021-06-04;14581;67105;2904038;1503670;74.4;38.5
FR;69;2021-06-05;6089;39518;2910127;1543188;74.6;39.5
FR;69;2021-06-06;1567;9074;2911694;1552262;74.6;39.8
FR;69;2021-06-07;9720;59504;2921414;1611766;74.9;41.3
FR;69;2021-06-08;14189;66608;2935603;1678374;75.2;43.0
FR;69;2021-06-09;11007;54845;2946610;1733219;75.5;44.4
FR;69;2021-06-10;13885;57833;2960495;1791052;75.9;45.9
FR;69;2021-06-11;12052;69280;2972547;1860332;76.2;47.7
FR;69;2021-06-12;5605;32214;2978152;1892546;76.3;48.5
FR;69;2021-06-13;1310;7820;2979462;1900366;76.4;48.7
FR;69;2021-06-14;7290;61122;2986752;1961488;76.5;50.3
FR;69;2021-06-15;9934;66385;2996686;2027873;76.8;52.0
FR;69;2021-06-16;8102;50142;3004788;2078015;77.0;53.3
FR;69;2021-06-17;9563;57087;3014351;2135102;77.3;54.7
FR;74;2020-12-27;1;0;1;0;0.0;0.0
FR;74;2020-12-28;7;0;8;0;0.0;0.0
FR;74;2020-12-29;5;0;13;0;0.0;0.0
FR;74;2020-12-30;12;0;25;0;0.0;0.0
FR;74;2020-12-31;8;0;33;0;0.0;0.0
FR;74;2021-01-01;5;0;38;0;0.0;0.0
FR;74;2021-01-02;3;0;41;0;0.0;0.0
FR;74;2021-01-03;13;0;54;0;0.0;0.0
FR;74;2021-01-04;89;1;143;1;0.0;0.0
FR;74;2021-01-05;301;0;444;1;0.0;0.0
FR;74;2021-01-06;555;1;999;2;0.0;0.0
FR;74;2021-01-07;1465;0;2464;2;0.1;0.0
FR;74;2021-01-08;1808;4;4272;6;0.1;0.0
FR;74;2021-01-09;799;0;5071;6;0.1;0.0
FR;74;2021-01-10;540;0;5611;6;0.2;0.0
FR;74;2021-01-11;2139;2;7750;8;0.2;0.0
FR;74;2021-01-12;3160;6;10910;14;0.3;0.0
FR;74;2021-01-13;3225;7;14135;21;0.4;0.0
FR;74;2021-01-14;3963;41;18098;62;0.5;0.0
FR;74;2021-01-15;3547;11;21645;73;0.6;0.0
FR;74;2021-01-16;1342;5;22987;78;0.7;0.0
FR;74;2021-01-17;766;4;23753;82;0.7;0.0
FR;74;2021-01-18;4729;13;28482;95;0.8;0.0
FR;74;2021-01-19;6834;14;35316;109;1.0;0.0
FR;74;2021-01-20;7121;12;42437;121;1.2;0.0
FR;74;2021-01-21;8215;26;50652;147;1.5;0.0
FR;74;2021-01-22;6565;22;57217;169;1.6;0.0
FR;74;2021-01-23;2262;4;59479;173;1.7;0.0
FR;74;2021-01-24;612;2;60091;175;1.7;0.0
FR;74;2021-01-25;4552;57;64643;232;1.9;0.0
FR;74;2021-01-26;5646;153;70289;385;2.0;0.0
FR;74;2021-01-27;5991;272;76280;657;2.2;0.0
FR;74;2021-01-28;6991;750;83271;1407;2.4;0.0
FR;74;2021-01-29;5746;900;89017;2307;2.6;0.1
FR;74;2021-01-30;1771;263;90788;2570;2.6;0.1
FR;74;2021-01-31;296;114;91084;2684;2.6;0.1
FR;74;2021-02-01;3303;1064;94387;3748;2.7;0.1
FR;74;2021-02-02;4313;1788;98700;5536;2.8;0.2
FR;74;2021-02-03;4326;1808;103026;7344;3.0;0.2
FR;74;2021-02-04;5190;2470;108216;9814;3.1;0.3
FR;74;2021-02-05;4403;2181;112619;11995;3.2;0.3
FR;74;2021-02-06;1413;695;114032;12690;3.3;0.4
FR;74;2021-02-07;243;351;114275;13041;3.3;0.4
FR;74;2021-02-08;3096;2508;117371;15549;3.4;0.4
FR;74;2021-02-09;4128;3727;121499;19276;3.5;0.6
FR;74;2021-02-10;4434;3818;125933;23094;3.6;0.7
FR;74;2021-02-11;5650;5477;131583;28571;3.8;0.8
FR;74;2021-02-12;5284;3823;136867;32394;3.9;0.9
FR;74;2021-02-13;1658;1219;138525;33613;4.0;1.0
FR;74;2021-02-14;408;471;138933;34084;4.0;1.0
FR;74;2021-02-15;2408;4184;141341;38268;4.1;1.1
FR;74;2021-02-16;3277;5634;144618;43902;4.2;1.3
FR;74;2021-02-17;3399;5458;148017;49360;4.3;1.4
FR;74;2021-02-18;4954;6817;152971;56177;4.4;1.6
FR;74;2021-02-19;4891;5420;157862;61597;4.5;1.8
FR;74;2021-02-20;1559;1740;159421;63337;4.6;1.8
FR;74;2021-02-21;233;415;159654;63752;4.6;1.8
FR;74;2021-02-22;2882;4294;162536;68046;4.7;2.0
FR;74;2021-02-23;4159;4900;166695;72946;4.8;2.1
FR;74;2021-02-24;4539;4849;171234;77795;4.9;2.2
FR;74;2021-02-25;5544;5707;176778;83502;5.1;2.4
FR;74;2021-02-26;5500;4485;182278;87987;5.2;2.5
FR;74;2021-02-27;2033;1368;184311;89355;5.3;2.6
FR;74;2021-02-28;529;294;184840;89649;5.3;2.6
FR;74;2021-03-01;5091;3375;189931;93024;5.5;2.7
FR;74;2021-03-02;7483;4297;197414;97321;5.7;2.8
FR;74;2021-03-03;9744;4281;207158;101602;6.0;2.9
FR;74;2021-03-04;15147;4860;222305;106462;6.4;3.1
FR;74;2021-03-05;21769;4663;244074;111125;7.0;3.2
FR;74;2021-03-06;31419;1504;275493;112629;7.9;3.2
FR;74;2021-03-07;21033;624;296526;113253;8.5;3.3
FR;74;2021-03-08;14291;3718;310817;116971;8.9;3.4
FR;74;2021-03-09;24139;4298;334956;121269;9.6;3.5
FR;74;2021-03-10;26407;4496;361363;125765;10.4;3.6
FR;74;2021-03-11;38456;5462;399819;131227;11.5;3.8
FR;74;2021-03-12;50790;4870;450609;136097;13.0;3.9
FR;74;2021-03-13;48037;1711;498646;137808;14.3;4.0
FR;74;2021-03-14;11999;464;510645;138272;14.7;4.0
FR;74;2021-03-15;25625;3223;536270;141495;15.4;4.1
FR;74;2021-03-16;20069;3892;556339;145387;16.0;4.2
FR;74;2021-03-17;21845;3929;578184;149316;16.6;4.3
FR;74;2021-03-18;24482;4575;602666;153891;17.3;4.4
FR;74;2021-03-19;41496;4077;644162;157968;18.5;4.5
FR;74;2021-03-20;35487;1654;679649;159622;19.5;4.6
FR;74;2021-03-21;9475;428;689124;160050;19.8;4.6
FR;74;2021-03-22;31562;3965;720686;164015;20.7;4.7
FR;74;2021-03-23;50277;4923;770963;168938;22.2;4.9
FR;74;2021-03-24;52232;5301;823195;174239;23.7;5.0
FR;74;2021-03-25;74934;5720;898129;179959;25.8;5.2
FR;74;2021-03-26;80910;5402;979039;185361;28.1;5.3
FR;74;2021-03-27;51098;2493;1030137;187854;29.6;5.4
FR;74;2021-03-28;17818;773;1047955;188627;30.1;5.4
FR;74;2021-03-29;56107;6988;1104062;195615;31.7;5.6
FR;74;2021-03-30;76575;8900;1180637;204515;33.9;5.9
FR;74;2021-03-31;67969;9451;1248606;213966;35.9;6.2
FR;74;2021-04-01;78405;11848;1327011;225814;38.2;6.5
FR;74;2021-04-02;70006;12404;1397017;238218;40.2;6.8
FR;74;2021-04-03;37163;8503;1434180;246721;41.2;7.1
FR;74;2021-04-04;12500;2804;1446680;249525;41.6;7.2
FR;74;2021-04-05;19208;1899;1465888;251424;42.1;7.2
FR;74;2021-04-06;64414;15193;1530302;266617;44.0;7.7
FR;74;2021-04-07;72660;16059;1602962;282676;46.1;8.1
FR;74;2021-04-08;87641;18000;1690603;300676;48.6;8.6
FR;74;2021-04-09;97308;17830;1787911;318506;51.4;9.2
FR;74;2021-04-10;48595;14096;1836506;332602;52.8;9.6
FR;74;2021-04-11;12706;6839;1849212;339441;53.2;9.8
FR;74;2021-04-12;60909;17764;1910121;357205;54.9;10.3
FR;74;2021-04-13;68729;22260;1978850;379465;56.9;10.9
FR;74;2021-04-14;60131;21821;2038981;401286;58.6;11.5
FR;74;2021-04-15;61964;23771;2100945;425057;60.4;12.2
FR;74;2021-04-16;52289;24349;2153234;449406;61.9;12.9
FR;74;2021-04-17;25720;16828;2178954;466234;62.6;13.4
FR;74;2021-04-18;5745;6966;2184699;473200;62.8;13.6
FR;74;2021-04-19;31742;24322;2216441;497522;63.7;14.3
FR;74;2021-04-20;36307;29605;2252748;527127;64.8;15.2
FR;74;2021-04-21;33387;30226;2286135;557353;65.7;16.0
FR;74;2021-04-22;38118;35200;2324253;592553;66.8;17.0
FR;74;2021-04-23;34869;38799;2359122;631352;67.8;18.2
FR;74;2021-04-24;18650;30726;2377772;662078;68.4;19.0
FR;74;2021-04-25;6144;12562;2383916;674640;68.5;19.4
FR;74;2021-04-26;26757;46866;2410673;721506;69.3;20.7
FR;74;2021-04-27;33070;56047;2443743;777553;70.3;22.4
FR;74;2021-04-28;32644;52825;2476387;830378;71.2;23.9
FR;74;2021-04-29;38751;53964;2515138;884342;72.3;25.4
FR;74;2021-04-30;35064;49138;2550202;933480;73.3;26.8
FR;74;2021-05-01;11101;15150;2561303;948630;73.6;27.3
FR;74;2021-05-02;5180;11395;2566483;960025;73.8;27.6
FR;74;2021-05-03;24214;52123;2590697;1012148;74.5;29.1
FR;74;2021-05-04;25152;69236;2615849;1081384;75.2;31.1
FR;74;2021-05-05;22727;64917;2638576;1146301;75.9;33.0
FR;74;2021-05-06;27396;63263;2665972;1209564;76.6;34.8
FR;74;2021-05-07;23265;65996;2689237;1275560;77.3;36.7
FR;74;2021-05-08;8116;14311;2697353;1289871;77.5;37.1
FR;74;2021-05-09;3678;10475;2701031;1300346;77.7;37.4
FR;74;2021-05-10;16008;63051;2717039;1363397;78.1;39.2
FR;74;2021-05-11;20964;64093;2738003;1427490;78.7;41.0
FR;74;2021-05-12;18404;53158;2756407;1480648;79.2;42.6
FR;74;2021-05-13;9069;12085;2765476;1492733;79.5;42.9
FR;74;2021-05-14;16960;37754;2782436;1530487;80.0;44.0
FR;74;2021-05-15;8377;17573;2790813;1548060;80.2;44.5
FR;74;2021-05-16;2987;3500;2793800;1551560;80.3;44.6
FR;74;2021-05-17;12248;30809;2806048;1582369;80.7;45.5
FR;74;2021-05-18;15465;30487;2821513;1612856;81.1;46.4
FR;74;2021-05-19;14043;25394;2835556;1638250;81.5;47.1
FR;74;2021-05-20;16038;27691;2851594;1665941;82.0;47.9
FR;74;2021-05-21;13374;30693;2864968;1696634;82.4;48.8
FR;74;2021-05-22;5771;14221;2870739;1710855;82.5;49.2
FR;74;2021-05-23;1853;2383;2872592;1713238;82.6;49.3
FR;74;2021-05-24;4633;5726;2877225;1718964;82.7;49.4
FR;74;2021-05-25;10624;35189;2887849;1754153;83.0;50.4
FR;74;2021-05-26;10017;32942;2897866;1787095;83.3;51.4
FR;74;2021-05-27;11840;39433;2909706;1826528;83.7;52.5
FR;74;2021-05-28;11246;45041;2920952;1871569;84.0;53.8
FR;74;2021-05-29;4753;24305;2925705;1895874;84.1;54.5
FR;74;2021-05-30;1043;4238;2926748;1900112;84.1;54.6
FR;74;2021-05-31;7567;29831;2934315;1929943;84.4;55.5
FR;74;2021-06-01;10281;40156;2944596;1970099;84.7;56.6
FR;74;2021-06-02;8457;34078;2953053;2004177;84.9;57.6
FR;74;2021-06-03;10536;42318;2963589;2046495;85.2;58.8
FR;74;2021-06-04;9691;48036;2973280;2094531;85.5;60.2
FR;74;2021-06-05;4052;25144;2977332;2119675;85.6;60.9
FR;74;2021-06-06;934;4684;2978266;2124359;85.6;61.1
FR;74;2021-06-07;6117;31622;2984383;2155981;85.8;62.0
FR;74;2021-06-08;9191;38217;2993574;2194198;86.1;63.1
FR;74;2021-06-09;7263;32419;3000837;2226617;86.3;64.0
FR;74;2021-06-10;8934;37868;3009771;2264485;86.5;65.1
FR;74;2021-06-11;8169;46550;3017940;2311035;86.8;66.4
FR;74;2021-06-12;3624;20531;3021564;2331566;86.9;67.0
FR;74;2021-06-13;846;4153;3022410;2335719;86.9;67.2
FR;74;2021-06-14;4945;34060;3027355;2369779;87.0;68.1
FR;74;2021-06-15;6856;42608;3034211;2412387;87.2;69.4
FR;74;2021-06-16;5579;33244;3039790;2445631;87.4;70.3
FR;74;2021-06-17;6863;40681;3046653;2486312;87.6;71.5
FR;79;2020-12-27;1;0;1;0;0.0;0.0
FR;79;2020-12-28;6;0;7;0;0.0;0.0
FR;79;2020-12-29;16;0;23;0;0.0;0.0
FR;79;2020-12-30;12;0;35;0;0.0;0.0
FR;79;2020-12-31;6;0;41;0;0.0;0.0
FR;79;2021-01-01;6;0;47;0;0.0;0.0
FR;79;2021-01-02;4;0;51;0;0.0;0.0
FR;79;2021-01-03;2;0;53;0;0.0;0.0
FR;79;2021-01-04;50;0;103;0;0.0;0.0
FR;79;2021-01-05;173;0;276;0;0.0;0.0
FR;79;2021-01-06;342;1;618;1;0.0;0.0
FR;79;2021-01-07;905;0;1523;1;0.1;0.0
FR;79;2021-01-08;1087;1;2610;2;0.1;0.0
FR;79;2021-01-09;364;0;2974;2;0.1;0.0
FR;79;2021-01-10;196;0;3170;2;0.1;0.0
FR;79;2021-01-11;1168;3;4338;5;0.2;0.0
FR;79;2021-01-12;2213;2;6551;7;0.3;0.0
FR;79;2021-01-13;2765;2;9316;9;0.4;0.0
FR;79;2021-01-14;4445;36;13761;45;0.6;0.0
FR;79;2021-01-15;5276;18;19037;63;0.9;0.0
FR;79;2021-01-16;2828;14;21865;77;1.0;0.0
FR;79;2021-01-17;1309;3;23174;80;1.0;0.0
FR;79;2021-01-18;19691;40;42865;120;1.9;0.0
FR;79;2021-01-19;26081;42;68946;162;3.1;0.0
FR;79;2021-01-20;28090;34;97036;196;4.4;0.0
FR;79;2021-01-21;30117;43;127153;239;5.7;0.0
FR;79;2021-01-22;27976;38;155129;277;7.0;0.0
FR;79;2021-01-23;11685;12;166814;289;7.5;0.0
FR;79;2021-01-24;2173;3;168987;292;7.6;0.0
FR;79;2021-01-25;22589;50;191576;342;8.6;0.0
FR;79;2021-01-26;25775;126;217351;468;9.8;0.0
FR;79;2021-01-27;25054;203;242405;671;10.9;0.0
FR;79;2021-01-28;25242;567;267647;1238;12.1;0.1
FR;79;2021-01-29;22562;569;290209;1807;13.1;0.1
FR;79;2021-01-30;8792;139;299001;1946;13.5;0.1
FR;79;2021-01-31;1233;55;300234;2001;13.5;0.1
FR;79;2021-02-01;16196;650;316430;2651;14.3;0.1
FR;79;2021-02-02;19315;1279;335745;3930;15.1;0.2
FR;79;2021-02-03;18331;1590;354076;5520;16.0;0.2
FR;79;2021-02-04;19219;2540;373295;8060;16.8;0.4
FR;79;2021-02-05;18076;2690;391371;10750;17.7;0.5
FR;79;2021-02-06;6462;1010;397833;11760;17.9;0.5
FR;79;2021-02-07;870;392;398703;12152;18.0;0.5
FR;79;2021-02-08;13126;5818;411829;17970;18.6;0.8
FR;79;2021-02-09;15597;7682;427426;25652;19.3;1.2
FR;79;2021-02-10;15473;8063;442899;33715;20.0;1.5
FR;79;2021-02-11;16549;9623;459448;43338;20.7;2.0
FR;79;2021-02-12;15701;9429;475149;52767;21.4;2.4
FR;79;2021-02-13;5015;4127;480164;56894;21.7;2.6
FR;79;2021-02-14;907;1045;481071;57939;21.7;2.6
FR;79;2021-02-15;7141;19835;488212;77774;22.0;3.5
FR;79;2021-02-16;8357;23640;496569;101414;22.4;4.6
FR;79;2021-02-17;8261;24035;504830;125449;22.8;5.7
FR;79;2021-02-18;10332;24438;515162;149887;23.2;6.8
FR;79;2021-02-19;10345;20777;525507;170664;23.7;7.7
FR;79;2021-02-20;3782;8317;529289;178981;23.9;8.1
FR;79;2021-02-21;549;1559;529838;180540;23.9;8.1
FR;79;2021-02-22;7005;21895;536843;202435;24.2;9.1
FR;79;2021-02-23;9664;23577;546507;226012;24.6;10.2
FR;79;2021-02-24;10069;22218;556576;248230;25.1;11.2
FR;79;2021-02-25;11724;22109;568300;270339;25.6;12.2
FR;79;2021-02-26;12086;19137;580386;289476;26.2;13.1
FR;79;2021-02-27;4431;6742;584817;296218;26.4;13.4
FR;79;2021-02-28;876;1038;585693;297256;26.4;13.4
FR;79;2021-03-01;12145;16476;597838;313732;27.0;14.1
FR;79;2021-03-02;16347;19289;614185;333021;27.7;15.0
FR;79;2021-03-03;17770;18573;631955;351594;28.5;15.9
FR;79;2021-03-04;20980;17722;652935;369316;29.4;16.7
FR;79;2021-03-05;22505;16524;675440;385840;30.5;17.4
FR;79;2021-03-06;29096;5453;704536;391293;31.8;17.6
FR;79;2021-03-07;21098;1098;725634;392391;32.7;17.7
FR;79;2021-03-08;17401;15369;743035;407760;33.5;18.4
FR;79;2021-03-09;25796;16494;768831;424254;34.7;19.1
FR;79;2021-03-10;26914;15656;795745;439910;35.9;19.8
FR;79;2021-03-11;31904;15188;827649;455098;37.3;20.5
FR;79;2021-03-12;33440;13020;861089;468118;38.8;21.1
FR;79;2021-03-13;25408;4286;886497;472404;40.0;21.3
FR;79;2021-03-14;9486;795;895983;473199;40.4;21.3
FR;79;2021-03-15;28534;8765;924517;481964;41.7;21.7
FR;79;2021-03-16;32847;9344;957364;491308;43.2;22.2
FR;79;2021-03-17;33827;9309;991191;500617;44.7;22.6
FR;79;2021-03-18;36727;9812;1027918;510429;46.4;23.0
FR;79;2021-03-19;36764;8925;1064682;519354;48.0;23.4
FR;79;2021-03-20;20697;3330;1085379;522684;49.0;23.6
FR;79;2021-03-21;5876;611;1091255;523295;49.2;23.6
FR;79;2021-03-22;28608;9233;1119863;532528;50.5;24.0
FR;79;2021-03-23;37077;10841;1156940;543369;52.2;24.5
FR;79;2021-03-24;35559;11403;1192499;554772;53.8;25.0
FR;79;2021-03-25;41940;11173;1234439;565945;55.7;25.5
FR;79;2021-03-26;39395;10488;1273834;576433;57.4;26.0
FR;79;2021-03-27;17654;4435;1291488;580868;58.2;26.2
FR;79;2021-03-28;4798;913;1296286;581781;58.5;26.2
FR;79;2021-03-29;22280;15020;1318566;596801;59.5;26.9
FR;79;2021-03-30;28037;18938;1346603;615739;60.7;27.8
FR;79;2021-03-31;24689;19769;1371292;635508;61.8;28.7
FR;79;2021-04-01;27182;23220;1398474;658728;63.1;29.7
FR;79;2021-04-02;23063;24470;1421537;683198;64.1;30.8
FR;79;2021-04-03;10012;17374;1431549;700572;64.6;31.6
FR;79;2021-04-04;2801;5066;1434350;705638;64.7;31.8
FR;79;2021-04-05;4187;2755;1438537;708393;64.9;31.9
FR;79;2021-04-06;18998;28982;1457535;737375;65.7;33.3
FR;79;2021-04-07;21053;29863;1478588;767238;66.7;34.6
FR;79;2021-04-08;24978;29947;1503566;797185;67.8;36.0
FR;79;2021-04-09;26822;28121;1530388;825306;69.0;37.2
FR;79;2021-04-10;13575;18938;1543963;844244;69.6;38.1
FR;79;2021-04-11;3488;6453;1547451;850697;69.8;38.4
FR;79;2021-04-12;16739;28906;1564190;879603;70.5;39.7
FR;79;2021-04-13;19112;35019;1583302;914622;71.4;41.2
FR;79;2021-04-14;18163;33155;1601465;947777;72.2;42.7
FR;79;2021-04-15;19094;33342;1620559;981119;73.1;44.2
FR;79;2021-04-16;16228;31051;1636787;1012170;73.8;45.6
FR;79;2021-04-17;8153;16700;1644940;1028870;74.2;46.4
FR;79;2021-04-18;1767;4834;1646707;1033704;74.3;46.6
FR;79;2021-04-19;9841;29168;1656548;1062872;74.7;47.9
FR;79;2021-04-20;11699;34441;1668247;1097313;75.2;49.5
FR;79;2021-04-21;11289;31210;1679536;1128523;75.7;50.9
FR;79;2021-04-22;12848;31095;1692384;1159618;76.3;52.3
FR;79;2021-04-23;11911;27689;1704295;1187307;76.9;53.5
FR;79;2021-04-24;6156;13719;1710451;1201026;77.1;54.2
FR;79;2021-04-25;1913;3426;1712364;1204452;77.2;54.3
FR;79;2021-04-26;8947;20602;1721311;1225054;77.6;55.2
FR;79;2021-04-27;11074;23669;1732385;1248723;78.1;56.3
FR;79;2021-04-28;11595;20906;1743980;1269629;78.7;57.3
FR;79;2021-04-29;13660;20670;1757640;1290299;79.3;58.2
FR;79;2021-04-30;12825;17610;1770465;1307909;79.8;59.0
FR;79;2021-05-01;3818;3918;1774283;1311827;80.0;59.2
FR;79;2021-05-02;1744;2617;1776027;1314444;80.1;59.3
FR;79;2021-05-03;8601;15105;1784628;1329549;80.5;60.0
FR;79;2021-05-04;8936;20143;1793564;1349692;80.9;60.9
FR;79;2021-05-05;8416;18966;1801980;1368658;81.3;61.7
FR;79;2021-05-06;10251;18771;1812231;1387429;81.7;62.6
FR;79;2021-05-07;8951;19441;1821182;1406870;82.1;63.4
FR;79;2021-05-08;3036;4289;1824218;1411159;82.3;63.6
FR;79;2021-05-09;1383;2988;1825601;1414147;82.3;63.8
FR;79;2021-05-10;6122;17468;1831723;1431615;82.6;64.6
FR;79;2021-05-11;7975;18538;1839698;1450153;83.0;65.4
FR;79;2021-05-12;7248;15775;1846946;1465928;83.3;66.1
FR;79;2021-05-13;3489;3780;1850435;1469708;83.5;66.3
FR;79;2021-05-14;6762;11367;1857197;1481075;83.8;66.8
FR;79;2021-05-15;3296;5089;1860493;1486164;83.9;67.0
FR;79;2021-05-16;1140;1151;1861633;1487315;84.0;67.1
FR;79;2021-05-17;4920;8988;1866553;1496303;84.2;67.5
FR;79;2021-05-18;6089;9130;1872642;1505433;84.5;67.9
FR;79;2021-05-19;5699;7948;1878341;1513381;84.7;68.3
FR;79;2021-05-20;6579;8087;1884920;1521468;85.0;68.6
FR;79;2021-05-21;5595;8726;1890515;1530194;85.3;69.0
FR;79;2021-05-22;2401;3802;1892916;1533996;85.4;69.2
FR;79;2021-05-23;727;787;1893643;1534783;85.4;69.2
FR;79;2021-05-24;1829;1600;1895472;1536383;85.5;69.3
FR;79;2021-05-25;4345;10182;1899817;1546565;85.7;69.7
FR;79;2021-05-26;4284;9496;1904101;1556061;85.9;70.2
FR;79;2021-05-27;5186;10939;1909287;1567000;86.1;70.7
FR;79;2021-05-28;4703;12367;1913990;1579367;86.3;71.2
FR;79;2021-05-29;2039;6656;1916029;1586023;86.4;71.5
FR;79;2021-05-30;434;1252;1916463;1587275;86.4;71.6
FR;79;2021-05-31;3179;9022;1919642;1596297;86.6;72.0
FR;79;2021-06-01;4396;11089;1924038;1607386;86.8;72.5
FR;79;2021-06-02;3824;9700;1927862;1617086;86.9;72.9
FR;79;2021-06-03;4754;11221;1932616;1628307;87.2;73.4
FR;79;2021-06-04;4262;12679;1936878;1640986;87.4;74.0
FR;79;2021-06-05;1916;6449;1938794;1647435;87.4;74.3
FR;79;2021-06-06;430;1437;1939224;1648872;87.5;74.4
FR;79;2021-06-07;2670;10023;1941894;1658895;87.6;74.8
FR;79;2021-06-08;3961;11752;1945855;1670647;87.8;75.3
FR;79;2021-06-09;3114;10047;1948969;1680694;87.9;75.8
FR;79;2021-06-10;3860;11066;1952829;1691760;88.1;76.3
FR;79;2021-06-11;3630;13179;1956459;1704939;88.2;76.9
FR;79;2021-06-12;1644;5611;1958103;1710550;88.3;77.1
FR;79;2021-06-13;309;1315;1958412;1711865;88.3;77.2
FR;79;2021-06-14;1997;11081;1960409;1722946;88.4;77.7
FR;79;2021-06-15;2853;12646;1963262;1735592;88.5;78.3
FR;79;2021-06-16;2420;9929;1965682;1745521;88.7;78.7
FR;79;2021-06-17;2792;11189;1968474;1756710;88.8;79.2
FR;80;2020-12-27;10;2;10;2;0.0;0.0
FR;80;2020-12-28;41;0;51;2;0.0;0.0
FR;80;2020-12-29;78;0;129;2;0.0;0.0
FR;80;2020-12-30;69;0;198;2;0.0;0.0
FR;80;2020-12-31;50;0;248;2;0.0;0.0
FR;80;2021-01-01;9;0;257;2;0.0;0.0
FR;80;2021-01-02;9;0;266;2;0.0;0.0
FR;80;2021-01-03;2;0;268;2;0.0;0.0
FR;80;2021-01-04;297;1;565;3;0.0;0.0
FR;80;2021-01-05;913;2;1478;5;0.0;0.0
FR;80;2021-01-06;1675;2;3153;7;0.1;0.0
FR;80;2021-01-07;6294;5;9447;12;0.2;0.0
FR;80;2021-01-08;5773;11;15220;23;0.4;0.0
FR;80;2021-01-09;979;0;16199;23;0.4;0.0
FR;80;2021-01-10;310;0;16509;23;0.4;0.0
FR;80;2021-01-11;4469;9;20978;32;0.5;0.0
FR;80;2021-01-12;12749;18;33727;50;0.8;0.0
FR;80;2021-01-13;12495;19;46222;69;1.1;0.0
FR;80;2021-01-14;18277;112;64499;181;1.6;0.0
FR;80;2021-01-15;12184;34;76683;215;1.8;0.0
FR;80;2021-01-16;4047;32;80730;247;1.9;0.0
FR;80;2021-01-17;3746;20;84476;267;2.0;0.0
FR;80;2021-01-18;28778;73;113254;340;2.7;0.0
FR;80;2021-01-19;53815;114;167069;454;4.0;0.0
FR;80;2021-01-20;59569;134;226638;588;5.5;0.0
FR;80;2021-01-21;70040;94;296678;682;7.1;0.0
FR;80;2021-01-22;48439;77;345117;759;8.3;0.0
FR;80;2021-01-23;16246;13;361363;772;8.7;0.0
FR;80;2021-01-24;4314;3;365677;775;8.8;0.0
FR;80;2021-01-25;32472;156;398149;931;9.6;0.0
FR;80;2021-01-26;45155;542;443304;1473;10.7;0.0
FR;80;2021-01-27;50917;899;494221;2372;11.9;0.1
FR;80;2021-01-28;60067;3955;554288;6327;13.3;0.2
FR;80;2021-01-29;39367;3286;593655;9613;14.3;0.2
FR;80;2021-01-30;13239;594;606894;10207;14.6;0.2
FR;80;2021-01-31;2334;288;609228;10495;14.7;0.3
FR;80;2021-02-01;23038;2794;632266;13289;15.2;0.3
FR;80;2021-02-02;33553;7437;665819;20726;16.0;0.5
FR;80;2021-02-03;34446;7881;700265;28607;16.8;0.7
FR;80;2021-02-04;38113;12593;738378;41200;17.8;1.0
FR;80;2021-02-05;29823;9541;768201;50741;18.5;1.2
FR;80;2021-02-06;9711;2126;777912;52867;18.7;1.3
FR;80;2021-02-07;1450;1868;779362;54735;18.7;1.3
FR;80;2021-02-08;19376;11146;798738;65881;19.2;1.6
FR;80;2021-02-09;25924;25615;824662;91496;19.8;2.2
FR;80;2021-02-10;26336;28933;850998;120429;20.5;2.9
FR;80;2021-02-11;30554;38130;881552;158559;21.2;3.8
FR;80;2021-02-12;26760;24686;908312;183245;21.8;4.4
FR;80;2021-02-13;7942;6531;916254;189776;22.0;4.6
FR;80;2021-02-14;1508;3101;917762;192877;22.1;4.6
FR;80;2021-02-15;11142;28315;928904;221192;22.3;5.3
FR;80;2021-02-16;15564;38944;944468;260136;22.7;6.3
FR;80;2021-02-17;15955;44496;960423;304632;23.1;7.3
FR;80;2021-02-18;21565;52527;981988;357159;23.6;8.6
FR;80;2021-02-19;19069;37504;1001057;394663;24.1;9.5
FR;80;2021-02-20;6317;12329;1007374;406992;24.2;9.8
FR;80;2021-02-21;913;2970;1008287;409962;24.3;9.9
FR;80;2021-02-22;11187;30702;1019474;440664;24.5;10.6
FR;80;2021-02-23;17113;37279;1036587;477943;24.9;11.5
FR;80;2021-02-24;18011;37094;1054598;515037;25.4;12.4
FR;80;2021-02-25;22336;40882;1076934;555919;25.9;13.4
FR;80;2021-02-26;20566;30937;1097500;586856;26.4;14.1
FR;80;2021-02-27;7186;10286;1104686;597142;26.6;14.4
FR;80;2021-02-28;1261;2121;1105947;599263;26.6;14.4
FR;80;2021-03-01;18802;23219;1124749;622482;27.1;15.0
FR;80;2021-03-02;26922;29126;1151671;651608;27.7;15.7
FR;80;2021-03-03;28753;29267;1180424;680875;28.4;16.4
FR;80;2021-03-04;34990;29729;1215414;710604;29.2;17.1
FR;80;2021-03-05;35919;27513;1251333;738117;30.1;17.8
FR;80;2021-03-06;41412;8396;1292745;746513;31.1;18.0
FR;80;2021-03-07;29720;2074;1322465;748587;31.8;18.0
FR;80;2021-03-08;27198;22522;1349663;771109;32.5;18.5
FR;80;2021-03-09;40777;24710;1390440;795819;33.4;19.1
FR;80;2021-03-10;43154;25413;1433594;821232;34.5;19.8
FR;80;2021-03-11;51689;26935;1485283;848167;35.7;20.4
FR;80;2021-03-12;52181;23023;1537464;871190;37.0;21.0
FR;80;2021-03-13;37559;7044;1575023;878234;37.9;21.1
FR;80;2021-03-14;13907;1535;1588930;879769;38.2;21.2
FR;80;2021-03-15;44122;13969;1633052;893738;39.3;21.5
FR;80;2021-03-16;51837;17073;1684889;910811;40.5;21.9
FR;80;2021-03-17;54691;16588;1739580;927399;41.8;22.3
FR;80;2021-03-18;58546;18869;1798126;946268;43.2;22.8
FR;80;2021-03-19;57411;15769;1855537;962037;44.6;23.1
FR;80;2021-03-20;31036;5366;1886573;967403;45.4;23.3
FR;80;2021-03-21;8686;1098;1895259;968501;45.6;23.3
FR;80;2021-03-22;42886;14575;1938145;983076;46.6;23.6
FR;80;2021-03-23;55650;18068;1993795;1001144;48.0;24.1
FR;80;2021-03-24;54465;19098;2048260;1020242;49.3;24.5
FR;80;2021-03-25;64029;19640;2112289;1039882;50.8;25.0
FR;80;2021-03-26;60185;18291;2172474;1058173;52.2;25.4
FR;80;2021-03-27;26580;7372;2199054;1065545;52.9;25.6
FR;80;2021-03-28;6924;1454;2205978;1066999;53.1;25.7
FR;80;2021-03-29;32856;23410;2238834;1090409;53.8;26.2
FR;80;2021-03-30;43218;30763;2282052;1121172;54.9;27.0
FR;80;2021-03-31;40509;32108;2322561;1153280;55.9;27.7
FR;80;2021-04-01;46121;37750;2368682;1191030;57.0;28.6
FR;80;2021-04-02;37093;39747;2405775;1230777;57.9;29.6
FR;80;2021-04-03;14497;26096;2420272;1256873;58.2;30.2
FR;80;2021-04-04;3870;7572;2424142;1264445;58.3;30.4
FR;80;2021-04-05;5619;4083;2429761;1268528;58.4;30.5
FR;80;2021-04-06;27644;44966;2457405;1313494;59.1;31.6
FR;80;2021-04-07;33466;48397;2490871;1361891;59.9;32.8
FR;80;2021-04-08;40042;49533;2530913;1411424;60.9;33.9
FR;80;2021-04-09;43475;46343;2574388;1457767;61.9;35.1
FR;80;2021-04-10;19773;28886;2594161;1486653;62.4;35.8
FR;80;2021-04-11;4814;9362;2598975;1496015;62.5;36.0
FR;80;2021-04-12;23500;45157;2622475;1541172;63.1;37.1
FR;80;2021-04-13;30186;54624;2652661;1595796;63.8;38.4
FR;80;2021-04-14;29014;52147;2681675;1647943;64.5;39.6
FR;80;2021-04-15;31395;52651;2713070;1700594;65.3;40.9
FR;80;2021-04-16;26419;48979;2739489;1749573;65.9;42.1
FR;80;2021-04-17;12346;25599;2751835;1775172;66.2;42.7
FR;80;2021-04-18;2529;7621;2754364;1782793;66.2;42.9
FR;80;2021-04-19;14247;43668;2768611;1826461;66.6;43.9
FR;80;2021-04-20;17915;53039;2786526;1879500;67.0;45.2
FR;80;2021-04-21;17945;49771;2804471;1929271;67.4;46.4
FR;80;2021-04-22;20680;51197;2825151;1980468;67.9;47.6
FR;80;2021-04-23;19080;44594;2844231;2025062;68.4;48.7
FR;80;2021-04-24;9407;21197;2853638;2046259;68.6;49.2
FR;80;2021-04-25;2685;5151;2856323;2051410;68.7;49.3
FR;80;2021-04-26;12371;30574;2868694;2081984;69.0;50.1
FR;80;2021-04-27;16769;36404;2885463;2118388;69.4;50.9
FR;80;2021-04-28;17986;34584;2903449;2152972;69.8;51.8
FR;80;2021-04-29;21772;35646;2925221;2188618;70.4;52.6
FR;80;2021-04-30;20387;29572;2945608;2218190;70.8;53.3
FR;80;2021-05-01;5811;5819;2951419;2224009;71.0;53.5
FR;80;2021-05-02;2605;3857;2954024;2227866;71.0;53.6
FR;80;2021-05-03;12497;21381;2966521;2249247;71.3;54.1
FR;80;2021-05-04;13900;29953;2980421;2279200;71.7;54.8
FR;80;2021-05-05;13601;29295;2994022;2308495;72.0;55.5
FR;80;2021-05-06;15950;29506;3009972;2338001;72.4;56.2
FR;80;2021-05-07;14594;29755;3024566;2367756;72.7;56.9
FR;80;2021-05-08;4604;6041;3029170;2373797;72.9;57.1
FR;80;2021-05-09;1921;4143;3031091;2377940;72.9;57.2
FR;80;2021-05-10;9198;24346;3040289;2402286;73.1;57.8
FR;80;2021-05-11;12594;27184;3052883;2429470;73.4;58.4
FR;80;2021-05-12;11533;23563;3064416;2453033;73.7;59.0
FR;80;2021-05-13;4887;5398;3069303;2458431;73.8;59.1
FR;80;2021-05-14;10435;16365;3079738;2474796;74.1;59.5
FR;80;2021-05-15;4843;7334;3084581;2482130;74.2;59.7
FR;80;2021-05-16;1540;1527;3086121;2483657;74.2;59.7
FR;80;2021-05-17;7077;13103;3093198;2496760;74.4;60.0
FR;80;2021-05-18;9578;13470;3102776;2510230;74.6;60.4
FR;80;2021-05-19;8945;12073;3111721;2522303;74.8;60.7
FR;80;2021-05-20;10765;12642;3122486;2534945;75.1;61.0
FR;80;2021-05-21;8831;13055;3131317;2548000;75.3;61.3
FR;80;2021-05-22;3844;5191;3135161;2553191;75.4;61.4
FR;80;2021-05-23;1009;1132;3136170;2554323;75.4;61.4
FR;80;2021-05-24;2574;2223;3138744;2556546;75.5;61.5
FR;80;2021-05-25;6586;14202;3145330;2570748;75.6;61.8
FR;80;2021-05-26;6759;14202;3152089;2584950;75.8;62.2
FR;80;2021-05-27;8638;16799;3160727;2601749;76.0;62.6
FR;80;2021-05-28;8243;18049;3168970;2619798;76.2;63.0
FR;80;2021-05-29;3429;8811;3172399;2628609;76.3;63.2
FR;80;2021-05-30;638;1595;3173037;2630204;76.3;63.3
FR;80;2021-05-31;4967;12688;3178004;2642892;76.4;63.6
FR;80;2021-06-01;7259;16601;3185263;2659493;76.6;64.0
FR;80;2021-06-02;6329;14843;3191592;2674336;76.8;64.3
FR;80;2021-06-03;8403;16926;3199995;2691262;77.0;64.7
FR;80;2021-06-04;7535;18894;3207530;2710156;77.1;65.2
FR;80;2021-06-05;3343;9212;3210873;2719368;77.2;65.4
FR;80;2021-06-06;633;2041;3211506;2721409;77.2;65.5
FR;80;2021-06-07;4246;14079;3215752;2735488;77.3;65.8
FR;80;2021-06-08;6575;17433;3222327;2752921;77.5;66.2
FR;80;2021-06-09;5432;15330;3227759;2768251;77.6;66.6
FR;80;2021-06-10;6906;16998;3234665;2785249;77.8;67.0
FR;80;2021-06-11;6396;19757;3241061;2805006;78.0;67.5
FR;80;2021-06-12;2726;8262;3243787;2813268;78.0;67.7
FR;80;2021-06-13;486;2028;3244273;2815296;78.0;67.7
FR;80;2021-06-14;3125;15288;3247398;2830584;78.1;68.1
FR;80;2021-06-15;4736;18396;3252134;2848980;78.2;68.5
FR;80;2021-06-16;4225;15041;3256359;2864021;78.3;68.9
FR;80;2021-06-17;4984;17117;3261343;2881138;78.4;69.3
FR;0;2020-12-27;20;2;20;2;0.0;0.0
FR;0;2020-12-28;71;0;91;2;0.0;0.0
FR;0;2020-12-29;108;0;199;2;0.0;0.0
FR;0;2020-12-30;123;0;322;2;0.0;0.0
FR;0;2020-12-31;88;0;410;2;0.0;0.0
FR;0;2021-01-01;73;1;483;3;0.0;0.0
FR;0;2021-01-02;88;2;571;5;0.0;0.0
FR;0;2021-01-03;92;0;663;5;0.0;0.0
FR;0;2021-01-04;1479;7;2142;12;0.0;0.0
FR;0;2021-01-05;5415;20;7557;32;0.0;0.0
FR;0;2021-01-06;11322;31;18879;63;0.0;0.0
FR;0;2021-01-07;28577;68;47456;131;0.1;0.0
FR;0;2021-01-08;36294;84;83750;215;0.1;0.0
FR;0;2021-01-09;10939;19;94689;234;0.1;0.0
FR;0;2021-01-10;5637;10;100326;244;0.1;0.0
FR;0;2021-01-11;39112;103;139438;347;0.2;0.0
FR;0;2021-01-12;60997;168;200435;515;0.3;0.0
FR;0;2021-01-13;63934;202;264369;717;0.4;0.0
FR;0;2021-01-14;79987;738;344356;1455;0.5;0.0
FR;0;2021-01-15;67590;315;411946;1770;0.6;0.0
FR;0;2021-01-16;19747;136;431693;1906;0.6;0.0
FR;0;2021-01-17;10475;65;442168;1971;0.7;0.0
FR;0;2021-01-18;84492;349;526660;2320;0.8;0.0
FR;0;2021-01-19;128555;393;655215;2713;1.0;0.0
FR;0;2021-01-20;135380;397;790595;3110;1.2;0.0
FR;0;2021-01-21;155563;391;946158;3501;1.4;0.0
FR;0;2021-01-22;118817;406;1064975;3907;1.6;0.0
FR;0;2021-01-23;37861;84;1102836;3991;1.6;0.0
FR;0;2021-01-24;9371;42;1112207;4033;1.7;0.0
FR;0;2021-01-25;76921;1353;1189128;5386;1.8;0.0
FR;0;2021-01-26;98927;3287;1288055;8673;1.9;0.0
FR;0;2021-01-27;105734;5785;1393789;14458;2.1;0.0
FR;0;2021-01-28;122470;14655;1516259;29113;2.3;0.0
FR;0;2021-01-29;90953;17514;1607212;46627;2.4;0.1
FR;0;2021-01-30;28680;4276;1635892;50903;2.4;0.1
FR;0;2021-01-31;4872;1689;1640764;52592;2.4;0.1
FR;0;2021-02-01;51631;21236;1692395;73828;2.5;0.1
FR;0;2021-02-02;70759;34761;1763154;108589;2.6;0.2
FR;0;2021-02-03;71058;37176;1834212;145765;2.7;0.2
FR;0;2021-02-04;80691;50333;1914903;196098;2.9;0.3
FR;0;2021-02-05;67215;45555;1982118;241653;3.0;0.4
FR;0;2021-02-06;21349;10450;2003467;252103;3.0;0.4
FR;0;2021-02-07;4826;5090;2008293;257193;3.0;0.4
FR;0;2021-02-08;45946;46252;2054239;303445;3.1;0.5
FR;0;2021-02-09;64870;72978;2119109;376423;3.2;0.6
FR;0;2021-02-10;69352;77400;2188461;453823;3.3;0.7
FR;0;2021-02-11;85722;100200;2274183;554023;3.4;0.8
FR;0;2021-02-12;77837;75225;2352020;629248;3.5;0.9
FR;0;2021-02-13;21717;19663;2373737;648911;3.5;1.0
FR;0;2021-02-14;4596;7242;2378333;656153;3.5;1.0
FR;0;2021-02-15;37093;77082;2415426;733235;3.6;1.1
FR;0;2021-02-16;49237;101498;2464663;834733;3.7;1.2
FR;0;2021-02-17;49342;103738;2514005;938471;3.7;1.4
FR;0;2021-02-18;68078;119757;2582083;1058228;3.8;1.6
FR;0;2021-02-19;63868;91823;2645951;1150051;3.9;1.7
FR;0;2021-02-20;18014;28628;2663965;1178679;4.0;1.8
FR;0;2021-02-21;2860;6414;2666825;1185093;4.0;1.8
FR;0;2021-02-22;36559;73764;2703384;1258857;4.0;1.9
FR;0;2021-02-23;52700;84870;2756084;1343727;4.1;2.0
FR;0;2021-02-24;58164;81929;2814248;1425656;4.2;2.1
FR;0;2021-02-25;98816;93147;2913064;1518803;4.3;2.3
FR;0;2021-02-26;111844;72700;3024908;1591503;4.5;2.4
FR;0;2021-02-27;51232;22582;3076140;1614085;4.6;2.4
FR;0;2021-02-28;5680;4505;3081820;1618590;4.6;2.4
FR;0;2021-03-01;63710;53709;3145530;1672299;4.7;2.5
FR;0;2021-03-02;99454;67727;3244984;1740026;4.8;2.6
FR;0;2021-03-03;113860;67384;3358844;1807410;5.0;2.7
FR;0;2021-03-04;160705;71692;3519549;1879102;5.2;2.8
FR;0;2021-03-05;198215;66755;3717764;1945857;5.5;2.9
FR;0;2021-03-06;205457;20239;3923221;1966096;5.8;2.9
FR;0;2021-03-07;119927;6893;4043148;1972989;6.0;2.9
FR;0;2021-03-08;105038;52446;4148186;2025435;6.2;3.0
FR;0;2021-03-09;169978;59387;4318164;2084822;6.4;3.1
FR;0;2021-03-10;176009;59825;4494173;2144647;6.7;3.2
FR;0;2021-03-11;239817;67037;4733990;2211684;7.1;3.3
FR;0;2021-03-12;291435;58048;5025425;2269732;7.5;3.4
FR;0;2021-03-13;228915;17981;5254340;2287713;7.8;3.4
FR;0;2021-03-14;62300;4306;5316640;2292019;7.9;3.4
FR;0;2021-03-15;156184;35199;5472824;2327218;8.2;3.5
FR;0;2021-03-16;139485;41784;5612309;2369002;8.4;3.5
FR;0;2021-03-17;148261;41380;5760570;2410382;8.6;3.6
FR;0;2021-03-18;165354;48106;5925924;2458488;8.8;3.7
FR;0;2021-03-19;227139;41956;6153063;2500444;9.2;3.7
FR;0;2021-03-20;164889;14486;6317952;2514930;9.4;3.7
FR;0;2021-03-21;48768;3624;6366720;2518554;9.5;3.8
FR;0;2021-03-22;167400;37752;6534120;2556306;9.7;3.8
FR;0;2021-03-23;247222;47360;6781342;2603666;10.1;3.9
FR;0;2021-03-24;253756;48980;7035098;2652646;10.5;4.0
FR;0;2021-03-25;338306;51740;7373404;2704386;11.0;4.0
FR;0;2021-03-26;355298;49473;7728702;2753859;11.5;4.1
FR;0;2021-03-27;193267;20741;7921969;2774600;11.8;4.1
FR;0;2021-03-28;58373;4990;7980342;2779590;11.9;4.1
FR;0;2021-03-29;200624;58746;8180966;2838336;12.2;4.2
FR;0;2021-03-30;282273;76595;8463239;2914931;12.6;4.3
FR;0;2021-03-31;259838;79819;8723077;2994750;13.0;4.5
FR;0;2021-04-01;310488;97011;9033565;3091761;13.5;4.6
FR;0;2021-04-02;278034;100006;9311599;3191767;13.9;4.8
FR;0;2021-04-03;139253;65460;9450852;3257227;14.1;4.9
FR;0;2021-04-04;44894;20076;9495746;3277303;14.1;4.9
FR;0;2021-04-05;58803;12888;9554549;3290191;14.2;4.9
FR;0;2021-04-06;213650;114022;9768199;3404213;14.6;5.1
FR;0;2021-04-07;256517;123482;10024716;3527695;14.9;5.3
FR;0;2021-04-08;333119;132659;10357835;3660354;15.4;5.5
FR;0;2021-04-09;405367;128644;10763202;3788998;16.0;5.6
FR;0;2021-04-10;210165;88759;10973367;3877757;16.4;5.8
FR;0;2021-04-11;54900;36500;11028267;3914257;16.4;5.8
FR;0;2021-04-12;233988;122188;11262255;4036445;16.8;6.0
FR;0;2021-04-13;305456;154405;11567711;4190850;17.2;6.2
FR;0;2021-04-14;289859;149247;11857570;4340097;17.7;6.5
FR;0;2021-04-15;332021;159384;12189591;4499481;18.2;6.7
FR;0;2021-04-16;335371;156570;12524962;4656051;18.7;6.9
FR;0;2021-04-17;186372;96063;12711334;4752114;18.9;7.1
FR;0;2021-04-18;50448;37341;12761782;4789455;19.0;7.1
FR;0;2021-04-19;202854;145552;12964636;4935007;19.3;7.4
FR;0;2021-04-20;250954;179896;13215590;5114903;19.7;7.6
FR;0;2021-04-21;249470;178190;13465060;5293093;20.1;7.9
FR;0;2021-04-22;283538;199510;13748598;5492603;20.5;8.2
FR;0;2021-04-23;291158;195694;14039756;5688297;20.9;8.5
FR;0;2021-04-24;188182;120142;14227938;5808439;21.2;8.7
FR;0;2021-04-25;68405;41950;14296343;5850389;21.3;8.7
FR;0;2021-04-26;218060;167389;14514403;6017778;21.6;9.0
FR;0;2021-04-27;281135;208085;14795538;6225863;22.0;9.3
FR;0;2021-04-28;296099;205339;15091637;6431202;22.5;9.6
FR;0;2021-04-29;353170;227557;15444807;6658759;23.0;9.9
FR;0;2021-04-30;368260;220724;15813067;6879483;23.6;10.3
FR;0;2021-05-01;164063;62130;15977130;6941613;23.8;10.3
FR;0;2021-05-02;90181;42713;16067311;6984326;23.9;10.4
FR;0;2021-05-03;284200;188005;16351511;7172331;24.4;10.7
FR;0;2021-05-04;311137;247912;16662648;7420243;24.8;11.1
FR;0;2021-05-05;321019;247204;16983667;7667447;25.3;11.4
FR;0;2021-05-06;373825;270351;17357492;7937798;25.9;11.8
FR;0;2021-05-07;367326;295687;17724818;8233485;26.4;12.3
FR;0;2021-05-08;213622;79990;17938440;8313475;26.7;12.4
FR;0;2021-05-09;127953;54494;18066393;8367969;26.9;12.5
FR;0;2021-05-10;304727;252389;18371120;8620358;27.4;12.8
FR;0;2021-05-11;397087;293724;18768207;8914082;28.0;13.3
FR;0;2021-05-12;423916;266293;19192123;9180375;28.6;13.7
FR;0;2021-05-13;331775;76426;19523898;9256801;29.1;13.8
FR;0;2021-05-14;446257;200312;19970155;9457113;29.8;14.1
FR;0;2021-05-15;367668;118201;20337823;9575314;30.3;14.3
FR;0;2021-05-16;199552;33172;20537375;9608486;30.6;14.3
FR;0;2021-05-17;369320;176736;20906695;9785222;31.2;14.6
FR;0;2021-05-18;448417;189140;21355112;9974362;31.8;14.9
FR;0;2021-05-19;458810;179554;21813922;10153916;32.5;15.1
FR;0;2021-05-20;497221;201082;22311143;10354998;33.2;15.4
FR;0;2021-05-21;480195;218141;22791338;10573139;34.0;15.8
FR;0;2021-05-22;341892;106523;23133230;10679662;34.5;15.9
FR;0;2021-05-23;158970;25978;23292200;10705640;34.7;16.0
FR;0;2021-05-24;257292;51805;23549492;10757445;35.1;16.0
FR;0;2021-05-25;391561;223570;23941053;10981015;35.7;16.4
FR;0;2021-05-26;401582;223427;24342635;11204442;36.3;16.7
FR;0;2021-05-27;441382;263408;24784017;11467850;36.9;17.1
FR;0;2021-05-28;421685;315241;25205702;11783091;37.6;17.6
FR;0;2021-05-29;294516;180751;25500218;11963842;38.0;17.8
FR;0;2021-05-30;104783;41571;25605001;12005413;38.2;17.9
FR;0;2021-05-31;351657;239932;25956658;12245345;38.7;18.2
FR;0;2021-06-01;413077;300501;26369735;12545846;39.3;18.7
FR;0;2021-06-02;400554;275271;26770289;12821117;39.9;19.1
FR;0;2021-06-03;450823;310778;27221112;13131895;40.6;19.6
FR;0;2021-06-04;441716;359568;27662828;13491463;41.2;20.1
FR;0;2021-06-05;298138;220679;27960966;13712142;41.7;20.4
FR;0;2021-06-06;129037;60482;28090003;13772624;41.9;20.5
FR;0;2021-06-07;327780;297505;28417783;14070129;42.3;21.0
FR;0;2021-06-08;386523;336250;28804306;14406379;42.9;21.5
FR;0;2021-06-09;368543;317274;29172849;14723653;43.5;21.9
FR;0;2021-06-10;384899;335236;29557748;15058889;44.0;22.4
FR;0;2021-06-11;373950;405257;29931698;15464146;44.6;23.0
FR;0;2021-06-12;275447;241568;30207145;15705714;45.0;23.4
FR;0;2021-06-13;101368;84275;30308513;15789989;45.2;23.5
FR;0;2021-06-14;229112;383388;30537625;16173377;45.5;24.1
FR;0;2021-06-15;293408;422383;30831033;16595760;45.9;24.7
FR;0;2021-06-16;301658;392780;31132691;16988540;46.4;25.3
FR;0;2021-06-17;304011;409906;31436702;17398446;46.8;25.9
