fra;vaccin;jour;n_dose1;n_dose2;n_cum_dose1;n_cum_dose2
FR;1;2020-12-27;20;0;20;0
FR;1;2020-12-28;63;0;83;0
FR;1;2020-12-29;108;0;191;0
FR;1;2020-12-30;119;0;310;0
FR;1;2020-12-31;83;0;393;0
FR;1;2021-01-01;65;0;458;0
FR;1;2021-01-02;76;0;534;0
FR;1;2021-01-03;87;0;621;0
FR;1;2021-01-04;1468;0;2089;0
FR;1;2021-01-05;5378;0;7467;0
FR;1;2021-01-06;11278;0;18745;0
FR;1;2021-01-07;28526;0;47271;0
FR;1;2021-01-08;36034;0;83305;0
FR;1;2021-01-09;10885;0;94190;0
FR;1;2021-01-10;5602;0;99792;0
FR;1;2021-01-11;38841;0;138633;0
FR;1;2021-01-12;60627;0;199260;0
FR;1;2021-01-13;63548;0;262808;0
FR;1;2021-01-14;79494;0;342302;0
FR;1;2021-01-15;66963;0;409265;0
FR;1;2021-01-16;19409;78;428674;78
FR;1;2021-01-17;10449;42;439123;120
FR;1;2021-01-18;81346;163;520469;283
FR;1;2021-01-19;123692;127;644161;410
FR;1;2021-01-20;129877;159;774038;569
FR;1;2021-01-21;149769;135;923807;704
FR;1;2021-01-22;113331;162;1037138;866
FR;1;2021-01-23;36017;50;1073155;916
FR;1;2021-01-24;9249;27;1082404;943
FR;1;2021-01-25;73025;1218;1155429;2161
FR;1;2021-01-26;94894;3110;1250323;5271
FR;1;2021-01-27;102046;5597;1352369;10868
FR;1;2021-01-28;118527;14360;1470896;25228
FR;1;2021-01-29;87686;17293;1558582;42521
FR;1;2021-01-30;27567;4225;1586149;46746
FR;1;2021-01-31;4863;1679;1591012;48425
FR;1;2021-02-01;48159;21128;1639171;69553
FR;1;2021-02-02;66096;34568;1705267;104121
FR;1;2021-02-03;65804;36960;1771071;141081
FR;1;2021-02-04;75517;50057;1846588;191138
FR;1;2021-02-05;62303;45335;1908891;236473
FR;1;2021-02-06;19031;10396;1927922;246869
FR;1;2021-02-07;3436;5041;1931358;251910
FR;1;2021-02-08;35731;45985;1967089;297895
FR;1;2021-02-09;49769;72392;2016858;370287
FR;1;2021-02-10;50786;76646;2067644;446933
FR;1;2021-02-11;62010;99077;2129654;546010
FR;1;2021-02-12;54740;74038;2184394;620048
FR;1;2021-02-13;15105;19270;2199499;639318
FR;1;2021-02-14;3409;7190;2202908;646508
FR;1;2021-02-15;23524;73440;2226432;719948
FR;1;2021-02-16;32075;96865;2258507;816813
FR;1;2021-02-17;34335;98568;2292842;915381
FR;1;2021-02-18;47951;113475;2340793;1028856
FR;1;2021-02-19;44346;86412;2385139;1115268
FR;1;2021-02-20;13008;26919;2398147;1142187
FR;1;2021-02-21;2109;6287;2400256;1148474
FR;1;2021-02-22;23981;69414;2424237;1217888
FR;1;2021-02-23;36508;80365;2460745;1298253
FR;1;2021-02-24;39304;77661;2500049;1375914
FR;1;2021-02-25;48715;87994;2548764;1463908
FR;1;2021-02-26;45964;67886;2594728;1531794
FR;1;2021-02-27;15166;20930;2609894;1552724
FR;1;2021-02-28;3226;4386;2613120;1557110
FR;1;2021-03-01;38663;49029;2651783;1606139
FR;1;2021-03-02;54557;61505;2706340;1667644
FR;1;2021-03-03;59335;60650;2765675;1728294
FR;1;2021-03-04;70901;64894;2836576;1793188
FR;1;2021-03-05;72992;59269;2909568;1852457
FR;1;2021-03-06;81257;16091;2990825;1868548
FR;1;2021-03-07;62946;5422;3053771;1873970
FR;1;2021-03-08;58642;42474;3112413;1916444
FR;1;2021-03-09;84229;48316;3196642;1964760
FR;1;2021-03-10;88778;48064;3285420;2012824
FR;1;2021-03-11;102994;53858;3388414;2066682
FR;1;2021-03-12;101981;45266;3490395;2111948
FR;1;2021-03-13;87475;12720;3577870;2124668
FR;1;2021-03-14;43619;3031;3621489;2127699
FR;1;2021-03-15;93582;29150;3715071;2156849
FR;1;2021-03-16;121713;34905;3836784;2191754
FR;1;2021-03-17;127150;34868;3963934;2226622
FR;1;2021-03-18;140547;39750;4104481;2266372
FR;1;2021-03-19;134003;32912;4238484;2299284
FR;1;2021-03-20;74867;10211;4313351;2309495
FR;1;2021-03-21;25763;2476;4339114;2311971
FR;1;2021-03-22;112780;31188;4451894;2343159
FR;1;2021-03-23;140590;38173;4592484;2381332
FR;1;2021-03-24;139615;38790;4732099;2420122
FR;1;2021-03-25;162392;39617;4894491;2459739
FR;1;2021-03-26;163882;37495;5058373;2497234
FR;1;2021-03-27;109730;15256;5168103;2512490
FR;1;2021-03-28;41702;3624;5209805;2516114
FR;1;2021-03-29;128018;49969;5337823;2566083
FR;1;2021-03-30;165088;63596;5502911;2629679
FR;1;2021-03-31;168174;66913;5671085;2696592
FR;1;2021-04-01;190324;79252;5861409;2775844
FR;1;2021-04-02;161827;84318;6023236;2860162
FR;1;2021-04-03;86967;58184;6110203;2918346
FR;1;2021-04-04;32271;17732;6142474;2936078
FR;1;2021-04-05;42356;10177;6184830;2946255
FR;1;2021-04-06;156764;100887;6341594;3047142
FR;1;2021-04-07;193345;108269;6534939;3155411
FR;1;2021-04-08;217514;112406;6752453;3267817
FR;1;2021-04-09;209948;107518;6962401;3375335
FR;1;2021-04-10;115964;73462;7078365;3448797
FR;1;2021-04-11;40059;30288;7118424;3479085
FR;1;2021-04-12;165661;103796;7284085;3582881
FR;1;2021-04-13;199790;128256;7483875;3711137
FR;1;2021-04-14;203823;122819;7687698;3833956
FR;1;2021-04-15;215823;126758;7903521;3960714
FR;1;2021-04-16;201703;125148;8105224;4085862
FR;1;2021-04-17;120152;67479;8225376;4153341
FR;1;2021-04-18;34965;20992;8260341;4174333
FR;1;2021-04-19;160305;121928;8420646;4296261
FR;1;2021-04-20;184703;148796;8605349;4445057
FR;1;2021-04-21;189308;146750;8794657;4591807
FR;1;2021-04-22;203660;162647;8998317;4754454
FR;1;2021-04-23;193844;156930;9192161;4911384
FR;1;2021-04-24;123789;95506;9315950;5006890
FR;1;2021-04-25;51857;30130;9367807;5037020
FR;1;2021-04-26;174989;138279;9542796;5175299
FR;1;2021-04-27;216456;162008;9759252;5337307
FR;1;2021-04-28;233256;155136;9992508;5492443
FR;1;2021-04-29;262831;160092;10255339;5652535
FR;1;2021-04-30;265254;148176;10520593;5800711
FR;1;2021-05-01;133387;40718;10653980;5841429
FR;1;2021-05-02;79490;28163;10733470;5869592
FR;1;2021-05-03;242976;146547;10976446;6016139
FR;1;2021-05-04;257204;186877;11233650;6203016
FR;1;2021-05-05;272347;184598;11505997;6387614
FR;1;2021-05-06;299000;183068;11804997;6570682
FR;1;2021-05-07;274845;195762;12079842;6766444
FR;1;2021-05-08;172329;48328;12252171;6814772
FR;1;2021-05-09;111980;36232;12364151;6851004
FR;1;2021-05-10;244616;194293;12608767;7045297
FR;1;2021-05-11;307474;211452;12916241;7256749
FR;1;2021-05-12;337125;185959;13253366;7442708
FR;1;2021-05-13;271508;47683;13524874;7490391
FR;1;2021-05-14;354619;128937;13879493;7619328
FR;1;2021-05-15;283739;66172;14163232;7685500
FR;2;2020-12-27;0;0;0;0
FR;2;2020-12-28;0;0;0;0
FR;2;2020-12-29;0;0;0;0
FR;2;2020-12-30;0;0;0;0
FR;2;2020-12-31;0;0;0;0
FR;2;2021-01-01;0;0;0;0
FR;2;2021-01-02;0;0;0;0
FR;2;2021-01-03;0;0;0;0
FR;2;2021-01-04;0;0;0;0
FR;2;2021-01-05;0;0;0;0
FR;2;2021-01-06;0;0;0;0
FR;2;2021-01-07;0;0;0;0
FR;2;2021-01-08;0;0;0;0
FR;2;2021-01-09;0;0;0;0
FR;2;2021-01-10;0;0;0;0
FR;2;2021-01-11;0;0;0;0
FR;2;2021-01-12;0;0;0;0
FR;2;2021-01-13;0;0;0;0
FR;2;2021-01-14;143;0;143;0
FR;2;2021-01-15;217;0;360;0
FR;2;2021-01-16;185;0;545;0
FR;2;2021-01-17;3;0;548;0
FR;2;2021-01-18;2902;0;3450;0
FR;2;2021-01-19;4485;0;7935;0
FR;2;2021-01-20;4903;0;12838;0
FR;2;2021-01-21;5065;0;17903;0
FR;2;2021-01-22;4858;0;22761;0
FR;2;2021-01-23;1728;0;24489;0
FR;2;2021-01-24;83;0;24572;0
FR;2;2021-01-25;3633;0;28205;0
FR;2;2021-01-26;3695;0;31900;0
FR;2;2021-01-27;3402;0;35302;0
FR;2;2021-01-28;3479;0;38781;0
FR;2;2021-01-29;3072;0;41853;0
FR;2;2021-01-30;1054;0;42907;0
FR;2;2021-01-31;0;0;42907;0
FR;2;2021-02-01;3247;0;46154;0
FR;2;2021-02-02;4302;0;50456;0
FR;2;2021-02-03;5029;0;55485;0
FR;2;2021-02-04;4724;3;60209;3
FR;2;2021-02-05;4549;6;64758;9
FR;2;2021-02-06;1929;3;66687;12
FR;2;2021-02-07;42;0;66729;12
FR;2;2021-02-08;7415;8;74144;20
FR;2;2021-02-09;8250;15;82394;35
FR;2;2021-02-10;9134;49;91528;84
FR;2;2021-02-11;10048;67;101576;151
FR;2;2021-02-12;9779;238;111355;389
FR;2;2021-02-13;3010;222;114365;611
FR;2;2021-02-14;296;0;114661;611
FR;2;2021-02-15;3356;3067;118017;3678
FR;2;2021-02-16;4901;3881;122918;7559
FR;2;2021-02-17;4098;4403;127016;11962
FR;2;2021-02-18;5228;5087;132244;17049
FR;2;2021-02-19;5119;4323;137363;21372
FR;2;2021-02-20;1763;1509;139126;22881
FR;2;2021-02-21;197;86;139323;22967
FR;2;2021-02-22;3511;3723;142834;26690
FR;2;2021-02-23;4801;3693;147635;30383
FR;2;2021-02-24;4738;3468;152373;33851
FR;2;2021-02-25;5289;3426;157662;37277
FR;2;2021-02-26;4193;3125;161855;40402
FR;2;2021-02-27;1500;1042;163355;41444
FR;2;2021-02-28;99;28;163454;41472
FR;2;2021-03-01;4954;3764;168408;45236
FR;2;2021-03-02;6300;4728;174708;49964
FR;2;2021-03-03;6238;4882;180946;54846
FR;2;2021-03-04;8065;3967;189011;58813
FR;2;2021-03-05;7765;4059;196776;62872
FR;2;2021-03-06;4619;1682;201395;64554
FR;2;2021-03-07;2283;29;203678;64583
FR;2;2021-03-08;3977;8309;207655;72892
FR;2;2021-03-09;7263;8429;214918;81321
FR;2;2021-03-10;6848;9108;221766;90429
FR;2;2021-03-11;9039;9208;230805;99637
FR;2;2021-03-12;7699;8169;238504;107806
FR;2;2021-03-13;9863;2510;248367;110316
FR;2;2021-03-14;4752;400;253119;110716
FR;2;2021-03-15;10627;3482;263746;114198
FR;2;2021-03-16;16430;4621;280176;118819
FR;2;2021-03-17;19882;3952;300058;122771
FR;2;2021-03-18;22937;4910;322995;127681
FR;2;2021-03-19;22868;4536;345863;132217
FR;2;2021-03-20;25137;1540;371000;133757
FR;2;2021-03-21;17467;147;388467;133904
FR;2;2021-03-22;17371;3078;405838;136982
FR;2;2021-03-23;22253;4183;428091;141165
FR;2;2021-03-24;23514;4988;451605;146153
FR;2;2021-03-25;26241;5020;477846;151173
FR;2;2021-03-26;26564;4260;504410;155433
FR;2;2021-03-27;15631;1309;520041;156742
FR;2;2021-03-28;10391;94;530432;156836
FR;2;2021-03-29;18618;4280;549050;161116
FR;2;2021-03-30;24146;6002;573196;167118
FR;2;2021-03-31;28035;5956;601231;173074
FR;2;2021-04-01;33800;8495;635031;181569
FR;2;2021-04-02;29372;7661;664403;189230
FR;2;2021-04-03;16716;3582;681119;192812
FR;2;2021-04-04;9152;918;690271;193730
FR;2;2021-04-05;12113;811;702384;194541
FR;2;2021-04-06;26642;6934;729026;201475
FR;2;2021-04-07;30419;7174;759445;208649
FR;2;2021-04-08;36449;8817;795894;217466
FR;2;2021-04-09;33318;8601;829212;226067
FR;2;2021-04-10;19428;8968;848640;235035
FR;2;2021-04-11;7808;4271;856448;239306
FR;2;2021-04-12;16754;11254;873202;250560
FR;2;2021-04-13;19006;16426;892208;266986
FR;2;2021-04-14;17568;16284;909776;283270
FR;2;2021-04-15;21772;20757;931548;304027
FR;2;2021-04-16;20259;20073;951807;324100
FR;2;2021-04-17;12978;22462;964785;346562
FR;2;2021-04-18;5766;14405;970551;360967
FR;2;2021-04-19;16381;16261;986932;377228
FR;2;2021-04-20;18866;21595;1005798;398823
FR;2;2021-04-21;18315;21665;1024113;420488
FR;2;2021-04-22;23156;24861;1047269;445349
FR;2;2021-04-23;23984;25346;1071253;470695
FR;2;2021-04-24;24954;15111;1096207;485806
FR;2;2021-04-25;9407;8589;1105614;494395
FR;2;2021-04-26;16584;17194;1122198;511589
FR;2;2021-04-27;18866;24305;1141064;535894
FR;2;2021-04-28;21458;26189;1162522;562083
FR;2;2021-04-29;24702;30136;1187224;592219
FR;2;2021-04-30;24956;27782;1212180;620001
FR;2;2021-05-01;14747;9863;1226927;629864
FR;2;2021-05-02;6475;9184;1233402;639048
FR;2;2021-05-03;19011;19327;1252413;658375
FR;2;2021-05-04;17840;29055;1270253;687430
FR;2;2021-05-05;17851;29417;1288104;716847
FR;2;2021-05-06;23055;35293;1311159;752140
FR;2;2021-05-07;23525;33243;1334684;785383
FR;2;2021-05-08;19252;9703;1353936;795086
FR;2;2021-05-09;12893;7894;1366829;802980
FR;2;2021-05-10;32024;22221;1398853;825201
FR;2;2021-05-11;42201;21078;1441054;846279
FR;2;2021-05-12;47079;19907;1488133;866186
FR;2;2021-05-13;50328;5770;1538461;871956
FR;2;2021-05-14;59825;12954;1598286;884910
FR;2;2021-05-15;64692;7155;1662978;892065
FR;3;2020-12-27;0;0;0;0
FR;3;2020-12-28;0;0;0;0
FR;3;2020-12-29;0;0;0;0
FR;3;2020-12-30;0;0;0;0
FR;3;2020-12-31;0;0;0;0
FR;3;2021-01-01;0;0;0;0
FR;3;2021-01-02;0;0;0;0
FR;3;2021-01-03;0;0;0;0
FR;3;2021-01-04;0;0;0;0
FR;3;2021-01-05;0;0;0;0
FR;3;2021-01-06;0;0;0;0
FR;3;2021-01-07;0;0;0;0
FR;3;2021-01-08;0;0;0;0
FR;3;2021-01-09;0;0;0;0
FR;3;2021-01-10;0;0;0;0
FR;3;2021-01-11;0;0;0;0
FR;3;2021-01-12;0;0;0;0
FR;3;2021-01-13;0;0;0;0
FR;3;2021-01-14;0;0;0;0
FR;3;2021-01-15;0;0;0;0
FR;3;2021-01-16;0;0;0;0
FR;3;2021-01-17;0;0;0;0
FR;3;2021-01-18;0;0;0;0
FR;3;2021-01-19;0;0;0;0
FR;3;2021-01-20;0;0;0;0
FR;3;2021-01-21;0;0;0;0
FR;3;2021-01-22;0;0;0;0
FR;3;2021-01-23;0;0;0;0
FR;3;2021-01-24;0;0;0;0
FR;3;2021-01-25;0;0;0;0
FR;3;2021-01-26;0;0;0;0
FR;3;2021-01-27;0;0;0;0
FR;3;2021-01-28;0;0;0;0
FR;3;2021-01-29;0;0;0;0
FR;3;2021-01-30;0;0;0;0
FR;3;2021-01-31;0;0;0;0
FR;3;2021-02-01;0;0;0;0
FR;3;2021-02-02;0;0;0;0
FR;3;2021-02-03;0;0;0;0
FR;3;2021-02-04;0;0;0;0
FR;3;2021-02-05;0;0;0;0
FR;3;2021-02-06;298;0;298;0
FR;3;2021-02-07;1348;0;1646;0
FR;3;2021-02-08;2627;0;4273;0
FR;3;2021-02-09;6620;0;10893;0
FR;3;2021-02-10;9184;0;20077;0
FR;3;2021-02-11;13276;0;33353;0
FR;3;2021-02-12;12983;0;46336;0
FR;3;2021-02-13;3482;0;49818;0
FR;3;2021-02-14;859;0;50677;0
FR;3;2021-02-15;9997;0;60674;0
FR;3;2021-02-16;12112;0;72786;0
FR;3;2021-02-17;10767;0;83553;0
FR;3;2021-02-18;14447;0;98000;0
FR;3;2021-02-19;14010;0;112010;0
FR;3;2021-02-20;3141;0;115151;0
FR;3;2021-02-21;536;0;115687;0
FR;3;2021-02-22;8785;0;124472;0
FR;3;2021-02-23;10957;0;135429;0
FR;3;2021-02-24;13761;0;149190;0
FR;3;2021-02-25;43895;0;193085;0
FR;3;2021-02-26;60924;0;254009;0
FR;3;2021-02-27;34171;8;288180;8
FR;3;2021-02-28;2311;0;290491;8
FR;3;2021-03-01;19497;11;309988;19
FR;3;2021-03-02;37863;13;347851;32
FR;3;2021-03-03;47178;19;395029;51
FR;3;2021-03-04;79783;20;474812;71
FR;3;2021-03-05;115585;65;590397;136
FR;3;2021-03-06;116971;51;707368;187
FR;3;2021-03-07;53755;30;761123;217
FR;3;2021-03-08;41493;25;802616;242
FR;3;2021-03-09;77029;33;879645;275
FR;3;2021-03-10;78826;43;958471;318
FR;3;2021-03-11;125704;52;1084175;370
FR;3;2021-03-12;179436;71;1263611;441
FR;3;2021-03-13;129408;54;1393019;495
FR;3;2021-03-14;13592;6;1406611;501
FR;3;2021-03-15;50707;41;1457318;542
FR;3;2021-03-16;844;15;1458162;557
FR;3;2021-03-17;563;6;1458725;563
FR;3;2021-03-18;1088;4;1459813;567
FR;3;2021-03-19;68847;38;1528660;605
FR;3;2021-03-20;64024;36;1592684;641
FR;3;2021-03-21;5446;5;1598130;646
FR;3;2021-03-22;36390;34;1634520;680
FR;3;2021-03-23;83017;50;1717537;730
FR;3;2021-03-24;89241;91;1806778;821
FR;3;2021-03-25;147582;117;1954360;938
FR;3;2021-03-26;163073;156;2117433;1094
FR;3;2021-03-27;66991;88;2184424;1182
FR;3;2021-03-28;6137;19;2190561;1201
FR;3;2021-03-29;53163;61;2243724;1262
FR;3;2021-03-30;91775;88;2335499;1350
FR;3;2021-03-31;62179;82;2397678;1432
FR;3;2021-04-01;84432;105;2482110;1537
FR;3;2021-04-02;85552;148;2567662;1685
FR;3;2021-04-03;35137;110;2602799;1795
FR;3;2021-04-04;3372;15;2606171;1810
FR;3;2021-04-05;4199;21;2610370;1831
FR;3;2021-04-06;28821;76;2639191;1907
FR;3;2021-04-07;31454;60;2670645;1967
FR;3;2021-04-08;77358;235;2748003;2202
FR;3;2021-04-09;159554;411;2907557;2613
FR;3;2021-04-10;74331;333;2981888;2946
FR;3;2021-04-11;7000;44;2988888;2990
FR;3;2021-04-12;50419;197;3039307;3187
FR;3;2021-04-13;84928;316;3124235;3503
FR;3;2021-04-14;66408;342;3190643;3845
FR;3;2021-04-15;91509;371;3282152;4216
FR;3;2021-04-16;110843;574;3392995;4790
FR;3;2021-04-17;52150;337;3445145;5127
FR;3;2021-04-18;9417;35;3454562;5162
FR;3;2021-04-19;24370;239;3478932;5401
FR;3;2021-04-20;44704;399;3523636;5800
FR;3;2021-04-21;37952;458;3561588;6258
FR;3;2021-04-22;53512;794;3615100;7052
FR;3;2021-04-23;69233;1031;3684333;8083
FR;3;2021-04-24;36455;988;3720788;9071
FR;3;2021-04-25;5894;168;3726682;9239
FR;3;2021-04-26;19064;667;3745746;9906
FR;3;2021-04-27;33641;1246;3779387;11152
FR;3;2021-04-28;28178;1925;3807565;13077
FR;3;2021-04-29;44431;5958;3851996;19035
FR;3;2021-04-30;54435;8932;3906431;27967
FR;3;2021-05-01;9134;1968;3915565;29935
FR;3;2021-05-02;2798;500;3918363;30435
FR;3;2021-05-03;12454;3880;3930817;34315
FR;3;2021-05-04;22337;8454;3953154;42769
FR;3;2021-05-05;17907;10575;3971061;53344
FR;3;2021-05-06;33762;20907;4004823;74251
FR;3;2021-05-07;43083;28407;4047906;102658
FR;3;2021-05-08;6203;8911;4054109;111569
FR;3;2021-05-09;1545;2657;4055654;114226
FR;3;2021-05-10;14243;12561;4069897;126787
FR;3;2021-05-11;26207;25740;4096104;152527
FR;3;2021-05-12;16391;27452;4112495;179979
FR;3;2021-05-13;1917;3479;4114412;183458
FR;3;2021-05-14;13739;25745;4128151;209203
FR;3;2021-05-15;6638;20734;4134789;229937
FR;4;2020-12-27;0;0;0;0
FR;4;2020-12-28;0;0;0;0
FR;4;2020-12-29;0;0;0;0
FR;4;2020-12-30;0;0;0;0
FR;4;2020-12-31;0;0;0;0
FR;4;2021-01-01;0;0;0;0
FR;4;2021-01-02;0;0;0;0
FR;4;2021-01-03;0;0;0;0
FR;4;2021-01-04;0;0;0;0
FR;4;2021-01-05;0;0;0;0
FR;4;2021-01-06;0;0;0;0
FR;4;2021-01-07;0;0;0;0
FR;4;2021-01-08;0;0;0;0
FR;4;2021-01-09;0;0;0;0
FR;4;2021-01-10;0;0;0;0
FR;4;2021-01-11;0;0;0;0
FR;4;2021-01-12;0;0;0;0
FR;4;2021-01-13;0;0;0;0
FR;4;2021-01-14;0;0;0;0
FR;4;2021-01-15;0;0;0;0
FR;4;2021-01-16;0;0;0;0
FR;4;2021-01-17;0;0;0;0
FR;4;2021-01-18;0;0;0;0
FR;4;2021-01-19;0;0;0;0
FR;4;2021-01-20;0;0;0;0
FR;4;2021-01-21;0;0;0;0
FR;4;2021-01-22;0;0;0;0
FR;4;2021-01-23;0;0;0;0
FR;4;2021-01-24;0;0;0;0
FR;4;2021-01-25;0;0;0;0
FR;4;2021-01-26;0;0;0;0
FR;4;2021-01-27;0;0;0;0
FR;4;2021-01-28;0;0;0;0
FR;4;2021-01-29;0;0;0;0
FR;4;2021-01-30;0;0;0;0
FR;4;2021-01-31;0;0;0;0
FR;4;2021-02-01;0;0;0;0
FR;4;2021-02-02;0;0;0;0
FR;4;2021-02-03;0;0;0;0
FR;4;2021-02-04;0;0;0;0
FR;4;2021-02-05;0;0;0;0
FR;4;2021-02-06;0;0;0;0
FR;4;2021-02-07;0;0;0;0
FR;4;2021-02-08;0;0;0;0
FR;4;2021-02-09;0;0;0;0
FR;4;2021-02-10;0;0;0;0
FR;4;2021-02-11;0;0;0;0
FR;4;2021-02-12;0;0;0;0
FR;4;2021-02-13;0;0;0;0
FR;4;2021-02-14;0;0;0;0
FR;4;2021-02-15;0;0;0;0
FR;4;2021-02-16;0;0;0;0
FR;4;2021-02-17;0;0;0;0
FR;4;2021-02-18;0;0;0;0
FR;4;2021-02-19;0;0;0;0
FR;4;2021-02-20;0;0;0;0
FR;4;2021-02-21;0;0;0;0
FR;4;2021-02-22;0;0;0;0
FR;4;2021-02-23;0;0;0;0
FR;4;2021-02-24;0;0;0;0
FR;4;2021-02-25;0;0;0;0
FR;4;2021-02-26;0;0;0;0
FR;4;2021-02-27;0;0;0;0
FR;4;2021-02-28;0;0;0;0
FR;4;2021-03-01;0;0;0;0
FR;4;2021-03-02;0;0;0;0
FR;4;2021-03-03;0;0;0;0
FR;4;2021-03-04;0;0;0;0
FR;4;2021-03-05;0;0;0;0
FR;4;2021-03-06;0;0;0;0
FR;4;2021-03-07;0;0;0;0
FR;4;2021-03-08;0;0;0;0
FR;4;2021-03-09;0;0;0;0
FR;4;2021-03-10;0;0;0;0
FR;4;2021-03-11;0;0;0;0
FR;4;2021-03-12;0;0;0;0
FR;4;2021-03-13;0;0;0;0
FR;4;2021-03-14;0;0;0;0
FR;4;2021-03-15;0;0;0;0
FR;4;2021-03-16;0;0;0;0
FR;4;2021-03-17;0;0;0;0
FR;4;2021-03-18;0;0;0;0
FR;4;2021-03-19;0;0;0;0
FR;4;2021-03-20;0;0;0;0
FR;4;2021-03-21;0;0;0;0
FR;4;2021-03-22;0;0;0;0
FR;4;2021-03-23;0;0;0;0
FR;4;2021-03-24;0;0;0;0
FR;4;2021-03-25;0;0;0;0
FR;4;2021-03-26;0;0;0;0
FR;4;2021-03-27;0;0;0;0
FR;4;2021-03-28;0;0;0;0
FR;4;2021-03-29;0;0;0;0
FR;4;2021-03-30;0;0;0;0
FR;4;2021-03-31;0;0;0;0
FR;4;2021-04-01;0;0;0;0
FR;4;2021-04-02;0;0;0;0
FR;4;2021-04-03;0;0;0;0
FR;4;2021-04-04;0;0;0;0
FR;4;2021-04-05;0;0;0;0
FR;4;2021-04-06;0;0;0;0
FR;4;2021-04-07;0;0;0;0
FR;4;2021-04-08;0;0;0;0
FR;4;2021-04-09;0;0;0;0
FR;4;2021-04-10;0;0;0;0
FR;4;2021-04-11;0;0;0;0
FR;4;2021-04-12;0;0;0;0
FR;4;2021-04-13;0;0;0;0
FR;4;2021-04-14;0;0;0;0
FR;4;2021-04-15;0;0;0;0
FR;4;2021-04-16;0;0;0;0
FR;4;2021-04-17;0;0;0;0
FR;4;2021-04-18;0;0;0;0
FR;4;2021-04-19;0;0;0;0
FR;4;2021-04-20;0;0;0;0
FR;4;2021-04-21;0;0;0;0
FR;4;2021-04-22;0;0;0;0
FR;4;2021-04-23;505;0;505;0
FR;4;2021-04-24;1553;0;2058;0
FR;4;2021-04-25;117;0;2175;0
FR;4;2021-04-26;2818;0;4993;0
FR;4;2021-04-27;9349;3;14342;3
FR;4;2021-04-28;9738;3;24080;6
FR;4;2021-04-29;15841;7;39921;13
FR;4;2021-04-30;19025;7;58946;20
FR;4;2021-05-01;1873;5;60819;25
FR;4;2021-05-02;432;0;61251;25
FR;4;2021-05-03;4893;1;66144;26
FR;4;2021-05-04;8234;8;74378;34
FR;4;2021-05-05;5971;7;80349;41
FR;4;2021-05-06;11200;13;91549;54
FR;4;2021-05-07;18808;10;110357;64
FR;4;2021-05-08;2219;4;112576;68
FR;4;2021-05-09;625;2;113201;70
FR;4;2021-05-10;7013;11;120214;81
FR;4;2021-05-11;13980;12;134194;93
FR;4;2021-05-12;9779;13;143973;106
FR;4;2021-05-13;1406;3;145379;109
FR;4;2021-05-14;7397;8;152776;117
FR;4;2021-05-15;3431;9;156207;126
FR;0;2020-12-27;20;0;20;0
FR;0;2020-12-28;63;0;83;0
FR;0;2020-12-29;108;0;191;0
FR;0;2020-12-30;119;0;310;0
FR;0;2020-12-31;83;0;393;0
FR;0;2021-01-01;65;0;458;0
FR;0;2021-01-02;76;0;534;0
FR;0;2021-01-03;87;0;621;0
FR;0;2021-01-04;1468;0;2089;0
FR;0;2021-01-05;5378;0;7467;0
FR;0;2021-01-06;11278;0;18745;0
FR;0;2021-01-07;28526;0;47271;0
FR;0;2021-01-08;36034;0;83305;0
FR;0;2021-01-09;10885;0;94190;0
FR;0;2021-01-10;5602;0;99792;0
FR;0;2021-01-11;38841;0;138633;0
FR;0;2021-01-12;60627;0;199260;0
FR;0;2021-01-13;63548;0;262808;0
FR;0;2021-01-14;79637;0;342445;0
FR;0;2021-01-15;67180;0;409625;0
FR;0;2021-01-16;19594;78;429219;78
FR;0;2021-01-17;10452;42;439671;120
FR;0;2021-01-18;84248;163;523919;283
FR;0;2021-01-19;128177;127;652096;410
FR;0;2021-01-20;134780;159;786876;569
FR;0;2021-01-21;154834;135;941710;704
FR;0;2021-01-22;118189;162;1059899;866
FR;0;2021-01-23;37745;50;1097644;916
FR;0;2021-01-24;9332;27;1106976;943
FR;0;2021-01-25;76658;1218;1183634;2161
FR;0;2021-01-26;98589;3110;1282223;5271
FR;0;2021-01-27;105448;5597;1387671;10868
FR;0;2021-01-28;122006;14360;1509677;25228
FR;0;2021-01-29;90758;17293;1600435;42521
FR;0;2021-01-30;28621;4225;1629056;46746
FR;0;2021-01-31;4863;1679;1633919;48425
FR;0;2021-02-01;51406;21128;1685325;69553
FR;0;2021-02-02;70398;34568;1755723;104121
FR;0;2021-02-03;70833;36960;1826556;141081
FR;0;2021-02-04;80241;50060;1906797;191141
FR;0;2021-02-05;66852;45341;1973649;236482
FR;0;2021-02-06;21258;10399;1994907;246881
FR;0;2021-02-07;4826;5041;1999733;251922
FR;0;2021-02-08;45773;45993;2045506;297915
FR;0;2021-02-09;64639;72407;2110145;370322
FR;0;2021-02-10;69104;76695;2179249;447017
FR;0;2021-02-11;85334;99144;2264583;546161
FR;0;2021-02-12;77502;74276;2342085;620437
FR;0;2021-02-13;21597;19492;2363682;639929
FR;0;2021-02-14;4564;7190;2368246;647119
FR;0;2021-02-15;36877;76507;2405123;723626
FR;0;2021-02-16;49088;100746;2454211;824372
FR;0;2021-02-17;49200;102971;2503411;927343
FR;0;2021-02-18;67626;118562;2571037;1045905
FR;0;2021-02-19;63475;90735;2634512;1136640
FR;0;2021-02-20;17912;28428;2652424;1165068
FR;0;2021-02-21;2842;6373;2655266;1171441
FR;0;2021-02-22;36277;73137;2691543;1244578
FR;0;2021-02-23;52266;84058;2743809;1328636
FR;0;2021-02-24;57803;81129;2801612;1409765
FR;0;2021-02-25;97899;91420;2899511;1501185
FR;0;2021-02-26;111081;71011;3010592;1572196
FR;0;2021-02-27;50837;21980;3061429;1594176
FR;0;2021-02-28;5636;4414;3067065;1598590
FR;0;2021-03-01;63114;52804;3130179;1651394
FR;0;2021-03-02;98720;66246;3228899;1717640
FR;0;2021-03-03;112751;65551;3341650;1783191
FR;0;2021-03-04;158749;68881;3500399;1852072
FR;0;2021-03-05;196342;63393;3696741;1915465
FR;0;2021-03-06;202847;17824;3899588;1933289
FR;0;2021-03-07;118984;5481;4018572;1938770
FR;0;2021-03-08;104112;50808;4122684;1989578
FR;0;2021-03-09;168521;56778;4291205;2046356
FR;0;2021-03-10;174452;57215;4465657;2103571
FR;0;2021-03-11;237737;63118;4703394;2166689
FR;0;2021-03-12;289116;53506;4992510;2220195
FR;0;2021-03-13;226746;15284;5219256;2235479
FR;0;2021-03-14;61963;3437;5281219;2238916
FR;0;2021-03-15;154916;32673;5436135;2271589
FR;0;2021-03-16;138987;39541;5575122;2311130
FR;0;2021-03-17;147595;38826;5722717;2349956
FR;0;2021-03-18;164572;44664;5887289;2394620
FR;0;2021-03-19;225718;37486;6113007;2432106
FR;0;2021-03-20;164028;11787;6277035;2443893
FR;0;2021-03-21;48676;2628;6325711;2446521
FR;0;2021-03-22;166541;34300;6492252;2480821
FR;0;2021-03-23;245860;42406;6738112;2523227
FR;0;2021-03-24;252370;43869;6990482;2567096
FR;0;2021-03-25;336215;44754;7326697;2611850
FR;0;2021-03-26;353519;41911;7680216;2653761
FR;0;2021-03-27;192352;16653;7872568;2670414
FR;0;2021-03-28;58230;3737;7930798;2674151
FR;0;2021-03-29;199799;54310;8130597;2728461
FR;0;2021-03-30;281009;69686;8411606;2798147
FR;0;2021-03-31;258388;72951;8669994;2871098
FR;0;2021-04-01;308556;87852;8978550;2958950
FR;0;2021-04-02;276751;92127;9255301;3051077
FR;0;2021-04-03;138820;61876;9394121;3112953
FR;0;2021-04-04;44795;18665;9438916;3131618
FR;0;2021-04-05;58668;11009;9497584;3142627
FR;0;2021-04-06;212227;107897;9709811;3250524
FR;0;2021-04-07;255218;115503;9965029;3366027
FR;0;2021-04-08;331321;121458;10296350;3487485
FR;0;2021-04-09;402820;116530;10699170;3604015
FR;0;2021-04-10;209723;82763;10908893;3686778
FR;0;2021-04-11;54867;34603;10963760;3721381
FR;0;2021-04-12;232834;115247;11196594;3836628
FR;0;2021-04-13;303724;144998;11500318;3981626
FR;0;2021-04-14;287799;139445;11788117;4121071
FR;0;2021-04-15;329104;147886;12117221;4268957
FR;0;2021-04-16;332805;145795;12450026;4414752
FR;0;2021-04-17;185280;90278;12635306;4505030
FR;0;2021-04-18;50148;35432;12685454;4540462
FR;0;2021-04-19;201056;138428;12886510;4678890
FR;0;2021-04-20;248273;170790;13134783;4849680
FR;0;2021-04-21;245575;168873;13380358;5018553
FR;0;2021-04-22;280328;188302;13660686;5206855
FR;0;2021-04-23;287566;183307;13948252;5390162
FR;0;2021-04-24;186751;111605;14135003;5501767
FR;0;2021-04-25;67275;38887;14202278;5540654
FR;0;2021-04-26;213455;156140;14415733;5696794
FR;0;2021-04-27;278312;187562;14694045;5884356
FR;0;2021-04-28;292630;183253;14986675;6067609
FR;0;2021-04-29;347805;196193;15334480;6263802
FR;0;2021-04-30;363670;184897;15698150;6448699
FR;0;2021-05-01;159141;52554;15857291;6501253
FR;0;2021-05-02;89195;37847;15946486;6539100
FR;0;2021-05-03;279334;169755;16225820;6708855
FR;0;2021-05-04;305615;224394;16531435;6933249
FR;0;2021-05-05;314076;224597;16845511;7157846
FR;0;2021-05-06;367017;239281;17212528;7397127
FR;0;2021-05-07;360261;257422;17572789;7654549
FR;0;2021-05-08;200003;66946;17772792;7721495
FR;0;2021-05-09;127043;46785;17899835;7768280
FR;0;2021-05-10;297896;229086;18197731;7997366
FR;0;2021-05-11;389862;258282;18587593;8255648
FR;0;2021-05-12;410374;233331;18997967;8488979
FR;0;2021-05-13;325159;56935;19323126;8545914
FR;0;2021-05-14;435580;167644;19758706;8713558
FR;0;2021-05-15;358500;94070;20117206;8807628
