fra;clage_vacsi;jour;n_dose1;n_complet;n_cum_dose1;n_cum_complet;couv_dose1;couv_complet
FR;24;2020-12-27;1;0;1;0;0.0;0.0
FR;24;2020-12-28;2;0;3;0;0.0;0.0
FR;24;2020-12-29;0;0;3;0;0.0;0.0
FR;24;2020-12-30;0;0;3;0;0.0;0.0
FR;24;2020-12-31;1;0;4;0;0.0;0.0
FR;24;2021-01-01;1;0;5;0;0.0;0.0
FR;24;2021-01-02;1;0;6;0;0.0;0.0
FR;24;2021-01-03;2;0;8;0;0.0;0.0
FR;24;2021-01-04;4;0;12;0;0.0;0.0
FR;24;2021-01-05;17;1;29;1;0.0;0.0
FR;24;2021-01-06;36;0;65;1;0.0;0.0
FR;24;2021-01-07;180;0;245;1;0.0;0.0
FR;24;2021-01-08;216;0;461;1;0.0;0.0
FR;24;2021-01-09;40;0;501;1;0.0;0.0
FR;24;2021-01-10;35;0;536;1;0.0;0.0
FR;24;2021-01-11;251;2;787;3;0.0;0.0
FR;24;2021-01-12;397;5;1184;8;0.0;0.0
FR;24;2021-01-13;478;5;1662;13;0.0;0.0
FR;24;2021-01-14;612;6;2274;19;0.0;0.0
FR;24;2021-01-15;594;2;2868;21;0.1;0.0
FR;24;2021-01-16;117;3;2985;24;0.1;0.0
FR;24;2021-01-17;94;0;3079;24;0.1;0.0
FR;24;2021-01-18;508;3;3587;27;0.1;0.0
FR;24;2021-01-19;597;3;4184;30;0.1;0.0
FR;24;2021-01-20;649;0;4833;30;0.1;0.0
FR;24;2021-01-21;758;4;5591;34;0.1;0.0
FR;24;2021-01-22;601;4;6192;38;0.1;0.0
FR;24;2021-01-23;116;0;6308;38;0.1;0.0
FR;24;2021-01-24;22;0;6330;38;0.1;0.0
FR;24;2021-01-25;294;3;6624;41;0.1;0.0
FR;24;2021-01-26;367;12;6991;53;0.1;0.0
FR;24;2021-01-27;441;14;7432;67;0.1;0.0
FR;24;2021-01-28;596;51;8028;118;0.1;0.0
FR;24;2021-01-29;467;82;8495;200;0.2;0.0
FR;24;2021-01-30;87;16;8582;216;0.2;0.0
FR;24;2021-01-31;25;13;8607;229;0.2;0.0
FR;24;2021-02-01;157;134;8764;363;0.2;0.0
FR;24;2021-02-02;216;182;8980;545;0.2;0.0
FR;24;2021-02-03;218;185;9198;730;0.2;0.0
FR;24;2021-02-04;358;316;9556;1046;0.2;0.0
FR;24;2021-02-05;346;344;9902;1390;0.2;0.0
FR;24;2021-02-06;83;71;9985;1461;0.2;0.0
FR;24;2021-02-07;169;32;10154;1493;0.2;0.0
FR;24;2021-02-08;388;358;10542;1851;0.2;0.0
FR;24;2021-02-09;745;458;11287;2309;0.2;0.0
FR;24;2021-02-10;1093;598;12380;2907;0.2;0.1
FR;24;2021-02-11;1576;716;13956;3623;0.3;0.1
FR;24;2021-02-12;1622;565;15578;4188;0.3;0.1
FR;24;2021-02-13;292;93;15870;4281;0.3;0.1
FR;24;2021-02-14;62;31;15932;4312;0.3;0.1
FR;24;2021-02-15;1040;383;16972;4695;0.3;0.1
FR;24;2021-02-16;1563;582;18535;5277;0.3;0.1
FR;24;2021-02-17;1493;502;20028;5779;0.4;0.1
FR;24;2021-02-18;1946;630;21974;6409;0.4;0.1
FR;24;2021-02-19;1854;560;23828;6969;0.4;0.1
FR;24;2021-02-20;333;88;24161;7057;0.4;0.1
FR;24;2021-02-21;41;19;24202;7076;0.4;0.1
FR;24;2021-02-22;1168;290;25370;7366;0.5;0.1
FR;24;2021-02-23;1588;392;26958;7758;0.5;0.1
FR;24;2021-02-24;1650;339;28608;8097;0.5;0.1
FR;24;2021-02-25;2277;480;30885;8577;0.6;0.2
FR;24;2021-02-26;2198;398;33083;8975;0.6;0.2
FR;24;2021-02-27;533;86;33616;9061;0.6;0.2
FR;24;2021-02-28;92;16;33708;9077;0.6;0.2
FR;24;2021-03-01;1261;237;34969;9314;0.6;0.2
FR;24;2021-03-02;1664;318;36633;9632;0.7;0.2
FR;24;2021-03-03;1759;370;38392;10002;0.7;0.2
FR;24;2021-03-04;2155;529;40547;10531;0.7;0.2
FR;24;2021-03-05;3295;516;43842;11047;0.8;0.2
FR;24;2021-03-06;1710;146;45552;11193;0.8;0.2
FR;24;2021-03-07;983;77;46535;11270;0.9;0.2
FR;24;2021-03-08;1966;258;48501;11528;0.9;0.2
FR;24;2021-03-09;2624;325;51125;11853;0.9;0.2
FR;24;2021-03-10;2438;374;53563;12227;1.0;0.2
FR;24;2021-03-11;2930;514;56493;12741;1.0;0.2
FR;24;2021-03-12;3835;457;60328;13198;1.1;0.2
FR;24;2021-03-13;1485;103;61813;13301;1.1;0.2
FR;24;2021-03-14;532;37;62345;13338;1.1;0.2
FR;24;2021-03-15;1834;257;64179;13595;1.2;0.3
FR;24;2021-03-16;824;314;65003;13909;1.2;0.3
FR;24;2021-03-17;1073;326;66076;14235;1.2;0.3
FR;24;2021-03-18;1300;441;67376;14676;1.2;0.3
FR;24;2021-03-19;1868;370;69244;15046;1.3;0.3
FR;24;2021-03-20;831;90;70075;15136;1.3;0.3
FR;24;2021-03-21;633;72;70708;15208;1.3;0.3
FR;24;2021-03-22;1502;301;72210;15509;1.3;0.3
FR;24;2021-03-23;1797;400;74007;15909;1.4;0.3
FR;24;2021-03-24;2154;361;76161;16270;1.4;0.3
FR;24;2021-03-25;2561;503;78722;16773;1.5;0.3
FR;24;2021-03-26;3162;489;81884;17262;1.5;0.3
FR;24;2021-03-27;1898;197;83782;17459;1.5;0.3
FR;24;2021-03-28;1010;76;84792;17535;1.6;0.3
FR;24;2021-03-29;2443;376;87235;17911;1.6;0.3
FR;24;2021-03-30;3614;529;90849;18440;1.7;0.3
FR;24;2021-03-31;4143;535;94992;18975;1.8;0.3
FR;24;2021-04-01;5407;760;100399;19735;1.9;0.4
FR;24;2021-04-02;4455;638;104854;20373;1.9;0.4
FR;24;2021-04-03;1748;344;106602;20717;2.0;0.4
FR;24;2021-04-04;954;124;107556;20841;2.0;0.4
FR;24;2021-04-05;1098;134;108654;20975;2.0;0.4
FR;24;2021-04-06;3546;585;112200;21560;2.1;0.4
FR;24;2021-04-07;4780;817;116980;22377;2.2;0.4
FR;24;2021-04-08;6370;1115;123350;23492;2.3;0.4
FR;24;2021-04-09;5773;1056;129123;24548;2.4;0.5
FR;24;2021-04-10;2625;565;131748;25113;2.4;0.5
FR;24;2021-04-11;1256;310;133004;25423;2.5;0.5
FR;24;2021-04-12;3441;936;136445;26359;2.5;0.5
FR;24;2021-04-13;4763;1150;141208;27509;2.6;0.5
FR;24;2021-04-14;4952;1310;146160;28819;2.7;0.5
FR;24;2021-04-15;5202;1582;151362;30401;2.8;0.6
FR;24;2021-04-16;4815;1684;156177;32085;2.9;0.6
FR;24;2021-04-17;2132;797;158309;32882;2.9;0.6
FR;24;2021-04-18;724;439;159033;33321;2.9;0.6
FR;24;2021-04-19;2929;1520;161962;34841;3.0;0.6
FR;24;2021-04-20;3110;2123;165072;36964;3.0;0.7
FR;24;2021-04-21;3417;2476;168489;39440;3.1;0.7
FR;24;2021-04-22;4011;3120;172500;42560;3.2;0.8
FR;24;2021-04-23;4171;3280;176671;45840;3.3;0.8
FR;24;2021-04-24;2386;1682;179057;47522;3.3;0.9
FR;24;2021-04-25;1221;804;180278;48326;3.3;0.9
FR;24;2021-04-26;3064;2177;183342;50503;3.4;0.9
FR;24;2021-04-27;3886;3162;187228;53665;3.5;1.0
FR;24;2021-04-28;4409;3745;191637;57410;3.5;1.1
FR;24;2021-04-29;5471;4449;197108;61859;3.6;1.1
FR;24;2021-04-30;6203;4614;203311;66473;3.7;1.2
FR;24;2021-05-01;3970;1080;207281;67553;3.8;1.2
FR;24;2021-05-02;2757;902;210038;68455;3.9;1.3
FR;24;2021-05-03;6270;4146;216308;72601;4.0;1.3
FR;24;2021-05-04;7506;4715;223814;77316;4.1;1.4
FR;24;2021-05-05;8694;4967;232508;82283;4.3;1.5
FR;24;2021-05-06;10839;6387;243347;88670;4.5;1.6
FR;24;2021-05-07;12009;6433;255356;95103;4.7;1.8
FR;24;2021-05-08;9913;2533;265269;97636;4.9;1.8
FR;24;2021-05-09;6868;1937;272137;99573;5.0;1.8
FR;24;2021-05-10;11034;4977;283171;104550;5.2;1.9
FR;24;2021-05-11;15496;5757;298667;110307;5.5;2.0
FR;24;2021-05-12;22646;6147;321313;116454;5.9;2.1
FR;24;2021-05-13;27545;3037;348858;119491;6.4;2.2
FR;24;2021-05-14;32175;5509;381033;125000;7.0;2.3
FR;24;2021-05-15;33362;3925;414395;128925;7.6;2.4
FR;24;2021-05-16;21888;1971;436283;130896;8.0;2.4
FR;24;2021-05-17;29296;5213;465579;136109;8.6;2.5
FR;24;2021-05-18;37552;6005;503131;142114;9.3;2.6
FR;24;2021-05-19;39652;7023;542783;149137;10.0;2.7
FR;24;2021-05-20;45552;7391;588335;156528;10.8;2.9
FR;24;2021-05-21;46712;7139;635047;163667;11.7;3.0
FR;24;2021-05-22;44441;4456;679488;168123;12.5;3.1
FR;24;2021-05-23;23904;2287;703392;170410;13.0;3.1
FR;24;2021-05-24;34300;3556;737692;173966;13.6;3.2
FR;24;2021-05-25;44466;7757;782158;181723;14.4;3.4
FR;24;2021-05-26;45047;7395;827205;189118;15.3;3.5
FR;24;2021-05-27;51486;8028;878691;197146;16.2;3.6
FR;24;2021-05-28;48145;8818;926836;205964;17.1;3.8
FR;24;2021-05-29;43801;5829;970637;211793;17.9;3.9
FR;24;2021-05-30;18235;2205;988872;213998;18.2;3.9
FR;24;2021-05-31;51277;8083;1040149;222081;19.2;4.1
FR;24;2021-06-01;58271;9890;1098420;231971;20.3;4.3
FR;29;2020-12-27;0;0;0;0;0.0;0.0
FR;29;2020-12-28;1;0;1;0;0.0;0.0
FR;29;2020-12-29;0;0;1;0;0.0;0.0
FR;29;2020-12-30;0;0;1;0;0.0;0.0
FR;29;2020-12-31;1;0;2;0;0.0;0.0
FR;29;2021-01-01;2;0;4;0;0.0;0.0
FR;29;2021-01-02;3;0;7;0;0.0;0.0
FR;29;2021-01-03;2;0;9;0;0.0;0.0
FR;29;2021-01-04;10;0;19;0;0.0;0.0
FR;29;2021-01-05;42;0;61;0;0.0;0.0
FR;29;2021-01-06;142;0;203;0;0.0;0.0
FR;29;2021-01-07;307;2;510;2;0.0;0.0
FR;29;2021-01-08;518;4;1028;6;0.0;0.0
FR;29;2021-01-09;113;0;1141;6;0.0;0.0
FR;29;2021-01-10;91;0;1232;6;0.0;0.0
FR;29;2021-01-11;643;4;1875;10;0.1;0.0
FR;29;2021-01-12;933;12;2808;22;0.1;0.0
FR;29;2021-01-13;1213;12;4021;34;0.1;0.0
FR;29;2021-01-14;1562;14;5583;48;0.2;0.0
FR;29;2021-01-15;1312;7;6895;55;0.2;0.0
FR;29;2021-01-16;193;4;7088;59;0.2;0.0
FR;29;2021-01-17;158;0;7246;59;0.2;0.0
FR;29;2021-01-18;1039;9;8285;68;0.2;0.0
FR;29;2021-01-19;1148;6;9433;74;0.3;0.0
FR;29;2021-01-20;1196;5;10629;79;0.3;0.0
FR;29;2021-01-21;1458;6;12087;85;0.3;0.0
FR;29;2021-01-22;1150;12;13237;97;0.4;0.0
FR;29;2021-01-23;170;2;13407;99;0.4;0.0
FR;29;2021-01-24;52;0;13459;99;0.4;0.0
FR;29;2021-01-25;539;16;13998;115;0.4;0.0
FR;29;2021-01-26;665;35;14663;150;0.4;0.0
FR;29;2021-01-27;720;62;15383;212;0.4;0.0
FR;29;2021-01-28;1033;121;16416;333;0.4;0.0
FR;29;2021-01-29;803;170;17219;503;0.5;0.0
FR;29;2021-01-30;140;40;17359;543;0.5;0.0
FR;29;2021-01-31;34;26;17393;569;0.5;0.0
FR;29;2021-02-01;263;293;17656;862;0.5;0.0
FR;29;2021-02-02;405;372;18061;1234;0.5;0.0
FR;29;2021-02-03;456;459;18517;1693;0.5;0.0
FR;29;2021-02-04;609;716;19126;2409;0.5;0.1
FR;29;2021-02-05;532;749;19658;3158;0.5;0.1
FR;29;2021-02-06;141;107;19799;3265;0.5;0.1
FR;29;2021-02-07;304;64;20103;3329;0.5;0.1
FR;29;2021-02-08;604;804;20707;4133;0.6;0.1
FR;29;2021-02-09;1249;1020;21956;5153;0.6;0.1
FR;29;2021-02-10;1712;1133;23668;6286;0.6;0.2
FR;29;2021-02-11;2462;1421;26130;7707;0.7;0.2
FR;29;2021-02-12;2218;1225;28348;8932;0.8;0.2
FR;29;2021-02-13;426;155;28774;9087;0.8;0.2
FR;29;2021-02-14;134;81;28908;9168;0.8;0.2
FR;29;2021-02-15;1570;796;30478;9964;0.8;0.3
FR;29;2021-02-16;1921;1153;32399;11117;0.9;0.3
FR;29;2021-02-17;1884;941;34283;12058;0.9;0.3
FR;29;2021-02-18;2391;1161;36674;13219;1.0;0.4
FR;29;2021-02-19;2321;938;38995;14157;1.0;0.4
FR;29;2021-02-20;383;123;39378;14280;1.1;0.4
FR;29;2021-02-21;86;43;39464;14323;1.1;0.4
FR;29;2021-02-22;1362;528;40826;14851;1.1;0.4
FR;29;2021-02-23;1759;654;42585;15505;1.1;0.4
FR;29;2021-02-24;1787;539;44372;16044;1.2;0.4
FR;29;2021-02-25;2400;931;46772;16975;1.3;0.5
FR;29;2021-02-26;2575;662;49347;17637;1.3;0.5
FR;29;2021-02-27;607;110;49954;17747;1.3;0.5
FR;29;2021-02-28;112;28;50066;17775;1.3;0.5
FR;29;2021-03-01;1305;351;51371;18126;1.4;0.5
FR;29;2021-03-02;1802;594;53173;18720;1.4;0.5
FR;29;2021-03-03;1984;597;55157;19317;1.5;0.5
FR;29;2021-03-04;2489;767;57646;20084;1.6;0.5
FR;29;2021-03-05;3614;711;61260;20795;1.6;0.6
FR;29;2021-03-06;1636;146;62896;20941;1.7;0.6
FR;29;2021-03-07;820;97;63716;21038;1.7;0.6
FR;29;2021-03-08;1954;392;65670;21430;1.8;0.6
FR;29;2021-03-09;2655;486;68325;21916;1.8;0.6
FR;29;2021-03-10;2566;514;70891;22430;1.9;0.6
FR;29;2021-03-11;3342;823;74233;23253;2.0;0.6
FR;29;2021-03-12;3975;728;78208;23981;2.1;0.6
FR;29;2021-03-13;1625;133;79833;24114;2.1;0.6
FR;29;2021-03-14;564;62;80397;24176;2.2;0.7
FR;29;2021-03-15;1886;368;82283;24544;2.2;0.7
FR;29;2021-03-16;1120;502;83403;25046;2.2;0.7
FR;29;2021-03-17;1377;504;84780;25550;2.3;0.7
FR;29;2021-03-18;1643;675;86423;26225;2.3;0.7
FR;29;2021-03-19;2232;563;88655;26788;2.4;0.7
FR;29;2021-03-20;987;130;89642;26918;2.4;0.7
FR;29;2021-03-21;725;64;90367;26982;2.4;0.7
FR;29;2021-03-22;1659;408;92026;27390;2.5;0.7
FR;29;2021-03-23;2207;603;94233;27993;2.5;0.8
FR;29;2021-03-24;2532;569;96765;28562;2.6;0.8
FR;29;2021-03-25;3380;683;100145;29245;2.7;0.8
FR;29;2021-03-26;3729;702;103874;29947;2.8;0.8
FR;29;2021-03-27;2146;251;106020;30198;2.9;0.8
FR;29;2021-03-28;963;66;106983;30264;2.9;0.8
FR;29;2021-03-29;2759;525;109742;30789;3.0;0.8
FR;29;2021-03-30;3990;717;113732;31506;3.1;0.8
FR;29;2021-03-31;4506;803;118238;32309;3.2;0.9
FR;29;2021-04-01;5858;1006;124096;33315;3.3;0.9
FR;29;2021-04-02;4896;921;128992;34236;3.5;0.9
FR;29;2021-04-03;1774;334;130766;34570;3.5;0.9
FR;29;2021-04-04;898;120;131664;34690;3.5;0.9
FR;29;2021-04-05;919;113;132583;34803;3.6;0.9
FR;29;2021-04-06;3499;760;136082;35563;3.7;1.0
FR;29;2021-04-07;4546;1106;140628;36669;3.8;1.0
FR;29;2021-04-08;6271;1458;146899;38127;4.0;1.0
FR;29;2021-04-09;6281;1278;153180;39405;4.1;1.1
FR;29;2021-04-10;2649;623;155829;40028;4.2;1.1
FR;29;2021-04-11;1163;337;156992;40365;4.2;1.1
FR;29;2021-04-12;3590;1037;160582;41402;4.3;1.1
FR;29;2021-04-13;4866;1491;165448;42893;4.5;1.2
FR;29;2021-04-14;4764;1511;170212;44404;4.6;1.2
FR;29;2021-04-15;5604;1815;175816;46219;4.7;1.2
FR;29;2021-04-16;4791;1876;180607;48095;4.9;1.3
FR;29;2021-04-17;2238;912;182845;49007;4.9;1.3
FR;29;2021-04-18;774;518;183619;49525;4.9;1.3
FR;29;2021-04-19;2855;1759;186474;51284;5.0;1.4
FR;29;2021-04-20;3493;2496;189967;53780;5.1;1.4
FR;29;2021-04-21;3466;2778;193433;56558;5.2;1.5
FR;29;2021-04-22;4432;3842;197865;60400;5.3;1.6
FR;29;2021-04-23;4574;3770;202439;64170;5.4;1.7
FR;29;2021-04-24;2691;1822;205130;65992;5.5;1.8
FR;29;2021-04-25;1185;737;206315;66729;5.6;1.8
FR;29;2021-04-26;2949;2466;209264;69195;5.6;1.9
FR;29;2021-04-27;3974;3597;213238;72792;5.7;2.0
FR;29;2021-04-28;4655;4020;217893;76812;5.9;2.1
FR;29;2021-04-29;5875;4971;223768;81783;6.0;2.2
FR;29;2021-04-30;6448;5192;230216;86975;6.2;2.3
FR;29;2021-05-01;4227;1211;234443;88186;6.3;2.4
FR;29;2021-05-02;2608;908;237051;89094;6.4;2.4
FR;29;2021-05-03;6825;4286;243876;93380;6.6;2.5
FR;29;2021-05-04;8113;5188;251989;98568;6.8;2.7
FR;29;2021-05-05;9586;5184;261575;103752;7.0;2.8
FR;29;2021-05-06;11194;6552;272769;110304;7.3;3.0
FR;29;2021-05-07;11627;6621;284396;116925;7.7;3.1
FR;29;2021-05-08;8808;2259;293204;119184;7.9;3.2
FR;29;2021-05-09;5906;1745;299110;120929;8.0;3.3
FR;29;2021-05-10;10644;5312;309754;126241;8.3;3.4
FR;29;2021-05-11;14538;6362;324292;132603;8.7;3.6
FR;29;2021-05-12;19853;6301;344145;138904;9.3;3.7
FR;29;2021-05-13;19818;2346;363963;141250;9.8;3.8
FR;29;2021-05-14;22391;4385;386354;145635;10.4;3.9
FR;29;2021-05-15;21012;2928;407366;148563;11.0;4.0
FR;29;2021-05-16;13394;1338;420760;149901;11.3;4.0
FR;29;2021-05-17;21438;4965;442198;154866;11.9;4.2
FR;29;2021-05-18;28204;5697;470402;160563;12.7;4.3
FR;29;2021-05-19;28741;5973;499143;166536;13.4;4.5
FR;29;2021-05-20;32658;6529;531801;173065;14.3;4.7
FR;29;2021-05-21;31649;6154;563450;179219;15.2;4.8
FR;29;2021-05-22;26033;3012;589483;182231;15.9;4.9
FR;29;2021-05-23;14151;1486;603634;183717;16.2;4.9
FR;29;2021-05-24;22517;2639;626151;186356;16.8;5.0
FR;29;2021-05-25;30402;6560;656553;192916;17.7;5.2
FR;29;2021-05-26;32208;6726;688761;199642;18.5;5.4
FR;29;2021-05-27;35416;7188;724177;206830;19.5;5.6
FR;29;2021-05-28;32931;7857;757108;214687;20.4;5.8
FR;29;2021-05-29;26479;4235;783587;218922;21.1;5.9
FR;29;2021-05-30;11760;1627;795347;220549;21.4;5.9
FR;29;2021-05-31;33270;6755;828617;227304;22.3;6.1
FR;29;2021-06-01;37836;8115;866453;235419;23.3;6.3
FR;39;2020-12-27;0;0;0;0;0.0;0.0
FR;39;2020-12-28;0;0;0;0;0.0;0.0
FR;39;2020-12-29;1;0;1;0;0.0;0.0
FR;39;2020-12-30;3;0;4;0;0.0;0.0
FR;39;2020-12-31;1;0;5;0;0.0;0.0
FR;39;2021-01-01;4;0;9;0;0.0;0.0
FR;39;2021-01-02;2;1;11;1;0.0;0.0
FR;39;2021-01-03;2;0;13;1;0.0;0.0
FR;39;2021-01-04;23;0;36;1;0.0;0.0
FR;39;2021-01-05;139;0;175;1;0.0;0.0
FR;39;2021-01-06;385;0;560;1;0.0;0.0
FR;39;2021-01-07;1175;7;1735;8;0.0;0.0
FR;39;2021-01-08;1786;4;3521;12;0.0;0.0
FR;39;2021-01-09;473;0;3994;12;0.0;0.0
FR;39;2021-01-10;308;2;4302;14;0.1;0.0
FR;39;2021-01-11;2207;11;6509;25;0.1;0.0
FR;39;2021-01-12;3403;19;9912;44;0.1;0.0
FR;39;2021-01-13;3497;16;13409;60;0.2;0.0
FR;39;2021-01-14;4781;52;18190;112;0.2;0.0
FR;39;2021-01-15;4395;21;22585;133;0.3;0.0
FR;39;2021-01-16;768;4;23353;137;0.3;0.0
FR;39;2021-01-17;491;4;23844;141;0.3;0.0
FR;39;2021-01-18;3065;32;26909;173;0.3;0.0
FR;39;2021-01-19;4003;19;30912;192;0.4;0.0
FR;39;2021-01-20;3903;19;34815;211;0.4;0.0
FR;39;2021-01-21;5142;21;39957;232;0.5;0.0
FR;39;2021-01-22;3965;30;43922;262;0.5;0.0
FR;39;2021-01-23;590;3;44512;265;0.5;0.0
FR;39;2021-01-24;184;0;44696;265;0.5;0.0
FR;39;2021-01-25;1595;43;46291;308;0.6;0.0
FR;39;2021-01-26;2166;100;48457;408;0.6;0.0
FR;39;2021-01-27;2278;213;50735;621;0.6;0.0
FR;39;2021-01-28;3477;470;54212;1091;0.7;0.0
FR;39;2021-01-29;2675;696;56887;1787;0.7;0.0
FR;39;2021-01-30;395;215;57282;2002;0.7;0.0
FR;39;2021-01-31;89;78;57371;2080;0.7;0.0
FR;39;2021-02-01;750;1058;58121;3138;0.7;0.0
FR;39;2021-02-02;1332;1647;59453;4785;0.7;0.1
FR;39;2021-02-03;1360;1659;60813;6444;0.7;0.1
FR;39;2021-02-04;1978;2536;62791;8980;0.8;0.1
FR;39;2021-02-05;1642;2704;64433;11684;0.8;0.1
FR;39;2021-02-06;397;432;64830;12116;0.8;0.1
FR;39;2021-02-07;553;210;65383;12326;0.8;0.1
FR;39;2021-02-08;1516;2425;66899;14751;0.8;0.2
FR;39;2021-02-09;3163;3378;70062;18129;0.8;0.2
FR;39;2021-02-10;3888;3519;73950;21648;0.9;0.3
FR;39;2021-02-11;6161;4854;80111;26502;1.0;0.3
FR;39;2021-02-12;5815;3994;85926;30496;1.0;0.4
FR;39;2021-02-13;1239;545;87165;31041;1.1;0.4
FR;39;2021-02-14;386;265;87551;31306;1.1;0.4
FR;39;2021-02-15;3419;2392;90970;33698;1.1;0.4
FR;39;2021-02-16;4419;3354;95389;37052;1.1;0.4
FR;39;2021-02-17;3989;2861;99378;39913;1.2;0.5
FR;39;2021-02-18;5968;3881;105346;43794;1.3;0.5
FR;39;2021-02-19;5835;3075;111181;46869;1.3;0.6
FR;39;2021-02-20;1139;475;112320;47344;1.4;0.6
FR;39;2021-02-21;187;122;112507;47466;1.4;0.6
FR;39;2021-02-22;3003;1668;115510;49134;1.4;0.6
FR;39;2021-02-23;3920;1923;119430;51057;1.4;0.6
FR;39;2021-02-24;3719;1718;123149;52775;1.5;0.6
FR;39;2021-02-25;5607;2537;128756;55312;1.6;0.7
FR;39;2021-02-26;6096;1939;134852;57251;1.6;0.7
FR;39;2021-02-27;1664;312;136516;57563;1.6;0.7
FR;39;2021-02-28;241;122;136757;57685;1.6;0.7
FR;39;2021-03-01;2955;1011;139712;58696;1.7;0.7
FR;39;2021-03-02;4261;1634;143973;60330;1.7;0.7
FR;39;2021-03-03;4248;1534;148221;61864;1.8;0.7
FR;39;2021-03-04;6312;2326;154533;64190;1.9;0.8
FR;39;2021-03-05;9153;2121;163686;66311;2.0;0.8
FR;39;2021-03-06;4940;430;168626;66741;2.0;0.8
FR;39;2021-03-07;2649;258;171275;66999;2.1;0.8
FR;39;2021-03-08;4686;1127;175961;68126;2.1;0.8
FR;39;2021-03-09;6914;1529;182875;69655;2.2;0.8
FR;39;2021-03-10;6093;1549;188968;71204;2.3;0.9
FR;39;2021-03-11;8668;2420;197636;73624;2.4;0.9
FR;39;2021-03-12;11458;2167;209094;75791;2.5;0.9
FR;39;2021-03-13;5225;432;214319;76223;2.6;0.9
FR;39;2021-03-14;1751;167;216070;76390;2.6;0.9
FR;39;2021-03-15;4778;1053;220848;77443;2.7;0.9
FR;39;2021-03-16;3367;1410;224215;78853;2.7;1.0
FR;39;2021-03-17;3445;1505;227660;80358;2.7;1.0
FR;39;2021-03-18;4649;1990;232309;82348;2.8;1.0
FR;39;2021-03-19;6275;1651;238584;83999;2.9;1.0
FR;39;2021-03-20;3171;372;241755;84371;2.9;1.0
FR;39;2021-03-21;2072;168;243827;84539;2.9;1.0
FR;39;2021-03-22;4443;1104;248270;85643;3.0;1.0
FR;39;2021-03-23;6160;1665;254430;87308;3.1;1.1
FR;39;2021-03-24;6318;1378;260748;88686;3.1;1.1
FR;39;2021-03-25;9055;1745;269803;90431;3.3;1.1
FR;39;2021-03-26;10644;1727;280447;92158;3.4;1.1
FR;39;2021-03-27;5994;627;286441;92785;3.5;1.1
FR;39;2021-03-28;2737;182;289178;92967;3.5;1.1
FR;39;2021-03-29;7188;1296;296366;94263;3.6;1.1
FR;39;2021-03-30;10539;1883;306905;96146;3.7;1.2
FR;39;2021-03-31;11166;1860;318071;98006;3.8;1.2
FR;39;2021-04-01;15014;2660;333085;100666;4.0;1.2
FR;39;2021-04-02;13269;2474;346354;103140;4.2;1.2
FR;39;2021-04-03;5604;1016;351958;104156;4.2;1.3
FR;39;2021-04-04;2524;347;354482;104503;4.3;1.3
FR;39;2021-04-05;2535;326;357017;104829;4.3;1.3
FR;39;2021-04-06;9279;2307;366296;107136;4.4;1.3
FR;39;2021-04-07;12193;2761;378489;109897;4.6;1.3
FR;39;2021-04-08;16861;3725;395350;113622;4.8;1.4
FR;39;2021-04-09;16887;3641;412237;117263;5.0;1.4
FR;39;2021-04-10;7413;1947;419650;119210;5.1;1.4
FR;39;2021-04-11;2989;985;422639;120195;5.1;1.4
FR;39;2021-04-12;9611;2759;432250;122954;5.2;1.5
FR;39;2021-04-13;12962;4014;445212;126968;5.4;1.5
FR;39;2021-04-14;12915;3859;458127;130827;5.5;1.6
FR;39;2021-04-15;14812;4847;472939;135674;5.7;1.6
FR;39;2021-04-16;12772;5307;485711;140981;5.9;1.7
FR;39;2021-04-17;6137;2726;491848;143707;5.9;1.7
FR;39;2021-04-18;2270;1558;494118;145265;6.0;1.8
FR;39;2021-04-19;7906;4711;502024;149976;6.1;1.8
FR;39;2021-04-20;9451;6743;511475;156719;6.2;1.9
FR;39;2021-04-21;10283;7200;521758;163919;6.3;2.0
FR;39;2021-04-22;11894;10327;533652;174246;6.4;2.1
FR;39;2021-04-23;12201;10531;545853;184777;6.6;2.2
FR;39;2021-04-24;7822;5085;553675;189862;6.7;2.3
FR;39;2021-04-25;3491;2160;557166;192022;6.7;2.3
FR;39;2021-04-26;8593;6961;565759;198983;6.8;2.4
FR;39;2021-04-27;11808;9577;577567;208560;7.0;2.5
FR;39;2021-04-28;13214;10086;590781;218646;7.1;2.6
FR;39;2021-04-29;17278;12972;608059;231618;7.3;2.8
FR;39;2021-04-30;19849;13281;627908;244899;7.6;3.0
FR;39;2021-05-01;13568;3548;641476;248447;7.7;3.0
FR;39;2021-05-02;9318;2497;650794;250944;7.8;3.0
FR;39;2021-05-03;22411;11334;673205;262278;8.1;3.2
FR;39;2021-05-04;26939;13973;700144;276251;8.4;3.3
FR;39;2021-05-05;30779;14310;730923;290561;8.8;3.5
FR;39;2021-05-06;37121;17731;768044;308292;9.3;3.7
FR;39;2021-05-07;38400;18600;806444;326892;9.7;3.9
FR;39;2021-05-08;28835;5646;835279;332538;10.1;4.0
FR;39;2021-05-09;18770;4307;854049;336845;10.3;4.1
FR;39;2021-05-10;33948;14555;887997;351400;10.7;4.2
FR;39;2021-05-11;44196;17155;932193;368555;11.2;4.4
FR;39;2021-05-12;56236;16252;988429;384807;11.9;4.6
FR;39;2021-05-13;53458;5636;1041887;390443;12.6;4.7
FR;39;2021-05-14;62191;11025;1104078;401468;13.3;4.8
FR;39;2021-05-15;55835;6854;1159913;408322;14.0;4.9
FR;39;2021-05-16;36063;3101;1195976;411423;14.4;5.0
FR;39;2021-05-17;56249;11944;1252225;423367;15.1;5.1
FR;39;2021-05-18;70945;13618;1323170;436985;16.0;5.3
FR;39;2021-05-19;74238;14139;1397408;451124;16.8;5.4
FR;39;2021-05-20;82957;14975;1480365;466099;17.8;5.6
FR;39;2021-05-21;81812;14949;1562177;481048;18.8;5.8
FR;39;2021-05-22;63500;7396;1625677;488444;19.6;5.9
FR;39;2021-05-23;33966;3302;1659643;491746;20.0;5.9
FR;39;2021-05-24;52255;5360;1711898;497106;20.6;6.0
FR;39;2021-05-25;73288;15855;1785186;512961;21.5;6.2
FR;39;2021-05-26;75968;16044;1861154;529005;22.4;6.4
FR;39;2021-05-27;84373;16955;1945527;545960;23.5;6.6
FR;39;2021-05-28;78212;19399;2023739;565359;24.4;6.8
FR;39;2021-05-29;57619;10081;2081358;575440;25.1;6.9
FR;39;2021-05-30;24439;3639;2105797;579079;25.4;7.0
FR;39;2021-05-31;74161;15757;2179958;594836;26.3;7.2
FR;39;2021-06-01;84616;19406;2264574;614242;27.3;7.4
FR;49;2020-12-27;2;0;2;0;0.0;0.0
FR;49;2020-12-28;3;0;5;0;0.0;0.0
FR;49;2020-12-29;1;0;6;0;0.0;0.0
FR;49;2020-12-30;6;0;12;0;0.0;0.0
FR;49;2020-12-31;1;0;13;0;0.0;0.0
FR;49;2021-01-01;3;0;16;0;0.0;0.0
FR;49;2021-01-02;9;0;25;0;0.0;0.0
FR;49;2021-01-03;5;0;30;0;0.0;0.0
FR;49;2021-01-04;86;0;116;0;0.0;0.0
FR;49;2021-01-05;334;1;450;1;0.0;0.0
FR;49;2021-01-06;857;5;1307;6;0.0;0.0
FR;49;2021-01-07;2158;7;3465;13;0.0;0.0
FR;49;2021-01-08;3374;10;6839;23;0.1;0.0
FR;49;2021-01-09;1001;1;7840;24;0.1;0.0
FR;49;2021-01-10;472;2;8312;26;0.1;0.0
FR;49;2021-01-11;4170;15;12482;41;0.1;0.0
FR;49;2021-01-12;5855;14;18337;55;0.2;0.0
FR;49;2021-01-13;6156;19;24493;74;0.3;0.0
FR;49;2021-01-14;8331;76;32824;150;0.4;0.0
FR;49;2021-01-15;7607;32;40431;182;0.5;0.0
FR;49;2021-01-16;1424;9;41855;191;0.5;0.0
FR;49;2021-01-17;620;6;42475;197;0.5;0.0
FR;49;2021-01-18;5056;29;47531;226;0.6;0.0
FR;49;2021-01-19;6818;25;54349;251;0.6;0.0
FR;49;2021-01-20;6623;30;60972;281;0.7;0.0
FR;49;2021-01-21;8402;33;69374;314;0.8;0.0
FR;49;2021-01-22;6255;39;75629;353;0.9;0.0
FR;49;2021-01-23;1016;7;76645;360;0.9;0.0
FR;49;2021-01-24;282;3;76927;363;0.9;0.0
FR;49;2021-01-25;2614;102;79541;465;0.9;0.0
FR;49;2021-01-26;3730;227;83271;692;1.0;0.0
FR;49;2021-01-27;3978;389;87249;1081;1.0;0.0
FR;49;2021-01-28;5546;984;92795;2065;1.1;0.0
FR;49;2021-01-29;4401;1561;97196;3626;1.1;0.0
FR;49;2021-01-30;693;377;97889;4003;1.1;0.0
FR;49;2021-01-31;137;125;98026;4128;1.1;0.0
FR;49;2021-02-01;1370;2090;99396;6218;1.2;0.1
FR;49;2021-02-02;2274;3201;101670;9419;1.2;0.1
FR;49;2021-02-03;2301;3380;103971;12799;1.2;0.1
FR;49;2021-02-04;3364;4771;107335;17570;1.2;0.2
FR;49;2021-02-05;2792;4886;110127;22456;1.3;0.3
FR;49;2021-02-06;570;888;110697;23344;1.3;0.3
FR;49;2021-02-07;520;294;111217;23638;1.3;0.3
FR;49;2021-02-08;1937;4057;113154;27695;1.3;0.3
FR;49;2021-02-09;4336;5751;117490;33446;1.4;0.4
FR;49;2021-02-10;5492;6068;122982;39514;1.4;0.5
FR;49;2021-02-11;7993;7983;130975;47497;1.5;0.6
FR;49;2021-02-12;7301;6461;138276;53958;1.6;0.6
FR;49;2021-02-13;1698;1022;139974;54980;1.6;0.6
FR;49;2021-02-14;408;407;140382;55387;1.6;0.6
FR;49;2021-02-15;4128;3885;144510;59272;1.7;0.7
FR;49;2021-02-16;5378;5344;149888;64616;1.7;0.8
FR;49;2021-02-17;5138;4664;155026;69280;1.8;0.8
FR;49;2021-02-18;7476;6204;162502;75484;1.9;0.9
FR;49;2021-02-19;7049;4893;169551;80377;2.0;0.9
FR;49;2021-02-20;1493;800;171044;81177;2.0;0.9
FR;49;2021-02-21;279;224;171323;81401;2.0;0.9
FR;49;2021-02-22;3530;2657;174853;84058;2.0;1.0
FR;49;2021-02-23;4867;3135;179720;87193;2.1;1.0
FR;49;2021-02-24;4896;2846;184616;90039;2.1;1.0
FR;49;2021-02-25;7558;4183;192174;94222;2.2;1.1
FR;49;2021-02-26;8266;3170;200440;97392;2.3;1.1
FR;49;2021-02-27;2681;569;203121;97961;2.4;1.1
FR;49;2021-02-28;333;137;203454;98098;2.4;1.1
FR;49;2021-03-01;3834;1639;207288;99737;2.4;1.2
FR;49;2021-03-02;5787;2490;213075;102227;2.5;1.2
FR;49;2021-03-03;6018;2518;219093;104745;2.5;1.2
FR;49;2021-03-04;8914;3479;228007;108224;2.7;1.3
FR;49;2021-03-05;12553;3249;240560;111473;2.8;1.3
FR;49;2021-03-06;8587;623;249147;112096;2.9;1.3
FR;49;2021-03-07;4682;399;253829;112495;3.0;1.3
FR;49;2021-03-08;6406;1668;260235;114163;3.0;1.3
FR;49;2021-03-09;9544;2315;269779;116478;3.1;1.4
FR;49;2021-03-10;8943;2340;278722;118818;3.2;1.4
FR;49;2021-03-11;12775;3440;291497;122258;3.4;1.4
FR;49;2021-03-12;16416;2922;307913;125180;3.6;1.5
FR;49;2021-03-13;9528;630;317441;125810;3.7;1.5
FR;49;2021-03-14;3129;242;320570;126052;3.7;1.5
FR;49;2021-03-15;6869;1458;327439;127510;3.8;1.5
FR;49;2021-03-16;4624;2133;332063;129643;3.9;1.5
FR;49;2021-03-17;5169;2013;337232;131656;3.9;1.5
FR;49;2021-03-18;6541;2795;343773;134451;4.0;1.6
FR;49;2021-03-19;9512;2304;353285;136755;4.1;1.6
FR;49;2021-03-20;5867;562;359152;137317;4.2;1.6
FR;49;2021-03-21;3143;212;362295;137529;4.2;1.6
FR;49;2021-03-22;6292;1476;368587;139005;4.3;1.6
FR;49;2021-03-23;8587;2143;377174;141148;4.4;1.6
FR;49;2021-03-24;9505;1970;386679;143118;4.5;1.7
FR;49;2021-03-25;12332;2337;399011;145455;4.6;1.7
FR;49;2021-03-26;14694;2318;413705;147773;4.8;1.7
FR;49;2021-03-27;9353;840;423058;148613;4.9;1.7
FR;49;2021-03-28;3848;294;426906;148907;5.0;1.7
FR;49;2021-03-29;9864;1832;436770;150739;5.1;1.8
FR;49;2021-03-30;14254;2655;451024;153394;5.2;1.8
FR;49;2021-03-31;15533;2763;466557;156157;5.4;1.8
FR;49;2021-04-01;19826;3684;486383;159841;5.7;1.9
FR;49;2021-04-02;17432;3417;503815;163258;5.9;1.9
FR;49;2021-04-03;9323;1817;513138;165075;6.0;1.9
FR;49;2021-04-04;4112;618;517250;165693;6.0;1.9
FR;49;2021-04-05;4205;529;521455;166222;6.1;1.9
FR;49;2021-04-06;13159;3353;534614;169575;6.2;2.0
FR;49;2021-04-07;17651;4229;552265;173804;6.4;2.0
FR;49;2021-04-08;22384;5155;574649;178959;6.7;2.1
FR;49;2021-04-09;23466;5326;598115;184285;7.0;2.1
FR;49;2021-04-10;12412;3385;610527;187670;7.1;2.2
FR;49;2021-04-11;4469;1677;614996;189347;7.2;2.2
FR;49;2021-04-12;14111;3774;629107;193121;7.3;2.2
FR;49;2021-04-13;18690;5761;647797;198882;7.5;2.3
FR;49;2021-04-14;19370;5941;667167;204823;7.8;2.4
FR;49;2021-04-15;20322;7021;687489;211844;8.0;2.5
FR;49;2021-04-16;17420;7307;704909;219151;8.2;2.6
FR;49;2021-04-17;9869;4650;714778;223801;8.3;2.6
FR;49;2021-04-18;3369;2297;718147;226098;8.4;2.6
FR;49;2021-04-19;11950;6377;730097;232475;8.5;2.7
FR;49;2021-04-20;14101;9026;744198;241501;8.7;2.8
FR;49;2021-04-21;15913;10131;760111;251632;8.8;2.9
FR;49;2021-04-22;17457;13125;777568;264757;9.0;3.1
FR;49;2021-04-23;17964;14087;795532;278844;9.3;3.2
FR;49;2021-04-24;12573;7791;808105;286635;9.4;3.3
FR;49;2021-04-25;5433;3125;813538;289760;9.5;3.4
FR;49;2021-04-26;13486;9927;827024;299687;9.6;3.5
FR;49;2021-04-27;18492;13076;845516;312763;9.8;3.6
FR;49;2021-04-28;22423;14548;867939;327311;10.1;3.8
FR;49;2021-04-29;27391;17273;895330;344584;10.4;4.0
FR;49;2021-04-30;31752;18075;927082;362659;10.8;4.2
FR;49;2021-05-01;24127;5718;951209;368377;11.1;4.3
FR;49;2021-05-02;16453;3858;967662;372235;11.3;4.3
FR;49;2021-05-03;39295;15526;1006957;387761;11.7;4.5
FR;49;2021-05-04;46355;20283;1053312;408044;12.3;4.7
FR;49;2021-05-05;55476;21654;1108788;429698;12.9;5.0
FR;49;2021-05-06;62196;24653;1170984;454351;13.6;5.3
FR;49;2021-05-07;65287;26091;1236271;480442;14.4;5.6
FR;49;2021-05-08;51187;9139;1287458;489581;15.0;5.7
FR;49;2021-05-09;32185;6246;1319643;495827;15.4;5.8
FR;49;2021-05-10;57092;20711;1376735;516538;16.0;6.0
FR;49;2021-05-11;71778;23894;1448513;540432;16.9;6.3
FR;49;2021-05-12;89560;23977;1538073;564409;17.9;6.6
FR;49;2021-05-13;80145;7752;1618218;572161;18.8;6.7
FR;49;2021-05-14;96007;15698;1714225;587859;19.9;6.8
FR;49;2021-05-15;85432;10778;1799657;598637;20.9;7.0
FR;49;2021-05-16;53116;4513;1852773;603150;21.6;7.0
FR;49;2021-05-17;81559;16306;1934332;619456;22.5;7.2
FR;49;2021-05-18;97814;17842;2032146;637298;23.6;7.4
FR;49;2021-05-19;109472;19399;2141618;656697;24.9;7.6
FR;49;2021-05-20;113470;19737;2255088;676434;26.2;7.9
FR;49;2021-05-21;112390;19918;2367478;696352;27.6;8.1
FR;49;2021-05-22;87168;10497;2454646;706849;28.6;8.2
FR;49;2021-05-23;42761;3978;2497407;710827;29.1;8.3
FR;49;2021-05-24;66890;6853;2564297;717680;29.8;8.4
FR;49;2021-05-25;94206;20889;2658503;738569;30.9;8.6
FR;49;2021-05-26;100156;23103;2758659;761672;32.1;8.9
FR;49;2021-05-27;103565;22714;2862224;784386;33.3;9.1
FR;49;2021-05-28;99012;26614;2961236;811000;34.5;9.4
FR;49;2021-05-29;73908;15485;3035144;826485;35.3;9.6
FR;49;2021-05-30;26677;4700;3061821;831185;35.6;9.7
FR;49;2021-05-31;86881;21122;3148702;852307;36.6;9.9
FR;49;2021-06-01;98560;26159;3247262;878466;37.8;10.2
FR;59;2020-12-27;2;0;2;0;0.0;0.0
FR;59;2020-12-28;6;0;8;0;0.0;0.0
FR;59;2020-12-29;2;0;10;0;0.0;0.0
FR;59;2020-12-30;6;0;16;0;0.0;0.0
FR;59;2020-12-31;9;0;25;0;0.0;0.0
FR;59;2021-01-01;25;1;50;1;0.0;0.0
FR;59;2021-01-02;26;0;76;1;0.0;0.0
FR;59;2021-01-03;36;0;112;1;0.0;0.0
FR;59;2021-01-04;593;3;705;4;0.0;0.0
FR;59;2021-01-05;2168;6;2873;10;0.0;0.0
FR;59;2021-01-06;4802;14;7675;24;0.1;0.0
FR;59;2021-01-07;10509;30;18184;54;0.2;0.0
FR;59;2021-01-08;14313;28;32497;82;0.4;0.0
FR;59;2021-01-09;4059;9;36556;91;0.4;0.0
FR;59;2021-01-10;1986;2;38542;93;0.4;0.0
FR;59;2021-01-11;15941;33;54483;126;0.6;0.0
FR;59;2021-01-12;21112;51;75595;177;0.9;0.0
FR;59;2021-01-13;22715;57;98310;234;1.1;0.0
FR;59;2021-01-14;24751;232;123061;466;1.4;0.0
FR;59;2021-01-15;21597;105;144658;571;1.6;0.0
FR;59;2021-01-16;5436;22;150094;593;1.7;0.0
FR;59;2021-01-17;1801;10;151895;603;1.7;0.0
FR;59;2021-01-18;13570;69;165465;672;1.9;0.0
FR;59;2021-01-19;17963;92;183428;764;2.1;0.0
FR;59;2021-01-20;17090;79;200518;843;2.3;0.0
FR;59;2021-01-21;18778;68;219296;911;2.5;0.0
FR;59;2021-01-22;13916;93;233212;1004;2.7;0.0
FR;59;2021-01-23;2956;22;236168;1026;2.7;0.0
FR;59;2021-01-24;845;15;237013;1041;2.7;0.0
FR;59;2021-01-25;6710;616;243723;1657;2.8;0.0
FR;59;2021-01-26;8438;1383;252161;3040;2.9;0.0
FR;59;2021-01-27;8827;2402;260988;5442;3.0;0.1
FR;59;2021-01-28;10490;5048;271478;10490;3.1;0.1
FR;59;2021-01-29;7839;6650;279317;17140;3.2;0.2
FR;59;2021-01-30;1760;1513;281077;18653;3.2;0.2
FR;59;2021-01-31;370;548;281447;19201;3.2;0.2
FR;59;2021-02-01;3162;8741;284609;27942;3.2;0.3
FR;59;2021-02-02;4675;12482;289284;40424;3.3;0.5
FR;59;2021-02-03;4812;13548;294096;53972;3.3;0.6
FR;59;2021-02-04;5933;15897;300029;69869;3.4;0.8
FR;59;2021-02-05;4814;14919;304843;84788;3.5;1.0
FR;59;2021-02-06;1153;2996;305996;87784;3.5;1.0
FR;59;2021-02-07;389;985;306385;88769;3.5;1.0
FR;59;2021-02-08;2756;12471;309141;101240;3.5;1.2
FR;59;2021-02-09;4901;16161;314042;117401;3.6;1.3
FR;59;2021-02-10;5687;16050;319729;133451;3.6;1.5
FR;59;2021-02-11;7653;19715;327382;153166;3.7;1.7
FR;59;2021-02-12;6747;16023;334129;169189;3.8;1.9
FR;59;2021-02-13;1687;3445;335816;172634;3.8;2.0
FR;59;2021-02-14;361;983;336177;173617;3.8;2.0
FR;59;2021-02-15;3267;10532;339444;184149;3.9;2.1
FR;59;2021-02-16;4733;13566;344177;197715;3.9;2.2
FR;59;2021-02-17;4963;12310;349140;210025;4.0;2.4
FR;59;2021-02-18;7062;13855;356202;223880;4.1;2.5
FR;59;2021-02-19;6453;10698;362655;234578;4.1;2.7
FR;59;2021-02-20;1416;2486;364071;237064;4.1;2.7
FR;59;2021-02-21;282;573;364353;237637;4.1;2.7
FR;59;2021-02-22;3251;6363;367604;244000;4.2;2.8
FR;59;2021-02-23;4823;7128;372427;251128;4.2;2.9
FR;59;2021-02-24;6844;6411;379271;257539;4.3;2.9
FR;59;2021-02-25;21194;8471;400465;266010;4.6;3.0
FR;59;2021-02-26;28259;6248;428724;272258;4.9;3.1
FR;59;2021-02-27;17094;1505;445818;273763;5.1;3.1
FR;59;2021-02-28;1110;375;446928;274138;5.1;3.1
FR;59;2021-03-01;8794;3507;455722;277645;5.2;3.2
FR;59;2021-03-02;17143;4914;472865;282559;5.4;3.2
FR;59;2021-03-03;20594;4964;493459;287523;5.6;3.3
FR;59;2021-03-04;32217;5836;525676;293359;6.0;3.3
FR;59;2021-03-05;40823;5378;566499;298737;6.4;3.4
FR;59;2021-03-06;35848;1456;602347;300193;6.9;3.4
FR;59;2021-03-07;14045;1020;616392;301213;7.0;3.4
FR;59;2021-03-08;12237;3146;628629;304359;7.1;3.5
FR;59;2021-03-09;22766;4144;651395;308503;7.4;3.5
FR;59;2021-03-10;23049;4196;674444;312699;7.7;3.6
FR;59;2021-03-11;34160;5378;708604;318077;8.1;3.6
FR;59;2021-03-12;45217;4476;753821;322553;8.6;3.7
FR;59;2021-03-13;35989;1290;789810;323843;9.0;3.7
FR;59;2021-03-14;7164;389;796974;324232;9.1;3.7
FR;59;2021-03-15;14432;2524;811406;326756;9.2;3.7
FR;59;2021-03-16;7880;2950;819286;329706;9.3;3.7
FR;59;2021-03-17;8717;3094;828003;332800;9.4;3.8
FR;59;2021-03-18;10388;3973;838391;336773;9.5;3.8
FR;59;2021-03-19;23387;3498;861778;340271;9.8;3.9
FR;59;2021-03-20;21016;1041;882794;341312;10.0;3.9
FR;59;2021-03-21;6266;376;889060;341688;10.1;3.9
FR;59;2021-03-22;15426;2636;904486;344324;10.3;3.9
FR;59;2021-03-23;25313;3432;929799;347756;10.6;4.0
FR;59;2021-03-24;27908;3427;957707;351183;10.9;4.0
FR;59;2021-03-25;37763;3739;995470;354922;11.3;4.0
FR;59;2021-03-26;42681;3988;1038151;358910;11.8;4.1
FR;59;2021-03-27;26779;1674;1064930;360584;12.1;4.1
FR;59;2021-03-28;7519;452;1072449;361036;12.2;4.1
FR;59;2021-03-29;21613;3290;1094062;364326;12.4;4.1
FR;59;2021-03-30;32027;4242;1126089;368568;12.8;4.2
FR;59;2021-03-31;31278;4554;1157367;373122;13.2;4.2
FR;59;2021-04-01;38220;5704;1195587;378826;13.6;4.3
FR;59;2021-04-02;36756;5640;1232343;384466;14.0;4.4
FR;59;2021-04-03;21266;3409;1253609;387875;14.3;4.4
FR;59;2021-04-04;7331;1198;1260940;389073;14.3;4.4
FR;59;2021-04-05;8250;1070;1269190;390143;14.4;4.4
FR;59;2021-04-06;25586;5831;1294776;395974;14.7;4.5
FR;59;2021-04-07;33779;7054;1328555;403028;15.1;4.6
FR;59;2021-04-08;44845;8357;1373400;411385;15.6;4.7
FR;59;2021-04-09;60509;8877;1433909;420262;16.3;4.8
FR;59;2021-04-10;36333;7028;1470242;427290;16.7;4.9
FR;59;2021-04-11;9728;3499;1479970;430789;16.8;4.9
FR;59;2021-04-12;35162;7340;1515132;438129;17.2;5.0
FR;59;2021-04-13;49662;10048;1564794;448177;17.8;5.1
FR;59;2021-04-14;49989;10069;1614783;458246;18.4;5.2
FR;59;2021-04-15;59310;11615;1674093;469861;19.0;5.3
FR;59;2021-04-16;63057;12296;1737150;482157;19.8;5.5
FR;59;2021-04-17;41345;9624;1778495;491781;20.2;5.6
FR;59;2021-04-18;12273;4626;1790768;496407;20.4;5.6
FR;59;2021-04-19;33105;11107;1823873;507514;20.7;5.8
FR;59;2021-04-20;44478;14648;1868351;522162;21.2;5.9
FR;59;2021-04-21;47053;16367;1915404;538529;21.8;6.1
FR;59;2021-04-22;55445;19373;1970849;557902;22.4;6.3
FR;59;2021-04-23;64858;20638;2035707;578540;23.2;6.6
FR;59;2021-04-24;47321;15442;2083028;593982;23.7;6.8
FR;59;2021-04-25;16531;5419;2099559;599401;23.9;6.8
FR;59;2021-04-26;40968;17398;2140527;616799;24.3;7.0
FR;59;2021-04-27;56329;23175;2196856;639974;25.0;7.3
FR;59;2021-04-28;63927;25797;2260783;665771;25.7;7.6
FR;59;2021-04-29;77816;31493;2338599;697264;26.6;7.9
FR;59;2021-04-30;92262;36380;2430861;733644;27.6;8.3
FR;59;2021-05-01;43428;10920;2474289;744564;28.1;8.5
FR;59;2021-05-02;23383;7239;2497672;751803;28.4;8.6
FR;59;2021-05-03;62384;26182;2560056;777985;29.1;8.8
FR;59;2021-05-04;70751;34274;2630807;812259;29.9;9.2
FR;59;2021-05-05;77118;37245;2707925;849504;30.8;9.7
FR;59;2021-05-06;89190;43530;2797115;893034;31.8;10.2
FR;59;2021-05-07;97466;53822;2894581;946856;32.9;10.8
FR;59;2021-05-08;58285;16421;2952866;963277;33.6;11.0
FR;59;2021-05-09;39231;10299;2992097;973576;34.0;11.1
FR;59;2021-05-10;94951;39950;3087048;1013526;35.1;11.5
FR;59;2021-05-11;125305;49129;3212353;1062655;36.5;12.1
FR;59;2021-05-12;122456;46004;3334809;1108659;37.9;12.6
FR;59;2021-05-13;92531;14318;3427340;1122977;39.0;12.8
FR;59;2021-05-14;128723;34079;3556063;1157056;40.4;13.2
FR;59;2021-05-15;113749;25326;3669812;1182382;41.7;13.4
FR;59;2021-05-16;55253;7092;3725065;1189474;42.4;13.5
FR;59;2021-05-17;105132;30485;3830197;1219959;43.6;13.9
FR;59;2021-05-18;116969;33940;3947166;1253899;44.9;14.3
FR;59;2021-05-19;118246;35310;4065412;1289209;46.2;14.7
FR;59;2021-05-20;122057;42127;4187469;1331336;47.6;15.1
FR;59;2021-05-21;121237;48484;4308706;1379820;49.0;15.7
FR;59;2021-05-22;81597;25263;4390303;1405083;49.9;16.0
FR;59;2021-05-23;31189;5104;4421492;1410187;50.3;16.0
FR;59;2021-05-24;51764;9863;4473256;1420050;50.9;16.2
FR;59;2021-05-25;84069;41964;4557325;1462014;51.8;16.6
FR;59;2021-05-26;82392;44835;4639717;1506849;52.8;17.1
FR;59;2021-05-27;89452;50419;4729169;1557268;53.8;17.7
FR;59;2021-05-28;91107;66373;4820276;1623641;54.8;18.5
FR;59;2021-05-29;60147;39931;4880423;1663572;55.5;18.9
FR;59;2021-05-30;16040;7763;4896463;1671335;55.7;19.0
FR;59;2021-05-31;58127;42277;4954590;1713612;56.3;19.5
FR;59;2021-06-01;67029;53375;5021619;1766987;57.1;20.1
FR;64;2020-12-27;1;0;1;0;0.0;0.0
FR;64;2020-12-28;1;0;2;0;0.0;0.0
FR;64;2020-12-29;2;0;4;0;0.0;0.0
FR;64;2020-12-30;6;0;10;0;0.0;0.0
FR;64;2020-12-31;5;0;15;0;0.0;0.0
FR;64;2021-01-01;8;0;23;0;0.0;0.0
FR;64;2021-01-02;11;0;34;0;0.0;0.0
FR;64;2021-01-03;18;0;52;0;0.0;0.0
FR;64;2021-01-04;209;2;261;2;0.0;0.0
FR;64;2021-01-05;898;4;1159;6;0.0;0.0
FR;64;2021-01-06;1688;3;2847;9;0.1;0.0
FR;64;2021-01-07;3658;9;6505;18;0.2;0.0
FR;64;2021-01-08;4874;11;11379;29;0.3;0.0
FR;64;2021-01-09;1953;1;13332;30;0.3;0.0
FR;64;2021-01-10;1025;1;14357;31;0.3;0.0
FR;64;2021-01-11;5274;5;19631;36;0.5;0.0
FR;64;2021-01-12;7130;11;26761;47;0.7;0.0
FR;64;2021-01-13;7448;17;34209;64;0.8;0.0
FR;64;2021-01-14;8560;83;42769;147;1.0;0.0
FR;64;2021-01-15;7091;34;49860;181;1.2;0.0
FR;64;2021-01-16;2212;18;52072;199;1.3;0.0
FR;64;2021-01-17;844;10;52916;209;1.3;0.0
FR;64;2021-01-18;4680;16;57596;225;1.4;0.0
FR;64;2021-01-19;6401;22;63997;247;1.6;0.0
FR;64;2021-01-20;6221;32;70218;279;1.7;0.0
FR;64;2021-01-21;6897;23;77115;302;1.9;0.0
FR;64;2021-01-22;5409;28;82524;330;2.0;0.0
FR;64;2021-01-23;1413;11;83937;341;2.0;0.0
FR;64;2021-01-24;433;8;84370;349;2.1;0.0
FR;64;2021-01-25;2770;202;87140;551;2.1;0.0
FR;64;2021-01-26;3536;493;90676;1044;2.2;0.0
FR;64;2021-01-27;3766;881;94442;1925;2.3;0.0
FR;64;2021-01-28;4570;1751;99012;3676;2.4;0.1
FR;64;2021-01-29;3528;2324;102540;6000;2.5;0.1
FR;64;2021-01-30;840;706;103380;6706;2.5;0.2
FR;64;2021-01-31;172;280;103552;6986;2.5;0.2
FR;64;2021-02-01;1524;2867;105076;9853;2.6;0.2
FR;64;2021-02-02;2150;4144;107226;13997;2.6;0.3
FR;64;2021-02-03;2304;4363;109530;18360;2.7;0.4
FR;64;2021-02-04;2815;5506;112345;23866;2.7;0.6
FR;64;2021-02-05;2184;4971;114529;28837;2.8;0.7
FR;64;2021-02-06;658;1303;115187;30140;2.8;0.7
FR;64;2021-02-07;164;493;115351;30633;2.8;0.7
FR;64;2021-02-08;1482;4196;116833;34829;2.8;0.8
FR;64;2021-02-09;2341;5664;119174;40493;2.9;1.0
FR;64;2021-02-10;2569;5668;121743;46161;3.0;1.1
FR;64;2021-02-11;3459;7224;125202;53385;3.1;1.3
FR;64;2021-02-12;3111;5443;128313;58828;3.1;1.4
FR;64;2021-02-13;840;1446;129153;60274;3.1;1.5
FR;64;2021-02-14;195;438;129348;60712;3.2;1.5
FR;64;2021-02-15;1592;3883;130940;64595;3.2;1.6
FR;64;2021-02-16;2086;5136;133026;69731;3.2;1.7
FR;64;2021-02-17;2208;4632;135234;74363;3.3;1.8
FR;64;2021-02-18;3235;5454;138469;79817;3.4;1.9
FR;64;2021-02-19;2998;4205;141467;84022;3.4;2.0
FR;64;2021-02-20;808;1200;142275;85222;3.5;2.1
FR;64;2021-02-21;135;255;142410;85477;3.5;2.1
FR;64;2021-02-22;1489;2665;143899;88142;3.5;2.1
FR;64;2021-02-23;2401;2920;146300;91062;3.6;2.2
FR;64;2021-02-24;3867;2851;150167;93913;3.7;2.3
FR;64;2021-02-25;16026;3842;166193;97755;4.1;2.4
FR;64;2021-02-26;21824;2781;188017;100536;4.6;2.5
FR;64;2021-02-27;13071;763;201088;101299;4.9;2.5
FR;64;2021-02-28;795;173;201883;101472;4.9;2.5
FR;64;2021-03-01;6560;1749;208443;103221;5.1;2.5
FR;64;2021-03-02;13131;2332;221574;105553;5.4;2.6
FR;64;2021-03-03;15908;2371;237482;107924;5.8;2.6
FR;64;2021-03-04;25180;2873;262662;110797;6.4;2.7
FR;64;2021-03-05;30477;2664;293139;113461;7.1;2.8
FR;64;2021-03-06;26728;783;319867;114244;7.8;2.8
FR;64;2021-03-07;9867;519;329734;114763;8.0;2.8
FR;64;2021-03-08;8787;1792;338521;116555;8.3;2.8
FR;64;2021-03-09;16807;2022;355328;118577;8.7;2.9
FR;64;2021-03-10;17010;2164;372338;120741;9.1;2.9
FR;64;2021-03-11;25872;2822;398210;123563;9.7;3.0
FR;64;2021-03-12;33391;2393;431601;125956;10.5;3.1
FR;64;2021-03-13;27267;752;458868;126708;11.2;3.1
FR;64;2021-03-14;5424;194;464292;126902;11.3;3.1
FR;64;2021-03-15;11006;1440;475298;128342;11.6;3.1
FR;64;2021-03-16;5984;1770;481282;130112;11.7;3.2
FR;64;2021-03-17;6114;1675;487396;131787;11.9;3.2
FR;64;2021-03-18;7639;2055;495035;133842;12.1;3.3
FR;64;2021-03-19;18866;1913;513901;135755;12.5;3.3
FR;64;2021-03-20;18492;732;532393;136487;13.0;3.3
FR;64;2021-03-21;4720;219;537113;136706;13.1;3.3
FR;64;2021-03-22;13491;1557;550604;138263;13.4;3.4
FR;64;2021-03-23;23470;2007;574074;140270;14.0;3.4
FR;64;2021-03-24;25074;2091;599148;142361;14.6;3.5
FR;64;2021-03-25;36500;2357;635648;144718;15.5;3.5
FR;64;2021-03-26;40061;2294;675709;147012;16.5;3.6
FR;64;2021-03-27;21225;992;696934;148004;17.0;3.6
FR;64;2021-03-28;5071;256;702005;148260;17.1;3.6
FR;64;2021-03-29;17506;2119;719511;150379;17.5;3.7
FR;64;2021-03-30;27264;2811;746775;153190;18.2;3.7
FR;64;2021-03-31;24047;2869;770822;156059;18.8;3.8
FR;64;2021-04-01;30434;3748;801256;159807;19.5;3.9
FR;64;2021-04-02;29128;3560;830384;163367;20.2;4.0
FR;64;2021-04-03;15956;2351;846340;165718;20.6;4.0
FR;64;2021-04-04;4026;790;850366;166508;20.7;4.1
FR;64;2021-04-05;5099;791;855465;167299;20.9;4.1
FR;64;2021-04-06;19100;4251;874565;171550;21.3;4.2
FR;64;2021-04-07;23486;4773;898051;176323;21.9;4.3
FR;64;2021-04-08;34474;5575;932525;181898;22.7;4.4
FR;64;2021-04-09;53313;6005;985838;187903;24.0;4.6
FR;64;2021-04-10;29769;4972;1015607;192875;24.8;4.7
FR;64;2021-04-11;6265;2595;1021872;195470;24.9;4.8
FR;64;2021-04-12;27967;5154;1049839;200624;25.6;4.9
FR;64;2021-04-13;42389;7334;1092228;207958;26.6;5.1
FR;64;2021-04-14;40652;7101;1132880;215059;27.6;5.2
FR;64;2021-04-15;51820;8321;1184700;223380;28.9;5.4
FR;64;2021-04-16;64081;8850;1248781;232230;30.4;5.7
FR;64;2021-04-17;38409;7072;1287190;239302;31.4;5.8
FR;64;2021-04-18;10923;3328;1298113;242630;31.6;5.9
FR;64;2021-04-19;41840;8560;1339953;251190;32.7;6.1
FR;64;2021-04-20;52499;10391;1392452;261581;33.9;6.4
FR;64;2021-04-21;52339;10822;1444791;272403;35.2;6.6
FR;64;2021-04-22;57159;12687;1501950;285090;36.6;6.9
FR;64;2021-04-23;60631;12624;1562581;297714;38.1;7.3
FR;64;2021-04-24;43210;9032;1605791;306746;39.1;7.5
FR;64;2021-04-25;16146;3320;1621937;310066;39.5;7.6
FR;64;2021-04-26;49410;11439;1671347;321505;40.7;7.8
FR;64;2021-04-27;62757;15435;1734104;336940;42.3;8.2
FR;64;2021-04-28;63703;15906;1797807;352846;43.8;8.6
FR;64;2021-04-29;73414;20340;1871221;373186;45.6;9.1
FR;64;2021-04-30;74956;21883;1946177;395069;47.4;9.6
FR;64;2021-05-01;29237;6616;1975414;401685;48.2;9.8
FR;64;2021-05-02;14416;3957;1989830;405642;48.5;9.9
FR;64;2021-05-03;51991;15785;2041821;421427;49.8;10.3
FR;64;2021-05-04;52903;21575;2094724;443002;51.1;10.8
FR;64;2021-05-05;49169;22642;2143893;465644;52.3;11.4
FR;64;2021-05-06;56620;28751;2200513;494395;53.6;12.1
FR;64;2021-05-07;50694;34023;2251207;528418;54.9;12.9
FR;64;2021-05-08;20145;9297;2271352;537715;55.4;13.1
FR;64;2021-05-09;9996;5481;2281348;543196;55.6;13.2
FR;64;2021-05-10;34221;26727;2315569;569923;56.4;13.9
FR;64;2021-05-11;43856;37087;2359425;607010;57.5;14.8
FR;64;2021-05-12;38868;34930;2398293;641940;58.5;15.6
FR;64;2021-05-13;21967;10036;2420260;651976;59.0;15.9
FR;64;2021-05-14;36226;29000;2456486;680976;59.9;16.6
FR;64;2021-05-15;21114;18967;2477600;699943;60.4;17.1
FR;64;2021-05-16;7959;4296;2485559;704239;60.6;17.2
FR;64;2021-05-17;26768;25366;2512327;729605;61.2;17.8
FR;64;2021-05-18;33348;28244;2545675;757849;62.1;18.5
FR;64;2021-05-19;30294;26368;2575969;784217;62.8;19.1
FR;64;2021-05-20;34883;33228;2610852;817445;63.6;19.9
FR;64;2021-05-21;30038;37393;2640890;854838;64.4;20.8
FR;64;2021-05-22;14762;17689;2655652;872527;64.7;21.3
FR;64;2021-05-23;5093;2819;2660745;875346;64.9;21.3
FR;64;2021-05-24;10716;6484;2671461;881830;65.1;21.5
FR;64;2021-05-25;22585;34406;2694046;916236;65.7;22.3
FR;64;2021-05-26;21160;35415;2715206;951651;66.2;23.2
FR;64;2021-05-27;25801;41818;2741007;993469;66.8;24.2
FR;64;2021-05-28;24235;55647;2765242;1049116;67.4;25.6
FR;64;2021-05-29;11856;33477;2777098;1082593;67.7;26.4
FR;64;2021-05-30;2645;7424;2779743;1090017;67.8;26.6
FR;64;2021-05-31;15672;45943;2795415;1135960;68.1;27.7
FR;64;2021-06-01;20454;56221;2815869;1192181;68.6;29.1
FR;69;2020-12-27;2;0;2;0;0.0;0.0
FR;69;2020-12-28;2;0;4;0;0.0;0.0
FR;69;2020-12-29;3;0;7;0;0.0;0.0
FR;69;2020-12-30;7;0;14;0;0.0;0.0
FR;69;2020-12-31;5;0;19;0;0.0;0.0
FR;69;2021-01-01;6;0;25;0;0.0;0.0
FR;69;2021-01-02;11;1;36;1;0.0;0.0
FR;69;2021-01-03;8;0;44;1;0.0;0.0
FR;69;2021-01-04;114;0;158;1;0.0;0.0
FR;69;2021-01-05;410;4;568;5;0.0;0.0
FR;69;2021-01-06;808;2;1376;7;0.0;0.0
FR;69;2021-01-07;1892;3;3268;10;0.1;0.0
FR;69;2021-01-08;2455;0;5723;10;0.1;0.0
FR;69;2021-01-09;1124;1;6847;11;0.2;0.0
FR;69;2021-01-10;658;1;7505;12;0.2;0.0
FR;69;2021-01-11;2732;5;10237;17;0.3;0.0
FR;69;2021-01-12;3872;2;14109;19;0.4;0.0
FR;69;2021-01-13;3791;11;17900;30;0.5;0.0
FR;69;2021-01-14;4563;47;22463;77;0.6;0.0
FR;69;2021-01-15;3846;14;26309;91;0.7;0.0
FR;69;2021-01-16;1342;11;27651;102;0.7;0.0
FR;69;2021-01-17;634;3;28285;105;0.7;0.0
FR;69;2021-01-18;3257;18;31542;123;0.8;0.0
FR;69;2021-01-19;4791;21;36333;144;0.9;0.0
FR;69;2021-01-20;4756;17;41089;161;1.1;0.0
FR;69;2021-01-21;5526;16;46615;177;1.2;0.0
FR;69;2021-01-22;4368;18;50983;195;1.3;0.0
FR;69;2021-01-23;1359;4;52342;199;1.3;0.0
FR;69;2021-01-24;446;6;52788;205;1.4;0.0
FR;69;2021-01-25;2725;82;55513;287;1.4;0.0
FR;69;2021-01-26;3351;182;58864;469;1.5;0.0
FR;69;2021-01-27;3670;412;62534;881;1.6;0.0
FR;69;2021-01-28;4326;893;66860;1774;1.7;0.0
FR;69;2021-01-29;3484;1237;70344;3011;1.8;0.1
FR;69;2021-01-30;938;402;71282;3413;1.8;0.1
FR;69;2021-01-31;180;161;71462;3574;1.8;0.1
FR;69;2021-02-01;1817;1523;73279;5097;1.9;0.1
FR;69;2021-02-02;2416;2206;75695;7303;1.9;0.2
FR;69;2021-02-03;2417;2276;78112;9579;2.0;0.2
FR;69;2021-02-04;2979;2926;81091;12505;2.1;0.3
FR;69;2021-02-05;2504;2540;83595;15045;2.1;0.4
FR;69;2021-02-06;721;809;84316;15854;2.2;0.4
FR;69;2021-02-07;162;392;84478;16246;2.2;0.4
FR;69;2021-02-08;1606;2410;86084;18656;2.2;0.5
FR;69;2021-02-09;2402;3414;88486;22070;2.3;0.6
FR;69;2021-02-10;2565;3406;91051;25476;2.3;0.7
FR;69;2021-02-11;3517;4863;94568;30339;2.4;0.8
FR;69;2021-02-12;3156;3419;97724;33758;2.5;0.9
FR;69;2021-02-13;867;1034;98591;34792;2.5;0.9
FR;69;2021-02-14;215;414;98806;35206;2.5;0.9
FR;69;2021-02-15;1333;2776;100139;37982;2.6;1.0
FR;69;2021-02-16;1869;3982;102008;41964;2.6;1.1
FR;69;2021-02-17;2010;3662;104018;45626;2.7;1.2
FR;69;2021-02-18;2998;4562;107016;50188;2.7;1.3
FR;69;2021-02-19;2863;3511;109879;53699;2.8;1.4
FR;69;2021-02-20;753;1027;110632;54726;2.8;1.4
FR;69;2021-02-21;150;235;110782;54961;2.8;1.4
FR;69;2021-02-22;1607;2574;112389;57535;2.9;1.5
FR;69;2021-02-23;2278;2826;114667;60361;2.9;1.5
FR;69;2021-02-24;2658;2911;117325;63272;3.0;1.6
FR;69;2021-02-25;3880;3581;121205;66853;3.1;1.7
FR;69;2021-02-26;4275;2629;125480;69482;3.2;1.8
FR;69;2021-02-27;1810;705;127290;70187;3.3;1.8
FR;69;2021-02-28;312;179;127602;70366;3.3;1.8
FR;69;2021-03-01;2801;1933;130403;72299;3.3;1.9
FR;69;2021-03-02;4721;2441;135124;74740;3.5;1.9
FR;69;2021-03-03;6681;2476;141805;77216;3.6;2.0
FR;69;2021-03-04;11765;3013;153570;80229;3.9;2.1
FR;69;2021-03-05;17483;2695;171053;82924;4.4;2.1
FR;69;2021-03-06;23168;775;194221;83699;5.0;2.1
FR;69;2021-03-07;14770;443;208991;84142;5.4;2.2
FR;69;2021-03-08;9742;2036;218733;86178;5.6;2.2
FR;69;2021-03-09;17486;2488;236219;88666;6.1;2.3
FR;69;2021-03-10;18778;2542;254997;91208;6.5;2.3
FR;69;2021-03-11;29146;3213;284143;94421;7.3;2.4
FR;69;2021-03-12;39833;2925;323976;97346;8.3;2.5
FR;69;2021-03-13;35950;969;359926;98315;9.2;2.5
FR;69;2021-03-14;8176;246;368102;98561;9.4;2.5
FR;69;2021-03-15;16638;1798;384740;100359;9.9;2.6
FR;69;2021-03-16;10713;2177;395453;102536;10.1;2.6
FR;69;2021-03-17;11727;2176;407180;104712;10.4;2.7
FR;69;2021-03-18;13109;2592;420289;107304;10.8;2.8
FR;69;2021-03-19;28750;2409;449039;109713;11.5;2.8
FR;69;2021-03-20;26888;880;475927;110593;12.2;2.8
FR;69;2021-03-21;7117;270;483044;110863;12.4;2.8
FR;69;2021-03-22;21168;2155;504212;113018;12.9;2.9
FR;69;2021-03-23;36142;2777;540354;115795;13.8;3.0
FR;69;2021-03-24;37411;2806;577765;118601;14.8;3.0
FR;69;2021-03-25;54887;3066;632652;121667;16.2;3.1
FR;69;2021-03-26;59034;2956;691686;124623;17.7;3.2
FR;69;2021-03-27;30089;1345;721775;125968;18.5;3.2
FR;69;2021-03-28;7602;376;729377;126344;18.7;3.2
FR;69;2021-03-29;27647;3425;757024;129769;19.4;3.3
FR;69;2021-03-30;42201;4314;799225;134083;20.5;3.4
FR;69;2021-03-31;35309;4364;834534;138447;21.4;3.5
FR;69;2021-04-01;43145;5724;877679;144171;22.5;3.7
FR;69;2021-04-02;41257;5886;918936;150057;23.6;3.8
FR;69;2021-04-03;21641;3920;940577;153977;24.1;3.9
FR;69;2021-04-04;5803;1304;946380;155281;24.3;4.0
FR;69;2021-04-05;7608;1061;953988;156342;24.4;4.0
FR;69;2021-04-06;27738;7170;981726;163512;25.2;4.2
FR;69;2021-04-07;32353;7715;1014079;171227;26.0;4.4
FR;69;2021-04-08;48487;8810;1062566;180037;27.2;4.6
FR;69;2021-04-09;70441;8966;1133007;189003;29.0;4.8
FR;69;2021-04-10;36603;7816;1169610;196819;30.0;5.0
FR;69;2021-04-11;7993;4280;1177603;201099;30.2;5.2
FR;69;2021-04-12;38517;8807;1216120;209906;31.2;5.4
FR;69;2021-04-13;53446;11919;1269566;221825;32.5;5.7
FR;69;2021-04-14;49232;11621;1318798;233446;33.8;6.0
FR;69;2021-04-15;61743;13493;1380541;246939;35.4;6.3
FR;69;2021-04-16;72476;14005;1453017;260944;37.2;6.7
FR;69;2021-04-17;39567;10665;1492584;271609;38.3;7.0
FR;69;2021-04-18;10013;5018;1502597;276627;38.5;7.1
FR;69;2021-04-19;45829;13853;1548426;290480;39.7;7.4
FR;69;2021-04-20;57029;16777;1605455;307257;41.1;7.9
FR;69;2021-04-21;53359;16497;1658814;323754;42.5;8.3
FR;69;2021-04-22;60073;18683;1718887;342437;44.1;8.8
FR;69;2021-04-23;59200;18725;1778087;361162;45.6;9.3
FR;69;2021-04-24;37173;13109;1815260;374271;46.5;9.6
FR;69;2021-04-25;13193;4971;1828453;379242;46.9;9.7
FR;69;2021-04-26;49131;18317;1877584;397559;48.1;10.2
FR;69;2021-04-27;61592;23126;1939176;420685;49.7;10.8
FR;69;2021-04-28;59584;22024;1998760;442709;51.2;11.3
FR;69;2021-04-29;69876;24780;2068636;467489;53.0;12.0
FR;69;2021-04-30;66728;23836;2135364;491325;54.7;12.6
FR;69;2021-05-01;23789;7584;2159153;498909;55.3;12.8
FR;69;2021-05-02;11146;5131;2170299;504040;55.6;12.9
FR;69;2021-05-03;47206;21286;2217505;525326;56.8;13.5
FR;69;2021-05-04;47739;27704;2265244;553030;58.1;14.2
FR;69;2021-05-05;42539;27129;2307783;580159;59.1;14.9
FR;69;2021-05-06;50690;30197;2358473;610356;60.4;15.6
FR;69;2021-05-07;42162;34294;2400635;644650;61.5;16.5
FR;69;2021-05-08;15200;9385;2415835;654035;61.9;16.8
FR;69;2021-05-09;7268;6558;2423103;660593;62.1;16.9
FR;69;2021-05-10;29472;34701;2452575;695294;62.9;17.8
FR;69;2021-05-11;38080;43736;2490655;739030;63.8;18.9
FR;69;2021-05-12;32902;39195;2523557;778225;64.7;19.9
FR;69;2021-05-13;17466;11503;2541023;789728;65.1;20.2
FR;69;2021-05-14;29956;34147;2570979;823875;65.9;21.1
FR;69;2021-05-15;15165;18514;2586144;842389;66.3;21.6
FR;69;2021-05-16;5428;4311;2591572;846700;66.4;21.7
FR;69;2021-05-17;21754;28771;2613326;875471;67.0;22.4
FR;69;2021-05-18;27842;29596;2641168;905067;67.7;23.2
FR;69;2021-05-19;24246;25213;2665414;930280;68.3;23.8
FR;69;2021-05-20;28293;27807;2693707;958087;69.0;24.6
FR;69;2021-05-21;22891;30731;2716598;988818;69.6;25.3
FR;69;2021-05-22;9635;14379;2726233;1003197;69.9;25.7
FR;69;2021-05-23;3177;2375;2729410;1005572;70.0;25.8
FR;69;2021-05-24;8077;7126;2737487;1012698;70.2;26.0
FR;69;2021-05-25;17792;36263;2755279;1048961;70.6;26.9
FR;69;2021-05-26;16158;34986;2771437;1083947;71.0;27.8
FR;69;2021-05-27;20496;41250;2791933;1125197;71.6;28.8
FR;69;2021-05-28;18130;53805;2810063;1179002;72.0;30.2
FR;69;2021-05-29;7610;31230;2817673;1210232;72.2;31.0
FR;69;2021-05-30;1684;6895;2819357;1217127;72.3;31.2
FR;69;2021-05-31;12184;47463;2831541;1264590;72.6;32.4
FR;69;2021-06-01;15882;57525;2847423;1322115;73.0;33.9
FR;74;2020-12-27;1;0;1;0;0.0;0.0
FR;74;2020-12-28;7;0;8;0;0.0;0.0
FR;74;2020-12-29;5;0;13;0;0.0;0.0
FR;74;2020-12-30;11;0;24;0;0.0;0.0
FR;74;2020-12-31;7;0;31;0;0.0;0.0
FR;74;2021-01-01;5;0;36;0;0.0;0.0
FR;74;2021-01-02;3;0;39;0;0.0;0.0
FR;74;2021-01-03;12;0;51;0;0.0;0.0
FR;74;2021-01-04;86;1;137;1;0.0;0.0
FR;74;2021-01-05;298;0;435;1;0.0;0.0
FR;74;2021-01-06;554;1;989;2;0.0;0.0
FR;74;2021-01-07;1464;0;2453;2;0.1;0.0
FR;74;2021-01-08;1793;4;4246;6;0.1;0.0
FR;74;2021-01-09;794;0;5040;6;0.1;0.0
FR;74;2021-01-10;536;0;5576;6;0.2;0.0
FR;74;2021-01-11;2123;2;7699;8;0.2;0.0
FR;74;2021-01-12;3151;4;10850;12;0.3;0.0
FR;74;2021-01-13;3199;6;14049;18;0.4;0.0
FR;74;2021-01-14;3945;39;17994;57;0.5;0.0
FR;74;2021-01-15;3536;11;21530;68;0.6;0.0
FR;74;2021-01-16;1334;3;22864;71;0.7;0.0
FR;74;2021-01-17;764;3;23628;74;0.7;0.0
FR;74;2021-01-18;4718;12;28346;86;0.8;0.0
FR;74;2021-01-19;6826;11;35172;97;1.0;0.0
FR;74;2021-01-20;7098;12;42270;109;1.2;0.0
FR;74;2021-01-21;8189;26;50459;135;1.5;0.0
FR;74;2021-01-22;6544;20;57003;155;1.6;0.0
FR;74;2021-01-23;2258;3;59261;158;1.7;0.0
FR;74;2021-01-24;609;2;59870;160;1.7;0.0
FR;74;2021-01-25;4535;56;64405;216;1.9;0.0
FR;74;2021-01-26;5627;149;70032;365;2.0;0.0
FR;74;2021-01-27;5982;271;76014;636;2.2;0.0
FR;74;2021-01-28;6977;750;82991;1386;2.4;0.0
FR;74;2021-01-29;5732;901;88723;2287;2.6;0.1
FR;74;2021-01-30;1769;262;90492;2549;2.6;0.1
FR;74;2021-01-31;295;114;90787;2663;2.6;0.1
FR;74;2021-02-01;3290;1063;94077;3726;2.7;0.1
FR;74;2021-02-02;4298;1786;98375;5512;2.8;0.2
FR;74;2021-02-03;4308;1811;102683;7323;3.0;0.2
FR;74;2021-02-04;5176;2470;107859;9793;3.1;0.3
FR;74;2021-02-05;4385;2179;112244;11972;3.2;0.3
FR;74;2021-02-06;1399;696;113643;12668;3.3;0.4
FR;74;2021-02-07;243;351;113886;13019;3.3;0.4
FR;74;2021-02-08;3073;2507;116959;15526;3.4;0.4
FR;74;2021-02-09;4101;3725;121060;19251;3.5;0.6
FR;74;2021-02-10;4417;3814;125477;23065;3.6;0.7
FR;74;2021-02-11;5627;5473;131104;28538;3.8;0.8
FR;74;2021-02-12;5261;3823;136365;32361;3.9;0.9
FR;74;2021-02-13;1647;1220;138012;33581;4.0;1.0
FR;74;2021-02-14;405;471;138417;34052;4.0;1.0
FR;74;2021-02-15;2404;4182;140821;38234;4.0;1.1
FR;74;2021-02-16;3276;5632;144097;43866;4.1;1.3
FR;74;2021-02-17;3391;5451;147488;49317;4.2;1.4
FR;74;2021-02-18;4930;6812;152418;56129;4.4;1.6
FR;74;2021-02-19;4875;5411;157293;61540;4.5;1.8
FR;74;2021-02-20;1550;1737;158843;63277;4.6;1.8
FR;74;2021-02-21;233;415;159076;63692;4.6;1.8
FR;74;2021-02-22;2863;4292;161939;67984;4.7;2.0
FR;74;2021-02-23;4143;4900;166082;72884;4.8;2.1
FR;74;2021-02-24;4516;4843;170598;77727;4.9;2.2
FR;74;2021-02-25;5526;5698;176124;83425;5.1;2.4
FR;74;2021-02-26;5483;4473;181607;87898;5.2;2.5
FR;74;2021-02-27;2008;1366;183615;89264;5.3;2.6
FR;74;2021-02-28;528;294;184143;89558;5.3;2.6
FR;74;2021-03-01;5064;3364;189207;92922;5.4;2.7
FR;74;2021-03-02;7456;4282;196663;97204;5.7;2.8
FR;74;2021-03-03;9693;4266;206356;101470;5.9;2.9
FR;74;2021-03-04;15064;4824;221420;106294;6.4;3.1
FR;74;2021-03-05;21681;4607;243101;110901;7.0;3.2
FR;74;2021-03-06;31246;1413;274347;112314;7.9;3.2
FR;74;2021-03-07;20973;552;295320;112866;8.5;3.2
FR;74;2021-03-08;14213;3685;309533;116551;8.9;3.4
FR;74;2021-03-09;24060;4244;333593;120795;9.6;3.5
FR;74;2021-03-10;26287;4428;359880;125223;10.3;3.6
FR;74;2021-03-11;38292;5331;398172;130554;11.4;3.8
FR;74;2021-03-12;50567;4735;448739;135289;12.9;3.9
FR;74;2021-03-13;47757;1586;496496;136875;14.3;3.9
FR;74;2021-03-14;11935;423;508431;137298;14.6;3.9
FR;74;2021-03-15;25511;3151;533942;140449;15.4;4.0
FR;74;2021-03-16;20031;3850;553973;144299;15.9;4.1
FR;74;2021-03-17;21795;3882;575768;148181;16.6;4.3
FR;74;2021-03-18;24401;4519;600169;152700;17.3;4.4
FR;74;2021-03-19;41316;3984;641485;156684;18.4;4.5
FR;74;2021-03-20;35347;1581;676832;158265;19.5;4.6
FR;74;2021-03-21;9470;410;686302;158675;19.7;4.6
FR;74;2021-03-22;31455;3902;717757;162577;20.6;4.7
FR;74;2021-03-23;50104;4823;767861;167400;22.1;4.8
FR;74;2021-03-24;52066;5204;819927;172604;23.6;5.0
FR;74;2021-03-25;74640;5581;894567;178185;25.7;5.1
FR;74;2021-03-26;80653;5213;975220;183398;28.0;5.3
FR;74;2021-03-27;50980;2401;1026200;185799;29.5;5.3
FR;74;2021-03-28;17785;742;1043985;186541;30.0;5.4
FR;74;2021-03-29;56031;6886;1100016;193427;31.6;5.6
FR;74;2021-03-30;76478;8754;1176494;202181;33.8;5.8
FR;74;2021-03-31;67813;9303;1244307;211484;35.8;6.1
FR;74;2021-04-01;78234;11688;1322541;223172;38.0;6.4
FR;74;2021-04-02;69895;12271;1392436;235443;40.0;6.8
FR;74;2021-04-03;37131;8438;1429567;243881;41.1;7.0
FR;74;2021-04-04;12496;2778;1442063;246659;41.5;7.1
FR;74;2021-04-05;19198;1857;1461261;248516;42.0;7.1
FR;74;2021-04-06;64260;15077;1525521;263593;43.9;7.6
FR;74;2021-04-07;72586;15946;1598107;279539;45.9;8.0
FR;74;2021-04-08;87525;17861;1685632;297400;48.5;8.6
FR;74;2021-04-09;97127;17647;1782759;315047;51.3;9.1
FR;74;2021-04-10;48578;13994;1831337;329041;52.6;9.5
FR;74;2021-04-11;12735;6814;1844072;335855;53.0;9.7
FR;74;2021-04-12;60853;17683;1904925;353538;54.8;10.2
FR;74;2021-04-13;68648;22158;1973573;375696;56.7;10.8
FR;74;2021-04-14;60038;21737;2033611;397433;58.5;11.4
FR;74;2021-04-15;61864;23689;2095475;421122;60.2;12.1
FR;74;2021-04-16;52177;24287;2147652;445409;61.7;12.8
FR;74;2021-04-17;25673;16783;2173325;462192;62.5;13.3
FR;74;2021-04-18;5740;6959;2179065;469151;62.6;13.5
FR;74;2021-04-19;31690;24275;2210755;493426;63.6;14.2
FR;74;2021-04-20;36222;29549;2246977;522975;64.6;15.0
FR;74;2021-04-21;33313;30174;2280290;553149;65.6;15.9
FR;74;2021-04-22;37983;35130;2318273;588279;66.6;16.9
FR;74;2021-04-23;34720;38748;2352993;627027;67.6;18.0
FR;74;2021-04-24;18571;30677;2371564;657704;68.2;18.9
FR;74;2021-04-25;6110;12546;2377674;670250;68.4;19.3
FR;74;2021-04-26;26490;46821;2404164;717071;69.1;20.6
FR;74;2021-04-27;32952;55980;2437116;773051;70.1;22.2
FR;74;2021-04-28;32505;52771;2469621;825822;71.0;23.7
FR;74;2021-04-29;38592;53877;2508213;879699;72.1;25.3
FR;74;2021-04-30;34935;49071;2543148;928770;73.1;26.7
FR;74;2021-05-01;11057;15115;2554205;943885;73.4;27.1
FR;74;2021-05-02;5157;11372;2559362;955257;73.6;27.5
FR;74;2021-05-03;24067;52056;2583429;1007313;74.3;29.0
FR;74;2021-05-04;24948;69179;2608377;1076492;75.0;30.9
FR;74;2021-05-05;22569;64888;2630946;1141380;75.6;32.8
FR;74;2021-05-06;27224;63236;2658170;1204616;76.4;34.6
FR;74;2021-05-07;23141;65957;2681311;1270573;77.1;36.5
FR;74;2021-05-08;7855;14330;2689166;1284903;77.3;36.9
FR;74;2021-05-09;3649;10469;2692815;1295372;77.4;37.2
FR;74;2021-05-10;15913;63067;2708728;1358439;77.9;39.1
FR;74;2021-05-11;20887;64084;2729615;1422523;78.5;40.9
FR;74;2021-05-12;18300;53143;2747915;1475666;79.0;42.4
FR;74;2021-05-13;9057;12078;2756972;1487744;79.3;42.8
FR;74;2021-05-14;16872;37739;2773844;1525483;79.7;43.9
FR;74;2021-05-15;8325;17555;2782169;1543038;80.0;44.4
FR;74;2021-05-16;2980;3499;2785149;1546537;80.1;44.5
FR;74;2021-05-17;12165;30776;2797314;1577313;80.4;45.3
FR;74;2021-05-18;15352;30458;2812666;1607771;80.9;46.2
FR;74;2021-05-19;13929;25387;2826595;1633158;81.3;47.0
FR;74;2021-05-20;15948;27683;2842543;1660841;81.7;47.7
FR;74;2021-05-21;13278;30691;2855821;1691532;82.1;48.6
FR;74;2021-05-22;5742;14219;2861563;1705751;82.3;49.0
FR;74;2021-05-23;1849;2384;2863412;1708135;82.3;49.1
FR;74;2021-05-24;4614;5723;2868026;1713858;82.5;49.3
FR;74;2021-05-25;10501;35235;2878527;1749093;82.8;50.3
FR;74;2021-05-26;9833;33401;2888360;1782494;83.0;51.2
FR;74;2021-05-27;11775;38440;2900135;1820934;83.4;52.4
FR;74;2021-05-28;11122;44995;2911257;1865929;83.7;53.6
FR;74;2021-05-29;4712;24276;2915969;1890205;83.8;54.3
FR;74;2021-05-30;1036;4234;2917005;1894439;83.9;54.5
FR;74;2021-05-31;7470;29793;2924475;1924232;84.1;55.3
FR;74;2021-06-01;10010;40034;2934485;1964266;84.4;56.5
FR;79;2020-12-27;1;0;1;0;0.0;0.0
FR;79;2020-12-28;6;0;7;0;0.0;0.0
FR;79;2020-12-29;16;0;23;0;0.0;0.0
FR;79;2020-12-30;12;0;35;0;0.0;0.0
FR;79;2020-12-31;6;0;41;0;0.0;0.0
FR;79;2021-01-01;4;0;45;0;0.0;0.0
FR;79;2021-01-02;4;0;49;0;0.0;0.0
FR;79;2021-01-03;2;0;51;0;0.0;0.0
FR;79;2021-01-04;50;0;101;0;0.0;0.0
FR;79;2021-01-05;172;0;273;0;0.0;0.0
FR;79;2021-01-06;340;1;613;1;0.0;0.0
FR;79;2021-01-07;905;0;1518;1;0.1;0.0
FR;79;2021-01-08;1082;1;2600;2;0.1;0.0
FR;79;2021-01-09;364;0;2964;2;0.1;0.0
FR;79;2021-01-10;191;0;3155;2;0.1;0.0
FR;79;2021-01-11;1151;3;4306;5;0.2;0.0
FR;79;2021-01-12;2207;2;6513;7;0.3;0.0
FR;79;2021-01-13;2747;2;9260;9;0.4;0.0
FR;79;2021-01-14;4435;35;13695;44;0.6;0.0
FR;79;2021-01-15;5263;17;18958;61;0.9;0.0
FR;79;2021-01-16;2823;11;21781;72;1.0;0.0
FR;79;2021-01-17;1307;3;23088;75;1.0;0.0
FR;79;2021-01-18;19657;39;42745;114;1.9;0.0
FR;79;2021-01-19;26046;38;68791;152;3.1;0.0
FR;79;2021-01-20;28037;32;96828;184;4.4;0.0
FR;79;2021-01-21;30054;32;126882;216;5.7;0.0
FR;79;2021-01-22;27922;29;154804;245;7.0;0.0
FR;79;2021-01-23;11662;11;166466;256;7.5;0.0
FR;79;2021-01-24;2172;3;168638;259;7.6;0.0
FR;79;2021-01-25;22551;50;191189;309;8.6;0.0
FR;79;2021-01-26;25736;118;216925;427;9.8;0.0
FR;79;2021-01-27;25014;197;241939;624;10.9;0.0
FR;79;2021-01-28;25210;563;267149;1187;12.0;0.1
FR;79;2021-01-29;22543;565;289692;1752;13.1;0.1
FR;79;2021-01-30;8783;137;298475;1889;13.5;0.1
FR;79;2021-01-31;1231;55;299706;1944;13.5;0.1
FR;79;2021-02-01;16157;645;315863;2589;14.2;0.1
FR;79;2021-02-02;19285;1275;335148;3864;15.1;0.2
FR;79;2021-02-03;18293;1586;353441;5450;15.9;0.2
FR;79;2021-02-04;19182;2538;372623;7988;16.8;0.4
FR;79;2021-02-05;18031;2684;390654;10672;17.6;0.5
FR;79;2021-02-06;6453;1005;397107;11677;17.9;0.5
FR;79;2021-02-07;870;391;397977;12068;17.9;0.5
FR;79;2021-02-08;13086;5816;411063;17884;18.5;0.8
FR;79;2021-02-09;15557;7674;426620;25558;19.2;1.2
FR;79;2021-02-10;15451;8050;442071;33608;19.9;1.5
FR;79;2021-02-11;16534;9611;458605;43219;20.7;1.9
FR;79;2021-02-12;15673;9412;474278;52631;21.4;2.4
FR;79;2021-02-13;5007;4124;479285;56755;21.6;2.6
FR;79;2021-02-14;905;1043;480190;57798;21.7;2.6
FR;79;2021-02-15;7134;19827;487324;77625;22.0;3.5
FR;79;2021-02-16;8352;23629;495676;101254;22.4;4.6
FR;79;2021-02-17;8255;24030;503931;125284;22.7;5.7
FR;79;2021-02-18;10297;24432;514228;149716;23.2;6.8
FR;79;2021-02-19;10317;20770;524545;170486;23.7;7.7
FR;79;2021-02-20;3768;8313;528313;178799;23.8;8.1
FR;79;2021-02-21;549;1558;528862;180357;23.9;8.1
FR;79;2021-02-22;6990;21885;535852;202242;24.2;9.1
FR;79;2021-02-23;9655;23576;545507;225818;24.6;10.2
FR;79;2021-02-24;10030;22211;555537;248029;25.1;11.2
FR;79;2021-02-25;11680;22092;567217;270121;25.6;12.2
FR;79;2021-02-26;12067;19118;579284;289239;26.1;13.0
FR;79;2021-02-27;4422;6736;583706;295975;26.3;13.3
FR;79;2021-02-28;875;1038;584581;297013;26.4;13.4
FR;79;2021-03-01;12120;16460;596701;313473;26.9;14.1
FR;79;2021-03-02;16322;19269;613023;332742;27.6;15.0
FR;79;2021-03-03;17735;18545;630758;351287;28.4;15.8
FR;79;2021-03-04;20920;17678;651678;368965;29.4;16.6
FR;79;2021-03-05;22457;16477;674135;385442;30.4;17.4
FR;79;2021-03-06;29035;5370;703170;390812;31.7;17.6
FR;79;2021-03-07;21089;1038;724259;391850;32.7;17.7
FR;79;2021-03-08;17365;15336;741624;407186;33.4;18.4
FR;79;2021-03-09;25742;16440;767366;423626;34.6;19.1
FR;79;2021-03-10;26871;15604;794237;439230;35.8;19.8
FR;79;2021-03-11;31830;15108;826067;454338;37.3;20.5
FR;79;2021-03-12;33363;12946;859430;467284;38.8;21.1
FR;79;2021-03-13;25283;4238;884713;471522;39.9;21.3
FR;79;2021-03-14;9462;775;894175;472297;40.3;21.3
FR;79;2021-03-15;28451;8706;922626;481003;41.6;21.7
FR;79;2021-03-16;32794;9303;955420;490306;43.1;22.1
FR;79;2021-03-17;33773;9260;989193;499566;44.6;22.5
FR;79;2021-03-18;36664;9745;1025857;509311;46.3;23.0
FR;79;2021-03-19;36689;8876;1062546;518187;47.9;23.4
FR;79;2021-03-20;20665;3285;1083211;521472;48.9;23.5
FR;79;2021-03-21;5874;601;1089085;522073;49.1;23.5
FR;79;2021-03-22;28549;9188;1117634;531261;50.4;24.0
FR;79;2021-03-23;37012;10781;1154646;542042;52.1;24.4
FR;79;2021-03-24;35512;11341;1190158;553383;53.7;25.0
FR;79;2021-03-25;41858;11119;1232016;564502;55.6;25.5
FR;79;2021-03-26;39326;10436;1271342;574938;57.3;25.9
FR;79;2021-03-27;17628;4408;1288970;579346;58.1;26.1
FR;79;2021-03-28;4794;902;1293764;580248;58.3;26.2
FR;79;2021-03-29;22248;15008;1316012;595256;59.4;26.8
FR;79;2021-03-30;27984;18895;1343996;614151;60.6;27.7
FR;79;2021-03-31;24654;19738;1368650;633889;61.7;28.6
FR;79;2021-04-01;27138;23182;1395788;657071;62.9;29.6
FR;79;2021-04-02;23018;24432;1418806;681503;64.0;30.7
FR;79;2021-04-03;10002;17360;1428808;698863;64.4;31.5
FR;79;2021-04-04;2798;5061;1431606;703924;64.6;31.7
FR;79;2021-04-05;4184;2745;1435790;706669;64.8;31.9
FR;79;2021-04-06;18909;28958;1454699;735627;65.6;33.2
FR;79;2021-04-07;21015;29834;1475714;765461;66.6;34.5
FR;79;2021-04-08;24938;29904;1500652;795365;67.7;35.9
FR;79;2021-04-09;26783;28087;1527435;823452;68.9;37.1
FR;79;2021-04-10;13627;18919;1541062;842371;69.5;38.0
FR;79;2021-04-11;3502;6445;1544564;848816;69.7;38.3
FR;79;2021-04-12;16711;28885;1561275;877701;70.4;39.6
FR;79;2021-04-13;19068;34998;1580343;912699;71.3;41.2
FR;79;2021-04-14;18126;33123;1598469;945822;72.1;42.7
FR;79;2021-04-15;19052;33312;1617521;979134;72.9;44.2
FR;79;2021-04-16;16192;31027;1633713;1010161;73.7;45.6
FR;79;2021-04-17;8133;16688;1641846;1026849;74.0;46.3
FR;79;2021-04-18;1766;4830;1643612;1031679;74.1;46.5
FR;79;2021-04-19;9819;29165;1653431;1060844;74.6;47.8
FR;79;2021-04-20;11645;34430;1665076;1095274;75.1;49.4
FR;79;2021-04-21;11252;31194;1676328;1126468;75.6;50.8
FR;79;2021-04-22;12791;31067;1689119;1157535;76.2;52.2
FR;79;2021-04-23;11860;27668;1700979;1185203;76.7;53.5
FR;79;2021-04-24;6126;13705;1707105;1198908;77.0;54.1
FR;79;2021-04-25;1896;3419;1709001;1202327;77.1;54.2
FR;79;2021-04-26;8849;20582;1717850;1222909;77.5;55.2
FR;79;2021-04-27;11014;23637;1728864;1246546;78.0;56.2
FR;79;2021-04-28;11531;20878;1740395;1267424;78.5;57.2
FR;79;2021-04-29;13589;20639;1753984;1288063;79.1;58.1
FR;79;2021-04-30;12768;17575;1766752;1305638;79.7;58.9
FR;79;2021-05-01;3801;3909;1770553;1309547;79.9;59.1
FR;79;2021-05-02;1731;2615;1772284;1312162;79.9;59.2
FR;79;2021-05-03;8533;15079;1780817;1327241;80.3;59.9
FR;79;2021-05-04;8853;20126;1789670;1347367;80.7;60.8
FR;79;2021-05-05;8332;18959;1798002;1366326;81.1;61.6
FR;79;2021-05-06;10165;18757;1808167;1385083;81.5;62.5
FR;79;2021-05-07;8889;19425;1817056;1404508;81.9;63.3
FR;79;2021-05-08;2945;4293;1820001;1408801;82.1;63.5
FR;79;2021-05-09;1377;2985;1821378;1411786;82.1;63.7
FR;79;2021-05-10;6061;17457;1827439;1429243;82.4;64.5
FR;79;2021-05-11;7917;18530;1835356;1447773;82.8;65.3
FR;79;2021-05-12;7185;15762;1842541;1463535;83.1;66.0
FR;79;2021-05-13;3483;3777;1846024;1467312;83.3;66.2
FR;79;2021-05-14;6715;11366;1852739;1478678;83.6;66.7
FR;79;2021-05-15;3261;5091;1856000;1483769;83.7;66.9
FR;79;2021-05-16;1138;1150;1857138;1484919;83.8;67.0
FR;79;2021-05-17;4875;8972;1862013;1493891;84.0;67.4
FR;79;2021-05-18;6024;9117;1868037;1503008;84.2;67.8
FR;79;2021-05-19;5643;7941;1873680;1510949;84.5;68.1
FR;79;2021-05-20;6522;8085;1880202;1519034;84.8;68.5
FR;79;2021-05-21;5542;8720;1885744;1527754;85.0;68.9
FR;79;2021-05-22;2384;3802;1888128;1531556;85.2;69.1
FR;79;2021-05-23;726;786;1888854;1532342;85.2;69.1
FR;79;2021-05-24;1822;1598;1890676;1533940;85.3;69.2
FR;79;2021-05-25;4304;10194;1894980;1544134;85.5;69.6
FR;79;2021-05-26;4200;9661;1899180;1553795;85.7;70.1
FR;79;2021-05-27;5132;10463;1904312;1564258;85.9;70.5
FR;79;2021-05-28;4642;12342;1908954;1576600;86.1;71.1
FR;79;2021-05-29;2024;6647;1910978;1583247;86.2;71.4
FR;79;2021-05-30;431;1249;1911409;1584496;86.2;71.5
FR;79;2021-05-31;3123;8997;1914532;1593493;86.3;71.9
FR;79;2021-06-01;4266;11030;1918798;1604523;86.5;72.4
FR;80;2020-12-27;10;2;10;2;0.0;0.0
FR;80;2020-12-28;41;0;51;2;0.0;0.0
FR;80;2020-12-29;78;0;129;2;0.0;0.0
FR;80;2020-12-30;69;0;198;2;0.0;0.0
FR;80;2020-12-31;49;0;247;2;0.0;0.0
FR;80;2021-01-01;9;0;256;2;0.0;0.0
FR;80;2021-01-02;8;0;264;2;0.0;0.0
FR;80;2021-01-03;2;0;266;2;0.0;0.0
FR;80;2021-01-04;297;1;563;3;0.0;0.0
FR;80;2021-01-05;909;1;1472;4;0.0;0.0
FR;80;2021-01-06;1675;2;3147;6;0.1;0.0
FR;80;2021-01-07;6292;4;9439;10;0.2;0.0
FR;80;2021-01-08;5752;11;15191;21;0.4;0.0
FR;80;2021-01-09;979;0;16170;21;0.4;0.0
FR;80;2021-01-10;310;0;16480;21;0.4;0.0
FR;80;2021-01-11;4439;8;20919;29;0.5;0.0
FR;80;2021-01-12;12721;18;33640;47;0.8;0.0
FR;80;2021-01-13;12446;19;46086;66;1.1;0.0
FR;80;2021-01-14;18246;118;64332;184;1.5;0.0
FR;80;2021-01-15;12140;34;76472;218;1.8;0.0
FR;80;2021-01-16;4034;28;80506;246;1.9;0.0
FR;80;2021-01-17;3746;20;84252;266;2.0;0.0
FR;80;2021-01-18;28752;72;113004;338;2.7;0.0
FR;80;2021-01-19;53781;108;166785;446;4.0;0.0
FR;80;2021-01-20;59432;115;226217;561;5.4;0.0
FR;80;2021-01-21;69946;82;296163;643;7.1;0.0
FR;80;2021-01-22;48331;71;344494;714;8.3;0.0
FR;80;2021-01-23;16216;9;360710;723;8.7;0.0
FR;80;2021-01-24;4314;2;365024;725;8.8;0.0
FR;80;2021-01-25;32412;149;397436;874;9.6;0.0
FR;80;2021-01-26;45117;536;442553;1410;10.6;0.0
FR;80;2021-01-27;50884;892;493437;2302;11.9;0.1
FR;80;2021-01-28;60026;3948;553463;6250;13.3;0.2
FR;80;2021-01-29;39338;3277;592801;9527;14.3;0.2
FR;80;2021-01-30;13222;592;606023;10119;14.6;0.2
FR;80;2021-01-31;2333;286;608356;10405;14.6;0.3
FR;80;2021-02-01;23017;2783;631373;13188;15.2;0.3
FR;80;2021-02-02;33535;7438;664908;20626;16.0;0.5
FR;80;2021-02-03;34430;7882;699338;28508;16.8;0.7
FR;80;2021-02-04;38065;12590;737403;41098;17.7;1.0
FR;80;2021-02-05;29795;9528;767198;50626;18.5;1.2
FR;80;2021-02-06;9704;2125;776902;52751;18.7;1.3
FR;80;2021-02-07;1449;1867;778351;54618;18.7;1.3
FR;80;2021-02-08;19350;11142;797701;65760;19.2;1.6
FR;80;2021-02-09;25896;25611;823597;91371;19.8;2.2
FR;80;2021-02-10;26310;28926;849907;120297;20.4;2.9
FR;80;2021-02-11;30509;38127;880416;158424;21.2;3.8
FR;80;2021-02-12;26720;24679;907136;183103;21.8;4.4
FR;80;2021-02-13;7935;6526;915071;189629;22.0;4.6
FR;80;2021-02-14;1508;3100;916579;192729;22.0;4.6
FR;80;2021-02-15;11136;28312;927715;221041;22.3;5.3
FR;80;2021-02-16;15552;38928;943267;259969;22.7;6.3
FR;80;2021-02-17;15938;44492;959205;304461;23.1;7.3
FR;80;2021-02-18;21509;52525;980714;356986;23.6;8.6
FR;80;2021-02-19;19050;37506;999764;394492;24.0;9.5
FR;80;2021-02-20;6302;12326;1006066;406818;24.2;9.8
FR;80;2021-02-21;913;2970;1006979;409788;24.2;9.9
FR;80;2021-02-22;11173;30694;1018152;440482;24.5;10.6
FR;80;2021-02-23;17105;37292;1035257;477774;24.9;11.5
FR;80;2021-02-24;17981;37086;1053238;514860;25.3;12.4
FR;80;2021-02-25;22282;40866;1075520;555726;25.9;13.4
FR;80;2021-02-26;20519;30912;1096039;586638;26.4;14.1
FR;80;2021-02-27;7169;10284;1103208;596922;26.5;14.4
FR;80;2021-02-28;1260;2121;1104468;599043;26.6;14.4
FR;80;2021-03-01;18777;23211;1123245;622254;27.0;15.0
FR;80;2021-03-02;26886;29109;1150131;651363;27.7;15.7
FR;80;2021-03-03;28686;29243;1178817;680606;28.4;16.4
FR;80;2021-03-04;34871;29689;1213688;710295;29.2;17.1
FR;80;2021-03-05;35860;27478;1249548;737773;30.1;17.7
FR;80;2021-03-06;41357;8347;1290905;746120;31.0;17.9
FR;80;2021-03-07;29705;2017;1320610;748137;31.8;18.0
FR;80;2021-03-08;27161;22485;1347771;770622;32.4;18.5
FR;80;2021-03-09;40697;24657;1388468;795279;33.4;19.1
FR;80;2021-03-10;43080;25384;1431548;820663;34.4;19.7
FR;80;2021-03-11;51615;26879;1483163;847542;35.7;20.4
FR;80;2021-03-12;52073;22963;1535236;870505;36.9;20.9
FR;80;2021-03-13;37419;7007;1572655;877512;37.8;21.1
FR;80;2021-03-14;13879;1521;1586534;879033;38.2;21.1
FR;80;2021-03-15;44021;13928;1630555;892961;39.2;21.5
FR;80;2021-03-16;51790;17033;1682345;909994;40.5;21.9
FR;80;2021-03-17;54620;16546;1736965;926540;41.8;22.3
FR;80;2021-03-18;58453;18818;1795418;945358;43.2;22.7
FR;80;2021-03-19;57313;15717;1852731;961075;44.6;23.1
FR;80;2021-03-20;30967;5330;1883698;966405;45.3;23.2
FR;80;2021-03-21;8686;1091;1892384;967496;45.5;23.3
FR;80;2021-03-22;42819;14546;1935203;982042;46.5;23.6
FR;80;2021-03-23;55514;18035;1990717;1000077;47.9;24.1
FR;80;2021-03-24;54379;19036;2045096;1019113;49.2;24.5
FR;80;2021-03-25;63921;19573;2109017;1038686;50.7;25.0
FR;80;2021-03-26;60077;18252;2169094;1056938;52.2;25.4
FR;80;2021-03-27;26552;7341;2195646;1064279;52.8;25.6
FR;80;2021-03-28;6924;1449;2202570;1065728;53.0;25.6
FR;80;2021-03-29;32815;23389;2235385;1089117;53.8;26.2
FR;80;2021-03-30;43148;30711;2278533;1119828;54.8;26.9
FR;80;2021-03-31;40454;32082;2318987;1151910;55.8;27.7
FR;80;2021-04-01;46043;37701;2365030;1189611;56.9;28.6
FR;80;2021-04-02;37019;39712;2402049;1229323;57.8;29.6
FR;80;2021-04-03;14488;26085;2416537;1255408;58.1;30.2
FR;80;2021-04-04;3866;7558;2420403;1262966;58.2;30.4
FR;80;2021-04-05;5612;4080;2426015;1267046;58.3;30.5
FR;80;2021-04-06;27523;44940;2453538;1311986;59.0;31.6
FR;80;2021-04-07;33405;48372;2486943;1360358;59.8;32.7
FR;80;2021-04-08;39955;49512;2526898;1409870;60.8;33.9
FR;80;2021-04-09;43381;46307;2570279;1456177;61.8;35.0
FR;80;2021-04-10;19810;28864;2590089;1485041;62.3;35.7
FR;80;2021-04-11;4832;9355;2594921;1494396;62.4;35.9
FR;80;2021-04-12;23449;45130;2618370;1539526;63.0;37.0
FR;80;2021-04-13;30144;54603;2648514;1594129;63.7;38.3
FR;80;2021-04-14;28935;52121;2677449;1646250;64.4;39.6
FR;80;2021-04-15;31298;52633;2708747;1698883;65.1;40.9
FR;80;2021-04-16;26375;48959;2735122;1747842;65.8;42.0
FR;80;2021-04-17;12318;25586;2747440;1773428;66.1;42.7
FR;80;2021-04-18;2529;7615;2749969;1781043;66.1;42.8
FR;80;2021-04-19;14208;43693;2764177;1824736;66.5;43.9
FR;80;2021-04-20;17865;53020;2782042;1877756;66.9;45.2
FR;80;2021-04-21;17882;49766;2799924;1927522;67.3;46.4
FR;80;2021-04-22;20572;51179;2820496;1978701;67.8;47.6
FR;80;2021-04-23;18996;44584;2839492;2023285;68.3;48.7
FR;80;2021-04-24;9356;21181;2848848;2044466;68.5;49.2
FR;80;2021-04-25;2663;5144;2851511;2049610;68.6;49.3
FR;80;2021-04-26;12270;30550;2863781;2080160;68.9;50.0
FR;80;2021-04-27;16687;36381;2880468;2116541;69.3;50.9
FR;80;2021-04-28;17887;34565;2898355;2151106;69.7;51.7
FR;80;2021-04-29;21605;35609;2919960;2186715;70.2;52.6
FR;80;2021-04-30;20291;29541;2940251;2216256;70.7;53.3
FR;80;2021-05-01;5789;5808;2946040;2222064;70.9;53.4
FR;80;2021-05-02;2594;3847;2948634;2225911;70.9;53.5
FR;80;2021-05-03;12404;21318;2961038;2247229;71.2;54.0
FR;80;2021-05-04;13773;29937;2974811;2277166;71.5;54.8
FR;80;2021-05-05;13430;29305;2988241;2306471;71.9;55.5
FR;80;2021-05-06;15803;29498;3004044;2335969;72.2;56.2
FR;80;2021-05-07;14497;29753;3018541;2365722;72.6;56.9
FR;80;2021-05-08;4487;6050;3023028;2371772;72.7;57.0
FR;80;2021-05-09;1907;4142;3024935;2375914;72.8;57.1
FR;80;2021-05-10;9121;24340;3034056;2400254;73.0;57.7
FR;80;2021-05-11;12461;27165;3046517;2427419;73.3;58.4
FR;80;2021-05-12;11412;23559;3057929;2450978;73.5;58.9
FR;80;2021-05-13;4878;5395;3062807;2456373;73.7;59.1
FR;80;2021-05-14;10334;16365;3073141;2472738;73.9;59.5
FR;80;2021-05-15;4802;7326;3077943;2480064;74.0;59.6
FR;80;2021-05-16;1533;1526;3079476;2481590;74.1;59.7
FR;80;2021-05-17;7008;13091;3086484;2494681;74.2;60.0
FR;80;2021-05-18;9434;13450;3095918;2508131;74.5;60.3
FR;80;2021-05-19;8852;12086;3104770;2520217;74.7;60.6
FR;80;2021-05-20;10576;12666;3115346;2532883;74.9;60.9
FR;80;2021-05-21;8717;13051;3124063;2545934;75.1;61.2
FR;80;2021-05-22;3813;5185;3127876;2551119;75.2;61.4
FR;80;2021-05-23;1010;1134;3128886;2552253;75.3;61.4
FR;80;2021-05-24;2562;2221;3131448;2554474;75.3;61.4
FR;80;2021-05-25;6513;14246;3137961;2568720;75.5;61.8
FR;80;2021-05-26;6576;14608;3144537;2583328;75.6;62.1
FR;80;2021-05-27;8466;15695;3153003;2599023;75.8;62.5
FR;80;2021-05-28;8058;17988;3161061;2617011;76.0;62.9
FR;80;2021-05-29;3384;8779;3164445;2625790;76.1;63.2
FR;80;2021-05-30;632;1591;3165077;2627381;76.1;63.2
FR;80;2021-05-31;4860;12647;3169937;2640028;76.2;63.5
FR;80;2021-06-01;6883;16443;3176820;2656471;76.4;63.9
FR;0;2020-12-27;20;2;20;2;0.0;0.0
FR;0;2020-12-28;69;0;89;2;0.0;0.0
FR;0;2020-12-29;108;0;197;2;0.0;0.0
FR;0;2020-12-30;120;0;317;2;0.0;0.0
FR;0;2020-12-31;85;0;402;2;0.0;0.0
FR;0;2021-01-01;67;1;469;3;0.0;0.0
FR;0;2021-01-02;79;2;548;5;0.0;0.0
FR;0;2021-01-03;89;0;637;5;0.0;0.0
FR;0;2021-01-04;1472;7;2109;12;0.0;0.0
FR;0;2021-01-05;5387;17;7496;29;0.0;0.0
FR;0;2021-01-06;11291;28;18787;57;0.0;0.0
FR;0;2021-01-07;28548;62;47335;119;0.1;0.0
FR;0;2021-01-08;36172;73;83507;192;0.1;0.0
FR;0;2021-01-09;10904;12;94411;204;0.1;0.0
FR;0;2021-01-10;5615;8;100026;212;0.1;0.0
FR;0;2021-01-11;38939;88;138965;300;0.2;0.0
FR;0;2021-01-12;60789;138;199754;438;0.3;0.0
FR;0;2021-01-13;63704;164;263458;602;0.4;0.0
FR;0;2021-01-14;79811;702;343269;1304;0.5;0.0
FR;0;2021-01-15;67406;277;410675;1581;0.6;0.0
FR;0;2021-01-16;19694;113;430369;1694;0.6;0.0
FR;0;2021-01-17;10465;59;440834;1753;0.7;0.0
FR;0;2021-01-18;84312;299;525146;2052;0.8;0.0
FR;0;2021-01-19;128395;345;653541;2397;1.0;0.0
FR;0;2021-01-20;135019;341;788560;2738;1.2;0.0
FR;0;2021-01-21;155181;312;943741;3050;1.4;0.0
FR;0;2021-01-22;118477;344;1062218;3394;1.6;0.0
FR;0;2021-01-23;37772;72;1099990;3466;1.6;0.0
FR;0;2021-01-24;9360;39;1109350;3505;1.7;0.0
FR;0;2021-01-25;76758;1319;1186108;4824;1.8;0.0
FR;0;2021-01-26;98757;3235;1284865;8059;1.9;0.0
FR;0;2021-01-27;105587;5733;1390452;13792;2.1;0.0
FR;0;2021-01-28;122269;14583;1512721;28375;2.3;0.0
FR;0;2021-01-29;90839;17464;1603560;45839;2.4;0.1
FR;0;2021-01-30;28637;4263;1632197;50102;2.4;0.1
FR;0;2021-01-31;4866;1687;1637063;51789;2.4;0.1
FR;0;2021-02-01;51522;21199;1688585;72988;2.5;0.1
FR;0;2021-02-02;70605;34739;1759190;107727;2.6;0.2
FR;0;2021-02-03;70922;37153;1830112;144880;2.7;0.2
FR;0;2021-02-04;80471;50275;1910583;195155;2.8;0.3
FR;0;2021-02-05;67042;45506;1977625;240661;2.9;0.4
FR;0;2021-02-06;21286;10433;1998911;251094;3.0;0.4
FR;0;2021-02-07;4824;5081;2003735;256175;3.0;0.4
FR;0;2021-02-08;45815;46193;2049550;302368;3.1;0.5
FR;0;2021-02-09;64705;72858;2114255;375226;3.2;0.6
FR;0;2021-02-10;69211;77237;2183466;452463;3.3;0.7
FR;0;2021-02-11;85524;99994;2268990;552457;3.4;0.8
FR;0;2021-02-12;77653;75048;2346643;627505;3.5;0.9
FR;0;2021-02-13;21649;19616;2368292;647121;3.5;1.0
FR;0;2021-02-14;4580;7233;2372872;654354;3.5;1.0
FR;0;2021-02-15;37032;76976;2409904;731330;3.6;1.1
FR;0;2021-02-16;49172;101317;2459076;832647;3.7;1.2
FR;0;2021-02-17;49284;103557;2508360;936204;3.7;1.4
FR;0;2021-02-18;67830;119526;2576190;1055730;3.8;1.6
FR;0;2021-02-19;63644;91581;2639834;1147311;3.9;1.7
FR;0;2021-02-20;17956;28584;2657790;1175895;4.0;1.8
FR;0;2021-02-21;2857;6414;2660647;1182309;4.0;1.8
FR;0;2021-02-22;36441;73625;2697088;1255934;4.0;1.9
FR;0;2021-02-23;52564;84761;2749652;1340695;4.1;2.0
FR;0;2021-02-24;57961;81765;2807613;1422460;4.2;2.1
FR;0;2021-02-25;98461;92708;2906074;1515168;4.3;2.3
FR;0;2021-02-26;111613;72344;3017687;1587512;4.5;2.4
FR;0;2021-02-27;51085;22444;3068772;1609956;4.6;2.4
FR;0;2021-02-28;5666;4484;3074438;1614440;4.6;2.4
FR;0;2021-03-01;63495;53474;3137933;1667914;4.7;2.5
FR;0;2021-03-02;99211;67397;3237144;1735311;4.8;2.6
FR;0;2021-03-03;113333;66909;3350477;1802220;5.0;2.7
FR;0;2021-03-04;159933;71027;3510410;1873247;5.2;2.8
FR;0;2021-03-05;197461;65906;3707871;1939153;5.5;2.9
FR;0;2021-03-06;204328;19496;3912199;1958649;5.8;2.9
FR;0;2021-03-07;119630;6421;4031829;1965070;6.0;2.9
FR;0;2021-03-08;104554;51940;4136383;2017010;6.2;3.0
FR;0;2021-03-09;169347;58655;4305730;2075665;6.4;3.1
FR;0;2021-03-10;175170;59111;4480900;2134776;6.7;3.2
FR;0;2021-03-11;238687;65940;4719587;2200716;7.0;3.3
FR;0;2021-03-12;290229;56723;5009816;2257439;7.5;3.4
FR;0;2021-03-13;227607;17150;5237423;2274589;7.8;3.4
FR;0;2021-03-14;62050;4058;5299473;2278647;7.9;3.4
FR;0;2021-03-15;155476;34692;5454949;2313339;8.1;3.4
FR;0;2021-03-16;139159;41453;5594108;2354792;8.3;3.5
FR;0;2021-03-17;147862;40993;5741970;2395785;8.6;3.6
FR;0;2021-03-18;164830;47620;5906800;2443405;8.8;3.6
FR;0;2021-03-19;226247;41296;6133047;2484701;9.1;3.7
FR;0;2021-03-20;164280;14005;6297327;2498706;9.4;3.7
FR;0;2021-03-21;48712;3483;6346039;2502189;9.5;3.7
FR;0;2021-03-22;166847;37281;6512886;2539470;9.7;3.8
FR;0;2021-03-23;246365;46678;6759251;2586148;10.1;3.9
FR;0;2021-03-24;252909;48195;7012160;2634343;10.4;3.9
FR;0;2021-03-25;336964;50718;7349124;2685061;11.0;4.0
FR;0;2021-03-26;354125;48386;7703249;2733447;11.5;4.1
FR;0;2021-03-27;192707;20080;7895956;2753527;11.8;4.1
FR;0;2021-03-28;58275;4795;7954231;2758322;11.9;4.1
FR;0;2021-03-29;200154;58154;8154385;2816476;12.1;4.2
FR;0;2021-03-30;281569;75528;8435954;2892004;12.6;4.3
FR;0;2021-03-31;258989;78884;8694943;2970888;13.0;4.4
FR;0;2021-04-01;309397;95867;9004340;3066755;13.4;4.6
FR;0;2021-04-02;277204;98978;9281544;3165733;13.8;4.7
FR;0;2021-04-03;138983;65085;9420527;3230818;14.0;4.8
FR;0;2021-04-04;44828;19903;9465355;3250721;14.1;4.8
FR;0;2021-04-05;58723;12711;9524078;3263432;14.2;4.9
FR;0;2021-04-06;212662;113273;9736740;3376705;14.5;5.0
FR;0;2021-04-07;255880;122641;9992620;3499346;14.9;5.2
FR;0;2021-04-08;332198;131491;10324818;3630837;15.4;5.4
FR;0;2021-04-09;404082;127222;10728900;3758059;16.0;5.6
FR;0;2021-04-10;209894;88136;10938794;3846195;16.3;5.7
FR;0;2021-04-11;54946;36312;10993740;3882507;16.4;5.8
FR;0;2021-04-12;233477;121535;11227217;4004042;16.7;6.0
FR;0;2021-04-13;304707;153506;11531924;4157548;17.2;6.2
FR;0;2021-04-14;289062;148423;11820986;4305971;17.6;6.4
FR;0;2021-04-15;331111;158352;12152097;4464323;18.1;6.7
FR;0;2021-04-16;334256;155630;12486353;4619953;18.6;6.9
FR;0;2021-04-17;185875;95545;12672228;4715498;18.9;7.0
FR;0;2021-04-18;50398;37193;12722626;4752691;19.0;7.1
FR;0;2021-04-19;202196;145043;12924822;4897734;19.3;7.3
FR;0;2021-04-20;249959;179253;13174781;5076987;19.6;7.6
FR;0;2021-04-21;248350;177447;13423131;5254434;20.0;7.8
FR;0;2021-04-22;281911;198567;13705042;5453001;20.4;8.1
FR;0;2021-04-23;289284;194708;13994326;5647709;20.9;8.4
FR;0;2021-04-24;187293;119555;14181619;5767264;21.1;8.6
FR;0;2021-04-25;67895;41656;14249514;5808920;21.2;8.7
FR;0;2021-04-26;215280;166667;14464794;5975587;21.6;8.9
FR;0;2021-04-27;279564;207182;14744358;6182769;22.0;9.2
FR;0;2021-04-28;293945;204385;15038303;6387154;22.4;9.5
FR;0;2021-04-29;351016;226449;15389319;6613603;22.9;9.9
FR;0;2021-04-30;366332;219502;15755651;6833105;23.5;10.2
FR;0;2021-05-01;163068;61522;15918719;6894627;23.7;10.3
FR;0;2021-05-02;89595;42343;16008314;6936970;23.9;10.3
FR;0;2021-05-03;281487;187027;16289801;7123997;24.3;10.6
FR;0;2021-05-04;308003;247014;16597804;7371011;24.7;11.0
FR;0;2021-05-05;317863;246356;16915667;7617367;25.2;11.3
FR;0;2021-05-06;371235;269376;17286902;7886743;25.8;11.8
FR;0;2021-05-07;364448;295113;17651350;8181856;26.3;12.2
FR;0;2021-05-08;207994;79394;17859344;8261250;26.6;12.3
FR;0;2021-05-09;127361;54191;17986705;8315441;26.8;12.4
FR;0;2021-05-10;302773;251841;18289478;8567282;27.3;12.8
FR;0;2021-05-11;394997;292968;18684475;8860250;27.8;13.2
FR;0;2021-05-12;420084;265366;19104559;9125616;28.5;13.6
FR;0;2021-05-13;331001;75931;19435560;9201547;29.0;13.7
FR;0;2021-05-14;442394;199387;19877954;9400934;29.6;14.0
FR;0;2021-05-15;362891;117335;20240845;9518269;30.2;14.2
FR;0;2021-05-16;199286;32839;20440131;9551108;30.5;14.2
FR;0;2021-05-17;366779;175946;20806910;9727054;31.0;14.5
FR;0;2021-05-18;444193;188030;21251103;9915084;31.7;14.8
FR;0;2021-05-19;454412;178957;21705515;10094041;32.3;15.0
FR;0;2021-05-20;493894;200325;22199409;10294366;33.1;15.3
FR;0;2021-05-21;475369;217349;22674778;10511715;33.8;15.7
FR;0;2021-05-22;340357;105992;23015135;10617707;34.3;15.8
FR;0;2021-05-23;158404;25700;23173539;10643407;34.5;15.9
FR;0;2021-05-24;256473;51499;23430012;10694906;34.9;15.9
FR;0;2021-05-25;389147;223499;23819159;10918405;35.5;16.3
FR;0;2021-05-26;395256;226321;24214415;11144726;36.1;16.6
FR;0;2021-05-27;437299;253116;24651714;11397842;36.7;17.0
FR;0;2021-05-28;417009;314009;25068723;11711851;37.4;17.5
FR;0;2021-05-29;293205;180129;25361928;11891980;37.8;17.7
FR;0;2021-05-30;104172;41379;25466100;11933359;37.9;17.8
FR;0;2021-05-31;348238;238973;25814338;12172332;38.5;18.1
FR;0;2021-06-01;405217;298348;26219555;12470680;39.1;18.6
