fra;clage_vacsi;jour;n_dose1;n_complet;n_cum_dose1;n_cum_complet;couv_dose1;couv_complet
FR;24;2020-12-27;0;0;0;0;0.0;0.0
FR;24;2020-12-28;0;0;0;0;0.0;0.0
FR;24;2020-12-29;0;0;0;0;0.0;0.0
FR;24;2020-12-30;0;0;0;0;0.0;0.0
FR;24;2020-12-31;0;0;0;0;0.0;0.0
FR;24;2021-01-01;1;0;1;0;0.0;0.0
FR;24;2021-01-02;0;0;1;0;0.0;0.0
FR;24;2021-01-03;2;0;3;0;0.0;0.0
FR;24;2021-01-04;4;0;7;0;0.0;0.0
FR;24;2021-01-05;17;0;24;0;0.0;0.0
FR;24;2021-01-06;36;0;60;0;0.0;0.0
FR;24;2021-01-07;179;0;239;0;0.0;0.0
FR;24;2021-01-08;216;0;455;0;0.0;0.0
FR;24;2021-01-09;40;0;495;0;0.0;0.0
FR;24;2021-01-10;35;0;530;0;0.0;0.0
FR;24;2021-01-11;249;0;779;0;0.0;0.0
FR;24;2021-01-12;394;0;1173;0;0.0;0.0
FR;24;2021-01-13;474;1;1647;1;0.0;0.0
FR;24;2021-01-14;607;0;2254;1;0.0;0.0
FR;24;2021-01-15;583;0;2837;1;0.1;0.0
FR;24;2021-01-16;116;4;2953;5;0.1;0.0
FR;24;2021-01-17;94;0;3047;5;0.1;0.0
FR;24;2021-01-18;506;1;3553;6;0.1;0.0
FR;24;2021-01-19;593;1;4146;7;0.1;0.0
FR;24;2021-01-20;648;0;4794;7;0.1;0.0
FR;24;2021-01-21;746;2;5540;9;0.1;0.0
FR;24;2021-01-22;597;4;6137;13;0.1;0.0
FR;24;2021-01-23;116;0;6253;13;0.1;0.0
FR;24;2021-01-24;22;1;6275;14;0.1;0.0
FR;24;2021-01-25;293;4;6568;18;0.1;0.0
FR;24;2021-01-26;357;12;6925;30;0.1;0.0
FR;24;2021-01-27;440;14;7365;44;0.1;0.0
FR;24;2021-01-28;593;54;7958;98;0.1;0.0
FR;24;2021-01-29;466;95;8424;193;0.2;0.0
FR;24;2021-01-30;86;17;8510;210;0.2;0.0
FR;24;2021-01-31;25;13;8535;223;0.2;0.0
FR;24;2021-02-01;155;152;8690;375;0.2;0.0
FR;24;2021-02-02;213;205;8903;580;0.2;0.0
FR;24;2021-02-03;215;227;9118;807;0.2;0.0
FR;24;2021-02-04;357;410;9475;1217;0.2;0.0
FR;24;2021-02-05;342;358;9817;1575;0.2;0.0
FR;24;2021-02-06;82;64;9899;1639;0.2;0.0
FR;24;2021-02-07;168;43;10067;1682;0.2;0.0
FR;24;2021-02-08;388;405;10455;2087;0.2;0.0
FR;24;2021-02-09;738;513;11193;2600;0.2;0.0
FR;24;2021-02-10;1066;680;12259;3280;0.2;0.1
FR;24;2021-02-11;1556;792;13815;4072;0.3;0.1
FR;24;2021-02-12;1593;564;15408;4636;0.3;0.1
FR;24;2021-02-13;289;82;15697;4718;0.3;0.1
FR;24;2021-02-14;58;23;15755;4741;0.3;0.1
FR;24;2021-02-15;1021;366;16776;5107;0.3;0.1
FR;24;2021-02-16;1543;445;18319;5552;0.3;0.1
FR;24;2021-02-17;1477;499;19796;6051;0.4;0.1
FR;24;2021-02-18;1899;654;21695;6705;0.4;0.1
FR;24;2021-02-19;1838;549;23533;7254;0.4;0.1
FR;24;2021-02-20;324;73;23857;7327;0.4;0.1
FR;24;2021-02-21;38;11;23895;7338;0.4;0.1
FR;24;2021-02-22;1144;236;25039;7574;0.5;0.1
FR;24;2021-02-23;1557;323;26596;7897;0.5;0.1
FR;24;2021-02-24;1638;316;28234;8213;0.5;0.2
FR;24;2021-02-25;2239;391;30473;8604;0.6;0.2
FR;24;2021-02-26;2149;326;32622;8930;0.6;0.2
FR;24;2021-02-27;525;84;33147;9014;0.6;0.2
FR;24;2021-02-28;90;13;33237;9027;0.6;0.2
FR;24;2021-03-01;1233;187;34470;9214;0.6;0.2
FR;24;2021-03-02;1633;283;36103;9497;0.7;0.2
FR;24;2021-03-03;1735;300;37838;9797;0.7;0.2
FR;24;2021-03-04;2083;507;39921;10304;0.7;0.2
FR;24;2021-03-05;3235;392;43156;10696;0.8;0.2
FR;24;2021-03-06;1688;84;44844;10780;0.8;0.2
FR;24;2021-03-07;972;16;45816;10796;0.8;0.2
FR;24;2021-03-08;1941;156;47757;10952;0.9;0.2
FR;24;2021-03-09;2582;230;50339;11182;0.9;0.2
FR;24;2021-03-10;2392;288;52731;11470;1.0;0.2
FR;24;2021-03-11;2886;450;55617;11920;1.0;0.2
FR;24;2021-03-12;3788;352;59405;12272;1.1;0.2
FR;24;2021-03-13;1464;65;60869;12337;1.1;0.2
FR;24;2021-03-14;529;20;61398;12357;1.1;0.2
FR;24;2021-03-15;1815;175;63213;12532;1.2;0.2
FR;24;2021-03-16;820;272;64033;12804;1.2;0.2
FR;24;2021-03-17;1066;309;65099;13113;1.2;0.2
FR;24;2021-03-18;1294;397;66393;13510;1.2;0.2
FR;24;2021-03-19;1858;330;68251;13840;1.3;0.3
FR;24;2021-03-20;824;71;69075;13911;1.3;0.3
FR;24;2021-03-21;631;34;69706;13945;1.3;0.3
FR;24;2021-03-22;1492;237;71198;14182;1.3;0.3
FR;24;2021-03-23;1790;363;72988;14545;1.3;0.3
FR;24;2021-03-24;2145;333;75133;14878;1.4;0.3
FR;24;2021-03-25;2552;447;77685;15325;1.4;0.3
FR;24;2021-03-26;3140;441;80825;15766;1.5;0.3
FR;24;2021-03-27;1880;174;82705;15940;1.5;0.3
FR;24;2021-03-28;1008;55;83713;15995;1.5;0.3
FR;24;2021-03-29;2365;321;86078;16316;1.6;0.3
FR;24;2021-03-30;3511;469;89589;16785;1.7;0.3
FR;24;2021-03-31;4011;465;93600;17250;1.7;0.3
FR;24;2021-04-01;5299;683;98899;17933;1.8;0.3
FR;24;2021-04-02;4367;583;103266;18516;1.9;0.3
FR;24;2021-04-03;1718;315;104984;18831;1.9;0.3
FR;24;2021-04-04;950;116;105934;18947;2.0;0.3
FR;24;2021-04-05;1082;123;107016;19070;2.0;0.4
FR;24;2021-04-06;3410;574;110426;19644;2.0;0.4
FR;24;2021-04-07;4675;734;115101;20378;2.1;0.4
FR;24;2021-04-08;6130;1045;121231;21423;2.2;0.4
FR;24;2021-04-09;5615;976;126846;22399;2.3;0.4
FR;24;2021-04-10;2602;524;129448;22923;2.4;0.4
FR;24;2021-04-11;1237;292;130685;23215;2.4;0.4
FR;24;2021-04-12;3340;877;134025;24092;2.5;0.4
FR;24;2021-04-13;4635;1044;138660;25136;2.6;0.5
FR;24;2021-04-14;4734;1244;143394;26380;2.6;0.5
FR;24;2021-04-15;5000;1512;148394;27892;2.7;0.5
FR;24;2021-04-16;4656;1622;153050;29514;2.8;0.5
FR;24;2021-04-17;2086;779;155136;30293;2.9;0.6
FR;24;2021-04-18;713;434;155849;30727;2.9;0.6
FR;24;2021-04-19;2862;1485;158711;32212;2.9;0.6
FR;24;2021-04-20;3031;2128;161742;34340;3.0;0.6
FR;24;2021-04-21;3314;2481;165056;36821;3.0;0.7
FR;24;2021-04-22;3927;3185;168983;40006;3.1;0.7
FR;24;2021-04-23;3995;3226;172978;43232;3.2;0.8
FR;24;2021-04-24;2350;1598;175328;44830;3.2;0.8
FR;24;2021-04-25;1201;784;176529;45614;3.3;0.8
FR;24;2021-04-26;2967;2242;179496;47856;3.3;0.9
FR;24;2021-04-27;3768;3074;183264;50930;3.4;0.9
FR;24;2021-04-28;4137;3647;187401;54577;3.5;1.0
FR;24;2021-04-29;5107;4221;192508;58798;3.5;1.1
FR;24;2021-04-30;5735;4342;198243;63140;3.7;1.2
FR;24;2021-05-01;3603;1018;201846;64158;3.7;1.2
FR;24;2021-05-02;2654;849;204500;65007;3.8;1.2
FR;29;2020-12-27;0;0;0;0;0.0;0.0
FR;29;2020-12-28;1;0;1;0;0.0;0.0
FR;29;2020-12-29;0;0;1;0;0.0;0.0
FR;29;2020-12-30;0;0;1;0;0.0;0.0
FR;29;2020-12-31;0;0;1;0;0.0;0.0
FR;29;2021-01-01;2;0;3;0;0.0;0.0
FR;29;2021-01-02;2;0;5;0;0.0;0.0
FR;29;2021-01-03;2;0;7;0;0.0;0.0
FR;29;2021-01-04;10;0;17;0;0.0;0.0
FR;29;2021-01-05;42;0;59;0;0.0;0.0
FR;29;2021-01-06;142;0;201;0;0.0;0.0
FR;29;2021-01-07;305;0;506;0;0.0;0.0
FR;29;2021-01-08;514;0;1020;0;0.0;0.0
FR;29;2021-01-09;112;0;1132;0;0.0;0.0
FR;29;2021-01-10;91;0;1223;0;0.0;0.0
FR;29;2021-01-11;640;0;1863;0;0.1;0.0
FR;29;2021-01-12;922;2;2785;2;0.1;0.0
FR;29;2021-01-13;1201;2;3986;4;0.1;0.0
FR;29;2021-01-14;1549;2;5535;6;0.1;0.0
FR;29;2021-01-15;1295;1;6830;7;0.2;0.0
FR;29;2021-01-16;191;9;7021;16;0.2;0.0
FR;29;2021-01-17;158;0;7179;16;0.2;0.0
FR;29;2021-01-18;1037;2;8216;18;0.2;0.0
FR;29;2021-01-19;1139;4;9355;22;0.3;0.0
FR;29;2021-01-20;1187;2;10542;24;0.3;0.0
FR;29;2021-01-21;1439;4;11981;28;0.3;0.0
FR;29;2021-01-22;1138;2;13119;30;0.4;0.0
FR;29;2021-01-23;166;0;13285;30;0.4;0.0
FR;29;2021-01-24;51;1;13336;31;0.4;0.0
FR;29;2021-01-25;531;11;13867;42;0.4;0.0
FR;29;2021-01-26;654;33;14521;75;0.4;0.0
FR;29;2021-01-27;715;72;15236;147;0.4;0.0
FR;29;2021-01-28;1028;140;16264;287;0.4;0.0
FR;29;2021-01-29;797;177;17061;464;0.5;0.0
FR;29;2021-01-30;140;39;17201;503;0.5;0.0
FR;29;2021-01-31;33;33;17234;536;0.5;0.0
FR;29;2021-02-01;260;321;17494;857;0.5;0.0
FR;29;2021-02-02;402;446;17896;1303;0.5;0.0
FR;29;2021-02-03;452;532;18348;1835;0.5;0.0
FR;29;2021-02-04;601;819;18949;2654;0.5;0.1
FR;29;2021-02-05;528;811;19477;3465;0.5;0.1
FR;29;2021-02-06;140;116;19617;3581;0.5;0.1
FR;29;2021-02-07;304;76;19921;3657;0.5;0.1
FR;29;2021-02-08;598;888;20519;4545;0.6;0.1
FR;29;2021-02-09;1239;1169;21758;5714;0.6;0.2
FR;29;2021-02-10;1691;1341;23449;7055;0.6;0.2
FR;29;2021-02-11;2435;1610;25884;8665;0.7;0.2
FR;29;2021-02-12;2181;1249;28065;9914;0.8;0.3
FR;29;2021-02-13;421;125;28486;10039;0.8;0.3
FR;29;2021-02-14;129;60;28615;10099;0.8;0.3
FR;29;2021-02-15;1546;789;30161;10888;0.8;0.3
FR;29;2021-02-16;1894;922;32055;11810;0.9;0.3
FR;29;2021-02-17;1865;968;33920;12778;0.9;0.3
FR;29;2021-02-18;2358;1205;36278;13983;1.0;0.4
FR;29;2021-02-19;2306;927;38584;14910;1.0;0.4
FR;29;2021-02-20;378;97;38962;15007;1.0;0.4
FR;29;2021-02-21;86;24;39048;15031;1.1;0.4
FR;29;2021-02-22;1337;462;40385;15493;1.1;0.4
FR;29;2021-02-23;1743;623;42128;16116;1.1;0.4
FR;29;2021-02-24;1771;510;43899;16626;1.2;0.4
FR;29;2021-02-25;2364;770;46263;17396;1.2;0.5
FR;29;2021-02-26;2546;580;48809;17976;1.3;0.5
FR;29;2021-02-27;599;94;49408;18070;1.3;0.5
FR;29;2021-02-28;111;27;49519;18097;1.3;0.5
FR;29;2021-03-01;1261;304;50780;18401;1.4;0.5
FR;29;2021-03-02;1772;527;52552;18928;1.4;0.5
FR;29;2021-03-03;1959;501;54511;19429;1.5;0.5
FR;29;2021-03-04;2426;756;56937;20185;1.5;0.5
FR;29;2021-03-05;3560;586;60497;20771;1.6;0.6
FR;29;2021-03-06;1602;97;62099;20868;1.7;0.6
FR;29;2021-03-07;817;31;62916;20899;1.7;0.6
FR;29;2021-03-08;1924;284;64840;21183;1.7;0.6
FR;29;2021-03-09;2622;347;67462;21530;1.8;0.6
FR;29;2021-03-10;2510;436;69972;21966;1.9;0.6
FR;29;2021-03-11;3295;705;73267;22671;2.0;0.6
FR;29;2021-03-12;3915;625;77182;23296;2.1;0.6
FR;29;2021-03-13;1611;87;78793;23383;2.1;0.6
FR;29;2021-03-14;560;30;79353;23413;2.1;0.6
FR;29;2021-03-15;1867;258;81220;23671;2.2;0.6
FR;29;2021-03-16;1108;443;82328;24114;2.2;0.6
FR;29;2021-03-17;1368;488;83696;24602;2.3;0.7
FR;29;2021-03-18;1637;591;85333;25193;2.3;0.7
FR;29;2021-03-19;2213;477;87546;25670;2.4;0.7
FR;29;2021-03-20;985;103;88531;25773;2.4;0.7
FR;29;2021-03-21;724;31;89255;25804;2.4;0.7
FR;29;2021-03-22;1650;328;90905;26132;2.4;0.7
FR;29;2021-03-23;2197;538;93102;26670;2.5;0.7
FR;29;2021-03-24;2517;496;95619;27166;2.6;0.7
FR;29;2021-03-25;3357;615;98976;27781;2.7;0.7
FR;29;2021-03-26;3695;595;102671;28376;2.8;0.8
FR;29;2021-03-27;2137;216;104808;28592;2.8;0.8
FR;29;2021-03-28;962;51;105770;28643;2.8;0.8
FR;29;2021-03-29;2684;453;108454;29096;2.9;0.8
FR;29;2021-03-30;3888;641;112342;29737;3.0;0.8
FR;29;2021-03-31;4370;705;116712;30442;3.1;0.8
FR;29;2021-04-01;5745;924;122457;31366;3.3;0.8
FR;29;2021-04-02;4817;831;127274;32197;3.4;0.9
FR;29;2021-04-03;1739;290;129013;32487;3.5;0.9
FR;29;2021-04-04;894;108;129907;32595;3.5;0.9
FR;29;2021-04-05;908;95;130815;32690;3.5;0.9
FR;29;2021-04-06;3369;748;134184;33438;3.6;0.9
FR;29;2021-04-07;4412;1006;138596;34444;3.7;0.9
FR;29;2021-04-08;6067;1358;144663;35802;3.9;1.0
FR;29;2021-04-09;6146;1220;150809;37022;4.1;1.0
FR;29;2021-04-10;2624;575;153433;37597;4.1;1.0
FR;29;2021-04-11;1153;313;154586;37910;4.2;1.0
FR;29;2021-04-12;3502;944;158088;38854;4.3;1.0
FR;29;2021-04-13;4727;1347;162815;40201;4.4;1.1
FR;29;2021-04-14;4600;1420;167415;41621;4.5;1.1
FR;29;2021-04-15;5397;1766;172812;43387;4.6;1.2
FR;29;2021-04-16;4633;1794;177445;45181;4.8;1.2
FR;29;2021-04-17;2195;881;179640;46062;4.8;1.2
FR;29;2021-04-18;757;508;180397;46570;4.9;1.3
FR;29;2021-04-19;2782;1702;183179;48272;4.9;1.3
FR;29;2021-04-20;3395;2483;186574;50755;5.0;1.4
FR;29;2021-04-21;3329;2797;189903;53552;5.1;1.4
FR;29;2021-04-22;4320;3909;194223;57461;5.2;1.5
FR;29;2021-04-23;4360;3679;198583;61140;5.3;1.6
FR;29;2021-04-24;2657;1744;201240;62884;5.4;1.7
FR;29;2021-04-25;1161;715;202401;63599;5.4;1.7
FR;29;2021-04-26;2847;2510;205248;66109;5.5;1.8
FR;29;2021-04-27;3865;3509;209113;69618;5.6;1.9
FR;29;2021-04-28;4415;3894;213528;73512;5.7;2.0
FR;29;2021-04-29;5483;4728;219011;78240;5.9;2.1
FR;29;2021-04-30;6012;4877;225023;83117;6.1;2.2
FR;29;2021-05-01;3874;1126;228897;84243;6.2;2.3
FR;29;2021-05-02;2520;860;231417;85103;6.2;2.3
FR;39;2020-12-27;0;0;0;0;0.0;0.0
FR;39;2020-12-28;0;0;0;0;0.0;0.0
FR;39;2020-12-29;1;0;1;0;0.0;0.0
FR;39;2020-12-30;3;0;4;0;0.0;0.0
FR;39;2020-12-31;1;0;5;0;0.0;0.0
FR;39;2021-01-01;3;0;8;0;0.0;0.0
FR;39;2021-01-02;0;0;8;0;0.0;0.0
FR;39;2021-01-03;2;0;10;0;0.0;0.0
FR;39;2021-01-04;23;0;33;0;0.0;0.0
FR;39;2021-01-05;138;0;171;0;0.0;0.0
FR;39;2021-01-06;384;0;555;0;0.0;0.0
FR;39;2021-01-07;1170;3;1725;3;0.0;0.0
FR;39;2021-01-08;1772;0;3497;3;0.0;0.0
FR;39;2021-01-09;472;0;3969;3;0.0;0.0
FR;39;2021-01-10;307;0;4276;3;0.1;0.0
FR;39;2021-01-11;2192;2;6468;5;0.1;0.0
FR;39;2021-01-12;3375;2;9843;7;0.1;0.0
FR;39;2021-01-13;3461;4;13304;11;0.2;0.0
FR;39;2021-01-14;4746;3;18050;14;0.2;0.0
FR;39;2021-01-15;4350;0;22400;14;0.3;0.0
FR;39;2021-01-16;768;54;23168;68;0.3;0.0
FR;39;2021-01-17;487;2;23655;70;0.3;0.0
FR;39;2021-01-18;3059;10;26714;80;0.3;0.0
FR;39;2021-01-19;3975;9;30689;89;0.4;0.0
FR;39;2021-01-20;3870;4;34559;93;0.4;0.0
FR;39;2021-01-21;5092;15;39651;108;0.5;0.0
FR;39;2021-01-22;3905;13;43556;121;0.5;0.0
FR;39;2021-01-23;587;3;44143;124;0.5;0.0
FR;39;2021-01-24;181;0;44324;124;0.5;0.0
FR;39;2021-01-25;1579;42;45903;166;0.6;0.0
FR;39;2021-01-26;2144;101;48047;267;0.6;0.0
FR;39;2021-01-27;2269;233;50316;500;0.6;0.0
FR;39;2021-01-28;3460;540;53776;1040;0.6;0.0
FR;39;2021-01-29;2662;771;56438;1811;0.7;0.0
FR;39;2021-01-30;393;219;56831;2030;0.7;0.0
FR;39;2021-01-31;89;84;56920;2114;0.7;0.0
FR;39;2021-02-01;745;1176;57665;3290;0.7;0.0
FR;39;2021-02-02;1319;1886;58984;5176;0.7;0.1
FR;39;2021-02-03;1344;1833;60328;7009;0.7;0.1
FR;39;2021-02-04;1952;2947;62280;9956;0.8;0.1
FR;39;2021-02-05;1624;3014;63904;12970;0.8;0.2
FR;39;2021-02-06;391;453;64295;13423;0.8;0.2
FR;39;2021-02-07;550;259;64845;13682;0.8;0.2
FR;39;2021-02-08;1496;2569;66341;16251;0.8;0.2
FR;39;2021-02-09;3144;3796;69485;20047;0.8;0.2
FR;39;2021-02-10;3825;3991;73310;24038;0.9;0.3
FR;39;2021-02-11;6092;5531;79402;29569;1.0;0.4
FR;39;2021-02-12;5721;4164;85123;33733;1.0;0.4
FR;39;2021-02-13;1222;496;86345;34229;1.0;0.4
FR;39;2021-02-14;381;216;86726;34445;1.0;0.4
FR;39;2021-02-15;3342;2327;90068;36772;1.1;0.4
FR;39;2021-02-16;4368;2835;94436;39607;1.1;0.5
FR;39;2021-02-17;3952;2897;98388;42504;1.2;0.5
FR;39;2021-02-18;5889;4101;104277;46605;1.3;0.6
FR;39;2021-02-19;5766;3058;110043;49663;1.3;0.6
FR;39;2021-02-20;1123;404;111166;50067;1.3;0.6
FR;39;2021-02-21;183;78;111349;50145;1.3;0.6
FR;39;2021-02-22;2938;1440;114287;51585;1.4;0.6
FR;39;2021-02-23;3850;1777;118137;53362;1.4;0.6
FR;39;2021-02-24;3673;1649;121810;55011;1.5;0.7
FR;39;2021-02-25;5506;2233;127316;57244;1.5;0.7
FR;39;2021-02-26;6025;1736;133341;58980;1.6;0.7
FR;39;2021-02-27;1639;272;134980;59252;1.6;0.7
FR;39;2021-02-28;239;76;135219;59328;1.6;0.7
FR;39;2021-03-01;2894;875;138113;60203;1.7;0.7
FR;39;2021-03-02;4172;1551;142285;61754;1.7;0.7
FR;39;2021-03-03;4182;1372;146467;63126;1.8;0.8
FR;39;2021-03-04;6169;2440;152636;65566;1.8;0.8
FR;39;2021-03-05;9031;1883;161667;67449;1.9;0.8
FR;39;2021-03-06;4846;282;166513;67731;2.0;0.8
FR;39;2021-03-07;2628;69;169141;67800;2.0;0.8
FR;39;2021-03-08;4637;798;173778;68598;2.1;0.8
FR;39;2021-03-09;6795;1249;180573;69847;2.2;0.8
FR;39;2021-03-10;6005;1372;186578;71219;2.2;0.9
FR;39;2021-03-11;8563;2258;195141;73477;2.4;0.9
FR;39;2021-03-12;11306;1852;206447;75329;2.5;0.9
FR;39;2021-03-13;5188;307;211635;75636;2.6;0.9
FR;39;2021-03-14;1732;60;213367;75696;2.6;0.9
FR;39;2021-03-15;4734;800;218101;76496;2.6;0.9
FR;39;2021-03-16;3339;1246;221440;77742;2.7;0.9
FR;39;2021-03-17;3422;1327;224862;79069;2.7;1.0
FR;39;2021-03-18;4621;1865;229483;80934;2.8;1.0
FR;39;2021-03-19;6212;1405;235695;82339;2.8;1.0
FR;39;2021-03-20;3160;294;238855;82633;2.9;1.0
FR;39;2021-03-21;2066;85;240921;82718;2.9;1.0
FR;39;2021-03-22;4422;927;245343;83645;3.0;1.0
FR;39;2021-03-23;6131;1460;251474;85105;3.0;1.0
FR;39;2021-03-24;6270;1218;257744;86323;3.1;1.0
FR;39;2021-03-25;8990;1588;266734;87911;3.2;1.1
FR;39;2021-03-26;10564;1471;277298;89382;3.3;1.1
FR;39;2021-03-27;5970;570;283268;89952;3.4;1.1
FR;39;2021-03-28;2730;160;285998;90112;3.4;1.1
FR;39;2021-03-29;7028;1084;293026;91196;3.5;1.1
FR;39;2021-03-30;10357;1687;303383;92883;3.7;1.1
FR;39;2021-03-31;10944;1660;314327;94543;3.8;1.1
FR;39;2021-04-01;14732;2489;329059;97032;4.0;1.2
FR;39;2021-04-02;13095;2362;342154;99394;4.1;1.2
FR;39;2021-04-03;5550;978;347704;100372;4.2;1.2
FR;39;2021-04-04;2510;324;350214;100696;4.2;1.2
FR;39;2021-04-05;2511;271;352725;100967;4.3;1.2
FR;39;2021-04-06;8970;2334;361695;103301;4.4;1.2
FR;39;2021-04-07;11937;2582;373632;105883;4.5;1.3
FR;39;2021-04-08;16393;3549;390025;109432;4.7;1.3
FR;39;2021-04-09;16527;3396;406552;112828;4.9;1.4
FR;39;2021-04-10;7356;1852;413908;114680;5.0;1.4
FR;39;2021-04-11;2963;917;416871;115597;5.0;1.4
FR;39;2021-04-12;9450;2593;426321;118190;5.1;1.4
FR;39;2021-04-13;12666;3675;438987;121865;5.3;1.5
FR;39;2021-04-14;12513;3697;451500;125562;5.4;1.5
FR;39;2021-04-15;14321;4673;465821;130235;5.6;1.6
FR;39;2021-04-16;12428;5160;478249;135395;5.8;1.6
FR;39;2021-04-17;6015;2682;484264;138077;5.8;1.7
FR;39;2021-04-18;2228;1536;486492;139613;5.9;1.7
FR;39;2021-04-19;7730;4565;494222;144178;6.0;1.7
FR;39;2021-04-20;9167;6674;503389;150852;6.1;1.8
FR;39;2021-04-21;9963;7244;513352;158096;6.2;1.9
FR;39;2021-04-22;11514;10415;524866;168511;6.3;2.0
FR;39;2021-04-23;11638;10336;536504;178847;6.5;2.2
FR;39;2021-04-24;7723;4938;544227;183785;6.6;2.2
FR;39;2021-04-25;3409;2087;547636;185872;6.6;2.2
FR;39;2021-04-26;8303;7016;555939;192888;6.7;2.3
FR;39;2021-04-27;11500;9279;567439;202167;6.8;2.4
FR;39;2021-04-28;12727;9737;580166;211904;7.0;2.6
FR;39;2021-04-29;16197;12402;596363;224306;7.2;2.7
FR;39;2021-04-30;18642;12607;615005;236913;7.4;2.9
FR;39;2021-05-01;12701;3355;627706;240268;7.6;2.9
FR;39;2021-05-02;9096;2357;636802;242625;7.7;2.9
FR;49;2020-12-27;1;0;1;0;0.0;0.0
FR;49;2020-12-28;1;0;2;0;0.0;0.0
FR;49;2020-12-29;1;0;3;0;0.0;0.0
FR;49;2020-12-30;6;0;9;0;0.0;0.0
FR;49;2020-12-31;1;0;10;0;0.0;0.0
FR;49;2021-01-01;3;0;13;0;0.0;0.0
FR;49;2021-01-02;9;0;22;0;0.0;0.0
FR;49;2021-01-03;4;0;26;0;0.0;0.0
FR;49;2021-01-04;85;0;111;0;0.0;0.0
FR;49;2021-01-05;331;0;442;0;0.0;0.0
FR;49;2021-01-06;853;0;1295;0;0.0;0.0
FR;49;2021-01-07;2149;2;3444;2;0.0;0.0
FR;49;2021-01-08;3329;2;6773;4;0.1;0.0
FR;49;2021-01-09;997;0;7770;4;0.1;0.0
FR;49;2021-01-10;473;0;8243;4;0.1;0.0
FR;49;2021-01-11;4135;3;12378;7;0.1;0.0
FR;49;2021-01-12;5814;3;18192;10;0.2;0.0
FR;49;2021-01-13;6117;1;24309;11;0.3;0.0
FR;49;2021-01-14;8297;7;32606;18;0.4;0.0
FR;49;2021-01-15;7556;1;40162;19;0.5;0.0
FR;49;2021-01-16;1415;74;41577;93;0.5;0.0
FR;49;2021-01-17;619;3;42196;96;0.5;0.0
FR;49;2021-01-18;5041;10;47237;106;0.5;0.0
FR;49;2021-01-19;6765;7;54002;113;0.6;0.0
FR;49;2021-01-20;6578;11;60580;124;0.7;0.0
FR;49;2021-01-21;8314;14;68894;138;0.8;0.0
FR;49;2021-01-22;6183;19;75077;157;0.9;0.0
FR;49;2021-01-23;1007;8;76084;165;0.9;0.0
FR;49;2021-01-24;280;3;76364;168;0.9;0.0
FR;49;2021-01-25;2590;100;78954;268;0.9;0.0
FR;49;2021-01-26;3688;238;82642;506;1.0;0.0
FR;49;2021-01-27;3960;443;86602;949;1.0;0.0
FR;49;2021-01-28;5503;1111;92105;2060;1.1;0.0
FR;49;2021-01-29;4374;1714;96479;3774;1.1;0.0
FR;49;2021-01-30;688;393;97167;4167;1.1;0.0
FR;49;2021-01-31;137;143;97304;4310;1.1;0.1
FR;49;2021-02-01;1358;2348;98662;6658;1.1;0.1
FR;49;2021-02-02;2252;3658;100914;10316;1.2;0.1
FR;49;2021-02-03;2284;3672;103198;13988;1.2;0.2
FR;49;2021-02-04;3312;5460;106510;19448;1.2;0.2
FR;49;2021-02-05;2753;5466;109263;24914;1.3;0.3
FR;49;2021-02-06;559;904;109822;25818;1.3;0.3
FR;49;2021-02-07;519;364;110341;26182;1.3;0.3
FR;49;2021-02-08;1918;4375;112259;30557;1.3;0.4
FR;49;2021-02-09;4309;6402;116568;36959;1.4;0.4
FR;49;2021-02-10;5417;6752;121985;43711;1.4;0.5
FR;49;2021-02-11;7893;8902;129878;52613;1.5;0.6
FR;49;2021-02-12;7219;6705;137097;59318;1.6;0.7
FR;49;2021-02-13;1674;908;138771;60226;1.6;0.7
FR;49;2021-02-14;400;349;139171;60575;1.6;0.7
FR;49;2021-02-15;4070;3705;143241;64280;1.7;0.7
FR;49;2021-02-16;5327;4766;148568;69046;1.7;0.8
FR;49;2021-02-17;5087;4853;153655;73899;1.8;0.9
FR;49;2021-02-18;7354;6389;161009;80288;1.9;0.9
FR;49;2021-02-19;6980;4943;167989;85231;2.0;1.0
FR;49;2021-02-20;1468;665;169457;85896;2.0;1.0
FR;49;2021-02-21;275;149;169732;86045;2.0;1.0
FR;49;2021-02-22;3484;2286;173216;88331;2.0;1.0
FR;49;2021-02-23;4785;2969;178001;91300;2.1;1.1
FR;49;2021-02-24;4847;2839;182848;94139;2.1;1.1
FR;49;2021-02-25;7467;3855;190315;97994;2.2;1.1
FR;49;2021-02-26;8180;2913;198495;100907;2.3;1.2
FR;49;2021-02-27;2658;517;201153;101424;2.3;1.2
FR;49;2021-02-28;328;92;201481;101516;2.3;1.2
FR;49;2021-03-01;3740;1419;205221;102935;2.4;1.2
FR;49;2021-03-02;5693;2390;210914;105325;2.5;1.2
FR;49;2021-03-03;5929;2413;216843;107738;2.5;1.3
FR;49;2021-03-04;8758;3602;225601;111340;2.6;1.3
FR;49;2021-03-05;12369;2915;237970;114255;2.8;1.3
FR;49;2021-03-06;8436;442;246406;114697;2.9;1.3
FR;49;2021-03-07;4655;103;251061;114800;2.9;1.3
FR;49;2021-03-08;6320;1224;257381;116024;3.0;1.4
FR;49;2021-03-09;9410;1835;266791;117859;3.1;1.4
FR;49;2021-03-10;8829;2037;275620;119896;3.2;1.4
FR;49;2021-03-11;12594;3052;288214;122948;3.4;1.4
FR;49;2021-03-12;16269;2532;304483;125480;3.5;1.5
FR;49;2021-03-13;9468;462;313951;125942;3.7;1.5
FR;49;2021-03-14;3117;123;317068;126065;3.7;1.5
FR;49;2021-03-15;6807;1128;323875;127193;3.8;1.5
FR;49;2021-03-16;4595;1837;328470;129030;3.8;1.5
FR;49;2021-03-17;5141;1740;333611;130770;3.9;1.5
FR;49;2021-03-18;6498;2535;340109;133305;4.0;1.6
FR;49;2021-03-19;9410;1906;349519;135211;4.1;1.6
FR;49;2021-03-20;5851;483;355370;135694;4.1;1.6
FR;49;2021-03-21;3138;108;358508;135802;4.2;1.6
FR;49;2021-03-22;6255;1213;364763;137015;4.2;1.6
FR;49;2021-03-23;8541;1916;373304;138931;4.3;1.6
FR;49;2021-03-24;9448;1754;382752;140685;4.5;1.6
FR;49;2021-03-25;12248;2207;395000;142892;4.6;1.7
FR;49;2021-03-26;14598;2021;409598;144913;4.8;1.7
FR;49;2021-03-27;9317;729;418915;145642;4.9;1.7
FR;49;2021-03-28;3845;249;422760;145891;4.9;1.7
FR;49;2021-03-29;9722;1562;432482;147453;5.0;1.7
FR;49;2021-03-30;14068;2434;446550;149887;5.2;1.7
FR;49;2021-03-31;15329;2499;461879;152386;5.4;1.8
FR;49;2021-04-01;19431;3571;481310;155957;5.6;1.8
FR;49;2021-04-02;17264;3273;498574;159230;5.8;1.9
FR;49;2021-04-03;9260;1758;507834;160988;5.9;1.9
FR;49;2021-04-04;4094;589;511928;161577;6.0;1.9
FR;49;2021-04-05;4174;442;516102;162019;6.0;1.9
FR;49;2021-04-06;12790;3504;528892;165523;6.2;1.9
FR;49;2021-04-07;17317;3969;546209;169492;6.4;2.0
FR;49;2021-04-08;21849;4986;568058;174478;6.6;2.0
FR;49;2021-04-09;22993;5103;591051;179581;6.9;2.1
FR;49;2021-04-10;12323;3234;603374;182815;7.0;2.1
FR;49;2021-04-11;4431;1571;607805;184386;7.1;2.1
FR;49;2021-04-12;13945;3499;621750;187885;7.2;2.2
FR;49;2021-04-13;18316;5240;640066;193125;7.4;2.2
FR;49;2021-04-14;18981;5743;659047;198868;7.7;2.3
FR;49;2021-04-15;19723;6764;678770;205632;7.9;2.4
FR;49;2021-04-16;16998;7171;695768;212803;8.1;2.5
FR;49;2021-04-17;9725;4565;705493;217368;8.2;2.5
FR;49;2021-04-18;3319;2220;708812;219588;8.2;2.6
FR;49;2021-04-19;11710;6141;720522;225729;8.4;2.6
FR;49;2021-04-20;13782;8928;734304;234657;8.5;2.7
FR;49;2021-04-21;15414;10177;749718;244834;8.7;2.8
FR;49;2021-04-22;16986;13197;766704;258031;8.9;3.0
FR;49;2021-04-23;17029;13856;783733;271887;9.1;3.2
FR;49;2021-04-24;12448;7620;796181;279507;9.3;3.3
FR;49;2021-04-25;5259;3030;801440;282537;9.3;3.3
FR;49;2021-04-26;13057;9955;814497;292492;9.5;3.4
FR;49;2021-04-27;18044;12718;832541;305210;9.7;3.6
FR;49;2021-04-28;21754;14105;854295;319315;9.9;3.7
FR;49;2021-04-29;25923;16566;880218;335881;10.2;3.9
FR;49;2021-04-30;29984;17109;910202;352990;10.6;4.1
FR;49;2021-05-01;22982;5406;933184;358396;10.9;4.2
FR;49;2021-05-02;16172;3700;949356;362096;11.0;4.2
FR;59;2020-12-27;2;0;2;0;0.0;0.0
FR;59;2020-12-28;4;0;6;0;0.0;0.0
FR;59;2020-12-29;2;0;8;0;0.0;0.0
FR;59;2020-12-30;5;0;13;0;0.0;0.0
FR;59;2020-12-31;9;0;22;0;0.0;0.0
FR;59;2021-01-01;18;0;40;0;0.0;0.0
FR;59;2021-01-02;25;0;65;0;0.0;0.0
FR;59;2021-01-03;36;0;101;0;0.0;0.0
FR;59;2021-01-04;589;0;690;0;0.0;0.0
FR;59;2021-01-05;2155;0;2845;0;0.0;0.0
FR;59;2021-01-06;4785;2;7630;2;0.1;0.0
FR;59;2021-01-07;10467;6;18097;8;0.2;0.0
FR;59;2021-01-08;14224;1;32321;9;0.4;0.0
FR;59;2021-01-09;4045;1;36366;10;0.4;0.0
FR;59;2021-01-10;1983;0;38349;10;0.4;0.0
FR;59;2021-01-11;15862;3;54211;13;0.6;0.0
FR;59;2021-01-12;20969;3;75180;16;0.9;0.0
FR;59;2021-01-13;22610;8;97790;24;1.1;0.0
FR;59;2021-01-14;24667;11;122457;35;1.4;0.0
FR;59;2021-01-15;21466;8;143923;43;1.6;0.0
FR;59;2021-01-16;5364;277;149287;320;1.7;0.0
FR;59;2021-01-17;1800;6;151087;326;1.7;0.0
FR;59;2021-01-18;13521;42;164608;368;1.9;0.0
FR;59;2021-01-19;17816;32;182424;400;2.1;0.0
FR;59;2021-01-20;16937;36;199361;436;2.3;0.0
FR;59;2021-01-21;18552;32;217913;468;2.5;0.0
FR;59;2021-01-22;13747;63;231660;531;2.6;0.0
FR;59;2021-01-23;2944;28;234604;559;2.7;0.0
FR;59;2021-01-24;821;34;235425;593;2.7;0.0
FR;59;2021-01-25;6669;694;242094;1287;2.8;0.0
FR;59;2021-01-26;8369;1593;250463;2880;2.8;0.0
FR;59;2021-01-27;8766;2683;259229;5563;2.9;0.1
FR;59;2021-01-28;10397;5770;269626;11333;3.1;0.1
FR;59;2021-01-29;7787;7385;277413;18718;3.2;0.2
FR;59;2021-01-30;1754;1673;279167;20391;3.2;0.2
FR;59;2021-01-31;370;609;279537;21000;3.2;0.2
FR;59;2021-02-01;3139;9912;282676;30912;3.2;0.4
FR;59;2021-02-02;4633;13803;287309;44715;3.3;0.5
FR;59;2021-02-03;4792;14736;292101;59451;3.3;0.7
FR;59;2021-02-04;5830;17758;297931;77209;3.4;0.9
FR;59;2021-02-05;4720;16222;302651;93431;3.4;1.1
FR;59;2021-02-06;1135;3329;303786;96760;3.5;1.1
FR;59;2021-02-07;384;1265;304170;98025;3.5;1.1
FR;59;2021-02-08;2734;13189;306904;111214;3.5;1.3
FR;59;2021-02-09;4873;17670;311777;128884;3.5;1.5
FR;59;2021-02-10;5634;17964;317411;146848;3.6;1.7
FR;59;2021-02-11;7590;20964;325001;167812;3.7;1.9
FR;59;2021-02-12;6685;16263;331686;184075;3.8;2.1
FR;59;2021-02-13;1672;3303;333358;187378;3.8;2.1
FR;59;2021-02-14;358;1000;333716;188378;3.8;2.1
FR;59;2021-02-15;3241;10101;336957;198479;3.8;2.3
FR;59;2021-02-16;4691;12249;341648;210728;3.9;2.4
FR;59;2021-02-17;4917;12609;346565;223337;3.9;2.5
FR;59;2021-02-18;6949;14134;353514;237471;4.0;2.7
FR;59;2021-02-19;6404;10788;359918;248259;4.1;2.8
FR;59;2021-02-20;1394;2003;361312;250262;4.1;2.8
FR;59;2021-02-21;280;479;361592;250741;4.1;2.9
FR;59;2021-02-22;3214;5710;364806;256451;4.1;2.9
FR;59;2021-02-23;4751;6781;369557;263232;4.2;3.0
FR;59;2021-02-24;6763;6248;376320;269480;4.3;3.1
FR;59;2021-02-25;20969;7292;397289;276772;4.5;3.1
FR;59;2021-02-26;28000;5669;425289;282441;4.8;3.2
FR;59;2021-02-27;16920;1348;442209;283789;5.0;3.2
FR;59;2021-02-28;1097;293;443306;284082;5.0;3.2
FR;59;2021-03-01;8656;3066;451962;287148;5.1;3.3
FR;59;2021-03-02;16938;4465;468900;291613;5.3;3.3
FR;59;2021-03-03;20329;4397;489229;296010;5.6;3.4
FR;59;2021-03-04;31705;5734;520934;301744;5.9;3.4
FR;59;2021-03-05;40339;4508;561273;306252;6.4;3.5
FR;59;2021-03-06;35301;998;596574;307250;6.8;3.5
FR;59;2021-03-07;13879;187;610453;307437;6.9;3.5
FR;59;2021-03-08;12090;2239;622543;309676;7.1;3.5
FR;59;2021-03-09;22555;3272;645098;312948;7.3;3.6
FR;59;2021-03-10;22857;3596;667955;316544;7.6;3.6
FR;59;2021-03-11;33848;4669;701803;321213;8.0;3.7
FR;59;2021-03-12;44928;3732;746731;324945;8.5;3.7
FR;59;2021-03-13;35766;938;782497;325883;8.9;3.7
FR;59;2021-03-14;7139;203;789636;326086;9.0;3.7
FR;59;2021-03-15;14312;1787;803948;327873;9.1;3.7
FR;59;2021-03-16;7834;2516;811782;330389;9.2;3.8
FR;59;2021-03-17;8674;2628;820456;333017;9.3;3.8
FR;59;2021-03-18;10340;3353;830796;336370;9.4;3.8
FR;59;2021-03-19;23248;2868;854044;339238;9.7;3.9
FR;59;2021-03-20;20948;861;874992;340099;10.0;3.9
FR;59;2021-03-21;6250;220;881242;340319;10.0;3.9
FR;59;2021-03-22;15331;2112;896573;342431;10.2;3.9
FR;59;2021-03-23;25185;2980;921758;345411;10.5;3.9
FR;59;2021-03-24;27791;3056;949549;348467;10.8;4.0
FR;59;2021-03-25;37590;3462;987139;351929;11.2;4.0
FR;59;2021-03-26;42474;3381;1029613;355310;11.7;4.0
FR;59;2021-03-27;26691;1477;1056304;356787;12.0;4.1
FR;59;2021-03-28;7495;402;1063799;357189;12.1;4.1
FR;59;2021-03-29;21484;2863;1085283;360052;12.3;4.1
FR;59;2021-03-30;31859;3947;1117142;363999;12.7;4.1
FR;59;2021-03-31;31099;4301;1148241;368300;13.1;4.2
FR;59;2021-04-01;37801;5619;1186042;373919;13.5;4.3
FR;59;2021-04-02;36542;5467;1222584;379386;13.9;4.3
FR;59;2021-04-03;21191;3310;1243775;382696;14.1;4.4
FR;59;2021-04-04;7298;1178;1251073;383874;14.2;4.4
FR;59;2021-04-05;8209;727;1259282;384601;14.3;4.4
FR;59;2021-04-06;25035;5904;1284317;390505;14.6;4.4
FR;59;2021-04-07;33375;6691;1317692;397196;15.0;4.5
FR;59;2021-04-08;44246;8080;1361938;405276;15.5;4.6
FR;59;2021-04-09;59924;8549;1421862;413825;16.2;4.7
FR;59;2021-04-10;36162;6788;1458024;420613;16.6;4.8
FR;59;2021-04-11;9686;3371;1467710;423984;16.7;4.8
FR;59;2021-04-12;34879;6810;1502589;430794;17.1;4.9
FR;59;2021-04-13;49248;9123;1551837;439917;17.6;5.0
FR;59;2021-04-14;49498;9764;1601335;449681;18.2;5.1
FR;59;2021-04-15;58581;10996;1659916;460677;18.9;5.2
FR;59;2021-04-16;62332;11818;1722248;472495;19.6;5.4
FR;59;2021-04-17;41101;9386;1763349;481881;20.1;5.5
FR;59;2021-04-18;12207;4558;1775556;486439;20.2;5.5
FR;59;2021-04-19;32784;10690;1808340;497129;20.6;5.7
FR;59;2021-04-20;43749;14456;1852089;511585;21.1;5.8
FR;59;2021-04-21;46074;16155;1898163;527740;21.6;6.0
FR;59;2021-04-22;54487;19236;1952650;546976;22.2;6.2
FR;59;2021-04-23;62094;20088;2014744;567064;22.9;6.4
FR;59;2021-04-24;47166;15199;2061910;582263;23.5;6.6
FR;59;2021-04-25;16376;5302;2078286;587565;23.6;6.7
FR;59;2021-04-26;40324;17249;2118610;604814;24.1;6.9
FR;59;2021-04-27;55659;22536;2174269;627350;24.7;7.1
FR;59;2021-04-28;63102;25205;2237371;652555;25.4;7.4
FR;59;2021-04-29;75931;30423;2313302;682978;26.3;7.8
FR;59;2021-04-30;90228;35104;2403530;718082;27.3;8.2
FR;59;2021-05-01;42035;10522;2445565;728604;27.8;8.3
FR;59;2021-05-02;23037;6952;2468602;735556;28.1;8.4
FR;64;2020-12-27;1;0;1;0;0.0;0.0
FR;64;2020-12-28;0;0;1;0;0.0;0.0
FR;64;2020-12-29;2;0;3;0;0.0;0.0
FR;64;2020-12-30;5;0;8;0;0.0;0.0
FR;64;2020-12-31;5;0;13;0;0.0;0.0
FR;64;2021-01-01;7;0;20;0;0.0;0.0
FR;64;2021-01-02;11;0;31;0;0.0;0.0
FR;64;2021-01-03;17;0;48;0;0.0;0.0
FR;64;2021-01-04;209;0;257;0;0.0;0.0
FR;64;2021-01-05;889;0;1146;0;0.0;0.0
FR;64;2021-01-06;1682;0;2828;0;0.1;0.0
FR;64;2021-01-07;3645;0;6473;0;0.2;0.0
FR;64;2021-01-08;4836;1;11309;1;0.3;0.0
FR;64;2021-01-09;1945;0;13254;1;0.3;0.0
FR;64;2021-01-10;1022;0;14276;1;0.3;0.0
FR;64;2021-01-11;5241;0;19517;1;0.5;0.0
FR;64;2021-01-12;7078;2;26595;3;0.6;0.0
FR;64;2021-01-13;7407;4;34002;7;0.8;0.0
FR;64;2021-01-14;8525;3;42527;10;1.0;0.0
FR;64;2021-01-15;7055;3;49582;13;1.2;0.0
FR;64;2021-01-16;2197;102;51779;115;1.3;0.0
FR;64;2021-01-17;842;4;52621;119;1.3;0.0
FR;64;2021-01-18;4663;11;57284;130;1.4;0.0
FR;64;2021-01-19;6370;7;63654;137;1.6;0.0
FR;64;2021-01-20;6190;12;69844;149;1.7;0.0
FR;64;2021-01-21;6852;13;76696;162;1.9;0.0
FR;64;2021-01-22;5369;25;82065;187;2.0;0.0
FR;64;2021-01-23;1410;14;83475;201;2.0;0.0
FR;64;2021-01-24;430;23;83905;224;2.0;0.0
FR;64;2021-01-25;2759;220;86664;444;2.1;0.0
FR;64;2021-01-26;3504;581;90168;1025;2.2;0.0
FR;64;2021-01-27;3743;990;93911;2015;2.3;0.0
FR;64;2021-01-28;4542;2045;98453;4060;2.4;0.1
FR;64;2021-01-29;3507;2552;101960;6612;2.5;0.2
FR;64;2021-01-30;837;781;102797;7393;2.5;0.2
FR;64;2021-01-31;172;341;102969;7734;2.5;0.2
FR;64;2021-02-01;1508;3250;104477;10984;2.5;0.3
FR;64;2021-02-02;2133;4613;106610;15597;2.6;0.4
FR;64;2021-02-03;2297;4746;108907;20343;2.7;0.5
FR;64;2021-02-04;2771;6142;111678;26485;2.7;0.6
FR;64;2021-02-05;2162;5492;113840;31977;2.8;0.8
FR;64;2021-02-06;649;1546;114489;33523;2.8;0.8
FR;64;2021-02-07;163;677;114652;34200;2.8;0.8
FR;64;2021-02-08;1477;4609;116129;38809;2.8;0.9
FR;64;2021-02-09;2329;6356;118458;45165;2.9;1.1
FR;64;2021-02-10;2557;6461;121015;51626;3.0;1.3
FR;64;2021-02-11;3443;7332;124458;58958;3.0;1.4
FR;64;2021-02-12;3088;5560;127546;64518;3.1;1.6
FR;64;2021-02-13;826;1395;128372;65913;3.1;1.6
FR;64;2021-02-14;192;523;128564;66436;3.1;1.6
FR;64;2021-02-15;1579;3663;130143;70099;3.2;1.7
FR;64;2021-02-16;2068;4534;132211;74633;3.2;1.8
FR;64;2021-02-17;2202;4838;134413;79471;3.3;1.9
FR;64;2021-02-18;3195;5527;137608;84998;3.4;2.1
FR;64;2021-02-19;2967;4190;140575;89188;3.4;2.2
FR;64;2021-02-20;796;978;141371;90166;3.4;2.2
FR;64;2021-02-21;133;222;141504;90388;3.4;2.2
FR;64;2021-02-22;1475;2419;142979;92807;3.5;2.3
FR;64;2021-02-23;2375;2797;145354;95604;3.5;2.3
FR;64;2021-02-24;3834;2857;149188;98461;3.6;2.4
FR;64;2021-02-25;15870;3284;165058;101745;4.0;2.5
FR;64;2021-02-26;21618;2507;186676;104252;4.6;2.5
FR;64;2021-02-27;12931;692;199607;104944;4.9;2.6
FR;64;2021-02-28;789;140;200396;105084;4.9;2.6
FR;64;2021-03-01;6459;1623;206855;106707;5.0;2.6
FR;64;2021-03-02;13028;2265;219883;108972;5.4;2.7
FR;64;2021-03-03;15722;2174;235605;111146;5.7;2.7
FR;64;2021-03-04;24794;2967;260399;114113;6.3;2.8
FR;64;2021-03-05;30160;2303;290559;116416;7.1;2.8
FR;64;2021-03-06;26325;551;316884;116967;7.7;2.9
FR;64;2021-03-07;9763;122;326647;117089;8.0;2.9
FR;64;2021-03-08;8673;1484;335320;118573;8.2;2.9
FR;64;2021-03-09;16653;1703;351973;120276;8.6;2.9
FR;64;2021-03-10;16884;1946;368857;122222;9.0;3.0
FR;64;2021-03-11;25674;2643;394531;124865;9.6;3.0
FR;64;2021-03-12;33187;2115;427718;126980;10.4;3.1
FR;64;2021-03-13;27070;564;454788;127544;11.1;3.1
FR;64;2021-03-14;5407;110;460195;127654;11.2;3.1
FR;64;2021-03-15;10909;1135;471104;128789;11.5;3.1
FR;64;2021-03-16;5964;1576;477068;130365;11.6;3.2
FR;64;2021-03-17;6075;1504;483143;131869;11.8;3.2
FR;64;2021-03-18;7608;1869;490751;133738;12.0;3.3
FR;64;2021-03-19;18774;1710;509525;135448;12.4;3.3
FR;64;2021-03-20;18442;591;527967;136039;12.9;3.3
FR;64;2021-03-21;4715;125;532682;136164;13.0;3.3
FR;64;2021-03-22;13426;1339;546108;137503;13.3;3.4
FR;64;2021-03-23;23369;1774;569477;139277;13.9;3.4
FR;64;2021-03-24;24966;1896;594443;141173;14.5;3.4
FR;64;2021-03-25;36354;2175;630797;143348;15.4;3.5
FR;64;2021-03-26;39913;2054;670710;145402;16.4;3.5
FR;64;2021-03-27;21151;912;691861;146314;16.9;3.6
FR;64;2021-03-28;5061;253;696922;146567;17.0;3.6
FR;64;2021-03-29;17455;1901;714377;148468;17.4;3.6
FR;64;2021-03-30;27175;2660;741552;151128;18.1;3.7
FR;64;2021-03-31;23955;2813;765507;153941;18.7;3.8
FR;64;2021-04-01;30229;3806;795736;157747;19.4;3.8
FR;64;2021-04-02;29020;3551;824756;161298;20.1;3.9
FR;64;2021-04-03;15910;2310;840666;163608;20.5;4.0
FR;64;2021-04-04;4012;801;844678;164409;20.6;4.0
FR;64;2021-04-05;5086;584;849764;164993;20.7;4.0
FR;64;2021-04-06;18767;4363;868531;169356;21.2;4.1
FR;64;2021-04-07;23294;4592;891825;173948;21.7;4.2
FR;64;2021-04-08;34140;5514;925965;179462;22.6;4.4
FR;64;2021-04-09;52930;5810;978895;185272;23.9;4.5
FR;64;2021-04-10;29642;4856;1008537;190128;24.6;4.6
FR;64;2021-04-11;6245;2520;1014782;192648;24.7;4.7
FR;64;2021-04-12;27775;4869;1042557;197517;25.4;4.8
FR;64;2021-04-13;42173;6854;1084730;204371;26.4;5.0
FR;64;2021-04-14;40396;6898;1125126;211269;27.4;5.2
FR;64;2021-04-15;51388;8003;1176514;219272;28.7;5.3
FR;64;2021-04-16;63641;8603;1240155;227875;30.2;5.6
FR;64;2021-04-17;38207;6887;1278362;234762;31.2;5.7
FR;64;2021-04-18;10857;3284;1289219;238046;31.4;5.8
FR;64;2021-04-19;41578;8302;1330797;246348;32.4;6.0
FR;64;2021-04-20;52141;10270;1382938;256618;33.7;6.3
FR;64;2021-04-21;51908;10636;1434846;267254;35.0;6.5
FR;64;2021-04-22;56768;12527;1491614;279781;36.4;6.8
FR;64;2021-04-23;59970;12314;1551584;292095;37.8;7.1
FR;64;2021-04-24;43101;8885;1594685;300980;38.9;7.3
FR;64;2021-04-25;16060;3243;1610745;304223;39.3;7.4
FR;64;2021-04-26;48982;11303;1659727;315526;40.5;7.7
FR;64;2021-04-27;62419;15023;1722146;330549;42.0;8.1
FR;64;2021-04-28;63319;15605;1785465;346154;43.5;8.4
FR;64;2021-04-29;72620;19834;1858085;365988;45.3;8.9
FR;64;2021-04-30;74122;21252;1932207;387240;47.1;9.4
FR;64;2021-05-01;28925;6450;1961132;393690;47.8;9.6
FR;64;2021-05-02;14239;3805;1975371;397495;48.2;9.7
FR;69;2020-12-27;2;0;2;0;0.0;0.0
FR;69;2020-12-28;1;0;3;0;0.0;0.0
FR;69;2020-12-29;3;0;6;0;0.0;0.0
FR;69;2020-12-30;7;0;13;0;0.0;0.0
FR;69;2020-12-31;5;0;18;0;0.0;0.0
FR;69;2021-01-01;6;0;24;0;0.0;0.0
FR;69;2021-01-02;10;0;34;0;0.0;0.0
FR;69;2021-01-03;8;0;42;0;0.0;0.0
FR;69;2021-01-04;114;0;156;0;0.0;0.0
FR;69;2021-01-05;408;0;564;0;0.0;0.0
FR;69;2021-01-06;804;0;1368;0;0.0;0.0
FR;69;2021-01-07;1884;1;3252;1;0.1;0.0
FR;69;2021-01-08;2440;0;5692;1;0.1;0.0
FR;69;2021-01-09;1117;0;6809;1;0.2;0.0
FR;69;2021-01-10;655;0;7464;1;0.2;0.0
FR;69;2021-01-11;2719;0;10183;1;0.3;0.0
FR;69;2021-01-12;3840;0;14023;1;0.4;0.0
FR;69;2021-01-13;3769;2;17792;3;0.5;0.0
FR;69;2021-01-14;4550;4;22342;7;0.6;0.0
FR;69;2021-01-15;3823;1;26165;8;0.7;0.0
FR;69;2021-01-16;1341;61;27506;69;0.7;0.0
FR;69;2021-01-17;633;4;28139;73;0.7;0.0
FR;69;2021-01-18;3245;13;31384;86;0.8;0.0
FR;69;2021-01-19;4771;13;36155;99;0.9;0.0
FR;69;2021-01-20;4748;10;40903;109;1.0;0.0
FR;69;2021-01-21;5499;12;46402;121;1.2;0.0
FR;69;2021-01-22;4357;12;50759;133;1.3;0.0
FR;69;2021-01-23;1357;9;52116;142;1.3;0.0
FR;69;2021-01-24;445;14;52561;156;1.3;0.0
FR;69;2021-01-25;2713;99;55274;255;1.4;0.0
FR;69;2021-01-26;3332;240;58606;495;1.5;0.0
FR;69;2021-01-27;3654;480;62260;975;1.6;0.0
FR;69;2021-01-28;4305;1078;66565;2053;1.7;0.1
FR;69;2021-01-29;3469;1328;70034;3381;1.8;0.1
FR;69;2021-01-30;937;448;70971;3829;1.8;0.1
FR;69;2021-01-31;180;205;71151;4034;1.8;0.1
FR;69;2021-02-01;1803;1713;72954;5747;1.9;0.1
FR;69;2021-02-02;2392;2521;75346;8268;1.9;0.2
FR;69;2021-02-03;2415;2583;77761;10851;2.0;0.3
FR;69;2021-02-04;2931;3391;80692;14242;2.1;0.4
FR;69;2021-02-05;2486;2922;83178;17164;2.1;0.4
FR;69;2021-02-06;715;991;83893;18155;2.2;0.5
FR;69;2021-02-07;162;591;84055;18746;2.2;0.5
FR;69;2021-02-08;1602;2682;85657;21428;2.2;0.5
FR;69;2021-02-09;2392;3954;88049;25382;2.3;0.7
FR;69;2021-02-10;2558;3934;90607;29316;2.3;0.8
FR;69;2021-02-11;3491;4741;94098;34057;2.4;0.9
FR;69;2021-02-12;3128;3580;97226;37637;2.5;1.0
FR;69;2021-02-13;858;961;98084;38598;2.5;1.0
FR;69;2021-02-14;212;459;98296;39057;2.5;1.0
FR;69;2021-02-15;1318;2691;99614;41748;2.6;1.1
FR;69;2021-02-16;1848;3561;101462;45309;2.6;1.2
FR;69;2021-02-17;2007;3888;103469;49197;2.7;1.3
FR;69;2021-02-18;2981;4630;106450;53827;2.7;1.4
FR;69;2021-02-19;2844;3568;109294;57395;2.8;1.5
FR;69;2021-02-20;752;943;110046;58338;2.8;1.5
FR;69;2021-02-21;149;201;110195;58539;2.8;1.5
FR;69;2021-02-22;1599;2452;111794;60991;2.9;1.6
FR;69;2021-02-23;2259;2753;114053;63744;2.9;1.6
FR;69;2021-02-24;2644;2920;116697;66664;3.0;1.7
FR;69;2021-02-25;3846;3206;120543;69870;3.1;1.8
FR;69;2021-02-26;4236;2527;124779;72397;3.2;1.9
FR;69;2021-02-27;1782;715;126561;73112;3.2;1.9
FR;69;2021-02-28;309;128;126870;73240;3.3;1.9
FR;69;2021-03-01;2776;1920;129646;75160;3.3;1.9
FR;69;2021-03-02;4683;2534;134329;77694;3.4;2.0
FR;69;2021-03-03;6591;2418;140920;80112;3.6;2.1
FR;69;2021-03-04;11567;3245;152487;83357;3.9;2.1
FR;69;2021-03-05;17261;2551;169748;85908;4.4;2.2
FR;69;2021-03-06;22794;615;192542;86523;4.9;2.2
FR;69;2021-03-07;14655;124;207197;86647;5.3;2.2
FR;69;2021-03-08;9649;1807;216846;88454;5.6;2.3
FR;69;2021-03-09;17322;2236;234168;90690;6.0;2.3
FR;69;2021-03-10;18652;2410;252820;93100;6.5;2.4
FR;69;2021-03-11;28935;3185;281755;96285;7.2;2.5
FR;69;2021-03-12;39573;2738;321328;99023;8.2;2.5
FR;69;2021-03-13;35664;788;356992;99811;9.1;2.6
FR;69;2021-03-14;8159;160;365151;99971;9.4;2.6
FR;69;2021-03-15;16536;1523;381687;101494;9.8;2.6
FR;69;2021-03-16;10687;2008;392374;103502;10.1;2.7
FR;69;2021-03-17;11661;2006;404035;105508;10.4;2.7
FR;69;2021-03-18;13078;2474;417113;107982;10.7;2.8
FR;69;2021-03-19;28628;2261;445741;110243;11.4;2.8
FR;69;2021-03-20;26809;752;472550;110995;12.1;2.8
FR;69;2021-03-21;7106;147;479656;111142;12.3;2.8
FR;69;2021-03-22;21090;1988;500746;113130;12.8;2.9
FR;69;2021-03-23;36017;2561;536763;115691;13.8;3.0
FR;69;2021-03-24;37316;2659;574079;118350;14.7;3.0
FR;69;2021-03-25;54704;2973;628783;121323;16.1;3.1
FR;69;2021-03-26;58875;2730;687658;124053;17.6;3.2
FR;69;2021-03-27;29993;1236;717651;125289;18.4;3.2
FR;69;2021-03-28;7591;411;725242;125700;18.6;3.2
FR;69;2021-03-29;27588;3162;752830;128862;19.3;3.3
FR;69;2021-03-30;42098;4273;794928;133135;20.4;3.4
FR;69;2021-03-31;35226;4384;830154;137519;21.3;3.5
FR;69;2021-04-01;42959;5946;873113;143465;22.4;3.7
FR;69;2021-04-02;41151;5869;914264;149334;23.4;3.8
FR;69;2021-04-03;21608;3951;935872;153285;24.0;3.9
FR;69;2021-04-04;5784;1355;941656;154640;24.1;4.0
FR;69;2021-04-05;7571;873;949227;155513;24.3;4.0
FR;69;2021-04-06;27224;7429;976451;162942;25.0;4.2
FR;69;2021-04-07;32104;7552;1008555;170494;25.8;4.4
FR;69;2021-04-08;48097;8847;1056652;179341;27.1;4.6
FR;69;2021-04-09;69904;9501;1126556;188842;28.9;4.8
FR;69;2021-04-10;36450;7739;1163006;196581;29.8;5.0
FR;69;2021-04-11;7964;4141;1170970;200722;30.0;5.1
FR;69;2021-04-12;38292;8497;1209262;209219;31.0;5.4
FR;69;2021-04-13;53174;11663;1262436;220882;32.4;5.7
FR;69;2021-04-14;48922;11262;1311358;232144;33.6;5.9
FR;69;2021-04-15;61292;13376;1372650;245520;35.2;6.3
FR;69;2021-04-16;71945;13930;1444595;259450;37.0;6.6
FR;69;2021-04-17;39361;10507;1483956;269957;38.0;6.9
FR;69;2021-04-18;9941;4990;1493897;274947;38.3;7.0
FR;69;2021-04-19;45564;13451;1539461;288398;39.5;7.4
FR;69;2021-04-20;56674;16855;1596135;305253;40.9;7.8
FR;69;2021-04-21;52965;16246;1649100;321499;42.3;8.2
FR;69;2021-04-22;59727;18556;1708827;340055;43.8;8.7
FR;69;2021-04-23;58722;18328;1767549;358383;45.3;9.2
FR;69;2021-04-24;37083;12926;1804632;371309;46.3;9.5
FR;69;2021-04-25;13108;4927;1817740;376236;46.6;9.6
FR;69;2021-04-26;48629;18190;1866369;394426;47.8;10.1
FR;69;2021-04-27;61300;22495;1927669;416921;49.4;10.7
FR;69;2021-04-28;59217;21419;1986886;438340;50.9;11.2
FR;69;2021-04-29;69164;23942;2056050;462282;52.7;11.8
FR;69;2021-04-30;66039;23072;2122089;485354;54.4;12.4
FR;69;2021-05-01;23464;7398;2145553;492752;55.0;12.6
FR;69;2021-05-02;11018;5036;2156571;497788;55.3;12.8
FR;74;2020-12-27;1;0;1;0;0.0;0.0
FR;74;2020-12-28;6;0;7;0;0.0;0.0
FR;74;2020-12-29;5;0;12;0;0.0;0.0
FR;74;2020-12-30;10;0;22;0;0.0;0.0
FR;74;2020-12-31;7;0;29;0;0.0;0.0
FR;74;2021-01-01;5;0;34;0;0.0;0.0
FR;74;2021-01-02;3;0;37;0;0.0;0.0
FR;74;2021-01-03;12;0;49;0;0.0;0.0
FR;74;2021-01-04;85;0;134;0;0.0;0.0
FR;74;2021-01-05;297;0;431;0;0.0;0.0
FR;74;2021-01-06;552;0;983;0;0.0;0.0
FR;74;2021-01-07;1462;0;2445;0;0.1;0.0
FR;74;2021-01-08;1782;0;4227;0;0.1;0.0
FR;74;2021-01-09;792;0;5019;0;0.1;0.0
FR;74;2021-01-10;533;0;5552;0;0.2;0.0
FR;74;2021-01-11;2106;0;7658;0;0.2;0.0
FR;74;2021-01-12;3121;0;10779;0;0.3;0.0
FR;74;2021-01-13;3186;0;13965;0;0.4;0.0
FR;74;2021-01-14;3930;3;17895;3;0.5;0.0
FR;74;2021-01-15;3522;0;21417;3;0.6;0.0
FR;74;2021-01-16;1332;49;22749;52;0.7;0.0
FR;74;2021-01-17;762;2;23511;54;0.7;0.0
FR;74;2021-01-18;4706;19;28217;73;0.8;0.0
FR;74;2021-01-19;6794;16;35011;89;1.0;0.0
FR;74;2021-01-20;7084;8;42095;97;1.2;0.0
FR;74;2021-01-21;8161;17;50256;114;1.4;0.0
FR;74;2021-01-22;6522;17;56778;131;1.6;0.0
FR;74;2021-01-23;2255;4;59033;135;1.7;0.0
FR;74;2021-01-24;605;19;59638;154;1.7;0.0
FR;74;2021-01-25;4526;68;64164;222;1.8;0.0
FR;74;2021-01-26;5601;203;69765;425;2.0;0.0
FR;74;2021-01-27;5959;335;75724;760;2.2;0.0
FR;74;2021-01-28;6941;957;82665;1717;2.4;0.0
FR;74;2021-01-29;5715;984;88380;2701;2.5;0.1
FR;74;2021-01-30;1770;296;90150;2997;2.6;0.1
FR;74;2021-01-31;292;168;90442;3165;2.6;0.1
FR;74;2021-02-01;3269;1260;93711;4425;2.7;0.1
FR;74;2021-02-02;4264;2165;97975;6590;2.8;0.2
FR;74;2021-02-03;4295;2163;102270;8753;2.9;0.3
FR;74;2021-02-04;5141;2951;107411;11704;3.1;0.3
FR;74;2021-02-05;4364;2542;111775;14246;3.2;0.4
FR;74;2021-02-06;1390;874;113165;15120;3.3;0.4
FR;74;2021-02-07;243;566;113408;15686;3.3;0.5
FR;74;2021-02-08;3068;2833;116476;18519;3.3;0.5
FR;74;2021-02-09;4095;4366;120571;22885;3.5;0.7
FR;74;2021-02-10;4397;4483;124968;27368;3.6;0.8
FR;74;2021-02-11;5594;5393;130562;32761;3.8;0.9
FR;74;2021-02-12;5237;4103;135799;36864;3.9;1.1
FR;74;2021-02-13;1645;1155;137444;38019;4.0;1.1
FR;74;2021-02-14;402;483;137846;38502;4.0;1.1
FR;74;2021-02-15;2389;4269;140235;42771;4.0;1.2
FR;74;2021-02-16;3262;5283;143497;48054;4.1;1.4
FR;74;2021-02-17;3391;5842;146888;53896;4.2;1.5
FR;74;2021-02-18;4908;7057;151796;60953;4.4;1.8
FR;74;2021-02-19;4861;5414;156657;66367;4.5;1.9
FR;74;2021-02-20;1546;1712;158203;68079;4.5;2.0
FR;74;2021-02-21;231;365;158434;68444;4.6;2.0
FR;74;2021-02-22;2855;4223;161289;72667;4.6;2.1
FR;74;2021-02-23;4126;4815;165415;77482;4.8;2.2
FR;74;2021-02-24;4511;4942;169926;82424;4.9;2.4
FR;74;2021-02-25;5498;5295;175424;87719;5.0;2.5
FR;74;2021-02-26;5457;4403;180881;92122;5.2;2.6
FR;74;2021-02-27;1993;1372;182874;93494;5.3;2.7
FR;74;2021-02-28;528;213;183402;93707;5.3;2.7
FR;74;2021-03-01;5044;3421;188446;97128;5.4;2.8
FR;74;2021-03-02;7416;4341;195862;101469;5.6;2.9
FR;74;2021-03-03;9606;4231;205468;105700;5.9;3.0
FR;74;2021-03-04;14855;5151;220323;110851;6.3;3.2
FR;74;2021-03-05;21466;4437;241789;115288;7.0;3.3
FR;74;2021-03-06;30815;1214;272604;116502;7.8;3.3
FR;74;2021-03-07;20759;201;293363;116703;8.4;3.4
FR;74;2021-03-08;14120;3400;307483;120103;8.8;3.5
FR;74;2021-03-09;23883;3979;331366;124082;9.5;3.6
FR;74;2021-03-10;26098;4288;357464;128370;10.3;3.7
FR;74;2021-03-11;38052;5269;395516;133639;11.4;3.8
FR;74;2021-03-12;50288;4523;445804;138162;12.8;4.0
FR;74;2021-03-13;47486;1427;493290;139589;14.2;4.0
FR;74;2021-03-14;11915;309;505205;139898;14.5;4.0
FR;74;2021-03-15;25342;2875;530547;142773;15.3;4.1
FR;74;2021-03-16;19995;3610;550542;146383;15.8;4.2
FR;74;2021-03-17;21717;3642;572259;150025;16.5;4.3
FR;74;2021-03-18;24345;4406;596604;154431;17.2;4.4
FR;74;2021-03-19;41191;3755;637795;158186;18.3;4.5
FR;74;2021-03-20;35278;1426;673073;159612;19.4;4.6
FR;74;2021-03-21;9465;237;682538;159849;19.6;4.6
FR;74;2021-03-22;31377;3682;713915;163531;20.5;4.7
FR;74;2021-03-23;49971;4647;763886;168178;22.0;4.8
FR;74;2021-03-24;51933;4973;815819;173151;23.5;5.0
FR;74;2021-03-25;74440;5372;890259;178523;25.6;5.1
FR;74;2021-03-26;80498;4988;970757;183511;27.9;5.3
FR;74;2021-03-27;50864;2306;1021621;185817;29.4;5.3
FR;74;2021-03-28;17774;868;1039395;186685;29.9;5.4
FR;74;2021-03-29;55951;6498;1095346;193183;31.5;5.6
FR;74;2021-03-30;76326;8635;1171672;201818;33.7;5.8
FR;74;2021-03-31;67698;9330;1239370;211148;35.6;6.1
FR;74;2021-04-01;78011;12288;1317381;223436;37.9;6.4
FR;74;2021-04-02;69751;12615;1387132;236051;39.9;6.8
FR;74;2021-04-03;37065;8501;1424197;244552;40.9;7.0
FR;74;2021-04-04;12473;2896;1436670;247448;41.3;7.1
FR;74;2021-04-05;19112;1667;1455782;249115;41.9;7.2
FR;74;2021-04-06;62812;15634;1518594;264749;43.7;7.6
FR;74;2021-04-07;71972;15517;1590566;280266;45.7;8.1
FR;74;2021-04-08;86626;19055;1677192;299321;48.2;8.6
FR;74;2021-04-09;96291;17449;1773483;316770;51.0;9.1
FR;74;2021-04-10;48341;13981;1821824;330751;52.4;9.5
FR;74;2021-04-11;12687;6655;1834511;337406;52.7;9.7
FR;74;2021-04-12;60451;17374;1894962;354780;54.5;10.2
FR;74;2021-04-13;68290;21106;1963252;375886;56.4;10.8
FR;74;2021-04-14;59583;21300;2022835;397186;58.2;11.4
FR;74;2021-04-15;61358;23802;2084193;420988;59.9;12.1
FR;74;2021-04-16;51743;23977;2135936;444965;61.4;12.8
FR;74;2021-04-17;25516;16583;2161452;461548;62.1;13.3
FR;74;2021-04-18;5693;6931;2167145;468479;62.3;13.5
FR;74;2021-04-19;31444;23834;2198589;492313;63.2;14.2
FR;74;2021-04-20;35954;29332;2234543;521645;64.2;15.0
FR;74;2021-04-21;32996;29665;2267539;551310;65.2;15.8
FR;74;2021-04-22;37737;34954;2305276;586264;66.3;16.9
FR;74;2021-04-23;34375;38501;2339651;624765;67.3;18.0
FR;74;2021-04-24;18495;30501;2358146;655266;67.8;18.8
FR;74;2021-04-25;6035;12526;2364181;667792;68.0;19.2
FR;74;2021-04-26;26141;47091;2390322;714883;68.7;20.6
FR;74;2021-04-27;32708;55182;2423030;770065;69.7;22.1
FR;74;2021-04-28;32177;52073;2455207;822138;70.6;23.6
FR;74;2021-04-29;38009;53091;2493216;875229;71.7;25.2
FR;74;2021-04-30;34429;48254;2527645;923483;72.7;26.5
FR;74;2021-05-01;10954;14953;2538599;938436;73.0;27.0
FR;74;2021-05-02;5092;11265;2543691;949701;73.1;27.3
FR;79;2020-12-27;1;0;1;0;0.0;0.0
FR;79;2020-12-28;6;0;7;0;0.0;0.0
FR;79;2020-12-29;15;0;22;0;0.0;0.0
FR;79;2020-12-30;11;0;33;0;0.0;0.0
FR;79;2020-12-31;6;0;39;0;0.0;0.0
FR;79;2021-01-01;4;0;43;0;0.0;0.0
FR;79;2021-01-02;3;0;46;0;0.0;0.0
FR;79;2021-01-03;2;0;48;0;0.0;0.0
FR;79;2021-01-04;49;0;97;0;0.0;0.0
FR;79;2021-01-05;171;0;268;0;0.0;0.0
FR;79;2021-01-06;339;0;607;0;0.0;0.0
FR;79;2021-01-07;903;0;1510;0;0.1;0.0
FR;79;2021-01-08;1069;0;2579;0;0.1;0.0
FR;79;2021-01-09;364;0;2943;0;0.1;0.0
FR;79;2021-01-10;191;0;3134;0;0.1;0.0
FR;79;2021-01-11;1143;0;4277;0;0.2;0.0
FR;79;2021-01-12;2191;0;6468;0;0.3;0.0
FR;79;2021-01-13;2743;0;9211;0;0.4;0.0
FR;79;2021-01-14;4428;2;13639;2;0.6;0.0
FR;79;2021-01-15;5241;0;18880;2;0.9;0.0
FR;79;2021-01-16;2818;60;21698;62;1.0;0.0
FR;79;2021-01-17;1305;3;23003;65;1.0;0.0
FR;79;2021-01-18;19622;39;42625;104;1.9;0.0
FR;79;2021-01-19;25994;44;68619;148;3.1;0.0
FR;79;2021-01-20;28009;30;96628;178;4.4;0.0
FR;79;2021-01-21;30029;32;126657;210;5.7;0.0
FR;79;2021-01-22;27863;32;154520;242;7.0;0.0
FR;79;2021-01-23;11658;10;166178;252;7.5;0.0
FR;79;2021-01-24;2172;7;168350;259;7.6;0.0
FR;79;2021-01-25;22540;56;190890;315;8.6;0.0
FR;79;2021-01-26;25707;158;216597;473;9.8;0.0
FR;79;2021-01-27;24994;233;241591;706;10.9;0.0
FR;79;2021-01-28;25170;714;266761;1420;12.0;0.1
FR;79;2021-01-29;22521;642;289282;2062;13.0;0.1
FR;79;2021-01-30;8782;152;298064;2214;13.4;0.1
FR;79;2021-01-31;1229;69;299293;2283;13.5;0.1
FR;79;2021-02-01;16127;789;315420;3072;14.2;0.1
FR;79;2021-02-02;19250;1581;334670;4653;15.1;0.2
FR;79;2021-02-03;18282;1896;352952;6549;15.9;0.3
FR;79;2021-02-04;19154;2995;372106;9544;16.8;0.4
FR;79;2021-02-05;18010;2880;390116;12424;17.6;0.6
FR;79;2021-02-06;6449;1087;396565;13511;17.9;0.6
FR;79;2021-02-07;871;502;397436;14013;17.9;0.6
FR;79;2021-02-08;13080;6176;410516;20189;18.5;0.9
FR;79;2021-02-09;15542;8301;426058;28490;19.2;1.3
FR;79;2021-02-10;15435;8731;441493;37221;19.9;1.7
FR;79;2021-02-11;16513;10337;458006;47558;20.7;2.1
FR;79;2021-02-12;15662;9694;473668;57252;21.4;2.6
FR;79;2021-02-13;5003;4253;478671;61505;21.6;2.8
FR;79;2021-02-14;901;1116;479572;62621;21.6;2.8
FR;79;2021-02-15;7126;20287;486698;82908;21.9;3.7
FR;79;2021-02-16;8334;23613;495032;106521;22.3;4.8
FR;79;2021-02-17;8246;24924;503278;131445;22.7;5.9
FR;79;2021-02-18;10268;25409;513546;156854;23.2;7.1
FR;79;2021-02-19;10300;21103;523846;177957;23.6;8.0
FR;79;2021-02-20;3766;8745;527612;186702;23.8;8.4
FR;79;2021-02-21;548;1496;528160;188198;23.8;8.5
FR;79;2021-02-22;6979;22240;535139;210438;24.1;9.5
FR;79;2021-02-23;9625;23863;544764;234301;24.6;10.6
FR;79;2021-02-24;10019;22602;554783;256903;25.0;11.6
FR;79;2021-02-25;11645;21904;566428;278807;25.5;12.6
FR;79;2021-02-26;12041;19068;578469;297875;26.1;13.4
FR;79;2021-02-27;4415;7005;582884;304880;26.3;13.7
FR;79;2021-02-28;873;977;583757;305857;26.3;13.8
FR;79;2021-03-01;12102;16896;595859;322753;26.9;14.6
FR;79;2021-03-02;16287;19380;612146;342133;27.6;15.4
FR;79;2021-03-03;17695;18178;629841;360311;28.4;16.2
FR;79;2021-03-04;20837;18268;650678;378579;29.3;17.1
FR;79;2021-03-05;22389;15983;673067;394562;30.4;17.8
FR;79;2021-03-06;28922;5206;701989;399768;31.7;18.0
FR;79;2021-03-07;21026;734;723015;400502;32.6;18.1
FR;79;2021-03-08;17331;14809;740346;415311;33.4;18.7
FR;79;2021-03-09;25678;16054;766024;431365;34.5;19.5
FR;79;2021-03-10;26808;15300;792832;446665;35.8;20.1
FR;79;2021-03-11;31725;14907;824557;461572;37.2;20.8
FR;79;2021-03-12;33270;12592;857827;474164;38.7;21.4
FR;79;2021-03-13;25223;4136;883050;478300;39.8;21.6
FR;79;2021-03-14;9455;664;892505;478964;40.3;21.6
FR;79;2021-03-15;28403;8224;920908;487188;41.5;22.0
FR;79;2021-03-16;32761;8940;953669;496128;43.0;22.4
FR;79;2021-03-17;33730;8738;987399;504866;44.5;22.8
FR;79;2021-03-18;36626;9306;1024025;514172;46.2;23.2
FR;79;2021-03-19;36637;8413;1060662;522585;47.8;23.6
FR;79;2021-03-20;20642;3036;1081304;525621;48.8;23.7
FR;79;2021-03-21;5871;466;1087175;526087;49.0;23.7
FR;79;2021-03-22;28526;8924;1115701;535011;50.3;24.1
FR;79;2021-03-23;36968;10611;1152669;545622;52.0;24.6
FR;79;2021-03-24;35463;11010;1188132;556632;53.6;25.1
FR;79;2021-03-25;41776;10920;1229908;567552;55.5;25.6
FR;79;2021-03-26;39284;10283;1269192;577835;57.2;26.1
FR;79;2021-03-27;17612;4468;1286804;582303;58.0;26.3
FR;79;2021-03-28;4787;1320;1291591;583623;58.3;26.3
FR;79;2021-03-29;22220;14439;1313811;598062;59.3;27.0
FR;79;2021-03-30;27929;18782;1341740;616844;60.5;27.8
FR;79;2021-03-31;24612;19833;1366352;636677;61.6;28.7
FR;79;2021-04-01;27065;24577;1393417;661254;62.8;29.8
FR;79;2021-04-02;22977;25377;1416394;686631;63.9;31.0
FR;79;2021-04-03;9989;17476;1426383;704107;64.3;31.8
FR;79;2021-04-04;2795;5076;1429178;709183;64.5;32.0
FR;79;2021-04-05;4163;2638;1433341;711821;64.6;32.1
FR;79;2021-04-06;18438;30132;1451779;741953;65.5;33.5
FR;79;2021-04-07;20818;29191;1472597;771144;66.4;34.8
FR;79;2021-04-08;24725;29238;1497322;800382;67.5;36.1
FR;79;2021-04-09;26569;27448;1523891;827830;68.7;37.3
FR;79;2021-04-10;13572;18700;1537463;846530;69.3;38.2
FR;79;2021-04-11;3478;6269;1540941;852799;69.5;38.5
FR;79;2021-04-12;16609;28792;1557550;881591;70.2;39.8
FR;79;2021-04-13;18933;34225;1576483;915816;71.1;41.3
FR;79;2021-04-14;17953;32611;1594436;948427;71.9;42.8
FR;79;2021-04-15;18868;33407;1613304;981834;72.8;44.3
FR;79;2021-04-16;16047;30599;1629351;1012433;73.5;45.7
FR;79;2021-04-17;8068;16248;1637419;1028681;73.8;46.4
FR;79;2021-04-18;1753;4785;1639172;1033466;73.9;46.6
FR;79;2021-04-19;9728;28636;1648900;1062102;74.4;47.9
FR;79;2021-04-20;11554;33984;1660454;1096086;74.9;49.4
FR;79;2021-04-21;11133;30761;1671587;1126847;75.4;50.8
FR;79;2021-04-22;12683;30761;1684270;1157608;76.0;52.2
FR;79;2021-04-23;11707;27313;1695977;1184921;76.5;53.4
FR;79;2021-04-24;6092;13477;1702069;1198398;76.8;54.0
FR;79;2021-04-25;1878;3338;1703947;1201736;76.8;54.2
FR;79;2021-04-26;8741;20544;1712688;1222280;77.2;55.1
FR;79;2021-04-27;10910;23253;1723598;1245533;77.7;56.2
FR;79;2021-04-28;11387;20425;1734985;1265958;78.2;57.1
FR;79;2021-04-29;13284;20148;1748269;1286106;78.8;58.0
FR;79;2021-04-30;12471;17117;1760740;1303223;79.4;58.8
FR;79;2021-05-01;3753;3818;1764493;1307041;79.6;58.9
FR;79;2021-05-02;1707;2560;1766200;1309601;79.7;59.1
FR;80;2020-12-27;10;0;10;0;0.0;0.0
FR;80;2020-12-28;41;0;51;0;0.0;0.0
FR;80;2020-12-29;78;0;129;0;0.0;0.0
FR;80;2020-12-30;69;0;198;0;0.0;0.0
FR;80;2020-12-31;49;0;247;0;0.0;0.0
FR;80;2021-01-01;8;0;255;0;0.0;0.0
FR;80;2021-01-02;8;0;263;0;0.0;0.0
FR;80;2021-01-03;2;0;265;0;0.0;0.0
FR;80;2021-01-04;296;0;561;0;0.0;0.0
FR;80;2021-01-05;908;0;1469;0;0.0;0.0
FR;80;2021-01-06;1672;0;3141;0;0.1;0.0
FR;80;2021-01-07;6283;1;9424;1;0.2;0.0
FR;80;2021-01-08;5699;0;15123;1;0.4;0.0
FR;80;2021-01-09;979;0;16102;1;0.4;0.0
FR;80;2021-01-10;307;0;16409;1;0.4;0.0
FR;80;2021-01-11;4427;0;20836;1;0.5;0.0
FR;80;2021-01-12;12613;2;33449;3;0.8;0.0
FR;80;2021-01-13;12413;6;45862;9;1.1;0.0
FR;80;2021-01-14;18179;17;64041;26;1.5;0.0
FR;80;2021-01-15;12077;0;76118;26;1.8;0.0
FR;80;2021-01-16;4029;165;80147;191;1.9;0.0
FR;80;2021-01-17;3741;17;83888;208;2.0;0.0
FR;80;2021-01-18;28711;67;112599;275;2.7;0.0
FR;80;2021-01-19;53657;127;166256;402;4.0;0.0
FR;80;2021-01-20;59340;102;225596;504;5.4;0.0
FR;80;2021-01-21;69877;79;295473;583;7.1;0.0
FR;80;2021-01-22;48209;87;343682;670;8.3;0.0
FR;80;2021-01-23;16213;12;359895;682;8.7;0.0
FR;80;2021-01-24;4310;3;364205;685;8.8;0.0
FR;80;2021-01-25;32370;228;396575;913;9.5;0.0
FR;80;2021-01-26;45057;797;441632;1710;10.6;0.0
FR;80;2021-01-27;50842;1362;492474;3072;11.8;0.1
FR;80;2021-01-28;59903;5154;552377;8226;13.3;0.2
FR;80;2021-01-29;39293;4026;591670;12252;14.2;0.3
FR;80;2021-01-30;13221;655;604891;12907;14.5;0.3
FR;80;2021-01-31;2332;242;607223;13149;14.6;0.3
FR;80;2021-02-01;22982;3220;630205;16369;15.2;0.4
FR;80;2021-02-02;33425;9864;663630;26233;16.0;0.6
FR;80;2021-02-03;34391;9637;698021;35870;16.8;0.9
FR;80;2021-02-04;38011;15809;736032;51679;17.7;1.2
FR;80;2021-02-05;29749;9871;765781;61550;18.4;1.5
FR;80;2021-02-06;9700;2043;775481;63593;18.7;1.5
FR;80;2021-02-07;1448;2111;776929;65704;18.7;1.6
FR;80;2021-02-08;19326;12400;796255;78104;19.2;1.9
FR;80;2021-02-09;25872;29909;822127;108013;19.8;2.6
FR;80;2021-02-10;26281;33042;848408;141055;20.4;3.4
FR;80;2021-02-11;30432;44767;878840;185822;21.1;4.5
FR;80;2021-02-12;26680;23988;905520;209810;21.8;5.0
FR;80;2021-02-13;7922;5992;913442;215802;22.0;5.2
FR;80;2021-02-14;1507;2529;914949;218331;22.0;5.3
FR;80;2021-02-15;11112;26954;926061;245285;22.3;5.9
FR;80;2021-02-16;15521;38478;941582;283763;22.6;6.8
FR;80;2021-02-17;15906;46646;957488;330409;23.0;7.9
FR;80;2021-02-18;21442;56575;978930;386984;23.5;9.3
FR;80;2021-02-19;19010;36648;997940;423632;24.0;10.2
FR;80;2021-02-20;6298;12059;1004238;435691;24.2;10.5
FR;80;2021-02-21;913;2363;1005151;438054;24.2;10.5
FR;80;2021-02-22;11155;29421;1016306;467475;24.4;11.2
FR;80;2021-02-23;17033;37063;1033339;504538;24.9;12.1
FR;80;2021-02-24;17957;37803;1051296;542341;25.3;13.0
FR;80;2021-02-25;22222;40843;1073518;583184;25.8;14.0
FR;80;2021-02-26;20485;29722;1094003;612906;26.3;14.7
FR;80;2021-02-27;7167;10203;1101170;623109;26.5;15.0
FR;80;2021-02-28;1259;1642;1102429;624751;26.5;15.0
FR;80;2021-03-01;18713;22906;1121142;647657;27.0;15.6
FR;80;2021-03-02;26818;29022;1147960;676679;27.6;16.3
FR;80;2021-03-03;28621;28752;1176581;705431;28.3;17.0
FR;80;2021-03-04;34745;31249;1211326;736680;29.1;17.7
FR;80;2021-03-05;35780;26518;1247106;763198;30.0;18.4
FR;80;2021-03-06;41226;7796;1288332;770994;31.0;18.5
FR;80;2021-03-07;29634;1072;1317966;772066;31.7;18.6
FR;80;2021-03-08;27119;20990;1345085;793056;32.4;19.1
FR;80;2021-03-09;40588;23795;1385673;816851;33.3;19.6
FR;80;2021-03-10;42974;24662;1428647;841513;34.4;20.2
FR;80;2021-03-11;51449;27009;1480096;868522;35.6;20.9
FR;80;2021-03-12;51912;22091;1532008;890613;36.8;21.4
FR;80;2021-03-13;37326;6626;1569334;897239;37.7;21.6
FR;80;2021-03-14;13873;1047;1583207;898286;38.1;21.6
FR;80;2021-03-15;43965;12692;1627172;910978;39.1;21.9
FR;80;2021-03-16;51729;15972;1678901;926950;40.4;22.3
FR;80;2021-03-17;54522;15102;1733423;942052;41.7;22.7
FR;80;2021-03-18;58372;18233;1791795;960285;43.1;23.1
FR;80;2021-03-19;57249;14708;1849044;974993;44.5;23.4
FR;80;2021-03-20;30933;4913;1879977;979906;45.2;23.6
FR;80;2021-03-21;8680;664;1888657;980570;45.4;23.6
FR;80;2021-03-22;42759;13537;1931416;994107;46.5;23.9
FR;80;2021-03-23;55428;17436;1986844;1011543;47.8;24.3
FR;80;2021-03-24;54304;18260;2041148;1029803;49.1;24.8
FR;80;2021-03-25;63740;19335;2104888;1049138;50.6;25.2
FR;80;2021-03-26;59976;17545;2164864;1066683;52.1;25.7
FR;80;2021-03-27;26525;7279;2191389;1073962;52.7;25.8
FR;80;2021-03-28;6923;1834;2198312;1075796;52.9;25.9
FR;80;2021-03-29;32775;22288;2231087;1098084;53.7;26.4
FR;80;2021-03-30;43026;30212;2274113;1128296;54.7;27.1
FR;80;2021-03-31;40359;32267;2314472;1160563;55.7;27.9
FR;80;2021-04-01;45820;40041;2360292;1200604;56.8;28.9
FR;80;2021-04-02;36918;41056;2397210;1241660;57.7;29.9
FR;80;2021-04-03;14468;26158;2411678;1267818;58.0;30.5
FR;80;2021-04-04;3857;7492;2415535;1275310;58.1;30.7
FR;80;2021-04-05;5570;3815;2421105;1279125;58.2;30.8
FR;80;2021-04-06;26844;46826;2447949;1325951;58.9;31.9
FR;80;2021-04-07;32989;47687;2480938;1373638;59.7;33.0
FR;80;2021-04-08;39520;48654;2520458;1422292;60.6;34.2
FR;80;2021-04-09;42937;45037;2563395;1467329;61.7;35.3
FR;80;2021-04-10;19703;28284;2583098;1495613;62.1;36.0
FR;80;2021-04-11;4804;8952;2587902;1504565;62.2;36.2
FR;80;2021-04-12;23255;44729;2611157;1549294;62.8;37.3
FR;80;2021-04-13;29844;53522;2641001;1602816;63.5;38.5
FR;80;2021-04-14;28591;51307;2669592;1654123;64.2;39.8
FR;80;2021-04-15;30809;52862;2700401;1706985;64.9;41.1
FR;80;2021-04-16;26008;48279;2726409;1755264;65.6;42.2
FR;80;2021-04-17;12231;24803;2738640;1780067;65.9;42.8
FR;80;2021-04-18;2507;7404;2741147;1787471;65.9;43.0
FR;80;2021-04-19;14063;42701;2755210;1830172;66.3;44.0
FR;80;2021-04-20;17685;52241;2772895;1882413;66.7;45.3
FR;80;2021-04-21;17692;49417;2790587;1931830;67.1;46.5
FR;80;2021-04-22;20275;50738;2810862;1982568;67.6;47.7
FR;80;2021-04-23;18719;43892;2829581;2026460;68.1;48.7
FR;80;2021-04-24;9298;20684;2838879;2047144;68.3;49.2
FR;80;2021-04-25;2638;4879;2841517;2052023;68.3;49.4
FR;80;2021-04-26;12068;30011;2853585;2082034;68.6;50.1
FR;80;2021-04-27;16438;35451;2870023;2117485;69.0;50.9
FR;80;2021-04-28;17504;33558;2887527;2151043;69.4;51.7
FR;80;2021-04-29;20811;34624;2908338;2185667;69.9;52.6
FR;80;2021-04-30;19627;28293;2927965;2213960;70.4;53.2
FR;80;2021-05-01;5688;5495;2933653;2219455;70.6;53.4
FR;80;2021-05-02;2556;3609;2936209;2223064;70.6;53.5
FR;0;2020-12-27;18;0;18;0;0.0;0.0
FR;0;2020-12-28;60;0;78;0;0.0;0.0
FR;0;2020-12-29;107;0;185;0;0.0;0.0
FR;0;2020-12-30;116;0;301;0;0.0;0.0
FR;0;2020-12-31;83;0;384;0;0.0;0.0
FR;0;2021-01-01;57;0;441;0;0.0;0.0
FR;0;2021-01-02;72;0;513;0;0.0;0.0
FR;0;2021-01-03;87;0;600;0;0.0;0.0
FR;0;2021-01-04;1464;0;2064;0;0.0;0.0
FR;0;2021-01-05;5356;0;7420;0;0.0;0.0
FR;0;2021-01-06;11253;2;18673;2;0.0;0.0
FR;0;2021-01-07;28455;13;47128;15;0.1;0.0
FR;0;2021-01-08;35890;4;83018;19;0.1;0.0
FR;0;2021-01-09;10867;1;93885;20;0.1;0.0
FR;0;2021-01-10;5600;0;99485;20;0.1;0.0
FR;0;2021-01-11;38722;8;138207;28;0.2;0.0
FR;0;2021-01-12;60325;14;198532;42;0.3;0.0
FR;0;2021-01-13;63395;28;261927;70;0.4;0.0
FR;0;2021-01-14;79503;52;341430;122;0.5;0.0
FR;0;2021-01-15;66992;14;408422;136;0.6;0.0
FR;0;2021-01-16;19581;855;428003;991;0.6;0.0
FR;0;2021-01-17;10447;41;438450;1032;0.7;0.0
FR;0;2021-01-18;84121;214;522571;1246;0.8;0.0
FR;0;2021-01-19;127895;260;650466;1506;1.0;0.0
FR;0;2021-01-20;134605;215;785071;1721;1.2;0.0
FR;0;2021-01-21;154591;220;939662;1941;1.4;0.0
FR;0;2021-01-22;117905;274;1057567;2215;1.6;0.0
FR;0;2021-01-23;37729;88;1095296;2303;1.6;0.0
FR;0;2021-01-24;9318;105;1104614;2408;1.6;0.0
FR;0;2021-01-25;76582;1522;1181196;3930;1.8;0.0
FR;0;2021-01-26;98437;3956;1279633;7886;1.9;0.0
FR;0;2021-01-27;105369;6845;1385002;14731;2.1;0.0
FR;0;2021-01-28;121860;17572;1506862;32303;2.2;0.0
FR;0;2021-01-29;90620;19675;1597482;51978;2.4;0.1
FR;0;2021-01-30;28618;4678;1626100;56656;2.4;0.1
FR;0;2021-01-31;4859;1909;1630959;58565;2.4;0.1
FR;0;2021-02-01;51361;24143;1682320;82708;2.5;0.1
FR;0;2021-02-02;70302;40744;1752622;123452;2.6;0.2
FR;0;2021-02-03;70790;42027;1823412;165479;2.7;0.2
FR;0;2021-02-04;80072;58703;1903484;224182;2.8;0.3
FR;0;2021-02-05;66755;49583;1970239;273765;2.9;0.4
FR;0;2021-02-06;21216;11409;1991455;285174;3.0;0.4
FR;0;2021-02-07;4813;6457;1996268;291631;3.0;0.4
FR;0;2021-02-08;45703;50134;2041971;341765;3.0;0.5
FR;0;2021-02-09;64547;82440;2106518;424205;3.1;0.6
FR;0;2021-02-10;68888;87387;2175406;511592;3.2;0.8
FR;0;2021-02-11;85071;110378;2260477;621970;3.4;0.9
FR;0;2021-02-12;77222;75876;2337699;697846;3.5;1.0
FR;0;2021-02-13;21543;18677;2359242;716523;3.5;1.1
FR;0;2021-02-14;4541;6758;2363783;723281;3.5;1.1
FR;0;2021-02-15;36753;75158;2400536;798439;3.6;1.2
FR;0;2021-02-16;48877;96695;2449413;895134;3.6;1.3
FR;0;2021-02-17;49065;107976;2498478;1003110;3.7;1.5
FR;0;2021-02-18;67260;125691;2565738;1128801;3.8;1.7
FR;0;2021-02-19;63305;91207;2629043;1220008;3.9;1.8
FR;0;2021-02-20;17855;27686;2646898;1247694;3.9;1.9
FR;0;2021-02-21;2837;5388;2649735;1253082;3.9;1.9
FR;0;2021-02-22;36185;70900;2685920;1323982;4.0;2.0
FR;0;2021-02-23;52128;83781;2738048;1407763;4.1;2.1
FR;0;2021-02-24;57669;82701;2795717;1490464;4.2;2.2
FR;0;2021-02-25;97655;89096;2893372;1579560;4.3;2.4
FR;0;2021-02-26;110783;69466;3004155;1649026;4.5;2.5
FR;0;2021-02-27;50654;22308;3054809;1671334;4.6;2.5
FR;0;2021-02-28;5631;3602;3060440;1674936;4.6;2.5
FR;0;2021-03-01;62898;52629;3123338;1727565;4.7;2.6
FR;0;2021-03-02;98478;66770;3221816;1794335;4.8;2.7
FR;0;2021-03-03;112396;64764;3334212;1859099;5.0;2.8
FR;0;2021-03-04;157984;73935;3492196;1933034;5.2;2.9
FR;0;2021-03-05;195650;62086;3687846;1995120;5.5;3.0
FR;0;2021-03-06;202023;17289;3889869;2012409;5.8;3.0
FR;0;2021-03-07;118828;2659;4008697;2015068;6.0;3.0
FR;0;2021-03-08;103840;47198;4112537;2062266;6.1;3.1
FR;0;2021-03-09;168136;54704;4280673;2116970;6.4;3.2
FR;0;2021-03-10;174063;56353;4454736;2173323;6.6;3.2
FR;0;2021-03-11;237074;64159;4691810;2237482;7.0;3.3
FR;0;2021-03-12;288533;53162;4980343;2290644;7.4;3.4
FR;0;2021-03-13;226343;15410;5206686;2306054;7.8;3.4
FR;0;2021-03-14;61919;2727;5268605;2308781;7.9;3.4
FR;0;2021-03-15;154738;30601;5423343;2339382;8.1;3.5
FR;0;2021-03-16;138862;38427;5562205;2377809;8.3;3.5
FR;0;2021-03-17;147424;37491;5709629;2415300;8.5;3.6
FR;0;2021-03-18;164462;45045;5874091;2460345;8.8;3.7
FR;0;2021-03-19;225458;37845;6099549;2498190;9.1;3.7
FR;0;2021-03-20;163920;12532;6263469;2510722;9.3;3.7
FR;0;2021-03-21;48652;2117;6312121;2512839;9.4;3.7
FR;0;2021-03-22;166371;34289;6478492;2547128;9.7;3.8
FR;0;2021-03-23;245656;44299;6724148;2591427;10.0;3.9
FR;0;2021-03-24;252201;45665;6976349;2637092;10.4;3.9
FR;0;2021-03-25;335814;49109;7312163;2686201;10.9;4.0
FR;0;2021-03-26;353080;45518;7665243;2731719;11.4;4.1
FR;0;2021-03-27;192202;19371;7857445;2751090;11.7;4.1
FR;0;2021-03-28;58198;5603;7915643;2756693;11.8;4.1
FR;0;2021-03-29;199311;54580;8114954;2811273;12.1;4.2
FR;0;2021-03-30;280306;73758;8395260;2885031;12.5;4.3
FR;0;2021-03-31;257686;78272;8652946;2963303;12.9;4.4
FR;0;2021-04-01;307168;99959;8960114;3063262;13.4;4.6
FR;0;2021-04-02;275979;101008;9236093;3164270;13.8;4.7
FR;0;2021-04-03;138548;65060;9374641;3229330;14.0;4.8
FR;0;2021-04-04;44686;19940;9419327;3249270;14.0;4.8
FR;0;2021-04-05;58399;11242;9477726;3260512;14.1;4.9
FR;0;2021-04-06;207711;117485;9685437;3377997;14.4;5.0
FR;0;2021-04-07;252970;119544;9938407;3497541;14.8;5.2
FR;0;2021-04-08;327877;130349;10266284;3627890;15.3;5.4
FR;0;2021-04-09;399948;124517;10666232;3752407;15.9;5.6
FR;0;2021-04-10;208846;86556;10875078;3838963;16.2;5.7
FR;0;2021-04-11;54658;35015;10929736;3873978;16.3;5.8
FR;0;2021-04-12;231557;119012;11161293;3992990;16.6;5.9
FR;0;2021-04-13;302071;147830;11463364;4140820;17.1;6.2
FR;0;2021-04-14;285853;145278;11749217;4286098;17.5;6.4
FR;0;2021-04-15;326815;157181;12076032;4443279;18.0;6.6
FR;0;2021-04-16;330522;152988;12406554;4596267;18.5;6.8
FR;0;2021-04-17;184556;93357;12591110;4689624;18.8;7.0
FR;0;2021-04-18;49991;36656;12641101;4726280;18.8;7.0
FR;0;2021-04-19;200302;141530;12841403;4867810;19.1;7.3
FR;0;2021-04-20;247192;177398;13088595;5045208;19.5;7.5
FR;0;2021-04-21;244856;175624;13333451;5220832;19.9;7.8
FR;0;2021-04-22;278516;197514;13611967;5418346;20.3;8.1
FR;0;2021-04-23;282704;191585;13894671;5609931;20.7;8.4
FR;0;2021-04-24;186470;117603;14081141;5727534;21.0;8.5
FR;0;2021-04-25;67149;40843;14148290;5768377;21.1;8.6
FR;0;2021-04-26;212123;166132;14360413;5934509;21.4;8.8
FR;0;2021-04-27;276682;202549;14637095;6137058;21.8;9.1
FR;0;2021-04-28;289841;199711;14926936;6336769;22.2;9.4
FR;0;2021-04-29;342631;220024;15269567;6556793;22.8;9.8
FR;0;2021-04-30;357421;212075;15626988;6768868;23.3;10.1
FR;0;2021-05-01;158053;59554;15785041;6828422;23.5;10.2
FR;0;2021-05-02;88120;41005;15873161;6869427;23.7;10.2
