fra;clage_vacsi;jour;n_dose1;n_complet;n_cum_dose1;n_cum_complet;couv_dose1;couv_complet
FR;24;2020-12-27;1;0;1;0;0.0;0.0
FR;24;2020-12-28;2;0;3;0;0.0;0.0
FR;24;2020-12-29;0;0;3;0;0.0;0.0
FR;24;2020-12-30;0;0;3;0;0.0;0.0
FR;24;2020-12-31;0;0;3;0;0.0;0.0
FR;24;2021-01-01;1;0;4;0;0.0;0.0
FR;24;2021-01-02;0;0;4;0;0.0;0.0
FR;24;2021-01-03;2;0;6;0;0.0;0.0
FR;24;2021-01-04;4;0;10;0;0.0;0.0
FR;24;2021-01-05;17;0;27;0;0.0;0.0
FR;24;2021-01-06;36;0;63;0;0.0;0.0
FR;24;2021-01-07;179;0;242;0;0.0;0.0
FR;24;2021-01-08;216;0;458;0;0.0;0.0
FR;24;2021-01-09;40;0;498;0;0.0;0.0
FR;24;2021-01-10;35;0;533;0;0.0;0.0
FR;24;2021-01-11;251;2;784;2;0.0;0.0
FR;24;2021-01-12;395;1;1179;3;0.0;0.0
FR;24;2021-01-13;477;3;1656;6;0.0;0.0
FR;24;2021-01-14;607;5;2263;11;0.0;0.0
FR;24;2021-01-15;586;1;2849;12;0.1;0.0
FR;24;2021-01-16;116;3;2965;15;0.1;0.0
FR;24;2021-01-17;94;0;3059;15;0.1;0.0
FR;24;2021-01-18;506;1;3565;16;0.1;0.0
FR;24;2021-01-19;594;1;4159;17;0.1;0.0
FR;24;2021-01-20;649;0;4808;17;0.1;0.0
FR;24;2021-01-21;751;3;5559;20;0.1;0.0
FR;24;2021-01-22;597;3;6156;23;0.1;0.0
FR;24;2021-01-23;116;0;6272;23;0.1;0.0
FR;24;2021-01-24;22;0;6294;23;0.1;0.0
FR;24;2021-01-25;294;3;6588;26;0.1;0.0
FR;24;2021-01-26;364;11;6952;37;0.1;0.0
FR;24;2021-01-27;440;14;7392;51;0.1;0.0
FR;24;2021-01-28;594;50;7986;101;0.1;0.0
FR;24;2021-01-29;466;82;8452;183;0.2;0.0
FR;24;2021-01-30;87;16;8539;199;0.2;0.0
FR;24;2021-01-31;25;13;8564;212;0.2;0.0
FR;24;2021-02-01;155;134;8719;346;0.2;0.0
FR;24;2021-02-02;214;182;8933;528;0.2;0.0
FR;24;2021-02-03;215;185;9148;713;0.2;0.0
FR;24;2021-02-04;357;315;9505;1028;0.2;0.0
FR;24;2021-02-05;345;342;9850;1370;0.2;0.0
FR;24;2021-02-06;82;71;9932;1441;0.2;0.0
FR;24;2021-02-07;169;28;10101;1469;0.2;0.0
FR;24;2021-02-08;388;357;10489;1826;0.2;0.0
FR;24;2021-02-09;743;454;11232;2280;0.2;0.0
FR;24;2021-02-10;1084;591;12316;2871;0.2;0.1
FR;24;2021-02-11;1568;696;13884;3567;0.3;0.1
FR;24;2021-02-12;1618;551;15502;4118;0.3;0.1
FR;24;2021-02-13;290;90;15792;4208;0.3;0.1
FR;24;2021-02-14;62;30;15854;4238;0.3;0.1
FR;24;2021-02-15;1026;368;16880;4606;0.3;0.1
FR;24;2021-02-16;1556;560;18436;5166;0.3;0.1
FR;24;2021-02-17;1486;479;19922;5645;0.4;0.1
FR;24;2021-02-18;1932;608;21854;6253;0.4;0.1
FR;24;2021-02-19;1849;537;23703;6790;0.4;0.1
FR;24;2021-02-20;328;81;24031;6871;0.4;0.1
FR;24;2021-02-21;38;18;24069;6889;0.4;0.1
FR;24;2021-02-22;1148;271;25217;7160;0.5;0.1
FR;24;2021-02-23;1570;367;26787;7527;0.5;0.1
FR;24;2021-02-24;1644;314;28431;7841;0.5;0.1
FR;24;2021-02-25;2243;441;30674;8282;0.6;0.2
FR;24;2021-02-26;2163;359;32837;8641;0.6;0.2
FR;24;2021-02-27;529;76;33366;8717;0.6;0.2
FR;24;2021-02-28;90;15;33456;8732;0.6;0.2
FR;24;2021-03-01;1239;210;34695;8942;0.6;0.2
FR;24;2021-03-02;1637;275;36332;9217;0.7;0.2
FR;24;2021-03-03;1738;313;38070;9530;0.7;0.2
FR;24;2021-03-04;2094;465;40164;9995;0.7;0.2
FR;24;2021-03-05;3263;432;43427;10427;0.8;0.2
FR;24;2021-03-06;1697;113;45124;10540;0.8;0.2
FR;24;2021-03-07;974;52;46098;10592;0.8;0.2
FR;24;2021-03-08;1946;220;48044;10812;0.9;0.2
FR;24;2021-03-09;2592;258;50636;11070;0.9;0.2
FR;24;2021-03-10;2417;323;53053;11393;1.0;0.2
FR;24;2021-03-11;2902;461;55955;11854;1.0;0.2
FR;24;2021-03-12;3806;392;59761;12246;1.1;0.2
FR;24;2021-03-13;1471;79;61232;12325;1.1;0.2
FR;24;2021-03-14;530;33;61762;12358;1.1;0.2
FR;24;2021-03-15;1820;230;63582;12588;1.2;0.2
FR;24;2021-03-16;822;305;64404;12893;1.2;0.2
FR;24;2021-03-17;1066;313;65470;13206;1.2;0.2
FR;24;2021-03-18;1295;423;66765;13629;1.2;0.3
FR;24;2021-03-19;1860;351;68625;13980;1.3;0.3
FR;24;2021-03-20;829;84;69454;14064;1.3;0.3
FR;24;2021-03-21;632;47;70086;14111;1.3;0.3
FR;24;2021-03-22;1498;274;71584;14385;1.3;0.3
FR;24;2021-03-23;1792;387;73376;14772;1.4;0.3
FR;24;2021-03-24;2152;339;75528;15111;1.4;0.3
FR;24;2021-03-25;2554;479;78082;15590;1.4;0.3
FR;24;2021-03-26;3156;457;81238;16047;1.5;0.3
FR;24;2021-03-27;1889;182;83127;16229;1.5;0.3
FR;24;2021-03-28;1009;68;84136;16297;1.6;0.3
FR;24;2021-03-29;2420;345;86556;16642;1.6;0.3
FR;24;2021-03-30;3556;496;90112;17138;1.7;0.3
FR;24;2021-03-31;4066;501;94178;17639;1.7;0.3
FR;24;2021-04-01;5373;715;99551;18354;1.8;0.3
FR;24;2021-04-02;4425;602;103976;18956;1.9;0.3
FR;24;2021-04-03;1730;331;105706;19287;1.9;0.4
FR;24;2021-04-04;954;123;106660;19410;2.0;0.4
FR;24;2021-04-05;1091;127;107751;19537;2.0;0.4
FR;24;2021-04-06;3526;562;111277;20099;2.1;0.4
FR;24;2021-04-07;4737;775;116014;20874;2.1;0.4
FR;24;2021-04-08;6306;1065;122320;21939;2.3;0.4
FR;24;2021-04-09;5725;1000;128045;22939;2.4;0.4
FR;24;2021-04-10;2620;554;130665;23493;2.4;0.4
FR;24;2021-04-11;1249;303;131914;23796;2.4;0.4
FR;24;2021-04-12;3405;901;135319;24697;2.5;0.5
FR;24;2021-04-13;4703;1118;140022;25815;2.6;0.5
FR;24;2021-04-14;4840;1274;144862;27089;2.7;0.5
FR;24;2021-04-15;5093;1534;149955;28623;2.8;0.5
FR;24;2021-04-16;4735;1641;154690;30264;2.9;0.6
FR;24;2021-04-17;2099;788;156789;31052;2.9;0.6
FR;24;2021-04-18;716;430;157505;31482;2.9;0.6
FR;24;2021-04-19;2880;1494;160385;32976;3.0;0.6
FR;24;2021-04-20;3062;2098;163447;35074;3.0;0.6
FR;24;2021-04-21;3343;2435;166790;37509;3.1;0.7
FR;24;2021-04-22;3970;3089;170760;40598;3.1;0.7
FR;24;2021-04-23;4108;3254;174868;43852;3.2;0.8
FR;24;2021-04-24;2359;1661;177227;45513;3.3;0.8
FR;24;2021-04-25;1203;797;178430;46310;3.3;0.9
FR;24;2021-04-26;3013;2157;181443;48467;3.3;0.9
FR;24;2021-04-27;3849;3143;185292;51610;3.4;1.0
FR;24;2021-04-28;4317;3708;189609;55318;3.5;1.0
FR;24;2021-04-29;5373;4406;194982;59724;3.6;1.1
FR;24;2021-04-30;6066;4563;201048;64287;3.7;1.2
FR;24;2021-05-01;3683;1064;204731;65351;3.8;1.2
FR;24;2021-05-02;2730;891;207461;66242;3.8;1.2
FR;24;2021-05-03;6161;4117;213622;70359;3.9;1.3
FR;24;2021-05-04;7355;4686;220977;75045;4.1;1.4
FR;24;2021-05-05;8391;4898;229368;79943;4.2;1.5
FR;24;2021-05-06;10493;6311;239861;86254;4.4;1.6
FR;24;2021-05-07;11679;6348;251540;92602;4.6;1.7
FR;24;2021-05-08;9246;2449;260786;95051;4.8;1.8
FR;24;2021-05-09;6838;1917;267624;96968;4.9;1.8
FR;24;2021-05-10;10669;4893;278293;101861;5.1;1.9
FR;24;2021-05-11;15054;5675;293347;107536;5.4;2.0
FR;24;2021-05-12;21721;6000;315068;113536;5.8;2.1
FR;24;2021-05-13;26614;2920;341682;116456;6.3;2.1
FR;24;2021-05-14;31286;5365;372968;121821;6.9;2.2
FR;29;2020-12-27;0;0;0;0;0.0;0.0
FR;29;2020-12-28;1;0;1;0;0.0;0.0
FR;29;2020-12-29;0;0;1;0;0.0;0.0
FR;29;2020-12-30;0;0;1;0;0.0;0.0
FR;29;2020-12-31;0;0;1;0;0.0;0.0
FR;29;2021-01-01;2;0;3;0;0.0;0.0
FR;29;2021-01-02;2;0;5;0;0.0;0.0
FR;29;2021-01-03;2;0;7;0;0.0;0.0
FR;29;2021-01-04;10;0;17;0;0.0;0.0
FR;29;2021-01-05;42;0;59;0;0.0;0.0
FR;29;2021-01-06;142;0;201;0;0.0;0.0
FR;29;2021-01-07;306;1;507;1;0.0;0.0
FR;29;2021-01-08;516;2;1023;3;0.0;0.0
FR;29;2021-01-09;113;0;1136;3;0.0;0.0
FR;29;2021-01-10;91;0;1227;3;0.0;0.0
FR;29;2021-01-11;642;1;1869;4;0.1;0.0
FR;29;2021-01-12;928;4;2797;8;0.1;0.0
FR;29;2021-01-13;1209;2;4006;10;0.1;0.0
FR;29;2021-01-14;1557;8;5563;18;0.1;0.0
FR;29;2021-01-15;1302;2;6865;20;0.2;0.0
FR;29;2021-01-16;192;2;7057;22;0.2;0.0
FR;29;2021-01-17;158;0;7215;22;0.2;0.0
FR;29;2021-01-18;1039;2;8254;24;0.2;0.0
FR;29;2021-01-19;1142;3;9396;27;0.3;0.0
FR;29;2021-01-20;1190;2;10586;29;0.3;0.0
FR;29;2021-01-21;1446;3;12032;32;0.3;0.0
FR;29;2021-01-22;1142;4;13174;36;0.4;0.0
FR;29;2021-01-23;167;2;13341;38;0.4;0.0
FR;29;2021-01-24;51;0;13392;38;0.4;0.0
FR;29;2021-01-25;533;12;13925;50;0.4;0.0
FR;29;2021-01-26;659;35;14584;85;0.4;0.0
FR;29;2021-01-27;718;60;15302;145;0.4;0.0
FR;29;2021-01-28;1032;118;16334;263;0.4;0.0
FR;29;2021-01-29;801;170;17135;433;0.5;0.0
FR;29;2021-01-30;140;39;17275;472;0.5;0.0
FR;29;2021-01-31;33;26;17308;498;0.5;0.0
FR;29;2021-02-01;260;291;17568;789;0.5;0.0
FR;29;2021-02-02;403;372;17971;1161;0.5;0.0
FR;29;2021-02-03;452;456;18423;1617;0.5;0.0
FR;29;2021-02-04;605;715;19028;2332;0.5;0.1
FR;29;2021-02-05;530;744;19558;3076;0.5;0.1
FR;29;2021-02-06;141;106;19699;3182;0.5;0.1
FR;29;2021-02-07;304;61;20003;3243;0.5;0.1
FR;29;2021-02-08;600;799;20603;4042;0.6;0.1
FR;29;2021-02-09;1244;1003;21847;5045;0.6;0.1
FR;29;2021-02-10;1705;1123;23552;6168;0.6;0.2
FR;29;2021-02-11;2454;1393;26006;7561;0.7;0.2
FR;29;2021-02-12;2207;1197;28213;8758;0.8;0.2
FR;29;2021-02-13;422;152;28635;8910;0.8;0.2
FR;29;2021-02-14;133;81;28768;8991;0.8;0.2
FR;29;2021-02-15;1553;767;30321;9758;0.8;0.3
FR;29;2021-02-16;1908;1126;32229;10884;0.9;0.3
FR;29;2021-02-17;1879;919;34108;11803;0.9;0.3
FR;29;2021-02-18;2382;1128;36490;12931;1.0;0.3
FR;29;2021-02-19;2312;915;38802;13846;1.0;0.4
FR;29;2021-02-20;382;118;39184;13964;1.1;0.4
FR;29;2021-02-21;86;42;39270;14006;1.1;0.4
FR;29;2021-02-22;1343;502;40613;14508;1.1;0.4
FR;29;2021-02-23;1748;621;42361;15129;1.1;0.4
FR;29;2021-02-24;1774;514;44135;15643;1.2;0.4
FR;29;2021-02-25;2372;878;46507;16521;1.3;0.4
FR;29;2021-02-26;2551;621;49058;17142;1.3;0.5
FR;29;2021-02-27;606;101;49664;17243;1.3;0.5
FR;29;2021-02-28;111;27;49775;17270;1.3;0.5
FR;29;2021-03-01;1272;317;51047;17587;1.4;0.5
FR;29;2021-03-02;1780;561;52827;18148;1.4;0.5
FR;29;2021-03-03;1965;550;54792;18698;1.5;0.5
FR;29;2021-03-04;2439;697;57231;19395;1.5;0.5
FR;29;2021-03-05;3586;647;60817;20042;1.6;0.5
FR;29;2021-03-06;1619;120;62436;20162;1.7;0.5
FR;29;2021-03-07;819;94;63255;20256;1.7;0.5
FR;29;2021-03-08;1931;359;65186;20615;1.8;0.6
FR;29;2021-03-09;2625;425;67811;21040;1.8;0.6
FR;29;2021-03-10;2534;457;70345;21497;1.9;0.6
FR;29;2021-03-11;3316;747;73661;22244;2.0;0.6
FR;29;2021-03-12;3938;660;77599;22904;2.1;0.6
FR;29;2021-03-13;1617;119;79216;23023;2.1;0.6
FR;29;2021-03-14;562;56;79778;23079;2.1;0.6
FR;29;2021-03-15;1875;326;81653;23405;2.2;0.6
FR;29;2021-03-16;1113;483;82766;23888;2.2;0.6
FR;29;2021-03-17;1371;482;84137;24370;2.3;0.7
FR;29;2021-03-18;1639;651;85776;25021;2.3;0.7
FR;29;2021-03-19;2219;526;87995;25547;2.4;0.7
FR;29;2021-03-20;987;120;88982;25667;2.4;0.7
FR;29;2021-03-21;725;58;89707;25725;2.4;0.7
FR;29;2021-03-22;1653;386;91360;26111;2.5;0.7
FR;29;2021-03-23;2201;579;93561;26690;2.5;0.7
FR;29;2021-03-24;2525;544;96086;27234;2.6;0.7
FR;29;2021-03-25;3368;647;99454;27881;2.7;0.8
FR;29;2021-03-26;3720;650;103174;28531;2.8;0.8
FR;29;2021-03-27;2140;232;105314;28763;2.8;0.8
FR;29;2021-03-28;963;57;106277;28820;2.9;0.8
FR;29;2021-03-29;2738;494;109015;29314;2.9;0.8
FR;29;2021-03-30;3946;677;112961;29991;3.0;0.8
FR;29;2021-03-31;4445;760;117406;30751;3.2;0.8
FR;29;2021-04-01;5819;955;123225;31706;3.3;0.9
FR;29;2021-04-02;4867;876;128092;32582;3.4;0.9
FR;29;2021-04-03;1756;319;129848;32901;3.5;0.9
FR;29;2021-04-04;897;115;130745;33016;3.5;0.9
FR;29;2021-04-05;915;110;131660;33126;3.5;0.9
FR;29;2021-04-06;3473;723;135133;33849;3.6;0.9
FR;29;2021-04-07;4505;1073;139638;34922;3.8;0.9
FR;29;2021-04-08;6212;1385;145850;36307;3.9;1.0
FR;29;2021-04-09;6242;1223;152092;37530;4.1;1.0
FR;29;2021-04-10;2638;604;154730;38134;4.2;1.0
FR;29;2021-04-11;1161;331;155891;38465;4.2;1.0
FR;29;2021-04-12;3549;1007;159440;39472;4.3;1.1
FR;29;2021-04-13;4802;1456;164242;40928;4.4;1.1
FR;29;2021-04-14;4688;1473;168930;42401;4.5;1.1
FR;29;2021-04-15;5494;1773;174424;44174;4.7;1.2
FR;29;2021-04-16;4698;1844;179122;46018;4.8;1.2
FR;29;2021-04-17;2214;901;181336;46919;4.9;1.3
FR;29;2021-04-18;759;514;182095;47433;4.9;1.3
FR;29;2021-04-19;2808;1735;184903;49168;5.0;1.3
FR;29;2021-04-20;3436;2466;188339;51634;5.1;1.4
FR;29;2021-04-21;3374;2747;191713;54381;5.2;1.5
FR;29;2021-04-22;4384;3795;196097;58176;5.3;1.6
FR;29;2021-04-23;4503;3718;200600;61894;5.4;1.7
FR;29;2021-04-24;2665;1810;203265;63704;5.5;1.7
FR;29;2021-04-25;1165;731;204430;64435;5.5;1.7
FR;29;2021-04-26;2902;2440;207332;66875;5.6;1.8
FR;29;2021-04-27;3935;3572;211267;70447;5.7;1.9
FR;29;2021-04-28;4566;3983;215833;74430;5.8;2.0
FR;29;2021-04-29;5751;4926;221584;79356;6.0;2.1
FR;29;2021-04-30;6321;5146;227905;84502;6.1;2.3
FR;29;2021-05-01;3973;1196;231878;85698;6.2;2.3
FR;29;2021-05-02;2591;903;234469;86601;6.3;2.3
FR;29;2021-05-03;6720;4265;241189;90866;6.5;2.4
FR;29;2021-05-04;7956;5143;249145;96009;6.7;2.6
FR;29;2021-05-05;9308;5131;258453;101140;7.0;2.7
FR;29;2021-05-06;10912;6464;269365;107604;7.2;2.9
FR;29;2021-05-07;11358;6541;280723;114145;7.6;3.1
FR;29;2021-05-08;8240;2196;288963;116341;7.8;3.1
FR;29;2021-05-09;5883;1732;294846;118073;7.9;3.2
FR;29;2021-05-10;10311;5221;305157;123294;8.2;3.3
FR;29;2021-05-11;14152;6283;319309;129577;8.6;3.5
FR;29;2021-05-12;18992;6166;338301;135743;9.1;3.7
FR;29;2021-05-13;19180;2268;357481;138011;9.6;3.7
FR;29;2021-05-14;21734;4281;379215;142292;10.2;3.8
FR;39;2020-12-27;0;0;0;0;0.0;0.0
FR;39;2020-12-28;0;0;0;0;0.0;0.0
FR;39;2020-12-29;1;0;1;0;0.0;0.0
FR;39;2020-12-30;3;0;4;0;0.0;0.0
FR;39;2020-12-31;1;0;5;0;0.0;0.0
FR;39;2021-01-01;4;0;9;0;0.0;0.0
FR;39;2021-01-02;2;0;11;0;0.0;0.0
FR;39;2021-01-03;2;0;13;0;0.0;0.0
FR;39;2021-01-04;23;0;36;0;0.0;0.0
FR;39;2021-01-05;139;0;175;0;0.0;0.0
FR;39;2021-01-06;384;0;559;0;0.0;0.0
FR;39;2021-01-07;1174;5;1733;5;0.0;0.0
FR;39;2021-01-08;1782;3;3515;8;0.0;0.0
FR;39;2021-01-09;473;0;3988;8;0.0;0.0
FR;39;2021-01-10;307;1;4295;9;0.1;0.0
FR;39;2021-01-11;2203;6;6498;15;0.1;0.0
FR;39;2021-01-12;3389;9;9887;24;0.1;0.0
FR;39;2021-01-13;3480;7;13367;31;0.2;0.0
FR;39;2021-01-14;4759;44;18126;75;0.2;0.0
FR;39;2021-01-15;4373;12;22499;87;0.3;0.0
FR;39;2021-01-16;768;4;23267;91;0.3;0.0
FR;39;2021-01-17;487;2;23754;93;0.3;0.0
FR;39;2021-01-18;3062;17;26816;110;0.3;0.0
FR;39;2021-01-19;3989;12;30805;122;0.4;0.0
FR;39;2021-01-20;3888;9;34693;131;0.4;0.0
FR;39;2021-01-21;5111;14;39804;145;0.5;0.0
FR;39;2021-01-22;3930;15;43734;160;0.5;0.0
FR;39;2021-01-23;590;3;44324;163;0.5;0.0
FR;39;2021-01-24;184;0;44508;163;0.5;0.0
FR;39;2021-01-25;1584;38;46092;201;0.6;0.0
FR;39;2021-01-26;2155;92;48247;293;0.6;0.0
FR;39;2021-01-27;2277;203;50524;496;0.6;0.0
FR;39;2021-01-28;3464;458;53988;954;0.7;0.0
FR;39;2021-01-29;2670;693;56658;1647;0.7;0.0
FR;39;2021-01-30;393;214;57051;1861;0.7;0.0
FR;39;2021-01-31;89;78;57140;1939;0.7;0.0
FR;39;2021-02-01;746;1057;57886;2996;0.7;0.0
FR;39;2021-02-02;1323;1643;59209;4639;0.7;0.1
FR;39;2021-02-03;1350;1651;60559;6290;0.7;0.1
FR;39;2021-02-04;1966;2527;62525;8817;0.8;0.1
FR;39;2021-02-05;1629;2699;64154;11516;0.8;0.1
FR;39;2021-02-06;396;430;64550;11946;0.8;0.1
FR;39;2021-02-07;553;204;65103;12150;0.8;0.1
FR;39;2021-02-08;1510;2410;66613;14560;0.8;0.2
FR;39;2021-02-09;3158;3344;69771;17904;0.8;0.2
FR;39;2021-02-10;3871;3480;73642;21384;0.9;0.3
FR;39;2021-02-11;6141;4795;79783;26179;1.0;0.3
FR;39;2021-02-12;5794;3932;85577;30111;1.0;0.4
FR;39;2021-02-13;1237;536;86814;30647;1.0;0.4
FR;39;2021-02-14;386;260;87200;30907;1.1;0.4
FR;39;2021-02-15;3378;2358;90578;33265;1.1;0.4
FR;39;2021-02-16;4407;3300;94985;36565;1.1;0.4
FR;39;2021-02-17;3973;2823;98958;39388;1.2;0.5
FR;39;2021-02-18;5948;3821;104906;43209;1.3;0.5
FR;39;2021-02-19;5792;3018;110698;46227;1.3;0.6
FR;39;2021-02-20;1133;462;111831;46689;1.3;0.6
FR;39;2021-02-21;185;118;112016;46807;1.4;0.6
FR;39;2021-02-22;2960;1621;114976;48428;1.4;0.6
FR;39;2021-02-23;3875;1868;118851;50296;1.4;0.6
FR;39;2021-02-24;3696;1672;122547;51968;1.5;0.6
FR;39;2021-02-25;5535;2464;128082;54432;1.5;0.7
FR;39;2021-02-26;6043;1858;134125;56290;1.6;0.7
FR;39;2021-02-27;1650;292;135775;56582;1.6;0.7
FR;39;2021-02-28;240;119;136015;56701;1.6;0.7
FR;39;2021-03-01;2904;961;138919;57662;1.7;0.7
FR;39;2021-03-02;4194;1558;143113;59220;1.7;0.7
FR;39;2021-03-03;4200;1475;147313;60695;1.8;0.7
FR;39;2021-03-04;6217;2225;153530;62920;1.9;0.8
FR;39;2021-03-05;9078;1997;162608;64917;2.0;0.8
FR;39;2021-03-06;4893;376;167501;65293;2.0;0.8
FR;39;2021-03-07;2632;225;170133;65518;2.1;0.8
FR;39;2021-03-08;4650;1057;174783;66575;2.1;0.8
FR;39;2021-03-09;6815;1425;181598;68000;2.2;0.8
FR;39;2021-03-10;6047;1459;187645;69459;2.3;0.8
FR;39;2021-03-11;8610;2288;196255;71747;2.4;0.9
FR;39;2021-03-12;11373;1996;207628;73743;2.5;0.9
FR;39;2021-03-13;5203;384;212831;74127;2.6;0.9
FR;39;2021-03-14;1745;142;214576;74269;2.6;0.9
FR;39;2021-03-15;4743;1000;219319;75269;2.6;0.9
FR;39;2021-03-16;3352;1381;222671;76650;2.7;0.9
FR;39;2021-03-17;3430;1465;226101;78115;2.7;0.9
FR;39;2021-03-18;4631;1943;230732;80058;2.8;1.0
FR;39;2021-03-19;6235;1596;236967;81654;2.9;1.0
FR;39;2021-03-20;3165;348;240132;82002;2.9;1.0
FR;39;2021-03-21;2069;157;242201;82159;2.9;1.0
FR;39;2021-03-22;4432;1057;246633;83216;3.0;1.0
FR;39;2021-03-23;6144;1616;252777;84832;3.0;1.0
FR;39;2021-03-24;6293;1315;259070;86147;3.1;1.0
FR;39;2021-03-25;9028;1678;268098;87825;3.2;1.1
FR;39;2021-03-26;10606;1634;278704;89459;3.4;1.1
FR;39;2021-03-27;5980;580;284684;90039;3.4;1.1
FR;39;2021-03-28;2730;173;287414;90212;3.5;1.1
FR;39;2021-03-29;7149;1240;294563;91452;3.6;1.1
FR;39;2021-03-30;10459;1811;305022;93263;3.7;1.1
FR;39;2021-03-31;11055;1778;316077;95041;3.8;1.1
FR;39;2021-04-01;14918;2533;330995;97574;4.0;1.2
FR;39;2021-04-02;13207;2367;344202;99941;4.1;1.2
FR;39;2021-04-03;5585;995;349787;100936;4.2;1.2
FR;39;2021-04-04;2520;336;352307;101272;4.2;1.2
FR;39;2021-04-05;2527;316;354834;101588;4.3;1.2
FR;39;2021-04-06;9211;2225;364045;103813;4.4;1.3
FR;39;2021-04-07;12115;2680;376160;106493;4.5;1.3
FR;39;2021-04-08;16736;3594;392896;110087;4.7;1.3
FR;39;2021-04-09;16763;3519;409659;113606;4.9;1.4
FR;39;2021-04-10;7395;1916;417054;115522;5.0;1.4
FR;39;2021-04-11;2977;975;420031;116497;5.1;1.4
FR;39;2021-04-12;9528;2712;429559;119209;5.2;1.4
FR;39;2021-04-13;12821;3928;442380;123137;5.3;1.5
FR;39;2021-04-14;12713;3792;455093;126929;5.5;1.5
FR;39;2021-04-15;14530;4726;469623;131655;5.7;1.6
FR;39;2021-04-16;12585;5221;482208;136876;5.8;1.7
FR;39;2021-04-17;6055;2699;488263;139575;5.9;1.7
FR;39;2021-04-18;2235;1555;490498;141130;5.9;1.7
FR;39;2021-04-19;7789;4649;498287;145779;6.0;1.8
FR;39;2021-04-20;9273;6677;507560;152456;6.1;1.8
FR;39;2021-04-21;10037;7119;517597;159575;6.2;1.9
FR;39;2021-04-22;11722;10244;529319;169819;6.4;2.0
FR;39;2021-04-23;12053;10427;541372;180246;6.5;2.2
FR;39;2021-04-24;7741;5050;549113;185296;6.6;2.2
FR;39;2021-04-25;3414;2145;552527;187441;6.7;2.3
FR;39;2021-04-26;8399;6926;560926;194367;6.8;2.3
FR;39;2021-04-27;11708;9510;572634;203877;6.9;2.5
FR;39;2021-04-28;13054;9995;585688;213872;7.1;2.6
FR;39;2021-04-29;16891;12877;602579;226749;7.3;2.7
FR;39;2021-04-30;19462;13179;622041;239928;7.5;2.9
FR;39;2021-05-01;12850;3511;634891;243439;7.7;2.9
FR;39;2021-05-02;9267;2482;644158;245921;7.8;3.0
FR;39;2021-05-03;22051;11263;666209;257184;8.0;3.1
FR;39;2021-05-04;26535;13890;692744;271074;8.4;3.3
FR;39;2021-05-05;30114;14192;722858;285266;8.7;3.4
FR;39;2021-05-06;36377;17579;759235;302845;9.2;3.7
FR;39;2021-05-07;37692;18414;796927;321259;9.6;3.9
FR;39;2021-05-08;27289;5474;824216;326733;9.9;3.9
FR;39;2021-05-09;18740;4271;842956;331004;10.2;4.0
FR;39;2021-05-10;33079;14389;876035;345393;10.6;4.2
FR;39;2021-05-11;43274;16972;919309;362365;11.1;4.4
FR;39;2021-05-12;54323;16004;973632;378369;11.7;4.6
FR;39;2021-05-13;52001;5508;1025633;383877;12.4;4.6
FR;39;2021-05-14;60625;10816;1086258;394693;13.1;4.8
FR;49;2020-12-27;2;0;2;0;0.0;0.0
FR;49;2020-12-28;1;0;3;0;0.0;0.0
FR;49;2020-12-29;1;0;4;0;0.0;0.0
FR;49;2020-12-30;6;0;10;0;0.0;0.0
FR;49;2020-12-31;1;0;11;0;0.0;0.0
FR;49;2021-01-01;3;0;14;0;0.0;0.0
FR;49;2021-01-02;9;0;23;0;0.0;0.0
FR;49;2021-01-03;4;0;27;0;0.0;0.0
FR;49;2021-01-04;85;0;112;0;0.0;0.0
FR;49;2021-01-05;333;1;445;1;0.0;0.0
FR;49;2021-01-06;854;2;1299;3;0.0;0.0
FR;49;2021-01-07;2157;6;3456;9;0.0;0.0
FR;49;2021-01-08;3354;5;6810;14;0.1;0.0
FR;49;2021-01-09;999;0;7809;14;0.1;0.0
FR;49;2021-01-10;472;1;8281;15;0.1;0.0
FR;49;2021-01-11;4163;8;12444;23;0.1;0.0
FR;49;2021-01-12;5837;7;18281;30;0.2;0.0
FR;49;2021-01-13;6134;11;24415;41;0.3;0.0
FR;49;2021-01-14;8312;62;32727;103;0.4;0.0
FR;49;2021-01-15;7580;17;40307;120;0.5;0.0
FR;49;2021-01-16;1415;8;41722;128;0.5;0.0
FR;49;2021-01-17;619;4;42341;132;0.5;0.0
FR;49;2021-01-18;5049;14;47390;146;0.6;0.0
FR;49;2021-01-19;6793;8;54183;154;0.6;0.0
FR;49;2021-01-20;6606;16;60789;170;0.7;0.0
FR;49;2021-01-21;8354;17;69143;187;0.8;0.0
FR;49;2021-01-22;6225;28;75368;215;0.9;0.0
FR;49;2021-01-23;1010;6;76378;221;0.9;0.0
FR;49;2021-01-24;282;2;76660;223;0.9;0.0
FR;49;2021-01-25;2596;92;79256;315;0.9;0.0
FR;49;2021-01-26;3709;212;82965;527;1.0;0.0
FR;49;2021-01-27;3967;384;86932;911;1.0;0.0
FR;49;2021-01-28;5517;961;92449;1872;1.1;0.0
FR;49;2021-01-29;4390;1551;96839;3423;1.1;0.0
FR;49;2021-01-30;689;377;97528;3800;1.1;0.0
FR;49;2021-01-31;137;125;97665;3925;1.1;0.0
FR;49;2021-02-01;1363;2086;99028;6011;1.2;0.1
FR;49;2021-02-02;2260;3194;101288;9205;1.2;0.1
FR;49;2021-02-03;2289;3372;103577;12577;1.2;0.1
FR;49;2021-02-04;3332;4762;106909;17339;1.2;0.2
FR;49;2021-02-05;2769;4881;109678;22220;1.3;0.3
FR;49;2021-02-06;565;884;110243;23104;1.3;0.3
FR;49;2021-02-07;520;290;110763;23394;1.3;0.3
FR;49;2021-02-08;1932;4042;112695;27436;1.3;0.3
FR;49;2021-02-09;4324;5710;117019;33146;1.4;0.4
FR;49;2021-02-10;5482;6015;122501;39161;1.4;0.5
FR;49;2021-02-11;7959;7913;130460;47074;1.5;0.5
FR;49;2021-02-12;7279;6401;137739;53475;1.6;0.6
FR;49;2021-02-13;1691;1007;139430;54482;1.6;0.6
FR;49;2021-02-14;404;404;139834;54886;1.6;0.6
FR;49;2021-02-15;4093;3845;143927;58731;1.7;0.7
FR;49;2021-02-16;5363;5290;149290;64021;1.7;0.7
FR;49;2021-02-17;5124;4618;154414;68639;1.8;0.8
FR;49;2021-02-18;7439;6129;161853;74768;1.9;0.9
FR;49;2021-02-19;7012;4821;168865;79589;2.0;0.9
FR;49;2021-02-20;1484;784;170349;80373;2.0;0.9
FR;49;2021-02-21;275;220;170624;80593;2.0;0.9
FR;49;2021-02-22;3500;2616;174124;83209;2.0;1.0
FR;49;2021-02-23;4825;3082;178949;86291;2.1;1.0
FR;49;2021-02-24;4866;2788;183815;89079;2.1;1.0
FR;49;2021-02-25;7497;4082;191312;93161;2.2;1.1
FR;49;2021-02-26;8208;3088;199520;96249;2.3;1.1
FR;49;2021-02-27;2661;548;202181;96797;2.4;1.1
FR;49;2021-02-28;329;134;202510;96931;2.4;1.1
FR;49;2021-03-01;3765;1595;206275;98526;2.4;1.1
FR;49;2021-03-02;5715;2400;211990;100926;2.5;1.2
FR;49;2021-03-03;5950;2427;217940;103353;2.5;1.2
FR;49;2021-03-04;8815;3351;226755;106704;2.6;1.2
FR;49;2021-03-05;12439;3075;239194;109779;2.8;1.3
FR;49;2021-03-06;8516;550;247710;110329;2.9;1.3
FR;49;2021-03-07;4665;365;252375;110694;2.9;1.3
FR;49;2021-03-08;6342;1595;258717;112289;3.0;1.3
FR;49;2021-03-09;9428;2184;268145;114473;3.1;1.3
FR;49;2021-03-10;8860;2233;277005;116706;3.2;1.4
FR;49;2021-03-11;12693;3255;289698;119961;3.4;1.4
FR;49;2021-03-12;16331;2733;306029;122694;3.6;1.4
FR;49;2021-03-13;9488;554;315517;123248;3.7;1.4
FR;49;2021-03-14;3123;216;318640;123464;3.7;1.4
FR;49;2021-03-15;6828;1403;325468;124867;3.8;1.5
FR;49;2021-03-16;4605;2091;330073;126958;3.8;1.5
FR;49;2021-03-17;5147;1961;335220;128919;3.9;1.5
FR;49;2021-03-18;6517;2711;341737;131630;4.0;1.5
FR;49;2021-03-19;9440;2220;351177;133850;4.1;1.6
FR;49;2021-03-20;5860;541;357037;134391;4.2;1.6
FR;49;2021-03-21;3140;194;360177;134585;4.2;1.6
FR;49;2021-03-22;6270;1423;366447;136008;4.3;1.6
FR;49;2021-03-23;8557;2106;375004;138114;4.4;1.6
FR;49;2021-03-24;9476;1911;384480;140025;4.5;1.6
FR;49;2021-03-25;12291;2264;396771;142289;4.6;1.7
FR;49;2021-03-26;14660;2214;411431;144503;4.8;1.7
FR;49;2021-03-27;9332;776;420763;145279;4.9;1.7
FR;49;2021-03-28;3847;288;424610;145567;4.9;1.7
FR;49;2021-03-29;9810;1770;434420;147337;5.1;1.7
FR;49;2021-03-30;14201;2583;448621;149920;5.2;1.7
FR;49;2021-03-31;15443;2650;464064;152570;5.4;1.8
FR;49;2021-04-01;19678;3535;483742;156105;5.6;1.8
FR;49;2021-04-02;17375;3302;501117;159407;5.8;1.9
FR;49;2021-04-03;9302;1788;510419;161195;5.9;1.9
FR;49;2021-04-04;4109;610;514528;161805;6.0;1.9
FR;49;2021-04-05;4193;511;518721;162316;6.0;1.9
FR;49;2021-04-06;13114;3288;531835;165604;6.2;1.9
FR;49;2021-04-07;17543;4135;549378;169739;6.4;2.0
FR;49;2021-04-08;22242;5011;571620;174750;6.7;2.0
FR;49;2021-04-09;23297;5187;594917;179937;6.9;2.1
FR;49;2021-04-10;12397;3336;607314;183273;7.1;2.1
FR;49;2021-04-11;4452;1666;611766;184939;7.1;2.2
FR;49;2021-04-12;14048;3708;625814;188647;7.3;2.2
FR;49;2021-04-13;18526;5653;644340;194300;7.5;2.3
FR;49;2021-04-14;19192;5841;663532;200141;7.7;2.3
FR;49;2021-04-15;20009;6880;683541;207021;8.0;2.4
FR;49;2021-04-16;17215;7215;700756;214236;8.2;2.5
FR;49;2021-04-17;9772;4608;710528;218844;8.3;2.5
FR;49;2021-04-18;3324;2272;713852;221116;8.3;2.6
FR;49;2021-04-19;11806;6310;725658;227426;8.4;2.6
FR;49;2021-04-20;13917;8922;739575;236348;8.6;2.8
FR;49;2021-04-21;15523;10040;755098;246388;8.8;2.9
FR;49;2021-04-22;17261;13012;772359;259400;9.0;3.0
FR;49;2021-04-23;17757;13953;790116;273353;9.2;3.2
FR;49;2021-04-24;12478;7752;802594;281105;9.3;3.3
FR;49;2021-04-25;5268;3100;807862;284205;9.4;3.3
FR;49;2021-04-26;13258;9873;821120;294078;9.6;3.4
FR;49;2021-04-27;18346;13002;839466;307080;9.8;3.6
FR;49;2021-04-28;22253;14432;861719;321512;10.0;3.7
FR;49;2021-04-29;26808;17123;888527;338635;10.3;3.9
FR;49;2021-04-30;31141;17919;919668;356554;10.7;4.1
FR;49;2021-05-01;23124;5651;942792;362205;11.0;4.2
FR;49;2021-05-02;16373;3832;959165;366037;11.2;4.3
FR;49;2021-05-03;38785;15439;997950;381476;11.6;4.4
FR;49;2021-05-04;45832;20183;1043782;401659;12.1;4.7
FR;49;2021-05-05;54589;21501;1098371;423160;12.8;4.9
FR;49;2021-05-06;61268;24416;1159639;447576;13.5;5.2
FR;49;2021-05-07;64236;25839;1223875;473415;14.2;5.5
FR;49;2021-05-08;48634;8877;1272509;482292;14.8;5.6
FR;49;2021-05-09;32118;6208;1304627;488500;15.2;5.7
FR;49;2021-05-10;55995;20497;1360622;508997;15.8;5.9
FR;49;2021-05-11;70575;23671;1431197;532668;16.7;6.2
FR;49;2021-05-12;87224;23623;1518421;556291;17.7;6.5
FR;49;2021-05-13;78637;7591;1597058;563882;18.6;6.6
FR;49;2021-05-14;94328;15447;1691386;579329;19.7;6.7
FR;59;2020-12-27;2;0;2;0;0.0;0.0
FR;59;2020-12-28;5;0;7;0;0.0;0.0
FR;59;2020-12-29;2;0;9;0;0.0;0.0
FR;59;2020-12-30;6;0;15;0;0.0;0.0
FR;59;2020-12-31;9;0;24;0;0.0;0.0
FR;59;2021-01-01;24;0;48;0;0.0;0.0
FR;59;2021-01-02;26;0;74;0;0.0;0.0
FR;59;2021-01-03;36;0;110;0;0.0;0.0
FR;59;2021-01-04;592;1;702;1;0.0;0.0
FR;59;2021-01-05;2164;1;2866;2;0.0;0.0
FR;59;2021-01-06;4798;7;7664;9;0.1;0.0
FR;59;2021-01-07;10501;20;18165;29;0.2;0.0
FR;59;2021-01-08;14271;14;32436;43;0.4;0.0
FR;59;2021-01-09;4050;6;36486;49;0.4;0.0
FR;59;2021-01-10;1984;1;38470;50;0.4;0.0
FR;59;2021-01-11;15899;17;54369;67;0.6;0.0
FR;59;2021-01-12;21072;23;75441;90;0.9;0.0
FR;59;2021-01-13;22666;35;98107;125;1.1;0.0
FR;59;2021-01-14;24709;204;122816;329;1.4;0.0
FR;59;2021-01-15;21534;78;144350;407;1.6;0.0
FR;59;2021-01-16;5370;16;149720;423;1.7;0.0
FR;59;2021-01-17;1801;7;151521;430;1.7;0.0
FR;59;2021-01-18;13560;47;165081;477;1.9;0.0
FR;59;2021-01-19;17901;53;182982;530;2.1;0.0
FR;59;2021-01-20;17015;54;199997;584;2.3;0.0
FR;59;2021-01-21;18657;33;218654;617;2.5;0.0
FR;59;2021-01-22;13831;66;232485;683;2.6;0.0
FR;59;2021-01-23;2947;18;235432;701;2.7;0.0
FR;59;2021-01-24;825;12;236257;713;2.7;0.0
FR;59;2021-01-25;6685;603;242942;1316;2.8;0.0
FR;59;2021-01-26;8384;1363;251326;2679;2.9;0.0
FR;59;2021-01-27;8785;2379;260111;5058;3.0;0.1
FR;59;2021-01-28;10412;5010;270523;10068;3.1;0.1
FR;59;2021-01-29;7819;6633;278342;16701;3.2;0.2
FR;59;2021-01-30;1755;1506;280097;18207;3.2;0.2
FR;59;2021-01-31;370;546;280467;18753;3.2;0.2
FR;59;2021-02-01;3146;8735;283613;27488;3.2;0.3
FR;59;2021-02-02;4652;12469;288265;39957;3.3;0.5
FR;59;2021-02-03;4797;13532;293062;53489;3.3;0.6
FR;59;2021-02-04;5864;15872;298926;69361;3.4;0.8
FR;59;2021-02-05;4746;14902;303672;84263;3.5;1.0
FR;59;2021-02-06;1146;2994;304818;87257;3.5;1.0
FR;59;2021-02-07;389;981;305207;88238;3.5;1.0
FR;59;2021-02-08;2751;12452;307958;100690;3.5;1.1
FR;59;2021-02-09;4893;16125;312851;116815;3.6;1.3
FR;59;2021-02-10;5674;16009;318525;132824;3.6;1.5
FR;59;2021-02-11;7621;19645;326146;152469;3.7;1.7
FR;59;2021-02-12;6725;15964;332871;168433;3.8;1.9
FR;59;2021-02-13;1681;3437;334552;171870;3.8;2.0
FR;59;2021-02-14;360;981;334912;172851;3.8;2.0
FR;59;2021-02-15;3254;10496;338166;183347;3.8;2.1
FR;59;2021-02-16;4721;13501;342887;196848;3.9;2.2
FR;59;2021-02-17;4946;12255;347833;209103;4.0;2.4
FR;59;2021-02-18;7028;13769;354861;222872;4.0;2.5
FR;59;2021-02-19;6424;10621;361285;233493;4.1;2.7
FR;59;2021-02-20;1408;2468;362693;235961;4.1;2.7
FR;59;2021-02-21;281;566;362974;236527;4.1;2.7
FR;59;2021-02-22;3231;6323;366205;242850;4.2;2.8
FR;59;2021-02-23;4773;7060;370978;249910;4.2;2.8
FR;59;2021-02-24;6800;6336;377778;256246;4.3;2.9
FR;59;2021-02-25;21036;8338;398814;264584;4.5;3.0
FR;59;2021-02-26;28095;6076;426909;270660;4.9;3.1
FR;59;2021-02-27;16983;1426;443892;272086;5.0;3.1
FR;59;2021-02-28;1100;372;444992;272458;5.1;3.1
FR;59;2021-03-01;8705;3444;453697;275902;5.2;3.1
FR;59;2021-03-02;16995;4753;470692;280655;5.4;3.2
FR;59;2021-03-03;20428;4832;491120;285487;5.6;3.2
FR;59;2021-03-04;31899;5622;523019;291109;5.9;3.3
FR;59;2021-03-05;40484;5109;563503;296218;6.4;3.4
FR;59;2021-03-06;35459;1263;598962;297481;6.8;3.4
FR;59;2021-03-07;13917;907;612879;298388;7.0;3.4
FR;59;2021-03-08;12149;3041;625028;301429;7.1;3.4
FR;59;2021-03-09;22625;3980;647653;305409;7.4;3.5
FR;59;2021-03-10;22919;4034;670572;309443;7.6;3.5
FR;59;2021-03-11;33967;5148;704539;314591;8.0;3.6
FR;59;2021-03-12;45037;4223;749576;318814;8.5;3.6
FR;59;2021-03-13;35825;1091;785401;319905;8.9;3.6
FR;59;2021-03-14;7146;350;792547;320255;9.0;3.6
FR;59;2021-03-15;14340;2424;806887;322679;9.2;3.7
FR;59;2021-03-16;7847;2880;814734;325559;9.3;3.7
FR;59;2021-03-17;8691;3031;823425;328590;9.4;3.7
FR;59;2021-03-18;10358;3901;833783;332491;9.5;3.8
FR;59;2021-03-19;23290;3362;857073;335853;9.7;3.8
FR;59;2021-03-20;20965;970;878038;336823;10.0;3.8
FR;59;2021-03-21;6258;349;884296;337172;10.1;3.8
FR;59;2021-03-22;15358;2559;899654;339731;10.2;3.9
FR;59;2021-03-23;25224;3318;924878;343049;10.5;3.9
FR;59;2021-03-24;27820;3312;952698;346361;10.8;3.9
FR;59;2021-03-25;37655;3589;990353;349950;11.3;4.0
FR;59;2021-03-26;42556;3787;1032909;353737;11.7;4.0
FR;59;2021-03-27;26710;1574;1059619;355311;12.1;4.0
FR;59;2021-03-28;7507;418;1067126;355729;12.1;4.0
FR;59;2021-03-29;21551;3219;1088677;358948;12.4;4.1
FR;59;2021-03-30;31963;4124;1120640;363072;12.7;4.1
FR;59;2021-03-31;31198;4448;1151838;367520;13.1;4.2
FR;59;2021-04-01;38057;5525;1189895;373045;13.5;4.2
FR;59;2021-04-02;36672;5510;1226567;378555;13.9;4.3
FR;59;2021-04-03;21235;3345;1247802;381900;14.2;4.3
FR;59;2021-04-04;7324;1180;1255126;383080;14.3;4.4
FR;59;2021-04-05;8242;1051;1263368;384131;14.4;4.4
FR;59;2021-04-06;25524;5717;1288892;389848;14.7;4.4
FR;59;2021-04-07;33668;6927;1322560;396775;15.0;4.5
FR;59;2021-04-08;44667;8162;1367227;404937;15.5;4.6
FR;59;2021-04-09;60302;8616;1427529;413553;16.2;4.7
FR;59;2021-04-10;36295;6919;1463824;420472;16.6;4.8
FR;59;2021-04-11;9719;3476;1473543;423948;16.8;4.8
FR;59;2021-04-12;35064;7235;1508607;431183;17.2;4.9
FR;59;2021-04-13;49492;9872;1558099;441055;17.7;5.0
FR;59;2021-04-14;49812;9902;1607911;450957;18.3;5.1
FR;59;2021-04-15;58978;11371;1666889;462328;19.0;5.3
FR;59;2021-04-16;62755;12054;1729644;474382;19.7;5.4
FR;59;2021-04-17;41195;9493;1770839;483875;20.1;5.5
FR;59;2021-04-18;12234;4599;1783073;488474;20.3;5.6
FR;59;2021-04-19;32891;10986;1815964;499460;20.7;5.7
FR;59;2021-04-20;44135;14486;1860099;513946;21.2;5.8
FR;59;2021-04-21;46276;16210;1906375;530156;21.7;6.0
FR;59;2021-04-22;55144;19185;1961519;549341;22.3;6.2
FR;59;2021-04-23;64522;20366;2026041;569707;23.0;6.5
FR;59;2021-04-24;47218;15341;2073259;585048;23.6;6.7
FR;59;2021-04-25;16388;5384;2089647;590432;23.8;6.7
FR;59;2021-04-26;40620;17276;2130267;607708;24.2;6.9
FR;59;2021-04-27;56062;23025;2186329;630733;24.9;7.2
FR;59;2021-04-28;63699;25650;2250028;656383;25.6;7.5
FR;59;2021-04-29;77088;31250;2327116;687633;26.5;7.8
FR;59;2021-04-30;91625;36121;2418741;723754;27.5;8.2
FR;59;2021-05-01;42266;10813;2461007;734567;28.0;8.4
FR;59;2021-05-02;23284;7181;2484291;741748;28.3;8.4
FR;59;2021-05-03;61849;26071;2546140;767819;29.0;8.7
FR;59;2021-05-04;70203;34101;2616343;801920;29.8;9.1
FR;59;2021-05-05;76362;37074;2692705;838994;30.6;9.5
FR;59;2021-05-06;88287;43273;2780992;882267;31.6;10.0
FR;59;2021-05-07;96611;53534;2877603;935801;32.7;10.6
FR;59;2021-05-08;56004;16161;2933607;951962;33.4;10.8
FR;59;2021-05-09;39123;10246;2972730;962208;33.8;10.9
FR;59;2021-05-10;93870;39710;3066600;1001918;34.9;11.4
FR;59;2021-05-11;124140;48838;3190740;1050756;36.3;12.0
FR;59;2021-05-12;120462;45648;3311202;1096404;37.7;12.5
FR;59;2021-05-13;91639;14199;3402841;1110603;38.7;12.6
FR;59;2021-05-14;127215;33743;3530056;1144346;40.1;13.0
FR;64;2020-12-27;1;0;1;0;0.0;0.0
FR;64;2020-12-28;0;0;1;0;0.0;0.0
FR;64;2020-12-29;2;0;3;0;0.0;0.0
FR;64;2020-12-30;6;0;9;0;0.0;0.0
FR;64;2020-12-31;5;0;14;0;0.0;0.0
FR;64;2021-01-01;8;0;22;0;0.0;0.0
FR;64;2021-01-02;11;0;33;0;0.0;0.0
FR;64;2021-01-03;17;0;50;0;0.0;0.0
FR;64;2021-01-04;209;1;259;1;0.0;0.0
FR;64;2021-01-05;896;3;1155;4;0.0;0.0
FR;64;2021-01-06;1688;2;2843;6;0.1;0.0
FR;64;2021-01-07;3652;4;6495;10;0.2;0.0
FR;64;2021-01-08;4850;5;11345;15;0.3;0.0
FR;64;2021-01-09;1947;0;13292;15;0.3;0.0
FR;64;2021-01-10;1023;0;14315;15;0.3;0.0
FR;64;2021-01-11;5260;1;19575;16;0.5;0.0
FR;64;2021-01-12;7110;5;26685;21;0.7;0.0
FR;64;2021-01-13;7428;13;34113;34;0.8;0.0
FR;64;2021-01-14;8544;76;42657;110;1.0;0.0
FR;64;2021-01-15;7074;27;49731;137;1.2;0.0
FR;64;2021-01-16;2198;13;51929;150;1.3;0.0
FR;64;2021-01-17;842;6;52771;156;1.3;0.0
FR;64;2021-01-18;4678;11;57449;167;1.4;0.0
FR;64;2021-01-19;6391;10;63840;177;1.6;0.0
FR;64;2021-01-20;6204;24;70044;201;1.7;0.0
FR;64;2021-01-21;6870;15;76914;216;1.9;0.0
FR;64;2021-01-22;5387;19;82301;235;2.0;0.0
FR;64;2021-01-23;1412;8;83713;243;2.0;0.0
FR;64;2021-01-24;430;7;84143;250;2.1;0.0
FR;64;2021-01-25;2764;196;86907;446;2.1;0.0
FR;64;2021-01-26;3517;483;90424;929;2.2;0.0
FR;64;2021-01-27;3754;877;94178;1806;2.3;0.0
FR;64;2021-01-28;4552;1739;98730;3545;2.4;0.1
FR;64;2021-01-29;3520;2316;102250;5861;2.5;0.1
FR;64;2021-01-30;837;706;103087;6567;2.5;0.2
FR;64;2021-01-31;172;279;103259;6846;2.5;0.2
FR;64;2021-02-01;1511;2860;104770;9706;2.6;0.2
FR;64;2021-02-02;2139;4138;106909;13844;2.6;0.3
FR;64;2021-02-03;2301;4354;109210;18198;2.7;0.4
FR;64;2021-02-04;2793;5501;112003;23699;2.7;0.6
FR;64;2021-02-05;2170;4962;114173;28661;2.8;0.7
FR;64;2021-02-06;655;1303;114828;29964;2.8;0.7
FR;64;2021-02-07;164;493;114992;30457;2.8;0.7
FR;64;2021-02-08;1483;4193;116475;34650;2.8;0.8
FR;64;2021-02-09;2338;5653;118813;40303;2.9;1.0
FR;64;2021-02-10;2564;5659;121377;45962;3.0;1.1
FR;64;2021-02-11;3449;7210;124826;53172;3.0;1.3
FR;64;2021-02-12;3106;5427;127932;58599;3.1;1.4
FR;64;2021-02-13;832;1442;128764;60041;3.1;1.5
FR;64;2021-02-14;194;434;128958;60475;3.1;1.5
FR;64;2021-02-15;1584;3868;130542;64343;3.2;1.6
FR;64;2021-02-16;2081;5116;132623;69459;3.2;1.7
FR;64;2021-02-17;2204;4622;134827;74081;3.3;1.8
FR;64;2021-02-18;3214;5422;138041;79503;3.4;1.9
FR;64;2021-02-19;2977;4191;141018;83694;3.4;2.0
FR;64;2021-02-20;801;1192;141819;84886;3.5;2.1
FR;64;2021-02-21;133;252;141952;85138;3.5;2.1
FR;64;2021-02-22;1479;2655;143431;87793;3.5;2.1
FR;64;2021-02-23;2384;2899;145815;90692;3.6;2.2
FR;64;2021-02-24;3850;2831;149665;93523;3.6;2.3
FR;64;2021-02-25;15919;3795;165584;97318;4.0;2.4
FR;64;2021-02-26;21694;2714;187278;100032;4.6;2.4
FR;64;2021-02-27;12978;723;200256;100755;4.9;2.5
FR;64;2021-02-28;789;176;201045;100931;4.9;2.5
FR;64;2021-03-01;6486;1727;207531;102658;5.1;2.5
FR;64;2021-03-02;13061;2275;220592;104933;5.4;2.6
FR;64;2021-03-03;15804;2314;236396;107247;5.8;2.6
FR;64;2021-03-04;24938;2772;261334;110019;6.4;2.7
FR;64;2021-03-05;30269;2530;291603;112549;7.1;2.7
FR;64;2021-03-06;26464;670;318067;113219;7.8;2.8
FR;64;2021-03-07;9784;465;327851;113684;8.0;2.8
FR;64;2021-03-08;8709;1747;336560;115431;8.2;2.8
FR;64;2021-03-09;16712;1946;353272;117377;8.6;2.9
FR;64;2021-03-10;16927;2078;370199;119455;9.0;2.9
FR;64;2021-03-11;25735;2713;395934;122168;9.7;3.0
FR;64;2021-03-12;33248;2240;429182;124408;10.5;3.0
FR;64;2021-03-13;27109;633;456291;125041;11.1;3.0
FR;64;2021-03-14;5409;175;461700;125216;11.3;3.1
FR;64;2021-03-15;10929;1382;472629;126598;11.5;3.1
FR;64;2021-03-16;5971;1742;478600;128340;11.7;3.1
FR;64;2021-03-17;6083;1650;484683;129990;11.8;3.2
FR;64;2021-03-18;7620;2024;492303;132014;12.0;3.2
FR;64;2021-03-19;18801;1841;511104;133855;12.5;3.3
FR;64;2021-03-20;18451;664;529555;134519;12.9;3.3
FR;64;2021-03-21;4716;204;534271;134723;13.0;3.3
FR;64;2021-03-22;13446;1513;547717;136236;13.4;3.3
FR;64;2021-03-23;23378;1927;571095;138163;13.9;3.4
FR;64;2021-03-24;24981;1998;596076;140161;14.5;3.4
FR;64;2021-03-25;36401;2236;632477;142397;15.4;3.5
FR;64;2021-03-26;39965;2191;672442;144588;16.4;3.5
FR;64;2021-03-27;21165;934;693607;145522;16.9;3.5
FR;64;2021-03-28;5063;240;698670;145762;17.0;3.6
FR;64;2021-03-29;17469;2076;716139;147838;17.5;3.6
FR;64;2021-03-30;27220;2718;743359;150556;18.1;3.7
FR;64;2021-03-31;24003;2799;767362;153355;18.7;3.7
FR;64;2021-04-01;30351;3656;797713;157011;19.4;3.8
FR;64;2021-04-02;29081;3500;826794;160511;20.2;3.9
FR;64;2021-04-03;15941;2318;842735;162829;20.5;4.0
FR;64;2021-04-04;4024;782;846759;163611;20.6;4.0
FR;64;2021-04-05;5099;779;851858;164390;20.8;4.0
FR;64;2021-04-06;19065;4196;870923;168586;21.2;4.1
FR;64;2021-04-07;23436;4718;894359;173304;21.8;4.2
FR;64;2021-04-08;34402;5490;928761;178794;22.6;4.4
FR;64;2021-04-09;53183;5861;981944;184655;23.9;4.5
FR;64;2021-04-10;29737;4909;1011681;189564;24.7;4.6
FR;64;2021-04-11;6256;2593;1017937;192157;24.8;4.7
FR;64;2021-04-12;27886;5081;1045823;197238;25.5;4.8
FR;64;2021-04-13;42313;7248;1088136;204486;26.5;5.0
FR;64;2021-04-14;40545;7002;1128681;211488;27.5;5.2
FR;64;2021-04-15;51601;8217;1180282;219705;28.8;5.4
FR;64;2021-04-16;63927;8700;1244209;228405;30.3;5.6
FR;64;2021-04-17;38282;6993;1282491;235398;31.3;5.7
FR;64;2021-04-18;10880;3304;1293371;238702;31.5;5.8
FR;64;2021-04-19;41669;8464;1335040;247166;32.5;6.0
FR;64;2021-04-20;52249;10250;1387289;257416;33.8;6.3
FR;64;2021-04-21;51981;10698;1439270;268114;35.1;6.5
FR;64;2021-04-22;56951;12559;1496221;280673;36.5;6.8
FR;64;2021-04-23;60374;12456;1556595;293129;37.9;7.1
FR;64;2021-04-24;43151;8968;1599746;302097;39.0;7.4
FR;64;2021-04-25;16075;3300;1615821;305397;39.4;7.4
FR;64;2021-04-26;49166;11350;1664987;316747;40.6;7.7
FR;64;2021-04-27;62602;15327;1727589;332074;42.1;8.1
FR;64;2021-04-28;63583;15812;1791172;347886;43.7;8.5
FR;64;2021-04-29;73092;20202;1864264;368088;45.4;9.0
FR;64;2021-04-30;74723;21753;1938987;389841;47.3;9.5
FR;64;2021-05-01;29023;6585;1968010;396426;48.0;9.7
FR;64;2021-05-02;14365;3936;1982375;400362;48.3;9.8
FR;64;2021-05-03;51817;15709;2034192;416071;49.6;10.1
FR;64;2021-05-04;52696;21509;2086888;437580;50.9;10.7
FR;64;2021-05-05;48888;22557;2135776;460137;52.1;11.2
FR;64;2021-05-06;56321;28646;2192097;488783;53.4;11.9
FR;64;2021-05-07;50409;33846;2242506;522629;54.7;12.7
FR;64;2021-05-08;19532;9208;2262038;531837;55.1;13.0
FR;64;2021-05-09;9971;5467;2272009;537304;55.4;13.1
FR;64;2021-05-10;33828;26649;2305837;563953;56.2;13.7
FR;64;2021-05-11;43549;36991;2349386;600944;57.3;14.6
FR;64;2021-05-12;38285;34806;2387671;635750;58.2;15.5
FR;64;2021-05-13;21770;9997;2409441;645747;58.7;15.7
FR;64;2021-05-14;35768;28892;2445209;674639;59.6;16.4
FR;69;2020-12-27;2;0;2;0;0.0;0.0
FR;69;2020-12-28;1;0;3;0;0.0;0.0
FR;69;2020-12-29;3;0;6;0;0.0;0.0
FR;69;2020-12-30;7;0;13;0;0.0;0.0
FR;69;2020-12-31;5;0;18;0;0.0;0.0
FR;69;2021-01-01;6;0;24;0;0.0;0.0
FR;69;2021-01-02;10;0;34;0;0.0;0.0
FR;69;2021-01-03;8;0;42;0;0.0;0.0
FR;69;2021-01-04;114;0;156;0;0.0;0.0
FR;69;2021-01-05;410;2;566;2;0.0;0.0
FR;69;2021-01-06;806;2;1372;4;0.0;0.0
FR;69;2021-01-07;1890;3;3262;7;0.1;0.0
FR;69;2021-01-08;2448;0;5710;7;0.1;0.0
FR;69;2021-01-09;1121;1;6831;8;0.2;0.0
FR;69;2021-01-10;655;0;7486;8;0.2;0.0
FR;69;2021-01-11;2726;3;10212;11;0.3;0.0
FR;69;2021-01-12;3859;1;14071;12;0.4;0.0
FR;69;2021-01-13;3778;9;17849;21;0.5;0.0
FR;69;2021-01-14;4558;44;22407;65;0.6;0.0
FR;69;2021-01-15;3830;13;26237;78;0.7;0.0
FR;69;2021-01-16;1341;8;27578;86;0.7;0.0
FR;69;2021-01-17;634;3;28212;89;0.7;0.0
FR;69;2021-01-18;3251;14;31463;103;0.8;0.0
FR;69;2021-01-19;4781;15;36244;118;0.9;0.0
FR;69;2021-01-20;4751;11;40995;129;1.1;0.0
FR;69;2021-01-21;5505;11;46500;140;1.2;0.0
FR;69;2021-01-22;4366;11;50866;151;1.3;0.0
FR;69;2021-01-23;1358;4;52224;155;1.3;0.0
FR;69;2021-01-24;446;5;52670;160;1.3;0.0
FR;69;2021-01-25;2718;81;55388;241;1.4;0.0
FR;69;2021-01-26;3343;180;58731;421;1.5;0.0
FR;69;2021-01-27;3664;404;62395;825;1.6;0.0
FR;69;2021-01-28;4310;883;66705;1708;1.7;0.0
FR;69;2021-01-29;3478;1231;70183;2939;1.8;0.1
FR;69;2021-01-30;937;402;71120;3341;1.8;0.1
FR;69;2021-01-31;180;159;71300;3500;1.8;0.1
FR;69;2021-02-01;1803;1521;73103;5021;1.9;0.1
FR;69;2021-02-02;2400;2199;75503;7220;1.9;0.2
FR;69;2021-02-03;2414;2270;77917;9490;2.0;0.2
FR;69;2021-02-04;2957;2919;80874;12409;2.1;0.3
FR;69;2021-02-05;2487;2535;83361;14944;2.1;0.4
FR;69;2021-02-06;720;808;84081;15752;2.2;0.4
FR;69;2021-02-07;162;391;84243;16143;2.2;0.4
FR;69;2021-02-08;1605;2408;85848;18551;2.2;0.5
FR;69;2021-02-09;2398;3410;88246;21961;2.3;0.6
FR;69;2021-02-10;2559;3400;90805;25361;2.3;0.6
FR;69;2021-02-11;3506;4856;94311;30217;2.4;0.8
FR;69;2021-02-12;3141;3414;97452;33631;2.5;0.9
FR;69;2021-02-13;860;1032;98312;34663;2.5;0.9
FR;69;2021-02-14;212;412;98524;35075;2.5;0.9
FR;69;2021-02-15;1325;2774;99849;37849;2.6;1.0
FR;69;2021-02-16;1860;3980;101709;41829;2.6;1.1
FR;69;2021-02-17;2010;3659;103719;45488;2.7;1.2
FR;69;2021-02-18;2988;4549;106707;50037;2.7;1.3
FR;69;2021-02-19;2852;3500;109559;53537;2.8;1.4
FR;69;2021-02-20;752;1025;110311;54562;2.8;1.4
FR;69;2021-02-21;149;233;110460;54795;2.8;1.4
FR;69;2021-02-22;1602;2571;112062;57366;2.9;1.5
FR;69;2021-02-23;2262;2813;114324;60179;2.9;1.5
FR;69;2021-02-24;2655;2904;116979;63083;3.0;1.6
FR;69;2021-02-25;3864;3566;120843;66649;3.1;1.7
FR;69;2021-02-26;4250;2614;125093;69263;3.2;1.8
FR;69;2021-02-27;1795;700;126888;69963;3.3;1.8
FR;69;2021-02-28;309;177;127197;70140;3.3;1.8
FR;69;2021-03-01;2787;1923;129984;72063;3.3;1.8
FR;69;2021-03-02;4700;2428;134684;74491;3.5;1.9
FR;69;2021-03-03;6631;2458;141315;76949;3.6;2.0
FR;69;2021-03-04;11654;2971;152969;79920;3.9;2.0
FR;69;2021-03-05;17352;2629;170321;82549;4.4;2.1
FR;69;2021-03-06;22921;701;193242;83250;5.0;2.1
FR;69;2021-03-07;14673;383;207915;83633;5.3;2.1
FR;69;2021-03-08;9698;2005;217613;85638;5.6;2.2
FR;69;2021-03-09;17383;2432;234996;88070;6.0;2.3
FR;69;2021-03-10;18686;2479;253682;90549;6.5;2.3
FR;69;2021-03-11;28991;3110;282673;93659;7.2;2.4
FR;69;2021-03-12;39639;2787;322312;96446;8.3;2.5
FR;69;2021-03-13;35720;842;358032;97288;9.2;2.5
FR;69;2021-03-14;8158;220;366190;97508;9.4;2.5
FR;69;2021-03-15;16560;1759;382750;99267;9.8;2.5
FR;69;2021-03-16;10701;2154;393451;101421;10.1;2.6
FR;69;2021-03-17;11703;2151;405154;103572;10.4;2.7
FR;69;2021-03-18;13087;2560;418241;106132;10.7;2.7
FR;69;2021-03-19;28674;2349;446915;108481;11.5;2.8
FR;69;2021-03-20;26833;820;473748;109301;12.1;2.8
FR;69;2021-03-21;7107;253;480855;109554;12.3;2.8
FR;69;2021-03-22;21108;2104;501963;111658;12.9;2.9
FR;69;2021-03-23;36045;2701;538008;114359;13.8;2.9
FR;69;2021-03-24;37329;2745;575337;117104;14.7;3.0
FR;69;2021-03-25;54763;2962;630100;120066;16.1;3.1
FR;69;2021-03-26;58928;2843;689028;122909;17.7;3.1
FR;69;2021-03-27;30009;1277;719037;124186;18.4;3.2
FR;69;2021-03-28;7594;361;726631;124547;18.6;3.2
FR;69;2021-03-29;27609;3357;754240;127904;19.3;3.3
FR;69;2021-03-30;42140;4241;796380;132145;20.4;3.4
FR;69;2021-03-31;35272;4306;831652;136451;21.3;3.5
FR;69;2021-04-01;43065;5659;874717;142110;22.4;3.6
FR;69;2021-04-02;41214;5820;915931;147930;23.5;3.8
FR;69;2021-04-03;21630;3894;937561;151824;24.0;3.9
FR;69;2021-04-04;5799;1298;943360;153122;24.2;3.9
FR;69;2021-04-05;7604;1048;950964;154170;24.4;4.0
FR;69;2021-04-06;27703;7109;978667;161279;25.1;4.1
FR;69;2021-04-07;32314;7672;1010981;168951;25.9;4.3
FR;69;2021-04-08;48431;8733;1059412;177684;27.2;4.6
FR;69;2021-04-09;70238;8851;1129650;186535;29.0;4.8
FR;69;2021-04-10;36569;7765;1166219;194300;29.9;5.0
FR;69;2021-04-11;7989;4271;1174208;198571;30.1;5.1
FR;69;2021-04-12;38453;8747;1212661;207318;31.1;5.3
FR;69;2021-04-13;53358;11828;1266019;219146;32.4;5.6
FR;69;2021-04-14;49127;11548;1315146;230694;33.7;5.9
FR;69;2021-04-15;61547;13382;1376693;244076;35.3;6.3
FR;69;2021-04-16;72283;13918;1448976;257994;37.1;6.6
FR;69;2021-04-17;39429;10583;1488405;268577;38.1;6.9
FR;69;2021-04-18;9966;5006;1498371;273583;38.4;7.0
FR;69;2021-04-19;45667;13770;1544038;287353;39.6;7.4
FR;69;2021-04-20;56741;16677;1600779;304030;41.0;7.8
FR;69;2021-04-21;53040;16395;1653819;320425;42.4;8.2
FR;69;2021-04-22;59847;18586;1713666;339011;43.9;8.7
FR;69;2021-04-23;58949;18565;1772615;357576;45.4;9.2
FR;69;2021-04-24;37123;13055;1809738;370631;46.4;9.5
FR;69;2021-04-25;13133;4953;1822871;375584;46.7;9.6
FR;69;2021-04-26;48842;18235;1871713;393819;48.0;10.1
FR;69;2021-04-27;61437;23023;1933150;416842;49.5;10.7
FR;69;2021-04-28;59447;21940;1992597;438782;51.1;11.2
FR;69;2021-04-29;69577;24673;2062174;463455;52.9;11.9
FR;69;2021-04-30;66552;23736;2128726;487191;54.6;12.5
FR;69;2021-05-01;23561;7555;2152287;494746;55.2;12.7
FR;69;2021-05-02;11125;5121;2163412;499867;55.4;12.8
FR;69;2021-05-03;47073;21231;2210485;521098;56.7;13.4
FR;69;2021-05-04;47574;27653;2258059;548751;57.9;14.1
FR;69;2021-05-05;42320;27076;2300379;575827;59.0;14.8
FR;69;2021-05-06;50442;30114;2350821;605941;60.2;15.5
FR;69;2021-05-07;41913;34196;2392734;640137;61.3;16.4
FR;69;2021-05-08;14768;9315;2407502;649452;61.7;16.6
FR;69;2021-05-09;7248;6548;2414750;656000;61.9;16.8
FR;69;2021-05-10;29121;34624;2443871;690624;62.6;17.7
FR;69;2021-05-11;37804;43675;2481675;734299;63.6;18.8
FR;69;2021-05-12;32452;39105;2514127;773404;64.4;19.8
FR;69;2021-05-13;17331;11476;2531458;784880;64.9;20.1
FR;69;2021-05-14;29573;34056;2561031;818936;65.6;21.0
FR;74;2020-12-27;1;0;1;0;0.0;0.0
FR;74;2020-12-28;6;0;7;0;0.0;0.0
FR;74;2020-12-29;5;0;12;0;0.0;0.0
FR;74;2020-12-30;11;0;23;0;0.0;0.0
FR;74;2020-12-31;7;0;30;0;0.0;0.0
FR;74;2021-01-01;5;0;35;0;0.0;0.0
FR;74;2021-01-02;3;0;38;0;0.0;0.0
FR;74;2021-01-03;12;0;50;0;0.0;0.0
FR;74;2021-01-04;85;1;135;1;0.0;0.0
FR;74;2021-01-05;297;0;432;1;0.0;0.0
FR;74;2021-01-06;554;0;986;1;0.0;0.0
FR;74;2021-01-07;1463;0;2449;1;0.1;0.0
FR;74;2021-01-08;1786;3;4235;4;0.1;0.0
FR;74;2021-01-09;794;1;5029;5;0.1;0.0
FR;74;2021-01-10;534;0;5563;5;0.2;0.0
FR;74;2021-01-11;2116;0;7679;5;0.2;0.0
FR;74;2021-01-12;3142;3;10821;8;0.3;0.0
FR;74;2021-01-13;3192;5;14013;13;0.4;0.0
FR;74;2021-01-14;3933;39;17946;52;0.5;0.0
FR;74;2021-01-15;3527;8;21473;60;0.6;0.0
FR;74;2021-01-16;1333;2;22806;62;0.7;0.0
FR;74;2021-01-17;763;3;23569;65;0.7;0.0
FR;74;2021-01-18;4712;11;28281;76;0.8;0.0
FR;74;2021-01-19;6808;11;35089;87;1.0;0.0
FR;74;2021-01-20;7089;9;42178;96;1.2;0.0
FR;74;2021-01-21;8168;20;50346;116;1.4;0.0
FR;74;2021-01-22;6530;15;56876;131;1.6;0.0
FR;74;2021-01-23;2255;1;59131;132;1.7;0.0
FR;74;2021-01-24;608;0;59739;132;1.7;0.0
FR;74;2021-01-25;4528;56;64267;188;1.8;0.0
FR;74;2021-01-26;5614;148;69881;336;2.0;0.0
FR;74;2021-01-27;5969;270;75850;606;2.2;0.0
FR;74;2021-01-28;6949;749;82799;1355;2.4;0.0
FR;74;2021-01-29;5728;896;88527;2251;2.5;0.1
FR;74;2021-01-30;1770;261;90297;2512;2.6;0.1
FR;74;2021-01-31;294;114;90591;2626;2.6;0.1
FR;74;2021-02-01;3274;1060;93865;3686;2.7;0.1
FR;74;2021-02-02;4275;1783;98140;5469;2.8;0.2
FR;74;2021-02-03;4299;1805;102439;7274;2.9;0.2
FR;74;2021-02-04;5156;2465;107595;9739;3.1;0.3
FR;74;2021-02-05;4370;2178;111965;11917;3.2;0.3
FR;74;2021-02-06;1395;694;113360;12611;3.3;0.4
FR;74;2021-02-07;243;351;113603;12962;3.3;0.4
FR;74;2021-02-08;3069;2505;116672;15467;3.4;0.4
FR;74;2021-02-09;4098;3722;120770;19189;3.5;0.6
FR;74;2021-02-10;4406;3814;125176;23003;3.6;0.7
FR;74;2021-02-11;5607;5469;130783;28472;3.8;0.8
FR;74;2021-02-12;5247;3815;136030;32287;3.9;0.9
FR;74;2021-02-13;1646;1218;137676;33505;4.0;1.0
FR;74;2021-02-14;402;471;138078;33976;4.0;1.0
FR;74;2021-02-15;2394;4176;140472;38152;4.0;1.1
FR;74;2021-02-16;3274;5629;143746;43781;4.1;1.3
FR;74;2021-02-17;3391;5448;147137;49229;4.2;1.4
FR;74;2021-02-18;4912;6801;152049;56030;4.4;1.6
FR;74;2021-02-19;4869;5402;156918;61432;4.5;1.8
FR;74;2021-02-20;1546;1736;158464;63168;4.6;1.8
FR;74;2021-02-21;232;415;158696;63583;4.6;1.8
FR;74;2021-02-22;2855;4290;161551;67873;4.6;2.0
FR;74;2021-02-23;4129;4888;165680;72761;4.8;2.1
FR;74;2021-02-24;4515;4837;170195;77598;4.9;2.2
FR;74;2021-02-25;5511;5693;175706;83291;5.1;2.4
FR;74;2021-02-26;5462;4462;181168;87753;5.2;2.5
FR;74;2021-02-27;1997;1364;183165;89117;5.3;2.6
FR;74;2021-02-28;528;293;183693;89410;5.3;2.6
FR;74;2021-03-01;5056;3360;188749;92770;5.4;2.7
FR;74;2021-03-02;7432;4272;196181;97042;5.6;2.8
FR;74;2021-03-03;9633;4248;205814;101290;5.9;2.9
FR;74;2021-03-04;14934;4790;220748;106080;6.3;3.0
FR;74;2021-03-05;21560;4560;242308;110640;7.0;3.2
FR;74;2021-03-06;30930;1336;273238;111976;7.9;3.2
FR;74;2021-03-07;20798;476;294036;112452;8.5;3.2
FR;74;2021-03-08;14156;3635;308192;116087;8.9;3.3
FR;74;2021-03-09;23940;4191;332132;120278;9.5;3.5
FR;74;2021-03-10;26152;4367;358284;124645;10.3;3.6
FR;74;2021-03-11;38133;5231;396417;129876;11.4;3.7
FR;74;2021-03-12;50368;4613;446785;134489;12.8;3.9
FR;74;2021-03-13;47542;1474;494327;135963;14.2;3.9
FR;74;2021-03-14;11923;394;506250;136357;14.6;3.9
FR;74;2021-03-15;25388;3093;531638;139450;15.3;4.0
FR;74;2021-03-16;20004;3817;551642;143267;15.9;4.1
FR;74;2021-03-17;21745;3852;573387;147119;16.5;4.2
FR;74;2021-03-18;24361;4487;597748;151606;17.2;4.4
FR;74;2021-03-19;41224;3917;638972;155523;18.4;4.5
FR;74;2021-03-20;35287;1520;674259;157043;19.4;4.5
FR;74;2021-03-21;9467;390;683726;157433;19.7;4.5
FR;74;2021-03-22;31403;3865;715129;161298;20.6;4.6
FR;74;2021-03-23;50007;4741;765136;166039;22.0;4.8
FR;74;2021-03-24;51960;5126;817096;171165;23.5;4.9
FR;74;2021-03-25;74488;5459;891584;176624;25.6;5.1
FR;74;2021-03-26;80556;5084;972140;181708;27.9;5.2
FR;74;2021-03-27;50894;2334;1023034;184042;29.4;5.3
FR;74;2021-03-28;17779;727;1040813;184769;29.9;5.3
FR;74;2021-03-29;55985;6811;1096798;191580;31.5;5.5
FR;74;2021-03-30;76391;8663;1173189;200243;33.7;5.8
FR;74;2021-03-31;67764;9232;1240953;209475;35.7;6.0
FR;74;2021-04-01;78151;11612;1319104;221087;37.9;6.4
FR;74;2021-04-02;69852;12193;1388956;233280;39.9;6.7
FR;74;2021-04-03;37106;8400;1426062;241680;41.0;6.9
FR;74;2021-04-04;12491;2768;1438553;244448;41.4;7.0
FR;74;2021-04-05;19191;1840;1457744;246288;41.9;7.1
FR;74;2021-04-06;64204;15026;1521948;261314;43.8;7.5
FR;74;2021-04-07;72504;15887;1594452;277201;45.8;8.0
FR;74;2021-04-08;87437;17777;1681889;294978;48.4;8.5
FR;74;2021-04-09;96965;17550;1778854;312528;51.1;9.0
FR;74;2021-04-10;48551;13948;1827405;326476;52.5;9.4
FR;74;2021-04-11;12725;6808;1840130;333284;52.9;9.6
FR;74;2021-04-12;60746;17635;1900876;350919;54.6;10.1
FR;74;2021-04-13;68564;22084;1969440;373003;56.6;10.7
FR;74;2021-04-14;59902;21679;2029342;394682;58.3;11.3
FR;74;2021-04-15;61664;23620;2091006;418302;60.1;12.0
FR;74;2021-04-16;52030;24223;2143036;442525;61.6;12.7
FR;74;2021-04-17;25583;16740;2168619;459265;62.3;13.2
FR;74;2021-04-18;5711;6957;2174330;466222;62.5;13.4
FR;74;2021-04-19;31556;24209;2205886;490431;63.4;14.1
FR;74;2021-04-20;36002;29471;2241888;519902;64.5;14.9
FR;74;2021-04-21;33043;30119;2274931;550021;65.4;15.8
FR;74;2021-04-22;37815;35073;2312746;585094;66.5;16.8
FR;74;2021-04-23;34522;38646;2347268;623740;67.5;17.9
FR;74;2021-04-24;18516;30660;2365784;654400;68.0;18.8
FR;74;2021-04-25;6070;12535;2371854;666935;68.2;19.2
FR;74;2021-04-26;26249;46773;2398103;713708;68.9;20.5
FR;74;2021-04-27;32773;55937;2430876;769645;69.9;22.1
FR;74;2021-04-28;32345;52711;2463221;822356;70.8;23.6
FR;74;2021-04-29;38312;53829;2501533;876185;71.9;25.2
FR;74;2021-04-30;34771;49011;2536304;925196;72.9;26.6
FR;74;2021-05-01;11019;15109;2547323;940305;73.2;27.0
FR;74;2021-05-02;5129;11366;2552452;951671;73.4;27.4
FR;74;2021-05-03;23963;52015;2576415;1003686;74.1;28.9
FR;74;2021-05-04;24825;69145;2601240;1072831;74.8;30.8
FR;74;2021-05-05;22400;64842;2623640;1137673;75.4;32.7
FR;74;2021-05-06;27044;63178;2650684;1200851;76.2;34.5
FR;74;2021-05-07;22965;65918;2673649;1266769;76.9;36.4
FR;74;2021-05-08;7598;14253;2681247;1281022;77.1;36.8
FR;74;2021-05-09;3642;10461;2684889;1291483;77.2;37.1
FR;74;2021-05-10;15723;62985;2700612;1354468;77.6;38.9
FR;74;2021-05-11;20694;64027;2721306;1418495;78.2;40.8
FR;74;2021-05-12;18036;53087;2739342;1471582;78.8;42.3
FR;74;2021-05-13;8968;12066;2748310;1483648;79.0;42.7
FR;74;2021-05-14;16593;37674;2764903;1521322;79.5;43.7
FR;79;2020-12-27;1;0;1;0;0.0;0.0
FR;79;2020-12-28;6;0;7;0;0.0;0.0
FR;79;2020-12-29;16;0;23;0;0.0;0.0
FR;79;2020-12-30;11;0;34;0;0.0;0.0
FR;79;2020-12-31;6;0;40;0;0.0;0.0
FR;79;2021-01-01;4;0;44;0;0.0;0.0
FR;79;2021-01-02;4;0;48;0;0.0;0.0
FR;79;2021-01-03;2;0;50;0;0.0;0.0
FR;79;2021-01-04;49;0;99;0;0.0;0.0
FR;79;2021-01-05;171;0;270;0;0.0;0.0
FR;79;2021-01-06;339;0;609;0;0.0;0.0
FR;79;2021-01-07;905;0;1514;0;0.1;0.0
FR;79;2021-01-08;1072;1;2586;1;0.1;0.0
FR;79;2021-01-09;364;0;2950;1;0.1;0.0
FR;79;2021-01-10;191;0;3141;1;0.1;0.0
FR;79;2021-01-11;1144;2;4285;3;0.2;0.0
FR;79;2021-01-12;2199;2;6484;5;0.3;0.0
FR;79;2021-01-13;2744;2;9228;7;0.4;0.0
FR;79;2021-01-14;4430;35;13658;42;0.6;0.0
FR;79;2021-01-15;5246;16;18904;58;0.9;0.0
FR;79;2021-01-16;2818;11;21722;69;1.0;0.0
FR;79;2021-01-17;1305;3;23027;72;1.0;0.0
FR;79;2021-01-18;19644;36;42671;108;1.9;0.0
FR;79;2021-01-19;26022;34;68693;142;3.1;0.0
FR;79;2021-01-20;28016;32;96709;174;4.4;0.0
FR;79;2021-01-21;30040;31;126749;205;5.7;0.0
FR;79;2021-01-22;27884;26;154633;231;7.0;0.0
FR;79;2021-01-23;11660;10;166293;241;7.5;0.0
FR;79;2021-01-24;2172;2;168465;243;7.6;0.0
FR;79;2021-01-25;22545;44;191010;287;8.6;0.0
FR;79;2021-01-26;25719;116;216729;403;9.8;0.0
FR;79;2021-01-27;24995;191;241724;594;10.9;0.0
FR;79;2021-01-28;25177;559;266901;1153;12.0;0.1
FR;79;2021-01-29;22536;562;289437;1715;13.1;0.1
FR;79;2021-01-30;8782;137;298219;1852;13.4;0.1
FR;79;2021-01-31;1229;55;299448;1907;13.5;0.1
FR;79;2021-02-01;16134;642;315582;2549;14.2;0.1
FR;79;2021-02-02;19262;1271;334844;3820;15.1;0.2
FR;79;2021-02-03;18289;1576;353133;5396;15.9;0.2
FR;79;2021-02-04;19164;2531;372297;7927;16.8;0.4
FR;79;2021-02-05;18012;2679;390309;10606;17.6;0.5
FR;79;2021-02-06;6450;1003;396759;11609;17.9;0.5
FR;79;2021-02-07;872;390;397631;11999;17.9;0.5
FR;79;2021-02-08;13082;5810;410713;17809;18.5;0.8
FR;79;2021-02-09;15549;7669;426262;25478;19.2;1.1
FR;79;2021-02-10;15439;8044;441701;33522;19.9;1.5
FR;79;2021-02-11;16526;9601;458227;43123;20.7;1.9
FR;79;2021-02-12;15665;9404;473892;52527;21.4;2.4
FR;79;2021-02-13;5004;4121;478896;56648;21.6;2.6
FR;79;2021-02-14;903;1043;479799;57691;21.6;2.6
FR;79;2021-02-15;7130;19819;486929;77510;22.0;3.5
FR;79;2021-02-16;8349;23624;495278;101134;22.3;4.6
FR;79;2021-02-17;8248;24020;503526;125154;22.7;5.6
FR;79;2021-02-18;10282;24420;513808;149574;23.2;6.7
FR;79;2021-02-19;10309;20761;524117;170335;23.6;7.7
FR;79;2021-02-20;3766;8311;527883;178646;23.8;8.1
FR;79;2021-02-21;548;1555;528431;180201;23.8;8.1
FR;79;2021-02-22;6984;21880;535415;202081;24.1;9.1
FR;79;2021-02-23;9625;23561;545040;225642;24.6;10.2
FR;79;2021-02-24;10022;22200;555062;247842;25.0;11.2
FR;79;2021-02-25;11653;22078;566715;269920;25.6;12.2
FR;79;2021-02-26;12047;19106;578762;289026;26.1;13.0
FR;79;2021-02-27;4417;6733;583179;295759;26.3;13.3
FR;79;2021-02-28;873;1037;584052;296796;26.3;13.4
FR;79;2021-03-01;12110;16440;596162;313236;26.9;14.1
FR;79;2021-03-02;16310;19257;612472;332493;27.6;15.0
FR;79;2021-03-03;17702;18518;630174;351011;28.4;15.8
FR;79;2021-03-04;20866;17658;651040;368669;29.4;16.6
FR;79;2021-03-05;22422;16446;673462;385115;30.4;17.4
FR;79;2021-03-06;28943;5326;702405;390441;31.7;17.6
FR;79;2021-03-07;21035;1006;723440;391447;32.6;17.7
FR;79;2021-03-08;17348;15320;740788;406767;33.4;18.3
FR;79;2021-03-09;25699;16400;766487;423167;34.6;19.1
FR;79;2021-03-10;26832;15559;793319;438726;35.8;19.8
FR;79;2021-03-11;31781;15053;825100;453779;37.2;20.5
FR;79;2021-03-12;33297;12903;858397;466682;38.7;21.0
FR;79;2021-03-13;25240;4193;883637;470875;39.9;21.2
FR;79;2021-03-14;9457;763;893094;471638;40.3;21.3
FR;79;2021-03-15;28410;8649;921504;480287;41.6;21.7
FR;79;2021-03-16;32776;9273;954280;489560;43.0;22.1
FR;79;2021-03-17;33750;9235;988030;498795;44.6;22.5
FR;79;2021-03-18;36633;9714;1024663;508509;46.2;22.9
FR;79;2021-03-19;36662;8838;1061325;517347;47.9;23.3
FR;79;2021-03-20;20653;3261;1081978;520608;48.8;23.5
FR;79;2021-03-21;5874;595;1087852;521203;49.1;23.5
FR;79;2021-03-22;28533;9165;1116385;530368;50.3;23.9
FR;79;2021-03-23;36983;10748;1153368;541116;52.0;24.4
FR;79;2021-03-24;35470;11313;1188838;552429;53.6;24.9
FR;79;2021-03-25;41805;11085;1230643;563514;55.5;25.4
FR;79;2021-03-26;39293;10407;1269936;573921;57.3;25.9
FR;79;2021-03-27;17619;4389;1287555;578310;58.1;26.1
FR;79;2021-03-28;4792;899;1292347;579209;58.3;26.1
FR;79;2021-03-29;22234;14988;1314581;594197;59.3;26.8
FR;79;2021-03-30;27960;18880;1342541;613077;60.5;27.6
FR;79;2021-03-31;24634;19715;1367175;632792;61.7;28.5
FR;79;2021-04-01;27100;23167;1394275;655959;62.9;29.6
FR;79;2021-04-02;22999;24414;1417274;680373;63.9;30.7
FR;79;2021-04-03;9997;17352;1427271;697725;64.4;31.5
FR;79;2021-04-04;2796;5057;1430067;702782;64.5;31.7
FR;79;2021-04-05;4183;2743;1434250;705525;64.7;31.8
FR;79;2021-04-06;18872;28935;1453122;734460;65.5;33.1
FR;79;2021-04-07;20980;29824;1474102;764284;66.5;34.5
FR;79;2021-04-08;24919;29880;1499021;794164;67.6;35.8
FR;79;2021-04-09;26713;28051;1525734;822215;68.8;37.1
FR;79;2021-04-10;13618;18906;1539352;841121;69.4;37.9
FR;79;2021-04-11;3500;6442;1542852;847563;69.6;38.2
FR;79;2021-04-12;16683;28878;1559535;876441;70.3;39.5
FR;79;2021-04-13;19022;34972;1578557;911413;71.2;41.1
FR;79;2021-04-14;18057;33105;1596614;944518;72.0;42.6
FR;79;2021-04-15;18977;33280;1615591;977798;72.9;44.1
FR;79;2021-04-16;16139;31008;1631730;1008806;73.6;45.5
FR;79;2021-04-17;8092;16673;1639822;1025479;74.0;46.2
FR;79;2021-04-18;1758;4829;1641580;1030308;74.0;46.5
FR;79;2021-04-19;9768;29143;1651348;1059451;74.5;47.8
FR;79;2021-04-20;11571;34403;1662919;1093854;75.0;49.3
FR;79;2021-04-21;11153;31162;1674072;1125016;75.5;50.7
FR;79;2021-04-22;12723;31048;1686795;1156064;76.1;52.1
FR;79;2021-04-23;11780;27639;1698575;1183703;76.6;53.4
FR;79;2021-04-24;6105;13696;1704680;1197399;76.9;54.0
FR;79;2021-04-25;1884;3417;1706564;1200816;77.0;54.2
FR;79;2021-04-26;8781;20562;1715345;1221378;77.4;55.1
FR;79;2021-04-27;10954;23626;1726299;1245004;77.9;56.1
FR;79;2021-04-28;11486;20853;1737785;1265857;78.4;57.1
FR;79;2021-04-29;13449;20614;1751234;1286471;79.0;58.0
FR;79;2021-04-30;12675;17537;1763909;1304008;79.6;58.8
FR;79;2021-05-01;3773;3903;1767682;1307911;79.7;59.0
FR;79;2021-05-02;1719;2613;1769401;1310524;79.8;59.1
FR;79;2021-05-03;8488;15069;1777889;1325593;80.2;59.8
FR;79;2021-05-04;8803;20114;1786692;1345707;80.6;60.7
FR;79;2021-05-05;8240;18932;1794932;1364639;81.0;61.5
FR;79;2021-05-06;10082;18726;1805014;1383365;81.4;62.4
FR;79;2021-05-07;8796;19401;1813810;1402766;81.8;63.3
FR;79;2021-05-08;2866;4270;1816676;1407036;81.9;63.5
FR;79;2021-05-09;1375;2983;1818051;1410019;82.0;63.6
FR;79;2021-05-10;5977;17439;1824028;1427458;82.3;64.4
FR;79;2021-05-11;7823;18500;1831851;1445958;82.6;65.2
FR;79;2021-05-12;7033;15729;1838884;1461687;82.9;65.9
FR;79;2021-05-13;3456;3768;1842340;1465455;83.1;66.1
FR;79;2021-05-14;6594;11330;1848934;1476785;83.4;66.6
FR;80;2020-12-27;10;0;10;0;0.0;0.0
FR;80;2020-12-28;41;0;51;0;0.0;0.0
FR;80;2020-12-29;78;0;129;0;0.0;0.0
FR;80;2020-12-30;69;0;198;0;0.0;0.0
FR;80;2020-12-31;49;0;247;0;0.0;0.0
FR;80;2021-01-01;8;0;255;0;0.0;0.0
FR;80;2021-01-02;8;0;263;0;0.0;0.0
FR;80;2021-01-03;2;0;265;0;0.0;0.0
FR;80;2021-01-04;297;1;562;1;0.0;0.0
FR;80;2021-01-05;909;0;1471;1;0.0;0.0
FR;80;2021-01-06;1673;0;3144;1;0.1;0.0
FR;80;2021-01-07;6291;2;9435;3;0.2;0.0
FR;80;2021-01-08;5730;2;15165;5;0.4;0.0
FR;80;2021-01-09;979;0;16144;5;0.4;0.0
FR;80;2021-01-10;307;0;16451;5;0.4;0.0
FR;80;2021-01-11;4429;4;20880;9;0.5;0.0
FR;80;2021-01-12;12667;8;33547;17;0.8;0.0
FR;80;2021-01-13;12424;14;45971;31;1.1;0.0
FR;80;2021-01-14;18200;117;64171;148;1.5;0.0
FR;80;2021-01-15;12103;31;76274;179;1.8;0.0
FR;80;2021-01-16;4032;28;80306;207;1.9;0.0
FR;80;2021-01-17;3743;18;84049;225;2.0;0.0
FR;80;2021-01-18;28737;65;112786;290;2.7;0.0
FR;80;2021-01-19;53735;62;166521;352;4.0;0.0
FR;80;2021-01-20;59357;108;225878;460;5.4;0.0
FR;80;2021-01-21;69896;79;295774;539;7.1;0.0
FR;80;2021-01-22;48281;65;344055;604;8.3;0.0
FR;80;2021-01-23;16214;8;360269;612;8.7;0.0
FR;80;2021-01-24;4311;2;364580;614;8.8;0.0
FR;80;2021-01-25;32390;147;396970;761;9.5;0.0
FR;80;2021-01-26;45101;531;442071;1292;10.6;0.0
FR;80;2021-01-27;50850;888;492921;2180;11.9;0.1
FR;80;2021-01-28;59979;3939;552900;6119;13.3;0.1
FR;80;2021-01-29;39321;3275;592221;9394;14.2;0.2
FR;80;2021-01-30;13220;591;605441;9985;14.6;0.2
FR;80;2021-01-31;2333;285;607774;10270;14.6;0.2
FR;80;2021-02-01;22999;2784;630773;13054;15.2;0.3
FR;80;2021-02-02;33451;7427;664224;20481;16.0;0.5
FR;80;2021-02-03;34404;7864;698628;28345;16.8;0.7
FR;80;2021-02-04;38035;12581;736663;40926;17.7;1.0
FR;80;2021-02-05;29776;9525;766439;50451;18.4;1.2
FR;80;2021-02-06;9702;2123;776141;52574;18.7;1.3
FR;80;2021-02-07;1449;1867;777590;54441;18.7;1.3
FR;80;2021-02-08;19337;11136;796927;65577;19.2;1.6
FR;80;2021-02-09;25880;25604;822807;91181;19.8;2.2
FR;80;2021-02-10;26293;28912;849100;120093;20.4;2.9
FR;80;2021-02-11;30469;38114;879569;158207;21.2;3.8
FR;80;2021-02-12;26687;24676;906256;182883;21.8;4.4
FR;80;2021-02-13;7923;6522;914179;189405;22.0;4.6
FR;80;2021-02-14;1507;3099;915686;192504;22.0;4.6
FR;80;2021-02-15;11128;28307;926814;220811;22.3;5.3
FR;80;2021-02-16;15543;38925;942357;259736;22.7;6.2
FR;80;2021-02-17;15924;44486;958281;304222;23.0;7.3
FR;80;2021-02-18;21466;52509;979747;356731;23.6;8.6
FR;80;2021-02-19;19038;37486;998785;394217;24.0;9.5
FR;80;2021-02-20;6299;12322;1005084;406539;24.2;9.8
FR;80;2021-02-21;912;2970;1005996;409509;24.2;9.8
FR;80;2021-02-22;11168;30690;1017164;440199;24.5;10.6
FR;80;2021-02-23;17051;37262;1034215;477461;24.9;11.5
FR;80;2021-02-24;17966;37078;1052181;514539;25.3;12.4
FR;80;2021-02-25;22234;40856;1074415;555395;25.8;13.4
FR;80;2021-02-26;20504;30900;1094919;586295;26.3;14.1
FR;80;2021-02-27;7166;10283;1102085;596578;26.5;14.3
FR;80;2021-02-28;1259;2119;1103344;598697;26.5;14.4
FR;80;2021-03-01;18762;23196;1122106;621893;27.0;15.0
FR;80;2021-03-02;26857;29093;1148963;650986;27.6;15.7
FR;80;2021-03-03;28638;29223;1177601;680209;28.3;16.4
FR;80;2021-03-04;34802;29664;1212403;709873;29.2;17.1
FR;80;2021-03-05;35812;27451;1248215;737324;30.0;17.7
FR;80;2021-03-06;41258;8318;1289473;745642;31.0;17.9
FR;80;2021-03-07;29641;1984;1319114;747626;31.7;18.0
FR;80;2021-03-08;27140;22463;1346254;770089;32.4;18.5
FR;80;2021-03-09;40649;24623;1386903;794712;33.4;19.1
FR;80;2021-03-10;43013;25355;1429916;820067;34.4;19.7
FR;80;2021-03-11;51538;26822;1481454;846889;35.6;20.4
FR;80;2021-03-12;51967;22929;1533421;869818;36.9;20.9
FR;80;2021-03-13;37361;6967;1570782;876785;37.8;21.1
FR;80;2021-03-14;13873;1511;1584655;878296;38.1;21.1
FR;80;2021-03-15;43975;13899;1628630;892195;39.2;21.5
FR;80;2021-03-16;51763;16998;1680393;909193;40.4;21.9
FR;80;2021-03-17;54560;16512;1734953;925705;41.7;22.3
FR;80;2021-03-18;58387;18788;1793340;944493;43.1;22.7
FR;80;2021-03-19;57271;15686;1850611;960179;44.5;23.1
FR;80;2021-03-20;30943;5315;1881554;965494;45.3;23.2
FR;80;2021-03-21;8682;1087;1890236;966581;45.5;23.2
FR;80;2021-03-22;42794;14517;1933030;981098;46.5;23.6
FR;80;2021-03-23;55465;18015;1988495;999113;47.8;24.0
FR;80;2021-03-24;54324;19011;2042819;1018124;49.1;24.5
FR;80;2021-03-25;63793;19536;2106612;1037660;50.7;25.0
FR;80;2021-03-26;60006;18215;2166618;1055875;52.1;25.4
FR;80;2021-03-27;26541;7330;2193159;1063205;52.7;25.6
FR;80;2021-03-28;6922;1447;2200081;1064652;52.9;25.6
FR;80;2021-03-29;32791;23367;2232872;1088019;53.7;26.2
FR;80;2021-03-30;43099;30690;2275971;1118709;54.7;26.9
FR;80;2021-03-31;40408;32069;2316379;1150778;55.7;27.7
FR;80;2021-04-01;45953;37676;2362332;1188454;56.8;28.6
FR;80;2021-04-02;36976;39697;2399308;1228151;57.7;29.5
FR;80;2021-04-03;14485;26077;2413793;1254228;58.1;30.2
FR;80;2021-04-04;3861;7557;2417654;1261785;58.1;30.3
FR;80;2021-04-05;5609;4076;2423263;1265861;58.3;30.4
FR;80;2021-04-06;27465;44915;2450728;1310776;58.9;31.5
FR;80;2021-04-07;33311;48357;2484039;1359133;59.7;32.7
FR;80;2021-04-08;39867;49490;2523906;1408623;60.7;33.9
FR;80;2021-04-09;43248;46275;2567154;1454898;61.7;35.0
FR;80;2021-04-10;19794;28856;2586948;1483754;62.2;35.7
FR;80;2021-04-11;4825;9353;2591773;1493107;62.3;35.9
FR;80;2021-04-12;23406;45120;2615179;1538227;62.9;37.0
FR;80;2021-04-13;30044;54573;2645223;1592800;63.6;38.3
FR;80;2021-04-14;28811;52093;2674034;1644893;64.3;39.6
FR;80;2021-04-15;31109;52610;2705143;1697503;65.1;40.8
FR;80;2021-04-16;26264;48927;2731407;1746430;65.7;42.0
FR;80;2021-04-17;12271;25568;2743678;1771998;66.0;42.6
FR;80;2021-04-18;2519;7613;2746197;1779611;66.0;42.8
FR;80;2021-04-19;14144;43642;2760341;1823253;66.4;43.9
FR;80;2021-04-20;17757;52989;2778098;1876242;66.8;45.1
FR;80;2021-04-21;17733;49739;2795831;1925981;67.2;46.3
FR;80;2021-04-22;20409;51152;2816240;1977133;67.7;47.6
FR;80;2021-04-23;18882;44549;2835122;2021682;68.2;48.6
FR;80;2021-04-24;9324;21165;2844446;2042847;68.4;49.1
FR;80;2021-04-25;2648;5143;2847094;2047990;68.5;49.3
FR;80;2021-04-26;12157;30526;2859251;2078516;68.8;50.0
FR;80;2021-04-27;16551;36352;2875802;2114868;69.2;50.9
FR;80;2021-04-28;17769;34525;2893571;2149393;69.6;51.7
FR;80;2021-04-29;21314;35545;2914885;2184938;70.1;52.5
FR;80;2021-04-30;20123;29510;2935008;2214448;70.6;53.3
FR;80;2021-05-01;5755;5803;2940763;2220251;70.7;53.4
FR;80;2021-05-02;2581;3845;2943344;2224096;70.8;53.5
FR;80;2021-05-03;12325;21299;2955669;2245395;71.1;54.0
FR;80;2021-05-04;13664;29916;2969333;2275311;71.4;54.7
FR;80;2021-05-05;13243;29236;2982576;2304547;71.7;55.4
FR;80;2021-05-06;15582;29441;2998158;2333988;72.1;56.1
FR;80;2021-05-07;14264;29696;3012422;2363684;72.5;56.8
FR;80;2021-05-08;4334;6021;3016756;2369705;72.6;57.0
FR;80;2021-05-09;1899;4139;3018655;2373844;72.6;57.1
FR;80;2021-05-10;8897;24283;3027552;2398127;72.8;57.7
FR;80;2021-05-11;12147;27095;3039699;2425222;73.1;58.3
FR;80;2021-05-12;11031;23487;3050730;2448709;73.4;58.9
FR;80;2021-05-13;4809;5381;3055539;2454090;73.5;59.0
FR;80;2021-05-14;9986;16276;3065525;2470366;73.7;59.4
FR;0;2020-12-27;20;0;20;0;0.0;0.0
FR;0;2020-12-28;63;0;83;0;0.0;0.0
FR;0;2020-12-29;108;0;191;0;0.0;0.0
FR;0;2020-12-30;119;0;310;0;0.0;0.0
FR;0;2020-12-31;83;0;393;0;0.0;0.0
FR;0;2021-01-01;65;0;458;0;0.0;0.0
FR;0;2021-01-02;76;0;534;0;0.0;0.0
FR;0;2021-01-03;87;0;621;0;0.0;0.0
FR;0;2021-01-04;1468;4;2089;4;0.0;0.0
FR;0;2021-01-05;5378;7;7467;11;0.0;0.0
FR;0;2021-01-06;11278;13;18745;24;0.0;0.0
FR;0;2021-01-07;28526;41;47271;65;0.1;0.0
FR;0;2021-01-08;36034;35;83305;100;0.1;0.0
FR;0;2021-01-09;10884;8;94189;108;0.1;0.0
FR;0;2021-01-10;5602;3;99791;111;0.1;0.0
FR;0;2021-01-11;38841;44;138632;155;0.2;0.0
FR;0;2021-01-12;60606;63;199238;218;0.3;0.0
FR;0;2021-01-13;63546;101;262784;319;0.4;0.0
FR;0;2021-01-14;79634;634;342418;953;0.5;0.0
FR;0;2021-01-15;67179;205;409597;1158;0.6;0.0
FR;0;2021-01-16;19594;95;429191;1253;0.6;0.0
FR;0;2021-01-17;10452;46;439643;1299;0.7;0.0
FR;0;2021-01-18;84248;218;523891;1517;0.8;0.0
FR;0;2021-01-19;128177;209;652068;1726;1.0;0.0
FR;0;2021-01-20;134779;265;786847;1991;1.2;0.0
FR;0;2021-01-21;154828;226;941675;2217;1.4;0.0
FR;0;2021-01-22;118189;252;1059864;2469;1.6;0.0
FR;0;2021-01-23;37745;60;1097609;2529;1.6;0.0
FR;0;2021-01-24;9332;30;1106941;2559;1.6;0.0
FR;0;2021-01-25;76649;1272;1183590;3831;1.8;0.0
FR;0;2021-01-26;98589;3171;1282179;7002;1.9;0.0
FR;0;2021-01-27;105446;5670;1387625;12672;2.1;0.0
FR;0;2021-01-28;122004;14470;1509629;27142;2.2;0.0
FR;0;2021-01-29;90758;17410;1600387;44552;2.4;0.1
FR;0;2021-01-30;28620;4252;1629007;48804;2.4;0.1
FR;0;2021-01-31;4862;1681;1633869;50485;2.4;0.1
FR;0;2021-02-01;51406;21172;1685275;71657;2.5;0.1
FR;0;2021-02-02;70398;34684;1755673;106341;2.6;0.2
FR;0;2021-02-03;70833;37069;1826506;143410;2.7;0.2
FR;0;2021-02-04;80241;50197;1906747;193607;2.8;0.3
FR;0;2021-02-05;66851;45449;1973598;239056;2.9;0.4
FR;0;2021-02-06;21258;10417;1994856;249473;3.0;0.4
FR;0;2021-02-07;4826;5058;1999682;254531;3.0;0.4
FR;0;2021-02-08;45773;46119;2045455;300650;3.0;0.4
FR;0;2021-02-09;64639;72696;2110094;373346;3.1;0.6
FR;0;2021-02-10;69104;77052;2179198;450398;3.2;0.7
FR;0;2021-02-11;85332;99699;2264530;550097;3.4;0.8
FR;0;2021-02-12;77498;74785;2342028;624882;3.5;0.9
FR;0;2021-02-13;21597;19563;2363625;644445;3.5;1.0
FR;0;2021-02-14;4564;7215;2368189;651660;3.5;1.0
FR;0;2021-02-15;36874;76786;2405063;728446;3.6;1.1
FR;0;2021-02-16;49085;101062;2454148;829508;3.7;1.2
FR;0;2021-02-17;49201;103340;2503349;932848;3.7;1.4
FR;0;2021-02-18;67609;119166;2570958;1052014;3.8;1.6
FR;0;2021-02-19;63463;91266;2634421;1143280;3.9;1.7
FR;0;2021-02-20;17909;28508;2652330;1171788;4.0;1.7
FR;0;2021-02-21;2841;6389;2655171;1178177;4.0;1.8
FR;0;2021-02-22;36275;73428;2691446;1251605;4.0;1.9
FR;0;2021-02-23;52266;84436;2743712;1336041;4.1;2.0
FR;0;2021-02-24;57800;81484;2801512;1417525;4.2;2.1
FR;0;2021-02-25;97893;92218;2899405;1509743;4.3;2.2
FR;0;2021-02-26;111064;71812;3010469;1581555;4.5;2.4
FR;0;2021-02-27;50807;22254;3061276;1603809;4.6;2.4
FR;0;2021-02-28;5636;4470;3066912;1608279;4.6;2.4
FR;0;2021-03-01;63109;53185;3130021;1661464;4.7;2.5
FR;0;2021-03-02;98719;66886;3228740;1728350;4.8;2.6
FR;0;2021-03-03;112716;66382;3341456;1794732;5.0;2.7
FR;0;2021-03-04;158703;70228;3500159;1864960;5.2;2.8
FR;0;2021-03-05;196326;64886;3696485;1929846;5.5;2.9
FR;0;2021-03-06;202770;18780;3899255;1948626;5.8;2.9
FR;0;2021-03-07;118980;5958;4018235;1954584;6.0;2.9
FR;0;2021-03-08;104105;51456;4122340;2006040;6.1;3.0
FR;0;2021-03-09;168519;57869;4290859;2063909;6.4;3.1
FR;0;2021-03-10;174441;58360;4465300;2122269;6.7;3.2
FR;0;2021-03-11;237719;64840;4703019;2187109;7.0;3.3
FR;0;2021-03-12;289102;55487;4992121;2242596;7.4;3.3
FR;0;2021-03-13;226653;16346;5218774;2258942;7.8;3.4
FR;0;2021-03-14;61960;3862;5280734;2262804;7.9;3.4
FR;0;2021-03-15;154916;34174;5435650;2296978;8.1;3.4
FR;0;2021-03-16;138984;41133;5574634;2338111;8.3;3.5
FR;0;2021-03-17;147594;40663;5722228;2378774;8.5;3.5
FR;0;2021-03-18;164571;47219;5886799;2425993;8.8;3.6
FR;0;2021-03-19;225714;40697;6112513;2466690;9.1;3.7
FR;0;2021-03-20;164021;13645;6276534;2480335;9.4;3.7
FR;0;2021-03-21;48676;3334;6325210;2483669;9.4;3.7
FR;0;2021-03-22;166538;36871;6491748;2520540;9.7;3.8
FR;0;2021-03-23;245855;46150;6737603;2566690;10.0;3.8
FR;0;2021-03-24;252379;47624;6989982;2614314;10.4;3.9
FR;0;2021-03-25;336212;49950;7326194;2664264;10.9;4.0
FR;0;2021-03-26;353509;47493;7679703;2711757;11.4;4.0
FR;0;2021-03-27;192342;19612;7872045;2731369;11.7;4.1
FR;0;2021-03-28;58228;4678;7930273;2736047;11.8;4.1
FR;0;2021-03-29;199794;57675;8130067;2793722;12.1;4.2
FR;0;2021-03-30;281005;74900;8411072;2868622;12.5;4.3
FR;0;2021-03-31;258373;78272;8669445;2946894;12.9;4.4
FR;0;2021-04-01;308541;95042;8977986;3041936;13.4;4.5
FR;0;2021-04-02;276747;98308;9254733;3140244;13.8;4.7
FR;0;2021-04-03;138817;64830;9393550;3205074;14.0;4.8
FR;0;2021-04-04;44795;19831;9438345;3224905;14.1;4.8
FR;0;2021-04-05;58668;12606;9497013;3237511;14.2;4.8
FR;0;2021-04-06;212218;112736;9709231;3350247;14.5;5.0
FR;0;2021-04-07;255198;122080;9964429;3472327;14.8;5.2
FR;0;2021-04-08;331307;130606;10295736;3602933;15.3;5.4
FR;0;2021-04-09;402796;126165;10698532;3729098;15.9;5.6
FR;0;2021-04-10;209688;87735;10908220;3816833;16.3;5.7
FR;0;2021-04-11;54867;36233;10963087;3853066;16.3;5.7
FR;0;2021-04-12;232831;121053;11195918;3974119;16.7;5.9
FR;0;2021-04-13;303712;152762;11499630;4126881;17.1;6.1
FR;0;2021-04-14;287774;147739;11787404;4274620;17.6;6.4
FR;0;2021-04-15;329084;157416;12116488;4432036;18.1;6.6
FR;0;2021-04-16;332725;154783;12449213;4586819;18.5;6.8
FR;0;2021-04-17;185044;95088;12634257;4681907;18.8;7.0
FR;0;2021-04-18;50118;37084;12684375;4718991;18.9;7.0
FR;0;2021-04-19;201038;144425;12885413;4863416;19.2;7.2
FR;0;2021-04-20;248205;178488;13133618;5041904;19.6;7.5
FR;0;2021-04-21;245572;176706;13379190;5218610;19.9;7.8
FR;0;2021-04-22;280318;197777;13659508;5416387;20.4;8.1
FR;0;2021-04-23;287551;193625;13947059;5610012;20.8;8.4
FR;0;2021-04-24;186738;119187;14133797;5729199;21.1;8.5
FR;0;2021-04-25;67272;41516;14201069;5770715;21.2;8.6
FR;0;2021-04-26;213453;166144;14414522;5936859;21.5;8.8
FR;0;2021-04-27;278289;206553;14692811;6143412;21.9;9.2
FR;0;2021-04-28;292624;203654;14985435;6347066;22.3;9.5
FR;0;2021-04-29;347763;225491;15333198;6572557;22.8;9.8
FR;0;2021-04-30;363593;218526;15696791;6791083;23.4;10.1
FR;0;2021-05-01;159101;61203;15855892;6852286;23.6;10.2
FR;0;2021-05-02;89193;42186;15945085;6894472;23.8;10.3
FR;0;2021-05-03;279328;186507;16224413;7080979;24.2;10.6
FR;0;2021-05-04;305559;246400;16529972;7327379;24.6;10.9
FR;0;2021-05-05;314025;245512;16843997;7572891;25.1;11.3
FR;0;2021-05-06;366995;268232;17210992;7841123;25.6;11.7
FR;0;2021-05-07;360193;293826;17571185;8134949;26.2;12.1
FR;0;2021-05-08;198832;78265;17770017;8213214;26.5;12.2
FR;0;2021-05-09;127040;53994;17897057;8267208;26.7;12.3
FR;0;2021-05-10;297777;250734;18194834;8517942;27.1;12.7
FR;0;2021-05-11;389690;291794;18584524;8809736;27.7;13.1
FR;0;2021-05-12;410204;263744;18994728;9073480;28.3;13.5
FR;0;2021-05-13;325039;75226;19319767;9148706;28.8;13.6
FR;0;2021-05-14;434484;197952;19754251;9346658;29.4;13.9
