fra;clage_vacsi;jour;n_dose1;n_complet;n_cum_dose1;n_cum_complet;couv_dose1;couv_complet
FR;24;2020-12-27;1;0;1;0;0.0;0.0
FR;24;2020-12-28;1;0;2;0;0.0;0.0
FR;24;2020-12-29;0;0;2;0;0.0;0.0
FR;24;2020-12-30;0;0;2;0;0.0;0.0
FR;24;2020-12-31;0;0;2;0;0.0;0.0
FR;24;2021-01-01;1;0;3;0;0.0;0.0
FR;24;2021-01-02;0;0;3;0;0.0;0.0
FR;24;2021-01-03;2;0;5;0;0.0;0.0
FR;24;2021-01-04;4;0;9;0;0.0;0.0
FR;24;2021-01-05;17;0;26;0;0.0;0.0
FR;24;2021-01-06;36;0;62;0;0.0;0.0
FR;24;2021-01-07;179;0;241;0;0.0;0.0
FR;24;2021-01-08;216;0;457;0;0.0;0.0
FR;24;2021-01-09;40;0;497;0;0.0;0.0
FR;24;2021-01-10;35;0;532;0;0.0;0.0
FR;24;2021-01-11;249;2;781;2;0.0;0.0
FR;24;2021-01-12;395;0;1176;2;0.0;0.0
FR;24;2021-01-13;475;3;1651;5;0.0;0.0
FR;24;2021-01-14;607;5;2258;10;0.0;0.0
FR;24;2021-01-15;586;1;2844;11;0.1;0.0
FR;24;2021-01-16;116;2;2960;13;0.1;0.0
FR;24;2021-01-17;94;0;3054;13;0.1;0.0
FR;24;2021-01-18;506;1;3560;14;0.1;0.0
FR;24;2021-01-19;593;1;4153;15;0.1;0.0
FR;24;2021-01-20;648;0;4801;15;0.1;0.0
FR;24;2021-01-21;750;3;5551;18;0.1;0.0
FR;24;2021-01-22;597;3;6148;21;0.1;0.0
FR;24;2021-01-23;116;0;6264;21;0.1;0.0
FR;24;2021-01-24;22;0;6286;21;0.1;0.0
FR;24;2021-01-25;293;3;6579;24;0.1;0.0
FR;24;2021-01-26;359;11;6938;35;0.1;0.0
FR;24;2021-01-27;440;14;7378;49;0.1;0.0
FR;24;2021-01-28;594;50;7972;99;0.1;0.0
FR;24;2021-01-29;466;82;8438;181;0.2;0.0
FR;24;2021-01-30;86;16;8524;197;0.2;0.0
FR;24;2021-01-31;25;13;8549;210;0.2;0.0
FR;24;2021-02-01;155;134;8704;344;0.2;0.0
FR;24;2021-02-02;213;182;8917;526;0.2;0.0
FR;24;2021-02-03;215;185;9132;711;0.2;0.0
FR;24;2021-02-04;357;315;9489;1026;0.2;0.0
FR;24;2021-02-05;345;342;9834;1368;0.2;0.0
FR;24;2021-02-06;82;71;9916;1439;0.2;0.0
FR;24;2021-02-07;169;28;10085;1467;0.2;0.0
FR;24;2021-02-08;388;355;10473;1822;0.2;0.0
FR;24;2021-02-09;742;454;11215;2276;0.2;0.0
FR;24;2021-02-10;1084;589;12299;2865;0.2;0.1
FR;24;2021-02-11;1566;691;13865;3556;0.3;0.1
FR;24;2021-02-12;1614;547;15479;4103;0.3;0.1
FR;24;2021-02-13;289;90;15768;4193;0.3;0.1
FR;24;2021-02-14;59;30;15827;4223;0.3;0.1
FR;24;2021-02-15;1024;364;16851;4587;0.3;0.1
FR;24;2021-02-16;1547;552;18398;5139;0.3;0.1
FR;24;2021-02-17;1478;472;19876;5611;0.4;0.1
FR;24;2021-02-18;1915;601;21791;6212;0.4;0.1
FR;24;2021-02-19;1845;528;23636;6740;0.4;0.1
FR;24;2021-02-20;325;80;23961;6820;0.4;0.1
FR;24;2021-02-21;38;18;23999;6838;0.4;0.1
FR;24;2021-02-22;1148;264;25147;7102;0.5;0.1
FR;24;2021-02-23;1558;361;26705;7463;0.5;0.1
FR;24;2021-02-24;1640;310;28345;7773;0.5;0.1
FR;24;2021-02-25;2242;438;30587;8211;0.6;0.2
FR;24;2021-02-26;2158;357;32745;8568;0.6;0.2
FR;24;2021-02-27;528;75;33273;8643;0.6;0.2
FR;24;2021-02-28;90;15;33363;8658;0.6;0.2
FR;24;2021-03-01;1235;207;34598;8865;0.6;0.2
FR;24;2021-03-02;1636;273;36234;9138;0.7;0.2
FR;24;2021-03-03;1737;308;37971;9446;0.7;0.2
FR;24;2021-03-04;2092;458;40063;9904;0.7;0.2
FR;24;2021-03-05;3259;427;43322;10331;0.8;0.2
FR;24;2021-03-06;1696;111;45018;10442;0.8;0.2
FR;24;2021-03-07;973;50;45991;10492;0.8;0.2
FR;24;2021-03-08;1946;210;47937;10702;0.9;0.2
FR;24;2021-03-09;2592;255;50529;10957;0.9;0.2
FR;24;2021-03-10;2408;317;52937;11274;1.0;0.2
FR;24;2021-03-11;2895;456;55832;11730;1.0;0.2
FR;24;2021-03-12;3802;385;59634;12115;1.1;0.2
FR;24;2021-03-13;1470;76;61104;12191;1.1;0.2
FR;24;2021-03-14;529;32;61633;12223;1.1;0.2
FR;24;2021-03-15;1820;225;63453;12448;1.2;0.2
FR;24;2021-03-16;821;304;64274;12752;1.2;0.2
FR;24;2021-03-17;1066;310;65340;13062;1.2;0.2
FR;24;2021-03-18;1294;422;66634;13484;1.2;0.2
FR;24;2021-03-19;1858;348;68492;13832;1.3;0.3
FR;24;2021-03-20;826;81;69318;13913;1.3;0.3
FR;24;2021-03-21;631;44;69949;13957;1.3;0.3
FR;24;2021-03-22;1496;271;71445;14228;1.3;0.3
FR;24;2021-03-23;1791;386;73236;14614;1.4;0.3
FR;24;2021-03-24;2150;336;75386;14950;1.4;0.3
FR;24;2021-03-25;2553;473;77939;15423;1.4;0.3
FR;24;2021-03-26;3148;450;81087;15873;1.5;0.3
FR;24;2021-03-27;1887;180;82974;16053;1.5;0.3
FR;24;2021-03-28;1009;67;83983;16120;1.5;0.3
FR;24;2021-03-29;2407;343;86390;16463;1.6;0.3
FR;24;2021-03-30;3544;490;89934;16953;1.7;0.3
FR;24;2021-03-31;4053;494;93987;17447;1.7;0.3
FR;24;2021-04-01;5349;702;99336;18149;1.8;0.3
FR;24;2021-04-02;4417;595;103753;18744;1.9;0.3
FR;24;2021-04-03;1728;330;105481;19074;1.9;0.4
FR;24;2021-04-04;954;122;106435;19196;2.0;0.4
FR;24;2021-04-05;1090;126;107525;19322;2.0;0.4
FR;24;2021-04-06;3514;560;111039;19882;2.0;0.4
FR;24;2021-04-07;4726;761;115765;20643;2.1;0.4
FR;24;2021-04-08;6284;1048;122049;21691;2.3;0.4
FR;24;2021-04-09;5713;992;127762;22683;2.4;0.4
FR;24;2021-04-10;2619;549;130381;23232;2.4;0.4
FR;24;2021-04-11;1243;303;131624;23535;2.4;0.4
FR;24;2021-04-12;3391;894;135015;24429;2.5;0.5
FR;24;2021-04-13;4671;1104;139686;25533;2.6;0.5
FR;24;2021-04-14;4791;1258;144477;26791;2.7;0.5
FR;24;2021-04-15;5058;1524;149535;28315;2.8;0.5
FR;24;2021-04-16;4699;1626;154234;29941;2.8;0.6
FR;24;2021-04-17;2091;787;156325;30728;2.9;0.6
FR;24;2021-04-18;714;429;157039;31157;2.9;0.6
FR;24;2021-04-19;2870;1490;159909;32647;2.9;0.6
FR;24;2021-04-20;3057;2088;162966;34735;3.0;0.6
FR;24;2021-04-21;3334;2432;166300;37167;3.1;0.7
FR;24;2021-04-22;3968;3087;170268;40254;3.1;0.7
FR;24;2021-04-23;4095;3248;174363;43502;3.2;0.8
FR;24;2021-04-24;2357;1657;176720;45159;3.3;0.8
FR;24;2021-04-25;1203;798;177923;45957;3.3;0.8
FR;24;2021-04-26;2997;2155;180920;48112;3.3;0.9
FR;24;2021-04-27;3838;3142;184758;51254;3.4;0.9
FR;24;2021-04-28;4190;3708;188948;54962;3.5;1.0
FR;24;2021-04-29;5200;4400;194148;59362;3.6;1.1
FR;24;2021-04-30;5872;4559;200020;63921;3.7;1.2
FR;24;2021-05-01;3617;1064;203637;64985;3.8;1.2
FR;24;2021-05-02;2677;891;206314;65876;3.8;1.2
FR;24;2021-05-03;6018;4111;212332;69987;3.9;1.3
FR;24;2021-05-04;7229;4676;219561;74663;4.0;1.4
FR;24;2021-05-05;8343;4883;227904;79546;4.2;1.5
FR;24;2021-05-06;10415;6297;238319;85843;4.4;1.6
FR;24;2021-05-07;11604;6334;249923;92177;4.6;1.7
FR;24;2021-05-08;8511;2421;258434;94598;4.8;1.7
FR;24;2021-05-09;6822;1909;265256;96507;4.9;1.8
FR;24;2021-05-10;10457;4854;275713;101361;5.1;1.9
FR;29;2020-12-27;0;0;0;0;0.0;0.0
FR;29;2020-12-28;1;0;1;0;0.0;0.0
FR;29;2020-12-29;0;0;1;0;0.0;0.0
FR;29;2020-12-30;0;0;1;0;0.0;0.0
FR;29;2020-12-31;0;0;1;0;0.0;0.0
FR;29;2021-01-01;2;0;3;0;0.0;0.0
FR;29;2021-01-02;2;0;5;0;0.0;0.0
FR;29;2021-01-03;2;0;7;0;0.0;0.0
FR;29;2021-01-04;10;0;17;0;0.0;0.0
FR;29;2021-01-05;42;0;59;0;0.0;0.0
FR;29;2021-01-06;142;0;201;0;0.0;0.0
FR;29;2021-01-07;306;1;507;1;0.0;0.0
FR;29;2021-01-08;514;2;1021;3;0.0;0.0
FR;29;2021-01-09;113;0;1134;3;0.0;0.0
FR;29;2021-01-10;91;0;1225;3;0.0;0.0
FR;29;2021-01-11;640;1;1865;4;0.1;0.0
FR;29;2021-01-12;924;3;2789;7;0.1;0.0
FR;29;2021-01-13;1204;2;3993;9;0.1;0.0
FR;29;2021-01-14;1555;8;5548;17;0.1;0.0
FR;29;2021-01-15;1300;2;6848;19;0.2;0.0
FR;29;2021-01-16;192;2;7040;21;0.2;0.0
FR;29;2021-01-17;158;0;7198;21;0.2;0.0
FR;29;2021-01-18;1039;2;8237;23;0.2;0.0
FR;29;2021-01-19;1142;3;9379;26;0.3;0.0
FR;29;2021-01-20;1190;2;10569;28;0.3;0.0
FR;29;2021-01-21;1445;3;12014;31;0.3;0.0
FR;29;2021-01-22;1139;3;13153;34;0.4;0.0
FR;29;2021-01-23;167;2;13320;36;0.4;0.0
FR;29;2021-01-24;51;0;13371;36;0.4;0.0
FR;29;2021-01-25;531;12;13902;48;0.4;0.0
FR;29;2021-01-26;655;34;14557;82;0.4;0.0
FR;29;2021-01-27;717;60;15274;142;0.4;0.0
FR;29;2021-01-28;1032;117;16306;259;0.4;0.0
FR;29;2021-01-29;800;170;17106;429;0.5;0.0
FR;29;2021-01-30;140;39;17246;468;0.5;0.0
FR;29;2021-01-31;33;26;17279;494;0.5;0.0
FR;29;2021-02-01;260;291;17539;785;0.5;0.0
FR;29;2021-02-02;402;372;17941;1157;0.5;0.0
FR;29;2021-02-03;452;456;18393;1613;0.5;0.0
FR;29;2021-02-04;604;715;18997;2328;0.5;0.1
FR;29;2021-02-05;529;744;19526;3072;0.5;0.1
FR;29;2021-02-06;141;106;19667;3178;0.5;0.1
FR;29;2021-02-07;304;61;19971;3239;0.5;0.1
FR;29;2021-02-08;600;798;20571;4037;0.6;0.1
FR;29;2021-02-09;1241;1003;21812;5040;0.6;0.1
FR;29;2021-02-10;1702;1116;23514;6156;0.6;0.2
FR;29;2021-02-11;2450;1389;25964;7545;0.7;0.2
FR;29;2021-02-12;2207;1190;28171;8735;0.8;0.2
FR;29;2021-02-13;422;151;28593;8886;0.8;0.2
FR;29;2021-02-14;133;81;28726;8967;0.8;0.2
FR;29;2021-02-15;1550;762;30276;9729;0.8;0.3
FR;29;2021-02-16;1901;1119;32177;10848;0.9;0.3
FR;29;2021-02-17;1872;912;34049;11760;0.9;0.3
FR;29;2021-02-18;2367;1118;36416;12878;1.0;0.3
FR;29;2021-02-19;2310;906;38726;13784;1.0;0.4
FR;29;2021-02-20;379;116;39105;13900;1.1;0.4
FR;29;2021-02-21;86;42;39191;13942;1.1;0.4
FR;29;2021-02-22;1343;500;40534;14442;1.1;0.4
FR;29;2021-02-23;1743;618;42277;15060;1.1;0.4
FR;29;2021-02-24;1772;510;44049;15570;1.2;0.4
FR;29;2021-02-25;2366;872;46415;16442;1.2;0.4
FR;29;2021-02-26;2547;614;48962;17056;1.3;0.5
FR;29;2021-02-27;603;99;49565;17155;1.3;0.5
FR;29;2021-02-28;111;26;49676;17181;1.3;0.5
FR;29;2021-03-01;1269;315;50945;17496;1.4;0.5
FR;29;2021-03-02;1775;557;52720;18053;1.4;0.5
FR;29;2021-03-03;1964;546;54684;18599;1.5;0.5
FR;29;2021-03-04;2434;684;57118;19283;1.5;0.5
FR;29;2021-03-05;3584;637;60702;19920;1.6;0.5
FR;29;2021-03-06;1619;112;62321;20032;1.7;0.5
FR;29;2021-03-07;819;92;63140;20124;1.7;0.5
FR;29;2021-03-08;1930;352;65070;20476;1.8;0.6
FR;29;2021-03-09;2624;419;67694;20895;1.8;0.6
FR;29;2021-03-10;2527;452;70221;21347;1.9;0.6
FR;29;2021-03-11;3304;736;73525;22083;2.0;0.6
FR;29;2021-03-12;3938;649;77463;22732;2.1;0.6
FR;29;2021-03-13;1614;114;79077;22846;2.1;0.6
FR;29;2021-03-14;561;54;79638;22900;2.1;0.6
FR;29;2021-03-15;1873;323;81511;23223;2.2;0.6
FR;29;2021-03-16;1111;479;82622;23702;2.2;0.6
FR;29;2021-03-17;1370;480;83992;24182;2.3;0.7
FR;29;2021-03-18;1639;648;85631;24830;2.3;0.7
FR;29;2021-03-19;2217;518;87848;25348;2.4;0.7
FR;29;2021-03-20;987;118;88835;25466;2.4;0.7
FR;29;2021-03-21;724;54;89559;25520;2.4;0.7
FR;29;2021-03-22;1651;383;91210;25903;2.5;0.7
FR;29;2021-03-23;2200;577;93410;26480;2.5;0.7
FR;29;2021-03-24;2522;537;95932;27017;2.6;0.7
FR;29;2021-03-25;3367;641;99299;27658;2.7;0.7
FR;29;2021-03-26;3707;642;103006;28300;2.8;0.8
FR;29;2021-03-27;2140;229;105146;28529;2.8;0.8
FR;29;2021-03-28;963;57;106109;28586;2.9;0.8
FR;29;2021-03-29;2727;495;108836;29081;2.9;0.8
FR;29;2021-03-30;3931;671;112767;29752;3.0;0.8
FR;29;2021-03-31;4419;750;117186;30502;3.2;0.8
FR;29;2021-04-01;5798;944;122984;31446;3.3;0.8
FR;29;2021-04-02;4861;866;127845;32312;3.4;0.9
FR;29;2021-04-03;1753;318;129598;32630;3.5;0.9
FR;29;2021-04-04;896;114;130494;32744;3.5;0.9
FR;29;2021-04-05;915;110;131409;32854;3.5;0.9
FR;29;2021-04-06;3463;717;134872;33571;3.6;0.9
FR;29;2021-04-07;4496;1064;139368;34635;3.7;0.9
FR;29;2021-04-08;6190;1373;145558;36008;3.9;1.0
FR;29;2021-04-09;6222;1216;151780;37224;4.1;1.0
FR;29;2021-04-10;2632;600;154412;37824;4.2;1.0
FR;29;2021-04-11;1157;330;155569;38154;4.2;1.0
FR;29;2021-04-12;3540;1007;159109;39161;4.3;1.1
FR;29;2021-04-13;4764;1450;163873;40611;4.4;1.1
FR;29;2021-04-14;4648;1457;168521;42068;4.5;1.1
FR;29;2021-04-15;5458;1760;173979;43828;4.7;1.2
FR;29;2021-04-16;4677;1837;178656;45665;4.8;1.2
FR;29;2021-04-17;2201;897;180857;46562;4.9;1.3
FR;29;2021-04-18;757;512;181614;47074;4.9;1.3
FR;29;2021-04-19;2803;1733;184417;48807;5.0;1.3
FR;29;2021-04-20;3430;2457;187847;51264;5.1;1.4
FR;29;2021-04-21;3358;2745;191205;54009;5.1;1.5
FR;29;2021-04-22;4374;3796;195579;57805;5.3;1.6
FR;29;2021-04-23;4488;3707;200067;61512;5.4;1.7
FR;29;2021-04-24;2662;1807;202729;63319;5.5;1.7
FR;29;2021-04-25;1165;729;203894;64048;5.5;1.7
FR;29;2021-04-26;2883;2437;206777;66485;5.6;1.8
FR;29;2021-04-27;3932;3569;210709;70054;5.7;1.9
FR;29;2021-04-28;4467;3979;215176;74033;5.8;2.0
FR;29;2021-04-29;5595;4923;220771;78956;5.9;2.1
FR;29;2021-04-30;6137;5140;226908;84096;6.1;2.3
FR;29;2021-05-01;3894;1196;230802;85292;6.2;2.3
FR;29;2021-05-02;2555;901;233357;86193;6.3;2.3
FR;29;2021-05-03;6579;4260;239936;90453;6.5;2.4
FR;29;2021-05-04;7871;5132;247807;95585;6.7;2.6
FR;29;2021-05-05;9254;5121;257061;100706;6.9;2.7
FR;29;2021-05-06;10833;6450;267894;107156;7.2;2.9
FR;29;2021-05-07;11285;6524;279179;113680;7.5;3.1
FR;29;2021-05-08;7598;2153;286777;115833;7.7;3.1
FR;29;2021-05-09;5872;1729;292649;117562;7.9;3.2
FR;29;2021-05-10;10077;5181;302726;122743;8.1;3.3
FR;39;2020-12-27;0;0;0;0;0.0;0.0
FR;39;2020-12-28;0;0;0;0;0.0;0.0
FR;39;2020-12-29;1;0;1;0;0.0;0.0
FR;39;2020-12-30;3;0;4;0;0.0;0.0
FR;39;2020-12-31;1;0;5;0;0.0;0.0
FR;39;2021-01-01;4;0;9;0;0.0;0.0
FR;39;2021-01-02;2;0;11;0;0.0;0.0
FR;39;2021-01-03;2;0;13;0;0.0;0.0
FR;39;2021-01-04;23;0;36;0;0.0;0.0
FR;39;2021-01-05;139;0;175;0;0.0;0.0
FR;39;2021-01-06;384;0;559;0;0.0;0.0
FR;39;2021-01-07;1172;5;1731;5;0.0;0.0
FR;39;2021-01-08;1776;3;3507;8;0.0;0.0
FR;39;2021-01-09;472;0;3979;8;0.0;0.0
FR;39;2021-01-10;307;0;4286;8;0.1;0.0
FR;39;2021-01-11;2197;5;6483;13;0.1;0.0
FR;39;2021-01-12;3381;7;9864;20;0.1;0.0
FR;39;2021-01-13;3472;6;13336;26;0.2;0.0
FR;39;2021-01-14;4755;44;18091;70;0.2;0.0
FR;39;2021-01-15;4367;12;22458;82;0.3;0.0
FR;39;2021-01-16;768;3;23226;85;0.3;0.0
FR;39;2021-01-17;487;2;23713;87;0.3;0.0
FR;39;2021-01-18;3061;14;26774;101;0.3;0.0
FR;39;2021-01-19;3988;12;30762;113;0.4;0.0
FR;39;2021-01-20;3883;9;34645;122;0.4;0.0
FR;39;2021-01-21;5104;13;39749;135;0.5;0.0
FR;39;2021-01-22;3922;13;43671;148;0.5;0.0
FR;39;2021-01-23;589;3;44260;151;0.5;0.0
FR;39;2021-01-24;184;0;44444;151;0.5;0.0
FR;39;2021-01-25;1581;38;46025;189;0.6;0.0
FR;39;2021-01-26;2146;91;48171;280;0.6;0.0
FR;39;2021-01-27;2277;203;50448;483;0.6;0.0
FR;39;2021-01-28;3464;457;53912;940;0.6;0.0
FR;39;2021-01-29;2665;693;56577;1633;0.7;0.0
FR;39;2021-01-30;393;214;56970;1847;0.7;0.0
FR;39;2021-01-31;89;78;57059;1925;0.7;0.0
FR;39;2021-02-01;746;1057;57805;2982;0.7;0.0
FR;39;2021-02-02;1323;1643;59128;4625;0.7;0.1
FR;39;2021-02-03;1348;1651;60476;6276;0.7;0.1
FR;39;2021-02-04;1963;2527;62439;8803;0.8;0.1
FR;39;2021-02-05;1628;2698;64067;11501;0.8;0.1
FR;39;2021-02-06;396;430;64463;11931;0.8;0.1
FR;39;2021-02-07;553;204;65016;12135;0.8;0.1
FR;39;2021-02-08;1508;2410;66524;14545;0.8;0.2
FR;39;2021-02-09;3157;3339;69681;17884;0.8;0.2
FR;39;2021-02-10;3862;3476;73543;21360;0.9;0.3
FR;39;2021-02-11;6137;4785;79680;26145;1.0;0.3
FR;39;2021-02-12;5781;3922;85461;30067;1.0;0.4
FR;39;2021-02-13;1232;534;86693;30601;1.0;0.4
FR;39;2021-02-14;384;260;87077;30861;1.0;0.4
FR;39;2021-02-15;3368;2351;90445;33212;1.1;0.4
FR;39;2021-02-16;4395;3283;94840;36495;1.1;0.4
FR;39;2021-02-17;3962;2811;98802;39306;1.2;0.5
FR;39;2021-02-18;5921;3796;104723;43102;1.3;0.5
FR;39;2021-02-19;5778;3001;110501;46103;1.3;0.6
FR;39;2021-02-20;1128;459;111629;46562;1.3;0.6
FR;39;2021-02-21;185;118;111814;46680;1.3;0.6
FR;39;2021-02-22;2953;1616;114767;48296;1.4;0.6
FR;39;2021-02-23;3856;1851;118623;50147;1.4;0.6
FR;39;2021-02-24;3685;1661;122308;51808;1.5;0.6
FR;39;2021-02-25;5524;2454;127832;54262;1.5;0.7
FR;39;2021-02-26;6036;1851;133868;56113;1.6;0.7
FR;39;2021-02-27;1648;289;135516;56402;1.6;0.7
FR;39;2021-02-28;240;119;135756;56521;1.6;0.7
FR;39;2021-03-01;2897;951;138653;57472;1.7;0.7
FR;39;2021-03-02;4184;1552;142837;59024;1.7;0.7
FR;39;2021-03-03;4196;1459;147033;60483;1.8;0.7
FR;39;2021-03-04;6203;2205;153236;62688;1.8;0.8
FR;39;2021-03-05;9067;1975;162303;64663;2.0;0.8
FR;39;2021-03-06;4887;363;167190;65026;2.0;0.8
FR;39;2021-03-07;2630;216;169820;65242;2.0;0.8
FR;39;2021-03-08;4648;1049;174468;66291;2.1;0.8
FR;39;2021-03-09;6810;1416;181278;67707;2.2;0.8
FR;39;2021-03-10;6016;1435;187294;69142;2.3;0.8
FR;39;2021-03-11;8593;2263;195887;71405;2.4;0.9
FR;39;2021-03-12;11355;1963;207242;73368;2.5;0.9
FR;39;2021-03-13;5198;377;212440;73745;2.6;0.9
FR;39;2021-03-14;1741;138;214181;73883;2.6;0.9
FR;39;2021-03-15;4740;995;218921;74878;2.6;0.9
FR;39;2021-03-16;3345;1371;222266;76249;2.7;0.9
FR;39;2021-03-17;3428;1463;225694;77712;2.7;0.9
FR;39;2021-03-18;4629;1939;230323;79651;2.8;1.0
FR;39;2021-03-19;6228;1586;236551;81237;2.9;1.0
FR;39;2021-03-20;3163;344;239714;81581;2.9;1.0
FR;39;2021-03-21;2068;156;241782;81737;2.9;1.0
FR;39;2021-03-22;4430;1049;246212;82786;3.0;1.0
FR;39;2021-03-23;6142;1605;252354;84391;3.0;1.0
FR;39;2021-03-24;6288;1310;258642;85701;3.1;1.0
FR;39;2021-03-25;9021;1668;267663;87369;3.2;1.1
FR;39;2021-03-26;10591;1612;278254;88981;3.4;1.1
FR;39;2021-03-27;5977;573;284231;89554;3.4;1.1
FR;39;2021-03-28;2730;171;286961;89725;3.5;1.1
FR;39;2021-03-29;7105;1235;294066;90960;3.5;1.1
FR;39;2021-03-30;10429;1801;304495;92761;3.7;1.1
FR;39;2021-03-31;11012;1765;315507;94526;3.8;1.1
FR;39;2021-04-01;14868;2505;330375;97031;4.0;1.2
FR;39;2021-04-02;13180;2352;343555;99383;4.1;1.2
FR;39;2021-04-03;5577;992;349132;100375;4.2;1.2
FR;39;2021-04-04;2516;334;351648;100709;4.2;1.2
FR;39;2021-04-05;2527;315;354175;101024;4.3;1.2
FR;39;2021-04-06;9195;2216;363370;103240;4.4;1.2
FR;39;2021-04-07;12086;2666;375456;105906;4.5;1.3
FR;39;2021-04-08;16684;3564;392140;109470;4.7;1.3
FR;39;2021-04-09;16713;3495;408853;112965;4.9;1.4
FR;39;2021-04-10;7388;1910;416241;114875;5.0;1.4
FR;39;2021-04-11;2972;974;419213;115849;5.1;1.4
FR;39;2021-04-12;9520;2706;428733;118555;5.2;1.4
FR;39;2021-04-13;12733;3909;441466;122464;5.3;1.5
FR;39;2021-04-14;12627;3772;454093;126236;5.5;1.5
FR;39;2021-04-15;14452;4710;468545;130946;5.6;1.6
FR;39;2021-04-16;12538;5197;481083;136143;5.8;1.6
FR;39;2021-04-17;6039;2689;487122;138832;5.9;1.7
FR;39;2021-04-18;2229;1554;489351;140386;5.9;1.7
FR;39;2021-04-19;7772;4639;497123;145025;6.0;1.7
FR;39;2021-04-20;9262;6665;506385;151690;6.1;1.8
FR;39;2021-04-21;10016;7113;516401;158803;6.2;1.9
FR;39;2021-04-22;11690;10230;528091;169033;6.4;2.0
FR;39;2021-04-23;12007;10408;540098;179441;6.5;2.2
FR;39;2021-04-24;7735;5048;547833;184489;6.6;2.2
FR;39;2021-04-25;3411;2142;551244;186631;6.6;2.2
FR;39;2021-04-26;8366;6919;559610;193550;6.7;2.3
FR;39;2021-04-27;11698;9507;571308;203057;6.9;2.4
FR;39;2021-04-28;12844;9986;584152;213043;7.0;2.6
FR;39;2021-04-29;16478;12860;600630;225903;7.2;2.7
FR;39;2021-04-30;19015;13158;619645;239061;7.5;2.9
FR;39;2021-05-01;12738;3503;632383;242564;7.6;2.9
FR;39;2021-05-02;9191;2480;641574;245044;7.7;3.0
FR;39;2021-05-03;21731;11259;663305;256303;8.0;3.1
FR;39;2021-05-04;26229;13868;689534;270171;8.3;3.3
FR;39;2021-05-05;29982;14156;719516;284327;8.7;3.4
FR;39;2021-05-06;36154;17537;755670;301864;9.1;3.6
FR;39;2021-05-07;37530;18381;793200;320245;9.6;3.9
FR;39;2021-05-08;25096;5349;818296;325594;9.9;3.9
FR;39;2021-05-09;18713;4255;837009;329849;10.1;4.0
FR;39;2021-05-10;32405;14310;869414;344159;10.5;4.1
FR;49;2020-12-27;2;0;2;0;0.0;0.0
FR;49;2020-12-28;1;0;3;0;0.0;0.0
FR;49;2020-12-29;1;0;4;0;0.0;0.0
FR;49;2020-12-30;6;0;10;0;0.0;0.0
FR;49;2020-12-31;1;0;11;0;0.0;0.0
FR;49;2021-01-01;3;0;14;0;0.0;0.0
FR;49;2021-01-02;9;0;23;0;0.0;0.0
FR;49;2021-01-03;4;0;27;0;0.0;0.0
FR;49;2021-01-04;85;0;112;0;0.0;0.0
FR;49;2021-01-05;333;1;445;1;0.0;0.0
FR;49;2021-01-06;853;1;1298;2;0.0;0.0
FR;49;2021-01-07;2154;4;3452;6;0.0;0.0
FR;49;2021-01-08;3342;5;6794;11;0.1;0.0
FR;49;2021-01-09;999;0;7793;11;0.1;0.0
FR;49;2021-01-10;473;1;8266;12;0.1;0.0
FR;49;2021-01-11;4150;7;12416;19;0.1;0.0
FR;49;2021-01-12;5833;7;18249;26;0.2;0.0
FR;49;2021-01-13;6128;10;24377;36;0.3;0.0
FR;49;2021-01-14;8309;62;32686;98;0.4;0.0
FR;49;2021-01-15;7569;16;40255;114;0.5;0.0
FR;49;2021-01-16;1415;8;41670;122;0.5;0.0
FR;49;2021-01-17;619;4;42289;126;0.5;0.0
FR;49;2021-01-18;5049;14;47338;140;0.6;0.0
FR;49;2021-01-19;6780;8;54118;148;0.6;0.0
FR;49;2021-01-20;6589;13;60707;161;0.7;0.0
FR;49;2021-01-21;8334;15;69041;176;0.8;0.0
FR;49;2021-01-22;6221;24;75262;200;0.9;0.0
FR;49;2021-01-23;1010;6;76272;206;0.9;0.0
FR;49;2021-01-24;282;2;76554;208;0.9;0.0
FR;49;2021-01-25;2591;91;79145;299;0.9;0.0
FR;49;2021-01-26;3693;211;82838;510;1.0;0.0
FR;49;2021-01-27;3966;384;86804;894;1.0;0.0
FR;49;2021-01-28;5515;960;92319;1854;1.1;0.0
FR;49;2021-01-29;4384;1546;96703;3400;1.1;0.0
FR;49;2021-01-30;689;377;97392;3777;1.1;0.0
FR;49;2021-01-31;137;125;97529;3902;1.1;0.0
FR;49;2021-02-01;1361;2086;98890;5988;1.2;0.1
FR;49;2021-02-02;2259;3192;101149;9180;1.2;0.1
FR;49;2021-02-03;2285;3369;103434;12549;1.2;0.1
FR;49;2021-02-04;3329;4762;106763;17311;1.2;0.2
FR;49;2021-02-05;2766;4881;109529;22192;1.3;0.3
FR;49;2021-02-06;564;884;110093;23076;1.3;0.3
FR;49;2021-02-07;520;290;110613;23366;1.3;0.3
FR;49;2021-02-08;1932;4039;112545;27405;1.3;0.3
FR;49;2021-02-09;4320;5700;116865;33105;1.4;0.4
FR;49;2021-02-10;5473;6007;122338;39112;1.4;0.5
FR;49;2021-02-11;7948;7894;130286;47006;1.5;0.5
FR;49;2021-02-12;7268;6385;137554;53391;1.6;0.6
FR;49;2021-02-13;1690;1004;139244;54395;1.6;0.6
FR;49;2021-02-14;404;404;139648;54799;1.6;0.6
FR;49;2021-02-15;4088;3838;143736;58637;1.7;0.7
FR;49;2021-02-16;5353;5280;149089;63917;1.7;0.7
FR;49;2021-02-17;5111;4600;154200;68517;1.8;0.8
FR;49;2021-02-18;7401;6112;161601;74629;1.9;0.9
FR;49;2021-02-19;6997;4799;168598;79428;2.0;0.9
FR;49;2021-02-20;1472;781;170070;80209;2.0;0.9
FR;49;2021-02-21;275;220;170345;80429;2.0;0.9
FR;49;2021-02-22;3497;2610;173842;83039;2.0;1.0
FR;49;2021-02-23;4797;3070;178639;86109;2.1;1.0
FR;49;2021-02-24;4859;2780;183498;88889;2.1;1.0
FR;49;2021-02-25;7486;4065;190984;92954;2.2;1.1
FR;49;2021-02-26;8199;3071;199183;96025;2.3;1.1
FR;49;2021-02-27;2659;543;201842;96568;2.3;1.1
FR;49;2021-02-28;328;132;202170;96700;2.4;1.1
FR;49;2021-03-01;3751;1591;205921;98291;2.4;1.1
FR;49;2021-03-02;5708;2387;211629;100678;2.5;1.2
FR;49;2021-03-03;5943;2411;217572;103089;2.5;1.2
FR;49;2021-03-04;8798;3341;226370;106430;2.6;1.2
FR;49;2021-03-05;12425;3052;238795;109482;2.8;1.3
FR;49;2021-03-06;8511;543;247306;110025;2.9;1.3
FR;49;2021-03-07;4663;356;251969;110381;2.9;1.3
FR;49;2021-03-08;6334;1575;258303;111956;3.0;1.3
FR;49;2021-03-09;9418;2161;267721;114117;3.1;1.3
FR;49;2021-03-10;8841;2201;276562;116318;3.2;1.4
FR;49;2021-03-11;12645;3230;289207;119548;3.4;1.4
FR;49;2021-03-12;16316;2690;305523;122238;3.6;1.4
FR;49;2021-03-13;9477;542;315000;122780;3.7;1.4
FR;49;2021-03-14;3123;211;318123;122991;3.7;1.4
FR;49;2021-03-15;6821;1397;324944;124388;3.8;1.4
FR;49;2021-03-16;4599;2083;329543;126471;3.8;1.5
FR;49;2021-03-17;5144;1947;334687;128418;3.9;1.5
FR;49;2021-03-18;6511;2705;341198;131123;4.0;1.5
FR;49;2021-03-19;9434;2206;350632;133329;4.1;1.6
FR;49;2021-03-20;5854;537;356486;133866;4.1;1.6
FR;49;2021-03-21;3139;191;359625;134057;4.2;1.6
FR;49;2021-03-22;6261;1421;365886;135478;4.3;1.6
FR;49;2021-03-23;8552;2096;374438;137574;4.4;1.6
FR;49;2021-03-24;9464;1885;383902;139459;4.5;1.6
FR;49;2021-03-25;12286;2248;396188;141707;4.6;1.6
FR;49;2021-03-26;14640;2186;410828;143893;4.8;1.7
FR;49;2021-03-27;9329;768;420157;144661;4.9;1.7
FR;49;2021-03-28;3847;284;424004;144945;4.9;1.7
FR;49;2021-03-29;9785;1766;433789;146711;5.0;1.7
FR;49;2021-03-30;14184;2571;447973;149282;5.2;1.7
FR;49;2021-03-31;15391;2631;463364;151913;5.4;1.8
FR;49;2021-04-01;19616;3497;482980;155410;5.6;1.8
FR;49;2021-04-02;17354;3276;500334;158686;5.8;1.8
FR;49;2021-04-03;9294;1785;509628;160471;5.9;1.9
FR;49;2021-04-04;4105;608;513733;161079;6.0;1.9
FR;49;2021-04-05;4190;509;517923;161588;6.0;1.9
FR;49;2021-04-06;13103;3276;531026;164864;6.2;1.9
FR;49;2021-04-07;17519;4115;548545;168979;6.4;2.0
FR;49;2021-04-08;22187;4965;570732;173944;6.6;2.0
FR;49;2021-04-09;23256;5171;593988;179115;6.9;2.1
FR;49;2021-04-10;12382;3329;606370;182444;7.1;2.1
FR;49;2021-04-11;4446;1662;610816;184106;7.1;2.1
FR;49;2021-04-12;14022;3698;624838;187804;7.3;2.2
FR;49;2021-04-13;18432;5630;643270;193434;7.5;2.3
FR;49;2021-04-14;19103;5827;662373;199261;7.7;2.3
FR;49;2021-04-15;19937;6849;682310;206110;7.9;2.4
FR;49;2021-04-16;17140;7195;699450;213305;8.1;2.5
FR;49;2021-04-17;9754;4596;709204;217901;8.3;2.5
FR;49;2021-04-18;3321;2268;712525;220169;8.3;2.6
FR;49;2021-04-19;11782;6298;724307;226467;8.4;2.6
FR;49;2021-04-20;13891;8907;738198;235374;8.6;2.7
FR;49;2021-04-21;15504;10030;753702;245404;8.8;2.9
FR;49;2021-04-22;17236;12998;770938;258402;9.0;3.0
FR;49;2021-04-23;17702;13929;788640;272331;9.2;3.2
FR;49;2021-04-24;12461;7749;801101;280080;9.3;3.3
FR;49;2021-04-25;5265;3095;806366;283175;9.4;3.3
FR;49;2021-04-26;13189;9863;819555;293038;9.5;3.4
FR;49;2021-04-27;18334;12996;837889;306034;9.8;3.6
FR;49;2021-04-28;21943;14422;859832;320456;10.0;3.7
FR;49;2021-04-29;26274;17092;886106;337548;10.3;3.9
FR;49;2021-04-30;30519;17895;916625;355443;10.7;4.1
FR;49;2021-05-01;23013;5648;939638;361091;10.9;4.2
FR;49;2021-05-02;16325;3827;955963;364918;11.1;4.2
FR;49;2021-05-03;38294;15421;994257;380339;11.6;4.4
FR;49;2021-05-04;45333;20147;1039590;400486;12.1;4.7
FR;49;2021-05-05;54389;21460;1093979;421946;12.7;4.9
FR;49;2021-05-06;60866;24363;1154845;446309;13.4;5.2
FR;49;2021-05-07;64034;25764;1218879;472073;14.2;5.5
FR;49;2021-05-08;44908;8703;1263787;480776;14.7;5.6
FR;49;2021-05-09;32073;6199;1295860;486975;15.1;5.7
FR;49;2021-05-10;55036;20388;1350896;507363;15.7;5.9
FR;59;2020-12-27;2;0;2;0;0.0;0.0
FR;59;2020-12-28;5;0;7;0;0.0;0.0
FR;59;2020-12-29;2;0;9;0;0.0;0.0
FR;59;2020-12-30;5;0;14;0;0.0;0.0
FR;59;2020-12-31;9;0;23;0;0.0;0.0
FR;59;2021-01-01;24;0;47;0;0.0;0.0
FR;59;2021-01-02;25;0;72;0;0.0;0.0
FR;59;2021-01-03;36;0;108;0;0.0;0.0
FR;59;2021-01-04;592;1;700;1;0.0;0.0
FR;59;2021-01-05;2159;1;2859;2;0.0;0.0
FR;59;2021-01-06;4795;6;7654;8;0.1;0.0
FR;59;2021-01-07;10495;19;18149;27;0.2;0.0
FR;59;2021-01-08;14260;12;32409;39;0.4;0.0
FR;59;2021-01-09;4049;4;36458;43;0.4;0.0
FR;59;2021-01-10;1984;1;38442;44;0.4;0.0
FR;59;2021-01-11;15886;17;54328;61;0.6;0.0
FR;59;2021-01-12;21055;22;75383;83;0.9;0.0
FR;59;2021-01-13;22650;28;98033;111;1.1;0.0
FR;59;2021-01-14;24697;199;122730;310;1.4;0.0
FR;59;2021-01-15;21513;75;144243;385;1.6;0.0
FR;59;2021-01-16;5368;15;149611;400;1.7;0.0
FR;59;2021-01-17;1800;7;151411;407;1.7;0.0
FR;59;2021-01-18;13551;46;164962;453;1.9;0.0
FR;59;2021-01-19;17854;42;182816;495;2.1;0.0
FR;59;2021-01-20;16976;50;199792;545;2.3;0.0
FR;59;2021-01-21;18596;29;218388;574;2.5;0.0
FR;59;2021-01-22;13798;63;232186;637;2.6;0.0
FR;59;2021-01-23;2946;18;235132;655;2.7;0.0
FR;59;2021-01-24;824;12;235956;667;2.7;0.0
FR;59;2021-01-25;6675;601;242631;1268;2.8;0.0
FR;59;2021-01-26;8375;1360;251006;2628;2.9;0.0
FR;59;2021-01-27;8781;2377;259787;5005;3.0;0.1
FR;59;2021-01-28;10406;5003;270193;10008;3.1;0.1
FR;59;2021-01-29;7805;6626;277998;16634;3.2;0.2
FR;59;2021-01-30;1755;1506;279753;18140;3.2;0.2
FR;59;2021-01-31;370;546;280123;18686;3.2;0.2
FR;59;2021-02-01;3142;8735;283265;27421;3.2;0.3
FR;59;2021-02-02;4650;12469;287915;39890;3.3;0.5
FR;59;2021-02-03;4795;13527;292710;53417;3.3;0.6
FR;59;2021-02-04;5848;15869;298558;69286;3.4;0.8
FR;59;2021-02-05;4742;14901;303300;84187;3.4;1.0
FR;59;2021-02-06;1143;2994;304443;87181;3.5;1.0
FR;59;2021-02-07;388;980;304831;88161;3.5;1.0
FR;59;2021-02-08;2749;12447;307580;100608;3.5;1.1
FR;59;2021-02-09;4887;16121;312467;116729;3.6;1.3
FR;59;2021-02-10;5670;16005;318137;132734;3.6;1.5
FR;59;2021-02-11;7612;19634;325749;152368;3.7;1.7
FR;59;2021-02-12;6712;15946;332461;168314;3.8;1.9
FR;59;2021-02-13;1678;3435;334139;171749;3.8;2.0
FR;59;2021-02-14;360;981;334499;172730;3.8;2.0
FR;59;2021-02-15;3252;10491;337751;183221;3.8;2.1
FR;59;2021-02-16;4711;13488;342462;196709;3.9;2.2
FR;59;2021-02-17;4934;12239;347396;208948;4.0;2.4
FR;59;2021-02-18;6976;13753;354372;222701;4.0;2.5
FR;59;2021-02-19;6415;10598;360787;233299;4.1;2.7
FR;59;2021-02-20;1400;2468;362187;235767;4.1;2.7
FR;59;2021-02-21;280;566;362467;236333;4.1;2.7
FR;59;2021-02-22;3229;6320;365696;242653;4.2;2.8
FR;59;2021-02-23;4771;7047;370467;249700;4.2;2.8
FR;59;2021-02-24;6794;6323;377261;256023;4.3;2.9
FR;59;2021-02-25;21007;8305;398268;264328;4.5;3.0
FR;59;2021-02-26;28064;6054;426332;270382;4.8;3.1
FR;59;2021-02-27;16959;1410;443291;271792;5.0;3.1
FR;59;2021-02-28;1099;368;444390;272160;5.1;3.1
FR;59;2021-03-01;8692;3431;453082;275591;5.2;3.1
FR;59;2021-03-02;16974;4733;470056;280324;5.3;3.2
FR;59;2021-03-03;20393;4795;490449;285119;5.6;3.2
FR;59;2021-03-04;31841;5588;522290;290707;5.9;3.3
FR;59;2021-03-05;40433;5065;562723;295772;6.4;3.4
FR;59;2021-03-06;35427;1226;598150;296998;6.8;3.4
FR;59;2021-03-07;13901;892;612051;297890;7.0;3.4
FR;59;2021-03-08;12134;3014;624185;300904;7.1;3.4
FR;59;2021-03-09;22587;3948;646772;304852;7.4;3.5
FR;59;2021-03-10;22890;3990;669662;308842;7.6;3.5
FR;59;2021-03-11;33918;5108;703580;313950;8.0;3.6
FR;59;2021-03-12;44992;4170;748572;318120;8.5;3.6
FR;59;2021-03-13;35796;1068;784368;319188;8.9;3.6
FR;59;2021-03-14;7142;345;791510;319533;9.0;3.6
FR;59;2021-03-15;14330;2400;805840;321933;9.2;3.7
FR;59;2021-03-16;7844;2874;813684;324807;9.3;3.7
FR;59;2021-03-17;8684;3019;822368;327826;9.4;3.7
FR;59;2021-03-18;10352;3891;832720;331717;9.5;3.8
FR;59;2021-03-19;23280;3336;856000;335053;9.7;3.8
FR;59;2021-03-20;20961;958;876961;336011;10.0;3.8
FR;59;2021-03-21;6257;345;883218;336356;10.0;3.8
FR;59;2021-03-22;15350;2550;898568;338906;10.2;3.9
FR;59;2021-03-23;25214;3305;923782;342211;10.5;3.9
FR;59;2021-03-24;27811;3310;951593;345521;10.8;3.9
FR;59;2021-03-25;37634;3569;989227;349090;11.3;4.0
FR;59;2021-03-26;42523;3752;1031750;352842;11.7;4.0
FR;59;2021-03-27;26701;1560;1058451;354402;12.0;4.0
FR;59;2021-03-28;7507;415;1065958;354817;12.1;4.0
FR;59;2021-03-29;21543;3208;1087501;358025;12.4;4.1
FR;59;2021-03-30;31938;4098;1119439;362123;12.7;4.1
FR;59;2021-03-31;31146;4421;1150585;366544;13.1;4.2
FR;59;2021-04-01;37990;5494;1188575;372038;13.5;4.2
FR;59;2021-04-02;36632;5473;1225207;377511;13.9;4.3
FR;59;2021-04-03;21217;3336;1246424;380847;14.2;4.3
FR;59;2021-04-04;7319;1179;1253743;382026;14.3;4.3
FR;59;2021-04-05;8240;1047;1261983;383073;14.4;4.4
FR;59;2021-04-06;25507;5705;1287490;388778;14.6;4.4
FR;59;2021-04-07;33623;6909;1321113;395687;15.0;4.5
FR;59;2021-04-08;44609;8112;1365722;403799;15.5;4.6
FR;59;2021-04-09;60261;8583;1425983;412382;16.2;4.7
FR;59;2021-04-10;36272;6907;1462255;419289;16.6;4.8
FR;59;2021-04-11;9712;3476;1471967;422765;16.7;4.8
FR;59;2021-04-12;35028;7222;1506995;429987;17.1;4.9
FR;59;2021-04-13;49369;9819;1556364;439806;17.7;5.0
FR;59;2021-04-14;49692;9841;1606056;449647;18.3;5.1
FR;59;2021-04-15;58822;11305;1664878;460952;18.9;5.2
FR;59;2021-04-16;62635;11999;1727513;472951;19.6;5.4
FR;59;2021-04-17;41163;9463;1768676;482414;20.1;5.5
FR;59;2021-04-18;12222;4597;1780898;487011;20.3;5.5
FR;59;2021-04-19;32857;10973;1813755;497984;20.6;5.7
FR;59;2021-04-20;44108;14451;1857863;512435;21.1;5.8
FR;59;2021-04-21;46236;16181;1904099;528616;21.7;6.0
FR;59;2021-04-22;55115;19169;1959214;547785;22.3;6.2
FR;59;2021-04-23;64377;20323;2023591;568108;23.0;6.5
FR;59;2021-04-24;47200;15332;2070791;583440;23.6;6.6
FR;59;2021-04-25;16387;5384;2087178;588824;23.7;6.7
FR;59;2021-04-26;40552;17263;2127730;606087;24.2;6.9
FR;59;2021-04-27;56036;23008;2183766;629095;24.8;7.2
FR;59;2021-04-28;63393;25622;2247159;654717;25.6;7.4
FR;59;2021-04-29;76529;31203;2323688;685920;26.4;7.8
FR;59;2021-04-30;91050;36055;2414738;721975;27.5;8.2
FR;59;2021-05-01;42144;10806;2456882;732781;27.9;8.3
FR;59;2021-05-02;23255;7172;2480137;739953;28.2;8.4
FR;59;2021-05-03;61437;26043;2541574;765996;28.9;8.7
FR;59;2021-05-04;69741;34056;2611315;800052;29.7;9.1
FR;59;2021-05-05;76186;37017;2687501;837069;30.6;9.5
FR;59;2021-05-06;87874;43204;2775375;880273;31.6;10.0
FR;59;2021-05-07;96246;53431;2871621;933704;32.7;10.6
FR;59;2021-05-08;52099;15948;2923720;949652;33.3;10.8
FR;59;2021-05-09;39066;10225;2962786;959877;33.7;10.9
FR;59;2021-05-10;92370;39536;3055156;999413;34.7;11.4
FR;64;2020-12-27;1;0;1;0;0.0;0.0
FR;64;2020-12-28;0;0;1;0;0.0;0.0
FR;64;2020-12-29;2;0;3;0;0.0;0.0
FR;64;2020-12-30;5;0;8;0;0.0;0.0
FR;64;2020-12-31;5;0;13;0;0.0;0.0
FR;64;2021-01-01;8;0;21;0;0.0;0.0
FR;64;2021-01-02;11;0;32;0;0.0;0.0
FR;64;2021-01-03;17;0;49;0;0.0;0.0
FR;64;2021-01-04;209;1;258;1;0.0;0.0
FR;64;2021-01-05;892;3;1150;4;0.0;0.0
FR;64;2021-01-06;1685;1;2835;5;0.1;0.0
FR;64;2021-01-07;3647;3;6482;8;0.2;0.0
FR;64;2021-01-08;4843;5;11325;13;0.3;0.0
FR;64;2021-01-09;1946;0;13271;13;0.3;0.0
FR;64;2021-01-10;1022;0;14293;13;0.3;0.0
FR;64;2021-01-11;5252;1;19545;14;0.5;0.0
FR;64;2021-01-12;7104;5;26649;19;0.6;0.0
FR;64;2021-01-13;7422;13;34071;32;0.8;0.0
FR;64;2021-01-14;8538;75;42609;107;1.0;0.0
FR;64;2021-01-15;7070;26;49679;133;1.2;0.0
FR;64;2021-01-16;2198;13;51877;146;1.3;0.0
FR;64;2021-01-17;842;5;52719;151;1.3;0.0
FR;64;2021-01-18;4674;10;57393;161;1.4;0.0
FR;64;2021-01-19;6381;9;63774;170;1.6;0.0
FR;64;2021-01-20;6198;21;69972;191;1.7;0.0
FR;64;2021-01-21;6862;15;76834;206;1.9;0.0
FR;64;2021-01-22;5384;19;82218;225;2.0;0.0
FR;64;2021-01-23;1412;8;83630;233;2.0;0.0
FR;64;2021-01-24;430;7;84060;240;2.0;0.0
FR;64;2021-01-25;2764;195;86824;435;2.1;0.0
FR;64;2021-01-26;3506;482;90330;917;2.2;0.0
FR;64;2021-01-27;3752;875;94082;1792;2.3;0.0
FR;64;2021-01-28;4552;1738;98634;3530;2.4;0.1
FR;64;2021-01-29;3513;2316;102147;5846;2.5;0.1
FR;64;2021-01-30;837;706;102984;6552;2.5;0.2
FR;64;2021-01-31;172;279;103156;6831;2.5;0.2
FR;64;2021-02-01;1510;2860;104666;9691;2.6;0.2
FR;64;2021-02-02;2136;4135;106802;13826;2.6;0.3
FR;64;2021-02-03;2299;4354;109101;18180;2.7;0.4
FR;64;2021-02-04;2782;5499;111883;23679;2.7;0.6
FR;64;2021-02-05;2170;4961;114053;28640;2.8;0.7
FR;64;2021-02-06;654;1303;114707;29943;2.8;0.7
FR;64;2021-02-07;164;493;114871;30436;2.8;0.7
FR;64;2021-02-08;1482;4193;116353;34629;2.8;0.8
FR;64;2021-02-09;2337;5652;118690;40281;2.9;1.0
FR;64;2021-02-10;2563;5657;121253;45938;3.0;1.1
FR;64;2021-02-11;3445;7202;124698;53140;3.0;1.3
FR;64;2021-02-12;3098;5424;127796;58564;3.1;1.4
FR;64;2021-02-13;830;1441;128626;60005;3.1;1.5
FR;64;2021-02-14;193;433;128819;60438;3.1;1.5
FR;64;2021-02-15;1584;3866;130403;64304;3.2;1.6
FR;64;2021-02-16;2078;5113;132481;69417;3.2;1.7
FR;64;2021-02-17;2203;4617;134684;74034;3.3;1.8
FR;64;2021-02-18;3200;5415;137884;79449;3.4;1.9
FR;64;2021-02-19;2971;4186;140855;83635;3.4;2.0
FR;64;2021-02-20;799;1192;141654;84827;3.5;2.1
FR;64;2021-02-21;133;252;141787;85079;3.5;2.1
FR;64;2021-02-22;1478;2654;143265;87733;3.5;2.1
FR;64;2021-02-23;2381;2898;145646;90631;3.6;2.2
FR;64;2021-02-24;3847;2825;149493;93456;3.6;2.3
FR;64;2021-02-25;15907;3784;165400;97240;4.0;2.4
FR;64;2021-02-26;21667;2698;187067;99938;4.6;2.4
FR;64;2021-02-27;12963;716;200030;100654;4.9;2.5
FR;64;2021-02-28;789;175;200819;100829;4.9;2.5
FR;64;2021-03-01;6479;1719;207298;102548;5.1;2.5
FR;64;2021-03-02;13049;2269;220347;104817;5.4;2.6
FR;64;2021-03-03;15779;2296;236126;107113;5.8;2.6
FR;64;2021-03-04;24901;2747;261027;109860;6.4;2.7
FR;64;2021-03-05;30231;2502;291258;112362;7.1;2.7
FR;64;2021-03-06;26430;654;317688;113016;7.7;2.8
FR;64;2021-03-07;9773;463;327461;113479;8.0;2.8
FR;64;2021-03-08;8702;1742;336163;115221;8.2;2.8
FR;64;2021-03-09;16679;1930;352842;117151;8.6;2.9
FR;64;2021-03-10;16903;2062;369745;119213;9.0;2.9
FR;64;2021-03-11;25714;2687;395459;121900;9.6;3.0
FR;64;2021-03-12;33228;2214;428687;124114;10.5;3.0
FR;64;2021-03-13;27083;621;455770;124735;11.1;3.0
FR;64;2021-03-14;5407;167;461177;124902;11.2;3.0
FR;64;2021-03-15;10921;1374;472098;126276;11.5;3.1
FR;64;2021-03-16;5967;1734;478065;128010;11.7;3.1
FR;64;2021-03-17;6079;1643;484144;129653;11.8;3.2
FR;64;2021-03-18;7619;2016;491763;131669;12.0;3.2
FR;64;2021-03-19;18794;1832;510557;133501;12.4;3.3
FR;64;2021-03-20;18447;656;529004;134157;12.9;3.3
FR;64;2021-03-21;4715;203;533719;134360;13.0;3.3
FR;64;2021-03-22;13441;1504;547160;135864;13.3;3.3
FR;64;2021-03-23;23377;1920;570537;137784;13.9;3.4
FR;64;2021-03-24;24977;1993;595514;139777;14.5;3.4
FR;64;2021-03-25;36391;2222;631905;141999;15.4;3.5
FR;64;2021-03-26;39942;2172;671847;144171;16.4;3.5
FR;64;2021-03-27;21161;928;693008;145099;16.9;3.5
FR;64;2021-03-28;5062;233;698070;145332;17.0;3.5
FR;64;2021-03-29;17467;2071;715537;147403;17.4;3.6
FR;64;2021-03-30;27203;2700;742740;150103;18.1;3.7
FR;64;2021-03-31;23980;2791;766720;152894;18.7;3.7
FR;64;2021-04-01;30309;3647;797029;156541;19.4;3.8
FR;64;2021-04-02;29055;3484;826084;160025;20.1;3.9
FR;64;2021-04-03;15932;2312;842016;162337;20.5;4.0
FR;64;2021-04-04;4024;780;846040;163117;20.6;4.0
FR;64;2021-04-05;5098;777;851138;163894;20.7;4.0
FR;64;2021-04-06;19046;4187;870184;168081;21.2;4.1
FR;64;2021-04-07;23418;4708;893602;172789;21.8;4.2
FR;64;2021-04-08;34366;5463;927968;178252;22.6;4.3
FR;64;2021-04-09;53156;5838;981124;184090;23.9;4.5
FR;64;2021-04-10;29716;4893;1010840;188983;24.6;4.6
FR;64;2021-04-11;6253;2590;1017093;191573;24.8;4.7
FR;64;2021-04-12;27858;5067;1044951;196640;25.5;4.8
FR;64;2021-04-13;42235;7228;1087186;203868;26.5;5.0
FR;64;2021-04-14;40470;6979;1127656;210847;27.5;5.1
FR;64;2021-04-15;51497;8180;1179153;219027;28.7;5.3
FR;64;2021-04-16;63809;8666;1242962;227693;30.3;5.6
FR;64;2021-04-17;38244;6977;1281206;234670;31.2;5.7
FR;64;2021-04-18;10864;3302;1292070;237972;31.5;5.8
FR;64;2021-04-19;41632;8449;1333702;246421;32.5;6.0
FR;64;2021-04-20;52230;10229;1385932;256650;33.8;6.3
FR;64;2021-04-21;51958;10689;1437890;267339;35.1;6.5
FR;64;2021-04-22;56915;12549;1494805;279888;36.4;6.8
FR;64;2021-04-23;60346;12449;1555151;292337;37.9;7.1
FR;64;2021-04-24;43142;8959;1598293;301296;39.0;7.3
FR;64;2021-04-25;16075;3296;1614368;304592;39.4;7.4
FR;64;2021-04-26;49114;11342;1663482;315934;40.6;7.7
FR;64;2021-04-27;62580;15311;1726062;331245;42.1;8.1
FR;64;2021-04-28;63455;15801;1789517;347046;43.6;8.5
FR;64;2021-04-29;72876;20166;1862393;367212;45.4;9.0
FR;64;2021-04-30;74563;21723;1936956;388935;47.2;9.5
FR;64;2021-05-01;28971;6575;1965927;395510;47.9;9.6
FR;64;2021-05-02;14359;3933;1980286;399443;48.3;9.7
FR;64;2021-05-03;51701;15700;2031987;415143;49.5;10.1
FR;64;2021-05-04;52551;21491;2084538;436634;50.8;10.6
FR;64;2021-05-05;48810;22529;2133348;459163;52.0;11.2
FR;64;2021-05-06;56164;28621;2189512;487784;53.4;11.9
FR;64;2021-05-07;50284;33811;2239796;521595;54.6;12.7
FR;64;2021-05-08;18264;9151;2258060;530746;55.0;12.9
FR;64;2021-05-09;9949;5455;2268009;536201;55.3;13.1
FR;64;2021-05-10;33267;26591;2301276;562792;56.1;13.7
FR;69;2020-12-27;2;0;2;0;0.0;0.0
FR;69;2020-12-28;1;0;3;0;0.0;0.0
FR;69;2020-12-29;3;0;6;0;0.0;0.0
FR;69;2020-12-30;7;0;13;0;0.0;0.0
FR;69;2020-12-31;5;0;18;0;0.0;0.0
FR;69;2021-01-01;6;0;24;0;0.0;0.0
FR;69;2021-01-02;10;0;34;0;0.0;0.0
FR;69;2021-01-03;8;0;42;0;0.0;0.0
FR;69;2021-01-04;114;0;156;0;0.0;0.0
FR;69;2021-01-05;410;1;566;1;0.0;0.0
FR;69;2021-01-06;806;1;1372;2;0.0;0.0
FR;69;2021-01-07;1885;3;3257;5;0.1;0.0
FR;69;2021-01-08;2445;0;5702;5;0.1;0.0
FR;69;2021-01-09;1118;1;6820;6;0.2;0.0
FR;69;2021-01-10;655;0;7475;6;0.2;0.0
FR;69;2021-01-11;2722;2;10197;8;0.3;0.0
FR;69;2021-01-12;3855;1;14052;9;0.4;0.0
FR;69;2021-01-13;3776;6;17828;15;0.5;0.0
FR;69;2021-01-14;4557;43;22385;58;0.6;0.0
FR;69;2021-01-15;3828;13;26213;71;0.7;0.0
FR;69;2021-01-16;1341;8;27554;79;0.7;0.0
FR;69;2021-01-17;633;3;28187;82;0.7;0.0
FR;69;2021-01-18;3249;14;31436;96;0.8;0.0
FR;69;2021-01-19;4776;13;36212;109;0.9;0.0
FR;69;2021-01-20;4750;10;40962;119;1.0;0.0
FR;69;2021-01-21;5503;11;46465;130;1.2;0.0
FR;69;2021-01-22;4365;9;50830;139;1.3;0.0
FR;69;2021-01-23;1358;4;52188;143;1.3;0.0
FR;69;2021-01-24;445;5;52633;148;1.3;0.0
FR;69;2021-01-25;2715;81;55348;229;1.4;0.0
FR;69;2021-01-26;3333;180;58681;409;1.5;0.0
FR;69;2021-01-27;3660;403;62341;812;1.6;0.0
FR;69;2021-01-28;4307;883;66648;1695;1.7;0.0
FR;69;2021-01-29;3469;1230;70117;2925;1.8;0.1
FR;69;2021-01-30;937;402;71054;3327;1.8;0.1
FR;69;2021-01-31;180;159;71234;3486;1.8;0.1
FR;69;2021-02-01;1803;1521;73037;5007;1.9;0.1
FR;69;2021-02-02;2400;2198;75437;7205;1.9;0.2
FR;69;2021-02-03;2414;2269;77851;9474;2.0;0.2
FR;69;2021-02-04;2942;2919;80793;12393;2.1;0.3
FR;69;2021-02-05;2488;2534;83281;14927;2.1;0.4
FR;69;2021-02-06;719;808;84000;15735;2.2;0.4
FR;69;2021-02-07;162;391;84162;16126;2.2;0.4
FR;69;2021-02-08;1605;2408;85767;18534;2.2;0.5
FR;69;2021-02-09;2397;3410;88164;21944;2.3;0.6
FR;69;2021-02-10;2559;3399;90723;25343;2.3;0.6
FR;69;2021-02-11;3496;4856;94219;30199;2.4;0.8
FR;69;2021-02-12;3135;3413;97354;33612;2.5;0.9
FR;69;2021-02-13;859;1031;98213;34643;2.5;0.9
FR;69;2021-02-14;212;412;98425;35055;2.5;0.9
FR;69;2021-02-15;1325;2774;99750;37829;2.6;1.0
FR;69;2021-02-16;1853;3980;101603;41809;2.6;1.1
FR;69;2021-02-17;2008;3659;103611;45468;2.7;1.2
FR;69;2021-02-18;2982;4548;106593;50016;2.7;1.3
FR;69;2021-02-19;2846;3498;109439;53514;2.8;1.4
FR;69;2021-02-20;752;1025;110191;54539;2.8;1.4
FR;69;2021-02-21;149;233;110340;54772;2.8;1.4
FR;69;2021-02-22;1602;2571;111942;57343;2.9;1.5
FR;69;2021-02-23;2261;2812;114203;60155;2.9;1.5
FR;69;2021-02-24;2648;2903;116851;63058;3.0;1.6
FR;69;2021-02-25;3859;3560;120710;66618;3.1;1.7
FR;69;2021-02-26;4244;2611;124954;69229;3.2;1.8
FR;69;2021-02-27;1789;699;126743;69928;3.2;1.8
FR;69;2021-02-28;309;177;127052;70105;3.3;1.8
FR;69;2021-03-01;2782;1923;129834;72028;3.3;1.8
FR;69;2021-03-02;4693;2427;134527;74455;3.4;1.9
FR;69;2021-03-03;6616;2455;141143;76910;3.6;2.0
FR;69;2021-03-04;11630;2963;152773;79873;3.9;2.0
FR;69;2021-03-05;17318;2620;170091;82493;4.4;2.1
FR;69;2021-03-06;22899;693;192990;83186;4.9;2.1
FR;69;2021-03-07;14664;379;207654;83565;5.3;2.1
FR;69;2021-03-08;9684;1997;217338;85562;5.6;2.2
FR;69;2021-03-09;17346;2428;234684;87990;6.0;2.3
FR;69;2021-03-10;18666;2467;253350;90457;6.5;2.3
FR;69;2021-03-11;28965;3095;282315;93552;7.2;2.4
FR;69;2021-03-12;39609;2767;321924;96319;8.3;2.5
FR;69;2021-03-13;35692;825;357616;97144;9.2;2.5
FR;69;2021-03-14;8156;214;365772;97358;9.4;2.5
FR;69;2021-03-15;16547;1756;382319;99114;9.8;2.5
FR;69;2021-03-16;10699;2151;393018;101265;10.1;2.6
FR;69;2021-03-17;11699;2149;404717;103414;10.4;2.7
FR;69;2021-03-18;13085;2556;417802;105970;10.7;2.7
FR;69;2021-03-19;28665;2344;446467;108314;11.4;2.8
FR;69;2021-03-20;26822;810;473289;109124;12.1;2.8
FR;69;2021-03-21;7107;252;480396;109376;12.3;2.8
FR;69;2021-03-22;21102;2098;501498;111474;12.9;2.9
FR;69;2021-03-23;36039;2686;537537;114160;13.8;2.9
FR;69;2021-03-24;37326;2736;574863;116896;14.7;3.0
FR;69;2021-03-25;54746;2949;629609;119845;16.1;3.1
FR;69;2021-03-26;58919;2826;688528;122671;17.6;3.1
FR;69;2021-03-27;30002;1269;718530;123940;18.4;3.2
FR;69;2021-03-28;7593;355;726123;124295;18.6;3.2
FR;69;2021-03-29;27608;3351;753731;127646;19.3;3.3
FR;69;2021-03-30;42132;4237;795863;131883;20.4;3.4
FR;69;2021-03-31;35258;4299;831121;136182;21.3;3.5
FR;69;2021-04-01;43033;5651;874154;141833;22.4;3.6
FR;69;2021-04-02;41198;5808;915352;147641;23.5;3.8
FR;69;2021-04-03;21628;3888;936980;151529;24.0;3.9
FR;69;2021-04-04;5797;1298;942777;152827;24.2;3.9
FR;69;2021-04-05;7604;1044;950381;153871;24.4;3.9
FR;69;2021-04-06;27683;7105;978064;160976;25.1;4.1
FR;69;2021-04-07;32297;7664;1010361;168640;25.9;4.3
FR;69;2021-04-08;48392;8717;1058753;177357;27.1;4.5
FR;69;2021-04-09;70207;8837;1128960;186194;28.9;4.8
FR;69;2021-04-10;36553;7762;1165513;193956;29.9;5.0
FR;69;2021-04-11;7984;4269;1173497;198225;30.1;5.1
FR;69;2021-04-12;38417;8739;1211914;206964;31.1;5.3
FR;69;2021-04-13;53258;11801;1265172;218765;32.4;5.6
FR;69;2021-04-14;49020;11510;1314192;230275;33.7;5.9
FR;69;2021-04-15;61399;13346;1375591;243621;35.3;6.2
FR;69;2021-04-16;72105;13894;1447696;257515;37.1;6.6
FR;69;2021-04-17;39382;10580;1487078;268095;38.1;6.9
FR;69;2021-04-18;9944;5004;1497022;273099;38.4;7.0
FR;69;2021-04-19;45610;13754;1542632;286853;39.5;7.4
FR;69;2021-04-20;56724;16666;1599356;303519;41.0;7.8
FR;69;2021-04-21;53020;16389;1652376;319908;42.3;8.2
FR;69;2021-04-22;59828;18572;1712204;338480;43.9;8.7
FR;69;2021-04-23;58921;18548;1771125;357028;45.4;9.2
FR;69;2021-04-24;37110;13049;1808235;370077;46.3;9.5
FR;69;2021-04-25;13132;4951;1821367;375028;46.7;9.6
FR;69;2021-04-26;48800;18222;1870167;393250;47.9;10.1
FR;69;2021-04-27;61417;23011;1931584;416261;49.5;10.7
FR;69;2021-04-28;59343;21927;1990927;438188;51.0;11.2
FR;69;2021-04-29;69398;24657;2060325;462845;52.8;11.9
FR;69;2021-04-30;66421;23708;2126746;486553;54.5;12.5
FR;69;2021-05-01;23521;7551;2150267;494104;55.1;12.7
FR;69;2021-05-02;11122;5117;2161389;499221;55.4;12.8
FR;69;2021-05-03;46979;21223;2208368;520444;56.6;13.3
FR;69;2021-05-04;47438;27638;2255806;548082;57.8;14.0
FR;69;2021-05-05;42233;27061;2298039;575143;58.9;14.7
FR;69;2021-05-06;50324;30092;2348363;605235;60.2;15.5
FR;69;2021-05-07;41793;34173;2390156;639408;61.3;16.4
FR;69;2021-05-08;13807;9272;2403963;648680;61.6;16.6
FR;69;2021-05-09;7230;6540;2411193;655220;61.8;16.8
FR;69;2021-05-10;28700;34562;2439893;689782;62.5;17.7
FR;74;2020-12-27;1;0;1;0;0.0;0.0
FR;74;2020-12-28;6;0;7;0;0.0;0.0
FR;74;2020-12-29;5;0;12;0;0.0;0.0
FR;74;2020-12-30;10;0;22;0;0.0;0.0
FR;74;2020-12-31;7;0;29;0;0.0;0.0
FR;74;2021-01-01;5;0;34;0;0.0;0.0
FR;74;2021-01-02;3;0;37;0;0.0;0.0
FR;74;2021-01-03;12;0;49;0;0.0;0.0
FR;74;2021-01-04;85;1;134;1;0.0;0.0
FR;74;2021-01-05;297;0;431;1;0.0;0.0
FR;74;2021-01-06;552;0;983;1;0.0;0.0
FR;74;2021-01-07;1462;0;2445;1;0.1;0.0
FR;74;2021-01-08;1782;3;4227;4;0.1;0.0
FR;74;2021-01-09;793;1;5020;5;0.1;0.0
FR;74;2021-01-10;533;0;5553;5;0.2;0.0
FR;74;2021-01-11;2114;0;7667;5;0.2;0.0
FR;74;2021-01-12;3138;3;10805;8;0.3;0.0
FR;74;2021-01-13;3188;5;13993;13;0.4;0.0
FR;74;2021-01-14;3933;39;17926;52;0.5;0.0
FR;74;2021-01-15;3526;8;21452;60;0.6;0.0
FR;74;2021-01-16;1332;2;22784;62;0.7;0.0
FR;74;2021-01-17;762;3;23546;65;0.7;0.0
FR;74;2021-01-18;4709;11;28255;76;0.8;0.0
FR;74;2021-01-19;6803;11;35058;87;1.0;0.0
FR;74;2021-01-20;7088;8;42146;95;1.2;0.0
FR;74;2021-01-21;8167;19;50313;114;1.4;0.0
FR;74;2021-01-22;6525;15;56838;129;1.6;0.0
FR;74;2021-01-23;2255;1;59093;130;1.7;0.0
FR;74;2021-01-24;606;0;59699;130;1.7;0.0
FR;74;2021-01-25;4527;56;64226;186;1.8;0.0
FR;74;2021-01-26;5604;148;69830;334;2.0;0.0
FR;74;2021-01-27;5966;270;75796;604;2.2;0.0
FR;74;2021-01-28;6946;749;82742;1353;2.4;0.0
FR;74;2021-01-29;5716;893;88458;2246;2.5;0.1
FR;74;2021-01-30;1770;261;90228;2507;2.6;0.1
FR;74;2021-01-31;294;114;90522;2621;2.6;0.1
FR;74;2021-02-01;3273;1060;93795;3681;2.7;0.1
FR;74;2021-02-02;4273;1783;98068;5464;2.8;0.2
FR;74;2021-02-03;4297;1805;102365;7269;2.9;0.2
FR;74;2021-02-04;5147;2465;107512;9734;3.1;0.3
FR;74;2021-02-05;4370;2178;111882;11912;3.2;0.3
FR;74;2021-02-06;1394;693;113276;12605;3.3;0.4
FR;74;2021-02-07;243;351;113519;12956;3.3;0.4
FR;74;2021-02-08;3069;2505;116588;15461;3.4;0.4
FR;74;2021-02-09;4097;3721;120685;19182;3.5;0.6
FR;74;2021-02-10;4401;3814;125086;22996;3.6;0.7
FR;74;2021-02-11;5600;5468;130686;28464;3.8;0.8
FR;74;2021-02-12;5240;3812;135926;32276;3.9;0.9
FR;74;2021-02-13;1646;1218;137572;33494;4.0;1.0
FR;74;2021-02-14;402;471;137974;33965;4.0;1.0
FR;74;2021-02-15;2393;4176;140367;38141;4.0;1.1
FR;74;2021-02-16;3271;5627;143638;43768;4.1;1.3
FR;74;2021-02-17;3391;5448;147029;49216;4.2;1.4
FR;74;2021-02-18;4907;6800;151936;56016;4.4;1.6
FR;74;2021-02-19;4866;5401;156802;61417;4.5;1.8
FR;74;2021-02-20;1546;1736;158348;63153;4.6;1.8
FR;74;2021-02-21;232;415;158580;63568;4.6;1.8
FR;74;2021-02-22;2855;4290;161435;67858;4.6;2.0
FR;74;2021-02-23;4129;4887;165564;72745;4.8;2.1
FR;74;2021-02-24;4513;4836;170077;77581;4.9;2.2
FR;74;2021-02-25;5506;5688;175583;83269;5.0;2.4
FR;74;2021-02-26;5460;4462;181043;87731;5.2;2.5
FR;74;2021-02-27;1994;1364;183037;89095;5.3;2.6
FR;74;2021-02-28;528;293;183565;89388;5.3;2.6
FR;74;2021-03-01;5047;3358;188612;92746;5.4;2.7
FR;74;2021-03-02;7424;4269;196036;97015;5.6;2.8
FR;74;2021-03-03;9626;4247;205662;101262;5.9;2.9
FR;74;2021-03-04;14922;4786;220584;106048;6.3;3.0
FR;74;2021-03-05;21532;4553;242116;110601;7.0;3.2
FR;74;2021-03-06;30910;1328;273026;111929;7.8;3.2
FR;74;2021-03-07;20778;468;293804;112397;8.4;3.2
FR;74;2021-03-08;14148;3626;307952;116023;8.9;3.3
FR;74;2021-03-09;23907;4178;331859;120201;9.5;3.5
FR;74;2021-03-10;26128;4354;357987;124555;10.3;3.6
FR;74;2021-03-11;38095;5215;396082;129770;11.4;3.7
FR;74;2021-03-12;50336;4594;446418;134364;12.8;3.9
FR;74;2021-03-13;47511;1461;493929;135825;14.2;3.9
FR;74;2021-03-14;11921;391;505850;136216;14.5;3.9
FR;74;2021-03-15;25370;3087;531220;139303;15.3;4.0
FR;74;2021-03-16;20004;3814;551224;143117;15.8;4.1
FR;74;2021-03-17;21743;3849;572967;146966;16.5;4.2
FR;74;2021-03-18;24355;4482;597322;151448;17.2;4.4
FR;74;2021-03-19;41213;3906;638535;155354;18.4;4.5
FR;74;2021-03-20;35284;1512;673819;156866;19.4;4.5
FR;74;2021-03-21;9467;387;683286;157253;19.6;4.5
FR;74;2021-03-22;31402;3865;714688;161118;20.5;4.6
FR;74;2021-03-23;50001;4734;764689;165852;22.0;4.8
FR;74;2021-03-24;51958;5116;816647;170968;23.5;4.9
FR;74;2021-03-25;74478;5450;891125;176418;25.6;5.1
FR;74;2021-03-26;80540;5072;971665;181490;27.9;5.2
FR;74;2021-03-27;50887;2323;1022552;183813;29.4;5.3
FR;74;2021-03-28;17777;725;1040329;184538;29.9;5.3
FR;74;2021-03-29;55979;6801;1096308;191339;31.5;5.5
FR;74;2021-03-30;76377;8653;1172685;199992;33.7;5.7
FR;74;2021-03-31;67746;9218;1240431;209210;35.7;6.0
FR;74;2021-04-01;78116;11595;1318547;220805;37.9;6.3
FR;74;2021-04-02;69822;12184;1388369;232989;39.9;6.7
FR;74;2021-04-03;37103;8397;1425472;241386;41.0;6.9
FR;74;2021-04-04;12490;2767;1437962;244153;41.3;7.0
FR;74;2021-04-05;19185;1838;1457147;245991;41.9;7.1
FR;74;2021-04-06;64166;15009;1521313;261000;43.7;7.5
FR;74;2021-04-07;72480;15866;1593793;276866;45.8;8.0
FR;74;2021-04-08;87385;17769;1681178;294635;48.3;8.5
FR;74;2021-04-09;96939;17535;1778117;312170;51.1;9.0
FR;74;2021-04-10;48525;13942;1826642;326112;52.5;9.4
FR;74;2021-04-11;12723;6807;1839365;332919;52.9;9.6
FR;74;2021-04-12;60712;17623;1900077;350542;54.6;10.1
FR;74;2021-04-13;68405;22042;1968482;372584;56.6;10.7
FR;74;2021-04-14;59713;21652;2028195;394236;58.3;11.3
FR;74;2021-04-15;61451;23598;2089646;417834;60.1;12.0
FR;74;2021-04-16;51837;24191;2141483;442025;61.6;12.7
FR;74;2021-04-17;25532;16724;2167015;458749;62.3;13.2
FR;74;2021-04-18;5693;6956;2172708;465705;62.5;13.4
FR;74;2021-04-19;31492;24201;2204200;489906;63.4;14.1
FR;74;2021-04-20;35993;29465;2240193;519371;64.4;14.9
FR;74;2021-04-21;33032;30114;2273225;549485;65.4;15.8
FR;74;2021-04-22;37796;35069;2311021;584554;66.4;16.8
FR;74;2021-04-23;34504;38637;2345525;623191;67.4;17.9
FR;74;2021-04-24;18505;30657;2364030;653848;68.0;18.8
FR;74;2021-04-25;6070;12535;2370100;666383;68.1;19.2
FR;74;2021-04-26;26222;46765;2396322;713148;68.9;20.5
FR;74;2021-04-27;32767;55929;2429089;769077;69.8;22.1
FR;74;2021-04-28;32272;52707;2461361;821784;70.8;23.6
FR;74;2021-04-29;38179;53823;2499540;875607;71.9;25.2
FR;74;2021-04-30;34683;49002;2534223;924609;72.9;26.6
FR;74;2021-05-01;10999;15107;2545222;939716;73.2;27.0
FR;74;2021-05-02;5129;11365;2550351;951081;73.3;27.3
FR;74;2021-05-03;23905;52010;2574256;1003091;74.0;28.8
FR;74;2021-05-04;24743;69140;2598999;1072231;74.7;30.8
FR;74;2021-05-05;22352;64834;2621351;1137065;75.4;32.7
FR;74;2021-05-06;26959;63164;2648310;1200229;76.1;34.5
FR;74;2021-05-07;22902;65901;2671212;1266130;76.8;36.4
FR;74;2021-05-08;7160;14224;2678372;1280354;77.0;36.8
FR;74;2021-05-09;3633;10461;2682005;1290815;77.1;37.1
FR;74;2021-05-10;15436;62948;2697441;1353763;77.5;38.9
FR;79;2020-12-27;1;0;1;0;0.0;0.0
FR;79;2020-12-28;6;0;7;0;0.0;0.0
FR;79;2020-12-29;16;0;23;0;0.0;0.0
FR;79;2020-12-30;11;0;34;0;0.0;0.0
FR;79;2020-12-31;6;0;40;0;0.0;0.0
FR;79;2021-01-01;4;0;44;0;0.0;0.0
FR;79;2021-01-02;3;0;47;0;0.0;0.0
FR;79;2021-01-03;2;0;49;0;0.0;0.0
FR;79;2021-01-04;49;0;98;0;0.0;0.0
FR;79;2021-01-05;171;0;269;0;0.0;0.0
FR;79;2021-01-06;339;0;608;0;0.0;0.0
FR;79;2021-01-07;904;0;1512;0;0.1;0.0
FR;79;2021-01-08;1070;1;2582;1;0.1;0.0
FR;79;2021-01-09;364;0;2946;1;0.1;0.0
FR;79;2021-01-10;191;0;3137;1;0.1;0.0
FR;79;2021-01-11;1144;2;4281;3;0.2;0.0
FR;79;2021-01-12;2198;2;6479;5;0.3;0.0
FR;79;2021-01-13;2743;1;9222;6;0.4;0.0
FR;79;2021-01-14;4430;35;13652;41;0.6;0.0
FR;79;2021-01-15;5245;16;18897;57;0.9;0.0
FR;79;2021-01-16;2818;11;21715;68;1.0;0.0
FR;79;2021-01-17;1305;3;23020;71;1.0;0.0
FR;79;2021-01-18;19635;35;42655;106;1.9;0.0
FR;79;2021-01-19;26005;34;68660;140;3.1;0.0
FR;79;2021-01-20;28016;32;96676;172;4.4;0.0
FR;79;2021-01-21;30037;30;126713;202;5.7;0.0
FR;79;2021-01-22;27880;26;154593;228;7.0;0.0
FR;79;2021-01-23;11660;10;166253;238;7.5;0.0
FR;79;2021-01-24;2172;2;168425;240;7.6;0.0
FR;79;2021-01-25;22543;44;190968;284;8.6;0.0
FR;79;2021-01-26;25713;116;216681;400;9.8;0.0
FR;79;2021-01-27;24994;191;241675;591;10.9;0.0
FR;79;2021-01-28;25174;559;266849;1150;12.0;0.1
FR;79;2021-01-29;22524;560;289373;1710;13.1;0.1
FR;79;2021-01-30;8782;136;298155;1846;13.4;0.1
FR;79;2021-01-31;1229;55;299384;1901;13.5;0.1
FR;79;2021-02-01;16131;641;315515;2542;14.2;0.1
FR;79;2021-02-02;19256;1269;334771;3811;15.1;0.2
FR;79;2021-02-03;18285;1574;353056;5385;15.9;0.2
FR;79;2021-02-04;19159;2530;372215;7915;16.8;0.4
FR;79;2021-02-05;18011;2677;390226;10592;17.6;0.5
FR;79;2021-02-06;6449;1003;396675;11595;17.9;0.5
FR;79;2021-02-07;872;390;397547;11985;17.9;0.5
FR;79;2021-02-08;13082;5810;410629;17795;18.5;0.8
FR;79;2021-02-09;15547;7669;426176;25464;19.2;1.1
FR;79;2021-02-10;15438;8043;441614;33507;19.9;1.5
FR;79;2021-02-11;16516;9600;458130;43107;20.7;1.9
FR;79;2021-02-12;15663;9404;473793;52511;21.4;2.4
FR;79;2021-02-13;5004;4121;478797;56632;21.6;2.6
FR;79;2021-02-14;903;1042;479700;57674;21.6;2.6
FR;79;2021-02-15;7127;19819;486827;77493;22.0;3.5
FR;79;2021-02-16;8337;23624;495164;101117;22.3;4.6
FR;79;2021-02-17;8247;24019;503411;125136;22.7;5.6
FR;79;2021-02-18;10272;24419;513683;149555;23.2;6.7
FR;79;2021-02-19;10306;20759;523989;170314;23.6;7.7
FR;79;2021-02-20;3766;8311;527755;178625;23.8;8.1
FR;79;2021-02-21;548;1555;528303;180180;23.8;8.1
FR;79;2021-02-22;6983;21879;535286;202059;24.1;9.1
FR;79;2021-02-23;9624;23560;544910;225619;24.6;10.2
FR;79;2021-02-24;10022;22200;554932;247819;25.0;11.2
FR;79;2021-02-25;11653;22075;566585;269894;25.6;12.2
FR;79;2021-02-26;12046;19105;578631;288999;26.1;13.0
FR;79;2021-02-27;4417;6732;583048;295731;26.3;13.3
FR;79;2021-02-28;873;1037;583921;296768;26.3;13.4
FR;79;2021-03-01;12107;16434;596028;313202;26.9;14.1
FR;79;2021-03-02;16291;19252;612319;332454;27.6;15.0
FR;79;2021-03-03;17699;18514;630018;350968;28.4;15.8
FR;79;2021-03-04;20857;17649;650875;368617;29.4;16.6
FR;79;2021-03-05;22414;16438;673289;385055;30.4;17.4
FR;79;2021-03-06;28942;5316;702231;390371;31.7;17.6
FR;79;2021-03-07;21029;1001;723260;391372;32.6;17.7
FR;79;2021-03-08;17344;15318;740604;406690;33.4;18.3
FR;79;2021-03-09;25686;16394;766290;423084;34.6;19.1
FR;79;2021-03-10;26828;15556;793118;438640;35.8;19.8
FR;79;2021-03-11;31751;15043;824869;453683;37.2;20.5
FR;79;2021-03-12;33290;12896;858159;466579;38.7;21.0
FR;79;2021-03-13;25235;4190;883394;470769;39.8;21.2
FR;79;2021-03-14;9456;761;892850;471530;40.3;21.3
FR;79;2021-03-15;28407;8642;921257;480172;41.5;21.7
FR;79;2021-03-16;32772;9268;954029;489440;43.0;22.1
FR;79;2021-03-17;33747;9226;987776;498666;44.5;22.5
FR;79;2021-03-18;36632;9710;1024408;508376;46.2;22.9
FR;79;2021-03-19;36653;8831;1061061;517207;47.9;23.3
FR;79;2021-03-20;20643;3256;1081704;520463;48.8;23.5
FR;79;2021-03-21;5874;594;1087578;521057;49.0;23.5
FR;79;2021-03-22;28531;9156;1116109;530213;50.3;23.9
FR;79;2021-03-23;36981;10743;1153090;540956;52.0;24.4
FR;79;2021-03-24;35470;11309;1188560;552265;53.6;24.9
FR;79;2021-03-25;41799;11082;1230359;563347;55.5;25.4
FR;79;2021-03-26;39293;10400;1269652;573747;57.3;25.9
FR;79;2021-03-27;17618;4384;1287270;578131;58.1;26.1
FR;79;2021-03-28;4791;898;1292061;579029;58.3;26.1
FR;79;2021-03-29;22233;14986;1314294;594015;59.3;26.8
FR;79;2021-03-30;27957;18872;1342251;612887;60.5;27.6
FR;79;2021-03-31;24629;19711;1366880;632598;61.6;28.5
FR;79;2021-04-01;27086;23163;1393966;655761;62.9;29.6
FR;79;2021-04-02;22990;24410;1416956;680171;63.9;30.7
FR;79;2021-04-03;9996;17352;1426952;697523;64.4;31.5
FR;79;2021-04-04;2796;5057;1429748;702580;64.5;31.7
FR;79;2021-04-05;4180;2742;1433928;705322;64.7;31.8
FR;79;2021-04-06;18867;28934;1452795;734256;65.5;33.1
FR;79;2021-04-07;20969;29823;1473764;764079;66.5;34.5
FR;79;2021-04-08;24897;29873;1498661;793952;67.6;35.8
FR;79;2021-04-09;26703;28043;1525364;821995;68.8;37.1
FR;79;2021-04-10;13615;18903;1538979;840898;69.4;37.9
FR;79;2021-04-11;3495;6442;1542474;847340;69.6;38.2
FR;79;2021-04-12;16671;28874;1559145;876214;70.3;39.5
FR;79;2021-04-13;18968;34958;1578113;911172;71.2;41.1
FR;79;2021-04-14;17998;33097;1596111;944269;72.0;42.6
FR;79;2021-04-15;18907;33268;1615018;977537;72.8;44.1
FR;79;2021-04-16;16083;31001;1631101;1008538;73.6;45.5
FR;79;2021-04-17;8069;16669;1639170;1025207;73.9;46.2
FR;79;2021-04-18;1753;4829;1640923;1030036;74.0;46.5
FR;79;2021-04-19;9743;29136;1650666;1059172;74.4;47.8
FR;79;2021-04-20;11567;34400;1662233;1093572;75.0;49.3
FR;79;2021-04-21;11147;31162;1673380;1124734;75.5;50.7
FR;79;2021-04-22;12712;31047;1686092;1155781;76.0;52.1
FR;79;2021-04-23;11769;27636;1697861;1183417;76.6;53.4
FR;79;2021-04-24;6099;13696;1703960;1197113;76.8;54.0
FR;79;2021-04-25;1883;3417;1705843;1200530;76.9;54.1
FR;79;2021-04-26;8771;20559;1714614;1221089;77.3;55.1
FR;79;2021-04-27;10952;23625;1725566;1244714;77.8;56.1
FR;79;2021-04-28;11456;20850;1737022;1265564;78.3;57.1
FR;79;2021-04-29;13395;20610;1750417;1286174;78.9;58.0
FR;79;2021-04-30;12634;17531;1763051;1303705;79.5;58.8
FR;79;2021-05-01;3769;3901;1766820;1307606;79.7;59.0
FR;79;2021-05-02;1719;2613;1768539;1310219;79.8;59.1
FR;79;2021-05-03;8460;15069;1776999;1325288;80.1;59.8
FR;79;2021-05-04;8763;20110;1785762;1345398;80.5;60.7
FR;79;2021-05-05;8214;18925;1793976;1364323;80.9;61.5
FR;79;2021-05-06;10033;18718;1804009;1383041;81.4;62.4
FR;79;2021-05-07;8756;19391;1812765;1402432;81.8;63.2
FR;79;2021-05-08;2717;4261;1815482;1406693;81.9;63.4
FR;79;2021-05-09;1370;2982;1816852;1409675;81.9;63.6
FR;79;2021-05-10;5858;17425;1822710;1427100;82.2;64.4
FR;80;2020-12-27;10;0;10;0;0.0;0.0
FR;80;2020-12-28;41;0;51;0;0.0;0.0
FR;80;2020-12-29;78;0;129;0;0.0;0.0
FR;80;2020-12-30;69;0;198;0;0.0;0.0
FR;80;2020-12-31;49;0;247;0;0.0;0.0
FR;80;2021-01-01;8;0;255;0;0.0;0.0
FR;80;2021-01-02;8;0;263;0;0.0;0.0
FR;80;2021-01-03;2;0;265;0;0.0;0.0
FR;80;2021-01-04;297;1;562;1;0.0;0.0
FR;80;2021-01-05;909;0;1471;1;0.0;0.0
FR;80;2021-01-06;1673;0;3144;1;0.1;0.0
FR;80;2021-01-07;6290;2;9434;3;0.2;0.0
FR;80;2021-01-08;5701;2;15135;5;0.4;0.0
FR;80;2021-01-09;979;0;16114;5;0.4;0.0
FR;80;2021-01-10;307;0;16421;5;0.4;0.0
FR;80;2021-01-11;4429;4;20850;9;0.5;0.0
FR;80;2021-01-12;12656;7;33506;16;0.8;0.0
FR;80;2021-01-13;12423;13;45929;29;1.1;0.0
FR;80;2021-01-14;18196;115;64125;144;1.5;0.0
FR;80;2021-01-15;12097;31;76222;175;1.8;0.0
FR;80;2021-01-16;4030;28;80252;203;1.9;0.0
FR;80;2021-01-17;3742;18;83994;221;2.0;0.0
FR;80;2021-01-18;28719;65;112713;286;2.7;0.0
FR;80;2021-01-19;53710;61;166423;347;4.0;0.0
FR;80;2021-01-20;59353;108;225776;455;5.4;0.0
FR;80;2021-01-21;69890;77;295666;532;7.1;0.0
FR;80;2021-01-22;48275;63;343941;595;8.3;0.0
FR;80;2021-01-23;16214;8;360155;603;8.7;0.0
FR;80;2021-01-24;4311;2;364466;605;8.8;0.0
FR;80;2021-01-25;32390;146;396856;751;9.5;0.0
FR;80;2021-01-26;45084;530;441940;1281;10.6;0.0
FR;80;2021-01-27;50849;888;492789;2169;11.9;0.1
FR;80;2021-01-28;59964;3931;552753;6100;13.3;0.1
FR;80;2021-01-29;39309;3266;592062;9366;14.2;0.2
FR;80;2021-01-30;13221;591;605283;9957;14.6;0.2
FR;80;2021-01-31;2333;285;607616;10242;14.6;0.2
FR;80;2021-02-01;22995;2784;630611;13026;15.2;0.3
FR;80;2021-02-02;33440;7427;664051;20453;16.0;0.5
FR;80;2021-02-03;34395;7864;698446;28317;16.8;0.7
FR;80;2021-02-04;38033;12581;736479;40898;17.7;1.0
FR;80;2021-02-05;29777;9524;766256;50422;18.4;1.2
FR;80;2021-02-06;9702;2123;775958;52545;18.7;1.3
FR;80;2021-02-07;1449;1867;777407;54412;18.7;1.3
FR;80;2021-02-08;19334;11136;796741;65548;19.2;1.6
FR;80;2021-02-09;25877;25603;822618;91151;19.8;2.2
FR;80;2021-02-10;26286;28911;848904;120062;20.4;2.9
FR;80;2021-02-11;30440;38114;879344;158176;21.1;3.8
FR;80;2021-02-12;26684;24672;906028;182848;21.8;4.4
FR;80;2021-02-13;7923;6519;913951;189367;22.0;4.6
FR;80;2021-02-14;1507;3099;915458;192466;22.0;4.6
FR;80;2021-02-15;11127;28307;926585;220773;22.3;5.3
FR;80;2021-02-16;15530;38925;942115;259698;22.7;6.2
FR;80;2021-02-17;15915;44486;958030;304184;23.0;7.3
FR;80;2021-02-18;21453;52508;979483;356692;23.6;8.6
FR;80;2021-02-19;19023;37486;998506;394178;24.0;9.5
FR;80;2021-02-20;6299;12321;1004805;406499;24.2;9.8
FR;80;2021-02-21;912;2970;1005717;409469;24.2;9.8
FR;80;2021-02-22;11165;30690;1016882;440159;24.5;10.6
FR;80;2021-02-23;17047;37261;1033929;477420;24.9;11.5
FR;80;2021-02-24;17959;37078;1051888;514498;25.3;12.4
FR;80;2021-02-25;22234;40856;1074122;555354;25.8;13.4
FR;80;2021-02-26;20494;30900;1094616;586254;26.3;14.1
FR;80;2021-02-27;7167;10283;1101783;596537;26.5;14.3
FR;80;2021-02-28;1259;2119;1103042;598656;26.5;14.4
FR;80;2021-03-01;18727;23193;1121769;621849;27.0;15.0
FR;80;2021-03-02;26823;29091;1148592;650940;27.6;15.7
FR;80;2021-03-03;28630;29222;1177222;680162;28.3;16.4
FR;80;2021-03-04;34791;29655;1212013;709817;29.1;17.1
FR;80;2021-03-05;35806;27446;1247819;737263;30.0;17.7
FR;80;2021-03-06;41248;8312;1289067;745575;31.0;17.9
FR;80;2021-03-07;29639;1980;1318706;747555;31.7;18.0
FR;80;2021-03-08;27135;22462;1345841;770017;32.4;18.5
FR;80;2021-03-09;40609;24614;1386450;794631;33.3;19.1
FR;80;2021-03-10;43008;25350;1429458;819981;34.4;19.7
FR;80;2021-03-11;51491;26818;1480949;846799;35.6;20.4
FR;80;2021-03-12;51952;22921;1532901;869720;36.9;20.9
FR;80;2021-03-13;37341;6962;1570242;876682;37.8;21.1
FR;80;2021-03-14;13872;1510;1584114;878192;38.1;21.1
FR;80;2021-03-15;43972;13892;1628086;892084;39.2;21.5
FR;80;2021-03-16;51750;16994;1679836;909078;40.4;21.9
FR;80;2021-03-17;54553;16505;1734389;925583;41.7;22.3
FR;80;2021-03-18;58386;18784;1792775;944367;43.1;22.7
FR;80;2021-03-19;57267;15682;1850042;960049;44.5;23.1
FR;80;2021-03-20;30938;5315;1880980;965364;45.2;23.2
FR;80;2021-03-21;8681;1087;1889661;966451;45.4;23.2
FR;80;2021-03-22;42780;14513;1932441;980964;46.5;23.6
FR;80;2021-03-23;55462;18013;1987903;998977;47.8;24.0
FR;80;2021-03-24;54321;19004;2042224;1017981;49.1;24.5
FR;80;2021-03-25;63782;19531;2106006;1037512;50.7;25.0
FR;80;2021-03-26;60004;18211;2166010;1055723;52.1;25.4
FR;80;2021-03-27;26538;7327;2192548;1063050;52.7;25.6
FR;80;2021-03-28;6922;1447;2199470;1064497;52.9;25.6
FR;80;2021-03-29;32787;23365;2232257;1087862;53.7;26.2
FR;80;2021-03-30;43091;30689;2275348;1118551;54.7;26.9
FR;80;2021-03-31;40387;32068;2315735;1150619;55.7;27.7
FR;80;2021-04-01;45916;37671;2361651;1188290;56.8;28.6
FR;80;2021-04-02;36963;39696;2398614;1227986;57.7;29.5
FR;80;2021-04-03;14482;26076;2413096;1254062;58.0;30.2
FR;80;2021-04-04;3861;7557;2416957;1261619;58.1;30.3
FR;80;2021-04-05;5606;4074;2422563;1265693;58.3;30.4
FR;80;2021-04-06;27451;44913;2450014;1310606;58.9;31.5
FR;80;2021-04-07;33292;48352;2483306;1358958;59.7;32.7
FR;80;2021-04-08;39829;49489;2523135;1408447;60.7;33.9
FR;80;2021-04-09;43219;46269;2566354;1454716;61.7;35.0
FR;80;2021-04-10;19787;28853;2586141;1483569;62.2;35.7
FR;80;2021-04-11;4823;9353;2590964;1492922;62.3;35.9
FR;80;2021-04-12;23378;45111;2614342;1538033;62.9;37.0
FR;80;2021-04-13;29935;54587;2644277;1592620;63.6;38.3
FR;80;2021-04-14;28716;52075;2672993;1644695;64.3;39.6
FR;80;2021-04-15;30984;52600;2703977;1697295;65.0;40.8
FR;80;2021-04-16;26140;48914;2730117;1746209;65.7;42.0
FR;80;2021-04-17;12242;25564;2742359;1771773;66.0;42.6
FR;80;2021-04-18;2509;7611;2744868;1779384;66.0;42.8
FR;80;2021-04-19;14103;43633;2758971;1823017;66.4;43.8
FR;80;2021-04-20;17743;52987;2776714;1876004;66.8;45.1
FR;80;2021-04-21;17720;49737;2794434;1925741;67.2;46.3
FR;80;2021-04-22;20396;51148;2814830;1976889;67.7;47.5
FR;80;2021-04-23;18855;44543;2833685;2021432;68.2;48.6
FR;80;2021-04-24;9316;21164;2843001;2042596;68.4;49.1
FR;80;2021-04-25;2647;5141;2845648;2047737;68.4;49.2
FR;80;2021-04-26;12135;30520;2857783;2078257;68.7;50.0
FR;80;2021-04-27;16537;36350;2874320;2114607;69.1;50.9
FR;80;2021-04-28;17694;34524;2892014;2149131;69.6;51.7
FR;80;2021-04-29;21190;35532;2913204;2184663;70.1;52.5
FR;80;2021-04-30;20066;29499;2933270;2214162;70.5;53.3
FR;80;2021-05-01;5745;5802;2939015;2219964;70.7;53.4
FR;80;2021-05-02;2580;3844;2941595;2223808;70.7;53.5
FR;80;2021-05-03;12268;21299;2953863;2245107;71.0;54.0
FR;80;2021-05-04;13597;29911;2967460;2275018;71.4;54.7
FR;80;2021-05-05;13153;29227;2980613;2304245;71.7;55.4
FR;80;2021-05-06;15476;29433;2996089;2333678;72.1;56.1
FR;80;2021-05-07;14136;29669;3010225;2363347;72.4;56.8
FR;80;2021-05-08;4081;6002;3014306;2369349;72.5;57.0
FR;80;2021-05-09;1895;4135;3016201;2373484;72.5;57.1
FR;80;2021-05-10;8655;24252;3024856;2397736;72.8;57.7
FR;0;2020-12-27;20;0;20;0;0.0;0.0
FR;0;2020-12-28;62;0;82;0;0.0;0.0
FR;0;2020-12-29;108;0;190;0;0.0;0.0
FR;0;2020-12-30;116;0;306;0;0.0;0.0
FR;0;2020-12-31;83;0;389;0;0.0;0.0
FR;0;2021-01-01;65;0;454;0;0.0;0.0
FR;0;2021-01-02;74;0;528;0;0.0;0.0
FR;0;2021-01-03;87;0;615;0;0.0;0.0
FR;0;2021-01-04;1468;4;2083;4;0.0;0.0
FR;0;2021-01-05;5369;6;7452;10;0.0;0.0
FR;0;2021-01-06;11269;9;18721;19;0.0;0.0
FR;0;2021-01-07;28502;37;47223;56;0.1;0.0
FR;0;2021-01-08;35958;33;83181;89;0.1;0.0
FR;0;2021-01-09;10877;6;94058;95;0.1;0.0
FR;0;2021-01-10;5601;2;99659;97;0.1;0.0
FR;0;2021-01-11;38791;41;138450;138;0.2;0.0
FR;0;2021-01-12;60547;57;198997;195;0.3;0.0
FR;0;2021-01-13;63495;87;262492;282;0.4;0.0
FR;0;2021-01-14;79602;625;342094;907;0.5;0.0
FR;0;2021-01-15;67125;200;409219;1107;0.6;0.0
FR;0;2021-01-16;19589;92;428808;1199;0.6;0.0
FR;0;2021-01-17;10448;45;439256;1244;0.7;0.0
FR;0;2021-01-18;84202;212;523458;1456;0.8;0.0
FR;0;2021-01-19;128053;194;651511;1650;1.0;0.0
FR;0;2021-01-20;134705;253;786216;1903;1.2;0.0
FR;0;2021-01-21;154718;215;940934;2118;1.4;0.0
FR;0;2021-01-22;118122;238;1059056;2356;1.6;0.0
FR;0;2021-01-23;37743;60;1096799;2416;1.6;0.0
FR;0;2021-01-24;9328;30;1106127;2446;1.6;0.0
FR;0;2021-01-25;76622;1267;1182749;3713;1.8;0.0
FR;0;2021-01-26;98492;3163;1281241;6876;1.9;0.0
FR;0;2021-01-27;105429;5665;1386670;12541;2.1;0.0
FR;0;2021-01-28;121972;14451;1508642;26992;2.2;0.0
FR;0;2021-01-29;90680;17383;1599322;44375;2.4;0.1
FR;0;2021-01-30;28620;4251;1627942;48626;2.4;0.1
FR;0;2021-01-31;4862;1681;1632804;50307;2.4;0.1
FR;0;2021-02-01;51391;21171;1684195;71478;2.5;0.1
FR;0;2021-02-02;70371;34676;1754566;106154;2.6;0.2
FR;0;2021-02-03;70808;37058;1825374;143212;2.7;0.2
FR;0;2021-02-04;80176;50191;1905550;193403;2.8;0.3
FR;0;2021-02-05;66843;45442;1972393;238845;2.9;0.4
FR;0;2021-02-06;21250;10416;1993643;249261;3.0;0.4
FR;0;2021-02-07;4825;5057;1998468;254318;3.0;0.4
FR;0;2021-02-08;45765;46108;2044233;300426;3.0;0.4
FR;0;2021-02-09;64616;72674;2108849;373100;3.1;0.6
FR;0;2021-02-10;69065;77022;2177914;450122;3.2;0.7
FR;0;2021-02-11;85242;99640;2263156;549762;3.4;0.8
FR;0;2021-02-12;77431;74719;2340587;624481;3.5;0.9
FR;0;2021-02-13;21584;19550;2362171;644031;3.5;1.0
FR;0;2021-02-14;4558;7213;2366729;651244;3.5;1.0
FR;0;2021-02-15;36847;76756;2403576;728000;3.6;1.1
FR;0;2021-02-16;48997;101002;2452573;829002;3.7;1.2
FR;0;2021-02-17;49136;103274;2501709;932276;3.7;1.4
FR;0;2021-02-18;67411;119080;2569120;1051356;3.8;1.6
FR;0;2021-02-19;63386;91176;2632506;1142532;3.9;1.7
FR;0;2021-02-20;17876;28498;2650382;1171030;3.9;1.7
FR;0;2021-02-21;2840;6389;2653222;1177419;4.0;1.8
FR;0;2021-02-22;36258;73403;2689480;1250822;4.0;1.9
FR;0;2021-02-23;52191;84380;2741671;1335202;4.1;2.0
FR;0;2021-02-24;57751;81436;2799422;1416638;4.2;2.1
FR;0;2021-02-25;97813;92124;2897235;1508762;4.3;2.2
FR;0;2021-02-26;110962;71737;3008197;1580499;4.5;2.4
FR;0;2021-02-27;50752;22218;3058949;1602717;4.6;2.4
FR;0;2021-02-28;5634;4462;3064583;1607179;4.6;2.4
FR;0;2021-03-01;63009;53134;3127592;1660313;4.7;2.5
FR;0;2021-03-02;98595;66824;3226187;1727137;4.8;2.6
FR;0;2021-03-03;112610;66277;3338797;1793414;5.0;2.7
FR;0;2021-03-04;158514;70089;3497311;1863503;5.2;2.8
FR;0;2021-03-05;196130;64725;3693441;1928228;5.5;2.9
FR;0;2021-03-06;202638;18665;3896079;1946893;5.8;2.9
FR;0;2021-03-07;118910;5898;4014989;1952791;6.0;2.9
FR;0;2021-03-08;104041;51359;4119030;2004150;6.1;3.0
FR;0;2021-03-09;168307;57748;4287337;2061898;6.4;3.1
FR;0;2021-03-10;174269;58200;4461606;2120098;6.6;3.2
FR;0;2021-03-11;237424;64663;4699030;2184761;7.0;3.3
FR;0;2021-03-12;288915;55260;4987945;2240021;7.4;3.3
FR;0;2021-03-13;226494;16245;5214439;2256266;7.8;3.4
FR;0;2021-03-14;61942;3825;5276381;2260091;7.9;3.4
FR;0;2021-03-15;154849;34100;5431230;2294191;8.1;3.4
FR;0;2021-03-16;138942;41081;5570172;2335272;8.3;3.5
FR;0;2021-03-17;147561;40602;5717733;2375874;8.5;3.5
FR;0;2021-03-18;164545;47170;5882278;2423044;8.8;3.6
FR;0;2021-03-19;225647;40600;6107925;2463644;9.1;3.7
FR;0;2021-03-20;163973;13589;6271898;2477233;9.3;3.7
FR;0;2021-03-21;48669;3313;6320567;2480546;9.4;3.7
FR;0;2021-03-22;166487;36818;6487054;2517364;9.7;3.8
FR;0;2021-03-23;245818;46077;6732872;2563441;10.0;3.8
FR;0;2021-03-24;252335;47546;6985207;2610987;10.4;3.9
FR;0;2021-03-25;336122;49848;7321329;2660835;10.9;4.0
FR;0;2021-03-26;353370;47334;7674699;2708169;11.4;4.0
FR;0;2021-03-27;192302;19545;7867001;2727714;11.7;4.1
FR;0;2021-03-28;58223;4652;7925224;2732366;11.8;4.1
FR;0;2021-03-29;199680;57630;8124904;2789996;12.1;4.2
FR;0;2021-03-30;280856;74799;8405760;2864795;12.5;4.3
FR;0;2021-03-31;258106;78162;8663866;2942957;12.9;4.4
FR;0;2021-04-01;308157;94878;8972023;3037835;13.4;4.5
FR;0;2021-04-02;276551;98170;9248574;3136005;13.8;4.7
FR;0;2021-04-03;138760;64797;9387334;3200802;14.0;4.8
FR;0;2021-04-04;44778;19821;9432112;3220623;14.1;4.8
FR;0;2021-04-05;58649;12587;9490761;3233210;14.1;4.8
FR;0;2021-04-06;212056;112662;9702817;3345872;14.5;5.0
FR;0;2021-04-07;254991;121960;9957808;3467832;14.8;5.2
FR;0;2021-04-08;330911;130392;10288719;3598224;15.3;5.4
FR;0;2021-04-09;402509;126010;10691228;3724234;15.9;5.5
FR;0;2021-04-10;209563;87670;10900791;3811904;16.2;5.7
FR;0;2021-04-11;54822;36221;10955613;3848125;16.3;5.7
FR;0;2021-04-12;232597;120970;11188210;3969095;16.7;5.9
FR;0;2021-04-13;302837;152558;11491047;4121653;17.1;6.1
FR;0;2021-04-14;286862;147498;11777909;4269151;17.5;6.4
FR;0;2021-04-15;328045;157163;12105954;4426314;18.0;6.6
FR;0;2021-04-16;331756;154552;12437710;4580866;18.5;6.8
FR;0;2021-04-17;184768;94988;12622478;4675854;18.8;7.0
FR;0;2021-04-18;50022;37067;12672500;4712921;18.9;7.0
FR;0;2021-04-19;200723;144329;12873223;4857250;19.2;7.2
FR;0;2021-04-20;248067;178364;13121290;5035614;19.6;7.5
FR;0;2021-04-21;245394;176634;13366684;5212248;19.9;7.8
FR;0;2021-04-22;280122;197699;13646806;5409947;20.3;8.1
FR;0;2021-04-23;287164;193479;13933970;5603426;20.8;8.3
FR;0;2021-04-24;186645;119147;14120615;5722573;21.0;8.5
FR;0;2021-04-25;67262;41499;14187877;5764072;21.1;8.6
FR;0;2021-04-26;213095;166071;14400972;5930143;21.5;8.8
FR;0;2021-04-27;278163;206484;14679135;6136627;21.9;9.1
FR;0;2021-04-28;291161;203571;14970296;6340198;22.3;9.4
FR;0;2021-04-29;345220;225312;15315516;6565510;22.8;9.8
FR;0;2021-04-30;361093;218321;15676609;6783831;23.4;10.1
FR;0;2021-05-01;158485;61166;15835094;6844997;23.6;10.2
FR;0;2021-05-02;88941;42159;15924035;6887156;23.7;10.3
FR;0;2021-05-03;277464;186424;16201499;7073580;24.1;10.5
FR;0;2021-05-04;303611;246229;16505110;7319809;24.6;10.9
FR;0;2021-05-05;313084;245286;16818194;7565095;25.1;11.3
FR;0;2021-05-06;365285;267963;17183479;7833058;25.6;11.7
FR;0;2021-05-07;358838;293472;17542317;8126530;26.1;12.1
FR;0;2021-05-08;184524;77523;17726841;8204053;26.4;12.2
FR;0;2021-05-09;126826;53912;17853667;8257965;26.6;12.3
FR;0;2021-05-10;292559;250089;18146226;8508054;27.0;12.7
