fra;clage_vacsi;jour;n_dose1;n_complet;n_cum_dose1;n_cum_complet;couv_dose1;couv_complet
FR;24;2020-12-27;1;0;1;0;0.0;0.0
FR;24;2020-12-28;0;0;1;0;0.0;0.0
FR;24;2020-12-29;0;0;1;0;0.0;0.0
FR;24;2020-12-30;0;0;1;0;0.0;0.0
FR;24;2020-12-31;0;0;1;0;0.0;0.0
FR;24;2021-01-01;1;0;2;0;0.0;0.0
FR;24;2021-01-02;0;0;2;0;0.0;0.0
FR;24;2021-01-03;2;0;4;0;0.0;0.0
FR;24;2021-01-04;4;0;8;0;0.0;0.0
FR;24;2021-01-05;17;0;25;0;0.0;0.0
FR;24;2021-01-06;36;0;61;0;0.0;0.0
FR;24;2021-01-07;179;0;240;0;0.0;0.0
FR;24;2021-01-08;216;0;456;0;0.0;0.0
FR;24;2021-01-09;40;0;496;0;0.0;0.0
FR;24;2021-01-10;35;0;531;0;0.0;0.0
FR;24;2021-01-11;249;0;780;0;0.0;0.0
FR;24;2021-01-12;394;0;1174;0;0.0;0.0
FR;24;2021-01-13;474;1;1648;1;0.0;0.0
FR;24;2021-01-14;607;0;2255;1;0.0;0.0
FR;24;2021-01-15;584;0;2839;1;0.1;0.0
FR;24;2021-01-16;116;5;2955;6;0.1;0.0
FR;24;2021-01-17;94;0;3049;6;0.1;0.0
FR;24;2021-01-18;506;1;3555;7;0.1;0.0
FR;24;2021-01-19;593;1;4148;8;0.1;0.0
FR;24;2021-01-20;648;0;4796;8;0.1;0.0
FR;24;2021-01-21;748;2;5544;10;0.1;0.0
FR;24;2021-01-22;597;4;6141;14;0.1;0.0
FR;24;2021-01-23;116;0;6257;14;0.1;0.0
FR;24;2021-01-24;22;1;6279;15;0.1;0.0
FR;24;2021-01-25;293;4;6572;19;0.1;0.0
FR;24;2021-01-26;357;12;6929;31;0.1;0.0
FR;24;2021-01-27;440;14;7369;45;0.1;0.0
FR;24;2021-01-28;594;54;7963;99;0.1;0.0
FR;24;2021-01-29;466;95;8429;194;0.2;0.0
FR;24;2021-01-30;86;17;8515;211;0.2;0.0
FR;24;2021-01-31;25;13;8540;224;0.2;0.0
FR;24;2021-02-01;155;152;8695;376;0.2;0.0
FR;24;2021-02-02;213;205;8908;581;0.2;0.0
FR;24;2021-02-03;215;227;9123;808;0.2;0.0
FR;24;2021-02-04;357;410;9480;1218;0.2;0.0
FR;24;2021-02-05;343;359;9823;1577;0.2;0.0
FR;24;2021-02-06;82;64;9905;1641;0.2;0.0
FR;24;2021-02-07;168;43;10073;1684;0.2;0.0
FR;24;2021-02-08;388;405;10461;2089;0.2;0.0
FR;24;2021-02-09;740;518;11201;2607;0.2;0.0
FR;24;2021-02-10;1068;680;12269;3287;0.2;0.1
FR;24;2021-02-11;1557;795;13826;4082;0.3;0.1
FR;24;2021-02-12;1594;568;15420;4650;0.3;0.1
FR;24;2021-02-13;289;82;15709;4732;0.3;0.1
FR;24;2021-02-14;58;23;15767;4755;0.3;0.1
FR;24;2021-02-15;1021;367;16788;5122;0.3;0.1
FR;24;2021-02-16;1544;446;18332;5568;0.3;0.1
FR;24;2021-02-17;1477;501;19809;6069;0.4;0.1
FR;24;2021-02-18;1908;660;21717;6729;0.4;0.1
FR;24;2021-02-19;1839;552;23556;7281;0.4;0.1
FR;24;2021-02-20;324;74;23880;7355;0.4;0.1
FR;24;2021-02-21;38;11;23918;7366;0.4;0.1
FR;24;2021-02-22;1144;241;25062;7607;0.5;0.1
FR;24;2021-02-23;1557;329;26619;7936;0.5;0.1
FR;24;2021-02-24;1639;318;28258;8254;0.5;0.2
FR;24;2021-02-25;2240;393;30498;8647;0.6;0.2
FR;24;2021-02-26;2153;332;32651;8979;0.6;0.2
FR;24;2021-02-27;526;85;33177;9064;0.6;0.2
FR;24;2021-02-28;90;13;33267;9077;0.6;0.2
FR;24;2021-03-01;1233;191;34500;9268;0.6;0.2
FR;24;2021-03-02;1634;286;36134;9554;0.7;0.2
FR;24;2021-03-03;1734;302;37868;9856;0.7;0.2
FR;24;2021-03-04;2085;509;39953;10365;0.7;0.2
FR;24;2021-03-05;3249;398;43202;10763;0.8;0.2
FR;24;2021-03-06;1688;86;44890;10849;0.8;0.2
FR;24;2021-03-07;972;16;45862;10865;0.8;0.2
FR;24;2021-03-08;1941;164;47803;11029;0.9;0.2
FR;24;2021-03-09;2586;233;50389;11262;0.9;0.2
FR;24;2021-03-10;2393;292;52782;11554;1.0;0.2
FR;24;2021-03-11;2887;453;55669;12007;1.0;0.2
FR;24;2021-03-12;3790;360;59459;12367;1.1;0.2
FR;24;2021-03-13;1466;69;60925;12436;1.1;0.2
FR;24;2021-03-14;529;21;61454;12457;1.1;0.2
FR;24;2021-03-15;1815;177;63269;12634;1.2;0.2
FR;24;2021-03-16;820;272;64089;12906;1.2;0.2
FR;24;2021-03-17;1066;310;65155;13216;1.2;0.2
FR;24;2021-03-18;1295;399;66450;13615;1.2;0.3
FR;24;2021-03-19;1858;332;68308;13947;1.3;0.3
FR;24;2021-03-20;824;74;69132;14021;1.3;0.3
FR;24;2021-03-21;631;35;69763;14056;1.3;0.3
FR;24;2021-03-22;1494;238;71257;14294;1.3;0.3
FR;24;2021-03-23;1790;364;73047;14658;1.3;0.3
FR;24;2021-03-24;2145;336;75192;14994;1.4;0.3
FR;24;2021-03-25;2552;451;77744;15445;1.4;0.3
FR;24;2021-03-26;3145;448;80889;15893;1.5;0.3
FR;24;2021-03-27;1880;177;82769;16070;1.5;0.3
FR;24;2021-03-28;1008;55;83777;16125;1.5;0.3
FR;24;2021-03-29;2376;322;86153;16447;1.6;0.3
FR;24;2021-03-30;3520;474;89673;16921;1.7;0.3
FR;24;2021-03-31;4023;473;93696;17394;1.7;0.3
FR;24;2021-04-01;5317;688;99013;18082;1.8;0.3
FR;24;2021-04-02;4375;589;103388;18671;1.9;0.3
FR;24;2021-04-03;1722;323;105110;18994;1.9;0.4
FR;24;2021-04-04;954;118;106064;19112;2.0;0.4
FR;24;2021-04-05;1084;123;107148;19235;2.0;0.4
FR;24;2021-04-06;3483;586;110631;19821;2.0;0.4
FR;24;2021-04-07;4689;738;115320;20559;2.1;0.4
FR;24;2021-04-08;6187;1052;121507;21611;2.2;0.4
FR;24;2021-04-09;5641;985;127148;22596;2.3;0.4
FR;24;2021-04-10;2603;527;129751;23123;2.4;0.4
FR;24;2021-04-11;1237;292;130988;23415;2.4;0.4
FR;24;2021-04-12;3344;899;134332;24314;2.5;0.4
FR;24;2021-04-13;4648;1081;138980;25395;2.6;0.5
FR;24;2021-04-14;4745;1287;143725;26682;2.6;0.5
FR;24;2021-04-15;5007;1564;148732;28246;2.7;0.5
FR;24;2021-04-16;4664;1679;153396;29925;2.8;0.6
FR;24;2021-04-17;2086;811;155482;30736;2.9;0.6
FR;24;2021-04-18;713;489;156195;31225;2.9;0.6
FR;24;2021-04-19;2870;1549;159065;32774;2.9;0.6
FR;24;2021-04-20;3037;2232;162102;35006;3.0;0.6
FR;24;2021-04-21;3318;2590;165420;37596;3.0;0.7
FR;24;2021-04-22;3944;3330;169364;40926;3.1;0.8
FR;24;2021-04-23;4049;3421;173413;44347;3.2;0.8
FR;24;2021-04-24;2356;1657;175769;46004;3.2;0.8
FR;24;2021-04-25;1201;861;176970;46865;3.3;0.9
FR;24;2021-04-26;2982;2438;179952;49303;3.3;0.9
FR;24;2021-04-27;3797;3280;183749;52583;3.4;1.0
FR;24;2021-04-28;4159;3686;187908;56269;3.5;1.0
FR;24;2021-04-29;5156;4284;193064;60553;3.6;1.1
FR;24;2021-04-30;5826;4423;198890;64976;3.7;1.2
FR;24;2021-05-01;3615;1022;202505;65998;3.7;1.2
FR;24;2021-05-02;2675;856;205180;66854;3.8;1.2
FR;24;2021-05-03;5974;2898;211154;69752;3.9;1.3
FR;24;2021-05-04;7066;4261;218220;74013;4.0;1.4
FR;29;2020-12-27;0;0;0;0;0.0;0.0
FR;29;2020-12-28;1;0;1;0;0.0;0.0
FR;29;2020-12-29;0;0;1;0;0.0;0.0
FR;29;2020-12-30;0;0;1;0;0.0;0.0
FR;29;2020-12-31;0;0;1;0;0.0;0.0
FR;29;2021-01-01;2;0;3;0;0.0;0.0
FR;29;2021-01-02;2;0;5;0;0.0;0.0
FR;29;2021-01-03;2;0;7;0;0.0;0.0
FR;29;2021-01-04;10;0;17;0;0.0;0.0
FR;29;2021-01-05;42;0;59;0;0.0;0.0
FR;29;2021-01-06;142;0;201;0;0.0;0.0
FR;29;2021-01-07;305;0;506;0;0.0;0.0
FR;29;2021-01-08;514;0;1020;0;0.0;0.0
FR;29;2021-01-09;113;0;1133;0;0.0;0.0
FR;29;2021-01-10;91;0;1224;0;0.0;0.0
FR;29;2021-01-11;640;1;1864;1;0.1;0.0
FR;29;2021-01-12;922;3;2786;4;0.1;0.0
FR;29;2021-01-13;1202;2;3988;6;0.1;0.0
FR;29;2021-01-14;1549;3;5537;9;0.1;0.0
FR;29;2021-01-15;1297;1;6834;10;0.2;0.0
FR;29;2021-01-16;192;9;7026;19;0.2;0.0
FR;29;2021-01-17;158;0;7184;19;0.2;0.0
FR;29;2021-01-18;1038;2;8222;21;0.2;0.0
FR;29;2021-01-19;1141;4;9363;25;0.3;0.0
FR;29;2021-01-20;1188;2;10551;27;0.3;0.0
FR;29;2021-01-21;1443;4;11994;31;0.3;0.0
FR;29;2021-01-22;1138;2;13132;33;0.4;0.0
FR;29;2021-01-23;166;0;13298;33;0.4;0.0
FR;29;2021-01-24;51;1;13349;34;0.4;0.0
FR;29;2021-01-25;531;12;13880;46;0.4;0.0
FR;29;2021-01-26;654;34;14534;80;0.4;0.0
FR;29;2021-01-27;716;72;15250;152;0.4;0.0
FR;29;2021-01-28;1029;140;16279;292;0.4;0.0
FR;29;2021-01-29;799;178;17078;470;0.5;0.0
FR;29;2021-01-30;140;39;17218;509;0.5;0.0
FR;29;2021-01-31;33;33;17251;542;0.5;0.0
FR;29;2021-02-01;260;321;17511;863;0.5;0.0
FR;29;2021-02-02;402;446;17913;1309;0.5;0.0
FR;29;2021-02-03;452;532;18365;1841;0.5;0.0
FR;29;2021-02-04;604;820;18969;2661;0.5;0.1
FR;29;2021-02-05;528;812;19497;3473;0.5;0.1
FR;29;2021-02-06;140;116;19637;3589;0.5;0.1
FR;29;2021-02-07;304;76;19941;3665;0.5;0.1
FR;29;2021-02-08;599;891;20540;4556;0.6;0.1
FR;29;2021-02-09;1241;1172;21781;5728;0.6;0.2
FR;29;2021-02-10;1693;1347;23474;7075;0.6;0.2
FR;29;2021-02-11;2435;1614;25909;8689;0.7;0.2
FR;29;2021-02-12;2185;1256;28094;9945;0.8;0.3
FR;29;2021-02-13;421;128;28515;10073;0.8;0.3
FR;29;2021-02-14;129;60;28644;10133;0.8;0.3
FR;29;2021-02-15;1546;795;30190;10928;0.8;0.3
FR;29;2021-02-16;1898;924;32088;11852;0.9;0.3
FR;29;2021-02-17;1868;968;33956;12820;0.9;0.3
FR;29;2021-02-18;2363;1212;36319;14032;1.0;0.4
FR;29;2021-02-19;2306;931;38625;14963;1.0;0.4
FR;29;2021-02-20;379;99;39004;15062;1.0;0.4
FR;29;2021-02-21;86;24;39090;15086;1.1;0.4
FR;29;2021-02-22;1339;463;40429;15549;1.1;0.4
FR;29;2021-02-23;1743;624;42172;16173;1.1;0.4
FR;29;2021-02-24;1772;512;43944;16685;1.2;0.4
FR;29;2021-02-25;2366;772;46310;17457;1.2;0.5
FR;29;2021-02-26;2547;587;48857;18044;1.3;0.5
FR;29;2021-02-27;600;96;49457;18140;1.3;0.5
FR;29;2021-02-28;111;28;49568;18168;1.3;0.5
FR;29;2021-03-01;1262;306;50830;18474;1.4;0.5
FR;29;2021-03-02;1772;536;52602;19010;1.4;0.5
FR;29;2021-03-03;1960;508;54562;19518;1.5;0.5
FR;29;2021-03-04;2427;762;56989;20280;1.5;0.5
FR;29;2021-03-05;3574;595;60563;20875;1.6;0.6
FR;29;2021-03-06;1603;98;62166;20973;1.7;0.6
FR;29;2021-03-07;818;33;62984;21006;1.7;0.6
FR;29;2021-03-08;1924;285;64908;21291;1.7;0.6
FR;29;2021-03-09;2624;350;67532;21641;1.8;0.6
FR;29;2021-03-10;2511;438;70043;22079;1.9;0.6
FR;29;2021-03-11;3296;715;73339;22794;2.0;0.6
FR;29;2021-03-12;3917;630;77256;23424;2.1;0.6
FR;29;2021-03-13;1612;88;78868;23512;2.1;0.6
FR;29;2021-03-14;560;30;79428;23542;2.1;0.6
FR;29;2021-03-15;1869;260;81297;23802;2.2;0.6
FR;29;2021-03-16;1109;446;82406;24248;2.2;0.7
FR;29;2021-03-17;1369;490;83775;24738;2.3;0.7
FR;29;2021-03-18;1638;592;85413;25330;2.3;0.7
FR;29;2021-03-19;2215;478;87628;25808;2.4;0.7
FR;29;2021-03-20;987;104;88615;25912;2.4;0.7
FR;29;2021-03-21;724;31;89339;25943;2.4;0.7
FR;29;2021-03-22;1651;331;90990;26274;2.4;0.7
FR;29;2021-03-23;2198;542;93188;26816;2.5;0.7
FR;29;2021-03-24;2517;498;95705;27314;2.6;0.7
FR;29;2021-03-25;3359;621;99064;27935;2.7;0.8
FR;29;2021-03-26;3700;602;102764;28537;2.8;0.8
FR;29;2021-03-27;2137;217;104901;28754;2.8;0.8
FR;29;2021-03-28;962;52;105863;28806;2.8;0.8
FR;29;2021-03-29;2695;458;108558;29264;2.9;0.8
FR;29;2021-03-30;3905;647;112463;29911;3.0;0.8
FR;29;2021-03-31;4386;714;116849;30625;3.1;0.8
FR;29;2021-04-01;5766;939;122615;31564;3.3;0.8
FR;29;2021-04-02;4833;842;127448;32406;3.4;0.9
FR;29;2021-04-03;1744;299;129192;32705;3.5;0.9
FR;29;2021-04-04;895;108;130087;32813;3.5;0.9
FR;29;2021-04-05;911;97;130998;32910;3.5;0.9
FR;29;2021-04-06;3431;764;134429;33674;3.6;0.9
FR;29;2021-04-07;4437;1013;138866;34687;3.7;0.9
FR;29;2021-04-08;6113;1372;144979;36059;3.9;1.0
FR;29;2021-04-09;6165;1226;151144;37285;4.1;1.0
FR;29;2021-04-10;2625;577;153769;37862;4.1;1.0
FR;29;2021-04-11;1153;315;154922;38177;4.2;1.0
FR;29;2021-04-12;3512;974;158434;39151;4.3;1.1
FR;29;2021-04-13;4745;1403;163179;40554;4.4;1.1
FR;29;2021-04-14;4609;1488;167788;42042;4.5;1.1
FR;29;2021-04-15;5409;1826;173197;43868;4.7;1.2
FR;29;2021-04-16;4646;1871;177843;45739;4.8;1.2
FR;29;2021-04-17;2197;913;180040;46652;4.8;1.3
FR;29;2021-04-18;757;536;180797;47188;4.9;1.3
FR;29;2021-04-19;2797;1790;183594;48978;4.9;1.3
FR;29;2021-04-20;3405;2571;186999;51549;5.0;1.4
FR;29;2021-04-21;3338;2939;190337;54488;5.1;1.5
FR;29;2021-04-22;4344;4079;194681;58567;5.2;1.6
FR;29;2021-04-23;4421;3880;199102;62447;5.4;1.7
FR;29;2021-04-24;2659;1802;201761;64249;5.4;1.7
FR;29;2021-04-25;1163;745;202924;64994;5.5;1.7
FR;29;2021-04-26;2861;2733;205785;67727;5.5;1.8
FR;29;2021-04-27;3885;3724;209670;71451;5.6;1.9
FR;29;2021-04-28;4441;3946;214111;75397;5.8;2.0
FR;29;2021-04-29;5547;4821;219658;80218;5.9;2.2
FR;29;2021-04-30;6091;4977;225749;85195;6.1;2.3
FR;29;2021-05-01;3888;1132;229637;86327;6.2;2.3
FR;29;2021-05-02;2550;867;232187;87194;6.2;2.3
FR;29;2021-05-03;6538;2970;238725;90164;6.4;2.4
FR;29;2021-05-04;7691;4597;246416;94761;6.6;2.5
FR;39;2020-12-27;0;0;0;0;0.0;0.0
FR;39;2020-12-28;0;0;0;0;0.0;0.0
FR;39;2020-12-29;1;0;1;0;0.0;0.0
FR;39;2020-12-30;3;0;4;0;0.0;0.0
FR;39;2020-12-31;1;0;5;0;0.0;0.0
FR;39;2021-01-01;4;0;9;0;0.0;0.0
FR;39;2021-01-02;0;0;9;0;0.0;0.0
FR;39;2021-01-03;2;0;11;0;0.0;0.0
FR;39;2021-01-04;23;0;34;0;0.0;0.0
FR;39;2021-01-05;139;0;173;0;0.0;0.0
FR;39;2021-01-06;384;0;557;0;0.0;0.0
FR;39;2021-01-07;1171;4;1728;4;0.0;0.0
FR;39;2021-01-08;1774;2;3502;6;0.0;0.0
FR;39;2021-01-09;472;0;3974;6;0.0;0.0
FR;39;2021-01-10;307;0;4281;6;0.1;0.0
FR;39;2021-01-11;2193;3;6474;9;0.1;0.0
FR;39;2021-01-12;3377;3;9851;12;0.1;0.0
FR;39;2021-01-13;3461;4;13312;16;0.2;0.0
FR;39;2021-01-14;4747;3;18059;19;0.2;0.0
FR;39;2021-01-15;4350;0;22409;19;0.3;0.0
FR;39;2021-01-16;768;54;23177;73;0.3;0.0
FR;39;2021-01-17;487;2;23664;75;0.3;0.0
FR;39;2021-01-18;3060;10;26724;85;0.3;0.0
FR;39;2021-01-19;3976;10;30700;95;0.4;0.0
FR;39;2021-01-20;3873;6;34573;101;0.4;0.0
FR;39;2021-01-21;5100;15;39673;116;0.5;0.0
FR;39;2021-01-22;3912;15;43585;131;0.5;0.0
FR;39;2021-01-23;587;3;44172;134;0.5;0.0
FR;39;2021-01-24;181;0;44353;134;0.5;0.0
FR;39;2021-01-25;1579;42;45932;176;0.6;0.0
FR;39;2021-01-26;2145;101;48077;277;0.6;0.0
FR;39;2021-01-27;2272;233;50349;510;0.6;0.0
FR;39;2021-01-28;3460;540;53809;1050;0.6;0.0
FR;39;2021-01-29;2664;773;56473;1823;0.7;0.0
FR;39;2021-01-30;393;220;56866;2043;0.7;0.0
FR;39;2021-01-31;89;84;56955;2127;0.7;0.0
FR;39;2021-02-01;745;1177;57700;3304;0.7;0.0
FR;39;2021-02-02;1319;1890;59019;5194;0.7;0.1
FR;39;2021-02-03;1346;1835;60365;7029;0.7;0.1
FR;39;2021-02-04;1952;2952;62317;9981;0.8;0.1
FR;39;2021-02-05;1626;3016;63943;12997;0.8;0.2
FR;39;2021-02-06;391;453;64334;13450;0.8;0.2
FR;39;2021-02-07;551;260;64885;13710;0.8;0.2
FR;39;2021-02-08;1501;2579;66386;16289;0.8;0.2
FR;39;2021-02-09;3150;3816;69536;20105;0.8;0.2
FR;39;2021-02-10;3829;4002;73365;24107;0.9;0.3
FR;39;2021-02-11;6100;5544;79465;29651;1.0;0.4
FR;39;2021-02-12;5727;4187;85192;33838;1.0;0.4
FR;39;2021-02-13;1224;501;86416;34339;1.0;0.4
FR;39;2021-02-14;381;217;86797;34556;1.0;0.4
FR;39;2021-02-15;3359;2333;90156;36889;1.1;0.4
FR;39;2021-02-16;4385;2841;94541;39730;1.1;0.5
FR;39;2021-02-17;3958;2907;98499;42637;1.2;0.5
FR;39;2021-02-18;5910;4120;104409;46757;1.3;0.6
FR;39;2021-02-19;5769;3070;110178;49827;1.3;0.6
FR;39;2021-02-20;1126;408;111304;50235;1.3;0.6
FR;39;2021-02-21;183;78;111487;50313;1.3;0.6
FR;39;2021-02-22;2939;1443;114426;51756;1.4;0.6
FR;39;2021-02-23;3852;1787;118278;53543;1.4;0.6
FR;39;2021-02-24;3676;1652;121954;55195;1.5;0.7
FR;39;2021-02-25;5518;2246;127472;57441;1.5;0.7
FR;39;2021-02-26;6029;1748;133501;59189;1.6;0.7
FR;39;2021-02-27;1640;275;135141;59464;1.6;0.7
FR;39;2021-02-28;239;76;135380;59540;1.6;0.7
FR;39;2021-03-01;2894;879;138274;60419;1.7;0.7
FR;39;2021-03-02;4174;1564;142448;61983;1.7;0.7
FR;39;2021-03-03;4184;1375;146632;63358;1.8;0.8
FR;39;2021-03-04;6182;2451;152814;65809;1.8;0.8
FR;39;2021-03-05;9047;1896;161861;67705;2.0;0.8
FR;39;2021-03-06;4850;287;166711;67992;2.0;0.8
FR;39;2021-03-07;2629;70;169340;68062;2.0;0.8
FR;39;2021-03-08;4640;813;173980;68875;2.1;0.8
FR;39;2021-03-09;6806;1263;180786;70138;2.2;0.8
FR;39;2021-03-10;6009;1381;186795;71519;2.3;0.9
FR;39;2021-03-11;8567;2277;195362;73796;2.4;0.9
FR;39;2021-03-12;11317;1878;206679;75674;2.5;0.9
FR;39;2021-03-13;5192;312;211871;75986;2.6;0.9
FR;39;2021-03-14;1733;63;213604;76049;2.6;0.9
FR;39;2021-03-15;4736;811;218340;76860;2.6;0.9
FR;39;2021-03-16;3343;1257;221683;78117;2.7;0.9
FR;39;2021-03-17;3423;1329;225106;79446;2.7;1.0
FR;39;2021-03-18;4621;1868;229727;81314;2.8;1.0
FR;39;2021-03-19;6215;1415;235942;82729;2.8;1.0
FR;39;2021-03-20;3162;296;239104;83025;2.9;1.0
FR;39;2021-03-21;2066;89;241170;83114;2.9;1.0
FR;39;2021-03-22;4422;929;245592;84043;3.0;1.0
FR;39;2021-03-23;6134;1472;251726;85515;3.0;1.0
FR;39;2021-03-24;6270;1228;257996;86743;3.1;1.0
FR;39;2021-03-25;8995;1605;266991;88348;3.2;1.1
FR;39;2021-03-26;10582;1485;277573;89833;3.3;1.1
FR;39;2021-03-27;5973;574;283546;90407;3.4;1.1
FR;39;2021-03-28;2730;162;286276;90569;3.5;1.1
FR;39;2021-03-29;7049;1092;293325;91661;3.5;1.1
FR;39;2021-03-30;10389;1702;303714;93363;3.7;1.1
FR;39;2021-03-31;10967;1672;314681;95035;3.8;1.1
FR;39;2021-04-01;14764;2515;329445;97550;4.0;1.2
FR;39;2021-04-02;13125;2373;342570;99923;4.1;1.2
FR;39;2021-04-03;5560;991;348130;100914;4.2;1.2
FR;39;2021-04-04;2513;329;350643;101243;4.2;1.2
FR;39;2021-04-05;2517;278;353160;101521;4.3;1.2
FR;39;2021-04-06;9125;2350;362285;103871;4.4;1.3
FR;39;2021-04-07;11995;2596;374280;106467;4.5;1.3
FR;39;2021-04-08;16477;3572;390757;110039;4.7;1.3
FR;39;2021-04-09;16561;3425;407318;113464;4.9;1.4
FR;39;2021-04-10;7360;1858;414678;115322;5.0;1.4
FR;39;2021-04-11;2963;918;417641;116240;5.0;1.4
FR;39;2021-04-12;9463;2670;427104;118910;5.1;1.4
FR;39;2021-04-13;12696;3810;439800;122720;5.3;1.5
FR;39;2021-04-14;12541;3827;452341;126547;5.5;1.5
FR;39;2021-04-15;14337;4834;466678;131381;5.6;1.6
FR;39;2021-04-16;12458;5339;479136;136720;5.8;1.6
FR;39;2021-04-17;6024;2727;485160;139447;5.8;1.7
FR;39;2021-04-18;2229;1580;487389;141027;5.9;1.7
FR;39;2021-04-19;7762;4703;495151;145730;6.0;1.8
FR;39;2021-04-20;9205;6877;504356;152607;6.1;1.8
FR;39;2021-04-21;9977;7483;514333;160090;6.2;1.9
FR;39;2021-04-22;11604;10765;525937;170855;6.3;2.1
FR;39;2021-04-23;11793;10726;537730;181581;6.5;2.2
FR;39;2021-04-24;7730;5018;545460;186599;6.6;2.2
FR;39;2021-04-25;3410;2170;548870;188769;6.6;2.3
FR;39;2021-04-26;8322;7403;557192;196172;6.7;2.4
FR;39;2021-04-27;11546;9659;568738;205831;6.9;2.5
FR;39;2021-04-28;12775;9857;581513;215688;7.0;2.6
FR;39;2021-04-29;16372;12637;597885;228325;7.2;2.8
FR;39;2021-04-30;18848;12923;616733;241248;7.4;2.9
FR;39;2021-05-01;12721;3369;629454;244617;7.6;2.9
FR;39;2021-05-02;9183;2392;638637;247009;7.7;3.0
FR;39;2021-05-03;21618;8561;660255;255570;8.0;3.1
FR;39;2021-05-04;25780;12812;686035;268382;8.3;3.2
FR;49;2020-12-27;1;0;1;0;0.0;0.0
FR;49;2020-12-28;1;0;2;0;0.0;0.0
FR;49;2020-12-29;1;0;3;0;0.0;0.0
FR;49;2020-12-30;6;0;9;0;0.0;0.0
FR;49;2020-12-31;1;0;10;0;0.0;0.0
FR;49;2021-01-01;3;0;13;0;0.0;0.0
FR;49;2021-01-02;9;0;22;0;0.0;0.0
FR;49;2021-01-03;4;0;26;0;0.0;0.0
FR;49;2021-01-04;85;0;111;0;0.0;0.0
FR;49;2021-01-05;332;0;443;0;0.0;0.0
FR;49;2021-01-06;853;1;1296;1;0.0;0.0
FR;49;2021-01-07;2150;2;3446;3;0.0;0.0
FR;49;2021-01-08;3334;3;6780;6;0.1;0.0
FR;49;2021-01-09;998;0;7778;6;0.1;0.0
FR;49;2021-01-10;473;0;8251;6;0.1;0.0
FR;49;2021-01-11;4142;3;12393;9;0.1;0.0
FR;49;2021-01-12;5820;4;18213;13;0.2;0.0
FR;49;2021-01-13;6120;1;24333;14;0.3;0.0
FR;49;2021-01-14;8300;7;32633;21;0.4;0.0
FR;49;2021-01-15;7558;3;40191;24;0.5;0.0
FR;49;2021-01-16;1415;75;41606;99;0.5;0.0
FR;49;2021-01-17;619;3;42225;102;0.5;0.0
FR;49;2021-01-18;5043;11;47268;113;0.6;0.0
FR;49;2021-01-19;6767;8;54035;121;0.6;0.0
FR;49;2021-01-20;6584;11;60619;132;0.7;0.0
FR;49;2021-01-21;8326;16;68945;148;0.8;0.0
FR;49;2021-01-22;6217;23;75162;171;0.9;0.0
FR;49;2021-01-23;1007;9;76169;180;0.9;0.0
FR;49;2021-01-24;280;3;76449;183;0.9;0.0
FR;49;2021-01-25;2590;104;79039;287;0.9;0.0
FR;49;2021-01-26;3690;238;82729;525;1.0;0.0
FR;49;2021-01-27;3963;444;86692;969;1.0;0.0
FR;49;2021-01-28;5505;1113;92197;2082;1.1;0.0
FR;49;2021-01-29;4378;1719;96575;3801;1.1;0.0
FR;49;2021-01-30;688;393;97263;4194;1.1;0.0
FR;49;2021-01-31;137;143;97400;4337;1.1;0.1
FR;49;2021-02-01;1358;2352;98758;6689;1.1;0.1
FR;49;2021-02-02;2253;3660;101011;10349;1.2;0.1
FR;49;2021-02-03;2284;3674;103295;14023;1.2;0.2
FR;49;2021-02-04;3314;5464;106609;19487;1.2;0.2
FR;49;2021-02-05;2758;5471;109367;24958;1.3;0.3
FR;49;2021-02-06;560;904;109927;25862;1.3;0.3
FR;49;2021-02-07;519;365;110446;26227;1.3;0.3
FR;49;2021-02-08;1924;4383;112370;30610;1.3;0.4
FR;49;2021-02-09;4320;6414;116690;37024;1.4;0.4
FR;49;2021-02-10;5425;6771;122115;43795;1.4;0.5
FR;49;2021-02-11;7899;8918;130014;52713;1.5;0.6
FR;49;2021-02-12;7223;6717;137237;59430;1.6;0.7
FR;49;2021-02-13;1678;912;138915;60342;1.6;0.7
FR;49;2021-02-14;401;350;139316;60692;1.6;0.7
FR;49;2021-02-15;4075;3711;143391;64403;1.7;0.7
FR;49;2021-02-16;5343;4778;148734;69181;1.7;0.8
FR;49;2021-02-17;5094;4862;153828;74043;1.8;0.9
FR;49;2021-02-18;7376;6416;161204;80459;1.9;0.9
FR;49;2021-02-19;6983;4975;168187;85434;2.0;1.0
FR;49;2021-02-20;1470;666;169657;86100;2.0;1.0
FR;49;2021-02-21;275;149;169932;86249;2.0;1.0
FR;49;2021-02-22;3486;2292;173418;88541;2.0;1.0
FR;49;2021-02-23;4792;2978;178210;91519;2.1;1.1
FR;49;2021-02-24;4849;2847;183059;94366;2.1;1.1
FR;49;2021-02-25;7473;3864;190532;98230;2.2;1.1
FR;49;2021-02-26;8182;2930;198714;101160;2.3;1.2
FR;49;2021-02-27;2658;518;201372;101678;2.3;1.2
FR;49;2021-02-28;328;93;201700;101771;2.3;1.2
FR;49;2021-03-01;3744;1431;205444;103202;2.4;1.2
FR;49;2021-03-02;5697;2399;211141;105601;2.5;1.2
FR;49;2021-03-03;5932;2418;217073;108019;2.5;1.3
FR;49;2021-03-04;8764;3623;225837;111642;2.6;1.3
FR;49;2021-03-05;12391;2933;238228;114575;2.8;1.3
FR;49;2021-03-06;8438;449;246666;115024;2.9;1.3
FR;49;2021-03-07;4659;108;251325;115132;2.9;1.3
FR;49;2021-03-08;6322;1238;257647;116370;3.0;1.4
FR;49;2021-03-09;9414;1847;267061;118217;3.1;1.4
FR;49;2021-03-10;8830;2044;275891;120261;3.2;1.4
FR;49;2021-03-11;12601;3076;288492;123337;3.4;1.4
FR;49;2021-03-12;16279;2553;304771;125890;3.5;1.5
FR;49;2021-03-13;9470;469;314241;126359;3.7;1.5
FR;49;2021-03-14;3122;128;317363;126487;3.7;1.5
FR;49;2021-03-15;6810;1133;324173;127620;3.8;1.5
FR;49;2021-03-16;4597;1848;328770;129468;3.8;1.5
FR;49;2021-03-17;5142;1742;333912;131210;3.9;1.5
FR;49;2021-03-18;6504;2540;340416;133750;4.0;1.6
FR;49;2021-03-19;9417;1919;349833;135669;4.1;1.6
FR;49;2021-03-20;5851;485;355684;136154;4.1;1.6
FR;49;2021-03-21;3139;114;358823;136268;4.2;1.6
FR;49;2021-03-22;6257;1218;365080;137486;4.2;1.6
FR;49;2021-03-23;8546;1923;373626;139409;4.3;1.6
FR;49;2021-03-24;9452;1761;383078;141170;4.5;1.6
FR;49;2021-03-25;12258;2226;395336;143396;4.6;1.7
FR;49;2021-03-26;14620;2036;409956;145432;4.8;1.7
FR;49;2021-03-27;9319;741;419275;146173;4.9;1.7
FR;49;2021-03-28;3845;250;423120;146423;4.9;1.7
FR;49;2021-03-29;9740;1571;432860;147994;5.0;1.7
FR;49;2021-03-30;14120;2458;446980;150452;5.2;1.8
FR;49;2021-03-31;15352;2505;462332;152957;5.4;1.8
FR;49;2021-04-01;19482;3601;481814;156558;5.6;1.8
FR;49;2021-04-02;17293;3296;499107;159854;5.8;1.9
FR;49;2021-04-03;9270;1781;508377;161635;5.9;1.9
FR;49;2021-04-04;4103;597;512480;162232;6.0;1.9
FR;49;2021-04-05;4180;443;516660;162675;6.0;1.9
FR;49;2021-04-06;13030;3535;529690;166210;6.2;1.9
FR;49;2021-04-07;17376;3984;547066;170194;6.4;2.0
FR;49;2021-04-08;21920;5017;568986;175211;6.6;2.0
FR;49;2021-04-09;23061;5147;592047;180358;6.9;2.1
FR;49;2021-04-10;12323;3237;604370;183595;7.0;2.1
FR;49;2021-04-11;4434;1572;608804;185167;7.1;2.2
FR;49;2021-04-12;13960;3595;622764;188762;7.2;2.2
FR;49;2021-04-13;18364;5400;641128;194162;7.5;2.3
FR;49;2021-04-14;18997;5912;660125;200074;7.7;2.3
FR;49;2021-04-15;19765;6954;679890;207028;7.9;2.4
FR;49;2021-04-16;17051;7400;696941;214428;8.1;2.5
FR;49;2021-04-17;9735;4629;706676;219057;8.2;2.5
FR;49;2021-04-18;3321;2258;709997;221315;8.3;2.6
FR;49;2021-04-19;11768;6291;721765;227606;8.4;2.6
FR;49;2021-04-20;13820;9143;735585;236749;8.6;2.8
FR;49;2021-04-21;15437;10460;751022;247209;8.7;2.9
FR;49;2021-04-22;17109;13551;768131;260760;8.9;3.0
FR;49;2021-04-23;17337;14234;785468;274994;9.1;3.2
FR;49;2021-04-24;12456;7728;797924;282722;9.3;3.3
FR;49;2021-04-25;5259;3092;803183;285814;9.3;3.3
FR;49;2021-04-26;13106;10326;816289;296140;9.5;3.4
FR;49;2021-04-27;18124;13097;834413;309237;9.7;3.6
FR;49;2021-04-28;21833;14229;856246;323466;10.0;3.8
FR;49;2021-04-29;26150;16854;882396;340320;10.3;4.0
FR;49;2021-04-30;30261;17475;912657;357795;10.6;4.2
FR;49;2021-05-01;22999;5426;935656;363221;10.9;4.2
FR;49;2021-05-02;16309;3741;951965;366962;11.1;4.3
FR;49;2021-05-03;38137;12513;990102;379475;11.5;4.4
FR;49;2021-05-04;44668;18892;1034770;398367;12.0;4.6
FR;59;2020-12-27;2;0;2;0;0.0;0.0
FR;59;2020-12-28;5;0;7;0;0.0;0.0
FR;59;2020-12-29;2;0;9;0;0.0;0.0
FR;59;2020-12-30;5;0;14;0;0.0;0.0
FR;59;2020-12-31;9;0;23;0;0.0;0.0
FR;59;2021-01-01;18;0;41;0;0.0;0.0
FR;59;2021-01-02;25;0;66;0;0.0;0.0
FR;59;2021-01-03;36;0;102;0;0.0;0.0
FR;59;2021-01-04;589;0;691;0;0.0;0.0
FR;59;2021-01-05;2155;0;2846;0;0.0;0.0
FR;59;2021-01-06;4787;4;7633;4;0.1;0.0
FR;59;2021-01-07;10474;8;18107;12;0.2;0.0
FR;59;2021-01-08;14244;2;32351;14;0.4;0.0
FR;59;2021-01-09;4045;2;36396;16;0.4;0.0
FR;59;2021-01-10;1983;0;38379;16;0.4;0.0
FR;59;2021-01-11;15873;5;54252;21;0.6;0.0
FR;59;2021-01-12;20999;9;75251;30;0.9;0.0
FR;59;2021-01-13;22614;11;97865;41;1.1;0.0
FR;59;2021-01-14;24678;14;122543;55;1.4;0.0
FR;59;2021-01-15;21484;9;144027;64;1.6;0.0
FR;59;2021-01-16;5366;274;149393;338;1.7;0.0
FR;59;2021-01-17;1800;6;151193;344;1.7;0.0
FR;59;2021-01-18;13540;45;164733;389;1.9;0.0
FR;59;2021-01-19;17820;36;182553;425;2.1;0.0
FR;59;2021-01-20;16961;39;199514;464;2.3;0.0
FR;59;2021-01-21;18575;32;218089;496;2.5;0.0
FR;59;2021-01-22;13793;64;231882;560;2.6;0.0
FR;59;2021-01-23;2944;28;234826;588;2.7;0.0
FR;59;2021-01-24;821;34;235647;622;2.7;0.0
FR;59;2021-01-25;6670;695;242317;1317;2.8;0.0
FR;59;2021-01-26;8371;1597;250688;2914;2.9;0.0
FR;59;2021-01-27;8771;2683;259459;5597;3.0;0.1
FR;59;2021-01-28;10398;5773;269857;11370;3.1;0.1
FR;59;2021-01-29;7795;7393;277652;18763;3.2;0.2
FR;59;2021-01-30;1754;1673;279406;20436;3.2;0.2
FR;59;2021-01-31;370;610;279776;21046;3.2;0.2
FR;59;2021-02-01;3139;9922;282915;30968;3.2;0.4
FR;59;2021-02-02;4648;13810;287563;44778;3.3;0.5
FR;59;2021-02-03;4795;14745;292358;59523;3.3;0.7
FR;59;2021-02-04;5834;17763;298192;77286;3.4;0.9
FR;59;2021-02-05;4724;16263;302916;93549;3.4;1.1
FR;59;2021-02-06;1140;3332;304056;96881;3.5;1.1
FR;59;2021-02-07;384;1265;304440;98146;3.5;1.1
FR;59;2021-02-08;2740;13208;307180;111354;3.5;1.3
FR;59;2021-02-09;4884;17703;312064;129057;3.5;1.5
FR;59;2021-02-10;5648;17999;317712;147056;3.6;1.7
FR;59;2021-02-11;7592;20991;325304;168047;3.7;1.9
FR;59;2021-02-12;6690;16290;331994;184337;3.8;2.1
FR;59;2021-02-13;1674;3310;333668;187647;3.8;2.1
FR;59;2021-02-14;358;1000;334026;188647;3.8;2.1
FR;59;2021-02-15;3245;10114;337271;198761;3.8;2.3
FR;59;2021-02-16;4699;12256;341970;211017;3.9;2.4
FR;59;2021-02-17;4917;12620;346887;223637;3.9;2.5
FR;59;2021-02-18;6959;14174;353846;237811;4.0;2.7
FR;59;2021-02-19;6408;10823;360254;248634;4.1;2.8
FR;59;2021-02-20;1394;2003;361648;250637;4.1;2.9
FR;59;2021-02-21;280;479;361928;251116;4.1;2.9
FR;59;2021-02-22;3218;5715;365146;256831;4.2;2.9
FR;59;2021-02-23;4759;6786;369905;263617;4.2;3.0
FR;59;2021-02-24;6776;6271;376681;269888;4.3;3.1
FR;59;2021-02-25;20975;7330;397656;277218;4.5;3.2
FR;59;2021-02-26;28006;5677;425662;282895;4.8;3.2
FR;59;2021-02-27;16929;1362;442591;284257;5.0;3.2
FR;59;2021-02-28;1098;296;443689;284553;5.0;3.2
FR;59;2021-03-01;8669;3077;452358;287630;5.1;3.3
FR;59;2021-03-02;16951;4478;469309;292108;5.3;3.3
FR;59;2021-03-03;20336;4417;489645;296525;5.6;3.4
FR;59;2021-03-04;31725;5761;521370;302286;5.9;3.4
FR;59;2021-03-05;40357;4528;561727;306814;6.4;3.5
FR;59;2021-03-06;35309;1013;597036;307827;6.8;3.5
FR;59;2021-03-07;13879;189;610915;308016;6.9;3.5
FR;59;2021-03-08;12103;2252;623018;310268;7.1;3.5
FR;59;2021-03-09;22562;3297;645580;313565;7.3;3.6
FR;59;2021-03-10;22863;3612;668443;317177;7.6;3.6
FR;59;2021-03-11;33858;4701;702301;321878;8.0;3.7
FR;59;2021-03-12;44940;3768;747241;325646;8.5;3.7
FR;59;2021-03-13;35777;954;783018;326600;8.9;3.7
FR;59;2021-03-14;7141;217;790159;326817;9.0;3.7
FR;59;2021-03-15;14319;1798;804478;328615;9.1;3.7
FR;59;2021-03-16;7842;2531;812320;331146;9.2;3.8
FR;59;2021-03-17;8677;2635;820997;333781;9.3;3.8
FR;59;2021-03-18;10344;3363;831341;337144;9.5;3.8
FR;59;2021-03-19;23261;2879;854602;340023;9.7;3.9
FR;59;2021-03-20;20954;873;875556;340896;10.0;3.9
FR;59;2021-03-21;6252;223;881808;341119;10.0;3.9
FR;59;2021-03-22;15337;2116;897145;343235;10.2;3.9
FR;59;2021-03-23;25196;2998;922341;346233;10.5;3.9
FR;59;2021-03-24;27799;3061;950140;349294;10.8;4.0
FR;59;2021-03-25;37600;3492;987740;352786;11.2;4.0
FR;59;2021-03-26;42493;3398;1030233;356184;11.7;4.1
FR;59;2021-03-27;26693;1482;1056926;357666;12.0;4.1
FR;59;2021-03-28;7501;402;1064427;358068;12.1;4.1
FR;59;2021-03-29;21510;2871;1085937;360939;12.4;4.1
FR;59;2021-03-30;31896;3975;1117833;364914;12.7;4.2
FR;59;2021-03-31;31117;4317;1148950;369231;13.1;4.2
FR;59;2021-04-01;37845;5642;1186795;374873;13.5;4.3
FR;59;2021-04-02;36567;5487;1223362;380360;13.9;4.3
FR;59;2021-04-03;21209;3340;1244571;383700;14.2;4.4
FR;59;2021-04-04;7315;1182;1251886;384882;14.2;4.4
FR;59;2021-04-05;8228;735;1260114;385617;14.3;4.4
FR;59;2021-04-06;25422;5957;1285536;391574;14.6;4.5
FR;59;2021-04-07;33448;6722;1318984;398296;15.0;4.5
FR;59;2021-04-08;44329;8113;1363313;406409;15.5;4.6
FR;59;2021-04-09;59990;8595;1423303;415004;16.2;4.7
FR;59;2021-04-10;36170;6799;1459473;421803;16.6;4.8
FR;59;2021-04-11;9690;3374;1469163;425177;16.7;4.8
FR;59;2021-04-12;34904;6962;1504067;432139;17.1;4.9
FR;59;2021-04-13;49295;9316;1553362;441455;17.7;5.0
FR;59;2021-04-14;49562;9993;1602924;451448;18.2;5.1
FR;59;2021-04-15;58634;11217;1661558;462665;18.9;5.3
FR;59;2021-04-16;62430;12066;1723988;474731;19.6;5.4
FR;59;2021-04-17;41136;9463;1765124;484194;20.1;5.5
FR;59;2021-04-18;12217;4574;1777341;488768;20.2;5.6
FR;59;2021-04-19;32835;10928;1810176;499696;20.6;5.7
FR;59;2021-04-20;43848;14704;1854024;514400;21.1;5.9
FR;59;2021-04-21;46089;16440;1900113;530840;21.6;6.0
FR;59;2021-04-22;54881;19595;1954994;550435;22.2;6.3
FR;59;2021-04-23;63038;20501;2018032;570936;23.0;6.5
FR;59;2021-04-24;47177;15298;2065209;586234;23.5;6.7
FR;59;2021-04-25;16377;5334;2081586;591568;23.7;6.7
FR;59;2021-04-26;40409;17602;2121995;609170;24.1;6.9
FR;59;2021-04-27;55798;22880;2177793;632050;24.8;7.2
FR;59;2021-04-28;63269;25349;2241062;657399;25.5;7.5
FR;59;2021-04-29;76294;30854;2317356;688253;26.4;7.8
FR;59;2021-04-30;90733;35652;2408089;723905;27.4;8.2
FR;59;2021-05-01;42113;10578;2450202;734483;27.9;8.4
FR;59;2021-05-02;23219;7036;2473421;741519;28.1;8.4
FR;59;2021-05-03;61162;22711;2534583;764230;28.8;8.7
FR;59;2021-05-04;68957;32633;2603540;796863;29.6;9.1
FR;64;2020-12-27;1;0;1;0;0.0;0.0
FR;64;2020-12-28;0;0;1;0;0.0;0.0
FR;64;2020-12-29;2;0;3;0;0.0;0.0
FR;64;2020-12-30;5;0;8;0;0.0;0.0
FR;64;2020-12-31;5;0;13;0;0.0;0.0
FR;64;2021-01-01;8;0;21;0;0.0;0.0
FR;64;2021-01-02;11;0;32;0;0.0;0.0
FR;64;2021-01-03;17;0;49;0;0.0;0.0
FR;64;2021-01-04;209;0;258;0;0.0;0.0
FR;64;2021-01-05;889;0;1147;0;0.0;0.0
FR;64;2021-01-06;1683;0;2830;0;0.1;0.0
FR;64;2021-01-07;3645;0;6475;0;0.2;0.0
FR;64;2021-01-08;4839;3;11314;3;0.3;0.0
FR;64;2021-01-09;1946;0;13260;3;0.3;0.0
FR;64;2021-01-10;1022;0;14282;3;0.3;0.0
FR;64;2021-01-11;5242;0;19524;3;0.5;0.0
FR;64;2021-01-12;7084;2;26608;5;0.6;0.0
FR;64;2021-01-13;7410;4;34018;9;0.8;0.0
FR;64;2021-01-14;8532;7;42550;16;1.0;0.0
FR;64;2021-01-15;7061;3;49611;19;1.2;0.0
FR;64;2021-01-16;2197;102;51808;121;1.3;0.0
FR;64;2021-01-17;842;4;52650;125;1.3;0.0
FR;64;2021-01-18;4670;11;57320;136;1.4;0.0
FR;64;2021-01-19;6370;7;63690;143;1.6;0.0
FR;64;2021-01-20;6195;14;69885;157;1.7;0.0
FR;64;2021-01-21;6859;13;76744;170;1.9;0.0
FR;64;2021-01-22;5380;25;82124;195;2.0;0.0
FR;64;2021-01-23;1410;15;83534;210;2.0;0.0
FR;64;2021-01-24;430;23;83964;233;2.0;0.0
FR;64;2021-01-25;2760;221;86724;454;2.1;0.0
FR;64;2021-01-26;3505;581;90229;1035;2.2;0.0
FR;64;2021-01-27;3745;992;93974;2027;2.3;0.0
FR;64;2021-01-28;4543;2048;98517;4075;2.4;0.1
FR;64;2021-01-29;3509;2555;102026;6630;2.5;0.2
FR;64;2021-01-30;837;782;102863;7412;2.5;0.2
FR;64;2021-01-31;172;341;103035;7753;2.5;0.2
FR;64;2021-02-01;1508;3251;104543;11004;2.5;0.3
FR;64;2021-02-02;2136;4615;106679;15619;2.6;0.4
FR;64;2021-02-03;2298;4750;108977;20369;2.7;0.5
FR;64;2021-02-04;2777;6146;111754;26515;2.7;0.6
FR;64;2021-02-05;2165;5501;113919;32016;2.8;0.8
FR;64;2021-02-06;651;1546;114570;33562;2.8;0.8
FR;64;2021-02-07;163;678;114733;34240;2.8;0.8
FR;64;2021-02-08;1478;4614;116211;38854;2.8;0.9
FR;64;2021-02-09;2335;6369;118546;45223;2.9;1.1
FR;64;2021-02-10;2558;6473;121104;51696;3.0;1.3
FR;64;2021-02-11;3443;7341;124547;59037;3.0;1.4
FR;64;2021-02-12;3088;5571;127635;64608;3.1;1.6
FR;64;2021-02-13;828;1396;128463;66004;3.1;1.6
FR;64;2021-02-14;192;523;128655;66527;3.1;1.6
FR;64;2021-02-15;1580;3668;130235;70195;3.2;1.7
FR;64;2021-02-16;2073;4539;132308;74734;3.2;1.8
FR;64;2021-02-17;2203;4841;134511;79575;3.3;1.9
FR;64;2021-02-18;3196;5535;137707;85110;3.4;2.1
FR;64;2021-02-19;2969;4201;140676;89311;3.4;2.2
FR;64;2021-02-20;798;982;141474;90293;3.4;2.2
FR;64;2021-02-21;133;222;141607;90515;3.5;2.2
FR;64;2021-02-22;1475;2420;143082;92935;3.5;2.3
FR;64;2021-02-23;2377;2798;145459;95733;3.5;2.3
FR;64;2021-02-24;3836;2861;149295;98594;3.6;2.4
FR;64;2021-02-25;15882;3299;165177;101893;4.0;2.5
FR;64;2021-02-26;21625;2516;186802;104409;4.6;2.5
FR;64;2021-02-27;12936;702;199738;105111;4.9;2.6
FR;64;2021-02-28;789;140;200527;105251;4.9;2.6
FR;64;2021-03-01;6470;1628;206997;106879;5.0;2.6
FR;64;2021-03-02;13036;2275;220033;109154;5.4;2.7
FR;64;2021-03-03;15730;2182;235763;111336;5.7;2.7
FR;64;2021-03-04;24805;2981;260568;114317;6.4;2.8
FR;64;2021-03-05;30171;2312;290739;116629;7.1;2.8
FR;64;2021-03-06;26338;563;317077;117192;7.7;2.9
FR;64;2021-03-07;9764;128;326841;117320;8.0;2.9
FR;64;2021-03-08;8680;1491;335521;118811;8.2;2.9
FR;64;2021-03-09;16657;1718;352178;120529;8.6;2.9
FR;64;2021-03-10;16885;1948;369063;122477;9.0;3.0
FR;64;2021-03-11;25677;2655;394740;125132;9.6;3.1
FR;64;2021-03-12;33193;2133;427933;127265;10.4;3.1
FR;64;2021-03-13;27072;570;455005;127835;11.1;3.1
FR;64;2021-03-14;5407;114;460412;127949;11.2;3.1
FR;64;2021-03-15;10911;1137;471323;129086;11.5;3.1
FR;64;2021-03-16;5967;1582;477290;130668;11.6;3.2
FR;64;2021-03-17;6076;1506;483366;132174;11.8;3.2
FR;64;2021-03-18;7614;1875;490980;134049;12.0;3.3
FR;64;2021-03-19;18780;1715;509760;135764;12.4;3.3
FR;64;2021-03-20;18443;598;528203;136362;12.9;3.3
FR;64;2021-03-21;4715;126;532918;136488;13.0;3.3
FR;64;2021-03-22;13431;1341;546349;137829;13.3;3.4
FR;64;2021-03-23;23371;1788;569720;139617;13.9;3.4
FR;64;2021-03-24;24970;1904;594690;141521;14.5;3.4
FR;64;2021-03-25;36367;2194;631057;143715;15.4;3.5
FR;64;2021-03-26;39923;2070;670980;145785;16.4;3.6
FR;64;2021-03-27;21156;915;692136;146700;16.9;3.6
FR;64;2021-03-28;5062;254;697198;146954;17.0;3.6
FR;64;2021-03-29;17460;1905;714658;148859;17.4;3.6
FR;64;2021-03-30;27182;2673;741840;151532;18.1;3.7
FR;64;2021-03-31;23967;2815;765807;154347;18.7;3.8
FR;64;2021-04-01;30252;3813;796059;158160;19.4;3.9
FR;64;2021-04-02;29030;3557;825089;161717;20.1;3.9
FR;64;2021-04-03;15917;2327;841006;164044;20.5;4.0
FR;64;2021-04-04;4020;804;845026;164848;20.6;4.0
FR;64;2021-04-05;5095;587;850121;165435;20.7;4.0
FR;64;2021-04-06;18994;4387;869115;169822;21.2;4.1
FR;64;2021-04-07;23335;4599;892450;174421;21.8;4.3
FR;64;2021-04-08;34197;5539;926647;179960;22.6;4.4
FR;64;2021-04-09;52994;5831;979641;185791;23.9;4.5
FR;64;2021-04-10;29650;4863;1009291;190654;24.6;4.6
FR;64;2021-04-11;6245;2520;1015536;193174;24.8;4.7
FR;64;2021-04-12;27783;4957;1043319;198131;25.4;4.8
FR;64;2021-04-13;42192;6954;1085511;205085;26.5;5.0
FR;64;2021-04-14;40415;7011;1125926;212096;27.4;5.2
FR;64;2021-04-15;51418;8131;1177344;220227;28.7;5.4
FR;64;2021-04-16;63701;8752;1241045;228979;30.3;5.6
FR;64;2021-04-17;38226;6910;1279271;235889;31.2;5.8
FR;64;2021-04-18;10862;3291;1290133;239180;31.4;5.8
FR;64;2021-04-19;41621;8408;1331754;247588;32.5;6.0
FR;64;2021-04-20;52168;10392;1383922;257980;33.7;6.3
FR;64;2021-04-21;51925;10782;1435847;268762;35.0;6.6
FR;64;2021-04-22;56868;12678;1492715;281440;36.4;6.9
FR;64;2021-04-23;60146;12470;1552861;293910;37.9;7.2
FR;64;2021-04-24;43116;8924;1595977;302834;38.9;7.4
FR;64;2021-04-25;16060;3250;1612037;306084;39.3;7.5
FR;64;2021-04-26;49024;11458;1661061;317542;40.5;7.7
FR;64;2021-04-27;62478;15149;1723539;332691;42.0;8.1
FR;64;2021-04-28;63394;15673;1786933;348364;43.6;8.5
FR;64;2021-04-29;72780;20035;1859713;368399;45.3;9.0
FR;64;2021-04-30;74422;21491;1934135;389890;47.1;9.5
FR;64;2021-05-01;28959;6492;1963094;396382;47.9;9.7
FR;64;2021-05-02;14351;3838;1977445;400220;48.2;9.8
FR;64;2021-05-03;51544;14152;2028989;414372;49.5;10.1
FR;64;2021-05-04;52072;20857;2081061;435229;50.7;10.6
FR;69;2020-12-27;2;0;2;0;0.0;0.0
FR;69;2020-12-28;1;0;3;0;0.0;0.0
FR;69;2020-12-29;3;0;6;0;0.0;0.0
FR;69;2020-12-30;7;0;13;0;0.0;0.0
FR;69;2020-12-31;5;0;18;0;0.0;0.0
FR;69;2021-01-01;6;0;24;0;0.0;0.0
FR;69;2021-01-02;10;0;34;0;0.0;0.0
FR;69;2021-01-03;8;0;42;0;0.0;0.0
FR;69;2021-01-04;114;0;156;0;0.0;0.0
FR;69;2021-01-05;410;0;566;0;0.0;0.0
FR;69;2021-01-06;804;0;1370;0;0.0;0.0
FR;69;2021-01-07;1885;1;3255;1;0.1;0.0
FR;69;2021-01-08;2443;0;5698;1;0.1;0.0
FR;69;2021-01-09;1117;0;6815;1;0.2;0.0
FR;69;2021-01-10;655;0;7470;1;0.2;0.0
FR;69;2021-01-11;2720;1;10190;2;0.3;0.0
FR;69;2021-01-12;3843;1;14033;3;0.4;0.0
FR;69;2021-01-13;3772;2;17805;5;0.5;0.0
FR;69;2021-01-14;4550;5;22355;10;0.6;0.0
FR;69;2021-01-15;3824;1;26179;11;0.7;0.0
FR;69;2021-01-16;1341;61;27520;72;0.7;0.0
FR;69;2021-01-17;633;4;28153;76;0.7;0.0
FR;69;2021-01-18;3247;13;31400;89;0.8;0.0
FR;69;2021-01-19;4771;16;36171;105;0.9;0.0
FR;69;2021-01-20;4749;10;40920;115;1.0;0.0
FR;69;2021-01-21;5500;12;46420;127;1.2;0.0
FR;69;2021-01-22;4359;12;50779;139;1.3;0.0
FR;69;2021-01-23;1357;10;52136;149;1.3;0.0
FR;69;2021-01-24;445;14;52581;163;1.3;0.0
FR;69;2021-01-25;2713;99;55294;262;1.4;0.0
FR;69;2021-01-26;3333;240;58627;502;1.5;0.0
FR;69;2021-01-27;3656;480;62283;982;1.6;0.0
FR;69;2021-01-28;4306;1078;66589;2060;1.7;0.1
FR;69;2021-01-29;3469;1330;70058;3390;1.8;0.1
FR;69;2021-01-30;937;448;70995;3838;1.8;0.1
FR;69;2021-01-31;180;205;71175;4043;1.8;0.1
FR;69;2021-02-01;1803;1715;72978;5758;1.9;0.1
FR;69;2021-02-02;2395;2524;75373;8282;1.9;0.2
FR;69;2021-02-03;2415;2585;77788;10867;2.0;0.3
FR;69;2021-02-04;2935;3392;80723;14259;2.1;0.4
FR;69;2021-02-05;2488;2925;83211;17184;2.1;0.4
FR;69;2021-02-06;717;991;83928;18175;2.2;0.5
FR;69;2021-02-07;162;592;84090;18767;2.2;0.5
FR;69;2021-02-08;1602;2686;85692;21453;2.2;0.5
FR;69;2021-02-09;2393;3955;88085;25408;2.3;0.7
FR;69;2021-02-10;2558;3945;90643;29353;2.3;0.8
FR;69;2021-02-11;3492;4743;94135;34096;2.4;0.9
FR;69;2021-02-12;3130;3581;97265;37677;2.5;1.0
FR;69;2021-02-13;858;961;98123;38638;2.5;1.0
FR;69;2021-02-14;212;459;98335;39097;2.5;1.0
FR;69;2021-02-15;1319;2693;99654;41790;2.6;1.1
FR;69;2021-02-16;1850;3562;101504;45352;2.6;1.2
FR;69;2021-02-17;2008;3893;103512;49245;2.7;1.3
FR;69;2021-02-18;2981;4633;106493;53878;2.7;1.4
FR;69;2021-02-19;2844;3568;109337;57446;2.8;1.5
FR;69;2021-02-20;752;943;110089;58389;2.8;1.5
FR;69;2021-02-21;149;201;110238;58590;2.8;1.5
FR;69;2021-02-22;1599;2453;111837;61043;2.9;1.6
FR;69;2021-02-23;2259;2758;114096;63801;2.9;1.6
FR;69;2021-02-24;2645;2922;116741;66723;3.0;1.7
FR;69;2021-02-25;3852;3205;120593;69928;3.1;1.8
FR;69;2021-02-26;4239;2531;124832;72459;3.2;1.9
FR;69;2021-02-27;1784;716;126616;73175;3.2;1.9
FR;69;2021-02-28;309;128;126925;73303;3.3;1.9
FR;69;2021-03-01;2778;1924;129703;75227;3.3;1.9
FR;69;2021-03-02;4686;2534;134389;77761;3.4;2.0
FR;69;2021-03-03;6593;2426;140982;80187;3.6;2.1
FR;69;2021-03-04;11577;3250;152559;83437;3.9;2.1
FR;69;2021-03-05;17271;2558;169830;85995;4.4;2.2
FR;69;2021-03-06;22807;619;192637;86614;4.9;2.2
FR;69;2021-03-07;14658;131;207295;86745;5.3;2.2
FR;69;2021-03-08;9659;1813;216954;88558;5.6;2.3
FR;69;2021-03-09;17328;2243;234282;90801;6.0;2.3
FR;69;2021-03-10;18652;2415;252934;93216;6.5;2.4
FR;69;2021-03-11;28940;3198;281874;96414;7.2;2.5
FR;69;2021-03-12;39581;2745;321455;99159;8.2;2.5
FR;69;2021-03-13;35670;803;357125;99962;9.2;2.6
FR;69;2021-03-14;8159;163;365284;100125;9.4;2.6
FR;69;2021-03-15;16541;1525;381825;101650;9.8;2.6
FR;69;2021-03-16;10695;2013;392520;103663;10.1;2.7
FR;69;2021-03-17;11678;2006;404198;105669;10.4;2.7
FR;69;2021-03-18;13081;2477;417279;108146;10.7;2.8
FR;69;2021-03-19;28645;2272;445924;110418;11.4;2.8
FR;69;2021-03-20;26811;755;472735;111173;12.1;2.8
FR;69;2021-03-21;7106;148;479841;111321;12.3;2.9
FR;69;2021-03-22;21098;1994;500939;113315;12.8;2.9
FR;69;2021-03-23;36026;2564;536965;115879;13.8;3.0
FR;69;2021-03-24;37316;2660;574281;118539;14.7;3.0
FR;69;2021-03-25;54730;2987;629011;121526;16.1;3.1
FR;69;2021-03-26;58888;2747;687899;124273;17.6;3.2
FR;69;2021-03-27;29995;1245;717894;125518;18.4;3.2
FR;69;2021-03-28;7591;411;725485;125929;18.6;3.2
FR;69;2021-03-29;27601;3166;753086;129095;19.3;3.3
FR;69;2021-03-30;42110;4292;795196;133387;20.4;3.4
FR;69;2021-03-31;35230;4388;830426;137775;21.3;3.5
FR;69;2021-04-01;42983;5957;873409;143732;22.4;3.7
FR;69;2021-04-02;41171;5877;914580;149609;23.4;3.8
FR;69;2021-04-03;21620;3970;936200;153579;24.0;3.9
FR;69;2021-04-04;5791;1357;941991;154936;24.1;4.0
FR;69;2021-04-05;7592;880;949583;155816;24.3;4.0
FR;69;2021-04-06;27598;7449;977181;163265;25.0;4.2
FR;69;2021-04-07;32164;7555;1009345;170820;25.9;4.4
FR;69;2021-04-08;48152;8869;1057497;179689;27.1;4.6
FR;69;2021-04-09;69975;9516;1127472;189205;28.9;4.8
FR;69;2021-04-10;36462;7743;1163934;196948;29.8;5.0
FR;69;2021-04-11;7964;4142;1171898;201090;30.0;5.2
FR;69;2021-04-12;38293;8601;1210191;209691;31.0;5.4
FR;69;2021-04-13;53184;11780;1263375;221471;32.4;5.7
FR;69;2021-04-14;48939;11393;1312314;232864;33.6;6.0
FR;69;2021-04-15;61314;13586;1373628;246450;35.2;6.3
FR;69;2021-04-16;71988;14219;1445616;260669;37.0;6.7
FR;69;2021-04-17;39371;10526;1484987;271195;38.1;7.0
FR;69;2021-04-18;9944;4994;1494931;276189;38.3;7.1
FR;69;2021-04-19;45594;13570;1540525;289759;39.5;7.4
FR;69;2021-04-20;56688;16973;1597213;306732;40.9;7.9
FR;69;2021-04-21;52988;16367;1650201;323099;42.3;8.3
FR;69;2021-04-22;59794;18680;1709995;341779;43.8;8.8
FR;69;2021-04-23;58826;18541;1768821;360320;45.3;9.2
FR;69;2021-04-24;37096;12949;1805917;373269;46.3;9.6
FR;69;2021-04-25;13113;4939;1819030;378208;46.6;9.7
FR;69;2021-04-26;48682;18384;1867712;396592;47.9;10.2
FR;69;2021-04-27;61351;22617;1929063;419209;49.4;10.7
FR;69;2021-04-28;59290;21494;1988353;440703;51.0;11.3
FR;69;2021-04-29;69308;24177;2057661;464880;52.7;11.9
FR;69;2021-04-30;66304;23302;2123965;488182;54.4;12.5
FR;69;2021-05-01;23495;7431;2147460;495613;55.0;12.7
FR;69;2021-05-02;11113;5104;2158573;500717;55.3;12.8
FR;69;2021-05-03;46854;19595;2205427;520312;56.5;13.3
FR;69;2021-05-04;47061;26732;2252488;547044;57.7;14.0
FR;74;2020-12-27;1;0;1;0;0.0;0.0
FR;74;2020-12-28;6;0;7;0;0.0;0.0
FR;74;2020-12-29;5;0;12;0;0.0;0.0
FR;74;2020-12-30;10;0;22;0;0.0;0.0
FR;74;2020-12-31;7;0;29;0;0.0;0.0
FR;74;2021-01-01;5;0;34;0;0.0;0.0
FR;74;2021-01-02;3;0;37;0;0.0;0.0
FR;74;2021-01-03;12;0;49;0;0.0;0.0
FR;74;2021-01-04;85;0;134;0;0.0;0.0
FR;74;2021-01-05;297;0;431;0;0.0;0.0
FR;74;2021-01-06;552;0;983;0;0.0;0.0
FR;74;2021-01-07;1462;0;2445;0;0.1;0.0
FR;74;2021-01-08;1782;2;4227;2;0.1;0.0
FR;74;2021-01-09;793;1;5020;3;0.1;0.0
FR;74;2021-01-10;533;0;5553;3;0.2;0.0
FR;74;2021-01-11;2109;0;7662;3;0.2;0.0
FR;74;2021-01-12;3123;0;10785;3;0.3;0.0
FR;74;2021-01-13;3186;0;13971;3;0.4;0.0
FR;74;2021-01-14;3932;3;17903;6;0.5;0.0
FR;74;2021-01-15;3524;0;21427;6;0.6;0.0
FR;74;2021-01-16;1332;49;22759;55;0.7;0.0
FR;74;2021-01-17;762;2;23521;57;0.7;0.0
FR;74;2021-01-18;4708;19;28229;76;0.8;0.0
FR;74;2021-01-19;6795;17;35024;93;1.0;0.0
FR;74;2021-01-20;7085;8;42109;101;1.2;0.0
FR;74;2021-01-21;8164;17;50273;118;1.4;0.0
FR;74;2021-01-22;6524;17;56797;135;1.6;0.0
FR;74;2021-01-23;2255;4;59052;139;1.7;0.0
FR;74;2021-01-24;605;19;59657;158;1.7;0.0
FR;74;2021-01-25;4526;69;64183;227;1.8;0.0
FR;74;2021-01-26;5602;203;69785;430;2.0;0.0
FR;74;2021-01-27;5962;335;75747;765;2.2;0.0
FR;74;2021-01-28;6941;957;82688;1722;2.4;0.0
FR;74;2021-01-29;5715;985;88403;2707;2.5;0.1
FR;74;2021-01-30;1770;297;90173;3004;2.6;0.1
FR;74;2021-01-31;292;168;90465;3172;2.6;0.1
FR;74;2021-02-01;3271;1261;93736;4433;2.7;0.1
FR;74;2021-02-02;4267;2166;98003;6599;2.8;0.2
FR;74;2021-02-03;4296;2163;102299;8762;2.9;0.3
FR;74;2021-02-04;5144;2951;107443;11713;3.1;0.3
FR;74;2021-02-05;4365;2546;111808;14259;3.2;0.4
FR;74;2021-02-06;1391;874;113199;15133;3.3;0.4
FR;74;2021-02-07;243;566;113442;15699;3.3;0.5
FR;74;2021-02-08;3068;2835;116510;18534;3.3;0.5
FR;74;2021-02-09;4096;4368;120606;22902;3.5;0.7
FR;74;2021-02-10;4398;4488;125004;27390;3.6;0.8
FR;74;2021-02-11;5594;5402;130598;32792;3.8;0.9
FR;74;2021-02-12;5237;4108;135835;36900;3.9;1.1
FR;74;2021-02-13;1645;1157;137480;38057;4.0;1.1
FR;74;2021-02-14;402;483;137882;38540;4.0;1.1
FR;74;2021-02-15;2389;4271;140271;42811;4.0;1.2
FR;74;2021-02-16;3265;5285;143536;48096;4.1;1.4
FR;74;2021-02-17;3391;5844;146927;53940;4.2;1.6
FR;74;2021-02-18;4908;7059;151835;60999;4.4;1.8
FR;74;2021-02-19;4864;5415;156699;66414;4.5;1.9
FR;74;2021-02-20;1546;1714;158245;68128;4.5;2.0
FR;74;2021-02-21;231;366;158476;68494;4.6;2.0
FR;74;2021-02-22;2855;4225;161331;72719;4.6;2.1
FR;74;2021-02-23;4127;4818;165458;77537;4.8;2.2
FR;74;2021-02-24;4512;4946;169970;82483;4.9;2.4
FR;74;2021-02-25;5501;5300;175471;87783;5.0;2.5
FR;74;2021-02-26;5459;4405;180930;92188;5.2;2.7
FR;74;2021-02-27;1993;1372;182923;93560;5.3;2.7
FR;74;2021-02-28;528;215;183451;93775;5.3;2.7
FR;74;2021-03-01;5045;3423;188496;97198;5.4;2.8
FR;74;2021-03-02;7419;4345;195915;101543;5.6;2.9
FR;74;2021-03-03;9614;4236;205529;105779;5.9;3.0
FR;74;2021-03-04;14870;5158;220399;110937;6.3;3.2
FR;74;2021-03-05;21477;4441;241876;115378;7.0;3.3
FR;74;2021-03-06;30824;1221;272700;116599;7.8;3.4
FR;74;2021-03-07;20764;205;293464;116804;8.4;3.4
FR;74;2021-03-08;14126;3406;307590;120210;8.8;3.5
FR;74;2021-03-09;23894;3990;331484;124200;9.5;3.6
FR;74;2021-03-10;26104;4293;357588;128493;10.3;3.7
FR;74;2021-03-11;38056;5277;395644;133770;11.4;3.8
FR;74;2021-03-12;50298;4528;445942;138298;12.8;4.0
FR;74;2021-03-13;47494;1434;493436;139732;14.2;4.0
FR;74;2021-03-14;11917;321;505353;140053;14.5;4.0
FR;74;2021-03-15;25354;2877;530707;142930;15.3;4.1
FR;74;2021-03-16;19999;3613;550706;146543;15.8;4.2
FR;74;2021-03-17;21723;3644;572429;150187;16.5;4.3
FR;74;2021-03-18;24352;4409;596781;154596;17.2;4.4
FR;74;2021-03-19;41202;3761;637983;158357;18.3;4.6
FR;74;2021-03-20;35278;1433;673261;159790;19.4;4.6
FR;74;2021-03-21;9467;239;682728;160029;19.6;4.6
FR;74;2021-03-22;31393;3684;714121;163713;20.5;4.7
FR;74;2021-03-23;49990;4658;764111;168371;22.0;4.8
FR;74;2021-03-24;51936;4973;816047;173344;23.5;5.0
FR;74;2021-03-25;74449;5384;890496;178728;25.6;5.1
FR;74;2021-03-26;80511;5002;971007;183730;27.9;5.3
FR;74;2021-03-27;50871;2306;1021878;186036;29.4;5.3
FR;74;2021-03-28;17774;869;1039652;186905;29.9;5.4
FR;74;2021-03-29;55961;6507;1095613;193412;31.5;5.6
FR;74;2021-03-30;76339;8650;1171952;202062;33.7;5.8
FR;74;2021-03-31;67712;9336;1239664;211398;35.6;6.1
FR;74;2021-04-01;78046;12306;1317710;223704;37.9;6.4
FR;74;2021-04-02;69791;12628;1387501;236332;39.9;6.8
FR;74;2021-04-03;37093;8532;1424594;244864;41.0;7.0
FR;74;2021-04-04;12486;2898;1437080;247762;41.3;7.1
FR;74;2021-04-05;19169;1668;1456249;249430;41.9;7.2
FR;74;2021-04-06;64008;15673;1520257;265103;43.7;7.6
FR;74;2021-04-07;72159;15535;1592416;280638;45.8;8.1
FR;74;2021-04-08;86805;19096;1679221;299734;48.3;8.6
FR;74;2021-04-09;96393;17475;1775614;317209;51.0;9.1
FR;74;2021-04-10;48357;13995;1823971;331204;52.4;9.5
FR;74;2021-04-11;12688;6658;1836659;337862;52.8;9.7
FR;74;2021-04-12;60456;17498;1897115;355360;54.5;10.2
FR;74;2021-04-13;68302;21238;1965417;376598;56.5;10.8
FR;74;2021-04-14;59618;21445;2025035;398043;58.2;11.4
FR;74;2021-04-15;61367;23987;2086402;422030;60.0;12.1
FR;74;2021-04-16;51779;24229;2138181;446259;61.5;12.8
FR;74;2021-04-17;25523;16608;2163704;462867;62.2;13.3
FR;74;2021-04-18;5692;6936;2169396;469803;62.4;13.5
FR;74;2021-04-19;31479;23941;2200875;493744;63.3;14.2
FR;74;2021-04-20;35964;29461;2236839;523205;64.3;15.0
FR;74;2021-04-21;33006;29818;2269845;553023;65.3;15.9
FR;74;2021-04-22;37775;35075;2307620;588098;66.3;16.9
FR;74;2021-04-23;34431;38695;2342051;626793;67.3;18.0
FR;74;2021-04-24;18499;30548;2360550;657341;67.9;18.9
FR;74;2021-04-25;6035;12534;2366585;669875;68.0;19.3
FR;74;2021-04-26;26155;47313;2392740;717188;68.8;20.6
FR;74;2021-04-27;32732;55313;2425472;772501;69.7;22.2
FR;74;2021-04-28;32237;52173;2457709;824674;70.7;23.7
FR;74;2021-04-29;38108;53338;2495817;878012;71.8;25.2
FR;74;2021-04-30;34616;48514;2530433;926526;72.7;26.6
FR;74;2021-05-01;10987;14986;2541420;941512;73.1;27.1
FR;74;2021-05-02;5125;11395;2546545;952907;73.2;27.4
FR;74;2021-05-03;23847;50150;2570392;1003057;73.9;28.8
FR;74;2021-05-04;24478;68223;2594870;1071280;74.6;30.8
FR;79;2020-12-27;1;0;1;0;0.0;0.0
FR;79;2020-12-28;6;0;7;0;0.0;0.0
FR;79;2020-12-29;15;0;22;0;0.0;0.0
FR;79;2020-12-30;11;0;33;0;0.0;0.0
FR;79;2020-12-31;6;0;39;0;0.0;0.0
FR;79;2021-01-01;4;0;43;0;0.0;0.0
FR;79;2021-01-02;3;0;46;0;0.0;0.0
FR;79;2021-01-03;2;0;48;0;0.0;0.0
FR;79;2021-01-04;49;0;97;0;0.0;0.0
FR;79;2021-01-05;171;0;268;0;0.0;0.0
FR;79;2021-01-06;339;0;607;0;0.0;0.0
FR;79;2021-01-07;903;0;1510;0;0.1;0.0
FR;79;2021-01-08;1069;0;2579;0;0.1;0.0
FR;79;2021-01-09;364;0;2943;0;0.1;0.0
FR;79;2021-01-10;191;0;3134;0;0.1;0.0
FR;79;2021-01-11;1144;0;4278;0;0.2;0.0
FR;79;2021-01-12;2191;0;6469;0;0.3;0.0
FR;79;2021-01-13;2743;0;9212;0;0.4;0.0
FR;79;2021-01-14;4429;2;13641;2;0.6;0.0
FR;79;2021-01-15;5243;0;18884;2;0.9;0.0
FR;79;2021-01-16;2818;60;21702;62;1.0;0.0
FR;79;2021-01-17;1305;3;23007;65;1.0;0.0
FR;79;2021-01-18;19625;39;42632;104;1.9;0.0
FR;79;2021-01-19;25997;45;68629;149;3.1;0.0
FR;79;2021-01-20;28012;30;96641;179;4.4;0.0
FR;79;2021-01-21;30033;32;126674;211;5.7;0.0
FR;79;2021-01-22;27865;32;154539;243;7.0;0.0
FR;79;2021-01-23;11658;10;166197;253;7.5;0.0
FR;79;2021-01-24;2172;7;168369;260;7.6;0.0
FR;79;2021-01-25;22540;56;190909;316;8.6;0.0
FR;79;2021-01-26;25708;158;216617;474;9.8;0.0
FR;79;2021-01-27;24994;233;241611;707;10.9;0.0
FR;79;2021-01-28;25173;715;266784;1422;12.0;0.1
FR;79;2021-01-29;22521;642;289305;2064;13.0;0.1
FR;79;2021-01-30;8782;152;298087;2216;13.4;0.1
FR;79;2021-01-31;1229;69;299316;2285;13.5;0.1
FR;79;2021-02-01;16128;791;315444;3076;14.2;0.1
FR;79;2021-02-02;19253;1581;334697;4657;15.1;0.2
FR;79;2021-02-03;18282;1896;352979;6553;15.9;0.3
FR;79;2021-02-04;19158;2995;372137;9548;16.8;0.4
FR;79;2021-02-05;18010;2880;390147;12428;17.6;0.6
FR;79;2021-02-06;6449;1087;396596;13515;17.9;0.6
FR;79;2021-02-07;871;502;397467;14017;17.9;0.6
FR;79;2021-02-08;13080;6178;410547;20195;18.5;0.9
FR;79;2021-02-09;15544;8305;426091;28500;19.2;1.3
FR;79;2021-02-10;15435;8733;441526;37233;19.9;1.7
FR;79;2021-02-11;16513;10340;458039;47573;20.7;2.1
FR;79;2021-02-12;15662;9700;473701;57273;21.4;2.6
FR;79;2021-02-13;5003;4254;478704;61527;21.6;2.8
FR;79;2021-02-14;901;1116;479605;62643;21.6;2.8
FR;79;2021-02-15;7126;20293;486731;82936;22.0;3.7
FR;79;2021-02-16;8336;23617;495067;106553;22.3;4.8
FR;79;2021-02-17;8246;24929;503313;131482;22.7;5.9
FR;79;2021-02-18;10268;25411;513581;156893;23.2;7.1
FR;79;2021-02-19;10305;21107;523886;178000;23.6;8.0
FR;79;2021-02-20;3766;8747;527652;186747;23.8;8.4
FR;79;2021-02-21;548;1496;528200;188243;23.8;8.5
FR;79;2021-02-22;6979;22242;535179;210485;24.1;9.5
FR;79;2021-02-23;9625;23863;544804;234348;24.6;10.6
FR;79;2021-02-24;10020;22602;554824;256950;25.0;11.6
FR;79;2021-02-25;11650;21906;566474;278856;25.5;12.6
FR;79;2021-02-26;12041;19071;578515;297927;26.1;13.4
FR;79;2021-02-27;4415;7006;582930;304933;26.3;13.8
FR;79;2021-02-28;873;977;583803;305910;26.3;13.8
FR;79;2021-03-01;12105;16901;595908;322811;26.9;14.6
FR;79;2021-03-02;16287;19384;612195;342195;27.6;15.4
FR;79;2021-03-03;17696;18195;629891;360390;28.4;16.3
FR;79;2021-03-04;20848;18274;650739;378664;29.3;17.1
FR;79;2021-03-05;22403;15986;673142;394650;30.4;17.8
FR;79;2021-03-06;28930;5208;702072;399858;31.7;18.0
FR;79;2021-03-07;21028;738;723100;400596;32.6;18.1
FR;79;2021-03-08;17338;14828;740438;415424;33.4;18.7
FR;79;2021-03-09;25679;16059;766117;431483;34.6;19.5
FR;79;2021-03-10;26808;15306;792925;446789;35.8;20.2
FR;79;2021-03-11;31727;14909;824652;461698;37.2;20.8
FR;79;2021-03-12;33272;12599;857924;474297;38.7;21.4
FR;79;2021-03-13;25223;4144;883147;478441;39.8;21.6
FR;79;2021-03-14;9456;667;892603;479108;40.3;21.6
FR;79;2021-03-15;28403;8229;921006;487337;41.5;22.0
FR;79;2021-03-16;32765;8947;953771;496284;43.0;22.4
FR;79;2021-03-17;33740;8739;987511;505023;44.5;22.8
FR;79;2021-03-18;36631;9311;1024142;514334;46.2;23.2
FR;79;2021-03-19;36647;8415;1060789;522749;47.8;23.6
FR;79;2021-03-20;20642;3037;1081431;525786;48.8;23.7
FR;79;2021-03-21;5871;465;1087302;526251;49.0;23.7
FR;79;2021-03-22;28531;8928;1115833;535179;50.3;24.1
FR;79;2021-03-23;36973;10614;1152806;545793;52.0;24.6
FR;79;2021-03-24;35464;11016;1188270;556809;53.6;25.1
FR;79;2021-03-25;41783;10927;1230053;567736;55.5;25.6
FR;79;2021-03-26;39287;10284;1269340;578020;57.2;26.1
FR;79;2021-03-27;17613;4470;1286953;582490;58.0;26.3
FR;79;2021-03-28;4790;1320;1291743;583810;58.3;26.3
FR;79;2021-03-29;22225;14445;1313968;598255;59.3;27.0
FR;79;2021-03-30;27934;18786;1341902;617041;60.5;27.8
FR;79;2021-03-31;24615;19838;1366517;636879;61.6;28.7
FR;79;2021-04-01;27067;24595;1393584;661474;62.9;29.8
FR;79;2021-04-02;22985;25378;1416569;686852;63.9;31.0
FR;79;2021-04-03;9993;17485;1426562;704337;64.3;31.8
FR;79;2021-04-04;2796;5077;1429358;709414;64.5;32.0
FR;79;2021-04-05;4175;2640;1433533;712054;64.7;32.1
FR;79;2021-04-06;18811;30172;1452344;742226;65.5;33.5
FR;79;2021-04-07;20866;29199;1473210;771425;66.4;34.8
FR;79;2021-04-08;24761;29263;1497971;800688;67.6;36.1
FR;79;2021-04-09;26595;27457;1524566;828145;68.8;37.3
FR;79;2021-04-10;13572;18707;1538138;846852;69.4;38.2
FR;79;2021-04-11;3480;6269;1541618;853121;69.5;38.5
FR;79;2021-04-12;16614;28854;1558232;881975;70.3;39.8
FR;79;2021-04-13;18940;34307;1577172;916282;71.1;41.3
FR;79;2021-04-14;17962;32691;1595134;948973;71.9;42.8
FR;79;2021-04-15;18879;33497;1614013;982470;72.8;44.3
FR;79;2021-04-16;16062;30687;1630075;1013157;73.5;45.7
FR;79;2021-04-17;8069;16260;1638144;1029417;73.9;46.4
FR;79;2021-04-18;1753;4785;1639897;1034202;74.0;46.6
FR;79;2021-04-19;9741;28696;1649638;1062898;74.4;47.9
FR;79;2021-04-20;11557;34033;1661195;1096931;74.9;49.5
FR;79;2021-04-21;11140;30818;1672335;1127749;75.4;50.9
FR;79;2021-04-22;12702;30828;1685037;1158577;76.0;52.3
FR;79;2021-04-23;11733;27389;1696770;1185966;76.5;53.5
FR;79;2021-04-24;6097;13493;1702867;1199459;76.8;54.1
FR;79;2021-04-25;1878;3338;1704745;1202797;76.9;54.2
FR;79;2021-04-26;8751;20629;1713496;1223426;77.3;55.2
FR;79;2021-04-27;10929;23320;1724425;1246746;77.8;56.2
FR;79;2021-04-28;11430;20468;1735855;1267214;78.3;57.2
FR;79;2021-04-29;13346;20252;1749201;1287466;78.9;58.1
FR;79;2021-04-30;12562;17224;1761763;1304690;79.5;58.8
FR;79;2021-05-01;3761;3827;1765524;1308517;79.6;59.0
FR;79;2021-05-02;1719;2595;1767243;1311112;79.7;59.1
FR;79;2021-05-03;8414;14216;1775657;1325328;80.1;59.8
FR;79;2021-05-04;8637;19639;1784294;1344967;80.5;60.7
FR;80;2020-12-27;10;0;10;0;0.0;0.0
FR;80;2020-12-28;41;0;51;0;0.0;0.0
FR;80;2020-12-29;78;0;129;0;0.0;0.0
FR;80;2020-12-30;69;0;198;0;0.0;0.0
FR;80;2020-12-31;49;0;247;0;0.0;0.0
FR;80;2021-01-01;8;0;255;0;0.0;0.0
FR;80;2021-01-02;8;0;263;0;0.0;0.0
FR;80;2021-01-03;2;0;265;0;0.0;0.0
FR;80;2021-01-04;297;0;562;0;0.0;0.0
FR;80;2021-01-05;909;0;1471;0;0.0;0.0
FR;80;2021-01-06;1672;0;3143;0;0.1;0.0
FR;80;2021-01-07;6289;1;9432;1;0.2;0.0
FR;80;2021-01-08;5700;0;15132;1;0.4;0.0
FR;80;2021-01-09;979;0;16111;1;0.4;0.0
FR;80;2021-01-10;307;0;16418;1;0.4;0.0
FR;80;2021-01-11;4428;0;20846;1;0.5;0.0
FR;80;2021-01-12;12613;2;33459;3;0.8;0.0
FR;80;2021-01-13;12415;7;45874;10;1.1;0.0
FR;80;2021-01-14;18187;17;64061;27;1.5;0.0
FR;80;2021-01-15;12088;0;76149;27;1.8;0.0
FR;80;2021-01-16;4029;165;80178;192;1.9;0.0
FR;80;2021-01-17;3741;17;83919;209;2.0;0.0
FR;80;2021-01-18;28712;67;112631;276;2.7;0.0
FR;80;2021-01-19;53660;128;166291;404;4.0;0.0
FR;80;2021-01-20;59346;102;225637;506;5.4;0.0
FR;80;2021-01-21;69877;79;295514;585;7.1;0.0
FR;80;2021-01-22;48210;87;343724;672;8.3;0.0
FR;80;2021-01-23;16213;12;359937;684;8.7;0.0
FR;80;2021-01-24;4310;3;364247;687;8.8;0.0
FR;80;2021-01-25;32370;230;396617;917;9.5;0.0
FR;80;2021-01-26;45062;798;441679;1715;10.6;0.0
FR;80;2021-01-27;50842;1363;492521;3078;11.8;0.1
FR;80;2021-01-28;59955;5158;552476;8236;13.3;0.2
FR;80;2021-01-29;39289;4035;591765;12271;14.2;0.3
FR;80;2021-01-30;13221;655;604986;12926;14.6;0.3
FR;80;2021-01-31;2332;243;607318;13169;14.6;0.3
FR;80;2021-02-01;22987;3220;630305;16389;15.2;0.4
FR;80;2021-02-02;33431;9866;663736;26255;16.0;0.6
FR;80;2021-02-03;34393;9640;698129;35895;16.8;0.9
FR;80;2021-02-04;38012;15821;736141;51716;17.7;1.2
FR;80;2021-02-05;29749;9874;765890;61590;18.4;1.5
FR;80;2021-02-06;9702;2043;775592;63633;18.7;1.5
FR;80;2021-02-07;1448;2111;777040;65744;18.7;1.6
FR;80;2021-02-08;19329;12400;796369;78144;19.2;1.9
FR;80;2021-02-09;25873;29918;822242;108062;19.8;2.6
FR;80;2021-02-10;26283;33047;848525;141109;20.4;3.4
FR;80;2021-02-11;30434;44788;878959;185897;21.1;4.5
FR;80;2021-02-12;26683;23998;905642;209895;21.8;5.0
FR;80;2021-02-13;7923;5992;913565;215887;22.0;5.2
FR;80;2021-02-14;1507;2529;915072;218416;22.0;5.3
FR;80;2021-02-15;11112;26958;926184;245374;22.3;5.9
FR;80;2021-02-16;15524;38489;941708;283863;22.6;6.8
FR;80;2021-02-17;15907;46659;957615;330522;23.0;7.9
FR;80;2021-02-18;21443;56614;979058;387136;23.5;9.3
FR;80;2021-02-19;19019;36665;998077;423801;24.0;10.2
FR;80;2021-02-20;6299;12060;1004376;435861;24.2;10.5
FR;80;2021-02-21;913;2363;1005289;438224;24.2;10.5
FR;80;2021-02-22;11156;29422;1016445;467646;24.4;11.2
FR;80;2021-02-23;17037;37065;1033482;504711;24.9;12.1
FR;80;2021-02-24;17958;37837;1051440;542548;25.3;13.0
FR;80;2021-02-25;22227;40852;1073667;583400;25.8;14.0
FR;80;2021-02-26;20486;29723;1094153;613123;26.3;14.7
FR;80;2021-02-27;7167;10204;1101320;623327;26.5;15.0
FR;80;2021-02-28;1259;1642;1102579;624969;26.5;15.0
FR;80;2021-03-01;18720;22910;1121299;647879;27.0;15.6
FR;80;2021-03-02;26819;29030;1148118;676909;27.6;16.3
FR;80;2021-03-03;28624;28764;1176742;705673;28.3;17.0
FR;80;2021-03-04;34772;31275;1211514;736948;29.1;17.7
FR;80;2021-03-05;35790;26522;1247304;763470;30.0;18.4
FR;80;2021-03-06;41234;7801;1288538;771271;31.0;18.5
FR;80;2021-03-07;29636;1077;1318174;772348;31.7;18.6
FR;80;2021-03-08;27124;21004;1345298;793352;32.4;19.1
FR;80;2021-03-09;40592;23798;1385890;817150;33.3;19.7
FR;80;2021-03-10;42979;24668;1428869;841818;34.4;20.2
FR;80;2021-03-11;51453;27014;1480322;868832;35.6;20.9
FR;80;2021-03-12;51919;22106;1532241;890938;36.9;21.4
FR;80;2021-03-13;37330;6628;1569571;897566;37.7;21.6
FR;80;2021-03-14;13873;1049;1583444;898615;38.1;21.6
FR;80;2021-03-15;43967;12695;1627411;911310;39.1;21.9
FR;80;2021-03-16;51735;15978;1679146;927288;40.4;22.3
FR;80;2021-03-17;54531;15106;1733677;942394;41.7;22.7
FR;80;2021-03-18;58379;18238;1792056;960632;43.1;23.1
FR;80;2021-03-19;57261;14708;1849317;975340;44.5;23.5
FR;80;2021-03-20;30934;4913;1880251;980253;45.2;23.6
FR;80;2021-03-21;8680;664;1888931;980917;45.4;23.6
FR;80;2021-03-22;42767;13536;1931698;994453;46.5;23.9
FR;80;2021-03-23;55446;17448;1987144;1011901;47.8;24.3
FR;80;2021-03-24;54305;18269;2041449;1030170;49.1;24.8
FR;80;2021-03-25;63757;19351;2105206;1049521;50.6;25.2
FR;80;2021-03-26;59982;17559;2165188;1067080;52.1;25.7
FR;80;2021-03-27;26535;7283;2191723;1074363;52.7;25.8
FR;80;2021-03-28;6921;1834;2198644;1076197;52.9;25.9
FR;80;2021-03-29;32780;22288;2231424;1098485;53.7;26.4
FR;80;2021-03-30;43039;30221;2274463;1128706;54.7;27.1
FR;80;2021-03-31;40369;32280;2314832;1160986;55.7;27.9
FR;80;2021-04-01;45857;40107;2360689;1201093;56.8;28.9
FR;80;2021-04-02;36939;41063;2397628;1242156;57.7;29.9
FR;80;2021-04-03;14476;26164;2412104;1268320;58.0;30.5
FR;80;2021-04-04;3859;7492;2415963;1275812;58.1;30.7
FR;80;2021-04-05;5595;3815;2421558;1279627;58.2;30.8
FR;80;2021-04-06;27353;46864;2448911;1326491;58.9;31.9
FR;80;2021-04-07;33079;47702;2481990;1374193;59.7;33.1
FR;80;2021-04-08;39584;48689;2521574;1422882;60.6;34.2
FR;80;2021-04-09;43005;45055;2564579;1467937;61.7;35.3
FR;80;2021-04-10;19706;28310;2584285;1496247;62.2;36.0
FR;80;2021-04-11;4804;8955;2589089;1505202;62.3;36.2
FR;80;2021-04-12;23273;44843;2612362;1550045;62.8;37.3
FR;80;2021-04-13;29879;53644;2642241;1603689;63.5;38.6
FR;80;2021-04-14;28632;51464;2670873;1655153;64.2;39.8
FR;80;2021-04-15;30824;53044;2701697;1708197;65.0;41.1
FR;80;2021-04-16;26050;48392;2727747;1756589;65.6;42.2
FR;80;2021-04-17;12238;24816;2739985;1781405;65.9;42.8
FR;80;2021-04-18;2507;7404;2742492;1788809;66.0;43.0
FR;80;2021-04-19;14094;42811;2756586;1831620;66.3;44.1
FR;80;2021-04-20;17703;52366;2774289;1883986;66.7;45.3
FR;80;2021-04-21;17709;49598;2791998;1933584;67.1;46.5
FR;80;2021-04-22;20351;50861;2812349;1984445;67.6;47.7
FR;80;2021-04-23;18800;44069;2831149;2028514;68.1;48.8
FR;80;2021-04-24;9309;20697;2840458;2049211;68.3;49.3
FR;80;2021-04-25;2638;4882;2843096;2054093;68.4;49.4
FR;80;2021-04-26;12092;30114;2855188;2084207;68.7;50.1
FR;80;2021-04-27;16491;35613;2871679;2119820;69.1;51.0
FR;80;2021-04-28;17639;33744;2889318;2153564;69.5;51.8
FR;80;2021-04-29;21053;35073;2910371;2188637;70.0;52.6
FR;80;2021-04-30;19897;28698;2930268;2217335;70.5;53.3
FR;80;2021-05-01;5727;5520;2935995;2222855;70.6;53.5
FR;80;2021-05-02;2577;3650;2938572;2226505;70.7;53.5
FR;80;2021-05-03;12177;19279;2950749;2245784;71.0;54.0
FR;80;2021-05-04;13248;28686;2963997;2274470;71.3;54.7
FR;0;2020-12-27;19;0;19;0;0.0;0.0
FR;0;2020-12-28;61;0;80;0;0.0;0.0
FR;0;2020-12-29;107;0;187;0;0.0;0.0
FR;0;2020-12-30;116;0;303;0;0.0;0.0
FR;0;2020-12-31;83;0;386;0;0.0;0.0
FR;0;2021-01-01;59;0;445;0;0.0;0.0
FR;0;2021-01-02;72;0;517;0;0.0;0.0
FR;0;2021-01-03;87;0;604;0;0.0;0.0
FR;0;2021-01-04;1465;0;2069;0;0.0;0.0
FR;0;2021-01-05;5361;0;7430;0;0.0;0.0
FR;0;2021-01-06;11256;5;18686;5;0.0;0.0
FR;0;2021-01-07;28471;16;47157;21;0.1;0.0
FR;0;2021-01-08;35924;12;83081;33;0.1;0.0
FR;0;2021-01-09;10871;3;93952;36;0.1;0.0
FR;0;2021-01-10;5600;0;99552;36;0.1;0.0
FR;0;2021-01-11;38748;13;138300;49;0.2;0.0
FR;0;2021-01-12;60374;24;198674;73;0.3;0.0
FR;0;2021-01-13;63411;32;262085;105;0.4;0.0
FR;0;2021-01-14;79536;61;341621;166;0.5;0.0
FR;0;2021-01-15;67037;17;408658;183;0.6;0.0
FR;0;2021-01-16;19584;854;428242;1037;0.6;0.0
FR;0;2021-01-17;10447;41;438689;1078;0.7;0.0
FR;0;2021-01-18;84159;218;522848;1296;0.8;0.0
FR;0;2021-01-19;127911;272;650759;1568;1.0;0.0
FR;0;2021-01-20;134655;222;785414;1790;1.2;0.0
FR;0;2021-01-21;154655;222;940069;2012;1.4;0.0
FR;0;2021-01-22;118011;281;1058080;2293;1.6;0.0
FR;0;2021-01-23;37729;91;1095809;2384;1.6;0.0
FR;0;2021-01-24;9318;105;1105127;2489;1.6;0.0
FR;0;2021-01-25;76584;1532;1181711;4021;1.8;0.0
FR;0;2021-01-26;98451;3962;1280162;7983;1.9;0.0
FR;0;2021-01-27;105388;6849;1385550;14832;2.1;0.0
FR;0;2021-01-28;121922;17585;1507472;32417;2.2;0.0
FR;0;2021-01-29;90634;19706;1598106;52123;2.4;0.1
FR;0;2021-01-30;28618;4681;1626724;56804;2.4;0.1
FR;0;2021-01-31;4859;1911;1631583;58715;2.4;0.1
FR;0;2021-02-01;51369;24164;1682952;82879;2.5;0.1
FR;0;2021-02-02;70336;40765;1753288;123644;2.6;0.2
FR;0;2021-02-03;70799;42050;1824087;165694;2.7;0.2
FR;0;2021-02-04;80099;58735;1904186;224429;2.8;0.3
FR;0;2021-02-05;66773;49652;1970959;274081;2.9;0.4
FR;0;2021-02-06;21229;11412;1992188;285493;3.0;0.4
FR;0;2021-02-07;4814;6461;1997002;291954;3.0;0.4
FR;0;2021-02-08;45725;50187;2042727;342141;3.0;0.5
FR;0;2021-02-09;64590;82542;2107317;424683;3.1;0.6
FR;0;2021-02-10;68922;87494;2176239;512177;3.2;0.8
FR;0;2021-02-11;85091;110485;2261330;622662;3.4;0.9
FR;0;2021-02-12;77247;75982;2338577;698644;3.5;1.0
FR;0;2021-02-13;21554;18700;2360131;717344;3.5;1.1
FR;0;2021-02-14;4542;6760;2364673;724104;3.5;1.1
FR;0;2021-02-15;36781;75209;2401454;799313;3.6;1.2
FR;0;2021-02-16;48938;96746;2450392;896059;3.7;1.3
FR;0;2021-02-17;49084;108036;2499476;1004095;3.7;1.5
FR;0;2021-02-18;67329;125844;2566805;1129939;3.8;1.7
FR;0;2021-02-19;63335;91327;2630140;1221266;3.9;1.8
FR;0;2021-02-20;17864;27703;2648004;1248969;3.9;1.9
FR;0;2021-02-21;2837;5389;2650841;1254358;3.9;1.9
FR;0;2021-02-22;36195;70927;2687036;1325285;4.0;2.0
FR;0;2021-02-23;52152;83823;2739188;1409108;4.1;2.1
FR;0;2021-02-24;57695;82783;2796883;1491891;4.2;2.2
FR;0;2021-02-25;97713;89190;2894596;1581081;4.3;2.4
FR;0;2021-02-26;110813;69535;3005409;1650616;4.5;2.5
FR;0;2021-02-27;50673;22342;3056082;1672958;4.6;2.5
FR;0;2021-02-28;5632;3609;3061714;1676567;4.6;2.5
FR;0;2021-03-01;62941;52682;3124655;1729249;4.7;2.6
FR;0;2021-03-02;98513;66843;3223168;1796092;4.8;2.7
FR;0;2021-03-03;112430;64851;3335598;1860943;5.0;2.8
FR;0;2021-03-04;158100;74060;3493698;1935003;5.2;2.9
FR;0;2021-03-05;195790;62179;3689488;1997182;5.5;3.0
FR;0;2021-03-06;202090;17349;3891578;2014531;5.8;3.0
FR;0;2021-03-07;118847;2695;4010425;2017226;6.0;3.0
FR;0;2021-03-08;103893;47301;4114318;2064527;6.1;3.1
FR;0;2021-03-09;168191;54802;4282509;2119329;6.4;3.2
FR;0;2021-03-10;174088;56415;4456597;2175744;6.6;3.2
FR;0;2021-03-11;237115;64287;4693712;2240031;7.0;3.3
FR;0;2021-03-12;288603;53310;4982315;2293341;7.4;3.4
FR;0;2021-03-13;226383;15481;5208698;2308822;7.8;3.4
FR;0;2021-03-14;61930;2774;5270628;2311596;7.9;3.4
FR;0;2021-03-15;154773;30646;5425401;2342242;8.1;3.5
FR;0;2021-03-16;138902;38494;5564303;2380736;8.3;3.5
FR;0;2021-03-17;147473;37514;5711776;2418250;8.5;3.6
FR;0;2021-03-18;164502;45088;5876278;2463338;8.8;3.7
FR;0;2021-03-19;225539;37906;6101817;2501244;9.1;3.7
FR;0;2021-03-20;163934;12571;6265751;2513815;9.3;3.7
FR;0;2021-03-21;48657;2134;6314408;2515949;9.4;3.7
FR;0;2021-03-22;166424;34317;6480832;2550266;9.7;3.8
FR;0;2021-03-23;245729;44384;6726561;2594650;10.0;3.9
FR;0;2021-03-24;252222;45716;6978783;2640366;10.4;3.9
FR;0;2021-03-25;335913;49253;7314696;2689619;10.9;4.0
FR;0;2021-03-26;353194;45640;7667890;2735259;11.4;4.1
FR;0;2021-03-27;192234;19414;7860124;2754673;11.7;4.1
FR;0;2021-03-28;58206;5609;7918330;2760282;11.8;4.1
FR;0;2021-03-29;199436;54634;8117766;2814916;12.1;4.2
FR;0;2021-03-30;280504;73896;8398270;2888812;12.5;4.3
FR;0;2021-03-31;257822;78353;8656092;2967165;12.9;4.4
FR;0;2021-04-01;307455;100178;8963547;3067343;13.4;4.6
FR;0;2021-04-02;276188;101114;9239735;3168457;13.8;4.7
FR;0;2021-04-03;138654;65225;9378389;3233682;14.0;4.8
FR;0;2021-04-04;44751;19967;9423140;3253649;14.0;4.8
FR;0;2021-04-05;58559;11273;9481699;3264922;14.1;4.9
FR;0;2021-04-06;211315;117775;9693014;3382697;14.4;5.0
FR;0;2021-04-07;253627;119666;9946641;3502363;14.8;5.2
FR;0;2021-04-08;328610;130605;10275251;3632968;15.3;5.4
FR;0;2021-04-09;400492;124740;10675743;3757708;15.9;5.6
FR;0;2021-04-10;208899;86639;10884642;3844347;16.2;5.7
FR;0;2021-04-11;54668;35029;10939310;3879376;16.3;5.8
FR;0;2021-04-12;231661;119881;11170971;3999257;16.6;6.0
FR;0;2021-04-13;302312;148964;11473283;4148221;17.1;6.2
FR;0;2021-04-14;286102;146543;11759385;4294764;17.5;6.4
FR;0;2021-04-15;327033;158662;12086418;4453426;18.0;6.6
FR;0;2021-04-16;330920;154669;12417338;4608095;18.5;6.9
FR;0;2021-04-17;184656;93699;12601994;4701794;18.8;7.0
FR;0;2021-04-18;50011;36853;12652005;4738647;18.9;7.1
FR;0;2021-04-19;200619;142710;12852624;4881357;19.2;7.3
FR;0;2021-04-20;247456;178799;13100080;5060156;19.5;7.5
FR;0;2021-04-21;244995;177341;13345075;5237497;19.9;7.8
FR;0;2021-04-22;279464;199480;13624539;5436977;20.3;8.1
FR;0;2021-04-23;284670;193980;13909209;5630957;20.7;8.4
FR;0;2021-04-24;186553;118145;14095762;5749102;21.0;8.6
FR;0;2021-04-25;67158;41158;14162920;5790260;21.1;8.6
FR;0;2021-04-26;212448;168422;14375368;5958682;21.4;8.9
FR;0;2021-04-27;277202;204683;14652570;6163365;21.8;9.2
FR;0;2021-04-28;290570;200662;14943140;6364027;22.3;9.5
FR;0;2021-04-29;344219;222372;15287359;6586399;22.8;9.8
FR;0;2021-04-30;359693;214728;15647052;6801127;23.3;10.1
FR;0;2021-05-01;158339;59796;15805391;6860923;23.5;10.2
FR;0;2021-05-02;88850;41486;15894241;6902409;23.7;10.3
FR;0;2021-05-03;276357;167069;16170598;7069478;24.1;10.5
FR;0;2021-05-04;299771;237384;16470369;7306862;24.5;10.9
