fra;clage_vacsi;jour;n_dose1;n_complet;n_cum_dose1;n_cum_complet;couv_dose1;couv_complet
FR;24;2020-12-27;1;0;1;0;0.0;0.0
FR;24;2020-12-28;2;0;3;0;0.0;0.0
FR;24;2020-12-29;0;0;3;0;0.0;0.0
FR;24;2020-12-30;0;0;3;0;0.0;0.0
FR;24;2020-12-31;0;0;3;0;0.0;0.0
FR;24;2021-01-01;1;0;4;0;0.0;0.0
FR;24;2021-01-02;0;0;4;0;0.0;0.0
FR;24;2021-01-03;2;0;6;0;0.0;0.0
FR;24;2021-01-04;4;0;10;0;0.0;0.0
FR;24;2021-01-05;17;0;27;0;0.0;0.0
FR;24;2021-01-06;36;0;63;0;0.0;0.0
FR;24;2021-01-07;180;0;243;0;0.0;0.0
FR;24;2021-01-08;216;0;459;0;0.0;0.0
FR;24;2021-01-09;40;0;499;0;0.0;0.0
FR;24;2021-01-10;35;0;534;0;0.0;0.0
FR;24;2021-01-11;251;2;785;2;0.0;0.0
FR;24;2021-01-12;395;1;1180;3;0.0;0.0
FR;24;2021-01-13;477;3;1657;6;0.0;0.0
FR;24;2021-01-14;607;5;2264;11;0.0;0.0
FR;24;2021-01-15;587;1;2851;12;0.1;0.0
FR;24;2021-01-16;116;3;2967;15;0.1;0.0
FR;24;2021-01-17;94;0;3061;15;0.1;0.0
FR;24;2021-01-18;506;1;3567;16;0.1;0.0
FR;24;2021-01-19;595;2;4162;18;0.1;0.0
FR;24;2021-01-20;649;0;4811;18;0.1;0.0
FR;24;2021-01-21;753;3;5564;21;0.1;0.0
FR;24;2021-01-22;599;3;6163;24;0.1;0.0
FR;24;2021-01-23;116;0;6279;24;0.1;0.0
FR;24;2021-01-24;22;0;6301;24;0.1;0.0
FR;24;2021-01-25;294;3;6595;27;0.1;0.0
FR;24;2021-01-26;365;11;6960;38;0.1;0.0
FR;24;2021-01-27;440;14;7400;52;0.1;0.0
FR;24;2021-01-28;595;50;7995;102;0.1;0.0
FR;24;2021-01-29;466;82;8461;184;0.2;0.0
FR;24;2021-01-30;87;16;8548;200;0.2;0.0
FR;24;2021-01-31;25;13;8573;213;0.2;0.0
FR;24;2021-02-01;155;134;8728;347;0.2;0.0
FR;24;2021-02-02;214;182;8942;529;0.2;0.0
FR;24;2021-02-03;215;185;9157;714;0.2;0.0
FR;24;2021-02-04;358;315;9515;1029;0.2;0.0
FR;24;2021-02-05;345;342;9860;1371;0.2;0.0
FR;24;2021-02-06;83;71;9943;1442;0.2;0.0
FR;24;2021-02-07;169;29;10112;1471;0.2;0.0
FR;24;2021-02-08;388;357;10500;1828;0.2;0.0
FR;24;2021-02-09;743;454;11243;2282;0.2;0.0
FR;24;2021-02-10;1085;593;12328;2875;0.2;0.1
FR;24;2021-02-11;1567;699;13895;3574;0.3;0.1
FR;24;2021-02-12;1618;552;15513;4126;0.3;0.1
FR;24;2021-02-13;290;90;15803;4216;0.3;0.1
FR;24;2021-02-14;62;30;15865;4246;0.3;0.1
FR;24;2021-02-15;1030;370;16895;4616;0.3;0.1
FR;24;2021-02-16;1558;562;18453;5178;0.3;0.1
FR;24;2021-02-17;1489;484;19942;5662;0.4;0.1
FR;24;2021-02-18;1936;611;21878;6273;0.4;0.1
FR;24;2021-02-19;1850;540;23728;6813;0.4;0.1
FR;24;2021-02-20;330;84;24058;6897;0.4;0.1
FR;24;2021-02-21;40;18;24098;6915;0.4;0.1
FR;24;2021-02-22;1150;275;25248;7190;0.5;0.1
FR;24;2021-02-23;1577;372;26825;7562;0.5;0.1
FR;24;2021-02-24;1644;315;28469;7877;0.5;0.1
FR;24;2021-02-25;2247;451;30716;8328;0.6;0.2
FR;24;2021-02-26;2169;365;32885;8693;0.6;0.2
FR;24;2021-02-27;528;77;33413;8770;0.6;0.2
FR;24;2021-02-28;92;15;33505;8785;0.6;0.2
FR;24;2021-03-01;1241;218;34746;9003;0.6;0.2
FR;24;2021-03-02;1638;277;36384;9280;0.7;0.2
FR;24;2021-03-03;1740;320;38124;9600;0.7;0.2
FR;24;2021-03-04;2097;469;40221;10069;0.7;0.2
FR;24;2021-03-05;3266;445;43487;10514;0.8;0.2
FR;24;2021-03-06;1699;119;45186;10633;0.8;0.2
FR;24;2021-03-07;975;53;46161;10686;0.9;0.2
FR;24;2021-03-08;1947;225;48108;10911;0.9;0.2
FR;24;2021-03-09;2597;269;50705;11180;0.9;0.2
FR;24;2021-03-10;2423;330;53128;11510;1.0;0.2
FR;24;2021-03-11;2904;468;56032;11978;1.0;0.2
FR;24;2021-03-12;3806;400;59838;12378;1.1;0.2
FR;24;2021-03-13;1474;84;61312;12462;1.1;0.2
FR;24;2021-03-14;530;33;61842;12495;1.1;0.2
FR;24;2021-03-15;1823;231;63665;12726;1.2;0.2
FR;24;2021-03-16;822;305;64487;13031;1.2;0.2
FR;24;2021-03-17;1066;315;65553;13346;1.2;0.2
FR;24;2021-03-18;1295;425;66848;13771;1.2;0.3
FR;24;2021-03-19;1860;352;68708;14123;1.3;0.3
FR;24;2021-03-20;830;85;69538;14208;1.3;0.3
FR;24;2021-03-21;632;49;70170;14257;1.3;0.3
FR;24;2021-03-22;1500;277;71670;14534;1.3;0.3
FR;24;2021-03-23;1793;389;73463;14923;1.4;0.3
FR;24;2021-03-24;2152;346;75615;15269;1.4;0.3
FR;24;2021-03-25;2554;485;78169;15754;1.4;0.3
FR;24;2021-03-26;3156;470;81325;16224;1.5;0.3
FR;24;2021-03-27;1895;190;83220;16414;1.5;0.3
FR;24;2021-03-28;1009;68;84229;16482;1.6;0.3
FR;24;2021-03-29;2426;350;86655;16832;1.6;0.3
FR;24;2021-03-30;3576;505;90231;17337;1.7;0.3
FR;24;2021-03-31;4076;505;94307;17842;1.7;0.3
FR;24;2021-04-01;5377;722;99684;18564;1.8;0.3
FR;24;2021-04-02;4436;604;104120;19168;1.9;0.4
FR;24;2021-04-03;1740;333;105860;19501;2.0;0.4
FR;24;2021-04-04;954;124;106814;19625;2.0;0.4
FR;24;2021-04-05;1092;127;107906;19752;2.0;0.4
FR;24;2021-04-06;3535;566;111441;20318;2.1;0.4
FR;24;2021-04-07;4748;781;116189;21099;2.1;0.4
FR;24;2021-04-08;6320;1076;122509;22175;2.3;0.4
FR;24;2021-04-09;5742;1013;128251;23188;2.4;0.4
FR;24;2021-04-10;2622;558;130873;23746;2.4;0.4
FR;24;2021-04-11;1251;304;132124;24050;2.4;0.4
FR;24;2021-04-12;3410;904;135534;24954;2.5;0.5
FR;24;2021-04-13;4717;1125;140251;26079;2.6;0.5
FR;24;2021-04-14;4872;1280;145123;27359;2.7;0.5
FR;24;2021-04-15;5111;1541;150234;28900;2.8;0.5
FR;24;2021-04-16;4752;1645;154986;30545;2.9;0.6
FR;24;2021-04-17;2110;788;157096;31333;2.9;0.6
FR;24;2021-04-18;720;429;157816;31762;2.9;0.6
FR;24;2021-04-19;2888;1498;160704;33260;3.0;0.6
FR;24;2021-04-20;3072;2102;163776;35362;3.0;0.7
FR;24;2021-04-21;3356;2437;167132;37799;3.1;0.7
FR;24;2021-04-22;3975;3094;171107;40893;3.2;0.8
FR;24;2021-04-23;4119;3256;175226;44149;3.2;0.8
FR;24;2021-04-24;2359;1665;177585;45814;3.3;0.8
FR;24;2021-04-25;1202;797;178787;46611;3.3;0.9
FR;24;2021-04-26;3029;2161;181816;48772;3.4;0.9
FR;24;2021-04-27;3851;3143;185667;51915;3.4;1.0
FR;24;2021-04-28;4336;3714;190003;55629;3.5;1.0
FR;24;2021-04-29;5383;4409;195386;60038;3.6;1.1
FR;24;2021-04-30;6100;4575;201486;64613;3.7;1.2
FR;24;2021-05-01;3686;1066;205172;65679;3.8;1.2
FR;24;2021-05-02;2731;894;207903;66573;3.8;1.2
FR;24;2021-05-03;6164;4117;214067;70690;3.9;1.3
FR;24;2021-05-04;7364;4690;221431;75380;4.1;1.4
FR;24;2021-05-05;8404;4904;229835;80284;4.2;1.5
FR;24;2021-05-06;10545;6322;240380;86606;4.4;1.6
FR;24;2021-05-07;11717;6352;252097;92958;4.6;1.7
FR;24;2021-05-08;9363;2466;261460;95424;4.8;1.8
FR;24;2021-05-09;6840;1921;268300;97345;4.9;1.8
FR;24;2021-05-10;10699;4899;278999;102244;5.1;1.9
FR;24;2021-05-11;15112;5695;294111;107939;5.4;2.0
FR;24;2021-05-12;21890;6030;316001;113969;5.8;2.1
FR;24;2021-05-13;26694;2935;342695;116904;6.3;2.2
FR;24;2021-05-14;31434;5403;374129;122307;6.9;2.3
FR;24;2021-05-15;32911;3848;407040;126155;7.5;2.3
FR;24;2021-05-16;21764;1938;428804;128093;7.9;2.4
FR;24;2021-05-17;28838;5109;457642;133202;8.4;2.5
FR;24;2021-05-18;36431;5893;494073;139095;9.1;2.6
FR;29;2020-12-27;0;0;0;0;0.0;0.0
FR;29;2020-12-28;1;0;1;0;0.0;0.0
FR;29;2020-12-29;0;0;1;0;0.0;0.0
FR;29;2020-12-30;0;0;1;0;0.0;0.0
FR;29;2020-12-31;0;0;1;0;0.0;0.0
FR;29;2021-01-01;2;0;3;0;0.0;0.0
FR;29;2021-01-02;2;0;5;0;0.0;0.0
FR;29;2021-01-03;2;0;7;0;0.0;0.0
FR;29;2021-01-04;10;0;17;0;0.0;0.0
FR;29;2021-01-05;42;0;59;0;0.0;0.0
FR;29;2021-01-06;142;0;201;0;0.0;0.0
FR;29;2021-01-07;306;1;507;1;0.0;0.0
FR;29;2021-01-08;517;2;1024;3;0.0;0.0
FR;29;2021-01-09;113;0;1137;3;0.0;0.0
FR;29;2021-01-10;91;0;1228;3;0.0;0.0
FR;29;2021-01-11;642;1;1870;4;0.1;0.0
FR;29;2021-01-12;929;4;2799;8;0.1;0.0
FR;29;2021-01-13;1210;2;4009;10;0.1;0.0
FR;29;2021-01-14;1557;8;5566;18;0.1;0.0
FR;29;2021-01-15;1302;2;6868;20;0.2;0.0
FR;29;2021-01-16;192;2;7060;22;0.2;0.0
FR;29;2021-01-17;158;0;7218;22;0.2;0.0
FR;29;2021-01-18;1039;3;8257;25;0.2;0.0
FR;29;2021-01-19;1144;4;9401;29;0.3;0.0
FR;29;2021-01-20;1191;2;10592;31;0.3;0.0
FR;29;2021-01-21;1448;5;12040;36;0.3;0.0
FR;29;2021-01-22;1143;4;13183;40;0.4;0.0
FR;29;2021-01-23;167;2;13350;42;0.4;0.0
FR;29;2021-01-24;51;0;13401;42;0.4;0.0
FR;29;2021-01-25;535;14;13936;56;0.4;0.0
FR;29;2021-01-26;660;35;14596;91;0.4;0.0
FR;29;2021-01-27;719;60;15315;151;0.4;0.0
FR;29;2021-01-28;1033;120;16348;271;0.4;0.0
FR;29;2021-01-29;801;170;17149;441;0.5;0.0
FR;29;2021-01-30;140;39;17289;480;0.5;0.0
FR;29;2021-01-31;33;26;17322;506;0.5;0.0
FR;29;2021-02-01;260;291;17582;797;0.5;0.0
FR;29;2021-02-02;403;372;17985;1169;0.5;0.0
FR;29;2021-02-03;452;456;18437;1625;0.5;0.0
FR;29;2021-02-04;605;716;19042;2341;0.5;0.1
FR;29;2021-02-05;530;746;19572;3087;0.5;0.1
FR;29;2021-02-06;141;106;19713;3193;0.5;0.1
FR;29;2021-02-07;304;61;20017;3254;0.5;0.1
FR;29;2021-02-08;600;800;20617;4054;0.6;0.1
FR;29;2021-02-09;1244;1005;21861;5059;0.6;0.1
FR;29;2021-02-10;1707;1124;23568;6183;0.6;0.2
FR;29;2021-02-11;2456;1396;26024;7579;0.7;0.2
FR;29;2021-02-12;2209;1200;28233;8779;0.8;0.2
FR;29;2021-02-13;423;155;28656;8934;0.8;0.2
FR;29;2021-02-14;133;81;28789;9015;0.8;0.2
FR;29;2021-02-15;1567;773;30356;9788;0.8;0.3
FR;29;2021-02-16;1909;1132;32265;10920;0.9;0.3
FR;29;2021-02-17;1881;922;34146;11842;0.9;0.3
FR;29;2021-02-18;2385;1135;36531;12977;1.0;0.3
FR;29;2021-02-19;2314;919;38845;13896;1.0;0.4
FR;29;2021-02-20;383;120;39228;14016;1.1;0.4
FR;29;2021-02-21;86;42;39314;14058;1.1;0.4
FR;29;2021-02-22;1346;509;40660;14567;1.1;0.4
FR;29;2021-02-23;1750;630;42410;15197;1.1;0.4
FR;29;2021-02-24;1776;516;44186;15713;1.2;0.4
FR;29;2021-02-25;2378;889;46564;16602;1.3;0.4
FR;29;2021-02-26;2557;624;49121;17226;1.3;0.5
FR;29;2021-02-27;606;102;49727;17328;1.3;0.5
FR;29;2021-02-28;111;27;49838;17355;1.3;0.5
FR;29;2021-03-01;1279;327;51117;17682;1.4;0.5
FR;29;2021-03-02;1786;560;52903;18242;1.4;0.5
FR;29;2021-03-03;1966;555;54869;18797;1.5;0.5
FR;29;2021-03-04;2441;705;57310;19502;1.5;0.5
FR;29;2021-03-05;3587;660;60897;20162;1.6;0.5
FR;29;2021-03-06;1620;127;62517;20289;1.7;0.5
FR;29;2021-03-07;819;98;63336;20387;1.7;0.5
FR;29;2021-03-08;1934;361;65270;20748;1.8;0.6
FR;29;2021-03-09;2632;434;67902;21182;1.8;0.6
FR;29;2021-03-10;2548;464;70450;21646;1.9;0.6
FR;29;2021-03-11;3319;758;73769;22404;2.0;0.6
FR;29;2021-03-12;3946;672;77715;23076;2.1;0.6
FR;29;2021-03-13;1618;122;79333;23198;2.1;0.6
FR;29;2021-03-14;562;57;79895;23255;2.1;0.6
FR;29;2021-03-15;1877;331;81772;23586;2.2;0.6
FR;29;2021-03-16;1116;486;82888;24072;2.2;0.6
FR;29;2021-03-17;1372;487;84260;24559;2.3;0.7
FR;29;2021-03-18;1639;653;85899;25212;2.3;0.7
FR;29;2021-03-19;2220;532;88119;25744;2.4;0.7
FR;29;2021-03-20;987;122;89106;25866;2.4;0.7
FR;29;2021-03-21;725;58;89831;25924;2.4;0.7
FR;29;2021-03-22;1654;396;91485;26320;2.5;0.7
FR;29;2021-03-23;2204;584;93689;26904;2.5;0.7
FR;29;2021-03-24;2525;548;96214;27452;2.6;0.7
FR;29;2021-03-25;3368;655;99582;28107;2.7;0.8
FR;29;2021-03-26;3724;657;103306;28764;2.8;0.8
FR;29;2021-03-27;2143;238;105449;29002;2.8;0.8
FR;29;2021-03-28;963;57;106412;29059;2.9;0.8
FR;29;2021-03-29;2745;500;109157;29559;2.9;0.8
FR;29;2021-03-30;3962;685;113119;30244;3.0;0.8
FR;29;2021-03-31;4465;764;117584;31008;3.2;0.8
FR;29;2021-04-01;5824;964;123408;31972;3.3;0.9
FR;29;2021-04-02;4874;884;128282;32856;3.5;0.9
FR;29;2021-04-03;1762;324;130044;33180;3.5;0.9
FR;29;2021-04-04;897;115;130941;33295;3.5;0.9
FR;29;2021-04-05;915;111;131856;33406;3.5;0.9
FR;29;2021-04-06;3479;726;135335;34132;3.6;0.9
FR;29;2021-04-07;4521;1077;139856;35209;3.8;0.9
FR;29;2021-04-08;6224;1392;146080;36601;3.9;1.0
FR;29;2021-04-09;6252;1234;152332;37835;4.1;1.0
FR;29;2021-04-10;2639;603;154971;38438;4.2;1.0
FR;29;2021-04-11;1161;331;156132;38769;4.2;1.0
FR;29;2021-04-12;3552;1011;159684;39780;4.3;1.1
FR;29;2021-04-13;4811;1460;164495;41240;4.4;1.1
FR;29;2021-04-14;4710;1483;169205;42723;4.6;1.1
FR;29;2021-04-15;5512;1778;174717;44501;4.7;1.2
FR;29;2021-04-16;4724;1848;179441;46349;4.8;1.2
FR;29;2021-04-17;2220;904;181661;47253;4.9;1.3
FR;29;2021-04-18;766;516;182427;47769;4.9;1.3
FR;29;2021-04-19;2817;1734;185244;49503;5.0;1.3
FR;29;2021-04-20;3442;2466;188686;51969;5.1;1.4
FR;29;2021-04-21;3392;2754;192078;54723;5.2;1.5
FR;29;2021-04-22;4388;3799;196466;58522;5.3;1.6
FR;29;2021-04-23;4515;3726;200981;62248;5.4;1.7
FR;29;2021-04-24;2664;1809;203645;64057;5.5;1.7
FR;29;2021-04-25;1165;731;204810;64788;5.5;1.7
FR;29;2021-04-26;2914;2444;207724;67232;5.6;1.8
FR;29;2021-04-27;3942;3574;211666;70806;5.7;1.9
FR;29;2021-04-28;4583;3988;216249;74794;5.8;2.0
FR;29;2021-04-29;5767;4933;222016;79727;6.0;2.1
FR;29;2021-04-30;6364;5153;228380;84880;6.1;2.3
FR;29;2021-05-01;3976;1198;232356;86078;6.3;2.3
FR;29;2021-05-02;2591;905;234947;86983;6.3;2.3
FR;29;2021-05-03;6722;4266;241669;91249;6.5;2.5
FR;29;2021-05-04;7962;5148;249631;96397;6.7;2.6
FR;29;2021-05-05;9316;5135;258947;101532;7.0;2.7
FR;29;2021-05-06;10972;6476;269919;108008;7.3;2.9
FR;29;2021-05-07;11394;6545;281313;114553;7.6;3.1
FR;29;2021-05-08;8330;2212;289643;116765;7.8;3.1
FR;29;2021-05-09;5884;1736;295527;118501;8.0;3.2
FR;29;2021-05-10;10360;5231;305887;123732;8.2;3.3
FR;29;2021-05-11;14203;6302;320090;130034;8.6;3.5
FR;29;2021-05-12;19171;6195;339261;136229;9.1;3.7
FR;29;2021-05-13;19230;2283;358491;138512;9.6;3.7
FR;29;2021-05-14;21847;4309;380338;142821;10.2;3.8
FR;29;2021-05-15;20687;2889;401025;145710;10.8;3.9
FR;29;2021-05-16;13271;1310;414296;147020;11.1;4.0
FR;29;2021-05-17;21019;4875;435315;151895;11.7;4.1
FR;29;2021-05-18;27358;5584;462673;157479;12.4;4.2
FR;39;2020-12-27;0;0;0;0;0.0;0.0
FR;39;2020-12-28;0;0;0;0;0.0;0.0
FR;39;2020-12-29;1;0;1;0;0.0;0.0
FR;39;2020-12-30;3;0;4;0;0.0;0.0
FR;39;2020-12-31;1;0;5;0;0.0;0.0
FR;39;2021-01-01;4;0;9;0;0.0;0.0
FR;39;2021-01-02;2;0;11;0;0.0;0.0
FR;39;2021-01-03;2;0;13;0;0.0;0.0
FR;39;2021-01-04;23;0;36;0;0.0;0.0
FR;39;2021-01-05;139;0;175;0;0.0;0.0
FR;39;2021-01-06;384;0;559;0;0.0;0.0
FR;39;2021-01-07;1174;5;1733;5;0.0;0.0
FR;39;2021-01-08;1782;3;3515;8;0.0;0.0
FR;39;2021-01-09;473;0;3988;8;0.0;0.0
FR;39;2021-01-10;307;1;4295;9;0.1;0.0
FR;39;2021-01-11;2204;6;6499;15;0.1;0.0
FR;39;2021-01-12;3390;11;9889;26;0.1;0.0
FR;39;2021-01-13;3481;7;13370;33;0.2;0.0
FR;39;2021-01-14;4762;44;18132;77;0.2;0.0
FR;39;2021-01-15;4374;13;22506;90;0.3;0.0
FR;39;2021-01-16;768;4;23274;94;0.3;0.0
FR;39;2021-01-17;488;2;23762;96;0.3;0.0
FR;39;2021-01-18;3062;20;26824;116;0.3;0.0
FR;39;2021-01-19;3993;13;30817;129;0.4;0.0
FR;39;2021-01-20;3892;10;34709;139;0.4;0.0
FR;39;2021-01-21;5117;15;39826;154;0.5;0.0
FR;39;2021-01-22;3936;19;43762;173;0.5;0.0
FR;39;2021-01-23;590;3;44352;176;0.5;0.0
FR;39;2021-01-24;184;0;44536;176;0.5;0.0
FR;39;2021-01-25;1585;39;46121;215;0.6;0.0
FR;39;2021-01-26;2157;96;48278;311;0.6;0.0
FR;39;2021-01-27;2277;206;50555;517;0.6;0.0
FR;39;2021-01-28;3467;462;54022;979;0.7;0.0
FR;39;2021-01-29;2670;693;56692;1672;0.7;0.0
FR;39;2021-01-30;393;214;57085;1886;0.7;0.0
FR;39;2021-01-31;89;78;57174;1964;0.7;0.0
FR;39;2021-02-01;747;1057;57921;3021;0.7;0.0
FR;39;2021-02-02;1326;1646;59247;4667;0.7;0.1
FR;39;2021-02-03;1351;1651;60598;6318;0.7;0.1
FR;39;2021-02-04;1968;2531;62566;8849;0.8;0.1
FR;39;2021-02-05;1633;2700;64199;11549;0.8;0.1
FR;39;2021-02-06;397;430;64596;11979;0.8;0.1
FR;39;2021-02-07;553;206;65149;12185;0.8;0.1
FR;39;2021-02-08;1511;2409;66660;14594;0.8;0.2
FR;39;2021-02-09;3158;3350;69818;17944;0.8;0.2
FR;39;2021-02-10;3873;3487;73691;21431;0.9;0.3
FR;39;2021-02-11;6144;4805;79835;26236;1.0;0.3
FR;39;2021-02-12;5798;3943;85633;30179;1.0;0.4
FR;39;2021-02-13;1237;538;86870;30717;1.0;0.4
FR;39;2021-02-14;386;262;87256;30979;1.1;0.4
FR;39;2021-02-15;3409;2360;90665;33339;1.1;0.4
FR;39;2021-02-16;4410;3309;95075;36648;1.1;0.4
FR;39;2021-02-17;3977;2833;99052;39481;1.2;0.5
FR;39;2021-02-18;5962;3837;105014;43318;1.3;0.5
FR;39;2021-02-19;5799;3028;110813;46346;1.3;0.6
FR;39;2021-02-20;1133;463;111946;46809;1.3;0.6
FR;39;2021-02-21;185;118;112131;46927;1.4;0.6
FR;39;2021-02-22;2969;1635;115100;48562;1.4;0.6
FR;39;2021-02-23;3888;1884;118988;50446;1.4;0.6
FR;39;2021-02-24;3701;1680;122689;52126;1.5;0.6
FR;39;2021-02-25;5547;2479;128236;54605;1.5;0.7
FR;39;2021-02-26;6049;1869;134285;56474;1.6;0.7
FR;39;2021-02-27;1652;296;135937;56770;1.6;0.7
FR;39;2021-02-28;240;119;136177;56889;1.6;0.7
FR;39;2021-03-01;2915;975;139092;57864;1.7;0.7
FR;39;2021-03-02;4202;1575;143294;59439;1.7;0.7
FR;39;2021-03-03;4203;1483;147497;60922;1.8;0.7
FR;39;2021-03-04;6224;2245;153721;63167;1.9;0.8
FR;39;2021-03-05;9082;2021;162803;65188;2.0;0.8
FR;39;2021-03-06;4897;386;167700;65574;2.0;0.8
FR;39;2021-03-07;2633;230;170333;65804;2.1;0.8
FR;39;2021-03-08;4655;1067;174988;66871;2.1;0.8
FR;39;2021-03-09;6826;1440;181814;68311;2.2;0.8
FR;39;2021-03-10;6062;1473;187876;69784;2.3;0.8
FR;39;2021-03-11;8616;2304;196492;72088;2.4;0.9
FR;39;2021-03-12;11379;2025;207871;74113;2.5;0.9
FR;39;2021-03-13;5205;391;213076;74504;2.6;0.9
FR;39;2021-03-14;1745;146;214821;74650;2.6;0.9
FR;39;2021-03-15;4748;1007;219569;75657;2.6;0.9
FR;39;2021-03-16;3358;1386;222927;77043;2.7;0.9
FR;39;2021-03-17;3430;1473;226357;78516;2.7;0.9
FR;39;2021-03-18;4632;1949;230989;80465;2.8;1.0
FR;39;2021-03-19;6238;1603;237227;82068;2.9;1.0
FR;39;2021-03-20;3166;353;240393;82421;2.9;1.0
FR;39;2021-03-21;2069;160;242462;82581;2.9;1.0
FR;39;2021-03-22;4436;1067;246898;83648;3.0;1.0
FR;39;2021-03-23;6150;1630;253048;85278;3.1;1.0
FR;39;2021-03-24;6294;1329;259342;86607;3.1;1.0
FR;39;2021-03-25;9032;1691;268374;88298;3.2;1.1
FR;39;2021-03-26;10618;1653;278992;89951;3.4;1.1
FR;39;2021-03-27;5988;589;284980;90540;3.4;1.1
FR;39;2021-03-28;2730;175;287710;90715;3.5;1.1
FR;39;2021-03-29;7175;1255;294885;91970;3.6;1.1
FR;39;2021-03-30;10482;1822;305367;93792;3.7;1.1
FR;39;2021-03-31;11103;1794;316470;95586;3.8;1.2
FR;39;2021-04-01;14931;2555;331401;98141;4.0;1.2
FR;39;2021-04-02;13225;2382;344626;100523;4.2;1.2
FR;39;2021-04-03;5598;999;350224;101522;4.2;1.2
FR;39;2021-04-04;2520;336;352744;101858;4.3;1.2
FR;39;2021-04-05;2529;318;355273;102176;4.3;1.2
FR;39;2021-04-06;9231;2243;364504;104419;4.4;1.3
FR;39;2021-04-07;12140;2694;376644;107113;4.5;1.3
FR;39;2021-04-08;16764;3610;393408;110723;4.7;1.3
FR;39;2021-04-09;16787;3545;410195;114268;4.9;1.4
FR;39;2021-04-10;7402;1920;417597;116188;5.0;1.4
FR;39;2021-04-11;2979;975;420576;117163;5.1;1.4
FR;39;2021-04-12;9540;2723;430116;119886;5.2;1.4
FR;39;2021-04-13;12848;3949;442964;123835;5.3;1.5
FR;39;2021-04-14;12773;3799;455737;127634;5.5;1.5
FR;39;2021-04-15;14567;4746;470304;132380;5.7;1.6
FR;39;2021-04-16;12630;5234;482934;137614;5.8;1.7
FR;39;2021-04-17;6093;2702;489027;140316;5.9;1.7
FR;39;2021-04-18;2249;1555;491276;141871;5.9;1.7
FR;39;2021-04-19;7815;4657;499091;146528;6.0;1.8
FR;39;2021-04-20;9301;6687;508392;153215;6.1;1.8
FR;39;2021-04-21;10079;7128;518471;160343;6.3;1.9
FR;39;2021-04-22;11740;10257;530211;170600;6.4;2.1
FR;39;2021-04-23;12070;10445;542281;181045;6.5;2.2
FR;39;2021-04-24;7749;5054;550030;186099;6.6;2.2
FR;39;2021-04-25;3413;2146;553443;188245;6.7;2.3
FR;39;2021-04-26;8467;6931;561910;195176;6.8;2.4
FR;39;2021-04-27;11718;9514;573628;204690;6.9;2.5
FR;39;2021-04-28;13082;10006;586710;214696;7.1;2.6
FR;39;2021-04-29;16927;12887;603637;227583;7.3;2.7
FR;39;2021-04-30;19580;13198;623217;240781;7.5;2.9
FR;39;2021-05-01;12858;3516;636075;244297;7.7;2.9
FR;39;2021-05-02;9275;2483;645350;246780;7.8;3.0
FR;39;2021-05-03;22061;11275;667411;258055;8.0;3.1
FR;39;2021-05-04;26551;13904;693962;271959;8.4;3.3
FR;39;2021-05-05;30151;14200;724113;286159;8.7;3.4
FR;39;2021-05-06;36499;17598;760612;303757;9.2;3.7
FR;39;2021-05-07;37838;18441;798450;322198;9.6;3.9
FR;39;2021-05-08;27597;5508;826047;327706;10.0;4.0
FR;39;2021-05-09;18742;4280;844789;331986;10.2;4.0
FR;39;2021-05-10;33201;14414;877990;346400;10.6;4.2
FR;39;2021-05-11;43395;17013;921385;363413;11.1;4.4
FR;39;2021-05-12;54737;16058;976122;379471;11.8;4.6
FR;39;2021-05-13;52139;5533;1028261;385004;12.4;4.6
FR;39;2021-05-14;60927;10874;1089188;395878;13.1;4.8
FR;39;2021-05-15;55138;6759;1144326;402637;13.8;4.9
FR;39;2021-05-16;35869;3068;1180195;405705;14.2;4.9
FR;39;2021-05-17;55318;11795;1235513;417500;14.9;5.0
FR;39;2021-05-18;68896;13358;1304409;430858;15.7;5.2
FR;49;2020-12-27;2;0;2;0;0.0;0.0
FR;49;2020-12-28;1;0;3;0;0.0;0.0
FR;49;2020-12-29;1;0;4;0;0.0;0.0
FR;49;2020-12-30;6;0;10;0;0.0;0.0
FR;49;2020-12-31;1;0;11;0;0.0;0.0
FR;49;2021-01-01;3;0;14;0;0.0;0.0
FR;49;2021-01-02;9;0;23;0;0.0;0.0
FR;49;2021-01-03;4;0;27;0;0.0;0.0
FR;49;2021-01-04;85;0;112;0;0.0;0.0
FR;49;2021-01-05;333;1;445;1;0.0;0.0
FR;49;2021-01-06;854;3;1299;4;0.0;0.0
FR;49;2021-01-07;2158;6;3457;10;0.0;0.0
FR;49;2021-01-08;3356;5;6813;15;0.1;0.0
FR;49;2021-01-09;999;1;7812;16;0.1;0.0
FR;49;2021-01-10;472;1;8284;17;0.1;0.0
FR;49;2021-01-11;4165;8;12449;25;0.1;0.0
FR;49;2021-01-12;5839;10;18288;35;0.2;0.0
FR;49;2021-01-13;6136;11;24424;46;0.3;0.0
FR;49;2021-01-14;8313;63;32737;109;0.4;0.0
FR;49;2021-01-15;7583;18;40320;127;0.5;0.0
FR;49;2021-01-16;1415;8;41735;135;0.5;0.0
FR;49;2021-01-17;619;4;42354;139;0.5;0.0
FR;49;2021-01-18;5052;16;47406;155;0.6;0.0
FR;49;2021-01-19;6796;10;54202;165;0.6;0.0
FR;49;2021-01-20;6608;17;60810;182;0.7;0.0
FR;49;2021-01-21;8361;19;69171;201;0.8;0.0
FR;49;2021-01-22;6230;29;75401;230;0.9;0.0
FR;49;2021-01-23;1013;6;76414;236;0.9;0.0
FR;49;2021-01-24;282;3;76696;239;0.9;0.0
FR;49;2021-01-25;2602;95;79298;334;0.9;0.0
FR;49;2021-01-26;3715;216;83013;550;1.0;0.0
FR;49;2021-01-27;3970;386;86983;936;1.0;0.0
FR;49;2021-01-28;5524;964;92507;1900;1.1;0.0
FR;49;2021-01-29;4390;1552;96897;3452;1.1;0.0
FR;49;2021-01-30;690;377;97587;3829;1.1;0.0
FR;49;2021-01-31;137;125;97724;3954;1.1;0.0
FR;49;2021-02-01;1363;2086;99087;6040;1.2;0.1
FR;49;2021-02-02;2261;3195;101348;9235;1.2;0.1
FR;49;2021-02-03;2291;3374;103639;12609;1.2;0.1
FR;49;2021-02-04;3344;4764;106983;17373;1.2;0.2
FR;49;2021-02-05;2777;4881;109760;22254;1.3;0.3
FR;49;2021-02-06;565;885;110325;23139;1.3;0.3
FR;49;2021-02-07;520;290;110845;23429;1.3;0.3
FR;49;2021-02-08;1932;4046;112777;27475;1.3;0.3
FR;49;2021-02-09;4326;5719;117103;33194;1.4;0.4
FR;49;2021-02-10;5483;6021;122586;39215;1.4;0.5
FR;49;2021-02-11;7963;7926;130549;47141;1.5;0.5
FR;49;2021-02-12;7283;6408;137832;53549;1.6;0.6
FR;49;2021-02-13;1692;1008;139524;54557;1.6;0.6
FR;49;2021-02-14;404;405;139928;54962;1.6;0.6
FR;49;2021-02-15;4105;3850;144033;58812;1.7;0.7
FR;49;2021-02-16;5370;5298;149403;64110;1.7;0.7
FR;49;2021-02-17;5128;4627;154531;68737;1.8;0.8
FR;49;2021-02-18;7457;6146;161988;74883;1.9;0.9
FR;49;2021-02-19;7022;4831;169010;79714;2.0;0.9
FR;49;2021-02-20;1487;785;170497;80499;2.0;0.9
FR;49;2021-02-21;276;223;170773;80722;2.0;0.9
FR;49;2021-02-22;3513;2631;174286;83353;2.0;1.0
FR;49;2021-02-23;4836;3095;179122;86448;2.1;1.0
FR;49;2021-02-24;4869;2799;183991;89247;2.1;1.0
FR;49;2021-02-25;7505;4101;191496;93348;2.2;1.1
FR;49;2021-02-26;8220;3105;199716;96453;2.3;1.1
FR;49;2021-02-27;2665;553;202381;97006;2.4;1.1
FR;49;2021-02-28;330;135;202711;97141;2.4;1.1
FR;49;2021-03-01;3774;1605;206485;98746;2.4;1.1
FR;49;2021-03-02;5729;2413;212214;101159;2.5;1.2
FR;49;2021-03-03;5953;2441;218167;103600;2.5;1.2
FR;49;2021-03-04;8820;3371;226987;106971;2.6;1.2
FR;49;2021-03-05;12451;3104;239438;110075;2.8;1.3
FR;49;2021-03-06;8520;566;247958;110641;2.9;1.3
FR;49;2021-03-07;4666;375;252624;111016;2.9;1.3
FR;49;2021-03-08;6347;1598;258971;112614;3.0;1.3
FR;49;2021-03-09;9438;2208;268409;114822;3.1;1.3
FR;49;2021-03-10;8874;2250;277283;117072;3.2;1.4
FR;49;2021-03-11;12698;3277;289981;120349;3.4;1.4
FR;49;2021-03-12;16342;2772;306323;123121;3.6;1.4
FR;49;2021-03-13;9497;568;315820;123689;3.7;1.4
FR;49;2021-03-14;3124;222;318944;123911;3.7;1.4
FR;49;2021-03-15;6833;1410;325777;125321;3.8;1.5
FR;49;2021-03-16;4612;2099;330389;127420;3.8;1.5
FR;49;2021-03-17;5150;1972;335539;129392;3.9;1.5
FR;49;2021-03-18;6523;2721;342062;132113;4.0;1.5
FR;49;2021-03-19;9447;2234;351509;134347;4.1;1.6
FR;49;2021-03-20;5861;545;357370;134892;4.2;1.6
FR;49;2021-03-21;3140;197;360510;135089;4.2;1.6
FR;49;2021-03-22;6274;1445;366784;136534;4.3;1.6
FR;49;2021-03-23;8563;2113;375347;138647;4.4;1.6
FR;49;2021-03-24;9478;1923;384825;140570;4.5;1.6
FR;49;2021-03-25;12299;2282;397124;142852;4.6;1.7
FR;49;2021-03-26;14669;2234;411793;145086;4.8;1.7
FR;49;2021-03-27;9341;794;421134;145880;4.9;1.7
FR;49;2021-03-28;3847;288;424981;146168;4.9;1.7
FR;49;2021-03-29;9836;1787;434817;147955;5.1;1.7
FR;49;2021-03-30;14224;2593;449041;150548;5.2;1.8
FR;49;2021-03-31;15482;2661;464523;153209;5.4;1.8
FR;49;2021-04-01;19716;3558;484239;156767;5.6;1.8
FR;49;2021-04-02;17397;3322;501636;160089;5.8;1.9
FR;49;2021-04-03;9316;1798;510952;161887;5.9;1.9
FR;49;2021-04-04;4109;613;515061;162500;6.0;1.9
FR;49;2021-04-05;4196;514;519257;163014;6.0;1.9
FR;49;2021-04-06;13130;3296;532387;166310;6.2;1.9
FR;49;2021-04-07;17569;4147;549956;170457;6.4;2.0
FR;49;2021-04-08;22267;5034;572223;175491;6.7;2.0
FR;49;2021-04-09;23348;5201;595571;180692;6.9;2.1
FR;49;2021-04-10;12403;3341;607974;184033;7.1;2.1
FR;49;2021-04-11;4458;1666;612432;185699;7.1;2.2
FR;49;2021-04-12;14054;3712;626486;189411;7.3;2.2
FR;49;2021-04-13;18557;5668;645043;195079;7.5;2.3
FR;49;2021-04-14;19247;5859;664290;200938;7.7;2.3
FR;49;2021-04-15;20063;6907;684353;207845;8.0;2.4
FR;49;2021-04-16;17261;7229;701614;215074;8.2;2.5
FR;49;2021-04-17;9800;4617;711414;219691;8.3;2.6
FR;49;2021-04-18;3342;2277;714756;221968;8.3;2.6
FR;49;2021-04-19;11835;6324;726591;228292;8.5;2.7
FR;49;2021-04-20;13947;8937;740538;237229;8.6;2.8
FR;49;2021-04-21;15616;10051;756154;247280;8.8;2.9
FR;49;2021-04-22;17281;13028;773435;260308;9.0;3.0
FR;49;2021-04-23;17783;13965;791218;274273;9.2;3.2
FR;49;2021-04-24;12481;7759;803699;282032;9.4;3.3
FR;49;2021-04-25;5273;3104;808972;285136;9.4;3.3
FR;49;2021-04-26;13367;9884;822339;295020;9.6;3.4
FR;49;2021-04-27;18364;13010;840703;308030;9.8;3.6
FR;49;2021-04-28;22269;14443;862972;322473;10.0;3.8
FR;49;2021-04-29;26873;17139;889845;339612;10.4;4.0
FR;49;2021-04-30;31347;17946;921192;357558;10.7;4.2
FR;49;2021-05-01;23135;5654;944327;363212;11.0;4.2
FR;49;2021-05-02;16378;3836;960705;367048;11.2;4.3
FR;49;2021-05-03;38796;15446;999501;382494;11.6;4.5
FR;49;2021-05-04;45862;20197;1045363;402691;12.2;4.7
FR;49;2021-05-05;54657;21514;1100020;424205;12.8;4.9
FR;49;2021-05-06;61409;24448;1161429;448653;13.5;5.2
FR;49;2021-05-07;64507;25867;1225936;474520;14.3;5.5
FR;49;2021-05-08;49334;8944;1275270;483464;14.8;5.6
FR;49;2021-05-09;32120;6214;1307390;489678;15.2;5.7
FR;49;2021-05-10;56225;20532;1363615;510210;15.9;5.9
FR;49;2021-05-11;70840;23725;1434455;533935;16.7;6.2
FR;49;2021-05-12;87788;23710;1522243;557645;17.7;6.5
FR;49;2021-05-13;78870;7625;1601113;565270;18.6;6.6
FR;49;2021-05-14;94736;15517;1695849;580787;19.7;6.8
FR;49;2021-05-15;84726;10654;1780575;591441;20.7;6.9
FR;49;2021-05-16;52939;4453;1833514;595894;21.3;6.9
FR;49;2021-05-17;80628;16133;1914142;612027;22.3;7.1
FR;49;2021-05-18;95361;17509;2009503;629536;23.4;7.3
FR;59;2020-12-27;2;0;2;0;0.0;0.0
FR;59;2020-12-28;5;0;7;0;0.0;0.0
FR;59;2020-12-29;2;0;9;0;0.0;0.0
FR;59;2020-12-30;6;0;15;0;0.0;0.0
FR;59;2020-12-31;9;0;24;0;0.0;0.0
FR;59;2021-01-01;24;1;48;1;0.0;0.0
FR;59;2021-01-02;26;0;74;1;0.0;0.0
FR;59;2021-01-03;36;0;110;1;0.0;0.0
FR;59;2021-01-04;592;1;702;2;0.0;0.0
FR;59;2021-01-05;2165;1;2867;3;0.0;0.0
FR;59;2021-01-06;4800;7;7667;10;0.1;0.0
FR;59;2021-01-07;10502;21;18169;31;0.2;0.0
FR;59;2021-01-08;14276;15;32445;46;0.4;0.0
FR;59;2021-01-09;4052;6;36497;52;0.4;0.0
FR;59;2021-01-10;1984;1;38481;53;0.4;0.0
FR;59;2021-01-11;15907;18;54388;71;0.6;0.0
FR;59;2021-01-12;21075;25;75463;96;0.9;0.0
FR;59;2021-01-13;22668;34;98131;130;1.1;0.0
FR;59;2021-01-14;24716;209;122847;339;1.4;0.0
FR;59;2021-01-15;21540;82;144387;421;1.6;0.0
FR;59;2021-01-16;5371;16;149758;437;1.7;0.0
FR;59;2021-01-17;1801;7;151559;444;1.7;0.0
FR;59;2021-01-18;13561;48;165120;492;1.9;0.0
FR;59;2021-01-19;17912;58;183032;550;2.1;0.0
FR;59;2021-01-20;17024;59;200056;609;2.3;0.0
FR;59;2021-01-21;18682;39;218738;648;2.5;0.0
FR;59;2021-01-22;13847;67;232585;715;2.6;0.0
FR;59;2021-01-23;2947;18;235532;733;2.7;0.0
FR;59;2021-01-24;826;12;236358;745;2.7;0.0
FR;59;2021-01-25;6692;603;243050;1348;2.8;0.0
FR;59;2021-01-26;8386;1365;251436;2713;2.9;0.0
FR;59;2021-01-27;8789;2383;260225;5096;3.0;0.1
FR;59;2021-01-28;10425;5016;270650;10112;3.1;0.1
FR;59;2021-01-29;7823;6635;278473;16747;3.2;0.2
FR;59;2021-01-30;1755;1507;280228;18254;3.2;0.2
FR;59;2021-01-31;370;546;280598;18800;3.2;0.2
FR;59;2021-02-01;3144;8735;283742;27535;3.2;0.3
FR;59;2021-02-02;4654;12473;288396;40008;3.3;0.5
FR;59;2021-02-03;4798;13531;293194;53539;3.3;0.6
FR;59;2021-02-04;5885;15875;299079;69414;3.4;0.8
FR;59;2021-02-05;4764;14906;303843;84320;3.5;1.0
FR;59;2021-02-06;1149;2996;304992;87316;3.5;1.0
FR;59;2021-02-07;389;981;305381;88297;3.5;1.0
FR;59;2021-02-08;2752;12453;308133;100750;3.5;1.1
FR;59;2021-02-09;4895;16134;313028;116884;3.6;1.3
FR;59;2021-02-10;5677;16014;318705;132898;3.6;1.5
FR;59;2021-02-11;7629;19647;326334;152545;3.7;1.7
FR;59;2021-02-12;6727;15974;333061;168519;3.8;1.9
FR;59;2021-02-13;1683;3440;334744;171959;3.8;2.0
FR;59;2021-02-14;360;981;335104;172940;3.8;2.0
FR;59;2021-02-15;3256;10498;338360;183438;3.8;2.1
FR;59;2021-02-16;4723;13510;343083;196948;3.9;2.2
FR;59;2021-02-17;4953;12262;348036;209210;4.0;2.4
FR;59;2021-02-18;7042;13785;355078;222995;4.0;2.5
FR;59;2021-02-19;6435;10635;361513;233630;4.1;2.7
FR;59;2021-02-20;1412;2473;362925;236103;4.1;2.7
FR;59;2021-02-21;281;567;363206;236670;4.1;2.7
FR;59;2021-02-22;3239;6338;366445;243008;4.2;2.8
FR;59;2021-02-23;4778;7067;371223;250075;4.2;2.8
FR;59;2021-02-24;6808;6346;378031;256421;4.3;2.9
FR;59;2021-02-25;21060;8368;399091;264789;4.5;3.0
FR;59;2021-02-26;28120;6102;427211;270891;4.9;3.1
FR;59;2021-02-27;17003;1444;444214;272335;5.1;3.1
FR;59;2021-02-28;1102;372;445316;272707;5.1;3.1
FR;59;2021-03-01;8721;3463;454037;276170;5.2;3.1
FR;59;2021-03-02;17014;4784;471051;280954;5.4;3.2
FR;59;2021-03-03;20447;4845;491498;285799;5.6;3.3
FR;59;2021-03-04;31930;5659;523428;291458;6.0;3.3
FR;59;2021-03-05;40510;5146;563938;296604;6.4;3.4
FR;59;2021-03-06;35503;1300;599441;297904;6.8;3.4
FR;59;2021-03-07;13927;924;613368;298828;7.0;3.4
FR;59;2021-03-08;12169;3055;625537;301883;7.1;3.4
FR;59;2021-03-09;22647;4009;648184;305892;7.4;3.5
FR;59;2021-03-10;22939;4056;671123;309948;7.6;3.5
FR;59;2021-03-11;34001;5182;705124;315130;8.0;3.6
FR;59;2021-03-12;45057;4257;750181;319387;8.5;3.6
FR;59;2021-03-13;35858;1135;786039;320522;8.9;3.6
FR;59;2021-03-14;7151;358;793190;320880;9.0;3.6
FR;59;2021-03-15;14368;2442;807558;323322;9.2;3.7
FR;59;2021-03-16;7853;2898;815411;326220;9.3;3.7
FR;59;2021-03-17;8700;3041;824111;329261;9.4;3.7
FR;59;2021-03-18;10362;3915;834473;333176;9.5;3.8
FR;59;2021-03-19;23301;3384;857774;336560;9.8;3.8
FR;59;2021-03-20;20967;980;878741;337540;10.0;3.8
FR;59;2021-03-21;6259;353;885000;337893;10.1;3.8
FR;59;2021-03-22;15366;2579;900366;340472;10.2;3.9
FR;59;2021-03-23;25239;3338;925605;343810;10.5;3.9
FR;59;2021-03-24;27820;3328;953425;347138;10.8;3.9
FR;59;2021-03-25;37663;3615;991088;350753;11.3;4.0
FR;59;2021-03-26;42573;3820;1033661;354573;11.8;4.0
FR;59;2021-03-27;26722;1592;1060383;356165;12.1;4.1
FR;59;2021-03-28;7507;424;1067890;356589;12.1;4.1
FR;59;2021-03-29;21566;3230;1089456;359819;12.4;4.1
FR;59;2021-03-30;31980;4140;1121436;363959;12.8;4.1
FR;59;2021-03-31;31216;4467;1152652;368426;13.1;4.2
FR;59;2021-04-01;38091;5563;1190743;373989;13.5;4.3
FR;59;2021-04-02;36690;5522;1227433;379511;14.0;4.3
FR;59;2021-04-03;21246;3358;1248679;382869;14.2;4.4
FR;59;2021-04-04;7325;1183;1256004;384052;14.3;4.4
FR;59;2021-04-05;8245;1056;1264249;385108;14.4;4.4
FR;59;2021-04-06;25541;5736;1289790;390844;14.7;4.4
FR;59;2021-04-07;33689;6937;1323479;397781;15.1;4.5
FR;59;2021-04-08;44690;8192;1368169;405973;15.6;4.6
FR;59;2021-04-09;60355;8673;1428524;414646;16.2;4.7
FR;59;2021-04-10;36310;6939;1464834;421585;16.7;4.8
FR;59;2021-04-11;9720;3479;1474554;425064;16.8;4.8
FR;59;2021-04-12;35081;7246;1509635;432310;17.2;4.9
FR;59;2021-04-13;49538;9897;1559173;442207;17.7;5.0
FR;59;2021-04-14;49844;9920;1609017;452127;18.3;5.1
FR;59;2021-04-15;59035;11419;1668052;463546;19.0;5.3
FR;59;2021-04-16;62815;12086;1730867;475632;19.7;5.4
FR;59;2021-04-17;41256;9521;1772123;485153;20.2;5.5
FR;59;2021-04-18;12247;4604;1784370;489757;20.3;5.6
FR;59;2021-04-19;32940;11010;1817310;500767;20.7;5.7
FR;59;2021-04-20;44210;14519;1861520;515286;21.2;5.9
FR;59;2021-04-21;46486;16230;1908006;531516;21.7;6.0
FR;59;2021-04-22;55170;19212;1963176;550728;22.3;6.3
FR;59;2021-04-23;64576;20404;2027752;571132;23.1;6.5
FR;59;2021-04-24;47225;15355;2074977;586487;23.6;6.7
FR;59;2021-04-25;16393;5390;2091370;591877;23.8;6.7
FR;59;2021-04-26;40735;17292;2132105;609169;24.2;6.9
FR;59;2021-04-27;56090;23049;2188195;632218;24.9;7.2
FR;59;2021-04-28;63722;25668;2251917;657886;25.6;7.5
FR;59;2021-04-29;77188;31289;2329105;689175;26.5;7.8
FR;59;2021-04-30;91864;36164;2420969;725339;27.5;8.2
FR;59;2021-05-01;42281;10834;2463250;736173;28.0;8.4
FR;59;2021-05-02;23285;7192;2486535;743365;28.3;8.5
FR;59;2021-05-03;61864;26093;2548399;769458;29.0;8.8
FR;59;2021-05-04;70254;34143;2618653;803601;29.8;9.1
FR;59;2021-05-05;76431;37089;2695084;840690;30.7;9.6
FR;59;2021-05-06;88448;43323;2783532;884013;31.7;10.1
FR;59;2021-05-07;96876;53593;2880408;937606;32.8;10.7
FR;59;2021-05-08;56820;16217;2937228;953823;33.4;10.8
FR;59;2021-05-09;39128;10260;2976356;964083;33.9;11.0
FR;59;2021-05-10;94151;39766;3070507;1003849;34.9;11.4
FR;59;2021-05-11;124425;48914;3194932;1052763;36.3;12.0
FR;59;2021-05-12;121132;45760;3316064;1098523;37.7;12.5
FR;59;2021-05-13;91957;14227;3408021;1112750;38.8;12.7
FR;59;2021-05-14;127816;33893;3535837;1146643;40.2;13.0
FR;59;2021-05-15;113395;25175;3649232;1171818;41.5;13.3
FR;59;2021-05-16;55134;7022;3704366;1178840;42.1;13.4
FR;59;2021-05-17;104392;30328;3808758;1209168;43.3;13.8
FR;59;2021-05-18;114597;33549;3923355;1242717;44.6;14.1
FR;64;2020-12-27;1;0;1;0;0.0;0.0
FR;64;2020-12-28;0;0;1;0;0.0;0.0
FR;64;2020-12-29;2;0;3;0;0.0;0.0
FR;64;2020-12-30;6;0;9;0;0.0;0.0
FR;64;2020-12-31;5;0;14;0;0.0;0.0
FR;64;2021-01-01;8;0;22;0;0.0;0.0
FR;64;2021-01-02;11;0;33;0;0.0;0.0
FR;64;2021-01-03;17;0;50;0;0.0;0.0
FR;64;2021-01-04;209;2;259;2;0.0;0.0
FR;64;2021-01-05;896;3;1155;5;0.0;0.0
FR;64;2021-01-06;1688;2;2843;7;0.1;0.0
FR;64;2021-01-07;3652;4;6495;11;0.2;0.0
FR;64;2021-01-08;4857;7;11352;18;0.3;0.0
FR;64;2021-01-09;1950;0;13302;18;0.3;0.0
FR;64;2021-01-10;1023;0;14325;18;0.3;0.0
FR;64;2021-01-11;5261;1;19586;19;0.5;0.0
FR;64;2021-01-12;7115;5;26701;24;0.7;0.0
FR;64;2021-01-13;7430;13;34131;37;0.8;0.0
FR;64;2021-01-14;8545;76;42676;113;1.0;0.0
FR;64;2021-01-15;7074;28;49750;141;1.2;0.0
FR;64;2021-01-16;2198;13;51948;154;1.3;0.0
FR;64;2021-01-17;842;8;52790;162;1.3;0.0
FR;64;2021-01-18;4678;11;57468;173;1.4;0.0
FR;64;2021-01-19;6392;11;63860;184;1.6;0.0
FR;64;2021-01-20;6209;24;70069;208;1.7;0.0
FR;64;2021-01-21;6874;17;76943;225;1.9;0.0
FR;64;2021-01-22;5392;20;82335;245;2.0;0.0
FR;64;2021-01-23;1412;8;83747;253;2.0;0.0
FR;64;2021-01-24;430;7;84177;260;2.1;0.0
FR;64;2021-01-25;2765;196;86942;456;2.1;0.0
FR;64;2021-01-26;3518;484;90460;940;2.2;0.0
FR;64;2021-01-27;3756;878;94216;1818;2.3;0.0
FR;64;2021-01-28;4559;1740;98775;3558;2.4;0.1
FR;64;2021-01-29;3521;2316;102296;5874;2.5;0.1
FR;64;2021-01-30;837;706;103133;6580;2.5;0.2
FR;64;2021-01-31;172;279;103305;6859;2.5;0.2
FR;64;2021-02-01;1512;2860;104817;9719;2.6;0.2
FR;64;2021-02-02;2140;4139;106957;13858;2.6;0.3
FR;64;2021-02-03;2301;4356;109258;18214;2.7;0.4
FR;64;2021-02-04;2804;5502;112062;23716;2.7;0.6
FR;64;2021-02-05;2179;4963;114241;28679;2.8;0.7
FR;64;2021-02-06;655;1303;114896;29982;2.8;0.7
FR;64;2021-02-07;164;493;115060;30475;2.8;0.7
FR;64;2021-02-08;1483;4194;116543;34669;2.8;0.8
FR;64;2021-02-09;2338;5655;118881;40324;2.9;1.0
FR;64;2021-02-10;2565;5662;121446;45986;3.0;1.1
FR;64;2021-02-11;3451;7212;124897;53198;3.0;1.3
FR;64;2021-02-12;3106;5427;128003;58625;3.1;1.4
FR;64;2021-02-13;833;1444;128836;60069;3.1;1.5
FR;64;2021-02-14;194;434;129030;60503;3.1;1.5
FR;64;2021-02-15;1584;3874;130614;64377;3.2;1.6
FR;64;2021-02-16;2082;5119;132696;69496;3.2;1.7
FR;64;2021-02-17;2207;4625;134903;74121;3.3;1.8
FR;64;2021-02-18;3218;5427;138121;79548;3.4;1.9
FR;64;2021-02-19;2984;4193;141105;83741;3.4;2.0
FR;64;2021-02-20;802;1192;141907;84933;3.5;2.1
FR;64;2021-02-21;134;254;142041;85187;3.5;2.1
FR;64;2021-02-22;1486;2660;143527;87847;3.5;2.1
FR;64;2021-02-23;2386;2904;145913;90751;3.6;2.2
FR;64;2021-02-24;3857;2832;149770;93583;3.7;2.3
FR;64;2021-02-25;15932;3803;165702;97386;4.0;2.4
FR;64;2021-02-26;21714;2725;187416;100111;4.6;2.4
FR;64;2021-02-27;12997;731;200413;100842;4.9;2.5
FR;64;2021-02-28;790;175;201203;101017;4.9;2.5
FR;64;2021-03-01;6498;1734;207701;102751;5.1;2.5
FR;64;2021-03-02;13073;2289;220774;105040;5.4;2.6
FR;64;2021-03-03;15812;2323;236586;107363;5.8;2.6
FR;64;2021-03-04;24959;2786;261545;110149;6.4;2.7
FR;64;2021-03-05;30284;2543;291829;112692;7.1;2.7
FR;64;2021-03-06;26492;691;318321;113383;7.8;2.8
FR;64;2021-03-07;9789;477;328110;113860;8.0;2.8
FR;64;2021-03-08;8722;1751;336832;115611;8.2;2.8
FR;64;2021-03-09;16733;1961;353565;117572;8.6;2.9
FR;64;2021-03-10;16937;2088;370502;119660;9.0;2.9
FR;64;2021-03-11;25760;2728;396262;122388;9.7;3.0
FR;64;2021-03-12;33263;2255;429525;124643;10.5;3.0
FR;64;2021-03-13;27152;657;456677;125300;11.1;3.1
FR;64;2021-03-14;5412;176;462089;125476;11.3;3.1
FR;64;2021-03-15;10948;1395;473037;126871;11.5;3.1
FR;64;2021-03-16;5971;1747;479008;128618;11.7;3.1
FR;64;2021-03-17;6086;1655;485094;130273;11.8;3.2
FR;64;2021-03-18;7625;2033;492719;132306;12.0;3.2
FR;64;2021-03-19;18803;1866;511522;134172;12.5;3.3
FR;64;2021-03-20;18452;680;529974;134852;12.9;3.3
FR;64;2021-03-21;4716;206;534690;135058;13.0;3.3
FR;64;2021-03-22;13455;1520;548145;136578;13.4;3.3
FR;64;2021-03-23;23385;1946;571530;138524;13.9;3.4
FR;64;2021-03-24;24984;2006;596514;140530;14.5;3.4
FR;64;2021-03-25;36415;2250;632929;142780;15.4;3.5
FR;64;2021-03-26;39983;2213;672912;144993;16.4;3.5
FR;64;2021-03-27;21174;942;694086;145935;16.9;3.6
FR;64;2021-03-28;5063;242;699149;146177;17.0;3.6
FR;64;2021-03-29;17472;2083;716621;148260;17.5;3.6
FR;64;2021-03-30;27225;2736;743846;150996;18.1;3.7
FR;64;2021-03-31;24011;2806;767857;153802;18.7;3.7
FR;64;2021-04-01;30366;3671;798223;157473;19.5;3.8
FR;64;2021-04-02;29091;3510;827314;160983;20.2;3.9
FR;64;2021-04-03;15949;2326;843263;163309;20.6;4.0
FR;64;2021-04-04;4023;784;847286;164093;20.7;4.0
FR;64;2021-04-05;5098;779;852384;164872;20.8;4.0
FR;64;2021-04-06;19069;4201;871453;169073;21.2;4.1
FR;64;2021-04-07;23447;4721;894900;173794;21.8;4.2
FR;64;2021-04-08;34414;5501;929314;179295;22.7;4.4
FR;64;2021-04-09;53228;5885;982542;185180;24.0;4.5
FR;64;2021-04-10;29747;4918;1012289;190098;24.7;4.6
FR;64;2021-04-11;6257;2592;1018546;192690;24.8;4.7
FR;64;2021-04-12;27906;5087;1046452;197777;25.5;4.8
FR;64;2021-04-13;42327;7256;1088779;205033;26.5;5.0
FR;64;2021-04-14;40558;7024;1129337;212057;27.5;5.2
FR;64;2021-04-15;51623;8230;1180960;220287;28.8;5.4
FR;64;2021-04-16;63949;8731;1244909;229018;30.3;5.6
FR;64;2021-04-17;38327;7006;1283236;236024;31.3;5.8
FR;64;2021-04-18;10896;3311;1294132;239335;31.5;5.8
FR;64;2021-04-19;41713;8481;1335845;247816;32.6;6.0
FR;64;2021-04-20;52312;10276;1388157;258092;33.8;6.3
FR;64;2021-04-21;52087;10715;1440244;268807;35.1;6.6
FR;64;2021-04-22;56970;12574;1497214;281381;36.5;6.9
FR;64;2021-04-23;60420;12479;1557634;293860;38.0;7.2
FR;64;2021-04-24;43153;8977;1600787;302837;39.0;7.4
FR;64;2021-04-25;16081;3305;1616868;306142;39.4;7.5
FR;64;2021-04-26;49211;11365;1666079;317507;40.6;7.7
FR;64;2021-04-27;62616;15345;1728695;332852;42.1;8.1
FR;64;2021-04-28;63590;15825;1792285;348677;43.7;8.5
FR;64;2021-04-29;73152;20228;1865437;368905;45.5;9.0
FR;64;2021-04-30;74805;21778;1940242;390683;47.3;9.5
FR;64;2021-05-01;29042;6590;1969284;397273;48.0;9.7
FR;64;2021-05-02;14366;3938;1983650;401211;48.4;9.8
FR;64;2021-05-03;51828;15724;2035478;416935;49.6;10.2
FR;64;2021-05-04;52711;21522;2088189;438457;50.9;10.7
FR;64;2021-05-05;48933;22574;2137122;461031;52.1;11.2
FR;64;2021-05-06;56360;28670;2193482;489701;53.5;11.9
FR;64;2021-05-07;50493;33869;2243975;523570;54.7;12.8
FR;64;2021-05-08;19776;9222;2263751;532792;55.2;13.0
FR;64;2021-05-09;9974;5471;2273725;538263;55.4;13.1
FR;64;2021-05-10;33928;26671;2307653;564934;56.3;13.8
FR;64;2021-05-11;43634;37021;2351287;601955;57.3;14.7
FR;64;2021-05-12;38478;34854;2389765;636809;58.3;15.5
FR;64;2021-05-13;21868;10015;2411633;646824;58.8;15.8
FR;64;2021-05-14;35982;28944;2447615;675768;59.7;16.5
FR;64;2021-05-15;21031;18935;2468646;694703;60.2;16.9
FR;64;2021-05-16;7927;4284;2476573;698987;60.4;17.0
FR;64;2021-05-17;26551;25287;2503124;724274;61.0;17.7
FR;64;2021-05-18;32724;28124;2535848;752398;61.8;18.3
FR;69;2020-12-27;2;0;2;0;0.0;0.0
FR;69;2020-12-28;1;0;3;0;0.0;0.0
FR;69;2020-12-29;3;0;6;0;0.0;0.0
FR;69;2020-12-30;7;0;13;0;0.0;0.0
FR;69;2020-12-31;5;0;18;0;0.0;0.0
FR;69;2021-01-01;6;0;24;0;0.0;0.0
FR;69;2021-01-02;10;0;34;0;0.0;0.0
FR;69;2021-01-03;8;0;42;0;0.0;0.0
FR;69;2021-01-04;114;0;156;0;0.0;0.0
FR;69;2021-01-05;410;2;566;2;0.0;0.0
FR;69;2021-01-06;806;2;1372;4;0.0;0.0
FR;69;2021-01-07;1889;3;3261;7;0.1;0.0
FR;69;2021-01-08;2448;0;5709;7;0.1;0.0
FR;69;2021-01-09;1122;1;6831;8;0.2;0.0
FR;69;2021-01-10;655;0;7486;8;0.2;0.0
FR;69;2021-01-11;2728;3;10214;11;0.3;0.0
FR;69;2021-01-12;3862;1;14076;12;0.4;0.0
FR;69;2021-01-13;3778;9;17854;21;0.5;0.0
FR;69;2021-01-14;4559;44;22413;65;0.6;0.0
FR;69;2021-01-15;3831;13;26244;78;0.7;0.0
FR;69;2021-01-16;1341;8;27585;86;0.7;0.0
FR;69;2021-01-17;634;3;28219;89;0.7;0.0
FR;69;2021-01-18;3253;14;31472;103;0.8;0.0
FR;69;2021-01-19;4782;15;36254;118;0.9;0.0
FR;69;2021-01-20;4751;11;41005;129;1.1;0.0
FR;69;2021-01-21;5512;12;46517;141;1.2;0.0
FR;69;2021-01-22;4366;12;50883;153;1.3;0.0
FR;69;2021-01-23;1359;4;52242;157;1.3;0.0
FR;69;2021-01-24;446;5;52688;162;1.4;0.0
FR;69;2021-01-25;2719;81;55407;243;1.4;0.0
FR;69;2021-01-26;3343;180;58750;423;1.5;0.0
FR;69;2021-01-27;3664;404;62414;827;1.6;0.0
FR;69;2021-01-28;4319;885;66733;1712;1.7;0.0
FR;69;2021-01-29;3480;1231;70213;2943;1.8;0.1
FR;69;2021-01-30;937;402;71150;3345;1.8;0.1
FR;69;2021-01-31;180;159;71330;3504;1.8;0.1
FR;69;2021-02-01;1803;1521;73133;5025;1.9;0.1
FR;69;2021-02-02;2400;2200;75533;7225;1.9;0.2
FR;69;2021-02-03;2415;2271;77948;9496;2.0;0.2
FR;69;2021-02-04;2975;2921;80923;12417;2.1;0.3
FR;69;2021-02-05;2500;2536;83423;14953;2.1;0.4
FR;69;2021-02-06;722;808;84145;15761;2.2;0.4
FR;69;2021-02-07;162;391;84307;16152;2.2;0.4
FR;69;2021-02-08;1605;2408;85912;18560;2.2;0.5
FR;69;2021-02-09;2398;3410;88310;21970;2.3;0.6
FR;69;2021-02-10;2559;3402;90869;25372;2.3;0.7
FR;69;2021-02-11;3509;4857;94378;30229;2.4;0.8
FR;69;2021-02-12;3145;3414;97523;33643;2.5;0.9
FR;69;2021-02-13;862;1032;98385;34675;2.5;0.9
FR;69;2021-02-14;213;412;98598;35087;2.5;0.9
FR;69;2021-02-15;1325;2774;99923;37861;2.6;1.0
FR;69;2021-02-16;1862;3980;101785;41841;2.6;1.1
FR;69;2021-02-17;2010;3660;103795;45501;2.7;1.2
FR;69;2021-02-18;2988;4552;106783;50053;2.7;1.3
FR;69;2021-02-19;2852;3500;109635;53553;2.8;1.4
FR;69;2021-02-20;752;1025;110387;54578;2.8;1.4
FR;69;2021-02-21;149;233;110536;54811;2.8;1.4
FR;69;2021-02-22;1602;2574;112138;57385;2.9;1.5
FR;69;2021-02-23;2265;2813;114403;60198;2.9;1.5
FR;69;2021-02-24;2655;2906;117058;63104;3.0;1.6
FR;69;2021-02-25;3866;3568;120924;66672;3.1;1.7
FR;69;2021-02-26;4253;2620;125177;69292;3.2;1.8
FR;69;2021-02-27;1797;702;126974;69994;3.3;1.8
FR;69;2021-02-28;309;177;127283;70171;3.3;1.8
FR;69;2021-03-01;2790;1923;130073;72094;3.3;1.8
FR;69;2021-03-02;4706;2428;134779;74522;3.5;1.9
FR;69;2021-03-03;6638;2462;141417;76984;3.6;2.0
FR;69;2021-03-04;11667;2979;153084;79963;3.9;2.0
FR;69;2021-03-05;17367;2641;170451;82604;4.4;2.1
FR;69;2021-03-06;22947;712;193398;83316;5.0;2.1
FR;69;2021-03-07;14686;388;208084;83704;5.3;2.1
FR;69;2021-03-08;9706;2008;217790;85712;5.6;2.2
FR;69;2021-03-09;17404;2444;235194;88156;6.0;2.3
FR;69;2021-03-10;18698;2490;253892;90646;6.5;2.3
FR;69;2021-03-11;29004;3124;282896;93770;7.3;2.4
FR;69;2021-03-12;39659;2813;322555;96583;8.3;2.5
FR;69;2021-03-13;35773;872;358328;97455;9.2;2.5
FR;69;2021-03-14;8160;223;366488;97678;9.4;2.5
FR;69;2021-03-15;16586;1769;383074;99447;9.8;2.5
FR;69;2021-03-16;10703;2157;393777;101604;10.1;2.6
FR;69;2021-03-17;11704;2156;405481;103760;10.4;2.7
FR;69;2021-03-18;13093;2567;418574;106327;10.7;2.7
FR;69;2021-03-19;28678;2356;447252;108683;11.5;2.8
FR;69;2021-03-20;26839;833;474091;109516;12.2;2.8
FR;69;2021-03-21;7107;260;481198;109776;12.3;2.8
FR;69;2021-03-22;21111;2114;502309;111890;12.9;2.9
FR;69;2021-03-23;36049;2721;538358;114611;13.8;2.9
FR;69;2021-03-24;37336;2753;575694;117364;14.8;3.0
FR;69;2021-03-25;54772;2983;630466;120347;16.2;3.1
FR;69;2021-03-26;58932;2860;689398;123207;17.7;3.2
FR;69;2021-03-27;30017;1288;719415;124495;18.4;3.2
FR;69;2021-03-28;7595;363;727010;124858;18.6;3.2
FR;69;2021-03-29;27612;3369;754622;128227;19.3;3.3
FR;69;2021-03-30;42152;4252;796774;132479;20.4;3.4
FR;69;2021-03-31;35284;4313;832058;136792;21.3;3.5
FR;69;2021-04-01;43080;5675;875138;142467;22.4;3.7
FR;69;2021-04-02;41221;5825;916359;148292;23.5;3.8
FR;69;2021-04-03;21633;3895;937992;152187;24.0;3.9
FR;69;2021-04-04;5799;1298;943791;153485;24.2;3.9
FR;69;2021-04-05;7605;1050;951396;154535;24.4;4.0
FR;69;2021-04-06;27709;7115;979105;161650;25.1;4.1
FR;69;2021-04-07;32320;7678;1011425;169328;25.9;4.3
FR;69;2021-04-08;48447;8742;1059872;178070;27.2;4.6
FR;69;2021-04-09;70351;8869;1130223;186939;29.0;4.8
FR;69;2021-04-10;36587;7776;1166810;194715;29.9;5.0
FR;69;2021-04-11;7991;4271;1174801;198986;30.1;5.1
FR;69;2021-04-12;38468;8762;1213269;207748;31.1;5.3
FR;69;2021-04-13;53378;11841;1266647;219589;32.5;5.6
FR;69;2021-04-14;49144;11554;1315791;231143;33.7;5.9
FR;69;2021-04-15;61565;13396;1377356;244539;35.3;6.3
FR;69;2021-04-16;72314;13938;1449670;258477;37.2;6.6
FR;69;2021-04-17;39486;10603;1489156;269080;38.2;6.9
FR;69;2021-04-18;9990;5012;1499146;274092;38.4;7.0
FR;69;2021-04-19;45727;13790;1544873;287882;39.6;7.4
FR;69;2021-04-20;56849;16699;1601722;304581;41.0;7.8
FR;69;2021-04-21;53130;16429;1654852;321010;42.4;8.2
FR;69;2021-04-22;59879;18608;1714731;339618;43.9;8.7
FR;69;2021-04-23;58996;18594;1773727;358212;45.5;9.2
FR;69;2021-04-24;37124;13064;1810851;371276;46.4;9.5
FR;69;2021-04-25;13134;4955;1823985;376231;46.7;9.6
FR;69;2021-04-26;48887;18250;1872872;394481;48.0;10.1
FR;69;2021-04-27;61453;23044;1934325;417525;49.6;10.7
FR;69;2021-04-28;59454;21948;1993779;439473;51.1;11.3
FR;69;2021-04-29;69619;24693;2063398;464166;52.9;11.9
FR;69;2021-04-30;66601;23753;2129999;487919;54.6;12.5
FR;69;2021-05-01;23576;7558;2153575;495477;55.2;12.7
FR;69;2021-05-02;11127;5123;2164702;500600;55.5;12.8
FR;69;2021-05-03;47082;21246;2211784;521846;56.7;13.4
FR;69;2021-05-04;47584;27663;2259368;549509;57.9;14.1
FR;69;2021-05-05;42359;27088;2301727;576597;59.0;14.8
FR;69;2021-05-06;50477;30125;2352204;606722;60.3;15.5
FR;69;2021-05-07;42006;34214;2394210;640936;61.4;16.4
FR;69;2021-05-08;14962;9327;2409172;650263;61.7;16.7
FR;69;2021-05-09;7249;6548;2416421;656811;61.9;16.8
FR;69;2021-05-10;29222;34643;2445643;691454;62.7;17.7
FR;69;2021-05-11;37907;43688;2483550;735142;63.7;18.8
FR;69;2021-05-12;32610;39134;2516160;774276;64.5;19.8
FR;69;2021-05-13;17403;11487;2533563;785763;64.9;20.1
FR;69;2021-05-14;29754;34097;2563317;819860;65.7;21.0
FR;69;2021-05-15;15100;18486;2578417;838346;66.1;21.5
FR;69;2021-05-16;5410;4304;2583827;842650;66.2;21.6
FR;69;2021-05-17;21546;28727;2605373;871377;66.8;22.3
FR;69;2021-05-18;27359;29472;2632732;900849;67.5;23.1
FR;74;2020-12-27;1;0;1;0;0.0;0.0
FR;74;2020-12-28;6;0;7;0;0.0;0.0
FR;74;2020-12-29;5;0;12;0;0.0;0.0
FR;74;2020-12-30;11;0;23;0;0.0;0.0
FR;74;2020-12-31;7;0;30;0;0.0;0.0
FR;74;2021-01-01;5;0;35;0;0.0;0.0
FR;74;2021-01-02;3;0;38;0;0.0;0.0
FR;74;2021-01-03;12;0;50;0;0.0;0.0
FR;74;2021-01-04;85;1;135;1;0.0;0.0
FR;74;2021-01-05;297;0;432;1;0.0;0.0
FR;74;2021-01-06;554;0;986;1;0.0;0.0
FR;74;2021-01-07;1463;0;2449;1;0.1;0.0
FR;74;2021-01-08;1789;3;4238;4;0.1;0.0
FR;74;2021-01-09;794;1;5032;5;0.1;0.0
FR;74;2021-01-10;534;0;5566;5;0.2;0.0
FR;74;2021-01-11;2118;0;7684;5;0.2;0.0
FR;74;2021-01-12;3143;3;10827;8;0.3;0.0
FR;74;2021-01-13;3193;5;14020;13;0.4;0.0
FR;74;2021-01-14;3934;39;17954;52;0.5;0.0
FR;74;2021-01-15;3528;8;21482;60;0.6;0.0
FR;74;2021-01-16;1333;2;22815;62;0.7;0.0
FR;74;2021-01-17;764;3;23579;65;0.7;0.0
FR;74;2021-01-18;4715;11;28294;76;0.8;0.0
FR;74;2021-01-19;6809;11;35103;87;1.0;0.0
FR;74;2021-01-20;7089;10;42192;97;1.2;0.0
FR;74;2021-01-21;8171;20;50363;117;1.4;0.0
FR;74;2021-01-22;6531;16;56894;133;1.6;0.0
FR;74;2021-01-23;2258;1;59152;134;1.7;0.0
FR;74;2021-01-24;608;0;59760;134;1.7;0.0
FR;74;2021-01-25;4529;56;64289;190;1.8;0.0
FR;74;2021-01-26;5616;148;69905;338;2.0;0.0
FR;74;2021-01-27;5972;270;75877;608;2.2;0.0
FR;74;2021-01-28;6962;749;82839;1357;2.4;0.0
FR;74;2021-01-29;5729;896;88568;2253;2.5;0.1
FR;74;2021-01-30;1769;261;90337;2514;2.6;0.1
FR;74;2021-01-31;294;114;90631;2628;2.6;0.1
FR;74;2021-02-01;3274;1060;93905;3688;2.7;0.1
FR;74;2021-02-02;4275;1783;98180;5471;2.8;0.2
FR;74;2021-02-03;4300;1805;102480;7276;2.9;0.2
FR;74;2021-02-04;5170;2467;107650;9743;3.1;0.3
FR;74;2021-02-05;4381;2178;112031;11921;3.2;0.3
FR;74;2021-02-06;1395;694;113426;12615;3.3;0.4
FR;74;2021-02-07;243;351;113669;12966;3.3;0.4
FR;74;2021-02-08;3069;2505;116738;15471;3.4;0.4
FR;74;2021-02-09;4100;3722;120838;19193;3.5;0.6
FR;74;2021-02-10;4408;3814;125246;23007;3.6;0.7
FR;74;2021-02-11;5611;5469;130857;28476;3.8;0.8
FR;74;2021-02-12;5250;3815;136107;32291;3.9;0.9
FR;74;2021-02-13;1646;1218;137753;33509;4.0;1.0
FR;74;2021-02-14;404;471;138157;33980;4.0;1.0
FR;74;2021-02-15;2396;4177;140553;38157;4.0;1.1
FR;74;2021-02-16;3276;5629;143829;43786;4.1;1.3
FR;74;2021-02-17;3392;5448;147221;49234;4.2;1.4
FR;74;2021-02-18;4914;6802;152135;56036;4.4;1.6
FR;74;2021-02-19;4871;5403;157006;61439;4.5;1.8
FR;74;2021-02-20;1546;1736;158552;63175;4.6;1.8
FR;74;2021-02-21;232;415;158784;63590;4.6;1.8
FR;74;2021-02-22;2857;4290;161641;67880;4.6;2.0
FR;74;2021-02-23;4130;4890;165771;72770;4.8;2.1
FR;74;2021-02-24;4515;4837;170286;77607;4.9;2.2
FR;74;2021-02-25;5516;5694;175802;83301;5.1;2.4
FR;74;2021-02-26;5464;4464;181266;87765;5.2;2.5
FR;74;2021-02-27;2000;1364;183266;89129;5.3;2.6
FR;74;2021-02-28;528;293;183794;89422;5.3;2.6
FR;74;2021-03-01;5057;3362;188851;92784;5.4;2.7
FR;74;2021-03-02;7435;4273;196286;97057;5.6;2.8
FR;74;2021-03-03;9639;4249;205925;101306;5.9;2.9
FR;74;2021-03-04;14952;4796;220877;106102;6.4;3.1
FR;74;2021-03-05;21570;4566;242447;110668;7.0;3.2
FR;74;2021-03-06;30968;1345;273415;112013;7.9;3.2
FR;74;2021-03-07;20824;480;294239;112493;8.5;3.2
FR;74;2021-03-08;14165;3644;308404;116137;8.9;3.3
FR;74;2021-03-09;23965;4205;332369;120342;9.6;3.5
FR;74;2021-03-10;26162;4375;358531;124717;10.3;3.6
FR;74;2021-03-11;38157;5248;396688;129965;11.4;3.7
FR;74;2021-03-12;50393;4640;447081;134605;12.9;3.9
FR;74;2021-03-13;47576;1489;494657;136094;14.2;3.9
FR;74;2021-03-14;11925;397;506582;136491;14.6;3.9
FR;74;2021-03-15;25429;3104;532011;139595;15.3;4.0
FR;74;2021-03-16;20010;3826;552021;143421;15.9;4.1
FR;74;2021-03-17;21745;3854;573766;147275;16.5;4.2
FR;74;2021-03-18;24365;4498;598131;151773;17.2;4.4
FR;74;2021-03-19;41227;3934;639358;155707;18.4;4.5
FR;74;2021-03-20;35290;1530;674648;157237;19.4;4.5
FR;74;2021-03-21;9468;391;684116;157628;19.7;4.5
FR;74;2021-03-22;31408;3873;715524;161501;20.6;4.6
FR;74;2021-03-23;50015;4751;765539;166252;22.0;4.8
FR;74;2021-03-24;51968;5132;817507;171384;23.5;4.9
FR;74;2021-03-25;74499;5482;892006;176866;25.6;5.1
FR;74;2021-03-26;80562;5102;972568;181968;28.0;5.2
FR;74;2021-03-27;50900;2343;1023468;184311;29.4;5.3
FR;74;2021-03-28;17780;727;1041248;185038;29.9;5.3
FR;74;2021-03-29;55988;6821;1097236;191859;31.5;5.5
FR;74;2021-03-30;76409;8680;1173645;200539;33.7;5.8
FR;74;2021-03-31;67782;9243;1241427;209782;35.7;6.0
FR;74;2021-04-01;78164;11620;1319591;221402;37.9;6.4
FR;74;2021-04-02;69857;12202;1389448;233604;39.9;6.7
FR;74;2021-04-03;37109;8404;1426557;242008;41.0;7.0
FR;74;2021-04-04;12492;2768;1439049;244776;41.4;7.0
FR;74;2021-04-05;19192;1843;1458241;246619;41.9;7.1
FR;74;2021-04-06;64214;15036;1522455;261655;43.8;7.5
FR;74;2021-04-07;72516;15902;1594971;277557;45.9;8.0
FR;74;2021-04-08;87455;17786;1682426;295343;48.4;8.5
FR;74;2021-04-09;97067;17564;1779493;312907;51.2;9.0
FR;74;2021-04-10;48562;13957;1828055;326864;52.6;9.4
FR;74;2021-04-11;12725;6808;1840780;333672;52.9;9.6
FR;74;2021-04-12;60778;17645;1901558;351317;54.7;10.1
FR;74;2021-04-13;68574;22098;1970132;373415;56.6;10.7
FR;74;2021-04-14;59917;21688;2030049;395103;58.4;11.4
FR;74;2021-04-15;61691;23627;2091740;418730;60.1;12.0
FR;74;2021-04-16;52076;24238;2143816;442968;61.6;12.7
FR;74;2021-04-17;25636;16753;2169452;459721;62.4;13.2
FR;74;2021-04-18;5733;6957;2175185;466678;62.5;13.4
FR;74;2021-04-19;31614;24229;2206799;490907;63.4;14.1
FR;74;2021-04-20;36085;29491;2242884;520398;64.5;15.0
FR;74;2021-04-21;33113;30132;2275997;550530;65.4;15.8
FR;74;2021-04-22;37858;35090;2313855;585620;66.5;16.8
FR;74;2021-04-23;34565;38662;2348420;624282;67.5;17.9
FR;74;2021-04-24;18522;30664;2366942;654946;68.0;18.8
FR;74;2021-04-25;6071;12536;2373013;667482;68.2;19.2
FR;74;2021-04-26;26279;46777;2399292;714259;69.0;20.5
FR;74;2021-04-27;32774;55945;2432066;770204;69.9;22.1
FR;74;2021-04-28;32351;52719;2464417;822923;70.9;23.7
FR;74;2021-04-29;38363;53839;2502780;876762;72.0;25.2
FR;74;2021-04-30;34805;49017;2537585;925779;73.0;26.6
FR;74;2021-05-01;11021;15110;2548606;940889;73.3;27.1
FR;74;2021-05-02;5130;11367;2553736;952256;73.4;27.4
FR;74;2021-05-03;23964;52018;2577700;1004274;74.1;28.9
FR;74;2021-05-04;24833;69153;2602533;1073427;74.8;30.9
FR;74;2021-05-05;22422;64850;2624955;1138277;75.5;32.7
FR;74;2021-05-06;27078;63184;2652033;1201461;76.2;34.5
FR;74;2021-05-07;23024;65925;2675057;1267386;76.9;36.4
FR;74;2021-05-08;7710;14260;2682767;1281646;77.1;36.8
FR;74;2021-05-09;3643;10462;2686410;1292108;77.2;37.1
FR;74;2021-05-10;15778;62996;2702188;1355104;77.7;39.0
FR;74;2021-05-11;20762;64048;2722950;1419152;78.3;40.8
FR;74;2021-05-12;18147;53113;2741097;1472265;78.8;42.3
FR;74;2021-05-13;9014;12070;2750111;1484335;79.1;42.7
FR;74;2021-05-14;16732;37702;2766843;1522037;79.5;43.8
FR;74;2021-05-15;8277;17538;2775120;1539575;79.8;44.3
FR;74;2021-05-16;2970;3491;2778090;1543066;79.9;44.4
FR;74;2021-05-17;12037;30742;2790127;1573808;80.2;45.2
FR;74;2021-05-18;15014;30371;2805141;1604179;80.6;46.1
FR;79;2020-12-27;1;0;1;0;0.0;0.0
FR;79;2020-12-28;6;0;7;0;0.0;0.0
FR;79;2020-12-29;16;0;23;0;0.0;0.0
FR;79;2020-12-30;11;0;34;0;0.0;0.0
FR;79;2020-12-31;6;0;40;0;0.0;0.0
FR;79;2021-01-01;4;0;44;0;0.0;0.0
FR;79;2021-01-02;4;0;48;0;0.0;0.0
FR;79;2021-01-03;2;0;50;0;0.0;0.0
FR;79;2021-01-04;49;0;99;0;0.0;0.0
FR;79;2021-01-05;171;0;270;0;0.0;0.0
FR;79;2021-01-06;339;0;609;0;0.0;0.0
FR;79;2021-01-07;905;0;1514;0;0.1;0.0
FR;79;2021-01-08;1076;1;2590;1;0.1;0.0
FR;79;2021-01-09;364;0;2954;1;0.1;0.0
FR;79;2021-01-10;191;0;3145;1;0.1;0.0
FR;79;2021-01-11;1147;2;4292;3;0.2;0.0
FR;79;2021-01-12;2202;2;6494;5;0.3;0.0
FR;79;2021-01-13;2745;2;9239;7;0.4;0.0
FR;79;2021-01-14;4431;35;13670;42;0.6;0.0
FR;79;2021-01-15;5247;16;18917;58;0.9;0.0
FR;79;2021-01-16;2820;11;21737;69;1.0;0.0
FR;79;2021-01-17;1305;3;23042;72;1.0;0.0
FR;79;2021-01-18;19644;36;42686;108;1.9;0.0
FR;79;2021-01-19;26025;34;68711;142;3.1;0.0
FR;79;2021-01-20;28018;31;96729;173;4.4;0.0
FR;79;2021-01-21;30043;31;126772;204;5.7;0.0
FR;79;2021-01-22;27888;26;154660;230;7.0;0.0
FR;79;2021-01-23;11661;10;166321;240;7.5;0.0
FR;79;2021-01-24;2172;2;168493;242;7.6;0.0
FR;79;2021-01-25;22547;44;191040;286;8.6;0.0
FR;79;2021-01-26;25721;117;216761;403;9.8;0.0
FR;79;2021-01-27;24997;192;241758;595;10.9;0.0
FR;79;2021-01-28;25191;559;266949;1154;12.0;0.1
FR;79;2021-01-29;22537;562;289486;1716;13.1;0.1
FR;79;2021-01-30;8782;137;298268;1853;13.5;0.1
FR;79;2021-01-31;1230;55;299498;1908;13.5;0.1
FR;79;2021-02-01;16136;643;315634;2551;14.2;0.1
FR;79;2021-02-02;19262;1271;334896;3822;15.1;0.2
FR;79;2021-02-03;18289;1576;353185;5398;15.9;0.2
FR;79;2021-02-04;19170;2531;372355;7929;16.8;0.4
FR;79;2021-02-05;18019;2679;390374;10608;17.6;0.5
FR;79;2021-02-06;6450;1004;396824;11612;17.9;0.5
FR;79;2021-02-07;872;390;397696;12002;17.9;0.5
FR;79;2021-02-08;13083;5810;410779;17812;18.5;0.8
FR;79;2021-02-09;15549;7670;426328;25482;19.2;1.1
FR;79;2021-02-10;15440;8044;441768;33526;19.9;1.5
FR;79;2021-02-11;16526;9602;458294;43128;20.7;1.9
FR;79;2021-02-12;15666;9404;473960;52532;21.4;2.4
FR;79;2021-02-13;5005;4122;478965;56654;21.6;2.6
FR;79;2021-02-14;905;1043;479870;57697;21.6;2.6
FR;79;2021-02-15;7131;19820;487001;77517;22.0;3.5
FR;79;2021-02-16;8350;23625;495351;101142;22.3;4.6
FR;79;2021-02-17;8249;24022;503600;125164;22.7;5.6
FR;79;2021-02-18;10282;24420;513882;149584;23.2;6.7
FR;79;2021-02-19;10310;20762;524192;170346;23.6;7.7
FR;79;2021-02-20;3766;8311;527958;178657;23.8;8.1
FR;79;2021-02-21;548;1555;528506;180212;23.8;8.1
FR;79;2021-02-22;6986;21882;535492;202094;24.2;9.1
FR;79;2021-02-23;9627;23564;545119;225658;24.6;10.2
FR;79;2021-02-24;10023;22202;555142;247860;25.0;11.2
FR;79;2021-02-25;11668;22081;566810;269941;25.6;12.2
FR;79;2021-02-26;12048;19108;578858;289049;26.1;13.0
FR;79;2021-02-27;4418;6733;583276;295782;26.3;13.3
FR;79;2021-02-28;873;1038;584149;296820;26.3;13.4
FR;79;2021-03-01;12114;16442;596263;313262;26.9;14.1
FR;79;2021-03-02;16312;19260;612575;332522;27.6;15.0
FR;79;2021-03-03;17712;18522;630287;351044;28.4;15.8
FR;79;2021-03-04;20881;17663;651168;368707;29.4;16.6
FR;79;2021-03-05;22424;16451;673592;385158;30.4;17.4
FR;79;2021-03-06;28950;5331;702542;390489;31.7;17.6
FR;79;2021-03-07;21042;1008;723584;391497;32.6;17.7
FR;79;2021-03-08;17348;15321;740932;406818;33.4;18.3
FR;79;2021-03-09;25719;16403;766651;423221;34.6;19.1
FR;79;2021-03-10;26836;15570;793487;438791;35.8;19.8
FR;79;2021-03-11;31788;15062;825275;453853;37.2;20.5
FR;79;2021-03-12;33308;12911;858583;466764;38.7;21.1
FR;79;2021-03-13;25247;4201;883830;470965;39.9;21.2
FR;79;2021-03-14;9459;765;893289;471730;40.3;21.3
FR;79;2021-03-15;28425;8662;921714;480392;41.6;21.7
FR;79;2021-03-16;32781;9279;954495;489671;43.0;22.1
FR;79;2021-03-17;33751;9237;988246;498908;44.6;22.5
FR;79;2021-03-18;36640;9720;1024886;508628;46.2;22.9
FR;79;2021-03-19;36662;8849;1061548;517477;47.9;23.3
FR;79;2021-03-20;20656;3268;1082204;520745;48.8;23.5
FR;79;2021-03-21;5874;596;1088078;521341;49.1;23.5
FR;79;2021-03-22;28534;9167;1116612;530508;50.4;23.9
FR;79;2021-03-23;36987;10752;1153599;541260;52.0;24.4
FR;79;2021-03-24;35482;11318;1189081;552578;53.6;24.9
FR;79;2021-03-25;41815;11091;1230896;563669;55.5;25.4
FR;79;2021-03-26;39296;10412;1270192;574081;57.3;25.9
FR;79;2021-03-27;17620;4398;1287812;578479;58.1;26.1
FR;79;2021-03-28;4793;900;1292605;579379;58.3;26.1
FR;79;2021-03-29;22234;14990;1314839;594369;59.3;26.8
FR;79;2021-03-30;27971;18883;1342810;613252;60.6;27.7
FR;79;2021-03-31;24643;19719;1367453;632971;61.7;28.5
FR;79;2021-04-01;27106;23168;1394559;656139;62.9;29.6
FR;79;2021-04-02;23001;24416;1417560;680555;63.9;30.7
FR;79;2021-04-03;9998;17354;1427558;697909;64.4;31.5
FR;79;2021-04-04;2797;5057;1430355;702966;64.5;31.7
FR;79;2021-04-05;4184;2744;1434539;705710;64.7;31.8
FR;79;2021-04-06;18878;28936;1453417;734646;65.5;33.1
FR;79;2021-04-07;20988;29826;1474405;764472;66.5;34.5
FR;79;2021-04-08;24926;29885;1499331;794357;67.6;35.8
FR;79;2021-04-09;26741;28057;1526072;822414;68.8;37.1
FR;79;2021-04-10;13625;18907;1539697;841321;69.4;37.9
FR;79;2021-04-11;3500;6443;1543197;847764;69.6;38.2
FR;79;2021-04-12;16688;28881;1559885;876645;70.4;39.5
FR;79;2021-04-13;19026;34973;1578911;911618;71.2;41.1
FR;79;2021-04-14;18062;33104;1596973;944722;72.0;42.6
FR;79;2021-04-15;18984;33284;1615957;978006;72.9;44.1
FR;79;2021-04-16;16153;31010;1632110;1009016;73.6;45.5
FR;79;2021-04-17;8110;16677;1640220;1025693;74.0;46.3
FR;79;2021-04-18;1764;4829;1641984;1030522;74.1;46.5
FR;79;2021-04-19;9793;29148;1651777;1059670;74.5;47.8
FR;79;2021-04-20;11597;34412;1663374;1094082;75.0;49.3
FR;79;2021-04-21;11182;31170;1674556;1125252;75.5;50.7
FR;79;2021-04-22;12735;31051;1687291;1156303;76.1;52.1
FR;79;2021-04-23;11805;27641;1699096;1183944;76.6;53.4
FR;79;2021-04-24;6107;13700;1705203;1197644;76.9;54.0
FR;79;2021-04-25;1884;3417;1707087;1201061;77.0;54.2
FR;79;2021-04-26;8791;20562;1715878;1221623;77.4;55.1
FR;79;2021-04-27;10962;23629;1726840;1245252;77.9;56.2
FR;79;2021-04-28;11488;20857;1738328;1266109;78.4;57.1
FR;79;2021-04-29;13465;20616;1751793;1286725;79.0;58.0
FR;79;2021-04-30;12707;17540;1764500;1304265;79.6;58.8
FR;79;2021-05-01;3772;3904;1768272;1308169;79.7;59.0
FR;79;2021-05-02;1719;2613;1769991;1310782;79.8;59.1
FR;79;2021-05-03;8490;15070;1778481;1325852;80.2;59.8
FR;79;2021-05-04;8810;20116;1787291;1345968;80.6;60.7
FR;79;2021-05-05;8261;18935;1795552;1364903;81.0;61.6
FR;79;2021-05-06;10098;18729;1805650;1383632;81.4;62.4
FR;79;2021-05-07;8832;19409;1814482;1403041;81.8;63.3
FR;79;2021-05-08;2893;4276;1817375;1407317;82.0;63.5
FR;79;2021-05-09;1376;2984;1818751;1410301;82.0;63.6
FR;79;2021-05-10;6012;17443;1824763;1427744;82.3;64.4
FR;79;2021-05-11;7852;18510;1832615;1446254;82.7;65.2
FR;79;2021-05-12;7079;15744;1839694;1461998;83.0;65.9
FR;79;2021-05-13;3469;3772;1843163;1465770;83.1;66.1
FR;79;2021-05-14;6662;11346;1849825;1477116;83.4;66.6
FR;79;2021-05-15;3241;5081;1853066;1482197;83.6;66.8
FR;79;2021-05-16;1137;1146;1854203;1483343;83.6;66.9
FR;79;2021-05-17;4800;8962;1859003;1492305;83.8;67.3
FR;79;2021-05-18;5866;9079;1864869;1501384;84.1;67.7
FR;80;2020-12-27;10;2;10;2;0.0;0.0
FR;80;2020-12-28;41;0;51;2;0.0;0.0
FR;80;2020-12-29;78;0;129;2;0.0;0.0
FR;80;2020-12-30;69;0;198;2;0.0;0.0
FR;80;2020-12-31;49;0;247;2;0.0;0.0
FR;80;2021-01-01;8;0;255;2;0.0;0.0
FR;80;2021-01-02;8;0;263;2;0.0;0.0
FR;80;2021-01-03;2;0;265;2;0.0;0.0
FR;80;2021-01-04;297;1;562;3;0.0;0.0
FR;80;2021-01-05;909;0;1471;3;0.0;0.0
FR;80;2021-01-06;1673;0;3144;3;0.1;0.0
FR;80;2021-01-07;6291;2;9435;5;0.2;0.0
FR;80;2021-01-08;5734;2;15169;7;0.4;0.0
FR;80;2021-01-09;979;0;16148;7;0.4;0.0
FR;80;2021-01-10;307;0;16455;7;0.4;0.0
FR;80;2021-01-11;4436;4;20891;11;0.5;0.0
FR;80;2021-01-12;12683;8;33574;19;0.8;0.0
FR;80;2021-01-13;12432;14;46006;33;1.1;0.0
FR;80;2021-01-14;18208;117;64214;150;1.5;0.0
FR;80;2021-01-15;12106;32;76320;182;1.8;0.0
FR;80;2021-01-16;4032;28;80352;210;1.9;0.0
FR;80;2021-01-17;3744;18;84096;228;2.0;0.0
FR;80;2021-01-18;28740;65;112836;293;2.7;0.0
FR;80;2021-01-19;53747;62;166583;355;4.0;0.0
FR;80;2021-01-20;59364;109;225947;464;5.4;0.0
FR;80;2021-01-21;69906;79;295853;543;7.1;0.0
FR;80;2021-01-22;48284;65;344137;608;8.3;0.0
FR;80;2021-01-23;16214;8;360351;616;8.7;0.0
FR;80;2021-01-24;4311;2;364662;618;8.8;0.0
FR;80;2021-01-25;32398;147;397060;765;9.5;0.0
FR;80;2021-01-26;45105;530;442165;1295;10.6;0.0
FR;80;2021-01-27;50856;889;493021;2184;11.9;0.1
FR;80;2021-01-28;59991;3939;553012;6123;13.3;0.1
FR;80;2021-01-29;39323;3275;592335;9398;14.2;0.2
FR;80;2021-01-30;13220;591;605555;9989;14.6;0.2
FR;80;2021-01-31;2333;285;607888;10274;14.6;0.2
FR;80;2021-02-01;23000;2784;630888;13058;15.2;0.3
FR;80;2021-02-02;33452;7427;664340;20485;16.0;0.5
FR;80;2021-02-03;34404;7865;698744;28350;16.8;0.7
FR;80;2021-02-04;38049;12582;736793;40932;17.7;1.0
FR;80;2021-02-05;29784;9525;766577;50457;18.4;1.2
FR;80;2021-02-06;9703;2123;776280;52580;18.7;1.3
FR;80;2021-02-07;1449;1867;777729;54447;18.7;1.3
FR;80;2021-02-08;19338;11137;797067;65584;19.2;1.6
FR;80;2021-02-09;25890;25606;822957;91190;19.8;2.2
FR;80;2021-02-10;26295;28913;849252;120103;20.4;2.9
FR;80;2021-02-11;30483;38114;879735;158217;21.2;3.8
FR;80;2021-02-12;26693;24676;906428;182893;21.8;4.4
FR;80;2021-02-13;7924;6522;914352;189415;22.0;4.6
FR;80;2021-02-14;1507;3099;915859;192514;22.0;4.6
FR;80;2021-02-15;11132;28308;926991;220822;22.3;5.3
FR;80;2021-02-16;15547;38925;942538;259747;22.7;6.2
FR;80;2021-02-17;15927;44486;958465;304233;23.1;7.3
FR;80;2021-02-18;21469;52509;979934;356742;23.6;8.6
FR;80;2021-02-19;19042;37488;998976;394230;24.0;9.5
FR;80;2021-02-20;6299;12322;1005275;406552;24.2;9.8
FR;80;2021-02-21;912;2970;1006187;409522;24.2;9.8
FR;80;2021-02-22;11168;30691;1017355;440213;24.5;10.6
FR;80;2021-02-23;17059;37262;1034414;477475;24.9;11.5
FR;80;2021-02-24;17970;37079;1052384;514554;25.3;12.4
FR;80;2021-02-25;22247;40856;1074631;555410;25.8;13.4
FR;80;2021-02-26;20508;30903;1095139;586313;26.3;14.1
FR;80;2021-02-27;7168;10283;1102307;596596;26.5;14.3
FR;80;2021-02-28;1260;2120;1103567;598716;26.5;14.4
FR;80;2021-03-01;18764;23197;1122331;621913;27.0;15.0
FR;80;2021-03-02;26862;29097;1149193;651010;27.6;15.7
FR;80;2021-03-03;28657;29227;1177850;680237;28.3;16.4
FR;80;2021-03-04;34833;29666;1212683;709903;29.2;17.1
FR;80;2021-03-05;35822;27465;1248505;737368;30.0;17.7
FR;80;2021-03-06;41278;8324;1289783;745692;31.0;17.9
FR;80;2021-03-07;29647;1999;1319430;747691;31.7;18.0
FR;80;2021-03-08;27143;22465;1346573;770156;32.4;18.5
FR;80;2021-03-09;40668;24631;1387241;794787;33.4;19.1
FR;80;2021-03-10;43016;25364;1430257;820151;34.4;19.7
FR;80;2021-03-11;51548;26836;1481805;846987;35.6;20.4
FR;80;2021-03-12;51982;22932;1533787;869919;36.9;20.9
FR;80;2021-03-13;37371;6971;1571158;876890;37.8;21.1
FR;80;2021-03-14;13873;1513;1585031;878403;38.1;21.1
FR;80;2021-03-15;43994;13911;1629025;892314;39.2;21.5
FR;80;2021-03-16;51775;17003;1680800;909317;40.4;21.9
FR;80;2021-03-17;54563;16515;1735363;925832;41.7;22.3
FR;80;2021-03-18;58399;18792;1793762;944624;43.1;22.7
FR;80;2021-03-19;57285;15692;1851047;960316;44.5;23.1
FR;80;2021-03-20;30944;5318;1881991;965634;45.3;23.2
FR;80;2021-03-21;8682;1089;1890673;966723;45.5;23.3
FR;80;2021-03-22;42799;14529;1933472;981252;46.5;23.6
FR;80;2021-03-23;55473;18020;1988945;999272;47.8;24.0
FR;80;2021-03-24;54346;19013;2043291;1018285;49.1;24.5
FR;80;2021-03-25;63832;19540;2107123;1037825;50.7;25.0
FR;80;2021-03-26;60008;18218;2167131;1056043;52.1;25.4
FR;80;2021-03-27;26540;7331;2193671;1063374;52.8;25.6
FR;80;2021-03-28;6923;1447;2200594;1064821;52.9;25.6
FR;80;2021-03-29;32792;23371;2233386;1088192;53.7;26.2
FR;80;2021-03-30;43114;30693;2276500;1118885;54.8;26.9
FR;80;2021-03-31;40427;32073;2316927;1150958;55.7;27.7
FR;80;2021-04-01;45979;37678;2362906;1188636;56.8;28.6
FR;80;2021-04-02;36983;39699;2399889;1228335;57.7;29.5
FR;80;2021-04-03;14485;26077;2414374;1254412;58.1;30.2
FR;80;2021-04-04;3861;7557;2418235;1261969;58.2;30.4
FR;80;2021-04-05;5609;4076;2423844;1266045;58.3;30.4
FR;80;2021-04-06;27482;44915;2451326;1310960;59.0;31.5
FR;80;2021-04-07;33323;48360;2484649;1359320;59.8;32.7
FR;80;2021-04-08;39899;49485;2524548;1408805;60.7;33.9
FR;80;2021-04-09;43309;46282;2567857;1455087;61.8;35.0
FR;80;2021-04-10;19798;28860;2587655;1483947;62.2;35.7
FR;80;2021-04-11;4827;9354;2592482;1493301;62.4;35.9
FR;80;2021-04-12;23414;45122;2615896;1538423;62.9;37.0
FR;80;2021-04-13;30052;54579;2645948;1593002;63.6;38.3
FR;80;2021-04-14;28833;52093;2674781;1645095;64.3;39.6
FR;80;2021-04-15;31142;52611;2705923;1697706;65.1;40.8
FR;80;2021-04-16;26286;48930;2732209;1746636;65.7;42.0
FR;80;2021-04-17;12291;25574;2744500;1772210;66.0;42.6
FR;80;2021-04-18;2527;7614;2747027;1779824;66.1;42.8
FR;80;2021-04-19;14170;43645;2761197;1823469;66.4;43.9
FR;80;2021-04-20;17803;52994;2779000;1876463;66.8;45.1
FR;80;2021-04-21;17787;49740;2796787;1926203;67.3;46.3
FR;80;2021-04-22;20430;51156;2817217;1977359;67.8;47.6
FR;80;2021-04-23;18908;44556;2836125;2021915;68.2;48.6
FR;80;2021-04-24;9335;21168;2845460;2043083;68.4;49.1
FR;80;2021-04-25;2649;5144;2848109;2048227;68.5;49.3
FR;80;2021-04-26;12169;30531;2860278;2078758;68.8;50.0
FR;80;2021-04-27;16561;36358;2876839;2115116;69.2;50.9
FR;80;2021-04-28;17777;34528;2894616;2149644;69.6;51.7
FR;80;2021-04-29;21341;35551;2915957;2185195;70.1;52.6
FR;80;2021-04-30;20161;29510;2936118;2214705;70.6;53.3
FR;80;2021-05-01;5757;5804;2941875;2220509;70.8;53.4
FR;80;2021-05-02;2581;3845;2944456;2224354;70.8;53.5
FR;80;2021-05-03;12330;21304;2956786;2245658;71.1;54.0
FR;80;2021-05-04;13679;29926;2970465;2275584;71.4;54.7
FR;80;2021-05-05;13269;29252;2983734;2304836;71.8;55.4
FR;80;2021-05-06;15634;29450;2999368;2334286;72.1;56.1
FR;80;2021-05-07;14341;29703;3013709;2363989;72.5;56.9
FR;80;2021-05-08;4385;6025;3018094;2370014;72.6;57.0
FR;80;2021-05-09;1902;4139;3019996;2374153;72.6;57.1
FR;80;2021-05-10;8997;24296;3028993;2398449;72.8;57.7
FR;80;2021-05-11;12264;27124;3041257;2425573;73.1;58.3
FR;80;2021-05-12;11197;23525;3052454;2449098;73.4;58.9
FR;80;2021-05-13;4861;5383;3057315;2454481;73.5;59.0
FR;80;2021-05-14;10184;16328;3067499;2470809;73.8;59.4
FR;80;2021-05-15;4773;7315;3072272;2478124;73.9;59.6
FR;80;2021-05-16;1526;1524;3073798;2479648;73.9;59.6
FR;80;2021-05-17;6858;13070;3080656;2492718;74.1;60.0
FR;80;2021-05-18;9010;13357;3089666;2506075;74.3;60.3
FR;0;2020-12-27;20;2;20;2;0.0;0.0
FR;0;2020-12-28;63;0;83;2;0.0;0.0
FR;0;2020-12-29;108;0;191;2;0.0;0.0
FR;0;2020-12-30;119;0;310;2;0.0;0.0
FR;0;2020-12-31;83;0;393;2;0.0;0.0
FR;0;2021-01-01;65;1;458;3;0.0;0.0
FR;0;2021-01-02;76;0;534;3;0.0;0.0
FR;0;2021-01-03;87;0;621;3;0.0;0.0
FR;0;2021-01-04;1468;5;2089;8;0.0;0.0
FR;0;2021-01-05;5379;7;7468;15;0.0;0.0
FR;0;2021-01-06;11280;14;18748;29;0.0;0.0
FR;0;2021-01-07;28528;42;47276;71;0.1;0.0
FR;0;2021-01-08;36060;38;83336;109;0.1;0.0
FR;0;2021-01-09;10890;9;94226;118;0.1;0.0
FR;0;2021-01-10;5602;3;99828;121;0.1;0.0
FR;0;2021-01-11;38867;45;138695;166;0.2;0.0
FR;0;2021-01-12;60641;70;199336;236;0.3;0.0
FR;0;2021-01-13;63564;100;262900;336;0.4;0.0
FR;0;2021-01-14;79657;640;342557;976;0.5;0.0
FR;0;2021-01-15;67196;213;409753;1189;0.6;0.0
FR;0;2021-01-16;19597;95;429350;1284;0.6;0.0
FR;0;2021-01-17;10455;48;439805;1332;0.7;0.0
FR;0;2021-01-18;84260;225;524065;1557;0.8;0.0
FR;0;2021-01-19;128216;220;652281;1777;1.0;0.0
FR;0;2021-01-20;134809;273;787090;2050;1.2;0.0
FR;0;2021-01-21;154897;240;941987;2290;1.4;0.0
FR;0;2021-01-22;118232;261;1060219;2551;1.6;0.0
FR;0;2021-01-23;37753;60;1097972;2611;1.6;0.0
FR;0;2021-01-24;9333;31;1107305;2642;1.6;0.0
FR;0;2021-01-25;76678;1278;1183983;3920;1.8;0.0
FR;0;2021-01-26;98610;3182;1282593;7102;1.9;0.0
FR;0;2021-01-27;105467;5682;1388060;12784;2.1;0.0
FR;0;2021-01-28;122084;14488;1510144;27272;2.3;0.0
FR;0;2021-01-29;90769;17413;1600913;44685;2.4;0.1
FR;0;2021-01-30;28620;4253;1629533;48938;2.4;0.1
FR;0;2021-01-31;4863;1681;1634396;50619;2.4;0.1
FR;0;2021-02-01;51409;21173;1685805;71792;2.5;0.1
FR;0;2021-02-02;70406;34694;1756211;106486;2.6;0.2
FR;0;2021-02-03;70839;37074;1827050;143560;2.7;0.2
FR;0;2021-02-04;80340;50213;1907390;193773;2.8;0.3
FR;0;2021-02-05;66929;45458;1974319;239231;2.9;0.4
FR;0;2021-02-06;21266;10421;1995585;249652;3.0;0.4
FR;0;2021-02-07;4826;5061;2000411;254713;3.0;0.4
FR;0;2021-02-08;45777;46126;2046188;300839;3.0;0.4
FR;0;2021-02-09;64655;72727;2110843;373566;3.1;0.6
FR;0;2021-02-10;69119;77079;2179962;450645;3.2;0.7
FR;0;2021-02-11;85371;99734;2265333;550379;3.4;0.8
FR;0;2021-02-12;77524;74817;2342857;625196;3.5;0.9
FR;0;2021-02-13;21606;19575;2364463;644771;3.5;1.0
FR;0;2021-02-14;4569;7218;2369032;651989;3.5;1.0
FR;0;2021-02-15;36944;76812;2405976;728801;3.6;1.1
FR;0;2021-02-16;49110;101100;2455086;829901;3.7;1.2
FR;0;2021-02-17;49228;103380;2504314;933281;3.7;1.4
FR;0;2021-02-18;67671;119234;2571985;1052515;3.8;1.6
FR;0;2021-02-19;63508;91313;2635493;1143828;3.9;1.7
FR;0;2021-02-20;17921;28520;2653414;1172348;4.0;1.7
FR;0;2021-02-21;2845;6395;2656259;1178743;4.0;1.8
FR;0;2021-02-22;36321;73494;2692580;1252237;4.0;1.9
FR;0;2021-02-23;52321;84496;2744901;1336733;4.1;2.0
FR;0;2021-02-24;57830;81522;2802731;1418255;4.2;2.1
FR;0;2021-02-25;97997;92317;2900728;1510572;4.3;2.3
FR;0;2021-02-26;111151;71899;3011879;1582471;4.5;2.4
FR;0;2021-02-27;50859;22293;3062738;1604764;4.6;2.4
FR;0;2021-02-28;5643;4472;3068381;1609236;4.6;2.4
FR;0;2021-03-01;63176;53258;3131557;1662494;4.7;2.5
FR;0;2021-03-02;98795;66970;3230352;1729464;4.8;2.6
FR;0;2021-03-03;112794;66451;3343146;1795915;5.0;2.7
FR;0;2021-03-04;158849;70352;3501995;1866267;5.2;2.8
FR;0;2021-03-05;196425;65052;3698420;1931319;5.5;2.9
FR;0;2021-03-06;202944;18908;3901364;1950227;5.8;2.9
FR;0;2021-03-07;119051;6033;4020415;1956260;6.0;2.9
FR;0;2021-03-08;104173;51509;4124588;2007769;6.1;3.0
FR;0;2021-03-09;168680;58009;4293268;2065778;6.4;3.1
FR;0;2021-03-10;174549;58476;4467817;2124254;6.7;3.2
FR;0;2021-03-11;237848;64999;4705665;2189253;7.0;3.3
FR;0;2021-03-12;289234;55688;4994899;2244941;7.4;3.3
FR;0;2021-03-13;226848;16500;5221747;2261441;7.8;3.4
FR;0;2021-03-14;61975;3892;5283722;2265333;7.9;3.4
FR;0;2021-03-15;155080;34271;5438802;2299604;8.1;3.4
FR;0;2021-03-16;139031;41195;5577833;2340799;8.3;3.5
FR;0;2021-03-17;147615;40716;5725448;2381515;8.5;3.5
FR;0;2021-03-18;164616;47290;5890064;2428805;8.8;3.6
FR;0;2021-03-19;225759;40813;6115823;2469618;9.1;3.7
FR;0;2021-03-20;164040;13716;6279863;2483334;9.4;3.7
FR;0;2021-03-21;48678;3359;6328541;2486693;9.4;3.7
FR;0;2021-03-22;166580;36975;6495121;2523668;9.7;3.8
FR;0;2021-03-23;245917;46256;6741038;2569924;10.0;3.8
FR;0;2021-03-24;252434;47706;6993472;2617630;10.4;3.9
FR;0;2021-03-25;336315;50089;7329787;2667719;10.9;4.0
FR;0;2021-03-26;353584;47650;7683371;2715369;11.4;4.0
FR;0;2021-03-27;192403;19709;7875774;2735078;11.7;4.1
FR;0;2021-03-28;58232;4691;7934006;2739769;11.8;4.1
FR;0;2021-03-29;199884;57764;8133890;2797533;12.1;4.2
FR;0;2021-03-30;281165;75006;8415055;2872539;12.5;4.3
FR;0;2021-03-31;258575;78359;8673630;2950898;12.9;4.4
FR;0;2021-04-01;308711;95183;8982341;3046081;13.4;4.5
FR;0;2021-04-02;276854;98393;9259195;3144474;13.8;4.7
FR;0;2021-04-03;138886;64879;9398081;3209353;14.0;4.8
FR;0;2021-04-04;44797;19840;9442878;3229193;14.1;4.8
FR;0;2021-04-05;58679;12623;9501557;3241816;14.2;4.8
FR;0;2021-04-06;212329;112810;9713886;3354626;14.5;5.0
FR;0;2021-04-07;255346;122155;9969232;3476781;14.9;5.2
FR;0;2021-04-08;331494;130722;10300726;3607503;15.3;5.4
FR;0;2021-04-09;403301;126355;10704027;3733858;15.9;5.6
FR;0;2021-04-10;209769;87802;10913796;3821660;16.3;5.7
FR;0;2021-04-11;54883;36238;10968679;3857898;16.3;5.7
FR;0;2021-04-12;232955;121123;11201634;3979021;16.7;5.9
FR;0;2021-04-13;303896;152876;11505530;4131897;17.1;6.2
FR;0;2021-04-14;288047;147834;11793577;4279731;17.6;6.4
FR;0;2021-04-15;329376;157562;12122953;4437293;18.1;6.6
FR;0;2021-04-16;333057;154921;12456010;4592214;18.6;6.8
FR;0;2021-04-17;185381;95187;12641391;4687401;18.8;7.0
FR;0;2021-04-18;50250;37109;12691641;4724510;18.9;7.0
FR;0;2021-04-19;201374;144539;12893015;4869049;19.2;7.3
FR;0;2021-04-20;248681;178632;13141696;5047681;19.6;7.5
FR;0;2021-04-21;246297;176828;13387993;5224509;19.9;7.8
FR;0;2021-04-22;280518;197903;13668511;5422412;20.4;8.1
FR;0;2021-04-23;287860;193780;13956371;5616192;20.8;8.4
FR;0;2021-04-24;186778;119244;14143149;5735436;21.1;8.5
FR;0;2021-04-25;67290;41536;14210439;5776972;21.2;8.6
FR;0;2021-04-26;213915;166223;14424354;5943195;21.5;8.9
FR;0;2021-04-27;278403;206647;14702757;6149842;21.9;9.2
FR;0;2021-04-28;292757;203741;14995514;6353583;22.3;9.5
FR;0;2021-04-29;348186;225630;15343700;6579213;22.9;9.8
FR;0;2021-04-30;364469;218686;15708169;6797899;23.4;10.1
FR;0;2021-05-01;159178;61247;15867347;6859146;23.6;10.2
FR;0;2021-05-02;89212;42212;15956559;6901358;23.8;10.3
FR;0;2021-05-03;279398;186588;16235957;7087946;24.2;10.6
FR;0;2021-05-04;305726;246522;16541683;7334468;24.6;10.9
FR;0;2021-05-05;314374;245614;16856057;7580082;25.1;11.3
FR;0;2021-05-06;367708;268409;17223765;7848491;25.7;11.7
FR;0;2021-05-07;361298;294011;17585063;8142502;26.2;12.1
FR;0;2021-05-08;201492;78498;17786555;8221000;26.5;12.2
FR;0;2021-05-09;127061;54037;17913616;8275037;26.7;12.3
FR;0;2021-05-10;298882;250935;18212498;8525972;27.1;12.7
FR;0;2021-05-11;390872;292108;18603370;8818080;27.7;13.1
FR;0;2021-05-12;412884;264218;19016254;9082298;28.3;13.5
FR;0;2021-05-13;326141;75382;19342395;9157680;28.8;13.6
FR;0;2021-05-14;436864;198485;19779259;9356165;29.5;13.9
FR;0;2021-05-15;360105;116748;20139364;9472913;30.0;14.1
FR;0;2021-05-16;198479;32581;20337843;9505494;30.3;14.2
FR;0;2021-05-17;362518;175085;20700361;9680579;30.8;14.4
FR;0;2021-05-18;433292;186355;21133653;9866934;31.5;14.7
