reg;jour;n_dose1;n_complet;n_cum_dose1;n_cum_complet;couv_dose1;couv_complet
01;2020-12-27;0;0;0;0;0.0;0.0
01;2020-12-28;0;0;0;0;0.0;0.0
01;2020-12-29;0;0;0;0;0.0;0.0
01;2020-12-30;0;0;0;0;0.0;0.0
01;2020-12-31;0;0;0;0;0.0;0.0
01;2021-01-01;1;0;1;0;0.0;0.0
01;2021-01-02;0;0;1;0;0.0;0.0
01;2021-01-03;0;0;1;0;0.0;0.0
01;2021-01-04;1;0;2;0;0.0;0.0
01;2021-01-05;0;0;2;0;0.0;0.0
01;2021-01-06;0;0;2;0;0.0;0.0
01;2021-01-07;0;0;2;0;0.0;0.0
01;2021-01-08;33;0;35;0;0.0;0.0
01;2021-01-09;14;0;49;0;0.0;0.0
01;2021-01-10;0;0;49;0;0.0;0.0
01;2021-01-11;48;0;97;0;0.0;0.0
01;2021-01-12;33;0;130;0;0.0;0.0
01;2021-01-13;45;0;175;0;0.0;0.0
01;2021-01-14;60;0;235;0;0.1;0.0
01;2021-01-15;75;0;310;0;0.1;0.0
01;2021-01-16;0;0;310;0;0.1;0.0
01;2021-01-17;0;0;310;0;0.1;0.0
01;2021-01-18;75;0;385;0;0.1;0.0
01;2021-01-19;137;0;522;0;0.1;0.0
01;2021-01-20;130;0;652;0;0.2;0.0
01;2021-01-21;146;1;798;1;0.2;0.0
01;2021-01-22;126;0;924;1;0.2;0.0
01;2021-01-23;1;0;925;1;0.2;0.0
01;2021-01-24;0;0;925;1;0.2;0.0
01;2021-01-25;200;0;1125;1;0.3;0.0
01;2021-01-26;197;1;1322;2;0.4;0.0
01;2021-01-27;229;0;1551;2;0.4;0.0
01;2021-01-28;218;3;1769;5;0.5;0.0
01;2021-01-29;192;1;1961;6;0.5;0.0
01;2021-01-30;10;0;1971;6;0.5;0.0
01;2021-01-31;1;0;1972;6;0.5;0.0
01;2021-02-01;217;4;2189;10;0.6;0.0
01;2021-02-02;236;25;2425;35;0.6;0.0
01;2021-02-03;191;2;2616;37;0.7;0.0
01;2021-02-04;296;20;2912;57;0.8;0.0
01;2021-02-05;212;32;3124;89;0.8;0.0
01;2021-02-06;45;1;3169;90;0.8;0.0
01;2021-02-07;0;0;3169;90;0.8;0.0
01;2021-02-08;178;23;3347;113;0.9;0.0
01;2021-02-09;308;28;3655;141;1.0;0.0
01;2021-02-10;186;29;3841;170;1.0;0.0
01;2021-02-11;288;109;4129;279;1.1;0.1
01;2021-02-12;280;24;4409;303;1.2;0.1
01;2021-02-13;48;7;4457;310;1.2;0.1
01;2021-02-14;18;36;4475;346;1.2;0.1
01;2021-02-15;58;45;4533;391;1.2;0.1
01;2021-02-16;15;1;4548;392;1.2;0.1
01;2021-02-17;16;1;4564;393;1.2;0.1
01;2021-02-18;195;17;4759;410;1.3;0.1
01;2021-02-19;216;20;4975;430;1.3;0.1
01;2021-02-20;46;0;5021;430;1.3;0.1
01;2021-02-21;1;0;5022;430;1.3;0.1
01;2021-02-22;137;61;5159;491;1.4;0.1
01;2021-02-23;180;73;5339;564;1.4;0.1
01;2021-02-24;295;124;5634;688;1.5;0.2
01;2021-02-25;356;79;5990;767;1.6;0.2
01;2021-02-26;154;83;6144;850;1.6;0.2
01;2021-02-27;63;0;6207;850;1.6;0.2
01;2021-02-28;1;0;6208;850;1.6;0.2
01;2021-03-01;122;81;6330;931;1.7;0.2
01;2021-03-02;234;131;6564;1062;1.7;0.3
01;2021-03-03;193;118;6757;1180;1.8;0.3
01;2021-03-04;293;82;7050;1262;1.9;0.3
01;2021-03-05;303;142;7353;1404;2.0;0.4
01;2021-03-06;570;2;7923;1406;2.1;0.4
01;2021-03-07;1;0;7924;1406;2.1;0.4
01;2021-03-08;258;137;8182;1543;2.2;0.4
01;2021-03-09;279;150;8461;1693;2.2;0.4
01;2021-03-10;306;158;8767;1851;2.3;0.5
01;2021-03-11;119;44;8886;1895;2.4;0.5
01;2021-03-12;260;212;9146;2107;2.4;0.6
01;2021-03-13;63;2;9209;2109;2.4;0.6
01;2021-03-14;13;23;9222;2132;2.4;0.6
01;2021-03-15;251;42;9473;2174;2.5;0.6
01;2021-03-16;323;78;9796;2252;2.6;0.6
01;2021-03-17;323;83;10119;2335;2.7;0.6
01;2021-03-18;395;106;10514;2441;2.8;0.6
01;2021-03-19;381;98;10895;2539;2.9;0.7
01;2021-03-20;85;44;10980;2583;2.9;0.7
01;2021-03-21;8;0;10988;2583;2.9;0.7
01;2021-03-22;323;86;11311;2669;3.0;0.7
01;2021-03-23;452;156;11763;2825;3.1;0.7
01;2021-03-24;445;106;12208;2931;3.2;0.8
01;2021-03-25;680;177;12888;3108;3.4;0.8
01;2021-03-26;619;120;13507;3228;3.6;0.9
01;2021-03-27;252;46;13759;3274;3.7;0.9
01;2021-03-28;4;0;13763;3274;3.7;0.9
01;2021-03-29;356;80;14119;3354;3.7;0.9
01;2021-03-30;589;161;14708;3515;3.9;0.9
01;2021-03-31;506;124;15214;3639;4.0;1.0
01;2021-04-01;600;200;15814;3839;4.2;1.0
01;2021-04-02;40;34;15854;3873;4.2;1.0
01;2021-04-03;40;2;15894;3875;4.2;1.0
01;2021-04-04;4;18;15898;3893;4.2;1.0
01;2021-04-05;3;0;15901;3893;4.2;1.0
01;2021-04-06;399;186;16300;4079;4.3;1.1
01;2021-04-07;553;114;16853;4193;4.5;1.1
01;2021-04-08;462;159;17315;4352;4.6;1.2
01;2021-04-09;450;209;17765;4561;4.7;1.2
01;2021-04-10;95;4;17860;4565;4.7;1.2
01;2021-04-11;2;25;17862;4590;4.7;1.2
01;2021-04-12;261;256;18123;4846;4.8;1.3
01;2021-04-13;512;318;18635;5164;4.9;1.4
01;2021-04-14;395;219;19030;5383;5.0;1.4
01;2021-04-15;527;315;19557;5698;5.2;1.5
01;2021-04-16;536;265;20093;5963;5.3;1.6
01;2021-04-17;161;2;20254;5965;5.4;1.6
01;2021-04-18;4;14;20258;5979;5.4;1.6
01;2021-04-19;369;236;20627;6215;5.5;1.6
01;2021-04-20;698;342;21325;6557;5.7;1.7
01;2021-04-21;603;309;21928;6866;5.8;1.8
01;2021-04-22;779;328;22707;7194;6.0;1.9
01;2021-04-23;833;246;23540;7440;6.2;2.0
01;2021-04-24;315;71;23855;7511;6.3;2.0
01;2021-04-25;596;64;24451;7575;6.5;2.0
01;2021-04-26;911;208;25362;7783;6.7;2.1
01;2021-04-27;602;224;25964;8007;6.9;2.1
01;2021-04-28;822;261;26786;8268;7.1;2.2
01;2021-04-29;1183;183;27969;8451;7.4;2.2
01;2021-04-30;1245;162;29214;8613;7.8;2.3
01;2021-05-01;588;38;29802;8651;7.9;2.3
01;2021-05-02;327;15;30129;8666;8.0;2.3
01;2021-05-03;899;165;31028;8831;8.2;2.3
01;2021-05-04;916;194;31944;9025;8.5;2.4
01;2021-05-05;933;239;32877;9264;8.7;2.5
01;2021-05-06;1088;163;33965;9427;9.0;2.5
01;2021-05-07;1151;252;35116;9679;9.3;2.6
01;2021-05-08;307;29;35423;9708;9.4;2.6
01;2021-05-09;177;9;35600;9717;9.4;2.6
01;2021-05-10;813;205;36413;9922;9.7;2.6
01;2021-05-11;917;305;37330;10227;9.9;2.7
01;2021-05-12;878;319;38208;10546;10.1;2.8
01;2021-05-13;206;78;38414;10624;10.2;2.8
01;2021-05-14;818;268;39232;10892;10.4;2.9
01;2021-05-15;431;13;39663;10905;10.5;2.9
01;2021-05-16;179;34;39842;10939;10.6;2.9
01;2021-05-17;614;267;40456;11206;10.7;3.0
01;2021-05-18;643;388;41099;11594;10.9;3.1
01;2021-05-19;664;518;41763;12112;11.1;3.2
01;2021-05-20;735;364;42498;12476;11.3;3.3
01;2021-05-21;756;396;43254;12872;11.5;3.4
01;2021-05-22;471;217;43725;13089;11.6;3.5
01;2021-05-23;195;115;43920;13204;11.7;3.5
01;2021-05-24;193;176;44113;13380;11.7;3.6
01;2021-05-25;475;662;44588;14042;11.8;3.7
01;2021-05-26;541;491;45129;14533;12.0;3.9
01;2021-05-27;127;185;45256;14718;12.0;3.9
01;2021-05-28;470;520;45726;15238;12.1;4.0
01;2021-05-29;219;138;45945;15376;12.2;4.1
01;2021-05-30;71;111;46016;15487;12.2;4.1
01;2021-05-31;409;536;46425;16023;12.3;4.3
01;2021-06-01;476;713;46901;16736;12.4;4.4
01;2021-06-02;474;708;47375;17444;12.6;4.6
01;2021-06-03;406;561;47781;18005;12.7;4.8
01;2021-06-04;591;795;48372;18800;12.8;5.0
01;2021-06-05;262;640;48634;19440;12.9;5.2
01;2021-06-06;121;530;48755;19970;12.9;5.3
01;2021-06-07;375;782;49130;20752;13.0;5.5
01;2021-06-08;784;623;49914;21375;13.2;5.7
01;2021-06-09;443;795;50357;22170;13.4;5.9
01;2021-06-10;474;823;50831;22993;13.5;6.1
01;2021-06-11;392;1227;51223;24220;13.6;6.4
01;2021-06-12;269;660;51492;24880;13.7;6.6
02;2020-12-27;0;0;0;0;0.0;0.0
02;2020-12-28;0;0;0;0;0.0;0.0
02;2020-12-29;0;0;0;0;0.0;0.0
02;2020-12-30;0;0;0;0;0.0;0.0
02;2020-12-31;0;0;0;0;0.0;0.0
02;2021-01-01;0;0;0;0;0.0;0.0
02;2021-01-02;0;0;0;0;0.0;0.0
02;2021-01-03;0;0;0;0;0.0;0.0
02;2021-01-04;0;0;0;0;0.0;0.0
02;2021-01-05;0;0;0;0;0.0;0.0
02;2021-01-06;5;0;5;0;0.0;0.0
02;2021-01-07;31;0;36;0;0.0;0.0
02;2021-01-08;80;1;116;1;0.0;0.0
02;2021-01-09;20;0;136;1;0.0;0.0
02;2021-01-10;0;0;136;1;0.0;0.0
02;2021-01-11;122;0;258;1;0.1;0.0
02;2021-01-12;78;0;336;1;0.1;0.0
02;2021-01-13;64;0;400;1;0.1;0.0
02;2021-01-14;87;0;487;1;0.1;0.0
02;2021-01-15;136;0;623;1;0.2;0.0
02;2021-01-16;51;0;674;1;0.2;0.0
02;2021-01-17;0;0;674;1;0.2;0.0
02;2021-01-18;157;0;831;1;0.2;0.0
02;2021-01-19;167;0;998;1;0.3;0.0
02;2021-01-20;163;0;1161;1;0.3;0.0
02;2021-01-21;181;1;1342;2;0.4;0.0
02;2021-01-22;156;0;1498;2;0.4;0.0
02;2021-01-23;58;0;1556;2;0.4;0.0
02;2021-01-24;0;0;1556;2;0.4;0.0
02;2021-01-25;159;0;1715;2;0.5;0.0
02;2021-01-26;137;0;1852;2;0.5;0.0
02;2021-01-27;161;5;2013;7;0.6;0.0
02;2021-01-28;143;12;2156;19;0.6;0.0
02;2021-01-29;142;41;2298;60;0.6;0.0
02;2021-01-30;96;16;2394;76;0.7;0.0
02;2021-01-31;0;0;2394;76;0.7;0.0
02;2021-02-01;119;74;2513;150;0.7;0.0
02;2021-02-02;184;95;2697;245;0.8;0.1
02;2021-02-03;130;80;2827;325;0.8;0.1
02;2021-02-04;158;73;2985;398;0.8;0.1
02;2021-02-05;120;97;3105;495;0.9;0.1
02;2021-02-06;62;26;3167;521;0.9;0.1
02;2021-02-07;1;0;3168;521;0.9;0.1
02;2021-02-08;136;78;3304;599;0.9;0.2
02;2021-02-09;175;78;3479;677;1.0;0.2
02;2021-02-10;138;90;3617;767;1.0;0.2
02;2021-02-11;149;103;3766;870;1.0;0.2
02;2021-02-12;124;128;3890;998;1.1;0.3
02;2021-02-13;38;37;3928;1035;1.1;0.3
02;2021-02-14;0;0;3928;1035;1.1;0.3
02;2021-02-15;51;67;3979;1102;1.1;0.3
02;2021-02-16;0;1;3979;1103;1.1;0.3
02;2021-02-17;1;3;3980;1106;1.1;0.3
02;2021-02-18;68;128;4048;1234;1.1;0.3
02;2021-02-19;69;131;4117;1365;1.1;0.4
02;2021-02-20;48;69;4165;1434;1.2;0.4
02;2021-02-21;0;0;4165;1434;1.2;0.4
02;2021-02-22;99;60;4264;1494;1.2;0.4
02;2021-02-23;113;238;4377;1732;1.2;0.5
02;2021-02-24;106;223;4483;1955;1.2;0.5
02;2021-02-25;89;151;4572;2106;1.3;0.6
02;2021-02-26;126;169;4698;2275;1.3;0.6
02;2021-02-27;69;52;4767;2327;1.3;0.6
02;2021-02-28;0;0;4767;2327;1.3;0.6
02;2021-03-01;138;144;4905;2471;1.4;0.7
02;2021-03-02;158;78;5063;2549;1.4;0.7
02;2021-03-03;178;145;5241;2694;1.5;0.8
02;2021-03-04;146;134;5387;2828;1.5;0.8
02;2021-03-05;238;127;5625;2955;1.6;0.8
02;2021-03-06;119;59;5744;3014;1.6;0.8
02;2021-03-07;100;1;5844;3015;1.6;0.8
02;2021-03-08;196;132;6040;3147;1.7;0.9
02;2021-03-09;269;102;6309;3249;1.8;0.9
02;2021-03-10;324;134;6633;3383;1.8;0.9
02;2021-03-11;331;83;6964;3466;1.9;1.0
02;2021-03-12;398;53;7362;3519;2.1;1.0
02;2021-03-13;155;21;7517;3540;2.1;1.0
02;2021-03-14;4;1;7521;3541;2.1;1.0
02;2021-03-15;276;92;7797;3633;2.2;1.0
02;2021-03-16;305;55;8102;3688;2.3;1.0
02;2021-03-17;387;49;8489;3737;2.4;1.0
02;2021-03-18;435;44;8924;3781;2.5;1.1
02;2021-03-19;396;61;9320;3842;2.6;1.1
02;2021-03-20;149;47;9469;3889;2.6;1.1
02;2021-03-21;25;1;9494;3890;2.6;1.1
02;2021-03-22;362;116;9856;4006;2.7;1.1
02;2021-03-23;401;123;10257;4129;2.9;1.2
02;2021-03-24;425;104;10682;4233;3.0;1.2
02;2021-03-25;470;99;11152;4332;3.1;1.2
02;2021-03-26;632;100;11784;4432;3.3;1.2
02;2021-03-27;152;71;11936;4503;3.3;1.3
02;2021-03-28;81;2;12017;4505;3.3;1.3
02;2021-03-29;420;165;12437;4670;3.5;1.3
02;2021-03-30;468;244;12905;4914;3.6;1.4
02;2021-03-31;1141;187;14046;5101;3.9;1.4
02;2021-04-01;951;167;14997;5268;4.2;1.5
02;2021-04-02;894;7;15891;5275;4.4;1.5
02;2021-04-03;787;48;16678;5323;4.6;1.5
02;2021-04-04;750;10;17428;5333;4.9;1.5
02;2021-04-05;828;39;18256;5372;5.1;1.5
02;2021-04-06;883;132;19139;5504;5.3;1.5
02;2021-04-07;1429;323;20568;5827;5.7;1.6
02;2021-04-08;1303;267;21871;6094;6.1;1.7
02;2021-04-09;1238;317;23109;6411;6.4;1.8
02;2021-04-10;837;161;23946;6572;6.7;1.8
02;2021-04-11;621;12;24567;6584;6.8;1.8
02;2021-04-12;866;313;25433;6897;7.1;1.9
02;2021-04-13;865;325;26298;7222;7.3;2.0
02;2021-04-14;957;323;27255;7545;7.6;2.1
02;2021-04-15;957;291;28212;7836;7.9;2.2
02;2021-04-16;991;298;29203;8134;8.1;2.3
02;2021-04-17;525;161;29728;8295;8.3;2.3
02;2021-04-18;339;56;30067;8351;8.4;2.3
02;2021-04-19;668;347;30735;8698;8.6;2.4
02;2021-04-20;869;309;31604;9007;8.8;2.5
02;2021-04-21;997;358;32601;9365;9.1;2.6
02;2021-04-22;602;313;33203;9678;9.3;2.7
02;2021-04-23;604;464;33807;10142;9.4;2.8
02;2021-04-24;360;197;34167;10339;9.5;2.9
02;2021-04-25;168;200;34335;10539;9.6;2.9
02;2021-04-26;514;543;34849;11082;9.7;3.1
02;2021-04-27;557;609;35406;11691;9.9;3.3
02;2021-04-28;449;692;35855;12383;10.0;3.5
02;2021-04-29;647;642;36502;13025;10.2;3.6
02;2021-04-30;770;688;37272;13713;10.4;3.8
02;2021-05-01;243;245;37515;13958;10.5;3.9
02;2021-05-02;226;513;37741;14471;10.5;4.0
02;2021-05-03;567;771;38308;15242;10.7;4.2
02;2021-05-04;514;677;38822;15919;10.8;4.4
02;2021-05-05;538;898;39360;16817;11.0;4.7
02;2021-05-06;543;780;39903;17597;11.1;4.9
02;2021-05-07;627;1017;40530;18614;11.3;5.2
02;2021-05-08;222;526;40752;19140;11.4;5.3
02;2021-05-09;174;506;40926;19646;11.4;5.5
02;2021-05-10;518;861;41444;20507;11.6;5.7
02;2021-05-11;470;874;41914;21381;11.7;6.0
02;2021-05-12;552;913;42466;22294;11.8;6.2
02;2021-05-13;268;533;42734;22827;11.9;6.4
02;2021-05-14;382;753;43116;23580;12.0;6.6
02;2021-05-15;230;579;43346;24159;12.1;6.7
02;2021-05-16;155;442;43501;24601;12.1;6.9
02;2021-05-17;462;755;43963;25356;12.3;7.1
02;2021-05-18;439;675;44402;26031;12.4;7.3
02;2021-05-19;435;740;44837;26771;12.5;7.5
02;2021-05-20;587;501;45424;27272;12.7;7.6
02;2021-05-21;541;704;45965;27976;12.8;7.8
02;2021-05-22;182;365;46147;28341;12.9;7.9
02;2021-05-23;109;181;46256;28522;12.9;8.0
02;2021-05-24;131;242;46387;28764;12.9;8.0
02;2021-05-25;344;705;46731;29469;13.0;8.2
02;2021-05-26;371;713;47102;30182;13.1;8.4
02;2021-05-27;260;648;47362;30830;13.2;8.6
02;2021-05-28;264;820;47626;31650;13.3;8.8
02;2021-05-29;149;512;47775;32162;13.3;9.0
02;2021-05-30;15;33;47790;32195;13.3;9.0
02;2021-05-31;342;686;48132;32881;13.4;9.2
02;2021-06-01;289;548;48421;33429;13.5;9.3
02;2021-06-02;306;573;48727;34002;13.6;9.5
02;2021-06-03;246;432;48973;34434;13.7;9.6
02;2021-06-04;348;651;49321;35085;13.7;9.8
02;2021-06-05;234;362;49555;35447;13.8;9.9
02;2021-06-06;21;31;49576;35478;13.8;9.9
02;2021-06-07;257;741;49833;36219;13.9;10.1
02;2021-06-08;268;587;50101;36806;14.0;10.3
02;2021-06-09;511;485;50612;37291;14.1;10.4
02;2021-06-10;440;311;51052;37602;14.2;10.5
02;2021-06-11;320;543;51372;38145;14.3;10.6
02;2021-06-12;227;320;51599;38465;14.4;10.7
03;2020-12-27;0;0;0;0;0.0;0.0
03;2020-12-28;0;0;0;0;0.0;0.0
03;2020-12-29;0;0;0;0;0.0;0.0
03;2020-12-30;0;0;0;0;0.0;0.0
03;2020-12-31;0;0;0;0;0.0;0.0
03;2021-01-01;0;0;0;0;0.0;0.0
03;2021-01-02;0;0;0;0;0.0;0.0
03;2021-01-03;0;0;0;0;0.0;0.0
03;2021-01-04;0;0;0;0;0.0;0.0
03;2021-01-05;0;0;0;0;0.0;0.0
03;2021-01-06;0;0;0;0;0.0;0.0
03;2021-01-07;0;0;0;0;0.0;0.0
03;2021-01-08;0;0;0;0;0.0;0.0
03;2021-01-09;0;0;0;0;0.0;0.0
03;2021-01-10;0;0;0;0;0.0;0.0
03;2021-01-11;0;0;0;0;0.0;0.0
03;2021-01-12;0;0;0;0;0.0;0.0
03;2021-01-13;30;0;30;0;0.0;0.0
03;2021-01-14;46;0;76;0;0.0;0.0
03;2021-01-15;34;0;110;0;0.0;0.0
03;2021-01-16;18;0;128;0;0.0;0.0
03;2021-01-17;0;0;128;0;0.0;0.0
03;2021-01-18;62;0;190;0;0.1;0.0
03;2021-01-19;149;1;339;1;0.1;0.0
03;2021-01-20;132;0;471;1;0.2;0.0
03;2021-01-21;118;0;589;1;0.2;0.0
03;2021-01-22;76;0;665;1;0.2;0.0
03;2021-01-23;0;0;665;1;0.2;0.0
03;2021-01-24;0;0;665;1;0.2;0.0
03;2021-01-25;56;0;721;1;0.2;0.0
03;2021-01-26;100;0;821;1;0.3;0.0
03;2021-01-27;109;0;930;1;0.3;0.0
03;2021-01-28;96;2;1026;3;0.4;0.0
03;2021-01-29;104;3;1130;6;0.4;0.0
03;2021-01-30;0;0;1130;6;0.4;0.0
03;2021-01-31;0;0;1130;6;0.4;0.0
03;2021-02-01;54;0;1184;6;0.4;0.0
03;2021-02-02;122;4;1306;10;0.4;0.0
03;2021-02-03;116;7;1422;17;0.5;0.0
03;2021-02-04;79;26;1501;43;0.5;0.0
03;2021-02-05;65;8;1566;51;0.5;0.0
03;2021-02-06;0;0;1566;51;0.5;0.0
03;2021-02-07;0;0;1566;51;0.5;0.0
03;2021-02-08;51;13;1617;64;0.6;0.0
03;2021-02-09;92;39;1709;103;0.6;0.0
03;2021-02-10;101;42;1810;145;0.6;0.0
03;2021-02-11;102;93;1912;238;0.7;0.1
03;2021-02-12;86;65;1998;303;0.7;0.1
03;2021-02-13;0;0;1998;303;0.7;0.1
03;2021-02-14;0;0;1998;303;0.7;0.1
03;2021-02-15;27;65;2025;368;0.7;0.1
03;2021-02-16;123;52;2148;420;0.7;0.1
03;2021-02-17;145;117;2293;537;0.8;0.2
03;2021-02-18;102;143;2395;680;0.8;0.2
03;2021-02-19;121;72;2516;752;0.9;0.3
03;2021-02-20;0;0;2516;752;0.9;0.3
03;2021-02-21;0;0;2516;752;0.9;0.3
03;2021-02-22;78;48;2594;800;0.9;0.3
03;2021-02-23;158;99;2752;899;0.9;0.3
03;2021-02-24;190;120;2942;1019;1.0;0.4
03;2021-02-25;258;87;3200;1106;1.1;0.4
03;2021-02-26;264;69;3464;1175;1.2;0.4
03;2021-02-27;121;1;3585;1176;1.2;0.4
03;2021-02-28;0;0;3585;1176;1.2;0.4
03;2021-03-01;180;85;3765;1261;1.3;0.4
03;2021-03-02;255;108;4020;1369;1.4;0.5
03;2021-03-03;255;129;4275;1498;1.5;0.5
03;2021-03-04;281;81;4556;1579;1.6;0.5
03;2021-03-05;270;42;4826;1621;1.7;0.6
03;2021-03-06;116;1;4942;1622;1.7;0.6
03;2021-03-07;0;0;4942;1622;1.7;0.6
03;2021-03-08;187;41;5129;1663;1.8;0.6
03;2021-03-09;349;90;5478;1753;1.9;0.6
03;2021-03-10;356;97;5834;1850;2.0;0.6
03;2021-03-11;269;118;6103;1968;2.1;0.7
03;2021-03-12;285;91;6388;2059;2.2;0.7
03;2021-03-13;110;2;6498;2061;2.2;0.7
03;2021-03-14;0;0;6498;2061;2.2;0.7
03;2021-03-15;180;26;6678;2087;2.3;0.7
03;2021-03-16;241;139;6919;2226;2.4;0.8
03;2021-03-17;272;128;7191;2354;2.5;0.8
03;2021-03-18;250;153;7441;2507;2.6;0.9
03;2021-03-19;284;126;7725;2633;2.7;0.9
03;2021-03-20;255;14;7980;2647;2.7;0.9
03;2021-03-21;119;0;8099;2647;2.8;0.9
03;2021-03-22;219;112;8318;2759;2.9;0.9
03;2021-03-23;259;185;8577;2944;3.0;1.0
03;2021-03-24;224;208;8801;3152;3.0;1.1
03;2021-03-25;167;176;8968;3328;3.1;1.1
03;2021-03-26;188;306;9156;3634;3.1;1.3
03;2021-03-27;55;93;9211;3727;3.2;1.3
03;2021-03-28;0;0;9211;3727;3.2;1.3
03;2021-03-29;174;244;9385;3971;3.2;1.4
03;2021-03-30;445;234;9830;4205;3.4;1.4
03;2021-03-31;314;289;10144;4494;3.5;1.5
03;2021-04-01;410;254;10554;4748;3.6;1.6
03;2021-04-02;279;278;10833;5026;3.7;1.7
03;2021-04-03;109;119;10942;5145;3.8;1.8
03;2021-04-04;0;0;10942;5145;3.8;1.8
03;2021-04-05;118;14;11060;5159;3.8;1.8
03;2021-04-06;418;322;11478;5481;3.9;1.9
03;2021-04-07;485;333;11963;5814;4.1;2.0
03;2021-04-08;493;254;12456;6068;4.3;2.1
03;2021-04-09;469;224;12925;6292;4.4;2.2
03;2021-04-10;146;91;13071;6383;4.5;2.2
03;2021-04-11;1;0;13072;6383;4.5;2.2
03;2021-04-12;497;262;13569;6645;4.7;2.3
03;2021-04-13;624;237;14193;6882;4.9;2.4
03;2021-04-14;665;306;14858;7188;5.1;2.5
03;2021-04-15;720;242;15578;7430;5.4;2.6
03;2021-04-16;709;297;16287;7727;5.6;2.7
03;2021-04-17;476;124;16763;7851;5.8;2.7
03;2021-04-18;489;36;17252;7887;5.9;2.7
03;2021-04-19;682;246;17934;8133;6.2;2.8
03;2021-04-20;550;268;18484;8401;6.4;2.9
03;2021-04-21;771;234;19255;8635;6.6;3.0
03;2021-04-22;652;216;19907;8851;6.8;3.0
03;2021-04-23;662;219;20569;9070;7.1;3.1
03;2021-04-24;523;94;21092;9164;7.3;3.2
03;2021-04-25;602;40;21694;9204;7.5;3.2
03;2021-04-26;734;223;22428;9427;7.7;3.2
03;2021-04-27;765;336;23193;9763;8.0;3.4
03;2021-04-28;659;317;23852;10080;8.2;3.5
03;2021-04-29;605;273;24457;10353;8.4;3.6
03;2021-04-30;671;251;25128;10604;8.6;3.6
03;2021-05-01;209;26;25337;10630;8.7;3.7
03;2021-05-02;594;76;25931;10706;8.9;3.7
03;2021-05-03;553;388;26484;11094;9.1;3.8
03;2021-05-04;537;308;27021;11402;9.3;3.9
03;2021-05-05;574;439;27595;11841;9.5;4.1
03;2021-05-06;588;461;28183;12302;9.7;4.2
03;2021-05-07;528;461;28711;12763;9.9;4.4
03;2021-05-08;336;57;29047;12820;10.0;4.4
03;2021-05-09;261;72;29308;12892;10.1;4.4
03;2021-05-10;415;612;29723;13504;10.2;4.6
03;2021-05-11;362;491;30085;13995;10.3;4.8
03;2021-05-12;411;627;30496;14622;10.5;5.0
03;2021-05-13;330;98;30826;14720;10.6;5.1
03;2021-05-14;421;547;31247;15267;10.7;5.3
03;2021-05-15;250;344;31497;15611;10.8;5.4
03;2021-05-16;203;208;31700;15819;10.9;5.4
03;2021-05-17;387;591;32087;16410;11.0;5.6
03;2021-05-18;489;559;32576;16969;11.2;5.8
03;2021-05-19;465;543;33041;17512;11.4;6.0
03;2021-05-20;569;445;33610;17957;11.6;6.2
03;2021-05-21;467;599;34077;18556;11.7;6.4
03;2021-05-22;161;500;34238;19056;11.8;6.6
03;2021-05-23;254;469;34492;19525;11.9;6.7
03;2021-05-24;541;242;35033;19767;12.1;6.8
03;2021-05-25;489;740;35522;20507;12.2;7.1
03;2021-05-26;366;680;35888;21187;12.3;7.3
03;2021-05-27;645;516;36533;21703;12.6;7.5
03;2021-05-28;463;545;36996;22248;12.7;7.7
03;2021-05-29;230;360;37226;22608;12.8;7.8
03;2021-05-30;146;401;37372;23009;12.9;7.9
03;2021-05-31;335;571;37707;23580;13.0;8.1
03;2021-06-01;382;465;38089;24045;13.1;8.3
03;2021-06-02;455;548;38544;24593;13.3;8.5
03;2021-06-03;392;466;38936;25059;13.4;8.6
03;2021-06-04;503;487;39439;25546;13.6;8.8
03;2021-06-05;269;291;39708;25837;13.7;8.9
03;2021-06-06;208;299;39916;26136;13.7;9.0
03;2021-06-07;454;448;40370;26584;13.9;9.1
03;2021-06-08;520;283;40890;26867;14.1;9.2
03;2021-06-09;460;372;41350;27239;14.2;9.4
03;2021-06-10;345;288;41695;27527;14.3;9.5
03;2021-06-11;385;468;42080;27995;14.5;9.6
03;2021-06-12;155;284;42235;28279;14.5;9.7
04;2020-12-27;0;0;0;0;0.0;0.0
04;2020-12-28;0;0;0;0;0.0;0.0
04;2020-12-29;0;0;0;0;0.0;0.0
04;2020-12-30;0;0;0;0;0.0;0.0
04;2020-12-31;0;0;0;0;0.0;0.0
04;2021-01-01;1;0;1;0;0.0;0.0
04;2021-01-02;0;0;1;0;0.0;0.0
04;2021-01-03;0;0;1;0;0.0;0.0
04;2021-01-04;0;0;1;0;0.0;0.0
04;2021-01-05;2;0;3;0;0.0;0.0
04;2021-01-06;0;0;3;0;0.0;0.0
04;2021-01-07;0;0;3;0;0.0;0.0
04;2021-01-08;0;0;3;0;0.0;0.0
04;2021-01-09;1;0;4;0;0.0;0.0
04;2021-01-10;0;0;4;0;0.0;0.0
04;2021-01-11;0;0;4;0;0.0;0.0
04;2021-01-12;0;0;4;0;0.0;0.0
04;2021-01-13;0;0;4;0;0.0;0.0
04;2021-01-14;0;0;4;0;0.0;0.0
04;2021-01-15;332;0;336;0;0.0;0.0
04;2021-01-16;27;0;363;0;0.0;0.0
04;2021-01-17;0;0;363;0;0.0;0.0
04;2021-01-18;49;1;412;1;0.0;0.0
04;2021-01-19;393;0;805;1;0.1;0.0
04;2021-01-20;482;1;1287;2;0.1;0.0
04;2021-01-21;614;1;1901;3;0.2;0.0
04;2021-01-22;409;0;2310;3;0.3;0.0
04;2021-01-23;75;0;2385;3;0.3;0.0
04;2021-01-24;0;0;2385;3;0.3;0.0
04;2021-01-25;272;0;2657;3;0.3;0.0
04;2021-01-26;429;0;3086;3;0.4;0.0
04;2021-01-27;317;0;3403;3;0.4;0.0
04;2021-01-28;406;0;3809;3;0.4;0.0
04;2021-01-29;421;3;4230;6;0.5;0.0
04;2021-01-30;419;0;4649;6;0.5;0.0
04;2021-01-31;0;0;4649;6;0.5;0.0
04;2021-02-01;372;3;5021;9;0.6;0.0
04;2021-02-02;498;4;5519;13;0.6;0.0
04;2021-02-03;601;14;6120;27;0.7;0.0
04;2021-02-04;626;22;6746;49;0.8;0.0
04;2021-02-05;564;98;7310;147;0.9;0.0
04;2021-02-06;501;4;7811;151;0.9;0.0
04;2021-02-07;0;8;7811;159;0.9;0.0
04;2021-02-08;472;34;8283;193;1.0;0.0
04;2021-02-09;783;90;9066;283;1.1;0.0
04;2021-02-10;820;85;9886;368;1.1;0.0
04;2021-02-11;796;86;10682;454;1.2;0.1
04;2021-02-12;636;95;11318;549;1.3;0.1
04;2021-02-13;650;74;11968;623;1.4;0.1
04;2021-02-14;1;0;11969;623;1.4;0.1
04;2021-02-15;524;126;12493;749;1.5;0.1
04;2021-02-16;649;535;13142;1284;1.5;0.1
04;2021-02-17;592;329;13734;1613;1.6;0.2
04;2021-02-18;493;414;14227;2027;1.7;0.2
04;2021-02-19;496;321;14723;2348;1.7;0.3
04;2021-02-20;576;117;15299;2465;1.8;0.3
04;2021-02-21;0;0;15299;2465;1.8;0.3
04;2021-02-22;401;238;15700;2703;1.8;0.3
04;2021-02-23;607;238;16307;2941;1.9;0.3
04;2021-02-24;581;253;16888;3194;2.0;0.4
04;2021-02-25;645;297;17533;3491;2.0;0.4
04;2021-02-26;483;472;18016;3963;2.1;0.5
04;2021-02-27;385;471;18401;4434;2.1;0.5
04;2021-02-28;0;0;18401;4434;2.1;0.5
04;2021-03-01;289;391;18690;4825;2.2;0.6
04;2021-03-02;487;504;19177;5329;2.2;0.6
04;2021-03-03;755;558;19932;5887;2.3;0.7
04;2021-03-04;775;542;20707;6429;2.4;0.7
04;2021-03-05;727;540;21434;6969;2.5;0.8
04;2021-03-06;812;530;22246;7499;2.6;0.9
04;2021-03-07;0;0;22246;7499;2.6;0.9
04;2021-03-08;436;591;22682;8090;2.6;0.9
04;2021-03-09;670;777;23352;8867;2.7;1.0
04;2021-03-10;644;849;23996;9716;2.8;1.1
04;2021-03-11;699;646;24695;10362;2.9;1.2
04;2021-03-12;729;663;25424;11025;3.0;1.3
04;2021-03-13;667;610;26091;11635;3.0;1.4
04;2021-03-14;2;0;26093;11635;3.0;1.4
04;2021-03-15;503;506;26596;12141;3.1;1.4
04;2021-03-16;680;711;27276;12852;3.2;1.5
04;2021-03-17;847;538;28123;13390;3.3;1.6
04;2021-03-18;1021;556;29144;13946;3.4;1.6
04;2021-03-19;784;543;29928;14489;3.5;1.7
04;2021-03-20;576;599;30504;15088;3.5;1.8
04;2021-03-21;0;0;30504;15088;3.5;1.8
04;2021-03-22;565;482;31069;15570;3.6;1.8
04;2021-03-23;780;640;31849;16210;3.7;1.9
04;2021-03-24;792;671;32641;16881;3.8;2.0
04;2021-03-25;928;555;33569;17436;3.9;2.0
04;2021-03-26;921;448;34490;17884;4.0;2.1
04;2021-03-27;782;340;35272;18224;4.1;2.1
04;2021-03-28;1;0;35273;18224;4.1;2.1
04;2021-03-29;960;271;36233;18495;4.2;2.2
04;2021-03-30;883;501;37116;18996;4.3;2.2
04;2021-03-31;733;672;37849;19668;4.4;2.3
04;2021-04-01;716;709;38565;20377;4.5;2.4
04;2021-04-02;687;762;39252;21139;4.6;2.5
04;2021-04-03;699;707;39951;21846;4.6;2.5
04;2021-04-04;0;0;39951;21846;4.6;2.5
04;2021-04-05;0;2;39951;21848;4.6;2.5
04;2021-04-06;796;642;40747;22490;4.7;2.6
04;2021-04-07;1369;789;42116;23279;4.9;2.7
04;2021-04-08;1792;780;43908;24059;5.1;2.8
04;2021-04-09;1506;785;45414;24844;5.3;2.9
04;2021-04-10;1137;651;46551;25495;5.4;3.0
04;2021-04-11;2;0;46553;25495;5.4;3.0
04;2021-04-12;1238;553;47791;26048;5.6;3.0
04;2021-04-13;1438;754;49229;26802;5.7;3.1
04;2021-04-14;2065;777;51294;27579;6.0;3.2
04;2021-04-15;2504;954;53798;28533;6.3;3.3
04;2021-04-16;1931;785;55729;29318;6.5;3.4
04;2021-04-17;1288;604;57017;29922;6.6;3.5
04;2021-04-18;0;0;57017;29922;6.6;3.5
04;2021-04-19;1378;565;58395;30487;6.8;3.5
04;2021-04-20;1646;807;60041;31294;7.0;3.6
04;2021-04-21;2128;606;62169;31900;7.2;3.7
04;2021-04-22;2944;802;65113;32702;7.6;3.8
04;2021-04-23;2309;813;67422;33515;7.8;3.9
04;2021-04-24;1102;797;68524;34312;8.0;4.0
04;2021-04-25;2;0;68526;34312;8.0;4.0
04;2021-04-26;1163;920;69689;35232;8.1;4.1
04;2021-04-27;1681;1025;71370;36257;8.3;4.2
04;2021-04-28;2893;753;74263;37010;8.6;4.3
04;2021-04-29;3945;812;78208;37822;9.1;4.4
04;2021-04-30;3429;906;81637;38728;9.5;4.5
04;2021-05-01;2106;220;83743;38948;9.7;4.5
04;2021-05-02;2;0;83745;38948;9.7;4.5
04;2021-05-03;1865;570;85610;39518;10.0;4.6
04;2021-05-04;2126;1095;87736;40613;10.2;4.7
04;2021-05-05;3116;1640;90852;42253;10.6;4.9
04;2021-05-06;4000;1589;94852;43842;11.0;5.1
04;2021-05-07;3227;1527;98079;45369;11.4;5.3
04;2021-05-08;1566;501;99645;45870;11.6;5.3
04;2021-05-09;1;0;99646;45870;11.6;5.3
04;2021-05-10;2410;994;102056;46864;11.9;5.4
04;2021-05-11;3650;1642;105706;48506;12.3;5.6
04;2021-05-12;4714;2395;110420;50901;12.8;5.9
04;2021-05-13;3551;583;113971;51484;13.3;6.0
04;2021-05-14;5259;2509;119230;53993;13.9;6.3
04;2021-05-15;3152;1535;122382;55528;14.2;6.5
04;2021-05-16;14;18;122396;55546;14.2;6.5
04;2021-05-17;2985;1479;125381;57025;14.6;6.6
04;2021-05-18;3669;1773;129050;58798;15.0;6.8
04;2021-05-19;4640;2328;133690;61126;15.5;7.1
04;2021-05-20;5103;2802;138793;63928;16.1;7.4
04;2021-05-21;4953;2628;143746;66556;16.7;7.7
04;2021-05-22;3318;1251;147064;67807;17.1;7.9
04;2021-05-23;4;3;147068;67810;17.1;7.9
04;2021-05-24;3565;1075;150633;68885;17.5;8.0
04;2021-05-25;4185;1909;154818;70794;18.0;8.2
04;2021-05-26;4875;2958;159693;73752;18.6;8.6
04;2021-05-27;4573;4088;164266;77840;19.1;9.1
04;2021-05-28;4353;3825;168619;81665;19.6;9.5
04;2021-05-29;2528;2460;171147;84125;19.9;9.8
04;2021-05-30;6;14;171153;84139;19.9;9.8
04;2021-05-31;2339;2247;173492;86386;20.2;10.0
04;2021-06-01;3262;2721;176754;89107;20.6;10.4
04;2021-06-02;3901;3348;180655;92455;21.0;10.8
04;2021-06-03;3999;3657;184654;96112;21.5;11.2
04;2021-06-04;3801;3746;188455;99858;21.9;11.6
04;2021-06-05;2192;1923;190647;101781;22.2;11.8
04;2021-06-06;1060;129;191707;101910;22.3;11.9
04;2021-06-07;1999;2530;193706;104440;22.5;12.1
04;2021-06-08;3449;2406;197155;106846;22.9;12.4
04;2021-06-09;2908;4752;200063;111598;23.3;13.0
04;2021-06-10;3323;4435;203386;116033;23.7;13.5
04;2021-06-11;2771;4605;206157;120638;24.0;14.0
04;2021-06-12;1676;3353;207833;123991;24.2;14.4
05;2020-12-27;0;0;0;0;0.0;0.0
05;2020-12-28;0;0;0;0;0.0;0.0
05;2020-12-29;0;0;0;0;0.0;0.0
05;2020-12-30;0;0;0;0;0.0;0.0
05;2020-12-31;0;0;0;0;0.0;0.0
05;2021-01-01;0;0;0;0;0.0;0.0
05;2021-01-02;0;0;0;0;0.0;0.0
05;2021-01-03;0;0;0;0;0.0;0.0
05;2021-01-04;0;0;0;0;0.0;0.0
05;2021-01-05;0;0;0;0;0.0;0.0
05;2021-01-06;0;0;0;0;0.0;0.0
05;2021-01-07;0;0;0;0;0.0;0.0
05;2021-01-08;0;0;0;0;0.0;0.0
05;2021-01-09;0;0;0;0;0.0;0.0
05;2021-01-10;0;0;0;0;0.0;0.0
05;2021-01-11;0;0;0;0;0.0;0.0
05;2021-01-12;0;0;0;0;0.0;0.0
05;2021-01-13;0;0;0;0;0.0;0.0
05;2021-01-14;0;0;0;0;0.0;0.0
05;2021-01-15;0;0;0;0;0.0;0.0
05;2021-01-16;0;0;0;0;0.0;0.0
05;2021-01-17;0;0;0;0;0.0;0.0
05;2021-01-18;0;0;0;0;0.0;0.0
05;2021-01-19;0;0;0;0;0.0;0.0
05;2021-01-20;0;0;0;0;0.0;0.0
05;2021-01-21;0;0;0;0;0.0;0.0
05;2021-01-22;0;0;0;0;0.0;0.0
05;2021-01-23;0;0;0;0;0.0;0.0
05;2021-01-24;0;0;0;0;0.0;0.0
05;2021-01-25;0;0;0;0;0.0;0.0
05;2021-01-26;0;0;0;0;0.0;0.0
05;2021-01-27;0;0;0;0;0.0;0.0
05;2021-01-28;0;0;0;0;0.0;0.0
05;2021-01-29;0;0;0;0;0.0;0.0
05;2021-01-30;0;0;0;0;0.0;0.0
05;2021-01-31;0;0;0;0;0.0;0.0
05;2021-02-01;0;0;0;0;0.0;0.0
05;2021-02-02;0;0;0;0;0.0;0.0
05;2021-02-03;0;0;0;0;0.0;0.0
05;2021-02-04;0;0;0;0;0.0;0.0
05;2021-02-05;0;0;0;0;0.0;0.0
05;2021-02-06;0;0;0;0;0.0;0.0
05;2021-02-07;0;0;0;0;0.0;0.0
05;2021-02-08;0;0;0;0;0.0;0.0
05;2021-02-09;0;0;0;0;0.0;0.0
05;2021-02-10;0;0;0;0;0.0;0.0
05;2021-02-11;0;0;0;0;0.0;0.0
05;2021-02-12;0;0;0;0;0.0;0.0
05;2021-02-13;0;0;0;0;0.0;0.0
05;2021-02-14;0;0;0;0;0.0;0.0
05;2021-02-15;0;0;0;0;0.0;0.0
05;2021-02-16;0;0;0;0;0.0;0.0
05;2021-02-17;0;0;0;0;0.0;0.0
05;2021-02-18;0;0;0;0;0.0;0.0
05;2021-02-19;0;0;0;0;0.0;0.0
05;2021-02-20;0;0;0;0;0.0;0.0
05;2021-02-21;0;0;0;0;0.0;0.0
05;2021-02-22;0;0;0;0;0.0;0.0
05;2021-02-23;0;0;0;0;0.0;0.0
05;2021-02-24;0;0;0;0;0.0;0.0
05;2021-02-25;0;0;0;0;0.0;0.0
05;2021-02-26;0;0;0;0;0.0;0.0
05;2021-02-27;0;0;0;0;0.0;0.0
05;2021-02-28;0;0;0;0;0.0;0.0
05;2021-03-01;0;0;0;0;0.0;0.0
05;2021-03-02;0;0;0;0;0.0;0.0
05;2021-03-03;0;0;0;0;0.0;0.0
05;2021-03-04;0;0;0;0;0.0;0.0
05;2021-03-05;0;0;0;0;0.0;0.0
05;2021-03-06;0;0;0;0;0.0;0.0
05;2021-03-07;0;0;0;0;0.0;0.0
05;2021-03-08;0;0;0;0;0.0;0.0
05;2021-03-09;0;0;0;0;0.0;0.0
05;2021-03-10;0;0;0;0;0.0;0.0
05;2021-03-11;0;0;0;0;0.0;0.0
05;2021-03-12;0;0;0;0;0.0;0.0
05;2021-03-13;0;0;0;0;0.0;0.0
05;2021-03-14;0;0;0;0;0.0;0.0
05;2021-03-15;0;0;0;0;0.0;0.0
05;2021-03-16;0;0;0;0;0.0;0.0
05;2021-03-17;0;0;0;0;0.0;0.0
05;2021-03-18;0;0;0;0;0.0;0.0
05;2021-03-19;0;0;0;0;0.0;0.0
05;2021-03-20;0;0;0;0;0.0;0.0
05;2021-03-21;0;0;0;0;0.0;0.0
05;2021-03-22;0;0;0;0;0.0;0.0
05;2021-03-23;0;0;0;0;0.0;0.0
05;2021-03-24;0;0;0;0;0.0;0.0
05;2021-03-25;0;0;0;0;0.0;0.0
05;2021-03-26;0;0;0;0;0.0;0.0
05;2021-03-27;0;0;0;0;0.0;0.0
05;2021-03-28;0;0;0;0;0.0;0.0
05;2021-03-29;2;0;2;0;0.0;0.0
05;2021-03-30;0;0;2;0;0.0;0.0
05;2021-03-31;0;0;2;0;0.0;0.0
05;2021-04-01;0;0;2;0;0.0;0.0
05;2021-04-02;0;0;2;0;0.0;0.0
05;2021-04-03;0;0;2;0;0.0;0.0
05;2021-04-04;0;0;2;0;0.0;0.0
05;2021-04-05;0;0;2;0;0.0;0.0
05;2021-04-06;0;0;2;0;0.0;0.0
05;2021-04-07;0;0;2;0;0.0;0.0
05;2021-04-08;1;0;3;0;0.1;0.0
05;2021-04-09;0;0;3;0;0.1;0.0
05;2021-04-10;0;0;3;0;0.1;0.0
05;2021-04-11;0;0;3;0;0.1;0.0
05;2021-04-12;0;0;3;0;0.1;0.0
05;2021-04-13;0;0;3;0;0.1;0.0
05;2021-04-14;0;0;3;0;0.1;0.0
05;2021-04-15;0;0;3;0;0.1;0.0
05;2021-04-16;0;0;3;0;0.1;0.0
05;2021-04-17;0;0;3;0;0.1;0.0
05;2021-04-18;0;0;3;0;0.1;0.0
05;2021-04-19;0;0;3;0;0.1;0.0
05;2021-04-20;0;0;3;0;0.1;0.0
05;2021-04-21;0;0;3;0;0.1;0.0
05;2021-04-22;0;0;3;0;0.1;0.0
05;2021-04-23;0;0;3;0;0.1;0.0
05;2021-04-24;0;0;3;0;0.1;0.0
05;2021-04-25;0;0;3;0;0.1;0.0
05;2021-04-26;0;0;3;0;0.1;0.0
05;2021-04-27;0;0;3;0;0.1;0.0
05;2021-04-28;0;0;3;0;0.1;0.0
05;2021-04-29;0;0;3;0;0.1;0.0
05;2021-04-30;0;0;3;0;0.1;0.0
05;2021-05-01;0;0;3;0;0.1;0.0
05;2021-05-02;0;0;3;0;0.1;0.0
05;2021-05-03;0;0;3;0;0.1;0.0
05;2021-05-04;0;0;3;0;0.1;0.0
05;2021-05-05;0;0;3;0;0.1;0.0
05;2021-05-06;0;0;3;0;0.1;0.0
05;2021-05-07;0;0;3;0;0.1;0.0
05;2021-05-08;0;0;3;0;0.1;0.0
05;2021-05-09;0;0;3;0;0.1;0.0
05;2021-05-10;0;0;3;0;0.1;0.0
05;2021-05-11;0;0;3;0;0.1;0.0
05;2021-05-12;0;0;3;0;0.1;0.0
05;2021-05-13;0;0;3;0;0.1;0.0
05;2021-05-14;0;0;3;0;0.1;0.0
05;2021-05-15;0;0;3;0;0.1;0.0
05;2021-05-16;0;0;3;0;0.1;0.0
05;2021-05-17;0;0;3;0;0.1;0.0
05;2021-05-18;0;0;3;0;0.1;0.0
05;2021-05-19;0;0;3;0;0.1;0.0
05;2021-05-20;0;0;3;0;0.1;0.0
05;2021-05-21;0;0;3;0;0.1;0.0
05;2021-05-22;0;0;3;0;0.1;0.0
05;2021-05-23;0;0;3;0;0.1;0.0
05;2021-05-24;0;0;3;0;0.1;0.0
05;2021-05-25;0;0;3;0;0.1;0.0
05;2021-05-26;0;0;3;0;0.1;0.0
05;2021-05-27;0;0;3;0;0.1;0.0
05;2021-05-28;0;0;3;0;0.1;0.0
05;2021-05-29;0;2;3;2;0.1;0.0
05;2021-05-30;0;0;3;2;0.1;0.0
05;2021-05-31;0;0;3;2;0.1;0.0
05;2021-06-01;0;0;3;2;0.1;0.0
05;2021-06-02;0;0;3;2;0.1;0.0
05;2021-06-03;0;0;3;2;0.1;0.0
05;2021-06-04;0;0;3;2;0.1;0.0
05;2021-06-05;0;0;3;2;0.1;0.0
05;2021-06-06;0;0;3;2;0.1;0.0
05;2021-06-07;0;0;3;2;0.1;0.0
05;2021-06-08;0;0;3;2;0.1;0.0
05;2021-06-09;0;0;3;2;0.1;0.0
05;2021-06-10;0;0;3;2;0.1;0.0
05;2021-06-11;0;0;3;2;0.1;0.0
05;2021-06-12;0;0;3;2;0.1;0.0
06;2020-12-27;0;0;0;0;0.0;0.0
06;2020-12-28;0;0;0;0;0.0;0.0
06;2020-12-29;0;0;0;0;0.0;0.0
06;2020-12-30;0;0;0;0;0.0;0.0
06;2020-12-31;0;0;0;0;0.0;0.0
06;2021-01-01;0;0;0;0;0.0;0.0
06;2021-01-02;0;0;0;0;0.0;0.0
06;2021-01-03;0;0;0;0;0.0;0.0
06;2021-01-04;0;0;0;0;0.0;0.0
06;2021-01-05;0;0;0;0;0.0;0.0
06;2021-01-06;0;0;0;0;0.0;0.0
06;2021-01-07;0;0;0;0;0.0;0.0
06;2021-01-08;0;0;0;0;0.0;0.0
06;2021-01-09;0;0;0;0;0.0;0.0
06;2021-01-10;0;0;0;0;0.0;0.0
06;2021-01-11;9;0;9;0;0.0;0.0
06;2021-01-12;0;0;9;0;0.0;0.0
06;2021-01-13;0;0;9;0;0.0;0.0
06;2021-01-14;0;0;9;0;0.0;0.0
06;2021-01-15;1;0;10;0;0.0;0.0
06;2021-01-16;1;0;11;0;0.0;0.0
06;2021-01-17;0;0;11;0;0.0;0.0
06;2021-01-18;1;0;12;0;0.0;0.0
06;2021-01-19;0;0;12;0;0.0;0.0
06;2021-01-20;0;0;12;0;0.0;0.0
06;2021-01-21;0;0;12;0;0.0;0.0
06;2021-01-22;0;0;12;0;0.0;0.0
06;2021-01-23;1;0;13;0;0.0;0.0
06;2021-01-24;0;0;13;0;0.0;0.0
06;2021-01-25;140;1;153;1;0.1;0.0
06;2021-01-26;166;3;319;4;0.1;0.0
06;2021-01-27;250;1;569;5;0.2;0.0
06;2021-01-28;101;5;670;10;0.2;0.0
06;2021-01-29;230;2;900;12;0.3;0.0
06;2021-01-30;285;5;1185;17;0.4;0.0
06;2021-01-31;1;0;1186;17;0.4;0.0
06;2021-02-01;160;0;1346;17;0.5;0.0
06;2021-02-02;329;3;1675;20;0.6;0.0
06;2021-02-03;228;1;1903;21;0.7;0.0
06;2021-02-04;215;5;2118;26;0.8;0.0
06;2021-02-05;214;1;2332;27;0.8;0.0
06;2021-02-06;83;10;2415;37;0.9;0.0
06;2021-02-07;0;0;2415;37;0.9;0.0
06;2021-02-08;82;3;2497;40;0.9;0.0
06;2021-02-09;193;0;2690;40;1.0;0.0
06;2021-02-10;187;1;2877;41;1.0;0.0
06;2021-02-11;235;1;3112;42;1.1;0.0
06;2021-02-12;287;4;3399;46;1.2;0.0
06;2021-02-13;56;0;3455;46;1.2;0.0
06;2021-02-14;1;0;3456;46;1.2;0.0
06;2021-02-15;359;2;3815;48;1.4;0.0
06;2021-02-16;266;5;4081;53;1.5;0.0
06;2021-02-17;167;1;4248;54;1.5;0.0
06;2021-02-18;216;11;4464;65;1.6;0.0
06;2021-02-19;235;21;4699;86;1.7;0.0
06;2021-02-20;138;6;4837;92;1.7;0.0
06;2021-02-21;0;0;4837;92;1.7;0.0
06;2021-02-22;131;120;4968;212;1.8;0.1
06;2021-02-23;186;151;5154;363;1.8;0.1
06;2021-02-24;175;142;5329;505;1.9;0.2
06;2021-02-25;227;283;5556;788;2.0;0.3
06;2021-02-26;242;257;5798;1045;2.1;0.4
06;2021-02-27;0;0;5798;1045;2.1;0.4
06;2021-02-28;0;0;5798;1045;2.1;0.4
06;2021-03-01;144;259;5942;1304;2.1;0.5
06;2021-03-02;228;257;6170;1561;2.2;0.6
06;2021-03-03;201;186;6371;1747;2.3;0.6
06;2021-03-04;205;138;6576;1885;2.4;0.7
06;2021-03-05;224;113;6800;1998;2.4;0.7
06;2021-03-06;1;0;6801;1998;2.4;0.7
06;2021-03-07;0;0;6801;1998;2.4;0.7
06;2021-03-08;189;125;6990;2123;2.5;0.8
06;2021-03-09;390;147;7380;2270;2.6;0.8
06;2021-03-10;179;177;7559;2447;2.7;0.9
06;2021-03-11;167;207;7726;2654;2.8;0.9
06;2021-03-12;238;287;7964;2941;2.8;1.1
06;2021-03-13;1;0;7965;2941;2.9;1.1
06;2021-03-14;0;0;7965;2941;2.9;1.1
06;2021-03-15;156;292;8121;3233;2.9;1.2
06;2021-03-16;236;222;8357;3455;3.0;1.2
06;2021-03-17;264;139;8621;3594;3.1;1.3
06;2021-03-18;172;233;8793;3827;3.1;1.4
06;2021-03-19;172;296;8965;4123;3.2;1.5
06;2021-03-20;0;0;8965;4123;3.2;1.5
06;2021-03-21;0;0;8965;4123;3.2;1.5
06;2021-03-22;97;136;9062;4259;3.2;1.5
06;2021-03-23;136;240;9198;4499;3.3;1.6
06;2021-03-24;160;146;9358;4645;3.3;1.7
06;2021-03-25;186;206;9544;4851;3.4;1.7
06;2021-03-26;160;211;9704;5062;3.5;1.8
06;2021-03-27;18;0;9722;5062;3.5;1.8
06;2021-03-28;0;0;9722;5062;3.5;1.8
06;2021-03-29;0;2;9722;5064;3.5;1.8
06;2021-03-30;272;333;9994;5397;3.6;1.9
06;2021-03-31;225;125;10219;5522;3.7;2.0
06;2021-04-01;243;105;10462;5627;3.7;2.0
06;2021-04-02;285;262;10747;5889;3.8;2.1
06;2021-04-03;906;307;11653;6196;4.2;2.2
06;2021-04-04;1;0;11654;6196;4.2;2.2
06;2021-04-05;1;0;11655;6196;4.2;2.2
06;2021-04-06;158;281;11813;6477;4.2;2.3
06;2021-04-07;237;264;12050;6741;4.3;2.4
06;2021-04-08;286;140;12336;6881;4.4;2.5
06;2021-04-09;247;171;12583;7052;4.5;2.5
06;2021-04-10;181;114;12764;7166;4.6;2.6
06;2021-04-11;7;0;12771;7166;4.6;2.6
06;2021-04-12;0;19;12771;7185;4.6;2.6
06;2021-04-13;393;344;13164;7529;4.7;2.7
06;2021-04-14;239;205;13403;7734;4.8;2.8
06;2021-04-15;206;118;13609;7852;4.9;2.8
06;2021-04-16;214;127;13823;7979;4.9;2.9
06;2021-04-17;226;132;14049;8111;5.0;2.9
06;2021-04-18;1;0;14050;8111;5.0;2.9
06;2021-04-19;6;1;14056;8112;5.0;2.9
06;2021-04-20;368;224;14424;8336;5.2;3.0
06;2021-04-21;410;149;14834;8485;5.3;3.0
06;2021-04-22;410;150;15244;8635;5.5;3.1
06;2021-04-23;367;166;15611;8801;5.6;3.1
06;2021-04-24;413;127;16024;8928;5.7;3.2
06;2021-04-25;2;0;16026;8928;5.7;3.2
06;2021-04-26;54;8;16080;8936;5.8;3.2
06;2021-04-27;350;293;16430;9229;5.9;3.3
06;2021-04-28;354;514;16784;9743;6.0;3.5
06;2021-04-29;555;342;17339;10085;6.2;3.6
06;2021-04-30;400;238;17739;10323;6.3;3.7
06;2021-05-01;669;285;18408;10608;6.6;3.8
06;2021-05-02;0;0;18408;10608;6.6;3.8
06;2021-05-03;134;6;18542;10614;6.6;3.8
06;2021-05-04;352;426;18894;11040;6.8;4.0
06;2021-05-05;443;317;19337;11357;6.9;4.1
06;2021-05-06;319;199;19656;11556;7.0;4.1
06;2021-05-07;341;134;19997;11690;7.2;4.2
06;2021-05-08;298;140;20295;11830;7.3;4.2
06;2021-05-09;0;0;20295;11830;7.3;4.2
06;2021-05-10;7;9;20302;11839;7.3;4.2
06;2021-05-11;357;488;20659;12327;7.4;4.4
06;2021-05-12;329;310;20988;12637;7.5;4.5
06;2021-05-13;126;97;21114;12734;7.6;4.6
06;2021-05-14;0;0;21114;12734;7.6;4.6
06;2021-05-15;484;283;21598;13017;7.7;4.7
06;2021-05-16;0;0;21598;13017;7.7;4.7
06;2021-05-17;118;49;21716;13066;7.8;4.7
06;2021-05-18;495;429;22211;13495;7.9;4.8
06;2021-05-19;642;660;22853;14155;8.2;5.1
06;2021-05-20;1035;495;23888;14650;8.5;5.2
06;2021-05-21;1029;315;24917;14965;8.9;5.4
06;2021-05-22;1214;293;26131;15258;9.4;5.5
06;2021-05-23;0;0;26131;15258;9.4;5.5
06;2021-05-24;1;0;26132;15258;9.4;5.5
06;2021-05-25;850;620;26982;15878;9.7;5.7
06;2021-05-26;1021;840;28003;16718;10.0;6.0
06;2021-05-27;1287;505;29290;17223;10.5;6.2
06;2021-05-28;935;371;30225;17594;10.8;6.3
06;2021-05-29;1111;388;31336;17982;11.2;6.4
06;2021-05-30;0;1;31336;17983;11.2;6.4
06;2021-05-31;99;6;31435;17989;11.2;6.4
06;2021-06-01;1126;648;32561;18637;11.7;6.7
06;2021-06-02;1069;478;33630;19115;12.0;6.8
06;2021-06-03;794;331;34424;19446;12.3;7.0
06;2021-06-04;977;320;35401;19766;12.7;7.1
06;2021-06-05;562;295;35963;20061;12.9;7.2
06;2021-06-06;0;0;35963;20061;12.9;7.2
06;2021-06-07;49;8;36012;20069;12.9;7.2
06;2021-06-08;739;433;36751;20502;13.2;7.3
06;2021-06-09;929;532;37680;21034;13.5;7.5
06;2021-06-10;648;221;38328;21255;13.7;7.6
06;2021-06-11;819;366;39147;21621;14.0;7.7
06;2021-06-12;563;273;39710;21894;14.2;7.8
07;2020-12-27;0;0;0;0;0.0;0.0
07;2020-12-28;0;0;0;0;0.0;0.0
07;2020-12-29;0;0;0;0;0.0;0.0
07;2020-12-30;0;0;0;0;0.0;0.0
07;2020-12-31;0;0;0;0;0.0;0.0
07;2021-01-01;0;0;0;0;0.0;0.0
07;2021-01-02;0;0;0;0;0.0;0.0
07;2021-01-03;0;0;0;0;0.0;0.0
07;2021-01-04;0;0;0;0;0.0;0.0
07;2021-01-05;0;0;0;0;0.0;0.0
07;2021-01-06;0;0;0;0;0.0;0.0
07;2021-01-07;0;0;0;0;0.0;0.0
07;2021-01-08;0;0;0;0;0.0;0.0
07;2021-01-09;0;0;0;0;0.0;0.0
07;2021-01-10;0;0;0;0;0.0;0.0
07;2021-01-11;0;0;0;0;0.0;0.0
07;2021-01-12;0;0;0;0;0.0;0.0
07;2021-01-13;0;0;0;0;0.0;0.0
07;2021-01-14;0;0;0;0;0.0;0.0
07;2021-01-15;0;0;0;0;0.0;0.0
07;2021-01-16;0;0;0;0;0.0;0.0
07;2021-01-17;0;0;0;0;0.0;0.0
07;2021-01-18;1;0;1;0;0.0;0.0
07;2021-01-19;0;0;1;0;0.0;0.0
07;2021-01-20;0;0;1;0;0.0;0.0
07;2021-01-21;12;0;13;0;0.1;0.0
07;2021-01-22;12;0;25;0;0.3;0.0
07;2021-01-23;0;0;25;0;0.3;0.0
07;2021-01-24;0;0;25;0;0.3;0.0
07;2021-01-25;0;0;25;0;0.3;0.0
07;2021-01-26;0;0;25;0;0.3;0.0
07;2021-01-27;12;0;37;0;0.4;0.0
07;2021-01-28;1;0;38;0;0.4;0.0
07;2021-01-29;6;0;44;0;0.4;0.0
07;2021-01-30;0;0;44;0;0.4;0.0
07;2021-01-31;0;0;44;0;0.4;0.0
07;2021-02-01;0;0;44;0;0.4;0.0
07;2021-02-02;0;0;44;0;0.4;0.0
07;2021-02-03;11;0;55;0;0.6;0.0
07;2021-02-04;12;0;67;0;0.7;0.0
07;2021-02-05;11;0;78;0;0.8;0.0
07;2021-02-06;0;0;78;0;0.8;0.0
07;2021-02-07;0;0;78;0;0.8;0.0
07;2021-02-08;0;0;78;0;0.8;0.0
07;2021-02-09;13;0;91;0;0.9;0.0
07;2021-02-10;0;0;91;0;0.9;0.0
07;2021-02-11;16;0;107;0;1.1;0.0
07;2021-02-12;44;0;151;0;1.5;0.0
07;2021-02-13;0;0;151;0;1.5;0.0
07;2021-02-14;0;0;151;0;1.5;0.0
07;2021-02-15;0;0;151;0;1.5;0.0
07;2021-02-16;0;0;151;0;1.5;0.0
07;2021-02-17;0;0;151;0;1.5;0.0
07;2021-02-18;18;0;169;0;1.7;0.0
07;2021-02-19;34;0;203;0;2.0;0.0
07;2021-02-20;0;0;203;0;2.0;0.0
07;2021-02-21;0;0;203;0;2.0;0.0
07;2021-02-22;0;0;203;0;2.0;0.0
07;2021-02-23;0;22;203;22;2.0;0.2
07;2021-02-24;0;0;203;22;2.0;0.2
07;2021-02-25;15;10;218;32;2.2;0.3
07;2021-02-26;33;21;251;53;2.5;0.5
07;2021-02-27;0;0;251;53;2.5;0.5
07;2021-02-28;0;0;251;53;2.5;0.5
07;2021-03-01;0;0;251;53;2.5;0.5
07;2021-03-02;17;11;268;64;2.7;0.6
07;2021-03-03;0;0;268;64;2.7;0.6
07;2021-03-04;16;11;284;75;2.9;0.8
07;2021-03-05;33;19;317;94;3.2;0.9
07;2021-03-06;0;0;317;94;3.2;0.9
07;2021-03-07;0;0;317;94;3.2;0.9
07;2021-03-08;0;0;317;94;3.2;0.9
07;2021-03-09;1;0;318;94;3.2;0.9
07;2021-03-10;0;0;318;94;3.2;0.9
07;2021-03-11;20;30;338;124;3.4;1.2
07;2021-03-12;62;42;400;166;4.0;1.7
07;2021-03-13;0;0;400;166;4.0;1.7
07;2021-03-14;0;0;400;166;4.0;1.7
07;2021-03-15;0;0;400;166;4.0;1.7
07;2021-03-16;30;9;430;175;4.3;1.8
07;2021-03-17;0;0;430;175;4.3;1.8
07;2021-03-18;29;16;459;191;4.6;1.9
07;2021-03-19;55;31;514;222;5.2;2.2
07;2021-03-20;0;0;514;222;5.2;2.2
07;2021-03-21;0;0;514;222;5.2;2.2
07;2021-03-22;0;0;514;222;5.2;2.2
07;2021-03-23;0;0;514;222;5.2;2.2
07;2021-03-24;0;0;514;222;5.2;2.2
07;2021-03-25;65;16;579;238;5.8;2.4
07;2021-03-26;73;26;652;264;6.5;2.7
07;2021-03-27;0;0;652;264;6.5;2.7
07;2021-03-28;0;0;652;264;6.5;2.7
07;2021-03-29;0;0;652;264;6.5;2.7
07;2021-03-30;40;18;692;282;6.9;2.8
07;2021-03-31;26;15;718;297;7.2;3.0
07;2021-04-01;25;32;743;329;7.5;3.3
07;2021-04-02;0;0;743;329;7.5;3.3
07;2021-04-03;0;0;743;329;7.5;3.3
07;2021-04-04;0;0;743;329;7.5;3.3
07;2021-04-05;9;0;752;329;7.5;3.3
07;2021-04-06;0;0;752;329;7.5;3.3
07;2021-04-07;0;0;752;329;7.5;3.3
07;2021-04-08;57;46;809;375;8.1;3.8
07;2021-04-09;59;31;868;406;8.7;4.1
07;2021-04-10;0;0;868;406;8.7;4.1
07;2021-04-11;0;0;868;406;8.7;4.1
07;2021-04-12;0;0;868;406;8.7;4.1
07;2021-04-13;0;0;868;406;8.7;4.1
07;2021-04-14;5;6;873;412;8.8;4.1
07;2021-04-15;56;71;929;483;9.3;4.8
07;2021-04-16;90;35;1019;518;10.2;5.2
07;2021-04-17;0;1;1019;519;10.2;5.2
07;2021-04-18;0;0;1019;519;10.2;5.2
07;2021-04-19;1;0;1020;519;10.2;5.2
07;2021-04-20;335;66;1355;585;13.6;5.9
07;2021-04-21;337;30;1692;615;17.0;6.2
07;2021-04-22;284;49;1976;664;19.8;6.7
07;2021-04-23;258;41;2234;705;22.4;7.1
07;2021-04-24;231;1;2465;706;24.7;7.1
07;2021-04-25;0;0;2465;706;24.7;7.1
07;2021-04-26;283;20;2748;726;27.6;7.3
07;2021-04-27;224;69;2972;795;29.8;8.0
07;2021-04-28;192;26;3164;821;31.8;8.2
07;2021-04-29;170;22;3334;843;33.5;8.5
07;2021-04-30;172;15;3506;858;35.2;8.6
07;2021-05-01;200;12;3706;870;37.2;8.7
07;2021-05-02;0;0;3706;870;37.2;8.7
07;2021-05-03;134;10;3840;880;38.6;8.8
07;2021-05-04;161;54;4001;934;40.2;9.4
07;2021-05-05;221;30;4222;964;42.4;9.7
07;2021-05-06;175;31;4397;995;44.1;10.0
07;2021-05-07;149;31;4546;1026;45.6;10.3
07;2021-05-08;0;0;4546;1026;45.6;10.3
07;2021-05-09;0;2;4546;1028;45.6;10.3
07;2021-05-10;0;0;4546;1028;45.6;10.3
07;2021-05-11;2;41;4548;1069;45.7;10.7
07;2021-05-12;6;36;4554;1105;45.7;11.1
07;2021-05-13;0;0;4554;1105;45.7;11.1
07;2021-05-14;28;98;4582;1203;46.0;12.1
07;2021-05-15;0;0;4582;1203;46.0;12.1
07;2021-05-16;0;0;4582;1203;46.0;12.1
07;2021-05-17;1;14;4583;1217;46.0;12.2
07;2021-05-18;17;32;4600;1249;46.2;12.5
07;2021-05-19;0;1;4600;1250;46.2;12.5
07;2021-05-20;0;8;4600;1258;46.2;12.6
07;2021-05-21;12;32;4612;1290;46.3;13.0
07;2021-05-22;0;0;4612;1290;46.3;13.0
07;2021-05-23;0;0;4612;1290;46.3;13.0
07;2021-05-24;0;0;4612;1290;46.3;13.0
07;2021-05-25;50;334;4662;1624;46.8;16.3
07;2021-05-26;54;359;4716;1983;47.3;19.9
07;2021-05-27;34;317;4750;2300;47.7;23.1
07;2021-05-28;27;256;4777;2556;48.0;25.7
07;2021-05-29;35;376;4812;2932;48.3;29.4
07;2021-05-30;0;0;4812;2932;48.3;29.4
07;2021-05-31;45;218;4857;3150;48.8;31.6
07;2021-06-01;46;226;4903;3376;49.2;33.9
07;2021-06-02;69;273;4972;3649;49.9;36.6
07;2021-06-03;41;252;5013;3901;50.3;39.2
07;2021-06-04;70;269;5083;4170;51.0;41.9
07;2021-06-05;1;0;5084;4170;51.0;41.9
07;2021-06-06;0;0;5084;4170;51.0;41.9
07;2021-06-07;0;1;5084;4171;51.0;41.9
07;2021-06-08;4;2;5088;4173;51.1;41.9
07;2021-06-09;0;3;5088;4176;51.1;41.9
07;2021-06-10;8;4;5096;4180;51.2;42.0
07;2021-06-11;3;8;5099;4188;51.2;42.0
07;2021-06-12;15;59;5114;4247;51.3;42.6
08;2020-12-27;0;0;0;0;0.0;0.0
08;2020-12-28;0;0;0;0;0.0;0.0
08;2020-12-29;0;0;0;0;0.0;0.0
08;2020-12-30;0;0;0;0;0.0;0.0
08;2020-12-31;0;0;0;0;0.0;0.0
08;2021-01-01;0;0;0;0;0.0;0.0
08;2021-01-02;0;0;0;0;0.0;0.0
08;2021-01-03;0;0;0;0;0.0;0.0
08;2021-01-04;0;0;0;0;0.0;0.0
08;2021-01-05;0;0;0;0;0.0;0.0
08;2021-01-06;0;0;0;0;0.0;0.0
08;2021-01-07;0;0;0;0;0.0;0.0
08;2021-01-08;0;0;0;0;0.0;0.0
08;2021-01-09;0;0;0;0;0.0;0.0
08;2021-01-10;0;0;0;0;0.0;0.0
08;2021-01-11;0;0;0;0;0.0;0.0
08;2021-01-12;0;0;0;0;0.0;0.0
08;2021-01-13;10;0;10;0;0.0;0.0
08;2021-01-14;11;0;21;0;0.1;0.0
08;2021-01-15;7;0;28;0;0.1;0.0
08;2021-01-16;0;0;28;0;0.1;0.0
08;2021-01-17;0;0;28;0;0.1;0.0
08;2021-01-18;0;0;28;0;0.1;0.0
08;2021-01-19;12;0;40;0;0.1;0.0
08;2021-01-20;12;0;52;0;0.1;0.0
08;2021-01-21;6;0;58;0;0.2;0.0
08;2021-01-22;0;0;58;0;0.2;0.0
08;2021-01-23;0;0;58;0;0.2;0.0
08;2021-01-24;0;0;58;0;0.2;0.0
08;2021-01-25;0;0;58;0;0.2;0.0
08;2021-01-26;9;0;67;0;0.2;0.0
08;2021-01-27;10;0;77;0;0.2;0.0
08;2021-01-28;6;0;83;0;0.2;0.0
08;2021-01-29;0;0;83;0;0.2;0.0
08;2021-01-30;0;0;83;0;0.2;0.0
08;2021-01-31;0;0;83;0;0.2;0.0
08;2021-02-01;0;0;83;0;0.2;0.0
08;2021-02-02;38;0;121;0;0.3;0.0
08;2021-02-03;10;0;131;0;0.4;0.0
08;2021-02-04;29;0;160;0;0.5;0.0
08;2021-02-05;7;0;167;0;0.5;0.0
08;2021-02-06;0;0;167;0;0.5;0.0
08;2021-02-07;0;0;167;0;0.5;0.0
08;2021-02-08;0;0;167;0;0.5;0.0
08;2021-02-09;38;0;205;0;0.6;0.0
08;2021-02-10;27;1;232;1;0.7;0.0
08;2021-02-11;0;0;232;1;0.7;0.0
08;2021-02-12;35;0;267;1;0.8;0.0
08;2021-02-13;0;0;267;1;0.8;0.0
08;2021-02-14;0;0;267;1;0.8;0.0
08;2021-02-15;50;0;317;1;0.9;0.0
08;2021-02-16;0;0;317;1;0.9;0.0
08;2021-02-17;0;0;317;1;0.9;0.0
08;2021-02-18;27;0;344;1;1.0;0.0
08;2021-02-19;44;0;388;1;1.1;0.0
08;2021-02-20;0;0;388;1;1.1;0.0
08;2021-02-21;0;0;388;1;1.1;0.0
08;2021-02-22;46;4;434;5;1.2;0.0
08;2021-02-23;39;29;473;34;1.3;0.1
08;2021-02-24;35;1;508;35;1.4;0.1
08;2021-02-25;55;36;563;71;1.6;0.2
08;2021-02-26;39;5;602;76;1.7;0.2
08;2021-02-27;0;0;602;76;1.7;0.2
08;2021-02-28;0;0;602;76;1.7;0.2
08;2021-03-01;48;5;650;81;1.8;0.2
08;2021-03-02;7;27;657;108;1.9;0.3
08;2021-03-03;38;27;695;135;2.0;0.4
08;2021-03-04;30;26;725;161;2.1;0.5
08;2021-03-05;46;11;771;172;2.2;0.5
08;2021-03-06;0;0;771;172;2.2;0.5
08;2021-03-07;0;0;771;172;2.2;0.5
08;2021-03-08;29;7;800;179;2.3;0.5
08;2021-03-09;19;27;819;206;2.3;0.6
08;2021-03-10;32;28;851;234;2.4;0.7
08;2021-03-11;2;0;853;234;2.4;0.7
08;2021-03-12;52;21;905;255;2.6;0.7
08;2021-03-13;11;0;916;255;2.6;0.7
08;2021-03-14;0;0;916;255;2.6;0.7
08;2021-03-15;31;43;947;298;2.7;0.8
08;2021-03-16;73;6;1020;304;2.9;0.9
08;2021-03-17;67;13;1087;317;3.1;0.9
08;2021-03-18;82;39;1169;356;3.3;1.0
08;2021-03-19;30;51;1199;407;3.4;1.2
08;2021-03-20;0;0;1199;407;3.4;1.2
08;2021-03-21;0;0;1199;407;3.4;1.2
08;2021-03-22;33;45;1232;452;3.5;1.3
08;2021-03-23;32;45;1264;497;3.6;1.4
08;2021-03-24;38;42;1302;539;3.7;1.5
08;2021-03-25;90;34;1392;573;3.9;1.6
08;2021-03-26;45;33;1437;606;4.1;1.7
08;2021-03-27;93;3;1530;609;4.3;1.7
08;2021-03-28;0;0;1530;609;4.3;1.7
08;2021-03-29;69;49;1599;658;4.5;1.9
08;2021-03-30;98;24;1697;682;4.8;1.9
08;2021-03-31;89;46;1786;728;5.1;2.1
08;2021-04-01;56;48;1842;776;5.2;2.2
08;2021-04-02;0;0;1842;776;5.2;2.2
08;2021-04-03;0;0;1842;776;5.2;2.2
08;2021-04-04;0;0;1842;776;5.2;2.2
08;2021-04-05;0;0;1842;776;5.2;2.2
08;2021-04-06;49;63;1891;839;5.4;2.4
08;2021-04-07;91;32;1982;871;5.6;2.5
08;2021-04-08;120;8;2102;879;5.9;2.5
08;2021-04-09;89;39;2191;918;6.2;2.6
08;2021-04-10;160;7;2351;925;6.7;2.6
08;2021-04-11;0;0;2351;925;6.7;2.6
08;2021-04-12;41;76;2392;1001;6.8;2.8
08;2021-04-13;46;71;2438;1072;6.9;3.0
08;2021-04-14;80;45;2518;1117;7.1;3.2
08;2021-04-15;92;25;2610;1142;7.4;3.2
08;2021-04-16;77;42;2687;1184;7.6;3.4
08;2021-04-17;165;4;2852;1188;8.1;3.4
08;2021-04-18;0;0;2852;1188;8.1;3.4
08;2021-04-19;51;67;2903;1255;8.2;3.6
08;2021-04-20;83;27;2986;1282;8.5;3.6
08;2021-04-21;90;29;3076;1311;8.7;3.7
08;2021-04-22;101;20;3177;1331;9.0;3.8
08;2021-04-23;44;66;3221;1397;9.1;4.0
08;2021-04-24;99;78;3320;1475;9.4;4.2
08;2021-04-25;0;0;3320;1475;9.4;4.2
08;2021-04-26;28;93;3348;1568;9.5;4.4
08;2021-04-27;58;63;3406;1631;9.6;4.6
08;2021-04-28;88;39;3494;1670;9.9;4.7
08;2021-04-29;90;34;3584;1704;10.1;4.8
08;2021-04-30;104;15;3688;1719;10.4;4.9
08;2021-05-01;0;8;3688;1727;10.4;4.9
08;2021-05-02;0;0;3688;1727;10.4;4.9
08;2021-05-03;24;102;3712;1829;10.5;5.2
08;2021-05-04;147;102;3859;1931;10.9;5.5
08;2021-05-05;138;59;3997;1990;11.3;5.6
08;2021-05-06;188;49;4185;2039;11.8;5.8
08;2021-05-07;126;71;4311;2110;12.2;6.0
08;2021-05-08;67;122;4378;2232;12.4;6.3
08;2021-05-09;0;0;4378;2232;12.4;6.3
08;2021-05-10;123;101;4501;2333;12.7;6.6
08;2021-05-11;130;77;4631;2410;13.1;6.8
08;2021-05-12;154;75;4785;2485;13.5;7.0
08;2021-05-13;74;8;4859;2493;13.8;7.1
08;2021-05-14;129;61;4988;2554;14.1;7.2
08;2021-05-15;85;4;5073;2558;14.4;7.2
08;2021-05-16;0;0;5073;2558;14.4;7.2
08;2021-05-17;144;112;5217;2670;14.8;7.6
08;2021-05-18;148;95;5365;2765;15.2;7.8
08;2021-05-19;83;70;5448;2835;15.4;8.0
08;2021-05-20;103;26;5551;2861;15.7;8.1
08;2021-05-21;97;52;5648;2913;16.0;8.2
08;2021-05-22;99;11;5747;2924;16.3;8.3
08;2021-05-23;0;0;5747;2924;16.3;8.3
08;2021-05-24;33;7;5780;2931;16.4;8.3
08;2021-05-25;119;77;5899;3008;16.7;8.5
08;2021-05-26;106;49;6005;3057;17.0;8.7
08;2021-05-27;109;42;6114;3099;17.3;8.8
08;2021-05-28;33;1;6147;3100;17.4;8.8
08;2021-05-29;59;215;6206;3315;17.6;9.4
08;2021-05-30;0;0;6206;3315;17.6;9.4
08;2021-05-31;108;65;6314;3380;17.9;9.6
08;2021-06-01;112;63;6426;3443;18.2;9.7
08;2021-06-02;130;32;6556;3475;18.6;9.8
08;2021-06-03;100;38;6656;3513;18.8;9.9
08;2021-06-04;126;71;6782;3584;19.2;10.1
08;2021-06-05;81;21;6863;3605;19.4;10.2
08;2021-06-06;0;0;6863;3605;19.4;10.2
08;2021-06-07;96;95;6959;3700;19.7;10.5
08;2021-06-08;108;63;7067;3763;20.0;10.6
08;2021-06-09;98;74;7165;3837;20.3;10.9
08;2021-06-10;110;64;7275;3901;20.6;11.0
08;2021-06-11;116;108;7391;4009;20.9;11.3
08;2021-06-12;56;30;7447;4039;21.1;11.4
11;2020-12-27;13;2;13;2;0.0;0.0
11;2020-12-28;11;0;24;2;0.0;0.0
11;2020-12-29;56;0;80;2;0.0;0.0
11;2020-12-30;91;0;171;2;0.0;0.0
11;2020-12-31;39;0;210;2;0.0;0.0
11;2021-01-01;28;1;238;3;0.0;0.0
11;2021-01-02;64;1;302;4;0.0;0.0
11;2021-01-03;78;0;380;4;0.0;0.0
11;2021-01-04;551;5;931;9;0.0;0.0
11;2021-01-05;2061;17;2992;26;0.0;0.0
11;2021-01-06;3012;20;6004;46;0.0;0.0
11;2021-01-07;5366;37;11370;83;0.1;0.0
11;2021-01-08;7103;46;18473;129;0.2;0.0
11;2021-01-09;1880;5;20353;134;0.2;0.0
11;2021-01-10;1740;7;22093;141;0.2;0.0
11;2021-01-11;7981;58;30074;199;0.2;0.0
11;2021-01-12;10321;93;40395;292;0.3;0.0
11;2021-01-13;9990;89;50385;381;0.4;0.0
11;2021-01-14;10065;129;60450;510;0.5;0.0
11;2021-01-15;8882;80;69332;590;0.6;0.0
11;2021-01-16;2392;30;71724;620;0.6;0.0
11;2021-01-17;1082;19;72806;639;0.6;0.0
11;2021-01-18;12203;123;85009;762;0.7;0.0
11;2021-01-19;15782;115;100791;877;0.8;0.0
11;2021-01-20;18337;112;119128;989;1.0;0.0
11;2021-01-21;22232;133;141360;1122;1.2;0.0
11;2021-01-22;17001;158;158361;1280;1.3;0.0
11;2021-01-23;4954;19;163315;1299;1.3;0.0
11;2021-01-24;1276;6;164591;1305;1.3;0.0
11;2021-01-25;8846;184;173437;1489;1.4;0.0
11;2021-01-26;12319;375;185756;1864;1.5;0.0
11;2021-01-27;16215;686;201971;2550;1.6;0.0
11;2021-01-28;20282;1185;222253;3735;1.8;0.0
11;2021-01-29;15379;1369;237632;5104;1.9;0.0
11;2021-01-30;4454;101;242086;5205;2.0;0.0
11;2021-01-31;582;22;242668;5227;2.0;0.0
11;2021-02-01;7376;1953;250044;7180;2.0;0.1
11;2021-02-02;8347;2817;258391;9997;2.1;0.1
11;2021-02-03;8117;3808;266508;13805;2.2;0.1
11;2021-02-04;8776;4591;275284;18396;2.2;0.1
11;2021-02-05;8943;4424;284227;22820;2.3;0.2
11;2021-02-06;3265;748;287492;23568;2.3;0.2
11;2021-02-07;588;540;288080;24108;2.3;0.2
11;2021-02-08;6227;5914;294307;30022;2.4;0.2
11;2021-02-09;8424;9672;302731;39694;2.5;0.3
11;2021-02-10;9946;11181;312677;50875;2.5;0.4
11;2021-02-11;12353;16493;325030;67368;2.6;0.5
11;2021-02-12;11841;10570;336871;77938;2.7;0.6
11;2021-02-13;2587;2583;339458;80521;2.8;0.7
11;2021-02-14;309;559;339767;81080;2.8;0.7
11;2021-02-15;4437;12010;344204;93090;2.8;0.8
11;2021-02-16;5654;18472;349858;111562;2.8;0.9
11;2021-02-17;5660;15599;355518;127161;2.9;1.0
11;2021-02-18;8622;20767;364140;147928;3.0;1.2
11;2021-02-19;9023;15407;373163;163335;3.0;1.3
11;2021-02-20;1687;4842;374850;168177;3.1;1.4
11;2021-02-21;396;832;375246;169009;3.1;1.4
11;2021-02-22;4217;9911;379463;178920;3.1;1.5
11;2021-02-23;4936;10529;384399;189449;3.1;1.5
11;2021-02-24;5388;9870;389787;199319;3.2;1.6
11;2021-02-25;8573;14108;398360;213427;3.2;1.7
11;2021-02-26;11149;10158;409509;223585;3.3;1.8
11;2021-02-27;5058;3314;414567;226899;3.4;1.8
11;2021-02-28;736;657;415303;227556;3.4;1.9
11;2021-03-01;8821;7957;424124;235513;3.5;1.9
11;2021-03-02;14350;9615;438474;245128;3.6;2.0
11;2021-03-03;18608;10037;457082;255165;3.7;2.1
11;2021-03-04;28153;11021;485235;266186;4.0;2.2
11;2021-03-05;36368;10988;521603;277174;4.2;2.3
11;2021-03-06;46336;3450;567939;280624;4.6;2.3
11;2021-03-07;34249;2691;602188;283315;4.9;2.3
11;2021-03-08;17699;7329;619887;290644;5.0;2.4
11;2021-03-09;26775;7644;646662;298288;5.3;2.4
11;2021-03-10;27546;8277;674208;306565;5.5;2.5
11;2021-03-11;36916;9749;711124;316314;5.8;2.6
11;2021-03-12;44655;9274;755779;325588;6.2;2.7
11;2021-03-13;39812;2583;795591;328171;6.5;2.7
11;2021-03-14;14251;765;809842;328936;6.6;2.7
11;2021-03-15;29138;3952;838980;332888;6.8;2.7
11;2021-03-16;23705;3813;862685;336701;7.0;2.7
11;2021-03-17;24336;3632;887021;340333;7.2;2.8
11;2021-03-18;28960;4068;915981;344401;7.5;2.8
11;2021-03-19;39558;4244;955539;348645;7.8;2.8
11;2021-03-20;25788;1536;981327;350181;8.0;2.9
11;2021-03-21;5612;1309;986939;351490;8.0;2.9
11;2021-03-22;32061;4192;1019000;355682;8.3;2.9
11;2021-03-23;43164;5353;1062164;361035;8.7;2.9
11;2021-03-24;42508;4975;1104672;366010;9.0;3.0
11;2021-03-25;57679;5122;1162351;371132;9.5;3.0
11;2021-03-26;57510;5869;1219861;377001;9.9;3.1
11;2021-03-27;34407;2034;1254268;379035;10.2;3.1
11;2021-03-28;10144;462;1264412;379497;10.3;3.1
11;2021-03-29;32951;8118;1297363;387615;10.6;3.2
11;2021-03-30;44718;11485;1342081;399100;10.9;3.3
11;2021-03-31;39719;13842;1381800;412942;11.3;3.4
11;2021-04-01;45140;21706;1426940;434648;11.6;3.5
11;2021-04-02;39182;23975;1466122;458623;11.9;3.7
11;2021-04-03;18331;21127;1484453;479750;12.1;3.9
11;2021-04-04;6082;7323;1490535;487073;12.1;4.0
11;2021-04-05;5935;2149;1496470;489222;12.2;4.0
11;2021-04-06;29883;18378;1526353;507600;12.4;4.1
11;2021-04-07;37413;19959;1563766;527559;12.7;4.3
11;2021-04-08;46546;21056;1610312;548615;13.1;4.5
11;2021-04-09;53612;21477;1663924;570092;13.6;4.6
11;2021-04-10;28876;19675;1692800;589767;13.8;4.8
11;2021-04-11;6539;7205;1699339;596972;13.8;4.9
11;2021-04-12;30211;19220;1729550;616192;14.1;5.0
11;2021-04-13;37135;27544;1766685;643736;14.4;5.2
11;2021-04-14;34813;24314;1801498;668050;14.7;5.4
11;2021-04-15;39004;28428;1840502;696478;15.0;5.7
11;2021-04-16;40890;27767;1881392;724245;15.3;5.9
11;2021-04-17;22713;14953;1904105;739198;15.5;6.0
11;2021-04-18;5271;3729;1909376;742927;15.6;6.1
11;2021-04-19;25029;23189;1934405;766116;15.8;6.2
11;2021-04-20;30486;27865;1964891;793981;16.0;6.5
11;2021-04-21;32120;28204;1997011;822185;16.3;6.7
11;2021-04-22;34396;34720;2031407;856905;16.5;7.0
11;2021-04-23;37813;32278;2069220;889183;16.9;7.2
11;2021-04-24;37919;23176;2107139;912359;17.2;7.4
11;2021-04-25;20502;7996;2127641;920355;17.3;7.5
11;2021-04-26;33799;25228;2161440;945583;17.6;7.7
11;2021-04-27;45620;30085;2207060;975668;18.0;7.9
11;2021-04-28;48312;29823;2255372;1005491;18.4;8.2
11;2021-04-29;57617;32280;2312989;1037771;18.8;8.5
11;2021-04-30;61170;31063;2374159;1068834;19.3;8.7
11;2021-05-01;24050;6026;2398209;1074860;19.5;8.8
11;2021-05-02;14584;4983;2412793;1079843;19.7;8.8
11;2021-05-03;53969;35202;2466762;1115045;20.1;9.1
11;2021-05-04;59278;33800;2526040;1148845;20.6;9.4
11;2021-05-05;59304;34048;2585344;1182893;21.1;9.6
11;2021-05-06;66681;37956;2652025;1220849;21.6;9.9
11;2021-05-07;65069;39886;2717094;1260735;22.1;10.3
11;2021-05-08;49569;16809;2766663;1277544;22.5;10.4
11;2021-05-09;32969;10120;2799632;1287664;22.8;10.5
11;2021-05-10;69692;30407;2869324;1318071;23.4;10.7
11;2021-05-11;80969;37979;2950293;1356050;24.0;11.0
11;2021-05-12;82372;32312;3032665;1388362;24.7;11.3
11;2021-05-13;67476;9941;3100141;1398303;25.2;11.4
11;2021-05-14;83824;22006;3183965;1420309;25.9;11.6
11;2021-05-15;66142;15316;3250107;1435625;26.5;11.7
11;2021-05-16;36246;5106;3286353;1440731;26.8;11.7
11;2021-05-17;82007;16806;3368360;1457537;27.4;11.9
11;2021-05-18;97720;19733;3466080;1477270;28.2;12.0
11;2021-05-19;97337;27676;3563417;1504946;29.0;12.3
11;2021-05-20;106105;28700;3669522;1533646;29.9;12.5
11;2021-05-21;100475;25877;3769997;1559523;30.7;12.7
11;2021-05-22;79238;14778;3849235;1574301;31.4;12.8
11;2021-05-23;41499;5985;3890734;1580286;31.7;12.9
11;2021-05-24;59474;8752;3950208;1589038;32.2;12.9
11;2021-05-25;85000;32127;4035208;1621165;32.9;13.2
11;2021-05-26;83429;32413;4118637;1653578;33.5;13.5
11;2021-05-27;91622;40471;4210259;1694049;34.3;13.8
11;2021-05-28;86420;45504;4296679;1739553;35.0;14.2
11;2021-05-29;67881;27482;4364560;1767035;35.5;14.4
11;2021-05-30;35821;8474;4400381;1775509;35.8;14.5
11;2021-05-31;77662;39849;4478043;1815358;36.5;14.8
11;2021-06-01;86510;50834;4564553;1866192;37.2;15.2
11;2021-06-02;82386;45361;4646939;1911553;37.8;15.6
11;2021-06-03;88261;53542;4735200;1965095;38.6;16.0
11;2021-06-04;84275;58630;4819475;2023725;39.3;16.5
11;2021-06-05;63408;49833;4882883;2073558;39.8;16.9
11;2021-06-06;37802;17518;4920685;2091076;40.1;17.0
11;2021-06-07;68714;53511;4989399;2144587;40.6;17.5
11;2021-06-08;72884;61771;5062283;2206358;41.2;18.0
11;2021-06-09;84537;48329;5146820;2254687;41.9;18.4
11;2021-06-10;89089;60898;5235909;2315585;42.6;18.9
11;2021-06-11;64558;71749;5300467;2387334;43.2;19.4
11;2021-06-12;62658;47250;5363125;2434584;43.7;19.8
24;2020-12-27;0;0;0;0;0.0;0.0
24;2020-12-28;17;0;17;0;0.0;0.0
24;2020-12-29;10;0;27;0;0.0;0.0
24;2020-12-30;1;0;28;0;0.0;0.0
24;2020-12-31;0;0;28;0;0.0;0.0
24;2021-01-01;1;0;29;0;0.0;0.0
24;2021-01-02;0;0;29;0;0.0;0.0
24;2021-01-03;0;0;29;0;0.0;0.0
24;2021-01-04;24;0;53;0;0.0;0.0
24;2021-01-05;163;0;216;0;0.0;0.0
24;2021-01-06;328;0;544;0;0.0;0.0
24;2021-01-07;492;0;1036;0;0.0;0.0
24;2021-01-08;951;1;1987;1;0.1;0.0
24;2021-01-09;504;0;2491;1;0.1;0.0
24;2021-01-10;395;0;2886;1;0.1;0.0
24;2021-01-11;1280;0;4166;1;0.2;0.0
24;2021-01-12;2575;8;6741;9;0.3;0.0
24;2021-01-13;2189;6;8930;15;0.3;0.0
24;2021-01-14;2500;51;11430;66;0.4;0.0
24;2021-01-15;2114;7;13544;73;0.5;0.0
24;2021-01-16;857;5;14401;78;0.6;0.0
24;2021-01-17;322;3;14723;81;0.6;0.0
24;2021-01-18;3214;17;17937;98;0.7;0.0
24;2021-01-19;6320;17;24257;115;0.9;0.0
24;2021-01-20;7165;9;31422;124;1.2;0.0
24;2021-01-21;7414;3;38836;127;1.5;0.0
24;2021-01-22;5117;2;43953;129;1.7;0.0
24;2021-01-23;1272;1;45225;130;1.8;0.0
24;2021-01-24;225;1;45450;131;1.8;0.0
24;2021-01-25;3111;24;48561;155;1.9;0.0
24;2021-01-26;4845;88;53406;243;2.1;0.0
24;2021-01-27;5044;182;58450;425;2.3;0.0
24;2021-01-28;5634;506;64084;931;2.5;0.0
24;2021-01-29;3421;731;67505;1662;2.6;0.1
24;2021-01-30;1207;398;68712;2060;2.7;0.1
24;2021-01-31;251;368;68963;2428;2.7;0.1
24;2021-02-01;2170;927;71133;3355;2.8;0.1
24;2021-02-02;3032;1891;74165;5246;2.9;0.2
24;2021-02-03;3110;1768;77275;7014;3.0;0.3
24;2021-02-04;3234;1617;80509;8631;3.1;0.3
24;2021-02-05;2393;1370;82902;10001;3.2;0.4
24;2021-02-06;707;262;83609;10263;3.3;0.4
24;2021-02-07;134;32;83743;10295;3.3;0.4
24;2021-02-08;1967;1570;85710;11865;3.3;0.5
24;2021-02-09;3412;3310;89122;15175;3.5;0.6
24;2021-02-10;4085;3752;93207;18927;3.6;0.7
24;2021-02-11;4652;4774;97859;23701;3.8;0.9
24;2021-02-12;3481;3270;101340;26971;4.0;1.1
24;2021-02-13;839;769;102179;27740;4.0;1.1
24;2021-02-14;426;255;102605;27995;4.0;1.1
24;2021-02-15;1962;2858;104567;30853;4.1;1.2
24;2021-02-16;2849;4493;107416;35346;4.2;1.4
24;2021-02-17;2692;5101;110108;40447;4.3;1.6
24;2021-02-18;3520;5167;113628;45614;4.4;1.8
24;2021-02-19;3195;3553;116823;49167;4.6;1.9
24;2021-02-20;1288;984;118111;50151;4.6;2.0
24;2021-02-21;433;239;118544;50390;4.6;2.0
24;2021-02-22;1649;3060;120193;53450;4.7;2.1
24;2021-02-23;2339;3138;122532;56588;4.8;2.2
24;2021-02-24;2093;3466;124625;60054;4.9;2.3
24;2021-02-25;3621;3161;128246;63215;5.0;2.5
24;2021-02-26;4465;2617;132711;65832;5.2;2.6
24;2021-02-27;1877;995;134588;66827;5.3;2.6
24;2021-02-28;97;219;134685;67046;5.3;2.6
24;2021-03-01;2170;2022;136855;69068;5.3;2.7
24;2021-03-02;3429;2890;140284;71958;5.5;2.8
24;2021-03-03;3547;3408;143831;75366;5.6;2.9
24;2021-03-04;5335;3686;149166;79052;5.8;3.1
24;2021-03-05;7036;3146;156202;82198;6.1;3.2
24;2021-03-06;7375;743;163577;82941;6.4;3.2
24;2021-03-07;2426;286;166003;83227;6.5;3.3
24;2021-03-08;2689;2621;168692;85848;6.6;3.4
24;2021-03-09;5777;2843;174469;88691;6.8;3.5
24;2021-03-10;6404;3517;180873;92208;7.1;3.6
24;2021-03-11;7799;3496;188672;95704;7.4;3.7
24;2021-03-12;10781;2671;199453;98375;7.8;3.8
24;2021-03-13;7108;713;206561;99088;8.1;3.9
24;2021-03-14;1548;270;208109;99358;8.1;3.9
24;2021-03-15;4558;1971;212667;101329;8.3;4.0
24;2021-03-16;4594;2368;217261;103697;8.5;4.1
24;2021-03-17;4462;1983;221723;105680;8.7;4.1
24;2021-03-18;5064;2089;226787;107769;8.9;4.2
24;2021-03-19;7772;1673;234559;109442;9.2;4.3
24;2021-03-20;4428;876;238987;110318;9.3;4.3
24;2021-03-21;557;347;239544;110665;9.4;4.3
24;2021-03-22;4858;1715;244402;112380;9.6;4.4
24;2021-03-23;8031;2291;252433;114671;9.9;4.5
24;2021-03-24;8788;1999;261221;116670;10.2;4.6
24;2021-03-25;12132;1956;273353;118626;10.7;4.6
24;2021-03-26;13261;1965;286614;120591;11.2;4.7
24;2021-03-27;5764;668;292378;121259;11.4;4.7
24;2021-03-28;520;97;292898;121356;11.4;4.7
24;2021-03-29;6756;1864;299654;123220;11.7;4.8
24;2021-03-30;10166;2776;309820;125996;12.1;4.9
24;2021-03-31;9886;2330;319706;128326;12.5;5.0
24;2021-04-01;12031;3378;331737;131704;13.0;5.1
24;2021-04-02;10604;3324;342341;135028;13.4;5.3
24;2021-04-03;3401;1709;345742;136737;13.5;5.3
24;2021-04-04;393;341;346135;137078;13.5;5.4
24;2021-04-05;395;50;346530;137128;13.5;5.4
24;2021-04-06;8311;3399;354841;140527;13.9;5.5
24;2021-04-07;11060;4537;365901;145064;14.3;5.7
24;2021-04-08;14170;4722;380071;149786;14.9;5.9
24;2021-04-09;17730;3698;397801;153484;15.5;6.0
24;2021-04-10;9367;2071;407168;155555;15.9;6.1
24;2021-04-11;2908;1244;410076;156799;16.0;6.1
24;2021-04-12;10835;3428;420911;160227;16.4;6.3
24;2021-04-13;14988;4805;435899;165032;17.0;6.4
24;2021-04-14;13448;4907;449347;169939;17.6;6.6
24;2021-04-15;15332;5109;464679;175048;18.2;6.8
24;2021-04-16;15654;4312;480333;179360;18.8;7.0
24;2021-04-17;8185;1308;488518;180668;19.1;7.1
24;2021-04-18;1099;286;489617;180954;19.1;7.1
24;2021-04-19;9434;4131;499051;185085;19.5;7.2
24;2021-04-20;12720;5959;511771;191044;20.0;7.5
24;2021-04-21;12312;5979;524083;197023;20.5;7.7
24;2021-04-22;13857;7521;537940;204544;21.0;8.0
24;2021-04-23;13692;7033;551632;211577;21.6;8.3
24;2021-04-24;10236;3239;561868;214816;22.0;8.4
24;2021-04-25;3047;427;564915;215243;22.1;8.4
24;2021-04-26;10200;5416;575115;220659;22.5;8.6
24;2021-04-27;13868;7740;588983;228399;23.0;8.9
24;2021-04-28;13012;8431;601995;236830;23.5;9.3
24;2021-04-29;16576;8573;618571;245403;24.2;9.6
24;2021-04-30;17475;7212;636046;252615;24.9;9.9
24;2021-05-01;2912;669;638958;253284;25.0;9.9
24;2021-05-02;2139;316;641097;253600;25.1;9.9
24;2021-05-03;11263;6101;652360;259701;25.5;10.1
24;2021-05-04;12761;10278;665121;269979;26.0;10.5
24;2021-05-05;13817;9561;678938;279540;26.5;10.9
24;2021-05-06;17439;9653;696377;289193;27.2;11.3
24;2021-05-07;14502;11955;710879;301148;27.8;11.8
24;2021-05-08;3545;2366;714424;303514;27.9;11.9
24;2021-05-09;2320;3726;716744;307240;28.0;12.0
24;2021-05-10;11394;12171;728138;319411;28.5;12.5
24;2021-05-11;16330;14187;744468;333598;29.1;13.0
24;2021-05-12;18146;13116;762614;346714;29.8;13.5
24;2021-05-13;6914;3150;769528;349864;30.1;13.7
24;2021-05-14;14477;9157;784005;359021;30.6;14.0
24;2021-05-15;10457;5040;794462;364061;31.0;14.2
24;2021-05-16;3151;1177;797613;365238;31.2;14.3
24;2021-05-17;13286;7647;810899;372885;31.7;14.6
24;2021-05-18;18359;8192;829258;381077;32.4;14.9
24;2021-05-19;18993;7465;848251;388542;33.1;15.2
24;2021-05-20;21277;8429;869528;396971;34.0;15.5
24;2021-05-21;18351;9070;887879;406041;34.7;15.9
24;2021-05-22;7614;4183;895493;410224;35.0;16.0
24;2021-05-23;2975;940;898468;411164;35.1;16.1
24;2021-05-24;8328;1589;906796;412753;35.4;16.1
24;2021-05-25;17713;8835;924509;421588;36.1;16.5
24;2021-05-26;19150;8274;943659;429862;36.9;16.8
24;2021-05-27;20811;10022;964470;439884;37.7;17.2
24;2021-05-28;20427;12246;984897;452130;38.5;17.7
24;2021-05-29;12393;5891;997290;458021;39.0;17.9
24;2021-05-30;2031;1485;999321;459506;39.1;18.0
24;2021-05-31;14569;8896;1013890;468402;39.6;18.3
24;2021-06-01;19660;12004;1033550;480406;40.4;18.8
24;2021-06-02;17664;10782;1051214;491188;41.1;19.2
24;2021-06-03;20818;11882;1072032;503070;41.9;19.7
24;2021-06-04;19892;13833;1091924;516903;42.7;20.2
24;2021-06-05;9846;8830;1101770;525733;43.1;20.5
24;2021-06-06;1990;3020;1103760;528753;43.1;20.7
24;2021-06-07;14411;12001;1118171;540754;43.7;21.1
24;2021-06-08;16306;14919;1134477;555673;44.3;21.7
24;2021-06-09;19718;9307;1154195;564980;45.1;22.1
24;2021-06-10;20814;8815;1175009;573795;45.9;22.4
24;2021-06-11;17021;15246;1192030;589041;46.6;23.0
24;2021-06-12;10027;7304;1202057;596345;47.0;23.3
27;2020-12-27;4;0;4;0;0.0;0.0
27;2020-12-28;0;0;4;0;0.0;0.0
27;2020-12-29;19;0;23;0;0.0;0.0
27;2020-12-30;20;0;43;0;0.0;0.0
27;2020-12-31;2;0;45;0;0.0;0.0
27;2021-01-01;0;0;45;0;0.0;0.0
27;2021-01-02;1;0;46;0;0.0;0.0
27;2021-01-03;1;0;47;0;0.0;0.0
27;2021-01-04;27;0;74;0;0.0;0.0
27;2021-01-05;263;0;337;0;0.0;0.0
27;2021-01-06;718;1;1055;1;0.0;0.0
27;2021-01-07;1554;3;2609;4;0.1;0.0
27;2021-01-08;1894;3;4503;7;0.2;0.0
27;2021-01-09;689;0;5192;7;0.2;0.0
27;2021-01-10;3;0;5195;7;0.2;0.0
27;2021-01-11;2420;3;7615;10;0.3;0.0
27;2021-01-12;3821;5;11436;15;0.4;0.0
27;2021-01-13;3846;8;15282;23;0.5;0.0
27;2021-01-14;4750;47;20032;70;0.7;0.0
27;2021-01-15;3591;20;23623;90;0.8;0.0
27;2021-01-16;793;9;24416;99;0.9;0.0
27;2021-01-17;116;1;24532;100;0.9;0.0
27;2021-01-18;6241;18;30773;118;1.1;0.0
27;2021-01-19;8392;23;39165;141;1.4;0.0
27;2021-01-20;7898;56;47063;197;1.7;0.0
27;2021-01-21;9450;16;56513;213;2.0;0.0
27;2021-01-22;7702;17;64215;230;2.3;0.0
27;2021-01-23;2978;6;67193;236;2.4;0.0
27;2021-01-24;347;0;67540;236;2.4;0.0
27;2021-01-25;5217;30;72757;266;2.6;0.0
27;2021-01-26;7388;227;80145;493;2.9;0.0
27;2021-01-27;7091;346;87236;839;3.1;0.0
27;2021-01-28;6330;893;93566;1732;3.4;0.1
27;2021-01-29;5895;1264;99461;2996;3.6;0.1
27;2021-01-30;2469;347;101930;3343;3.7;0.1
27;2021-01-31;252;22;102182;3365;3.7;0.1
27;2021-02-01;3358;1403;105540;4768;3.8;0.2
27;2021-02-02;4040;2223;109580;6991;3.9;0.3
27;2021-02-03;3618;2396;113198;9387;4.1;0.3
27;2021-02-04;3703;3151;116901;12538;4.2;0.5
27;2021-02-05;3241;2588;120142;15126;4.3;0.5
27;2021-02-06;1609;671;121751;15797;4.4;0.6
27;2021-02-07;5;87;121756;15884;4.4;0.6
27;2021-02-08;2911;2685;124667;18569;4.5;0.7
27;2021-02-09;3015;3656;127682;22225;4.6;0.8
27;2021-02-10;3055;3410;130737;25635;4.7;0.9
27;2021-02-11;3315;4647;134052;30282;4.8;1.1
27;2021-02-12;2725;4460;136777;34742;4.9;1.2
27;2021-02-13;985;1466;137762;36208;5.0;1.3
27;2021-02-14;258;298;138020;36506;5.0;1.3
27;2021-02-15;1241;5758;139261;42264;5.0;1.5
27;2021-02-16;1507;7435;140768;49699;5.1;1.8
27;2021-02-17;1807;6916;142575;56615;5.1;2.0
27;2021-02-18;2142;6468;144717;63083;5.2;2.3
27;2021-02-19;1732;5667;146449;68750;5.3;2.5
27;2021-02-20;707;2180;147156;70930;5.3;2.5
27;2021-02-21;2;280;147158;71210;5.3;2.6
27;2021-02-22;978;4901;148136;76111;5.3;2.7
27;2021-02-23;1203;5446;149339;81557;5.4;2.9
27;2021-02-24;1499;4866;150838;86423;5.4;3.1
27;2021-02-25;2910;5057;153748;91480;5.5;3.3
27;2021-02-26;3683;4212;157431;95692;5.7;3.4
27;2021-02-27;1908;1956;159339;97648;5.7;3.5
27;2021-02-28;107;282;159446;97930;5.7;3.5
27;2021-03-01;3662;3505;163108;101435;5.9;3.6
27;2021-03-02;5409;4331;168517;105766;6.1;3.8
27;2021-03-03;5959;3566;174476;109332;6.3;3.9
27;2021-03-04;7697;3554;182173;112886;6.5;4.1
27;2021-03-05;9686;3171;191859;116057;6.9;4.2
27;2021-03-06;6223;1076;198082;117133;7.1;4.2
27;2021-03-07;870;185;198952;117318;7.1;4.2
27;2021-03-08;4542;3417;203494;120735;7.3;4.3
27;2021-03-09;8420;3383;211914;124118;7.6;4.5
27;2021-03-10;8707;2796;220621;126914;7.9;4.6
27;2021-03-11;10261;3189;230882;130103;8.3;4.7
27;2021-03-12;11878;2440;242760;132543;8.7;4.8
27;2021-03-13;7039;686;249799;133229;9.0;4.8
27;2021-03-14;210;60;250009;133289;9.0;4.8
27;2021-03-15;7316;1376;257325;134665;9.2;4.8
27;2021-03-16;8246;1079;265571;135744;9.5;4.9
27;2021-03-17;8531;1167;274102;136911;9.8;4.9
27;2021-03-18;8625;1400;282727;138311;10.2;5.0
27;2021-03-19;9425;1083;292152;139394;10.5;5.0
27;2021-03-20;5666;390;297818;139784;10.7;5.0
27;2021-03-21;236;11;298054;139795;10.7;5.0
27;2021-03-22;9327;953;307381;140748;11.0;5.1
27;2021-03-23;14682;1172;322063;141920;11.6;5.1
27;2021-03-24;15162;1233;337225;143153;12.1;5.1
27;2021-03-25;18361;1435;355586;144588;12.8;5.2
27;2021-03-26;18369;1228;373955;145816;13.4;5.2
27;2021-03-27;7683;400;381638;146216;13.7;5.3
27;2021-03-28;492;124;382130;146340;13.7;5.3
27;2021-03-29;10025;3388;392155;149728;14.1;5.4
27;2021-03-30;12951;3986;405106;153714;14.6;5.5
27;2021-03-31;12834;4178;417940;157892;15.0;5.7
27;2021-04-01;14540;4114;432480;162006;15.5;5.8
27;2021-04-02;12936;4033;445416;166039;16.0;6.0
27;2021-04-03;4471;1134;449887;167173;16.2;6.0
27;2021-04-04;67;35;449954;167208;16.2;6.0
27;2021-04-05;345;6;450299;167214;16.2;6.0
27;2021-04-06;9549;6153;459848;173367;16.5;6.2
27;2021-04-07;10188;6452;470036;179819;16.9;6.5
27;2021-04-08;15709;6114;485745;185933;17.5;6.7
27;2021-04-09;17816;5962;503561;191895;18.1;6.9
27;2021-04-10;6059;1936;509620;193831;18.3;7.0
27;2021-04-11;419;83;510039;193914;18.3;7.0
27;2021-04-12;9055;6786;519094;200700;18.7;7.2
27;2021-04-13;11726;8486;530820;209186;19.1;7.5
27;2021-04-14;10274;7828;541094;217014;19.4;7.8
27;2021-04-15;12947;7635;554041;224649;19.9;8.1
27;2021-04-16;12744;6416;566785;231065;20.4;8.3
27;2021-04-17;5913;3016;572698;234081;20.6;8.4
27;2021-04-18;351;189;573049;234270;20.6;8.4
27;2021-04-19;6968;8851;580017;243121;20.8;8.7
27;2021-04-20;8473;10522;588490;253643;21.1;9.1
27;2021-04-21;8322;10122;596812;263765;21.4;9.5
27;2021-04-22;9850;11508;606662;275273;21.8;9.9
27;2021-04-23;11327;10273;617989;285546;22.2;10.3
27;2021-04-24;5159;3946;623148;289492;22.4;10.4
27;2021-04-25;440;294;623588;289786;22.4;10.4
27;2021-04-26;9536;8731;633124;298517;22.7;10.7
27;2021-04-27;13455;10211;646579;308728;23.2;11.1
27;2021-04-28;14187;10333;660766;319061;23.7;11.5
27;2021-04-29;17868;11496;678634;330557;24.4;11.9
27;2021-04-30;18714;9486;697348;340043;25.1;12.2
27;2021-05-01;5424;1535;702772;341578;25.3;12.3
27;2021-05-02;601;73;703373;341651;25.3;12.3
27;2021-05-03;14865;6286;718238;347937;25.8;12.5
27;2021-05-04;13906;10766;732144;358703;26.3;12.9
27;2021-05-05;15525;9981;747669;368684;26.9;13.2
27;2021-05-06;18211;12301;765880;380985;27.5;13.7
27;2021-05-07;17171;11710;783051;392695;28.1;14.1
27;2021-05-08;5854;1491;788905;394186;28.3;14.2
27;2021-05-09;532;437;789437;394623;28.4;14.2
27;2021-05-10;15141;9823;804578;404446;28.9;14.5
27;2021-05-11;20690;12814;825268;417260;29.7;15.0
27;2021-05-12;19504;11682;844772;428942;30.4;15.4
27;2021-05-13;12260;2003;857032;430945;30.8;15.5
27;2021-05-14;22848;8325;879880;439270;31.6;15.8
27;2021-05-15;15358;3380;895238;442650;32.2;15.9
27;2021-05-16;1881;232;897119;442882;32.2;15.9
27;2021-05-17;18914;6752;916033;449634;32.9;16.2
27;2021-05-18;20475;9232;936508;458866;33.7;16.5
27;2021-05-19;22192;7253;958700;466119;34.4;16.7
27;2021-05-20;23162;8141;981862;474260;35.3;17.0
27;2021-05-21;21048;10010;1002910;484270;36.0;17.4
27;2021-05-22;8252;3588;1011162;487858;36.3;17.5
27;2021-05-23;901;302;1012063;488160;36.4;17.5
27;2021-05-24;4223;1079;1016286;489239;36.5;17.6
27;2021-05-25;14835;11595;1031121;500834;37.1;18.0
27;2021-05-26;15300;10604;1046421;511438;37.6;18.4
27;2021-05-27;18302;11756;1064723;523194;38.3;18.8
27;2021-05-28;16046;14086;1080769;537280;38.8;19.3
27;2021-05-29;6801;5143;1087570;542423;39.1;19.5
27;2021-05-30;385;255;1087955;542678;39.1;19.5
27;2021-05-31;13296;10916;1101251;553594;39.6;19.9
27;2021-06-01;16477;13399;1117728;566993;40.2;20.4
27;2021-06-02;16119;11419;1133847;578412;40.7;20.8
27;2021-06-03;17709;11837;1151556;590249;41.4;21.2
27;2021-06-04;16146;14587;1167702;604836;42.0;21.7
27;2021-06-05;8293;6734;1175995;611570;42.3;22.0
27;2021-06-06;1709;640;1177704;612210;42.3;22.0
27;2021-06-07;17361;13069;1195065;625279;42.9;22.5
27;2021-06-08;19840;15322;1214905;640601;43.7;23.0
27;2021-06-09;22060;9304;1236965;649905;44.4;23.4
27;2021-06-10;22268;10275;1259233;660180;45.2;23.7
27;2021-06-11;18010;17037;1277243;677217;45.9;24.3
27;2021-06-12;9404;7804;1286647;685021;46.2;24.6
28;2020-12-27;0;0;0;0;0.0;0.0
28;2020-12-28;1;0;1;0;0.0;0.0
28;2020-12-29;2;0;3;0;0.0;0.0
28;2020-12-30;0;0;3;0;0.0;0.0
28;2020-12-31;1;0;4;0;0.0;0.0
28;2021-01-01;2;0;6;0;0.0;0.0
28;2021-01-02;1;0;7;0;0.0;0.0
28;2021-01-03;1;0;8;0;0.0;0.0
28;2021-01-04;16;0;24;0;0.0;0.0
28;2021-01-05;169;0;193;0;0.0;0.0
28;2021-01-06;1393;2;1586;2;0.0;0.0
28;2021-01-07;2597;9;4183;11;0.1;0.0
28;2021-01-08;3427;3;7610;14;0.2;0.0
28;2021-01-09;1331;3;8941;17;0.3;0.0
28;2021-01-10;704;1;9645;18;0.3;0.0
28;2021-01-11;3178;3;12823;21;0.4;0.0
28;2021-01-12;3971;3;16794;24;0.5;0.0
28;2021-01-13;4302;6;21096;30;0.6;0.0
28;2021-01-14;8094;73;29190;103;0.9;0.0
28;2021-01-15;6218;24;35408;127;1.1;0.0
28;2021-01-16;2085;9;37493;136;1.1;0.0
28;2021-01-17;4071;21;41564;157;1.3;0.0
28;2021-01-18;8781;11;50345;168;1.5;0.0
28;2021-01-19;7140;13;57485;181;1.7;0.0
28;2021-01-20;6504;9;63989;190;1.9;0.0
28;2021-01-21;5990;9;69979;199;2.1;0.0
28;2021-01-22;5438;12;75417;211;2.3;0.0
28;2021-01-23;2018;7;77435;218;2.3;0.0
28;2021-01-24;1447;11;78882;229;2.4;0.0
28;2021-01-25;6238;179;85120;408;2.6;0.0
28;2021-01-26;4574;393;89694;801;2.7;0.0
28;2021-01-27;4034;765;93728;1566;2.8;0.0
28;2021-01-28;3753;1048;97481;2614;3.0;0.1
28;2021-01-29;3487;1305;100968;3919;3.1;0.1
28;2021-01-30;1386;517;102354;4436;3.1;0.1
28;2021-01-31;195;126;102549;4562;3.1;0.1
28;2021-02-01;2780;1661;105329;6223;3.2;0.2
28;2021-02-02;2984;2391;108313;8614;3.3;0.3
28;2021-02-03;2946;2670;111259;11284;3.4;0.3
28;2021-02-04;3723;5208;114982;16492;3.5;0.5
28;2021-02-05;3885;4391;118867;20883;3.6;0.6
28;2021-02-06;1139;1548;120006;22431;3.6;0.7
28;2021-02-07;715;1975;120721;24406;3.7;0.7
28;2021-02-08;3800;6857;124521;31263;3.8;0.9
28;2021-02-09;3461;6030;127982;37293;3.9;1.1
28;2021-02-10;3455;5074;131437;42367;4.0;1.3
28;2021-02-11;4208;4893;135645;47260;4.1;1.4
28;2021-02-12;4044;4611;139689;51871;4.2;1.6
28;2021-02-13;1122;1581;140811;53452;4.3;1.6
28;2021-02-14;285;1388;141096;54840;4.3;1.7
28;2021-02-15;2212;6277;143308;61117;4.3;1.9
28;2021-02-16;2654;5662;145962;66779;4.4;2.0
28;2021-02-17;1950;4556;147912;71335;4.5;2.2
28;2021-02-18;2567;4309;150479;75644;4.6;2.3
28;2021-02-19;2548;3719;153027;79363;4.6;2.4
28;2021-02-20;945;1259;153972;80622;4.7;2.4
28;2021-02-21;102;416;154074;81038;4.7;2.5
28;2021-02-22;1667;4233;155741;85271;4.7;2.6
28;2021-02-23;2173;3840;157914;89111;4.8;2.7
28;2021-02-24;2371;3895;160285;93006;4.9;2.8
28;2021-02-25;4770;4191;165055;97197;5.0;2.9
28;2021-02-26;5960;3729;171015;100926;5.2;3.1
28;2021-02-27;3006;1030;174021;101956;5.3;3.1
28;2021-02-28;340;387;174361;102343;5.3;3.1
28;2021-03-01;2523;4650;176884;106993;5.4;3.2
28;2021-03-02;3896;4091;180780;111084;5.5;3.4
28;2021-03-03;4785;3478;185565;114562;5.6;3.5
28;2021-03-04;7295;2856;192860;117418;5.8;3.6
28;2021-03-05;10144;2480;203004;119898;6.1;3.6
28;2021-03-06;9803;777;212807;120675;6.4;3.7
28;2021-03-07;3771;126;216578;120801;6.6;3.7
28;2021-03-08;5864;3270;222442;124071;6.7;3.8
28;2021-03-09;9283;2804;231725;126875;7.0;3.8
28;2021-03-10;9797;2436;241522;129311;7.3;3.9
28;2021-03-11;13947;1991;255469;131302;7.7;4.0
28;2021-03-12;17961;1529;273430;132831;8.3;4.0
28;2021-03-13;11123;516;284553;133347;8.6;4.0
28;2021-03-14;2258;97;286811;133444;8.7;4.0
28;2021-03-15;8641;860;295452;134304;8.9;4.1
28;2021-03-16;7483;1186;302935;135490;9.2;4.1
28;2021-03-17;7706;1184;310641;136674;9.4;4.1
28;2021-03-18;8161;1362;318802;138036;9.7;4.2
28;2021-03-19;11553;1450;330355;139486;10.0;4.2
28;2021-03-20;9665;534;340020;140020;10.3;4.2
28;2021-03-21;2409;19;342429;140039;10.4;4.2
28;2021-03-22;9383;1627;351812;141666;10.6;4.3
28;2021-03-23;12467;1490;364279;143156;11.0;4.3
28;2021-03-24;13236;1580;377515;144736;11.4;4.4
28;2021-03-25;17598;1786;395113;146522;12.0;4.4
28;2021-03-26;20795;1847;415908;148369;12.6;4.5
28;2021-03-27;11477;1114;427385;149483;12.9;4.5
28;2021-03-28;2964;84;430349;149567;13.0;4.5
28;2021-03-29;11750;2948;442099;152515;13.4;4.6
28;2021-03-30;14398;3050;456497;155565;13.8;4.7
28;2021-03-31;14356;3546;470853;159111;14.3;4.8
28;2021-04-01;17980;5519;488833;164630;14.8;5.0
28;2021-04-02;16779;6363;505612;170993;15.3;5.2
28;2021-04-03;6994;3955;512606;174948;15.5;5.3
28;2021-04-04;1776;794;514382;175742;15.6;5.3
28;2021-04-05;3287;734;517669;176476;15.7;5.3
28;2021-04-06;10795;7360;528464;183836;16.0;5.6
28;2021-04-07;12674;6932;541138;190768;16.4;5.8
28;2021-04-08;17635;7515;558773;198283;16.9;6.0
28;2021-04-09;23788;7809;582561;206092;17.6;6.2
28;2021-04-10;13805;4110;596366;210202;18.1;6.4
28;2021-04-11;3026;1192;599392;211394;18.1;6.4
28;2021-04-12;13758;8017;613150;219411;18.6;6.6
28;2021-04-13;16166;8025;629316;227436;19.0;6.9
28;2021-04-14;14282;7999;643598;235435;19.5;7.1
28;2021-04-15;17206;8377;660804;243812;20.0;7.4
28;2021-04-16;20214;7800;681018;251612;20.6;7.6
28;2021-04-17;12708;5009;693726;256621;21.0;7.8
28;2021-04-18;2289;1238;696015;257859;21.1;7.8
28;2021-04-19;10859;8863;706874;266722;21.4;8.1
28;2021-04-20;13890;9756;720764;276478;21.8;8.4
28;2021-04-21;13273;9982;734037;286460;22.2;8.7
28;2021-04-22;15270;11884;749307;298344;22.7;9.0
28;2021-04-23;16417;12302;765724;310646;23.2;9.4
28;2021-04-24;12566;7248;778290;317894;23.6;9.6
28;2021-04-25;3291;1905;781581;319799;23.7;9.7
28;2021-04-26;12531;10176;794112;329975;24.0;10.0
28;2021-04-27;14845;11732;808957;341707;24.5;10.3
28;2021-04-28;15042;10692;823999;352399;24.9;10.7
28;2021-04-29;18430;11744;842429;364143;25.5;11.0
28;2021-04-30;20366;11871;862795;376014;26.1;11.4
28;2021-05-01;12802;2961;875597;378975;26.5;11.5
28;2021-05-02;5965;1826;881562;380801;26.7;11.5
28;2021-05-03;12832;9978;894394;390779;27.1;11.8
28;2021-05-04;13754;13114;908148;403893;27.5;12.2
28;2021-05-05;13911;14442;922059;418335;27.9;12.7
28;2021-05-06;18271;15075;940330;433410;28.5;13.1
28;2021-05-07;17778;17359;958108;450769;29.0;13.6
28;2021-05-08;12180;4667;970288;455436;29.4;13.8
28;2021-05-09;7122;1813;977410;457249;29.6;13.8
28;2021-05-10;14105;14777;991515;472026;30.0;14.3
28;2021-05-11;18036;15307;1009551;487333;30.6;14.8
28;2021-05-12;18666;13931;1028217;501264;31.1;15.2
28;2021-05-13;19597;3691;1047814;504955;31.7;15.3
28;2021-05-14;26267;12482;1074081;517437;32.5;15.7
28;2021-05-15;26856;7049;1100937;524486;33.3;15.9
28;2021-05-16;14095;1557;1115032;526043;33.8;15.9
28;2021-05-17;16133;9401;1131165;535444;34.2;16.2
28;2021-05-18;20979;8740;1152144;544184;34.9;16.5
28;2021-05-19;20839;8444;1172983;552628;35.5;16.7
28;2021-05-20;23053;9624;1196036;562252;36.2;17.0
28;2021-05-21;21343;12054;1217379;574306;36.9;17.4
28;2021-05-22;17523;5950;1234902;580256;37.4;17.6
28;2021-05-23;9103;914;1244005;581170;37.7;17.6
28;2021-05-24;13386;3156;1257391;584326;38.1;17.7
28;2021-05-25;19093;11570;1276484;595896;38.6;18.0
28;2021-05-26;19208;9985;1295692;605881;39.2;18.3
28;2021-05-27;21681;12351;1317373;618232;39.9;18.7
28;2021-05-28;21522;16486;1338895;634718;40.5;19.2
28;2021-05-29;17539;10148;1356434;644866;41.1;19.5
28;2021-05-30;6264;1261;1362698;646127;41.3;19.6
28;2021-05-31;19810;11916;1382508;658043;41.8;19.9
28;2021-06-01;23664;13815;1406172;671858;42.6;20.3
28;2021-06-02;20705;12292;1426877;684150;43.2;20.7
28;2021-06-03;26421;14639;1453298;698789;44.0;21.2
28;2021-06-04;24485;18890;1477783;717679;44.7;21.7
28;2021-06-05;18160;12044;1495943;729723;45.3;22.1
28;2021-06-06;7464;2394;1503407;732117;45.5;22.2
28;2021-06-07;19203;14148;1522610;746265;46.1;22.6
28;2021-06-08;27135;11195;1549745;757460;46.9;22.9
28;2021-06-09;19821;14427;1569566;771887;47.5;23.4
28;2021-06-10;21276;14572;1590842;786459;48.2;23.8
28;2021-06-11;20899;21077;1611741;807536;48.8;24.4
28;2021-06-12;17856;17086;1629597;824622;49.3;25.0
32;2020-12-27;1;0;1;0;0.0;0.0
32;2020-12-28;26;0;27;0;0.0;0.0
32;2020-12-29;12;0;39;0;0.0;0.0
32;2020-12-30;0;0;39;0;0.0;0.0
32;2020-12-31;0;0;39;0;0.0;0.0
32;2021-01-01;1;0;40;0;0.0;0.0
32;2021-01-02;6;0;46;0;0.0;0.0
32;2021-01-03;4;0;50;0;0.0;0.0
32;2021-01-04;82;0;132;0;0.0;0.0
32;2021-01-05;300;0;432;0;0.0;0.0
32;2021-01-06;786;2;1218;2;0.0;0.0
32;2021-01-07;2431;3;3649;5;0.1;0.0
32;2021-01-08;3162;9;6811;14;0.1;0.0
32;2021-01-09;957;3;7768;17;0.1;0.0
32;2021-01-10;639;0;8407;17;0.1;0.0
32;2021-01-11;3266;6;11673;23;0.2;0.0
32;2021-01-12;5000;6;16673;29;0.3;0.0
32;2021-01-13;4938;9;21611;38;0.4;0.0
32;2021-01-14;5721;43;27332;81;0.5;0.0
32;2021-01-15;5218;21;32550;102;0.5;0.0
32;2021-01-16;1637;10;34187;112;0.6;0.0
32;2021-01-17;859;4;35046;116;0.6;0.0
32;2021-01-18;7229;20;42275;136;0.7;0.0
32;2021-01-19;9892;34;52167;170;0.9;0.0
32;2021-01-20;10341;28;62508;198;1.0;0.0
32;2021-01-21;12694;41;75202;239;1.3;0.0
32;2021-01-22;9868;22;85070;261;1.4;0.0
32;2021-01-23;3408;4;88478;265;1.5;0.0
32;2021-01-24;1119;2;89597;267;1.5;0.0
32;2021-01-25;6863;80;96460;347;1.6;0.0
32;2021-01-26;7445;178;103905;525;1.7;0.0
32;2021-01-27;4828;511;108733;1036;1.8;0.0
32;2021-01-28;8562;1686;117295;2722;2.0;0.0
32;2021-01-29;5369;1856;122664;4578;2.1;0.1
32;2021-01-30;534;413;123198;4991;2.1;0.1
32;2021-01-31;67;74;123265;5065;2.1;0.1
32;2021-02-01;191;1815;123456;6880;2.1;0.1
32;2021-02-02;786;3170;124242;10050;2.1;0.2
32;2021-02-03;4069;3190;128311;13240;2.2;0.2
32;2021-02-04;3683;3619;131994;16859;2.2;0.3
32;2021-02-05;1962;3279;133956;20138;2.2;0.3
32;2021-02-06;516;874;134472;21012;2.3;0.4
32;2021-02-07;539;96;135011;21108;2.3;0.4
32;2021-02-08;1866;3683;136877;24791;2.3;0.4
32;2021-02-09;2550;4368;139427;29159;2.3;0.5
32;2021-02-10;2983;5345;142410;34504;2.4;0.6
32;2021-02-11;4772;6188;147182;40692;2.5;0.7
32;2021-02-12;5085;4657;152267;45349;2.6;0.8
32;2021-02-13;938;1893;153205;47242;2.6;0.8
32;2021-02-14;116;711;153321;47953;2.6;0.8
32;2021-02-15;3612;6920;156933;54873;2.6;0.9
32;2021-02-16;4027;8232;160960;63105;2.7;1.1
32;2021-02-17;4277;8681;165237;71786;2.8;1.2
32;2021-02-18;7020;11424;172257;83210;2.9;1.4
32;2021-02-19;7079;8298;179336;91508;3.0;1.5
32;2021-02-20;2515;3014;181851;94522;3.0;1.6
32;2021-02-21;434;489;182285;95011;3.1;1.6
32;2021-02-22;3260;5329;185545;100340;3.1;1.7
32;2021-02-23;5500;5914;191045;106254;3.2;1.8
32;2021-02-24;7440;6049;198485;112303;3.3;1.9
32;2021-02-25;12822;5001;211307;117304;3.5;2.0
32;2021-02-26;12534;2868;223841;120172;3.8;2.0
32;2021-02-27;6482;297;230323;120469;3.9;2.0
32;2021-02-28;363;134;230686;120603;3.9;2.0
32;2021-03-01;7241;846;237927;121449;4.0;2.0
32;2021-03-02;10958;975;248885;122424;4.2;2.1
32;2021-03-03;11972;1713;260857;124137;4.4;2.1
32;2021-03-04;15087;2410;275944;126547;4.6;2.1
32;2021-03-05;17113;2080;293057;128627;4.9;2.2
32;2021-03-06;28058;996;321115;129623;5.4;2.2
32;2021-03-07;19861;465;340976;130088;5.7;2.2
32;2021-03-08;8910;2546;349886;132634;5.9;2.2
32;2021-03-09;14277;3277;364163;135911;6.1;2.3
32;2021-03-10;15738;3185;379901;139096;6.4;2.3
32;2021-03-11;20906;4658;400807;143754;6.7;2.4
32;2021-03-12;26035;4157;426842;147911;7.2;2.5
32;2021-03-13;41550;1934;468392;149845;7.9;2.5
32;2021-03-14;20094;549;488486;150394;8.2;2.5
32;2021-03-15;12999;3567;501485;153961;8.4;2.6
32;2021-03-16;9759;3469;511244;157430;8.6;2.6
32;2021-03-17;9688;4117;520932;161547;8.7;2.7
32;2021-03-18;10011;5020;530943;166567;8.9;2.8
32;2021-03-19;17930;3786;548873;170353;9.2;2.9
32;2021-03-20;36447;1916;585320;172269;9.8;2.9
32;2021-03-21;19832;747;605152;173016;10.1;2.9
32;2021-03-22;12124;4263;617276;177279;10.4;3.0
32;2021-03-23;18893;5892;636169;183171;10.7;3.1
32;2021-03-24;17870;6117;654039;189288;11.0;3.2
32;2021-03-25;25242;5659;679281;194947;11.4;3.3
32;2021-03-26;28958;5841;708239;200788;11.9;3.4
32;2021-03-27;36603;2082;744842;202870;12.5;3.4
32;2021-03-28;18633;583;763475;203453;12.8;3.4
32;2021-03-29;14559;7019;778034;210472;13.0;3.5
32;2021-03-30;18849;8624;796883;219096;13.4;3.7
32;2021-03-31;15747;9261;812630;228357;13.6;3.8
32;2021-04-01;18169;10993;830799;239350;13.9;4.0
32;2021-04-02;19925;12517;850724;251867;14.3;4.2
32;2021-04-03;29998;10109;880722;261976;14.8;4.4
32;2021-04-04;11647;4702;892369;266678;15.0;4.5
32;2021-04-05;9585;2305;901954;268983;15.1;4.5
32;2021-04-06;14234;10846;916188;279829;15.4;4.7
32;2021-04-07;18021;12499;934209;292328;15.7;4.9
32;2021-04-08;23448;12904;957657;305232;16.1;5.1
32;2021-04-09;29829;13049;987486;318281;16.6;5.3
32;2021-04-10;26046;18725;1013532;337006;17.0;5.7
32;2021-04-11;9129;11988;1022661;348994;17.2;5.9
32;2021-04-12;15372;9469;1038033;358463;17.4;6.0
32;2021-04-13;21762;11509;1059795;369972;17.8;6.2
32;2021-04-14;22411;11080;1082206;381052;18.1;6.4
32;2021-04-15;25672;11069;1107878;392121;18.6;6.6
32;2021-04-16;25243;12378;1133121;404499;19.0;6.8
32;2021-04-17;17895;22943;1151016;427442;19.3;7.2
32;2021-04-18;6388;14025;1157404;441467;19.4;7.4
32;2021-04-19;11630;9775;1169034;451242;19.6;7.6
32;2021-04-20;16397;12266;1185431;463508;19.9;7.8
32;2021-04-21;15767;12538;1201198;476046;20.1;8.0
32;2021-04-22;18994;14952;1220192;490998;20.5;8.2
32;2021-04-23;19608;15924;1239800;506922;20.8;8.5
32;2021-04-24;15418;20995;1255218;527917;21.1;8.9
32;2021-04-25;6946;12280;1262164;540197;21.2;9.1
32;2021-04-26;13202;10688;1275366;550885;21.4;9.2
32;2021-04-27;18668;14083;1294034;564968;21.7;9.5
32;2021-04-28;20147;15994;1314181;580962;22.0;9.7
32;2021-04-29;22367;19877;1336548;600839;22.4;10.1
32;2021-04-30;24965;21517;1361513;622356;22.8;10.4
32;2021-05-01;23017;13890;1384530;636246;23.2;10.7
32;2021-05-02;20915;10272;1405445;646518;23.6;10.8
32;2021-05-03;21907;11219;1427352;657737;23.9;11.0
32;2021-05-04;23735;16216;1451087;673953;24.3;11.3
32;2021-05-05;23881;17357;1474968;691310;24.7;11.6
32;2021-05-06;25682;19841;1500650;711151;25.2;11.9
32;2021-05-07;30669;21433;1531319;732584;25.7;12.3
32;2021-05-08;33267;8890;1564586;741474;26.2;12.4
32;2021-05-09;26699;6419;1591285;747893;26.7;12.5
32;2021-05-10;24073;16011;1615358;763904;27.1;12.8
32;2021-05-11;31214;18940;1646572;782844;27.6;13.1
32;2021-05-12;36946;18677;1683518;801521;28.2;13.4
32;2021-05-13;40416;7228;1723934;808749;28.9;13.6
32;2021-05-14;41664;14513;1765598;823262;29.6;13.8
32;2021-05-15;59460;12019;1825058;835281;30.6;14.0
32;2021-05-16;47746;4739;1872804;840020;31.4;14.1
32;2021-05-17;31368;10872;1904172;850892;31.9;14.3
32;2021-05-18;36468;12399;1940640;863291;32.5;14.5
32;2021-05-19;38696;11480;1979336;874771;33.2;14.7
32;2021-05-20;39655;14853;2018991;889624;33.9;14.9
32;2021-05-21;42231;16888;2061222;906512;34.6;15.2
32;2021-05-22;57626;12992;2118848;919504;35.5;15.4
32;2021-05-23;38849;4343;2157697;923847;36.2;15.5
32;2021-05-24;28411;3802;2186108;927649;36.7;15.6
32;2021-05-25;31019;14826;2217127;942475;37.2;15.8
32;2021-05-26;33912;16714;2251039;959189;37.8;16.1
32;2021-05-27;34548;20621;2285587;979810;38.3;16.4
32;2021-05-28;34217;25113;2319804;1004923;38.9;16.9
32;2021-05-29;37358;19564;2357162;1024487;39.5;17.2
32;2021-05-30;16076;3500;2373238;1027987;39.8;17.2
32;2021-05-31;27859;16483;2401097;1044470;40.3;17.5
32;2021-06-01;32707;23965;2433804;1068435;40.8;17.9
32;2021-06-02;32094;21587;2465898;1090022;41.4;18.3
32;2021-06-03;34243;25002;2500141;1115024;41.9;18.7
32;2021-06-04;35797;27659;2535938;1142683;42.5;19.2
32;2021-06-05;34275;22713;2570213;1165396;43.1;19.5
32;2021-06-06;16504;5685;2586717;1171081;43.4;19.6
32;2021-06-07;21143;19297;2607860;1190378;43.7;20.0
32;2021-06-08;26544;24331;2634404;1214709;44.2;20.4
32;2021-06-09;31261;17223;2665665;1231932;44.7;20.7
32;2021-06-10;32361;18630;2698026;1250562;45.2;21.0
32;2021-06-11;26130;35923;2724156;1286485;45.7;21.6
32;2021-06-12;25803;31400;2749959;1317885;46.1;22.1
44;2020-12-27;0;0;0;0;0.0;0.0
44;2020-12-28;0;0;0;0;0.0;0.0
44;2020-12-29;0;0;0;0;0.0;0.0
44;2020-12-30;0;0;0;0;0.0;0.0
44;2020-12-31;11;0;11;0;0.0;0.0
44;2021-01-01;1;0;12;0;0.0;0.0
44;2021-01-02;3;0;15;0;0.0;0.0
44;2021-01-03;3;0;18;0;0.0;0.0
44;2021-01-04;243;0;261;0;0.0;0.0
44;2021-01-05;769;0;1030;0;0.0;0.0
44;2021-01-06;1242;2;2272;2;0.0;0.0
44;2021-01-07;2422;3;4694;5;0.1;0.0
44;2021-01-08;3130;7;7824;12;0.1;0.0
44;2021-01-09;938;1;8762;13;0.2;0.0
44;2021-01-10;234;0;8996;13;0.2;0.0
44;2021-01-11;2977;8;11973;21;0.2;0.0
44;2021-01-12;5273;6;17246;27;0.3;0.0
44;2021-01-13;7660;18;24906;45;0.5;0.0
44;2021-01-14;9539;81;34445;126;0.6;0.0
44;2021-01-15;6693;27;41138;153;0.7;0.0
44;2021-01-16;1917;9;43055;162;0.8;0.0
44;2021-01-17;902;1;43957;163;0.8;0.0
44;2021-01-18;8709;25;52666;188;1.0;0.0
44;2021-01-19;10650;16;63316;204;1.1;0.0
44;2021-01-20;11024;42;74340;246;1.3;0.0
44;2021-01-21;11722;23;86062;269;1.6;0.0
44;2021-01-22;9631;26;95693;295;1.7;0.0
44;2021-01-23;3286;20;98979;315;1.8;0.0
44;2021-01-24;1567;3;100546;318;1.8;0.0
44;2021-01-25;6617;302;107163;620;1.9;0.0
44;2021-01-26;5641;434;112804;1054;2.0;0.0
44;2021-01-27;7372;599;120176;1653;2.2;0.0
44;2021-01-28;8791;1247;128967;2900;2.3;0.1
44;2021-01-29;6756;1798;135723;4698;2.5;0.1
44;2021-01-30;2547;494;138270;5192;2.5;0.1
44;2021-01-31;1250;54;139520;5246;2.5;0.1
44;2021-02-01;6374;2381;145894;7627;2.6;0.1
44;2021-02-02;6214;3811;152108;11438;2.8;0.2
44;2021-02-03;5593;4547;157701;15985;2.9;0.3
44;2021-02-04;6436;6968;164137;22953;3.0;0.4
44;2021-02-05;6387;5235;170524;28188;3.1;0.5
44;2021-02-06;1972;1207;172496;29395;3.1;0.5
44;2021-02-07;406;593;172902;29988;3.1;0.5
44;2021-02-08;3821;4468;176723;34456;3.2;0.6
44;2021-02-09;5715;5835;182438;40291;3.3;0.7
44;2021-02-10;6249;6040;188687;46331;3.4;0.8
44;2021-02-11;7048;6562;195735;52893;3.6;1.0
44;2021-02-12;7276;5544;203011;58437;3.7;1.1
44;2021-02-13;2543;1255;205554;59692;3.7;1.1
44;2021-02-14;1612;824;207166;60516;3.8;1.1
44;2021-02-15;3997;7207;211163;67723;3.8;1.2
44;2021-02-16;4563;7976;215726;75699;3.9;1.4
44;2021-02-17;4704;8539;220430;84238;4.0;1.5
44;2021-02-18;6003;9268;226433;93506;4.1;1.7
44;2021-02-19;5538;7495;231971;101001;4.2;1.8
44;2021-02-20;2336;2843;234307;103844;4.3;1.9
44;2021-02-21;541;1399;234848;105243;4.3;1.9
44;2021-02-22;4484;7027;239332;112270;4.3;2.0
44;2021-02-23;6027;7255;245359;119525;4.5;2.2
44;2021-02-24;6600;5936;251959;125461;4.6;2.3
44;2021-02-25;10510;7554;262469;133015;4.8;2.4
44;2021-02-26;12361;6323;274830;139338;5.0;2.5
44;2021-02-27;7885;2158;282715;141496;5.1;2.6
44;2021-02-28;2116;519;284831;142015;5.2;2.6
44;2021-03-01;6077;4662;290908;146677;5.3;2.7
44;2021-03-02;9385;5648;300293;152325;5.4;2.8
44;2021-03-03;11262;5570;311555;157895;5.7;2.9
44;2021-03-04;13250;5759;324805;163654;5.9;3.0
44;2021-03-05;17864;5655;342669;169309;6.2;3.1
44;2021-03-06;21321;2125;363990;171434;6.6;3.1
44;2021-03-07;12194;719;376184;172153;6.8;3.1
44;2021-03-08;9397;4249;385581;176402;7.0;3.2
44;2021-03-09;15176;4926;400757;181328;7.3;3.3
44;2021-03-10;16591;5147;417348;186475;7.6;3.4
44;2021-03-11;20329;5618;437677;192093;7.9;3.5
44;2021-03-12;26769;5460;464446;197553;8.4;3.6
44;2021-03-13;24157;2362;488603;199915;8.9;3.6
44;2021-03-14;6759;869;495362;200784;9.0;3.6
44;2021-03-15;12949;3450;508311;204234;9.2;3.7
44;2021-03-16;12824;3967;521135;208201;9.5;3.8
44;2021-03-17;14183;3622;535318;211823;9.7;3.8
44;2021-03-18;15391;3746;550709;215569;10.0;3.9
44;2021-03-19;21392;3854;572101;219423;10.4;4.0
44;2021-03-20;15538;1919;587639;221342;10.7;4.0
44;2021-03-21;4617;278;592256;221620;10.7;4.0
44;2021-03-22;12509;3890;604765;225510;11.0;4.1
44;2021-03-23;19385;5043;624150;230553;11.3;4.2
44;2021-03-24;22033;5138;646183;235691;11.7;4.3
44;2021-03-25;28155;5709;674338;241400;12.2;4.4
44;2021-03-26;30299;5420;704637;246820;12.8;4.5
44;2021-03-27;16171;4650;720808;251470;13.1;4.6
44;2021-03-28;4077;1969;724885;253439;13.2;4.6
44;2021-03-29;14292;6089;739177;259528;13.4;4.7
44;2021-03-30;21369;7751;760546;267279;13.8;4.8
44;2021-03-31;20078;7964;780624;275243;14.2;5.0
44;2021-04-01;23503;9295;804127;284538;14.6;5.2
44;2021-04-02;16214;6855;820341;291393;14.9;5.3
44;2021-04-03;10178;5754;830519;297147;15.1;5.4
44;2021-04-04;3129;1647;833648;298794;15.1;5.4
44;2021-04-05;4423;1403;838071;300197;15.2;5.4
44;2021-04-06;13402;10528;851473;310725;15.4;5.6
44;2021-04-07;17617;12068;869090;322793;15.8;5.9
44;2021-04-08;25956;12338;895046;335131;16.2;6.1
44;2021-04-09;32164;12649;927210;347780;16.8;6.3
44;2021-04-10;18209;10007;945419;357787;17.2;6.5
44;2021-04-11;3026;5961;948445;363748;17.2;6.6
44;2021-04-12;16941;11205;965386;374953;17.5;6.8
44;2021-04-13;21933;13728;987319;388681;17.9;7.1
44;2021-04-14;23047;14023;1010366;402704;18.3;7.3
44;2021-04-15;26216;15306;1036582;418010;18.8;7.6
44;2021-04-16;28050;15147;1064632;433157;19.3;7.9
44;2021-04-17;19790;8995;1084422;442152;19.7;8.0
44;2021-04-18;5044;4621;1089466;446773;19.8;8.1
44;2021-04-19;16915;11706;1106381;458479;20.1;8.3
44;2021-04-20;19070;14254;1125451;472733;20.4;8.6
44;2021-04-21;21104;14910;1146555;487643;20.8;8.8
44;2021-04-22;23663;15829;1170218;503472;21.2;9.1
44;2021-04-23;27760;16500;1197978;519972;21.7;9.4
44;2021-04-24;16956;9126;1214934;529098;22.0;9.6
44;2021-04-25;4818;3552;1219752;532650;22.1;9.7
44;2021-04-26;16687;11985;1236439;544635;22.4;9.9
44;2021-04-27;21133;14584;1257572;559219;22.8;10.1
44;2021-04-28;23750;14742;1281322;573961;23.2;10.4
44;2021-04-29;28094;16879;1309416;590840;23.8;10.7
44;2021-04-30;33082;15938;1342498;606778;24.4;11.0
44;2021-05-01;14839;6987;1357337;613765;24.6;11.1
44;2021-05-02;7884;3977;1365221;617742;24.8;11.2
44;2021-05-03;23947;12303;1389168;630045;25.2;11.4
44;2021-05-04;26878;17203;1416046;647248;25.7;11.7
44;2021-05-05;30655;19049;1446701;666297;26.2;12.1
44;2021-05-06;37807;20968;1484508;687265;26.9;12.5
44;2021-05-07;35994;24697;1520502;711962;27.6;12.9
44;2021-05-08;18742;6605;1539244;718567;27.9;13.0
44;2021-05-09;11056;2866;1550300;721433;28.1;13.1
44;2021-05-10;24170;20658;1574470;742091;28.6;13.5
44;2021-05-11;34158;22779;1608628;764870;29.2;13.9
44;2021-05-12;36719;23860;1645347;788730;29.9;14.3
44;2021-05-13;27739;6306;1673086;795036;30.4;14.4
44;2021-05-14;43950;18705;1717036;813741;31.2;14.8
44;2021-05-15;33854;13994;1750890;827735;31.8;15.0
44;2021-05-16;15518;3467;1766408;831202;32.0;15.1
44;2021-05-17;27030;14421;1793438;845623;32.5;15.3
44;2021-05-18;34947;15161;1828385;860784;33.2;15.6
44;2021-05-19;36716;16250;1865101;877034;33.8;15.9
44;2021-05-20;40606;16323;1905707;893357;34.6;16.2
44;2021-05-21;42676;20782;1948383;914139;35.3;16.6
44;2021-05-22;27615;11497;1975998;925636;35.9;16.8
44;2021-05-23;8642;1705;1984640;927341;36.0;16.8
44;2021-05-24;17855;4617;2002495;931958;36.3;16.9
44;2021-05-25;30111;17522;2032606;949480;36.9;17.2
44;2021-05-26;32247;19409;2064853;968889;37.5;17.6
44;2021-05-27;34464;20754;2099317;989643;38.1;18.0
44;2021-05-28;37401;27706;2136718;1017349;38.8;18.5
44;2021-05-29;26719;20067;2163437;1037416;39.3;18.8
44;2021-05-30;6111;4203;2169548;1041619;39.4;18.9
44;2021-05-31;26939;19622;2196487;1061241;39.9;19.3
44;2021-06-01;31425;22815;2227912;1084056;40.4;19.7
44;2021-06-02;33425;22825;2261337;1106881;41.0;20.1
44;2021-06-03;34465;25187;2295802;1132068;41.7;20.5
44;2021-06-04;39837;32070;2335639;1164138;42.4;21.1
44;2021-06-05;22871;20055;2358510;1184193;42.8;21.5
44;2021-06-06;8296;4446;2366806;1188639;42.9;21.6
44;2021-06-07;27861;21974;2394667;1210613;43.4;22.0
44;2021-06-08;33319;26630;2427986;1237243;44.1;22.4
44;2021-06-09;42038;18021;2470024;1255264;44.8;22.8
44;2021-06-10;41200;18439;2511224;1273703;45.6;23.1
44;2021-06-11;31897;35217;2543121;1308920;46.1;23.7
44;2021-06-12;25419;23311;2568540;1332231;46.6;24.2
52;2020-12-27;0;0;0;0;0.0;0.0
52;2020-12-28;1;0;1;0;0.0;0.0
52;2020-12-29;0;0;1;0;0.0;0.0
52;2020-12-30;0;0;1;0;0.0;0.0
52;2020-12-31;0;0;1;0;0.0;0.0
52;2021-01-01;5;0;6;0;0.0;0.0
52;2021-01-02;1;0;7;0;0.0;0.0
52;2021-01-03;1;0;8;0;0.0;0.0
52;2021-01-04;34;0;42;0;0.0;0.0
52;2021-01-05;168;0;210;0;0.0;0.0
52;2021-01-06;384;1;594;1;0.0;0.0
52;2021-01-07;963;0;1557;1;0.0;0.0
52;2021-01-08;1664;2;3221;3;0.1;0.0
52;2021-01-09;1049;1;4270;4;0.1;0.0
52;2021-01-10;643;1;4913;5;0.1;0.0
52;2021-01-11;2197;0;7110;5;0.2;0.0
52;2021-01-12;3167;4;10277;9;0.3;0.0
52;2021-01-13;2984;3;13261;12;0.3;0.0
52;2021-01-14;3302;24;16563;36;0.4;0.0
52;2021-01-15;3013;9;19576;45;0.5;0.0
52;2021-01-16;894;5;20470;50;0.5;0.0
52;2021-01-17;499;3;20969;53;0.6;0.0
52;2021-01-18;3198;6;24167;59;0.6;0.0
52;2021-01-19;6553;7;30720;66;0.8;0.0
52;2021-01-20;8328;10;39048;76;1.0;0.0
52;2021-01-21;12166;10;51214;86;1.3;0.0
52;2021-01-22;7272;26;58486;112;1.5;0.0
52;2021-01-23;1678;4;60164;116;1.6;0.0
52;2021-01-24;174;0;60338;116;1.6;0.0
52;2021-01-25;3006;10;63344;126;1.7;0.0
52;2021-01-26;6734;152;70078;278;1.8;0.0
52;2021-01-27;7284;150;77362;428;2.0;0.0
52;2021-01-28;9725;462;87087;890;2.3;0.0
52;2021-01-29;5957;909;93044;1799;2.4;0.0
52;2021-01-30;1258;271;94302;2070;2.5;0.1
52;2021-01-31;79;314;94381;2384;2.5;0.1
52;2021-02-01;2521;1191;96902;3575;2.5;0.1
52;2021-02-02;2970;1859;99872;5434;2.6;0.1
52;2021-02-03;2685;2161;102557;7595;2.7;0.2
52;2021-02-04;2961;2115;105518;9710;2.8;0.3
52;2021-02-05;2965;2206;108483;11916;2.9;0.3
52;2021-02-06;1075;661;109558;12577;2.9;0.3
52;2021-02-07;151;297;109709;12874;2.9;0.3
52;2021-02-08;1930;2116;111639;14990;2.9;0.4
52;2021-02-09;3175;3716;114814;18706;3.0;0.5
52;2021-02-10;3319;4762;118133;23468;3.1;0.6
52;2021-02-11;6099;9295;124232;32763;3.3;0.9
52;2021-02-12;4704;5145;128936;37908;3.4;1.0
52;2021-02-13;1151;1243;130087;39151;3.4;1.0
52;2021-02-14;22;541;130109;39692;3.4;1.0
52;2021-02-15;2030;3533;132139;43225;3.5;1.1
52;2021-02-16;4111;6755;136250;49980;3.6;1.3
52;2021-02-17;3853;6947;140103;56927;3.7;1.5
52;2021-02-18;6136;9279;146239;66206;3.8;1.7
52;2021-02-19;5328;5825;151567;72031;4.0;1.9
52;2021-02-20;1027;1475;152594;73506;4.0;1.9
52;2021-02-21;6;274;152600;73780;4.0;1.9
52;2021-02-22;2630;3489;155230;77269;4.1;2.0
52;2021-02-23;3424;3699;158654;80968;4.2;2.1
52;2021-02-24;3292;3038;161946;84006;4.3;2.2
52;2021-02-25;6342;3212;168288;87218;4.4;2.3
52;2021-02-26;6201;2922;174489;90140;4.6;2.4
52;2021-02-27;2216;1044;176705;91184;4.6;2.4
52;2021-02-28;76;88;176781;91272;4.6;2.4
52;2021-03-01;3112;2328;179893;93600;4.7;2.5
52;2021-03-02;4722;3434;184615;97034;4.9;2.6
52;2021-03-03;5277;3405;189892;100439;5.0;2.6
52;2021-03-04;7785;4767;197677;105206;5.2;2.8
52;2021-03-05;9005;3921;206682;109127;5.4;2.9
52;2021-03-06;5635;1142;212317;110269;5.6;2.9
52;2021-03-07;2661;129;214978;110398;5.7;2.9
52;2021-03-08;5835;2419;220813;112817;5.8;3.0
52;2021-03-09;9544;3316;230357;116133;6.1;3.1
52;2021-03-10;9377;3387;239734;119520;6.3;3.1
52;2021-03-11;13567;5025;253301;124545;6.7;3.3
52;2021-03-12;15325;3737;268626;128282;7.1;3.4
52;2021-03-13;8271;752;276897;129034;7.3;3.4
52;2021-03-14;624;72;277521;129106;7.3;3.4
52;2021-03-15;8831;1914;286352;131020;7.5;3.4
52;2021-03-16;7571;2614;293923;133634;7.7;3.5
52;2021-03-17;6439;2379;300362;136013;7.9;3.6
52;2021-03-18;8299;2510;308661;138523;8.1;3.6
52;2021-03-19;11872;2123;320533;140646;8.4;3.7
52;2021-03-20;7083;749;327616;141395;8.6;3.7
52;2021-03-21;1688;46;329304;141441;8.7;3.7
52;2021-03-22;9000;2003;338304;143444;8.9;3.8
52;2021-03-23;13154;2585;351458;146029;9.2;3.8
52;2021-03-24;13244;2021;364702;148050;9.6;3.9
52;2021-03-25;18141;2785;382843;150835;10.1;4.0
52;2021-03-26;18880;2359;401723;153194;10.6;4.0
52;2021-03-27;7534;645;409257;153839;10.8;4.0
52;2021-03-28;2189;66;411446;153905;10.8;4.0
52;2021-03-29;10951;2710;422397;156615;11.1;4.1
52;2021-03-30;15648;3592;438045;160207;11.5;4.2
52;2021-03-31;13674;3235;451719;163442;11.9;4.3
52;2021-04-01;18853;3664;470572;167106;12.4;4.4
52;2021-04-02;17060;3490;487632;170596;12.8;4.5
52;2021-04-03;5511;1191;493143;171787;13.0;4.5
52;2021-04-04;1323;50;494466;171837;13.0;4.5
52;2021-04-05;1780;535;496246;172372;13.1;4.5
52;2021-04-06;11777;5233;508023;177605;13.4;4.7
52;2021-04-07;15178;5652;523201;183257;13.8;4.8
52;2021-04-08;21192;6362;544393;189619;14.3;5.0
52;2021-04-09;26579;5261;570972;194880;15.0;5.1
52;2021-04-10;10108;2352;581080;197232;15.3;5.2
52;2021-04-11;2566;433;583646;197665;15.4;5.2
52;2021-04-12;16326;6571;599972;204236;15.8;5.4
52;2021-04-13;20715;8143;620687;212379;16.3;5.6
52;2021-04-14;17630;6900;638317;219279;16.8;5.8
52;2021-04-15;21111;8001;659428;227280;17.3;6.0
52;2021-04-16;22569;7432;681997;234712;17.9;6.2
52;2021-04-17;9959;3023;691956;237735;18.2;6.3
52;2021-04-18;3036;1301;694992;239036;18.3;6.3
52;2021-04-19;14169;7803;709161;246839;18.7;6.5
52;2021-04-20;18255;9372;727416;256211;19.1;6.7
52;2021-04-21;15967;9138;743383;265349;19.6;7.0
52;2021-04-22;19387;10143;762770;275492;20.1;7.2
52;2021-04-23;20497;9946;783267;285438;20.6;7.5
52;2021-04-24;10008;4968;793275;290406;20.9;7.6
52;2021-04-25;3976;1940;797251;292346;21.0;7.7
52;2021-04-26;16813;9894;814064;302240;21.4;7.9
52;2021-04-27;21048;12527;835112;314767;22.0;8.3
52;2021-04-28;22750;10628;857862;325395;22.6;8.6
52;2021-04-29;24999;12645;882861;338040;23.2;8.9
52;2021-04-30;25628;12454;908489;350494;23.9;9.2
52;2021-05-01;8613;2470;917102;352964;24.1;9.3
52;2021-05-02;4296;1269;921398;354233;24.2;9.3
52;2021-05-03;19052;10598;940450;364831;24.7;9.6
52;2021-05-04;20028;14352;960478;379183;25.3;10.0
52;2021-05-05;20825;12743;981303;391926;25.8;10.3
52;2021-05-06;22434;13792;1003737;405718;26.4;10.7
52;2021-05-07;20651;17989;1024388;423707;26.9;11.1
52;2021-05-08;11096;2054;1035484;425761;27.2;11.2
52;2021-05-09;5386;2212;1040870;427973;27.4;11.3
52;2021-05-10;20613;17251;1061483;445224;27.9;11.7
52;2021-05-11;24808;19513;1086291;464737;28.6;12.2
52;2021-05-12;24582;17043;1110873;481780;29.2;12.7
52;2021-05-13;18543;2682;1129416;484462;29.7;12.7
52;2021-05-14;22656;12372;1152072;496834;30.3;13.1
52;2021-05-15;15613;5164;1167685;501998;30.7;13.2
52;2021-05-16;10269;1135;1177954;503133;31.0;13.2
52;2021-05-17;21070;14622;1199024;517755;31.5;13.6
52;2021-05-18;24644;14971;1223668;532726;32.2;14.0
52;2021-05-19;26675;11394;1250343;544120;32.9;14.3
52;2021-05-20;29248;11967;1279591;556087;33.7;14.6
52;2021-05-21;27298;13810;1306889;569897;34.4;15.0
52;2021-05-22;15402;4694;1322291;574591;34.8;15.1
52;2021-05-23;4470;1137;1326761;575728;34.9;15.1
52;2021-05-24;15985;2741;1342746;578469;35.3;15.2
52;2021-05-25;24405;14515;1367151;592984;36.0;15.6
52;2021-05-26;25117;12640;1392268;605624;36.6;15.9
52;2021-05-27;29043;14783;1421311;620407;37.4;16.3
52;2021-05-28;27888;17837;1449199;638244;38.1;16.8
52;2021-05-29;18305;7761;1467504;646005;38.6;17.0
52;2021-05-30;4229;1717;1471733;647722;38.7;17.0
52;2021-05-31;24387;15850;1496120;663572;39.4;17.5
52;2021-06-01;28791;17777;1524911;681349;40.1;17.9
52;2021-06-02;27385;15179;1552296;696528;40.8;18.3
52;2021-06-03;31691;16244;1583987;712772;41.7;18.7
52;2021-06-04;29189;20691;1613176;733463;42.4;19.3
52;2021-06-05;14524;11787;1627700;745250;42.8;19.6
52;2021-06-06;4770;3528;1632470;748778;42.9;19.7
52;2021-06-07;21690;20855;1654160;769633;43.5;20.2
52;2021-06-08;32447;16491;1686607;786124;44.4;20.7
52;2021-06-09;25732;18395;1712339;804519;45.0;21.2
52;2021-06-10;28691;17441;1741030;821960;45.8;21.6
52;2021-06-11;26880;24259;1767910;846219;46.5;22.3
52;2021-06-12;14531;11809;1782441;858028;46.9;22.6
53;2020-12-27;0;0;0;0;0.0;0.0
53;2020-12-28;0;0;0;0;0.0;0.0
53;2020-12-29;0;0;0;0;0.0;0.0
53;2020-12-30;0;0;0;0;0.0;0.0
53;2020-12-31;0;0;0;0;0.0;0.0
53;2021-01-01;3;0;3;0;0.0;0.0
53;2021-01-02;4;0;7;0;0.0;0.0
53;2021-01-03;0;0;7;0;0.0;0.0
53;2021-01-04;43;0;50;0;0.0;0.0
53;2021-01-05;200;0;250;0;0.0;0.0
53;2021-01-06;331;1;581;1;0.0;0.0
53;2021-01-07;834;0;1415;1;0.0;0.0
53;2021-01-08;1213;0;2628;1;0.1;0.0
53;2021-01-09;34;0;2662;1;0.1;0.0
53;2021-01-10;4;0;2666;1;0.1;0.0
53;2021-01-11;1661;3;4327;4;0.1;0.0
53;2021-01-12;3379;1;7706;5;0.2;0.0
53;2021-01-13;3354;4;11060;9;0.3;0.0
53;2021-01-14;3810;30;14870;39;0.4;0.0
53;2021-01-15;3298;15;18168;54;0.5;0.0
53;2021-01-16;683;4;18851;58;0.6;0.0
53;2021-01-17;180;1;19031;59;0.6;0.0
53;2021-01-18;3361;7;22392;66;0.7;0.0
53;2021-01-19;8164;4;30556;70;0.9;0.0
53;2021-01-20;7049;4;37605;74;1.1;0.0
53;2021-01-21;11463;5;49068;79;1.5;0.0
53;2021-01-22;7800;9;56868;88;1.7;0.0
53;2021-01-23;1492;2;58360;90;1.7;0.0
53;2021-01-24;255;1;58615;91;1.8;0.0
53;2021-01-25;3055;35;61670;126;1.8;0.0
53;2021-01-26;4111;232;65781;358;2.0;0.0
53;2021-01-27;7236;326;73017;684;2.2;0.0
53;2021-01-28;7132;638;80149;1322;2.4;0.0
53;2021-01-29;4230;730;84379;2052;2.5;0.1
53;2021-01-30;844;43;85223;2095;2.6;0.1
53;2021-01-31;79;3;85302;2098;2.6;0.1
53;2021-02-01;2209;1027;87511;3125;2.6;0.1
53;2021-02-02;3438;2014;90949;5139;2.7;0.2
53;2021-02-03;3173;2184;94122;7323;2.8;0.2
53;2021-02-04;7094;2271;101216;9594;3.0;0.3
53;2021-02-05;5584;2135;106800;11729;3.2;0.4
53;2021-02-06;1201;277;108001;12006;3.2;0.4
53;2021-02-07;214;132;108215;12138;3.2;0.4
53;2021-02-08;1651;1532;109866;13670;3.3;0.4
53;2021-02-09;3973;5255;113839;18925;3.4;0.6
53;2021-02-10;3791;4648;117630;23573;3.5;0.7
53;2021-02-11;5732;8790;123362;32363;3.7;1.0
53;2021-02-12;5658;5248;129020;37611;3.9;1.1
53;2021-02-13;1232;851;130252;38462;3.9;1.2
53;2021-02-14;25;348;130277;38810;3.9;1.2
53;2021-02-15;2325;3583;132602;42393;4.0;1.3
53;2021-02-16;4049;3542;136651;45935;4.1;1.4
53;2021-02-17;4073;5375;140724;51310;4.2;1.5
53;2021-02-18;5949;5738;146673;57048;4.4;1.7
53;2021-02-19;5354;4849;152027;61897;4.6;1.9
53;2021-02-20;1189;889;153216;62786;4.6;1.9
53;2021-02-21;165;218;153381;63004;4.6;1.9
53;2021-02-22;2318;2826;155699;65830;4.7;2.0
53;2021-02-23;3947;3673;159646;69503;4.8;2.1
53;2021-02-24;4467;3780;164113;73283;4.9;2.2
53;2021-02-25;7947;7140;172060;80423;5.2;2.4
53;2021-02-26;8676;4400;180736;84823;5.4;2.5
53;2021-02-27;3447;1104;184183;85927;5.5;2.6
53;2021-02-28;228;194;184411;86121;5.5;2.6
53;2021-03-01;3477;2264;187888;88385;5.6;2.6
53;2021-03-02;5617;4457;193505;92842;5.8;2.8
53;2021-03-03;6436;3784;199941;96626;6.0;2.9
53;2021-03-04;9277;4920;209218;101546;6.3;3.0
53;2021-03-05;11901;5213;221119;106759;6.6;3.2
53;2021-03-06;5630;1013;226749;107772;6.8;3.2
53;2021-03-07;913;144;227662;107916;6.8;3.2
53;2021-03-08;5162;2208;232824;110124;7.0;3.3
53;2021-03-09;9657;2925;242481;113049;7.3;3.4
53;2021-03-10;9273;3365;251754;116414;7.5;3.5
53;2021-03-11;14294;4043;266048;120457;8.0;3.6
53;2021-03-12;18591;3228;284639;123685;8.5;3.7
53;2021-03-13;8793;943;293432;124628;8.8;3.7
53;2021-03-14;811;50;294243;124678;8.8;3.7
53;2021-03-15;6881;2026;301124;126704;9.0;3.8
53;2021-03-16;6977;3404;308101;130108;9.2;3.9
53;2021-03-17;8226;2820;316327;132928;9.5;4.0
53;2021-03-18;8712;4656;325039;137584;9.7;4.1
53;2021-03-19;12989;3641;338028;141225;10.1;4.2
53;2021-03-20;7121;809;345149;142034;10.3;4.3
53;2021-03-21;381;32;345530;142066;10.3;4.3
53;2021-03-22;7328;2160;352858;144226;10.6;4.3
53;2021-03-23;12963;3662;365821;147888;11.0;4.4
53;2021-03-24;14363;3224;380184;151112;11.4;4.5
53;2021-03-25;18239;3359;398423;154471;11.9;4.6
53;2021-03-26;20268;3185;418691;157656;12.5;4.7
53;2021-03-27;7394;1012;426085;158668;12.8;4.7
53;2021-03-28;526;86;426611;158754;12.8;4.8
53;2021-03-29;9785;3161;436396;161915;13.1;4.8
53;2021-03-30;15288;4588;451684;166503;13.5;5.0
53;2021-03-31;14105;4257;465789;170760;13.9;5.1
53;2021-04-01;18161;4263;483950;175023;14.5;5.2
53;2021-04-02;17852;4344;501802;179367;15.0;5.4
53;2021-04-03;6414;1421;508216;180788;15.2;5.4
53;2021-04-04;412;32;508628;180820;15.2;5.4
53;2021-04-05;1226;334;509854;181154;15.3;5.4
53;2021-04-06;12510;5668;522364;186822;15.6;5.6
53;2021-04-07;15002;5331;537366;192153;16.1;5.8
53;2021-04-08;20577;6081;557943;198234;16.7;5.9
53;2021-04-09;26606;5552;584549;203786;17.5;6.1
53;2021-04-10;10312;1717;594861;205503;17.8;6.2
53;2021-04-11;813;213;595674;205716;17.8;6.2
53;2021-04-12;15817;4906;611491;210622;18.3;6.3
53;2021-04-13;22666;7215;634157;217837;19.0;6.5
53;2021-04-14;19327;7914;653484;225751;19.6;6.8
53;2021-04-15;25318;8045;678802;233796;20.3;7.0
53;2021-04-16;26148;7527;704950;241323;21.1;7.2
53;2021-04-17;10383;3570;715333;244893;21.4;7.3
53;2021-04-18;1033;148;716366;245041;21.4;7.3
53;2021-04-19;15396;6526;731762;251567;21.9;7.5
53;2021-04-20;16912;9506;748674;261073;22.4;7.8
53;2021-04-21;16734;9431;765408;270504;22.9;8.1
53;2021-04-22;21717;10161;787125;280665;23.6;8.4
53;2021-04-23;21629;10060;808754;290725;24.2;8.7
53;2021-04-24;9983;4160;818737;294885;24.5;8.8
53;2021-04-25;904;331;819641;295216;24.5;8.8
53;2021-04-26;18212;8467;837853;303683;25.1;9.1
53;2021-04-27;19850;12058;857703;315741;25.7;9.5
53;2021-04-28;19936;10796;877639;326537;26.3;9.8
53;2021-04-29;23525;12253;901164;338790;27.0;10.1
53;2021-04-30;23887;12425;925051;351215;27.7;10.5
53;2021-05-01;5114;1625;930165;352840;27.8;10.6
53;2021-05-02;2784;515;932949;353355;27.9;10.6
53;2021-05-03;15644;9366;948593;362721;28.4;10.9
53;2021-05-04;15504;15775;964097;378496;28.9;11.3
53;2021-05-05;14825;14671;978922;393167;29.3;11.8
53;2021-05-06;19198;17830;998120;410997;29.9;12.3
53;2021-05-07;18554;18209;1016674;429206;30.4;12.8
53;2021-05-08;5402;1117;1022076;430323;30.6;12.9
53;2021-05-09;3501;855;1025577;431178;30.7;12.9
53;2021-05-10;16465;15204;1042042;446382;31.2;13.4
53;2021-05-11;18512;18724;1060554;465106;31.7;13.9
53;2021-05-12;20985;15608;1081539;480714;32.4;14.4
53;2021-05-13;9002;3943;1090541;484657;32.6;14.5
53;2021-05-14;21633;13719;1112174;498376;33.3;14.9
53;2021-05-15;13365;5323;1125539;503699;33.7;15.1
53;2021-05-16;3213;873;1128752;504572;33.8;15.1
53;2021-05-17;18095;11152;1146847;515724;34.3;15.4
53;2021-05-18;20859;12373;1167706;528097;35.0;15.8
53;2021-05-19;21502;10610;1189208;538707;35.6;16.1
53;2021-05-20;23798;14707;1213006;553414;36.3;16.6
53;2021-05-21;22811;15227;1235817;568641;37.0;17.0
53;2021-05-22;13127;5834;1248944;574475;37.4;17.2
53;2021-05-23;2969;310;1251913;574785;37.5;17.2
53;2021-05-24;13923;2487;1265836;577272;37.9;17.3
53;2021-05-25;19903;12803;1285739;590075;38.5;17.7
53;2021-05-26;19229;13779;1304968;603854;39.1;18.1
53;2021-05-27;22018;17396;1326986;621250;39.7;18.6
53;2021-05-28;21732;20392;1348718;641642;40.4;19.2
53;2021-05-29;12132;7323;1360850;648965;40.7;19.4
53;2021-05-30;2303;472;1363153;649437;40.8;19.4
53;2021-05-31;20669;14078;1383822;663515;41.4;19.9
53;2021-06-01;22890;16465;1406712;679980;42.1;20.4
53;2021-06-02;21653;14208;1428365;694188;42.8;20.8
53;2021-06-03;25006;16835;1453371;711023;43.5;21.3
53;2021-06-04;23041;22546;1476412;733569;44.2;22.0
53;2021-06-05;17275;8979;1493687;742548;44.7;22.2
53;2021-06-06;4997;1320;1498684;743868;44.9;22.3
53;2021-06-07;18335;17780;1517019;761648;45.4;22.8
53;2021-06-08;23612;18022;1540631;779670;46.1;23.3
53;2021-06-09;27531;11879;1568162;791549;46.9;23.7
53;2021-06-10;31091;12342;1599253;803891;47.9;24.1
53;2021-06-11;26055;21383;1625308;825274;48.7;24.7
53;2021-06-12;18437;7475;1643745;832749;49.2;24.9
75;2020-12-27;1;0;1;0;0.0;0.0
75;2020-12-28;2;0;3;0;0.0;0.0
75;2020-12-29;3;0;6;0;0.0;0.0
75;2020-12-30;2;0;8;0;0.0;0.0
75;2020-12-31;0;0;8;0;0.0;0.0
75;2021-01-01;4;0;12;0;0.0;0.0
75;2021-01-02;2;0;14;0;0.0;0.0
75;2021-01-03;0;0;14;0;0.0;0.0
75;2021-01-04;90;0;104;0;0.0;0.0
75;2021-01-05;124;0;228;0;0.0;0.0
75;2021-01-06;736;1;964;1;0.0;0.0
75;2021-01-07;4922;2;5886;3;0.1;0.0
75;2021-01-08;5461;4;11347;7;0.2;0.0
75;2021-01-09;845;1;12192;8;0.2;0.0
75;2021-01-10;479;0;12671;8;0.2;0.0
75;2021-01-11;3578;1;16249;9;0.3;0.0
75;2021-01-12;5945;4;22194;13;0.4;0.0
75;2021-01-13;6550;13;28744;26;0.5;0.0
75;2021-01-14;8120;62;36864;88;0.6;0.0
75;2021-01-15;7622;26;44486;114;0.7;0.0
75;2021-01-16;1607;14;46093;128;0.8;0.0
75;2021-01-17;425;5;46518;133;0.8;0.0
75;2021-01-18;6886;30;53404;163;0.9;0.0
75;2021-01-19;14043;12;67447;175;1.1;0.0
75;2021-01-20;15535;13;82982;188;1.4;0.0
75;2021-01-21;16949;19;99931;207;1.7;0.0
75;2021-01-22;12970;22;112901;229;1.9;0.0
75;2021-01-23;4420;3;117321;232;2.0;0.0
75;2021-01-24;700;1;118021;233;2.0;0.0
75;2021-01-25;8865;216;126886;449;2.1;0.0
75;2021-01-26;11721;449;138607;898;2.3;0.0
75;2021-01-27;12272;769;150879;1667;2.5;0.0
75;2021-01-28;12940;2658;163819;4325;2.7;0.1
75;2021-01-29;10000;2986;173819;7311;2.9;0.1
75;2021-01-30;3379;516;177198;7827;3.0;0.1
75;2021-01-31;646;420;177844;8247;3.0;0.1
75;2021-02-01;5713;2639;183557;10886;3.1;0.2
75;2021-02-02;9600;4355;193157;15241;3.2;0.3
75;2021-02-03;9580;4369;202737;19610;3.4;0.3
75;2021-02-04;10753;5681;213490;25291;3.6;0.4
75;2021-02-05;7487;5636;220977;30927;3.7;0.5
75;2021-02-06;2377;1106;223354;32033;3.7;0.5
75;2021-02-07;673;251;224027;32284;3.7;0.5
75;2021-02-08;5133;3653;229160;35937;3.8;0.6
75;2021-02-09;7309;8077;236469;44014;3.9;0.7
75;2021-02-10;7540;8733;244009;52747;4.1;0.9
75;2021-02-11;8847;10267;252856;63014;4.2;1.1
75;2021-02-12;7401;8833;260257;71847;4.3;1.2
75;2021-02-13;1951;1759;262208;73606;4.4;1.2
75;2021-02-14;274;364;262482;73970;4.4;1.2
75;2021-02-15;3150;7835;265632;81805;4.4;1.4
75;2021-02-16;4607;10520;270239;92325;4.5;1.5
75;2021-02-17;4757;11301;274996;103626;4.6;1.7
75;2021-02-18;5449;12839;280445;116465;4.7;1.9
75;2021-02-19;5417;9626;285862;126091;4.8;2.1
75;2021-02-20;987;2632;286849;128723;4.8;2.1
75;2021-02-21;186;667;287035;129390;4.8;2.2
75;2021-02-22;3649;8513;290684;137903;4.8;2.3
75;2021-02-23;5355;10931;296039;148834;4.9;2.5
75;2021-02-24;6127;10283;302166;159117;5.0;2.7
75;2021-02-25;9986;11716;312152;170833;5.2;2.8
75;2021-02-26;12232;8852;324384;179685;5.4;3.0
75;2021-02-27;5783;2485;330167;182170;5.5;3.0
75;2021-02-28;312;694;330479;182864;5.5;3.0
75;2021-03-01;5090;7010;335569;189874;5.6;3.2
75;2021-03-02;9344;8155;344913;198029;5.7;3.3
75;2021-03-03;10810;7755;355723;205784;5.9;3.4
75;2021-03-04;16730;8159;372453;213943;6.2;3.6
75;2021-03-05;20779;7441;393232;221384;6.6;3.7
75;2021-03-06;13407;2215;406639;223599;6.8;3.7
75;2021-03-07;3714;461;410353;224060;6.8;3.7
75;2021-03-08;9983;5377;420336;229437;7.0;3.8
75;2021-03-09;16843;6470;437179;235907;7.3;3.9
75;2021-03-10;18243;6299;455422;242206;7.6;4.0
75;2021-03-11;26421;6650;481843;248856;8.0;4.1
75;2021-03-12;31268;5213;513111;254069;8.6;4.2
75;2021-03-13;17844;1184;530955;255253;8.8;4.3
75;2021-03-14;1696;244;532651;255497;8.9;4.3
75;2021-03-15;14063;3411;546714;258908;9.1;4.3
75;2021-03-16;13682;3704;560396;262612;9.3;4.4
75;2021-03-17;14740;3871;575136;266483;9.6;4.4
75;2021-03-18;16367;4684;591503;271167;9.9;4.5
75;2021-03-19;22422;4267;613925;275434;10.2;4.6
75;2021-03-20;14015;812;627940;276246;10.5;4.6
75;2021-03-21;2459;106;630399;276352;10.5;4.6
75;2021-03-22;16779;3446;647178;279798;10.8;4.7
75;2021-03-23;25231;3869;672409;283667;11.2;4.7
75;2021-03-24;27117;4290;699526;287957;11.7;4.8
75;2021-03-25;35589;4605;735115;292562;12.3;4.9
75;2021-03-26;38552;4154;773667;296716;12.9;4.9
75;2021-03-27;15689;1265;789356;297981;13.2;5.0
75;2021-03-28;2720;387;792076;298368;13.2;5.0
75;2021-03-29;22818;4116;814894;302484;13.6;5.0
75;2021-03-30;31603;5941;846497;308425;14.1;5.1
75;2021-03-31;29720;5905;876217;314330;14.6;5.2
75;2021-04-01;34971;6909;911188;321239;15.2;5.4
75;2021-04-02;32304;6854;943492;328093;15.7;5.5
75;2021-04-03;12811;2628;956303;330721;15.9;5.5
75;2021-04-04;2135;338;958438;331059;16.0;5.5
75;2021-04-05;6365;596;964803;331655;16.1;5.5
75;2021-04-06;26358;10809;991161;342464;16.5;5.7
75;2021-04-07;32348;10991;1023509;353455;17.1;5.9
75;2021-04-08;39532;12327;1063041;365782;17.7;6.1
75;2021-04-09;49207;10947;1112248;376729;18.5;6.3
75;2021-04-10;24411;4954;1136659;381683;18.9;6.4
75;2021-04-11;4969;713;1141628;382396;19.0;6.4
75;2021-04-12;27353;11821;1168981;394217;19.5;6.6
75;2021-04-13;35664;14304;1204645;408521;20.1;6.8
75;2021-04-14;35371;14451;1240016;422972;20.7;7.0
75;2021-04-15;37639;15028;1277655;438000;21.3;7.3
75;2021-04-16;37104;15098;1314759;453098;21.9;7.6
75;2021-04-17;19544;7367;1334303;460465;22.2;7.7
75;2021-04-18;4071;2050;1338374;462515;22.3;7.7
75;2021-04-19;20883;14935;1359257;477450;22.7;8.0
75;2021-04-20;28480;19094;1387737;496544;23.1;8.3
75;2021-04-21;27801;18059;1415538;514603;23.6;8.6
75;2021-04-22;30344;19647;1445882;534250;24.1;8.9
75;2021-04-23;29017;20196;1474899;554446;24.6;9.2
75;2021-04-24;16995;9117;1491894;563563;24.9;9.4
75;2021-04-25;4596;1498;1496490;565061;24.9;9.4
75;2021-04-26;22303;19269;1518793;584330;25.3;9.7
75;2021-04-27;29176;24291;1547969;608621;25.8;10.1
75;2021-04-28;31126;23994;1579095;632615;26.3;10.5
75;2021-04-29;37231;26606;1616326;659221;26.9;11.0
75;2021-04-30;37735;25852;1654061;685073;27.6;11.4
75;2021-05-01;15676;5734;1669737;690807;27.8;11.5
75;2021-05-02;7240;2593;1676977;693400;27.9;11.6
75;2021-05-03;27213;21157;1704190;714557;28.4;11.9
75;2021-05-04;30204;29262;1734394;743819;28.9;12.4
75;2021-05-05;31330;30951;1765724;774770;29.4;12.9
75;2021-05-06;35829;32358;1801553;807128;30.0;13.5
75;2021-05-07;37349;34334;1838902;841462;30.6;14.0
75;2021-05-08;17337;8050;1856239;849512;30.9;14.2
75;2021-05-09;7288;4140;1863527;853652;31.1;14.2
75;2021-05-10;24982;28990;1888509;882642;31.5;14.7
75;2021-05-11;35423;32936;1923932;915578;32.1;15.3
75;2021-05-12;35371;30114;1959303;945692;32.7;15.8
75;2021-05-13;22603;7494;1981906;953186;33.0;15.9
75;2021-05-14;33728;20820;2015634;974006;33.6;16.2
75;2021-05-15;22860;11073;2038494;985079;34.0;16.4
75;2021-05-16;7368;2059;2045862;987138;34.1;16.5
75;2021-05-17;33780;19183;2079642;1006321;34.7;16.8
75;2021-05-18;42525;19886;2122167;1026207;35.4;17.1
75;2021-05-19;42569;17572;2164736;1043779;36.1;17.4
75;2021-05-20;45809;20319;2210545;1064098;36.8;17.7
75;2021-05-21;42766;21353;2253311;1085451;37.6;18.1
75;2021-05-22;23218;9774;2276529;1095225;37.9;18.3
75;2021-05-23;7798;1419;2284327;1096644;38.1;18.3
75;2021-05-24;18773;4052;2303100;1100696;38.4;18.3
75;2021-05-25;36779;20937;2339879;1121633;39.0;18.7
75;2021-05-26;38214;21451;2378093;1143084;39.6;19.1
75;2021-05-27;42847;27039;2420940;1170123;40.3;19.5
75;2021-05-28;38799;32244;2459739;1202367;41.0;20.0
75;2021-05-29;19629;18088;2479368;1220455;41.3;20.3
75;2021-05-30;5769;2282;2485137;1222737;41.4;20.4
75;2021-05-31;31589;23106;2516726;1245843;41.9;20.8
75;2021-06-01;40923;29574;2557649;1275417;42.6;21.3
75;2021-06-02;41275;28189;2598924;1303606;43.3;21.7
75;2021-06-03;47545;31168;2646469;1334774;44.1;22.2
75;2021-06-04;44324;36910;2690793;1371684;44.8;22.9
75;2021-06-05;24347;18490;2715140;1390174;45.3;23.2
75;2021-06-06;8727;4311;2723867;1394485;45.4;23.2
75;2021-06-07;31341;31490;2755208;1425975;45.9;23.8
75;2021-06-08;47923;27098;2803131;1453073;46.7;24.2
75;2021-06-09;39449;32606;2842580;1485679;47.4;24.8
75;2021-06-10;42911;31535;2885491;1517214;48.1;25.3
75;2021-06-11;40014;40214;2925505;1557428;48.8;26.0
75;2021-06-12;22967;21459;2948472;1578887;49.1;26.3
76;2020-12-27;0;0;0;0;0.0;0.0
76;2020-12-28;4;0;4;0;0.0;0.0
76;2020-12-29;0;0;4;0;0.0;0.0
76;2020-12-30;0;0;4;0;0.0;0.0
76;2020-12-31;1;0;5;0;0.0;0.0
76;2021-01-01;3;0;8;0;0.0;0.0
76;2021-01-02;2;0;10;0;0.0;0.0
76;2021-01-03;2;0;12;0;0.0;0.0
76;2021-01-04;59;1;71;1;0.0;0.0
76;2021-01-05;473;1;544;2;0.0;0.0
76;2021-01-06;784;1;1328;3;0.0;0.0
76;2021-01-07;2537;3;3865;6;0.1;0.0
76;2021-01-08;3214;1;7079;7;0.1;0.0
76;2021-01-09;1537;0;8616;7;0.1;0.0
76;2021-01-10;517;0;9133;7;0.2;0.0
76;2021-01-11;3523;7;12656;14;0.2;0.0
76;2021-01-12;5740;8;18396;22;0.3;0.0
76;2021-01-13;6474;8;24870;30;0.4;0.0
76;2021-01-14;8995;83;33865;113;0.6;0.0
76;2021-01-15;7250;28;41115;141;0.7;0.0
76;2021-01-16;1952;20;43067;161;0.7;0.0
76;2021-01-17;709;3;43776;164;0.7;0.0
76;2021-01-18;7699;20;51475;184;0.9;0.0
76;2021-01-19;11192;23;62667;207;1.1;0.0
76;2021-01-20;13689;20;76356;227;1.3;0.0
76;2021-01-21;16687;17;93043;244;1.6;0.0
76;2021-01-22;11862;28;104905;272;1.8;0.0
76;2021-01-23;3880;7;108785;279;1.8;0.0
76;2021-01-24;766;11;109551;290;1.8;0.0
76;2021-01-25;7825;97;117376;387;2.0;0.0
76;2021-01-26;10345;279;127721;666;2.2;0.0
76;2021-01-27;10843;480;138564;1146;2.3;0.0
76;2021-01-28;10136;1694;148700;2840;2.5;0.0
76;2021-01-29;8084;1988;156784;4828;2.6;0.1
76;2021-01-30;3184;772;159968;5600;2.7;0.1
76;2021-01-31;517;267;160485;5867;2.7;0.1
76;2021-02-01;5851;2603;166336;8470;2.8;0.1
76;2021-02-02;10052;3995;176388;12465;3.0;0.2
76;2021-02-03;9515;4064;185903;16529;3.1;0.3
76;2021-02-04;10096;5958;195999;22487;3.3;0.4
76;2021-02-05;7771;5026;203770;27513;3.4;0.5
76;2021-02-06;2691;1050;206461;28563;3.5;0.5
76;2021-02-07;542;496;207003;29059;3.5;0.5
76;2021-02-08;4840;4528;211843;33587;3.6;0.6
76;2021-02-09;6313;6817;218156;40404;3.7;0.7
76;2021-02-10;7168;9233;225324;49637;3.8;0.8
76;2021-02-11;9123;10733;234447;60370;4.0;1.0
76;2021-02-12;8044;7682;242491;68052;4.1;1.1
76;2021-02-13;2646;2270;245137;70322;4.1;1.2
76;2021-02-14;356;994;245493;71316;4.1;1.2
76;2021-02-15;3382;6465;248875;77781;4.2;1.3
76;2021-02-16;4240;8690;253115;86471;4.3;1.5
76;2021-02-17;4372;9651;257487;96122;4.3;1.6
76;2021-02-18;5869;9986;263356;106108;4.4;1.8
76;2021-02-19;4839;8125;268195;114233;4.5;1.9
76;2021-02-20;1529;3036;269724;117269;4.6;2.0
76;2021-02-21;262;594;269986;117863;4.6;2.0
76;2021-02-22;3271;7661;273257;125524;4.6;2.1
76;2021-02-23;4915;10242;278172;135766;4.7;2.3
76;2021-02-24;4644;10417;282816;146183;4.8;2.5
76;2021-02-25;8307;9902;291123;156085;4.9;2.6
76;2021-02-26;9632;8384;300755;164469;5.1;2.8
76;2021-02-27;3716;3092;304471;167561;5.1;2.8
76;2021-02-28;430;452;304901;168013;5.1;2.8
76;2021-03-01;5298;6127;310199;174140;5.2;2.9
76;2021-03-02;8212;7562;318411;181702;5.4;3.1
76;2021-03-03;9224;7461;327635;189163;5.5;3.2
76;2021-03-04;14308;7860;341943;197023;5.8;3.3
76;2021-03-05;16856;7092;358799;204115;6.1;3.4
76;2021-03-06;15856;2134;374655;206249;6.3;3.5
76;2021-03-07;11369;450;386024;206699;6.5;3.5
76;2021-03-08;9931;5493;395955;212192;6.7;3.6
76;2021-03-09;16215;6444;412170;218636;7.0;3.7
76;2021-03-10;16397;6464;428567;225100;7.2;3.8
76;2021-03-11;22580;6361;451147;231461;7.6;3.9
76;2021-03-12;26374;5225;477521;236686;8.1;4.0
76;2021-03-13;14886;2144;492407;238830;8.3;4.0
76;2021-03-14;2318;355;494725;239185;8.3;4.0
76;2021-03-15;13498;3282;508223;242467;8.6;4.1
76;2021-03-16;11754;4516;519977;246983;8.8;4.2
76;2021-03-17;12826;3967;532803;250950;9.0;4.2
76;2021-03-18;13688;4974;546491;255924;9.2;4.3
76;2021-03-19;18629;3988;565120;259912;9.5;4.4
76;2021-03-20;10650;1112;575770;261024;9.7;4.4
76;2021-03-21;3193;217;578963;261241;9.8;4.4
76;2021-03-22;14644;3567;593607;264808;10.0;4.5
76;2021-03-23;22202;4304;615809;269112;10.4;4.5
76;2021-03-24;23561;4157;639370;273269;10.8;4.6
76;2021-03-25;31927;4576;671297;277845;11.3;4.7
76;2021-03-26;30756;4034;702053;281879;11.8;4.8
76;2021-03-27;16179;1394;718232;283273;12.1;4.8
76;2021-03-28;4863;187;723095;283460;12.2;4.8
76;2021-03-29;22269;4860;745364;288320;12.6;4.9
76;2021-03-30;29629;5667;774993;293987;13.1;5.0
76;2021-03-31;26820;5542;801813;299529;13.5;5.1
76;2021-04-01;34399;5845;836212;305374;14.1;5.2
76;2021-04-02;29273;5717;865485;311091;14.6;5.3
76;2021-04-03;12118;2838;877603;313929;14.8;5.3
76;2021-04-04;4348;651;881951;314580;14.9;5.3
76;2021-04-05;4281;670;886232;315250;15.0;5.3
76;2021-04-06;22803;9713;909035;324963;15.3;5.5
76;2021-04-07;25213;9829;934248;334792;15.8;5.7
76;2021-04-08;33061;10189;967309;344981;16.3;5.8
76;2021-04-09;38827;9564;1006136;354545;17.0;6.0
76;2021-04-10;22673;5126;1028809;359671;17.4;6.1
76;2021-04-11;8854;1416;1037663;361087;17.5;6.1
76;2021-04-12;25970;10470;1063633;371557;18.0;6.3
76;2021-04-13;35711;12798;1099344;384355;18.6;6.5
76;2021-04-14;32809;13213;1132153;397568;19.1;6.7
76;2021-04-15;37366;13784;1169519;411352;19.7;6.9
76;2021-04-16;34352;13085;1203871;424437;20.3;7.2
76;2021-04-17;21345;6620;1225216;431057;20.7;7.3
76;2021-04-18;7706;2675;1232922;433732;20.8;7.3
76;2021-04-19;22031;12895;1254953;446627;21.2;7.5
76;2021-04-20;27947;16690;1282900;463317;21.7;7.8
76;2021-04-21;27000;16899;1309900;480216;22.1;8.1
76;2021-04-22;30323;17883;1340223;498099;22.6;8.4
76;2021-04-23;28641;16354;1368864;514453;23.1;8.7
76;2021-04-24;18455;10382;1387319;524835;23.4;8.9
76;2021-04-25;6910;4190;1394229;529025;23.5;8.9
76;2021-04-26;19913;18377;1414142;547402;23.9;9.2
76;2021-04-27;26701;21377;1440843;568779;24.3;9.6
76;2021-04-28;25854;20933;1466697;589712;24.8;10.0
76;2021-04-29;29694;23168;1496391;612880;25.3;10.3
76;2021-04-30;30735;20100;1527126;632980;25.8;10.7
76;2021-05-01;17414;6999;1544540;639979;26.1;10.8
76;2021-05-02;9461;4770;1554001;644749;26.2;10.9
76;2021-05-03;26443;16747;1580444;661496;26.7;11.2
76;2021-05-04;29866;25775;1610310;687271;27.2;11.6
76;2021-05-05;28000;26363;1638310;713634;27.7;12.0
76;2021-05-06;30841;30812;1669151;744446;28.2;12.6
76;2021-05-07;31504;30747;1700655;775193;28.7;13.1
76;2021-05-08;16877;10507;1717532;785700;29.0;13.3
76;2021-05-09;9673;8663;1727205;794363;29.2;13.4
76;2021-05-10;23908;28010;1751113;822373;29.6;13.9
76;2021-05-11;31400;33023;1782513;855396;30.1;14.4
76;2021-05-12;32973;29340;1815486;884736;30.6;14.9
76;2021-05-13;25796;9677;1841282;894413;31.1;15.1
76;2021-05-14;34355;21250;1875637;915663;31.7;15.5
76;2021-05-15;24387;12152;1900024;927815;32.1;15.7
76;2021-05-16;15375;3770;1915399;931585;32.3;15.7
76;2021-05-17;27716;19198;1943115;950783;32.8;16.0
76;2021-05-18;34973;19426;1978088;970209;33.4;16.4
76;2021-05-19;36638;16779;2014726;986988;34.0;16.7
76;2021-05-20;40774;18601;2055500;1005589;34.7;17.0
76;2021-05-21;37583;19908;2093083;1025497;35.3;17.3
76;2021-05-22;26899;9232;2119982;1034729;35.8;17.5
76;2021-05-23;13255;1789;2133237;1036518;36.0;17.5
76;2021-05-24;15358;4089;2148595;1040607;36.3;17.6
76;2021-05-25;31455;20709;2180050;1061316;36.8;17.9
76;2021-05-26;33222;19161;2213272;1080477;37.4;18.2
76;2021-05-27;36180;24367;2249452;1104844;38.0;18.6
76;2021-05-28;32352;28211;2281804;1133055;38.5;19.1
76;2021-05-29;19373;16714;2301177;1149769;38.8;19.4
76;2021-05-30;6089;6307;2307266;1156076;38.9;19.5
76;2021-05-31;25673;22840;2332939;1178916;39.4;19.9
76;2021-06-01;31081;29770;2364020;1208686;39.9;20.4
76;2021-06-02;30621;27996;2394641;1236682;40.4;20.9
76;2021-06-03;34024;33041;2428665;1269723;41.0;21.4
76;2021-06-04;34904;34171;2463569;1303894;41.6;22.0
76;2021-06-05;25933;19670;2489502;1323564;42.0;22.3
76;2021-06-06;14064;6442;2503566;1330006;42.3;22.4
76;2021-06-07;25685;27617;2529251;1357623;42.7;22.9
76;2021-06-08;33026;31490;2562277;1389113;43.2;23.4
76;2021-06-09;32299;28791;2594576;1417904;43.8;23.9
76;2021-06-10;31832;29180;2626408;1447084;44.3;24.4
76;2021-06-11;33198;35983;2659606;1483067;44.9;25.0
76;2021-06-12;23070;21805;2682676;1504872;45.3;25.4
84;2020-12-27;1;0;1;0;0.0;0.0
84;2020-12-28;7;0;8;0;0.0;0.0
84;2020-12-29;5;0;13;0;0.0;0.0
84;2020-12-30;5;0;18;0;0.0;0.0
84;2020-12-31;12;0;30;0;0.0;0.0
84;2021-01-01;10;0;40;0;0.0;0.0
84;2021-01-02;2;1;42;1;0.0;0.0
84;2021-01-03;0;0;42;1;0.0;0.0
84;2021-01-04;174;0;216;1;0.0;0.0
84;2021-01-05;458;1;674;2;0.0;0.0
84;2021-01-06;1135;0;1809;2;0.0;0.0
84;2021-01-07;2845;3;4654;5;0.1;0.0
84;2021-01-08;3073;2;7727;7;0.1;0.0
84;2021-01-09;511;1;8238;8;0.1;0.0
84;2021-01-10;160;0;8398;8;0.1;0.0
84;2021-01-11;4277;8;12675;16;0.2;0.0
84;2021-01-12;6354;15;19029;31;0.2;0.0
84;2021-01-13;6836;13;25865;44;0.3;0.0
84;2021-01-14;9047;56;34912;100;0.4;0.0
84;2021-01-15;7751;28;42663;128;0.5;0.0
84;2021-01-16;2953;7;45616;135;0.6;0.0
84;2021-01-17;919;2;46535;137;0.6;0.0
84;2021-01-18;8952;33;55487;170;0.7;0.0
84;2021-01-19;15043;79;70530;249;0.9;0.0
84;2021-01-20;15485;33;86015;282;1.1;0.0
84;2021-01-21;14565;44;100580;326;1.3;0.0
84;2021-01-22;12394;39;112974;365;1.4;0.0
84;2021-01-23;4757;3;117731;368;1.5;0.0
84;2021-01-24;810;1;118541;369;1.5;0.0
84;2021-01-25;8752;143;127293;512;1.6;0.0
84;2021-01-26;11879;314;139172;826;1.7;0.0
84;2021-01-27;12043;611;151215;1437;1.9;0.0
84;2021-01-28;13794;1536;165009;2973;2.1;0.0
84;2021-01-29;10790;1309;175799;4282;2.2;0.1
84;2021-01-30;4138;146;179937;4428;2.2;0.1
84;2021-01-31;498;1;180435;4429;2.2;0.1
84;2021-02-01;6532;1879;186967;6308;2.3;0.1
84;2021-02-02;10581;3513;197548;9821;2.5;0.1
84;2021-02-03;11520;3916;209068;13737;2.6;0.2
84;2021-02-04;12543;5522;221611;19259;2.8;0.2
84;2021-02-05;8607;4692;230218;23951;2.9;0.3
84;2021-02-06;2650;956;232868;24907;2.9;0.3
84;2021-02-07;452;440;233320;25347;2.9;0.3
84;2021-02-08;6218;4965;239538;30312;3.0;0.4
84;2021-02-09;9329;8248;248867;38560;3.1;0.5
84;2021-02-10;9672;8611;258539;47171;3.2;0.6
84;2021-02-11;10681;9891;269220;57062;3.4;0.7
84;2021-02-12;9703;7928;278923;64990;3.5;0.8
84;2021-02-13;3497;2335;282420;67325;3.5;0.8
84;2021-02-14;622;456;283042;67781;3.5;0.8
84;2021-02-15;4867;8352;287909;76133;3.6;0.9
84;2021-02-16;6089;10757;293998;86890;3.7;1.1
84;2021-02-17;6041;11561;300039;98451;3.7;1.2
84;2021-02-18;7083;11757;307122;110208;3.8;1.4
84;2021-02-19;6641;9341;313763;119549;3.9;1.5
84;2021-02-20;1836;3268;315599;122817;3.9;1.5
84;2021-02-21;179;504;315778;123321;3.9;1.5
84;2021-02-22;4288;8836;320066;132157;4.0;1.6
84;2021-02-23;7274;11410;327340;143567;4.1;1.8
84;2021-02-24;7785;12016;335125;155583;4.2;1.9
84;2021-02-25;12716;13764;347841;169347;4.3;2.1
84;2021-02-26;14866;10332;362707;179679;4.5;2.2
84;2021-02-27;5555;2911;368262;182590;4.6;2.3
84;2021-02-28;500;513;368762;183103;4.6;2.3
84;2021-03-01;9280;6402;378042;189505;4.7;2.4
84;2021-03-02;14951;8786;392993;198291;4.9;2.5
84;2021-03-03;14781;8628;407774;206919;5.1;2.6
84;2021-03-04;20971;8397;428745;215316;5.3;2.7
84;2021-03-05;25758;7629;454503;222945;5.7;2.8
84;2021-03-06;19484;2346;473987;225291;5.9;2.8
84;2021-03-07;8413;447;482400;225738;6.0;2.8
84;2021-03-08;12196;6771;494596;232509;6.2;2.9
84;2021-03-09;20642;7656;515238;240165;6.4;3.0
84;2021-03-10;20212;7491;535450;247656;6.7;3.1
84;2021-03-11;29416;8072;564866;255728;7.0;3.2
84;2021-03-12;36148;7607;601014;263335;7.5;3.3
84;2021-03-13;21417;1845;622431;265180;7.7;3.3
84;2021-03-14;4680;459;627111;265639;7.8;3.3
84;2021-03-15;18838;4756;645949;270395;8.0;3.4
84;2021-03-16;17038;6079;662987;276474;8.3;3.4
84;2021-03-17;17563;6443;680550;282917;8.5;3.5
84;2021-03-18;21475;6913;702025;289830;8.7;3.6
84;2021-03-19;28952;5465;730977;295295;9.1;3.7
84;2021-03-20;14531;1378;745508;296673;9.3;3.7
84;2021-03-21;3236;265;748744;296938;9.3;3.7
84;2021-03-22;19722;5112;768466;302050;9.6;3.8
84;2021-03-23;30738;5912;799204;307962;9.9;3.8
84;2021-03-24;29921;5815;829125;313777;10.3;3.9
84;2021-03-25;41493;6424;870618;320201;10.8;4.0
84;2021-03-26;42886;6696;913504;326897;11.4;4.1
84;2021-03-27;18176;2891;931680;329788;11.6;4.1
84;2021-03-28;6499;582;938179;330370;11.7;4.1
84;2021-03-29;22919;7889;961098;338259;12.0;4.2
84;2021-03-30;34891;10110;995989;348369;12.4;4.3
84;2021-03-31;29540;10954;1025529;359323;12.8;4.5
84;2021-04-01;37177;11355;1062706;370678;13.2;4.6
84;2021-04-02;34819;11289;1097525;381967;13.7;4.8
84;2021-04-03;14780;6215;1112305;388182;13.8;4.8
84;2021-04-04;9928;1993;1122233;390175;14.0;4.9
84;2021-04-05;13518;1657;1135751;391832;14.1;4.9
84;2021-04-06;26241;13169;1161992;405001;14.5;5.0
84;2021-04-07;29461;14642;1191453;419643;14.8;5.2
84;2021-04-08;39592;15398;1231045;435041;15.3;5.4
84;2021-04-09;49321;14996;1280366;450037;15.9;5.6
84;2021-04-10;20428;8112;1300794;458149;16.2;5.7
84;2021-04-11;7209;2691;1308003;460840;16.3;5.7
84;2021-04-12;27262;15555;1335265;476395;16.6;5.9
84;2021-04-13;36048;19328;1371313;495723;17.1;6.2
84;2021-04-14;34547;18201;1405860;513924;17.5;6.4
84;2021-04-15;40021;19642;1445881;533566;18.0;6.6
84;2021-04-16;38133;20020;1484014;553586;18.5;6.9
84;2021-04-17;20447;9010;1504461;562596;18.7;7.0
84;2021-04-18;6836;2703;1511297;565299;18.8;7.0
84;2021-04-19;26186;18561;1537483;583860;19.1;7.3
84;2021-04-20;31166;22468;1568649;606328;19.5;7.5
84;2021-04-21;28015;21444;1596664;627772;19.9;7.8
84;2021-04-22;32182;22595;1628846;650367;20.3;8.1
84;2021-04-23;32663;23047;1661509;673414;20.7;8.4
84;2021-04-24;17842;11889;1679351;685303;20.9;8.5
84;2021-04-25;7132;4270;1686483;689573;21.0;8.6
84;2021-04-26;23682;20029;1710165;709602;21.3;8.8
84;2021-04-27;31735;25234;1741900;734836;21.7;9.1
84;2021-04-28;32449;24820;1774349;759656;22.1;9.5
84;2021-04-29;39609;26533;1813958;786189;22.6;9.8
84;2021-04-30;38116;27833;1852074;814022;23.1;10.1
84;2021-05-01;17151;5365;1869225;819387;23.3;10.2
84;2021-05-02;7942;8576;1877167;827963;23.4;10.3
84;2021-05-03;30172;27470;1907339;855433;23.7;10.6
84;2021-05-04;36997;33719;1944336;889152;24.2;11.1
84;2021-05-05;40045;30149;1984381;919301;24.7;11.4
84;2021-05-06;46418;32576;2030799;951877;25.3;11.9
84;2021-05-07;46762;36774;2077561;988651;25.9;12.3
84;2021-05-08;19829;7581;2097390;996232;26.1;12.4
84;2021-05-09;15812;8888;2113202;1005120;26.3;12.5
84;2021-05-10;35705;31949;2148907;1037069;26.8;12.9
84;2021-05-11;52423;36182;2201330;1073251;27.4;13.4
84;2021-05-12;56103;31799;2257433;1105050;28.1;13.8
84;2021-05-13;47102;10462;2304535;1115512;28.7;13.9
84;2021-05-14;57066;24930;2361601;1140442;29.4;14.2
84;2021-05-15;43794;13566;2405395;1154008;29.9;14.4
84;2021-05-16;30273;5090;2435668;1159098;30.3;14.4
84;2021-05-17;48060;24877;2483728;1183975;30.9;14.7
84;2021-05-18;58710;27292;2542438;1211267;31.7;15.1
84;2021-05-19;58107;23491;2600545;1234758;32.4;15.4
84;2021-05-20;61208;26985;2661753;1261743;33.1;15.7
84;2021-05-21;60691;29347;2722444;1291090;33.9;16.1
84;2021-05-22;40305;12871;2762749;1303961;34.4;16.2
84;2021-05-23;21305;3955;2784054;1307916;34.7;16.3
84;2021-05-24;39480;8500;2823534;1316416;35.2;16.4
84;2021-05-25;50121;31596;2873655;1348012;35.8;16.8
84;2021-05-26;49586;28873;2923241;1376885;36.4;17.1
84;2021-05-27;55538;31768;2978779;1408653;37.1;17.5
84;2021-05-28;54643;40450;3033422;1449103;37.8;18.0
84;2021-05-29;37550;22333;3070972;1471436;38.2;18.3
84;2021-05-30;16110;7249;3087082;1478685;38.4;18.4
84;2021-05-31;44229;29338;3131311;1508023;39.0;18.8
84;2021-06-01;48193;36559;3179504;1544582;39.6;19.2
84;2021-06-02;47626;31110;3227130;1575692;40.2;19.6
84;2021-06-03;55894;36475;3283024;1612167;40.9;20.1
84;2021-06-04;54514;42250;3337538;1654417;41.6;20.6
84;2021-06-05;38002;21582;3375540;1675999;42.0;20.9
84;2021-06-06;15876;6213;3391416;1682212;42.2;20.9
84;2021-06-07;41265;35038;3432681;1717250;42.7;21.4
84;2021-06-08;45652;37842;3478333;1755092;43.3;21.9
84;2021-06-09;40651;33434;3518984;1788526;43.8;22.3
84;2021-06-10;40952;33577;3559936;1822103;44.3;22.7
84;2021-06-11;43025;46148;3602961;1868251;44.9;23.3
84;2021-06-12;27867;22767;3630828;1891018;45.2;23.5
93;2020-12-27;0;0;0;0;0.0;0.0
93;2020-12-28;1;0;1;0;0.0;0.0
93;2020-12-29;1;0;2;0;0.0;0.0
93;2020-12-30;3;0;5;0;0.0;0.0
93;2020-12-31;19;0;24;0;0.0;0.0
93;2021-01-01;13;0;37;0;0.0;0.0
93;2021-01-02;2;0;39;0;0.0;0.0
93;2021-01-03;2;0;41;0;0.0;0.0
93;2021-01-04;133;1;174;1;0.0;0.0
93;2021-01-05;250;1;424;2;0.0;0.0
93;2021-01-06;409;0;833;2;0.0;0.0
93;2021-01-07;1245;2;2078;4;0.0;0.0
93;2021-01-08;1561;2;3639;6;0.1;0.0
93;2021-01-09;540;0;4179;6;0.1;0.0
93;2021-01-10;73;0;4252;6;0.1;0.0
93;2021-01-11;2406;1;6658;7;0.1;0.0
93;2021-01-12;5085;6;11743;13;0.2;0.0
93;2021-01-13;4410;14;16153;27;0.3;0.0
93;2021-01-14;5528;49;21681;76;0.4;0.0
93;2021-01-15;4918;14;26599;90;0.5;0.0
93;2021-01-16;1674;2;28273;92;0.6;0.0
93;2021-01-17;299;1;28572;93;0.6;0.0
93;2021-01-18;7146;29;35718;122;0.7;0.0
93;2021-01-19;13518;31;49236;153;1.0;0.0
93;2021-01-20;12234;31;61470;184;1.2;0.0
93;2021-01-21;12298;41;73768;225;1.5;0.0
93;2021-01-22;10162;24;83930;249;1.7;0.0
93;2021-01-23;3325;6;87255;255;1.7;0.0
93;2021-01-24;537;4;87792;259;1.7;0.0
93;2021-01-25;7238;37;95030;296;1.9;0.0
93;2021-01-26;10062;134;105092;430;2.1;0.0
93;2021-01-27;9678;287;114770;717;2.3;0.0
93;2021-01-28;13660;826;128430;1543;2.5;0.0
93;2021-01-29;9840;975;138270;2518;2.7;0.0
93;2021-01-30;2239;159;140509;2677;2.8;0.1
93;2021-01-31;303;5;140812;2682;2.8;0.1
93;2021-02-01;5159;1514;145971;4196;2.9;0.1
93;2021-02-02;6641;2379;152612;6575;3.0;0.1
93;2021-02-03;5018;1818;157630;8393;3.1;0.2
93;2021-02-04;5532;3159;163162;11552;3.2;0.2
93;2021-02-05;6105;4125;169267;15677;3.3;0.3
93;2021-02-06;1245;970;170512;16647;3.4;0.3
93;2021-02-07;280;81;170792;16728;3.4;0.3
93;2021-02-08;4300;3745;175092;20473;3.5;0.4
93;2021-02-09;5885;7101;180977;27574;3.6;0.5
93;2021-02-10;5947;5883;186924;33457;3.7;0.7
93;2021-02-11;6593;6713;193517;40170;3.8;0.8
93;2021-02-12;5715;6478;199232;46648;3.9;0.9
93;2021-02-13;1127;1446;200359;48094;4.0;1.0
93;2021-02-14;73;384;200432;48478;4.0;1.0
93;2021-02-15;2409;5636;202841;54114;4.0;1.1
93;2021-02-16;3190;7700;206031;61814;4.1;1.2
93;2021-02-17;3604;8523;209635;70337;4.1;1.4
93;2021-02-18;5998;11414;215633;81751;4.3;1.6
93;2021-02-19;5632;8669;221265;90420;4.4;1.8
93;2021-02-20;877;1800;222142;92220;4.4;1.8
93;2021-02-21;68;417;222210;92637;4.4;1.8
93;2021-02-22;3027;6993;225237;99630;4.5;2.0
93;2021-02-23;3955;7239;229192;106869;4.5;2.1
93;2021-02-24;4745;6795;233937;113664;4.6;2.2
93;2021-02-25;8232;6658;242169;120322;4.8;2.4
93;2021-02-26;8257;6161;250426;126483;5.0;2.5
93;2021-02-27;3283;1478;253709;127961;5.0;2.5
93;2021-02-28;303;237;254012;128198;5.0;2.5
93;2021-03-01;5633;4479;259645;132677;5.1;2.6
93;2021-03-02;7208;5925;266853;138602;5.3;2.7
93;2021-03-03;8969;6538;275822;145140;5.5;2.9
93;2021-03-04;12025;6432;287847;151572;5.7;3.0
93;2021-03-05;12176;6079;300023;157651;5.9;3.1
93;2021-03-06;22486;1260;322509;158911;6.4;3.1
93;2021-03-07;17895;572;340404;159483;6.7;3.2
93;2021-03-08;10228;5246;350632;164729;6.9;3.3
93;2021-03-09;13940;5541;364572;170270;7.2;3.4
93;2021-03-10;14465;5252;379037;175522;7.5;3.5
93;2021-03-11;20353;6112;399390;181634;7.9;3.6
93;2021-03-12;21884;5256;421274;186890;8.3;3.7
93;2021-03-13;24441;1179;445715;188069;8.8;3.7
93;2021-03-14;6460;253;452175;188322;8.9;3.7
93;2021-03-15;15921;3093;468096;191415;9.3;3.8
93;2021-03-16;12703;3622;480799;195037;9.5;3.9
93;2021-03-17;15977;4616;496776;199653;9.8;3.9
93;2021-03-18;17020;4874;513796;204527;10.2;4.0
93;2021-03-19;20998;4662;534794;209189;10.6;4.1
93;2021-03-20;10986;1308;545780;210497;10.8;4.2
93;2021-03-21;3253;127;549033;210624;10.9;4.2
93;2021-03-22;17041;3536;566074;214160;11.2;4.2
93;2021-03-23;22619;3843;588693;218003;11.6;4.3
93;2021-03-24;21927;6596;610620;224599;12.1;4.4
93;2021-03-25;28930;6468;639550;231067;12.7;4.6
93;2021-03-26;29833;4979;669383;236046;13.2;4.7
93;2021-03-27;12421;1618;681804;237664;13.5;4.7
93;2021-03-28;3555;98;685359;237762;13.6;4.7
93;2021-03-29;18466;5302;703825;243064;13.9;4.8
93;2021-03-30;28436;6631;732261;249695;14.5;4.9
93;2021-03-31;28736;6573;760997;256268;15.1;5.1
93;2021-04-01;30669;7428;791666;263696;15.7;5.2
93;2021-04-02;26877;8426;818543;272122;16.2;5.4
93;2021-04-03;9740;4966;828283;277088;16.4;5.5
93;2021-04-04;2112;1250;830395;278338;16.4;5.5
93;2021-04-05;6049;1548;836444;279886;16.5;5.5
93;2021-04-06;23375;9975;859819;289861;17.0;5.7
93;2021-04-07;26034;11629;885853;301490;17.5;6.0
93;2021-04-08;28780;14925;914633;316415;18.1;6.3
93;2021-04-09;33407;14540;948040;330955;18.8;6.5
93;2021-04-10;14896;8150;962936;339105;19.0;6.7
93;2021-04-11;3623;2954;966559;342059;19.1;6.8
93;2021-04-12;20553;12165;987112;354224;19.5;7.0
93;2021-04-13;25435;15174;1012547;369398;20.0;7.3
93;2021-04-14;25142;15195;1037689;384593;20.5;7.6
93;2021-04-15;26936;15586;1064625;400179;21.1;7.9
93;2021-04-16;27675;16413;1092300;416592;21.6;8.2
93;2021-04-17;12802;7709;1105102;424301;21.9;8.4
93;2021-04-18;5245;2957;1110347;427258;22.0;8.5
93;2021-04-19;19053;15917;1129400;443175;22.3;8.8
93;2021-04-20;21283;18703;1150683;461878;22.8;9.1
93;2021-04-21;23756;18246;1174439;480124;23.2;9.5
93;2021-04-22;25762;19173;1200201;499297;23.7;9.9
93;2021-04-23;24903;18097;1225104;517394;24.2;10.2
93;2021-04-24;11517;8686;1236621;526080;24.5;10.4
93;2021-04-25;3201;2137;1239822;528217;24.5;10.4
93;2021-04-26;16357;15834;1256179;544051;24.8;10.8
93;2021-04-27;19362;20136;1275541;564187;25.2;11.2
93;2021-04-28;21261;20068;1296802;584255;25.7;11.6
93;2021-04-29;27792;21715;1324594;605970;26.2;12.0
93;2021-04-30;27064;20552;1351658;626522;26.7;12.4
93;2021-05-01;11528;5260;1363186;631782;27.0;12.5
93;2021-05-02;4052;1882;1367238;633664;27.0;12.5
93;2021-05-03;20221;18132;1387459;651796;27.4;12.9
93;2021-05-04;20548;22679;1408007;674475;27.9;13.3
93;2021-05-05;19264;21462;1427271;695937;28.2;13.8
93;2021-05-06;24560;21574;1451831;717511;28.7;14.2
93;2021-05-07;22246;24952;1474077;742463;29.2;14.7
93;2021-05-08;12955;6822;1487032;749285;29.4;14.8
93;2021-05-09;3450;2307;1490482;751592;29.5;14.9
93;2021-05-10;18329;22561;1508811;774153;29.8;15.3
93;2021-05-11;25133;25566;1533944;799719;30.3;15.8
93;2021-05-12;31593;22435;1565537;822154;31.0;16.3
93;2021-05-13;27561;7806;1593098;829960;31.5;16.4
93;2021-05-14;34866;16307;1627964;846267;32.2;16.7
93;2021-05-15;29174;10195;1657138;856462;32.8;16.9
93;2021-05-16;12683;2493;1669821;858955;33.0;17.0
93;2021-05-17;24979;17248;1694800;876203;33.5;17.3
93;2021-05-18;29231;16586;1724031;892789;34.1;17.7
93;2021-05-19;29229;15104;1753260;907893;34.7;18.0
93;2021-05-20;32240;16602;1785500;924495;35.3;18.3
93;2021-05-21;33481;17790;1818981;942285;36.0;18.6
93;2021-05-22;18502;7653;1837483;949938;36.3;18.8
93;2021-05-23;5891;2003;1843374;951941;36.5;18.8
93;2021-05-24;17420;4969;1860794;956910;36.8;18.9
93;2021-05-25;23313;20395;1884107;977305;37.3;19.3
93;2021-05-26;23886;21807;1907993;999112;37.7;19.8
93;2021-05-27;25797;23219;1933790;1022331;38.3;20.2
93;2021-05-28;22183;26549;1955973;1048880;38.7;20.7
93;2021-05-29;13120;14344;1969093;1063224;38.9;21.0
93;2021-05-30;2580;3179;1971673;1066403;39.0;21.1
93;2021-05-31;20609;21225;1992282;1087628;39.4;21.5
93;2021-06-01;23747;26041;2016029;1113669;39.9;22.0
93;2021-06-02;22079;26042;2038108;1139711;40.3;22.5
93;2021-06-03;27218;27159;2065326;1166870;40.9;23.1
93;2021-06-04;27228;28213;2092554;1195083;41.4;23.6
93;2021-06-05;15987;14176;2108541;1209259;41.7;23.9
93;2021-06-06;4853;2787;2113394;1212046;41.8;24.0
93;2021-06-07;16014;24133;2129408;1236179;42.1;24.5
93;2021-06-08;19969;23921;2149377;1260100;42.5;24.9
93;2021-06-09;19816;25369;2169193;1285469;42.9;25.4
93;2021-06-10;20540;24304;2189733;1309773;43.3;25.9
93;2021-06-11;18649;30524;2208382;1340297;43.7;26.5
93;2021-06-12;12156;15114;2220538;1355411;43.9;26.8
94;2020-12-27;0;0;0;0;0.0;0.0
94;2020-12-28;0;0;0;0;0.0;0.0
94;2020-12-29;0;0;0;0;0.0;0.0
94;2020-12-30;0;0;0;0;0.0;0.0
94;2020-12-31;0;0;0;0;0.0;0.0
94;2021-01-01;0;0;0;0;0.0;0.0
94;2021-01-02;0;0;0;0;0.0;0.0
94;2021-01-03;0;0;0;0;0.0;0.0
94;2021-01-04;2;0;2;0;0.0;0.0
94;2021-01-05;0;0;2;0;0.0;0.0
94;2021-01-06;53;0;55;0;0.0;0.0
94;2021-01-07;333;1;388;1;0.1;0.0
94;2021-01-08;310;0;698;1;0.2;0.0
94;2021-01-09;78;0;776;1;0.2;0.0
94;2021-01-10;34;0;810;1;0.2;0.0
94;2021-01-11;152;2;962;3;0.3;0.0
94;2021-01-12;209;1;1171;4;0.3;0.0
94;2021-01-13;203;0;1374;4;0.4;0.0
94;2021-01-14;264;1;1638;5;0.5;0.0
94;2021-01-15;403;0;2041;5;0.6;0.0
94;2021-01-16;200;1;2241;6;0.7;0.0
94;2021-01-17;89;1;2330;7;0.7;0.0
94;2021-01-18;471;2;2801;9;0.8;0.0
94;2021-01-19;981;0;3782;9;1.1;0.0
94;2021-01-20;808;0;4590;9;1.3;0.0
94;2021-01-21;807;1;5397;10;1.6;0.0
94;2021-01-22;722;0;6119;10;1.8;0.0
94;2021-01-23;243;0;6362;10;1.8;0.0
94;2021-01-24;147;0;6509;10;1.9;0.0
94;2021-01-25;422;2;6931;12;2.0;0.0
94;2021-01-26;789;7;7720;19;2.2;0.0
94;2021-01-27;664;55;8384;74;2.4;0.0
94;2021-01-28;699;230;9083;304;2.6;0.1
94;2021-01-29;620;229;9703;533;2.8;0.2
94;2021-01-30;204;74;9907;607;2.9;0.2
94;2021-01-31;150;12;10057;619;2.9;0.2
94;2021-02-01;456;147;10513;766;3.1;0.2
94;2021-02-02;643;196;11156;962;3.2;0.3
94;2021-02-03;783;166;11939;1128;3.5;0.3
94;2021-02-04;714;298;12653;1426;3.7;0.4
94;2021-02-05;647;201;13300;1627;3.9;0.5
94;2021-02-06;206;75;13506;1702;3.9;0.5
94;2021-02-07;126;58;13632;1760;4.0;0.5
94;2021-02-08;322;366;13954;2126;4.0;0.6
94;2021-02-09;713;616;14667;2742;4.3;0.8
94;2021-02-10;643;430;15310;3172;4.4;0.9
94;2021-02-11;679;497;15989;3669;4.6;1.1
94;2021-02-12;635;428;16624;4097;4.8;1.2
94;2021-02-13;301;72;16925;4169;4.9;1.2
94;2021-02-14;195;78;17120;4247;5.0;1.2
94;2021-02-15;377;310;17497;4557;5.1;1.3
94;2021-02-16;634;604;18131;5161;5.3;1.5
94;2021-02-17;592;482;18723;5643;5.4;1.6
94;2021-02-18;550;545;19273;6188;5.6;1.8
94;2021-02-19;309;611;19582;6799;5.7;2.0
94;2021-02-20;275;199;19857;6998;5.8;2.0
94;2021-02-21;84;84;19941;7082;5.8;2.1
94;2021-02-22;211;406;20152;7488;5.8;2.2
94;2021-02-23;352;648;20504;8136;5.9;2.4
94;2021-02-24;298;609;20802;8745;6.0;2.5
94;2021-02-25;348;608;21150;9353;6.1;2.7
94;2021-02-26;419;555;21569;9908;6.3;2.9
94;2021-02-27;368;152;21937;10060;6.4;2.9
94;2021-02-28;70;123;22007;10183;6.4;3.0
94;2021-03-01;359;413;22366;10596;6.5;3.1
94;2021-03-02;549;654;22915;11250;6.6;3.3
94;2021-03-03;528;691;23443;11941;6.8;3.5
94;2021-03-04;950;635;24393;12576;7.1;3.6
94;2021-03-05;1584;672;25977;13248;7.5;3.8
94;2021-03-06;1843;164;27820;13412;8.1;3.9
94;2021-03-07;1379;99;29199;13511;8.5;3.9
94;2021-03-08;1228;323;30427;13834;8.8;4.0
94;2021-03-09;1312;653;31739;14487;9.2;4.2
94;2021-03-10;1259;576;32998;15063;9.6;4.4
94;2021-03-11;1307;632;34305;15695;10.0;4.6
94;2021-03-12;1515;539;35820;16234;10.4;4.7
94;2021-03-13;1114;303;36934;16537;10.7;4.8
94;2021-03-14;537;184;37471;16721;10.9;4.9
94;2021-03-15;886;399;38357;17120;11.1;5.0
94;2021-03-16;1064;639;39421;17759;11.4;5.2
94;2021-03-17;1225;529;40646;18288;11.8;5.3
94;2021-03-18;993;529;41639;18817;12.1;5.5
94;2021-03-19;1284;338;42923;19155;12.5;5.6
94;2021-03-20;1729;288;44652;19443;13.0;5.6
94;2021-03-21;1126;81;45778;19524;13.3;5.7
94;2021-03-22;888;187;46666;19711;13.5;5.7
94;2021-03-23;1302;319;47968;20030;13.9;5.8
94;2021-03-24;1681;303;49649;20333;14.4;5.9
94;2021-03-25;1750;290;51399;20623;14.9;6.0
94;2021-03-26;2020;342;53419;20965;15.5;6.1
94;2021-03-27;2270;226;55689;21191;16.2;6.1
94;2021-03-28;1069;216;56758;21407;16.5;6.2
94;2021-03-29;1021;312;57779;21719;16.8;6.3
94;2021-03-30;1349;556;59128;22275;17.2;6.5
94;2021-03-31;1425;485;60553;22760;17.6;6.6
94;2021-04-01;1633;678;62186;23438;18.0;6.8
94;2021-04-02;1858;1186;64044;24624;18.6;7.1
94;2021-04-03;1891;1125;65935;25749;19.1;7.5
94;2021-04-04;771;838;66706;26587;19.4;7.7
94;2021-04-05;628;806;67334;27393;19.5;7.9
94;2021-04-06;1576;907;68910;28300;20.0;8.2
94;2021-04-07;2003;847;70913;29147;20.6;8.5
94;2021-04-08;2173;753;73086;29900;21.2;8.7
94;2021-04-09;2093;945;75179;30845;21.8;8.9
94;2021-04-10;2400;620;77579;31465;22.5;9.1
94;2021-04-11;1173;312;78752;31777;22.8;9.2
94;2021-04-12;1517;894;80269;32671;23.3;9.5
94;2021-04-13;1384;1007;81653;33678;23.7;9.8
94;2021-04-14;2084;1073;83737;34751;24.3;10.1
94;2021-04-15;1909;1023;85646;35774;24.8;10.4
94;2021-04-16;1775;1036;87421;36810;25.4;10.7
94;2021-04-17;1748;1368;89169;38178;25.9;11.1
94;2021-04-18;1232;1275;90401;39453;26.2;11.4
94;2021-04-19;1088;769;91489;40222;26.5;11.7
94;2021-04-20;1249;1189;92738;41411;26.9;12.0
94;2021-04-21;1780;1331;94518;42742;27.4;12.4
94;2021-04-22;1821;1372;96339;44114;28.0;12.8
94;2021-04-23;1644;1400;97983;45514;28.4;13.2
94;2021-04-24;2031;1743;100014;47257;29.0;13.7
94;2021-04-25;1260;775;101274;48032;29.4;13.9
94;2021-04-26;1015;1144;102289;49176;29.7;14.3
94;2021-04-27;1307;1216;103596;50392;30.1;14.6
94;2021-04-28;2587;1263;106183;51655;30.8;15.0
94;2021-04-29;1966;1217;108149;52872;31.4;15.3
94;2021-04-30;2260;1876;110409;54748;32.0;15.9
94;2021-05-01;1422;1686;111831;56434;32.4;16.4
94;2021-05-02;1002;943;112833;57377;32.7;16.6
94;2021-05-03;1591;1065;114424;58442;33.2;17.0
94;2021-05-04;1547;1683;115971;60125;33.6;17.4
94;2021-05-05;1793;2352;117764;62477;34.2;18.1
94;2021-05-06;2175;1802;119939;64279;34.8;18.6
94;2021-05-07;2187;1811;122126;66090;35.4;19.2
94;2021-05-08;847;1348;122973;67438;35.7;19.6
94;2021-05-09;1157;1317;124130;68755;36.0;19.9
94;2021-05-10;1334;1532;125464;70287;36.4;20.4
94;2021-05-11;1559;1571;127023;71858;36.9;20.8
94;2021-05-12;1719;1365;128742;73223;37.4;21.2
94;2021-05-13;1901;497;130643;73720;37.9;21.4
94;2021-05-14;1501;1248;132144;74968;38.3;21.8
94;2021-05-15;1447;992;133591;75960;38.8;22.0
94;2021-05-16;999;664;134590;76624;39.0;22.2
94;2021-05-17;1566;963;136156;77587;39.5;22.5
94;2021-05-18;1534;851;137690;78438;39.9;22.8
94;2021-05-19;1524;891;139214;79329;40.4;23.0
94;2021-05-20;1325;885;140539;80214;40.8;23.3
94;2021-05-21;1198;976;141737;81190;41.1;23.6
94;2021-05-22;996;694;142733;81884;41.4;23.8
94;2021-05-23;680;327;143413;82211;41.6;23.9
94;2021-05-24;161;146;143574;82357;41.7;23.9
94;2021-05-25;942;856;144516;83213;41.9;24.1
94;2021-05-26;936;1953;145452;85166;42.2;24.7
94;2021-05-27;819;2236;146271;87402;42.4;25.4
94;2021-05-28;813;1818;147084;89220;42.7;25.9
94;2021-05-29;637;1252;147721;90472;42.9;26.2
94;2021-05-30;222;548;147943;91020;42.9;26.4
94;2021-05-31;547;1241;148490;92261;43.1;26.8
94;2021-06-01;729;1765;149219;94026;43.3;27.3
94;2021-06-02;608;1924;149827;95950;43.5;27.8
94;2021-06-03;773;1642;150600;97592;43.7;28.3
94;2021-06-04;600;2343;151200;99935;43.9;29.0
94;2021-06-05;552;1931;151752;101866;44.0;29.6
94;2021-06-06;213;1040;151965;102906;44.1;29.9
94;2021-06-07;436;1605;152401;104511;44.2;30.3
94;2021-06-08;749;1865;153150;106376;44.4;30.9
94;2021-06-09;816;2463;153966;108839;44.7;31.6
94;2021-06-10;675;1780;154641;110619;44.9;32.1
94;2021-06-11;685;2290;155326;112909;45.1;32.8
94;2021-06-12;345;1200;155671;114109;45.2;33.1
