fra;clage_vacsi;jour;n_dose1;n_complet;n_cum_dose1;n_cum_complet;couv_dose1;couv_complet
FR;24;2020-12-27;1;0;1;0;0.0;0.0
FR;24;2020-12-28;2;0;3;0;0.0;0.0
FR;24;2020-12-29;0;0;3;0;0.0;0.0
FR;24;2020-12-30;0;0;3;0;0.0;0.0
FR;24;2020-12-31;0;0;3;0;0.0;0.0
FR;24;2021-01-01;1;0;4;0;0.0;0.0
FR;24;2021-01-02;0;0;4;0;0.0;0.0
FR;24;2021-01-03;2;0;6;0;0.0;0.0
FR;24;2021-01-04;4;0;10;0;0.0;0.0
FR;24;2021-01-05;17;0;27;0;0.0;0.0
FR;24;2021-01-06;36;0;63;0;0.0;0.0
FR;24;2021-01-07;180;0;243;0;0.0;0.0
FR;24;2021-01-08;216;0;459;0;0.0;0.0
FR;24;2021-01-09;40;0;499;0;0.0;0.0
FR;24;2021-01-10;35;0;534;0;0.0;0.0
FR;24;2021-01-11;251;2;785;2;0.0;0.0
FR;24;2021-01-12;395;1;1180;3;0.0;0.0
FR;24;2021-01-13;477;3;1657;6;0.0;0.0
FR;24;2021-01-14;610;5;2267;11;0.0;0.0
FR;24;2021-01-15;589;1;2856;12;0.1;0.0
FR;24;2021-01-16;116;3;2972;15;0.1;0.0
FR;24;2021-01-17;94;0;3066;15;0.1;0.0
FR;24;2021-01-18;506;3;3572;18;0.1;0.0
FR;24;2021-01-19;595;3;4167;21;0.1;0.0
FR;24;2021-01-20;649;0;4816;21;0.1;0.0
FR;24;2021-01-21;754;4;5570;25;0.1;0.0
FR;24;2021-01-22;599;3;6169;28;0.1;0.0
FR;24;2021-01-23;116;0;6285;28;0.1;0.0
FR;24;2021-01-24;22;0;6307;28;0.1;0.0
FR;24;2021-01-25;294;3;6601;31;0.1;0.0
FR;24;2021-01-26;366;11;6967;42;0.1;0.0
FR;24;2021-01-27;440;14;7407;56;0.1;0.0
FR;24;2021-01-28;595;50;8002;106;0.1;0.0
FR;24;2021-01-29;466;82;8468;188;0.2;0.0
FR;24;2021-01-30;87;16;8555;204;0.2;0.0
FR;24;2021-01-31;25;13;8580;217;0.2;0.0
FR;24;2021-02-01;155;134;8735;351;0.2;0.0
FR;24;2021-02-02;215;182;8950;533;0.2;0.0
FR;24;2021-02-03;216;185;9166;718;0.2;0.0
FR;24;2021-02-04;358;315;9524;1033;0.2;0.0
FR;24;2021-02-05;345;342;9869;1375;0.2;0.0
FR;24;2021-02-06;83;71;9952;1446;0.2;0.0
FR;24;2021-02-07;169;29;10121;1475;0.2;0.0
FR;24;2021-02-08;388;357;10509;1832;0.2;0.0
FR;24;2021-02-09;744;455;11253;2287;0.2;0.0
FR;24;2021-02-10;1087;593;12340;2880;0.2;0.1
FR;24;2021-02-11;1567;699;13907;3579;0.3;0.1
FR;24;2021-02-12;1619;557;15526;4136;0.3;0.1
FR;24;2021-02-13;290;90;15816;4226;0.3;0.1
FR;24;2021-02-14;62;30;15878;4256;0.3;0.1
FR;24;2021-02-15;1030;371;16908;4627;0.3;0.1
FR;24;2021-02-16;1560;563;18468;5190;0.3;0.1
FR;24;2021-02-17;1490;484;19958;5674;0.4;0.1
FR;24;2021-02-18;1942;615;21900;6289;0.4;0.1
FR;24;2021-02-19;1850;545;23750;6834;0.4;0.1
FR;24;2021-02-20;330;86;24080;6920;0.4;0.1
FR;24;2021-02-21;40;18;24120;6938;0.4;0.1
FR;24;2021-02-22;1150;277;25270;7215;0.5;0.1
FR;24;2021-02-23;1584;376;26854;7591;0.5;0.1
FR;24;2021-02-24;1645;321;28499;7912;0.5;0.1
FR;24;2021-02-25;2260;455;30759;8367;0.6;0.2
FR;24;2021-02-26;2176;367;32935;8734;0.6;0.2
FR;24;2021-02-27;529;78;33464;8812;0.6;0.2
FR;24;2021-02-28;92;15;33556;8827;0.6;0.2
FR;24;2021-03-01;1243;223;34799;9050;0.6;0.2
FR;24;2021-03-02;1641;281;36440;9331;0.7;0.2
FR;24;2021-03-03;1741;325;38181;9656;0.7;0.2
FR;24;2021-03-04;2101;475;40282;10131;0.7;0.2
FR;24;2021-03-05;3270;452;43552;10583;0.8;0.2
FR;24;2021-03-06;1700;123;45252;10706;0.8;0.2
FR;24;2021-03-07;977;56;46229;10762;0.9;0.2
FR;24;2021-03-08;1947;229;48176;10991;0.9;0.2
FR;24;2021-03-09;2597;273;50773;11264;0.9;0.2
FR;24;2021-03-10;2425;331;53198;11595;1.0;0.2
FR;24;2021-03-11;2913;473;56111;12068;1.0;0.2
FR;24;2021-03-12;3807;405;59918;12473;1.1;0.2
FR;24;2021-03-13;1474;87;61392;12560;1.1;0.2
FR;24;2021-03-14;531;33;61923;12593;1.1;0.2
FR;24;2021-03-15;1825;233;63748;12826;1.2;0.2
FR;24;2021-03-16;822;305;64570;13131;1.2;0.2
FR;24;2021-03-17;1066;317;65636;13448;1.2;0.2
FR;24;2021-03-18;1296;431;66932;13879;1.2;0.3
FR;24;2021-03-19;1860;353;68792;14232;1.3;0.3
FR;24;2021-03-20;831;85;69623;14317;1.3;0.3
FR;24;2021-03-21;633;52;70256;14369;1.3;0.3
FR;24;2021-03-22;1501;281;71757;14650;1.3;0.3
FR;24;2021-03-23;1793;391;73550;15041;1.4;0.3
FR;24;2021-03-24;2154;348;75704;15389;1.4;0.3
FR;24;2021-03-25;2555;487;78259;15876;1.4;0.3
FR;24;2021-03-26;3157;471;81416;16347;1.5;0.3
FR;24;2021-03-27;1895;190;83311;16537;1.5;0.3
FR;24;2021-03-28;1009;70;84320;16607;1.6;0.3
FR;24;2021-03-29;2428;354;86748;16961;1.6;0.3
FR;24;2021-03-30;3597;508;90345;17469;1.7;0.3
FR;24;2021-03-31;4121;508;94466;17977;1.7;0.3
FR;24;2021-04-01;5385;731;99851;18708;1.8;0.3
FR;24;2021-04-02;4441;609;104292;19317;1.9;0.4
FR;24;2021-04-03;1742;333;106034;19650;2.0;0.4
FR;24;2021-04-04;954;124;106988;19774;2.0;0.4
FR;24;2021-04-05;1092;127;108080;19901;2.0;0.4
FR;24;2021-04-06;3537;569;111617;20470;2.1;0.4
FR;24;2021-04-07;4758;787;116375;21257;2.1;0.4
FR;24;2021-04-08;6334;1086;122709;22343;2.3;0.4
FR;24;2021-04-09;5755;1023;128464;23366;2.4;0.4
FR;24;2021-04-10;2624;558;131088;23924;2.4;0.4
FR;24;2021-04-11;1253;306;132341;24230;2.4;0.4
FR;24;2021-04-12;3417;907;135758;25137;2.5;0.5
FR;24;2021-04-13;4725;1134;140483;26271;2.6;0.5
FR;24;2021-04-14;4907;1286;145390;27557;2.7;0.5
FR;24;2021-04-15;5141;1549;150531;29106;2.8;0.5
FR;24;2021-04-16;4769;1653;155300;30759;2.9;0.6
FR;24;2021-04-17;2110;790;157410;31549;2.9;0.6
FR;24;2021-04-18;720;430;158130;31979;2.9;0.6
FR;24;2021-04-19;2907;1503;161037;33482;3.0;0.6
FR;24;2021-04-20;3081;2108;164118;35590;3.0;0.7
FR;24;2021-04-21;3388;2442;167506;38032;3.1;0.7
FR;24;2021-04-22;3982;3105;171488;41137;3.2;0.8
FR;24;2021-04-23;4127;3259;175615;44396;3.2;0.8
FR;24;2021-04-24;2361;1666;177976;46062;3.3;0.8
FR;24;2021-04-25;1203;797;179179;46859;3.3;0.9
FR;24;2021-04-26;3032;2164;182211;49023;3.4;0.9
FR;24;2021-04-27;3856;3145;186067;52168;3.4;1.0
FR;24;2021-04-28;4342;3718;190409;55886;3.5;1.0
FR;24;2021-04-29;5410;4416;195819;60302;3.6;1.1
FR;24;2021-04-30;6128;4580;201947;64882;3.7;1.2
FR;24;2021-05-01;3821;1067;205768;65949;3.8;1.2
FR;24;2021-05-02;2734;895;208502;66844;3.8;1.2
FR;24;2021-05-03;6167;4118;214669;70962;4.0;1.3
FR;24;2021-05-04;7418;4694;222087;75656;4.1;1.4
FR;24;2021-05-05;8529;4907;230616;80563;4.3;1.5
FR;24;2021-05-06;10719;6332;241335;86895;4.4;1.6
FR;24;2021-05-07;11916;6361;253251;93256;4.7;1.7
FR;24;2021-05-08;9459;2476;262710;95732;4.8;1.8
FR;24;2021-05-09;6857;1921;269567;97653;5.0;1.8
FR;24;2021-05-10;10870;4905;280437;102558;5.2;1.9
FR;24;2021-05-11;15340;5701;295777;108259;5.5;2.0
FR;24;2021-05-12;22259;6058;318036;114317;5.9;2.1
FR;24;2021-05-13;26917;2957;344953;117274;6.4;2.2
FR;24;2021-05-14;31716;5422;376669;122696;6.9;2.3
FR;24;2021-05-15;33148;3855;409817;126551;7.6;2.3
FR;24;2021-05-16;21857;1943;431674;128494;8.0;2.4
FR;24;2021-05-17;29097;5125;460771;133619;8.5;2.5
FR;24;2021-05-18;36815;5937;497586;139556;9.2;2.6
FR;24;2021-05-19;39058;6925;536644;146481;9.9;2.7
FR;24;2021-05-20;44584;7268;581228;153749;10.7;2.8
FR;29;2020-12-27;0;0;0;0;0.0;0.0
FR;29;2020-12-28;1;0;1;0;0.0;0.0
FR;29;2020-12-29;0;0;1;0;0.0;0.0
FR;29;2020-12-30;0;0;1;0;0.0;0.0
FR;29;2020-12-31;0;0;1;0;0.0;0.0
FR;29;2021-01-01;2;0;3;0;0.0;0.0
FR;29;2021-01-02;2;0;5;0;0.0;0.0
FR;29;2021-01-03;2;0;7;0;0.0;0.0
FR;29;2021-01-04;10;0;17;0;0.0;0.0
FR;29;2021-01-05;42;0;59;0;0.0;0.0
FR;29;2021-01-06;142;0;201;0;0.0;0.0
FR;29;2021-01-07;306;1;507;1;0.0;0.0
FR;29;2021-01-08;517;2;1024;3;0.0;0.0
FR;29;2021-01-09;113;0;1137;3;0.0;0.0
FR;29;2021-01-10;91;0;1228;3;0.0;0.0
FR;29;2021-01-11;642;1;1870;4;0.1;0.0
FR;29;2021-01-12;929;4;2799;8;0.1;0.0
FR;29;2021-01-13;1211;3;4010;11;0.1;0.0
FR;29;2021-01-14;1559;9;5569;20;0.1;0.0
FR;29;2021-01-15;1304;2;6873;22;0.2;0.0
FR;29;2021-01-16;192;3;7065;25;0.2;0.0
FR;29;2021-01-17;158;0;7223;25;0.2;0.0
FR;29;2021-01-18;1039;4;8262;29;0.2;0.0
FR;29;2021-01-19;1145;5;9407;34;0.3;0.0
FR;29;2021-01-20;1192;2;10599;36;0.3;0.0
FR;29;2021-01-21;1449;5;12048;41;0.3;0.0
FR;29;2021-01-22;1145;4;13193;45;0.4;0.0
FR;29;2021-01-23;168;2;13361;47;0.4;0.0
FR;29;2021-01-24;52;0;13413;47;0.4;0.0
FR;29;2021-01-25;537;16;13950;63;0.4;0.0
FR;29;2021-01-26;662;35;14612;98;0.4;0.0
FR;29;2021-01-27;719;60;15331;158;0.4;0.0
FR;29;2021-01-28;1033;120;16364;278;0.4;0.0
FR;29;2021-01-29;801;170;17165;448;0.5;0.0
FR;29;2021-01-30;140;39;17305;487;0.5;0.0
FR;29;2021-01-31;33;26;17338;513;0.5;0.0
FR;29;2021-02-01;261;291;17599;804;0.5;0.0
FR;29;2021-02-02;403;372;18002;1176;0.5;0.0
FR;29;2021-02-03;454;458;18456;1634;0.5;0.0
FR;29;2021-02-04;607;716;19063;2350;0.5;0.1
FR;29;2021-02-05;532;746;19595;3096;0.5;0.1
FR;29;2021-02-06;141;106;19736;3202;0.5;0.1
FR;29;2021-02-07;304;62;20040;3264;0.5;0.1
FR;29;2021-02-08;602;800;20642;4064;0.6;0.1
FR;29;2021-02-09;1244;1006;21886;5070;0.6;0.1
FR;29;2021-02-10;1710;1125;23596;6195;0.6;0.2
FR;29;2021-02-11;2457;1397;26053;7592;0.7;0.2
FR;29;2021-02-12;2209;1204;28262;8796;0.8;0.2
FR;29;2021-02-13;423;155;28685;8951;0.8;0.2
FR;29;2021-02-14;133;81;28818;9032;0.8;0.2
FR;29;2021-02-15;1567;776;30385;9808;0.8;0.3
FR;29;2021-02-16;1910;1136;32295;10944;0.9;0.3
FR;29;2021-02-17;1882;927;34177;11871;0.9;0.3
FR;29;2021-02-18;2385;1142;36562;13013;1.0;0.4
FR;29;2021-02-19;2316;926;38878;13939;1.0;0.4
FR;29;2021-02-20;383;120;39261;14059;1.1;0.4
FR;29;2021-02-21;86;42;39347;14101;1.1;0.4
FR;29;2021-02-22;1350;516;40697;14617;1.1;0.4
FR;29;2021-02-23;1753;634;42450;15251;1.1;0.4
FR;29;2021-02-24;1780;523;44230;15774;1.2;0.4
FR;29;2021-02-25;2389;901;46619;16675;1.3;0.4
FR;29;2021-02-26;2564;629;49183;17304;1.3;0.5
FR;29;2021-02-27;607;104;49790;17408;1.3;0.5
FR;29;2021-02-28;112;27;49902;17435;1.3;0.5
FR;29;2021-03-01;1282;330;51184;17765;1.4;0.5
FR;29;2021-03-02;1787;564;52971;18329;1.4;0.5
FR;29;2021-03-03;1966;561;54937;18890;1.5;0.5
FR;29;2021-03-04;2444;715;57381;19605;1.5;0.5
FR;29;2021-03-05;3592;668;60973;20273;1.6;0.5
FR;29;2021-03-06;1622;130;62595;20403;1.7;0.5
FR;29;2021-03-07;819;97;63414;20500;1.7;0.6
FR;29;2021-03-08;1937;364;65351;20864;1.8;0.6
FR;29;2021-03-09;2633;441;67984;21305;1.8;0.6
FR;29;2021-03-10;2549;469;70533;21774;1.9;0.6
FR;29;2021-03-11;3321;767;73854;22541;2.0;0.6
FR;29;2021-03-12;3947;681;77801;23222;2.1;0.6
FR;29;2021-03-13;1618;124;79419;23346;2.1;0.6
FR;29;2021-03-14;562;57;79981;23403;2.2;0.6
FR;29;2021-03-15;1880;336;81861;23739;2.2;0.6
FR;29;2021-03-16;1116;489;82977;24228;2.2;0.7
FR;29;2021-03-17;1374;490;84351;24718;2.3;0.7
FR;29;2021-03-18;1639;659;85990;25377;2.3;0.7
FR;29;2021-03-19;2220;536;88210;25913;2.4;0.7
FR;29;2021-03-20;987;123;89197;26036;2.4;0.7
FR;29;2021-03-21;725;58;89922;26094;2.4;0.7
FR;29;2021-03-22;1655;398;91577;26492;2.5;0.7
FR;29;2021-03-23;2204;586;93781;27078;2.5;0.7
FR;29;2021-03-24;2525;551;96306;27629;2.6;0.7
FR;29;2021-03-25;3370;662;99676;28291;2.7;0.8
FR;29;2021-03-26;3726;669;103402;28960;2.8;0.8
FR;29;2021-03-27;2143;239;105545;29199;2.8;0.8
FR;29;2021-03-28;963;61;106508;29260;2.9;0.8
FR;29;2021-03-29;2749;501;109257;29761;2.9;0.8
FR;29;2021-03-30;3978;690;113235;30451;3.0;0.8
FR;29;2021-03-31;4489;773;117724;31224;3.2;0.8
FR;29;2021-04-01;5837;975;123561;32199;3.3;0.9
FR;29;2021-04-02;4875;887;128436;33086;3.5;0.9
FR;29;2021-04-03;1763;325;130199;33411;3.5;0.9
FR;29;2021-04-04;897;115;131096;33526;3.5;0.9
FR;29;2021-04-05;915;111;132011;33637;3.6;0.9
FR;29;2021-04-06;3488;734;135499;34371;3.6;0.9
FR;29;2021-04-07;4525;1083;140024;35454;3.8;1.0
FR;29;2021-04-08;6242;1405;146266;36859;3.9;1.0
FR;29;2021-04-09;6263;1242;152529;38101;4.1;1.0
FR;29;2021-04-10;2644;608;155173;38709;4.2;1.0
FR;29;2021-04-11;1161;331;156334;39040;4.2;1.1
FR;29;2021-04-12;3565;1017;159899;40057;4.3;1.1
FR;29;2021-04-13;4823;1468;164722;41525;4.4;1.1
FR;29;2021-04-14;4736;1489;169458;43014;4.6;1.2
FR;29;2021-04-15;5544;1786;175002;44800;4.7;1.2
FR;29;2021-04-16;4736;1855;179738;46655;4.8;1.3
FR;29;2021-04-17;2221;906;181959;47561;4.9;1.3
FR;29;2021-04-18;767;516;182726;48077;4.9;1.3
FR;29;2021-04-19;2836;1740;185562;49817;5.0;1.3
FR;29;2021-04-20;3452;2471;189014;52288;5.1;1.4
FR;29;2021-04-21;3426;2757;192440;55045;5.2;1.5
FR;29;2021-04-22;4397;3806;196837;58851;5.3;1.6
FR;29;2021-04-23;4527;3730;201364;62581;5.4;1.7
FR;29;2021-04-24;2664;1809;204028;64390;5.5;1.7
FR;29;2021-04-25;1165;731;205193;65121;5.5;1.8
FR;29;2021-04-26;2920;2448;208113;67569;5.6;1.8
FR;29;2021-04-27;3947;3580;212060;71149;5.7;1.9
FR;29;2021-04-28;4591;3993;216651;75142;5.8;2.0
FR;29;2021-04-29;5809;4943;222460;80085;6.0;2.2
FR;29;2021-04-30;6388;5158;228848;85243;6.2;2.3
FR;29;2021-05-01;4076;1201;232924;86444;6.3;2.3
FR;29;2021-05-02;2591;905;235515;87349;6.3;2.4
FR;29;2021-05-03;6726;4269;242241;91618;6.5;2.5
FR;29;2021-05-04;7993;5153;250234;96771;6.7;2.6
FR;29;2021-05-05;9415;5138;259649;101909;7.0;2.7
FR;29;2021-05-06;11084;6484;270733;108393;7.3;2.9
FR;29;2021-05-07;11538;6555;282271;114948;7.6;3.1
FR;29;2021-05-08;8398;2216;290669;117164;7.8;3.2
FR;29;2021-05-09;5899;1737;296568;118901;8.0;3.2
FR;29;2021-05-10;10495;5236;307063;124137;8.3;3.3
FR;29;2021-05-11;14421;6306;321484;130443;8.6;3.5
FR;29;2021-05-12;19489;6216;340973;136659;9.2;3.7
FR;29;2021-05-13;19442;2287;360415;138946;9.7;3.7
FR;29;2021-05-14;22061;4314;382476;143260;10.3;3.9
FR;29;2021-05-15;20868;2895;403344;146155;10.9;3.9
FR;29;2021-05-16;13370;1312;416714;147467;11.2;4.0
FR;29;2021-05-17;21251;4889;437965;152356;11.8;4.1
FR;29;2021-05-18;27614;5632;465579;157988;12.5;4.3
FR;29;2021-05-19;28201;5894;493780;163882;13.3;4.4
FR;29;2021-05-20;31794;6410;525574;170292;14.1;4.6
FR;39;2020-12-27;0;0;0;0;0.0;0.0
FR;39;2020-12-28;0;0;0;0;0.0;0.0
FR;39;2020-12-29;1;0;1;0;0.0;0.0
FR;39;2020-12-30;3;0;4;0;0.0;0.0
FR;39;2020-12-31;1;0;5;0;0.0;0.0
FR;39;2021-01-01;4;0;9;0;0.0;0.0
FR;39;2021-01-02;2;1;11;1;0.0;0.0
FR;39;2021-01-03;2;0;13;1;0.0;0.0
FR;39;2021-01-04;23;0;36;1;0.0;0.0
FR;39;2021-01-05;139;0;175;1;0.0;0.0
FR;39;2021-01-06;384;0;559;1;0.0;0.0
FR;39;2021-01-07;1174;5;1733;6;0.0;0.0
FR;39;2021-01-08;1782;3;3515;9;0.0;0.0
FR;39;2021-01-09;473;0;3988;9;0.0;0.0
FR;39;2021-01-10;307;1;4295;10;0.1;0.0
FR;39;2021-01-11;2204;6;6499;16;0.1;0.0
FR;39;2021-01-12;3392;11;9891;27;0.1;0.0
FR;39;2021-01-13;3482;7;13373;34;0.2;0.0
FR;39;2021-01-14;4764;45;18137;79;0.2;0.0
FR;39;2021-01-15;4382;13;22519;92;0.3;0.0
FR;39;2021-01-16;768;4;23287;96;0.3;0.0
FR;39;2021-01-17;488;2;23775;98;0.3;0.0
FR;39;2021-01-18;3062;21;26837;119;0.3;0.0
FR;39;2021-01-19;3995;15;30832;134;0.4;0.0
FR;39;2021-01-20;3892;12;34724;146;0.4;0.0
FR;39;2021-01-21;5121;17;39845;163;0.5;0.0
FR;39;2021-01-22;3942;20;43787;183;0.5;0.0
FR;39;2021-01-23;590;3;44377;186;0.5;0.0
FR;39;2021-01-24;184;0;44561;186;0.5;0.0
FR;39;2021-01-25;1592;39;46153;225;0.6;0.0
FR;39;2021-01-26;2162;96;48315;321;0.6;0.0
FR;39;2021-01-27;2277;207;50592;528;0.6;0.0
FR;39;2021-01-28;3469;465;54061;993;0.7;0.0
FR;39;2021-01-29;2671;693;56732;1686;0.7;0.0
FR;39;2021-01-30;394;215;57126;1901;0.7;0.0
FR;39;2021-01-31;89;78;57215;1979;0.7;0.0
FR;39;2021-02-01;747;1057;57962;3036;0.7;0.0
FR;39;2021-02-02;1327;1646;59289;4682;0.7;0.1
FR;39;2021-02-03;1355;1653;60644;6335;0.7;0.1
FR;39;2021-02-04;1971;2531;62615;8866;0.8;0.1
FR;39;2021-02-05;1638;2701;64253;11567;0.8;0.1
FR;39;2021-02-06;397;431;64650;11998;0.8;0.1
FR;39;2021-02-07;553;206;65203;12204;0.8;0.1
FR;39;2021-02-08;1513;2412;66716;14616;0.8;0.2
FR;39;2021-02-09;3159;3355;69875;17971;0.8;0.2
FR;39;2021-02-10;3877;3491;73752;21462;0.9;0.3
FR;39;2021-02-11;6146;4810;79898;26272;1.0;0.3
FR;39;2021-02-12;5800;3954;85698;30226;1.0;0.4
FR;39;2021-02-13;1237;540;86935;30766;1.0;0.4
FR;39;2021-02-14;386;262;87321;31028;1.1;0.4
FR;39;2021-02-15;3412;2366;90733;33394;1.1;0.4
FR;39;2021-02-16;4411;3317;95144;36711;1.1;0.4
FR;39;2021-02-17;3981;2838;99125;39549;1.2;0.5
FR;39;2021-02-18;5965;3846;105090;43395;1.3;0.5
FR;39;2021-02-19;5807;3039;110897;46434;1.3;0.6
FR;39;2021-02-20;1134;464;112031;46898;1.4;0.6
FR;39;2021-02-21;185;118;112216;47016;1.4;0.6
FR;39;2021-02-22;2972;1640;115188;48656;1.4;0.6
FR;39;2021-02-23;3898;1895;119086;50551;1.4;0.6
FR;39;2021-02-24;3710;1685;122796;52236;1.5;0.6
FR;39;2021-02-25;5584;2498;128380;54734;1.5;0.7
FR;39;2021-02-26;6055;1880;134435;56614;1.6;0.7
FR;39;2021-02-27;1656;300;136091;56914;1.6;0.7
FR;39;2021-02-28;240;119;136331;57033;1.6;0.7
FR;39;2021-03-01;2917;980;139248;58013;1.7;0.7
FR;39;2021-03-02;4205;1582;143453;59595;1.7;0.7
FR;39;2021-03-03;4207;1491;147660;61086;1.8;0.7
FR;39;2021-03-04;6239;2262;153899;63348;1.9;0.8
FR;39;2021-03-05;9092;2031;162991;65379;2.0;0.8
FR;39;2021-03-06;4899;391;167890;65770;2.0;0.8
FR;39;2021-03-07;2633;235;170523;66005;2.1;0.8
FR;39;2021-03-08;4659;1084;175182;67089;2.1;0.8
FR;39;2021-03-09;6829;1447;182011;68536;2.2;0.8
FR;39;2021-03-10;6065;1483;188076;70019;2.3;0.8
FR;39;2021-03-11;8625;2330;196701;72349;2.4;0.9
FR;39;2021-03-12;11388;2045;208089;74394;2.5;0.9
FR;39;2021-03-13;5205;400;213294;74794;2.6;0.9
FR;39;2021-03-14;1745;147;215039;74941;2.6;0.9
FR;39;2021-03-15;4752;1016;219791;75957;2.6;0.9
FR;39;2021-03-16;3358;1391;223149;77348;2.7;0.9
FR;39;2021-03-17;3431;1478;226580;78826;2.7;1.0
FR;39;2021-03-18;4638;1957;231218;80783;2.8;1.0
FR;39;2021-03-19;6242;1611;237460;82394;2.9;1.0
FR;39;2021-03-20;3167;353;240627;82747;2.9;1.0
FR;39;2021-03-21;2069;162;242696;82909;2.9;1.0
FR;39;2021-03-22;4438;1077;247134;83986;3.0;1.0
FR;39;2021-03-23;6152;1636;253286;85622;3.1;1.0
FR;39;2021-03-24;6296;1340;259582;86962;3.1;1.0
FR;39;2021-03-25;9039;1705;268621;88667;3.2;1.1
FR;39;2021-03-26;10626;1667;279247;90334;3.4;1.1
FR;39;2021-03-27;5988;594;285235;90928;3.4;1.1
FR;39;2021-03-28;2730;175;287965;91103;3.5;1.1
FR;39;2021-03-29;7180;1260;295145;92363;3.6;1.1
FR;39;2021-03-30;10501;1842;305646;94205;3.7;1.1
FR;39;2021-03-31;11130;1802;316776;96007;3.8;1.2
FR;39;2021-04-01;14953;2574;331729;98581;4.0;1.2
FR;39;2021-04-02;13240;2403;344969;100984;4.2;1.2
FR;39;2021-04-03;5600;1002;350569;101986;4.2;1.2
FR;39;2021-04-04;2521;338;353090;102324;4.3;1.2
FR;39;2021-04-05;2529;318;355619;102642;4.3;1.2
FR;39;2021-04-06;9243;2254;364862;104896;4.4;1.3
FR;39;2021-04-07;12152;2705;377014;107601;4.5;1.3
FR;39;2021-04-08;16789;3631;393803;111232;4.7;1.3
FR;39;2021-04-09;16825;3562;410628;114794;5.0;1.4
FR;39;2021-04-10;7406;1926;418034;116720;5.0;1.4
FR;39;2021-04-11;2982;978;421016;117698;5.1;1.4
FR;39;2021-04-12;9570;2737;430586;120435;5.2;1.5
FR;39;2021-04-13;12885;3963;443471;124398;5.3;1.5
FR;39;2021-04-14;12820;3814;456291;128212;5.5;1.5
FR;39;2021-04-15;14642;4765;470933;132977;5.7;1.6
FR;39;2021-04-16;12663;5245;483596;138222;5.8;1.7
FR;39;2021-04-17;6095;2703;489691;140925;5.9;1.7
FR;39;2021-04-18;2251;1554;491942;142479;5.9;1.7
FR;39;2021-04-19;7836;4672;499778;147151;6.0;1.8
FR;39;2021-04-20;9324;6697;509102;153848;6.1;1.9
FR;39;2021-04-21;10168;7140;519270;160988;6.3;1.9
FR;39;2021-04-22;11790;10268;531060;171256;6.4;2.1
FR;39;2021-04-23;12086;10454;543146;181710;6.5;2.2
FR;39;2021-04-24;7758;5063;550904;186773;6.6;2.3
FR;39;2021-04-25;3417;2147;554321;188920;6.7;2.3
FR;39;2021-04-26;8478;6940;562799;195860;6.8;2.4
FR;39;2021-04-27;11732;9523;574531;205383;6.9;2.5
FR;39;2021-04-28;13094;10014;587625;215397;7.1;2.6
FR;39;2021-04-29;17057;12910;604682;228307;7.3;2.8
FR;39;2021-04-30;19657;13216;624339;241523;7.5;2.9
FR;39;2021-05-01;13193;3519;637532;245042;7.7;3.0
FR;39;2021-05-02;9275;2486;646807;247528;7.8;3.0
FR;39;2021-05-03;22080;11282;668887;258810;8.1;3.1
FR;39;2021-05-04;26620;13913;695507;272723;8.4;3.3
FR;39;2021-05-05;30370;14212;725877;286935;8.8;3.5
FR;39;2021-05-06;36843;17621;762720;304556;9.2;3.7
FR;39;2021-05-07;38199;18452;800919;323008;9.7;3.9
FR;39;2021-05-08;27755;5524;828674;328532;10.0;4.0
FR;39;2021-05-09;18765;4284;847439;332816;10.2;4.0
FR;39;2021-05-10;33594;14425;881033;347241;10.6;4.2
FR;39;2021-05-11;43854;17031;924887;364272;11.1;4.4
FR;39;2021-05-12;55421;16079;980308;380351;11.8;4.6
FR;39;2021-05-13;52622;5545;1032930;385896;12.5;4.7
FR;39;2021-05-14;61376;10889;1094306;396785;13.2;4.8
FR;39;2021-05-15;55523;6777;1149829;403562;13.9;4.9
FR;39;2021-05-16;36036;3073;1185865;406635;14.3;4.9
FR;39;2021-05-17;55828;11822;1241693;418457;15.0;5.0
FR;39;2021-05-18;69642;13459;1311335;431916;15.8;5.2
FR;39;2021-05-19;73238;13969;1384573;445885;16.7;5.4
FR;39;2021-05-20;81183;14726;1465756;460611;17.7;5.6
FR;49;2020-12-27;2;0;2;0;0.0;0.0
FR;49;2020-12-28;2;0;4;0;0.0;0.0
FR;49;2020-12-29;1;0;5;0;0.0;0.0
FR;49;2020-12-30;6;0;11;0;0.0;0.0
FR;49;2020-12-31;1;0;12;0;0.0;0.0
FR;49;2021-01-01;3;0;15;0;0.0;0.0
FR;49;2021-01-02;9;0;24;0;0.0;0.0
FR;49;2021-01-03;4;0;28;0;0.0;0.0
FR;49;2021-01-04;86;0;114;0;0.0;0.0
FR;49;2021-01-05;333;1;447;1;0.0;0.0
FR;49;2021-01-06;855;3;1302;4;0.0;0.0
FR;49;2021-01-07;2158;6;3460;10;0.0;0.0
FR;49;2021-01-08;3360;7;6820;17;0.1;0.0
FR;49;2021-01-09;1000;1;7820;18;0.1;0.0
FR;49;2021-01-10;472;1;8292;19;0.1;0.0
FR;49;2021-01-11;4166;8;12458;27;0.1;0.0
FR;49;2021-01-12;5849;10;18307;37;0.2;0.0
FR;49;2021-01-13;6138;13;24445;50;0.3;0.0
FR;49;2021-01-14;8315;65;32760;115;0.4;0.0
FR;49;2021-01-15;7593;20;40353;135;0.5;0.0
FR;49;2021-01-16;1415;9;41768;144;0.5;0.0
FR;49;2021-01-17;619;5;42387;149;0.5;0.0
FR;49;2021-01-18;5052;16;47439;165;0.6;0.0
FR;49;2021-01-19;6799;13;54238;178;0.6;0.0
FR;49;2021-01-20;6610;19;60848;197;0.7;0.0
FR;49;2021-01-21;8372;24;69220;221;0.8;0.0
FR;49;2021-01-22;6239;29;75459;250;0.9;0.0
FR;49;2021-01-23;1014;6;76473;256;0.9;0.0
FR;49;2021-01-24;282;3;76755;259;0.9;0.0
FR;49;2021-01-25;2608;95;79363;354;0.9;0.0
FR;49;2021-01-26;3717;218;83080;572;1.0;0.0
FR;49;2021-01-27;3971;387;87051;959;1.0;0.0
FR;49;2021-01-28;5528;968;92579;1927;1.1;0.0
FR;49;2021-01-29;4391;1555;96970;3482;1.1;0.0
FR;49;2021-01-30;689;377;97659;3859;1.1;0.0
FR;49;2021-01-31;137;125;97796;3984;1.1;0.0
FR;49;2021-02-01;1362;2087;99158;6071;1.2;0.1
FR;49;2021-02-02;2264;3196;101422;9267;1.2;0.1
FR;49;2021-02-03;2291;3375;103713;12642;1.2;0.1
FR;49;2021-02-04;3348;4765;107061;17407;1.2;0.2
FR;49;2021-02-05;2787;4881;109848;22288;1.3;0.3
FR;49;2021-02-06;566;886;110414;23174;1.3;0.3
FR;49;2021-02-07;520;291;110934;23465;1.3;0.3
FR;49;2021-02-08;1934;4048;112868;27513;1.3;0.3
FR;49;2021-02-09;4326;5723;117194;33236;1.4;0.4
FR;49;2021-02-10;5487;6030;122681;39266;1.4;0.5
FR;49;2021-02-11;7967;7938;130648;47204;1.5;0.5
FR;49;2021-02-12;7283;6414;137931;53618;1.6;0.6
FR;49;2021-02-13;1692;1010;139623;54628;1.6;0.6
FR;49;2021-02-14;405;405;140028;55033;1.6;0.6
FR;49;2021-02-15;4106;3857;144134;58890;1.7;0.7
FR;49;2021-02-16;5369;5307;149503;64197;1.7;0.7
FR;49;2021-02-17;5128;4633;154631;68830;1.8;0.8
FR;49;2021-02-18;7467;6162;162098;74992;1.9;0.9
FR;49;2021-02-19;7032;4845;169130;79837;2.0;0.9
FR;49;2021-02-20;1489;786;170619;80623;2.0;0.9
FR;49;2021-02-21;276;224;170895;80847;2.0;0.9
FR;49;2021-02-22;3521;2637;174416;83484;2.0;1.0
FR;49;2021-02-23;4844;3106;179260;86590;2.1;1.0
FR;49;2021-02-24;4879;2813;184139;89403;2.1;1.0
FR;49;2021-02-25;7539;4124;191678;93527;2.2;1.1
FR;49;2021-02-26;8231;3118;199909;96645;2.3;1.1
FR;49;2021-02-27;2668;553;202577;97198;2.4;1.1
FR;49;2021-02-28;330;136;202907;97334;2.4;1.1
FR;49;2021-03-01;3781;1608;206688;98942;2.4;1.2
FR;49;2021-03-02;5735;2429;212423;101371;2.5;1.2
FR;49;2021-03-03;5959;2446;218382;103817;2.5;1.2
FR;49;2021-03-04;8835;3390;227217;107207;2.6;1.2
FR;49;2021-03-05;12461;3119;239678;110326;2.8;1.3
FR;49;2021-03-06;8527;572;248205;110898;2.9;1.3
FR;49;2021-03-07;4666;376;252871;111274;2.9;1.3
FR;49;2021-03-08;6354;1611;259225;112885;3.0;1.3
FR;49;2021-03-09;9446;2219;268671;115104;3.1;1.3
FR;49;2021-03-10;8881;2267;277552;117371;3.2;1.4
FR;49;2021-03-11;12709;3316;290261;120687;3.4;1.4
FR;49;2021-03-12;16349;2805;306610;123492;3.6;1.4
FR;49;2021-03-13;9498;572;316108;124064;3.7;1.4
FR;49;2021-03-14;3124;226;319232;124290;3.7;1.4
FR;49;2021-03-15;6840;1421;326072;125711;3.8;1.5
FR;49;2021-03-16;4612;2104;330684;127815;3.8;1.5
FR;49;2021-03-17;5154;1977;335838;129792;3.9;1.5
FR;49;2021-03-18;6523;2742;342361;132534;4.0;1.5
FR;49;2021-03-19;9457;2250;351818;134784;4.1;1.6
FR;49;2021-03-20;5861;548;357679;135332;4.2;1.6
FR;49;2021-03-21;3142;198;360821;135530;4.2;1.6
FR;49;2021-03-22;6278;1452;367099;136982;4.3;1.6
FR;49;2021-03-23;8567;2118;375666;139100;4.4;1.6
FR;49;2021-03-24;9481;1933;385147;141033;4.5;1.6
FR;49;2021-03-25;12308;2299;397455;143332;4.6;1.7
FR;49;2021-03-26;14673;2253;412128;145585;4.8;1.7
FR;49;2021-03-27;9344;799;421472;146384;4.9;1.7
FR;49;2021-03-28;3847;288;425319;146672;4.9;1.7
FR;49;2021-03-29;9841;1795;435160;148467;5.1;1.7
FR;49;2021-03-30;14235;2612;449395;151079;5.2;1.8
FR;49;2021-03-31;15502;2682;464897;153761;5.4;1.8
FR;49;2021-04-01;19756;3589;484653;157350;5.6;1.8
FR;49;2021-04-02;17408;3343;502061;160693;5.8;1.9
FR;49;2021-04-03;9316;1800;511377;162493;6.0;1.9
FR;49;2021-04-04;4110;616;515487;163109;6.0;1.9
FR;49;2021-04-05;4197;515;519684;163624;6.0;1.9
FR;49;2021-04-06;13135;3312;532819;166936;6.2;1.9
FR;49;2021-04-07;17579;4161;550398;171097;6.4;2.0
FR;49;2021-04-08;22293;5067;572691;176164;6.7;2.1
FR;49;2021-04-09;23387;5225;596078;181389;6.9;2.1
FR;49;2021-04-10;12406;3351;608484;184740;7.1;2.1
FR;49;2021-04-11;4459;1667;612943;186407;7.1;2.2
FR;49;2021-04-12;14075;3727;627018;190134;7.3;2.2
FR;49;2021-04-13;18597;5685;645615;195819;7.5;2.3
FR;49;2021-04-14;19299;5886;664914;201705;7.7;2.3
FR;49;2021-04-15;20149;6927;685063;208632;8.0;2.4
FR;49;2021-04-16;17279;7240;702342;215872;8.2;2.5
FR;49;2021-04-17;9805;4618;712147;220490;8.3;2.6
FR;49;2021-04-18;3343;2277;715490;222767;8.3;2.6
FR;49;2021-04-19;11864;6339;727354;229106;8.5;2.7
FR;49;2021-04-20;13976;8952;741330;238058;8.6;2.8
FR;49;2021-04-21;15744;10063;757074;248121;8.8;2.9
FR;49;2021-04-22;17346;13049;774420;261170;9.0;3.0
FR;49;2021-04-23;17821;13987;792241;275157;9.2;3.2
FR;49;2021-04-24;12493;7764;804734;282921;9.4;3.3
FR;49;2021-04-25;5277;3107;810011;286028;9.4;3.3
FR;49;2021-04-26;13373;9887;823384;295915;9.6;3.4
FR;49;2021-04-27;18411;13020;841795;308935;9.8;3.6
FR;49;2021-04-28;22279;14460;864074;323395;10.1;3.8
FR;49;2021-04-29;27051;17176;891125;340571;10.4;4.0
FR;49;2021-04-30;31470;17967;922595;358538;10.7;4.2
FR;49;2021-05-01;23570;5658;946165;364196;11.0;4.2
FR;49;2021-05-02;16377;3837;962542;368033;11.2;4.3
FR;49;2021-05-03;38820;15455;1001362;383488;11.7;4.5
FR;49;2021-05-04;45943;20216;1047305;403704;12.2;4.7
FR;49;2021-05-05;54924;21532;1102229;425236;12.8;4.9
FR;49;2021-05-06;61808;24495;1164037;449731;13.5;5.2
FR;49;2021-05-07;64961;25887;1228998;475618;14.3;5.5
FR;49;2021-05-08;49560;8964;1278558;484582;14.9;5.6
FR;49;2021-05-09;32154;6214;1310712;490796;15.3;5.7
FR;49;2021-05-10;56653;20555;1367365;511351;15.9;6.0
FR;49;2021-05-11;71327;23749;1438692;535100;16.7;6.2
FR;49;2021-05-12;88565;23758;1527257;558858;17.8;6.5
FR;49;2021-05-13;79218;7646;1606475;566504;18.7;6.6
FR;49;2021-05-14;95151;15551;1701626;582055;19.8;6.8
FR;49;2021-05-15;85121;10677;1786747;592732;20.8;6.9
FR;49;2021-05-16;53080;4462;1839827;597194;21.4;6.9
FR;49;2021-05-17;81154;16169;1920981;613363;22.4;7.1
FR;49;2021-05-18;96345;17645;2017326;631008;23.5;7.3
FR;49;2021-05-19;108372;19174;2125698;650182;24.7;7.6
FR;49;2021-05-20;111506;19441;2237204;669623;26.0;7.8
FR;59;2020-12-27;2;0;2;0;0.0;0.0
FR;59;2020-12-28;6;0;8;0;0.0;0.0
FR;59;2020-12-29;2;0;10;0;0.0;0.0
FR;59;2020-12-30;6;0;16;0;0.0;0.0
FR;59;2020-12-31;9;0;25;0;0.0;0.0
FR;59;2021-01-01;24;1;49;1;0.0;0.0
FR;59;2021-01-02;26;0;75;1;0.0;0.0
FR;59;2021-01-03;36;0;111;1;0.0;0.0
FR;59;2021-01-04;592;1;703;2;0.0;0.0
FR;59;2021-01-05;2165;1;2868;3;0.0;0.0
FR;59;2021-01-06;4800;8;7668;11;0.1;0.0
FR;59;2021-01-07;10506;20;18174;31;0.2;0.0
FR;59;2021-01-08;14289;15;32463;46;0.4;0.0
FR;59;2021-01-09;4054;7;36517;53;0.4;0.0
FR;59;2021-01-10;1984;1;38501;54;0.4;0.0
FR;59;2021-01-11;15919;19;54420;73;0.6;0.0
FR;59;2021-01-12;21094;27;75514;100;0.9;0.0
FR;59;2021-01-13;22677;34;98191;134;1.1;0.0
FR;59;2021-01-14;24725;214;122916;348;1.4;0.0
FR;59;2021-01-15;21556;83;144472;431;1.6;0.0
FR;59;2021-01-16;5371;17;149843;448;1.7;0.0
FR;59;2021-01-17;1801;7;151644;455;1.7;0.0
FR;59;2021-01-18;13565;50;165209;505;1.9;0.0
FR;59;2021-01-19;17923;61;183132;566;2.1;0.0
FR;59;2021-01-20;17026;61;200158;627;2.3;0.0
FR;59;2021-01-21;18709;46;218867;673;2.5;0.0
FR;59;2021-01-22;13873;68;232740;741;2.6;0.0
FR;59;2021-01-23;2949;19;235689;760;2.7;0.0
FR;59;2021-01-24;825;12;236514;772;2.7;0.0
FR;59;2021-01-25;6696;604;243210;1376;2.8;0.0
FR;59;2021-01-26;8387;1367;251597;2743;2.9;0.0
FR;59;2021-01-27;8790;2385;260387;5128;3.0;0.1
FR;59;2021-01-28;10442;5019;270829;10147;3.1;0.1
FR;59;2021-01-29;7826;6637;278655;16784;3.2;0.2
FR;59;2021-01-30;1755;1510;280410;18294;3.2;0.2
FR;59;2021-01-31;370;546;280780;18840;3.2;0.2
FR;59;2021-02-01;3144;8736;283924;27576;3.2;0.3
FR;59;2021-02-02;4656;12475;288580;40051;3.3;0.5
FR;59;2021-02-03;4801;13532;293381;53583;3.3;0.6
FR;59;2021-02-04;5893;15882;299274;69465;3.4;0.8
FR;59;2021-02-05;4802;14907;304076;84372;3.5;1.0
FR;59;2021-02-06;1151;2996;305227;87368;3.5;1.0
FR;59;2021-02-07;389;981;305616;88349;3.5;1.0
FR;59;2021-02-08;2752;12457;308368;100806;3.5;1.1
FR;59;2021-02-09;4896;16141;313264;116947;3.6;1.3
FR;59;2021-02-10;5679;16020;318943;132967;3.6;1.5
FR;59;2021-02-11;7634;19659;326577;152626;3.7;1.7
FR;59;2021-02-12;6729;15980;333306;168606;3.8;1.9
FR;59;2021-02-13;1683;3441;334989;172047;3.8;2.0
FR;59;2021-02-14;361;982;335350;173029;3.8;2.0
FR;59;2021-02-15;3258;10506;338608;183535;3.9;2.1
FR;59;2021-02-16;4725;13521;343333;197056;3.9;2.2
FR;59;2021-02-17;4960;12271;348293;209327;4.0;2.4
FR;59;2021-02-18;7054;13800;355347;223127;4.0;2.5
FR;59;2021-02-19;6441;10651;361788;233778;4.1;2.7
FR;59;2021-02-20;1413;2473;363201;236251;4.1;2.7
FR;59;2021-02-21;281;568;363482;236819;4.1;2.7
FR;59;2021-02-22;3242;6343;366724;243162;4.2;2.8
FR;59;2021-02-23;4785;7080;371509;250242;4.2;2.8
FR;59;2021-02-24;6826;6365;378335;256607;4.3;2.9
FR;59;2021-02-25;21140;8405;399475;265012;4.5;3.0
FR;59;2021-02-26;28144;6134;427619;271146;4.9;3.1
FR;59;2021-02-27;17027;1459;444646;272605;5.1;3.1
FR;59;2021-02-28;1102;373;445748;272978;5.1;3.1
FR;59;2021-03-01;8731;3470;454479;276448;5.2;3.1
FR;59;2021-03-02;17030;4798;471509;281246;5.4;3.2
FR;59;2021-03-03;20469;4862;491978;286108;5.6;3.3
FR;59;2021-03-04;31978;5688;523956;291796;6.0;3.3
FR;59;2021-03-05;40553;5189;564509;296985;6.4;3.4
FR;59;2021-03-06;35529;1323;600038;298308;6.8;3.4
FR;59;2021-03-07;13931;935;613969;299243;7.0;3.4
FR;59;2021-03-08;12173;3070;626142;302313;7.1;3.4
FR;59;2021-03-09;22669;4039;648811;306352;7.4;3.5
FR;59;2021-03-10;22957;4078;671768;310430;7.6;3.5
FR;59;2021-03-11;34040;5223;705808;315653;8.0;3.6
FR;59;2021-03-12;45081;4291;750889;319944;8.5;3.6
FR;59;2021-03-13;35874;1160;786763;321104;8.9;3.7
FR;59;2021-03-14;7152;361;793915;321465;9.0;3.7
FR;59;2021-03-15;14376;2460;808291;323925;9.2;3.7
FR;59;2021-03-16;7854;2908;816145;326833;9.3;3.7
FR;59;2021-03-17;8698;3054;824843;329887;9.4;3.8
FR;59;2021-03-18;10367;3926;835210;333813;9.5;3.8
FR;59;2021-03-19;23312;3395;858522;337208;9.8;3.8
FR;59;2021-03-20;20973;985;879495;338193;10.0;3.8
FR;59;2021-03-21;6260;356;885755;338549;10.1;3.9
FR;59;2021-03-22;15373;2589;901128;341138;10.2;3.9
FR;59;2021-03-23;25247;3348;926375;344486;10.5;3.9
FR;59;2021-03-24;27825;3338;954200;347824;10.9;4.0
FR;59;2021-03-25;37680;3636;991880;351460;11.3;4.0
FR;59;2021-03-26;42583;3848;1034463;355308;11.8;4.0
FR;59;2021-03-27;26721;1600;1061184;356908;12.1;4.1
FR;59;2021-03-28;7509;429;1068693;357337;12.2;4.1
FR;59;2021-03-29;21579;3241;1090272;360578;12.4;4.1
FR;59;2021-03-30;31985;4157;1122257;364735;12.8;4.1
FR;59;2021-03-31;31232;4486;1153489;369221;13.1;4.2
FR;59;2021-04-01;38132;5594;1191621;374815;13.6;4.3
FR;59;2021-04-02;36707;5539;1228328;380354;14.0;4.3
FR;59;2021-04-03;21246;3363;1249574;383717;14.2;4.4
FR;59;2021-04-04;7325;1185;1256899;384902;14.3;4.4
FR;59;2021-04-05;8245;1059;1265144;385961;14.4;4.4
FR;59;2021-04-06;25550;5756;1290694;391717;14.7;4.5
FR;59;2021-04-07;33699;6953;1324393;398670;15.1;4.5
FR;59;2021-04-08;44725;8220;1369118;406890;15.6;4.6
FR;59;2021-04-09;60397;8710;1429515;415600;16.3;4.7
FR;59;2021-04-10;36311;6951;1465826;422551;16.7;4.8
FR;59;2021-04-11;9721;3480;1475547;426031;16.8;4.8
FR;59;2021-04-12;35102;7269;1510649;433300;17.2;4.9
FR;59;2021-04-13;49564;9921;1560213;443221;17.7;5.0
FR;59;2021-04-14;49881;9948;1610094;453169;18.3;5.2
FR;59;2021-04-15;59125;11464;1669219;464633;19.0;5.3
FR;59;2021-04-16;62851;12124;1732070;476757;19.7;5.4
FR;59;2021-04-17;41265;9532;1773335;486289;20.2;5.5
FR;59;2021-04-18;12245;4606;1785580;490895;20.3;5.6
FR;59;2021-04-19;32972;11024;1818552;501919;20.7;5.7
FR;59;2021-04-20;44274;14538;1862826;516457;21.2;5.9
FR;59;2021-04-21;46694;16254;1909520;532711;21.7;6.1
FR;59;2021-04-22;55246;19249;1964766;551960;22.3;6.3
FR;59;2021-04-23;64642;20436;2029408;572396;23.1;6.5
FR;59;2021-04-24;47252;15363;2076660;587759;23.6;6.7
FR;59;2021-04-25;16398;5394;2093058;593153;23.8;6.7
FR;59;2021-04-26;40749;17306;2133807;610459;24.3;6.9
FR;59;2021-04-27;56192;23070;2189999;633529;24.9;7.2
FR;59;2021-04-28;63738;25685;2253737;659214;25.6;7.5
FR;59;2021-04-29;77398;31339;2331135;690553;26.5;7.9
FR;59;2021-04-30;91981;36209;2423116;726762;27.6;8.3
FR;59;2021-05-01;42768;10841;2465884;737603;28.0;8.4
FR;59;2021-05-02;23288;7200;2489172;744803;28.3;8.5
FR;59;2021-05-03;61883;26102;2551055;770905;29.0;8.8
FR;59;2021-05-04;70359;34167;2621414;805072;29.8;9.2
FR;59;2021-05-05;76662;37109;2698076;842181;30.7;9.6
FR;59;2021-05-06;88773;43362;2786849;885543;31.7;10.1
FR;59;2021-05-07;97216;53613;2884065;939156;32.8;10.7
FR;59;2021-05-08;57072;16243;2941137;955399;33.4;10.9
FR;59;2021-05-09;39196;10264;2980333;965663;33.9;11.0
FR;59;2021-05-10;94441;39794;3074774;1005457;35.0;11.4
FR;59;2021-05-11;124816;48947;3199590;1054404;36.4;12.0
FR;59;2021-05-12;121652;45811;3321242;1100215;37.8;12.5
FR;59;2021-05-13;92166;14249;3413408;1114464;38.8;12.7
FR;59;2021-05-14;128093;33937;3541501;1148401;40.3;13.1
FR;59;2021-05-15;113559;25201;3655060;1173602;41.6;13.3
FR;59;2021-05-16;55209;7032;3710269;1180634;42.2;13.4
FR;59;2021-05-17;104797;30374;3815066;1211008;43.4;13.8
FR;59;2021-05-18;115678;33733;3930744;1244741;44.7;14.2
FR;59;2021-05-19;117377;35089;4048121;1279830;46.0;14.6
FR;59;2021-05-20;120321;41810;4168442;1321640;47.4;15.0
FR;64;2020-12-27;1;0;1;0;0.0;0.0
FR;64;2020-12-28;1;0;2;0;0.0;0.0
FR;64;2020-12-29;2;0;4;0;0.0;0.0
FR;64;2020-12-30;6;0;10;0;0.0;0.0
FR;64;2020-12-31;5;0;15;0;0.0;0.0
FR;64;2021-01-01;8;0;23;0;0.0;0.0
FR;64;2021-01-02;11;0;34;0;0.0;0.0
FR;64;2021-01-03;17;0;51;0;0.0;0.0
FR;64;2021-01-04;209;2;260;2;0.0;0.0
FR;64;2021-01-05;896;3;1156;5;0.0;0.0
FR;64;2021-01-06;1688;2;2844;7;0.1;0.0
FR;64;2021-01-07;3653;4;6497;11;0.2;0.0
FR;64;2021-01-08;4860;7;11357;18;0.3;0.0
FR;64;2021-01-09;1952;0;13309;18;0.3;0.0
FR;64;2021-01-10;1023;0;14332;18;0.3;0.0
FR;64;2021-01-11;5267;2;19599;20;0.5;0.0
FR;64;2021-01-12;7121;8;26720;28;0.7;0.0
FR;64;2021-01-13;7433;13;34153;41;0.8;0.0
FR;64;2021-01-14;8547;77;42700;118;1.0;0.0
FR;64;2021-01-15;7079;30;49779;148;1.2;0.0
FR;64;2021-01-16;2198;14;51977;162;1.3;0.0
FR;64;2021-01-17;842;8;52819;170;1.3;0.0
FR;64;2021-01-18;4678;11;57497;181;1.4;0.0
FR;64;2021-01-19;6395;13;63892;194;1.6;0.0
FR;64;2021-01-20;6210;27;70102;221;1.7;0.0
FR;64;2021-01-21;6880;19;76982;240;1.9;0.0
FR;64;2021-01-22;5398;21;82380;261;2.0;0.0
FR;64;2021-01-23;1413;8;83793;269;2.0;0.0
FR;64;2021-01-24;430;7;84223;276;2.1;0.0
FR;64;2021-01-25;2768;196;86991;472;2.1;0.0
FR;64;2021-01-26;3520;485;90511;957;2.2;0.0
FR;64;2021-01-27;3760;879;94271;1836;2.3;0.0
FR;64;2021-01-28;4560;1743;98831;3579;2.4;0.1
FR;64;2021-01-29;3520;2317;102351;5896;2.5;0.1
FR;64;2021-01-30;837;706;103188;6602;2.5;0.2
FR;64;2021-01-31;172;279;103360;6881;2.5;0.2
FR;64;2021-02-01;1512;2860;104872;9741;2.6;0.2
FR;64;2021-02-02;2142;4141;107014;13882;2.6;0.3
FR;64;2021-02-03;2301;4358;109315;18240;2.7;0.4
FR;64;2021-02-04;2808;5502;112123;23742;2.7;0.6
FR;64;2021-02-05;2180;4963;114303;28705;2.8;0.7
FR;64;2021-02-06;655;1303;114958;30008;2.8;0.7
FR;64;2021-02-07;164;493;115122;30501;2.8;0.7
FR;64;2021-02-08;1483;4195;116605;34696;2.8;0.8
FR;64;2021-02-09;2338;5655;118943;40351;2.9;1.0
FR;64;2021-02-10;2565;5663;121508;46014;3.0;1.1
FR;64;2021-02-11;3453;7213;124961;53227;3.0;1.3
FR;64;2021-02-12;3107;5428;128068;58655;3.1;1.4
FR;64;2021-02-13;834;1444;128902;60099;3.1;1.5
FR;64;2021-02-14;195;434;129097;60533;3.1;1.5
FR;64;2021-02-15;1586;3875;130683;64408;3.2;1.6
FR;64;2021-02-16;2082;5120;132765;69528;3.2;1.7
FR;64;2021-02-17;2207;4626;134972;74154;3.3;1.8
FR;64;2021-02-18;3226;5435;138198;79589;3.4;1.9
FR;64;2021-02-19;2988;4197;141186;83786;3.4;2.0
FR;64;2021-02-20;803;1194;141989;84980;3.5;2.1
FR;64;2021-02-21;134;254;142123;85234;3.5;2.1
FR;64;2021-02-22;1487;2664;143610;87898;3.5;2.1
FR;64;2021-02-23;2386;2904;145996;90802;3.6;2.2
FR;64;2021-02-24;3862;2840;149858;93642;3.7;2.3
FR;64;2021-02-25;15989;3817;165847;97459;4.0;2.4
FR;64;2021-02-26;21739;2737;187586;100196;4.6;2.4
FR;64;2021-02-27;13011;741;200597;100937;4.9;2.5
FR;64;2021-02-28;790;174;201387;101111;4.9;2.5
FR;64;2021-03-01;6508;1737;207895;102848;5.1;2.5
FR;64;2021-03-02;13078;2297;220973;105145;5.4;2.6
FR;64;2021-03-03;15837;2334;236810;107479;5.8;2.6
FR;64;2021-03-04;25020;2803;261830;110282;6.4;2.7
FR;64;2021-03-05;30316;2565;292146;112847;7.1;2.8
FR;64;2021-03-06;26504;705;318650;113552;7.8;2.8
FR;64;2021-03-07;9793;481;328443;114033;8.0;2.8
FR;64;2021-03-08;8725;1753;337168;115786;8.2;2.8
FR;64;2021-03-09;16749;1976;353917;117762;8.6;2.9
FR;64;2021-03-10;16958;2100;370875;119862;9.0;2.9
FR;64;2021-03-11;25798;2755;396673;122617;9.7;3.0
FR;64;2021-03-12;33280;2277;429953;124894;10.5;3.0
FR;64;2021-03-13;27162;668;457115;125562;11.1;3.1
FR;64;2021-03-14;5414;177;462529;125739;11.3;3.1
FR;64;2021-03-15;10961;1404;473490;127143;11.5;3.1
FR;64;2021-03-16;5974;1753;479464;128896;11.7;3.1
FR;64;2021-03-17;6094;1661;485558;130557;11.8;3.2
FR;64;2021-03-18;7627;2038;493185;132595;12.0;3.2
FR;64;2021-03-19;18809;1869;511994;134464;12.5;3.3
FR;64;2021-03-20;18454;687;530448;135151;12.9;3.3
FR;64;2021-03-21;4716;207;535164;135358;13.0;3.3
FR;64;2021-03-22;13460;1529;548624;136887;13.4;3.3
FR;64;2021-03-23;23391;1956;572015;138843;13.9;3.4
FR;64;2021-03-24;24992;2013;597007;140856;14.6;3.4
FR;64;2021-03-25;36425;2271;633432;143127;15.4;3.5
FR;64;2021-03-26;39990;2226;673422;145353;16.4;3.5
FR;64;2021-03-27;21178;945;694600;146298;16.9;3.6
FR;64;2021-03-28;5064;244;699664;146542;17.1;3.6
FR;64;2021-03-29;17476;2090;717140;148632;17.5;3.6
FR;64;2021-03-30;27235;2747;744375;151379;18.1;3.7
FR;64;2021-03-31;24016;2817;768391;154196;18.7;3.8
FR;64;2021-04-01;30375;3680;798766;157876;19.5;3.8
FR;64;2021-04-02;29094;3515;827860;161391;20.2;3.9
FR;64;2021-04-03;15950;2328;843810;163719;20.6;4.0
FR;64;2021-04-04;4023;784;847833;164503;20.7;4.0
FR;64;2021-04-05;5098;783;852931;165286;20.8;4.0
FR;64;2021-04-06;19078;4211;872009;169497;21.3;4.1
FR;64;2021-04-07;23450;4730;895459;174227;21.8;4.2
FR;64;2021-04-08;34430;5513;929889;179740;22.7;4.4
FR;64;2021-04-09;53260;5898;983149;185638;24.0;4.5
FR;64;2021-04-10;29749;4924;1012898;190562;24.7;4.6
FR;64;2021-04-11;6261;2592;1019159;193154;24.8;4.7
FR;64;2021-04-12;27916;5096;1047075;198250;25.5;4.8
FR;64;2021-04-13;42343;7262;1089418;205512;26.6;5.0
FR;64;2021-04-14;40579;7038;1129997;212550;27.5;5.2
FR;64;2021-04-15;51709;8247;1181706;220797;28.8;5.4
FR;64;2021-04-16;63960;8748;1245666;229545;30.4;5.6
FR;64;2021-04-17;38337;7013;1284003;236558;31.3;5.8
FR;64;2021-04-18;10897;3313;1294900;239871;31.6;5.8
FR;64;2021-04-19;41722;8492;1336622;248363;32.6;6.1
FR;64;2021-04-20;52332;10296;1388954;258659;33.9;6.3
FR;64;2021-04-21;52179;10724;1441133;269383;35.1;6.6
FR;64;2021-04-22;57042;12593;1498175;281976;36.5;6.9
FR;64;2021-04-23;60447;12490;1558622;294466;38.0;7.2
FR;64;2021-04-24;43163;8983;1601785;303449;39.0;7.4
FR;64;2021-04-25;16086;3307;1617871;306756;39.4;7.5
FR;64;2021-04-26;49229;11372;1667100;318128;40.6;7.8
FR;64;2021-04-27;62644;15361;1729744;333489;42.2;8.1
FR;64;2021-04-28;63599;15832;1793343;349321;43.7;8.5
FR;64;2021-04-29;73226;20253;1866569;369574;45.5;9.0
FR;64;2021-04-30;74838;21795;1941407;391369;47.3;9.5
FR;64;2021-05-01;29122;6594;1970529;397963;48.0;9.7
FR;64;2021-05-02;14366;3939;1984895;401902;48.4;9.8
FR;64;2021-05-03;51837;15740;2036732;417642;49.6;10.2
FR;64;2021-05-04;52755;21536;2089487;439178;50.9;10.7
FR;64;2021-05-05;49009;22581;2138496;461759;52.1;11.3
FR;64;2021-05-06;56498;28683;2194994;490442;53.5;12.0
FR;64;2021-05-07;50593;33880;2245587;524322;54.7;12.8
FR;64;2021-05-08;19837;9228;2265424;533550;55.2;13.0
FR;64;2021-05-09;9987;5471;2275411;539021;55.5;13.1
FR;64;2021-05-10;34039;26680;2309450;565701;56.3;13.8
FR;64;2021-05-11;43742;37030;2353192;602731;57.4;14.7
FR;64;2021-05-12;38626;34867;2391818;637598;58.3;15.5
FR;64;2021-05-13;21907;10021;2413725;647619;58.8;15.8
FR;64;2021-05-14;36063;28961;2449788;676580;59.7;16.5
FR;64;2021-05-15;21075;18944;2470863;695524;60.2;17.0
FR;64;2021-05-16;7948;4286;2478811;699810;60.4;17.1
FR;64;2021-05-17;26666;25308;2505477;725118;61.1;17.7
FR;64;2021-05-18;33018;28178;2538495;753296;61.9;18.4
FR;64;2021-05-19;30057;26297;2568552;779593;62.6;19.0
FR;64;2021-05-20;34404;33108;2602956;812701;63.5;19.8
FR;69;2020-12-27;2;0;2;0;0.0;0.0
FR;69;2020-12-28;2;0;4;0;0.0;0.0
FR;69;2020-12-29;3;0;7;0;0.0;0.0
FR;69;2020-12-30;7;0;14;0;0.0;0.0
FR;69;2020-12-31;5;0;19;0;0.0;0.0
FR;69;2021-01-01;6;0;25;0;0.0;0.0
FR;69;2021-01-02;10;0;35;0;0.0;0.0
FR;69;2021-01-03;8;0;43;0;0.0;0.0
FR;69;2021-01-04;114;0;157;0;0.0;0.0
FR;69;2021-01-05;410;2;567;2;0.0;0.0
FR;69;2021-01-06;806;2;1373;4;0.0;0.0
FR;69;2021-01-07;1889;3;3262;7;0.1;0.0
FR;69;2021-01-08;2449;0;5711;7;0.1;0.0
FR;69;2021-01-09;1123;1;6834;8;0.2;0.0
FR;69;2021-01-10;657;0;7491;8;0.2;0.0
FR;69;2021-01-11;2730;3;10221;11;0.3;0.0
FR;69;2021-01-12;3864;1;14085;12;0.4;0.0
FR;69;2021-01-13;3780;9;17865;21;0.5;0.0
FR;69;2021-01-14;4560;45;22425;66;0.6;0.0
FR;69;2021-01-15;3832;14;26257;80;0.7;0.0
FR;69;2021-01-16;1341;8;27598;88;0.7;0.0
FR;69;2021-01-17;634;3;28232;91;0.7;0.0
FR;69;2021-01-18;3254;15;31486;106;0.8;0.0
FR;69;2021-01-19;4785;16;36271;122;0.9;0.0
FR;69;2021-01-20;4752;11;41023;133;1.1;0.0
FR;69;2021-01-21;5514;12;46537;145;1.2;0.0
FR;69;2021-01-22;4368;12;50905;157;1.3;0.0
FR;69;2021-01-23;1359;4;52264;161;1.3;0.0
FR;69;2021-01-24;446;5;52710;166;1.4;0.0
FR;69;2021-01-25;2719;81;55429;247;1.4;0.0
FR;69;2021-01-26;3344;180;58773;427;1.5;0.0
FR;69;2021-01-27;3667;406;62440;833;1.6;0.0
FR;69;2021-01-28;4320;885;66760;1718;1.7;0.0
FR;69;2021-01-29;3482;1232;70242;2950;1.8;0.1
FR;69;2021-01-30;937;402;71179;3352;1.8;0.1
FR;69;2021-01-31;180;159;71359;3511;1.8;0.1
FR;69;2021-02-01;1804;1521;73163;5032;1.9;0.1
FR;69;2021-02-02;2400;2201;75563;7233;1.9;0.2
FR;69;2021-02-03;2415;2271;77978;9504;2.0;0.2
FR;69;2021-02-04;2976;2921;80954;12425;2.1;0.3
FR;69;2021-02-05;2501;2538;83455;14963;2.1;0.4
FR;69;2021-02-06;722;808;84177;15771;2.2;0.4
FR;69;2021-02-07;162;391;84339;16162;2.2;0.4
FR;69;2021-02-08;1606;2408;85945;18570;2.2;0.5
FR;69;2021-02-09;2398;3410;88343;21980;2.3;0.6
FR;69;2021-02-10;2559;3402;90902;25382;2.3;0.7
FR;69;2021-02-11;3510;4857;94412;30239;2.4;0.8
FR;69;2021-02-12;3150;3415;97562;33654;2.5;0.9
FR;69;2021-02-13;864;1032;98426;34686;2.5;0.9
FR;69;2021-02-14;213;412;98639;35098;2.5;0.9
FR;69;2021-02-15;1325;2775;99964;37873;2.6;1.0
FR;69;2021-02-16;1863;3980;101827;41853;2.6;1.1
FR;69;2021-02-17;2010;3661;103837;45514;2.7;1.2
FR;69;2021-02-18;2993;4554;106830;50068;2.7;1.3
FR;69;2021-02-19;2853;3503;109683;53571;2.8;1.4
FR;69;2021-02-20;752;1025;110435;54596;2.8;1.4
FR;69;2021-02-21;149;235;110584;54831;2.8;1.4
FR;69;2021-02-22;1602;2574;112186;57405;2.9;1.5
FR;69;2021-02-23;2265;2814;114451;60219;2.9;1.5
FR;69;2021-02-24;2656;2907;117107;63126;3.0;1.6
FR;69;2021-02-25;3871;3569;120978;66695;3.1;1.7
FR;69;2021-02-26;4259;2622;125237;69317;3.2;1.8
FR;69;2021-02-27;1799;703;127036;70020;3.3;1.8
FR;69;2021-02-28;309;177;127345;70197;3.3;1.8
FR;69;2021-03-01;2791;1924;130136;72121;3.3;1.8
FR;69;2021-03-02;4707;2428;134843;74549;3.5;1.9
FR;69;2021-03-03;6643;2465;141486;77014;3.6;2.0
FR;69;2021-03-04;11692;2986;153178;80000;3.9;2.1
FR;69;2021-03-05;17390;2649;170568;82649;4.4;2.1
FR;69;2021-03-06;22963;721;193531;83370;5.0;2.1
FR;69;2021-03-07;14701;398;208232;83768;5.3;2.1
FR;69;2021-03-08;9714;2012;217946;85780;5.6;2.2
FR;69;2021-03-09;17423;2450;235369;88230;6.0;2.3
FR;69;2021-03-10;18712;2499;254081;90729;6.5;2.3
FR;69;2021-03-11;29042;3150;283123;93879;7.3;2.4
FR;69;2021-03-12;39683;2828;322806;96707;8.3;2.5
FR;69;2021-03-13;35791;887;358597;97594;9.2;2.5
FR;69;2021-03-14;8161;226;366758;97820;9.4;2.5
FR;69;2021-03-15;16596;1772;383354;99592;9.8;2.6
FR;69;2021-03-16;10705;2160;394059;101752;10.1;2.6
FR;69;2021-03-17;11704;2157;405763;103909;10.4;2.7
FR;69;2021-03-18;13098;2571;418861;106480;10.7;2.7
FR;69;2021-03-19;28682;2362;447543;108842;11.5;2.8
FR;69;2021-03-20;26848;835;474391;109677;12.2;2.8
FR;69;2021-03-21;7109;261;481500;109938;12.3;2.8
FR;69;2021-03-22;21117;2118;502617;112056;12.9;2.9
FR;69;2021-03-23;36052;2727;538669;114783;13.8;2.9
FR;69;2021-03-24;37342;2759;576011;117542;14.8;3.0
FR;69;2021-03-25;54782;2986;630793;120528;16.2;3.1
FR;69;2021-03-26;58934;2871;689727;123399;17.7;3.2
FR;69;2021-03-27;30020;1298;719747;124697;18.4;3.2
FR;69;2021-03-28;7595;364;727342;125061;18.6;3.2
FR;69;2021-03-29;27616;3372;754958;128433;19.3;3.3
FR;69;2021-03-30;42163;4263;797121;132696;20.4;3.4
FR;69;2021-03-31;35288;4317;832409;137013;21.3;3.5
FR;69;2021-04-01;43101;5690;875510;142703;22.4;3.7
FR;69;2021-04-02;41227;5836;916737;148539;23.5;3.8
FR;69;2021-04-03;21634;3897;938371;152436;24.0;3.9
FR;69;2021-04-04;5801;1298;944172;153734;24.2;3.9
FR;69;2021-04-05;7605;1051;951777;154785;24.4;4.0
FR;69;2021-04-06;27714;7120;979491;161905;25.1;4.1
FR;69;2021-04-07;32324;7683;1011815;169588;25.9;4.3
FR;69;2021-04-08;48458;8750;1060273;178338;27.2;4.6
FR;69;2021-04-09;70382;8887;1130655;187225;29.0;4.8
FR;69;2021-04-10;36588;7780;1167243;195005;29.9;5.0
FR;69;2021-04-11;7992;4271;1175235;199276;30.1;5.1
FR;69;2021-04-12;38471;8767;1213706;208043;31.1;5.3
FR;69;2021-04-13;53387;11857;1267093;219900;32.5;5.6
FR;69;2021-04-14;49158;11559;1316251;231459;33.7;5.9
FR;69;2021-04-15;61632;13417;1377883;244876;35.3;6.3
FR;69;2021-04-16;72332;13949;1450215;258825;37.2;6.6
FR;69;2021-04-17;39492;10611;1489707;269436;38.2;6.9
FR;69;2021-04-18;9990;5012;1499697;274448;38.4;7.0
FR;69;2021-04-19;45730;13799;1545427;288247;39.6;7.4
FR;69;2021-04-20;56863;16706;1602290;304953;41.1;7.8
FR;69;2021-04-21;53232;16437;1655522;321390;42.4;8.2
FR;69;2021-04-22;59958;18623;1715480;340013;44.0;8.7
FR;69;2021-04-23;59039;18617;1774519;358630;45.5;9.2
FR;69;2021-04-24;37143;13069;1811662;371699;46.4;9.5
FR;69;2021-04-25;13141;4957;1824803;376656;46.8;9.7
FR;69;2021-04-26;48914;18261;1873717;394917;48.0;10.1
FR;69;2021-04-27;61492;23056;1935209;417973;49.6;10.7
FR;69;2021-04-28;59458;21959;1994667;439932;51.1;11.3
FR;69;2021-04-29;69660;24705;2064327;464637;52.9;11.9
FR;69;2021-04-30;66619;23762;2130946;488399;54.6;12.5
FR;69;2021-05-01;23674;7560;2154620;495959;55.2;12.7
FR;69;2021-05-02;11126;5126;2165746;501085;55.5;12.8
FR;69;2021-05-03;47081;21257;2212827;522342;56.7;13.4
FR;69;2021-05-04;47614;27674;2260441;550016;57.9;14.1
FR;69;2021-05-05;42423;27093;2302864;577109;59.0;14.8
FR;69;2021-05-06;50584;30130;2353448;607239;60.3;15.6
FR;69;2021-05-07;42069;34225;2395517;641464;61.4;16.4
FR;69;2021-05-08;15013;9333;2410530;650797;61.8;16.7
FR;69;2021-05-09;7261;6551;2417791;657348;62.0;16.8
FR;69;2021-05-10;29312;34652;2447103;692000;62.7;17.7
FR;69;2021-05-11;37994;43703;2485097;735703;63.7;18.9
FR;69;2021-05-12;32718;39140;2517815;774843;64.5;19.9
FR;69;2021-05-13;17431;11492;2535246;786335;65.0;20.2
FR;69;2021-05-14;29824;34109;2565070;820444;65.7;21.0
FR;69;2021-05-15;15123;18494;2580193;838938;66.1;21.5
FR;69;2021-05-16;5427;4304;2585620;843242;66.3;21.6
FR;69;2021-05-17;21643;28740;2607263;871982;66.8;22.3
FR;69;2021-05-18;27582;29525;2634845;901507;67.5;23.1
FR;69;2021-05-19;24044;25175;2658889;926682;68.1;23.7
FR;69;2021-05-20;27910;27726;2686799;954408;68.9;24.5
FR;74;2020-12-27;1;0;1;0;0.0;0.0
FR;74;2020-12-28;7;0;8;0;0.0;0.0
FR;74;2020-12-29;5;0;13;0;0.0;0.0
FR;74;2020-12-30;11;0;24;0;0.0;0.0
FR;74;2020-12-31;7;0;31;0;0.0;0.0
FR;74;2021-01-01;5;0;36;0;0.0;0.0
FR;74;2021-01-02;3;0;39;0;0.0;0.0
FR;74;2021-01-03;12;0;51;0;0.0;0.0
FR;74;2021-01-04;85;1;136;1;0.0;0.0
FR;74;2021-01-05;297;0;433;1;0.0;0.0
FR;74;2021-01-06;554;0;987;1;0.0;0.0
FR;74;2021-01-07;1463;0;2450;1;0.1;0.0
FR;74;2021-01-08;1790;3;4240;4;0.1;0.0
FR;74;2021-01-09;794;1;5034;5;0.1;0.0
FR;74;2021-01-10;534;0;5568;5;0.2;0.0
FR;74;2021-01-11;2120;0;7688;5;0.2;0.0
FR;74;2021-01-12;3146;3;10834;8;0.3;0.0
FR;74;2021-01-13;3193;5;14027;13;0.4;0.0
FR;74;2021-01-14;3935;39;17962;52;0.5;0.0
FR;74;2021-01-15;3530;9;21492;61;0.6;0.0
FR;74;2021-01-16;1333;2;22825;63;0.7;0.0
FR;74;2021-01-17;764;3;23589;66;0.7;0.0
FR;74;2021-01-18;4715;11;28304;77;0.8;0.0
FR;74;2021-01-19;6814;11;35118;88;1.0;0.0
FR;74;2021-01-20;7092;10;42210;98;1.2;0.0
FR;74;2021-01-21;8174;21;50384;119;1.4;0.0
FR;74;2021-01-22;6534;17;56918;136;1.6;0.0
FR;74;2021-01-23;2258;1;59176;137;1.7;0.0
FR;74;2021-01-24;608;0;59784;137;1.7;0.0
FR;74;2021-01-25;4531;56;64315;193;1.8;0.0
FR;74;2021-01-26;5621;148;69936;341;2.0;0.0
FR;74;2021-01-27;5977;271;75913;612;2.2;0.0
FR;74;2021-01-28;6963;749;82876;1361;2.4;0.0
FR;74;2021-01-29;5732;896;88608;2257;2.5;0.1
FR;74;2021-01-30;1769;261;90377;2518;2.6;0.1
FR;74;2021-01-31;294;114;90671;2632;2.6;0.1
FR;74;2021-02-01;3275;1060;93946;3692;2.7;0.1
FR;74;2021-02-02;4276;1783;98222;5475;2.8;0.2
FR;74;2021-02-03;4301;1805;102523;7280;2.9;0.2
FR;74;2021-02-04;5174;2467;107697;9747;3.1;0.3
FR;74;2021-02-05;4382;2178;112079;11925;3.2;0.3
FR;74;2021-02-06;1395;694;113474;12619;3.3;0.4
FR;74;2021-02-07;243;351;113717;12970;3.3;0.4
FR;74;2021-02-08;3071;2505;116788;15475;3.4;0.4
FR;74;2021-02-09;4100;3722;120888;19197;3.5;0.6
FR;74;2021-02-10;4409;3814;125297;23011;3.6;0.7
FR;74;2021-02-11;5613;5469;130910;28480;3.8;0.8
FR;74;2021-02-12;5256;3818;136166;32298;3.9;0.9
FR;74;2021-02-13;1647;1218;137813;33516;4.0;1.0
FR;74;2021-02-14;405;471;138218;33987;4.0;1.0
FR;74;2021-02-15;2396;4177;140614;38164;4.0;1.1
FR;74;2021-02-16;3276;5630;143890;43794;4.1;1.3
FR;74;2021-02-17;3391;5448;147281;49242;4.2;1.4
FR;74;2021-02-18;4920;6802;152201;56044;4.4;1.6
FR;74;2021-02-19;4871;5405;157072;61449;4.5;1.8
FR;74;2021-02-20;1548;1736;158620;63185;4.6;1.8
FR;74;2021-02-21;232;415;158852;63600;4.6;1.8
FR;74;2021-02-22;2858;4292;161710;67892;4.6;2.0
FR;74;2021-02-23;4130;4890;165840;72782;4.8;2.1
FR;74;2021-02-24;4515;4838;170355;77620;4.9;2.2
FR;74;2021-02-25;5518;5694;175873;83314;5.1;2.4
FR;74;2021-02-26;5467;4466;181340;87780;5.2;2.5
FR;74;2021-02-27;2000;1364;183340;89144;5.3;2.6
FR;74;2021-02-28;528;293;183868;89437;5.3;2.6
FR;74;2021-03-01;5058;3362;188926;92799;5.4;2.7
FR;74;2021-03-02;7437;4273;196363;97072;5.6;2.8
FR;74;2021-03-03;9644;4252;206007;101324;5.9;2.9
FR;74;2021-03-04;14976;4798;220983;106122;6.4;3.1
FR;74;2021-03-05;21593;4568;242576;110690;7.0;3.2
FR;74;2021-03-06;31001;1351;273577;112041;7.9;3.2
FR;74;2021-03-07;20840;488;294417;112529;8.5;3.2
FR;74;2021-03-08;14168;3646;308585;116175;8.9;3.3
FR;74;2021-03-09;23990;4210;332575;120385;9.6;3.5
FR;74;2021-03-10;26198;4384;358773;124769;10.3;3.6
FR;74;2021-03-11;38191;5259;396964;130028;11.4;3.7
FR;74;2021-03-12;50407;4654;447371;134682;12.9;3.9
FR;74;2021-03-13;47601;1499;494972;136181;14.2;3.9
FR;74;2021-03-14;11925;404;506897;136585;14.6;3.9
FR;74;2021-03-15;25448;3115;532345;139700;15.3;4.0
FR;74;2021-03-16;20015;3828;552360;143528;15.9;4.1
FR;74;2021-03-17;21748;3856;574108;147384;16.5;4.2
FR;74;2021-03-18;24378;4504;598486;151888;17.2;4.4
FR;74;2021-03-19;41238;3942;639724;155830;18.4;4.5
FR;74;2021-03-20;35298;1539;675022;157369;19.4;4.5
FR;74;2021-03-21;9468;393;684490;157762;19.7;4.5
FR;74;2021-03-22;31417;3874;715907;161636;20.6;4.6
FR;74;2021-03-23;50019;4760;765926;166396;22.0;4.8
FR;74;2021-03-24;51974;5140;817900;171536;23.5;4.9
FR;74;2021-03-25;74521;5490;892421;177026;25.7;5.1
FR;74;2021-03-26;80565;5113;972986;182139;28.0;5.2
FR;74;2021-03-27;50908;2351;1023894;184490;29.4;5.3
FR;74;2021-03-28;17781;730;1041675;185220;29.9;5.3
FR;74;2021-03-29;55989;6829;1097664;192049;31.6;5.5
FR;74;2021-03-30;76423;8687;1174087;200736;33.8;5.8
FR;74;2021-03-31;67784;9253;1241871;209989;35.7;6.0
FR;74;2021-04-01;78186;11630;1320057;221619;38.0;6.4
FR;74;2021-04-02;69864;12207;1389921;233826;40.0;6.7
FR;74;2021-04-03;37111;8411;1427032;242237;41.0;7.0
FR;74;2021-04-04;12496;2770;1439528;245007;41.4;7.0
FR;74;2021-04-05;19192;1845;1458720;246852;41.9;7.1
FR;74;2021-04-06;64226;15043;1522946;261895;43.8;7.5
FR;74;2021-04-07;72527;15914;1595473;277809;45.9;8.0
FR;74;2021-04-08;87463;17800;1682936;295609;48.4;8.5
FR;74;2021-04-09;97089;17577;1780025;313186;51.2;9.0
FR;74;2021-04-10;48565;13962;1828590;327148;52.6;9.4
FR;74;2021-04-11;12728;6809;1841318;333957;52.9;9.6
FR;74;2021-04-12;60783;17650;1902101;351607;54.7;10.1
FR;74;2021-04-13;68586;22102;1970687;373709;56.7;10.7
FR;74;2021-04-14;59950;21694;2030637;395403;58.4;11.4
FR;74;2021-04-15;61765;23637;2092402;419040;60.2;12.0
FR;74;2021-04-16;52082;24242;2144484;443282;61.7;12.7
FR;74;2021-04-17;25641;16758;2170125;460040;62.4;13.2
FR;74;2021-04-18;5734;6958;2175859;466998;62.6;13.4
FR;74;2021-04-19;31624;24236;2207483;491234;63.5;14.1
FR;74;2021-04-20;36110;29499;2243593;520733;64.5;15.0
FR;74;2021-04-21;33205;30145;2276798;550878;65.5;15.8
FR;74;2021-04-22;37924;35095;2314722;585973;66.5;16.8
FR;74;2021-04-23;34609;38670;2349331;624643;67.5;18.0
FR;74;2021-04-24;18535;30665;2367866;655308;68.1;18.8
FR;74;2021-04-25;6073;12537;2373939;667845;68.2;19.2
FR;74;2021-04-26;26286;46786;2400225;714631;69.0;20.5
FR;74;2021-04-27;32800;55949;2433025;770580;69.9;22.2
FR;74;2021-04-28;32354;52724;2465379;823304;70.9;23.7
FR;74;2021-04-29;38401;53844;2503780;877148;72.0;25.2
FR;74;2021-04-30;34826;49027;2538606;926175;73.0;26.6
FR;74;2021-05-01;11032;15110;2549638;941285;73.3;27.1
FR;74;2021-05-02;5127;11368;2554765;952653;73.4;27.4
FR;74;2021-05-03;23970;52025;2578735;1004678;74.1;28.9
FR;74;2021-05-04;24859;69157;2603594;1073835;74.9;30.9
FR;74;2021-05-05;22476;64851;2626070;1138686;75.5;32.7
FR;74;2021-05-06;27138;63195;2653208;1201881;76.3;34.6
FR;74;2021-05-07;23067;65928;2676275;1267809;76.9;36.4
FR;74;2021-05-08;7736;14261;2684011;1282070;77.2;36.9
FR;74;2021-05-09;3647;10463;2687658;1292533;77.3;37.2
FR;74;2021-05-10;15824;62999;2703482;1355532;77.7;39.0
FR;74;2021-05-11;20828;64052;2724310;1419584;78.3;40.8
FR;74;2021-05-12;18205;53115;2742515;1472699;78.8;42.3
FR;74;2021-05-13;9044;12073;2751559;1484772;79.1;42.7
FR;74;2021-05-14;16773;37707;2768332;1522479;79.6;43.8
FR;74;2021-05-15;8293;17541;2776625;1540020;79.8;44.3
FR;74;2021-05-16;2973;3493;2779598;1543513;79.9;44.4
FR;74;2021-05-17;12100;30747;2791698;1574260;80.3;45.3
FR;74;2021-05-18;15189;30409;2806887;1604669;80.7;46.1
FR;74;2021-05-19;13793;25343;2820680;1630012;81.1;46.9
FR;74;2021-05-20;15705;27611;2836385;1657623;81.5;47.7
FR;79;2020-12-27;1;0;1;0;0.0;0.0
FR;79;2020-12-28;6;0;7;0;0.0;0.0
FR;79;2020-12-29;16;0;23;0;0.0;0.0
FR;79;2020-12-30;11;0;34;0;0.0;0.0
FR;79;2020-12-31;6;0;40;0;0.0;0.0
FR;79;2021-01-01;4;0;44;0;0.0;0.0
FR;79;2021-01-02;4;0;48;0;0.0;0.0
FR;79;2021-01-03;2;0;50;0;0.0;0.0
FR;79;2021-01-04;49;0;99;0;0.0;0.0
FR;79;2021-01-05;171;0;270;0;0.0;0.0
FR;79;2021-01-06;339;0;609;0;0.0;0.0
FR;79;2021-01-07;905;0;1514;0;0.1;0.0
FR;79;2021-01-08;1076;1;2590;1;0.1;0.0
FR;79;2021-01-09;364;0;2954;1;0.1;0.0
FR;79;2021-01-10;191;0;3145;1;0.1;0.0
FR;79;2021-01-11;1148;2;4293;3;0.2;0.0
FR;79;2021-01-12;2203;2;6496;5;0.3;0.0
FR;79;2021-01-13;2745;2;9241;7;0.4;0.0
FR;79;2021-01-14;4431;35;13672;42;0.6;0.0
FR;79;2021-01-15;5251;16;18923;58;0.9;0.0
FR;79;2021-01-16;2820;11;21743;69;1.0;0.0
FR;79;2021-01-17;1305;3;23048;72;1.0;0.0
FR;79;2021-01-18;19645;36;42693;108;1.9;0.0
FR;79;2021-01-19;26026;35;68719;143;3.1;0.0
FR;79;2021-01-20;28019;31;96738;174;4.4;0.0
FR;79;2021-01-21;30046;32;126784;206;5.7;0.0
FR;79;2021-01-22;27890;26;154674;232;7.0;0.0
FR;79;2021-01-23;11661;10;166335;242;7.5;0.0
FR;79;2021-01-24;2172;2;168507;244;7.6;0.0
FR;79;2021-01-25;22548;44;191055;288;8.6;0.0
FR;79;2021-01-26;25724;117;216779;405;9.8;0.0
FR;79;2021-01-27;25004;192;241783;597;10.9;0.0
FR;79;2021-01-28;25196;559;266979;1156;12.0;0.1
FR;79;2021-01-29;22538;562;289517;1718;13.1;0.1
FR;79;2021-01-30;8782;137;298299;1855;13.5;0.1
FR;79;2021-01-31;1230;55;299529;1910;13.5;0.1
FR;79;2021-02-01;16136;643;315665;2553;14.2;0.1
FR;79;2021-02-02;19262;1271;334927;3824;15.1;0.2
FR;79;2021-02-03;18290;1576;353217;5400;15.9;0.2
FR;79;2021-02-04;19174;2532;372391;7932;16.8;0.4
FR;79;2021-02-05;18018;2679;390409;10611;17.6;0.5
FR;79;2021-02-06;6451;1004;396860;11615;17.9;0.5
FR;79;2021-02-07;872;391;397732;12006;17.9;0.5
FR;79;2021-02-08;13083;5810;410815;17816;18.5;0.8
FR;79;2021-02-09;15550;7672;426365;25488;19.2;1.1
FR;79;2021-02-10;15442;8044;441807;33532;19.9;1.5
FR;79;2021-02-11;16527;9603;458334;43135;20.7;1.9
FR;79;2021-02-12;15666;9406;474000;52541;21.4;2.4
FR;79;2021-02-13;5005;4122;479005;56663;21.6;2.6
FR;79;2021-02-14;905;1043;479910;57706;21.6;2.6
FR;79;2021-02-15;7131;19821;487041;77527;22.0;3.5
FR;79;2021-02-16;8351;23625;495392;101152;22.3;4.6
FR;79;2021-02-17;8250;24024;503642;125176;22.7;5.6
FR;79;2021-02-18;10288;24422;513930;149598;23.2;6.7
FR;79;2021-02-19;10311;20762;524241;170360;23.6;7.7
FR;79;2021-02-20;3767;8311;528008;178671;23.8;8.1
FR;79;2021-02-21;548;1555;528556;180226;23.8;8.1
FR;79;2021-02-22;6986;21884;535542;202110;24.2;9.1
FR;79;2021-02-23;9627;23564;545169;225674;24.6;10.2
FR;79;2021-02-24;10022;22202;555191;247876;25.0;11.2
FR;79;2021-02-25;11671;22084;566862;269960;25.6;12.2
FR;79;2021-02-26;12050;19110;578912;289070;26.1;13.0
FR;79;2021-02-27;4419;6733;583331;295803;26.3;13.3
FR;79;2021-02-28;873;1038;584204;296841;26.3;13.4
FR;79;2021-03-01;12115;16445;596319;313286;26.9;14.1
FR;79;2021-03-02;16312;19261;612631;332547;27.6;15.0
FR;79;2021-03-03;17716;18524;630347;351071;28.4;15.8
FR;79;2021-03-04;20885;17663;651232;368734;29.4;16.6
FR;79;2021-03-05;22435;16454;673667;385188;30.4;17.4
FR;79;2021-03-06;28959;5335;702626;390523;31.7;17.6
FR;79;2021-03-07;21049;1010;723675;391533;32.6;17.7
FR;79;2021-03-08;17352;15321;741027;406854;33.4;18.3
FR;79;2021-03-09;25723;16407;766750;423261;34.6;19.1
FR;79;2021-03-10;26851;15577;793601;438838;35.8;19.8
FR;79;2021-03-11;31799;15069;825400;453907;37.2;20.5
FR;79;2021-03-12;33310;12916;858710;466823;38.7;21.1
FR;79;2021-03-13;25251;4206;883961;471029;39.9;21.2
FR;79;2021-03-14;9461;765;893422;471794;40.3;21.3
FR;79;2021-03-15;28431;8671;921853;480465;41.6;21.7
FR;79;2021-03-16;32781;9284;954634;489749;43.1;22.1
FR;79;2021-03-17;33751;9239;988385;498988;44.6;22.5
FR;79;2021-03-18;36647;9726;1025032;508714;46.2;22.9
FR;79;2021-03-19;36666;8849;1061698;517563;47.9;23.3
FR;79;2021-03-20;20657;3271;1082355;520834;48.8;23.5
FR;79;2021-03-21;5874;597;1088229;521431;49.1;23.5
FR;79;2021-03-22;28535;9168;1116764;530599;50.4;23.9
FR;79;2021-03-23;36991;10756;1153755;541355;52.0;24.4
FR;79;2021-03-24;35484;11323;1189239;552678;53.6;24.9
FR;79;2021-03-25;41824;11098;1231063;563776;55.5;25.4
FR;79;2021-03-26;39298;10413;1270361;574189;57.3;25.9
FR;79;2021-03-27;17622;4396;1287983;578585;58.1;26.1
FR;79;2021-03-28;4794;900;1292777;579485;58.3;26.1
FR;79;2021-03-29;22236;14991;1315013;594476;59.3;26.8
FR;79;2021-03-30;27972;18885;1342985;613361;60.6;27.7
FR;79;2021-03-31;24643;19721;1367628;633082;61.7;28.6
FR;79;2021-04-01;27119;23171;1394747;656253;62.9;29.6
FR;79;2021-04-02;23003;24422;1417750;680675;63.9;30.7
FR;79;2021-04-03;9998;17355;1427748;698030;64.4;31.5
FR;79;2021-04-04;2797;5060;1430545;703090;64.5;31.7
FR;79;2021-04-05;4184;2744;1434729;705834;64.7;31.8
FR;79;2021-04-06;18880;28939;1453609;734773;65.6;33.1
FR;79;2021-04-07;20990;29828;1474599;764601;66.5;34.5
FR;79;2021-04-08;24929;29889;1499528;794490;67.6;35.8
FR;79;2021-04-09;26760;28065;1526288;822555;68.8;37.1
FR;79;2021-04-10;13625;18910;1539913;841465;69.4;37.9
FR;79;2021-04-11;3500;6443;1543413;847908;69.6;38.2
FR;79;2021-04-12;16689;28881;1560102;876789;70.4;39.5
FR;79;2021-04-13;19035;34975;1579137;911764;71.2;41.1
FR;79;2021-04-14;18078;33112;1597215;944876;72.0;42.6
FR;79;2021-04-15;19023;33287;1616238;978163;72.9;44.1
FR;79;2021-04-16;16157;31015;1632395;1009178;73.6;45.5
FR;79;2021-04-17;8112;16677;1640507;1025855;74.0;46.3
FR;79;2021-04-18;1764;4830;1642271;1030685;74.1;46.5
FR;79;2021-04-19;9796;29148;1652067;1059833;74.5;47.8
FR;79;2021-04-20;11601;34414;1663668;1094247;75.0;49.4
FR;79;2021-04-21;11214;31180;1674882;1125427;75.5;50.8
FR;79;2021-04-22;12757;31052;1687639;1156479;76.1;52.2
FR;79;2021-04-23;11819;27646;1699458;1184125;76.6;53.4
FR;79;2021-04-24;6116;13703;1705574;1197828;76.9;54.0
FR;79;2021-04-25;1884;3418;1707458;1201246;77.0;54.2
FR;79;2021-04-26;8794;20565;1716252;1221811;77.4;55.1
FR;79;2021-04-27;10978;23630;1727230;1245441;77.9;56.2
FR;79;2021-04-28;11491;20859;1738721;1266300;78.4;57.1
FR;79;2021-04-29;13494;20619;1752215;1286919;79.0;58.0
FR;79;2021-04-30;12714;17545;1764929;1304464;79.6;58.8
FR;79;2021-05-01;3776;3904;1768705;1308368;79.8;59.0
FR;79;2021-05-02;1719;2613;1770424;1310981;79.8;59.1
FR;79;2021-05-03;8491;15071;1778915;1326052;80.2;59.8
FR;79;2021-05-04;8818;20117;1787733;1346169;80.6;60.7
FR;79;2021-05-05;8276;18937;1796009;1365106;81.0;61.6
FR;79;2021-05-06;10139;18736;1806148;1383842;81.5;62.4
FR;79;2021-05-07;8856;19409;1815004;1403251;81.9;63.3
FR;79;2021-05-08;2899;4278;1817903;1407529;82.0;63.5
FR;79;2021-05-09;1377;2984;1819280;1410513;82.0;63.6
FR;79;2021-05-10;6039;17443;1825319;1427956;82.3;64.4
FR;79;2021-05-11;7877;18511;1833196;1446467;82.7;65.2
FR;79;2021-05-12;7114;15746;1840310;1462213;83.0;65.9
FR;79;2021-05-13;3476;3773;1843786;1465986;83.2;66.1
FR;79;2021-05-14;6679;11349;1850465;1477335;83.5;66.6
FR;79;2021-05-15;3247;5083;1853712;1482418;83.6;66.9
FR;79;2021-05-16;1138;1148;1854850;1483566;83.7;66.9
FR;79;2021-05-17;4833;8962;1859683;1492528;83.9;67.3
FR;79;2021-05-18;5948;9093;1865631;1501621;84.1;67.7
FR;79;2021-05-19;5555;7921;1871186;1509542;84.4;68.1
FR;79;2021-05-20;6381;8047;1877567;1517589;84.7;68.4
FR;80;2020-12-27;10;2;10;2;0.0;0.0
FR;80;2020-12-28;41;0;51;2;0.0;0.0
FR;80;2020-12-29;78;0;129;2;0.0;0.0
FR;80;2020-12-30;69;0;198;2;0.0;0.0
FR;80;2020-12-31;49;0;247;2;0.0;0.0
FR;80;2021-01-01;8;0;255;2;0.0;0.0
FR;80;2021-01-02;8;0;263;2;0.0;0.0
FR;80;2021-01-03;2;0;265;2;0.0;0.0
FR;80;2021-01-04;297;1;562;3;0.0;0.0
FR;80;2021-01-05;909;0;1471;3;0.0;0.0
FR;80;2021-01-06;1673;0;3144;3;0.1;0.0
FR;80;2021-01-07;6291;2;9435;5;0.2;0.0
FR;80;2021-01-08;5734;2;15169;7;0.4;0.0
FR;80;2021-01-09;979;0;16148;7;0.4;0.0
FR;80;2021-01-10;308;0;16456;7;0.4;0.0
FR;80;2021-01-11;4439;4;20895;11;0.5;0.0
FR;80;2021-01-12;12684;8;33579;19;0.8;0.0
FR;80;2021-01-13;12434;14;46013;33;1.1;0.0
FR;80;2021-01-14;18212;117;64225;150;1.5;0.0
FR;80;2021-01-15;12110;32;76335;182;1.8;0.0
FR;80;2021-01-16;4032;28;80367;210;1.9;0.0
FR;80;2021-01-17;3745;18;84112;228;2.0;0.0
FR;80;2021-01-18;28740;65;112852;293;2.7;0.0
FR;80;2021-01-19;53748;62;166600;355;4.0;0.0
FR;80;2021-01-20;59369;111;225969;466;5.4;0.0
FR;80;2021-01-21;69909;79;295878;545;7.1;0.0
FR;80;2021-01-22;48289;66;344167;611;8.3;0.0
FR;80;2021-01-23;16214;8;360381;619;8.7;0.0
FR;80;2021-01-24;4311;2;364692;621;8.8;0.0
FR;80;2021-01-25;32406;147;397098;768;9.6;0.0
FR;80;2021-01-26;45109;530;442207;1298;10.6;0.0
FR;80;2021-01-27;50870;889;493077;2187;11.9;0.1
FR;80;2021-01-28;59996;3940;553073;6127;13.3;0.1
FR;80;2021-01-29;39325;3275;592398;9402;14.2;0.2
FR;80;2021-01-30;13221;591;605619;9993;14.6;0.2
FR;80;2021-01-31;2333;285;607952;10278;14.6;0.2
FR;80;2021-02-01;23000;2784;630952;13062;15.2;0.3
FR;80;2021-02-02;33452;7427;664404;20489;16.0;0.5
FR;80;2021-02-03;34404;7867;698808;28356;16.8;0.7
FR;80;2021-02-04;38060;12582;736868;40938;17.7;1.0
FR;80;2021-02-05;29785;9525;766653;50463;18.4;1.2
FR;80;2021-02-06;9703;2123;776356;52586;18.7;1.3
FR;80;2021-02-07;1449;1867;777805;54453;18.7;1.3
FR;80;2021-02-08;19339;11137;797144;65590;19.2;1.6
FR;80;2021-02-09;25891;25606;823035;91196;19.8;2.2
FR;80;2021-02-10;26297;28914;849332;120110;20.4;2.9
FR;80;2021-02-11;30495;38114;879827;158224;21.2;3.8
FR;80;2021-02-12;26697;24677;906524;182901;21.8;4.4
FR;80;2021-02-13;7925;6522;914449;189423;22.0;4.6
FR;80;2021-02-14;1507;3099;915956;192522;22.0;4.6
FR;80;2021-02-15;11132;28308;927088;220830;22.3;5.3
FR;80;2021-02-16;15547;38925;942635;259755;22.7;6.2
FR;80;2021-02-17;15932;44491;958567;304246;23.1;7.3
FR;80;2021-02-18;21474;52510;980041;356756;23.6;8.6
FR;80;2021-02-19;19042;37490;999083;394246;24.0;9.5
FR;80;2021-02-20;6299;12322;1005382;406568;24.2;9.8
FR;80;2021-02-21;912;2970;1006294;409538;24.2;9.8
FR;80;2021-02-22;11168;30691;1017462;440229;24.5;10.6
FR;80;2021-02-23;17059;37262;1034521;477491;24.9;11.5
FR;80;2021-02-24;17969;37079;1052490;514570;25.3;12.4
FR;80;2021-02-25;22252;40857;1074742;555427;25.8;13.4
FR;80;2021-02-26;20508;30903;1095250;586330;26.3;14.1
FR;80;2021-02-27;7168;10283;1102418;596613;26.5;14.3
FR;80;2021-02-28;1260;2120;1103678;598733;26.5;14.4
FR;80;2021-03-01;18764;23201;1122442;621934;27.0;15.0
FR;80;2021-03-02;26863;29097;1149305;651031;27.6;15.7
FR;80;2021-03-03;28661;29230;1177966;680261;28.3;16.4
FR;80;2021-03-04;34844;29669;1212810;709930;29.2;17.1
FR;80;2021-03-05;35836;27470;1248646;737400;30.0;17.7
FR;80;2021-03-06;41284;8325;1289930;745725;31.0;17.9
FR;80;2021-03-07;29651;2000;1319581;747725;31.7;18.0
FR;80;2021-03-08;27146;22466;1346727;770191;32.4;18.5
FR;80;2021-03-09;40671;24637;1387398;794828;33.4;19.1
FR;80;2021-03-10;43039;25364;1430437;820192;34.4;19.7
FR;80;2021-03-11;51557;26842;1481994;847034;35.6;20.4
FR;80;2021-03-12;51990;22938;1533984;869972;36.9;20.9
FR;80;2021-03-13;37375;6975;1571359;876947;37.8;21.1
FR;80;2021-03-14;13875;1513;1585234;878460;38.1;21.1
FR;80;2021-03-15;43997;13913;1629231;892373;39.2;21.5
FR;80;2021-03-16;51778;17005;1681009;909378;40.4;21.9
FR;80;2021-03-17;54565;16521;1735574;925899;41.7;22.3
FR;80;2021-03-18;58428;18798;1794002;944697;43.1;22.7
FR;80;2021-03-19;57287;15696;1851289;960393;44.5;23.1
FR;80;2021-03-20;30947;5323;1882236;965716;45.3;23.2
FR;80;2021-03-21;8682;1089;1890918;966805;45.5;23.3
FR;80;2021-03-22;42801;14530;1933719;981335;46.5;23.6
FR;80;2021-03-23;55476;18021;1989195;999356;47.8;24.0
FR;80;2021-03-24;54352;19019;2043547;1018375;49.1;24.5
FR;80;2021-03-25;63837;19542;2107384;1037917;50.7;25.0
FR;80;2021-03-26;60010;18222;2167394;1056139;52.1;25.4
FR;80;2021-03-27;26540;7334;2193934;1063473;52.8;25.6
FR;80;2021-03-28;6924;1447;2200858;1064920;52.9;25.6
FR;80;2021-03-29;32794;23373;2233652;1088293;53.7;26.2
FR;80;2021-03-30;43123;30695;2276775;1118988;54.8;26.9
FR;80;2021-03-31;40430;32074;2317205;1151062;55.7;27.7
FR;80;2021-04-01;45993;37681;2363198;1188743;56.8;28.6
FR;80;2021-04-02;36990;39700;2400188;1228443;57.7;29.5
FR;80;2021-04-03;14486;26078;2414674;1254521;58.1;30.2
FR;80;2021-04-04;3862;7557;2418536;1262078;58.2;30.4
FR;80;2021-04-05;5610;4076;2424146;1266154;58.3;30.5
FR;80;2021-04-06;27491;44917;2451637;1311071;59.0;31.5
FR;80;2021-04-07;33335;48362;2484972;1359433;59.8;32.7
FR;80;2021-04-08;39919;49486;2524891;1408919;60.7;33.9
FR;80;2021-04-09;43336;46285;2568227;1455204;61.8;35.0
FR;80;2021-04-10;19798;28862;2588025;1484066;62.2;35.7
FR;80;2021-04-11;4831;9354;2592856;1493420;62.4;35.9
FR;80;2021-04-12;23416;45124;2616272;1538544;62.9;37.0
FR;80;2021-04-13;30062;54584;2646334;1593128;63.6;38.3
FR;80;2021-04-14;28863;52100;2675197;1645228;64.3;39.6
FR;80;2021-04-15;31203;52617;2706400;1697845;65.1;40.8
FR;80;2021-04-16;26299;48931;2732699;1746776;65.7;42.0
FR;80;2021-04-17;12296;25575;2744995;1772351;66.0;42.6
FR;80;2021-04-18;2527;7614;2747522;1779965;66.1;42.8
FR;80;2021-04-19;14173;43647;2761695;1823612;66.4;43.9
FR;80;2021-04-20;17809;53000;2779504;1876612;66.8;45.1
FR;80;2021-04-21;17830;49742;2797334;1926354;67.3;46.3
FR;80;2021-04-22;20493;51160;2817827;1977514;67.8;47.6
FR;80;2021-04-23;18934;44559;2836761;2022073;68.2;48.6
FR;80;2021-04-24;9345;21172;2846106;2043245;68.5;49.1
FR;80;2021-04-25;2652;5144;2848758;2048389;68.5;49.3
FR;80;2021-04-26;12177;30532;2860935;2078921;68.8;50.0
FR;80;2021-04-27;16583;36361;2877518;2115282;69.2;50.9
FR;80;2021-04-28;17796;34533;2895314;2149815;69.6;51.7
FR;80;2021-04-29;21396;35554;2916710;2185369;70.1;52.6
FR;80;2021-04-30;20177;29515;2936887;2214884;70.6;53.3
FR;80;2021-05-01;5768;5805;2942655;2220689;70.8;53.4
FR;80;2021-05-02;2581;3846;2945236;2224535;70.8;53.5
FR;80;2021-05-03;12335;21305;2957571;2245840;71.1;54.0
FR;80;2021-05-04;13700;29927;2971271;2275767;71.5;54.7
FR;80;2021-05-05;13325;29254;2984596;2305021;71.8;55.4
FR;80;2021-05-06;15706;29457;3000302;2334478;72.2;56.1
FR;80;2021-05-07;14408;29716;3014710;2364194;72.5;56.9
FR;80;2021-05-08;4400;6026;3019110;2370220;72.6;57.0
FR;80;2021-05-09;1905;4140;3021015;2374360;72.7;57.1
FR;80;2021-05-10;9022;24298;3030037;2398658;72.9;57.7
FR;80;2021-05-11;12359;27131;3042396;2425789;73.2;58.3
FR;80;2021-05-12;11256;23533;3053652;2449322;73.4;58.9
FR;80;2021-05-13;4868;5383;3058520;2454705;73.6;59.0
FR;80;2021-05-14;10246;16337;3068766;2471042;73.8;59.4
FR;80;2021-05-15;4782;7317;3073548;2478359;73.9;59.6
FR;80;2021-05-16;1529;1524;3075077;2479883;74.0;59.6
FR;80;2021-05-17;6922;13076;3081999;2492959;74.1;60.0
FR;80;2021-05-18;9264;13400;3091263;2506359;74.3;60.3
FR;80;2021-05-19;8636;12022;3099899;2518381;74.6;60.6
FR;80;2021-05-20;10002;12517;3109901;2530898;74.8;60.9
FR;0;2020-12-27;20;2;20;2;0.0;0.0
FR;0;2020-12-28;68;0;88;2;0.0;0.0
FR;0;2020-12-29;108;0;196;2;0.0;0.0
FR;0;2020-12-30;119;0;315;2;0.0;0.0
FR;0;2020-12-31;83;0;398;2;0.0;0.0
FR;0;2021-01-01;65;1;463;3;0.0;0.0
FR;0;2021-01-02;76;1;539;4;0.0;0.0
FR;0;2021-01-03;87;0;626;4;0.0;0.0
FR;0;2021-01-04;1469;5;2095;9;0.0;0.0
FR;0;2021-01-05;5379;7;7474;16;0.0;0.0
FR;0;2021-01-06;11281;15;18755;31;0.0;0.0
FR;0;2021-01-07;28533;41;47288;72;0.1;0.0
FR;0;2021-01-08;36082;40;83370;112;0.1;0.0
FR;0;2021-01-09;10896;10;94266;122;0.1;0.0
FR;0;2021-01-10;5605;3;99871;125;0.1;0.0
FR;0;2021-01-11;38894;47;138765;172;0.2;0.0
FR;0;2021-01-12;60685;75;199450;247;0.3;0.0
FR;0;2021-01-13;63584;103;263034;350;0.4;0.0
FR;0;2021-01-14;79683;651;342717;1001;0.5;0.0
FR;0;2021-01-15;67250;220;409967;1221;0.6;0.0
FR;0;2021-01-16;19597;99;429564;1320;0.6;0.0
FR;0;2021-01-17;10456;49;440020;1369;0.7;0.0
FR;0;2021-01-18;84266;232;524286;1601;0.8;0.0
FR;0;2021-01-19;128246;234;652532;1835;1.0;0.0
FR;0;2021-01-20;134825;284;787357;2119;1.2;0.0
FR;0;2021-01-21;154959;260;942316;2379;1.4;0.0
FR;0;2021-01-22;118293;266;1060609;2645;1.6;0.0
FR;0;2021-01-23;37758;61;1098367;2706;1.6;0.0
FR;0;2021-01-24;9333;31;1107700;2737;1.7;0.0
FR;0;2021-01-25;76711;1281;1184411;4018;1.8;0.0
FR;0;2021-01-26;98636;3187;1283047;7205;1.9;0.0
FR;0;2021-01-27;105502;5690;1388549;12895;2.1;0.0
FR;0;2021-01-28;122120;14502;1510669;27397;2.3;0.0
FR;0;2021-01-29;90781;17420;1601450;44817;2.4;0.1
FR;0;2021-01-30;28621;4257;1630071;49074;2.4;0.1
FR;0;2021-01-31;4863;1681;1634934;50755;2.4;0.1
FR;0;2021-02-01;51411;21175;1686345;71930;2.5;0.1
FR;0;2021-02-02;70416;34700;1756761;106630;2.6;0.2
FR;0;2021-02-03;70851;37084;1827612;143714;2.7;0.2
FR;0;2021-02-04;80381;50222;1907993;193936;2.8;0.3
FR;0;2021-02-05;66987;45462;1974980;239398;2.9;0.4
FR;0;2021-02-06;21270;10423;1996250;249821;3.0;0.4
FR;0;2021-02-07;4826;5064;2001076;254885;3.0;0.4
FR;0;2021-02-08;45787;46136;2046863;301021;3.0;0.4
FR;0;2021-02-09;64660;72747;2111523;373768;3.1;0.6
FR;0;2021-02-10;69139;77101;2180662;450869;3.2;0.7
FR;0;2021-02-11;85401;99766;2266063;550635;3.4;0.8
FR;0;2021-02-12;77545;74857;2343608;625492;3.5;0.9
FR;0;2021-02-13;21611;19580;2365219;645072;3.5;1.0
FR;0;2021-02-14;4573;7219;2369792;652291;3.5;1.0
FR;0;2021-02-15;36952;76840;2406744;729131;3.6;1.1
FR;0;2021-02-16;49117;101135;2455861;830266;3.7;1.2
FR;0;2021-02-17;49246;103414;2505107;933680;3.7;1.4
FR;0;2021-02-18;67732;119298;2572839;1052978;3.8;1.6
FR;0;2021-02-19;63540;91377;2636379;1144355;3.9;1.7
FR;0;2021-02-20;17929;28526;2654308;1172881;4.0;1.7
FR;0;2021-02-21;2845;6399;2657153;1179280;4.0;1.8
FR;0;2021-02-22;36341;73527;2693494;1252807;4.0;1.9
FR;0;2021-02-23;52356;84540;2745850;1337347;4.1;2.0
FR;0;2021-02-24;57876;81583;2803726;1418930;4.2;2.1
FR;0;2021-02-25;98244;92431;2901970;1511361;4.3;2.3
FR;0;2021-02-26;111242;71980;3013212;1583341;4.5;2.4
FR;0;2021-02-27;50909;22326;3064121;1605667;4.6;2.4
FR;0;2021-02-28;5644;4473;3069765;1610140;4.6;2.4
FR;0;2021-03-01;63213;53292;3132978;1663432;4.7;2.5
FR;0;2021-03-02;98833;67024;3231811;1730456;4.8;2.6
FR;0;2021-03-03;112870;66514;3344681;1796970;5.0;2.7
FR;0;2021-03-04;159059;70462;3503740;1867432;5.2;2.8
FR;0;2021-03-05;196600;65175;3700340;1932607;5.5;2.9
FR;0;2021-03-06;203058;18983;3903398;1951590;5.8;2.9
FR;0;2021-03-07;119103;6077;4022501;1957667;6.0;2.9
FR;0;2021-03-08;104212;51571;4126713;2009238;6.1;3.0
FR;0;2021-03-09;168781;58104;4295494;2067342;6.4;3.1
FR;0;2021-03-10;174689;58568;4470183;2125910;6.7;3.2
FR;0;2021-03-11;238048;65196;4708231;2191106;7.0;3.3
FR;0;2021-03-12;289342;55851;4997573;2246957;7.4;3.3
FR;0;2021-03-13;226927;16588;5224500;2263545;7.8;3.4
FR;0;2021-03-14;61984;3911;5286484;2267456;7.9;3.4
FR;0;2021-03-15;155155;34350;5441639;2301806;8.1;3.4
FR;0;2021-03-16;139045;41236;5580684;2343042;8.3;3.5
FR;0;2021-03-17;147635;40762;5728319;2383804;8.5;3.6
FR;0;2021-03-18;164684;47369;5893003;2431173;8.8;3.6
FR;0;2021-03-19;225811;40874;6118814;2472047;9.1;3.7
FR;0;2021-03-20;164071;13751;6282885;2485798;9.4;3.7
FR;0;2021-03-21;48684;3373;6331569;2489171;9.4;3.7
FR;0;2021-03-22;166618;37024;6498187;2526195;9.7;3.8
FR;0;2021-03-23;245951;46311;6744138;2572506;10.0;3.8
FR;0;2021-03-24;252474;47775;6996612;2620281;10.4;3.9
FR;0;2021-03-25;336407;50191;7333019;2670472;10.9;4.0
FR;0;2021-03-26;353625;47764;7686644;2718236;11.5;4.1
FR;0;2021-03-27;192422;19750;7879066;2737986;11.7;4.1
FR;0;2021-03-28;58238;4708;7937304;2742694;11.8;4.1
FR;0;2021-03-29;199926;57814;8137230;2800508;12.1;4.2
FR;0;2021-03-30;281282;75103;8418512;2875611;12.5;4.3
FR;0;2021-03-31;258721;78447;8677233;2954058;12.9;4.4
FR;0;2021-04-01;308914;95324;8986147;3049382;13.4;4.5
FR;0;2021-04-02;276928;98488;9263075;3147870;13.8;4.7
FR;0;2021-04-03;138896;64903;9401971;3212773;14.0;4.8
FR;0;2021-04-04;44806;19852;9446777;3232625;14.1;4.8
FR;0;2021-04-05;58681;12634;9505458;3245259;14.2;4.8
FR;0;2021-04-06;212403;112895;9717861;3358154;14.5;5.0
FR;0;2021-04-07;255424;122238;9973285;3480392;14.9;5.2
FR;0;2021-04-08;331670;130866;10304955;3611258;15.4;5.4
FR;0;2021-04-09;403575;126506;10708530;3737764;16.0;5.6
FR;0;2021-04-10;209791;87855;10918321;3825619;16.3;5.7
FR;0;2021-04-11;54902;36246;10973223;3861865;16.3;5.8
FR;0;2021-04-12;233068;121205;11206291;3983070;16.7;5.9
FR;0;2021-04-13;304076;152981;11510367;4136051;17.2;6.2
FR;0;2021-04-14;288358;147956;11798725;4284007;17.6;6.4
FR;0;2021-04-15;330016;157719;12128741;4441726;18.1;6.6
FR;0;2021-04-16;333226;155034;12461967;4596760;18.6;6.8
FR;0;2021-04-17;185426;95225;12647393;4691985;18.8;7.0
FR;0;2021-04-18;50254;37115;12697647;4729100;18.9;7.0
FR;0;2021-04-19;201523;144623;12899170;4873723;19.2;7.3
FR;0;2021-04-20;248885;178730;13148055;5052453;19.6;7.5
FR;0;2021-04-21;247149;176926;13395204;5229379;20.0;7.8
FR;0;2021-04-22;281027;198034;13676231;5427413;20.4;8.1
FR;0;2021-04-23;288155;193900;13964386;5621313;20.8;8.4
FR;0;2021-04-24;186889;119286;14151275;5740599;21.1;8.6
FR;0;2021-04-25;67321;41550;14218596;5782149;21.2;8.6
FR;0;2021-04-26;214018;166289;14432614;5948438;21.5;8.9
FR;0;2021-04-27;278708;206731;14711322;6155169;21.9;9.2
FR;0;2021-04-28;292847;203822;15004169;6358991;22.4;9.5
FR;0;2021-04-29;349011;225805;15353180;6584796;22.9;9.8
FR;0;2021-04-30;364933;218826;15718113;6803622;23.4;10.1
FR;0;2021-05-01;160874;61272;15878987;6864894;23.7;10.2
FR;0;2021-05-02;89213;42231;15968200;6907125;23.8;10.3
FR;0;2021-05-03;279487;186653;16247687;7093778;24.2;10.6
FR;0;2021-05-04;306195;246614;16553882;7340392;24.7;10.9
FR;0;2021-05-05;315580;245687;16869462;7586079;25.1;11.3
FR;0;2021-05-06;369482;268579;17238944;7854658;25.7;11.7
FR;0;2021-05-07;363096;294119;17602040;8148777;26.2;12.1
FR;0;2021-05-08;202453;78590;17804493;8227367;26.5;12.3
FR;0;2021-05-09;127252;54051;17931745;8281418;26.7;12.3
FR;0;2021-05-10;300600;251031;18232345;8532449;27.2;12.7
FR;0;2021-05-11;393039;292230;18625384;8824679;27.8;13.1
FR;0;2021-05-12;415965;264417;19041349;9089096;28.4;13.5
FR;0;2021-05-13;327732;75479;19369081;9164575;28.9;13.7
FR;0;2021-05-14;438775;198649;19807856;9363224;29.5;14.0
FR;0;2021-05-15;361567;116852;20169423;9480076;30.1;14.1
FR;0;2021-05-16;199100;32618;20368523;9512694;30.3;14.2
FR;0;2021-05-17;364825;175269;20733348;9687963;30.9;14.4
FR;0;2021-05-18;437788;187071;21171136;9875034;31.5;14.7
FR;0;2021-05-19;449419;177927;21620555;10052961;32.2;15.0
FR;0;2021-05-20;484740;198758;22105295;10251719;32.9;15.3
