fra;clage_vacsi;jour;n_dose1;n_complet;n_cum_dose1;n_cum_complet;couv_dose1;couv_complet
FR;24;2020-12-27;1;0;1;0;0.0;0.0
FR;24;2020-12-28;2;0;3;0;0.0;0.0
FR;24;2020-12-29;0;0;3;0;0.0;0.0
FR;24;2020-12-30;0;0;3;0;0.0;0.0
FR;24;2020-12-31;0;0;3;0;0.0;0.0
FR;24;2021-01-01;1;0;4;0;0.0;0.0
FR;24;2021-01-02;1;0;5;0;0.0;0.0
FR;24;2021-01-03;2;0;7;0;0.0;0.0
FR;24;2021-01-04;4;0;11;0;0.0;0.0
FR;24;2021-01-05;17;1;28;1;0.0;0.0
FR;24;2021-01-06;36;0;64;1;0.0;0.0
FR;24;2021-01-07;180;0;244;1;0.0;0.0
FR;24;2021-01-08;216;0;460;1;0.0;0.0
FR;24;2021-01-09;40;0;500;1;0.0;0.0
FR;24;2021-01-10;35;0;535;1;0.0;0.0
FR;24;2021-01-11;251;2;786;3;0.0;0.0
FR;24;2021-01-12;397;5;1183;8;0.0;0.0
FR;24;2021-01-13;477;4;1660;12;0.0;0.0
FR;24;2021-01-14;612;6;2272;18;0.0;0.0
FR;24;2021-01-15;594;1;2866;19;0.1;0.0
FR;24;2021-01-16;117;3;2983;22;0.1;0.0
FR;24;2021-01-17;94;0;3077;22;0.1;0.0
FR;24;2021-01-18;508;3;3585;25;0.1;0.0
FR;24;2021-01-19;595;3;4180;28;0.1;0.0
FR;24;2021-01-20;649;0;4829;28;0.1;0.0
FR;24;2021-01-21;758;4;5587;32;0.1;0.0
FR;24;2021-01-22;601;4;6188;36;0.1;0.0
FR;24;2021-01-23;116;0;6304;36;0.1;0.0
FR;24;2021-01-24;22;0;6326;36;0.1;0.0
FR;24;2021-01-25;294;3;6620;39;0.1;0.0
FR;24;2021-01-26;366;12;6986;51;0.1;0.0
FR;24;2021-01-27;441;14;7427;65;0.1;0.0
FR;24;2021-01-28;595;51;8022;116;0.1;0.0
FR;24;2021-01-29;467;82;8489;198;0.2;0.0
FR;24;2021-01-30;87;16;8576;214;0.2;0.0
FR;24;2021-01-31;25;13;8601;227;0.2;0.0
FR;24;2021-02-01;157;134;8758;361;0.2;0.0
FR;24;2021-02-02;216;182;8974;543;0.2;0.0
FR;24;2021-02-03;217;185;9191;728;0.2;0.0
FR;24;2021-02-04;358;316;9549;1044;0.2;0.0
FR;24;2021-02-05;346;344;9895;1388;0.2;0.0
FR;24;2021-02-06;83;71;9978;1459;0.2;0.0
FR;24;2021-02-07;169;32;10147;1491;0.2;0.0
FR;24;2021-02-08;388;358;10535;1849;0.2;0.0
FR;24;2021-02-09;745;458;11280;2307;0.2;0.0
FR;24;2021-02-10;1091;596;12371;2903;0.2;0.1
FR;24;2021-02-11;1574;703;13945;3606;0.3;0.1
FR;24;2021-02-12;1622;563;15567;4169;0.3;0.1
FR;24;2021-02-13;292;92;15859;4261;0.3;0.1
FR;24;2021-02-14;62;30;15921;4291;0.3;0.1
FR;24;2021-02-15;1038;379;16959;4670;0.3;0.1
FR;24;2021-02-16;1563;579;18522;5249;0.3;0.1
FR;24;2021-02-17;1493;498;20015;5747;0.4;0.1
FR;24;2021-02-18;1945;628;21960;6375;0.4;0.1
FR;24;2021-02-19;1854;556;23814;6931;0.4;0.1
FR;24;2021-02-20;333;87;24147;7018;0.4;0.1
FR;24;2021-02-21;41;18;24188;7036;0.4;0.1
FR;24;2021-02-22;1167;284;25355;7320;0.5;0.1
FR;24;2021-02-23;1587;385;26942;7705;0.5;0.1
FR;24;2021-02-24;1650;329;28592;8034;0.5;0.1
FR;24;2021-02-25;2275;466;30867;8500;0.6;0.2
FR;24;2021-02-26;2196;392;33063;8892;0.6;0.2
FR;24;2021-02-27;532;84;33595;8976;0.6;0.2
FR;24;2021-02-28;93;15;33688;8991;0.6;0.2
FR;24;2021-03-01;1259;229;34947;9220;0.6;0.2
FR;24;2021-03-02;1661;296;36608;9516;0.7;0.2
FR;24;2021-03-03;1756;352;38364;9868;0.7;0.2
FR;24;2021-03-04;2144;504;40508;10372;0.7;0.2
FR;24;2021-03-05;3291;487;43799;10859;0.8;0.2
FR;24;2021-03-06;1708;138;45507;10997;0.8;0.2
FR;24;2021-03-07;982;66;46489;11063;0.9;0.2
FR;24;2021-03-08;1960;237;48449;11300;0.9;0.2
FR;24;2021-03-09;2605;306;51054;11606;0.9;0.2
FR;24;2021-03-10;2430;345;53484;11951;1.0;0.2
FR;24;2021-03-11;2920;490;56404;12441;1.0;0.2
FR;24;2021-03-12;3817;426;60221;12867;1.1;0.2
FR;24;2021-03-13;1483;93;61704;12960;1.1;0.2
FR;24;2021-03-14;532;35;62236;12995;1.1;0.2
FR;24;2021-03-15;1831;242;64067;13237;1.2;0.2
FR;24;2021-03-16;823;312;64890;13549;1.2;0.2
FR;24;2021-03-17;1072;319;65962;13868;1.2;0.3
FR;24;2021-03-18;1299;438;67261;14306;1.2;0.3
FR;24;2021-03-19;1868;358;69129;14664;1.3;0.3
FR;24;2021-03-20;831;90;69960;14754;1.3;0.3
FR;24;2021-03-21;633;53;70593;14807;1.3;0.3
FR;24;2021-03-22;1502;292;72095;15099;1.3;0.3
FR;24;2021-03-23;1796;396;73891;15495;1.4;0.3
FR;24;2021-03-24;2154;358;76045;15853;1.4;0.3
FR;24;2021-03-25;2561;495;78606;16348;1.4;0.3
FR;24;2021-03-26;3159;480;81765;16828;1.5;0.3
FR;24;2021-03-27;1897;195;83662;17023;1.5;0.3
FR;24;2021-03-28;1010;74;84672;17097;1.6;0.3
FR;24;2021-03-29;2439;373;87111;17470;1.6;0.3
FR;24;2021-03-30;3611;523;90722;17993;1.7;0.3
FR;24;2021-03-31;4137;528;94859;18521;1.7;0.3
FR;24;2021-04-01;5403;753;100262;19274;1.8;0.4
FR;24;2021-04-02;4452;631;104714;19905;1.9;0.4
FR;24;2021-04-03;1748;342;106462;20247;2.0;0.4
FR;24;2021-04-04;954;124;107416;20371;2.0;0.4
FR;24;2021-04-05;1095;130;108511;20501;2.0;0.4
FR;24;2021-04-06;3542;581;112053;21082;2.1;0.4
FR;24;2021-04-07;4779;811;116832;21893;2.2;0.4
FR;24;2021-04-08;6361;1106;123193;22999;2.3;0.4
FR;24;2021-04-09;5768;1049;128961;24048;2.4;0.4
FR;24;2021-04-10;2625;562;131586;24610;2.4;0.5
FR;24;2021-04-11;1255;307;132841;24917;2.4;0.5
FR;24;2021-04-12;3437;930;136278;25847;2.5;0.5
FR;24;2021-04-13;4754;1146;141032;26993;2.6;0.5
FR;24;2021-04-14;4943;1306;145975;28299;2.7;0.5
FR;24;2021-04-15;5196;1572;151171;29871;2.8;0.6
FR;24;2021-04-16;4801;1679;155972;31550;2.9;0.6
FR;24;2021-04-17;2125;797;158097;32347;2.9;0.6
FR;24;2021-04-18;724;439;158821;32786;2.9;0.6
FR;24;2021-04-19;2918;1513;161739;34299;3.0;0.6
FR;24;2021-04-20;3098;2116;164837;36415;3.0;0.7
FR;24;2021-04-21;3416;2466;168253;38881;3.1;0.7
FR;24;2021-04-22;3995;3116;172248;41997;3.2;0.8
FR;24;2021-04-23;4165;3278;176413;45275;3.3;0.8
FR;24;2021-04-24;2386;1680;178799;46955;3.3;0.9
FR;24;2021-04-25;1221;803;180020;47758;3.3;0.9
FR;24;2021-04-26;3061;2172;183081;49930;3.4;0.9
FR;24;2021-04-27;3883;3160;186964;53090;3.4;1.0
FR;24;2021-04-28;4390;3738;191354;56828;3.5;1.0
FR;24;2021-04-29;5457;4439;196811;61267;3.6;1.1
FR;24;2021-04-30;6162;4603;202973;65870;3.7;1.2
FR;24;2021-05-01;3963;1075;206936;66945;3.8;1.2
FR;24;2021-05-02;2742;902;209678;67847;3.9;1.3
FR;24;2021-05-03;6260;4140;215938;71987;4.0;1.3
FR;24;2021-05-04;7491;4704;223429;76691;4.1;1.4
FR;24;2021-05-05;8661;4937;232090;81628;4.3;1.5
FR;24;2021-05-06;10809;6358;242899;87986;4.5;1.6
FR;24;2021-05-07;11968;6400;254867;94386;4.7;1.7
FR;24;2021-05-08;9890;2526;264757;96912;4.9;1.8
FR;24;2021-05-09;6862;1928;271619;98840;5.0;1.8
FR;24;2021-05-10;10993;4949;282612;103789;5.2;1.9
FR;24;2021-05-11;15452;5726;298064;109515;5.5;2.0
FR;24;2021-05-12;22609;6114;320673;115629;5.9;2.1
FR;24;2021-05-13;26949;2980;347622;118609;6.4;2.2
FR;24;2021-05-14;31856;5458;379478;124067;7.0;2.3
FR;24;2021-05-15;33282;3896;412760;127963;7.6;2.4
FR;24;2021-05-16;21878;1960;434638;129923;8.0;2.4
FR;24;2021-05-17;29252;5163;463890;135086;8.6;2.5
FR;24;2021-05-18;37504;5984;501394;141070;9.2;2.6
FR;24;2021-05-19;39618;7013;541012;148083;10.0;2.7
FR;24;2021-05-20;45491;7378;586503;155461;10.8;2.9
FR;24;2021-05-21;46635;7114;633138;162575;11.7;3.0
FR;24;2021-05-22;44417;4447;677555;167022;12.5;3.1
FR;24;2021-05-23;23904;2284;701459;169306;12.9;3.1
FR;24;2021-05-24;34291;3548;735750;172854;13.6;3.2
FR;24;2021-05-25;44421;7731;780171;180585;14.4;3.3
FR;24;2021-05-26;44898;7365;825069;187950;15.2;3.5
FR;24;2021-05-27;51404;7996;876473;195946;16.2;3.6
FR;24;2021-05-28;47996;8774;924469;204720;17.0;3.8
FR;24;2021-05-29;43673;5789;968142;210509;17.8;3.9
FR;24;2021-05-30;18193;2193;986335;212702;18.2;3.9
FR;29;2020-12-27;0;0;0;0;0.0;0.0
FR;29;2020-12-28;1;0;1;0;0.0;0.0
FR;29;2020-12-29;0;0;1;0;0.0;0.0
FR;29;2020-12-30;0;0;1;0;0.0;0.0
FR;29;2020-12-31;0;0;1;0;0.0;0.0
FR;29;2021-01-01;2;0;3;0;0.0;0.0
FR;29;2021-01-02;2;0;5;0;0.0;0.0
FR;29;2021-01-03;2;0;7;0;0.0;0.0
FR;29;2021-01-04;10;0;17;0;0.0;0.0
FR;29;2021-01-05;42;0;59;0;0.0;0.0
FR;29;2021-01-06;142;0;201;0;0.0;0.0
FR;29;2021-01-07;306;1;507;1;0.0;0.0
FR;29;2021-01-08;518;2;1025;3;0.0;0.0
FR;29;2021-01-09;113;0;1138;3;0.0;0.0
FR;29;2021-01-10;91;0;1229;3;0.0;0.0
FR;29;2021-01-11;643;2;1872;5;0.1;0.0
FR;29;2021-01-12;932;7;2804;12;0.1;0.0
FR;29;2021-01-13;1213;6;4017;18;0.1;0.0
FR;29;2021-01-14;1562;10;5579;28;0.2;0.0
FR;29;2021-01-15;1310;2;6889;30;0.2;0.0
FR;29;2021-01-16;192;3;7081;33;0.2;0.0
FR;29;2021-01-17;158;0;7239;33;0.2;0.0
FR;29;2021-01-18;1039;4;8278;37;0.2;0.0
FR;29;2021-01-19;1147;5;9425;42;0.3;0.0
FR;29;2021-01-20;1194;3;10619;45;0.3;0.0
FR;29;2021-01-21;1455;5;12074;50;0.3;0.0
FR;29;2021-01-22;1150;8;13224;58;0.4;0.0
FR;29;2021-01-23;170;2;13394;60;0.4;0.0
FR;29;2021-01-24;52;0;13446;60;0.4;0.0
FR;29;2021-01-25;537;16;13983;76;0.4;0.0
FR;29;2021-01-26;663;35;14646;111;0.4;0.0
FR;29;2021-01-27;720;62;15366;173;0.4;0.0
FR;29;2021-01-28;1033;121;16399;294;0.4;0.0
FR;29;2021-01-29;803;170;17202;464;0.5;0.0
FR;29;2021-01-30;140;40;17342;504;0.5;0.0
FR;29;2021-01-31;33;26;17375;530;0.5;0.0
FR;29;2021-02-01;263;291;17638;821;0.5;0.0
FR;29;2021-02-02;405;372;18043;1193;0.5;0.0
FR;29;2021-02-03;456;458;18499;1651;0.5;0.0
FR;29;2021-02-04;609;716;19108;2367;0.5;0.1
FR;29;2021-02-05;533;749;19641;3116;0.5;0.1
FR;29;2021-02-06;141;107;19782;3223;0.5;0.1
FR;29;2021-02-07;304;64;20086;3287;0.5;0.1
FR;29;2021-02-08;604;802;20690;4089;0.6;0.1
FR;29;2021-02-09;1247;1015;21937;5104;0.6;0.1
FR;29;2021-02-10;1711;1131;23648;6235;0.6;0.2
FR;29;2021-02-11;2461;1415;26109;7650;0.7;0.2
FR;29;2021-02-12;2218;1217;28327;8867;0.8;0.2
FR;29;2021-02-13;426;156;28753;9023;0.8;0.2
FR;29;2021-02-14;134;81;28887;9104;0.8;0.2
FR;29;2021-02-15;1570;790;30457;9894;0.8;0.3
FR;29;2021-02-16;1920;1147;32377;11041;0.9;0.3
FR;29;2021-02-17;1883;936;34260;11977;0.9;0.3
FR;29;2021-02-18;2389;1154;36649;13131;1.0;0.4
FR;29;2021-02-19;2321;936;38970;14067;1.0;0.4
FR;29;2021-02-20;383;122;39353;14189;1.1;0.4
FR;29;2021-02-21;86;42;39439;14231;1.1;0.4
FR;29;2021-02-22;1362;520;40801;14751;1.1;0.4
FR;29;2021-02-23;1758;648;42559;15399;1.1;0.4
FR;29;2021-02-24;1784;538;44343;15937;1.2;0.4
FR;29;2021-02-25;2399;923;46742;16860;1.3;0.5
FR;29;2021-02-26;2572;650;49314;17510;1.3;0.5
FR;29;2021-02-27;607;108;49921;17618;1.3;0.5
FR;29;2021-02-28;112;28;50033;17646;1.3;0.5
FR;29;2021-03-01;1305;344;51338;17990;1.4;0.5
FR;29;2021-03-02;1800;584;53138;18574;1.4;0.5
FR;29;2021-03-03;1983;586;55121;19160;1.5;0.5
FR;29;2021-03-04;2482;748;57603;19908;1.5;0.5
FR;29;2021-03-05;3613;696;61216;20604;1.6;0.6
FR;29;2021-03-06;1634;138;62850;20742;1.7;0.6
FR;29;2021-03-07;820;95;63670;20837;1.7;0.6
FR;29;2021-03-08;1941;381;65611;21218;1.8;0.6
FR;29;2021-03-09;2636;459;68247;21677;1.8;0.6
FR;29;2021-03-10;2558;491;70805;22168;1.9;0.6
FR;29;2021-03-11;3332;797;74137;22965;2.0;0.6
FR;29;2021-03-12;3955;706;78092;23671;2.1;0.6
FR;29;2021-03-13;1625;129;79717;23800;2.1;0.6
FR;29;2021-03-14;564;62;80281;23862;2.2;0.6
FR;29;2021-03-15;1884;354;82165;24216;2.2;0.7
FR;29;2021-03-16;1118;497;83283;24713;2.2;0.7
FR;29;2021-03-17;1377;496;84660;25209;2.3;0.7
FR;29;2021-03-18;1643;669;86303;25878;2.3;0.7
FR;29;2021-03-19;2232;551;88535;26429;2.4;0.7
FR;29;2021-03-20;987;127;89522;26556;2.4;0.7
FR;29;2021-03-21;725;58;90247;26614;2.4;0.7
FR;29;2021-03-22;1657;404;91904;27018;2.5;0.7
FR;29;2021-03-23;2207;598;94111;27616;2.5;0.7
FR;29;2021-03-24;2531;564;96642;28180;2.6;0.8
FR;29;2021-03-25;3378;676;100020;28856;2.7;0.8
FR;29;2021-03-26;3728;690;103748;29546;2.8;0.8
FR;29;2021-03-27;2145;247;105893;29793;2.8;0.8
FR;29;2021-03-28;963;65;106856;29858;2.9;0.8
FR;29;2021-03-29;2759;519;109615;30377;2.9;0.8
FR;29;2021-03-30;3986;708;113601;31085;3.1;0.8
FR;29;2021-03-31;4503;797;118104;31882;3.2;0.9
FR;29;2021-04-01;5855;994;123959;32876;3.3;0.9
FR;29;2021-04-02;4894;907;128853;33783;3.5;0.9
FR;29;2021-04-03;1772;333;130625;34116;3.5;0.9
FR;29;2021-04-04;898;120;131523;34236;3.5;0.9
FR;29;2021-04-05;918;112;132441;34348;3.6;0.9
FR;29;2021-04-06;3495;751;135936;35099;3.7;0.9
FR;29;2021-04-07;4542;1100;140478;36199;3.8;1.0
FR;29;2021-04-08;6268;1442;146746;37641;3.9;1.0
FR;29;2021-04-09;6278;1267;153024;38908;4.1;1.0
FR;29;2021-04-10;2649;619;155673;39527;4.2;1.1
FR;29;2021-04-11;1163;336;156836;39863;4.2;1.1
FR;29;2021-04-12;3584;1030;160420;40893;4.3;1.1
FR;29;2021-04-13;4856;1481;165276;42374;4.4;1.1
FR;29;2021-04-14;4760;1506;170036;43880;4.6;1.2
FR;29;2021-04-15;5596;1809;175632;45689;4.7;1.2
FR;29;2021-04-16;4780;1870;180412;47559;4.9;1.3
FR;29;2021-04-17;2236;911;182648;48470;4.9;1.3
FR;29;2021-04-18;770;517;183418;48987;4.9;1.3
FR;29;2021-04-19;2846;1751;186264;50738;5.0;1.4
FR;29;2021-04-20;3477;2488;189741;53226;5.1;1.4
FR;29;2021-04-21;3450;2770;193191;55996;5.2;1.5
FR;29;2021-04-22;4414;3832;197605;59828;5.3;1.6
FR;29;2021-04-23;4561;3758;202166;63586;5.4;1.7
FR;29;2021-04-24;2690;1820;204856;65406;5.5;1.8
FR;29;2021-04-25;1185;737;206041;66143;5.5;1.8
FR;29;2021-04-26;2943;2460;208984;68603;5.6;1.8
FR;29;2021-04-27;3972;3592;212956;72195;5.7;1.9
FR;29;2021-04-28;4641;4017;217597;76212;5.9;2.1
FR;29;2021-04-29;5860;4965;223457;81177;6.0;2.2
FR;29;2021-04-30;6412;5182;229869;86359;6.2;2.3
FR;29;2021-05-01;4224;1209;234093;87568;6.3;2.4
FR;29;2021-05-02;2596;907;236689;88475;6.4;2.4
FR;29;2021-05-03;6803;4284;243492;92759;6.6;2.5
FR;29;2021-05-04;8094;5174;251586;97933;6.8;2.6
FR;29;2021-05-05;9559;5157;261145;103090;7.0;2.8
FR;29;2021-05-06;11163;6522;272308;109612;7.3;2.9
FR;29;2021-05-07;11590;6596;283898;116208;7.6;3.1
FR;29;2021-05-08;8784;2247;292682;118455;7.9;3.2
FR;29;2021-05-09;5903;1741;298585;120196;8.0;3.2
FR;29;2021-05-10;10599;5268;309184;125464;8.3;3.4
FR;29;2021-05-11;14498;6329;323682;131793;8.7;3.5
FR;29;2021-05-12;19808;6257;343490;138050;9.2;3.7
FR;29;2021-05-13;19455;2308;362945;140358;9.8;3.8
FR;29;2021-05-14;22180;4338;385125;144696;10.4;3.9
FR;29;2021-05-15;20957;2908;406082;147604;10.9;4.0
FR;29;2021-05-16;13383;1327;419465;148931;11.3;4.0
FR;29;2021-05-17;21408;4924;440873;153855;11.9;4.1
FR;29;2021-05-18;28180;5683;469053;159538;12.6;4.3
FR;29;2021-05-19;28698;5966;497751;165504;13.4;4.5
FR;29;2021-05-20;32601;6517;530352;172021;14.3;4.6
FR;29;2021-05-21;31598;6144;561950;178165;15.1;4.8
FR;29;2021-05-22;26018;3003;587968;181168;15.8;4.9
FR;29;2021-05-23;14151;1485;602119;182653;16.2;4.9
FR;29;2021-05-24;22516;2635;624635;185288;16.8;5.0
FR;29;2021-05-25;30380;6548;655015;191836;17.6;5.2
FR;29;2021-05-26;32102;6696;687117;198532;18.5;5.3
FR;29;2021-05-27;35335;7158;722452;205690;19.4;5.5
FR;29;2021-05-28;32819;7823;755271;213513;20.3;5.7
FR;29;2021-05-29;26416;4222;781687;217735;21.0;5.9
FR;29;2021-05-30;11723;1614;793410;219349;21.3;5.9
FR;39;2020-12-27;0;0;0;0;0.0;0.0
FR;39;2020-12-28;0;0;0;0;0.0;0.0
FR;39;2020-12-29;1;0;1;0;0.0;0.0
FR;39;2020-12-30;3;0;4;0;0.0;0.0
FR;39;2020-12-31;1;0;5;0;0.0;0.0
FR;39;2021-01-01;4;0;9;0;0.0;0.0
FR;39;2021-01-02;2;1;11;1;0.0;0.0
FR;39;2021-01-03;2;0;13;1;0.0;0.0
FR;39;2021-01-04;23;0;36;1;0.0;0.0
FR;39;2021-01-05;139;0;175;1;0.0;0.0
FR;39;2021-01-06;385;0;560;1;0.0;0.0
FR;39;2021-01-07;1175;6;1735;7;0.0;0.0
FR;39;2021-01-08;1785;4;3520;11;0.0;0.0
FR;39;2021-01-09;473;0;3993;11;0.0;0.0
FR;39;2021-01-10;307;2;4300;13;0.1;0.0
FR;39;2021-01-11;2207;7;6507;20;0.1;0.0
FR;39;2021-01-12;3402;14;9909;34;0.1;0.0
FR;39;2021-01-13;3495;12;13404;46;0.2;0.0
FR;39;2021-01-14;4778;45;18182;91;0.2;0.0
FR;39;2021-01-15;4394;15;22576;106;0.3;0.0
FR;39;2021-01-16;768;4;23344;110;0.3;0.0
FR;39;2021-01-17;490;2;23834;112;0.3;0.0
FR;39;2021-01-18;3065;24;26899;136;0.3;0.0
FR;39;2021-01-19;4000;19;30899;155;0.4;0.0
FR;39;2021-01-20;3901;15;34800;170;0.4;0.0
FR;39;2021-01-21;5140;20;39940;190;0.5;0.0
FR;39;2021-01-22;3962;23;43902;213;0.5;0.0
FR;39;2021-01-23;590;3;44492;216;0.5;0.0
FR;39;2021-01-24;184;0;44676;216;0.5;0.0
FR;39;2021-01-25;1595;40;46271;256;0.6;0.0
FR;39;2021-01-26;2166;100;48437;356;0.6;0.0
FR;39;2021-01-27;2278;212;50715;568;0.6;0.0
FR;39;2021-01-28;3475;468;54190;1036;0.7;0.0
FR;39;2021-01-29;2675;695;56865;1731;0.7;0.0
FR;39;2021-01-30;395;215;57260;1946;0.7;0.0
FR;39;2021-01-31;89;78;57349;2024;0.7;0.0
FR;39;2021-02-01;748;1058;58097;3082;0.7;0.0
FR;39;2021-02-02;1331;1647;59428;4729;0.7;0.1
FR;39;2021-02-03;1359;1655;60787;6384;0.7;0.1
FR;39;2021-02-04;1977;2536;62764;8920;0.8;0.1
FR;39;2021-02-05;1642;2703;64406;11623;0.8;0.1
FR;39;2021-02-06;397;431;64803;12054;0.8;0.1
FR;39;2021-02-07;553;209;65356;12263;0.8;0.1
FR;39;2021-02-08;1516;2423;66872;14686;0.8;0.2
FR;39;2021-02-09;3162;3374;70034;18060;0.8;0.2
FR;39;2021-02-10;3885;3514;73919;21574;0.9;0.3
FR;39;2021-02-11;6160;4837;80079;26411;1.0;0.3
FR;39;2021-02-12;5810;3983;85889;30394;1.0;0.4
FR;39;2021-02-13;1239;543;87128;30937;1.1;0.4
FR;39;2021-02-14;386;265;87514;31202;1.1;0.4
FR;39;2021-02-15;3418;2383;90932;33585;1.1;0.4
FR;39;2021-02-16;4418;3344;95350;36929;1.1;0.4
FR;39;2021-02-17;3989;2854;99339;39783;1.2;0.5
FR;39;2021-02-18;5968;3869;105307;43652;1.3;0.5
FR;39;2021-02-19;5834;3060;111141;46712;1.3;0.6
FR;39;2021-02-20;1139;471;112280;47183;1.4;0.6
FR;39;2021-02-21;187;118;112467;47301;1.4;0.6
FR;39;2021-02-22;3002;1662;115469;48963;1.4;0.6
FR;39;2021-02-23;3913;1914;119382;50877;1.4;0.6
FR;39;2021-02-24;3717;1703;123099;52580;1.5;0.6
FR;39;2021-02-25;5601;2528;128700;55108;1.6;0.7
FR;39;2021-02-26;6089;1923;134789;57031;1.6;0.7
FR;39;2021-02-27;1663;309;136452;57340;1.6;0.7
FR;39;2021-02-28;240;121;136692;57461;1.6;0.7
FR;39;2021-03-01;2946;1002;139638;58463;1.7;0.7
FR;39;2021-03-02;4255;1616;143893;60079;1.7;0.7
FR;39;2021-03-03;4240;1517;148133;61596;1.8;0.7
FR;39;2021-03-04;6296;2305;154429;63901;1.9;0.8
FR;39;2021-03-05;9143;2091;163572;65992;2.0;0.8
FR;39;2021-03-06;4928;420;168500;66412;2.0;0.8
FR;39;2021-03-07;2647;250;171147;66662;2.1;0.8
FR;39;2021-03-08;4668;1108;175815;67770;2.1;0.8
FR;39;2021-03-09;6851;1490;182666;69260;2.2;0.8
FR;39;2021-03-10;6082;1512;188748;70772;2.3;0.9
FR;39;2021-03-11;8646;2373;197394;73145;2.4;0.9
FR;39;2021-03-12;11408;2123;208802;75268;2.5;0.9
FR;39;2021-03-13;5223;414;214025;75682;2.6;0.9
FR;39;2021-03-14;1748;163;215773;75845;2.6;0.9
FR;39;2021-03-15;4767;1032;220540;76877;2.7;0.9
FR;39;2021-03-16;3366;1408;223906;78285;2.7;0.9
FR;39;2021-03-17;3443;1491;227349;79776;2.7;1.0
FR;39;2021-03-18;4648;1976;231997;81752;2.8;1.0
FR;39;2021-03-19;6273;1635;238270;83387;2.9;1.0
FR;39;2021-03-20;3170;364;241440;83751;2.9;1.0
FR;39;2021-03-21;2071;165;243511;83916;2.9;1.0
FR;39;2021-03-22;4441;1092;247952;85008;3.0;1.0
FR;39;2021-03-23;6159;1654;254111;86662;3.1;1.0
FR;39;2021-03-24;6315;1371;260426;88033;3.1;1.1
FR;39;2021-03-25;9052;1739;269478;89772;3.2;1.1
FR;39;2021-03-26;10638;1708;280116;91480;3.4;1.1
FR;39;2021-03-27;5990;619;286106;92099;3.4;1.1
FR;39;2021-03-28;2737;180;288843;92279;3.5;1.1
FR;39;2021-03-29;7184;1282;296027;93561;3.6;1.1
FR;39;2021-03-30;10520;1871;306547;95432;3.7;1.2
FR;39;2021-03-31;11159;1846;317706;97278;3.8;1.2
FR;39;2021-04-01;15000;2635;332706;99913;4.0;1.2
FR;39;2021-04-02;13257;2446;345963;102359;4.2;1.2
FR;39;2021-04-03;5604;1011;351567;103370;4.2;1.2
FR;39;2021-04-04;2523;345;354090;103715;4.3;1.3
FR;39;2021-04-05;2534;323;356624;104038;4.3;1.3
FR;39;2021-04-06;9274;2294;365898;106332;4.4;1.3
FR;39;2021-04-07;12188;2750;378086;109082;4.6;1.3
FR;39;2021-04-08;16853;3713;394939;112795;4.8;1.4
FR;39;2021-04-09;16872;3617;411811;116412;5.0;1.4
FR;39;2021-04-10;7413;1941;419224;118353;5.1;1.4
FR;39;2021-04-11;2987;983;422211;119336;5.1;1.4
FR;39;2021-04-12;9604;2748;431815;122084;5.2;1.5
FR;39;2021-04-13;12948;4006;444763;126090;5.4;1.5
FR;39;2021-04-14;12907;3848;457670;129938;5.5;1.6
FR;39;2021-04-15;14799;4832;472469;134770;5.7;1.6
FR;39;2021-04-16;12737;5292;485206;140062;5.8;1.7
FR;39;2021-04-17;6128;2720;491334;142782;5.9;1.7
FR;39;2021-04-18;2269;1558;493603;144340;6.0;1.7
FR;39;2021-04-19;7878;4701;501481;149041;6.0;1.8
FR;39;2021-04-20;9405;6731;510886;155772;6.2;1.9
FR;39;2021-04-21;10257;7188;521143;162960;6.3;2.0
FR;39;2021-04-22;11842;10308;532985;173268;6.4;2.1
FR;39;2021-04-23;12179;10513;545164;183781;6.6;2.2
FR;39;2021-04-24;7818;5083;552982;188864;6.7;2.3
FR;39;2021-04-25;3491;2157;556473;191021;6.7;2.3
FR;39;2021-04-26;8580;6953;565053;197974;6.8;2.4
FR;39;2021-04-27;11787;9559;576840;207533;7.0;2.5
FR;39;2021-04-28;13181;10063;590021;217596;7.1;2.6
FR;39;2021-04-29;17223;12953;607244;230549;7.3;2.8
FR;39;2021-04-30;19751;13264;626995;243813;7.6;2.9
FR;39;2021-05-01;13552;3541;640547;247354;7.7;3.0
FR;39;2021-05-02;9284;2494;649831;249848;7.8;3.0
FR;39;2021-05-03;22360;11328;672191;261176;8.1;3.1
FR;39;2021-05-04;26900;13948;699091;275124;8.4;3.3
FR;39;2021-05-05;30728;14265;729819;289389;8.8;3.5
FR;39;2021-05-06;37070;17690;766889;307079;9.2;3.7
FR;39;2021-05-07;38338;18555;805227;325634;9.7;3.9
FR;39;2021-05-08;28771;5621;833998;331255;10.1;4.0
FR;39;2021-05-09;18770;4301;852768;335556;10.3;4.0
FR;39;2021-05-10;33882;14504;886650;350060;10.7;4.2
FR;39;2021-05-11;44112;17093;930762;367153;11.2;4.4
FR;39;2021-05-12;56146;16170;986908;383323;11.9;4.6
FR;39;2021-05-13;52662;5582;1039570;388905;12.5;4.7
FR;39;2021-05-14;61741;10953;1101311;399858;13.3;4.8
FR;39;2021-05-15;55737;6816;1157048;406674;13.9;4.9
FR;39;2021-05-16;36055;3089;1193103;409763;14.4;4.9
FR;39;2021-05-17;56197;11894;1249300;421657;15.1;5.1
FR;39;2021-05-18;70879;13584;1320179;435241;15.9;5.2
FR;39;2021-05-19;74167;14120;1394346;449361;16.8;5.4
FR;39;2021-05-20;82828;14948;1477174;464309;17.8;5.6
FR;39;2021-05-21;81668;14921;1558842;479230;18.8;5.8
FR;39;2021-05-22;63452;7386;1622294;486616;19.6;5.9
FR;39;2021-05-23;33964;3292;1656258;489908;20.0;5.9
FR;39;2021-05-24;52250;5347;1708508;495255;20.6;6.0
FR;39;2021-05-25;73211;15826;1781719;511081;21.5;6.2
FR;39;2021-05-26;75685;15997;1857404;527078;22.4;6.4
FR;39;2021-05-27;84192;16915;1941596;543993;23.4;6.6
FR;39;2021-05-28;77901;19309;2019497;563302;24.3;6.8
FR;39;2021-05-29;57469;10032;2076966;573334;25.0;6.9
FR;39;2021-05-30;24370;3621;2101336;576955;25.3;7.0
FR;49;2020-12-27;2;0;2;0;0.0;0.0
FR;49;2020-12-28;3;0;5;0;0.0;0.0
FR;49;2020-12-29;1;0;6;0;0.0;0.0
FR;49;2020-12-30;6;0;12;0;0.0;0.0
FR;49;2020-12-31;1;0;13;0;0.0;0.0
FR;49;2021-01-01;3;0;16;0;0.0;0.0
FR;49;2021-01-02;9;0;25;0;0.0;0.0
FR;49;2021-01-03;5;0;30;0;0.0;0.0
FR;49;2021-01-04;86;0;116;0;0.0;0.0
FR;49;2021-01-05;334;1;450;1;0.0;0.0
FR;49;2021-01-06;857;4;1307;5;0.0;0.0
FR;49;2021-01-07;2158;7;3465;12;0.0;0.0
FR;49;2021-01-08;3373;8;6838;20;0.1;0.0
FR;49;2021-01-09;1000;1;7838;21;0.1;0.0
FR;49;2021-01-10;472;2;8310;23;0.1;0.0
FR;49;2021-01-11;4169;11;12479;34;0.1;0.0
FR;49;2021-01-12;5855;11;18334;45;0.2;0.0
FR;49;2021-01-13;6154;16;24488;61;0.3;0.0
FR;49;2021-01-14;8328;71;32816;132;0.4;0.0
FR;49;2021-01-15;7604;26;40420;158;0.5;0.0
FR;49;2021-01-16;1415;9;41835;167;0.5;0.0
FR;49;2021-01-17;620;5;42455;172;0.5;0.0
FR;49;2021-01-18;5056;18;47511;190;0.6;0.0
FR;49;2021-01-19;6806;18;54317;208;0.6;0.0
FR;49;2021-01-20;6619;26;60936;234;0.7;0.0
FR;49;2021-01-21;8397;30;69333;264;0.8;0.0
FR;49;2021-01-22;6251;33;75584;297;0.9;0.0
FR;49;2021-01-23;1015;6;76599;303;0.9;0.0
FR;49;2021-01-24;282;3;76881;306;0.9;0.0
FR;49;2021-01-25;2613;98;79494;404;0.9;0.0
FR;49;2021-01-26;3725;225;83219;629;1.0;0.0
FR;49;2021-01-27;3975;387;87194;1016;1.0;0.0
FR;49;2021-01-28;5538;978;92732;1994;1.1;0.0
FR;49;2021-01-29;4396;1558;97128;3552;1.1;0.0
FR;49;2021-01-30;690;377;97818;3929;1.1;0.0
FR;49;2021-01-31;137;125;97955;4054;1.1;0.0
FR;49;2021-02-01;1368;2089;99323;6143;1.2;0.1
FR;49;2021-02-02;2274;3200;101597;9343;1.2;0.1
FR;49;2021-02-03;2299;3378;103896;12721;1.2;0.1
FR;49;2021-02-04;3361;4769;107257;17490;1.2;0.2
FR;49;2021-02-05;2790;4885;110047;22375;1.3;0.3
FR;49;2021-02-06;568;886;110615;23261;1.3;0.3
FR;49;2021-02-07;520;292;111135;23553;1.3;0.3
FR;49;2021-02-08;1935;4053;113070;27606;1.3;0.3
FR;49;2021-02-09;4334;5743;117404;33349;1.4;0.4
FR;49;2021-02-10;5489;6054;122893;39403;1.4;0.5
FR;49;2021-02-11;7988;7970;130881;47373;1.5;0.6
FR;49;2021-02-12;7298;6448;138179;53821;1.6;0.6
FR;49;2021-02-13;1698;1020;139877;54841;1.6;0.6
FR;49;2021-02-14;407;405;140284;55246;1.6;0.6
FR;49;2021-02-15;4124;3880;144408;59126;1.7;0.7
FR;49;2021-02-16;5375;5331;149783;64457;1.7;0.8
FR;49;2021-02-17;5138;4654;154921;69111;1.8;0.8
FR;49;2021-02-18;7474;6196;162395;75307;1.9;0.9
FR;49;2021-02-19;7046;4887;169441;80194;2.0;0.9
FR;49;2021-02-20;1493;799;170934;80993;2.0;0.9
FR;49;2021-02-21;279;224;171213;81217;2.0;0.9
FR;49;2021-02-22;3528;2650;174741;83867;2.0;1.0
FR;49;2021-02-23;4856;3131;179597;86998;2.1;1.0
FR;49;2021-02-24;4895;2839;184492;89837;2.1;1.0
FR;49;2021-02-25;7552;4166;192044;94003;2.2;1.1
FR;49;2021-02-26;8263;3157;200307;97160;2.3;1.1
FR;49;2021-02-27;2680;566;202987;97726;2.4;1.1
FR;49;2021-02-28;333;137;203320;97863;2.4;1.1
FR;49;2021-03-01;3828;1631;207148;99494;2.4;1.2
FR;49;2021-03-02;5779;2464;212927;101958;2.5;1.2
FR;49;2021-03-03;6014;2502;218941;104460;2.5;1.2
FR;49;2021-03-04;8902;3450;227843;107910;2.7;1.3
FR;49;2021-03-05;12539;3212;240382;111122;2.8;1.3
FR;49;2021-03-06;8580;610;248962;111732;2.9;1.3
FR;49;2021-03-07;4676;391;253638;112123;3.0;1.3
FR;49;2021-03-08;6384;1643;260022;113766;3.0;1.3
FR;49;2021-03-09;9467;2280;269489;116046;3.1;1.4
FR;49;2021-03-10;8916;2309;278405;118355;3.2;1.4
FR;49;2021-03-11;12746;3387;291151;121742;3.4;1.4
FR;49;2021-03-12;16379;2877;307530;124619;3.6;1.5
FR;49;2021-03-13;9526;614;317056;125233;3.7;1.5
FR;49;2021-03-14;3127;238;320183;125471;3.7;1.5
FR;49;2021-03-15;6862;1443;327045;126914;3.8;1.5
FR;49;2021-03-16;4622;2128;331667;129042;3.9;1.5
FR;49;2021-03-17;5167;2002;336834;131044;3.9;1.5
FR;49;2021-03-18;6535;2774;343369;133818;4.0;1.6
FR;49;2021-03-19;9501;2276;352870;136094;4.1;1.6
FR;49;2021-03-20;5867;555;358737;136649;4.2;1.6
FR;49;2021-03-21;3142;208;361879;136857;4.2;1.6
FR;49;2021-03-22;6288;1466;368167;138323;4.3;1.6
FR;49;2021-03-23;8582;2132;376749;140455;4.4;1.6
FR;49;2021-03-24;9502;1963;386251;142418;4.5;1.7
FR;49;2021-03-25;12323;2324;398574;144742;4.6;1.7
FR;49;2021-03-26;14687;2300;413261;147042;4.8;1.7
FR;49;2021-03-27;9349;829;422610;147871;4.9;1.7
FR;49;2021-03-28;3847;293;426457;148164;5.0;1.7
FR;49;2021-03-29;9859;1819;436316;149983;5.1;1.7
FR;49;2021-03-30;14252;2638;450568;152621;5.2;1.8
FR;49;2021-03-31;15519;2746;466087;155367;5.4;1.8
FR;49;2021-04-01;19812;3661;485899;159028;5.7;1.9
FR;49;2021-04-02;17428;3402;503327;162430;5.9;1.9
FR;49;2021-04-03;9321;1809;512648;164239;6.0;1.9
FR;49;2021-04-04;4110;616;516758;164855;6.0;1.9
FR;49;2021-04-05;4200;528;520958;165383;6.1;1.9
FR;49;2021-04-06;13151;3341;534109;168724;6.2;2.0
FR;49;2021-04-07;17645;4214;551754;172938;6.4;2.0
FR;49;2021-04-08;22366;5129;574120;178067;6.7;2.1
FR;49;2021-04-09;23448;5299;597568;183366;7.0;2.1
FR;49;2021-04-10;12409;3379;609977;186745;7.1;2.2
FR;49;2021-04-11;4466;1674;614443;188419;7.2;2.2
FR;49;2021-04-12;14102;3763;628545;192182;7.3;2.2
FR;49;2021-04-13;18666;5744;647211;197926;7.5;2.3
FR;49;2021-04-14;19361;5930;666572;203856;7.8;2.4
FR;49;2021-04-15;20300;6998;686872;210854;8.0;2.5
FR;49;2021-04-16;17375;7291;704247;218145;8.2;2.5
FR;49;2021-04-17;9861;4643;714108;222788;8.3;2.6
FR;49;2021-04-18;3365;2294;717473;225082;8.3;2.6
FR;49;2021-04-19;11905;6367;729378;231449;8.5;2.7
FR;49;2021-04-20;14043;8988;743421;240437;8.7;2.8
FR;49;2021-04-21;15870;10110;759291;250547;8.8;2.9
FR;49;2021-04-22;17398;13096;776689;263643;9.0;3.1
FR;49;2021-04-23;17930;14061;794619;277704;9.2;3.2
FR;49;2021-04-24;12568;7788;807187;285492;9.4;3.3
FR;49;2021-04-25;5430;3121;812617;288613;9.5;3.4
FR;49;2021-04-26;13467;9914;826084;298527;9.6;3.5
FR;49;2021-04-27;18482;13058;844566;311585;9.8;3.6
FR;49;2021-04-28;22411;14534;866977;326119;10.1;3.8
FR;49;2021-04-29;27305;17252;894282;343371;10.4;4.0
FR;49;2021-04-30;31591;18048;925873;361419;10.8;4.2
FR;49;2021-05-01;24087;5702;949960;367121;11.1;4.3
FR;49;2021-05-02;16402;3854;966362;370975;11.2;4.3
FR;49;2021-05-03;39233;15507;1005595;386482;11.7;4.5
FR;49;2021-05-04;46320;20249;1051915;406731;12.2;4.7
FR;49;2021-05-05;55422;21608;1107337;428339;12.9;5.0
FR;49;2021-05-06;62129;24599;1169466;452938;13.6;5.3
FR;49;2021-05-07;65208;26041;1234674;478979;14.4;5.6
FR;49;2021-05-08;51088;9099;1285762;488078;15.0;5.7
FR;49;2021-05-09;32174;6232;1317936;494310;15.3;5.8
FR;49;2021-05-10;57032;20650;1374968;514960;16.0;6.0
FR;49;2021-05-11;71686;23825;1446654;538785;16.8;6.3
FR;49;2021-05-12;89482;23902;1536136;562687;17.9;6.5
FR;49;2021-05-13;79254;7698;1615390;570385;18.8;6.6
FR;49;2021-05-14;95548;15628;1710938;586013;19.9;6.8
FR;49;2021-05-15;85338;10735;1796276;596748;20.9;6.9
FR;49;2021-05-16;53105;4492;1849381;601240;21.5;7.0
FR;49;2021-05-17;81513;16250;1930894;617490;22.5;7.2
FR;49;2021-05-18;97671;17809;2028565;635299;23.6;7.4
FR;49;2021-05-19;109412;19368;2137977;654667;24.9;7.6
FR;49;2021-05-20;113357;19695;2251334;674362;26.2;7.8
FR;49;2021-05-21;112282;19889;2363616;694251;27.5;8.1
FR;49;2021-05-22;87104;10479;2450720;704730;28.5;8.2
FR;49;2021-05-23;42756;3968;2493476;708698;29.0;8.2
FR;49;2021-05-24;66882;6841;2560358;715539;29.8;8.3
FR;49;2021-05-25;94106;20843;2654464;736382;30.9;8.6
FR;49;2021-05-26;99838;23055;2754302;759437;32.1;8.8
FR;49;2021-05-27;103396;22666;2857698;782103;33.3;9.1
FR;49;2021-05-28;98679;26529;2956377;808632;34.4;9.4
FR;49;2021-05-29;73706;15436;3030083;824068;35.3;9.6
FR;49;2021-05-30;26599;4680;3056682;828748;35.6;9.6
FR;59;2020-12-27;2;0;2;0;0.0;0.0
FR;59;2020-12-28;6;0;8;0;0.0;0.0
FR;59;2020-12-29;2;0;10;0;0.0;0.0
FR;59;2020-12-30;6;0;16;0;0.0;0.0
FR;59;2020-12-31;9;0;25;0;0.0;0.0
FR;59;2021-01-01;25;1;50;1;0.0;0.0
FR;59;2021-01-02;26;0;76;1;0.0;0.0
FR;59;2021-01-03;36;0;112;1;0.0;0.0
FR;59;2021-01-04;593;2;705;3;0.0;0.0
FR;59;2021-01-05;2168;4;2873;7;0.0;0.0
FR;59;2021-01-06;4801;11;7674;18;0.1;0.0
FR;59;2021-01-07;10508;22;18182;40;0.2;0.0
FR;59;2021-01-08;14312;16;32494;56;0.4;0.0
FR;59;2021-01-09;4057;8;36551;64;0.4;0.0
FR;59;2021-01-10;1986;2;38537;66;0.4;0.0
FR;59;2021-01-11;15938;24;54475;90;0.6;0.0
FR;59;2021-01-12;21105;34;75580;124;0.9;0.0
FR;59;2021-01-13;22707;50;98287;174;1.1;0.0
FR;59;2021-01-14;24743;225;123030;399;1.4;0.0
FR;59;2021-01-15;21588;92;144618;491;1.6;0.0
FR;59;2021-01-16;5372;20;149990;511;1.7;0.0
FR;59;2021-01-17;1801;8;151791;519;1.7;0.0
FR;59;2021-01-18;13570;57;165361;576;1.9;0.0
FR;59;2021-01-19;17937;76;183298;652;2.1;0.0
FR;59;2021-01-20;17076;65;200374;717;2.3;0.0
FR;59;2021-01-21;18742;54;219116;771;2.5;0.0
FR;59;2021-01-22;13897;73;233013;844;2.7;0.0
FR;59;2021-01-23;2951;20;235964;864;2.7;0.0
FR;59;2021-01-24;839;12;236803;876;2.7;0.0
FR;59;2021-01-25;6709;609;243512;1485;2.8;0.0
FR;59;2021-01-26;8407;1374;251919;2859;2.9;0.0
FR;59;2021-01-27;8811;2393;260730;5252;3.0;0.1
FR;59;2021-01-28;10459;5031;271189;10283;3.1;0.1
FR;59;2021-01-29;7833;6642;279022;16925;3.2;0.2
FR;59;2021-01-30;1758;1512;280780;18437;3.2;0.2
FR;59;2021-01-31;370;547;281150;18984;3.2;0.2
FR;59;2021-02-01;3159;8739;284309;27723;3.2;0.3
FR;59;2021-02-02;4676;12482;288985;40205;3.3;0.5
FR;59;2021-02-03;4812;13546;293797;53751;3.3;0.6
FR;59;2021-02-04;5929;15893;299726;69644;3.4;0.8
FR;59;2021-02-05;4811;14917;304537;84561;3.5;1.0
FR;59;2021-02-06;1152;2996;305689;87557;3.5;1.0
FR;59;2021-02-07;389;985;306078;88542;3.5;1.0
FR;59;2021-02-08;2755;12468;308833;101010;3.5;1.1
FR;59;2021-02-09;4898;16154;313731;117164;3.6;1.3
FR;59;2021-02-10;5683;16044;319414;133208;3.6;1.5
FR;59;2021-02-11;7650;19698;327064;152906;3.7;1.7
FR;59;2021-02-12;6745;16011;333809;168917;3.8;1.9
FR;59;2021-02-13;1687;3444;335496;172361;3.8;2.0
FR;59;2021-02-14;361;983;335857;173344;3.8;2.0
FR;59;2021-02-15;3264;10527;339121;183871;3.9;2.1
FR;59;2021-02-16;4729;13553;343850;197424;3.9;2.2
FR;59;2021-02-17;4963;12297;348813;209721;4.0;2.4
FR;59;2021-02-18;7059;13846;355872;223567;4.0;2.5
FR;59;2021-02-19;6453;10686;362325;234253;4.1;2.7
FR;59;2021-02-20;1416;2483;363741;236736;4.1;2.7
FR;59;2021-02-21;282;573;364023;237309;4.1;2.7
FR;59;2021-02-22;3248;6358;367271;243667;4.2;2.8
FR;59;2021-02-23;4807;7117;372078;250784;4.2;2.9
FR;59;2021-02-24;6842;6400;378920;257184;4.3;2.9
FR;59;2021-02-25;21185;8446;400105;265630;4.6;3.0
FR;59;2021-02-26;28242;6225;428347;271855;4.9;3.1
FR;59;2021-02-27;17090;1493;445437;273348;5.1;3.1
FR;59;2021-02-28;1109;375;446546;273723;5.1;3.1
FR;59;2021-03-01;8783;3496;455329;277219;5.2;3.2
FR;59;2021-03-02;17132;4889;472461;282108;5.4;3.2
FR;59;2021-03-03;20572;4925;493033;287033;5.6;3.3
FR;59;2021-03-04;32190;5781;525223;292814;6.0;3.3
FR;59;2021-03-05;40803;5335;566026;298149;6.4;3.4
FR;59;2021-03-06;35796;1421;601822;299570;6.8;3.4
FR;59;2021-03-07;14017;987;615839;300557;7.0;3.4
FR;59;2021-03-08;12214;3109;628053;303666;7.1;3.5
FR;59;2021-03-09;22716;4104;650769;307770;7.4;3.5
FR;59;2021-03-10;23017;4142;673786;311912;7.7;3.5
FR;59;2021-03-11;34131;5323;707917;317235;8.1;3.6
FR;59;2021-03-12;45180;4416;753097;321651;8.6;3.7
FR;59;2021-03-13;35971;1251;789068;322902;9.0;3.7
FR;59;2021-03-14;7163;383;796231;323285;9.1;3.7
FR;59;2021-03-15;14416;2498;810647;325783;9.2;3.7
FR;59;2021-03-16;7875;2935;818522;328718;9.3;3.7
FR;59;2021-03-17;8714;3074;827236;331792;9.4;3.8
FR;59;2021-03-18;10384;3953;837620;335745;9.5;3.8
FR;59;2021-03-19;23368;3464;860988;339209;9.8;3.9
FR;59;2021-03-20;21004;1021;881992;340230;10.0;3.9
FR;59;2021-03-21;6266;373;888258;340603;10.1;3.9
FR;59;2021-03-22;15413;2616;903671;343219;10.3;3.9
FR;59;2021-03-23;25291;3405;928962;346624;10.6;3.9
FR;59;2021-03-24;27896;3398;956858;350022;10.9;4.0
FR;59;2021-03-25;37747;3703;994605;353725;11.3;4.0
FR;59;2021-03-26;42662;3952;1037267;357677;11.8;4.1
FR;59;2021-03-27;26750;1648;1064017;359325;12.1;4.1
FR;59;2021-03-28;7517;446;1071534;359771;12.2;4.1
FR;59;2021-03-29;21600;3275;1093134;363046;12.4;4.1
FR;59;2021-03-30;32005;4213;1125139;367259;12.8;4.2
FR;59;2021-03-31;31259;4536;1156398;371795;13.2;4.2
FR;59;2021-04-01;38197;5665;1194595;377460;13.6;4.3
FR;59;2021-04-02;36746;5606;1231341;383066;14.0;4.4
FR;59;2021-04-03;21260;3392;1252601;386458;14.2;4.4
FR;59;2021-04-04;7328;1193;1259929;387651;14.3;4.4
FR;59;2021-04-05;8246;1063;1268175;388714;14.4;4.4
FR;59;2021-04-06;25572;5807;1293747;394521;14.7;4.5
FR;59;2021-04-07;33771;7025;1327518;401546;15.1;4.6
FR;59;2021-04-08;44815;8314;1372333;409860;15.6;4.7
FR;59;2021-04-09;60473;8834;1432806;418694;16.3;4.8
FR;59;2021-04-10;36327;7004;1469133;425698;16.7;4.8
FR;59;2021-04-11;9725;3493;1478858;429191;16.8;4.9
FR;59;2021-04-12;35149;7315;1514007;436506;17.2;5.0
FR;59;2021-04-13;49642;10008;1563649;446514;17.8;5.1
FR;59;2021-04-14;49970;10029;1613619;456543;18.4;5.2
FR;59;2021-04-15;59293;11569;1672912;468112;19.0;5.3
FR;59;2021-04-16;63011;12247;1735923;480359;19.7;5.5
FR;59;2021-04-17;41337;9598;1777260;489957;20.2;5.6
FR;59;2021-04-18;12271;4624;1789531;494581;20.4;5.6
FR;59;2021-04-19;33035;11065;1822566;505646;20.7;5.8
FR;59;2021-04-20;44351;14605;1866917;520251;21.2;5.9
FR;59;2021-04-21;46995;16338;1913912;536589;21.8;6.1
FR;59;2021-04-22;55371;19328;1969283;555917;22.4;6.3
FR;59;2021-04-23;64807;20589;2034090;576506;23.1;6.6
FR;59;2021-04-24;47310;15418;2081400;591924;23.7;6.7
FR;59;2021-04-25;16526;5411;2097926;597335;23.9;6.8
FR;59;2021-04-26;40945;17367;2138871;614702;24.3;7.0
FR;59;2021-04-27;56303;23134;2195174;637836;25.0;7.3
FR;59;2021-04-28;63894;25774;2259068;663610;25.7;7.5
FR;59;2021-04-29;77747;31453;2336815;695063;26.6;7.9
FR;59;2021-04-30;92112;36333;2428927;731396;27.6;8.3
FR;59;2021-05-01;43385;10902;2472312;742298;28.1;8.4
FR;59;2021-05-02;23324;7226;2495636;749524;28.4;8.5
FR;59;2021-05-03;62301;26155;2557937;775679;29.1;8.8
FR;59;2021-05-04;70709;34236;2628646;809915;29.9;9.2
FR;59;2021-05-05;77071;37191;2705717;847106;30.8;9.6
FR;59;2021-05-06;89105;43476;2794822;890582;31.8;10.1
FR;59;2021-05-07;97397;53761;2892219;944343;32.9;10.7
FR;59;2021-05-08;58175;16390;2950394;960733;33.6;10.9
FR;59;2021-05-09;39221;10286;2989615;971019;34.0;11.0
FR;59;2021-05-10;94875;39896;3084490;1010915;35.1;11.5
FR;59;2021-05-11;125219;49062;3209709;1059977;36.5;12.1
FR;59;2021-05-12;122397;45960;3332106;1105937;37.9;12.6
FR;59;2021-05-13;92197;14289;3424303;1120226;38.9;12.7
FR;59;2021-05-14;128485;34032;3552788;1154258;40.4;13.1
FR;59;2021-05-15;113716;25293;3666504;1179551;41.7;13.4
FR;59;2021-05-16;55241;7078;3721745;1186629;42.3;13.5
FR;59;2021-05-17;105111;30446;3826856;1217075;43.5;13.8
FR;59;2021-05-18;116863;33908;3943719;1250983;44.9;14.2
FR;59;2021-05-19;118181;35280;4061900;1286263;46.2;14.6
FR;59;2021-05-20;121984;42091;4183884;1328354;47.6;15.1
FR;59;2021-05-21;121124;48435;4305008;1376789;49.0;15.7
FR;59;2021-05-22;81550;25250;4386558;1402039;49.9;15.9
FR;59;2021-05-23;31190;5102;4417748;1407141;50.2;16.0
FR;59;2021-05-24;51750;9850;4469498;1416991;50.8;16.1
FR;59;2021-05-25;83979;41926;4553477;1458917;51.8;16.6
FR;59;2021-05-26;82135;44769;4635612;1503686;52.7;17.1
FR;59;2021-05-27;89209;50322;4724821;1554008;53.7;17.7
FR;59;2021-05-28;90760;66196;4815581;1620204;54.8;18.4
FR;59;2021-05-29;59946;39830;4875527;1660034;55.4;18.9
FR;59;2021-05-30;15982;7747;4891509;1667781;55.6;19.0
FR;64;2020-12-27;1;0;1;0;0.0;0.0
FR;64;2020-12-28;1;0;2;0;0.0;0.0
FR;64;2020-12-29;2;0;4;0;0.0;0.0
FR;64;2020-12-30;6;0;10;0;0.0;0.0
FR;64;2020-12-31;5;0;15;0;0.0;0.0
FR;64;2021-01-01;8;0;23;0;0.0;0.0
FR;64;2021-01-02;11;0;34;0;0.0;0.0
FR;64;2021-01-03;18;0;52;0;0.0;0.0
FR;64;2021-01-04;209;2;261;2;0.0;0.0
FR;64;2021-01-05;898;4;1159;6;0.0;0.0
FR;64;2021-01-06;1688;2;2847;8;0.1;0.0
FR;64;2021-01-07;3657;7;6504;15;0.2;0.0
FR;64;2021-01-08;4872;7;11376;22;0.3;0.0
FR;64;2021-01-09;1953;1;13329;23;0.3;0.0
FR;64;2021-01-10;1024;1;14353;24;0.3;0.0
FR;64;2021-01-11;5272;2;19625;26;0.5;0.0
FR;64;2021-01-12;7127;10;26752;36;0.7;0.0
FR;64;2021-01-13;7442;16;34194;52;0.8;0.0
FR;64;2021-01-14;8558;81;42752;133;1.0;0.0
FR;64;2021-01-15;7090;32;49842;165;1.2;0.0
FR;64;2021-01-16;2199;17;52041;182;1.3;0.0
FR;64;2021-01-17;844;9;52885;191;1.3;0.0
FR;64;2021-01-18;4679;11;57564;202;1.4;0.0
FR;64;2021-01-19;6398;15;63962;217;1.6;0.0
FR;64;2021-01-20;6220;28;70182;245;1.7;0.0
FR;64;2021-01-21;6892;20;77074;265;1.9;0.0
FR;64;2021-01-22;5404;24;82478;289;2.0;0.0
FR;64;2021-01-23;1413;9;83891;298;2.0;0.0
FR;64;2021-01-24;433;8;84324;306;2.1;0.0
FR;64;2021-01-25;2770;198;87094;504;2.1;0.0
FR;64;2021-01-26;3523;488;90617;992;2.2;0.0
FR;64;2021-01-27;3762;881;94379;1873;2.3;0.0
FR;64;2021-01-28;4565;1746;98944;3619;2.4;0.1
FR;64;2021-01-29;3523;2321;102467;5940;2.5;0.1
FR;64;2021-01-30;839;706;103306;6646;2.5;0.2
FR;64;2021-01-31;172;280;103478;6926;2.5;0.2
FR;64;2021-02-01;1522;2865;105000;9791;2.6;0.2
FR;64;2021-02-02;2152;4143;107152;13934;2.6;0.3
FR;64;2021-02-03;2303;4361;109455;18295;2.7;0.4
FR;64;2021-02-04;2815;5506;112270;23801;2.7;0.6
FR;64;2021-02-05;2182;4969;114452;28770;2.8;0.7
FR;64;2021-02-06;657;1303;115109;30073;2.8;0.7
FR;64;2021-02-07;164;493;115273;30566;2.8;0.7
FR;64;2021-02-08;1481;4196;116754;34762;2.8;0.8
FR;64;2021-02-09;2341;5660;119095;40422;2.9;1.0
FR;64;2021-02-10;2568;5665;121663;46087;3.0;1.1
FR;64;2021-02-11;3459;7221;125122;53308;3.1;1.3
FR;64;2021-02-12;3111;5438;128233;58746;3.1;1.4
FR;64;2021-02-13;838;1445;129071;60191;3.1;1.5
FR;64;2021-02-14;195;438;129266;60629;3.2;1.5
FR;64;2021-02-15;1591;3881;130857;64510;3.2;1.6
FR;64;2021-02-16;2084;5134;132941;69644;3.2;1.7
FR;64;2021-02-17;2209;4632;135150;74276;3.3;1.8
FR;64;2021-02-18;3235;5450;138385;79726;3.4;1.9
FR;64;2021-02-19;2996;4203;141381;83929;3.4;2.0
FR;64;2021-02-20;808;1196;142189;85125;3.5;2.1
FR;64;2021-02-21;135;255;142324;85380;3.5;2.1
FR;64;2021-02-22;1489;2665;143813;88045;3.5;2.1
FR;64;2021-02-23;2394;2919;146207;90964;3.6;2.2
FR;64;2021-02-24;3867;2847;150074;93811;3.7;2.3
FR;64;2021-02-25;16023;3837;166097;97648;4.0;2.4
FR;64;2021-02-26;21816;2762;187913;100410;4.6;2.4
FR;64;2021-02-27;13069;755;200982;101165;4.9;2.5
FR;64;2021-02-28;792;173;201774;101338;4.9;2.5
FR;64;2021-03-01;6549;1747;208323;103085;5.1;2.5
FR;64;2021-03-02;13123;2322;221446;105407;5.4;2.6
FR;64;2021-03-03;15896;2361;237342;107768;5.8;2.6
FR;64;2021-03-04;25163;2847;262505;110615;6.4;2.7
FR;64;2021-03-05;30458;2631;292963;113246;7.1;2.8
FR;64;2021-03-06;26697;764;319660;114010;7.8;2.8
FR;64;2021-03-07;9859;504;329519;114514;8.0;2.8
FR;64;2021-03-08;8763;1773;338282;116287;8.2;2.8
FR;64;2021-03-09;16778;1998;355060;118285;8.7;2.9
FR;64;2021-03-10;16996;2137;372056;120422;9.1;2.9
FR;64;2021-03-11;25855;2804;397911;123226;9.7;3.0
FR;64;2021-03-12;33370;2351;431281;125577;10.5;3.1
FR;64;2021-03-13;27254;731;458535;126308;11.2;3.1
FR;64;2021-03-14;5423;187;463958;126495;11.3;3.1
FR;64;2021-03-15;10987;1428;474945;127923;11.6;3.1
FR;64;2021-03-16;5982;1763;480927;129686;11.7;3.2
FR;64;2021-03-17;6112;1670;487039;131356;11.9;3.2
FR;64;2021-03-18;7635;2043;494674;133399;12.1;3.3
FR;64;2021-03-19;18849;1894;513523;135293;12.5;3.3
FR;64;2021-03-20;18478;717;532001;136010;13.0;3.3
FR;64;2021-03-21;4720;216;536721;136226;13.1;3.3
FR;64;2021-03-22;13482;1548;550203;137774;13.4;3.4
FR;64;2021-03-23;23450;1991;573653;139765;14.0;3.4
FR;64;2021-03-24;25067;2062;598720;141827;14.6;3.5
FR;64;2021-03-25;36486;2337;635206;144164;15.5;3.5
FR;64;2021-03-26;40041;2272;675247;146436;16.5;3.6
FR;64;2021-03-27;21217;983;696464;147419;17.0;3.6
FR;64;2021-03-28;5069;252;701533;147671;17.1;3.6
FR;64;2021-03-29;17493;2109;719026;149780;17.5;3.7
FR;64;2021-03-30;27251;2786;746277;152566;18.2;3.7
FR;64;2021-03-31;24040;2845;770317;155411;18.8;3.8
FR;64;2021-04-01;30415;3721;800732;159132;19.5;3.9
FR;64;2021-04-02;29119;3545;829851;162677;20.2;4.0
FR;64;2021-04-03;15952;2350;845803;165027;20.6;4.0
FR;64;2021-04-04;4024;786;849827;165813;20.7;4.0
FR;64;2021-04-05;5098;787;854925;166600;20.8;4.1
FR;64;2021-04-06;19096;4233;874021;170833;21.3;4.2
FR;64;2021-04-07;23477;4757;897498;175590;21.9;4.3
FR;64;2021-04-08;34466;5555;931964;181145;22.7;4.4
FR;64;2021-04-09;53295;5969;985259;187114;24.0;4.6
FR;64;2021-04-10;29761;4955;1015020;192069;24.7;4.7
FR;64;2021-04-11;6264;2594;1021284;194663;24.9;4.7
FR;64;2021-04-12;27958;5138;1049242;199801;25.6;4.9
FR;64;2021-04-13;42376;7306;1091618;207107;26.6;5.0
FR;64;2021-04-14;40643;7078;1132261;214185;27.6;5.2
FR;64;2021-04-15;51798;8297;1184059;222482;28.9;5.4
FR;64;2021-04-16;64062;8817;1248121;231299;30.4;5.6
FR;64;2021-04-17;38404;7062;1286525;238361;31.4;5.8
FR;64;2021-04-18;10922;3326;1297447;241687;31.6;5.9
FR;64;2021-04-19;41785;8538;1339232;250225;32.6;6.1
FR;64;2021-04-20;52392;10349;1391624;260574;33.9;6.4
FR;64;2021-04-21;52291;10792;1443915;271366;35.2;6.6
FR;64;2021-04-22;57097;12646;1501012;284012;36.6;6.9
FR;64;2021-04-23;60557;12577;1561569;296589;38.1;7.2
FR;64;2021-04-24;43202;9024;1604771;305613;39.1;7.4
FR;64;2021-04-25;16145;3314;1620916;308927;39.5;7.5
FR;64;2021-04-26;49395;11421;1670311;320348;40.7;7.8
FR;64;2021-04-27;62741;15415;1733052;335763;42.2;8.2
FR;64;2021-04-28;63692;15884;1796744;351647;43.8;8.6
FR;64;2021-04-29;73375;20320;1870119;371967;45.6;9.1
FR;64;2021-04-30;74912;21866;1945031;393833;47.4;9.6
FR;64;2021-05-01;29226;6610;1974257;400443;48.1;9.8
FR;64;2021-05-02;14393;3951;1988650;404394;48.5;9.9
FR;64;2021-05-03;51972;15772;2040622;420166;49.7;10.2
FR;64;2021-05-04;52883;21566;2093505;441732;51.0;10.8
FR;64;2021-05-05;49139;22617;2142644;464349;52.2;11.3
FR;64;2021-05-06;56600;28732;2199244;493081;53.6;12.0
FR;64;2021-05-07;50669;34003;2249913;527084;54.8;12.8
FR;64;2021-05-08;20113;9284;2270026;536368;55.3;13.1
FR;64;2021-05-09;9993;5477;2280019;541845;55.6;13.2
FR;64;2021-05-10;34207;26714;2314226;568559;56.4;13.9
FR;64;2021-05-11;43842;37068;2358068;605627;57.5;14.8
FR;64;2021-05-12;38851;34916;2396919;640543;58.4;15.6
FR;64;2021-05-13;21918;10033;2418837;650576;59.0;15.9
FR;64;2021-05-14;36176;28987;2455013;679563;59.8;16.6
FR;64;2021-05-15;21110;18962;2476123;698525;60.4;17.0
FR;64;2021-05-16;7953;4289;2484076;702814;60.6;17.1
FR;64;2021-05-17;26754;25342;2510830;728156;61.2;17.8
FR;64;2021-05-18;33325;28234;2544155;756390;62.0;18.4
FR;64;2021-05-19;30269;26358;2574424;782748;62.8;19.1
FR;64;2021-05-20;34861;33220;2609285;815968;63.6;19.9
FR;64;2021-05-21;29998;37380;2639283;853348;64.3;20.8
FR;64;2021-05-22;14748;17682;2654031;871030;64.7;21.2
FR;64;2021-05-23;5093;2819;2659124;873849;64.8;21.3
FR;64;2021-05-24;10712;6478;2669836;880327;65.1;21.5
FR;64;2021-05-25;22547;34395;2692383;914722;65.6;22.3
FR;64;2021-05-26;21093;35397;2713476;950119;66.1;23.2
FR;64;2021-05-27;25726;41783;2739202;991902;66.8;24.2
FR;64;2021-05-28;24109;55575;2763311;1047477;67.4;25.5
FR;64;2021-05-29;11803;33437;2775114;1080914;67.6;26.3
FR;64;2021-05-30;2628;7418;2777742;1088332;67.7;26.5
FR;69;2020-12-27;2;0;2;0;0.0;0.0
FR;69;2020-12-28;2;0;4;0;0.0;0.0
FR;69;2020-12-29;3;0;7;0;0.0;0.0
FR;69;2020-12-30;7;0;14;0;0.0;0.0
FR;69;2020-12-31;5;0;19;0;0.0;0.0
FR;69;2021-01-01;6;0;25;0;0.0;0.0
FR;69;2021-01-02;11;1;36;1;0.0;0.0
FR;69;2021-01-03;8;0;44;1;0.0;0.0
FR;69;2021-01-04;114;0;158;1;0.0;0.0
FR;69;2021-01-05;410;4;568;5;0.0;0.0
FR;69;2021-01-06;808;2;1376;7;0.0;0.0
FR;69;2021-01-07;1890;3;3266;10;0.1;0.0
FR;69;2021-01-08;2452;0;5718;10;0.1;0.0
FR;69;2021-01-09;1124;1;6842;11;0.2;0.0
FR;69;2021-01-10;658;1;7500;12;0.2;0.0
FR;69;2021-01-11;2731;3;10231;15;0.3;0.0
FR;69;2021-01-12;3871;2;14102;17;0.4;0.0
FR;69;2021-01-13;3787;9;17889;26;0.5;0.0
FR;69;2021-01-14;4563;46;22452;72;0.6;0.0
FR;69;2021-01-15;3843;14;26295;86;0.7;0.0
FR;69;2021-01-16;1342;10;27637;96;0.7;0.0
FR;69;2021-01-17;634;3;28271;99;0.7;0.0
FR;69;2021-01-18;3257;16;31528;115;0.8;0.0
FR;69;2021-01-19;4788;19;36316;134;0.9;0.0
FR;69;2021-01-20;4754;13;41070;147;1.1;0.0
FR;69;2021-01-21;5521;14;46591;161;1.2;0.0
FR;69;2021-01-22;4367;14;50958;175;1.3;0.0
FR;69;2021-01-23;1359;4;52317;179;1.3;0.0
FR;69;2021-01-24;446;5;52763;184;1.4;0.0
FR;69;2021-01-25;2722;82;55485;266;1.4;0.0
FR;69;2021-01-26;3347;181;58832;447;1.5;0.0
FR;69;2021-01-27;3668;410;62500;857;1.6;0.0
FR;69;2021-01-28;4323;890;66823;1747;1.7;0.0
FR;69;2021-01-29;3484;1233;70307;2980;1.8;0.1
FR;69;2021-01-30;938;402;71245;3382;1.8;0.1
FR;69;2021-01-31;180;160;71425;3542;1.8;0.1
FR;69;2021-02-01;1817;1523;73242;5065;1.9;0.1
FR;69;2021-02-02;2416;2206;75658;7271;1.9;0.2
FR;69;2021-02-03;2415;2276;78073;9547;2.0;0.2
FR;69;2021-02-04;2977;2925;81050;12472;2.1;0.3
FR;69;2021-02-05;2503;2540;83553;15012;2.1;0.4
FR;69;2021-02-06;721;809;84274;15821;2.2;0.4
FR;69;2021-02-07;162;392;84436;16213;2.2;0.4
FR;69;2021-02-08;1606;2409;86042;18622;2.2;0.5
FR;69;2021-02-09;2402;3412;88444;22034;2.3;0.6
FR;69;2021-02-10;2564;3404;91008;25438;2.3;0.7
FR;69;2021-02-11;3515;4861;94523;30299;2.4;0.8
FR;69;2021-02-12;3154;3418;97677;33717;2.5;0.9
FR;69;2021-02-13;865;1034;98542;34751;2.5;0.9
FR;69;2021-02-14;215;414;98757;35165;2.5;0.9
FR;69;2021-02-15;1333;2775;100090;37940;2.6;1.0
FR;69;2021-02-16;1868;3981;101958;41921;2.6;1.1
FR;69;2021-02-17;2010;3661;103968;45582;2.7;1.2
FR;69;2021-02-18;2998;4560;106966;50142;2.7;1.3
FR;69;2021-02-19;2864;3507;109830;53649;2.8;1.4
FR;69;2021-02-20;753;1026;110583;54675;2.8;1.4
FR;69;2021-02-21;150;235;110733;54910;2.8;1.4
FR;69;2021-02-22;1607;2574;112340;57484;2.9;1.5
FR;69;2021-02-23;2269;2825;114609;60309;2.9;1.5
FR;69;2021-02-24;2658;2910;117267;63219;3.0;1.6
FR;69;2021-02-25;3878;3576;121145;66795;3.1;1.7
FR;69;2021-02-26;4274;2626;125419;69421;3.2;1.8
FR;69;2021-02-27;1810;705;127229;70126;3.3;1.8
FR;69;2021-02-28;312;179;127541;70305;3.3;1.8
FR;69;2021-03-01;2798;1931;130339;72236;3.3;1.9
FR;69;2021-03-02;4716;2435;135055;74671;3.5;1.9
FR;69;2021-03-03;6672;2469;141727;77140;3.6;2.0
FR;69;2021-03-04;11751;3002;153478;80142;3.9;2.1
FR;69;2021-03-05;17472;2675;170950;82817;4.4;2.1
FR;69;2021-03-06;23136;761;194086;83578;5.0;2.1
FR;69;2021-03-07;14764;426;208850;84004;5.4;2.2
FR;69;2021-03-08;9734;2025;218584;86029;5.6;2.2
FR;69;2021-03-09;17455;2472;236039;88501;6.0;2.3
FR;69;2021-03-10;18762;2525;254801;91026;6.5;2.3
FR;69;2021-03-11;29130;3194;283931;94220;7.3;2.4
FR;69;2021-03-12;39818;2885;323749;97105;8.3;2.5
FR;69;2021-03-13;35931;938;359680;98043;9.2;2.5
FR;69;2021-03-14;8173;238;367853;98281;9.4;2.5
FR;69;2021-03-15;16622;1788;384475;100069;9.9;2.6
FR;69;2021-03-16;10712;2171;395187;102240;10.1;2.6
FR;69;2021-03-17;11725;2166;406912;104406;10.4;2.7
FR;69;2021-03-18;13109;2583;420021;106989;10.8;2.7
FR;69;2021-03-19;28733;2386;448754;109375;11.5;2.8
FR;69;2021-03-20;26882;860;475636;110235;12.2;2.8
FR;69;2021-03-21;7116;269;482752;110504;12.4;2.8
FR;69;2021-03-22;21149;2143;503901;112647;12.9;2.9
FR;69;2021-03-23;36113;2757;540014;115404;13.8;3.0
FR;69;2021-03-24;37402;2790;577416;118194;14.8;3.0
FR;69;2021-03-25;54863;3044;632279;121238;16.2;3.1
FR;69;2021-03-26;59006;2928;691285;124166;17.7;3.2
FR;69;2021-03-27;30074;1327;721359;125493;18.5;3.2
FR;69;2021-03-28;7602;373;728961;125866;18.7;3.2
FR;69;2021-03-29;27631;3406;756592;129272;19.4;3.3
FR;69;2021-03-30;42174;4295;798766;133567;20.5;3.4
FR;69;2021-03-31;35302;4342;834068;137909;21.4;3.5
FR;69;2021-04-01;43123;5708;877191;143617;22.5;3.7
FR;69;2021-04-02;41253;5865;918444;149482;23.5;3.8
FR;69;2021-04-03;21637;3910;940081;153392;24.1;3.9
FR;69;2021-04-04;5803;1300;945884;154692;24.2;4.0
FR;69;2021-04-05;7608;1057;953492;155749;24.4;4.0
FR;69;2021-04-06;27731;7147;981223;162896;25.1;4.2
FR;69;2021-04-07;32348;7706;1013571;170602;26.0;4.4
FR;69;2021-04-08;48475;8791;1062046;179393;27.2;4.6
FR;69;2021-04-09;70424;8944;1132470;188337;29.0;4.8
FR;69;2021-04-10;36602;7799;1169072;196136;30.0;5.0
FR;69;2021-04-11;7995;4276;1177067;200412;30.2;5.1
FR;69;2021-04-12;38513;8792;1215580;209204;31.2;5.4
FR;69;2021-04-13;53430;11894;1269010;221098;32.5;5.7
FR;69;2021-04-14;49224;11601;1318234;232699;33.8;6.0
FR;69;2021-04-15;61732;13467;1379966;246166;35.4;6.3
FR;69;2021-04-16;72456;13988;1452422;260154;37.2;6.7
FR;69;2021-04-17;39558;10653;1491980;270807;38.2;6.9
FR;69;2021-04-18;10012;5016;1501992;275823;38.5;7.1
FR;69;2021-04-19;45776;13836;1547768;289659;39.7;7.4
FR;69;2021-04-20;56919;16748;1604687;306407;41.1;7.9
FR;69;2021-04-21;53293;16467;1657980;322874;42.5;8.3
FR;69;2021-04-22;60017;18655;1717997;341529;44.0;8.8
FR;69;2021-04-23;59154;18698;1777151;360227;45.5;9.2
FR;69;2021-04-24;37164;13095;1814315;373322;46.5;9.6
FR;69;2021-04-25;13190;4969;1827505;378291;46.8;9.7
FR;69;2021-04-26;49113;18304;1876618;396595;48.1;10.2
FR;69;2021-04-27;61580;23104;1938198;419699;49.7;10.8
FR;69;2021-04-28;59572;22006;1997770;441705;51.2;11.3
FR;69;2021-04-29;69830;24757;2067600;466462;53.0;12.0
FR;69;2021-04-30;66682;23814;2134282;490276;54.7;12.6
FR;69;2021-05-01;23780;7581;2158062;497857;55.3;12.8
FR;69;2021-05-02;11140;5129;2169202;502986;55.6;12.9
FR;69;2021-05-03;47184;21275;2216386;524261;56.8;13.4
FR;69;2021-05-04;47726;27697;2264112;551958;58.0;14.1
FR;69;2021-05-05;42521;27113;2306633;579071;59.1;14.8
FR;69;2021-05-06;50659;30173;2357292;609244;60.4;15.6
FR;69;2021-05-07;42139;34275;2399431;643519;61.5;16.5
FR;69;2021-05-08;15185;9380;2414616;652899;61.9;16.7
FR;69;2021-05-09;7267;6555;2421883;659454;62.1;16.9
FR;69;2021-05-10;29445;34689;2451328;694143;62.8;17.8
FR;69;2021-05-11;38070;43727;2489398;737870;63.8;18.9
FR;69;2021-05-12;32882;39183;2522280;777053;64.6;19.9
FR;69;2021-05-13;17441;11500;2539721;788553;65.1;20.2
FR;69;2021-05-14;29919;34138;2569640;822691;65.9;21.1
FR;69;2021-05-15;15159;18510;2584799;841201;66.2;21.6
FR;69;2021-05-16;5427;4310;2590226;845511;66.4;21.7
FR;69;2021-05-17;21745;28759;2611971;874270;66.9;22.4
FR;69;2021-05-18;27828;29589;2639799;903859;67.7;23.2
FR;69;2021-05-19;24226;25204;2664025;929063;68.3;23.8
FR;69;2021-05-20;28277;27800;2692302;956863;69.0;24.5
FR;69;2021-05-21;22860;30719;2715162;987582;69.6;25.3
FR;69;2021-05-22;9629;14376;2724791;1001958;69.8;25.7
FR;69;2021-05-23;3177;2374;2727968;1004332;69.9;25.7
FR;69;2021-05-24;8076;7125;2736044;1011457;70.1;25.9
FR;69;2021-05-25;17763;36252;2753807;1047709;70.6;26.9
FR;69;2021-05-26;16115;34968;2769922;1082677;71.0;27.7
FR;69;2021-05-27;20430;41226;2790352;1123903;71.5;28.8
FR;69;2021-05-28;18036;53755;2808388;1177658;72.0;30.2
FR;69;2021-05-29;7557;31198;2815945;1208856;72.2;31.0
FR;69;2021-05-30;1672;6890;2817617;1215746;72.2;31.2
FR;74;2020-12-27;1;0;1;0;0.0;0.0
FR;74;2020-12-28;7;0;8;0;0.0;0.0
FR;74;2020-12-29;5;0;13;0;0.0;0.0
FR;74;2020-12-30;11;0;24;0;0.0;0.0
FR;74;2020-12-31;7;0;31;0;0.0;0.0
FR;74;2021-01-01;5;0;36;0;0.0;0.0
FR;74;2021-01-02;3;0;39;0;0.0;0.0
FR;74;2021-01-03;12;0;51;0;0.0;0.0
FR;74;2021-01-04;86;1;137;1;0.0;0.0
FR;74;2021-01-05;298;0;435;1;0.0;0.0
FR;74;2021-01-06;554;1;989;2;0.0;0.0
FR;74;2021-01-07;1464;0;2453;2;0.1;0.0
FR;74;2021-01-08;1793;3;4246;5;0.1;0.0
FR;74;2021-01-09;794;1;5040;6;0.1;0.0
FR;74;2021-01-10;534;0;5574;6;0.2;0.0
FR;74;2021-01-11;2121;0;7695;6;0.2;0.0
FR;74;2021-01-12;3151;4;10846;10;0.3;0.0
FR;74;2021-01-13;3196;6;14042;16;0.4;0.0
FR;74;2021-01-14;3943;39;17985;55;0.5;0.0
FR;74;2021-01-15;3532;10;21517;65;0.6;0.0
FR;74;2021-01-16;1334;2;22851;67;0.7;0.0
FR;74;2021-01-17;764;3;23615;70;0.7;0.0
FR;74;2021-01-18;4717;11;28332;81;0.8;0.0
FR;74;2021-01-19;6823;11;35155;92;1.0;0.0
FR;74;2021-01-20;7095;12;42250;104;1.2;0.0
FR;74;2021-01-21;8183;23;50433;127;1.4;0.0
FR;74;2021-01-22;6539;18;56972;145;1.6;0.0
FR;74;2021-01-23;2258;1;59230;146;1.7;0.0
FR;74;2021-01-24;609;2;59839;148;1.7;0.0
FR;74;2021-01-25;4533;56;64372;204;1.9;0.0
FR;74;2021-01-26;5626;149;69998;353;2.0;0.0
FR;74;2021-01-27;5982;271;75980;624;2.2;0.0
FR;74;2021-01-28;6975;749;82955;1373;2.4;0.0
FR;74;2021-01-29;5732;898;88687;2271;2.5;0.1
FR;74;2021-01-30;1769;261;90456;2532;2.6;0.1
FR;74;2021-01-31;295;114;90751;2646;2.6;0.1
FR;74;2021-02-01;3290;1061;94041;3707;2.7;0.1
FR;74;2021-02-02;4298;1784;98339;5491;2.8;0.2
FR;74;2021-02-03;4307;1811;102646;7302;3.0;0.2
FR;74;2021-02-04;5174;2469;107820;9771;3.1;0.3
FR;74;2021-02-05;4385;2177;112205;11948;3.2;0.3
FR;74;2021-02-06;1396;695;113601;12643;3.3;0.4
FR;74;2021-02-07;243;351;113844;12994;3.3;0.4
FR;74;2021-02-08;3073;2506;116917;15500;3.4;0.4
FR;74;2021-02-09;4101;3725;121018;19225;3.5;0.6
FR;74;2021-02-10;4416;3814;125434;23039;3.6;0.7
FR;74;2021-02-11;5625;5471;131059;28510;3.8;0.8
FR;74;2021-02-12;5259;3822;136318;32332;3.9;0.9
FR;74;2021-02-13;1647;1220;137965;33552;4.0;1.0
FR;74;2021-02-14;405;471;138370;34023;4.0;1.0
FR;74;2021-02-15;2402;4182;140772;38205;4.0;1.1
FR;74;2021-02-16;3276;5632;144048;43837;4.1;1.3
FR;74;2021-02-17;3390;5450;147438;49287;4.2;1.4
FR;74;2021-02-18;4930;6811;152368;56098;4.4;1.6
FR;74;2021-02-19;4875;5409;157243;61507;4.5;1.8
FR;74;2021-02-20;1550;1737;158793;63244;4.6;1.8
FR;74;2021-02-21;233;415;159026;63659;4.6;1.8
FR;74;2021-02-22;2862;4292;161888;67951;4.7;2.0
FR;74;2021-02-23;4136;4898;166024;72849;4.8;2.1
FR;74;2021-02-24;4516;4841;170540;77690;4.9;2.2
FR;74;2021-02-25;5525;5695;176065;83385;5.1;2.4
FR;74;2021-02-26;5482;4467;181547;87852;5.2;2.5
FR;74;2021-02-27;2008;1364;183555;89216;5.3;2.6
FR;74;2021-02-28;528;294;184083;89510;5.3;2.6
FR;74;2021-03-01;5062;3363;189145;92873;5.4;2.7
FR;74;2021-03-02;7452;4280;196597;97153;5.7;2.8
FR;74;2021-03-03;9687;4262;206284;101415;5.9;2.9
FR;74;2021-03-04;15044;4808;221328;106223;6.4;3.1
FR;74;2021-03-05;21666;4589;242994;110812;7.0;3.2
FR;74;2021-03-06;31217;1394;274211;112206;7.9;3.2
FR;74;2021-03-07;20961;532;295172;112738;8.5;3.2
FR;74;2021-03-08;14199;3671;309371;116409;8.9;3.3
FR;74;2021-03-09;24030;4235;333401;120644;9.6;3.5
FR;74;2021-03-10;26267;4410;359668;125054;10.3;3.6
FR;74;2021-03-11;38267;5308;397935;130362;11.4;3.7
FR;74;2021-03-12;50548;4697;448483;135059;12.9;3.9
FR;74;2021-03-13;47742;1563;496225;136622;14.3;3.9
FR;74;2021-03-14;11934;418;508159;137040;14.6;3.9
FR;74;2021-03-15;25492;3135;533651;140175;15.3;4.0
FR;74;2021-03-16;20028;3840;553679;144015;15.9;4.1
FR;74;2021-03-17;21791;3876;575470;147891;16.5;4.3
FR;74;2021-03-18;24395;4512;599865;152403;17.2;4.4
FR;74;2021-03-19;41299;3971;641164;156374;18.4;4.5
FR;74;2021-03-20;35343;1564;676507;157938;19.4;4.5
FR;74;2021-03-21;9470;399;685977;158337;19.7;4.6
FR;74;2021-03-22;31446;3893;717423;162230;20.6;4.7
FR;74;2021-03-23;50073;4797;767496;167027;22.1;4.8
FR;74;2021-03-24;52053;5188;819549;172215;23.6;5.0
FR;74;2021-03-25;74618;5555;894167;177770;25.7;5.1
FR;74;2021-03-26;80636;5185;974803;182955;28.0;5.3
FR;74;2021-03-27;50958;2378;1025761;185333;29.5;5.3
FR;74;2021-03-28;17785;737;1043546;186070;30.0;5.3
FR;74;2021-03-29;56017;6868;1099563;192938;31.6;5.5
FR;74;2021-03-30;76447;8731;1176010;201669;33.8;5.8
FR;74;2021-03-31;67800;9282;1243810;210951;35.8;6.1
FR;74;2021-04-01;78213;11666;1322023;222617;38.0;6.4
FR;74;2021-04-02;69884;12248;1391907;234865;40.0;6.8
FR;74;2021-04-03;37124;8430;1429031;243295;41.1;7.0
FR;74;2021-04-04;12497;2776;1441528;246071;41.4;7.1
FR;74;2021-04-05;19196;1851;1460724;247922;42.0;7.1
FR;74;2021-04-06;64250;15070;1524974;262992;43.8;7.6
FR;74;2021-04-07;72584;15935;1597558;278927;45.9;8.0
FR;74;2021-04-08;87521;17837;1685079;296764;48.4;8.5
FR;74;2021-04-09;97122;17620;1782201;314384;51.2;9.0
FR;74;2021-04-10;48576;13980;1830777;328364;52.6;9.4
FR;74;2021-04-11;12734;6811;1843511;335175;53.0;9.6
FR;74;2021-04-12;60843;17671;1904354;352846;54.7;10.1
FR;74;2021-04-13;68630;22134;1972984;374980;56.7;10.8
FR;74;2021-04-14;60032;21723;2033016;396703;58.4;11.4
FR;74;2021-04-15;61846;23673;2094862;420376;60.2;12.1
FR;74;2021-04-16;52169;24273;2147031;444649;61.7;12.8
FR;74;2021-04-17;25673;16779;2172704;461428;62.5;13.3
FR;74;2021-04-18;5740;6958;2178444;468386;62.6;13.5
FR;74;2021-04-19;31652;24265;2210096;492651;63.5;14.2
FR;74;2021-04-20;36161;29529;2246257;522180;64.6;15.0
FR;74;2021-04-21;33276;30167;2279533;552347;65.5;15.9
FR;74;2021-04-22;37969;35122;2317502;587469;66.6;16.9
FR;74;2021-04-23;34704;38729;2352206;626198;67.6;18.0
FR;74;2021-04-24;18566;30671;2370772;656869;68.2;18.9
FR;74;2021-04-25;6108;12544;2376880;669413;68.3;19.2
FR;74;2021-04-26;26482;46813;2403362;716226;69.1;20.6
FR;74;2021-04-27;32947;55970;2436309;772196;70.0;22.2
FR;74;2021-04-28;32493;52767;2468802;824963;71.0;23.7
FR;74;2021-04-29;38542;53868;2507344;878831;72.1;25.3
FR;74;2021-04-30;34908;49056;2542252;927887;73.1;26.7
FR;74;2021-05-01;11055;15114;2553307;943001;73.4;27.1
FR;74;2021-05-02;5145;11370;2558452;954371;73.6;27.4
FR;74;2021-05-03;24049;52048;2582501;1006419;74.2;28.9
FR;74;2021-05-04;24929;69171;2607430;1075590;75.0;30.9
FR;74;2021-05-05;22544;64874;2629974;1140464;75.6;32.8
FR;74;2021-05-06;27199;63220;2657173;1203684;76.4;34.6
FR;74;2021-05-07;23122;65949;2680295;1269633;77.1;36.5
FR;74;2021-05-08;7839;14319;2688134;1283952;77.3;36.9
FR;74;2021-05-09;3649;10469;2691783;1294421;77.4;37.2
FR;74;2021-05-10;15904;63059;2707687;1357480;77.8;39.0
FR;74;2021-05-11;20875;64078;2728562;1421558;78.4;40.9
FR;74;2021-05-12;18294;53139;2746856;1474697;79.0;42.4
FR;74;2021-05-13;9048;12077;2755904;1486774;79.2;42.7
FR;74;2021-05-14;16856;37730;2772760;1524504;79.7;43.8
FR;74;2021-05-15;8320;17553;2781080;1542057;80.0;44.3
FR;74;2021-05-16;2978;3498;2784058;1545555;80.0;44.4
FR;74;2021-05-17;12159;30765;2796217;1576320;80.4;45.3
FR;74;2021-05-18;15339;30453;2811556;1606773;80.8;46.2
FR;74;2021-05-19;13915;25379;2825471;1632152;81.2;46.9
FR;74;2021-05-20;15933;27681;2841404;1659833;81.7;47.7
FR;74;2021-05-21;13256;30688;2854660;1690521;82.1;48.6
FR;74;2021-05-22;5734;14214;2860394;1704735;82.2;49.0
FR;74;2021-05-23;1849;2383;2862243;1707118;82.3;49.1
FR;74;2021-05-24;4614;5721;2866857;1712839;82.4;49.2
FR;74;2021-05-25;10474;35229;2877331;1748068;82.7;50.3
FR;74;2021-05-26;9811;33397;2887142;1781465;83.0;51.2
FR;74;2021-05-27;11743;38420;2898885;1819885;83.3;52.3
FR;74;2021-05-28;11044;44956;2909929;1864841;83.7;53.6
FR;74;2021-05-29;4658;24238;2914587;1889079;83.8;54.3
FR;74;2021-05-30;1032;4234;2915619;1893313;83.8;54.4
FR;79;2020-12-27;1;0;1;0;0.0;0.0
FR;79;2020-12-28;6;0;7;0;0.0;0.0
FR;79;2020-12-29;16;0;23;0;0.0;0.0
FR;79;2020-12-30;12;0;35;0;0.0;0.0
FR;79;2020-12-31;6;0;41;0;0.0;0.0
FR;79;2021-01-01;4;0;45;0;0.0;0.0
FR;79;2021-01-02;4;0;49;0;0.0;0.0
FR;79;2021-01-03;2;0;51;0;0.0;0.0
FR;79;2021-01-04;50;0;101;0;0.0;0.0
FR;79;2021-01-05;171;0;272;0;0.0;0.0
FR;79;2021-01-06;340;0;612;0;0.0;0.0
FR;79;2021-01-07;905;0;1517;0;0.1;0.0
FR;79;2021-01-08;1082;1;2599;1;0.1;0.0
FR;79;2021-01-09;364;0;2963;1;0.1;0.0
FR;79;2021-01-10;191;0;3154;1;0.1;0.0
FR;79;2021-01-11;1151;2;4305;3;0.2;0.0
FR;79;2021-01-12;2207;2;6512;5;0.3;0.0
FR;79;2021-01-13;2747;2;9259;7;0.4;0.0
FR;79;2021-01-14;4435;35;13694;42;0.6;0.0
FR;79;2021-01-15;5260;16;18954;58;0.9;0.0
FR;79;2021-01-16;2821;11;21775;69;1.0;0.0
FR;79;2021-01-17;1307;3;23082;72;1.0;0.0
FR;79;2021-01-18;19647;37;42729;109;1.9;0.0
FR;79;2021-01-19;26043;36;68772;145;3.1;0.0
FR;79;2021-01-20;28030;32;96802;177;4.4;0.0
FR;79;2021-01-21;30051;32;126853;209;5.7;0.0
FR;79;2021-01-22;27908;28;154761;237;7.0;0.0
FR;79;2021-01-23;11662;10;166423;247;7.5;0.0
FR;79;2021-01-24;2172;3;168595;250;7.6;0.0
FR;79;2021-01-25;22551;46;191146;296;8.6;0.0
FR;79;2021-01-26;25734;118;216880;414;9.8;0.0
FR;79;2021-01-27;25009;195;241889;609;10.9;0.0
FR;79;2021-01-28;25208;561;267097;1170;12.0;0.1
FR;79;2021-01-29;22542;562;289639;1732;13.1;0.1
FR;79;2021-01-30;8783;137;298422;1869;13.5;0.1
FR;79;2021-01-31;1230;55;299652;1924;13.5;0.1
FR;79;2021-02-01;16156;643;315808;2567;14.2;0.1
FR;79;2021-02-02;19282;1273;335090;3840;15.1;0.2
FR;79;2021-02-03;18292;1582;353382;5422;15.9;0.2
FR;79;2021-02-04;19175;2535;372557;7957;16.8;0.4
FR;79;2021-02-05;18024;2682;390581;10639;17.6;0.5
FR;79;2021-02-06;6452;1005;397033;11644;17.9;0.5
FR;79;2021-02-07;870;391;397903;12035;17.9;0.5
FR;79;2021-02-08;13085;5815;410988;17850;18.5;0.8
FR;79;2021-02-09;15553;7674;426541;25524;19.2;1.2
FR;79;2021-02-10;15449;8049;441990;33573;19.9;1.5
FR;79;2021-02-11;16532;9609;458522;43182;20.7;1.9
FR;79;2021-02-12;15670;9408;474192;52590;21.4;2.4
FR;79;2021-02-13;5005;4123;479197;56713;21.6;2.6
FR;79;2021-02-14;905;1043;480102;57756;21.7;2.6
FR;79;2021-02-15;7134;19825;487236;77581;22.0;3.5
FR;79;2021-02-16;8352;23628;495588;101209;22.4;4.6
FR;79;2021-02-17;8253;24028;503841;125237;22.7;5.6
FR;79;2021-02-18;10293;24429;514134;149666;23.2;6.7
FR;79;2021-02-19;10317;20766;524451;170432;23.7;7.7
FR;79;2021-02-20;3767;8313;528218;178745;23.8;8.1
FR;79;2021-02-21;549;1558;528767;180303;23.8;8.1
FR;79;2021-02-22;6987;21885;535754;202188;24.2;9.1
FR;79;2021-02-23;9639;23575;545393;225763;24.6;10.2
FR;79;2021-02-24;10030;22208;555423;247971;25.0;11.2
FR;79;2021-02-25;11681;22090;567104;270061;25.6;12.2
FR;79;2021-02-26;12065;19116;579169;289177;26.1;13.0
FR;79;2021-02-27;4421;6733;583590;295910;26.3;13.3
FR;79;2021-02-28;875;1038;584465;296948;26.4;13.4
FR;79;2021-03-01;12119;16457;596584;313405;26.9;14.1
FR;79;2021-03-02;16320;19268;612904;332673;27.6;15.0
FR;79;2021-03-03;17734;18535;630638;351208;28.4;15.8
FR;79;2021-03-04;20903;17671;651541;368879;29.4;16.6
FR;79;2021-03-05;22451;16463;673992;385342;30.4;17.4
FR;79;2021-03-06;29028;5360;703020;390702;31.7;17.6
FR;79;2021-03-07;21087;1032;724107;391734;32.7;17.7
FR;79;2021-03-08;17363;15329;741470;407063;33.4;18.4
FR;79;2021-03-09;25735;16424;767205;423487;34.6;19.1
FR;79;2021-03-10;26862;15591;794067;439078;35.8;19.8
FR;79;2021-03-11;31825;15089;825892;454167;37.2;20.5
FR;79;2021-03-12;33353;12933;859245;467100;38.8;21.1
FR;79;2021-03-13;25282;4222;884527;471322;39.9;21.3
FR;79;2021-03-14;9462;772;893989;472094;40.3;21.3
FR;79;2021-03-15;28446;8687;922435;480781;41.6;21.7
FR;79;2021-03-16;32793;9294;955228;490075;43.1;22.1
FR;79;2021-03-17;33771;9247;988999;499322;44.6;22.5
FR;79;2021-03-18;36661;9736;1025660;509058;46.3;23.0
FR;79;2021-03-19;36688;8869;1062348;517927;47.9;23.4
FR;79;2021-03-20;20664;3279;1083012;521206;48.8;23.5
FR;79;2021-03-21;5874;598;1088886;521804;49.1;23.5
FR;79;2021-03-22;28545;9176;1117431;530980;50.4;23.9
FR;79;2021-03-23;37007;10771;1154438;541751;52.1;24.4
FR;79;2021-03-24;35509;11335;1189947;553086;53.7;24.9
FR;79;2021-03-25;41855;11113;1231802;564199;55.6;25.4
FR;79;2021-03-26;39320;10431;1271122;574630;57.3;25.9
FR;79;2021-03-27;17628;4405;1288750;579035;58.1;26.1
FR;79;2021-03-28;4793;901;1293543;579936;58.3;26.2
FR;79;2021-03-29;22245;15005;1315788;594941;59.3;26.8
FR;79;2021-03-30;27976;18890;1343764;613831;60.6;27.7
FR;79;2021-03-31;24648;19731;1368412;633562;61.7;28.6
FR;79;2021-04-01;27128;23179;1395540;656741;62.9;29.6
FR;79;2021-04-02;23012;24431;1418552;681172;64.0;30.7
FR;79;2021-04-03;10001;17359;1428553;698531;64.4;31.5
FR;79;2021-04-04;2798;5061;1431351;703592;64.6;31.7
FR;79;2021-04-05;4184;2745;1435535;706337;64.7;31.9
FR;79;2021-04-06;18903;28952;1454438;735289;65.6;33.2
FR;79;2021-04-07;21012;29832;1475450;765121;66.5;34.5
FR;79;2021-04-08;24937;29899;1500387;795020;67.7;35.9
FR;79;2021-04-09;26773;28080;1527160;823100;68.9;37.1
FR;79;2021-04-10;13627;18917;1540787;842017;69.5;38.0
FR;79;2021-04-11;3502;6444;1544289;848461;69.6;38.3
FR;79;2021-04-12;16708;28883;1560997;877344;70.4;39.6
FR;79;2021-04-13;19057;34994;1580054;912338;71.3;41.1
FR;79;2021-04-14;18121;33121;1598175;945459;72.1;42.6
FR;79;2021-04-15;19049;33302;1617224;978761;72.9;44.1
FR;79;2021-04-16;16184;31025;1633408;1009786;73.7;45.5
FR;79;2021-04-17;8132;16687;1641540;1026473;74.0;46.3
FR;79;2021-04-18;1766;4830;1643306;1031303;74.1;46.5
FR;79;2021-04-19;9805;29162;1653111;1060465;74.6;47.8
FR;79;2021-04-20;11623;34424;1664734;1094889;75.1;49.4
FR;79;2021-04-21;11243;31190;1675977;1126079;75.6;50.8
FR;79;2021-04-22;12789;31063;1688766;1157142;76.2;52.2
FR;79;2021-04-23;11848;27665;1700614;1184807;76.7;53.4
FR;79;2021-04-24;6125;13704;1706739;1198511;77.0;54.1
FR;79;2021-04-25;1896;3418;1708635;1201929;77.1;54.2
FR;79;2021-04-26;8847;20578;1717482;1222507;77.5;55.1
FR;79;2021-04-27;11016;23635;1728498;1246142;78.0;56.2
FR;79;2021-04-28;11529;20874;1740027;1267016;78.5;57.1
FR;79;2021-04-29;13558;20634;1753585;1287650;79.1;58.1
FR;79;2021-04-30;12750;17564;1766335;1305214;79.7;58.9
FR;79;2021-05-01;3800;3908;1770135;1309122;79.8;59.0
FR;79;2021-05-02;1726;2615;1771861;1311737;79.9;59.2
FR;79;2021-05-03;8528;15077;1780389;1326814;80.3;59.8
FR;79;2021-05-04;8847;20123;1789236;1346937;80.7;60.7
FR;79;2021-05-05;8320;18953;1797556;1365890;81.1;61.6
FR;79;2021-05-06;10158;18749;1807714;1384639;81.5;62.4
FR;79;2021-05-07;8885;19423;1816599;1404062;81.9;63.3
FR;79;2021-05-08;2942;4293;1819541;1408355;82.1;63.5
FR;79;2021-05-09;1377;2985;1820918;1411340;82.1;63.7
FR;79;2021-05-10;6059;17455;1826977;1428795;82.4;64.4
FR;79;2021-05-11;7913;18530;1834890;1447325;82.8;65.3
FR;79;2021-05-12;7181;15761;1842071;1463086;83.1;66.0
FR;79;2021-05-13;3477;3776;1845548;1466862;83.2;66.2
FR;79;2021-05-14;6707;11361;1852255;1478223;83.5;66.7
FR;79;2021-05-15;3260;5090;1855515;1483313;83.7;66.9
FR;79;2021-05-16;1138;1150;1856653;1484463;83.7;66.9
FR;79;2021-05-17;4873;8968;1861526;1493431;84.0;67.4
FR;79;2021-05-18;6016;9117;1867542;1502548;84.2;67.8
FR;79;2021-05-19;5637;7938;1873179;1510486;84.5;68.1
FR;79;2021-05-20;6515;8083;1879694;1518569;84.8;68.5
FR;79;2021-05-21;5523;8713;1885217;1527282;85.0;68.9
FR;79;2021-05-22;2382;3800;1887599;1531082;85.1;69.1
FR;79;2021-05-23;726;784;1888325;1531866;85.2;69.1
FR;79;2021-05-24;1822;1597;1890147;1533463;85.2;69.2
FR;79;2021-05-25;4297;10191;1894444;1543654;85.4;69.6
FR;79;2021-05-26;4183;9657;1898627;1553311;85.6;70.1
FR;79;2021-05-27;5109;10450;1903736;1563761;85.9;70.5
FR;79;2021-05-28;4591;12328;1908327;1576089;86.1;71.1
FR;79;2021-05-29;1998;6632;1910325;1582721;86.2;71.4
FR;79;2021-05-30;429;1248;1910754;1583969;86.2;71.4
FR;80;2020-12-27;10;2;10;2;0.0;0.0
FR;80;2020-12-28;41;0;51;2;0.0;0.0
FR;80;2020-12-29;78;0;129;2;0.0;0.0
FR;80;2020-12-30;69;0;198;2;0.0;0.0
FR;80;2020-12-31;49;0;247;2;0.0;0.0
FR;80;2021-01-01;9;0;256;2;0.0;0.0
FR;80;2021-01-02;8;0;264;2;0.0;0.0
FR;80;2021-01-03;2;0;266;2;0.0;0.0
FR;80;2021-01-04;297;1;563;3;0.0;0.0
FR;80;2021-01-05;909;0;1472;3;0.0;0.0
FR;80;2021-01-06;1675;0;3147;3;0.1;0.0
FR;80;2021-01-07;6292;2;9439;5;0.2;0.0
FR;80;2021-01-08;5750;2;15189;7;0.4;0.0
FR;80;2021-01-09;979;0;16168;7;0.4;0.0
FR;80;2021-01-10;309;0;16477;7;0.4;0.0
FR;80;2021-01-11;4439;4;20916;11;0.5;0.0
FR;80;2021-01-12;12719;9;33635;20;0.8;0.0
FR;80;2021-01-13;12443;14;46078;34;1.1;0.0
FR;80;2021-01-14;18246;118;64324;152;1.5;0.0
FR;80;2021-01-15;12135;32;76459;184;1.8;0.0
FR;80;2021-01-16;4034;28;80493;212;1.9;0.0
FR;80;2021-01-17;3745;18;84238;230;2.0;0.0
FR;80;2021-01-18;28749;67;112987;297;2.7;0.0
FR;80;2021-01-19;53774;105;166761;402;4.0;0.0
FR;80;2021-01-20;59403;113;226164;515;5.4;0.0
FR;80;2021-01-21;69945;81;296109;596;7.1;0.0
FR;80;2021-01-22;48316;67;344425;663;8.3;0.0
FR;80;2021-01-23;16216;9;360641;672;8.7;0.0
FR;80;2021-01-24;4313;2;364954;674;8.8;0.0
FR;80;2021-01-25;32411;149;397365;823;9.6;0.0
FR;80;2021-01-26;45111;533;442476;1356;10.6;0.0
FR;80;2021-01-27;50884;892;493360;2248;11.9;0.1
FR;80;2021-01-28;60021;3944;553381;6192;13.3;0.1
FR;80;2021-01-29;39336;3276;592717;9468;14.3;0.2
FR;80;2021-01-30;13221;592;605938;10060;14.6;0.2
FR;80;2021-01-31;2333;285;608271;10345;14.6;0.2
FR;80;2021-02-01;23011;2783;631282;13128;15.2;0.3
FR;80;2021-02-02;33531;7435;664813;20563;16.0;0.5
FR;80;2021-02-03;34430;7881;699243;28444;16.8;0.7
FR;80;2021-02-04;38062;12589;737305;41033;17.7;1.0
FR;80;2021-02-05;29793;9527;767098;50560;18.4;1.2
FR;80;2021-02-06;9704;2123;776802;52683;18.7;1.3
FR;80;2021-02-07;1449;1867;778251;54550;18.7;1.3
FR;80;2021-02-08;19348;11139;797599;65689;19.2;1.6
FR;80;2021-02-09;25896;25610;823495;91299;19.8;2.2
FR;80;2021-02-10;26308;28925;849803;120224;20.4;2.9
FR;80;2021-02-11;30508;38125;880311;158349;21.2;3.8
FR;80;2021-02-12;26719;24679;907030;183028;21.8;4.4
FR;80;2021-02-13;7934;6526;914964;189554;22.0;4.6
FR;80;2021-02-14;1508;3100;916472;192654;22.0;4.6
FR;80;2021-02-15;11136;28312;927608;220966;22.3;5.3
FR;80;2021-02-16;15553;38928;943161;259894;22.7;6.3
FR;80;2021-02-17;15939;44490;959100;304384;23.1;7.3
FR;80;2021-02-18;21510;52521;980610;356905;23.6;8.6
FR;80;2021-02-19;19050;37505;999660;394410;24.0;9.5
FR;80;2021-02-20;6302;12325;1005962;406735;24.2;9.8
FR;80;2021-02-21;913;2970;1006875;409705;24.2;9.9
FR;80;2021-02-22;11172;30692;1018047;440397;24.5;10.6
FR;80;2021-02-23;17083;37289;1035130;477686;24.9;11.5
FR;80;2021-02-24;17981;37084;1053111;514770;25.3;12.4
FR;80;2021-02-25;22281;40861;1075392;555631;25.9;13.4
FR;80;2021-02-26;20515;30910;1095907;586541;26.4;14.1
FR;80;2021-02-27;7168;10283;1103075;596824;26.5;14.4
FR;80;2021-02-28;1260;2120;1104335;598944;26.6;14.4
FR;80;2021-03-01;18777;23209;1123112;622153;27.0;15.0
FR;80;2021-03-02;26883;29104;1149995;651257;27.7;15.7
FR;80;2021-03-03;28685;29238;1178680;680495;28.3;16.4
FR;80;2021-03-04;34857;29683;1213537;710178;29.2;17.1
FR;80;2021-03-05;35854;27475;1249391;737653;30.0;17.7
FR;80;2021-03-06;41351;8340;1290742;745993;31.0;17.9
FR;80;2021-03-07;29702;2013;1320444;748006;31.8;18.0
FR;80;2021-03-08;27157;22478;1347601;770484;32.4;18.5
FR;80;2021-03-09;40691;24649;1388292;795133;33.4;19.1
FR;80;2021-03-10;43064;25378;1431356;820511;34.4;19.7
FR;80;2021-03-11;51600;26870;1482956;847381;35.7;20.4
FR;80;2021-03-12;52064;22960;1535020;870341;36.9;20.9
FR;80;2021-03-13;37413;6999;1572433;877340;37.8;21.1
FR;80;2021-03-14;13879;1520;1586312;878860;38.2;21.1
FR;80;2021-03-15;44015;13925;1630327;892785;39.2;21.5
FR;80;2021-03-16;51790;17020;1682117;909805;40.5;21.9
FR;80;2021-03-17;54616;16536;1736733;926341;41.8;22.3
FR;80;2021-03-18;58453;18810;1795186;945151;43.2;22.7
FR;80;2021-03-19;57307;15708;1852493;960859;44.6;23.1
FR;80;2021-03-20;30965;5329;1883458;966188;45.3;23.2
FR;80;2021-03-21;8685;1089;1892143;967277;45.5;23.3
FR;80;2021-03-22;42815;14540;1934958;981817;46.5;23.6
FR;80;2021-03-23;55508;18030;1990466;999847;47.9;24.0
FR;80;2021-03-24;54377;19027;2044843;1018874;49.2;24.5
FR;80;2021-03-25;63917;19569;2108760;1038443;50.7;25.0
FR;80;2021-03-26;60059;18241;2168819;1056684;52.2;25.4
FR;80;2021-03-27;26551;7336;2195370;1064020;52.8;25.6
FR;80;2021-03-28;6924;1449;2202294;1065469;53.0;25.6
FR;80;2021-03-29;32808;23383;2235102;1088852;53.8;26.2
FR;80;2021-03-30;43136;30707;2278238;1119559;54.8;26.9
FR;80;2021-03-31;40447;32078;2318685;1151637;55.8;27.7
FR;80;2021-04-01;46035;37693;2364720;1189330;56.9;28.6
FR;80;2021-04-02;37009;39707;2401729;1229037;57.8;29.6
FR;80;2021-04-03;14487;26083;2416216;1255120;58.1;30.2
FR;80;2021-04-04;3862;7558;2420078;1262678;58.2;30.4
FR;80;2021-04-05;5611;4079;2425689;1266757;58.3;30.5
FR;80;2021-04-06;27518;44934;2453207;1311691;59.0;31.5
FR;80;2021-04-07;33396;48368;2486603;1360059;59.8;32.7
FR;80;2021-04-08;39944;49497;2526547;1409556;60.8;33.9
FR;80;2021-04-09;43373;46302;2569920;1455858;61.8;35.0
FR;80;2021-04-10;19808;28864;2589728;1484722;62.3;35.7
FR;80;2021-04-11;4833;9355;2594561;1494077;62.4;35.9
FR;80;2021-04-12;23447;45126;2618008;1539203;63.0;37.0
FR;80;2021-04-13;30127;54599;2648135;1593802;63.7;38.3
FR;80;2021-04-14;28927;52116;2677062;1645918;64.4;39.6
FR;80;2021-04-15;31291;52632;2708353;1698550;65.1;40.9
FR;80;2021-04-16;26370;48960;2734723;1747510;65.8;42.0
FR;80;2021-04-17;12317;25586;2747040;1773096;66.1;42.6
FR;80;2021-04-18;2529;7615;2749569;1780711;66.1;42.8
FR;80;2021-04-19;14189;43690;2763758;1824401;66.5;43.9
FR;80;2021-04-20;17841;53008;2781599;1877409;66.9;45.2
FR;80;2021-04-21;17869;49758;2799468;1927167;67.3;46.3
FR;80;2021-04-22;20556;51176;2820024;1978343;67.8;47.6
FR;80;2021-04-23;18987;44586;2839011;2022929;68.3;48.7
FR;80;2021-04-24;9355;21178;2848366;2044107;68.5;49.2
FR;80;2021-04-25;2663;5144;2851029;2049251;68.6;49.3
FR;80;2021-04-26;12261;30549;2863290;2079800;68.9;50.0
FR;80;2021-04-27;16676;36378;2879966;2116178;69.3;50.9
FR;80;2021-04-28;17872;34559;2897838;2150737;69.7;51.7
FR;80;2021-04-29;21557;35601;2919395;2186338;70.2;52.6
FR;80;2021-04-30;20278;29536;2939673;2215874;70.7;53.3
FR;80;2021-05-01;5786;5809;2945459;2221683;70.8;53.4
FR;80;2021-05-02;2591;3846;2948050;2225529;70.9;53.5
FR;80;2021-05-03;12392;21314;2960442;2246843;71.2;54.0
FR;80;2021-05-04;13763;29935;2974205;2276778;71.5;54.8
FR;80;2021-05-05;13418;29300;2987623;2306078;71.9;55.5
FR;80;2021-05-06;15778;29492;3003401;2335570;72.2;56.2
FR;80;2021-05-07;14472;29749;3017873;2365319;72.6;56.9
FR;80;2021-05-08;4474;6048;3022347;2371367;72.7;57.0
FR;80;2021-05-09;1906;4141;3024253;2375508;72.7;57.1
FR;80;2021-05-10;9109;24337;3033362;2399845;73.0;57.7
FR;80;2021-05-11;12448;27156;3045810;2427001;73.3;58.4
FR;80;2021-05-12;11407;23553;3057217;2450554;73.5;58.9
FR;80;2021-05-13;4872;5393;3062089;2455947;73.6;59.1
FR;80;2021-05-14;10320;16361;3072409;2472308;73.9;59.5
FR;80;2021-05-15;4801;7324;3077210;2479632;74.0;59.6
FR;80;2021-05-16;1533;1526;3078743;2481158;74.0;59.7
FR;80;2021-05-17;7004;13084;3085747;2494242;74.2;60.0
FR;80;2021-05-18;9418;13448;3095165;2507690;74.4;60.3
FR;80;2021-05-19;8829;12082;3103994;2519772;74.7;60.6
FR;80;2021-05-20;10532;12663;3114526;2532435;74.9;60.9
FR;80;2021-05-21;8698;13046;3123224;2545481;75.1;61.2
FR;80;2021-05-22;3805;5184;3127029;2550665;75.2;61.3
FR;80;2021-05-23;1010;1134;3128039;2551799;75.2;61.4
FR;80;2021-05-24;2561;2219;3130600;2554018;75.3;61.4
FR;80;2021-05-25;6473;14237;3137073;2568255;75.4;61.8
FR;80;2021-05-26;6525;14590;3143598;2582845;75.6;62.1
FR;80;2021-05-27;8371;15651;3151969;2598496;75.8;62.5
FR;80;2021-05-28;7858;17907;3159827;2616403;76.0;62.9
FR;80;2021-05-29;3305;8730;3163132;2625133;76.1;63.1
FR;80;2021-05-30;618;1582;3163750;2626715;76.1;63.2
FR;0;2020-12-27;20;2;20;2;0.0;0.0
FR;0;2020-12-28;69;0;89;2;0.0;0.0
FR;0;2020-12-29;108;0;197;2;0.0;0.0
FR;0;2020-12-30;120;0;317;2;0.0;0.0
FR;0;2020-12-31;83;0;400;2;0.0;0.0
FR;0;2021-01-01;67;1;467;3;0.0;0.0
FR;0;2021-01-02;78;2;545;5;0.0;0.0
FR;0;2021-01-03;89;0;634;5;0.0;0.0
FR;0;2021-01-04;1472;6;2106;11;0.0;0.0
FR;0;2021-01-05;5386;14;7492;25;0.0;0.0
FR;0;2021-01-06;11290;20;18782;45;0.0;0.0
FR;0;2021-01-07;28543;48;47325;93;0.1;0.0
FR;0;2021-01-08;36162;43;83487;136;0.1;0.0
FR;0;2021-01-09;10901;12;94388;148;0.1;0.0
FR;0;2021-01-10;5610;8;99998;156;0.1;0.0
FR;0;2021-01-11;38930;57;138928;213;0.2;0.0
FR;0;2021-01-12;60774;98;199702;311;0.3;0.0
FR;0;2021-01-13;63675;135;263377;446;0.4;0.0
FR;0;2021-01-14;79793;676;343170;1122;0.5;0.0
FR;0;2021-01-15;67375;240;410545;1362;0.6;0.0
FR;0;2021-01-16;19605;107;430150;1469;0.6;0.0
FR;0;2021-01-17;10463;51;440613;1520;0.7;0.0
FR;0;2021-01-18;84297;248;524910;1768;0.8;0.0
FR;0;2021-01-19;128332;307;653242;2075;1.0;0.0
FR;0;2021-01-20;134955;307;788197;2382;1.2;0.0
FR;0;2021-01-21;155115;284;943312;2666;1.4;0.0
FR;0;2021-01-22;118411;292;1061723;2958;1.6;0.0
FR;0;2021-01-23;37766;64;1099489;3022;1.6;0.0
FR;0;2021-01-24;9353;35;1108842;3057;1.7;0.0
FR;0;2021-01-25;76748;1297;1185590;4354;1.8;0.0
FR;0;2021-01-26;98692;3215;1284282;7569;1.9;0.0
FR;0;2021-01-27;105557;5717;1389839;13286;2.1;0.0
FR;0;2021-01-28;122210;14543;1512049;27829;2.3;0.0
FR;0;2021-01-29;90820;17438;1602869;45267;2.4;0.1
FR;0;2021-01-30;28630;4261;1631499;49528;2.4;0.1
FR;0;2021-01-31;4864;1684;1636363;51212;2.4;0.1
FR;0;2021-02-01;51506;21188;1687869;72400;2.5;0.1
FR;0;2021-02-02;70600;34730;1758469;107130;2.6;0.2
FR;0;2021-02-03;70913;37137;1829382;144267;2.7;0.2
FR;0;2021-02-04;80449;50263;1909831;194530;2.8;0.3
FR;0;2021-02-05;67026;45495;1976857;240025;2.9;0.4
FR;0;2021-02-06;21277;10427;1998134;250452;3.0;0.4
FR;0;2021-02-07;4824;5078;2002958;255530;3.0;0.4
FR;0;2021-02-08;45807;46176;2048765;301706;3.1;0.4
FR;0;2021-02-09;64693;72827;2113458;374533;3.1;0.6
FR;0;2021-02-10;69191;77201;2182649;451734;3.3;0.7
FR;0;2021-02-11;85505;99917;2268154;551651;3.4;0.8
FR;0;2021-02-12;77635;74991;2345789;626642;3.5;0.9
FR;0;2021-02-13;21642;19609;2367431;646251;3.5;1.0
FR;0;2021-02-14;4579;7230;2372010;653481;3.5;1.0
FR;0;2021-02-15;37019;76942;2409029;730423;3.6;1.1
FR;0;2021-02-16;49161;101268;2458190;831691;3.7;1.2
FR;0;2021-02-17;49282;103512;2507472;935203;3.7;1.4
FR;0;2021-02-18;67819;119474;2575291;1054677;3.8;1.6
FR;0;2021-02-19;63639;91529;2638930;1146206;3.9;1.7
FR;0;2021-02-20;17955;28568;2656885;1174774;4.0;1.8
FR;0;2021-02-21;2857;6408;2659742;1181182;4.0;1.8
FR;0;2021-02-22;36429;73591;2696171;1254773;4.0;1.9
FR;0;2021-02-23;52467;84716;2748638;1339489;4.1;2.0
FR;0;2021-02-24;57953;81709;2806591;1421198;4.2;2.1
FR;0;2021-02-25;98431;92615;2905022;1513813;4.3;2.3
FR;0;2021-02-26;111565;72242;3016587;1586055;4.5;2.4
FR;0;2021-02-27;51074;22408;3067661;1608463;4.6;2.4
FR;0;2021-02-28;5662;4481;3073323;1612944;4.6;2.4
FR;0;2021-03-01;63450;53421;3136773;1666365;4.7;2.5
FR;0;2021-03-02;99159;67272;3235932;1733637;4.8;2.6
FR;0;2021-03-03;113266;66772;3349198;1800409;5.0;2.7
FR;0;2021-03-04;159778;70812;3508976;1871221;5.2;2.8
FR;0;2021-03-05;197355;65664;3706331;1936885;5.5;2.9
FR;0;2021-03-06;204147;19353;3910478;1956238;5.8;2.9
FR;0;2021-03-07;119561;6297;4030039;1962535;6.0;2.9
FR;0;2021-03-08;104420;51769;4134459;2014304;6.2;3.0
FR;0;2021-03-09;169016;58422;4303475;2072726;6.4;3.1
FR;0;2021-03-10;175009;58856;4478484;2131582;6.7;3.2
FR;0;2021-03-11;238506;65647;4716990;2197229;7.0;3.3
FR;0;2021-03-12;289993;56385;5006983;2253614;7.5;3.4
FR;0;2021-03-13;227528;16964;5234511;2270578;7.8;3.4
FR;0;2021-03-14;62039;4018;5296550;2274596;7.9;3.4
FR;0;2021-03-15;155372;34541;5451922;2309137;8.1;3.4
FR;0;2021-03-16;139140;41378;5591062;2350515;8.3;3.5
FR;0;2021-03-17;147840;40889;5738902;2391404;8.6;3.6
FR;0;2021-03-18;164805;47511;5903707;2438915;8.8;3.6
FR;0;2021-03-19;226157;41123;6129864;2480038;9.1;3.7
FR;0;2021-03-20;164240;13908;6294104;2493946;9.4;3.7
FR;0;2021-03-21;48708;3428;6342812;2497374;9.5;3.7
FR;0;2021-03-22;166781;37178;6509593;2534552;9.7;3.8
FR;0;2021-03-23;246245;46543;6755838;2581095;10.1;3.8
FR;0;2021-03-24;252856;48068;7008694;2629163;10.4;3.9
FR;0;2021-03-25;336867;50570;7345561;2679733;10.9;4.0
FR;0;2021-03-26;353999;48198;7699560;2727931;11.5;4.1
FR;0;2021-03-27;192622;19971;7892182;2747902;11.8;4.1
FR;0;2021-03-28;58269;4770;7950451;2752672;11.8;4.1
FR;0;2021-03-29;200075;58047;8150526;2810719;12.1;4.2
FR;0;2021-03-30;281428;75379;8431954;2886098;12.6;4.3
FR;0;2021-03-31;258900;78744;8690854;2964842;12.9;4.4
FR;0;2021-04-01;309258;95685;9000112;3060527;13.4;4.6
FR;0;2021-04-02;277133;98815;9277245;3159342;13.8;4.7
FR;0;2021-04-03;138956;65030;9416201;3224372;14.0;4.8
FR;0;2021-04-04;44817;19884;9461018;3244256;14.1;4.8
FR;0;2021-04-05;58704;12680;9519722;3256936;14.2;4.9
FR;0;2021-04-06;212593;113151;9732315;3370087;14.5;5.0
FR;0;2021-04-07;255828;122532;9988143;3492619;14.9;5.2
FR;0;2021-04-08;332094;131302;10320237;3623921;15.4;5.4
FR;0;2021-04-09;403947;127013;10724184;3750934;16.0;5.6
FR;0;2021-04-10;209872;88043;10934056;3838977;16.3;5.7
FR;0;2021-04-11;54938;36288;10988994;3875265;16.4;5.8
FR;0;2021-04-12;233410;121426;11222404;3996691;16.7;6.0
FR;0;2021-04-13;304555;153342;11526959;4150033;17.2;6.2
FR;0;2021-04-14;288977;148288;11815936;4298321;17.6;6.4
FR;0;2021-04-15;330984;158174;12146920;4456495;18.1;6.6
FR;0;2021-04-16;334045;155474;12480965;4611969;18.6;6.9
FR;0;2021-04-17;185825;95478;12666790;4707447;18.9;7.0
FR;0;2021-04-18;50384;37182;12717174;4744629;18.9;7.1
FR;0;2021-04-19;201852;144911;12919026;4889540;19.2;7.3
FR;0;2021-04-20;249374;179035;13168400;5068575;19.6;7.6
FR;0;2021-04-21;248031;177288;13416431;5245863;20.0;7.8
FR;0;2021-04-22;281542;198376;13697973;5444239;20.4;8.1
FR;0;2021-04-23;289001;194507;13986974;5638746;20.8;8.4
FR;0;2021-04-24;187248;119490;14174222;5758236;21.1;8.6
FR;0;2021-04-25;67881;41629;14242103;5799865;21.2;8.6
FR;0;2021-04-26;215163;166559;14457266;5966424;21.5;8.9
FR;0;2021-04-27;279460;207041;14736726;6173465;22.0;9.2
FR;0;2021-04-28;293782;204261;15030508;6377726;22.4;9.5
FR;0;2021-04-29;350563;226288;15381071;6604014;22.9;9.8
FR;0;2021-04-30;365696;219319;15746767;6823333;23.5;10.2
FR;0;2021-05-01;162933;61464;15909700;6884797;23.7;10.3
FR;0;2021-05-02;89375;42311;15999075;6927108;23.8;10.3
FR;0;2021-05-03;281182;186929;16280257;7114037;24.3;10.6
FR;0;2021-05-04;307782;246863;16588039;7360900;24.7;11.0
FR;0;2021-05-05;317554;246088;16905593;7606988;25.2;11.3
FR;0;2021-05-06;370862;269095;17276455;7876083;25.7;11.7
FR;0;2021-05-07;364062;294846;17640517;8170929;26.3;12.2
FR;0;2021-05-08;207594;79248;17848111;8250177;26.6;12.3
FR;0;2021-05-09;127326;54137;17975437;8304314;26.8;12.4
FR;0;2021-05-10;302420;251565;18277857;8555879;27.2;12.7
FR;0;2021-05-11;394597;292663;18672454;8848542;27.8;13.2
FR;0;2021-05-12;419723;265051;19092177;9113593;28.4;13.6
FR;0;2021-05-13;327915;75689;19420092;9189282;28.9;13.7
FR;0;2021-05-14;440590;199060;19860682;9388342;29.6;14.0
FR;0;2021-05-15;362513;117158;20223195;9505500;30.1;14.2
FR;0;2021-05-16;199225;32761;20422420;9538261;30.4;14.2
FR;0;2021-05-17;366551;175652;20788971;9713913;31.0;14.5
FR;0;2021-05-18;443731;187871;21232702;9901784;31.6;14.8
FR;0;2021-05-19;454051;178826;21686753;10080610;32.3;15.0
FR;0;2021-05-20;493355;200173;22180108;10280783;33.0;15.3
FR;0;2021-05-21;474739;217168;22654847;10497951;33.8;15.6
FR;0;2021-05-22;340120;105915;22994967;10603866;34.3;15.8
FR;0;2021-05-23;158398;25670;23153365;10629536;34.5;15.8
FR;0;2021-05-24;256429;51437;23409794;10680973;34.9;15.9
FR;0;2021-05-25;388671;223308;23798465;10904281;35.5;16.2
FR;0;2021-05-26;393930;226037;24192395;11130318;36.0;16.6
FR;0;2021-05-27;436248;252733;24628643;11383051;36.7;17.0
FR;0;2021-05-28;415193;313321;25043836;11696372;37.3;17.4
FR;0;2021-05-29;292177;179700;25336013;11876072;37.8;17.7
FR;0;2021-05-30;103835;41277;25439848;11917349;37.9;17.8
