reg;jour;n_dose1;n_complet;n_cum_dose1;n_cum_complet;couv_dose1;couv_complet
01;2020-12-27;0;0;0;0;0.0;0.0
01;2020-12-28;0;0;0;0;0.0;0.0
01;2020-12-29;0;0;0;0;0.0;0.0
01;2020-12-30;0;0;0;0;0.0;0.0
01;2020-12-31;0;0;0;0;0.0;0.0
01;2021-01-01;1;0;1;0;0.0;0.0
01;2021-01-02;0;0;1;0;0.0;0.0
01;2021-01-03;0;0;1;0;0.0;0.0
01;2021-01-04;1;0;2;0;0.0;0.0
01;2021-01-05;0;0;2;0;0.0;0.0
01;2021-01-06;0;0;2;0;0.0;0.0
01;2021-01-07;0;0;2;0;0.0;0.0
01;2021-01-08;34;0;36;0;0.0;0.0
01;2021-01-09;18;0;54;0;0.0;0.0
01;2021-01-10;0;0;54;0;0.0;0.0
01;2021-01-11;52;0;106;0;0.0;0.0
01;2021-01-12;39;0;145;0;0.0;0.0
01;2021-01-13;45;0;190;0;0.1;0.0
01;2021-01-14;60;0;250;0;0.1;0.0
01;2021-01-15;76;0;326;0;0.1;0.0
01;2021-01-16;0;0;326;0;0.1;0.0
01;2021-01-17;0;0;326;0;0.1;0.0
01;2021-01-18;75;0;401;0;0.1;0.0
01;2021-01-19;137;0;538;0;0.1;0.0
01;2021-01-20;134;0;672;0;0.2;0.0
01;2021-01-21;146;1;818;1;0.2;0.0
01;2021-01-22;131;0;949;1;0.3;0.0
01;2021-01-23;1;0;950;1;0.3;0.0
01;2021-01-24;0;0;950;1;0.3;0.0
01;2021-01-25;203;0;1153;1;0.3;0.0
01;2021-01-26;199;1;1352;2;0.4;0.0
01;2021-01-27;232;0;1584;2;0.4;0.0
01;2021-01-28;228;3;1812;5;0.5;0.0
01;2021-01-29;197;1;2009;6;0.5;0.0
01;2021-01-30;16;0;2025;6;0.5;0.0
01;2021-01-31;1;0;2026;6;0.5;0.0
01;2021-02-01;220;4;2246;10;0.6;0.0
01;2021-02-02;240;25;2486;35;0.7;0.0
01;2021-02-03;207;2;2693;37;0.7;0.0
01;2021-02-04;297;20;2990;57;0.8;0.0
01;2021-02-05;243;32;3233;89;0.9;0.0
01;2021-02-06;45;1;3278;90;0.9;0.0
01;2021-02-07;0;0;3278;90;0.9;0.0
01;2021-02-08;212;23;3490;113;0.9;0.0
01;2021-02-09;280;29;3770;142;1.0;0.0
01;2021-02-10;210;29;3980;171;1.1;0.0
01;2021-02-11;291;109;4271;280;1.1;0.1
01;2021-02-12;282;24;4553;304;1.2;0.1
01;2021-02-13;48;7;4601;311;1.2;0.1
01;2021-02-14;19;36;4620;347;1.2;0.1
01;2021-02-15;64;45;4684;392;1.2;0.1
01;2021-02-16;16;1;4700;393;1.2;0.1
01;2021-02-17;17;1;4717;394;1.3;0.1
01;2021-02-18;209;17;4926;411;1.3;0.1
01;2021-02-19;221;20;5147;431;1.4;0.1
01;2021-02-20;47;0;5194;431;1.4;0.1
01;2021-02-21;1;0;5195;431;1.4;0.1
01;2021-02-22;149;63;5344;494;1.4;0.1
01;2021-02-23;185;73;5529;567;1.5;0.2
01;2021-02-24;303;126;5832;693;1.5;0.2
01;2021-02-25;363;79;6195;772;1.6;0.2
01;2021-02-26;163;83;6358;855;1.7;0.2
01;2021-02-27;63;0;6421;855;1.7;0.2
01;2021-02-28;1;0;6422;855;1.7;0.2
01;2021-03-01;127;81;6549;936;1.7;0.2
01;2021-03-02;235;132;6784;1068;1.8;0.3
01;2021-03-03;194;118;6978;1186;1.9;0.3
01;2021-03-04;296;82;7274;1268;1.9;0.3
01;2021-03-05;311;141;7585;1409;2.0;0.4
01;2021-03-06;570;2;8155;1411;2.2;0.4
01;2021-03-07;1;0;8156;1411;2.2;0.4
01;2021-03-08;262;137;8418;1548;2.2;0.4
01;2021-03-09;346;150;8764;1698;2.3;0.5
01;2021-03-10;343;158;9107;1856;2.4;0.5
01;2021-03-11;119;44;9226;1900;2.4;0.5
01;2021-03-12;361;212;9587;2112;2.5;0.6
01;2021-03-13;126;2;9713;2114;2.6;0.6
01;2021-03-14;13;23;9726;2137;2.6;0.6
01;2021-03-15;398;42;10124;2179;2.7;0.6
01;2021-03-16;432;78;10556;2257;2.8;0.6
01;2021-03-17;408;83;10964;2340;2.9;0.6
01;2021-03-18;527;107;11491;2447;3.0;0.6
01;2021-03-19;508;98;11999;2545;3.2;0.7
01;2021-03-20;172;44;12171;2589;3.2;0.7
01;2021-03-21;8;0;12179;2589;3.2;0.7
01;2021-03-22;331;87;12510;2676;3.3;0.7
01;2021-03-23;477;156;12987;2832;3.4;0.8
01;2021-03-24;452;106;13439;2938;3.6;0.8
01;2021-03-25;686;178;14125;3116;3.7;0.8
01;2021-03-26;629;120;14754;3236;3.9;0.9
01;2021-03-27;260;48;15014;3284;4.0;0.9
01;2021-03-28;6;0;15020;3284;4.0;0.9
01;2021-03-29;358;81;15378;3365;4.1;0.9
01;2021-03-30;593;162;15971;3527;4.2;0.9
01;2021-03-31;511;124;16482;3651;4.4;1.0
01;2021-04-01;601;200;17083;3851;4.5;1.0
01;2021-04-02;39;35;17122;3886;4.5;1.0
01;2021-04-03;41;2;17163;3888;4.6;1.0
01;2021-04-04;4;18;17167;3906;4.6;1.0
01;2021-04-05;4;0;17171;3906;4.6;1.0
01;2021-04-06;405;187;17576;4093;4.7;1.1
01;2021-04-07;563;114;18139;4207;4.8;1.1
01;2021-04-08;469;159;18608;4366;4.9;1.2
01;2021-04-09;458;209;19066;4575;5.1;1.2
01;2021-04-10;96;4;19162;4579;5.1;1.2
01;2021-04-11;2;25;19164;4604;5.1;1.2
01;2021-04-12;270;257;19434;4861;5.2;1.3
01;2021-04-13;516;318;19950;5179;5.3;1.4
01;2021-04-14;408;221;20358;5400;5.4;1.4
01;2021-04-15;535;315;20893;5715;5.5;1.5
01;2021-04-16;542;266;21435;5981;5.7;1.6
01;2021-04-17;171;2;21606;5983;5.7;1.6
01;2021-04-18;4;14;21610;5997;5.7;1.6
01;2021-04-19;382;238;21992;6235;5.8;1.7
01;2021-04-20;704;342;22696;6577;6.0;1.7
01;2021-04-21;607;309;23303;6886;6.2;1.8
01;2021-04-22;783;329;24086;7215;6.4;1.9
01;2021-04-23;834;248;24920;7463;6.6;2.0
01;2021-04-24;322;73;25242;7536;6.7;2.0
01;2021-04-25;596;64;25838;7600;6.9;2.0
01;2021-04-26;922;208;26760;7808;7.1;2.1
01;2021-04-27;620;226;27380;8034;7.3;2.1
01;2021-04-28;828;262;28208;8296;7.5;2.2
01;2021-04-29;1191;186;29399;8482;7.8;2.3
01;2021-04-30;1245;165;30644;8647;8.1;2.3
01;2021-05-01;589;38;31233;8685;8.3;2.3
01;2021-05-02;339;15;31572;8700;8.4;2.3
01;2021-05-03;914;168;32486;8868;8.6;2.4
01;2021-05-04;932;194;33418;9062;8.9;2.4
01;2021-05-05;958;241;34376;9303;9.1;2.5
01;2021-05-06;1099;165;35475;9468;9.4;2.5
01;2021-05-07;1175;255;36650;9723;9.7;2.6
01;2021-05-08;307;29;36957;9752;9.8;2.6
01;2021-05-09;177;9;37134;9761;9.9;2.6
01;2021-05-10;814;208;37948;9969;10.1;2.6
01;2021-05-11;918;307;38866;10276;10.3;2.7
01;2021-05-12;879;319;39745;10595;10.5;2.8
01;2021-05-13;207;78;39952;10673;10.6;2.8
01;2021-05-14;838;269;40790;10942;10.8;2.9
01;2021-05-15;434;13;41224;10955;10.9;2.9
01;2021-05-16;180;34;41404;10989;11.0;2.9
01;2021-05-17;692;268;42096;11257;11.2;3.0
01;2021-05-18;687;388;42783;11645;11.4;3.1
01;2021-05-19;670;520;43453;12165;11.5;3.2
01;2021-05-20;749;364;44202;12529;11.7;3.3
01;2021-05-21;759;397;44961;12926;11.9;3.4
01;2021-05-22;472;217;45433;13143;12.1;3.5
01;2021-05-23;195;115;45628;13258;12.1;3.5
01;2021-05-24;193;176;45821;13434;12.2;3.6
01;2021-05-25;477;662;46298;14096;12.3;3.7
01;2021-05-26;547;492;46845;14588;12.4;3.9
01;2021-05-27;127;185;46972;14773;12.5;3.9
01;2021-05-28;470;520;47442;15293;12.6;4.1
01;2021-05-29;219;138;47661;15431;12.6;4.1
01;2021-05-30;71;111;47732;15542;12.7;4.1
01;2021-05-31;409;536;48141;16078;12.8;4.3
01;2021-06-01;476;714;48617;16792;12.9;4.5
01;2021-06-02;474;708;49091;17500;13.0;4.6
01;2021-06-03;407;561;49498;18061;13.1;4.8
01;2021-06-04;597;797;50095;18858;13.3;5.0
01;2021-06-05;264;641;50359;19499;13.4;5.2
01;2021-06-06;121;530;50480;20029;13.4;5.3
01;2021-06-07;343;783;50823;20812;13.5;5.5
01;2021-06-08;490;890;51313;21702;13.6;5.8
01;2021-06-09;379;858;51692;22560;13.7;6.0
01;2021-06-10;454;851;52146;23411;13.8;6.2
01;2021-06-11;439;1229;52585;24640;14.0;6.5
01;2021-06-12;289;660;52874;25300;14.0;6.7
01;2021-06-13;129;314;53003;25614;14.1;6.8
01;2021-06-14;347;3805;53350;29419;14.2;7.8
01;2021-06-15;445;2010;53795;31429;14.3;8.3
01;2021-06-16;439;1490;54234;32919;14.4;8.7
01;2021-06-17;394;1007;54628;33926;14.5;9.0
02;2020-12-27;0;0;0;0;0.0;0.0
02;2020-12-28;0;0;0;0;0.0;0.0
02;2020-12-29;0;0;0;0;0.0;0.0
02;2020-12-30;0;0;0;0;0.0;0.0
02;2020-12-31;0;0;0;0;0.0;0.0
02;2021-01-01;0;0;0;0;0.0;0.0
02;2021-01-02;0;0;0;0;0.0;0.0
02;2021-01-03;0;0;0;0;0.0;0.0
02;2021-01-04;0;0;0;0;0.0;0.0
02;2021-01-05;0;0;0;0;0.0;0.0
02;2021-01-06;5;0;5;0;0.0;0.0
02;2021-01-07;31;0;36;0;0.0;0.0
02;2021-01-08;80;1;116;1;0.0;0.0
02;2021-01-09;20;0;136;1;0.0;0.0
02;2021-01-10;0;0;136;1;0.0;0.0
02;2021-01-11;122;0;258;1;0.1;0.0
02;2021-01-12;78;0;336;1;0.1;0.0
02;2021-01-13;64;0;400;1;0.1;0.0
02;2021-01-14;88;1;488;2;0.1;0.0
02;2021-01-15;136;0;624;2;0.2;0.0
02;2021-01-16;51;0;675;2;0.2;0.0
02;2021-01-17;0;0;675;2;0.2;0.0
02;2021-01-18;157;0;832;2;0.2;0.0
02;2021-01-19;168;0;1000;2;0.3;0.0
02;2021-01-20;163;0;1163;2;0.3;0.0
02;2021-01-21;181;1;1344;3;0.4;0.0
02;2021-01-22;156;0;1500;3;0.4;0.0
02;2021-01-23;58;0;1558;3;0.4;0.0
02;2021-01-24;0;0;1558;3;0.4;0.0
02;2021-01-25;159;0;1717;3;0.5;0.0
02;2021-01-26;137;0;1854;3;0.5;0.0
02;2021-01-27;161;5;2015;8;0.6;0.0
02;2021-01-28;143;12;2158;20;0.6;0.0
02;2021-01-29;142;41;2300;61;0.6;0.0
02;2021-01-30;96;16;2396;77;0.7;0.0
02;2021-01-31;0;0;2396;77;0.7;0.0
02;2021-02-01;119;74;2515;151;0.7;0.0
02;2021-02-02;184;95;2699;246;0.8;0.1
02;2021-02-03;130;80;2829;326;0.8;0.1
02;2021-02-04;158;73;2987;399;0.8;0.1
02;2021-02-05;120;97;3107;496;0.9;0.1
02;2021-02-06;62;26;3169;522;0.9;0.1
02;2021-02-07;1;0;3170;522;0.9;0.1
02;2021-02-08;136;78;3306;600;0.9;0.2
02;2021-02-09;175;78;3481;678;1.0;0.2
02;2021-02-10;138;90;3619;768;1.0;0.2
02;2021-02-11;150;103;3769;871;1.1;0.2
02;2021-02-12;124;128;3893;999;1.1;0.3
02;2021-02-13;38;37;3931;1036;1.1;0.3
02;2021-02-14;0;0;3931;1036;1.1;0.3
02;2021-02-15;51;67;3982;1103;1.1;0.3
02;2021-02-16;0;1;3982;1104;1.1;0.3
02;2021-02-17;1;3;3983;1107;1.1;0.3
02;2021-02-18;68;128;4051;1235;1.1;0.3
02;2021-02-19;69;131;4120;1366;1.1;0.4
02;2021-02-20;48;69;4168;1435;1.2;0.4
02;2021-02-21;0;0;4168;1435;1.2;0.4
02;2021-02-22;100;60;4268;1495;1.2;0.4
02;2021-02-23;113;238;4381;1733;1.2;0.5
02;2021-02-24;106;223;4487;1956;1.3;0.5
02;2021-02-25;89;151;4576;2107;1.3;0.6
02;2021-02-26;126;169;4702;2276;1.3;0.6
02;2021-02-27;69;52;4771;2328;1.3;0.6
02;2021-02-28;0;0;4771;2328;1.3;0.6
02;2021-03-01;138;144;4909;2472;1.4;0.7
02;2021-03-02;158;78;5067;2550;1.4;0.7
02;2021-03-03;178;145;5245;2695;1.5;0.8
02;2021-03-04;146;134;5391;2829;1.5;0.8
02;2021-03-05;238;127;5629;2956;1.6;0.8
02;2021-03-06;119;59;5748;3015;1.6;0.8
02;2021-03-07;100;1;5848;3016;1.6;0.8
02;2021-03-08;196;132;6044;3148;1.7;0.9
02;2021-03-09;269;102;6313;3250;1.8;0.9
02;2021-03-10;324;134;6637;3384;1.9;0.9
02;2021-03-11;331;83;6968;3467;1.9;1.0
02;2021-03-12;398;53;7366;3520;2.1;1.0
02;2021-03-13;155;21;7521;3541;2.1;1.0
02;2021-03-14;4;1;7525;3542;2.1;1.0
02;2021-03-15;276;92;7801;3634;2.2;1.0
02;2021-03-16;305;55;8106;3689;2.3;1.0
02;2021-03-17;387;49;8493;3738;2.4;1.0
02;2021-03-18;435;44;8928;3782;2.5;1.1
02;2021-03-19;396;61;9324;3843;2.6;1.1
02;2021-03-20;149;47;9473;3890;2.6;1.1
02;2021-03-21;25;1;9498;3891;2.6;1.1
02;2021-03-22;362;116;9860;4007;2.7;1.1
02;2021-03-23;401;123;10261;4130;2.9;1.2
02;2021-03-24;425;104;10686;4234;3.0;1.2
02;2021-03-25;470;99;11156;4333;3.1;1.2
02;2021-03-26;632;100;11788;4433;3.3;1.2
02;2021-03-27;152;71;11940;4504;3.3;1.3
02;2021-03-28;81;2;12021;4506;3.4;1.3
02;2021-03-29;421;165;12442;4671;3.5;1.3
02;2021-03-30;468;244;12910;4915;3.6;1.4
02;2021-03-31;1143;187;14053;5102;3.9;1.4
02;2021-04-01;951;169;15004;5271;4.2;1.5
02;2021-04-02;895;7;15899;5278;4.4;1.5
02;2021-04-03;787;49;16686;5327;4.7;1.5
02;2021-04-04;750;10;17436;5337;4.9;1.5
02;2021-04-05;828;39;18264;5376;5.1;1.5
02;2021-04-06;883;133;19147;5509;5.3;1.5
02;2021-04-07;1430;324;20577;5833;5.7;1.6
02;2021-04-08;1303;267;21880;6100;6.1;1.7
02;2021-04-09;1239;317;23119;6417;6.4;1.8
02;2021-04-10;837;162;23956;6579;6.7;1.8
02;2021-04-11;621;12;24577;6591;6.9;1.8
02;2021-04-12;866;313;25443;6904;7.1;1.9
02;2021-04-13;865;325;26308;7229;7.3;2.0
02;2021-04-14;957;323;27265;7552;7.6;2.1
02;2021-04-15;958;294;28223;7846;7.9;2.2
02;2021-04-16;991;298;29214;8144;8.1;2.3
02;2021-04-17;527;161;29741;8305;8.3;2.3
02;2021-04-18;339;56;30080;8361;8.4;2.3
02;2021-04-19;668;347;30748;8708;8.6;2.4
02;2021-04-20;868;310;31616;9018;8.8;2.5
02;2021-04-21;998;358;32614;9376;9.1;2.6
02;2021-04-22;602;313;33216;9689;9.3;2.7
02;2021-04-23;604;466;33820;10155;9.4;2.8
02;2021-04-24;360;197;34180;10352;9.5;2.9
02;2021-04-25;168;200;34348;10552;9.6;2.9
02;2021-04-26;514;543;34862;11095;9.7;3.1
02;2021-04-27;558;609;35420;11704;9.9;3.3
02;2021-04-28;449;693;35869;12397;10.0;3.5
02;2021-04-29;649;642;36518;13039;10.2;3.6
02;2021-04-30;770;688;37288;13727;10.4;3.8
02;2021-05-01;243;245;37531;13972;10.5;3.9
02;2021-05-02;226;513;37757;14485;10.5;4.0
02;2021-05-03;567;771;38324;15256;10.7;4.3
02;2021-05-04;523;677;38847;15933;10.8;4.4
02;2021-05-05;541;898;39388;16831;11.0;4.7
02;2021-05-06;546;782;39934;17613;11.1;4.9
02;2021-05-07;629;1017;40563;18630;11.3;5.2
02;2021-05-08;222;526;40785;19156;11.4;5.3
02;2021-05-09;175;506;40960;19662;11.4;5.5
02;2021-05-10;520;861;41480;20523;11.6;5.7
02;2021-05-11;476;875;41956;21398;11.7;6.0
02;2021-05-12;552;914;42508;22312;11.8;6.2
02;2021-05-13;270;534;42778;22846;11.9;6.4
02;2021-05-14;387;753;43165;23599;12.0;6.6
02;2021-05-15;231;581;43396;24180;12.1;6.7
02;2021-05-16;155;442;43551;24622;12.1;6.9
02;2021-05-17;466;756;44017;25378;12.3;7.1
02;2021-05-18;441;676;44458;26054;12.4;7.3
02;2021-05-19;435;740;44893;26794;12.5;7.5
02;2021-05-20;587;501;45480;27295;12.7;7.6
02;2021-05-21;542;704;46022;27999;12.8;7.8
02;2021-05-22;182;365;46204;28364;12.9;7.9
02;2021-05-23;109;181;46313;28545;12.9;8.0
02;2021-05-24;131;242;46444;28787;12.9;8.0
02;2021-05-25;344;705;46788;29492;13.0;8.2
02;2021-05-26;372;713;47160;30205;13.1;8.4
02;2021-05-27;261;648;47421;30853;13.2;8.6
02;2021-05-28;264;820;47685;31673;13.3;8.8
02;2021-05-29;148;512;47833;32185;13.3;9.0
02;2021-05-30;15;33;47848;32218;13.3;9.0
02;2021-05-31;342;686;48190;32904;13.4;9.2
02;2021-06-01;289;548;48479;33452;13.5;9.3
02;2021-06-02;306;573;48785;34025;13.6;9.5
02;2021-06-03;246;432;49031;34457;13.7;9.6
02;2021-06-04;348;651;49379;35108;13.8;9.8
02;2021-06-05;234;362;49613;35470;13.8;9.9
02;2021-06-06;21;31;49634;35501;13.8;9.9
02;2021-06-07;257;741;49891;36242;13.9;10.1
02;2021-06-08;260;594;50151;36836;14.0;10.3
02;2021-06-09;286;704;50437;37540;14.1;10.5
02;2021-06-10;299;454;50736;37994;14.1;10.6
02;2021-06-11;334;543;51070;38537;14.2;10.7
02;2021-06-12;243;323;51313;38860;14.3;10.8
02;2021-06-13;32;29;51345;38889;14.3;10.8
02;2021-06-14;362;551;51707;39440;14.4;11.0
02;2021-06-15;404;491;52111;39931;14.5;11.1
02;2021-06-16;409;442;52520;40373;14.6;11.3
02;2021-06-17;324;576;52844;40949;14.7;11.4
03;2020-12-27;0;0;0;0;0.0;0.0
03;2020-12-28;0;0;0;0;0.0;0.0
03;2020-12-29;0;0;0;0;0.0;0.0
03;2020-12-30;0;0;0;0;0.0;0.0
03;2020-12-31;0;0;0;0;0.0;0.0
03;2021-01-01;0;0;0;0;0.0;0.0
03;2021-01-02;0;0;0;0;0.0;0.0
03;2021-01-03;0;0;0;0;0.0;0.0
03;2021-01-04;0;0;0;0;0.0;0.0
03;2021-01-05;0;0;0;0;0.0;0.0
03;2021-01-06;0;0;0;0;0.0;0.0
03;2021-01-07;0;0;0;0;0.0;0.0
03;2021-01-08;0;0;0;0;0.0;0.0
03;2021-01-09;0;0;0;0;0.0;0.0
03;2021-01-10;0;0;0;0;0.0;0.0
03;2021-01-11;0;0;0;0;0.0;0.0
03;2021-01-12;0;0;0;0;0.0;0.0
03;2021-01-13;30;0;30;0;0.0;0.0
03;2021-01-14;46;0;76;0;0.0;0.0
03;2021-01-15;34;0;110;0;0.0;0.0
03;2021-01-16;18;0;128;0;0.0;0.0
03;2021-01-17;0;0;128;0;0.0;0.0
03;2021-01-18;63;0;191;0;0.1;0.0
03;2021-01-19;149;1;340;1;0.1;0.0
03;2021-01-20;132;0;472;1;0.2;0.0
03;2021-01-21;118;0;590;1;0.2;0.0
03;2021-01-22;76;0;666;1;0.2;0.0
03;2021-01-23;0;0;666;1;0.2;0.0
03;2021-01-24;0;0;666;1;0.2;0.0
03;2021-01-25;56;0;722;1;0.2;0.0
03;2021-01-26;100;0;822;1;0.3;0.0
03;2021-01-27;109;1;931;2;0.3;0.0
03;2021-01-28;96;2;1027;4;0.4;0.0
03;2021-01-29;104;3;1131;7;0.4;0.0
03;2021-01-30;0;0;1131;7;0.4;0.0
03;2021-01-31;0;0;1131;7;0.4;0.0
03;2021-02-01;54;0;1185;7;0.4;0.0
03;2021-02-02;122;4;1307;11;0.4;0.0
03;2021-02-03;116;7;1423;18;0.5;0.0
03;2021-02-04;79;26;1502;44;0.5;0.0
03;2021-02-05;65;8;1567;52;0.5;0.0
03;2021-02-06;0;0;1567;52;0.5;0.0
03;2021-02-07;0;0;1567;52;0.5;0.0
03;2021-02-08;51;13;1618;65;0.6;0.0
03;2021-02-09;92;39;1710;104;0.6;0.0
03;2021-02-10;101;42;1811;146;0.6;0.1
03;2021-02-11;102;93;1913;239;0.7;0.1
03;2021-02-12;86;65;1999;304;0.7;0.1
03;2021-02-13;0;0;1999;304;0.7;0.1
03;2021-02-14;0;0;1999;304;0.7;0.1
03;2021-02-15;27;65;2026;369;0.7;0.1
03;2021-02-16;123;53;2149;422;0.7;0.1
03;2021-02-17;145;118;2294;540;0.8;0.2
03;2021-02-18;102;143;2396;683;0.8;0.2
03;2021-02-19;121;72;2517;755;0.9;0.3
03;2021-02-20;0;0;2517;755;0.9;0.3
03;2021-02-21;0;0;2517;755;0.9;0.3
03;2021-02-22;78;49;2595;804;0.9;0.3
03;2021-02-23;158;100;2753;904;0.9;0.3
03;2021-02-24;190;120;2943;1024;1.0;0.4
03;2021-02-25;258;87;3201;1111;1.1;0.4
03;2021-02-26;264;69;3465;1180;1.2;0.4
03;2021-02-27;121;1;3586;1181;1.2;0.4
03;2021-02-28;0;0;3586;1181;1.2;0.4
03;2021-03-01;180;85;3766;1266;1.3;0.4
03;2021-03-02;255;108;4021;1374;1.4;0.5
03;2021-03-03;255;129;4276;1503;1.5;0.5
03;2021-03-04;281;81;4557;1584;1.6;0.5
03;2021-03-05;270;43;4827;1627;1.7;0.6
03;2021-03-06;116;1;4943;1628;1.7;0.6
03;2021-03-07;0;0;4943;1628;1.7;0.6
03;2021-03-08;187;41;5130;1669;1.8;0.6
03;2021-03-09;349;91;5479;1760;1.9;0.6
03;2021-03-10;357;97;5836;1857;2.0;0.6
03;2021-03-11;270;118;6106;1975;2.1;0.7
03;2021-03-12;285;91;6391;2066;2.2;0.7
03;2021-03-13;110;2;6501;2068;2.2;0.7
03;2021-03-14;0;0;6501;2068;2.2;0.7
03;2021-03-15;180;26;6681;2094;2.3;0.7
03;2021-03-16;241;139;6922;2233;2.4;0.8
03;2021-03-17;273;128;7195;2361;2.5;0.8
03;2021-03-18;250;153;7445;2514;2.6;0.9
03;2021-03-19;284;126;7729;2640;2.7;0.9
03;2021-03-20;255;14;7984;2654;2.7;0.9
03;2021-03-21;119;0;8103;2654;2.8;0.9
03;2021-03-22;219;112;8322;2766;2.9;1.0
03;2021-03-23;260;186;8582;2952;3.0;1.0
03;2021-03-24;224;208;8806;3160;3.0;1.1
03;2021-03-25;167;176;8973;3336;3.1;1.1
03;2021-03-26;188;306;9161;3642;3.2;1.3
03;2021-03-27;55;93;9216;3735;3.2;1.3
03;2021-03-28;0;0;9216;3735;3.2;1.3
03;2021-03-29;174;244;9390;3979;3.2;1.4
03;2021-03-30;445;234;9835;4213;3.4;1.4
03;2021-03-31;314;289;10149;4502;3.5;1.5
03;2021-04-01;444;261;10593;4763;3.6;1.6
03;2021-04-02;306;279;10899;5042;3.7;1.7
03;2021-04-03;151;122;11050;5164;3.8;1.8
03;2021-04-04;0;0;11050;5164;3.8;1.8
03;2021-04-05;118;14;11168;5178;3.8;1.8
03;2021-04-06;420;322;11588;5500;4.0;1.9
03;2021-04-07;487;334;12075;5834;4.2;2.0
03;2021-04-08;494;255;12569;6089;4.3;2.1
03;2021-04-09;471;225;13040;6314;4.5;2.2
03;2021-04-10;146;91;13186;6405;4.5;2.2
03;2021-04-11;2;0;13188;6405;4.5;2.2
03;2021-04-12;497;264;13685;6669;4.7;2.3
03;2021-04-13;634;237;14319;6906;4.9;2.4
03;2021-04-14;670;310;14989;7216;5.2;2.5
03;2021-04-15;723;242;15712;7458;5.4;2.6
03;2021-04-16;709;297;16421;7755;5.6;2.7
03;2021-04-17;476;125;16897;7880;5.8;2.7
03;2021-04-18;489;36;17386;7916;6.0;2.7
03;2021-04-19;682;247;18068;8163;6.2;2.8
03;2021-04-20;550;268;18618;8431;6.4;2.9
03;2021-04-21;791;235;19409;8666;6.7;3.0
03;2021-04-22;656;216;20065;8882;6.9;3.1
03;2021-04-23;662;220;20727;9102;7.1;3.1
03;2021-04-24;523;95;21250;9197;7.3;3.2
03;2021-04-25;602;41;21852;9238;7.5;3.2
03;2021-04-26;734;223;22586;9461;7.8;3.3
03;2021-04-27;765;337;23351;9798;8.0;3.4
03;2021-04-28;670;320;24021;10118;8.3;3.5
03;2021-04-29;609;275;24630;10393;8.5;3.6
03;2021-04-30;672;251;25302;10644;8.7;3.7
03;2021-05-01;209;26;25511;10670;8.8;3.7
03;2021-05-02;594;75;26105;10745;9.0;3.7
03;2021-05-03;554;388;26659;11133;9.2;3.8
03;2021-05-04;552;309;27211;11442;9.4;3.9
03;2021-05-05;593;439;27804;11881;9.6;4.1
03;2021-05-06;603;461;28407;12342;9.8;4.2
03;2021-05-07;533;461;28940;12803;10.0;4.4
03;2021-05-08;337;57;29277;12860;10.1;4.4
03;2021-05-09;262;73;29539;12933;10.2;4.4
03;2021-05-10;417;613;29956;13546;10.3;4.7
03;2021-05-11;372;491;30328;14037;10.4;4.8
03;2021-05-12;444;639;30772;14676;10.6;5.0
03;2021-05-13;331;98;31103;14774;10.7;5.1
03;2021-05-14;426;547;31529;15321;10.8;5.3
03;2021-05-15;253;344;31782;15665;10.9;5.4
03;2021-05-16;205;209;31987;15874;11.0;5.5
03;2021-05-17;394;591;32381;16465;11.1;5.7
03;2021-05-18;501;559;32882;17024;11.3;5.9
03;2021-05-19;482;547;33364;17571;11.5;6.0
03;2021-05-20;574;445;33938;18016;11.7;6.2
03;2021-05-21;467;599;34405;18615;11.8;6.4
03;2021-05-22;161;500;34566;19115;11.9;6.6
03;2021-05-23;254;469;34820;19584;12.0;6.7
03;2021-05-24;541;242;35361;19826;12.2;6.8
03;2021-05-25;490;740;35851;20566;12.3;7.1
03;2021-05-26;366;680;36217;21246;12.5;7.3
03;2021-05-27;645;515;36862;21761;12.7;7.5
03;2021-05-28;475;546;37337;22307;12.8;7.7
03;2021-05-29;230;362;37567;22669;12.9;7.8
03;2021-05-30;146;401;37713;23070;13.0;7.9
03;2021-05-31;335;571;38048;23641;13.1;8.1
03;2021-06-01;382;465;38430;24106;13.2;8.3
03;2021-06-02;456;549;38886;24655;13.4;8.5
03;2021-06-03;406;466;39292;25121;13.5;8.6
03;2021-06-04;503;487;39795;25608;13.7;8.8
03;2021-06-05;269;291;40064;25899;13.8;8.9
03;2021-06-06;208;299;40272;26198;13.9;9.0
03;2021-06-07;456;448;40728;26646;14.0;9.2
03;2021-06-08;489;312;41217;26958;14.2;9.3
03;2021-06-09;451;376;41668;27334;14.3;9.4
03;2021-06-10;345;290;42013;27624;14.5;9.5
03;2021-06-11;389;468;42402;28092;14.6;9.7
03;2021-06-12;163;285;42565;28377;14.6;9.8
03;2021-06-13;200;267;42765;28644;14.7;9.9
03;2021-06-14;350;547;43115;29191;14.8;10.0
03;2021-06-15;355;439;43470;29630;15.0;10.2
03;2021-06-16;389;449;43859;30079;15.1;10.3
03;2021-06-17;306;574;44165;30653;15.2;10.5
04;2020-12-27;0;0;0;0;0.0;0.0
04;2020-12-28;0;0;0;0;0.0;0.0
04;2020-12-29;0;0;0;0;0.0;0.0
04;2020-12-30;0;0;0;0;0.0;0.0
04;2020-12-31;0;0;0;0;0.0;0.0
04;2021-01-01;1;0;1;0;0.0;0.0
04;2021-01-02;0;0;1;0;0.0;0.0
04;2021-01-03;0;0;1;0;0.0;0.0
04;2021-01-04;0;0;1;0;0.0;0.0
04;2021-01-05;2;0;3;0;0.0;0.0
04;2021-01-06;0;0;3;0;0.0;0.0
04;2021-01-07;0;0;3;0;0.0;0.0
04;2021-01-08;0;0;3;0;0.0;0.0
04;2021-01-09;1;0;4;0;0.0;0.0
04;2021-01-10;0;0;4;0;0.0;0.0
04;2021-01-11;0;0;4;0;0.0;0.0
04;2021-01-12;0;0;4;0;0.0;0.0
04;2021-01-13;0;0;4;0;0.0;0.0
04;2021-01-14;0;0;4;0;0.0;0.0
04;2021-01-15;332;0;336;0;0.0;0.0
04;2021-01-16;27;0;363;0;0.0;0.0
04;2021-01-17;0;0;363;0;0.0;0.0
04;2021-01-18;49;1;412;1;0.0;0.0
04;2021-01-19;393;0;805;1;0.1;0.0
04;2021-01-20;482;1;1287;2;0.1;0.0
04;2021-01-21;614;1;1901;3;0.2;0.0
04;2021-01-22;409;1;2310;4;0.3;0.0
04;2021-01-23;75;0;2385;4;0.3;0.0
04;2021-01-24;0;0;2385;4;0.3;0.0
04;2021-01-25;272;0;2657;4;0.3;0.0
04;2021-01-26;429;0;3086;4;0.4;0.0
04;2021-01-27;317;0;3403;4;0.4;0.0
04;2021-01-28;406;0;3809;4;0.4;0.0
04;2021-01-29;421;3;4230;7;0.5;0.0
04;2021-01-30;419;0;4649;7;0.5;0.0
04;2021-01-31;0;0;4649;7;0.5;0.0
04;2021-02-01;372;3;5021;10;0.6;0.0
04;2021-02-02;498;4;5519;14;0.6;0.0
04;2021-02-03;601;14;6120;28;0.7;0.0
04;2021-02-04;626;22;6746;50;0.8;0.0
04;2021-02-05;564;98;7310;148;0.9;0.0
04;2021-02-06;501;4;7811;152;0.9;0.0
04;2021-02-07;0;8;7811;160;0.9;0.0
04;2021-02-08;472;34;8283;194;1.0;0.0
04;2021-02-09;783;90;9066;284;1.1;0.0
04;2021-02-10;820;85;9886;369;1.1;0.0
04;2021-02-11;796;86;10682;455;1.2;0.1
04;2021-02-12;637;95;11319;550;1.3;0.1
04;2021-02-13;651;74;11970;624;1.4;0.1
04;2021-02-14;1;0;11971;624;1.4;0.1
04;2021-02-15;524;126;12495;750;1.5;0.1
04;2021-02-16;649;535;13144;1285;1.5;0.1
04;2021-02-17;592;329;13736;1614;1.6;0.2
04;2021-02-18;493;414;14229;2028;1.7;0.2
04;2021-02-19;496;321;14725;2349;1.7;0.3
04;2021-02-20;576;117;15301;2466;1.8;0.3
04;2021-02-21;0;0;15301;2466;1.8;0.3
04;2021-02-22;401;238;15702;2704;1.8;0.3
04;2021-02-23;607;238;16309;2942;1.9;0.3
04;2021-02-24;581;253;16890;3195;2.0;0.4
04;2021-02-25;645;297;17535;3492;2.0;0.4
04;2021-02-26;483;473;18018;3965;2.1;0.5
04;2021-02-27;385;471;18403;4436;2.1;0.5
04;2021-02-28;0;0;18403;4436;2.1;0.5
04;2021-03-01;289;392;18692;4828;2.2;0.6
04;2021-03-02;487;504;19179;5332;2.2;0.6
04;2021-03-03;755;558;19934;5890;2.3;0.7
04;2021-03-04;775;542;20709;6432;2.4;0.7
04;2021-03-05;727;542;21436;6974;2.5;0.8
04;2021-03-06;812;530;22248;7504;2.6;0.9
04;2021-03-07;0;0;22248;7504;2.6;0.9
04;2021-03-08;436;591;22684;8095;2.6;0.9
04;2021-03-09;670;777;23354;8872;2.7;1.0
04;2021-03-10;644;849;23998;9721;2.8;1.1
04;2021-03-11;699;648;24697;10369;2.9;1.2
04;2021-03-12;729;664;25426;11033;3.0;1.3
04;2021-03-13;667;610;26093;11643;3.0;1.4
04;2021-03-14;2;0;26095;11643;3.0;1.4
04;2021-03-15;503;506;26598;12149;3.1;1.4
04;2021-03-16;680;711;27278;12860;3.2;1.5
04;2021-03-17;847;538;28125;13398;3.3;1.6
04;2021-03-18;1021;556;29146;13954;3.4;1.6
04;2021-03-19;784;543;29930;14497;3.5;1.7
04;2021-03-20;576;600;30506;15097;3.5;1.8
04;2021-03-21;0;0;30506;15097;3.5;1.8
04;2021-03-22;565;482;31071;15579;3.6;1.8
04;2021-03-23;780;640;31851;16219;3.7;1.9
04;2021-03-24;792;671;32643;16890;3.8;2.0
04;2021-03-25;929;555;33572;17445;3.9;2.0
04;2021-03-26;921;450;34493;17895;4.0;2.1
04;2021-03-27;782;340;35275;18235;4.1;2.1
04;2021-03-28;1;0;35276;18235;4.1;2.1
04;2021-03-29;960;271;36236;18506;4.2;2.2
04;2021-03-30;883;501;37119;19007;4.3;2.2
04;2021-03-31;733;673;37852;19680;4.4;2.3
04;2021-04-01;716;709;38568;20389;4.5;2.4
04;2021-04-02;687;761;39255;21150;4.6;2.5
04;2021-04-03;699;707;39954;21857;4.6;2.5
04;2021-04-04;0;0;39954;21857;4.6;2.5
04;2021-04-05;0;2;39954;21859;4.6;2.5
04;2021-04-06;796;642;40750;22501;4.7;2.6
04;2021-04-07;1369;789;42119;23290;4.9;2.7
04;2021-04-08;1792;780;43911;24070;5.1;2.8
04;2021-04-09;1506;785;45417;24855;5.3;2.9
04;2021-04-10;1137;651;46554;25506;5.4;3.0
04;2021-04-11;2;0;46556;25506;5.4;3.0
04;2021-04-12;1239;553;47795;26059;5.6;3.0
04;2021-04-13;1438;754;49233;26813;5.7;3.1
04;2021-04-14;2068;777;51301;27590;6.0;3.2
04;2021-04-15;2502;956;53803;28546;6.3;3.3
04;2021-04-16;1931;785;55734;29331;6.5;3.4
04;2021-04-17;1288;604;57022;29935;6.6;3.5
04;2021-04-18;0;0;57022;29935;6.6;3.5
04;2021-04-19;1377;565;58399;30500;6.8;3.5
04;2021-04-20;1648;807;60047;31307;7.0;3.6
04;2021-04-21;2128;606;62175;31913;7.2;3.7
04;2021-04-22;2945;804;65120;32717;7.6;3.8
04;2021-04-23;2309;813;67429;33530;7.8;3.9
04;2021-04-24;1102;797;68531;34327;8.0;4.0
04;2021-04-25;2;0;68533;34327;8.0;4.0
04;2021-04-26;1164;920;69697;35247;8.1;4.1
04;2021-04-27;1679;1027;71376;36274;8.3;4.2
04;2021-04-28;2894;753;74270;37027;8.6;4.3
04;2021-04-29;3945;812;78215;37839;9.1;4.4
04;2021-04-30;3433;906;81648;38745;9.5;4.5
04;2021-05-01;2106;220;83754;38965;9.7;4.5
04;2021-05-02;2;0;83756;38965;9.7;4.5
04;2021-05-03;1865;572;85621;39537;10.0;4.6
04;2021-05-04;2127;1095;87748;40632;10.2;4.7
04;2021-05-05;3116;1641;90864;42273;10.6;4.9
04;2021-05-06;4004;1589;94868;43862;11.0;5.1
04;2021-05-07;3228;1527;98096;45389;11.4;5.3
04;2021-05-08;1566;502;99662;45891;11.6;5.3
04;2021-05-09;1;0;99663;45891;11.6;5.3
04;2021-05-10;2411;994;102074;46885;11.9;5.5
04;2021-05-11;3651;1642;105725;48527;12.3;5.6
04;2021-05-12;4714;2395;110439;50922;12.8;5.9
04;2021-05-13;3553;584;113992;51506;13.3;6.0
04;2021-05-14;5263;2510;119255;54016;13.9;6.3
04;2021-05-15;3159;1537;122414;55553;14.2;6.5
04;2021-05-16;15;18;122429;55571;14.2;6.5
04;2021-05-17;2995;1480;125424;57051;14.6;6.6
04;2021-05-18;3730;1779;129154;58830;15.0;6.8
04;2021-05-19;4669;2334;133823;61164;15.6;7.1
04;2021-05-20;5134;2804;138957;63968;16.2;7.4
04;2021-05-21;4955;2628;143912;66596;16.7;7.7
04;2021-05-22;3326;1251;147238;67847;17.1;7.9
04;2021-05-23;4;3;147242;67850;17.1;7.9
04;2021-05-24;3572;1075;150814;68925;17.5;8.0
04;2021-05-25;4188;1910;155002;70835;18.0;8.2
04;2021-05-26;4881;2958;159883;73793;18.6;8.6
04;2021-05-27;4575;4091;164458;77884;19.1;9.1
04;2021-05-28;4353;3826;168811;81710;19.6;9.5
04;2021-05-29;2528;2460;171339;84170;19.9;9.8
04;2021-05-30;6;14;171345;84184;19.9;9.8
04;2021-05-31;2340;2247;173685;86431;20.2;10.1
04;2021-06-01;3262;2721;176947;89152;20.6;10.4
04;2021-06-02;3905;3351;180852;92503;21.0;10.8
04;2021-06-03;4006;3663;184858;96166;21.5;11.2
04;2021-06-04;3817;3751;188675;99917;21.9;11.6
04;2021-06-05;2193;1923;190868;101840;22.2;11.8
04;2021-06-06;1060;129;191928;101969;22.3;11.9
04;2021-06-07;1999;2530;193927;104499;22.6;12.2
04;2021-06-08;2555;3319;196482;107818;22.8;12.5
04;2021-06-09;2892;4766;199374;112584;23.2;13.1
04;2021-06-10;3338;4443;202712;117027;23.6;13.6
04;2021-06-11;2819;4613;205531;121640;23.9;14.1
04;2021-06-12;1703;3371;207234;125011;24.1;14.5
04;2021-06-13;1312;242;208546;125253;24.3;14.6
04;2021-06-14;1480;3179;210026;128432;24.4;14.9
04;2021-06-15;2031;3613;212057;132045;24.7;15.4
04;2021-06-16;2636;4633;214693;136678;25.0;15.9
04;2021-06-17;2417;4877;217110;141555;25.2;16.5
05;2020-12-27;0;0;0;0;0.0;0.0
05;2020-12-28;0;0;0;0;0.0;0.0
05;2020-12-29;0;0;0;0;0.0;0.0
05;2020-12-30;0;0;0;0;0.0;0.0
05;2020-12-31;0;0;0;0;0.0;0.0
05;2021-01-01;0;0;0;0;0.0;0.0
05;2021-01-02;0;0;0;0;0.0;0.0
05;2021-01-03;0;0;0;0;0.0;0.0
05;2021-01-04;0;0;0;0;0.0;0.0
05;2021-01-05;0;0;0;0;0.0;0.0
05;2021-01-06;0;0;0;0;0.0;0.0
05;2021-01-07;0;0;0;0;0.0;0.0
05;2021-01-08;0;0;0;0;0.0;0.0
05;2021-01-09;0;0;0;0;0.0;0.0
05;2021-01-10;0;0;0;0;0.0;0.0
05;2021-01-11;0;0;0;0;0.0;0.0
05;2021-01-12;0;0;0;0;0.0;0.0
05;2021-01-13;0;0;0;0;0.0;0.0
05;2021-01-14;0;0;0;0;0.0;0.0
05;2021-01-15;0;0;0;0;0.0;0.0
05;2021-01-16;0;0;0;0;0.0;0.0
05;2021-01-17;0;0;0;0;0.0;0.0
05;2021-01-18;0;0;0;0;0.0;0.0
05;2021-01-19;0;0;0;0;0.0;0.0
05;2021-01-20;0;0;0;0;0.0;0.0
05;2021-01-21;0;0;0;0;0.0;0.0
05;2021-01-22;0;0;0;0;0.0;0.0
05;2021-01-23;0;0;0;0;0.0;0.0
05;2021-01-24;0;0;0;0;0.0;0.0
05;2021-01-25;0;0;0;0;0.0;0.0
05;2021-01-26;0;0;0;0;0.0;0.0
05;2021-01-27;0;0;0;0;0.0;0.0
05;2021-01-28;0;0;0;0;0.0;0.0
05;2021-01-29;0;0;0;0;0.0;0.0
05;2021-01-30;0;0;0;0;0.0;0.0
05;2021-01-31;0;0;0;0;0.0;0.0
05;2021-02-01;0;0;0;0;0.0;0.0
05;2021-02-02;0;0;0;0;0.0;0.0
05;2021-02-03;0;0;0;0;0.0;0.0
05;2021-02-04;0;0;0;0;0.0;0.0
05;2021-02-05;0;0;0;0;0.0;0.0
05;2021-02-06;0;0;0;0;0.0;0.0
05;2021-02-07;0;0;0;0;0.0;0.0
05;2021-02-08;0;0;0;0;0.0;0.0
05;2021-02-09;0;0;0;0;0.0;0.0
05;2021-02-10;0;0;0;0;0.0;0.0
05;2021-02-11;0;0;0;0;0.0;0.0
05;2021-02-12;0;0;0;0;0.0;0.0
05;2021-02-13;0;0;0;0;0.0;0.0
05;2021-02-14;0;0;0;0;0.0;0.0
05;2021-02-15;0;0;0;0;0.0;0.0
05;2021-02-16;0;0;0;0;0.0;0.0
05;2021-02-17;0;0;0;0;0.0;0.0
05;2021-02-18;0;0;0;0;0.0;0.0
05;2021-02-19;0;0;0;0;0.0;0.0
05;2021-02-20;0;0;0;0;0.0;0.0
05;2021-02-21;0;0;0;0;0.0;0.0
05;2021-02-22;0;0;0;0;0.0;0.0
05;2021-02-23;0;0;0;0;0.0;0.0
05;2021-02-24;0;0;0;0;0.0;0.0
05;2021-02-25;0;0;0;0;0.0;0.0
05;2021-02-26;0;0;0;0;0.0;0.0
05;2021-02-27;0;0;0;0;0.0;0.0
05;2021-02-28;0;0;0;0;0.0;0.0
05;2021-03-01;0;0;0;0;0.0;0.0
05;2021-03-02;0;0;0;0;0.0;0.0
05;2021-03-03;0;0;0;0;0.0;0.0
05;2021-03-04;0;0;0;0;0.0;0.0
05;2021-03-05;0;0;0;0;0.0;0.0
05;2021-03-06;0;0;0;0;0.0;0.0
05;2021-03-07;0;0;0;0;0.0;0.0
05;2021-03-08;0;0;0;0;0.0;0.0
05;2021-03-09;0;0;0;0;0.0;0.0
05;2021-03-10;0;0;0;0;0.0;0.0
05;2021-03-11;0;0;0;0;0.0;0.0
05;2021-03-12;0;0;0;0;0.0;0.0
05;2021-03-13;0;0;0;0;0.0;0.0
05;2021-03-14;0;0;0;0;0.0;0.0
05;2021-03-15;0;0;0;0;0.0;0.0
05;2021-03-16;0;0;0;0;0.0;0.0
05;2021-03-17;0;0;0;0;0.0;0.0
05;2021-03-18;0;0;0;0;0.0;0.0
05;2021-03-19;0;0;0;0;0.0;0.0
05;2021-03-20;0;0;0;0;0.0;0.0
05;2021-03-21;0;0;0;0;0.0;0.0
05;2021-03-22;0;0;0;0;0.0;0.0
05;2021-03-23;0;0;0;0;0.0;0.0
05;2021-03-24;0;0;0;0;0.0;0.0
05;2021-03-25;0;0;0;0;0.0;0.0
05;2021-03-26;0;0;0;0;0.0;0.0
05;2021-03-27;0;0;0;0;0.0;0.0
05;2021-03-28;0;0;0;0;0.0;0.0
05;2021-03-29;2;0;2;0;0.0;0.0
05;2021-03-30;0;0;2;0;0.0;0.0
05;2021-03-31;0;0;2;0;0.0;0.0
05;2021-04-01;0;0;2;0;0.0;0.0
05;2021-04-02;0;0;2;0;0.0;0.0
05;2021-04-03;0;0;2;0;0.0;0.0
05;2021-04-04;0;0;2;0;0.0;0.0
05;2021-04-05;0;0;2;0;0.0;0.0
05;2021-04-06;0;0;2;0;0.0;0.0
05;2021-04-07;0;0;2;0;0.0;0.0
05;2021-04-08;1;0;3;0;0.1;0.0
05;2021-04-09;0;0;3;0;0.1;0.0
05;2021-04-10;0;0;3;0;0.1;0.0
05;2021-04-11;0;0;3;0;0.1;0.0
05;2021-04-12;0;0;3;0;0.1;0.0
05;2021-04-13;0;0;3;0;0.1;0.0
05;2021-04-14;0;0;3;0;0.1;0.0
05;2021-04-15;0;0;3;0;0.1;0.0
05;2021-04-16;0;0;3;0;0.1;0.0
05;2021-04-17;0;0;3;0;0.1;0.0
05;2021-04-18;0;0;3;0;0.1;0.0
05;2021-04-19;0;0;3;0;0.1;0.0
05;2021-04-20;0;0;3;0;0.1;0.0
05;2021-04-21;0;0;3;0;0.1;0.0
05;2021-04-22;0;0;3;0;0.1;0.0
05;2021-04-23;0;0;3;0;0.1;0.0
05;2021-04-24;0;0;3;0;0.1;0.0
05;2021-04-25;0;0;3;0;0.1;0.0
05;2021-04-26;0;0;3;0;0.1;0.0
05;2021-04-27;0;0;3;0;0.1;0.0
05;2021-04-28;0;0;3;0;0.1;0.0
05;2021-04-29;0;0;3;0;0.1;0.0
05;2021-04-30;0;0;3;0;0.1;0.0
05;2021-05-01;0;0;3;0;0.1;0.0
05;2021-05-02;0;0;3;0;0.1;0.0
05;2021-05-03;0;0;3;0;0.1;0.0
05;2021-05-04;0;0;3;0;0.1;0.0
05;2021-05-05;0;0;3;0;0.1;0.0
05;2021-05-06;0;0;3;0;0.1;0.0
05;2021-05-07;0;0;3;0;0.1;0.0
05;2021-05-08;0;0;3;0;0.1;0.0
05;2021-05-09;0;0;3;0;0.1;0.0
05;2021-05-10;0;0;3;0;0.1;0.0
05;2021-05-11;0;0;3;0;0.1;0.0
05;2021-05-12;0;0;3;0;0.1;0.0
05;2021-05-13;0;0;3;0;0.1;0.0
05;2021-05-14;0;0;3;0;0.1;0.0
05;2021-05-15;0;0;3;0;0.1;0.0
05;2021-05-16;0;0;3;0;0.1;0.0
05;2021-05-17;0;0;3;0;0.1;0.0
05;2021-05-18;0;0;3;0;0.1;0.0
05;2021-05-19;0;0;3;0;0.1;0.0
05;2021-05-20;0;0;3;0;0.1;0.0
05;2021-05-21;0;0;3;0;0.1;0.0
05;2021-05-22;0;0;3;0;0.1;0.0
05;2021-05-23;0;0;3;0;0.1;0.0
05;2021-05-24;0;0;3;0;0.1;0.0
05;2021-05-25;0;0;3;0;0.1;0.0
05;2021-05-26;0;0;3;0;0.1;0.0
05;2021-05-27;0;0;3;0;0.1;0.0
05;2021-05-28;0;0;3;0;0.1;0.0
05;2021-05-29;0;2;3;2;0.1;0.0
05;2021-05-30;0;0;3;2;0.1;0.0
05;2021-05-31;0;0;3;2;0.1;0.0
05;2021-06-01;0;0;3;2;0.1;0.0
05;2021-06-02;0;0;3;2;0.1;0.0
05;2021-06-03;0;0;3;2;0.1;0.0
05;2021-06-04;0;0;3;2;0.1;0.0
05;2021-06-05;0;0;3;2;0.1;0.0
05;2021-06-06;0;0;3;2;0.1;0.0
05;2021-06-07;0;0;3;2;0.1;0.0
05;2021-06-08;0;0;3;2;0.1;0.0
05;2021-06-09;0;0;3;2;0.1;0.0
05;2021-06-10;0;0;3;2;0.1;0.0
05;2021-06-11;0;0;3;2;0.1;0.0
05;2021-06-12;0;0;3;2;0.1;0.0
05;2021-06-13;0;0;3;2;0.1;0.0
05;2021-06-14;0;0;3;2;0.1;0.0
05;2021-06-15;0;0;3;2;0.1;0.0
05;2021-06-16;0;0;3;2;0.1;0.0
05;2021-06-17;0;0;3;2;0.1;0.0
06;2020-12-27;0;0;0;0;0.0;0.0
06;2020-12-28;0;0;0;0;0.0;0.0
06;2020-12-29;0;0;0;0;0.0;0.0
06;2020-12-30;0;0;0;0;0.0;0.0
06;2020-12-31;0;0;0;0;0.0;0.0
06;2021-01-01;0;0;0;0;0.0;0.0
06;2021-01-02;0;0;0;0;0.0;0.0
06;2021-01-03;0;0;0;0;0.0;0.0
06;2021-01-04;0;0;0;0;0.0;0.0
06;2021-01-05;0;0;0;0;0.0;0.0
06;2021-01-06;0;0;0;0;0.0;0.0
06;2021-01-07;0;0;0;0;0.0;0.0
06;2021-01-08;0;0;0;0;0.0;0.0
06;2021-01-09;0;0;0;0;0.0;0.0
06;2021-01-10;0;0;0;0;0.0;0.0
06;2021-01-11;9;0;9;0;0.0;0.0
06;2021-01-12;0;0;9;0;0.0;0.0
06;2021-01-13;0;0;9;0;0.0;0.0
06;2021-01-14;0;0;9;0;0.0;0.0
06;2021-01-15;1;0;10;0;0.0;0.0
06;2021-01-16;1;0;11;0;0.0;0.0
06;2021-01-17;0;0;11;0;0.0;0.0
06;2021-01-18;1;0;12;0;0.0;0.0
06;2021-01-19;0;0;12;0;0.0;0.0
06;2021-01-20;0;0;12;0;0.0;0.0
06;2021-01-21;0;0;12;0;0.0;0.0
06;2021-01-22;0;0;12;0;0.0;0.0
06;2021-01-23;1;0;13;0;0.0;0.0
06;2021-01-24;0;0;13;0;0.0;0.0
06;2021-01-25;140;1;153;1;0.1;0.0
06;2021-01-26;166;4;319;5;0.1;0.0
06;2021-01-27;250;1;569;6;0.2;0.0
06;2021-01-28;101;5;670;11;0.2;0.0
06;2021-01-29;230;2;900;13;0.3;0.0
06;2021-01-30;285;6;1185;19;0.4;0.0
06;2021-01-31;1;0;1186;19;0.4;0.0
06;2021-02-01;160;0;1346;19;0.5;0.0
06;2021-02-02;329;4;1675;23;0.6;0.0
06;2021-02-03;228;1;1903;24;0.7;0.0
06;2021-02-04;215;7;2118;31;0.8;0.0
06;2021-02-05;214;1;2332;32;0.8;0.0
06;2021-02-06;83;10;2415;42;0.9;0.0
06;2021-02-07;0;0;2415;42;0.9;0.0
06;2021-02-08;82;3;2497;45;0.9;0.0
06;2021-02-09;193;0;2690;45;1.0;0.0
06;2021-02-10;187;2;2877;47;1.0;0.0
06;2021-02-11;235;1;3112;48;1.1;0.0
06;2021-02-12;287;4;3399;52;1.2;0.0
06;2021-02-13;56;0;3455;52;1.2;0.0
06;2021-02-14;1;0;3456;52;1.2;0.0
06;2021-02-15;359;2;3815;54;1.4;0.0
06;2021-02-16;266;6;4081;60;1.5;0.0
06;2021-02-17;167;4;4248;64;1.5;0.0
06;2021-02-18;216;11;4464;75;1.6;0.0
06;2021-02-19;235;21;4699;96;1.7;0.0
06;2021-02-20;138;7;4837;103;1.7;0.0
06;2021-02-21;0;0;4837;103;1.7;0.0
06;2021-02-22;131;120;4968;223;1.8;0.1
06;2021-02-23;186;151;5154;374;1.8;0.1
06;2021-02-24;175;143;5329;517;1.9;0.2
06;2021-02-25;227;283;5556;800;2.0;0.3
06;2021-02-26;242;259;5798;1059;2.1;0.4
06;2021-02-27;0;0;5798;1059;2.1;0.4
06;2021-02-28;0;0;5798;1059;2.1;0.4
06;2021-03-01;144;259;5942;1318;2.1;0.5
06;2021-03-02;228;257;6170;1575;2.2;0.6
06;2021-03-03;202;187;6372;1762;2.3;0.6
06;2021-03-04;205;139;6577;1901;2.4;0.7
06;2021-03-05;224;113;6801;2014;2.4;0.7
06;2021-03-06;1;0;6802;2014;2.4;0.7
06;2021-03-07;0;0;6802;2014;2.4;0.7
06;2021-03-08;189;125;6991;2139;2.5;0.8
06;2021-03-09;390;153;7381;2292;2.6;0.8
06;2021-03-10;180;178;7561;2470;2.7;0.9
06;2021-03-11;167;207;7728;2677;2.8;1.0
06;2021-03-12;238;288;7966;2965;2.9;1.1
06;2021-03-13;2;0;7968;2965;2.9;1.1
06;2021-03-14;0;0;7968;2965;2.9;1.1
06;2021-03-15;156;292;8124;3257;2.9;1.2
06;2021-03-16;236;222;8360;3479;3.0;1.2
06;2021-03-17;264;138;8624;3617;3.1;1.3
06;2021-03-18;172;232;8796;3849;3.1;1.4
06;2021-03-19;172;296;8968;4145;3.2;1.5
06;2021-03-20;0;0;8968;4145;3.2;1.5
06;2021-03-21;0;0;8968;4145;3.2;1.5
06;2021-03-22;97;136;9065;4281;3.2;1.5
06;2021-03-23;136;240;9201;4521;3.3;1.6
06;2021-03-24;160;146;9361;4667;3.3;1.7
06;2021-03-25;186;206;9547;4873;3.4;1.7
06;2021-03-26;160;211;9707;5084;3.5;1.8
06;2021-03-27;18;0;9725;5084;3.5;1.8
06;2021-03-28;0;0;9725;5084;3.5;1.8
06;2021-03-29;0;2;9725;5086;3.5;1.8
06;2021-03-30;272;333;9997;5419;3.6;1.9
06;2021-03-31;225;125;10222;5544;3.7;2.0
06;2021-04-01;243;105;10465;5649;3.7;2.0
06;2021-04-02;285;262;10750;5911;3.8;2.1
06;2021-04-03;906;307;11656;6218;4.2;2.2
06;2021-04-04;1;0;11657;6218;4.2;2.2
06;2021-04-05;1;0;11658;6218;4.2;2.2
06;2021-04-06;158;281;11816;6499;4.2;2.3
06;2021-04-07;237;264;12053;6763;4.3;2.4
06;2021-04-08;286;140;12339;6903;4.4;2.5
06;2021-04-09;248;171;12587;7074;4.5;2.5
06;2021-04-10;181;114;12768;7188;4.6;2.6
06;2021-04-11;7;0;12775;7188;4.6;2.6
06;2021-04-12;0;19;12775;7207;4.6;2.6
06;2021-04-13;393;344;13168;7551;4.7;2.7
06;2021-04-14;239;205;13407;7756;4.8;2.8
06;2021-04-15;207;118;13614;7874;4.9;2.8
06;2021-04-16;214;127;13828;8001;4.9;2.9
06;2021-04-17;226;132;14054;8133;5.0;2.9
06;2021-04-18;1;0;14055;8133;5.0;2.9
06;2021-04-19;6;1;14061;8134;5.0;2.9
06;2021-04-20;368;224;14429;8358;5.2;3.0
06;2021-04-21;411;149;14840;8507;5.3;3.0
06;2021-04-22;410;150;15250;8657;5.5;3.1
06;2021-04-23;367;166;15617;8823;5.6;3.2
06;2021-04-24;413;127;16030;8950;5.7;3.2
06;2021-04-25;2;0;16032;8950;5.7;3.2
06;2021-04-26;54;8;16086;8958;5.8;3.2
06;2021-04-27;351;293;16437;9251;5.9;3.3
06;2021-04-28;354;514;16791;9765;6.0;3.5
06;2021-04-29;555;342;17346;10107;6.2;3.6
06;2021-04-30;402;238;17748;10345;6.4;3.7
06;2021-05-01;670;285;18418;10630;6.6;3.8
06;2021-05-02;0;0;18418;10630;6.6;3.8
06;2021-05-03;134;6;18552;10636;6.6;3.8
06;2021-05-04;352;426;18904;11062;6.8;4.0
06;2021-05-05;443;317;19347;11379;6.9;4.1
06;2021-05-06;319;199;19666;11578;7.0;4.1
06;2021-05-07;341;134;20007;11712;7.2;4.2
06;2021-05-08;300;140;20307;11852;7.3;4.2
06;2021-05-09;0;0;20307;11852;7.3;4.2
06;2021-05-10;7;9;20314;11861;7.3;4.2
06;2021-05-11;358;488;20672;12349;7.4;4.4
06;2021-05-12;329;310;21001;12659;7.5;4.5
06;2021-05-13;127;97;21128;12756;7.6;4.6
06;2021-05-14;0;0;21128;12756;7.6;4.6
06;2021-05-15;484;283;21612;13039;7.7;4.7
06;2021-05-16;0;0;21612;13039;7.7;4.7
06;2021-05-17;123;51;21735;13090;7.8;4.7
06;2021-05-18;513;429;22248;13519;8.0;4.8
06;2021-05-19;648;663;22896;14182;8.2;5.1
06;2021-05-20;1049;496;23945;14678;8.6;5.3
06;2021-05-21;1044;316;24989;14994;8.9;5.4
06;2021-05-22;1229;297;26218;15291;9.4;5.5
06;2021-05-23;0;0;26218;15291;9.4;5.5
06;2021-05-24;1;0;26219;15291;9.4;5.5
06;2021-05-25;851;620;27070;15911;9.7;5.7
06;2021-05-26;1021;840;28091;16751;10.1;6.0
06;2021-05-27;1287;505;29378;17256;10.5;6.2
06;2021-05-28;937;371;30315;17627;10.8;6.3
06;2021-05-29;1111;388;31426;18015;11.2;6.4
06;2021-05-30;0;1;31426;18016;11.2;6.4
06;2021-05-31;99;6;31525;18022;11.3;6.4
06;2021-06-01;1127;649;32652;18671;11.7;6.7
06;2021-06-02;1132;484;33784;19155;12.1;6.9
06;2021-06-03;787;331;34571;19486;12.4;7.0
06;2021-06-04;977;320;35548;19806;12.7;7.1
06;2021-06-05;654;297;36202;20103;13.0;7.2
06;2021-06-06;0;0;36202;20103;13.0;7.2
06;2021-06-07;75;11;36277;20114;13.0;7.2
06;2021-06-08;794;440;37071;20554;13.3;7.4
06;2021-06-09;941;538;38012;21092;13.6;7.5
06;2021-06-10;649;222;38661;21314;13.8;7.6
06;2021-06-11;819;367;39480;21681;14.1;7.8
06;2021-06-12;563;273;40043;21954;14.3;7.9
06;2021-06-13;0;0;40043;21954;14.3;7.9
06;2021-06-14;178;112;40221;22066;14.4;7.9
06;2021-06-15;399;836;40620;22902;14.5;8.2
06;2021-06-16;860;1427;41480;24329;14.8;8.7
06;2021-06-17;724;639;42204;24968;15.1;8.9
07;2020-12-27;0;0;0;0;0.0;0.0
07;2020-12-28;0;0;0;0;0.0;0.0
07;2020-12-29;0;0;0;0;0.0;0.0
07;2020-12-30;0;0;0;0;0.0;0.0
07;2020-12-31;0;0;0;0;0.0;0.0
07;2021-01-01;0;0;0;0;0.0;0.0
07;2021-01-02;0;0;0;0;0.0;0.0
07;2021-01-03;0;0;0;0;0.0;0.0
07;2021-01-04;0;0;0;0;0.0;0.0
07;2021-01-05;0;0;0;0;0.0;0.0
07;2021-01-06;0;0;0;0;0.0;0.0
07;2021-01-07;0;0;0;0;0.0;0.0
07;2021-01-08;0;0;0;0;0.0;0.0
07;2021-01-09;0;0;0;0;0.0;0.0
07;2021-01-10;0;0;0;0;0.0;0.0
07;2021-01-11;0;0;0;0;0.0;0.0
07;2021-01-12;0;0;0;0;0.0;0.0
07;2021-01-13;0;0;0;0;0.0;0.0
07;2021-01-14;0;0;0;0;0.0;0.0
07;2021-01-15;0;0;0;0;0.0;0.0
07;2021-01-16;0;0;0;0;0.0;0.0
07;2021-01-17;0;0;0;0;0.0;0.0
07;2021-01-18;1;0;1;0;0.0;0.0
07;2021-01-19;0;0;1;0;0.0;0.0
07;2021-01-20;0;0;1;0;0.0;0.0
07;2021-01-21;12;0;13;0;0.1;0.0
07;2021-01-22;12;0;25;0;0.3;0.0
07;2021-01-23;0;0;25;0;0.3;0.0
07;2021-01-24;0;0;25;0;0.3;0.0
07;2021-01-25;0;0;25;0;0.3;0.0
07;2021-01-26;0;0;25;0;0.3;0.0
07;2021-01-27;12;0;37;0;0.4;0.0
07;2021-01-28;1;0;38;0;0.4;0.0
07;2021-01-29;6;0;44;0;0.4;0.0
07;2021-01-30;0;0;44;0;0.4;0.0
07;2021-01-31;0;0;44;0;0.4;0.0
07;2021-02-01;0;0;44;0;0.4;0.0
07;2021-02-02;0;0;44;0;0.4;0.0
07;2021-02-03;11;0;55;0;0.6;0.0
07;2021-02-04;12;0;67;0;0.7;0.0
07;2021-02-05;11;0;78;0;0.8;0.0
07;2021-02-06;0;0;78;0;0.8;0.0
07;2021-02-07;0;0;78;0;0.8;0.0
07;2021-02-08;0;0;78;0;0.8;0.0
07;2021-02-09;13;0;91;0;0.9;0.0
07;2021-02-10;0;0;91;0;0.9;0.0
07;2021-02-11;16;0;107;0;1.1;0.0
07;2021-02-12;44;0;151;0;1.5;0.0
07;2021-02-13;0;0;151;0;1.5;0.0
07;2021-02-14;0;0;151;0;1.5;0.0
07;2021-02-15;0;0;151;0;1.5;0.0
07;2021-02-16;0;0;151;0;1.5;0.0
07;2021-02-17;0;0;151;0;1.5;0.0
07;2021-02-18;18;0;169;0;1.7;0.0
07;2021-02-19;34;0;203;0;2.0;0.0
07;2021-02-20;0;0;203;0;2.0;0.0
07;2021-02-21;0;0;203;0;2.0;0.0
07;2021-02-22;0;0;203;0;2.0;0.0
07;2021-02-23;0;22;203;22;2.0;0.2
07;2021-02-24;0;0;203;22;2.0;0.2
07;2021-02-25;15;10;218;32;2.2;0.3
07;2021-02-26;33;21;251;53;2.5;0.5
07;2021-02-27;0;0;251;53;2.5;0.5
07;2021-02-28;0;0;251;53;2.5;0.5
07;2021-03-01;0;0;251;53;2.5;0.5
07;2021-03-02;17;11;268;64;2.7;0.6
07;2021-03-03;0;0;268;64;2.7;0.6
07;2021-03-04;16;11;284;75;2.9;0.8
07;2021-03-05;33;19;317;94;3.2;0.9
07;2021-03-06;0;0;317;94;3.2;0.9
07;2021-03-07;0;0;317;94;3.2;0.9
07;2021-03-08;0;0;317;94;3.2;0.9
07;2021-03-09;1;0;318;94;3.2;0.9
07;2021-03-10;0;0;318;94;3.2;0.9
07;2021-03-11;20;30;338;124;3.4;1.2
07;2021-03-12;62;42;400;166;4.0;1.7
07;2021-03-13;0;0;400;166;4.0;1.7
07;2021-03-14;0;0;400;166;4.0;1.7
07;2021-03-15;0;0;400;166;4.0;1.7
07;2021-03-16;30;9;430;175;4.3;1.8
07;2021-03-17;0;0;430;175;4.3;1.8
07;2021-03-18;29;16;459;191;4.6;1.9
07;2021-03-19;56;31;515;222;5.2;2.2
07;2021-03-20;0;0;515;222;5.2;2.2
07;2021-03-21;0;0;515;222;5.2;2.2
07;2021-03-22;0;0;515;222;5.2;2.2
07;2021-03-23;0;0;515;222;5.2;2.2
07;2021-03-24;0;0;515;222;5.2;2.2
07;2021-03-25;65;16;580;238;5.8;2.4
07;2021-03-26;73;26;653;264;6.6;2.7
07;2021-03-27;0;0;653;264;6.6;2.7
07;2021-03-28;0;0;653;264;6.6;2.7
07;2021-03-29;0;0;653;264;6.6;2.7
07;2021-03-30;40;18;693;282;7.0;2.8
07;2021-03-31;26;15;719;297;7.2;3.0
07;2021-04-01;25;32;744;329;7.5;3.3
07;2021-04-02;0;0;744;329;7.5;3.3
07;2021-04-03;0;0;744;329;7.5;3.3
07;2021-04-04;0;0;744;329;7.5;3.3
07;2021-04-05;9;0;753;329;7.6;3.3
07;2021-04-06;0;0;753;329;7.6;3.3
07;2021-04-07;0;0;753;329;7.6;3.3
07;2021-04-08;57;46;810;375;8.1;3.8
07;2021-04-09;59;31;869;406;8.7;4.1
07;2021-04-10;0;0;869;406;8.7;4.1
07;2021-04-11;0;0;869;406;8.7;4.1
07;2021-04-12;0;0;869;406;8.7;4.1
07;2021-04-13;0;0;869;406;8.7;4.1
07;2021-04-14;5;6;874;412;8.8;4.1
07;2021-04-15;56;71;930;483;9.3;4.8
07;2021-04-16;90;35;1020;518;10.2;5.2
07;2021-04-17;0;1;1020;519;10.2;5.2
07;2021-04-18;0;0;1020;519;10.2;5.2
07;2021-04-19;1;0;1021;519;10.2;5.2
07;2021-04-20;335;66;1356;585;13.6;5.9
07;2021-04-21;337;30;1693;615;17.0;6.2
07;2021-04-22;284;49;1977;664;19.8;6.7
07;2021-04-23;258;41;2235;705;22.4;7.1
07;2021-04-24;231;1;2466;706;24.8;7.1
07;2021-04-25;0;0;2466;706;24.8;7.1
07;2021-04-26;283;20;2749;726;27.6;7.3
07;2021-04-27;224;69;2973;795;29.8;8.0
07;2021-04-28;192;26;3165;821;31.8;8.2
07;2021-04-29;170;22;3335;843;33.5;8.5
07;2021-04-30;172;15;3507;858;35.2;8.6
07;2021-05-01;200;12;3707;870;37.2;8.7
07;2021-05-02;0;0;3707;870;37.2;8.7
07;2021-05-03;134;10;3841;880;38.6;8.8
07;2021-05-04;161;54;4002;934;40.2;9.4
07;2021-05-05;221;30;4223;964;42.4;9.7
07;2021-05-06;175;31;4398;995;44.2;10.0
07;2021-05-07;149;31;4547;1026;45.6;10.3
07;2021-05-08;0;0;4547;1026;45.6;10.3
07;2021-05-09;0;2;4547;1028;45.6;10.3
07;2021-05-10;0;0;4547;1028;45.6;10.3
07;2021-05-11;2;41;4549;1069;45.7;10.7
07;2021-05-12;6;36;4555;1105;45.7;11.1
07;2021-05-13;0;0;4555;1105;45.7;11.1
07;2021-05-14;28;98;4583;1203;46.0;12.1
07;2021-05-15;0;0;4583;1203;46.0;12.1
07;2021-05-16;0;0;4583;1203;46.0;12.1
07;2021-05-17;1;14;4584;1217;46.0;12.2
07;2021-05-18;17;32;4601;1249;46.2;12.5
07;2021-05-19;0;1;4601;1250;46.2;12.5
07;2021-05-20;0;8;4601;1258;46.2;12.6
07;2021-05-21;12;32;4613;1290;46.3;13.0
07;2021-05-22;0;0;4613;1290;46.3;13.0
07;2021-05-23;0;0;4613;1290;46.3;13.0
07;2021-05-24;0;0;4613;1290;46.3;13.0
07;2021-05-25;50;334;4663;1624;46.8;16.3
07;2021-05-26;54;359;4717;1983;47.4;19.9
07;2021-05-27;34;317;4751;2300;47.7;23.1
07;2021-05-28;27;256;4778;2556;48.0;25.7
07;2021-05-29;35;376;4813;2932;48.3;29.4
07;2021-05-30;0;0;4813;2932;48.3;29.4
07;2021-05-31;45;218;4858;3150;48.8;31.6
07;2021-06-01;46;226;4904;3376;49.2;33.9
07;2021-06-02;69;273;4973;3649;49.9;36.6
07;2021-06-03;41;252;5014;3901;50.3;39.2
07;2021-06-04;70;269;5084;4170;51.0;41.9
07;2021-06-05;1;0;5085;4170;51.0;41.9
07;2021-06-06;0;0;5085;4170;51.0;41.9
07;2021-06-07;0;1;5085;4171;51.0;41.9
07;2021-06-08;4;2;5089;4173;51.1;41.9
07;2021-06-09;0;3;5089;4176;51.1;41.9
07;2021-06-10;8;4;5097;4180;51.2;42.0
07;2021-06-11;3;8;5100;4188;51.2;42.0
07;2021-06-12;15;59;5115;4247;51.4;42.6
07;2021-06-13;0;0;5115;4247;51.4;42.6
07;2021-06-14;0;0;5115;4247;51.4;42.6
07;2021-06-15;0;1;5115;4248;51.4;42.6
07;2021-06-16;0;0;5115;4248;51.4;42.6
07;2021-06-17;2;6;5117;4254;51.4;42.7
08;2020-12-27;0;0;0;0;0.0;0.0
08;2020-12-28;0;0;0;0;0.0;0.0
08;2020-12-29;0;0;0;0;0.0;0.0
08;2020-12-30;0;0;0;0;0.0;0.0
08;2020-12-31;0;0;0;0;0.0;0.0
08;2021-01-01;0;0;0;0;0.0;0.0
08;2021-01-02;0;0;0;0;0.0;0.0
08;2021-01-03;0;0;0;0;0.0;0.0
08;2021-01-04;0;0;0;0;0.0;0.0
08;2021-01-05;0;0;0;0;0.0;0.0
08;2021-01-06;0;0;0;0;0.0;0.0
08;2021-01-07;0;0;0;0;0.0;0.0
08;2021-01-08;0;0;0;0;0.0;0.0
08;2021-01-09;0;0;0;0;0.0;0.0
08;2021-01-10;0;0;0;0;0.0;0.0
08;2021-01-11;0;0;0;0;0.0;0.0
08;2021-01-12;0;0;0;0;0.0;0.0
08;2021-01-13;10;0;10;0;0.0;0.0
08;2021-01-14;12;0;22;0;0.1;0.0
08;2021-01-15;7;0;29;0;0.1;0.0
08;2021-01-16;0;0;29;0;0.1;0.0
08;2021-01-17;0;0;29;0;0.1;0.0
08;2021-01-18;0;0;29;0;0.1;0.0
08;2021-01-19;12;0;41;0;0.1;0.0
08;2021-01-20;12;0;53;0;0.1;0.0
08;2021-01-21;6;0;59;0;0.2;0.0
08;2021-01-22;0;0;59;0;0.2;0.0
08;2021-01-23;0;0;59;0;0.2;0.0
08;2021-01-24;0;0;59;0;0.2;0.0
08;2021-01-25;0;0;59;0;0.2;0.0
08;2021-01-26;9;0;68;0;0.2;0.0
08;2021-01-27;10;0;78;0;0.2;0.0
08;2021-01-28;6;0;84;0;0.2;0.0
08;2021-01-29;0;0;84;0;0.2;0.0
08;2021-01-30;0;0;84;0;0.2;0.0
08;2021-01-31;0;0;84;0;0.2;0.0
08;2021-02-01;0;0;84;0;0.2;0.0
08;2021-02-02;38;0;122;0;0.3;0.0
08;2021-02-03;10;0;132;0;0.4;0.0
08;2021-02-04;29;0;161;0;0.5;0.0
08;2021-02-05;7;0;168;0;0.5;0.0
08;2021-02-06;0;0;168;0;0.5;0.0
08;2021-02-07;0;0;168;0;0.5;0.0
08;2021-02-08;0;0;168;0;0.5;0.0
08;2021-02-09;38;0;206;0;0.6;0.0
08;2021-02-10;27;1;233;1;0.7;0.0
08;2021-02-11;0;0;233;1;0.7;0.0
08;2021-02-12;35;0;268;1;0.8;0.0
08;2021-02-13;0;0;268;1;0.8;0.0
08;2021-02-14;0;0;268;1;0.8;0.0
08;2021-02-15;50;0;318;1;0.9;0.0
08;2021-02-16;0;0;318;1;0.9;0.0
08;2021-02-17;0;0;318;1;0.9;0.0
08;2021-02-18;27;0;345;1;1.0;0.0
08;2021-02-19;44;0;389;1;1.1;0.0
08;2021-02-20;0;0;389;1;1.1;0.0
08;2021-02-21;0;0;389;1;1.1;0.0
08;2021-02-22;46;4;435;5;1.2;0.0
08;2021-02-23;39;29;474;34;1.3;0.1
08;2021-02-24;35;1;509;35;1.4;0.1
08;2021-02-25;55;36;564;71;1.6;0.2
08;2021-02-26;39;5;603;76;1.7;0.2
08;2021-02-27;0;0;603;76;1.7;0.2
08;2021-02-28;0;0;603;76;1.7;0.2
08;2021-03-01;48;5;651;81;1.8;0.2
08;2021-03-02;7;27;658;108;1.9;0.3
08;2021-03-03;38;27;696;135;2.0;0.4
08;2021-03-04;30;26;726;161;2.1;0.5
08;2021-03-05;46;11;772;172;2.2;0.5
08;2021-03-06;0;0;772;172;2.2;0.5
08;2021-03-07;0;0;772;172;2.2;0.5
08;2021-03-08;30;7;802;179;2.3;0.5
08;2021-03-09;19;27;821;206;2.3;0.6
08;2021-03-10;32;28;853;234;2.4;0.7
08;2021-03-11;2;0;855;234;2.4;0.7
08;2021-03-12;52;21;907;255;2.6;0.7
08;2021-03-13;11;0;918;255;2.6;0.7
08;2021-03-14;0;0;918;255;2.6;0.7
08;2021-03-15;31;43;949;298;2.7;0.8
08;2021-03-16;73;6;1022;304;2.9;0.9
08;2021-03-17;67;13;1089;317;3.1;0.9
08;2021-03-18;82;39;1171;356;3.3;1.0
08;2021-03-19;30;51;1201;407;3.4;1.2
08;2021-03-20;0;0;1201;407;3.4;1.2
08;2021-03-21;0;0;1201;407;3.4;1.2
08;2021-03-22;33;45;1234;452;3.5;1.3
08;2021-03-23;32;45;1266;497;3.6;1.4
08;2021-03-24;38;42;1304;539;3.7;1.5
08;2021-03-25;90;34;1394;573;3.9;1.6
08;2021-03-26;45;33;1439;606;4.1;1.7
08;2021-03-27;93;3;1532;609;4.3;1.7
08;2021-03-28;0;0;1532;609;4.3;1.7
08;2021-03-29;69;49;1601;658;4.5;1.9
08;2021-03-30;98;24;1699;682;4.8;1.9
08;2021-03-31;89;47;1788;729;5.1;2.1
08;2021-04-01;56;48;1844;777;5.2;2.2
08;2021-04-02;0;0;1844;777;5.2;2.2
08;2021-04-03;0;0;1844;777;5.2;2.2
08;2021-04-04;0;0;1844;777;5.2;2.2
08;2021-04-05;0;0;1844;777;5.2;2.2
08;2021-04-06;49;63;1893;840;5.4;2.4
08;2021-04-07;91;32;1984;872;5.6;2.5
08;2021-04-08;120;7;2104;879;6.0;2.5
08;2021-04-09;89;39;2193;918;6.2;2.6
08;2021-04-10;161;8;2354;926;6.7;2.6
08;2021-04-11;0;0;2354;926;6.7;2.6
08;2021-04-12;41;76;2395;1002;6.8;2.8
08;2021-04-13;47;71;2442;1073;6.9;3.0
08;2021-04-14;80;45;2522;1118;7.1;3.2
08;2021-04-15;92;25;2614;1143;7.4;3.2
08;2021-04-16;77;42;2691;1185;7.6;3.4
08;2021-04-17;165;4;2856;1189;8.1;3.4
08;2021-04-18;0;0;2856;1189;8.1;3.4
08;2021-04-19;51;67;2907;1256;8.2;3.6
08;2021-04-20;83;27;2990;1283;8.5;3.6
08;2021-04-21;90;29;3080;1312;8.7;3.7
08;2021-04-22;101;20;3181;1332;9.0;3.8
08;2021-04-23;44;66;3225;1398;9.1;4.0
08;2021-04-24;99;78;3324;1476;9.4;4.2
08;2021-04-25;0;0;3324;1476;9.4;4.2
08;2021-04-26;28;93;3352;1569;9.5;4.4
08;2021-04-27;58;63;3410;1632;9.7;4.6
08;2021-04-28;88;39;3498;1671;9.9;4.7
08;2021-04-29;90;34;3588;1705;10.2;4.8
08;2021-04-30;104;15;3692;1720;10.4;4.9
08;2021-05-01;0;8;3692;1728;10.4;4.9
08;2021-05-02;0;0;3692;1728;10.4;4.9
08;2021-05-03;24;102;3716;1830;10.5;5.2
08;2021-05-04;156;103;3872;1933;11.0;5.5
08;2021-05-05;142;59;4014;1992;11.4;5.6
08;2021-05-06;198;49;4212;2041;11.9;5.8
08;2021-05-07;126;71;4338;2112;12.3;6.0
08;2021-05-08;68;122;4406;2234;12.5;6.3
08;2021-05-09;0;0;4406;2234;12.5;6.3
08;2021-05-10;123;101;4529;2335;12.8;6.6
08;2021-05-11;130;77;4659;2412;13.2;6.8
08;2021-05-12;154;76;4813;2488;13.6;7.0
08;2021-05-13;74;8;4887;2496;13.8;7.1
08;2021-05-14;129;61;5016;2557;14.2;7.2
08;2021-05-15;85;4;5101;2561;14.4;7.2
08;2021-05-16;0;0;5101;2561;14.4;7.2
08;2021-05-17;145;112;5246;2673;14.8;7.6
08;2021-05-18;150;95;5396;2768;15.3;7.8
08;2021-05-19;84;70;5480;2838;15.5;8.0
08;2021-05-20;103;26;5583;2864;15.8;8.1
08;2021-05-21;97;52;5680;2916;16.1;8.3
08;2021-05-22;99;11;5779;2927;16.4;8.3
08;2021-05-23;0;0;5779;2927;16.4;8.3
08;2021-05-24;33;7;5812;2934;16.4;8.3
08;2021-05-25;119;77;5931;3011;16.8;8.5
08;2021-05-26;106;49;6037;3060;17.1;8.7
08;2021-05-27;109;42;6146;3102;17.4;8.8
08;2021-05-28;33;1;6179;3103;17.5;8.8
08;2021-05-29;59;215;6238;3318;17.7;9.4
08;2021-05-30;0;0;6238;3318;17.7;9.4
08;2021-05-31;108;65;6346;3383;18.0;9.6
08;2021-06-01;112;63;6458;3446;18.3;9.8
08;2021-06-02;130;32;6588;3478;18.6;9.8
08;2021-06-03;100;38;6688;3516;18.9;10.0
08;2021-06-04;126;71;6814;3587;19.3;10.2
08;2021-06-05;82;21;6896;3608;19.5;10.2
08;2021-06-06;0;0;6896;3608;19.5;10.2
08;2021-06-07;96;95;6992;3703;19.8;10.5
08;2021-06-08;81;89;7073;3792;20.0;10.7
08;2021-06-09;96;74;7169;3866;20.3;10.9
08;2021-06-10;111;65;7280;3931;20.6;11.1
08;2021-06-11;116;108;7396;4039;20.9;11.4
08;2021-06-12;56;30;7452;4069;21.1;11.5
08;2021-06-13;0;0;7452;4069;21.1;11.5
08;2021-06-14;106;128;7558;4197;21.4;11.9
08;2021-06-15;86;118;7644;4315;21.6;12.2
08;2021-06-16;103;148;7747;4463;21.9;12.6
08;2021-06-17;83;72;7830;4535;22.2;12.8
11;2020-12-27;13;2;13;2;0.0;0.0
11;2020-12-28;11;0;24;2;0.0;0.0
11;2020-12-29;56;0;80;2;0.0;0.0
11;2020-12-30;91;0;171;2;0.0;0.0
11;2020-12-31;39;0;210;2;0.0;0.0
11;2021-01-01;28;1;238;3;0.0;0.0
11;2021-01-02;64;1;302;4;0.0;0.0
11;2021-01-03;78;0;380;4;0.0;0.0
11;2021-01-04;551;5;931;9;0.0;0.0
11;2021-01-05;2065;17;2996;26;0.0;0.0
11;2021-01-06;3016;20;6012;46;0.0;0.0
11;2021-01-07;5367;37;11379;83;0.1;0.0
11;2021-01-08;7108;46;18487;129;0.2;0.0
11;2021-01-09;1882;6;20369;135;0.2;0.0
11;2021-01-10;1746;8;22115;143;0.2;0.0
11;2021-01-11;7992;61;30107;204;0.2;0.0
11;2021-01-12;10336;98;40443;302;0.3;0.0
11;2021-01-13;10000;94;50443;396;0.4;0.0
11;2021-01-14;10079;133;60522;529;0.5;0.0
11;2021-01-15;8888;83;69410;612;0.6;0.0
11;2021-01-16;2394;32;71804;644;0.6;0.0
11;2021-01-17;1083;19;72887;663;0.6;0.0
11;2021-01-18;12228;127;85115;790;0.7;0.0
11;2021-01-19;15787;124;100902;914;0.8;0.0
11;2021-01-20;18356;117;119258;1031;1.0;0.0
11;2021-01-21;22240;140;141498;1171;1.2;0.0
11;2021-01-22;17052;160;158550;1331;1.3;0.0
11;2021-01-23;4958;19;163508;1350;1.3;0.0
11;2021-01-24;1276;6;164784;1356;1.3;0.0
11;2021-01-25;8855;185;173639;1541;1.4;0.0
11;2021-01-26;12328;378;185967;1919;1.5;0.0
11;2021-01-27;16220;688;202187;2607;1.6;0.0
11;2021-01-28;20288;1191;222475;3798;1.8;0.0
11;2021-01-29;15387;1376;237862;5174;1.9;0.0
11;2021-01-30;4458;101;242320;5275;2.0;0.0
11;2021-01-31;582;22;242902;5297;2.0;0.0
11;2021-02-01;7378;1955;250280;7252;2.0;0.1
11;2021-02-02;8348;2820;258628;10072;2.1;0.1
11;2021-02-03;8120;3807;266748;13879;2.2;0.1
11;2021-02-04;8780;4595;275528;18474;2.2;0.2
11;2021-02-05;8949;4429;284477;22903;2.3;0.2
11;2021-02-06;3266;749;287743;23652;2.3;0.2
11;2021-02-07;588;540;288331;24192;2.3;0.2
11;2021-02-08;6227;5920;294558;30112;2.4;0.2
11;2021-02-09;8425;9679;302983;39791;2.5;0.3
11;2021-02-10;9951;11208;312934;50999;2.5;0.4
11;2021-02-11;12359;16506;325293;67505;2.6;0.5
11;2021-02-12;11852;10593;337145;78098;2.7;0.6
11;2021-02-13;2590;2588;339735;80686;2.8;0.7
11;2021-02-14;310;560;340045;81246;2.8;0.7
11;2021-02-15;4444;12015;344489;93261;2.8;0.8
11;2021-02-16;5653;18488;350142;111749;2.9;0.9
11;2021-02-17;5668;15612;355810;127361;2.9;1.0
11;2021-02-18;8629;20795;364439;148156;3.0;1.2
11;2021-02-19;9027;15428;373466;163584;3.0;1.3
11;2021-02-20;1688;4846;375154;168430;3.1;1.4
11;2021-02-21;396;831;375550;169261;3.1;1.4
11;2021-02-22;4220;9922;379770;179183;3.1;1.5
11;2021-02-23;4939;10543;384709;189726;3.1;1.5
11;2021-02-24;5391;9880;390100;199606;3.2;1.6
11;2021-02-25;8597;14159;398697;213765;3.2;1.7
11;2021-02-26;11159;10168;409856;223933;3.3;1.8
11;2021-02-27;5059;3325;414915;227258;3.4;1.9
11;2021-02-28;737;660;415652;227918;3.4;1.9
11;2021-03-01;8826;7975;424478;235893;3.5;1.9
11;2021-03-02;14364;9639;438842;245532;3.6;2.0
11;2021-03-03;18631;10103;457473;255635;3.7;2.1
11;2021-03-04;28178;11090;485651;266725;4.0;2.2
11;2021-03-05;36423;11046;522074;277771;4.3;2.3
11;2021-03-06;46364;3516;568438;281287;4.6;2.3
11;2021-03-07;34267;2732;602705;284019;4.9;2.3
11;2021-03-08;17711;7387;620416;291406;5.1;2.4
11;2021-03-09;26794;7710;647210;299116;5.3;2.4
11;2021-03-10;27572;8331;674782;307447;5.5;2.5
11;2021-03-11;36943;9848;711725;317295;5.8;2.6
11;2021-03-12;44694;9378;756419;326673;6.2;2.7
11;2021-03-13;39839;2639;796258;329312;6.5;2.7
11;2021-03-14;14259;784;810517;330096;6.6;2.7
11;2021-03-15;29167;4003;839684;334099;6.8;2.7
11;2021-03-16;23728;3855;863412;337954;7.0;2.8
11;2021-03-17;24362;3663;887774;341617;7.2;2.8
11;2021-03-18;28976;4109;916750;345726;7.5;2.8
11;2021-03-19;39599;4296;956349;350022;7.8;2.9
11;2021-03-20;25813;1585;982162;351607;8.0;2.9
11;2021-03-21;5618;1320;987780;352927;8.0;2.9
11;2021-03-22;32072;4236;1019852;357163;8.3;2.9
11;2021-03-23;43237;5438;1063089;362601;8.7;3.0
11;2021-03-24;42562;5041;1105651;367642;9.0;3.0
11;2021-03-25;57831;5207;1163482;372849;9.5;3.0
11;2021-03-26;57602;5964;1221084;378813;9.9;3.1
11;2021-03-27;34434;2087;1255518;380900;10.2;3.1
11;2021-03-28;10151;477;1265669;381377;10.3;3.1
11;2021-03-29;32964;8167;1298633;389544;10.6;3.2
11;2021-03-30;44760;11578;1343393;401122;10.9;3.3
11;2021-03-31;39756;13914;1383149;415036;11.3;3.4
11;2021-04-01;45204;21795;1428353;436831;11.6;3.6
11;2021-04-02;39224;24078;1467577;460909;12.0;3.8
11;2021-04-03;18344;21155;1485921;482064;12.1;3.9
11;2021-04-04;6088;7341;1492009;489405;12.2;4.0
11;2021-04-05;5941;2153;1497950;491558;12.2;4.0
11;2021-04-06;29918;18436;1527868;509994;12.4;4.2
11;2021-04-07;37452;20023;1565320;530017;12.7;4.3
11;2021-04-08;46585;21125;1611905;551142;13.1;4.5
11;2021-04-09;53673;21591;1665578;572733;13.6;4.7
11;2021-04-10;28900;19708;1694478;592441;13.8;4.8
11;2021-04-11;6538;7221;1701016;599662;13.9;4.9
11;2021-04-12;30232;19273;1731248;618935;14.1;5.0
11;2021-04-13;37209;27599;1768457;646534;14.4;5.3
11;2021-04-14;34885;24370;1803342;670904;14.7;5.5
11;2021-04-15;39075;28500;1842417;699404;15.0;5.7
11;2021-04-16;40927;27829;1883344;727233;15.3;5.9
11;2021-04-17;22718;14983;1906062;742216;15.5;6.0
11;2021-04-18;5278;3735;1911340;745951;15.6;6.1
11;2021-04-19;25041;23218;1936381;769169;15.8;6.3
11;2021-04-20;30508;27928;1966889;797097;16.0;6.5
11;2021-04-21;32148;28241;1999037;825338;16.3;6.7
11;2021-04-22;34423;34766;2033460;860104;16.6;7.0
11;2021-04-23;37836;32333;2071296;892437;16.9;7.3
11;2021-04-24;37925;23201;2109221;915638;17.2;7.5
11;2021-04-25;20505;8013;2129726;923651;17.3;7.5
11;2021-04-26;33822;25262;2163548;948913;17.6;7.7
11;2021-04-27;45652;30122;2209200;979035;18.0;8.0
11;2021-04-28;48356;29867;2257556;1008902;18.4;8.2
11;2021-04-29;57672;32335;2315228;1041237;18.9;8.5
11;2021-04-30;61211;31139;2376439;1072376;19.4;8.7
11;2021-05-01;24076;6040;2400515;1078416;19.6;8.8
11;2021-05-02;14611;5014;2415126;1083430;19.7;8.8
11;2021-05-03;54290;35302;2469416;1118732;20.1;9.1
11;2021-05-04;59629;33959;2529045;1152691;20.6;9.4
11;2021-05-05;60172;34182;2589217;1186873;21.1;9.7
11;2021-05-06;67103;38122;2656320;1224995;21.6;10.0
11;2021-05-07;65291;39999;2721611;1264994;22.2;10.3
11;2021-05-08;49972;16873;2771583;1281867;22.6;10.4
11;2021-05-09;33033;10168;2804616;1292035;22.8;10.5
11;2021-05-10;69852;30492;2874468;1322527;23.4;10.8
11;2021-05-11;81083;38045;2955551;1360572;24.1;11.1
11;2021-05-12;82538;32374;3038089;1392946;24.7;11.3
11;2021-05-13;67555;9964;3105644;1402910;25.3;11.4
11;2021-05-14;83926;22072;3189570;1424982;26.0;11.6
11;2021-05-15;66203;15362;3255773;1440344;26.5;11.7
11;2021-05-16;36308;5139;3292081;1445483;26.8;11.8
11;2021-05-17;82162;16854;3374243;1462337;27.5;11.9
11;2021-05-18;97912;19812;3472155;1482149;28.3;12.1
11;2021-05-19;97526;27761;3569681;1509910;29.1;12.3
11;2021-05-20;106230;28757;3675911;1538667;29.9;12.5
11;2021-05-21;100609;25959;3776520;1564626;30.8;12.7
11;2021-05-22;79266;14816;3855786;1579442;31.4;12.9
11;2021-05-23;41537;6017;3897323;1585459;31.7;12.9
11;2021-05-24;59491;8775;3956814;1594234;32.2;13.0
11;2021-05-25;85070;32197;4041884;1626431;32.9;13.2
11;2021-05-26;83500;32470;4125384;1658901;33.6;13.5
11;2021-05-27;91655;40538;4217039;1699439;34.3;13.8
11;2021-05-28;86458;45560;4303497;1744999;35.0;14.2
11;2021-05-29;67896;27523;4371393;1772522;35.6;14.4
11;2021-05-30;35841;8493;4407234;1781015;35.9;14.5
11;2021-05-31;77666;39921;4484900;1820936;36.5;14.8
11;2021-06-01;86573;50919;4571473;1871855;37.2;15.2
11;2021-06-02;82510;45472;4653983;1917327;37.9;15.6
11;2021-06-03;88510;53640;4742493;1970967;38.6;16.1
11;2021-06-04;84444;58712;4826937;2029679;39.3;16.5
11;2021-06-05;63436;49886;4890373;2079565;39.8;16.9
11;2021-06-06;37828;17548;4928201;2097113;40.1;17.1
11;2021-06-07;68760;53600;4996961;2150713;40.7;17.5
11;2021-06-08;73264;61952;5070225;2212665;41.3;18.0
11;2021-06-09;69518;62966;5139743;2275631;41.9;18.5
11;2021-06-10;69953;80572;5209696;2356203;42.4;19.2
11;2021-06-11;64957;71956;5274653;2428159;43.0;19.8
11;2021-06-12;63287;47501;5337940;2475660;43.5;20.2
11;2021-06-13;29362;22808;5367302;2498468;43.7;20.3
11;2021-06-14;42531;75079;5409833;2573547;44.1;21.0
11;2021-06-15;50329;82722;5460162;2656269;44.5;21.6
11;2021-06-16;51585;77950;5511747;2734219;44.9;22.3
11;2021-06-17;52951;81351;5564698;2815570;45.3;22.9
24;2020-12-27;0;0;0;0;0.0;0.0
24;2020-12-28;17;0;17;0;0.0;0.0
24;2020-12-29;10;0;27;0;0.0;0.0
24;2020-12-30;1;0;28;0;0.0;0.0
24;2020-12-31;0;0;28;0;0.0;0.0
24;2021-01-01;1;0;29;0;0.0;0.0
24;2021-01-02;0;0;29;0;0.0;0.0
24;2021-01-03;0;0;29;0;0.0;0.0
24;2021-01-04;24;0;53;0;0.0;0.0
24;2021-01-05;163;0;216;0;0.0;0.0
24;2021-01-06;328;0;544;0;0.0;0.0
24;2021-01-07;492;0;1036;0;0.0;0.0
24;2021-01-08;952;2;1988;2;0.1;0.0
24;2021-01-09;505;0;2493;2;0.1;0.0
24;2021-01-10;395;0;2888;2;0.1;0.0
24;2021-01-11;1279;0;4167;2;0.2;0.0
24;2021-01-12;2575;8;6742;10;0.3;0.0
24;2021-01-13;2189;6;8931;16;0.3;0.0
24;2021-01-14;2501;52;11432;68;0.4;0.0
24;2021-01-15;2114;7;13546;75;0.5;0.0
24;2021-01-16;857;5;14403;80;0.6;0.0
24;2021-01-17;322;3;14725;83;0.6;0.0
24;2021-01-18;3214;16;17939;99;0.7;0.0
24;2021-01-19;6323;17;24262;116;0.9;0.0
24;2021-01-20;7166;10;31428;126;1.2;0.0
24;2021-01-21;7417;4;38845;130;1.5;0.0
24;2021-01-22;5117;3;43962;133;1.7;0.0
24;2021-01-23;1274;1;45236;134;1.8;0.0
24;2021-01-24;225;1;45461;135;1.8;0.0
24;2021-01-25;3113;24;48574;159;1.9;0.0
24;2021-01-26;4845;88;53419;247;2.1;0.0
24;2021-01-27;5044;183;58463;430;2.3;0.0
24;2021-01-28;5634;507;64097;937;2.5;0.0
24;2021-01-29;3422;731;67519;1668;2.6;0.1
24;2021-01-30;1207;398;68726;2066;2.7;0.1
24;2021-01-31;251;368;68977;2434;2.7;0.1
24;2021-02-01;2170;927;71147;3361;2.8;0.1
24;2021-02-02;3032;1891;74179;5252;2.9;0.2
24;2021-02-03;3110;1768;77289;7020;3.0;0.3
24;2021-02-04;3234;1618;80523;8638;3.1;0.3
24;2021-02-05;2394;1370;82917;10008;3.2;0.4
24;2021-02-06;707;262;83624;10270;3.3;0.4
24;2021-02-07;134;32;83758;10302;3.3;0.4
24;2021-02-08;1967;1570;85725;11872;3.3;0.5
24;2021-02-09;3412;3315;89137;15187;3.5;0.6
24;2021-02-10;4085;3754;93222;18941;3.6;0.7
24;2021-02-11;4654;4775;97876;23716;3.8;0.9
24;2021-02-12;3481;3271;101357;26987;4.0;1.1
24;2021-02-13;839;770;102196;27757;4.0;1.1
24;2021-02-14;426;256;102622;28013;4.0;1.1
24;2021-02-15;1963;2859;104585;30872;4.1;1.2
24;2021-02-16;2849;4495;107434;35367;4.2;1.4
24;2021-02-17;2692;5102;110126;40469;4.3;1.6
24;2021-02-18;3519;5167;113645;45636;4.4;1.8
24;2021-02-19;3195;3556;116840;49192;4.6;1.9
24;2021-02-20;1288;985;118128;50177;4.6;2.0
24;2021-02-21;433;239;118561;50416;4.6;2.0
24;2021-02-22;1650;3061;120211;53477;4.7;2.1
24;2021-02-23;2339;3139;122550;56616;4.8;2.2
24;2021-02-24;2093;3467;124643;60083;4.9;2.3
24;2021-02-25;3621;3163;128264;63246;5.0;2.5
24;2021-02-26;4465;2617;132729;65863;5.2;2.6
24;2021-02-27;1877;995;134606;66858;5.3;2.6
24;2021-02-28;97;219;134703;67077;5.3;2.6
24;2021-03-01;2171;2022;136874;69099;5.3;2.7
24;2021-03-02;3430;2890;140304;71989;5.5;2.8
24;2021-03-03;3548;3411;143852;75400;5.6;2.9
24;2021-03-04;5335;3694;149187;79094;5.8;3.1
24;2021-03-05;7036;3149;156223;82243;6.1;3.2
24;2021-03-06;7375;745;163598;82988;6.4;3.2
24;2021-03-07;2427;289;166025;83277;6.5;3.3
24;2021-03-08;2689;2623;168714;85900;6.6;3.4
24;2021-03-09;5778;2847;174492;88747;6.8;3.5
24;2021-03-10;6405;3522;180897;92269;7.1;3.6
24;2021-03-11;7801;3503;188698;95772;7.4;3.7
24;2021-03-12;10786;2674;199484;98446;7.8;3.8
24;2021-03-13;7113;720;206597;99166;8.1;3.9
24;2021-03-14;1550;270;208147;99436;8.1;3.9
24;2021-03-15;4559;1971;212706;101407;8.3;4.0
24;2021-03-16;4595;2369;217301;103776;8.5;4.1
24;2021-03-17;4462;1984;221763;105760;8.7;4.1
24;2021-03-18;5063;2091;226826;107851;8.9;4.2
24;2021-03-19;7775;1679;234601;109530;9.2;4.3
24;2021-03-20;4429;878;239030;110408;9.3;4.3
24;2021-03-21;557;348;239587;110756;9.4;4.3
24;2021-03-22;4860;1716;244447;112472;9.6;4.4
24;2021-03-23;8036;2294;252483;114766;9.9;4.5
24;2021-03-24;8804;2005;261287;116771;10.2;4.6
24;2021-03-25;12137;1958;273424;118729;10.7;4.6
24;2021-03-26;13263;1969;286687;120698;11.2;4.7
24;2021-03-27;5765;672;292452;121370;11.4;4.7
24;2021-03-28;520;97;292972;121467;11.4;4.7
24;2021-03-29;6756;1870;299728;123337;11.7;4.8
24;2021-03-30;10169;2783;309897;126120;12.1;4.9
24;2021-03-31;9886;2335;319783;128455;12.5;5.0
24;2021-04-01;12037;3387;331820;131842;13.0;5.2
24;2021-04-02;10606;3324;342426;135166;13.4;5.3
24;2021-04-03;3401;1712;345827;136878;13.5;5.3
24;2021-04-04;394;341;346221;137219;13.5;5.4
24;2021-04-05;396;51;346617;137270;13.5;5.4
24;2021-04-06;8312;3404;354929;140674;13.9;5.5
24;2021-04-07;11061;4544;365990;145218;14.3;5.7
24;2021-04-08;14173;4733;380163;149951;14.9;5.9
24;2021-04-09;17733;3708;397896;153659;15.5;6.0
24;2021-04-10;9372;2077;407268;155736;15.9;6.1
24;2021-04-11;2908;1246;410176;156982;16.0;6.1
24;2021-04-12;10837;3434;421013;160416;16.5;6.3
24;2021-04-13;14989;4816;436002;165232;17.0;6.5
24;2021-04-14;13450;4915;449452;170147;17.6;6.6
24;2021-04-15;15333;5114;464785;175261;18.2;6.8
24;2021-04-16;15655;4321;480440;179582;18.8;7.0
24;2021-04-17;8186;1317;488626;180899;19.1;7.1
24;2021-04-18;1099;286;489725;181185;19.1;7.1
24;2021-04-19;9433;4137;499158;185322;19.5;7.2
24;2021-04-20;12720;5965;511878;191287;20.0;7.5
24;2021-04-21;12316;5993;524194;197280;20.5;7.7
24;2021-04-22;13857;7530;538051;204810;21.0;8.0
24;2021-04-23;13693;7038;551744;211848;21.6;8.3
24;2021-04-24;10236;3244;561980;215092;22.0;8.4
24;2021-04-25;3047;431;565027;215523;22.1;8.4
24;2021-04-26;10200;5420;575227;220943;22.5;8.6
24;2021-04-27;13869;7746;589096;228689;23.0;8.9
24;2021-04-28;13012;8445;602108;237134;23.5;9.3
24;2021-04-29;16576;8578;618684;245712;24.2;9.6
24;2021-04-30;17474;7222;636158;252934;24.9;9.9
24;2021-05-01;2911;670;639069;253604;25.0;9.9
24;2021-05-02;2140;316;641209;253920;25.1;9.9
24;2021-05-03;11282;6108;652491;260028;25.5;10.2
24;2021-05-04;12798;10291;665289;270319;26.0;10.6
24;2021-05-05;13868;9575;679157;279894;26.5;10.9
24;2021-05-06;17494;9661;696651;289555;27.2;11.3
24;2021-05-07;14509;11968;711160;301523;27.8;11.8
24;2021-05-08;3626;2368;714786;303891;27.9;11.9
24;2021-05-09;2322;3728;717108;307619;28.0;12.0
24;2021-05-10;11407;12177;728515;319796;28.5;12.5
24;2021-05-11;16336;14189;744851;333985;29.1;13.1
24;2021-05-12;18157;13135;763008;347120;29.8;13.6
24;2021-05-13;6915;3152;769923;350272;30.1;13.7
24;2021-05-14;14479;9165;784402;359437;30.7;14.0
24;2021-05-15;10459;5043;794861;364480;31.1;14.2
24;2021-05-16;3155;1178;798016;365658;31.2;14.3
24;2021-05-17;13290;7654;811306;373312;31.7;14.6
24;2021-05-18;18375;8201;829681;381513;32.4;14.9
24;2021-05-19;18997;7478;848678;388991;33.2;15.2
24;2021-05-20;21293;8441;869971;397432;34.0;15.5
24;2021-05-21;18355;9077;888326;406509;34.7;15.9
24;2021-05-22;7614;4183;895940;410692;35.0;16.0
24;2021-05-23;2976;942;898916;411634;35.1;16.1
24;2021-05-24;8329;1591;907245;413225;35.5;16.1
24;2021-05-25;17715;8839;924960;422064;36.1;16.5
24;2021-05-26;19196;8279;944156;430343;36.9;16.8
24;2021-05-27;20823;10027;964979;440370;37.7;17.2
24;2021-05-28;20428;12250;985407;452620;38.5;17.7
24;2021-05-29;12394;5896;997801;458516;39.0;17.9
24;2021-05-30;2032;1485;999833;460001;39.1;18.0
24;2021-05-31;14572;8906;1014405;468907;39.6;18.3
24;2021-06-01;19667;12014;1034072;480921;40.4;18.8
24;2021-06-02;17705;10787;1051777;491708;41.1;19.2
24;2021-06-03;20837;11892;1072614;503600;41.9;19.7
24;2021-06-04;19902;13846;1092516;517446;42.7;20.2
24;2021-06-05;9854;8841;1102370;526287;43.1;20.6
24;2021-06-06;1989;3020;1104359;529307;43.2;20.7
24;2021-06-07;14412;12010;1118771;541317;43.7;21.2
24;2021-06-08;16265;15003;1135036;556320;44.4;21.7
24;2021-06-09;16180;12718;1151216;569038;45.0;22.2
24;2021-06-10;17792;12092;1169008;581130;45.7;22.7
24;2021-06-11;17147;15280;1186155;596410;46.4;23.3
24;2021-06-12;10057;7314;1196212;603724;46.7;23.6
24;2021-06-13;890;1312;1197102;605036;46.8;23.6
24;2021-06-14;10432;15254;1207534;620290;47.2;24.2
24;2021-06-15;12943;17104;1220477;637394;47.7;24.9
24;2021-06-16;13408;16250;1233885;653644;48.2;25.5
24;2021-06-17;13005;17273;1246890;670917;48.7;26.2
27;2020-12-27;4;0;4;0;0.0;0.0
27;2020-12-28;0;0;4;0;0.0;0.0
27;2020-12-29;19;0;23;0;0.0;0.0
27;2020-12-30;20;0;43;0;0.0;0.0
27;2020-12-31;2;0;45;0;0.0;0.0
27;2021-01-01;0;0;45;0;0.0;0.0
27;2021-01-02;1;0;46;0;0.0;0.0
27;2021-01-03;1;0;47;0;0.0;0.0
27;2021-01-04;27;0;74;0;0.0;0.0
27;2021-01-05;263;0;337;0;0.0;0.0
27;2021-01-06;718;1;1055;1;0.0;0.0
27;2021-01-07;1555;3;2610;4;0.1;0.0
27;2021-01-08;1895;3;4505;7;0.2;0.0
27;2021-01-09;689;0;5194;7;0.2;0.0
27;2021-01-10;3;0;5197;7;0.2;0.0
27;2021-01-11;2419;3;7616;10;0.3;0.0
27;2021-01-12;3823;4;11439;14;0.4;0.0
27;2021-01-13;3847;8;15286;22;0.5;0.0
27;2021-01-14;4750;48;20036;70;0.7;0.0
27;2021-01-15;3592;20;23628;90;0.8;0.0
27;2021-01-16;793;11;24421;101;0.9;0.0
27;2021-01-17;116;1;24537;102;0.9;0.0
27;2021-01-18;6249;19;30786;121;1.1;0.0
27;2021-01-19;8392;23;39178;144;1.4;0.0
27;2021-01-20;7900;58;47078;202;1.7;0.0
27;2021-01-21;9451;19;56529;221;2.0;0.0
27;2021-01-22;7704;17;64233;238;2.3;0.0
27;2021-01-23;2985;6;67218;244;2.4;0.0
27;2021-01-24;347;0;67565;244;2.4;0.0
27;2021-01-25;5218;30;72783;274;2.6;0.0
27;2021-01-26;7389;227;80172;501;2.9;0.0
27;2021-01-27;7095;347;87267;848;3.1;0.0
27;2021-01-28;6332;893;93599;1741;3.4;0.1
27;2021-01-29;5908;1264;99507;3005;3.6;0.1
27;2021-01-30;2484;347;101991;3352;3.7;0.1
27;2021-01-31;252;22;102243;3374;3.7;0.1
27;2021-02-01;3358;1403;105601;4777;3.8;0.2
27;2021-02-02;4040;2224;109641;7001;3.9;0.3
27;2021-02-03;3618;2396;113259;9397;4.1;0.3
27;2021-02-04;3703;3152;116962;12549;4.2;0.5
27;2021-02-05;3241;2588;120203;15137;4.3;0.5
27;2021-02-06;1608;671;121811;15808;4.4;0.6
27;2021-02-07;5;87;121816;15895;4.4;0.6
27;2021-02-08;2911;2685;124727;18580;4.5;0.7
27;2021-02-09;3015;3660;127742;22240;4.6;0.8
27;2021-02-10;3055;3411;130797;25651;4.7;0.9
27;2021-02-11;3316;4650;134113;30301;4.8;1.1
27;2021-02-12;2725;4461;136838;34762;4.9;1.2
27;2021-02-13;985;1466;137823;36228;5.0;1.3
27;2021-02-14;258;299;138081;36527;5.0;1.3
27;2021-02-15;1241;5758;139322;42285;5.0;1.5
27;2021-02-16;1507;7438;140829;49723;5.1;1.8
27;2021-02-17;1807;6917;142636;56640;5.1;2.0
27;2021-02-18;2143;6470;144779;63110;5.2;2.3
27;2021-02-19;1732;5670;146511;68780;5.3;2.5
27;2021-02-20;711;2180;147222;70960;5.3;2.5
27;2021-02-21;2;280;147224;71240;5.3;2.6
27;2021-02-22;978;4902;148202;76142;5.3;2.7
27;2021-02-23;1203;5447;149405;81589;5.4;2.9
27;2021-02-24;1507;4869;150912;86458;5.4;3.1
27;2021-02-25;2921;5061;153833;91519;5.5;3.3
27;2021-02-26;3684;4213;157517;95732;5.7;3.4
27;2021-02-27;1908;1957;159425;97689;5.7;3.5
27;2021-02-28;107;282;159532;97971;5.7;3.5
27;2021-03-01;3669;3508;163201;101479;5.9;3.6
27;2021-03-02;5409;4339;168610;105818;6.1;3.8
27;2021-03-03;5960;3572;174570;109390;6.3;3.9
27;2021-03-04;7704;3562;182274;112952;6.5;4.1
27;2021-03-05;9690;3186;191964;116138;6.9;4.2
27;2021-03-06;6226;1081;198190;117219;7.1;4.2
27;2021-03-07;872;187;199062;117406;7.2;4.2
27;2021-03-08;4542;3419;203604;120825;7.3;4.3
27;2021-03-09;8420;3390;212024;124215;7.6;4.5
27;2021-03-10;8716;2810;220740;127025;7.9;4.6
27;2021-03-11;10262;3200;231002;130225;8.3;4.7
27;2021-03-12;11886;2454;242888;132679;8.7;4.8
27;2021-03-13;7047;693;249935;133372;9.0;4.8
27;2021-03-14;212;60;250147;133432;9.0;4.8
27;2021-03-15;7321;1380;257468;134812;9.3;4.8
27;2021-03-16;8246;1088;265714;135900;9.5;4.9
27;2021-03-17;8532;1179;274246;137079;9.9;4.9
27;2021-03-18;8626;1413;282872;138492;10.2;5.0
27;2021-03-19;9441;1089;292313;139581;10.5;5.0
27;2021-03-20;5669;394;297982;139975;10.7;5.0
27;2021-03-21;238;11;298220;139986;10.7;5.0
27;2021-03-22;9332;958;307552;140944;11.1;5.1
27;2021-03-23;14709;1180;322261;142124;11.6;5.1
27;2021-03-24;15178;1245;337439;143369;12.1;5.2
27;2021-03-25;18372;1452;355811;144821;12.8;5.2
27;2021-03-26;18372;1245;374183;146066;13.4;5.2
27;2021-03-27;7683;407;381866;146473;13.7;5.3
27;2021-03-28;492;124;382358;146597;13.7;5.3
27;2021-03-29;10027;3393;392385;149990;14.1;5.4
27;2021-03-30;12957;3996;405342;153986;14.6;5.5
27;2021-03-31;12836;4194;418178;158180;15.0;5.7
27;2021-04-01;14542;4127;432720;162307;15.5;5.8
27;2021-04-02;12938;4042;445658;166349;16.0;6.0
27;2021-04-03;4473;1135;450131;167484;16.2;6.0
27;2021-04-04;68;35;450199;167519;16.2;6.0
27;2021-04-05;345;7;450544;167526;16.2;6.0
27;2021-04-06;9558;6176;460102;173702;16.5;6.2
27;2021-04-07;10189;6458;470291;180160;16.9;6.5
27;2021-04-08;15714;6138;486005;186298;17.5;6.7
27;2021-04-09;17819;5980;503824;192278;18.1;6.9
27;2021-04-10;6061;1941;509885;194219;18.3;7.0
27;2021-04-11;419;83;510304;194302;18.3;7.0
27;2021-04-12;9059;6792;519363;201094;18.7;7.2
27;2021-04-13;11731;8496;531094;209590;19.1;7.5
27;2021-04-14;10281;7835;541375;217425;19.5;7.8
27;2021-04-15;12954;7659;554329;225084;19.9;8.1
27;2021-04-16;12748;6432;567077;231516;20.4;8.3
27;2021-04-17;5916;3025;572993;234541;20.6;8.4
27;2021-04-18;353;189;573346;234730;20.6;8.4
27;2021-04-19;6969;8855;580315;243585;20.9;8.8
27;2021-04-20;8474;10525;588789;254110;21.2;9.1
27;2021-04-21;8325;10132;597114;264242;21.5;9.5
27;2021-04-22;9851;11518;606965;275760;21.8;9.9
27;2021-04-23;11329;10283;618294;286043;22.2;10.3
27;2021-04-24;5159;3948;623453;289991;22.4;10.4
27;2021-04-25;440;294;623893;290285;22.4;10.4
27;2021-04-26;9536;8740;633429;299025;22.8;10.7
27;2021-04-27;13457;10228;646886;309253;23.2;11.1
27;2021-04-28;14188;10345;661074;319598;23.8;11.5
27;2021-04-29;17872;11508;678946;331106;24.4;11.9
27;2021-04-30;18715;9497;697661;340603;25.1;12.2
27;2021-05-01;5426;1538;703087;342141;25.3;12.3
27;2021-05-02;601;73;703688;342214;25.3;12.3
27;2021-05-03;14898;6308;718586;348522;25.8;12.5
27;2021-05-04;13927;10781;732513;359303;26.3;12.9
27;2021-05-05;15548;10009;748061;369312;26.9;13.3
27;2021-05-06;18259;12320;766320;381632;27.5;13.7
27;2021-05-07;17188;11730;783508;393362;28.2;14.1
27;2021-05-08;5877;1500;789385;394862;28.4;14.2
27;2021-05-09;532;439;789917;395301;28.4;14.2
27;2021-05-10;15163;9840;805080;405141;28.9;14.6
27;2021-05-11;20706;12837;825786;417978;29.7;15.0
27;2021-05-12;19521;11698;845307;429676;30.4;15.4
27;2021-05-13;12269;2007;857576;431683;30.8;15.5
27;2021-05-14;22850;8332;880426;440015;31.6;15.8
27;2021-05-15;15361;3385;895787;443400;32.2;15.9
27;2021-05-16;1881;232;897668;443632;32.3;15.9
27;2021-05-17;18917;6761;916585;450393;32.9;16.2
27;2021-05-18;20486;9257;937071;459650;33.7;16.5
27;2021-05-19;22195;7269;959266;466919;34.5;16.8
27;2021-05-20;23167;8167;982433;475086;35.3;17.1
27;2021-05-21;21060;10025;1003493;485111;36.1;17.4
27;2021-05-22;8252;3593;1011745;488704;36.4;17.6
27;2021-05-23;901;303;1012646;489007;36.4;17.6
27;2021-05-24;4223;1080;1016869;490087;36.5;17.6
27;2021-05-25;14837;11605;1031706;501692;37.1;18.0
27;2021-05-26;15336;10620;1047042;512312;37.6;18.4
27;2021-05-27;18360;11788;1065402;524100;38.3;18.8
27;2021-05-28;16050;14098;1081452;538198;38.9;19.3
27;2021-05-29;6805;5147;1088257;543345;39.1;19.5
27;2021-05-30;390;255;1088647;543600;39.1;19.5
27;2021-05-31;13300;10919;1101947;554519;39.6;19.9
27;2021-06-01;16489;13413;1118436;567932;40.2;20.4
27;2021-06-02;16136;11429;1134572;579361;40.8;20.8
27;2021-06-03;17714;11847;1152286;591208;41.4;21.2
27;2021-06-04;16157;14598;1168443;605806;42.0;21.8
27;2021-06-05;8332;6746;1176775;612552;42.3;22.0
27;2021-06-06;1717;644;1178492;613196;42.3;22.0
27;2021-06-07;17420;13079;1195912;626275;43.0;22.5
27;2021-06-08;19855;15362;1215767;641637;43.7;23.1
27;2021-06-09;18680;12455;1234447;654092;44.4;23.5
27;2021-06-10;18951;13871;1253398;667963;45.0;24.0
27;2021-06-11;18082;17063;1271480;685026;45.7;24.6
27;2021-06-12;9455;7827;1280935;692853;46.0;24.9
27;2021-06-13;932;938;1281867;693791;46.1;24.9
27;2021-06-14;11044;17024;1292911;710815;46.5;25.5
27;2021-06-15;14024;17592;1306935;728407;47.0;26.2
27;2021-06-16;14625;15575;1321560;743982;47.5;26.7
27;2021-06-17;15064;17209;1336624;761191;48.0;27.4
28;2020-12-27;0;0;0;0;0.0;0.0
28;2020-12-28;1;0;1;0;0.0;0.0
28;2020-12-29;2;0;3;0;0.0;0.0
28;2020-12-30;0;0;3;0;0.0;0.0
28;2020-12-31;1;0;4;0;0.0;0.0
28;2021-01-01;2;0;6;0;0.0;0.0
28;2021-01-02;1;0;7;0;0.0;0.0
28;2021-01-03;1;0;8;0;0.0;0.0
28;2021-01-04;16;0;24;0;0.0;0.0
28;2021-01-05;169;0;193;0;0.0;0.0
28;2021-01-06;1393;2;1586;2;0.0;0.0
28;2021-01-07;2598;9;4184;11;0.1;0.0
28;2021-01-08;3428;3;7612;14;0.2;0.0
28;2021-01-09;1331;3;8943;17;0.3;0.0
28;2021-01-10;705;1;9648;18;0.3;0.0
28;2021-01-11;3179;3;12827;21;0.4;0.0
28;2021-01-12;3976;3;16803;24;0.5;0.0
28;2021-01-13;4302;6;21105;30;0.6;0.0
28;2021-01-14;8097;72;29202;102;0.9;0.0
28;2021-01-15;6219;25;35421;127;1.1;0.0
28;2021-01-16;2086;9;37507;136;1.1;0.0
28;2021-01-17;4071;21;41578;157;1.3;0.0
28;2021-01-18;8783;12;50361;169;1.5;0.0
28;2021-01-19;7141;13;57502;182;1.7;0.0
28;2021-01-20;6505;9;64007;191;1.9;0.0
28;2021-01-21;5992;9;69999;200;2.1;0.0
28;2021-01-22;5439;12;75438;212;2.3;0.0
28;2021-01-23;2018;7;77456;219;2.3;0.0
28;2021-01-24;1447;11;78903;230;2.4;0.0
28;2021-01-25;6238;179;85141;409;2.6;0.0
28;2021-01-26;4575;394;89716;803;2.7;0.0
28;2021-01-27;4034;765;93750;1568;2.8;0.0
28;2021-01-28;3754;1049;97504;2617;3.0;0.1
28;2021-01-29;3487;1305;100991;3922;3.1;0.1
28;2021-01-30;1386;517;102377;4439;3.1;0.1
28;2021-01-31;195;126;102572;4565;3.1;0.1
28;2021-02-01;2780;1661;105352;6226;3.2;0.2
28;2021-02-02;2985;2392;108337;8618;3.3;0.3
28;2021-02-03;2946;2670;111283;11288;3.4;0.3
28;2021-02-04;3723;5209;115006;16497;3.5;0.5
28;2021-02-05;3885;4393;118891;20890;3.6;0.6
28;2021-02-06;1139;1548;120030;22438;3.6;0.7
28;2021-02-07;715;1975;120745;24413;3.7;0.7
28;2021-02-08;3800;6861;124545;31274;3.8;0.9
28;2021-02-09;3459;6031;128004;37305;3.9;1.1
28;2021-02-10;3454;5075;131458;42380;4.0;1.3
28;2021-02-11;4208;4895;135666;47275;4.1;1.4
28;2021-02-12;4043;4613;139709;51888;4.2;1.6
28;2021-02-13;1122;1583;140831;53471;4.3;1.6
28;2021-02-14;285;1388;141116;54859;4.3;1.7
28;2021-02-15;2212;6280;143328;61139;4.3;1.9
28;2021-02-16;2654;5665;145982;66804;4.4;2.0
28;2021-02-17;1951;4557;147933;71361;4.5;2.2
28;2021-02-18;2567;4311;150500;75672;4.6;2.3
28;2021-02-19;2547;3721;153047;79393;4.6;2.4
28;2021-02-20;945;1260;153992;80653;4.7;2.4
28;2021-02-21;102;416;154094;81069;4.7;2.5
28;2021-02-22;1667;4233;155761;85302;4.7;2.6
28;2021-02-23;2172;3841;157933;89143;4.8;2.7
28;2021-02-24;2372;3897;160305;93040;4.9;2.8
28;2021-02-25;4771;4199;165076;97239;5.0;2.9
28;2021-02-26;5959;3736;171035;100975;5.2;3.1
28;2021-02-27;3008;1030;174043;102005;5.3;3.1
28;2021-02-28;340;387;174383;102392;5.3;3.1
28;2021-03-01;2523;4657;176906;107049;5.4;3.2
28;2021-03-02;3899;4095;180805;111144;5.5;3.4
28;2021-03-03;4789;3483;185594;114627;5.6;3.5
28;2021-03-04;7296;2858;192890;117485;5.8;3.6
28;2021-03-05;10143;2490;203033;119975;6.1;3.6
28;2021-03-06;9807;784;212840;120759;6.4;3.7
28;2021-03-07;3771;127;216611;120886;6.6;3.7
28;2021-03-08;5865;3276;222476;124162;6.7;3.8
28;2021-03-09;9283;2812;231759;126974;7.0;3.8
28;2021-03-10;9800;2438;241559;129412;7.3;3.9
28;2021-03-11;13955;2001;255514;131413;7.7;4.0
28;2021-03-12;17968;1539;273482;132952;8.3;4.0
28;2021-03-13;11145;520;284627;133472;8.6;4.0
28;2021-03-14;2258;99;286885;133571;8.7;4.0
28;2021-03-15;8643;863;295528;134434;8.9;4.1
28;2021-03-16;7485;1186;303013;135620;9.2;4.1
28;2021-03-17;7714;1186;310727;136806;9.4;4.1
28;2021-03-18;8161;1366;318888;138172;9.7;4.2
28;2021-03-19;11558;1456;330446;139628;10.0;4.2
28;2021-03-20;9666;539;340112;140167;10.3;4.2
28;2021-03-21;2409;20;342521;140187;10.4;4.2
28;2021-03-22;9382;1630;351903;141817;10.7;4.3
28;2021-03-23;12480;1501;364383;143318;11.0;4.3
28;2021-03-24;13247;1588;377630;144906;11.4;4.4
28;2021-03-25;17605;1805;395235;146711;12.0;4.4
28;2021-03-26;20800;1863;416035;148574;12.6;4.5
28;2021-03-27;11481;1117;427516;149691;12.9;4.5
28;2021-03-28;2964;86;430480;149777;13.0;4.5
28;2021-03-29;11754;2952;442234;152729;13.4;4.6
28;2021-03-30;14402;3060;456636;155789;13.8;4.7
28;2021-03-31;14360;3554;470996;159343;14.3;4.8
28;2021-04-01;17988;5535;488984;164878;14.8;5.0
28;2021-04-02;16781;6374;505765;171252;15.3;5.2
28;2021-04-03;6993;3961;512758;175213;15.5;5.3
28;2021-04-04;1776;795;514534;176008;15.6;5.3
28;2021-04-05;3288;737;517822;176745;15.7;5.4
28;2021-04-06;10797;7369;528619;184114;16.0;5.6
28;2021-04-07;12682;6944;541301;191058;16.4;5.8
28;2021-04-08;17636;7530;558937;198588;16.9;6.0
28;2021-04-09;23794;7822;582731;206410;17.6;6.2
28;2021-04-10;13818;4115;596549;210525;18.1;6.4
28;2021-04-11;3027;1192;599576;211717;18.1;6.4
28;2021-04-12;13761;8029;613337;219746;18.6;6.7
28;2021-04-13;16169;8039;629506;227785;19.1;6.9
28;2021-04-14;14288;8012;643794;235797;19.5;7.1
28;2021-04-15;17208;8390;661002;244187;20.0;7.4
28;2021-04-16;20218;7819;681220;252006;20.6;7.6
28;2021-04-17;12730;5017;693950;257023;21.0;7.8
28;2021-04-18;2287;1241;696237;258264;21.1;7.8
28;2021-04-19;10860;8865;707097;267129;21.4;8.1
28;2021-04-20;13896;9767;720993;276896;21.8;8.4
28;2021-04-21;13274;9989;734267;286885;22.2;8.7
28;2021-04-22;15272;11896;749539;298781;22.7;9.0
28;2021-04-23;16417;12312;765956;311093;23.2;9.4
28;2021-04-24;12575;7259;778531;318352;23.6;9.6
28;2021-04-25;3293;1908;781824;320260;23.7;9.7
28;2021-04-26;12532;10176;794356;330436;24.0;10.0
28;2021-04-27;14848;11736;809204;342172;24.5;10.4
28;2021-04-28;15044;10702;824248;352874;25.0;10.7
28;2021-04-29;18436;11751;842684;364625;25.5;11.0
28;2021-04-30;20366;11879;863050;376504;26.1;11.4
28;2021-05-01;12804;2964;875854;379468;26.5;11.5
28;2021-05-02;5983;1836;881837;381304;26.7;11.5
28;2021-05-03;12846;9995;894683;391299;27.1;11.8
28;2021-05-04;13803;13130;908486;404429;27.5;12.2
28;2021-05-05;13934;14462;922420;418891;27.9;12.7
28;2021-05-06;18297;15092;940717;433983;28.5;13.1
28;2021-05-07;17792;17366;958509;451349;29.0;13.7
28;2021-05-08;12364;4679;970873;456028;29.4;13.8
28;2021-05-09;7128;1816;978001;457844;29.6;13.9
28;2021-05-10;14109;14782;992110;472626;30.0;14.3
28;2021-05-11;18041;15320;1010151;487946;30.6;14.8
28;2021-05-12;18683;13937;1028834;501883;31.1;15.2
28;2021-05-13;19602;3700;1048436;505583;31.7;15.3
28;2021-05-14;26272;12491;1074708;518074;32.5;15.7
28;2021-05-15;26860;7057;1101568;525131;33.3;15.9
28;2021-05-16;14100;1560;1115668;526691;33.8;15.9
28;2021-05-17;16140;9411;1131808;536102;34.3;16.2
28;2021-05-18;20990;8751;1152798;544853;34.9;16.5
28;2021-05-19;20843;8463;1173641;553316;35.5;16.7
28;2021-05-20;23064;9630;1196705;562946;36.2;17.0
28;2021-05-21;21347;12066;1218052;575012;36.9;17.4
28;2021-05-22;17528;5960;1235580;580972;37.4;17.6
28;2021-05-23;9106;920;1244686;581892;37.7;17.6
28;2021-05-24;13388;3158;1258074;585050;38.1;17.7
28;2021-05-25;19097;11576;1277171;596626;38.7;18.1
28;2021-05-26;19218;9994;1296389;606620;39.2;18.4
28;2021-05-27;21684;12358;1318073;618978;39.9;18.7
28;2021-05-28;21550;16495;1339623;635473;40.6;19.2
28;2021-05-29;17537;10154;1357160;645627;41.1;19.5
28;2021-05-30;6264;1265;1363424;646892;41.3;19.6
28;2021-05-31;19810;11921;1383234;658813;41.9;19.9
28;2021-06-01;23667;13823;1406901;672636;42.6;20.4
28;2021-06-02;20716;12306;1427617;684942;43.2;20.7
28;2021-06-03;26438;14643;1454055;699585;44.0;21.2
28;2021-06-04;24499;18898;1478554;718483;44.8;21.7
28;2021-06-05;18342;12070;1496896;730553;45.3;22.1
28;2021-06-06;7542;2398;1504438;732951;45.5;22.2
28;2021-06-07;19203;14152;1523641;747103;46.1;22.6
28;2021-06-08;22838;15549;1546479;762652;46.8;23.1
28;2021-06-09;19446;14641;1565925;777293;47.4;23.5
28;2021-06-10;21132;14753;1587057;792046;48.0;24.0
28;2021-06-11;20967;21108;1608024;813154;48.7;24.6
28;2021-06-12;17895;17109;1625919;830263;49.2;25.1
28;2021-06-13;6335;5873;1632254;836136;49.4;25.3
28;2021-06-14;13849;17693;1646103;853829;49.8;25.8
28;2021-06-15;16138;18689;1662241;872518;50.3;26.4
28;2021-06-16;16590;18526;1678831;891044;50.8;27.0
28;2021-06-17;17132;20453;1695963;911497;51.3;27.6
32;2020-12-27;1;0;1;0;0.0;0.0
32;2020-12-28;26;0;27;0;0.0;0.0
32;2020-12-29;12;0;39;0;0.0;0.0
32;2020-12-30;0;0;39;0;0.0;0.0
32;2020-12-31;0;0;39;0;0.0;0.0
32;2021-01-01;1;0;40;0;0.0;0.0
32;2021-01-02;6;0;46;0;0.0;0.0
32;2021-01-03;4;0;50;0;0.0;0.0
32;2021-01-04;82;0;132;0;0.0;0.0
32;2021-01-05;300;0;432;0;0.0;0.0
32;2021-01-06;787;2;1219;2;0.0;0.0
32;2021-01-07;2431;4;3650;6;0.1;0.0
32;2021-01-08;3163;9;6813;15;0.1;0.0
32;2021-01-09;957;3;7770;18;0.1;0.0
32;2021-01-10;639;0;8409;18;0.1;0.0
32;2021-01-11;3268;6;11677;24;0.2;0.0
32;2021-01-12;5000;6;16677;30;0.3;0.0
32;2021-01-13;4940;11;21617;41;0.4;0.0
32;2021-01-14;5722;44;27339;85;0.5;0.0
32;2021-01-15;5222;24;32561;109;0.5;0.0
32;2021-01-16;1636;11;34197;120;0.6;0.0
32;2021-01-17;860;3;35057;123;0.6;0.0
32;2021-01-18;7231;20;42288;143;0.7;0.0
32;2021-01-19;9895;35;52183;178;0.9;0.0
32;2021-01-20;10344;29;62527;207;1.0;0.0
32;2021-01-21;12698;42;75225;249;1.3;0.0
32;2021-01-22;9873;26;85098;275;1.4;0.0
32;2021-01-23;3409;4;88507;279;1.5;0.0
32;2021-01-24;1119;2;89626;281;1.5;0.0
32;2021-01-25;6864;83;96490;364;1.6;0.0
32;2021-01-26;7446;180;103936;544;1.7;0.0
32;2021-01-27;4828;512;108764;1056;1.8;0.0
32;2021-01-28;8588;1688;117352;2744;2.0;0.0
32;2021-01-29;5370;1859;122722;4603;2.1;0.1
32;2021-01-30;534;413;123256;5016;2.1;0.1
32;2021-01-31;67;74;123323;5090;2.1;0.1
32;2021-02-01;191;1816;123514;6906;2.1;0.1
32;2021-02-02;786;3170;124300;10076;2.1;0.2
32;2021-02-03;4069;3190;128369;13266;2.2;0.2
32;2021-02-04;3682;3620;132051;16886;2.2;0.3
32;2021-02-05;1962;3280;134013;20166;2.2;0.3
32;2021-02-06;516;875;134529;21041;2.3;0.4
32;2021-02-07;539;97;135068;21138;2.3;0.4
32;2021-02-08;1866;3683;136934;24821;2.3;0.4
32;2021-02-09;2550;4368;139484;29189;2.3;0.5
32;2021-02-10;2983;5345;142467;34534;2.4;0.6
32;2021-02-11;4773;6194;147240;40728;2.5;0.7
32;2021-02-12;5086;4662;152326;45390;2.6;0.8
32;2021-02-13;939;1893;153265;47283;2.6;0.8
32;2021-02-14;116;711;153381;47994;2.6;0.8
32;2021-02-15;3613;6925;156994;54919;2.6;0.9
32;2021-02-16;4028;8235;161022;63154;2.7;1.1
32;2021-02-17;4279;8690;165301;71844;2.8;1.2
32;2021-02-18;7022;11435;172323;83279;2.9;1.4
32;2021-02-19;7079;8308;179402;91587;3.0;1.5
32;2021-02-20;2515;3015;181917;94602;3.1;1.6
32;2021-02-21;434;489;182351;95091;3.1;1.6
32;2021-02-22;3260;5332;185611;100423;3.1;1.7
32;2021-02-23;5503;5920;191114;106343;3.2;1.8
32;2021-02-24;7441;6055;198555;112398;3.3;1.9
32;2021-02-25;12826;5018;211381;117416;3.5;2.0
32;2021-02-26;12534;2880;223915;120296;3.8;2.0
32;2021-02-27;6485;305;230400;120601;3.9;2.0
32;2021-02-28;363;134;230763;120735;3.9;2.0
32;2021-03-01;7241;851;238004;121586;4.0;2.0
32;2021-03-02;10959;983;248963;122569;4.2;2.1
32;2021-03-03;11978;1727;260941;124296;4.4;2.1
32;2021-03-04;15094;2430;276035;126726;4.6;2.1
32;2021-03-05;17114;2089;293149;128815;4.9;2.2
32;2021-03-06;28080;1027;321229;129842;5.4;2.2
32;2021-03-07;19861;479;341090;130321;5.7;2.2
32;2021-03-08;8911;2557;350001;132878;5.9;2.2
32;2021-03-09;14280;3304;364281;136182;6.1;2.3
32;2021-03-10;15758;3205;380039;139387;6.4;2.3
32;2021-03-11;20919;4682;400958;144069;6.7;2.4
32;2021-03-12;26042;4210;427000;148279;7.2;2.5
32;2021-03-13;41564;1968;468564;150247;7.9;2.5
32;2021-03-14;20096;564;488660;150811;8.2;2.5
32;2021-03-15;13034;3582;501694;154393;8.4;2.6
32;2021-03-16;9788;3472;511482;157865;8.6;2.6
32;2021-03-17;9711;4125;521193;161990;8.7;2.7
32;2021-03-18;10010;5034;531203;167024;8.9;2.8
32;2021-03-19;17938;3797;549141;170821;9.2;2.9
32;2021-03-20;36472;1943;585613;172764;9.8;2.9
32;2021-03-21;19834;757;605447;173521;10.2;2.9
32;2021-03-22;12135;4271;617582;177792;10.4;3.0
32;2021-03-23;18901;5918;636483;183710;10.7;3.1
32;2021-03-24;17891;6135;654374;189845;11.0;3.2
32;2021-03-25;25257;5683;679631;195528;11.4;3.3
32;2021-03-26;28966;5872;708597;201400;11.9;3.4
32;2021-03-27;36626;2125;745223;203525;12.5;3.4
32;2021-03-28;18634;598;763857;204123;12.8;3.4
32;2021-03-29;14564;7031;778421;211154;13.1;3.5
32;2021-03-30;18852;8643;797273;219797;13.4;3.7
32;2021-03-31;15754;9291;813027;229088;13.6;3.8
32;2021-04-01;18191;11019;831218;240107;13.9;4.0
32;2021-04-02;19929;12534;851147;252641;14.3;4.2
32;2021-04-03;30002;10140;881149;262781;14.8;4.4
32;2021-04-04;11649;4719;892798;267500;15.0;4.5
32;2021-04-05;9586;2314;902384;269814;15.1;4.5
32;2021-04-06;14239;10862;916623;280676;15.4;4.7
32;2021-04-07;18025;12527;934648;293203;15.7;4.9
32;2021-04-08;23472;12925;958120;306128;16.1;5.1
32;2021-04-09;29854;13085;987974;319213;16.6;5.4
32;2021-04-10;26073;18762;1014047;337975;17.0;5.7
32;2021-04-11;9129;11998;1023176;349973;17.2;5.9
32;2021-04-12;15375;9480;1038551;359453;17.4;6.0
32;2021-04-13;21766;11541;1060317;370994;17.8;6.2
32;2021-04-14;22428;11093;1082745;382087;18.2;6.4
32;2021-04-15;25689;11101;1108434;393188;18.6;6.6
32;2021-04-16;25247;12405;1133681;405593;19.0;6.8
32;2021-04-17;17919;22958;1151600;428551;19.3;7.2
32;2021-04-18;6388;14034;1157988;442585;19.4;7.4
32;2021-04-19;11632;9789;1169620;452374;19.6;7.6
32;2021-04-20;16397;12273;1186017;464647;19.9;7.8
32;2021-04-21;15774;12556;1201791;477203;20.2;8.0
32;2021-04-22;19022;14972;1220813;492175;20.5;8.3
32;2021-04-23;19616;15943;1240429;508118;20.8;8.5
32;2021-04-24;15417;21006;1255846;529124;21.1;8.9
32;2021-04-25;6947;12283;1262793;541407;21.2;9.1
32;2021-04-26;13205;10700;1275998;552107;21.4;9.3
32;2021-04-27;18667;14090;1294665;566197;21.7;9.5
32;2021-04-28;20155;16011;1314820;582208;22.1;9.8
32;2021-04-29;22378;19905;1337198;602113;22.4;10.1
32;2021-04-30;24983;21538;1362181;623651;22.8;10.5
32;2021-05-01;23019;13902;1385200;637553;23.2;10.7
32;2021-05-02;20944;10316;1406144;647869;23.6;10.9
32;2021-05-03;21920;11260;1428064;659129;24.0;11.1
32;2021-05-04;23785;16253;1451849;675382;24.3;11.3
32;2021-05-05;23921;17398;1475770;692780;24.8;11.6
32;2021-05-06;25704;19867;1501474;712647;25.2;12.0
32;2021-05-07;30699;21453;1532173;734100;25.7;12.3
32;2021-05-08;33705;8951;1565878;743051;26.3;12.5
32;2021-05-09;26721;6453;1592599;749504;26.7;12.6
32;2021-05-10;24086;16042;1616685;765546;27.1;12.8
32;2021-05-11;31224;18969;1647909;784515;27.6;13.2
32;2021-05-12;36983;18713;1684892;803228;28.3;13.5
32;2021-05-13;40422;7244;1725314;810472;28.9;13.6
32;2021-05-14;41675;14531;1766989;825003;29.6;13.8
32;2021-05-15;59471;12055;1826460;837058;30.6;14.0
32;2021-05-16;47760;4763;1874220;841821;31.4;14.1
32;2021-05-17;31373;10892;1905593;852713;32.0;14.3
32;2021-05-18;36489;12412;1942082;865125;32.6;14.5
32;2021-05-19;38700;11494;1980782;876619;33.2;14.7
32;2021-05-20;39668;14873;2020450;891492;33.9;15.0
32;2021-05-21;42245;16915;2062695;908407;34.6;15.2
32;2021-05-22;57656;13017;2120351;921424;35.6;15.5
32;2021-05-23;38859;4359;2159210;925783;36.2;15.5
32;2021-05-24;28412;3809;2187622;929592;36.7;15.6
32;2021-05-25;31022;14839;2218644;944431;37.2;15.8
32;2021-05-26;33915;16727;2252559;961158;37.8;16.1
32;2021-05-27;34562;20636;2287121;981794;38.4;16.5
32;2021-05-28;34228;25133;2321349;1006927;38.9;16.9
32;2021-05-29;37370;19579;2358719;1026506;39.6;17.2
32;2021-05-30;16085;3508;2374804;1030014;39.8;17.3
32;2021-05-31;27862;16500;2402666;1046514;40.3;17.6
32;2021-06-01;32721;23994;2435387;1070508;40.8;18.0
32;2021-06-02;32157;21640;2467544;1092148;41.4;18.3
32;2021-06-03;34260;25030;2501804;1117178;42.0;18.7
32;2021-06-04;35823;27676;2537627;1144854;42.6;19.2
32;2021-06-05;34301;22739;2571928;1167593;43.1;19.6
32;2021-06-06;16508;5698;2588436;1173291;43.4;19.7
32;2021-06-07;21156;19324;2609592;1192615;43.8;20.0
32;2021-06-08;26633;24375;2636225;1216990;44.2;20.4
32;2021-06-09;23884;24308;2660109;1241298;44.6;20.8
32;2021-06-10;24864;26392;2684973;1267690;45.0;21.3
32;2021-06-11;26282;36013;2711255;1303703;45.5;21.9
32;2021-06-12;25930;31463;2737185;1335166;45.9;22.4
32;2021-06-13;11793;14793;2748978;1349959;46.1;22.6
32;2021-06-14;13164;28008;2762142;1377967;46.3;23.1
32;2021-06-15;19532;34560;2781674;1412527;46.7;23.7
32;2021-06-16;20376;32378;2802050;1444905;47.0;24.2
32;2021-06-17;21137;34846;2823187;1479751;47.3;24.8
44;2020-12-27;0;0;0;0;0.0;0.0
44;2020-12-28;0;0;0;0;0.0;0.0
44;2020-12-29;0;0;0;0;0.0;0.0
44;2020-12-30;0;0;0;0;0.0;0.0
44;2020-12-31;11;0;11;0;0.0;0.0
44;2021-01-01;1;0;12;0;0.0;0.0
44;2021-01-02;3;0;15;0;0.0;0.0
44;2021-01-03;3;0;18;0;0.0;0.0
44;2021-01-04;243;0;261;0;0.0;0.0
44;2021-01-05;770;0;1031;0;0.0;0.0
44;2021-01-06;1243;2;2274;2;0.0;0.0
44;2021-01-07;2424;3;4698;5;0.1;0.0
44;2021-01-08;3130;7;7828;12;0.1;0.0
44;2021-01-09;940;1;8768;13;0.2;0.0
44;2021-01-10;237;0;9005;13;0.2;0.0
44;2021-01-11;2981;8;11986;21;0.2;0.0
44;2021-01-12;5277;7;17263;28;0.3;0.0
44;2021-01-13;7661;18;24924;46;0.5;0.0
44;2021-01-14;9545;82;34469;128;0.6;0.0
44;2021-01-15;6694;28;41163;156;0.7;0.0
44;2021-01-16;1917;10;43080;166;0.8;0.0
44;2021-01-17;902;1;43982;167;0.8;0.0
44;2021-01-18;8711;25;52693;192;1.0;0.0
44;2021-01-19;10654;16;63347;208;1.1;0.0
44;2021-01-20;11025;42;74372;250;1.3;0.0
44;2021-01-21;11721;26;86093;276;1.6;0.0
44;2021-01-22;9630;30;95723;306;1.7;0.0
44;2021-01-23;3286;20;99009;326;1.8;0.0
44;2021-01-24;1566;4;100575;330;1.8;0.0
44;2021-01-25;6626;303;107201;633;1.9;0.0
44;2021-01-26;5641;435;112842;1068;2.0;0.0
44;2021-01-27;7372;599;120214;1667;2.2;0.0
44;2021-01-28;8792;1248;129006;2915;2.3;0.1
44;2021-01-29;6756;1800;135762;4715;2.5;0.1
44;2021-01-30;2547;496;138309;5211;2.5;0.1
44;2021-01-31;1250;55;139559;5266;2.5;0.1
44;2021-02-01;6381;2382;145940;7648;2.6;0.1
44;2021-02-02;6214;3812;152154;11460;2.8;0.2
44;2021-02-03;5594;4551;157748;16011;2.9;0.3
44;2021-02-04;6441;6968;164189;22979;3.0;0.4
44;2021-02-05;6389;5235;170578;28214;3.1;0.5
44;2021-02-06;1972;1207;172550;29421;3.1;0.5
44;2021-02-07;406;594;172956;30015;3.1;0.5
44;2021-02-08;3822;4470;176778;34485;3.2;0.6
44;2021-02-09;5718;5840;182496;40325;3.3;0.7
44;2021-02-10;6249;6045;188745;46370;3.4;0.8
44;2021-02-11;7054;6568;195799;52938;3.6;1.0
44;2021-02-12;7279;5552;203078;58490;3.7;1.1
44;2021-02-13;2543;1257;205621;59747;3.7;1.1
44;2021-02-14;1612;826;207233;60573;3.8;1.1
44;2021-02-15;3995;7211;211228;67784;3.8;1.2
44;2021-02-16;4563;7982;215791;75766;3.9;1.4
44;2021-02-17;4704;8544;220495;84310;4.0;1.5
44;2021-02-18;6008;9276;226503;93586;4.1;1.7
44;2021-02-19;5539;7499;232042;101085;4.2;1.8
44;2021-02-20;2337;2843;234379;103928;4.3;1.9
44;2021-02-21;541;1401;234920;105329;4.3;1.9
44;2021-02-22;4485;7031;239405;112360;4.3;2.0
44;2021-02-23;6027;7260;245432;119620;4.5;2.2
44;2021-02-24;6601;5942;252033;125562;4.6;2.3
44;2021-02-25;10516;7567;262549;133129;4.8;2.4
44;2021-02-26;12366;6347;274915;139476;5.0;2.5
44;2021-02-27;7886;2160;282801;141636;5.1;2.6
44;2021-02-28;2116;519;284917;142155;5.2;2.6
44;2021-03-01;6078;4668;290995;146823;5.3;2.7
44;2021-03-02;9387;5659;300382;152482;5.4;2.8
44;2021-03-03;11270;5579;311652;158061;5.7;2.9
44;2021-03-04;13258;5779;324910;163840;5.9;3.0
44;2021-03-05;17869;5672;342779;169512;6.2;3.1
44;2021-03-06;21331;2144;364110;171656;6.6;3.1
44;2021-03-07;12196;730;376306;172386;6.8;3.1
44;2021-03-08;9399;4254;385705;176640;7.0;3.2
44;2021-03-09;15184;4938;400889;181578;7.3;3.3
44;2021-03-10;16597;5169;417486;186747;7.6;3.4
44;2021-03-11;20338;5642;437824;192389;7.9;3.5
44;2021-03-12;26776;5481;464600;197870;8.4;3.6
44;2021-03-13;24194;2387;488794;200257;8.9;3.6
44;2021-03-14;6765;874;495559;201131;9.0;3.6
44;2021-03-15;12952;3463;508511;204594;9.2;3.7
44;2021-03-16;12828;3970;521339;208564;9.5;3.8
44;2021-03-17;14188;3628;535527;212192;9.7;3.8
44;2021-03-18;15400;3758;550927;215950;10.0;3.9
44;2021-03-19;21401;3878;572328;219828;10.4;4.0
44;2021-03-20;15554;1932;587882;221760;10.7;4.0
44;2021-03-21;4617;284;592499;222044;10.7;4.0
44;2021-03-22;12516;3900;605015;225944;11.0;4.1
44;2021-03-23;19428;5061;624443;231005;11.3;4.2
44;2021-03-24;22037;5169;646480;236174;11.7;4.3
44;2021-03-25;28172;5745;674652;241919;12.2;4.4
44;2021-03-26;30308;5451;704960;247370;12.8;4.5
44;2021-03-27;16187;4671;721147;252041;13.1;4.6
44;2021-03-28;4077;1970;725224;254011;13.2;4.6
44;2021-03-29;14294;6096;739518;260107;13.4;4.7
44;2021-03-30;21382;7804;760900;267911;13.8;4.9
44;2021-03-31;20086;7984;780986;275895;14.2;5.0
44;2021-04-01;23515;9310;804501;285205;14.6;5.2
44;2021-04-02;16217;6875;820718;292080;14.9;5.3
44;2021-04-03;10180;5758;830898;297838;15.1;5.4
44;2021-04-04;3131;1648;834029;299486;15.1;5.4
44;2021-04-05;4423;1407;838452;300893;15.2;5.5
44;2021-04-06;13404;10541;851856;311434;15.5;5.7
44;2021-04-07;17634;12089;869490;323523;15.8;5.9
44;2021-04-08;25986;12371;895476;335894;16.2;6.1
44;2021-04-09;32172;12698;927648;348592;16.8;6.3
44;2021-04-10;18218;10035;945866;358627;17.2;6.5
44;2021-04-11;3028;5965;948894;364592;17.2;6.6
44;2021-04-12;16944;11219;965838;375811;17.5;6.8
44;2021-04-13;21954;13746;987792;389557;17.9;7.1
44;2021-04-14;23070;14035;1010862;403592;18.3;7.3
44;2021-04-15;26227;15336;1037089;418928;18.8;7.6
44;2021-04-16;28054;15169;1065143;434097;19.3;7.9
44;2021-04-17;19794;9012;1084937;443109;19.7;8.0
44;2021-04-18;5045;4626;1089982;447735;19.8;8.1
44;2021-04-19;16919;11732;1106901;459467;20.1;8.3
44;2021-04-20;19078;14271;1125979;473738;20.4;8.6
44;2021-04-21;21107;14923;1147086;488661;20.8;8.9
44;2021-04-22;23670;15844;1170756;504505;21.2;9.2
44;2021-04-23;27764;16521;1198520;521026;21.7;9.5
44;2021-04-24;16957;9136;1215477;530162;22.1;9.6
44;2021-04-25;4818;3556;1220295;533718;22.1;9.7
44;2021-04-26;16688;11998;1236983;545716;22.4;9.9
44;2021-04-27;21137;14603;1258120;560319;22.8;10.2
44;2021-04-28;23753;14763;1281873;575082;23.3;10.4
44;2021-04-29;28113;16907;1309986;591989;23.8;10.7
44;2021-04-30;33087;15970;1343073;607959;24.4;11.0
44;2021-05-01;14842;7000;1357915;614959;24.6;11.2
44;2021-05-02;7893;3984;1365808;618943;24.8;11.2
44;2021-05-03;23988;12347;1389796;631290;25.2;11.5
44;2021-05-04;26937;17237;1416733;648527;25.7;11.8
44;2021-05-05;30776;19105;1447509;667632;26.3;12.1
44;2021-05-06;37947;21032;1485456;688664;27.0;12.5
44;2021-05-07;36051;24733;1521507;713397;27.6;12.9
44;2021-05-08;19131;6642;1540638;720039;28.0;13.1
44;2021-05-09;11275;2882;1551913;722921;28.2;13.1
44;2021-05-10;24200;20684;1576113;743605;28.6;13.5
44;2021-05-11;34210;22804;1610323;766409;29.2;13.9
44;2021-05-12;36770;23887;1647093;790296;29.9;14.3
44;2021-05-13;27753;6325;1674846;796621;30.4;14.5
44;2021-05-14;43962;18743;1718808;815364;31.2;14.8
44;2021-05-15;33887;14007;1752695;829371;31.8;15.0
44;2021-05-16;15523;3477;1768218;832848;32.1;15.1
44;2021-05-17;27055;14446;1795273;847294;32.6;15.4
44;2021-05-18;34977;15194;1830250;862488;33.2;15.6
44;2021-05-19;36750;16272;1867000;878760;33.9;15.9
44;2021-05-20;40703;16352;1907703;895112;34.6;16.2
44;2021-05-21;42687;20816;1950390;915928;35.4;16.6
44;2021-05-22;27622;11512;1978012;927440;35.9;16.8
44;2021-05-23;8642;1707;1986654;929147;36.0;16.9
44;2021-05-24;17860;4630;2004514;933777;36.4;16.9
44;2021-05-25;30117;17537;2034631;951314;36.9;17.3
44;2021-05-26;32257;19432;2066888;970746;37.5;17.6
44;2021-05-27;34470;20765;2101358;991511;38.1;18.0
44;2021-05-28;37416;27736;2138774;1019247;38.8;18.5
44;2021-05-29;26725;20086;2165499;1039333;39.3;18.9
44;2021-05-30;6113;4205;2171612;1043538;39.4;18.9
44;2021-05-31;26945;19641;2198557;1063179;39.9;19.3
44;2021-06-01;31434;22836;2229991;1086015;40.5;19.7
44;2021-06-02;33458;22853;2263449;1108868;41.1;20.1
44;2021-06-03;34491;25210;2297940;1134078;41.7;20.6
44;2021-06-04;39863;32108;2337803;1166186;42.4;21.2
44;2021-06-05;23017;20065;2360820;1186251;42.8;21.5
44;2021-06-06;8296;4447;2369116;1190698;43.0;21.6
44;2021-06-07;27935;22006;2397051;1212704;43.5;22.0
44;2021-06-08;33456;26666;2430507;1239370;44.1;22.5
44;2021-06-09;34883;24755;2465390;1264125;44.7;22.9
44;2021-06-10;34304;25514;2499694;1289639;45.4;23.4
44;2021-06-11;32161;35297;2531855;1324936;45.9;24.0
44;2021-06-12;25577;23377;2557432;1348313;46.4;24.5
44;2021-06-13;6754;6051;2564186;1354364;46.5;24.6
44;2021-06-14;17430;29513;2581616;1383877;46.8;25.1
44;2021-06-15;23317;34876;2604933;1418753;47.3;25.7
44;2021-06-16;24074;36490;2629007;1455243;47.7;26.4
44;2021-06-17;23264;39049;2652271;1494292;48.1;27.1
52;2020-12-27;0;0;0;0;0.0;0.0
52;2020-12-28;1;0;1;0;0.0;0.0
52;2020-12-29;0;0;1;0;0.0;0.0
52;2020-12-30;0;0;1;0;0.0;0.0
52;2020-12-31;0;0;1;0;0.0;0.0
52;2021-01-01;5;0;6;0;0.0;0.0
52;2021-01-02;1;0;7;0;0.0;0.0
52;2021-01-03;1;0;8;0;0.0;0.0
52;2021-01-04;34;0;42;0;0.0;0.0
52;2021-01-05;168;0;210;0;0.0;0.0
52;2021-01-06;384;1;594;1;0.0;0.0
52;2021-01-07;963;0;1557;1;0.0;0.0
52;2021-01-08;1664;2;3221;3;0.1;0.0
52;2021-01-09;1049;2;4270;5;0.1;0.0
52;2021-01-10;643;1;4913;6;0.1;0.0
52;2021-01-11;2197;0;7110;6;0.2;0.0
52;2021-01-12;3167;4;10277;10;0.3;0.0
52;2021-01-13;2983;3;13260;13;0.3;0.0
52;2021-01-14;3302;24;16562;37;0.4;0.0
52;2021-01-15;3014;9;19576;46;0.5;0.0
52;2021-01-16;894;7;20470;53;0.5;0.0
52;2021-01-17;499;3;20969;56;0.6;0.0
52;2021-01-18;3198;6;24167;62;0.6;0.0
52;2021-01-19;6553;8;30720;70;0.8;0.0
52;2021-01-20;8329;10;39049;80;1.0;0.0
52;2021-01-21;12166;11;51215;91;1.3;0.0
52;2021-01-22;7273;28;58488;119;1.5;0.0
52;2021-01-23;1677;5;60165;124;1.6;0.0
52;2021-01-24;174;0;60339;124;1.6;0.0
52;2021-01-25;3006;11;63345;135;1.7;0.0
52;2021-01-26;6737;153;70082;288;1.8;0.0
52;2021-01-27;7284;150;77366;438;2.0;0.0
52;2021-01-28;9727;466;87093;904;2.3;0.0
52;2021-01-29;5957;909;93050;1813;2.4;0.0
52;2021-01-30;1258;271;94308;2084;2.5;0.1
52;2021-01-31;79;314;94387;2398;2.5;0.1
52;2021-02-01;2521;1191;96908;3589;2.5;0.1
52;2021-02-02;2970;1859;99878;5448;2.6;0.1
52;2021-02-03;2685;2161;102563;7609;2.7;0.2
52;2021-02-04;2962;2115;105525;9724;2.8;0.3
52;2021-02-05;2965;2206;108490;11930;2.9;0.3
52;2021-02-06;1075;662;109565;12592;2.9;0.3
52;2021-02-07;151;297;109716;12889;2.9;0.3
52;2021-02-08;1930;2117;111646;15006;2.9;0.4
52;2021-02-09;3174;3718;114820;18724;3.0;0.5
52;2021-02-10;3319;4762;118139;23486;3.1;0.6
52;2021-02-11;6097;9300;124236;32786;3.3;0.9
52;2021-02-12;4704;5146;128940;37932;3.4;1.0
52;2021-02-13;1151;1242;130091;39174;3.4;1.0
52;2021-02-14;22;541;130113;39715;3.4;1.0
52;2021-02-15;2030;3533;132143;43248;3.5;1.1
52;2021-02-16;4111;6756;136254;50004;3.6;1.3
52;2021-02-17;3874;6950;140128;56954;3.7;1.5
52;2021-02-18;6137;9295;146265;66249;3.8;1.7
52;2021-02-19;5329;5830;151594;72079;4.0;1.9
52;2021-02-20;1028;1475;152622;73554;4.0;1.9
52;2021-02-21;6;274;152628;73828;4.0;1.9
52;2021-02-22;2629;3492;155257;77320;4.1;2.0
52;2021-02-23;3424;3699;158681;81019;4.2;2.1
52;2021-02-24;3292;3039;161973;84058;4.3;2.2
52;2021-02-25;6343;3215;168316;87273;4.4;2.3
52;2021-02-26;6201;2923;174517;90196;4.6;2.4
52;2021-02-27;2215;1044;176732;91240;4.6;2.4
52;2021-02-28;76;88;176808;91328;4.7;2.4
52;2021-03-01;3112;2330;179920;93658;4.7;2.5
52;2021-03-02;4723;3434;184643;97092;4.9;2.6
52;2021-03-03;5277;3409;189920;100501;5.0;2.6
52;2021-03-04;7785;4774;197705;105275;5.2;2.8
52;2021-03-05;9004;3925;206709;109200;5.4;2.9
52;2021-03-06;5635;1148;212344;110348;5.6;2.9
52;2021-03-07;2661;131;215005;110479;5.7;2.9
52;2021-03-08;5838;2422;220843;112901;5.8;3.0
52;2021-03-09;9543;3326;230386;116227;6.1;3.1
52;2021-03-10;9387;3391;239773;119618;6.3;3.1
52;2021-03-11;13570;5042;253343;124660;6.7;3.3
52;2021-03-12;15326;3746;268669;128406;7.1;3.4
52;2021-03-13;8282;758;276951;129164;7.3;3.4
52;2021-03-14;624;72;277575;129236;7.3;3.4
52;2021-03-15;8832;1915;286407;131151;7.5;3.4
52;2021-03-16;7573;2616;293980;133767;7.7;3.5
52;2021-03-17;6456;2382;300436;136149;7.9;3.6
52;2021-03-18;8298;2514;308734;138663;8.1;3.6
52;2021-03-19;11885;2126;320619;140789;8.4;3.7
52;2021-03-20;7084;755;327703;141544;8.6;3.7
52;2021-03-21;1688;46;329391;141590;8.7;3.7
52;2021-03-22;9008;2007;338399;143597;8.9;3.8
52;2021-03-23;13176;2592;351575;146189;9.2;3.8
52;2021-03-24;13255;2029;364830;148218;9.6;3.9
52;2021-03-25;18187;2797;383017;151015;10.1;4.0
52;2021-03-26;18897;2363;401914;153378;10.6;4.0
52;2021-03-27;7541;648;409455;154026;10.8;4.1
52;2021-03-28;2193;66;411648;154092;10.8;4.1
52;2021-03-29;10953;2715;422601;156807;11.1;4.1
52;2021-03-30;15651;3597;438252;160404;11.5;4.2
52;2021-03-31;13678;3242;451930;163646;11.9;4.3
52;2021-04-01;18855;3677;470785;167323;12.4;4.4
52;2021-04-02;17069;3497;487854;170820;12.8;4.5
52;2021-04-03;5511;1192;493365;172012;13.0;4.5
52;2021-04-04;1323;50;494688;172062;13.0;4.5
52;2021-04-05;1780;536;496468;172598;13.1;4.5
52;2021-04-06;11777;5242;508245;177840;13.4;4.7
52;2021-04-07;15182;5676;523427;183516;13.8;4.8
52;2021-04-08;21198;6379;544625;189895;14.3;5.0
52;2021-04-09;26598;5284;571223;195179;15.0;5.1
52;2021-04-10;10109;2355;581332;197534;15.3;5.2
52;2021-04-11;2567;434;583899;197968;15.4;5.2
52;2021-04-12;16326;6574;600225;204542;15.8;5.4
52;2021-04-13;20717;8155;620942;212697;16.3;5.6
52;2021-04-14;17633;6913;638575;219610;16.8;5.8
52;2021-04-15;21138;8018;659713;227628;17.4;6.0
52;2021-04-16;22574;7450;682287;235078;17.9;6.2
52;2021-04-17;9962;3026;692249;238104;18.2;6.3
52;2021-04-18;3036;1303;695285;239407;18.3;6.3
52;2021-04-19;14169;7808;709454;247215;18.7;6.5
52;2021-04-20;18255;9381;727709;256596;19.1;6.7
52;2021-04-21;15968;9145;743677;265741;19.6;7.0
52;2021-04-22;19400;10152;763077;275893;20.1;7.3
52;2021-04-23;20505;9954;783582;285847;20.6;7.5
52;2021-04-24;10010;4972;793592;290819;20.9;7.6
52;2021-04-25;3977;1942;797569;292761;21.0;7.7
52;2021-04-26;16814;9898;814383;302659;21.4;8.0
52;2021-04-27;21047;12544;835430;315203;22.0;8.3
52;2021-04-28;22752;10644;858182;325847;22.6;8.6
52;2021-04-29;25002;12663;883184;338510;23.2;8.9
52;2021-04-30;25631;12469;908815;350979;23.9;9.2
52;2021-05-01;8613;2473;917428;353452;24.1;9.3
52;2021-05-02;4298;1269;921726;354721;24.2;9.3
52;2021-05-03;19059;10619;940785;365340;24.7;9.6
52;2021-05-04;20058;14371;960843;379711;25.3;10.0
52;2021-05-05;20849;12756;981692;392467;25.8;10.3
52;2021-05-06;22457;13824;1004149;406291;26.4;10.7
52;2021-05-07;20675;18006;1024824;424297;27.0;11.2
52;2021-05-08;11150;2064;1035974;426361;27.2;11.2
52;2021-05-09;5390;2221;1041364;428582;27.4;11.3
52;2021-05-10;20623;17268;1061987;445850;27.9;11.7
52;2021-05-11;24811;19523;1086798;465373;28.6;12.2
52;2021-05-12;24593;17060;1111391;482433;29.2;12.7
52;2021-05-13;18545;2692;1129936;485125;29.7;12.8
52;2021-05-14;22657;12377;1152593;497502;30.3;13.1
52;2021-05-15;15615;5173;1168208;502675;30.7;13.2
52;2021-05-16;10270;1143;1178478;503818;31.0;13.3
52;2021-05-17;21083;14639;1199561;518457;31.6;13.6
52;2021-05-18;24658;14961;1224219;533418;32.2;14.0
52;2021-05-19;26686;11406;1250905;544824;32.9;14.3
52;2021-05-20;29247;11987;1280152;556811;33.7;14.6
52;2021-05-21;27306;13822;1307458;570633;34.4;15.0
52;2021-05-22;15402;4697;1322860;575330;34.8;15.1
52;2021-05-23;4470;1139;1327330;576469;34.9;15.2
52;2021-05-24;15985;2742;1343315;579211;35.3;15.2
52;2021-05-25;24405;14518;1367720;593729;36.0;15.6
52;2021-05-26;25119;12646;1392839;606375;36.6;15.9
52;2021-05-27;29052;14797;1421891;621172;37.4;16.3
52;2021-05-28;27891;17846;1449782;639018;38.1;16.8
52;2021-05-29;18306;7764;1468088;646782;38.6;17.0
52;2021-05-30;4229;1717;1472317;648499;38.7;17.1
52;2021-05-31;24391;15852;1496708;664351;39.4;17.5
52;2021-06-01;28791;17786;1525499;682137;40.1;17.9
52;2021-06-02;27398;15201;1552897;697338;40.8;18.3
52;2021-06-03;31690;16253;1584587;713591;41.7;18.8
52;2021-06-04;29197;20708;1613784;734299;42.4;19.3
52;2021-06-05;14524;11791;1628308;746090;42.8;19.6
52;2021-06-06;4772;3530;1633080;749620;43.0;19.7
52;2021-06-07;21693;20861;1654773;770481;43.5;20.3
52;2021-06-08;26871;22083;1681644;792564;44.2;20.8
52;2021-06-09;25300;18560;1706944;811124;44.9;21.3
52;2021-06-10;28678;17566;1735622;828690;45.7;21.8
52;2021-06-11;26935;24291;1762557;852981;46.4;22.4
52;2021-06-12;14584;11826;1777141;864807;46.7;22.7
52;2021-06-13;4379;4514;1781520;869321;46.9;22.9
52;2021-06-14;17573;25365;1799093;894686;47.3;23.5
52;2021-06-15;23680;25311;1822773;919997;47.9;24.2
52;2021-06-16;23216;22418;1845989;942415;48.6;24.8
52;2021-06-17;25812;23029;1871801;965444;49.2;25.4
53;2020-12-27;0;0;0;0;0.0;0.0
53;2020-12-28;0;0;0;0;0.0;0.0
53;2020-12-29;0;0;0;0;0.0;0.0
53;2020-12-30;0;0;0;0;0.0;0.0
53;2020-12-31;0;0;0;0;0.0;0.0
53;2021-01-01;3;0;3;0;0.0;0.0
53;2021-01-02;4;0;7;0;0.0;0.0
53;2021-01-03;0;0;7;0;0.0;0.0
53;2021-01-04;43;0;50;0;0.0;0.0
53;2021-01-05;200;0;250;0;0.0;0.0
53;2021-01-06;331;1;581;1;0.0;0.0
53;2021-01-07;834;1;1415;2;0.0;0.0
53;2021-01-08;1213;0;2628;2;0.1;0.0
53;2021-01-09;34;0;2662;2;0.1;0.0
53;2021-01-10;4;0;2666;2;0.1;0.0
53;2021-01-11;1661;3;4327;5;0.1;0.0
53;2021-01-12;3379;1;7706;6;0.2;0.0
53;2021-01-13;3354;4;11060;10;0.3;0.0
53;2021-01-14;3813;30;14873;40;0.4;0.0
53;2021-01-15;3298;15;18171;55;0.5;0.0
53;2021-01-16;683;4;18854;59;0.6;0.0
53;2021-01-17;180;1;19034;60;0.6;0.0
53;2021-01-18;3361;7;22395;67;0.7;0.0
53;2021-01-19;8165;4;30560;71;0.9;0.0
53;2021-01-20;7054;4;37614;75;1.1;0.0
53;2021-01-21;11469;5;49083;80;1.5;0.0
53;2021-01-22;7807;9;56890;89;1.7;0.0
53;2021-01-23;1493;2;58383;91;1.7;0.0
53;2021-01-24;255;1;58638;92;1.8;0.0
53;2021-01-25;3056;35;61694;127;1.8;0.0
53;2021-01-26;4111;232;65805;359;2.0;0.0
53;2021-01-27;7238;326;73043;685;2.2;0.0
53;2021-01-28;7132;639;80175;1324;2.4;0.0
53;2021-01-29;4230;730;84405;2054;2.5;0.1
53;2021-01-30;844;43;85249;2097;2.6;0.1
53;2021-01-31;79;3;85328;2100;2.6;0.1
53;2021-02-01;2210;1027;87538;3127;2.6;0.1
53;2021-02-02;3438;2014;90976;5141;2.7;0.2
53;2021-02-03;3174;2184;94150;7325;2.8;0.2
53;2021-02-04;7095;2271;101245;9596;3.0;0.3
53;2021-02-05;5584;2135;106829;11731;3.2;0.4
53;2021-02-06;1201;277;108030;12008;3.2;0.4
53;2021-02-07;214;132;108244;12140;3.2;0.4
53;2021-02-08;1651;1532;109895;13672;3.3;0.4
53;2021-02-09;3973;5256;113868;18928;3.4;0.6
53;2021-02-10;3791;4649;117659;23577;3.5;0.7
53;2021-02-11;5733;8792;123392;32369;3.7;1.0
53;2021-02-12;5661;5249;129053;37618;3.9;1.1
53;2021-02-13;1232;851;130285;38469;3.9;1.2
53;2021-02-14;25;348;130310;38817;3.9;1.2
53;2021-02-15;2325;3583;132635;42400;4.0;1.3
53;2021-02-16;4051;3543;136686;45943;4.1;1.4
53;2021-02-17;4073;5375;140759;51318;4.2;1.5
53;2021-02-18;5948;5739;146707;57057;4.4;1.7
53;2021-02-19;5355;4853;152062;61910;4.6;1.9
53;2021-02-20;1189;890;153251;62800;4.6;1.9
53;2021-02-21;165;218;153416;63018;4.6;1.9
53;2021-02-22;2318;2828;155734;65846;4.7;2.0
53;2021-02-23;3947;3674;159681;69520;4.8;2.1
53;2021-02-24;4467;3780;164148;73300;4.9;2.2
53;2021-02-25;7947;7141;172095;80441;5.2;2.4
53;2021-02-26;8676;4404;180771;84845;5.4;2.5
53;2021-02-27;3448;1105;184219;85950;5.5;2.6
53;2021-02-28;228;194;184447;86144;5.5;2.6
53;2021-03-01;3478;2264;187925;88408;5.6;2.6
53;2021-03-02;5617;4458;193542;92866;5.8;2.8
53;2021-03-03;6436;3787;199978;96653;6.0;2.9
53;2021-03-04;9279;4924;209257;101577;6.3;3.0
53;2021-03-05;11905;5213;221162;106790;6.6;3.2
53;2021-03-06;5630;1015;226792;107805;6.8;3.2
53;2021-03-07;913;145;227705;107950;6.8;3.2
53;2021-03-08;5162;2209;232867;110159;7.0;3.3
53;2021-03-09;9660;2931;242527;113090;7.3;3.4
53;2021-03-10;9274;3370;251801;116460;7.5;3.5
53;2021-03-11;14298;4048;266099;120508;8.0;3.6
53;2021-03-12;18596;3237;284695;123745;8.5;3.7
53;2021-03-13;8799;945;293494;124690;8.8;3.7
53;2021-03-14;812;50;294306;124740;8.8;3.7
53;2021-03-15;6888;2029;301194;126769;9.0;3.8
53;2021-03-16;6981;3407;308175;130176;9.2;3.9
53;2021-03-17;8226;2824;316401;133000;9.5;4.0
53;2021-03-18;8714;4657;325115;137657;9.7;4.1
53;2021-03-19;12990;3647;338105;141304;10.1;4.2
53;2021-03-20;7122;817;345227;142121;10.3;4.3
53;2021-03-21;381;32;345608;142153;10.3;4.3
53;2021-03-22;7341;2162;352949;144315;10.6;4.3
53;2021-03-23;12984;3663;365933;147978;11.0;4.4
53;2021-03-24;14379;3230;380312;151208;11.4;4.5
53;2021-03-25;18262;3362;398574;154570;11.9;4.6
53;2021-03-26;20276;3192;418850;157762;12.5;4.7
53;2021-03-27;7396;1014;426246;158776;12.8;4.8
53;2021-03-28;526;86;426772;158862;12.8;4.8
53;2021-03-29;9791;3163;436563;162025;13.1;4.9
53;2021-03-30;15293;4591;451856;166616;13.5;5.0
53;2021-03-31;14119;4262;465975;170878;13.9;5.1
53;2021-04-01;18168;4267;484143;175145;14.5;5.2
53;2021-04-02;17854;4349;501997;179494;15.0;5.4
53;2021-04-03;6414;1424;508411;180918;15.2;5.4
53;2021-04-04;413;32;508824;180950;15.2;5.4
53;2021-04-05;1227;334;510051;181284;15.3;5.4
53;2021-04-06;12513;5671;522564;186955;15.6;5.6
53;2021-04-07;15010;5332;537574;192287;16.1;5.8
53;2021-04-08;20610;6089;558184;198376;16.7;5.9
53;2021-04-09;26615;5563;584799;203939;17.5;6.1
53;2021-04-10;10311;1722;595110;205661;17.8;6.2
53;2021-04-11;814;213;595924;205874;17.8;6.2
53;2021-04-12;15817;4909;611741;210783;18.3;6.3
53;2021-04-13;22683;7230;634424;218013;19.0;6.5
53;2021-04-14;19330;7917;653754;225930;19.6;6.8
53;2021-04-15;25334;8049;679088;233979;20.3;7.0
53;2021-04-16;26150;7531;705238;241510;21.1;7.2
53;2021-04-17;10383;3572;715621;245082;21.4;7.3
53;2021-04-18;1033;148;716654;245230;21.5;7.3
53;2021-04-19;15397;6527;732051;251757;21.9;7.5
53;2021-04-20;16914;9510;748965;261267;22.4;7.8
53;2021-04-21;16736;9434;765701;270701;22.9;8.1
53;2021-04-22;21727;10171;787428;280872;23.6;8.4
53;2021-04-23;21629;10072;809057;290944;24.2;8.7
53;2021-04-24;9984;4162;819041;295106;24.5;8.8
53;2021-04-25;905;332;819946;295438;24.5;8.8
53;2021-04-26;18214;8475;838160;303913;25.1;9.1
53;2021-04-27;19850;12059;858010;315972;25.7;9.5
53;2021-04-28;19938;10802;877948;326774;26.3;9.8
53;2021-04-29;23530;12261;901478;339035;27.0;10.1
53;2021-04-30;23889;12431;925367;351466;27.7;10.5
53;2021-05-01;5117;1630;930484;353096;27.9;10.6
53;2021-05-02;2793;519;933277;353615;27.9;10.6
53;2021-05-03;15711;9376;948988;362991;28.4;10.9
53;2021-05-04;15684;15784;964672;378775;28.9;11.3
53;2021-05-05;14936;14685;979608;393460;29.3;11.8
53;2021-05-06;19249;17839;998857;411299;29.9;12.3
53;2021-05-07;18583;18215;1017440;429514;30.5;12.9
53;2021-05-08;5437;1121;1022877;430635;30.6;12.9
53;2021-05-09;3503;858;1026380;431493;30.7;12.9
53;2021-05-10;16476;15206;1042856;446699;31.2;13.4
53;2021-05-11;18519;18730;1061375;465429;31.8;13.9
53;2021-05-12;21000;15620;1082375;481049;32.4;14.4
53;2021-05-13;9003;3944;1091378;484993;32.7;14.5
53;2021-05-14;21640;13726;1113018;498719;33.3;14.9
53;2021-05-15;13372;5322;1126390;504041;33.7;15.1
53;2021-05-16;3215;875;1129605;504916;33.8;15.1
53;2021-05-17;18100;11161;1147705;516077;34.4;15.4
53;2021-05-18;20869;12383;1168574;528460;35.0;15.8
53;2021-05-19;21542;10620;1190116;539080;35.6;16.1
53;2021-05-20;23802;14710;1213918;553790;36.3;16.6
53;2021-05-21;22813;15229;1236731;569019;37.0;17.0
53;2021-05-22;13128;5836;1249859;574855;37.4;17.2
53;2021-05-23;2970;310;1252829;575165;37.5;17.2
53;2021-05-24;13926;2488;1266755;577653;37.9;17.3
53;2021-05-25;19902;12807;1286657;590460;38.5;17.7
53;2021-05-26;19240;13786;1305897;604246;39.1;18.1
53;2021-05-27;22024;17408;1327921;621654;39.8;18.6
53;2021-05-28;21736;20399;1349657;642053;40.4;19.2
53;2021-05-29;12132;7327;1361789;649380;40.8;19.4
53;2021-05-30;2303;472;1364092;649852;40.8;19.5
53;2021-05-31;20668;14083;1384760;663935;41.5;19.9
53;2021-06-01;22900;16469;1407660;680404;42.1;20.4
53;2021-06-02;21669;14215;1429329;694619;42.8;20.8
53;2021-06-03;25018;16847;1454347;711466;43.5;21.3
53;2021-06-04;23052;22557;1477399;734023;44.2;22.0
53;2021-06-05;17282;8988;1494681;743011;44.7;22.2
53;2021-06-06;4997;1322;1499678;744333;44.9;22.3
53;2021-06-07;18369;17784;1518047;762117;45.4;22.8
53;2021-06-08;23600;18089;1541647;780206;46.2;23.4
53;2021-06-09;23233;15851;1564880;796057;46.8;23.8
53;2021-06-10;26666;16852;1591546;812909;47.6;24.3
53;2021-06-11;26153;21406;1617699;834315;48.4;25.0
53;2021-06-12;18593;7502;1636292;841817;49.0;25.2
53;2021-06-13;7794;3118;1644086;844935;49.2;25.3
53;2021-06-14;16009;19790;1660095;864725;49.7;25.9
53;2021-06-15;20027;20937;1680122;885662;50.3;26.5
53;2021-06-16;21140;18522;1701262;904184;50.9;27.1
53;2021-06-17;21735;20037;1722997;924221;51.6;27.7
75;2020-12-27;1;0;1;0;0.0;0.0
75;2020-12-28;2;0;3;0;0.0;0.0
75;2020-12-29;3;0;6;0;0.0;0.0
75;2020-12-30;2;0;8;0;0.0;0.0
75;2020-12-31;0;0;8;0;0.0;0.0
75;2021-01-01;4;0;12;0;0.0;0.0
75;2021-01-02;2;0;14;0;0.0;0.0
75;2021-01-03;0;0;14;0;0.0;0.0
75;2021-01-04;90;0;104;0;0.0;0.0
75;2021-01-05;124;0;228;0;0.0;0.0
75;2021-01-06;736;1;964;1;0.0;0.0
75;2021-01-07;4922;2;5886;3;0.1;0.0
75;2021-01-08;5465;4;11351;7;0.2;0.0
75;2021-01-09;845;1;12196;8;0.2;0.0
75;2021-01-10;479;0;12675;8;0.2;0.0
75;2021-01-11;3585;1;16260;9;0.3;0.0
75;2021-01-12;5949;6;22209;15;0.4;0.0
75;2021-01-13;6551;15;28760;30;0.5;0.0
75;2021-01-14;8121;62;36881;92;0.6;0.0
75;2021-01-15;7625;30;44506;122;0.7;0.0
75;2021-01-16;1607;14;46113;136;0.8;0.0
75;2021-01-17;425;5;46538;141;0.8;0.0
75;2021-01-18;6887;30;53425;171;0.9;0.0
75;2021-01-19;14046;13;67471;184;1.1;0.0
75;2021-01-20;15535;27;83006;211;1.4;0.0
75;2021-01-21;16951;19;99957;230;1.7;0.0
75;2021-01-22;12970;22;112927;252;1.9;0.0
75;2021-01-23;4421;3;117348;255;2.0;0.0
75;2021-01-24;700;1;118048;256;2.0;0.0
75;2021-01-25;8864;218;126912;474;2.1;0.0
75;2021-01-26;11721;452;138633;926;2.3;0.0
75;2021-01-27;12275;769;150908;1695;2.5;0.0
75;2021-01-28;12938;2659;163846;4354;2.7;0.1
75;2021-01-29;10000;2986;173846;7340;2.9;0.1
75;2021-01-30;3379;516;177225;7856;3.0;0.1
75;2021-01-31;646;420;177871;8276;3.0;0.1
75;2021-02-01;5713;2639;183584;10915;3.1;0.2
75;2021-02-02;9607;4356;193191;15271;3.2;0.3
75;2021-02-03;9593;4369;202784;19640;3.4;0.3
75;2021-02-04;10760;5683;213544;25323;3.6;0.4
75;2021-02-05;7488;5636;221032;30959;3.7;0.5
75;2021-02-06;2377;1106;223409;32065;3.7;0.5
75;2021-02-07;673;252;224082;32317;3.7;0.5
75;2021-02-08;5134;3653;229216;35970;3.8;0.6
75;2021-02-09;7314;8078;236530;44048;3.9;0.7
75;2021-02-10;7541;8738;244071;52786;4.1;0.9
75;2021-02-11;8849;10272;252920;63058;4.2;1.1
75;2021-02-12;7405;8836;260325;71894;4.3;1.2
75;2021-02-13;1952;1759;262277;73653;4.4;1.2
75;2021-02-14;274;364;262551;74017;4.4;1.2
75;2021-02-15;3152;7839;265703;81856;4.4;1.4
75;2021-02-16;4607;10526;270310;92382;4.5;1.5
75;2021-02-17;4757;11303;275067;103685;4.6;1.7
75;2021-02-18;5451;12840;280518;116525;4.7;1.9
75;2021-02-19;5419;9634;285937;126159;4.8;2.1
75;2021-02-20;987;2633;286924;128792;4.8;2.1
75;2021-02-21;186;667;287110;129459;4.8;2.2
75;2021-02-22;3649;8514;290759;137973;4.8;2.3
75;2021-02-23;5354;10944;296113;148917;4.9;2.5
75;2021-02-24;6128;10285;302241;159202;5.0;2.7
75;2021-02-25;10000;11720;312241;170922;5.2;2.8
75;2021-02-26;12252;8864;324493;179786;5.4;3.0
75;2021-02-27;5784;2486;330277;182272;5.5;3.0
75;2021-02-28;312;694;330589;182966;5.5;3.0
75;2021-03-01;5090;7016;335679;189982;5.6;3.2
75;2021-03-02;9348;8163;345027;198145;5.8;3.3
75;2021-03-03;10816;7765;355843;205910;5.9;3.4
75;2021-03-04;16730;8168;372573;214078;6.2;3.6
75;2021-03-05;20787;7452;393360;221530;6.6;3.7
75;2021-03-06;13408;2224;406768;223754;6.8;3.7
75;2021-03-07;3720;466;410488;224220;6.8;3.7
75;2021-03-08;9986;5386;420474;229606;7.0;3.8
75;2021-03-09;16849;6478;437323;236084;7.3;3.9
75;2021-03-10;18251;6306;455574;242390;7.6;4.0
75;2021-03-11;26421;6671;481995;249061;8.0;4.2
75;2021-03-12;31286;5238;513281;254299;8.6;4.2
75;2021-03-13;17853;1192;531134;255491;8.9;4.3
75;2021-03-14;1700;246;532834;255737;8.9;4.3
75;2021-03-15;14070;3415;546904;259152;9.1;4.3
75;2021-03-16;13683;3708;560587;262860;9.3;4.4
75;2021-03-17;14745;3875;575332;266735;9.6;4.4
75;2021-03-18;16378;4687;591710;271422;9.9;4.5
75;2021-03-19;22428;4277;614138;275699;10.2;4.6
75;2021-03-20;14022;816;628160;276515;10.5;4.6
75;2021-03-21;2464;107;630624;276622;10.5;4.6
75;2021-03-22;16789;3452;647413;280074;10.8;4.7
75;2021-03-23;25254;3880;672667;283954;11.2;4.7
75;2021-03-24;27138;4303;699805;288257;11.7;4.8
75;2021-03-25;35620;4621;735425;292878;12.3;4.9
75;2021-03-26;38571;4169;773996;297047;12.9;5.0
75;2021-03-27;15694;1276;789690;298323;13.2;5.0
75;2021-03-28;2724;389;792414;298712;13.2;5.0
75;2021-03-29;22827;4133;815241;302845;13.6;5.0
75;2021-03-30;31624;5962;846865;308807;14.1;5.1
75;2021-03-31;29730;5930;876595;314737;14.6;5.2
75;2021-04-01;34988;6934;911583;321671;15.2;5.4
75;2021-04-02;32313;6865;943896;328536;15.7;5.5
75;2021-04-03;12814;2633;956710;331169;15.9;5.5
75;2021-04-04;2135;340;958845;331509;16.0;5.5
75;2021-04-05;6368;600;965213;332109;16.1;5.5
75;2021-04-06;26371;10821;991584;342930;16.5;5.7
75;2021-04-07;32352;11008;1023936;353938;17.1;5.9
75;2021-04-08;39549;12346;1063485;366284;17.7;6.1
75;2021-04-09;49219;10966;1112704;377250;18.5;6.3
75;2021-04-10;24428;4964;1137132;382214;19.0;6.4
75;2021-04-11;4969;716;1142101;382930;19.0;6.4
75;2021-04-12;27363;11839;1169464;394769;19.5;6.6
75;2021-04-13;35689;14322;1205153;409091;20.1;6.8
75;2021-04-14;35423;14477;1240576;423568;20.7;7.1
75;2021-04-15;37661;15050;1278237;438618;21.3;7.3
75;2021-04-16;37109;15110;1315346;453728;21.9;7.6
75;2021-04-17;19547;7375;1334893;461103;22.2;7.7
75;2021-04-18;4073;2051;1338966;463154;22.3;7.7
75;2021-04-19;20885;14950;1359851;478104;22.7;8.0
75;2021-04-20;28480;19103;1388331;497207;23.1;8.3
75;2021-04-21;27809;18076;1416140;515283;23.6;8.6
75;2021-04-22;30359;19669;1446499;534952;24.1;8.9
75;2021-04-23;29034;20222;1475533;555174;24.6;9.3
75;2021-04-24;17002;9125;1492535;564299;24.9;9.4
75;2021-04-25;4596;1498;1497131;565797;25.0;9.4
75;2021-04-26;22309;19287;1519440;585084;25.3;9.8
75;2021-04-27;29181;24304;1548621;609388;25.8;10.2
75;2021-04-28;31135;24010;1579756;633398;26.3;10.6
75;2021-04-29;37247;26632;1617003;660030;27.0;11.0
75;2021-04-30;37742;25869;1654745;685899;27.6;11.4
75;2021-05-01;15684;5743;1670429;691642;27.8;11.5
75;2021-05-02;7253;2595;1677682;694237;28.0;11.6
75;2021-05-03;27252;21179;1704934;715416;28.4;11.9
75;2021-05-04;30343;29294;1735277;744710;28.9;12.4
75;2021-05-05;31476;30984;1766753;775694;29.4;12.9
75;2021-05-06;35913;32388;1802666;808082;30.0;13.5
75;2021-05-07;37395;34350;1840061;842432;30.7;14.0
75;2021-05-08;17510;8073;1857571;850505;31.0;14.2
75;2021-05-09;7298;4146;1864869;854651;31.1;14.2
75;2021-05-10;25035;29000;1889904;883651;31.5;14.7
75;2021-05-11;35487;32948;1925391;916599;32.1;15.3
75;2021-05-12;35415;30128;1960806;946727;32.7;15.8
75;2021-05-13;22614;7503;1983420;954230;33.1;15.9
75;2021-05-14;33778;20832;2017198;975062;33.6;16.3
75;2021-05-15;22863;11087;2040061;986149;34.0;16.4
75;2021-05-16;7379;2060;2047440;988209;34.1;16.5
75;2021-05-17;33783;19205;2081223;1007414;34.7;16.8
75;2021-05-18;42572;19914;2123795;1027328;35.4;17.1
75;2021-05-19;42585;17589;2166380;1044917;36.1;17.4
75;2021-05-20;45849;20342;2212229;1065259;36.9;17.8
75;2021-05-21;42797;21371;2255026;1086630;37.6;18.1
75;2021-05-22;23220;9786;2278246;1096416;38.0;18.3
75;2021-05-23;7799;1420;2286045;1097836;38.1;18.3
75;2021-05-24;18773;4060;2304818;1101896;38.4;18.4
75;2021-05-25;36784;20949;2341602;1122845;39.0;18.7
75;2021-05-26;38221;21467;2379823;1144312;39.7;19.1
75;2021-05-27;42852;27065;2422675;1171377;40.4;19.5
75;2021-05-28;38815;32259;2461490;1203636;41.0;20.1
75;2021-05-29;19632;18094;2481122;1221730;41.4;20.4
75;2021-05-30;5771;2283;2486893;1224013;41.4;20.4
75;2021-05-31;31591;23115;2518484;1247128;42.0;20.8
75;2021-06-01;40954;29600;2559438;1276728;42.7;21.3
75;2021-06-02;41298;28214;2600736;1304942;43.3;21.7
75;2021-06-03;47571;31193;2648307;1336135;44.1;22.3
75;2021-06-04;44350;36944;2692657;1373079;44.9;22.9
75;2021-06-05;24362;18502;2717019;1391581;45.3;23.2
75;2021-06-06;8727;4315;2725746;1395896;45.4;23.3
75;2021-06-07;31359;31512;2757105;1427408;46.0;23.8
75;2021-06-08;39089;36013;2796194;1463421;46.6;24.4
75;2021-06-09;38728;32879;2834922;1496300;47.2;24.9
75;2021-06-10;42859;31779;2877781;1528079;48.0;25.5
75;2021-06-11;40215;40300;2917996;1568379;48.6;26.1
75;2021-06-12;23176;21508;2941172;1589887;49.0;26.5
75;2021-06-13;8096;5645;2949268;1595532;49.2;26.6
75;2021-06-14;23888;37914;2973156;1633446;49.6;27.2
75;2021-06-15;33074;41644;3006230;1675090;50.1;27.9
75;2021-06-16;34550;37233;3040780;1712323;50.7;28.5
75;2021-06-17;35829;38445;3076609;1750768;51.3;29.2
76;2020-12-27;0;0;0;0;0.0;0.0
76;2020-12-28;4;0;4;0;0.0;0.0
76;2020-12-29;0;0;4;0;0.0;0.0
76;2020-12-30;0;0;4;0;0.0;0.0
76;2020-12-31;1;0;5;0;0.0;0.0
76;2021-01-01;3;0;8;0;0.0;0.0
76;2021-01-02;2;0;10;0;0.0;0.0
76;2021-01-03;2;0;12;0;0.0;0.0
76;2021-01-04;59;1;71;1;0.0;0.0
76;2021-01-05;473;1;544;2;0.0;0.0
76;2021-01-06;784;1;1328;3;0.0;0.0
76;2021-01-07;2537;3;3865;6;0.1;0.0
76;2021-01-08;3214;2;7079;8;0.1;0.0
76;2021-01-09;1537;1;8616;9;0.1;0.0
76;2021-01-10;517;0;9133;9;0.2;0.0
76;2021-01-11;3524;7;12657;16;0.2;0.0
76;2021-01-12;5743;9;18400;25;0.3;0.0
76;2021-01-13;6474;9;24874;34;0.4;0.0
76;2021-01-14;8995;83;33869;117;0.6;0.0
76;2021-01-15;7250;31;41119;148;0.7;0.0
76;2021-01-16;1953;21;43072;169;0.7;0.0
76;2021-01-17;710;3;43782;172;0.7;0.0
76;2021-01-18;7700;21;51482;193;0.9;0.0
76;2021-01-19;11194;26;62676;219;1.1;0.0
76;2021-01-20;13701;23;76377;242;1.3;0.0
76;2021-01-21;16701;19;93078;261;1.6;0.0
76;2021-01-22;11870;30;104948;291;1.8;0.0
76;2021-01-23;3879;8;108827;299;1.8;0.0
76;2021-01-24;768;11;109595;310;1.8;0.0
76;2021-01-25;7826;97;117421;407;2.0;0.0
76;2021-01-26;10345;281;127766;688;2.2;0.0
76;2021-01-27;10847;481;138613;1169;2.3;0.0
76;2021-01-28;10136;1695;148749;2864;2.5;0.0
76;2021-01-29;8086;1988;156835;4852;2.6;0.1
76;2021-01-30;3185;772;160020;5624;2.7;0.1
76;2021-01-31;518;267;160538;5891;2.7;0.1
76;2021-02-01;5854;2603;166392;8494;2.8;0.1
76;2021-02-02;10056;3999;176448;12493;3.0;0.2
76;2021-02-03;9515;4067;185963;16560;3.1;0.3
76;2021-02-04;10098;5959;196061;22519;3.3;0.4
76;2021-02-05;7771;5026;203832;27545;3.4;0.5
76;2021-02-06;2693;1050;206525;28595;3.5;0.5
76;2021-02-07;542;496;207067;29091;3.5;0.5
76;2021-02-08;4840;4529;211907;33620;3.6;0.6
76;2021-02-09;6316;6819;218223;40439;3.7;0.7
76;2021-02-10;7171;9235;225394;49674;3.8;0.8
76;2021-02-11;9126;10738;234520;60412;4.0;1.0
76;2021-02-12;8045;7685;242565;68097;4.1;1.1
76;2021-02-13;2646;2272;245211;70369;4.1;1.2
76;2021-02-14;356;994;245567;71363;4.1;1.2
76;2021-02-15;3383;6467;248950;77830;4.2;1.3
76;2021-02-16;4242;8694;253192;86524;4.3;1.5
76;2021-02-17;4372;9654;257564;96178;4.3;1.6
76;2021-02-18;5869;9988;263433;106166;4.4;1.8
76;2021-02-19;4839;8128;268272;114294;4.5;1.9
76;2021-02-20;1529;3037;269801;117331;4.6;2.0
76;2021-02-21;262;594;270063;117925;4.6;2.0
76;2021-02-22;3272;7663;273335;125588;4.6;2.1
76;2021-02-23;4916;10242;278251;135830;4.7;2.3
76;2021-02-24;4644;10417;282895;146247;4.8;2.5
76;2021-02-25;8309;9908;291204;156155;4.9;2.6
76;2021-02-26;9635;8396;300839;164551;5.1;2.8
76;2021-02-27;3714;3095;304553;167646;5.1;2.8
76;2021-02-28;430;453;304983;168099;5.1;2.8
76;2021-03-01;5303;6144;310286;174243;5.2;2.9
76;2021-03-02;8212;7566;318498;181809;5.4;3.1
76;2021-03-03;9230;7482;327728;189291;5.5;3.2
76;2021-03-04;14314;7884;342042;197175;5.8;3.3
76;2021-03-05;16857;7105;358899;204280;6.1;3.4
76;2021-03-06;15878;2147;374777;206427;6.3;3.5
76;2021-03-07;11371;464;386148;206891;6.5;3.5
76;2021-03-08;9970;5512;396118;212403;6.7;3.6
76;2021-03-09;16220;6457;412338;218860;7.0;3.7
76;2021-03-10;16407;6484;428745;225344;7.2;3.8
76;2021-03-11;22585;6381;451330;231725;7.6;3.9
76;2021-03-12;26379;5246;477709;236971;8.1;4.0
76;2021-03-13;14896;2153;492605;239124;8.3;4.0
76;2021-03-14;2318;355;494923;239479;8.4;4.0
76;2021-03-15;13506;3293;508429;242772;8.6;4.1
76;2021-03-16;11755;4522;520184;247294;8.8;4.2
76;2021-03-17;12837;3967;533021;251261;9.0;4.2
76;2021-03-18;13696;4980;546717;256241;9.2;4.3
76;2021-03-19;18638;3996;565355;260237;9.5;4.4
76;2021-03-20;10653;1124;576008;261361;9.7;4.4
76;2021-03-21;3194;218;579202;261579;9.8;4.4
76;2021-03-22;14658;3577;593860;265156;10.0;4.5
76;2021-03-23;22214;4314;616074;269470;10.4;4.5
76;2021-03-24;23585;4176;639659;273646;10.8;4.6
76;2021-03-25;31997;4599;671656;278245;11.3;4.7
76;2021-03-26;30785;4053;702441;282298;11.9;4.8
76;2021-03-27;16211;1404;718652;283702;12.1;4.8
76;2021-03-28;4867;188;723519;283890;12.2;4.8
76;2021-03-29;22279;4867;745798;288757;12.6;4.9
76;2021-03-30;29675;5698;775473;294455;13.1;5.0
76;2021-03-31;26846;5565;802319;300020;13.5;5.1
76;2021-04-01;34410;5875;836729;305895;14.1;5.2
76;2021-04-02;29297;5745;866026;311640;14.6;5.3
76;2021-04-03;12125;2843;878151;314483;14.8;5.3
76;2021-04-04;4351;656;882502;315139;14.9;5.3
76;2021-04-05;4287;671;886789;315810;15.0;5.3
76;2021-04-06;22816;9732;909605;325542;15.4;5.5
76;2021-04-07;25226;9845;934831;335387;15.8;5.7
76;2021-04-08;33074;10217;967905;345604;16.3;5.8
76;2021-04-09;38847;9592;1006752;355196;17.0;6.0
76;2021-04-10;22676;5142;1029428;360338;17.4;6.1
76;2021-04-11;8856;1426;1038284;361764;17.5;6.1
76;2021-04-12;25992;10496;1064276;372260;18.0;6.3
76;2021-04-13;35727;12835;1100003;385095;18.6;6.5
76;2021-04-14;32826;13237;1132829;398332;19.1;6.7
76;2021-04-15;37403;13811;1170232;412143;19.8;7.0
76;2021-04-16;34356;13117;1204588;425260;20.3;7.2
76;2021-04-17;21355;6631;1225943;431891;20.7;7.3
76;2021-04-18;7708;2682;1233651;434573;20.8;7.3
76;2021-04-19;22036;12911;1255687;447484;21.2;7.6
76;2021-04-20;27948;16715;1283635;464199;21.7;7.8
76;2021-04-21;27005;16913;1310640;481112;22.1;8.1
76;2021-04-22;30332;17910;1340972;499022;22.6;8.4
76;2021-04-23;28650;16376;1369622;515398;23.1;8.7
76;2021-04-24;18458;10389;1388080;525787;23.4;8.9
76;2021-04-25;6913;4194;1394993;529981;23.5;8.9
76;2021-04-26;19915;18386;1414908;548367;23.9;9.3
76;2021-04-27;26703;21394;1441611;569761;24.3;9.6
76;2021-04-28;25871;20949;1467482;590710;24.8;10.0
76;2021-04-29;29708;23188;1497190;613898;25.3;10.4
76;2021-04-30;30757;20117;1527947;634015;25.8;10.7
76;2021-05-01;17418;7009;1545365;641024;26.1;10.8
76;2021-05-02;9476;4776;1554841;645800;26.2;10.9
76;2021-05-03;26508;16770;1581349;662570;26.7;11.2
76;2021-05-04;29977;25815;1611326;688385;27.2;11.6
76;2021-05-05;28131;26391;1639457;714776;27.7;12.1
76;2021-05-06;30991;30855;1670448;745631;28.2;12.6
76;2021-05-07;31552;30764;1702000;776395;28.7;13.1
76;2021-05-08;17105;10525;1719105;786920;29.0;13.3
76;2021-05-09;9689;8666;1728794;795586;29.2;13.4
76;2021-05-10;23923;28024;1752717;823610;29.6;13.9
76;2021-05-11;31528;33035;1784245;856645;30.1;14.5
76;2021-05-12;33016;29360;1817261;886005;30.7;15.0
76;2021-05-13;25812;9686;1843073;895691;31.1;15.1
76;2021-05-14;34370;21267;1877443;916958;31.7;15.5
76;2021-05-15;24395;12161;1901838;929119;32.1;15.7
76;2021-05-16;15378;3776;1917216;932895;32.4;15.7
76;2021-05-17;27730;19213;1944946;952108;32.8;16.1
76;2021-05-18;35004;19448;1979950;971556;33.4;16.4
76;2021-05-19;36663;16797;2016613;988353;34.0;16.7
76;2021-05-20;40796;18617;2057409;1006970;34.7;17.0
76;2021-05-21;37591;19926;2095000;1026896;35.4;17.3
76;2021-05-22;26904;9239;2121904;1036135;35.8;17.5
76;2021-05-23;13258;1793;2135162;1037928;36.0;17.5
76;2021-05-24;15362;4096;2150524;1042024;36.3;17.6
76;2021-05-25;31462;20726;2181986;1062750;36.8;17.9
76;2021-05-26;33245;19184;2215231;1081934;37.4;18.3
76;2021-05-27;36197;24387;2251428;1106321;38.0;18.7
76;2021-05-28;32360;28227;2283788;1134548;38.5;19.1
76;2021-05-29;19442;16731;2303230;1151279;38.9;19.4
76;2021-05-30;6128;6311;2309358;1157590;39.0;19.5
76;2021-05-31;25682;22860;2335040;1180450;39.4;19.9
76;2021-06-01;31101;29794;2366141;1210244;39.9;20.4
76;2021-06-02;30641;28018;2396782;1238262;40.5;20.9
76;2021-06-03;34089;33060;2430871;1271322;41.0;21.5
76;2021-06-04;34960;34191;2465831;1305513;41.6;22.0
76;2021-06-05;25959;19704;2491790;1325217;42.1;22.4
76;2021-06-06;14068;6453;2505858;1331670;42.3;22.5
76;2021-06-07;25694;27633;2531552;1359303;42.7;22.9
76;2021-06-08;32912;31600;2564464;1390903;43.3;23.5
76;2021-06-09;32174;28972;2596638;1419875;43.8;24.0
76;2021-06-10;31847;29406;2628485;1449281;44.4;24.5
76;2021-06-11;33416;36065;2661901;1485346;44.9;25.1
76;2021-06-12;23150;21865;2685051;1507211;45.3;25.4
76;2021-06-13;12010;7120;2697061;1514331;45.5;25.6
76;2021-06-14;21491;33581;2718552;1547912;45.9;26.1
76;2021-06-15;28610;39644;2747162;1587556;46.4;26.8
76;2021-06-16;26888;36272;2774050;1623828;46.8;27.4
76;2021-06-17;26422;34058;2800472;1657886;47.3;28.0
84;2020-12-27;1;0;1;0;0.0;0.0
84;2020-12-28;7;0;8;0;0.0;0.0
84;2020-12-29;5;0;13;0;0.0;0.0
84;2020-12-30;6;0;19;0;0.0;0.0
84;2020-12-31;15;0;34;0;0.0;0.0
84;2021-01-01;10;0;44;0;0.0;0.0
84;2021-01-02;2;1;46;1;0.0;0.0
84;2021-01-03;0;0;46;1;0.0;0.0
84;2021-01-04;174;0;220;1;0.0;0.0
84;2021-01-05;467;1;687;2;0.0;0.0
84;2021-01-06;1135;0;1822;2;0.0;0.0
84;2021-01-07;2845;3;4667;5;0.1;0.0
84;2021-01-08;3076;3;7743;8;0.1;0.0
84;2021-01-09;513;1;8256;9;0.1;0.0
84;2021-01-10;161;0;8417;9;0.1;0.0
84;2021-01-11;4284;8;12701;17;0.2;0.0
84;2021-01-12;6360;15;19061;32;0.2;0.0
84;2021-01-13;6838;14;25899;46;0.3;0.0
84;2021-01-14;9054;57;34953;103;0.4;0.0
84;2021-01-15;7763;28;42716;131;0.5;0.0
84;2021-01-16;2953;7;45669;138;0.6;0.0
84;2021-01-17;919;3;46588;141;0.6;0.0
84;2021-01-18;8958;34;55546;175;0.7;0.0
84;2021-01-19;15045;81;70591;256;0.9;0.0
84;2021-01-20;15491;34;86082;290;1.1;0.0
84;2021-01-21;14571;48;100653;338;1.3;0.0
84;2021-01-22;12404;43;113057;381;1.4;0.0
84;2021-01-23;4758;3;117815;384;1.5;0.0
84;2021-01-24;810;1;118625;385;1.5;0.0
84;2021-01-25;8757;146;127382;531;1.6;0.0
84;2021-01-26;11894;319;139276;850;1.7;0.0
84;2021-01-27;12059;615;151335;1465;1.9;0.0
84;2021-01-28;13805;1540;165140;3005;2.1;0.0
84;2021-01-29;10789;1309;175929;4314;2.2;0.1
84;2021-01-30;4138;147;180067;4461;2.2;0.1
84;2021-01-31;498;1;180565;4462;2.2;0.1
84;2021-02-01;6532;1886;187097;6348;2.3;0.1
84;2021-02-02;10587;3517;197684;9865;2.5;0.1
84;2021-02-03;11526;3923;209210;13788;2.6;0.2
84;2021-02-04;12550;5538;221760;19326;2.8;0.2
84;2021-02-05;8609;4695;230369;24021;2.9;0.3
84;2021-02-06;2651;957;233020;24978;2.9;0.3
84;2021-02-07;452;441;233472;25419;2.9;0.3
84;2021-02-08;6222;4968;239694;30387;3.0;0.4
84;2021-02-09;9341;8259;249035;38646;3.1;0.5
84;2021-02-10;9675;8614;258710;47260;3.2;0.6
84;2021-02-11;10689;9903;269399;57163;3.4;0.7
84;2021-02-12;9709;7934;279108;65097;3.5;0.8
84;2021-02-13;3497;2343;282605;67440;3.5;0.8
84;2021-02-14;623;457;283228;67897;3.5;0.8
84;2021-02-15;4871;8359;288099;76256;3.6;0.9
84;2021-02-16;6094;10771;294193;87027;3.7;1.1
84;2021-02-17;6047;11571;300240;98598;3.7;1.2
84;2021-02-18;7098;11765;307338;110363;3.8;1.4
84;2021-02-19;6643;9348;313981;119711;3.9;1.5
84;2021-02-20;1836;3271;315817;122982;3.9;1.5
84;2021-02-21;180;504;315997;123486;3.9;1.5
84;2021-02-22;4288;8851;320285;132337;4.0;1.6
84;2021-02-23;7278;11419;327563;143756;4.1;1.8
84;2021-02-24;7790;12026;335353;155782;4.2;1.9
84;2021-02-25;12723;13785;348076;169567;4.3;2.1
84;2021-02-26;14873;10346;362949;179913;4.5;2.2
84;2021-02-27;5558;2917;368507;182830;4.6;2.3
84;2021-02-28;500;514;369007;183344;4.6;2.3
84;2021-03-01;9287;6413;378294;189757;4.7;2.4
84;2021-03-02;14959;8802;393253;198559;4.9;2.5
84;2021-03-03;14793;8661;408046;207220;5.1;2.6
84;2021-03-04;20982;8434;429028;215654;5.3;2.7
84;2021-03-05;25766;7671;454794;223325;5.7;2.8
84;2021-03-06;19492;2371;474286;225696;5.9;2.8
84;2021-03-07;8413;454;482699;226150;6.0;2.8
84;2021-03-08;12201;6793;494900;232943;6.2;2.9
84;2021-03-09;20664;7687;515564;240630;6.4;3.0
84;2021-03-10;20218;7517;535782;248147;6.7;3.1
84;2021-03-11;29438;8118;565220;256265;7.0;3.2
84;2021-03-12;36159;7657;601379;263922;7.5;3.3
84;2021-03-13;21417;1859;622796;265781;7.8;3.3
84;2021-03-14;4682;469;627478;266250;7.8;3.3
84;2021-03-15;18848;4783;646326;271033;8.0;3.4
84;2021-03-16;17049;6101;663375;277134;8.3;3.5
84;2021-03-17;17571;6465;680946;283599;8.5;3.5
84;2021-03-18;21494;6934;702440;290533;8.7;3.6
84;2021-03-19;28961;5490;731401;296023;9.1;3.7
84;2021-03-20;14535;1399;745936;297422;9.3;3.7
84;2021-03-21;3236;269;749172;297691;9.3;3.7
84;2021-03-22;19729;5134;768901;302825;9.6;3.8
84;2021-03-23;30772;5949;799673;308774;10.0;3.8
84;2021-03-24;29939;5863;829612;314637;10.3;3.9
84;2021-03-25;41533;6457;871145;321094;10.8;4.0
84;2021-03-26;42927;6745;914072;327839;11.4;4.1
84;2021-03-27;18181;2913;932253;330752;11.6;4.1
84;2021-03-28;6503;590;938756;331342;11.7;4.1
84;2021-03-29;22928;7917;961684;339259;12.0;4.2
84;2021-03-30;34909;10157;996593;349416;12.4;4.4
84;2021-03-31;29563;10995;1026156;360411;12.8;4.5
84;2021-04-01;37213;11426;1063369;371837;13.2;4.6
84;2021-04-02;34844;11345;1098213;383182;13.7;4.8
84;2021-04-03;14780;6221;1112993;389403;13.9;4.8
84;2021-04-04;9928;1999;1122921;391402;14.0;4.9
84;2021-04-05;13521;1665;1136442;393067;14.1;4.9
84;2021-04-06;26267;13224;1162709;406291;14.5;5.1
84;2021-04-07;29473;14674;1192182;420965;14.8;5.2
84;2021-04-08;39619;15452;1231801;436417;15.3;5.4
84;2021-04-09;49343;15059;1281144;451476;15.9;5.6
84;2021-04-10;20436;8125;1301580;459601;16.2;5.7
84;2021-04-11;7213;2699;1308793;462300;16.3;5.8
84;2021-04-12;27281;15578;1336074;477878;16.6;5.9
84;2021-04-13;36067;19370;1372141;497248;17.1;6.2
84;2021-04-14;34575;18261;1406716;515509;17.5;6.4
84;2021-04-15;40056;19691;1446772;535200;18.0;6.7
84;2021-04-16;38142;20076;1484914;555276;18.5;6.9
84;2021-04-17;20453;9030;1505367;564306;18.7;7.0
84;2021-04-18;6836;2706;1512203;567012;18.8;7.1
84;2021-04-19;26189;18580;1538392;585592;19.2;7.3
84;2021-04-20;31170;22499;1569562;608091;19.5;7.6
84;2021-04-21;28020;21470;1597582;629561;19.9;7.8
84;2021-04-22;32214;22626;1629796;652187;20.3;8.1
84;2021-04-23;32670;23089;1662466;675276;20.7;8.4
84;2021-04-24;17846;11898;1680312;687174;20.9;8.6
84;2021-04-25;7132;4281;1687444;691455;21.0;8.6
84;2021-04-26;23691;20045;1711135;711500;21.3;8.9
84;2021-04-27;31740;25270;1742875;736770;21.7;9.2
84;2021-04-28;32460;24843;1775335;761613;22.1;9.5
84;2021-04-29;39620;26558;1814955;788171;22.6;9.8
84;2021-04-30;38126;27863;1853081;816034;23.1;10.2
84;2021-05-01;17151;5370;1870232;821404;23.3;10.2
84;2021-05-02;7967;8582;1878199;829986;23.4;10.3
84;2021-05-03;30285;27500;1908484;857486;23.8;10.7
84;2021-05-04;37117;33744;1945601;891230;24.2;11.1
84;2021-05-05;40193;30180;1985794;921410;24.7;11.5
84;2021-05-06;46558;32646;2032352;954056;25.3;11.9
84;2021-05-07;46878;36808;2079230;990864;25.9;12.3
84;2021-05-08;20829;7615;2100059;998479;26.1;12.4
84;2021-05-09;15833;8899;2115892;1007378;26.3;12.5
84;2021-05-10;35740;31973;2151632;1039351;26.8;12.9
84;2021-05-11;52452;36227;2204084;1075578;27.4;13.4
84;2021-05-12;56273;31829;2260357;1107407;28.1;13.8
84;2021-05-13;47142;10482;2307499;1117889;28.7;13.9
84;2021-05-14;57126;24953;2364625;1142842;29.4;14.2
84;2021-05-15;43875;13582;2408500;1156424;30.0;14.4
84;2021-05-16;30306;5099;2438806;1161523;30.4;14.5
84;2021-05-17;48125;24899;2486931;1186422;31.0;14.8
84;2021-05-18;58783;27333;2545714;1213755;31.7;15.1
84;2021-05-19;58151;23509;2603865;1237264;32.4;15.4
84;2021-05-20;61320;27012;2665185;1264276;33.2;15.7
84;2021-05-21;60720;29365;2725905;1293641;33.9;16.1
84;2021-05-22;40328;12886;2766233;1306527;34.4;16.3
84;2021-05-23;21318;3964;2787551;1310491;34.7;16.3
84;2021-05-24;39486;8513;2827037;1319004;35.2;16.4
84;2021-05-25;50175;31645;2877212;1350649;35.8;16.8
84;2021-05-26;49616;28902;2926828;1379551;36.4;17.2
84;2021-05-27;55583;31816;2982411;1411367;37.1;17.6
84;2021-05-28;54662;40478;3037073;1451845;37.8;18.1
84;2021-05-29;37551;22369;3074624;1474214;38.3;18.4
84;2021-05-30;16109;7257;3090733;1481471;38.5;18.4
84;2021-05-31;44250;29396;3134983;1510867;39.0;18.8
84;2021-06-01;48243;36616;3183226;1547483;39.6;19.3
84;2021-06-02;47653;31178;3230879;1578661;40.2;19.7
84;2021-06-03;55969;36542;3286848;1615203;40.9;20.1
84;2021-06-04;54542;42341;3341390;1657544;41.6;20.6
84;2021-06-05;38032;21653;3379422;1679197;42.1;20.9
84;2021-06-06;15894;6268;3395316;1685465;42.3;21.0
84;2021-06-07;41293;35115;3436609;1720580;42.8;21.4
84;2021-06-08;45641;37969;3482250;1758549;43.4;21.9
84;2021-06-09;40547;33774;3522797;1792323;43.9;22.3
84;2021-06-10;41106;33807;3563903;1826130;44.4;22.7
84;2021-06-11;43209;46234;3607112;1872364;44.9;23.3
84;2021-06-12;28093;22866;3635205;1895230;45.3;23.6
84;2021-06-13;8602;7086;3643807;1902316;45.4;23.7
84;2021-06-14;25494;44490;3669301;1946806;45.7;24.2
84;2021-06-15;31483;49205;3700784;1996011;46.1;24.8
84;2021-06-16;33173;45333;3733957;2041344;46.5;25.4
84;2021-06-17;30211;46796;3764168;2088140;46.9;26.0
93;2020-12-27;0;0;0;0;0.0;0.0
93;2020-12-28;2;0;2;0;0.0;0.0
93;2020-12-29;1;0;3;0;0.0;0.0
93;2020-12-30;3;0;6;0;0.0;0.0
93;2020-12-31;19;0;25;0;0.0;0.0
93;2021-01-01;13;0;38;0;0.0;0.0
93;2021-01-02;2;0;40;0;0.0;0.0
93;2021-01-03;2;0;42;0;0.0;0.0
93;2021-01-04;133;1;175;1;0.0;0.0
93;2021-01-05;251;1;426;2;0.0;0.0
93;2021-01-06;409;0;835;2;0.0;0.0
93;2021-01-07;1245;2;2080;4;0.0;0.0
93;2021-01-08;1562;2;3642;6;0.1;0.0
93;2021-01-09;540;1;4182;7;0.1;0.0
93;2021-01-10;74;0;4256;7;0.1;0.0
93;2021-01-11;2408;1;6664;8;0.1;0.0
93;2021-01-12;5086;6;11750;14;0.2;0.0
93;2021-01-13;4443;14;16193;28;0.3;0.0
93;2021-01-14;5538;49;21731;77;0.4;0.0
93;2021-01-15;4922;15;26653;92;0.5;0.0
93;2021-01-16;1677;4;28330;96;0.6;0.0
93;2021-01-17;299;1;28629;97;0.6;0.0
93;2021-01-18;7155;29;35784;126;0.7;0.0
93;2021-01-19;13519;32;49303;158;1.0;0.0
93;2021-01-20;12243;33;61546;191;1.2;0.0
93;2021-01-21;12302;45;73848;236;1.5;0.0
93;2021-01-22;10170;25;84018;261;1.7;0.0
93;2021-01-23;3325;6;87343;267;1.7;0.0
93;2021-01-24;537;4;87880;271;1.7;0.0
93;2021-01-25;7246;39;95126;310;1.9;0.0
93;2021-01-26;10065;136;105191;446;2.1;0.0
93;2021-01-27;9683;288;114874;734;2.3;0.0
93;2021-01-28;13663;828;128537;1562;2.5;0.0
93;2021-01-29;9841;978;138378;2540;2.7;0.1
93;2021-01-30;2240;159;140618;2699;2.8;0.1
93;2021-01-31;303;5;140921;2704;2.8;0.1
93;2021-02-01;5159;1518;146080;4222;2.9;0.1
93;2021-02-02;6642;2379;152722;6601;3.0;0.1
93;2021-02-03;5022;1819;157744;8420;3.1;0.2
93;2021-02-04;5533;3159;163277;11579;3.2;0.2
93;2021-02-05;6106;4125;169383;15704;3.4;0.3
93;2021-02-06;1245;970;170628;16674;3.4;0.3
93;2021-02-07;280;81;170908;16755;3.4;0.3
93;2021-02-08;4301;3746;175209;20501;3.5;0.4
93;2021-02-09;5886;7102;181095;27603;3.6;0.5
93;2021-02-10;5951;5885;187046;33488;3.7;0.7
93;2021-02-11;6595;6718;193641;40206;3.8;0.8
93;2021-02-12;5717;6479;199358;46685;3.9;0.9
93;2021-02-13;1127;1449;200485;48134;4.0;1.0
93;2021-02-14;73;384;200558;48518;4.0;1.0
93;2021-02-15;2412;5638;202970;54156;4.0;1.1
93;2021-02-16;3190;7705;206160;61861;4.1;1.2
93;2021-02-17;3604;8526;209764;70387;4.1;1.4
93;2021-02-18;6004;11418;215768;81805;4.3;1.6
93;2021-02-19;5635;8672;221403;90477;4.4;1.8
93;2021-02-20;877;1800;222280;92277;4.4;1.8
93;2021-02-21;68;417;222348;92694;4.4;1.8
93;2021-02-22;3027;6995;225375;99689;4.5;2.0
93;2021-02-23;3958;7243;229333;106932;4.5;2.1
93;2021-02-24;4748;6796;234081;113728;4.6;2.2
93;2021-02-25;8242;6660;242323;120388;4.8;2.4
93;2021-02-26;8270;6172;250593;126560;5.0;2.5
93;2021-02-27;3284;1487;253877;128047;5.0;2.5
93;2021-02-28;303;238;254180;128285;5.0;2.5
93;2021-03-01;5645;4482;259825;132767;5.1;2.6
93;2021-03-02;7211;5928;267036;138695;5.3;2.7
93;2021-03-03;8980;6549;276016;145244;5.5;2.9
93;2021-03-04;12050;6445;288066;151689;5.7;3.0
93;2021-03-05;12188;6089;300254;157778;5.9;3.1
93;2021-03-06;22770;1281;323024;159059;6.4;3.1
93;2021-03-07;17975;588;340999;159647;6.7;3.2
93;2021-03-08;10236;5252;351235;164899;6.9;3.3
93;2021-03-09;13947;5553;365182;170452;7.2;3.4
93;2021-03-10;14485;5260;379667;175712;7.5;3.5
93;2021-03-11;20372;6136;400039;181848;7.9;3.6
93;2021-03-12;21897;5277;421936;187125;8.3;3.7
93;2021-03-13;24579;1209;446515;188334;8.8;3.7
93;2021-03-14;6468;255;452983;188589;9.0;3.7
93;2021-03-15;15934;3102;468917;191691;9.3;3.8
93;2021-03-16;12713;3631;481630;195322;9.5;3.9
93;2021-03-17;15986;4624;497616;199946;9.8;4.0
93;2021-03-18;17028;4886;514644;204832;10.2;4.1
93;2021-03-19;21011;4680;535655;209512;10.6;4.1
93;2021-03-20;10988;1311;546643;210823;10.8;4.2
93;2021-03-21;3254;129;549897;210952;10.9;4.2
93;2021-03-22;17082;3544;566979;214496;11.2;4.2
93;2021-03-23;22642;3861;589621;218357;11.7;4.3
93;2021-03-24;21964;6616;611585;224973;12.1;4.4
93;2021-03-25;28990;6497;640575;231470;12.7;4.6
93;2021-03-26;29860;4998;670435;236468;13.3;4.7
93;2021-03-27;12438;1626;682873;238094;13.5;4.7
93;2021-03-28;3564;100;686437;238194;13.6;4.7
93;2021-03-29;18482;5318;704919;243512;13.9;4.8
93;2021-03-30;28450;6654;733369;250166;14.5;4.9
93;2021-03-31;28757;6607;762126;256773;15.1;5.1
93;2021-04-01;30705;7457;792831;264230;15.7;5.2
93;2021-04-02;26891;8445;819722;272675;16.2;5.4
93;2021-04-03;9742;4972;829464;277647;16.4;5.5
93;2021-04-04;2113;1250;831577;278897;16.4;5.5
93;2021-04-05;6053;1552;837630;280449;16.6;5.5
93;2021-04-06;23388;10004;861018;290453;17.0;5.7
93;2021-04-07;26050;11657;887068;302110;17.5;6.0
93;2021-04-08;28807;14945;915875;317055;18.1;6.3
93;2021-04-09;33533;14573;949408;331628;18.8;6.6
93;2021-04-10;14801;8160;964209;339788;19.1;6.7
93;2021-04-11;3625;2958;967834;342746;19.1;6.8
93;2021-04-12;20571;12187;988405;354933;19.6;7.0
93;2021-04-13;25478;15200;1013883;370133;20.1;7.3
93;2021-04-14;25159;15221;1039042;385354;20.6;7.6
93;2021-04-15;26961;15617;1066003;400971;21.1;7.9
93;2021-04-16;27862;16423;1093865;417394;21.6;8.3
93;2021-04-17;12807;7716;1106672;425110;21.9;8.4
93;2021-04-18;5247;2957;1111919;428067;22.0;8.5
93;2021-04-19;19068;15943;1130987;444010;22.4;8.8
93;2021-04-20;21309;18726;1152296;462736;22.8;9.2
93;2021-04-21;23846;18271;1176142;481007;23.3;9.5
93;2021-04-22;25809;19204;1201951;500211;23.8;9.9
93;2021-04-23;25293;18130;1227244;518341;24.3;10.3
93;2021-04-24;11532;8691;1238776;527032;24.5;10.4
93;2021-04-25;3202;2138;1241978;529170;24.6;10.5
93;2021-04-26;16420;15842;1258398;545012;24.9;10.8
93;2021-04-27;19422;20149;1277820;565161;25.3;11.2
93;2021-04-28;21371;20086;1299191;585247;25.7;11.6
93;2021-04-29;27838;21740;1327029;606987;26.2;12.0
93;2021-04-30;27217;20575;1354246;627562;26.8;12.4
93;2021-05-01;11562;5271;1365808;632833;27.0;12.5
93;2021-05-02;4056;1884;1369864;634717;27.1;12.6
93;2021-05-03;20374;18158;1390238;652875;27.5;12.9
93;2021-05-04;20722;22711;1410960;675586;27.9;13.4
93;2021-05-05;19398;21495;1430358;697081;28.3;13.8
93;2021-05-06;24723;21619;1455081;718700;28.8;14.2
93;2021-05-07;22338;24985;1477419;743685;29.2;14.7
93;2021-05-08;13263;6852;1490682;750537;29.5;14.8
93;2021-05-09;3454;2311;1494136;752848;29.6;14.9
93;2021-05-10;18474;22581;1512610;775429;29.9;15.3
93;2021-05-11;25223;25603;1537833;801032;30.4;15.8
93;2021-05-12;32162;22493;1569995;823525;31.1;16.3
93;2021-05-13;27677;7826;1597672;831351;31.6;16.4
93;2021-05-14;34948;16335;1632620;847686;32.3;16.8
93;2021-05-15;29214;10212;1661834;857898;32.9;17.0
93;2021-05-16;12721;2503;1674555;860401;33.1;17.0
93;2021-05-17;25176;17364;1699731;877765;33.6;17.4
93;2021-05-18;29726;16664;1729457;894429;34.2;17.7
93;2021-05-19;29657;15129;1759114;909558;34.8;18.0
93;2021-05-20;32554;16664;1791668;926222;35.4;18.3
93;2021-05-21;33552;17821;1825220;944043;36.1;18.7
93;2021-05-22;18507;7663;1843727;951706;36.5;18.8
93;2021-05-23;5892;2009;1849619;953715;36.6;18.9
93;2021-05-24;17425;4975;1867044;958690;36.9;19.0
93;2021-05-25;23513;20428;1890557;979118;37.4;19.4
93;2021-05-26;24431;21875;1914988;1000993;37.9;19.8
93;2021-05-27;26262;23281;1941250;1024274;38.4;20.3
93;2021-05-28;22719;26601;1963969;1050875;38.8;20.8
93;2021-05-29;13120;14352;1977089;1065227;39.1;21.1
93;2021-05-30;2580;3181;1979669;1068408;39.2;21.1
93;2021-05-31;20695;21248;2000364;1089656;39.6;21.6
93;2021-06-01;24114;26085;2024478;1115741;40.0;22.1
93;2021-06-02;22131;26062;2046609;1141803;40.5;22.6
93;2021-06-03;27470;27236;2074079;1169039;41.0;23.1
93;2021-06-04;27888;28300;2101967;1197339;41.6;23.7
93;2021-06-05;16249;14203;2118216;1211542;41.9;24.0
93;2021-06-06;4855;2788;2123071;1214330;42.0;24.0
93;2021-06-07;16823;24212;2139894;1238542;42.3;24.5
93;2021-06-08;20685;24074;2160579;1262616;42.7;25.0
93;2021-06-09;20126;25589;2180705;1288205;43.1;25.5
93;2021-06-10;20874;24512;2201579;1312717;43.5;26.0
93;2021-06-11;18812;30613;2220391;1343330;43.9;26.6
93;2021-06-12;12272;15206;2232663;1358536;44.2;26.9
93;2021-06-13;2546;3311;2235209;1361847;44.2;26.9
93;2021-06-14;12964;29317;2248173;1391164;44.5;27.5
93;2021-06-15;15991;30868;2264164;1422032;44.8;28.1
93;2021-06-16;16624;25532;2280788;1447564;45.1;28.6
93;2021-06-17;16598;27983;2297386;1475547;45.4;29.2
94;2020-12-27;0;0;0;0;0.0;0.0
94;2020-12-28;0;0;0;0;0.0;0.0
94;2020-12-29;0;0;0;0;0.0;0.0
94;2020-12-30;0;0;0;0;0.0;0.0
94;2020-12-31;0;0;0;0;0.0;0.0
94;2021-01-01;0;0;0;0;0.0;0.0
94;2021-01-02;0;0;0;0;0.0;0.0
94;2021-01-03;0;0;0;0;0.0;0.0
94;2021-01-04;2;0;2;0;0.0;0.0
94;2021-01-05;0;0;2;0;0.0;0.0
94;2021-01-06;53;0;55;0;0.0;0.0
94;2021-01-07;333;1;388;1;0.1;0.0
94;2021-01-08;310;0;698;1;0.2;0.0
94;2021-01-09;78;0;776;1;0.2;0.0
94;2021-01-10;34;0;810;1;0.2;0.0
94;2021-01-11;152;2;962;3;0.3;0.0
94;2021-01-12;209;1;1171;4;0.3;0.0
94;2021-01-13;203;0;1374;4;0.4;0.0
94;2021-01-14;264;1;1638;5;0.5;0.0
94;2021-01-15;403;0;2041;5;0.6;0.0
94;2021-01-16;200;1;2241;6;0.7;0.0
94;2021-01-17;89;1;2330;7;0.7;0.0
94;2021-01-18;471;2;2801;9;0.8;0.0
94;2021-01-19;982;0;3783;9;1.1;0.0
94;2021-01-20;808;0;4591;9;1.3;0.0
94;2021-01-21;807;1;5398;10;1.6;0.0
94;2021-01-22;724;0;6122;10;1.8;0.0
94;2021-01-23;243;0;6365;10;1.8;0.0
94;2021-01-24;147;0;6512;10;1.9;0.0
94;2021-01-25;422;2;6934;12;2.0;0.0
94;2021-01-26;790;7;7724;19;2.2;0.0
94;2021-01-27;663;55;8387;74;2.4;0.0
94;2021-01-28;699;230;9086;304;2.6;0.1
94;2021-01-29;620;229;9706;533;2.8;0.2
94;2021-01-30;204;74;9910;607;2.9;0.2
94;2021-01-31;150;12;10060;619;2.9;0.2
94;2021-02-01;459;147;10519;766;3.1;0.2
94;2021-02-02;643;196;11162;962;3.2;0.3
94;2021-02-03;783;167;11945;1129;3.5;0.3
94;2021-02-04;714;298;12659;1427;3.7;0.4
94;2021-02-05;647;201;13306;1628;3.9;0.5
94;2021-02-06;207;75;13513;1703;3.9;0.5
94;2021-02-07;126;58;13639;1761;4.0;0.5
94;2021-02-08;322;366;13961;2127;4.1;0.6
94;2021-02-09;713;616;14674;2743;4.3;0.8
94;2021-02-10;643;430;15317;3173;4.4;0.9
94;2021-02-11;678;497;15995;3670;4.6;1.1
94;2021-02-12;635;428;16630;4098;4.8;1.2
94;2021-02-13;301;72;16931;4170;4.9;1.2
94;2021-02-14;195;78;17126;4248;5.0;1.2
94;2021-02-15;377;310;17503;4558;5.1;1.3
94;2021-02-16;634;604;18137;5162;5.3;1.5
94;2021-02-17;592;482;18729;5644;5.4;1.6
94;2021-02-18;550;545;19279;6189;5.6;1.8
94;2021-02-19;309;611;19588;6800;5.7;2.0
94;2021-02-20;275;200;19863;7000;5.8;2.0
94;2021-02-21;84;84;19947;7084;5.8;2.1
94;2021-02-22;211;406;20158;7490;5.8;2.2
94;2021-02-23;352;648;20510;8138;6.0;2.4
94;2021-02-24;298;609;20808;8747;6.0;2.5
94;2021-02-25;348;608;21156;9355;6.1;2.7
94;2021-02-26;420;555;21576;9910;6.3;2.9
94;2021-02-27;368;152;21944;10062;6.4;2.9
94;2021-02-28;70;123;22014;10185;6.4;3.0
94;2021-03-01;360;413;22374;10598;6.5;3.1
94;2021-03-02;549;654;22923;11252;6.7;3.3
94;2021-03-03;530;692;23453;11944;6.8;3.5
94;2021-03-04;950;635;24403;12579;7.1;3.6
94;2021-03-05;1584;672;25987;13251;7.5;3.8
94;2021-03-06;1843;164;27830;13415;8.1;3.9
94;2021-03-07;1379;100;29209;13515;8.5;3.9
94;2021-03-08;1228;323;30437;13838;8.8;4.0
94;2021-03-09;1312;654;31749;14492;9.2;4.2
94;2021-03-10;1259;578;33008;15070;9.6;4.4
94;2021-03-11;1307;635;34315;15705;10.0;4.6
94;2021-03-12;1515;540;35830;16245;10.4;4.7
94;2021-03-13;1116;303;36946;16548;10.7;4.8
94;2021-03-14;537;184;37483;16732;10.9;4.9
94;2021-03-15;886;399;38369;17131;11.1;5.0
94;2021-03-16;1064;639;39433;17770;11.4;5.2
94;2021-03-17;1225;529;40658;18299;11.8;5.3
94;2021-03-18;994;530;41652;18829;12.1;5.5
94;2021-03-19;1284;339;42936;19168;12.5;5.6
94;2021-03-20;1730;288;44666;19456;13.0;5.6
94;2021-03-21;1126;82;45792;19538;13.3;5.7
94;2021-03-22;888;187;46680;19725;13.5;5.7
94;2021-03-23;1302;319;47982;20044;13.9;5.8
94;2021-03-24;1686;303;49668;20347;14.4;5.9
94;2021-03-25;1750;293;51418;20640;14.9;6.0
94;2021-03-26;2022;343;53440;20983;15.5;6.1
94;2021-03-27;2270;226;55710;21209;16.2;6.2
94;2021-03-28;1070;217;56780;21426;16.5;6.2
94;2021-03-29;1021;312;57801;21738;16.8;6.3
94;2021-03-30;1350;556;59151;22294;17.2;6.5
94;2021-03-31;1425;486;60576;22780;17.6;6.6
94;2021-04-01;1636;678;62212;23458;18.0;6.8
94;2021-04-02;1858;1189;64070;24647;18.6;7.2
94;2021-04-03;1890;1127;65960;25774;19.1;7.5
94;2021-04-04;770;842;66730;26616;19.4;7.7
94;2021-04-05;628;806;67358;27422;19.5;8.0
94;2021-04-06;1578;912;68936;28334;20.0;8.2
94;2021-04-07;2004;848;70940;29182;20.6;8.5
94;2021-04-08;2174;755;73114;29937;21.2;8.7
94;2021-04-09;2097;946;75211;30883;21.8;9.0
94;2021-04-10;2402;623;77613;31506;22.5;9.1
94;2021-04-11;1173;312;78786;31818;22.9;9.2
94;2021-04-12;1517;896;80303;32714;23.3;9.5
94;2021-04-13;1384;1007;81687;33721;23.7;9.8
94;2021-04-14;2084;1074;83771;34795;24.3;10.1
94;2021-04-15;1909;1027;85680;35822;24.9;10.4
94;2021-04-16;1775;1038;87455;36860;25.4;10.7
94;2021-04-17;1749;1372;89204;38232;25.9;11.1
94;2021-04-18;1232;1277;90436;39509;26.2;11.5
94;2021-04-19;1089;772;91525;40281;26.6;11.7
94;2021-04-20;1249;1189;92774;41470;26.9;12.0
94;2021-04-21;1780;1331;94554;42801;27.4;12.4
94;2021-04-22;1821;1371;96375;44172;28.0;12.8
94;2021-04-23;1644;1401;98019;45573;28.4;13.2
94;2021-04-24;2031;1743;100050;47316;29.0;13.7
94;2021-04-25;1260;775;101310;48091;29.4;14.0
94;2021-04-26;1015;1145;102325;49236;29.7;14.3
94;2021-04-27;1307;1216;103632;50452;30.1;14.6
94;2021-04-28;2589;1265;106221;51717;30.8;15.0
94;2021-04-29;1969;1218;108190;52935;31.4;15.4
94;2021-04-30;2261;1877;110451;54812;32.0;15.9
94;2021-05-01;1423;1686;111874;56498;32.5;16.4
94;2021-05-02;1005;946;112879;57444;32.7;16.7
94;2021-05-03;1595;1066;114474;58510;33.2;17.0
94;2021-05-04;1554;1684;116028;60194;33.7;17.5
94;2021-05-05;1803;2357;117831;62551;34.2;18.1
94;2021-05-06;2185;1810;120016;64361;34.8;18.7
94;2021-05-07;2192;1813;122208;66174;35.5;19.2
94;2021-05-08;853;1351;123061;67525;35.7;19.6
94;2021-05-09;1160;1317;124221;68842;36.0;20.0
94;2021-05-10;1346;1533;125567;70375;36.4;20.4
94;2021-05-11;1560;1573;127127;71948;36.9;20.9
94;2021-05-12;1727;1370;128854;73318;37.4;21.3
94;2021-05-13;1904;502;130758;73820;37.9;21.4
94;2021-05-14;1503;1250;132261;75070;38.4;21.8
94;2021-05-15;1447;993;133708;76063;38.8;22.1
94;2021-05-16;1001;664;134709;76727;39.1;22.3
94;2021-05-17;1570;965;136279;77692;39.5;22.5
94;2021-05-18;1537;852;137816;78544;40.0;22.8
94;2021-05-19;1527;892;139343;79436;40.4;23.0
94;2021-05-20;1332;886;140675;80322;40.8;23.3
94;2021-05-21;1198;977;141873;81299;41.2;23.6
94;2021-05-22;996;694;142869;81993;41.4;23.8
94;2021-05-23;680;327;143549;82320;41.6;23.9
94;2021-05-24;161;146;143710;82466;41.7;23.9
94;2021-05-25;943;856;144653;83322;42.0;24.2
94;2021-05-26;941;1953;145594;85275;42.2;24.7
94;2021-05-27;820;2237;146414;87512;42.5;25.4
94;2021-05-28;813;1819;147227;89331;42.7;25.9
94;2021-05-29;637;1252;147864;90583;42.9;26.3
94;2021-05-30;222;548;148086;91131;43.0;26.4
94;2021-05-31;547;1241;148633;92372;43.1;26.8
94;2021-06-01;729;1765;149362;94137;43.3;27.3
94;2021-06-02;610;1925;149972;96062;43.5;27.9
94;2021-06-03;773;1642;150745;97704;43.7;28.3
94;2021-06-04;601;2343;151346;100047;43.9;29.0
94;2021-06-05;552;1934;151898;101981;44.1;29.6
94;2021-06-06;213;1040;152111;103021;44.1;29.9
94;2021-06-07;437;1607;152548;104628;44.3;30.4
94;2021-06-08;741;1869;153289;106497;44.5;30.9
94;2021-06-09;799;2487;154088;108984;44.7;31.6
94;2021-06-10;669;1791;154757;110775;44.9;32.1
94;2021-06-11;694;2293;155451;113068;45.1;32.8
94;2021-06-12;346;1202;155797;114270;45.2;33.2
94;2021-06-13;202;854;155999;115124;45.3;33.4
94;2021-06-14;420;2036;156419;117160;45.4;34.0
94;2021-06-15;540;1723;156959;118883;45.5;34.5
94;2021-06-16;573;1712;157532;120595;45.7;35.0
94;2021-06-17;601;1626;158133;122221;45.9;35.5
