fra;clage_vacsi;jour;n_dose1;n_complet;n_cum_dose1;n_cum_complet;couv_dose1;couv_complet
FR;24;2020-12-27;1;0;1;0;0.0;0.0
FR;24;2020-12-28;2;0;3;0;0.0;0.0
FR;24;2020-12-29;0;0;3;0;0.0;0.0
FR;24;2020-12-30;0;0;3;0;0.0;0.0
FR;24;2020-12-31;0;0;3;0;0.0;0.0
FR;24;2021-01-01;1;0;4;0;0.0;0.0
FR;24;2021-01-02;0;0;4;0;0.0;0.0
FR;24;2021-01-03;2;0;6;0;0.0;0.0
FR;24;2021-01-04;4;0;10;0;0.0;0.0
FR;24;2021-01-05;17;0;27;0;0.0;0.0
FR;24;2021-01-06;36;0;63;0;0.0;0.0
FR;24;2021-01-07;180;0;243;0;0.0;0.0
FR;24;2021-01-08;216;0;459;0;0.0;0.0
FR;24;2021-01-09;40;0;499;0;0.0;0.0
FR;24;2021-01-10;35;0;534;0;0.0;0.0
FR;24;2021-01-11;251;2;785;2;0.0;0.0
FR;24;2021-01-12;396;3;1181;5;0.0;0.0
FR;24;2021-01-13;477;3;1658;8;0.0;0.0
FR;24;2021-01-14;612;5;2270;13;0.0;0.0
FR;24;2021-01-15;592;1;2862;14;0.1;0.0
FR;24;2021-01-16;117;3;2979;17;0.1;0.0
FR;24;2021-01-17;94;0;3073;17;0.1;0.0
FR;24;2021-01-18;508;3;3581;20;0.1;0.0
FR;24;2021-01-19;595;3;4176;23;0.1;0.0
FR;24;2021-01-20;649;0;4825;23;0.1;0.0
FR;24;2021-01-21;756;4;5581;27;0.1;0.0
FR;24;2021-01-22;599;4;6180;31;0.1;0.0
FR;24;2021-01-23;116;0;6296;31;0.1;0.0
FR;24;2021-01-24;22;0;6318;31;0.1;0.0
FR;24;2021-01-25;294;3;6612;34;0.1;0.0
FR;24;2021-01-26;366;12;6978;46;0.1;0.0
FR;24;2021-01-27;440;14;7418;60;0.1;0.0
FR;24;2021-01-28;595;50;8013;110;0.1;0.0
FR;24;2021-01-29;467;82;8480;192;0.2;0.0
FR;24;2021-01-30;87;16;8567;208;0.2;0.0
FR;24;2021-01-31;25;13;8592;221;0.2;0.0
FR;24;2021-02-01;157;134;8749;355;0.2;0.0
FR;24;2021-02-02;215;182;8964;537;0.2;0.0
FR;24;2021-02-03;216;185;9180;722;0.2;0.0
FR;24;2021-02-04;358;315;9538;1037;0.2;0.0
FR;24;2021-02-05;345;343;9883;1380;0.2;0.0
FR;24;2021-02-06;83;71;9966;1451;0.2;0.0
FR;24;2021-02-07;169;31;10135;1482;0.2;0.0
FR;24;2021-02-08;388;358;10523;1840;0.2;0.0
FR;24;2021-02-09;744;457;11267;2297;0.2;0.0
FR;24;2021-02-10;1089;595;12356;2892;0.2;0.1
FR;24;2021-02-11;1573;701;13929;3593;0.3;0.1
FR;24;2021-02-12;1622;563;15551;4156;0.3;0.1
FR;24;2021-02-13;292;91;15843;4247;0.3;0.1
FR;24;2021-02-14;62;30;15905;4277;0.3;0.1
FR;24;2021-02-15;1038;375;16943;4652;0.3;0.1
FR;24;2021-02-16;1562;573;18505;5225;0.3;0.1
FR;24;2021-02-17;1492;490;19997;5715;0.4;0.1
FR;24;2021-02-18;1944;625;21941;6340;0.4;0.1
FR;24;2021-02-19;1854;552;23795;6892;0.4;0.1
FR;24;2021-02-20;333;87;24128;6979;0.4;0.1
FR;24;2021-02-21;40;18;24168;6997;0.4;0.1
FR;24;2021-02-22;1166;280;25334;7277;0.5;0.1
FR;24;2021-02-23;1587;384;26921;7661;0.5;0.1
FR;24;2021-02-24;1649;326;28570;7987;0.5;0.1
FR;24;2021-02-25;2268;460;30838;8447;0.6;0.2
FR;24;2021-02-26;2192;383;33030;8830;0.6;0.2
FR;24;2021-02-27;532;82;33562;8912;0.6;0.2
FR;24;2021-02-28;93;15;33655;8927;0.6;0.2
FR;24;2021-03-01;1256;226;34911;9153;0.6;0.2
FR;24;2021-03-02;1658;290;36569;9443;0.7;0.2
FR;24;2021-03-03;1753;342;38322;9785;0.7;0.2
FR;24;2021-03-04;2114;488;40436;10273;0.7;0.2
FR;24;2021-03-05;3282;468;43718;10741;0.8;0.2
FR;24;2021-03-06;1701;128;45419;10869;0.8;0.2
FR;24;2021-03-07;979;61;46398;10930;0.9;0.2
FR;24;2021-03-08;1957;232;48355;11162;0.9;0.2
FR;24;2021-03-09;2598;287;50953;11449;0.9;0.2
FR;24;2021-03-10;2429;339;53382;11788;1.0;0.2
FR;24;2021-03-11;2914;480;56296;12268;1.0;0.2
FR;24;2021-03-12;3809;417;60105;12685;1.1;0.2
FR;24;2021-03-13;1476;89;61581;12774;1.1;0.2
FR;24;2021-03-14;532;35;62113;12809;1.1;0.2
FR;24;2021-03-15;1830;237;63943;13046;1.2;0.2
FR;24;2021-03-16;823;309;64766;13355;1.2;0.2
FR;24;2021-03-17;1070;318;65836;13673;1.2;0.3
FR;24;2021-03-18;1299;435;67135;14108;1.2;0.3
FR;24;2021-03-19;1863;355;68998;14463;1.3;0.3
FR;24;2021-03-20;831;87;69829;14550;1.3;0.3
FR;24;2021-03-21;633;52;70462;14602;1.3;0.3
FR;24;2021-03-22;1501;285;71963;14887;1.3;0.3
FR;24;2021-03-23;1794;396;73757;15283;1.4;0.3
FR;24;2021-03-24;2154;351;75911;15634;1.4;0.3
FR;24;2021-03-25;2556;491;78467;16125;1.4;0.3
FR;24;2021-03-26;3157;476;81624;16601;1.5;0.3
FR;24;2021-03-27;1895;194;83519;16795;1.5;0.3
FR;24;2021-03-28;1009;73;84528;16868;1.6;0.3
FR;24;2021-03-29;2437;366;86965;17234;1.6;0.3
FR;24;2021-03-30;3607;515;90572;17749;1.7;0.3
FR;24;2021-03-31;4134;521;94706;18270;1.7;0.3
FR;24;2021-04-01;5400;742;100106;19012;1.8;0.4
FR;24;2021-04-02;4450;620;104556;19632;1.9;0.4
FR;24;2021-04-03;1747;338;106303;19970;2.0;0.4
FR;24;2021-04-04;954;123;107257;20093;2.0;0.4
FR;24;2021-04-05;1093;128;108350;20221;2.0;0.4
FR;24;2021-04-06;3538;574;111888;20795;2.1;0.4
FR;24;2021-04-07;4773;800;116661;21595;2.2;0.4
FR;24;2021-04-08;6353;1100;123014;22695;2.3;0.4
FR;24;2021-04-09;5763;1033;128777;23728;2.4;0.4
FR;24;2021-04-10;2624;557;131401;24285;2.4;0.4
FR;24;2021-04-11;1255;307;132656;24592;2.4;0.5
FR;24;2021-04-12;3432;919;136088;25511;2.5;0.5
FR;24;2021-04-13;4748;1140;140836;26651;2.6;0.5
FR;24;2021-04-14;4933;1300;145769;27951;2.7;0.5
FR;24;2021-04-15;5176;1562;150945;29513;2.8;0.5
FR;24;2021-04-16;4783;1670;155728;31183;2.9;0.6
FR;24;2021-04-17;2115;795;157843;31978;2.9;0.6
FR;24;2021-04-18;721;435;158564;32413;2.9;0.6
FR;24;2021-04-19;2908;1507;161472;33920;3.0;0.6
FR;24;2021-04-20;3092;2112;164564;36032;3.0;0.7
FR;24;2021-04-21;3409;2457;167973;38489;3.1;0.7
FR;24;2021-04-22;3993;3110;171966;41599;3.2;0.8
FR;24;2021-04-23;4148;3268;176114;44867;3.2;0.8
FR;24;2021-04-24;2379;1672;178493;46539;3.3;0.9
FR;24;2021-04-25;1216;800;179709;47339;3.3;0.9
FR;24;2021-04-26;3055;2168;182764;49507;3.4;0.9
FR;24;2021-04-27;3879;3155;186643;52662;3.4;1.0
FR;24;2021-04-28;4380;3724;191023;56386;3.5;1.0
FR;24;2021-04-29;5427;4425;196450;60811;3.6;1.1
FR;24;2021-04-30;6151;4596;202601;65407;3.7;1.2
FR;24;2021-05-01;3942;1071;206543;66478;3.8;1.2
FR;24;2021-05-02;2736;900;209279;67378;3.9;1.2
FR;24;2021-05-03;6253;4123;215532;71501;4.0;1.3
FR;24;2021-05-04;7484;4699;223016;76200;4.1;1.4
FR;24;2021-05-05;8654;4919;231670;81119;4.3;1.5
FR;24;2021-05-06;10794;6347;242464;87466;4.5;1.6
FR;24;2021-05-07;11943;6378;254407;93844;4.7;1.7
FR;24;2021-05-08;9537;2494;263944;96338;4.9;1.8
FR;24;2021-05-09;6861;1925;270805;98263;5.0;1.8
FR;24;2021-05-10;10883;4917;281688;103180;5.2;1.9
FR;24;2021-05-11;15371;5715;297059;108895;5.5;2.0
FR;24;2021-05-12;22335;6085;319394;114980;5.9;2.1
FR;24;2021-05-13;26940;2969;346334;117949;6.4;2.2
FR;24;2021-05-14;31847;5447;378181;123396;7.0;2.3
FR;24;2021-05-15;33276;3884;411457;127280;7.6;2.3
FR;24;2021-05-16;21878;1956;433335;129236;8.0;2.4
FR;24;2021-05-17;29229;5152;462564;134388;8.5;2.5
FR;24;2021-05-18;37364;5962;499928;140350;9.2;2.6
FR;24;2021-05-19;39509;6969;539437;147319;9.9;2.7
FR;24;2021-05-20;45336;7335;584773;154654;10.8;2.9
FR;24;2021-05-21;46554;7078;631327;161732;11.6;3.0
FR;24;2021-05-22;44395;4426;675722;166158;12.5;3.1
FR;24;2021-05-23;23893;2273;699615;168431;12.9;3.1
FR;24;2021-05-24;34185;3532;733800;171963;13.5;3.2
FR;24;2021-05-25;44322;7672;778122;179635;14.3;3.3
FR;24;2021-05-26;43419;7060;821541;186695;15.1;3.4
FR;29;2020-12-27;0;0;0;0;0.0;0.0
FR;29;2020-12-28;1;0;1;0;0.0;0.0
FR;29;2020-12-29;0;0;1;0;0.0;0.0
FR;29;2020-12-30;0;0;1;0;0.0;0.0
FR;29;2020-12-31;0;0;1;0;0.0;0.0
FR;29;2021-01-01;2;0;3;0;0.0;0.0
FR;29;2021-01-02;2;0;5;0;0.0;0.0
FR;29;2021-01-03;2;0;7;0;0.0;0.0
FR;29;2021-01-04;10;0;17;0;0.0;0.0
FR;29;2021-01-05;42;0;59;0;0.0;0.0
FR;29;2021-01-06;142;0;201;0;0.0;0.0
FR;29;2021-01-07;306;1;507;1;0.0;0.0
FR;29;2021-01-08;518;2;1025;3;0.0;0.0
FR;29;2021-01-09;113;0;1138;3;0.0;0.0
FR;29;2021-01-10;91;0;1229;3;0.0;0.0
FR;29;2021-01-11;643;1;1872;4;0.1;0.0
FR;29;2021-01-12;931;7;2803;11;0.1;0.0
FR;29;2021-01-13;1212;6;4015;17;0.1;0.0
FR;29;2021-01-14;1561;10;5576;27;0.2;0.0
FR;29;2021-01-15;1306;2;6882;29;0.2;0.0
FR;29;2021-01-16;192;3;7074;32;0.2;0.0
FR;29;2021-01-17;158;0;7232;32;0.2;0.0
FR;29;2021-01-18;1039;4;8271;36;0.2;0.0
FR;29;2021-01-19;1146;5;9417;41;0.3;0.0
FR;29;2021-01-20;1192;2;10609;43;0.3;0.0
FR;29;2021-01-21;1454;5;12063;48;0.3;0.0
FR;29;2021-01-22;1148;5;13211;53;0.4;0.0
FR;29;2021-01-23;169;2;13380;55;0.4;0.0
FR;29;2021-01-24;52;0;13432;55;0.4;0.0
FR;29;2021-01-25;537;16;13969;71;0.4;0.0
FR;29;2021-01-26;662;35;14631;106;0.4;0.0
FR;29;2021-01-27;720;61;15351;167;0.4;0.0
FR;29;2021-01-28;1033;120;16384;287;0.4;0.0
FR;29;2021-01-29;802;170;17186;457;0.5;0.0
FR;29;2021-01-30;140;40;17326;497;0.5;0.0
FR;29;2021-01-31;33;26;17359;523;0.5;0.0
FR;29;2021-02-01;262;291;17621;814;0.5;0.0
FR;29;2021-02-02;404;372;18025;1186;0.5;0.0
FR;29;2021-02-03;455;458;18480;1644;0.5;0.0
FR;29;2021-02-04;607;716;19087;2360;0.5;0.1
FR;29;2021-02-05;532;747;19619;3107;0.5;0.1
FR;29;2021-02-06;141;106;19760;3213;0.5;0.1
FR;29;2021-02-07;304;64;20064;3277;0.5;0.1
FR;29;2021-02-08;603;801;20667;4078;0.6;0.1
FR;29;2021-02-09;1246;1011;21913;5089;0.6;0.1
FR;29;2021-02-10;1711;1128;23624;6217;0.6;0.2
FR;29;2021-02-11;2460;1408;26084;7625;0.7;0.2
FR;29;2021-02-12;2216;1208;28300;8833;0.8;0.2
FR;29;2021-02-13;426;155;28726;8988;0.8;0.2
FR;29;2021-02-14;133;81;28859;9069;0.8;0.2
FR;29;2021-02-15;1570;785;30429;9854;0.8;0.3
FR;29;2021-02-16;1917;1142;32346;10996;0.9;0.3
FR;29;2021-02-17;1883;930;34229;11926;0.9;0.3
FR;29;2021-02-18;2388;1147;36617;13073;1.0;0.4
FR;29;2021-02-19;2320;933;38937;14006;1.0;0.4
FR;29;2021-02-20;383;121;39320;14127;1.1;0.4
FR;29;2021-02-21;86;42;39406;14169;1.1;0.4
FR;29;2021-02-22;1361;519;40767;14688;1.1;0.4
FR;29;2021-02-23;1757;641;42524;15329;1.1;0.4
FR;29;2021-02-24;1783;533;44307;15862;1.2;0.4
FR;29;2021-02-25;2395;919;46702;16781;1.3;0.5
FR;29;2021-02-26;2570;643;49272;17424;1.3;0.5
FR;29;2021-02-27;607;107;49879;17531;1.3;0.5
FR;29;2021-02-28;112;28;49991;17559;1.3;0.5
FR;29;2021-03-01;1303;338;51294;17897;1.4;0.5
FR;29;2021-03-02;1794;576;53088;18473;1.4;0.5
FR;29;2021-03-03;1980;576;55068;19049;1.5;0.5
FR;29;2021-03-04;2456;726;57524;19775;1.5;0.5
FR;29;2021-03-05;3604;683;61128;20458;1.6;0.6
FR;29;2021-03-06;1628;135;62756;20593;1.7;0.6
FR;29;2021-03-07;819;95;63575;20688;1.7;0.6
FR;29;2021-03-08;1941;373;65516;21061;1.8;0.6
FR;29;2021-03-09;2634;453;68150;21514;1.8;0.6
FR;29;2021-03-10;2554;483;70704;21997;1.9;0.6
FR;29;2021-03-11;3326;783;74030;22780;2.0;0.6
FR;29;2021-03-12;3952;699;77982;23479;2.1;0.6
FR;29;2021-03-13;1619;126;79601;23605;2.1;0.6
FR;29;2021-03-14;564;60;80165;23665;2.2;0.6
FR;29;2021-03-15;1881;345;82046;24010;2.2;0.6
FR;29;2021-03-16;1116;491;83162;24501;2.2;0.7
FR;29;2021-03-17;1374;492;84536;24993;2.3;0.7
FR;29;2021-03-18;1642;665;86178;25658;2.3;0.7
FR;29;2021-03-19;2225;544;88403;26202;2.4;0.7
FR;29;2021-03-20;987;125;89390;26327;2.4;0.7
FR;29;2021-03-21;725;58;90115;26385;2.4;0.7
FR;29;2021-03-22;1656;402;91771;26787;2.5;0.7
FR;29;2021-03-23;2206;593;93977;27380;2.5;0.7
FR;29;2021-03-24;2528;557;96505;27937;2.6;0.8
FR;29;2021-03-25;3375;669;99880;28606;2.7;0.8
FR;29;2021-03-26;3727;680;103607;29286;2.8;0.8
FR;29;2021-03-27;2144;241;105751;29527;2.8;0.8
FR;29;2021-03-28;963;64;106714;29591;2.9;0.8
FR;29;2021-03-29;2758;510;109472;30101;2.9;0.8
FR;29;2021-03-30;3982;696;113454;30797;3.1;0.8
FR;29;2021-03-31;4500;788;117954;31585;3.2;0.8
FR;29;2021-04-01;5852;988;123806;32573;3.3;0.9
FR;29;2021-04-02;4881;899;128687;33472;3.5;0.9
FR;29;2021-04-03;1771;329;130458;33801;3.5;0.9
FR;29;2021-04-04;898;118;131356;33919;3.5;0.9
FR;29;2021-04-05;917;111;132273;34030;3.6;0.9
FR;29;2021-04-06;3491;743;135764;34773;3.7;0.9
FR;29;2021-04-07;4537;1094;140301;35867;3.8;1.0
FR;29;2021-04-08;6263;1424;146564;37291;3.9;1.0
FR;29;2021-04-09;6274;1252;152838;38543;4.1;1.0
FR;29;2021-04-10;2644;611;155482;39154;4.2;1.1
FR;29;2021-04-11;1162;333;156644;39487;4.2;1.1
FR;29;2021-04-12;3582;1022;160226;40509;4.3;1.1
FR;29;2021-04-13;4849;1479;165075;41988;4.4;1.1
FR;29;2021-04-14;4756;1500;169831;43488;4.6;1.2
FR;29;2021-04-15;5575;1796;175406;45284;4.7;1.2
FR;29;2021-04-16;4756;1863;180162;47147;4.8;1.3
FR;29;2021-04-17;2227;909;182389;48056;4.9;1.3
FR;29;2021-04-18;767;516;183156;48572;4.9;1.3
FR;29;2021-04-19;2838;1751;185994;50323;5.0;1.4
FR;29;2021-04-20;3469;2475;189463;52798;5.1;1.4
FR;29;2021-04-21;3440;2764;192903;55562;5.2;1.5
FR;29;2021-04-22;4409;3815;197312;59377;5.3;1.6
FR;29;2021-04-23;4546;3741;201858;63118;5.4;1.7
FR;29;2021-04-24;2682;1816;204540;64934;5.5;1.7
FR;29;2021-04-25;1178;735;205718;65669;5.5;1.8
FR;29;2021-04-26;2940;2453;208658;68122;5.6;1.8
FR;29;2021-04-27;3964;3585;212622;71707;5.7;1.9
FR;29;2021-04-28;4634;4002;217256;75709;5.8;2.0
FR;29;2021-04-29;5845;4949;223101;80658;6.0;2.2
FR;29;2021-04-30;6403;5167;229504;85825;6.2;2.3
FR;29;2021-05-01;4202;1207;233706;87032;6.3;2.3
FR;29;2021-05-02;2592;906;236298;87938;6.4;2.4
FR;29;2021-05-03;6802;4276;243100;92214;6.5;2.5
FR;29;2021-05-04;8084;5169;251184;97383;6.8;2.6
FR;29;2021-05-05;9552;5144;260736;102527;7.0;2.8
FR;29;2021-05-06;11155;6498;271891;109025;7.3;2.9
FR;29;2021-05-07;11565;6571;283456;115596;7.6;3.1
FR;29;2021-05-08;8464;2230;291920;117826;7.9;3.2
FR;29;2021-05-09;5902;1740;297822;119566;8.0;3.2
FR;29;2021-05-10;10509;5246;308331;124812;8.3;3.4
FR;29;2021-05-11;14441;6318;322772;131130;8.7;3.5
FR;29;2021-05-12;19562;6235;342334;137365;9.2;3.7
FR;29;2021-05-13;19453;2299;361787;139664;9.7;3.8
FR;29;2021-05-14;22170;4328;383957;143992;10.3;3.9
FR;29;2021-05-15;20957;2902;404914;146894;10.9;4.0
FR;29;2021-05-16;13382;1321;418296;148215;11.3;4.0
FR;29;2021-05-17;21386;4907;439682;153122;11.8;4.1
FR;29;2021-05-18;28079;5659;467761;158781;12.6;4.3
FR;29;2021-05-19;28624;5924;496385;164705;13.4;4.4
FR;29;2021-05-20;32481;6482;528866;171187;14.2;4.6
FR;29;2021-05-21;31548;6119;560414;177306;15.1;4.8
FR;29;2021-05-22;26005;2995;586419;180301;15.8;4.9
FR;29;2021-05-23;14150;1480;600569;181781;16.2;4.9
FR;29;2021-05-24;22457;2630;623026;184411;16.8;5.0
FR;29;2021-05-25;30322;6504;653348;190915;17.6;5.1
FR;29;2021-05-26;31044;6446;684392;197361;18.4;5.3
FR;39;2020-12-27;0;0;0;0;0.0;0.0
FR;39;2020-12-28;0;0;0;0;0.0;0.0
FR;39;2020-12-29;1;0;1;0;0.0;0.0
FR;39;2020-12-30;3;0;4;0;0.0;0.0
FR;39;2020-12-31;1;0;5;0;0.0;0.0
FR;39;2021-01-01;4;0;9;0;0.0;0.0
FR;39;2021-01-02;2;1;11;1;0.0;0.0
FR;39;2021-01-03;2;0;13;1;0.0;0.0
FR;39;2021-01-04;23;0;36;1;0.0;0.0
FR;39;2021-01-05;139;0;175;1;0.0;0.0
FR;39;2021-01-06;385;0;560;1;0.0;0.0
FR;39;2021-01-07;1175;5;1735;6;0.0;0.0
FR;39;2021-01-08;1785;4;3520;10;0.0;0.0
FR;39;2021-01-09;473;0;3993;10;0.0;0.0
FR;39;2021-01-10;307;2;4300;12;0.1;0.0
FR;39;2021-01-11;2207;7;6507;19;0.1;0.0
FR;39;2021-01-12;3400;14;9907;33;0.1;0.0
FR;39;2021-01-13;3495;8;13402;41;0.2;0.0
FR;39;2021-01-14;4771;45;18173;86;0.2;0.0
FR;39;2021-01-15;4389;14;22562;100;0.3;0.0
FR;39;2021-01-16;768;4;23330;104;0.3;0.0
FR;39;2021-01-17;489;2;23819;106;0.3;0.0
FR;39;2021-01-18;3063;21;26882;127;0.3;0.0
FR;39;2021-01-19;3997;17;30879;144;0.4;0.0
FR;39;2021-01-20;3895;13;34774;157;0.4;0.0
FR;39;2021-01-21;5134;18;39908;175;0.5;0.0
FR;39;2021-01-22;3955;22;43863;197;0.5;0.0
FR;39;2021-01-23;590;3;44453;200;0.5;0.0
FR;39;2021-01-24;184;0;44637;200;0.5;0.0
FR;39;2021-01-25;1595;39;46232;239;0.6;0.0
FR;39;2021-01-26;2164;100;48396;339;0.6;0.0
FR;39;2021-01-27;2277;212;50673;551;0.6;0.0
FR;39;2021-01-28;3472;466;54145;1017;0.7;0.0
FR;39;2021-01-29;2674;693;56819;1710;0.7;0.0
FR;39;2021-01-30;395;215;57214;1925;0.7;0.0
FR;39;2021-01-31;89;78;57303;2003;0.7;0.0
FR;39;2021-02-01;748;1057;58051;3060;0.7;0.0
FR;39;2021-02-02;1327;1647;59378;4707;0.7;0.1
FR;39;2021-02-03;1358;1654;60736;6361;0.7;0.1
FR;39;2021-02-04;1973;2533;62709;8894;0.8;0.1
FR;39;2021-02-05;1640;2703;64349;11597;0.8;0.1
FR;39;2021-02-06;396;431;64745;12028;0.8;0.1
FR;39;2021-02-07;553;207;65298;12235;0.8;0.1
FR;39;2021-02-08;1516;2418;66814;14653;0.8;0.2
FR;39;2021-02-09;3160;3362;69974;18015;0.8;0.2
FR;39;2021-02-10;3881;3502;73855;21517;0.9;0.3
FR;39;2021-02-11;6156;4825;80011;26342;1.0;0.3
FR;39;2021-02-12;5809;3966;85820;30308;1.0;0.4
FR;39;2021-02-13;1239;541;87059;30849;1.0;0.4
FR;39;2021-02-14;386;264;87445;31113;1.1;0.4
FR;39;2021-02-15;3417;2375;90862;33488;1.1;0.4
FR;39;2021-02-16;4416;3336;95278;36824;1.1;0.4
FR;39;2021-02-17;3988;2843;99266;39667;1.2;0.5
FR;39;2021-02-18;5966;3855;105232;43522;1.3;0.5
FR;39;2021-02-19;5830;3052;111062;46574;1.3;0.6
FR;39;2021-02-20;1138;469;112200;47043;1.4;0.6
FR;39;2021-02-21;186;118;112386;47161;1.4;0.6
FR;39;2021-02-22;2996;1652;115382;48813;1.4;0.6
FR;39;2021-02-23;3910;1903;119292;50716;1.4;0.6
FR;39;2021-02-24;3715;1692;123007;52408;1.5;0.6
FR;39;2021-02-25;5594;2518;128601;54926;1.6;0.7
FR;39;2021-02-26;6080;1911;134681;56837;1.6;0.7
FR;39;2021-02-27;1659;305;136340;57142;1.6;0.7
FR;39;2021-02-28;240;120;136580;57262;1.6;0.7
FR;39;2021-03-01;2942;995;139522;58257;1.7;0.7
FR;39;2021-03-02;4239;1601;143761;59858;1.7;0.7
FR;39;2021-03-03;4225;1512;147986;61370;1.8;0.7
FR;39;2021-03-04;6258;2288;154244;63658;1.9;0.8
FR;39;2021-03-05;9109;2066;163353;65724;2.0;0.8
FR;39;2021-03-06;4914;405;168267;66129;2.0;0.8
FR;39;2021-03-07;2637;240;170904;66369;2.1;0.8
FR;39;2021-03-08;4665;1095;175569;67464;2.1;0.8
FR;39;2021-03-09;6844;1470;182413;68934;2.2;0.8
FR;39;2021-03-10;6073;1499;188486;70433;2.3;0.8
FR;39;2021-03-11;8633;2348;197119;72781;2.4;0.9
FR;39;2021-03-12;11401;2076;208520;74857;2.5;0.9
FR;39;2021-03-13;5208;411;213728;75268;2.6;0.9
FR;39;2021-03-14;1747;157;215475;75425;2.6;0.9
FR;39;2021-03-15;4765;1022;220240;76447;2.7;0.9
FR;39;2021-03-16;3361;1400;223601;77847;2.7;0.9
FR;39;2021-03-17;3439;1482;227040;79329;2.7;1.0
FR;39;2021-03-18;4647;1965;231687;81294;2.8;1.0
FR;39;2021-03-19;6250;1625;237937;82919;2.9;1.0
FR;39;2021-03-20;3168;361;241105;83280;2.9;1.0
FR;39;2021-03-21;2071;164;243176;83444;2.9;1.0
FR;39;2021-03-22;4441;1082;247617;84526;3.0;1.0
FR;39;2021-03-23;6158;1644;253775;86170;3.1;1.0
FR;39;2021-03-24;6304;1359;260079;87529;3.1;1.1
FR;39;2021-03-25;9050;1723;269129;89252;3.2;1.1
FR;39;2021-03-26;10634;1685;279763;90937;3.4;1.1
FR;39;2021-03-27;5988;606;285751;91543;3.4;1.1
FR;39;2021-03-28;2733;178;288484;91721;3.5;1.1
FR;39;2021-03-29;7184;1268;295668;92989;3.6;1.1
FR;39;2021-03-30;10509;1858;306177;94847;3.7;1.1
FR;39;2021-03-31;11152;1833;317329;96680;3.8;1.2
FR;39;2021-04-01;14980;2599;332309;99279;4.0;1.2
FR;39;2021-04-02;13252;2426;345561;101705;4.2;1.2
FR;39;2021-04-03;5603;1008;351164;102713;4.2;1.2
FR;39;2021-04-04;2521;343;353685;103056;4.3;1.2
FR;39;2021-04-05;2534;320;356219;103376;4.3;1.2
FR;39;2021-04-06;9266;2278;365485;105654;4.4;1.3
FR;39;2021-04-07;12177;2723;377662;108377;4.6;1.3
FR;39;2021-04-08;16837;3682;394499;112059;4.8;1.4
FR;39;2021-04-09;16856;3588;411355;115647;5.0;1.4
FR;39;2021-04-10;7409;1932;418764;117579;5.0;1.4
FR;39;2021-04-11;2986;981;421750;118560;5.1;1.4
FR;39;2021-04-12;9595;2737;431345;121297;5.2;1.5
FR;39;2021-04-13;12929;3987;444274;125284;5.4;1.5
FR;39;2021-04-14;12880;3833;457154;129117;5.5;1.6
FR;39;2021-04-15;14739;4789;471893;133906;5.7;1.6
FR;39;2021-04-16;12704;5268;484597;139174;5.8;1.7
FR;39;2021-04-17;6105;2711;490702;141885;5.9;1.7
FR;39;2021-04-18;2254;1556;492956;143441;5.9;1.7
FR;39;2021-04-19;7855;4685;500811;148126;6.0;1.8
FR;39;2021-04-20;9380;6712;510191;154838;6.2;1.9
FR;39;2021-04-21;10225;7166;520416;162004;6.3;2.0
FR;39;2021-04-22;11819;10284;532235;172288;6.4;2.1
FR;39;2021-04-23;12149;10480;544384;182768;6.6;2.2
FR;39;2021-04-24;7807;5077;552191;187845;6.7;2.3
FR;39;2021-04-25;3465;2153;555656;189998;6.7;2.3
FR;39;2021-04-26;8563;6945;564219;196943;6.8;2.4
FR;39;2021-04-27;11768;9540;575987;206483;6.9;2.5
FR;39;2021-04-28;13154;10041;589141;216524;7.1;2.6
FR;39;2021-04-29;17147;12919;606288;229443;7.3;2.8
FR;39;2021-04-30;19707;13242;625995;242685;7.5;2.9
FR;39;2021-05-01;13499;3537;639494;246222;7.7;3.0
FR;39;2021-05-02;9281;2490;648775;248712;7.8;3.0
FR;39;2021-05-03;22345;11306;671120;260018;8.1;3.1
FR;39;2021-05-04;26879;13935;697999;273953;8.4;3.3
FR;39;2021-05-05;30694;14230;728693;288183;8.8;3.5
FR;39;2021-05-06;37041;17646;765734;305829;9.2;3.7
FR;39;2021-05-07;38298;18474;804032;324303;9.7;3.9
FR;39;2021-05-08;27935;5559;831967;329862;10.0;4.0
FR;39;2021-05-09;18771;4293;850738;334155;10.3;4.0
FR;39;2021-05-10;33622;14451;884360;348606;10.7;4.2
FR;39;2021-05-11;43915;17055;928275;365661;11.2;4.4
FR;39;2021-05-12;55624;16108;983899;381769;11.9;4.6
FR;39;2021-05-13;52658;5567;1036557;387336;12.5;4.7
FR;39;2021-05-14;61718;10928;1098275;398264;13.2;4.8
FR;39;2021-05-15;55735;6806;1154010;405070;13.9;4.9
FR;39;2021-05-16;36053;3084;1190063;408154;14.3;4.9
FR;39;2021-05-17;56152;11865;1246215;420019;15.0;5.1
FR;39;2021-05-18;70600;13523;1316815;433542;15.9;5.2
FR;39;2021-05-19;73971;14021;1390786;447563;16.8;5.4
FR;39;2021-05-20;82492;14851;1473278;462414;17.8;5.6
FR;39;2021-05-21;81546;14866;1554824;477280;18.7;5.8
FR;39;2021-05-22;63430;7361;1618254;484641;19.5;5.8
FR;39;2021-05-23;33953;3277;1652207;487918;19.9;5.9
FR;39;2021-05-24;52119;5328;1704326;493246;20.5;5.9
FR;39;2021-05-25;72981;15687;1777307;508933;21.4;6.1
FR;39;2021-05-26;73200;15474;1850507;524407;22.3;6.3
FR;49;2020-12-27;2;0;2;0;0.0;0.0
FR;49;2020-12-28;2;0;4;0;0.0;0.0
FR;49;2020-12-29;1;0;5;0;0.0;0.0
FR;49;2020-12-30;6;0;11;0;0.0;0.0
FR;49;2020-12-31;1;0;12;0;0.0;0.0
FR;49;2021-01-01;3;0;15;0;0.0;0.0
FR;49;2021-01-02;9;0;24;0;0.0;0.0
FR;49;2021-01-03;5;0;29;0;0.0;0.0
FR;49;2021-01-04;86;0;115;0;0.0;0.0
FR;49;2021-01-05;334;1;449;1;0.0;0.0
FR;49;2021-01-06;855;4;1304;5;0.0;0.0
FR;49;2021-01-07;2158;6;3462;11;0.0;0.0
FR;49;2021-01-08;3371;7;6833;18;0.1;0.0
FR;49;2021-01-09;1000;1;7833;19;0.1;0.0
FR;49;2021-01-10;472;1;8305;20;0.1;0.0
FR;49;2021-01-11;4169;9;12474;29;0.1;0.0
FR;49;2021-01-12;5853;11;18327;40;0.2;0.0
FR;49;2021-01-13;6151;15;24478;55;0.3;0.0
FR;49;2021-01-14;8326;68;32804;123;0.4;0.0
FR;49;2021-01-15;7600;23;40404;146;0.5;0.0
FR;49;2021-01-16;1415;9;41819;155;0.5;0.0
FR;49;2021-01-17;620;5;42439;160;0.5;0.0
FR;49;2021-01-18;5052;16;47491;176;0.6;0.0
FR;49;2021-01-19;6804;16;54295;192;0.6;0.0
FR;49;2021-01-20;6612;23;60907;215;0.7;0.0
FR;49;2021-01-21;8384;29;69291;244;0.8;0.0
FR;49;2021-01-22;6244;29;75535;273;0.9;0.0
FR;49;2021-01-23;1015;6;76550;279;0.9;0.0
FR;49;2021-01-24;282;3;76832;282;0.9;0.0
FR;49;2021-01-25;2611;98;79443;380;0.9;0.0
FR;49;2021-01-26;3720;221;83163;601;1.0;0.0
FR;49;2021-01-27;3971;386;87134;987;1.0;0.0
FR;49;2021-01-28;5534;974;92668;1961;1.1;0.0
FR;49;2021-01-29;4393;1555;97061;3516;1.1;0.0
FR;49;2021-01-30;690;377;97751;3893;1.1;0.0
FR;49;2021-01-31;137;125;97888;4018;1.1;0.0
FR;49;2021-02-01;1368;2088;99256;6106;1.2;0.1
FR;49;2021-02-02;2264;3199;101520;9305;1.2;0.1
FR;49;2021-02-03;2293;3376;103813;12681;1.2;0.1
FR;49;2021-02-04;3353;4767;107166;17448;1.2;0.2
FR;49;2021-02-05;2788;4883;109954;22331;1.3;0.3
FR;49;2021-02-06;568;886;110522;23217;1.3;0.3
FR;49;2021-02-07;520;291;111042;23508;1.3;0.3
FR;49;2021-02-08;1934;4050;112976;27558;1.3;0.3
FR;49;2021-02-09;4332;5733;117308;33291;1.4;0.4
FR;49;2021-02-10;5487;6041;122795;39332;1.4;0.5
FR;49;2021-02-11;7983;7956;130778;47288;1.5;0.6
FR;49;2021-02-12;7296;6428;138074;53716;1.6;0.6
FR;49;2021-02-13;1697;1015;139771;54731;1.6;0.6
FR;49;2021-02-14;407;405;140178;55136;1.6;0.6
FR;49;2021-02-15;4122;3872;144300;59008;1.7;0.7
FR;49;2021-02-16;5374;5319;149674;64327;1.7;0.7
FR;49;2021-02-17;5137;4643;154811;68970;1.8;0.8
FR;49;2021-02-18;7469;6173;162280;75143;1.9;0.9
FR;49;2021-02-19;7041;4859;169321;80002;2.0;0.9
FR;49;2021-02-20;1493;793;170814;80795;2.0;0.9
FR;49;2021-02-21;278;224;171092;81019;2.0;0.9
FR;49;2021-02-22;3527;2646;174619;83665;2.0;1.0
FR;49;2021-02-23;4854;3115;179473;86780;2.1;1.0
FR;49;2021-02-24;4892;2826;184365;89606;2.1;1.0
FR;49;2021-02-25;7551;4148;191916;93754;2.2;1.1
FR;49;2021-02-26;8255;3137;200171;96891;2.3;1.1
FR;49;2021-02-27;2676;563;202847;97454;2.4;1.1
FR;49;2021-02-28;333;137;203180;97591;2.4;1.1
FR;49;2021-03-01;3816;1623;206996;99214;2.4;1.2
FR;49;2021-03-02;5774;2448;212770;101662;2.5;1.2
FR;49;2021-03-03;5995;2483;218765;104145;2.5;1.2
FR;49;2021-03-04;8857;3423;227622;107568;2.6;1.3
FR;49;2021-03-05;12491;3172;240113;110740;2.8;1.3
FR;49;2021-03-06;8549;587;248662;111327;2.9;1.3
FR;49;2021-03-07;4668;382;253330;111709;2.9;1.3
FR;49;2021-03-08;6375;1627;259705;113336;3.0;1.3
FR;49;2021-03-09;9461;2244;269166;115580;3.1;1.3
FR;49;2021-03-10;8908;2286;278074;117866;3.2;1.4
FR;49;2021-03-11;12728;3348;290802;121214;3.4;1.4
FR;49;2021-03-12;16366;2849;307168;124063;3.6;1.4
FR;49;2021-03-13;9508;591;316676;124654;3.7;1.5
FR;49;2021-03-14;3125;232;319801;124886;3.7;1.5
FR;49;2021-03-15;6858;1425;326659;126311;3.8;1.5
FR;49;2021-03-16;4618;2117;331277;128428;3.9;1.5
FR;49;2021-03-17;5164;1993;336441;130421;3.9;1.5
FR;49;2021-03-18;6532;2760;342973;133181;4.0;1.5
FR;49;2021-03-19;9471;2263;352444;135444;4.1;1.6
FR;49;2021-03-20;5864;550;358308;135994;4.2;1.6
FR;49;2021-03-21;3142;204;361450;136198;4.2;1.6
FR;49;2021-03-22;6285;1459;367735;137657;4.3;1.6
FR;49;2021-03-23;8580;2128;376315;139785;4.4;1.6
FR;49;2021-03-24;9497;1952;385812;141737;4.5;1.6
FR;49;2021-03-25;12316;2313;398128;144050;4.6;1.7
FR;49;2021-03-26;14682;2277;412810;146327;4.8;1.7
FR;49;2021-03-27;9346;815;422156;147142;4.9;1.7
FR;49;2021-03-28;3847;290;426003;147432;5.0;1.7
FR;49;2021-03-29;9851;1812;435854;149244;5.1;1.7
FR;49;2021-03-30;14247;2628;450101;151872;5.2;1.8
FR;49;2021-03-31;15511;2723;465612;154595;5.4;1.8
FR;49;2021-04-01;19795;3622;485407;158217;5.6;1.8
FR;49;2021-04-02;17419;3371;502826;161588;5.9;1.9
FR;49;2021-04-03;9318;1804;512144;163392;6.0;1.9
FR;49;2021-04-04;4110;618;516254;164010;6.0;1.9
FR;49;2021-04-05;4200;522;520454;164532;6.1;1.9
FR;49;2021-04-06;13144;3326;533598;167858;6.2;2.0
FR;49;2021-04-07;17623;4186;551221;172044;6.4;2.0
FR;49;2021-04-08;22347;5103;573568;177147;6.7;2.1
FR;49;2021-04-09;23433;5256;597001;182403;6.9;2.1
FR;49;2021-04-10;12408;3371;609409;185774;7.1;2.2
FR;49;2021-04-11;4465;1671;613874;187445;7.1;2.2
FR;49;2021-04-12;14095;3747;627969;191192;7.3;2.2
FR;49;2021-04-13;18644;5710;646613;196902;7.5;2.3
FR;49;2021-04-14;19330;5916;665943;202818;7.7;2.4
FR;49;2021-04-15;20232;6956;686175;209774;8.0;2.4
FR;49;2021-04-16;17325;7272;703500;217046;8.2;2.5
FR;49;2021-04-17;9819;4629;713319;221675;8.3;2.6
FR;49;2021-04-18;3349;2283;716668;223958;8.3;2.6
FR;49;2021-04-19;11875;6353;728543;230311;8.5;2.7
FR;49;2021-04-20;14016;8966;742559;239277;8.6;2.8
FR;49;2021-04-21;15829;10084;758388;249361;8.8;2.9
FR;49;2021-04-22;17368;13073;775756;262434;9.0;3.1
FR;49;2021-04-23;17887;14020;793643;276454;9.2;3.2
FR;49;2021-04-24;12553;7779;806196;284233;9.4;3.3
FR;49;2021-04-25;5404;3116;811600;287349;9.4;3.3
FR;49;2021-04-26;13454;9907;825054;297256;9.6;3.5
FR;49;2021-04-27;18463;13044;843517;310300;9.8;3.6
FR;49;2021-04-28;22374;14498;865891;324798;10.1;3.8
FR;49;2021-04-29;27180;17202;893071;342000;10.4;4.0
FR;49;2021-04-30;31538;17997;924609;359997;10.8;4.2
FR;49;2021-05-01;23965;5686;948574;365683;11.0;4.3
FR;49;2021-05-02;16389;3848;964963;369531;11.2;4.3
FR;49;2021-05-03;39219;15471;1004182;385002;11.7;4.5
FR;49;2021-05-04;46290;20239;1050472;405241;12.2;4.7
FR;49;2021-05-05;55385;21573;1105857;426814;12.9;5.0
FR;49;2021-05-06;62091;24537;1167948;451351;13.6;5.3
FR;49;2021-05-07;65145;25927;1233093;477278;14.4;5.6
FR;49;2021-05-08;49913;9019;1283006;486297;14.9;5.7
FR;49;2021-05-09;32173;6225;1315179;492522;15.3;5.7
FR;49;2021-05-10;56705;20585;1371884;513107;16.0;6.0
FR;49;2021-05-11;71437;23785;1443321;536892;16.8;6.2
FR;49;2021-05-12;88910;23808;1532231;560700;17.8;6.5
FR;49;2021-05-13;79250;7676;1611481;568376;18.8;6.6
FR;49;2021-05-14;95514;15602;1706995;583978;19.9;6.8
FR;49;2021-05-15;85335;10718;1792330;594696;20.9;6.9
FR;49;2021-05-16;53100;4485;1845430;599181;21.5;7.0
FR;49;2021-05-17;81469;16222;1926899;615403;22.4;7.2
FR;49;2021-05-18;97324;17728;2024223;633131;23.6;7.4
FR;49;2021-05-19;109170;19259;2133393;652390;24.8;7.6
FR;49;2021-05-20;112957;19596;2246350;671986;26.1;7.8
FR;49;2021-05-21;112116;19822;2358466;691808;27.4;8.1
FR;49;2021-05-22;87080;10448;2445546;702256;28.5;8.2
FR;49;2021-05-23;42747;3959;2488293;706215;29.0;8.2
FR;49;2021-05-24;66716;6809;2555009;713024;29.7;8.3
FR;49;2021-05-25;93850;20717;2648859;733741;30.8;8.5
FR;49;2021-05-26;96748;22357;2745607;756098;32.0;8.8
FR;59;2020-12-27;2;0;2;0;0.0;0.0
FR;59;2020-12-28;6;0;8;0;0.0;0.0
FR;59;2020-12-29;2;0;10;0;0.0;0.0
FR;59;2020-12-30;6;0;16;0;0.0;0.0
FR;59;2020-12-31;9;0;25;0;0.0;0.0
FR;59;2021-01-01;24;1;49;1;0.0;0.0
FR;59;2021-01-02;26;0;75;1;0.0;0.0
FR;59;2021-01-03;36;0;111;1;0.0;0.0
FR;59;2021-01-04;593;2;704;3;0.0;0.0
FR;59;2021-01-05;2165;1;2869;4;0.0;0.0
FR;59;2021-01-06;4801;10;7670;14;0.1;0.0
FR;59;2021-01-07;10508;21;18178;35;0.2;0.0
FR;59;2021-01-08;14309;17;32487;52;0.4;0.0
FR;59;2021-01-09;4056;8;36543;60;0.4;0.0
FR;59;2021-01-10;1984;1;38527;61;0.4;0.0
FR;59;2021-01-11;15935;20;54462;81;0.6;0.0
FR;59;2021-01-12;21103;31;75565;112;0.9;0.0
FR;59;2021-01-13;22698;46;98263;158;1.1;0.0
FR;59;2021-01-14;24741;215;123004;373;1.4;0.0
FR;59;2021-01-15;21576;88;144580;461;1.6;0.0
FR;59;2021-01-16;5371;20;149951;481;1.7;0.0
FR;59;2021-01-17;1801;7;151752;488;1.7;0.0
FR;59;2021-01-18;13567;52;165319;540;1.9;0.0
FR;59;2021-01-19;17931;72;183250;612;2.1;0.0
FR;59;2021-01-20;17030;64;200280;676;2.3;0.0
FR;59;2021-01-21;18718;51;218998;727;2.5;0.0
FR;59;2021-01-22;13892;72;232890;799;2.6;0.0
FR;59;2021-01-23;2950;20;235840;819;2.7;0.0
FR;59;2021-01-24;829;12;236669;831;2.7;0.0
FR;59;2021-01-25;6698;607;243367;1438;2.8;0.0
FR;59;2021-01-26;8392;1372;251759;2810;2.9;0.0
FR;59;2021-01-27;8791;2389;260550;5199;3.0;0.1
FR;59;2021-01-28;10452;5022;271002;10221;3.1;0.1
FR;59;2021-01-29;7827;6640;278829;16861;3.2;0.2
FR;59;2021-01-30;1757;1511;280586;18372;3.2;0.2
FR;59;2021-01-31;370;546;280956;18918;3.2;0.2
FR;59;2021-02-01;3158;8737;284114;27655;3.2;0.3
FR;59;2021-02-02;4657;12477;288771;40132;3.3;0.5
FR;59;2021-02-03;4805;13537;293576;53669;3.3;0.6
FR;59;2021-02-04;5905;15886;299481;69555;3.4;0.8
FR;59;2021-02-05;4805;14909;304286;84464;3.5;1.0
FR;59;2021-02-06;1152;2996;305438;87460;3.5;1.0
FR;59;2021-02-07;389;984;305827;88444;3.5;1.0
FR;59;2021-02-08;2755;12462;308582;100906;3.5;1.1
FR;59;2021-02-09;4897;16149;313479;117055;3.6;1.3
FR;59;2021-02-10;5682;16034;319161;133089;3.6;1.5
FR;59;2021-02-11;7646;19675;326807;152764;3.7;1.7
FR;59;2021-02-12;6740;15988;333547;168752;3.8;1.9
FR;59;2021-02-13;1687;3443;335234;172195;3.8;2.0
FR;59;2021-02-14;361;982;335595;173177;3.8;2.0
FR;59;2021-02-15;3261;10517;338856;183694;3.9;2.1
FR;59;2021-02-16;4725;13531;343581;197225;3.9;2.2
FR;59;2021-02-17;4961;12283;348542;209508;4.0;2.4
FR;59;2021-02-18;7058;13817;355600;223325;4.0;2.5
FR;59;2021-02-19;6449;10666;362049;233991;4.1;2.7
FR;59;2021-02-20;1416;2480;363465;236471;4.1;2.7
FR;59;2021-02-21;282;570;363747;237041;4.1;2.7
FR;59;2021-02-22;3247;6352;366994;243393;4.2;2.8
FR;59;2021-02-23;4801;7092;371795;250485;4.2;2.8
FR;59;2021-02-24;6836;6372;378631;256857;4.3;2.9
FR;59;2021-02-25;21176;8428;399807;265285;4.5;3.0
FR;59;2021-02-26;28215;6176;428022;271461;4.9;3.1
FR;59;2021-02-27;17073;1481;445095;272942;5.1;3.1
FR;59;2021-02-28;1105;374;446200;273316;5.1;3.1
FR;59;2021-03-01;8776;3485;454976;276801;5.2;3.1
FR;59;2021-03-02;17095;4837;472071;281638;5.4;3.2
FR;59;2021-03-03;20538;4898;492609;286536;5.6;3.3
FR;59;2021-03-04;32031;5732;524640;292268;6.0;3.3
FR;59;2021-03-05;40667;5264;565307;297532;6.4;3.4
FR;59;2021-03-06;35642;1366;600949;298898;6.8;3.4
FR;59;2021-03-07;13958;959;614907;299857;7.0;3.4
FR;59;2021-03-08;12195;3095;627102;302952;7.1;3.4
FR;59;2021-03-09;22697;4082;649799;307034;7.4;3.5
FR;59;2021-03-10;22999;4115;672798;311149;7.7;3.5
FR;59;2021-03-11;34084;5271;706882;316420;8.0;3.6
FR;59;2021-03-12;45137;4362;752019;320782;8.6;3.6
FR;59;2021-03-13;35930;1215;787949;321997;9.0;3.7
FR;59;2021-03-14;7156;371;795105;322368;9.0;3.7
FR;59;2021-03-15;14403;2481;809508;324849;9.2;3.7
FR;59;2021-03-16;7870;2918;817378;327767;9.3;3.7
FR;59;2021-03-17;8706;3064;826084;330831;9.4;3.8
FR;59;2021-03-18;10381;3942;836465;334773;9.5;3.8
FR;59;2021-03-19;23349;3432;859814;338205;9.8;3.8
FR;59;2021-03-20;20985;1002;880799;339207;10.0;3.9
FR;59;2021-03-21;6263;361;887062;339568;10.1;3.9
FR;59;2021-03-22;15405;2606;902467;342174;10.3;3.9
FR;59;2021-03-23;25271;3380;927738;345554;10.6;3.9
FR;59;2021-03-24;27870;3373;955608;348927;10.9;4.0
FR;59;2021-03-25;37702;3667;993310;352594;11.3;4.0
FR;59;2021-03-26;42614;3901;1035924;356495;11.8;4.1
FR;59;2021-03-27;26729;1624;1062653;358119;12.1;4.1
FR;59;2021-03-28;7511;438;1070164;358557;12.2;4.1
FR;59;2021-03-29;21589;3261;1091753;361818;12.4;4.1
FR;59;2021-03-30;31998;4177;1123751;365995;12.8;4.2
FR;59;2021-03-31;31250;4514;1155001;370509;13.1;4.2
FR;59;2021-04-01;38167;5633;1193168;376142;13.6;4.3
FR;59;2021-04-02;36729;5578;1229897;381720;14.0;4.3
FR;59;2021-04-03;21252;3381;1251149;385101;14.2;4.4
FR;59;2021-04-04;7328;1190;1258477;386291;14.3;4.4
FR;59;2021-04-05;8245;1059;1266722;387350;14.4;4.4
FR;59;2021-04-06;25559;5775;1292281;393125;14.7;4.5
FR;59;2021-04-07;33734;6986;1326015;400111;15.1;4.6
FR;59;2021-04-08;44786;8268;1370801;408379;15.6;4.6
FR;59;2021-04-09;60445;8780;1431246;417159;16.3;4.7
FR;59;2021-04-10;36323;6975;1467569;424134;16.7;4.8
FR;59;2021-04-11;9723;3489;1477292;427623;16.8;4.9
FR;59;2021-04-12;35139;7301;1512431;434924;17.2;4.9
FR;59;2021-04-13;49619;9967;1562050;444891;17.8;5.1
FR;59;2021-04-14;49936;10000;1611986;454891;18.3;5.2
FR;59;2021-04-15;59189;11520;1671175;466411;19.0;5.3
FR;59;2021-04-16;62901;12185;1734076;478596;19.7;5.4
FR;59;2021-04-17;41284;9559;1775360;488155;20.2;5.6
FR;59;2021-04-18;12252;4616;1787612;492771;20.3;5.6
FR;59;2021-04-19;32992;11041;1820604;503812;20.7;5.7
FR;59;2021-04-20;44319;14573;1864923;518385;21.2;5.9
FR;59;2021-04-21;46893;16293;1911816;534678;21.7;6.1
FR;59;2021-04-22;55337;19293;1967153;553971;22.4;6.3
FR;59;2021-04-23;64728;20498;2031881;574469;23.1;6.5
FR;59;2021-04-24;47295;15402;2079176;589871;23.6;6.7
FR;59;2021-04-25;16505;5401;2095681;595272;23.8;6.8
FR;59;2021-04-26;40914;17344;2136595;612616;24.3;7.0
FR;59;2021-04-27;56280;23104;2192875;635720;24.9;7.2
FR;59;2021-04-28;63850;25733;2256725;661453;25.7;7.5
FR;59;2021-04-29;77621;31402;2334346;692855;26.5;7.9
FR;59;2021-04-30;92055;36273;2426401;729128;27.6;8.3
FR;59;2021-05-01;43235;10875;2469636;740003;28.1;8.4
FR;59;2021-05-02;23303;7212;2492939;747215;28.4;8.5
FR;59;2021-05-03;62282;26127;2555221;773342;29.1;8.8
FR;59;2021-05-04;70672;34205;2625893;807547;29.9;9.2
FR;59;2021-05-05;77032;37153;2702925;844700;30.7;9.6
FR;59;2021-05-06;89074;43412;2791999;888112;31.8;10.1
FR;59;2021-05-07;97357;53658;2889356;941770;32.9;10.7
FR;59;2021-05-08;57511;16309;2946867;958079;33.5;10.9
FR;59;2021-05-09;39219;10278;2986086;968357;34.0;11.0
FR;59;2021-05-10;94532;39844;3080618;1008201;35.0;11.5
FR;59;2021-05-11;124917;48995;3205535;1057196;36.5;12.0
FR;59;2021-05-12;122008;45861;3327543;1103057;37.8;12.5
FR;59;2021-05-13;92195;14262;3419738;1117319;38.9;12.7
FR;59;2021-05-14;128431;34003;3548169;1151322;40.4;13.1
FR;59;2021-05-15;113700;25259;3661869;1176581;41.6;13.4
FR;59;2021-05-16;55238;7063;3717107;1183644;42.3;13.5
FR;59;2021-05-17;105086;30424;3822193;1214068;43.5;13.8
FR;59;2021-05-18;116548;33835;3938741;1247903;44.8;14.2
FR;59;2021-05-19;118030;35177;4056771;1283080;46.1;14.6
FR;59;2021-05-20;121715;41982;4178486;1325062;47.5;15.1
FR;59;2021-05-21;120970;48312;4299456;1373374;48.9;15.6
FR;59;2021-05-22;81525;25213;4380981;1398587;49.8;15.9
FR;59;2021-05-23;31179;5085;4412160;1403672;50.2;16.0
FR;59;2021-05-24;51611;9826;4463771;1413498;50.8;16.1
FR;59;2021-05-25;83736;41685;4547507;1455183;51.7;16.5
FR;59;2021-05-26;79479;43664;4626986;1498847;52.6;17.0
FR;64;2020-12-27;1;0;1;0;0.0;0.0
FR;64;2020-12-28;1;0;2;0;0.0;0.0
FR;64;2020-12-29;2;0;4;0;0.0;0.0
FR;64;2020-12-30;6;0;10;0;0.0;0.0
FR;64;2020-12-31;5;0;15;0;0.0;0.0
FR;64;2021-01-01;8;0;23;0;0.0;0.0
FR;64;2021-01-02;11;0;34;0;0.0;0.0
FR;64;2021-01-03;17;0;51;0;0.0;0.0
FR;64;2021-01-04;209;2;260;2;0.0;0.0
FR;64;2021-01-05;898;4;1158;6;0.0;0.0
FR;64;2021-01-06;1688;2;2846;8;0.1;0.0
FR;64;2021-01-07;3655;5;6501;13;0.2;0.0
FR;64;2021-01-08;4868;7;11369;20;0.3;0.0
FR;64;2021-01-09;1952;0;13321;20;0.3;0.0
FR;64;2021-01-10;1023;0;14344;20;0.3;0.0
FR;64;2021-01-11;5268;2;19612;22;0.5;0.0
FR;64;2021-01-12;7124;9;26736;31;0.7;0.0
FR;64;2021-01-13;7439;13;34175;44;0.8;0.0
FR;64;2021-01-14;8555;81;42730;125;1.0;0.0
FR;64;2021-01-15;7084;30;49814;155;1.2;0.0
FR;64;2021-01-16;2199;16;52013;171;1.3;0.0
FR;64;2021-01-17;843;9;52856;180;1.3;0.0
FR;64;2021-01-18;4679;11;57535;191;1.4;0.0
FR;64;2021-01-19;6398;15;63933;206;1.6;0.0
FR;64;2021-01-20;6213;27;70146;233;1.7;0.0
FR;64;2021-01-21;6883;19;77029;252;1.9;0.0
FR;64;2021-01-22;5401;21;82430;273;2.0;0.0
FR;64;2021-01-23;1413;8;83843;281;2.0;0.0
FR;64;2021-01-24;432;7;84275;288;2.1;0.0
FR;64;2021-01-25;2769;197;87044;485;2.1;0.0
FR;64;2021-01-26;3520;487;90564;972;2.2;0.0
FR;64;2021-01-27;3762;881;94326;1853;2.3;0.0
FR;64;2021-01-28;4562;1744;98888;3597;2.4;0.1
FR;64;2021-01-29;3522;2318;102410;5915;2.5;0.1
FR;64;2021-01-30;837;706;103247;6621;2.5;0.2
FR;64;2021-01-31;172;279;103419;6900;2.5;0.2
FR;64;2021-02-01;1518;2863;104937;9763;2.6;0.2
FR;64;2021-02-02;2142;4142;107079;13905;2.6;0.3
FR;64;2021-02-03;2302;4358;109381;18263;2.7;0.4
FR;64;2021-02-04;2812;5502;112193;23765;2.7;0.6
FR;64;2021-02-05;2181;4966;114374;28731;2.8;0.7
FR;64;2021-02-06;657;1303;115031;30034;2.8;0.7
FR;64;2021-02-07;164;493;115195;30527;2.8;0.7
FR;64;2021-02-08;1482;4196;116677;34723;2.8;0.8
FR;64;2021-02-09;2339;5658;119016;40381;2.9;1.0
FR;64;2021-02-10;2566;5663;121582;46044;3.0;1.1
FR;64;2021-02-11;3457;7218;125039;53262;3.0;1.3
FR;64;2021-02-12;3109;5432;128148;58694;3.1;1.4
FR;64;2021-02-13;835;1444;128983;60138;3.1;1.5
FR;64;2021-02-14;195;435;129178;60573;3.1;1.5
FR;64;2021-02-15;1589;3880;130767;64453;3.2;1.6
FR;64;2021-02-16;2083;5123;132850;69576;3.2;1.7
FR;64;2021-02-17;2209;4630;135059;74206;3.3;1.8
FR;64;2021-02-18;3230;5440;138289;79646;3.4;1.9
FR;64;2021-02-19;2991;4198;141280;83844;3.4;2.0
FR;64;2021-02-20;804;1195;142084;85039;3.5;2.1
FR;64;2021-02-21;134;255;142218;85294;3.5;2.1
FR;64;2021-02-22;1489;2665;143707;87959;3.5;2.1
FR;64;2021-02-23;2393;2905;146100;90864;3.6;2.2
FR;64;2021-02-24;3865;2844;149965;93708;3.7;2.3
FR;64;2021-02-25;16019;3825;165984;97533;4.0;2.4
FR;64;2021-02-26;21791;2747;187775;100280;4.6;2.4
FR;64;2021-02-27;13052;754;200827;101034;4.9;2.5
FR;64;2021-02-28;791;174;201618;101208;4.9;2.5
FR;64;2021-03-01;6539;1741;208157;102949;5.1;2.5
FR;64;2021-03-02;13115;2314;221272;105263;5.4;2.6
FR;64;2021-03-03;15868;2349;237140;107612;5.8;2.6
FR;64;2021-03-04;25051;2831;262191;110443;6.4;2.7
FR;64;2021-03-05;30373;2597;292564;113040;7.1;2.8
FR;64;2021-03-06;26594;731;319158;113771;7.8;2.8
FR;64;2021-03-07;9814;490;328972;114261;8.0;2.8
FR;64;2021-03-08;8743;1767;337715;116028;8.2;2.8
FR;64;2021-03-09;16771;1986;354486;118014;8.6;2.9
FR;64;2021-03-10;16979;2121;371465;120135;9.1;2.9
FR;64;2021-03-11;25825;2781;397290;122916;9.7;3.0
FR;64;2021-03-12;33328;2319;430618;125235;10.5;3.1
FR;64;2021-03-13;27216;697;457834;125932;11.2;3.1
FR;64;2021-03-14;5417;180;463251;126112;11.3;3.1
FR;64;2021-03-15;10978;1418;474229;127530;11.6;3.1
FR;64;2021-03-16;5979;1754;480208;129284;11.7;3.2
FR;64;2021-03-17;6107;1665;486315;130949;11.9;3.2
FR;64;2021-03-18;7634;2043;493949;132992;12.0;3.2
FR;64;2021-03-19;18837;1882;512786;134874;12.5;3.3
FR;64;2021-03-20;18465;706;531251;135580;13.0;3.3
FR;64;2021-03-21;4720;212;535971;135792;13.1;3.3
FR;64;2021-03-22;13475;1541;549446;137333;13.4;3.3
FR;64;2021-03-23;23426;1972;572872;139305;14.0;3.4
FR;64;2021-03-24;25035;2040;597907;141345;14.6;3.4
FR;64;2021-03-25;36441;2308;634348;143653;15.5;3.5
FR;64;2021-03-26;40006;2251;674354;145904;16.4;3.6
FR;64;2021-03-27;21188;965;695542;146869;17.0;3.6
FR;64;2021-03-28;5066;247;700608;147116;17.1;3.6
FR;64;2021-03-29;17482;2098;718090;149214;17.5;3.6
FR;64;2021-03-30;27245;2769;745335;151983;18.2;3.7
FR;64;2021-03-31;24029;2835;769364;154818;18.8;3.8
FR;64;2021-04-01;30395;3697;799759;158515;19.5;3.9
FR;64;2021-04-02;29107;3530;828866;162045;20.2;4.0
FR;64;2021-04-03;15952;2340;844818;164385;20.6;4.0
FR;64;2021-04-04;4024;785;848842;165170;20.7;4.0
FR;64;2021-04-05;5098;786;853940;165956;20.8;4.0
FR;64;2021-04-06;19093;4218;873033;170174;21.3;4.1
FR;64;2021-04-07;23462;4747;896495;174921;21.9;4.3
FR;64;2021-04-08;34450;5532;930945;180453;22.7;4.4
FR;64;2021-04-09;53286;5935;984231;186388;24.0;4.5
FR;64;2021-04-10;29756;4945;1013987;191333;24.7;4.7
FR;64;2021-04-11;6263;2594;1020250;193927;24.9;4.7
FR;64;2021-04-12;27948;5116;1048198;199043;25.6;4.9
FR;64;2021-04-13;42364;7286;1090562;206329;26.6;5.0
FR;64;2021-04-14;40628;7062;1131190;213391;27.6;5.2
FR;64;2021-04-15;51741;8267;1182931;221658;28.8;5.4
FR;64;2021-04-16;63998;8790;1246929;230448;30.4;5.6
FR;64;2021-04-17;38352;7037;1285281;237485;31.3;5.8
FR;64;2021-04-18;10898;3318;1296179;240803;31.6;5.9
FR;64;2021-04-19;41735;8510;1337914;249313;32.6;6.1
FR;64;2021-04-20;52356;10317;1390270;259630;33.9;6.3
FR;64;2021-04-21;52260;10762;1442530;270392;35.2;6.6
FR;64;2021-04-22;57078;12616;1499608;283008;36.6;6.9
FR;64;2021-04-23;60522;12530;1560130;295538;38.0;7.2
FR;64;2021-04-24;43195;9000;1603325;304538;39.1;7.4
FR;64;2021-04-25;16122;3309;1619447;307847;39.5;7.5
FR;64;2021-04-26;49380;11400;1668827;319247;40.7;7.8
FR;64;2021-04-27;62724;15398;1731551;334645;42.2;8.2
FR;64;2021-04-28;63659;15865;1795210;350510;43.8;8.5
FR;64;2021-04-29;73312;20279;1868522;370789;45.5;9.0
FR;64;2021-04-30;74874;21825;1943396;392614;47.4;9.6
FR;64;2021-05-01;29191;6601;1972587;399215;48.1;9.7
FR;64;2021-05-02;14374;3944;1986961;403159;48.4;9.8
FR;64;2021-05-03;51967;15749;2038928;418908;49.7;10.2
FR;64;2021-05-04;52869;21552;2091797;440460;51.0;10.7
FR;64;2021-05-05;49123;22600;2140920;463060;52.2;11.3
FR;64;2021-05-06;56594;28704;2197514;491764;53.6;12.0
FR;64;2021-05-07;50646;33899;2248160;525663;54.8;12.8
FR;64;2021-05-08;19966;9244;2268126;534907;55.3;13.0
FR;64;2021-05-09;9992;5473;2278118;540380;55.5;13.2
FR;64;2021-05-10;34104;26689;2312222;567069;56.4;13.8
FR;64;2021-05-11;43774;37042;2355996;604111;57.4;14.7
FR;64;2021-05-12;38733;34883;2394729;638994;58.4;15.6
FR;64;2021-05-13;21918;10027;2416647;649021;58.9;15.8
FR;64;2021-05-14;36172;28978;2452819;677999;59.8;16.5
FR;64;2021-05-15;21107;18955;2473926;696954;60.3;17.0
FR;64;2021-05-16;7953;4288;2481879;701242;60.5;17.1
FR;64;2021-05-17;26741;25331;2508620;726573;61.2;17.7
FR;64;2021-05-18;33270;28203;2541890;754776;62.0;18.4
FR;64;2021-05-19;30228;26331;2572118;781107;62.7;19.0
FR;64;2021-05-20;34786;33174;2606904;814281;63.5;19.8
FR;64;2021-05-21;29950;37295;2636854;851576;64.3;20.8
FR;64;2021-05-22;14739;17665;2651593;869241;64.6;21.2
FR;64;2021-05-23;5087;2813;2656680;872054;64.8;21.3
FR;64;2021-05-24;10678;6469;2667358;878523;65.0;21.4
FR;64;2021-05-25;22472;34263;2689830;912786;65.6;22.3
FR;64;2021-05-26;20410;34745;2710240;947531;66.1;23.1
FR;69;2020-12-27;2;0;2;0;0.0;0.0
FR;69;2020-12-28;2;0;4;0;0.0;0.0
FR;69;2020-12-29;3;0;7;0;0.0;0.0
FR;69;2020-12-30;7;0;14;0;0.0;0.0
FR;69;2020-12-31;5;0;19;0;0.0;0.0
FR;69;2021-01-01;6;0;25;0;0.0;0.0
FR;69;2021-01-02;10;0;35;0;0.0;0.0
FR;69;2021-01-03;8;0;43;0;0.0;0.0
FR;69;2021-01-04;114;0;157;0;0.0;0.0
FR;69;2021-01-05;410;3;567;3;0.0;0.0
FR;69;2021-01-06;808;2;1375;5;0.0;0.0
FR;69;2021-01-07;1889;3;3264;8;0.1;0.0
FR;69;2021-01-08;2451;0;5715;8;0.1;0.0
FR;69;2021-01-09;1123;1;6838;9;0.2;0.0
FR;69;2021-01-10;657;0;7495;9;0.2;0.0
FR;69;2021-01-11;2731;3;10226;12;0.3;0.0
FR;69;2021-01-12;3867;2;14093;14;0.4;0.0
FR;69;2021-01-13;3782;9;17875;23;0.5;0.0
FR;69;2021-01-14;4561;46;22436;69;0.6;0.0
FR;69;2021-01-15;3840;14;26276;83;0.7;0.0
FR;69;2021-01-16;1341;9;27617;92;0.7;0.0
FR;69;2021-01-17;634;3;28251;95;0.7;0.0
FR;69;2021-01-18;3254;15;31505;110;0.8;0.0
FR;69;2021-01-19;4788;19;36293;129;0.9;0.0
FR;69;2021-01-20;4754;13;41047;142;1.1;0.0
FR;69;2021-01-21;5518;13;46565;155;1.2;0.0
FR;69;2021-01-22;4368;14;50933;169;1.3;0.0
FR;69;2021-01-23;1359;4;52292;173;1.3;0.0
FR;69;2021-01-24;446;5;52738;178;1.4;0.0
FR;69;2021-01-25;2721;81;55459;259;1.4;0.0
FR;69;2021-01-26;3345;181;58804;440;1.5;0.0
FR;69;2021-01-27;3667;408;62471;848;1.6;0.0
FR;69;2021-01-28;4320;886;66791;1734;1.7;0.0
FR;69;2021-01-29;3482;1232;70273;2966;1.8;0.1
FR;69;2021-01-30;938;402;71211;3368;1.8;0.1
FR;69;2021-01-31;180;160;71391;3528;1.8;0.1
FR;69;2021-02-01;1817;1521;73208;5049;1.9;0.1
FR;69;2021-02-02;2402;2201;75610;7250;1.9;0.2
FR;69;2021-02-03;2415;2271;78025;9521;2.0;0.2
FR;69;2021-02-04;2977;2922;81002;12443;2.1;0.3
FR;69;2021-02-05;2502;2538;83504;14981;2.1;0.4
FR;69;2021-02-06;721;808;84225;15789;2.2;0.4
FR;69;2021-02-07;162;391;84387;16180;2.2;0.4
FR;69;2021-02-08;1605;2408;85992;18588;2.2;0.5
FR;69;2021-02-09;2400;3410;88392;21998;2.3;0.6
FR;69;2021-02-10;2561;3403;90953;25401;2.3;0.7
FR;69;2021-02-11;3513;4858;94466;30259;2.4;0.8
FR;69;2021-02-12;3154;3416;97620;33675;2.5;0.9
FR;69;2021-02-13;865;1033;98485;34708;2.5;0.9
FR;69;2021-02-14;215;413;98700;35121;2.5;0.9
FR;69;2021-02-15;1327;2775;100027;37896;2.6;1.0
FR;69;2021-02-16;1864;3981;101891;41877;2.6;1.1
FR;69;2021-02-17;2010;3661;103901;45538;2.7;1.2
FR;69;2021-02-18;2996;4556;106897;50094;2.7;1.3
FR;69;2021-02-19;2858;3504;109755;53598;2.8;1.4
FR;69;2021-02-20;753;1025;110508;54623;2.8;1.4
FR;69;2021-02-21;150;235;110658;54858;2.8;1.4
FR;69;2021-02-22;1607;2573;112265;57431;2.9;1.5
FR;69;2021-02-23;2267;2817;114532;60248;2.9;1.5
FR;69;2021-02-24;2657;2908;117189;63156;3.0;1.6
FR;69;2021-02-25;3874;3574;121063;66730;3.1;1.7
FR;69;2021-02-26;4272;2624;125335;69354;3.2;1.8
FR;69;2021-02-27;1810;705;127145;70059;3.3;1.8
FR;69;2021-02-28;311;179;127456;70238;3.3;1.8
FR;69;2021-03-01;2794;1929;130250;72167;3.3;1.8
FR;69;2021-03-02;4712;2430;134962;74597;3.5;1.9
FR;69;2021-03-03;6662;2469;141624;77066;3.6;2.0
FR;69;2021-03-04;11709;2997;153333;80063;3.9;2.1
FR;69;2021-03-05;17426;2661;170759;82724;4.4;2.1
FR;69;2021-03-06;23041;741;193800;83465;5.0;2.1
FR;69;2021-03-07;14720;408;208520;83873;5.3;2.1
FR;69;2021-03-08;9719;2020;218239;85893;5.6;2.2
FR;69;2021-03-09;17445;2463;235684;88356;6.0;2.3
FR;69;2021-03-10;18743;2511;254427;90867;6.5;2.3
FR;69;2021-03-11;29084;3169;283511;94036;7.3;2.4
FR;69;2021-03-12;39752;2859;323263;96895;8.3;2.5
FR;69;2021-03-13;35866;912;359129;97807;9.2;2.5
FR;69;2021-03-14;8166;229;367295;98036;9.4;2.5
FR;69;2021-03-15;16613;1781;383908;99817;9.8;2.6
FR;69;2021-03-16;10709;2163;394617;101980;10.1;2.6
FR;69;2021-03-17;11718;2159;406335;104139;10.4;2.7
FR;69;2021-03-18;13105;2574;419440;106713;10.7;2.7
FR;69;2021-03-19;28704;2371;448144;109084;11.5;2.8
FR;69;2021-03-20;26862;850;475006;109934;12.2;2.8
FR;69;2021-03-21;7112;265;482118;110199;12.4;2.8
FR;69;2021-03-22;21138;2136;503256;112335;12.9;2.9
FR;69;2021-03-23;36091;2745;539347;115080;13.8;2.9
FR;69;2021-03-24;37385;2779;576732;117859;14.8;3.0
FR;69;2021-03-25;54808;3009;631540;120868;16.2;3.1
FR;69;2021-03-26;58963;2899;690503;123767;17.7;3.2
FR;69;2021-03-27;30028;1310;720531;125077;18.5;3.2
FR;69;2021-03-28;7597;370;728128;125447;18.7;3.2
FR;69;2021-03-29;27626;3388;755754;128835;19.4;3.3
FR;69;2021-03-30;42170;4281;797924;133116;20.4;3.4
FR;69;2021-03-31;35302;4329;833226;137445;21.4;3.5
FR;69;2021-04-01;43114;5696;876340;143141;22.5;3.7
FR;69;2021-04-02;41238;5848;917578;148989;23.5;3.8
FR;69;2021-04-03;21636;3903;939214;152892;24.1;3.9
FR;69;2021-04-04;5801;1300;945015;154192;24.2;4.0
FR;69;2021-04-05;7607;1053;952622;155245;24.4;4.0
FR;69;2021-04-06;27726;7133;980348;162378;25.1;4.2
FR;69;2021-04-07;32331;7696;1012679;170074;26.0;4.4
FR;69;2021-04-08;48470;8772;1061149;178846;27.2;4.6
FR;69;2021-04-09;70416;8914;1131565;187760;29.0;4.8
FR;69;2021-04-10;36597;7794;1168162;195554;29.9;5.0
FR;69;2021-04-11;7993;4272;1176155;199826;30.1;5.1
FR;69;2021-04-12;38507;8779;1214662;208605;31.1;5.3
FR;69;2021-04-13;53417;11880;1268079;220485;32.5;5.7
FR;69;2021-04-14;49209;11581;1317288;232066;33.8;5.9
FR;69;2021-04-15;61674;13441;1378962;245507;35.3;6.3
FR;69;2021-04-16;72376;13970;1451338;259477;37.2;6.7
FR;69;2021-04-17;39508;10635;1490846;270112;38.2;6.9
FR;69;2021-04-18;9994;5015;1500840;275127;38.5;7.1
FR;69;2021-04-19;45743;13815;1546583;288942;39.6;7.4
FR;69;2021-04-20;56882;16726;1603465;305668;41.1;7.8
FR;69;2021-04-21;53278;16454;1656743;322122;42.5;8.3
FR;69;2021-04-22;59999;18641;1716742;340763;44.0;8.7
FR;69;2021-04-23;59116;18662;1775858;359425;45.5;9.2
FR;69;2021-04-24;37160;13088;1813018;372513;46.5;9.5
FR;69;2021-04-25;13172;4964;1826190;377477;46.8;9.7
FR;69;2021-04-26;49100;18281;1875290;395758;48.1;10.1
FR;69;2021-04-27;61557;23092;1936847;418850;49.6;10.7
FR;69;2021-04-28;59544;21983;1996391;440833;51.2;11.3
FR;69;2021-04-29;69751;24730;2066142;465563;53.0;11.9
FR;69;2021-04-30;66652;23789;2132794;489352;54.7;12.5
FR;69;2021-05-01;23744;7574;2156538;496926;55.3;12.7
FR;69;2021-05-02;11131;5128;2167669;502054;55.6;12.9
FR;69;2021-05-03;47175;21265;2214844;523319;56.8;13.4
FR;69;2021-05-04;47715;27681;2262559;551000;58.0;14.1
FR;69;2021-05-05;42505;27103;2305064;578103;59.1;14.8
FR;69;2021-05-06;50649;30145;2355713;608248;60.4;15.6
FR;69;2021-05-07;42116;34244;2397829;642492;61.5;16.5
FR;69;2021-05-08;15108;9345;2412937;651837;61.8;16.7
FR;69;2021-05-09;7268;6554;2420205;658391;62.0;16.9
FR;69;2021-05-10;29366;34664;2449571;693055;62.8;17.8
FR;69;2021-05-11;38017;43710;2487588;736765;63.8;18.9
FR;69;2021-05-12;32800;39150;2520388;775915;64.6;19.9
FR;69;2021-05-13;17439;11494;2537827;787409;65.0;20.2
FR;69;2021-05-14;29912;34126;2567739;821535;65.8;21.1
FR;69;2021-05-15;15155;18500;2582894;840035;66.2;21.5
FR;69;2021-05-16;5427;4309;2588321;844344;66.3;21.6
FR;69;2021-05-17;21740;28754;2610061;873098;66.9;22.4
FR;69;2021-05-18;27789;29553;2637850;902651;67.6;23.1
FR;69;2021-05-19;24190;25187;2662040;927838;68.2;23.8
FR;69;2021-05-20;28226;27772;2690266;955610;68.9;24.5
FR;69;2021-05-21;22813;30678;2713079;986288;69.5;25.3
FR;69;2021-05-22;9613;14352;2722692;1000640;69.8;25.6
FR;69;2021-05-23;3174;2364;2725866;1003004;69.9;25.7
FR;69;2021-05-24;8056;7118;2733922;1010122;70.1;25.9
FR;69;2021-05-25;17702;36160;2751624;1046282;70.5;26.8
FR;69;2021-05-26;15616;34345;2767240;1080627;70.9;27.7
FR;74;2020-12-27;1;0;1;0;0.0;0.0
FR;74;2020-12-28;7;0;8;0;0.0;0.0
FR;74;2020-12-29;5;0;13;0;0.0;0.0
FR;74;2020-12-30;11;0;24;0;0.0;0.0
FR;74;2020-12-31;7;0;31;0;0.0;0.0
FR;74;2021-01-01;5;0;36;0;0.0;0.0
FR;74;2021-01-02;3;0;39;0;0.0;0.0
FR;74;2021-01-03;12;0;51;0;0.0;0.0
FR;74;2021-01-04;86;1;137;1;0.0;0.0
FR;74;2021-01-05;297;0;434;1;0.0;0.0
FR;74;2021-01-06;554;1;988;2;0.0;0.0
FR;74;2021-01-07;1464;0;2452;2;0.1;0.0
FR;74;2021-01-08;1793;3;4245;5;0.1;0.0
FR;74;2021-01-09;794;1;5039;6;0.1;0.0
FR;74;2021-01-10;534;0;5573;6;0.2;0.0
FR;74;2021-01-11;2120;0;7693;6;0.2;0.0
FR;74;2021-01-12;3148;4;10841;10;0.3;0.0
FR;74;2021-01-13;3193;6;14034;16;0.4;0.0
FR;74;2021-01-14;3941;39;17975;55;0.5;0.0
FR;74;2021-01-15;3531;10;21506;65;0.6;0.0
FR;74;2021-01-16;1333;2;22839;67;0.7;0.0
FR;74;2021-01-17;764;3;23603;70;0.7;0.0
FR;74;2021-01-18;4716;11;28319;81;0.8;0.0
FR;74;2021-01-19;6821;11;35140;92;1.0;0.0
FR;74;2021-01-20;7093;11;42233;103;1.2;0.0
FR;74;2021-01-21;8177;22;50410;125;1.4;0.0
FR;74;2021-01-22;6534;17;56944;142;1.6;0.0
FR;74;2021-01-23;2258;1;59202;143;1.7;0.0
FR;74;2021-01-24;608;0;59810;143;1.7;0.0
FR;74;2021-01-25;4532;56;64342;199;1.8;0.0
FR;74;2021-01-26;5625;149;69967;348;2.0;0.0
FR;74;2021-01-27;5981;271;75948;619;2.2;0.0
FR;74;2021-01-28;6971;749;82919;1368;2.4;0.0
FR;74;2021-01-29;5732;897;88651;2265;2.5;0.1
FR;74;2021-01-30;1769;261;90420;2526;2.6;0.1
FR;74;2021-01-31;294;114;90714;2640;2.6;0.1
FR;74;2021-02-01;3289;1060;94003;3700;2.7;0.1
FR;74;2021-02-02;4282;1783;98285;5483;2.8;0.2
FR;74;2021-02-03;4303;1805;102588;7288;2.9;0.2
FR;74;2021-02-04;5174;2467;107762;9755;3.1;0.3
FR;74;2021-02-05;4382;2178;112144;11933;3.2;0.3
FR;74;2021-02-06;1395;694;113539;12627;3.3;0.4
FR;74;2021-02-07;243;351;113782;12978;3.3;0.4
FR;74;2021-02-08;3072;2506;116854;15484;3.4;0.4
FR;74;2021-02-09;4101;3724;120955;19208;3.5;0.6
FR;74;2021-02-10;4410;3814;125365;23022;3.6;0.7
FR;74;2021-02-11;5621;5470;130986;28492;3.8;0.8
FR;74;2021-02-12;5258;3818;136244;32310;3.9;0.9
FR;74;2021-02-13;1647;1219;137891;33529;4.0;1.0
FR;74;2021-02-14;405;471;138296;34000;4.0;1.0
FR;74;2021-02-15;2396;4180;140692;38180;4.0;1.1
FR;74;2021-02-16;3276;5630;143968;43810;4.1;1.3
FR;74;2021-02-17;3391;5449;147359;49259;4.2;1.4
FR;74;2021-02-18;4925;6803;152284;56062;4.4;1.6
FR;74;2021-02-19;4873;5407;157157;61469;4.5;1.8
FR;74;2021-02-20;1548;1736;158705;63205;4.6;1.8
FR;74;2021-02-21;232;415;158937;63620;4.6;1.8
FR;74;2021-02-22;2860;4292;161797;67912;4.7;2.0
FR;74;2021-02-23;4135;4892;165932;72804;4.8;2.1
FR;74;2021-02-24;4516;4840;170448;77644;4.9;2.2
FR;74;2021-02-25;5522;5694;175970;83338;5.1;2.4
FR;74;2021-02-26;5480;4466;181450;87804;5.2;2.5
FR;74;2021-02-27;2006;1365;183456;89169;5.3;2.6
FR;74;2021-02-28;528;293;183984;89462;5.3;2.6
FR;74;2021-03-01;5060;3363;189044;92825;5.4;2.7
FR;74;2021-03-02;7444;4275;196488;97100;5.6;2.8
FR;74;2021-03-03;9677;4258;206165;101358;5.9;2.9
FR;74;2021-03-04;15005;4801;221170;106159;6.4;3.1
FR;74;2021-03-05;21626;4580;242796;110739;7.0;3.2
FR;74;2021-03-06;31082;1369;273878;112108;7.9;3.2
FR;74;2021-03-07;20882;506;294760;112614;8.5;3.2
FR;74;2021-03-08;14186;3661;308946;116275;8.9;3.3
FR;74;2021-03-09;24018;4222;332964;120497;9.6;3.5
FR;74;2021-03-10;26231;4395;359195;124892;10.3;3.6
FR;74;2021-03-11;38225;5283;397420;130175;11.4;3.7
FR;74;2021-03-12;50487;4680;447907;134855;12.9;3.9
FR;74;2021-03-13;47669;1537;495576;136392;14.2;3.9
FR;74;2021-03-14;11930;415;507506;136807;14.6;3.9
FR;74;2021-03-15;25468;3126;532974;139933;15.3;4.0
FR;74;2021-03-16;20021;3834;552995;143767;15.9;4.1
FR;74;2021-03-17;21786;3868;574781;147635;16.5;4.2
FR;74;2021-03-18;24385;4507;599166;152142;17.2;4.4
FR;74;2021-03-19;41269;3953;640435;156095;18.4;4.5
FR;74;2021-03-20;35319;1552;675754;157647;19.4;4.5
FR;74;2021-03-21;9470;396;685224;158043;19.7;4.5
FR;74;2021-03-22;31427;3884;716651;161927;20.6;4.7
FR;74;2021-03-23;50054;4783;766705;166710;22.0;4.8
FR;74;2021-03-24;52023;5169;818728;171879;23.5;4.9
FR;74;2021-03-25;74541;5525;893269;177404;25.7;5.1
FR;74;2021-03-26;80573;5149;973842;182553;28.0;5.2
FR;74;2021-03-27;50923;2365;1024765;184918;29.5;5.3
FR;74;2021-03-28;17782;733;1042547;185651;30.0;5.3
FR;74;2021-03-29;56009;6849;1098556;192500;31.6;5.5
FR;74;2021-03-30;76434;8710;1174990;201210;33.8;5.8
FR;74;2021-03-31;67798;9269;1242788;210479;35.7;6.1
FR;74;2021-04-01;78203;11648;1320991;222127;38.0;6.4
FR;74;2021-04-02;69871;12231;1390862;234358;40.0;6.7
FR;74;2021-04-03;37116;8423;1427978;242781;41.1;7.0
FR;74;2021-04-04;12497;2775;1440475;245556;41.4;7.1
FR;74;2021-04-05;19193;1848;1459668;247404;42.0;7.1
FR;74;2021-04-06;64244;15055;1523912;262459;43.8;7.5
FR;74;2021-04-07;72558;15925;1596470;278384;45.9;8.0
FR;74;2021-04-08;87508;17817;1683978;296201;48.4;8.5
FR;74;2021-04-09;97116;17601;1781094;313802;51.2;9.0
FR;74;2021-04-10;48573;13973;1829667;327775;52.6;9.4
FR;74;2021-04-11;12730;6807;1842397;334582;53.0;9.6
FR;74;2021-04-12;60839;17660;1903236;352242;54.7;10.1
FR;74;2021-04-13;68618;22116;1971854;374358;56.7;10.8
FR;74;2021-04-14;60016;21716;2031870;396074;58.4;11.4
FR;74;2021-04-15;61800;23652;2093670;419726;60.2;12.1
FR;74;2021-04-16;52121;24257;2145791;443983;61.7;12.8
FR;74;2021-04-17;25648;16770;2171439;460753;62.4;13.2
FR;74;2021-04-18;5735;6958;2177174;467711;62.6;13.4
FR;74;2021-04-19;31636;24243;2208810;491954;63.5;14.1
FR;74;2021-04-20;36134;29510;2244944;521464;64.5;15.0
FR;74;2021-04-21;33244;30158;2278188;551622;65.5;15.9
FR;74;2021-04-22;37947;35111;2316135;586733;66.6;16.9
FR;74;2021-04-23;34664;38692;2350799;625425;67.6;18.0
FR;74;2021-04-24;18558;30670;2369357;656095;68.1;18.9
FR;74;2021-04-25;6102;12541;2375459;668636;68.3;19.2
FR;74;2021-04-26;26450;46797;2401909;715433;69.1;20.6
FR;74;2021-04-27;32909;55961;2434818;771394;70.0;22.2
FR;74;2021-04-28;32474;52752;2467292;824146;70.9;23.7
FR;74;2021-04-29;38487;53858;2505779;878004;72.0;25.2
FR;74;2021-04-30;34871;49040;2540650;927044;73.0;26.7
FR;74;2021-05-01;11044;15112;2551694;942156;73.4;27.1
FR;74;2021-05-02;5133;11368;2556827;953524;73.5;27.4
FR;74;2021-05-03;24036;52036;2580863;1005560;74.2;28.9
FR;74;2021-05-04;24923;69165;2605786;1074725;74.9;30.9
FR;74;2021-05-05;22531;64865;2628317;1139590;75.6;32.8
FR;74;2021-05-06;27196;63203;2655513;1202793;76.3;34.6
FR;74;2021-05-07;23113;65935;2678626;1268728;77.0;36.5
FR;74;2021-05-08;7789;14267;2686415;1282995;77.2;36.9
FR;74;2021-05-09;3649;10467;2690064;1293462;77.3;37.2
FR;74;2021-05-10;15856;63017;2705920;1356479;77.8;39.0
FR;74;2021-05-11;20842;64057;2726762;1420536;78.4;40.8
FR;74;2021-05-12;18246;53119;2745008;1473655;78.9;42.4
FR;74;2021-05-13;9046;12073;2754054;1485728;79.2;42.7
FR;74;2021-05-14;16849;37716;2770903;1523444;79.7;43.8
FR;74;2021-05-15;8318;17548;2779221;1540992;79.9;44.3
FR;74;2021-05-16;2976;3494;2782197;1544486;80.0;44.4
FR;74;2021-05-17;12153;30756;2794350;1575242;80.3;45.3
FR;74;2021-05-18;15311;30430;2809661;1605672;80.8;46.2
FR;74;2021-05-19;13895;25354;2823556;1631026;81.2;46.9
FR;74;2021-05-20;15900;27646;2839456;1658672;81.6;47.7
FR;74;2021-05-21;13226;30655;2852682;1689327;82.0;48.6
FR;74;2021-05-22;5724;14191;2858406;1703518;82.2;49.0
FR;74;2021-05-23;1842;2376;2860248;1705894;82.2;49.0
FR;74;2021-05-24;4593;5713;2864841;1711607;82.4;49.2
FR;74;2021-05-25;10436;35153;2875277;1746760;82.7;50.2
FR;74;2021-05-26;9487;32841;2884764;1779601;82.9;51.2
FR;79;2020-12-27;1;0;1;0;0.0;0.0
FR;79;2020-12-28;6;0;7;0;0.0;0.0
FR;79;2020-12-29;16;0;23;0;0.0;0.0
FR;79;2020-12-30;11;0;34;0;0.0;0.0
FR;79;2020-12-31;6;0;40;0;0.0;0.0
FR;79;2021-01-01;4;0;44;0;0.0;0.0
FR;79;2021-01-02;4;0;48;0;0.0;0.0
FR;79;2021-01-03;2;0;50;0;0.0;0.0
FR;79;2021-01-04;49;0;99;0;0.0;0.0
FR;79;2021-01-05;171;0;270;0;0.0;0.0
FR;79;2021-01-06;340;0;610;0;0.0;0.0
FR;79;2021-01-07;905;0;1515;0;0.1;0.0
FR;79;2021-01-08;1082;1;2597;1;0.1;0.0
FR;79;2021-01-09;364;0;2961;1;0.1;0.0
FR;79;2021-01-10;191;0;3152;1;0.1;0.0
FR;79;2021-01-11;1149;2;4301;3;0.2;0.0
FR;79;2021-01-12;2205;2;6506;5;0.3;0.0
FR;79;2021-01-13;2746;2;9252;7;0.4;0.0
FR;79;2021-01-14;4434;35;13686;42;0.6;0.0
FR;79;2021-01-15;5257;16;18943;58;0.9;0.0
FR;79;2021-01-16;2821;11;21764;69;1.0;0.0
FR;79;2021-01-17;1307;3;23071;72;1.0;0.0
FR;79;2021-01-18;19645;36;42716;108;1.9;0.0
FR;79;2021-01-19;26041;35;68757;143;3.1;0.0
FR;79;2021-01-20;28023;31;96780;174;4.4;0.0
FR;79;2021-01-21;30046;32;126826;206;5.7;0.0
FR;79;2021-01-22;27896;27;154722;233;7.0;0.0
FR;79;2021-01-23;11661;10;166383;243;7.5;0.0
FR;79;2021-01-24;2172;3;168555;246;7.6;0.0
FR;79;2021-01-25;22550;45;191105;291;8.6;0.0
FR;79;2021-01-26;25727;117;216832;408;9.8;0.0
FR;79;2021-01-27;25009;194;241841;602;10.9;0.0
FR;79;2021-01-28;25199;559;267040;1161;12.0;0.1
FR;79;2021-01-29;22538;562;289578;1723;13.1;0.1
FR;79;2021-01-30;8783;137;298361;1860;13.5;0.1
FR;79;2021-01-31;1230;55;299591;1915;13.5;0.1
FR;79;2021-02-01;16153;643;315744;2558;14.2;0.1
FR;79;2021-02-02;19267;1271;335011;3829;15.1;0.2
FR;79;2021-02-03;18290;1579;353301;5408;15.9;0.2
FR;79;2021-02-04;19175;2533;372476;7941;16.8;0.4
FR;79;2021-02-05;18021;2681;390497;10622;17.6;0.5
FR;79;2021-02-06;6451;1005;396948;11627;17.9;0.5
FR;79;2021-02-07;870;391;397818;12018;17.9;0.5
FR;79;2021-02-08;13083;5811;410901;17829;18.5;0.8
FR;79;2021-02-09;15553;7673;426454;25502;19.2;1.2
FR;79;2021-02-10;15445;8047;441899;33549;19.9;1.5
FR;79;2021-02-11;16532;9606;458431;43155;20.7;1.9
FR;79;2021-02-12;15670;9406;474101;52561;21.4;2.4
FR;79;2021-02-13;5005;4122;479106;56683;21.6;2.6
FR;79;2021-02-14;905;1043;480011;57726;21.6;2.6
FR;79;2021-02-15;7131;19824;487142;77550;22.0;3.5
FR;79;2021-02-16;8352;23625;495494;101175;22.3;4.6
FR;79;2021-02-17;8250;24026;503744;125201;22.7;5.6
FR;79;2021-02-18;10292;24425;514036;149626;23.2;6.7
FR;79;2021-02-19;10314;20762;524350;170388;23.6;7.7
FR;79;2021-02-20;3766;8312;528116;178700;23.8;8.1
FR;79;2021-02-21;549;1555;528665;180255;23.8;8.1
FR;79;2021-02-22;6986;21884;535651;202139;24.2;9.1
FR;79;2021-02-23;9637;23565;545288;225704;24.6;10.2
FR;79;2021-02-24;10024;22204;555312;247908;25.0;11.2
FR;79;2021-02-25;11677;22086;566989;269994;25.6;12.2
FR;79;2021-02-26;12062;19111;579051;289105;26.1;13.0
FR;79;2021-02-27;4420;6733;583471;295838;26.3;13.3
FR;79;2021-02-28;874;1038;584345;296876;26.4;13.4
FR;79;2021-03-01;12116;16451;596461;313327;26.9;14.1
FR;79;2021-03-02;16313;19266;612774;332593;27.6;15.0
FR;79;2021-03-03;17726;18529;630500;351122;28.4;15.8
FR;79;2021-03-04;20891;17667;651391;368789;29.4;16.6
FR;79;2021-03-05;22446;16460;673837;385249;30.4;17.4
FR;79;2021-03-06;28979;5349;702816;390598;31.7;17.6
FR;79;2021-03-07;21059;1020;723875;391618;32.6;17.7
FR;79;2021-03-08;17361;15324;741236;406942;33.4;18.4
FR;79;2021-03-09;25733;16418;766969;423360;34.6;19.1
FR;79;2021-03-10;26857;15586;793826;438946;35.8;19.8
FR;79;2021-03-11;31814;15078;825640;454024;37.2;20.5
FR;79;2021-03-12;33334;12930;858974;466954;38.7;21.1
FR;79;2021-03-13;25263;4214;884237;471168;39.9;21.2
FR;79;2021-03-14;9462;769;893699;471937;40.3;21.3
FR;79;2021-03-15;28444;8679;922143;480616;41.6;21.7
FR;79;2021-03-16;32788;9288;954931;489904;43.1;22.1
FR;79;2021-03-17;33771;9242;988702;499146;44.6;22.5
FR;79;2021-03-18;36659;9729;1025361;508875;46.2;23.0
FR;79;2021-03-19;36678;8858;1062039;517733;47.9;23.3
FR;79;2021-03-20;20663;3277;1082702;521010;48.8;23.5
FR;79;2021-03-21;5874;598;1088576;521608;49.1;23.5
FR;79;2021-03-22;28540;9173;1117116;530781;50.4;23.9
FR;79;2021-03-23;37003;10769;1154119;541550;52.1;24.4
FR;79;2021-03-24;35501;11333;1189620;552883;53.7;24.9
FR;79;2021-03-25;41832;11105;1231452;563988;55.5;25.4
FR;79;2021-03-26;39305;10421;1270757;574409;57.3;25.9
FR;79;2021-03-27;17624;4401;1288381;578810;58.1;26.1
FR;79;2021-03-28;4794;901;1293175;579711;58.3;26.1
FR;79;2021-03-29;22240;14998;1315415;594709;59.3;26.8
FR;79;2021-03-30;27974;18887;1343389;613596;60.6;27.7
FR;79;2021-03-31;24645;19727;1368034;633323;61.7;28.6
FR;79;2021-04-01;27124;23173;1395158;656496;62.9;29.6
FR;79;2021-04-02;23009;24428;1418167;680924;64.0;30.7
FR;79;2021-04-03;10001;17357;1428168;698281;64.4;31.5
FR;79;2021-04-04;2798;5061;1430966;703342;64.5;31.7
FR;79;2021-04-05;4184;2744;1435150;706086;64.7;31.8
FR;79;2021-04-06;18895;28946;1454045;735032;65.6;33.1
FR;79;2021-04-07;21000;29829;1475045;764861;66.5;34.5
FR;79;2021-04-08;24934;29894;1499979;794755;67.6;35.8
FR;79;2021-04-09;26769;28070;1526748;822825;68.9;37.1
FR;79;2021-04-10;13625;18913;1540373;841738;69.5;38.0
FR;79;2021-04-11;3502;6444;1543875;848182;69.6;38.3
FR;79;2021-04-12;16704;28881;1560579;877063;70.4;39.6
FR;79;2021-04-13;19052;34982;1579631;912045;71.2;41.1
FR;79;2021-04-14;18117;33119;1597748;945164;72.1;42.6
FR;79;2021-04-15;19030;33292;1616778;978456;72.9;44.1
FR;79;2021-04-16;16168;31018;1632946;1009474;73.6;45.5
FR;79;2021-04-17;8119;16681;1641065;1026155;74.0;46.3
FR;79;2021-04-18;1764;4830;1642829;1030985;74.1;46.5
FR;79;2021-04-19;9798;29153;1652627;1060138;74.5;47.8
FR;79;2021-04-20;11612;34415;1664239;1094553;75.1;49.4
FR;79;2021-04-21;11228;31183;1675467;1125736;75.6;50.8
FR;79;2021-04-22;12766;31055;1688233;1156791;76.1;52.2
FR;79;2021-04-23;11830;27653;1700063;1184444;76.7;53.4
FR;79;2021-04-24;6123;13703;1706186;1198147;76.9;54.0
FR;79;2021-04-25;1894;3420;1708080;1201567;77.0;54.2
FR;79;2021-04-26;8834;20571;1716914;1222138;77.4;55.1
FR;79;2021-04-27;11003;23633;1727917;1245771;77.9;56.2
FR;79;2021-04-28;11520;20867;1739437;1266638;78.4;57.1
FR;79;2021-04-29;13526;20627;1752963;1287265;79.1;58.1
FR;79;2021-04-30;12738;17551;1765701;1304816;79.6;58.8
FR;79;2021-05-01;3790;3908;1769491;1308724;79.8;59.0
FR;79;2021-05-02;1725;2613;1771216;1311337;79.9;59.1
FR;79;2021-05-03;8524;15073;1779740;1326410;80.3;59.8
FR;79;2021-05-04;8847;20120;1788587;1346530;80.7;60.7
FR;79;2021-05-05;8309;18942;1796896;1365472;81.0;61.6
FR;79;2021-05-06;10153;18741;1807049;1384213;81.5;62.4
FR;79;2021-05-07;8875;19415;1815924;1403628;81.9;63.3
FR;79;2021-05-08;2925;4279;1818849;1407907;82.0;63.5
FR;79;2021-05-09;1377;2985;1820226;1410892;82.1;63.6
FR;79;2021-05-10;6044;17448;1826270;1428340;82.4;64.4
FR;79;2021-05-11;7890;18519;1834160;1446859;82.7;65.3
FR;79;2021-05-12;7154;15754;1841314;1462613;83.0;66.0
FR;79;2021-05-13;3477;3776;1844791;1466389;83.2;66.1
FR;79;2021-05-14;6704;11350;1851495;1477739;83.5;66.6
FR;79;2021-05-15;3258;5087;1854753;1482826;83.6;66.9
FR;79;2021-05-16;1138;1150;1855891;1483976;83.7;66.9
FR;79;2021-05-17;4867;8963;1860758;1492939;83.9;67.3
FR;79;2021-05-18;5997;9104;1866755;1502043;84.2;67.7
FR;79;2021-05-19;5624;7931;1872379;1509974;84.4;68.1
FR;79;2021-05-20;6490;8070;1878869;1518044;84.7;68.5
FR;79;2021-05-21;5503;8692;1884372;1526736;85.0;68.9
FR;79;2021-05-22;2378;3792;1886750;1530528;85.1;69.0
FR;79;2021-05-23;723;784;1887473;1531312;85.1;69.1
FR;79;2021-05-24;1814;1591;1889287;1532903;85.2;69.1
FR;79;2021-05-25;4274;10153;1893561;1543056;85.4;69.6
FR;79;2021-05-26;4024;9445;1897585;1552501;85.6;70.0
FR;80;2020-12-27;10;2;10;2;0.0;0.0
FR;80;2020-12-28;41;0;51;2;0.0;0.0
FR;80;2020-12-29;78;0;129;2;0.0;0.0
FR;80;2020-12-30;69;0;198;2;0.0;0.0
FR;80;2020-12-31;49;0;247;2;0.0;0.0
FR;80;2021-01-01;9;0;256;2;0.0;0.0
FR;80;2021-01-02;8;0;264;2;0.0;0.0
FR;80;2021-01-03;2;0;266;2;0.0;0.0
FR;80;2021-01-04;297;1;563;3;0.0;0.0
FR;80;2021-01-05;909;0;1472;3;0.0;0.0
FR;80;2021-01-06;1675;0;3147;3;0.1;0.0
FR;80;2021-01-07;6292;2;9439;5;0.2;0.0
FR;80;2021-01-08;5742;2;15181;7;0.4;0.0
FR;80;2021-01-09;979;0;16160;7;0.4;0.0
FR;80;2021-01-10;308;0;16468;7;0.4;0.0
FR;80;2021-01-11;4439;4;20907;11;0.5;0.0
FR;80;2021-01-12;12709;9;33616;20;0.8;0.0
FR;80;2021-01-13;12435;14;46051;34;1.1;0.0
FR;80;2021-01-14;18246;118;64297;152;1.5;0.0
FR;80;2021-01-15;12127;32;76424;184;1.8;0.0
FR;80;2021-01-16;4033;28;80457;212;1.9;0.0
FR;80;2021-01-17;3745;18;84202;230;2.0;0.0
FR;80;2021-01-18;28745;66;112947;296;2.7;0.0
FR;80;2021-01-19;53772;104;166719;400;4.0;0.0
FR;80;2021-01-20;59375;113;226094;513;5.4;0.0
FR;80;2021-01-21;69929;80;296023;593;7.1;0.0
FR;80;2021-01-22;48296;66;344319;659;8.3;0.0
FR;80;2021-01-23;16216;9;360535;668;8.7;0.0
FR;80;2021-01-24;4311;2;364846;670;8.8;0.0
FR;80;2021-01-25;32407;149;397253;819;9.6;0.0
FR;80;2021-01-26;45109;531;442362;1350;10.6;0.0
FR;80;2021-01-27;50883;892;493245;2242;11.9;0.1
FR;80;2021-01-28;60009;3943;553254;6185;13.3;0.1
FR;80;2021-01-29;39333;3275;592587;9460;14.3;0.2
FR;80;2021-01-30;13221;591;605808;10051;14.6;0.2
FR;80;2021-01-31;2333;285;608141;10336;14.6;0.2
FR;80;2021-02-01;23010;2784;631151;13120;15.2;0.3
FR;80;2021-02-02;33485;7427;664636;20547;16.0;0.5
FR;80;2021-02-03;34409;7871;699045;28418;16.8;0.7
FR;80;2021-02-04;38060;12582;737105;41000;17.7;1.0
FR;80;2021-02-05;29790;9526;766895;50526;18.4;1.2
FR;80;2021-02-06;9703;2123;776598;52649;18.7;1.3
FR;80;2021-02-07;1449;1867;778047;54516;18.7;1.3
FR;80;2021-02-08;19344;11138;797391;65654;19.2;1.6
FR;80;2021-02-09;25892;25606;823283;91260;19.8;2.2
FR;80;2021-02-10;26298;28916;849581;120176;20.4;2.9
FR;80;2021-02-11;30503;38115;880084;158291;21.2;3.8
FR;80;2021-02-12;26712;24676;906796;182967;21.8;4.4
FR;80;2021-02-13;7933;6525;914729;189492;22.0;4.6
FR;80;2021-02-14;1508;3100;916237;192592;22.0;4.6
FR;80;2021-02-15;11132;28309;927369;220901;22.3;5.3
FR;80;2021-02-16;15546;38925;942915;259826;22.7;6.2
FR;80;2021-02-17;15934;44488;958849;304314;23.1;7.3
FR;80;2021-02-18;21502;52513;980351;356827;23.6;8.6
FR;80;2021-02-19;19047;37491;999398;394318;24.0;9.5
FR;80;2021-02-20;6301;12322;1005699;406640;24.2;9.8
FR;80;2021-02-21;913;2970;1006612;409610;24.2;9.9
FR;80;2021-02-22;11170;30691;1017782;440301;24.5;10.6
FR;80;2021-02-23;17075;37255;1034857;477556;24.9;11.5
FR;80;2021-02-24;17976;37079;1052833;514635;25.3;12.4
FR;80;2021-02-25;22277;40857;1075110;555492;25.9;13.4
FR;80;2021-02-26;20515;30905;1095625;586397;26.4;14.1
FR;80;2021-02-27;7168;10283;1102793;596680;26.5;14.4
FR;80;2021-02-28;1260;2120;1104053;598800;26.6;14.4
FR;80;2021-03-01;18768;23203;1122821;622003;27.0;15.0
FR;80;2021-03-02;26867;29099;1149688;651102;27.7;15.7
FR;80;2021-03-03;28673;29233;1178361;680335;28.3;16.4
FR;80;2021-03-04;34853;29677;1213214;710012;29.2;17.1
FR;80;2021-03-05;35847;27473;1249061;737485;30.0;17.7
FR;80;2021-03-06;41301;8329;1290362;745814;31.0;17.9
FR;80;2021-03-07;29667;2007;1320029;747821;31.7;18.0
FR;80;2021-03-08;27152;22470;1347181;770291;32.4;18.5
FR;80;2021-03-09;40683;24642;1387864;794933;33.4;19.1
FR;80;2021-03-10;43056;25373;1430920;820306;34.4;19.7
FR;80;2021-03-11;51582;26856;1482502;847162;35.7;20.4
FR;80;2021-03-12;52033;22953;1534535;870115;36.9;20.9
FR;80;2021-03-13;37400;6982;1571935;877097;37.8;21.1
FR;80;2021-03-14;13877;1520;1585812;878617;38.1;21.1
FR;80;2021-03-15;44012;13917;1629824;892534;39.2;21.5
FR;80;2021-03-16;51783;17006;1681607;909540;40.4;21.9
FR;80;2021-03-17;54611;16524;1736218;926064;41.8;22.3
FR;80;2021-03-18;58450;18805;1794668;944869;43.2;22.7
FR;80;2021-03-19;57301;15707;1851969;960576;44.5;23.1
FR;80;2021-03-20;30957;5328;1882926;965904;45.3;23.2
FR;80;2021-03-21;8685;1089;1891611;966993;45.5;23.3
FR;80;2021-03-22;42809;14537;1934420;981530;46.5;23.6
FR;80;2021-03-23;55498;18023;1989918;999553;47.9;24.0
FR;80;2021-03-24;54369;19025;2044287;1018578;49.2;24.5
FR;80;2021-03-25;63854;19553;2108141;1038131;50.7;25.0
FR;80;2021-03-26;60017;18232;2168158;1056363;52.1;25.4
FR;80;2021-03-27;26542;7333;2194700;1063696;52.8;25.6
FR;80;2021-03-28;6924;1448;2201624;1065144;53.0;25.6
FR;80;2021-03-29;32798;23378;2234422;1088522;53.7;26.2
FR;80;2021-03-30;43133;30704;2277555;1119226;54.8;26.9
FR;80;2021-03-31;40444;32077;2317999;1151303;55.7;27.7
FR;80;2021-04-01;46025;37689;2364024;1188992;56.9;28.6
FR;80;2021-04-02;36998;39702;2401022;1228694;57.7;29.6
FR;80;2021-04-03;14486;26081;2415508;1254775;58.1;30.2
FR;80;2021-04-04;3862;7558;2419370;1262333;58.2;30.4
FR;80;2021-04-05;5610;4079;2424980;1266412;58.3;30.5
FR;80;2021-04-06;27514;44925;2452494;1311337;59.0;31.5
FR;80;2021-04-07;33363;48360;2485857;1359697;59.8;32.7
FR;80;2021-04-08;39937;49490;2525794;1409187;60.7;33.9
FR;80;2021-04-09;43360;46291;2569154;1455478;61.8;35.0
FR;80;2021-04-10;19808;28863;2588962;1484341;62.3;35.7
FR;80;2021-04-11;4832;9354;2593794;1493695;62.4;35.9
FR;80;2021-04-12;23443;45124;2617237;1538819;62.9;37.0
FR;80;2021-04-13;30101;54587;2647338;1593406;63.7;38.3
FR;80;2021-04-14;28907;52111;2676245;1645517;64.4;39.6
FR;80;2021-04-15;31245;52622;2707490;1698139;65.1;40.8
FR;80;2021-04-16;26341;48937;2733831;1747076;65.8;42.0
FR;80;2021-04-17;12301;25580;2746132;1772656;66.0;42.6
FR;80;2021-04-18;2527;7615;2748659;1780271;66.1;42.8
FR;80;2021-04-19;14176;43648;2762835;1823919;66.4;43.9
FR;80;2021-04-20;17823;53004;2780658;1876923;66.9;45.1
FR;80;2021-04-21;17841;49744;2798499;1926667;67.3;46.3
FR;80;2021-04-22;20516;51165;2819015;1977832;67.8;47.6
FR;80;2021-04-23;18953;44566;2837968;2022398;68.3;48.6
FR;80;2021-04-24;9352;21175;2847320;2043573;68.5;49.1
FR;80;2021-04-25;2660;5144;2849980;2048717;68.5;49.3
FR;80;2021-04-26;12246;30542;2862226;2079259;68.8;50.0
FR;80;2021-04-27;16631;36372;2878857;2115631;69.2;50.9
FR;80;2021-04-28;17844;34542;2896701;2150173;69.7;51.7
FR;80;2021-04-29;21455;35561;2918156;2185734;70.2;52.6
FR;80;2021-04-30;20217;29524;2938373;2215258;70.7;53.3
FR;80;2021-05-01;5778;5807;2944151;2221065;70.8;53.4
FR;80;2021-05-02;2586;3846;2946737;2224911;70.9;53.5
FR;80;2021-05-03;12386;21309;2959123;2246220;71.2;54.0
FR;80;2021-05-04;13755;29930;2972878;2276150;71.5;54.7
FR;80;2021-05-05;13401;29259;2986279;2305409;71.8;55.4
FR;80;2021-05-06;15748;29466;3002027;2334875;72.2;56.2
FR;80;2021-05-07;14453;29724;3016480;2364599;72.5;56.9
FR;80;2021-05-08;4443;6028;3020923;2370627;72.7;57.0
FR;80;2021-05-09;1906;4141;3022829;2374768;72.7;57.1
FR;80;2021-05-10;9043;24328;3031872;2399096;72.9;57.7
FR;80;2021-05-11;12407;27142;3044279;2426238;73.2;58.4
FR;80;2021-05-12;11347;23541;3055626;2449779;73.5;58.9
FR;80;2021-05-13;4872;5388;3060498;2455167;73.6;59.0
FR;80;2021-05-14;10309;16339;3070807;2471506;73.9;59.4
FR;80;2021-05-15;4799;7323;3075606;2478829;74.0;59.6
FR;80;2021-05-16;1531;1525;3077137;2480354;74.0;59.7
FR;80;2021-05-17;6998;13079;3084135;2493433;74.2;60.0
FR;80;2021-05-18;9368;13422;3093503;2506855;74.4;60.3
FR;80;2021-05-19;8791;12045;3102294;2518900;74.6;60.6
FR;80;2021-05-20;10449;12632;3112743;2531532;74.9;60.9
FR;80;2021-05-21;8638;13008;3121381;2544540;75.1;61.2
FR;80;2021-05-22;3795;5180;3125176;2549720;75.2;61.3
FR;80;2021-05-23;1007;1130;3126183;2550850;75.2;61.4
FR;80;2021-05-24;2550;2216;3128733;2553066;75.2;61.4
FR;80;2021-05-25;6401;14152;3135134;2567218;75.4;61.7
FR;80;2021-05-26;6127;14072;3141261;2581290;75.5;62.1
FR;0;2020-12-27;20;2;20;2;0.0;0.0
FR;0;2020-12-28;68;0;88;2;0.0;0.0
FR;0;2020-12-29;108;0;196;2;0.0;0.0
FR;0;2020-12-30;119;0;315;2;0.0;0.0
FR;0;2020-12-31;83;0;398;2;0.0;0.0
FR;0;2021-01-01;66;1;464;3;0.0;0.0
FR;0;2021-01-02;76;1;540;4;0.0;0.0
FR;0;2021-01-03;88;0;628;4;0.0;0.0
FR;0;2021-01-04;1471;6;2099;10;0.0;0.0
FR;0;2021-01-05;5382;9;7481;19;0.0;0.0
FR;0;2021-01-06;11288;19;18769;38;0.0;0.0
FR;0;2021-01-07;28540;43;47309;81;0.1;0.0
FR;0;2021-01-08;36144;43;83453;124;0.1;0.0
FR;0;2021-01-09;10898;11;94351;135;0.1;0.0
FR;0;2021-01-10;5605;4;99956;139;0.1;0.0
FR;0;2021-01-11;38920;50;138876;189;0.2;0.0
FR;0;2021-01-12;60744;92;199620;281;0.3;0.0
FR;0;2021-01-13;63642;122;263262;403;0.4;0.0
FR;0;2021-01-14;79773;662;343035;1065;0.5;0.0
FR;0;2021-01-15;67326;230;410361;1295;0.6;0.0
FR;0;2021-01-16;19601;105;429962;1400;0.6;0.0
FR;0;2021-01-17;10461;50;440423;1450;0.7;0.0
FR;0;2021-01-18;84278;235;524701;1685;0.8;0.0
FR;0;2021-01-19;128314;297;653015;1982;1.0;0.0
FR;0;2021-01-20;134850;297;787865;2279;1.2;0.0
FR;0;2021-01-21;155030;274;942895;2553;1.4;0.0
FR;0;2021-01-22;118349;277;1061244;2830;1.6;0.0
FR;0;2021-01-23;37763;63;1099007;2893;1.6;0.0
FR;0;2021-01-24;9339;32;1108346;2925;1.7;0.0
FR;0;2021-01-25;76727;1291;1185073;4216;1.8;0.0
FR;0;2021-01-26;98654;3205;1283727;7421;1.9;0.0
FR;0;2021-01-27;105528;5708;1389255;13129;2.1;0.0
FR;0;2021-01-28;122165;14517;1511420;27646;2.3;0.0
FR;0;2021-01-29;90799;17425;1602219;45071;2.4;0.1
FR;0;2021-01-30;28627;4259;1630846;49330;2.4;0.1
FR;0;2021-01-31;4863;1682;1635709;51012;2.4;0.1
FR;0;2021-02-01;51495;21180;1687204;72192;2.5;0.1
FR;0;2021-02-02;70464;34707;1757668;106899;2.6;0.2
FR;0;2021-02-03;70869;37098;1828537;143997;2.7;0.2
FR;0;2021-02-04;80406;50232;1908943;194229;2.8;0.3
FR;0;2021-02-05;67003;45476;1975946;239705;2.9;0.4
FR;0;2021-02-06;21273;10424;1997219;250129;3.0;0.4
FR;0;2021-02-07;4824;5072;2002043;255201;3.0;0.4
FR;0;2021-02-08;45798;46155;2047841;301356;3.1;0.4
FR;0;2021-02-09;64678;72785;2112519;374141;3.1;0.6
FR;0;2021-02-10;69157;77148;2181676;451289;3.3;0.7
FR;0;2021-02-11;85476;99839;2267152;551128;3.4;0.8
FR;0;2021-02-12;77615;74905;2344767;626033;3.5;0.9
FR;0;2021-02-13;21637;19594;2366404;645627;3.5;1.0
FR;0;2021-02-14;4578;7224;2370982;652851;3.5;1.0
FR;0;2021-02-15;36992;76900;2407974;729751;3.6;1.1
FR;0;2021-02-16;49138;101196;2457112;830947;3.7;1.2
FR;0;2021-02-17;49270;103454;2506382;934401;3.7;1.4
FR;0;2021-02-18;67788;119364;2574170;1053765;3.8;1.6
FR;0;2021-02-19;63606;91438;2637776;1145203;3.9;1.7
FR;0;2021-02-20;17946;28549;2655722;1173752;4.0;1.7
FR;0;2021-02-21;2852;6402;2658574;1180154;4.0;1.8
FR;0;2021-02-22;36414;73563;2694988;1253717;4.0;1.9
FR;0;2021-02-23;52441;84584;2747429;1338301;4.1;2.0
FR;0;2021-02-24;57926;81634;2805355;1419935;4.2;2.1
FR;0;2021-02-25;98384;92536;2903739;1512471;4.3;2.3
FR;0;2021-02-26;111483;72117;3015222;1584588;4.5;2.4
FR;0;2021-02-27;51029;22386;3066251;1606974;4.6;2.4
FR;0;2021-02-28;5655;4479;3071906;1611453;4.6;2.4
FR;0;2021-03-01;63394;53366;3135300;1664819;4.7;2.5
FR;0;2021-03-02;99049;67150;3234349;1731969;4.8;2.6
FR;0;2021-03-03;113124;66674;3347473;1798643;5.0;2.7
FR;0;2021-03-04;159270;70643;3506743;1869286;5.2;2.8
FR;0;2021-03-05;196934;65434;3703677;1934720;5.5;2.9
FR;0;2021-03-06;203502;19147;3907179;1953867;5.8;2.9
FR;0;2021-03-07;119246;6169;4026425;1960036;6.0;2.9
FR;0;2021-03-08;104331;51679;4130756;2011715;6.2;3.0
FR;0;2021-03-09;168936;58272;4299692;2069987;6.4;3.1
FR;0;2021-03-10;174883;58724;4474575;2128711;6.7;3.2
FR;0;2021-03-11;238268;65409;4712843;2194120;7.0;3.3
FR;0;2021-03-12;289699;56155;5002542;2250275;7.5;3.4
FR;0;2021-03-13;227233;16784;5229775;2267059;7.8;3.4
FR;0;2021-03-14;62010;3970;5291785;2271029;7.9;3.4
FR;0;2021-03-15;155302;34440;5447087;2305469;8.1;3.4
FR;0;2021-03-16;139099;41290;5586186;2346759;8.3;3.5
FR;0;2021-03-17;147797;40819;5733983;2387578;8.5;3.6
FR;0;2021-03-18;164777;47442;5898760;2435020;8.8;3.6
FR;0;2021-03-19;225986;41001;6124746;2476021;9.1;3.7
FR;0;2021-03-20;164150;13840;6288896;2489861;9.4;3.7
FR;0;2021-03-21;48701;3399;6337597;2493260;9.4;3.7
FR;0;2021-03-22;166720;37113;6504317;2530373;9.7;3.8
FR;0;2021-03-23;246140;46445;6750457;2576818;10.1;3.8
FR;0;2021-03-24;252715;47949;7003172;2624767;10.4;3.9
FR;0;2021-03-25;336541;50378;7339713;2675145;10.9;4.0
FR;0;2021-03-26;353741;47982;7693454;2723127;11.5;4.1
FR;0;2021-03-27;192470;19858;7885924;2742985;11.7;4.1
FR;0;2021-03-28;58248;4742;7944172;2747727;11.8;4.1
FR;0;2021-03-29;200013;57936;8144185;2805663;12.1;4.2
FR;0;2021-03-30;281369;75242;8425554;2880905;12.6;4.3
FR;0;2021-03-31;258851;78630;8684405;2959535;12.9;4.4
FR;0;2021-04-01;309132;95496;8993537;3055031;13.4;4.6
FR;0;2021-04-02;277033;98660;9270570;3153691;13.8;4.7
FR;0;2021-04-03;138932;64975;9409502;3218666;14.0;4.8
FR;0;2021-04-04;44813;19876;9454315;3238542;14.1;4.8
FR;0;2021-04-05;58695;12655;9513010;3251197;14.2;4.8
FR;0;2021-04-06;212531;113013;9725541;3364210;14.5;5.0
FR;0;2021-04-07;255643;122380;9981184;3486590;14.9;5.2
FR;0;2021-04-08;331973;131101;10313157;3617691;15.4;5.4
FR;0;2021-04-09;403839;126752;10716996;3744443;16.0;5.6
FR;0;2021-04-10;209842;87957;10926838;3832400;16.3;5.7
FR;0;2021-04-11;54925;36267;10981763;3868667;16.4;5.8
FR;0;2021-04-12;233349;121316;11215112;3989983;16.7;5.9
FR;0;2021-04-13;304410;153164;11519522;4143147;17.2;6.2
FR;0;2021-04-14;288801;148168;11808323;4291315;17.6;6.4
FR;0;2021-04-15;330485;157920;12138808;4449235;18.1;6.6
FR;0;2021-04-16;333572;155262;12472380;4604497;18.6;6.9
FR;0;2021-04-17;185531;95348;12657911;4699845;18.9;7.0
FR;0;2021-04-18;50277;37147;12708188;4736992;18.9;7.1
FR;0;2021-04-19;201619;144729;12909807;4881721;19.2;7.3
FR;0;2021-04-20;249147;178859;13158954;5060580;19.6;7.5
FR;0;2021-04-21;247718;177107;13406672;5237687;20.0;7.8
FR;0;2021-04-22;281326;198197;13687998;5435884;20.4;8.1
FR;0;2021-04-23;288650;194163;13976648;5630047;20.8;8.4
FR;0;2021-04-24;187164;119411;14163812;5749458;21.1;8.6
FR;0;2021-04-25;67743;41594;14231555;5791052;21.2;8.6
FR;0;2021-04-26;215004;166436;14446559;5957488;21.5;8.9
FR;0;2021-04-27;279251;206920;14725810;6164408;21.9;9.2
FR;0;2021-04-28;293540;204052;15019350;6368460;22.4;9.5
FR;0;2021-04-29;349860;225998;15369210;6594458;22.9;9.8
FR;0;2021-04-30;365343;219057;15734553;6813515;23.4;10.2
FR;0;2021-05-01;162465;61391;15897018;6874906;23.7;10.2
FR;0;2021-05-02;89280;42271;15986298;6917177;23.8;10.3
FR;0;2021-05-03;281089;186764;16267387;7103941;24.2;10.6
FR;0;2021-05-04;307637;246755;16575024;7350696;24.7;11.0
FR;0;2021-05-05;317357;245861;16892381;7596557;25.2;11.3
FR;0;2021-05-06;370686;268783;17263067;7865340;25.7;11.7
FR;0;2021-05-07;363784;294318;17626851;8159658;26.3;12.2
FR;0;2021-05-08;203920;78815;17830771;8238473;26.6;12.3
FR;0;2021-05-09;127322;54103;17958093;8292576;26.8;12.4
FR;0;2021-05-10;300976;251233;18259069;8543809;27.2;12.7
FR;0;2021-05-11;393493;292407;18652562;8836216;27.8;13.2
FR;0;2021-05-12;417381;264639;19069943;9100855;28.4;13.6
FR;0;2021-05-13;327889;75584;19397832;9176439;28.9;13.7
FR;0;2021-05-14;440422;198891;19838254;9375330;29.6;14.0
FR;0;2021-05-15;362472;117053;20200726;9492383;30.1;14.1
FR;0;2021-05-16;199210;32717;20399936;9525100;30.4;14.2
FR;0;2021-05-17;366356;175510;20766292;9700610;30.9;14.5
FR;0;2021-05-18;442357;187480;21208649;9888090;31.6;14.7
FR;0;2021-05-19;453129;178316;21661778;10066406;32.3;15.0
FR;0;2021-05-20;491807;199637;22153585;10266043;33.0;15.3
FR;0;2021-05-21;473954;216645;22627539;10482688;33.7;15.6
FR;0;2021-05-22;339961;105717;22967500;10588405;34.2;15.8
FR;0;2021-05-23;158331;25585;23125831;10613990;34.5;15.8
FR;0;2021-05-24;255730;51307;23381561;10665297;34.8;15.9
FR;0;2021-05-25;387507;222275;23769068;10887572;35.4;16.2
FR;0;2021-05-26;381035;220586;24150103;11108158;36.0;16.6
