reg;jour;n_dose1;n_complet;n_cum_dose1;n_cum_complet;couv_dose1;couv_complet
01;2020-12-27;0;0;0;0;0.0;0.0
01;2020-12-28;0;0;0;0;0.0;0.0
01;2020-12-29;0;0;0;0;0.0;0.0
01;2020-12-30;0;0;0;0;0.0;0.0
01;2020-12-31;0;0;0;0;0.0;0.0
01;2021-01-01;1;0;1;0;0.0;0.0
01;2021-01-02;0;0;1;0;0.0;0.0
01;2021-01-03;0;0;1;0;0.0;0.0
01;2021-01-04;1;0;2;0;0.0;0.0
01;2021-01-05;0;0;2;0;0.0;0.0
01;2021-01-06;1;0;3;0;0.0;0.0
01;2021-01-07;0;0;3;0;0.0;0.0
01;2021-01-08;49;0;52;0;0.0;0.0
01;2021-01-09;18;0;70;0;0.0;0.0
01;2021-01-10;0;0;70;0;0.0;0.0
01;2021-01-11;55;0;125;0;0.0;0.0
01;2021-01-12;44;0;169;0;0.0;0.0
01;2021-01-13;45;0;214;0;0.1;0.0
01;2021-01-14;60;0;274;0;0.1;0.0
01;2021-01-15;76;0;350;0;0.1;0.0
01;2021-01-16;0;0;350;0;0.1;0.0
01;2021-01-17;0;0;350;0;0.1;0.0
01;2021-01-18;75;0;425;0;0.1;0.0
01;2021-01-19;143;0;568;0;0.2;0.0
01;2021-01-20;134;0;702;0;0.2;0.0
01;2021-01-21;149;1;851;1;0.2;0.0
01;2021-01-22;131;0;982;1;0.3;0.0
01;2021-01-23;1;0;983;1;0.3;0.0
01;2021-01-24;0;0;983;1;0.3;0.0
01;2021-01-25;203;0;1186;1;0.3;0.0
01;2021-01-26;210;1;1396;2;0.4;0.0
01;2021-01-27;233;0;1629;2;0.4;0.0
01;2021-01-28;238;3;1867;5;0.5;0.0
01;2021-01-29;197;0;2064;5;0.5;0.0
01;2021-01-30;17;0;2081;5;0.6;0.0
01;2021-01-31;1;0;2082;5;0.6;0.0
01;2021-02-01;222;4;2304;9;0.6;0.0
01;2021-02-02;241;26;2545;35;0.7;0.0
01;2021-02-03;213;3;2758;38;0.7;0.0
01;2021-02-04;299;21;3057;59;0.8;0.0
01;2021-02-05;251;32;3308;91;0.9;0.0
01;2021-02-06;49;1;3357;92;0.9;0.0
01;2021-02-07;0;0;3357;92;0.9;0.0
01;2021-02-08;220;23;3577;115;0.9;0.0
01;2021-02-09;288;29;3865;144;1.0;0.0
01;2021-02-10;222;29;4087;173;1.1;0.0
01;2021-02-11;293;110;4380;283;1.2;0.1
01;2021-02-12;284;25;4664;308;1.2;0.1
01;2021-02-13;50;7;4714;315;1.3;0.1
01;2021-02-14;19;36;4733;351;1.3;0.1
01;2021-02-15;71;46;4804;397;1.3;0.1
01;2021-02-16;16;1;4820;398;1.3;0.1
01;2021-02-17;17;1;4837;399;1.3;0.1
01;2021-02-18;217;17;5054;416;1.3;0.1
01;2021-02-19;229;20;5283;436;1.4;0.1
01;2021-02-20;47;0;5330;436;1.4;0.1
01;2021-02-21;1;0;5331;436;1.4;0.1
01;2021-02-22;157;63;5488;499;1.5;0.1
01;2021-02-23;189;74;5677;573;1.5;0.2
01;2021-02-24;307;126;5984;699;1.6;0.2
01;2021-02-25;370;79;6354;778;1.7;0.2
01;2021-02-26;207;84;6561;862;1.7;0.2
01;2021-02-27;63;0;6624;862;1.8;0.2
01;2021-02-28;1;0;6625;862;1.8;0.2
01;2021-03-01;138;81;6763;943;1.8;0.3
01;2021-03-02;239;131;7002;1074;1.9;0.3
01;2021-03-03;211;120;7213;1194;1.9;0.3
01;2021-03-04;302;84;7515;1278;2.0;0.3
01;2021-03-05;330;145;7845;1423;2.1;0.4
01;2021-03-06;585;3;8430;1426;2.2;0.4
01;2021-03-07;1;0;8431;1426;2.2;0.4
01;2021-03-08;278;140;8709;1566;2.3;0.4
01;2021-03-09;357;150;9066;1716;2.4;0.5
01;2021-03-10;366;163;9432;1879;2.5;0.5
01;2021-03-11;120;45;9552;1924;2.5;0.5
01;2021-03-12;406;214;9958;2138;2.6;0.6
01;2021-03-13;132;2;10090;2140;2.7;0.6
01;2021-03-14;13;24;10103;2164;2.7;0.6
01;2021-03-15;406;44;10509;2208;2.8;0.6
01;2021-03-16;449;78;10958;2286;2.9;0.6
01;2021-03-17;420;83;11378;2369;3.0;0.6
01;2021-03-18;539;108;11917;2477;3.2;0.7
01;2021-03-19;523;97;12440;2574;3.3;0.7
01;2021-03-20;173;44;12613;2618;3.3;0.7
01;2021-03-21;8;0;12621;2618;3.3;0.7
01;2021-03-22;333;87;12954;2705;3.4;0.7
01;2021-03-23;483;156;13437;2861;3.6;0.8
01;2021-03-24;458;108;13895;2969;3.7;0.8
01;2021-03-25;729;178;14624;3147;3.9;0.8
01;2021-03-26;635;120;15259;3267;4.0;0.9
01;2021-03-27;268;49;15527;3316;4.1;0.9
01;2021-03-28;7;0;15534;3316;4.1;0.9
01;2021-03-29;359;83;15893;3399;4.2;0.9
01;2021-03-30;616;161;16509;3560;4.4;0.9
01;2021-03-31;525;129;17034;3689;4.5;1.0
01;2021-04-01;622;199;17656;3888;4.7;1.0
01;2021-04-02;38;35;17694;3923;4.7;1.0
01;2021-04-03;43;2;17737;3925;4.7;1.0
01;2021-04-04;4;18;17741;3943;4.7;1.0
01;2021-04-05;11;0;17752;3943;4.7;1.0
01;2021-04-06;433;189;18185;4132;4.8;1.1
01;2021-04-07;564;115;18749;4247;5.0;1.1
01;2021-04-08;483;160;19232;4407;5.1;1.2
01;2021-04-09;481;209;19713;4616;5.2;1.2
01;2021-04-10;96;4;19809;4620;5.3;1.2
01;2021-04-11;2;24;19811;4644;5.3;1.2
01;2021-04-12;281;258;20092;4902;5.3;1.3
01;2021-04-13;548;319;20640;5221;5.5;1.4
01;2021-04-14;425;222;21065;5443;5.6;1.4
01;2021-04-15;545;314;21610;5757;5.7;1.5
01;2021-04-16;548;269;22158;6026;5.9;1.6
01;2021-04-17;189;4;22347;6030;5.9;1.6
01;2021-04-18;4;14;22351;6044;5.9;1.6
01;2021-04-19;387;239;22738;6283;6.0;1.7
01;2021-04-20;715;344;23453;6627;6.2;1.8
01;2021-04-21;613;312;24066;6939;6.4;1.8
01;2021-04-22;800;330;24866;7269;6.6;1.9
01;2021-04-23;839;248;25705;7517;6.8;2.0
01;2021-04-24;366;75;26071;7592;6.9;2.0
01;2021-04-25;591;64;26662;7656;7.1;2.0
01;2021-04-26;940;212;27602;7868;7.3;2.1
01;2021-04-27;644;231;28246;8099;7.5;2.1
01;2021-04-28;834;264;29080;8363;7.7;2.2
01;2021-04-29;1190;191;30270;8554;8.0;2.3
01;2021-04-30;1258;173;31528;8727;8.4;2.3
01;2021-05-01;594;39;32122;8766;8.5;2.3
01;2021-05-02;343;17;32465;8783;8.6;2.3
01;2021-05-03;917;172;33382;8955;8.9;2.4
01;2021-05-04;952;200;34334;9155;9.1;2.4
01;2021-05-05;968;242;35302;9397;9.4;2.5
01;2021-05-06;1114;166;36416;9563;9.7;2.5
01;2021-05-07;1230;260;37646;9823;10.0;2.6
01;2021-05-08;316;33;37962;9856;10.1;2.6
01;2021-05-09;178;9;38140;9865;10.1;2.6
01;2021-05-10;831;211;38971;10076;10.3;2.7
01;2021-05-11;936;304;39907;10380;10.6;2.8
01;2021-05-12;896;323;40803;10703;10.8;2.8
01;2021-05-13;211;80;41014;10783;10.9;2.9
01;2021-05-14;863;270;41877;11053;11.1;2.9
01;2021-05-15;470;14;42347;11067;11.2;2.9
01;2021-05-16;182;36;42529;11103;11.3;2.9
01;2021-05-17;707;270;43236;11373;11.5;3.0
01;2021-05-18;704;387;43940;11760;11.7;3.1
01;2021-05-19;694;524;44634;12284;11.8;3.3
01;2021-05-20;778;368;45412;12652;12.0;3.4
01;2021-05-21;809;401;46221;13053;12.3;3.5
01;2021-05-22;489;218;46710;13271;12.4;3.5
01;2021-05-23;201;115;46911;13386;12.4;3.6
01;2021-05-24;198;175;47109;13561;12.5;3.6
01;2021-05-25;528;662;47637;14223;12.6;3.8
01;2021-05-26;565;492;48202;14715;12.8;3.9
01;2021-05-27;128;186;48330;14901;12.8;4.0
01;2021-05-28;512;526;48842;15427;13.0;4.1
01;2021-05-29;226;138;49068;15565;13.0;4.1
01;2021-05-30;71;111;49139;15676;13.0;4.2
01;2021-05-31;418;536;49557;16212;13.1;4.3
01;2021-06-01;532;709;50089;16921;13.3;4.5
01;2021-06-02;546;708;50635;17629;13.4;4.7
01;2021-06-03;475;559;51110;18188;13.6;4.8
01;2021-06-04;692;800;51802;18988;13.7;5.0
01;2021-06-05;319;657;52121;19645;13.8;5.2
01;2021-06-06;122;528;52243;20173;13.9;5.4
01;2021-06-07;386;782;52629;20955;14.0;5.6
01;2021-06-08;478;889;53107;21844;14.1;5.8
01;2021-06-09;402;861;53509;22705;14.2;6.0
01;2021-06-10;471;852;53980;23557;14.3;6.3
01;2021-06-11;449;1230;54429;24787;14.4;6.6
01;2021-06-12;290;660;54719;25447;14.5;6.8
01;2021-06-13;128;314;54847;25761;14.6;6.8
01;2021-06-14;350;3806;55197;29567;14.6;7.8
01;2021-06-15;445;2010;55642;31577;14.8;8.4
01;2021-06-16;447;1491;56089;33068;14.9;8.8
01;2021-06-17;417;1014;56506;34082;15.0;9.0
01;2021-06-18;451;1015;56957;35097;15.1;9.3
01;2021-06-19;294;508;57251;35605;15.2;9.4
01;2021-06-20;108;232;57359;35837;15.2;9.5
01;2021-06-21;316;681;57675;36518;15.3;9.7
01;2021-06-22;312;867;57987;37385;15.4;9.9
01;2021-06-23;343;889;58330;38274;15.5;10.2
01;2021-06-24;378;733;58708;39007;15.6;10.4
01;2021-06-25;433;763;59141;39770;15.7;10.6
01;2021-06-26;291;510;59432;40280;15.8;10.7
01;2021-06-27;106;162;59538;40442;15.8;10.7
01;2021-06-28;285;690;59823;41132;15.9;10.9
01;2021-06-29;357;777;60180;41909;16.0;11.1
01;2021-06-30;402;912;60582;42821;16.1;11.4
01;2021-07-01;324;650;60906;43471;16.2;11.5
01;2021-07-02;412;694;61318;44165;16.3;11.7
01;2021-07-03;266;460;61584;44625;16.3;11.8
01;2021-07-04;110;239;61694;44864;16.4;11.9
01;2021-07-05;309;504;62003;45368;16.5;12.0
02;2020-12-27;0;0;0;0;0.0;0.0
02;2020-12-28;0;0;0;0;0.0;0.0
02;2020-12-29;0;0;0;0;0.0;0.0
02;2020-12-30;0;0;0;0;0.0;0.0
02;2020-12-31;0;0;0;0;0.0;0.0
02;2021-01-01;0;0;0;0;0.0;0.0
02;2021-01-02;0;0;0;0;0.0;0.0
02;2021-01-03;0;0;0;0;0.0;0.0
02;2021-01-04;0;0;0;0;0.0;0.0
02;2021-01-05;0;0;0;0;0.0;0.0
02;2021-01-06;5;0;5;0;0.0;0.0
02;2021-01-07;31;0;36;0;0.0;0.0
02;2021-01-08;80;1;116;1;0.0;0.0
02;2021-01-09;20;0;136;1;0.0;0.0
02;2021-01-10;0;0;136;1;0.0;0.0
02;2021-01-11;122;0;258;1;0.1;0.0
02;2021-01-12;78;0;336;1;0.1;0.0
02;2021-01-13;64;0;400;1;0.1;0.0
02;2021-01-14;88;1;488;2;0.1;0.0
02;2021-01-15;136;0;624;2;0.2;0.0
02;2021-01-16;51;0;675;2;0.2;0.0
02;2021-01-17;0;0;675;2;0.2;0.0
02;2021-01-18;157;0;832;2;0.2;0.0
02;2021-01-19;168;1;1000;3;0.3;0.0
02;2021-01-20;164;0;1164;3;0.3;0.0
02;2021-01-21;181;2;1345;5;0.4;0.0
02;2021-01-22;156;0;1501;5;0.4;0.0
02;2021-01-23;58;0;1559;5;0.4;0.0
02;2021-01-24;0;0;1559;5;0.4;0.0
02;2021-01-25;160;0;1719;5;0.5;0.0
02;2021-01-26;137;0;1856;5;0.5;0.0
02;2021-01-27;162;5;2018;10;0.6;0.0
02;2021-01-28;143;12;2161;22;0.6;0.0
02;2021-01-29;143;41;2304;63;0.6;0.0
02;2021-01-30;96;16;2400;79;0.7;0.0
02;2021-01-31;0;0;2400;79;0.7;0.0
02;2021-02-01;119;74;2519;153;0.7;0.0
02;2021-02-02;184;96;2703;249;0.8;0.1
02;2021-02-03;130;80;2833;329;0.8;0.1
02;2021-02-04;158;73;2991;402;0.8;0.1
02;2021-02-05;120;97;3111;499;0.9;0.1
02;2021-02-06;62;26;3173;525;0.9;0.1
02;2021-02-07;1;0;3174;525;0.9;0.1
02;2021-02-08;137;80;3311;605;0.9;0.2
02;2021-02-09;176;78;3487;683;1.0;0.2
02;2021-02-10;138;90;3625;773;1.0;0.2
02;2021-02-11;150;103;3775;876;1.1;0.2
02;2021-02-12;124;130;3899;1006;1.1;0.3
02;2021-02-13;38;37;3937;1043;1.1;0.3
02;2021-02-14;0;0;3937;1043;1.1;0.3
02;2021-02-15;51;67;3988;1110;1.1;0.3
02;2021-02-16;0;1;3988;1111;1.1;0.3
02;2021-02-17;1;3;3989;1114;1.1;0.3
02;2021-02-18;68;127;4057;1241;1.1;0.3
02;2021-02-19;69;131;4126;1372;1.2;0.4
02;2021-02-20;48;69;4174;1441;1.2;0.4
02;2021-02-21;0;0;4174;1441;1.2;0.4
02;2021-02-22;102;60;4276;1501;1.2;0.4
02;2021-02-23;113;237;4389;1738;1.2;0.5
02;2021-02-24;106;223;4495;1961;1.3;0.5
02;2021-02-25;89;151;4584;2112;1.3;0.6
02;2021-02-26;126;169;4710;2281;1.3;0.6
02;2021-02-27;69;52;4779;2333;1.3;0.7
02;2021-02-28;0;0;4779;2333;1.3;0.7
02;2021-03-01;138;144;4917;2477;1.4;0.7
02;2021-03-02;158;78;5075;2555;1.4;0.7
02;2021-03-03;178;145;5253;2700;1.5;0.8
02;2021-03-04;145;135;5398;2835;1.5;0.8
02;2021-03-05;238;129;5636;2964;1.6;0.8
02;2021-03-06;119;59;5755;3023;1.6;0.8
02;2021-03-07;100;1;5855;3024;1.6;0.8
02;2021-03-08;196;132;6051;3156;1.7;0.9
02;2021-03-09;269;101;6320;3257;1.8;0.9
02;2021-03-10;324;134;6644;3391;1.9;0.9
02;2021-03-11;334;83;6978;3474;1.9;1.0
02;2021-03-12;398;53;7376;3527;2.1;1.0
02;2021-03-13;155;21;7531;3548;2.1;1.0
02;2021-03-14;4;1;7535;3549;2.1;1.0
02;2021-03-15;276;90;7811;3639;2.2;1.0
02;2021-03-16;305;55;8116;3694;2.3;1.0
02;2021-03-17;387;49;8503;3743;2.4;1.0
02;2021-03-18;435;44;8938;3787;2.5;1.1
02;2021-03-19;396;62;9334;3849;2.6;1.1
02;2021-03-20;149;48;9483;3897;2.6;1.1
02;2021-03-21;25;1;9508;3898;2.7;1.1
02;2021-03-22;362;117;9870;4015;2.8;1.1
02;2021-03-23;401;123;10271;4138;2.9;1.2
02;2021-03-24;427;105;10698;4243;3.0;1.2
02;2021-03-25;472;99;11170;4342;3.1;1.2
02;2021-03-26;632;99;11802;4441;3.3;1.2
02;2021-03-27;152;70;11954;4511;3.3;1.3
02;2021-03-28;81;2;12035;4513;3.4;1.3
02;2021-03-29;421;165;12456;4678;3.5;1.3
02;2021-03-30;469;244;12925;4922;3.6;1.4
02;2021-03-31;1143;188;14068;5110;3.9;1.4
02;2021-04-01;951;170;15019;5280;4.2;1.5
02;2021-04-02;895;8;15914;5288;4.4;1.5
02;2021-04-03;788;51;16702;5339;4.7;1.5
02;2021-04-04;750;10;17452;5349;4.9;1.5
02;2021-04-05;828;42;18280;5391;5.1;1.5
02;2021-04-06;883;133;19163;5524;5.3;1.5
02;2021-04-07;1435;325;20598;5849;5.7;1.6
02;2021-04-08;1305;268;21903;6117;6.1;1.7
02;2021-04-09;1239;317;23142;6434;6.5;1.8
02;2021-04-10;838;164;23980;6598;6.7;1.8
02;2021-04-11;621;12;24601;6610;6.9;1.8
02;2021-04-12;868;314;25469;6924;7.1;1.9
02;2021-04-13;867;326;26336;7250;7.3;2.0
02;2021-04-14;957;322;27293;7572;7.6;2.1
02;2021-04-15;958;295;28251;7867;7.9;2.2
02;2021-04-16;991;298;29242;8165;8.2;2.3
02;2021-04-17;528;161;29770;8326;8.3;2.3
02;2021-04-18;339;56;30109;8382;8.4;2.3
02;2021-04-19;668;344;30777;8726;8.6;2.4
02;2021-04-20;869;309;31646;9035;8.8;2.5
02;2021-04-21;999;358;32645;9393;9.1;2.6
02;2021-04-22;602;313;33247;9706;9.3;2.7
02;2021-04-23;606;466;33853;10172;9.4;2.8
02;2021-04-24;360;197;34213;10369;9.5;2.9
02;2021-04-25;168;200;34381;10569;9.6;2.9
02;2021-04-26;515;542;34896;11111;9.7;3.1
02;2021-04-27;559;609;35455;11720;9.9;3.3
02;2021-04-28;449;691;35904;12411;10.0;3.5
02;2021-04-29;651;641;36555;13052;10.2;3.6
02;2021-04-30;771;686;37326;13738;10.4;3.8
02;2021-05-01;243;246;37569;13984;10.5;3.9
02;2021-05-02;226;513;37795;14497;10.5;4.0
02;2021-05-03;569;771;38364;15268;10.7;4.3
02;2021-05-04;524;677;38888;15945;10.8;4.4
02;2021-05-05;541;896;39429;16841;11.0;4.7
02;2021-05-06;546;783;39975;17624;11.1;4.9
02;2021-05-07;629;1016;40604;18640;11.3;5.2
02;2021-05-08;224;526;40828;19166;11.4;5.3
02;2021-05-09;174;506;41002;19672;11.4;5.5
02;2021-05-10;519;859;41521;20531;11.6;5.7
02;2021-05-11;477;873;41998;21404;11.7;6.0
02;2021-05-12;556;912;42554;22316;11.9;6.2
02;2021-05-13;273;534;42827;22850;11.9;6.4
02;2021-05-14;388;752;43215;23602;12.0;6.6
02;2021-05-15;233;580;43448;24182;12.1;6.7
02;2021-05-16;155;442;43603;24624;12.2;6.9
02;2021-05-17;472;753;44075;25377;12.3;7.1
02;2021-05-18;446;678;44521;26055;12.4;7.3
02;2021-05-19;451;742;44972;26797;12.5;7.5
02;2021-05-20;593;500;45565;27297;12.7;7.6
02;2021-05-21;545;704;46110;28001;12.9;7.8
02;2021-05-22;185;364;46295;28365;12.9;7.9
02;2021-05-23;110;181;46405;28546;12.9;8.0
02;2021-05-24;135;241;46540;28787;13.0;8.0
02;2021-05-25;350;699;46890;29486;13.1;8.2
02;2021-05-26;379;712;47269;30198;13.2;8.4
02;2021-05-27;264;647;47533;30845;13.2;8.6
02;2021-05-28;275;816;47808;31661;13.3;8.8
02;2021-05-29;152;512;47960;32173;13.4;9.0
02;2021-05-30;16;33;47976;32206;13.4;9.0
02;2021-05-31;343;682;48319;32888;13.5;9.2
02;2021-06-01;295;547;48614;33435;13.6;9.3
02;2021-06-02;319;576;48933;34011;13.6;9.5
02;2021-06-03;246;424;49179;34435;13.7;9.6
02;2021-06-04;349;645;49528;35080;13.8;9.8
02;2021-06-05;254;370;49782;35450;13.9;9.9
02;2021-06-06;22;31;49804;35481;13.9;9.9
02;2021-06-07;257;739;50061;36220;14.0;10.1
02;2021-06-08;251;595;50312;36815;14.0;10.3
02;2021-06-09;296;707;50608;37522;14.1;10.5
02;2021-06-10;302;454;50910;37976;14.2;10.6
02;2021-06-11;334;545;51244;38521;14.3;10.7
02;2021-06-12;243;324;51487;38845;14.4;10.8
02;2021-06-13;32;29;51519;38874;14.4;10.8
02;2021-06-14;363;555;51882;39429;14.5;11.0
02;2021-06-15;407;494;52289;39923;14.6;11.1
02;2021-06-16;411;445;52700;40368;14.7;11.3
02;2021-06-17;346;579;53046;40947;14.8;11.4
02;2021-06-18;420;542;53466;41489;14.9;11.6
02;2021-06-19;225;196;53691;41685;15.0;11.6
02;2021-06-20;25;17;53716;41702;15.0;11.6
02;2021-06-21;317;581;54033;42283;15.1;11.8
02;2021-06-22;288;467;54321;42750;15.1;11.9
02;2021-06-23;406;564;54727;43314;15.3;12.1
02;2021-06-24;312;438;55039;43752;15.3;12.2
02;2021-06-25;306;391;55345;44143;15.4;12.3
02;2021-06-26;215;199;55560;44342;15.5;12.4
02;2021-06-27;15;23;55575;44365;15.5;12.4
02;2021-06-28;317;425;55892;44790;15.6;12.5
02;2021-06-29;317;429;56209;45219;15.7;12.6
02;2021-06-30;426;417;56635;45636;15.8;12.7
02;2021-07-01;331;390;56966;46026;15.9;12.8
02;2021-07-02;121;202;57087;46228;15.9;12.9
02;2021-07-03;97;117;57184;46345;15.9;12.9
02;2021-07-04;24;35;57208;46380;15.9;12.9
02;2021-07-05;431;576;57639;46956;16.1;13.1
03;2020-12-27;0;0;0;0;0.0;0.0
03;2020-12-28;0;0;0;0;0.0;0.0
03;2020-12-29;0;0;0;0;0.0;0.0
03;2020-12-30;0;0;0;0;0.0;0.0
03;2020-12-31;0;0;0;0;0.0;0.0
03;2021-01-01;0;0;0;0;0.0;0.0
03;2021-01-02;2;2;2;2;0.0;0.0
03;2021-01-03;0;0;2;2;0.0;0.0
03;2021-01-04;0;0;2;2;0.0;0.0
03;2021-01-05;0;0;2;2;0.0;0.0
03;2021-01-06;0;0;2;2;0.0;0.0
03;2021-01-07;0;0;2;2;0.0;0.0
03;2021-01-08;0;0;2;2;0.0;0.0
03;2021-01-09;0;0;2;2;0.0;0.0
03;2021-01-10;0;0;2;2;0.0;0.0
03;2021-01-11;0;0;2;2;0.0;0.0
03;2021-01-12;0;0;2;2;0.0;0.0
03;2021-01-13;30;0;32;2;0.0;0.0
03;2021-01-14;46;0;78;2;0.0;0.0
03;2021-01-15;35;0;113;2;0.0;0.0
03;2021-01-16;18;0;131;2;0.0;0.0
03;2021-01-17;0;0;131;2;0.0;0.0
03;2021-01-18;63;0;194;2;0.1;0.0
03;2021-01-19;149;1;343;3;0.1;0.0
03;2021-01-20;133;0;476;3;0.2;0.0
03;2021-01-21;118;0;594;3;0.2;0.0
03;2021-01-22;76;0;670;3;0.2;0.0
03;2021-01-23;0;0;670;3;0.2;0.0
03;2021-01-24;0;0;670;3;0.2;0.0
03;2021-01-25;56;0;726;3;0.2;0.0
03;2021-01-26;100;1;826;4;0.3;0.0
03;2021-01-27;109;1;935;5;0.3;0.0
03;2021-01-28;96;2;1031;7;0.4;0.0
03;2021-01-29;104;3;1135;10;0.4;0.0
03;2021-01-30;0;0;1135;10;0.4;0.0
03;2021-01-31;0;0;1135;10;0.4;0.0
03;2021-02-01;54;0;1189;10;0.4;0.0
03;2021-02-02;122;4;1311;14;0.5;0.0
03;2021-02-03;116;7;1427;21;0.5;0.0
03;2021-02-04;79;26;1506;47;0.5;0.0
03;2021-02-05;65;8;1571;55;0.5;0.0
03;2021-02-06;0;0;1571;55;0.5;0.0
03;2021-02-07;0;0;1571;55;0.5;0.0
03;2021-02-08;52;13;1623;68;0.6;0.0
03;2021-02-09;92;39;1715;107;0.6;0.0
03;2021-02-10;101;42;1816;149;0.6;0.1
03;2021-02-11;105;93;1921;242;0.7;0.1
03;2021-02-12;87;65;2008;307;0.7;0.1
03;2021-02-13;0;0;2008;307;0.7;0.1
03;2021-02-14;0;0;2008;307;0.7;0.1
03;2021-02-15;27;65;2035;372;0.7;0.1
03;2021-02-16;123;54;2158;426;0.7;0.1
03;2021-02-17;145;120;2303;546;0.8;0.2
03;2021-02-18;103;143;2406;689;0.8;0.2
03;2021-02-19;122;72;2528;761;0.9;0.3
03;2021-02-20;0;0;2528;761;0.9;0.3
03;2021-02-21;0;0;2528;761;0.9;0.3
03;2021-02-22;78;49;2606;810;0.9;0.3
03;2021-02-23;158;100;2764;910;1.0;0.3
03;2021-02-24;190;120;2954;1030;1.0;0.4
03;2021-02-25;258;87;3212;1117;1.1;0.4
03;2021-02-26;264;69;3476;1186;1.2;0.4
03;2021-02-27;121;1;3597;1187;1.2;0.4
03;2021-02-28;0;0;3597;1187;1.2;0.4
03;2021-03-01;180;85;3777;1272;1.3;0.4
03;2021-03-02;255;108;4032;1380;1.4;0.5
03;2021-03-03;255;132;4287;1512;1.5;0.5
03;2021-03-04;281;82;4568;1594;1.6;0.5
03;2021-03-05;271;44;4839;1638;1.7;0.6
03;2021-03-06;116;1;4955;1639;1.7;0.6
03;2021-03-07;0;0;4955;1639;1.7;0.6
03;2021-03-08;187;40;5142;1679;1.8;0.6
03;2021-03-09;350;91;5492;1770;1.9;0.6
03;2021-03-10;357;99;5849;1869;2.0;0.6
03;2021-03-11;270;120;6119;1989;2.1;0.7
03;2021-03-12;287;92;6406;2081;2.2;0.7
03;2021-03-13;110;2;6516;2083;2.2;0.7
03;2021-03-14;0;0;6516;2083;2.2;0.7
03;2021-03-15;180;26;6696;2109;2.3;0.7
03;2021-03-16;241;139;6937;2248;2.4;0.8
03;2021-03-17;273;129;7210;2377;2.5;0.8
03;2021-03-18;249;153;7459;2530;2.6;0.9
03;2021-03-19;284;126;7743;2656;2.7;0.9
03;2021-03-20;255;14;7998;2670;2.8;0.9
03;2021-03-21;119;0;8117;2670;2.8;0.9
03;2021-03-22;219;112;8336;2782;2.9;1.0
03;2021-03-23;274;194;8610;2976;3.0;1.0
03;2021-03-24;234;214;8844;3190;3.0;1.1
03;2021-03-25;167;176;9011;3366;3.1;1.2
03;2021-03-26;189;307;9200;3673;3.2;1.3
03;2021-03-27;56;93;9256;3766;3.2;1.3
03;2021-03-28;0;0;9256;3766;3.2;1.3
03;2021-03-29;175;246;9431;4012;3.2;1.4
03;2021-03-30;445;235;9876;4247;3.4;1.5
03;2021-03-31;318;291;10194;4538;3.5;1.6
03;2021-04-01;444;260;10638;4798;3.7;1.7
03;2021-04-02;306;279;10944;5077;3.8;1.7
03;2021-04-03;152;122;11096;5199;3.8;1.8
03;2021-04-04;0;0;11096;5199;3.8;1.8
03;2021-04-05;118;14;11214;5213;3.9;1.8
03;2021-04-06;438;331;11652;5544;4.0;1.9
03;2021-04-07;501;343;12153;5887;4.2;2.0
03;2021-04-08;511;264;12664;6151;4.4;2.1
03;2021-04-09;495;225;13159;6376;4.5;2.2
03;2021-04-10;146;91;13305;6467;4.6;2.2
03;2021-04-11;2;0;13307;6467;4.6;2.2
03;2021-04-12;552;267;13859;6734;4.8;2.3
03;2021-04-13;671;242;14530;6976;5.0;2.4
03;2021-04-14;718;311;15248;7287;5.2;2.5
03;2021-04-15;773;245;16021;7532;5.5;2.6
03;2021-04-16;752;296;16773;7828;5.8;2.7
03;2021-04-17;499;130;17272;7958;5.9;2.7
03;2021-04-18;499;39;17771;7997;6.1;2.8
03;2021-04-19;713;249;18484;8246;6.4;2.8
03;2021-04-20;604;276;19088;8522;6.6;2.9
03;2021-04-21;863;246;19951;8768;6.9;3.0
03;2021-04-22;723;228;20674;8996;7.1;3.1
03;2021-04-23;704;224;21378;9220;7.4;3.2
03;2021-04-24;525;95;21903;9315;7.5;3.2
03;2021-04-25;612;51;22515;9366;7.7;3.2
03;2021-04-26;777;228;23292;9594;8.0;3.3
03;2021-04-27;784;342;24076;9936;8.3;3.4
03;2021-04-28;691;326;24767;10262;8.5;3.5
03;2021-04-29;621;279;25388;10541;8.7;3.6
03;2021-04-30;673;252;26061;10793;9.0;3.7
03;2021-05-01;209;27;26270;10820;9.0;3.7
03;2021-05-02;601;80;26871;10900;9.2;3.7
03;2021-05-03;553;390;27424;11290;9.4;3.9
03;2021-05-04;615;311;28039;11601;9.6;4.0
03;2021-05-05;657;447;28696;12048;9.9;4.1
03;2021-05-06;648;465;29344;12513;10.1;4.3
03;2021-05-07;546;466;29890;12979;10.3;4.5
03;2021-05-08;341;58;30231;13037;10.4;4.5
03;2021-05-09;262;73;30493;13110;10.5;4.5
03;2021-05-10;418;612;30911;13722;10.6;4.7
03;2021-05-11;392;491;31303;14213;10.8;4.9
03;2021-05-12;502;645;31805;14858;10.9;5.1
03;2021-05-13;332;98;32137;14956;11.1;5.1
03;2021-05-14;473;549;32610;15505;11.2;5.3
03;2021-05-15;254;345;32864;15850;11.3;5.5
03;2021-05-16;207;210;33071;16060;11.4;5.5
03;2021-05-17;444;599;33515;16659;11.5;5.7
03;2021-05-18;559;563;34074;17222;11.7;5.9
03;2021-05-19;521;550;34595;17772;11.9;6.1
03;2021-05-20;633;450;35228;18222;12.1;6.3
03;2021-05-21;490;606;35718;18828;12.3;6.5
03;2021-05-22;168;501;35886;19329;12.3;6.6
03;2021-05-23;269;474;36155;19803;12.4;6.8
03;2021-05-24;560;245;36715;20048;12.6;6.9
03;2021-05-25;495;741;37210;20789;12.8;7.2
03;2021-05-26;433;683;37643;21472;12.9;7.4
03;2021-05-27;686;521;38329;21993;13.2;7.6
03;2021-05-28;540;552;38869;22545;13.4;7.8
03;2021-05-29;239;360;39108;22905;13.5;7.9
03;2021-05-30;151;399;39259;23304;13.5;8.0
03;2021-05-31;341;574;39600;23878;13.6;8.2
03;2021-06-01;394;461;39994;24339;13.8;8.4
03;2021-06-02;517;550;40511;24889;13.9;8.6
03;2021-06-03;468;469;40979;25358;14.1;8.7
03;2021-06-04;534;492;41513;25850;14.3;8.9
03;2021-06-05;271;292;41784;26142;14.4;9.0
03;2021-06-06;211;299;41995;26441;14.4;9.1
03;2021-06-07;463;448;42458;26889;14.6;9.3
03;2021-06-08;513;312;42971;27201;14.8;9.4
03;2021-06-09;485;379;43456;27580;14.9;9.5
03;2021-06-10;345;289;43801;27869;15.1;9.6
03;2021-06-11;391;468;44192;28337;15.2;9.7
03;2021-06-12;165;284;44357;28621;15.3;9.8
03;2021-06-13;200;267;44557;28888;15.3;9.9
03;2021-06-14;351;547;44908;29435;15.4;10.1
03;2021-06-15;355;439;45263;29874;15.6;10.3
03;2021-06-16;390;450;45653;30324;15.7;10.4
03;2021-06-17;364;575;46017;30899;15.8;10.6
03;2021-06-18;335;561;46352;31460;15.9;10.8
03;2021-06-19;230;259;46582;31719;16.0;10.9
03;2021-06-20;123;272;46705;31991;16.1;11.0
03;2021-06-21;264;597;46969;32588;16.2;11.2
03;2021-06-22;306;456;47275;33044;16.3;11.4
03;2021-06-23;272;532;47547;33576;16.4;11.6
03;2021-06-24;374;494;47921;34070;16.5;11.7
03;2021-06-25;372;544;48293;34614;16.6;11.9
03;2021-06-26;164;320;48457;34934;16.7;12.0
03;2021-06-27;117;170;48574;35104;16.7;12.1
03;2021-06-28;281;589;48855;35693;16.8;12.3
03;2021-06-29;325;499;49180;36192;16.9;12.5
03;2021-06-30;268;664;49448;36856;17.0;12.7
03;2021-07-01;311;390;49759;37246;17.1;12.8
03;2021-07-02;345;509;50104;37755;17.2;13.0
03;2021-07-03;203;269;50307;38024;17.3;13.1
03;2021-07-04;85;242;50392;38266;17.3;13.2
03;2021-07-05;289;538;50681;38804;17.4;13.3
04;2020-12-27;0;0;0;0;0.0;0.0
04;2020-12-28;0;0;0;0;0.0;0.0
04;2020-12-29;0;0;0;0;0.0;0.0
04;2020-12-30;0;0;0;0;0.0;0.0
04;2020-12-31;0;0;0;0;0.0;0.0
04;2021-01-01;1;0;1;0;0.0;0.0
04;2021-01-02;0;0;1;0;0.0;0.0
04;2021-01-03;0;0;1;0;0.0;0.0
04;2021-01-04;0;0;1;0;0.0;0.0
04;2021-01-05;2;0;3;0;0.0;0.0
04;2021-01-06;0;0;3;0;0.0;0.0
04;2021-01-07;0;0;3;0;0.0;0.0
04;2021-01-08;0;0;3;0;0.0;0.0
04;2021-01-09;1;0;4;0;0.0;0.0
04;2021-01-10;0;0;4;0;0.0;0.0
04;2021-01-11;0;0;4;0;0.0;0.0
04;2021-01-12;0;0;4;0;0.0;0.0
04;2021-01-13;0;0;4;0;0.0;0.0
04;2021-01-14;0;0;4;0;0.0;0.0
04;2021-01-15;332;0;336;0;0.0;0.0
04;2021-01-16;27;0;363;0;0.0;0.0
04;2021-01-17;0;0;363;0;0.0;0.0
04;2021-01-18;49;1;412;1;0.0;0.0
04;2021-01-19;393;0;805;1;0.1;0.0
04;2021-01-20;481;1;1286;2;0.1;0.0
04;2021-01-21;614;1;1900;3;0.2;0.0
04;2021-01-22;409;1;2309;4;0.3;0.0
04;2021-01-23;75;0;2384;4;0.3;0.0
04;2021-01-24;0;0;2384;4;0.3;0.0
04;2021-01-25;272;0;2656;4;0.3;0.0
04;2021-01-26;429;0;3085;4;0.4;0.0
04;2021-01-27;317;0;3402;4;0.4;0.0
04;2021-01-28;407;0;3809;4;0.4;0.0
04;2021-01-29;421;3;4230;7;0.5;0.0
04;2021-01-30;419;0;4649;7;0.5;0.0
04;2021-01-31;0;0;4649;7;0.5;0.0
04;2021-02-01;372;3;5021;10;0.6;0.0
04;2021-02-02;499;4;5520;14;0.6;0.0
04;2021-02-03;602;14;6122;28;0.7;0.0
04;2021-02-04;626;22;6748;50;0.8;0.0
04;2021-02-05;564;98;7312;148;0.9;0.0
04;2021-02-06;501;5;7813;153;0.9;0.0
04;2021-02-07;0;8;7813;161;0.9;0.0
04;2021-02-08;472;34;8285;195;1.0;0.0
04;2021-02-09;784;90;9069;285;1.1;0.0
04;2021-02-10;820;85;9889;370;1.1;0.0
04;2021-02-11;796;86;10685;456;1.2;0.1
04;2021-02-12;637;95;11322;551;1.3;0.1
04;2021-02-13;651;74;11973;625;1.4;0.1
04;2021-02-14;1;0;11974;625;1.4;0.1
04;2021-02-15;524;126;12498;751;1.5;0.1
04;2021-02-16;651;534;13149;1285;1.5;0.1
04;2021-02-17;592;329;13741;1614;1.6;0.2
04;2021-02-18;493;412;14234;2026;1.7;0.2
04;2021-02-19;496;319;14730;2345;1.7;0.3
04;2021-02-20;576;117;15306;2462;1.8;0.3
04;2021-02-21;0;0;15306;2462;1.8;0.3
04;2021-02-22;402;238;15708;2700;1.8;0.3
04;2021-02-23;607;237;16315;2937;1.9;0.3
04;2021-02-24;583;253;16898;3190;2.0;0.4
04;2021-02-25;645;296;17543;3486;2.0;0.4
04;2021-02-26;483;472;18026;3958;2.1;0.5
04;2021-02-27;386;468;18412;4426;2.1;0.5
04;2021-02-28;0;0;18412;4426;2.1;0.5
04;2021-03-01;290;389;18702;4815;2.2;0.6
04;2021-03-02;486;501;19188;5316;2.2;0.6
04;2021-03-03;755;541;19943;5857;2.3;0.7
04;2021-03-04;775;512;20718;6369;2.4;0.7
04;2021-03-05;727;537;21445;6906;2.5;0.8
04;2021-03-06;812;525;22257;7431;2.6;0.9
04;2021-03-07;0;0;22257;7431;2.6;0.9
04;2021-03-08;435;580;22692;8011;2.6;0.9
04;2021-03-09;670;769;23362;8780;2.7;1.0
04;2021-03-10;644;843;24006;9623;2.8;1.1
04;2021-03-11;699;640;24705;10263;2.9;1.2
04;2021-03-12;729;661;25434;10924;3.0;1.3
04;2021-03-13;668;608;26102;11532;3.0;1.3
04;2021-03-14;2;0;26104;11532;3.0;1.3
04;2021-03-15;504;506;26608;12038;3.1;1.4
04;2021-03-16;680;709;27288;12747;3.2;1.5
04;2021-03-17;846;531;28134;13278;3.3;1.5
04;2021-03-18;1021;555;29155;13833;3.4;1.6
04;2021-03-19;784;537;29939;14370;3.5;1.7
04;2021-03-20;576;597;30515;14967;3.5;1.7
04;2021-03-21;0;0;30515;14967;3.5;1.7
04;2021-03-22;565;469;31080;15436;3.6;1.8
04;2021-03-23;780;640;31860;16076;3.7;1.9
04;2021-03-24;792;665;32652;16741;3.8;1.9
04;2021-03-25;929;552;33581;17293;3.9;2.0
04;2021-03-26;921;450;34502;17743;4.0;2.1
04;2021-03-27;782;338;35284;18081;4.1;2.1
04;2021-03-28;1;0;35285;18081;4.1;2.1
04;2021-03-29;961;270;36246;18351;4.2;2.1
04;2021-03-30;883;500;37129;18851;4.3;2.2
04;2021-03-31;740;665;37869;19516;4.4;2.3
04;2021-04-01;716;706;38585;20222;4.5;2.4
04;2021-04-02;688;759;39273;20981;4.6;2.4
04;2021-04-03;699;705;39972;21686;4.6;2.5
04;2021-04-04;0;0;39972;21686;4.6;2.5
04;2021-04-05;0;2;39972;21688;4.6;2.5
04;2021-04-06;795;635;40767;22323;4.7;2.6
04;2021-04-07;1369;788;42136;23111;4.9;2.7
04;2021-04-08;1792;773;43928;23884;5.1;2.8
04;2021-04-09;1508;785;45436;24669;5.3;2.9
04;2021-04-10;1137;650;46573;25319;5.4;2.9
04;2021-04-11;2;0;46575;25319;5.4;2.9
04;2021-04-12;1238;548;47813;25867;5.6;3.0
04;2021-04-13;1440;754;49253;26621;5.7;3.1
04;2021-04-14;2069;777;51322;27398;6.0;3.2
04;2021-04-15;2504;954;53826;28352;6.3;3.3
04;2021-04-16;1932;781;55758;29133;6.5;3.4
04;2021-04-17;1289;604;57047;29737;6.6;3.5
04;2021-04-18;0;0;57047;29737;6.6;3.5
04;2021-04-19;1377;563;58424;30300;6.8;3.5
04;2021-04-20;1649;803;60073;31103;7.0;3.6
04;2021-04-21;2127;623;62200;31726;7.2;3.7
04;2021-04-22;2946;816;65146;32542;7.6;3.8
04;2021-04-23;2309;813;67455;33355;7.8;3.9
04;2021-04-24;1102;798;68557;34153;8.0;4.0
04;2021-04-25;2;0;68559;34153;8.0;4.0
04;2021-04-26;1164;915;69723;35068;8.1;4.1
04;2021-04-27;1683;1024;71406;36092;8.3;4.2
04;2021-04-28;2897;750;74303;36842;8.6;4.3
04;2021-04-29;3945;809;78248;37651;9.1;4.4
04;2021-04-30;3432;903;81680;38554;9.5;4.5
04;2021-05-01;2106;221;83786;38775;9.7;4.5
04;2021-05-02;2;0;83788;38775;9.7;4.5
04;2021-05-03;1865;574;85653;39349;10.0;4.6
04;2021-05-04;2127;1098;87780;40447;10.2;4.7
04;2021-05-05;3118;1638;90898;42085;10.6;4.9
04;2021-05-06;4004;1585;94902;43670;11.0;5.1
04;2021-05-07;3228;1524;98130;45194;11.4;5.3
04;2021-05-08;1566;502;99696;45696;11.6;5.3
04;2021-05-09;1;0;99697;45696;11.6;5.3
04;2021-05-10;2411;995;102108;46691;11.9;5.4
04;2021-05-11;3650;1638;105758;48329;12.3;5.6
04;2021-05-12;4722;2392;110480;50721;12.8;5.9
04;2021-05-13;3554;595;114034;51316;13.3;6.0
04;2021-05-14;5267;2510;119301;53826;13.9;6.3
04;2021-05-15;3161;1538;122462;55364;14.2;6.4
04;2021-05-16;15;18;122477;55382;14.2;6.4
04;2021-05-17;2999;1488;125476;56870;14.6;6.6
04;2021-05-18;3752;1786;129228;58656;15.0;6.8
04;2021-05-19;4680;2357;133908;61013;15.6;7.1
04;2021-05-20;5140;2828;139048;63841;16.2;7.4
04;2021-05-21;4988;2635;144036;66476;16.7;7.7
04;2021-05-22;3366;1253;147402;67729;17.1;7.9
04;2021-05-23;5;3;147407;67732;17.1;7.9
04;2021-05-24;3642;1077;151049;68809;17.6;8.0
04;2021-05-25;4245;1917;155294;70726;18.1;8.2
04;2021-05-26;4979;2974;160273;73700;18.6;8.6
04;2021-05-27;4611;4099;164884;77799;19.2;9.0
04;2021-05-28;4374;3827;169258;81626;19.7;9.5
04;2021-05-29;2553;2452;171811;84078;20.0;9.8
04;2021-05-30;7;14;171818;84092;20.0;9.8
04;2021-05-31;2349;2257;174167;86349;20.3;10.0
04;2021-06-01;3295;2723;177462;89072;20.6;10.4
04;2021-06-02;3961;3351;181423;92423;21.1;10.7
04;2021-06-03;4040;3654;185463;96077;21.6;11.2
04;2021-06-04;3843;3753;189306;99830;22.0;11.6
04;2021-06-05;2208;1919;191514;101749;22.3;11.8
04;2021-06-06;1070;131;192584;101880;22.4;11.8
04;2021-06-07;2009;2530;194593;104410;22.6;12.1
04;2021-06-08;2527;3339;197120;107749;22.9;12.5
04;2021-06-09;2954;4781;200074;112530;23.3;13.1
04;2021-06-10;3346;4447;203420;116977;23.7;13.6
04;2021-06-11;2832;4628;206252;121605;24.0;14.1
04;2021-06-12;1711;3380;207963;124985;24.2;14.5
04;2021-06-13;1314;243;209277;125228;24.3;14.6
04;2021-06-14;1480;3182;210757;128410;24.5;14.9
04;2021-06-15;2036;3621;212793;132031;24.7;15.4
04;2021-06-16;2714;4658;215507;136689;25.1;15.9
04;2021-06-17;2498;4907;218005;141596;25.4;16.5
04;2021-06-18;2560;4907;220565;146503;25.6;17.0
04;2021-06-19;1295;3520;221860;150023;25.8;17.4
04;2021-06-20;625;287;222485;150310;25.9;17.5
04;2021-06-21;1255;3244;223740;153554;26.0;17.9
04;2021-06-22;1603;3762;225343;157316;26.2;18.3
04;2021-06-23;2227;4971;227570;162287;26.5;18.9
04;2021-06-24;2272;4077;229842;166364;26.7;19.3
04;2021-06-25;2170;4114;232012;170478;27.0;19.8
04;2021-06-26;1386;2715;233398;173193;27.1;20.1
04;2021-06-27;655;264;234053;173457;27.2;20.2
04;2021-06-28;1297;2483;235350;175940;27.4;20.5
04;2021-06-29;1725;2847;237075;178787;27.6;20.8
04;2021-06-30;2537;3842;239612;182629;27.9;21.2
04;2021-07-01;2648;3823;242260;186452;28.2;21.7
04;2021-07-02;2481;3713;244741;190165;28.5;22.1
04;2021-07-03;1593;2448;246334;192613;28.6;22.4
04;2021-07-04;871;1039;247205;193652;28.7;22.5
04;2021-07-05;1662;2215;248867;195867;28.9;22.8
05;2020-12-27;0;0;0;0;0.0;0.0
05;2020-12-28;0;0;0;0;0.0;0.0
05;2020-12-29;0;0;0;0;0.0;0.0
05;2020-12-30;0;0;0;0;0.0;0.0
05;2020-12-31;0;0;0;0;0.0;0.0
05;2021-01-01;0;0;0;0;0.0;0.0
05;2021-01-02;0;0;0;0;0.0;0.0
05;2021-01-03;0;0;0;0;0.0;0.0
05;2021-01-04;0;0;0;0;0.0;0.0
05;2021-01-05;0;0;0;0;0.0;0.0
05;2021-01-06;0;0;0;0;0.0;0.0
05;2021-01-07;0;0;0;0;0.0;0.0
05;2021-01-08;0;0;0;0;0.0;0.0
05;2021-01-09;0;0;0;0;0.0;0.0
05;2021-01-10;0;0;0;0;0.0;0.0
05;2021-01-11;0;0;0;0;0.0;0.0
05;2021-01-12;0;0;0;0;0.0;0.0
05;2021-01-13;0;0;0;0;0.0;0.0
05;2021-01-14;0;0;0;0;0.0;0.0
05;2021-01-15;0;0;0;0;0.0;0.0
05;2021-01-16;0;0;0;0;0.0;0.0
05;2021-01-17;0;0;0;0;0.0;0.0
05;2021-01-18;0;0;0;0;0.0;0.0
05;2021-01-19;0;0;0;0;0.0;0.0
05;2021-01-20;0;0;0;0;0.0;0.0
05;2021-01-21;0;0;0;0;0.0;0.0
05;2021-01-22;0;0;0;0;0.0;0.0
05;2021-01-23;0;0;0;0;0.0;0.0
05;2021-01-24;0;0;0;0;0.0;0.0
05;2021-01-25;0;0;0;0;0.0;0.0
05;2021-01-26;0;0;0;0;0.0;0.0
05;2021-01-27;0;0;0;0;0.0;0.0
05;2021-01-28;0;0;0;0;0.0;0.0
05;2021-01-29;0;0;0;0;0.0;0.0
05;2021-01-30;0;0;0;0;0.0;0.0
05;2021-01-31;0;0;0;0;0.0;0.0
05;2021-02-01;0;0;0;0;0.0;0.0
05;2021-02-02;0;0;0;0;0.0;0.0
05;2021-02-03;0;0;0;0;0.0;0.0
05;2021-02-04;0;0;0;0;0.0;0.0
05;2021-02-05;0;0;0;0;0.0;0.0
05;2021-02-06;0;0;0;0;0.0;0.0
05;2021-02-07;0;0;0;0;0.0;0.0
05;2021-02-08;0;0;0;0;0.0;0.0
05;2021-02-09;0;0;0;0;0.0;0.0
05;2021-02-10;0;0;0;0;0.0;0.0
05;2021-02-11;0;0;0;0;0.0;0.0
05;2021-02-12;0;0;0;0;0.0;0.0
05;2021-02-13;0;0;0;0;0.0;0.0
05;2021-02-14;0;0;0;0;0.0;0.0
05;2021-02-15;0;0;0;0;0.0;0.0
05;2021-02-16;0;0;0;0;0.0;0.0
05;2021-02-17;0;0;0;0;0.0;0.0
05;2021-02-18;0;0;0;0;0.0;0.0
05;2021-02-19;0;0;0;0;0.0;0.0
05;2021-02-20;0;0;0;0;0.0;0.0
05;2021-02-21;0;0;0;0;0.0;0.0
05;2021-02-22;0;0;0;0;0.0;0.0
05;2021-02-23;0;0;0;0;0.0;0.0
05;2021-02-24;0;0;0;0;0.0;0.0
05;2021-02-25;0;0;0;0;0.0;0.0
05;2021-02-26;0;0;0;0;0.0;0.0
05;2021-02-27;0;0;0;0;0.0;0.0
05;2021-02-28;0;0;0;0;0.0;0.0
05;2021-03-01;0;0;0;0;0.0;0.0
05;2021-03-02;0;0;0;0;0.0;0.0
05;2021-03-03;0;0;0;0;0.0;0.0
05;2021-03-04;0;0;0;0;0.0;0.0
05;2021-03-05;0;0;0;0;0.0;0.0
05;2021-03-06;0;0;0;0;0.0;0.0
05;2021-03-07;0;0;0;0;0.0;0.0
05;2021-03-08;0;0;0;0;0.0;0.0
05;2021-03-09;0;0;0;0;0.0;0.0
05;2021-03-10;0;0;0;0;0.0;0.0
05;2021-03-11;0;0;0;0;0.0;0.0
05;2021-03-12;0;0;0;0;0.0;0.0
05;2021-03-13;0;0;0;0;0.0;0.0
05;2021-03-14;0;0;0;0;0.0;0.0
05;2021-03-15;0;0;0;0;0.0;0.0
05;2021-03-16;0;0;0;0;0.0;0.0
05;2021-03-17;0;0;0;0;0.0;0.0
05;2021-03-18;0;0;0;0;0.0;0.0
05;2021-03-19;0;0;0;0;0.0;0.0
05;2021-03-20;0;0;0;0;0.0;0.0
05;2021-03-21;0;0;0;0;0.0;0.0
05;2021-03-22;0;0;0;0;0.0;0.0
05;2021-03-23;0;0;0;0;0.0;0.0
05;2021-03-24;0;0;0;0;0.0;0.0
05;2021-03-25;0;0;0;0;0.0;0.0
05;2021-03-26;0;0;0;0;0.0;0.0
05;2021-03-27;0;0;0;0;0.0;0.0
05;2021-03-28;0;0;0;0;0.0;0.0
05;2021-03-29;2;0;2;0;0.0;0.0
05;2021-03-30;0;0;2;0;0.0;0.0
05;2021-03-31;0;0;2;0;0.0;0.0
05;2021-04-01;0;0;2;0;0.0;0.0
05;2021-04-02;0;0;2;0;0.0;0.0
05;2021-04-03;0;0;2;0;0.0;0.0
05;2021-04-04;0;0;2;0;0.0;0.0
05;2021-04-05;0;0;2;0;0.0;0.0
05;2021-04-06;0;0;2;0;0.0;0.0
05;2021-04-07;0;0;2;0;0.0;0.0
05;2021-04-08;1;0;3;0;0.1;0.0
05;2021-04-09;0;0;3;0;0.1;0.0
05;2021-04-10;0;0;3;0;0.1;0.0
05;2021-04-11;0;0;3;0;0.1;0.0
05;2021-04-12;0;0;3;0;0.1;0.0
05;2021-04-13;0;0;3;0;0.1;0.0
05;2021-04-14;0;0;3;0;0.1;0.0
05;2021-04-15;0;0;3;0;0.1;0.0
05;2021-04-16;0;0;3;0;0.1;0.0
05;2021-04-17;0;0;3;0;0.1;0.0
05;2021-04-18;0;0;3;0;0.1;0.0
05;2021-04-19;0;0;3;0;0.1;0.0
05;2021-04-20;0;0;3;0;0.1;0.0
05;2021-04-21;0;0;3;0;0.1;0.0
05;2021-04-22;0;0;3;0;0.1;0.0
05;2021-04-23;0;0;3;0;0.1;0.0
05;2021-04-24;0;0;3;0;0.1;0.0
05;2021-04-25;0;0;3;0;0.1;0.0
05;2021-04-26;0;0;3;0;0.1;0.0
05;2021-04-27;0;0;3;0;0.1;0.0
05;2021-04-28;0;0;3;0;0.1;0.0
05;2021-04-29;0;0;3;0;0.1;0.0
05;2021-04-30;0;0;3;0;0.1;0.0
05;2021-05-01;0;0;3;0;0.1;0.0
05;2021-05-02;0;0;3;0;0.1;0.0
05;2021-05-03;0;0;3;0;0.1;0.0
05;2021-05-04;0;0;3;0;0.1;0.0
05;2021-05-05;0;0;3;0;0.1;0.0
05;2021-05-06;0;0;3;0;0.1;0.0
05;2021-05-07;0;0;3;0;0.1;0.0
05;2021-05-08;0;0;3;0;0.1;0.0
05;2021-05-09;0;0;3;0;0.1;0.0
05;2021-05-10;0;0;3;0;0.1;0.0
05;2021-05-11;0;0;3;0;0.1;0.0
05;2021-05-12;0;0;3;0;0.1;0.0
05;2021-05-13;0;0;3;0;0.1;0.0
05;2021-05-14;0;0;3;0;0.1;0.0
05;2021-05-15;0;0;3;0;0.1;0.0
05;2021-05-16;0;0;3;0;0.1;0.0
05;2021-05-17;0;0;3;0;0.1;0.0
05;2021-05-18;0;0;3;0;0.1;0.0
05;2021-05-19;0;0;3;0;0.1;0.0
05;2021-05-20;0;0;3;0;0.1;0.0
05;2021-05-21;0;0;3;0;0.1;0.0
05;2021-05-22;0;0;3;0;0.1;0.0
05;2021-05-23;0;0;3;0;0.1;0.0
05;2021-05-24;0;0;3;0;0.1;0.0
05;2021-05-25;0;0;3;0;0.1;0.0
05;2021-05-26;0;0;3;0;0.1;0.0
05;2021-05-27;0;0;3;0;0.1;0.0
05;2021-05-28;0;0;3;0;0.1;0.0
05;2021-05-29;0;2;3;2;0.1;0.0
05;2021-05-30;0;0;3;2;0.1;0.0
05;2021-05-31;0;0;3;2;0.1;0.0
05;2021-06-01;0;0;3;2;0.1;0.0
05;2021-06-02;0;0;3;2;0.1;0.0
05;2021-06-03;0;0;3;2;0.1;0.0
05;2021-06-04;0;0;3;2;0.1;0.0
05;2021-06-05;0;0;3;2;0.1;0.0
05;2021-06-06;0;0;3;2;0.1;0.0
05;2021-06-07;0;0;3;2;0.1;0.0
05;2021-06-08;0;0;3;2;0.1;0.0
05;2021-06-09;0;0;3;2;0.1;0.0
05;2021-06-10;0;0;3;2;0.1;0.0
05;2021-06-11;0;0;3;2;0.1;0.0
05;2021-06-12;0;0;3;2;0.1;0.0
05;2021-06-13;0;0;3;2;0.1;0.0
05;2021-06-14;0;0;3;2;0.1;0.0
05;2021-06-15;0;0;3;2;0.1;0.0
05;2021-06-16;0;0;3;2;0.1;0.0
05;2021-06-17;0;0;3;2;0.1;0.0
05;2021-06-18;0;0;3;2;0.1;0.0
05;2021-06-19;0;0;3;2;0.1;0.0
05;2021-06-20;0;0;3;2;0.1;0.0
05;2021-06-21;0;0;3;2;0.1;0.0
05;2021-06-22;0;0;3;2;0.1;0.0
05;2021-06-23;0;0;3;2;0.1;0.0
05;2021-06-24;0;0;3;2;0.1;0.0
05;2021-06-25;0;0;3;2;0.1;0.0
05;2021-06-26;0;0;3;2;0.1;0.0
05;2021-06-27;0;0;3;2;0.1;0.0
05;2021-06-28;0;0;3;2;0.1;0.0
05;2021-06-29;0;0;3;2;0.1;0.0
05;2021-06-30;0;0;3;2;0.1;0.0
05;2021-07-01;0;0;3;2;0.1;0.0
05;2021-07-02;0;0;3;2;0.1;0.0
05;2021-07-03;0;0;3;2;0.1;0.0
05;2021-07-04;0;0;3;2;0.1;0.0
05;2021-07-05;0;0;3;2;0.1;0.0
06;2020-12-27;0;0;0;0;0.0;0.0
06;2020-12-28;0;0;0;0;0.0;0.0
06;2020-12-29;0;0;0;0;0.0;0.0
06;2020-12-30;0;0;0;0;0.0;0.0
06;2020-12-31;0;0;0;0;0.0;0.0
06;2021-01-01;0;0;0;0;0.0;0.0
06;2021-01-02;0;0;0;0;0.0;0.0
06;2021-01-03;0;0;0;0;0.0;0.0
06;2021-01-04;0;0;0;0;0.0;0.0
06;2021-01-05;0;0;0;0;0.0;0.0
06;2021-01-06;0;0;0;0;0.0;0.0
06;2021-01-07;0;0;0;0;0.0;0.0
06;2021-01-08;0;0;0;0;0.0;0.0
06;2021-01-09;0;0;0;0;0.0;0.0
06;2021-01-10;0;0;0;0;0.0;0.0
06;2021-01-11;9;0;9;0;0.0;0.0
06;2021-01-12;0;0;9;0;0.0;0.0
06;2021-01-13;0;0;9;0;0.0;0.0
06;2021-01-14;0;0;9;0;0.0;0.0
06;2021-01-15;1;0;10;0;0.0;0.0
06;2021-01-16;1;0;11;0;0.0;0.0
06;2021-01-17;0;0;11;0;0.0;0.0
06;2021-01-18;1;0;12;0;0.0;0.0
06;2021-01-19;0;0;12;0;0.0;0.0
06;2021-01-20;0;0;12;0;0.0;0.0
06;2021-01-21;0;0;12;0;0.0;0.0
06;2021-01-22;0;0;12;0;0.0;0.0
06;2021-01-23;1;0;13;0;0.0;0.0
06;2021-01-24;0;0;13;0;0.0;0.0
06;2021-01-25;141;1;154;1;0.1;0.0
06;2021-01-26;165;4;319;5;0.1;0.0
06;2021-01-27;250;2;569;7;0.2;0.0
06;2021-01-28;102;6;671;13;0.2;0.0
06;2021-01-29;231;2;902;15;0.3;0.0
06;2021-01-30;285;10;1187;25;0.4;0.0
06;2021-01-31;1;0;1188;25;0.4;0.0
06;2021-02-01;160;0;1348;25;0.5;0.0
06;2021-02-02;330;8;1678;33;0.6;0.0
06;2021-02-03;228;3;1906;36;0.7;0.0
06;2021-02-04;215;7;2121;43;0.8;0.0
06;2021-02-05;214;1;2335;44;0.8;0.0
06;2021-02-06;83;10;2418;54;0.9;0.0
06;2021-02-07;0;0;2418;54;0.9;0.0
06;2021-02-08;82;3;2500;57;0.9;0.0
06;2021-02-09;194;0;2694;57;1.0;0.0
06;2021-02-10;187;2;2881;59;1.0;0.0
06;2021-02-11;235;3;3116;62;1.1;0.0
06;2021-02-12;287;3;3403;65;1.2;0.0
06;2021-02-13;56;0;3459;65;1.2;0.0
06;2021-02-14;1;0;3460;65;1.2;0.0
06;2021-02-15;359;5;3819;70;1.4;0.0
06;2021-02-16;266;7;4085;77;1.5;0.0
06;2021-02-17;167;6;4252;83;1.5;0.0
06;2021-02-18;217;12;4469;95;1.6;0.0
06;2021-02-19;235;23;4704;118;1.7;0.0
06;2021-02-20;138;8;4842;126;1.7;0.0
06;2021-02-21;0;0;4842;126;1.7;0.0
06;2021-02-22;130;122;4972;248;1.8;0.1
06;2021-02-23;185;151;5157;399;1.8;0.1
06;2021-02-24;176;145;5333;544;1.9;0.2
06;2021-02-25;227;278;5560;822;2.0;0.3
06;2021-02-26;242;246;5802;1068;2.1;0.4
06;2021-02-27;0;0;5802;1068;2.1;0.4
06;2021-02-28;0;0;5802;1068;2.1;0.4
06;2021-03-01;145;258;5947;1326;2.1;0.5
06;2021-03-02;228;258;6175;1584;2.2;0.6
06;2021-03-03;202;189;6377;1773;2.3;0.6
06;2021-03-04;205;140;6582;1913;2.4;0.7
06;2021-03-05;224;113;6806;2026;2.4;0.7
06;2021-03-06;1;0;6807;2026;2.4;0.7
06;2021-03-07;0;0;6807;2026;2.4;0.7
06;2021-03-08;189;109;6996;2135;2.5;0.8
06;2021-03-09;390;157;7386;2292;2.6;0.8
06;2021-03-10;180;178;7566;2470;2.7;0.9
06;2021-03-11;167;207;7733;2677;2.8;1.0
06;2021-03-12;238;290;7971;2967;2.9;1.1
06;2021-03-13;2;0;7973;2967;2.9;1.1
06;2021-03-14;0;0;7973;2967;2.9;1.1
06;2021-03-15;156;292;8129;3259;2.9;1.2
06;2021-03-16;236;223;8365;3482;3.0;1.2
06;2021-03-17;264;142;8629;3624;3.1;1.3
06;2021-03-18;172;232;8801;3856;3.1;1.4
06;2021-03-19;172;298;8973;4154;3.2;1.5
06;2021-03-20;0;0;8973;4154;3.2;1.5
06;2021-03-21;0;0;8973;4154;3.2;1.5
06;2021-03-22;97;136;9070;4290;3.2;1.5
06;2021-03-23;136;240;9206;4530;3.3;1.6
06;2021-03-24;160;146;9366;4676;3.4;1.7
06;2021-03-25;186;206;9552;4882;3.4;1.7
06;2021-03-26;160;211;9712;5093;3.5;1.8
06;2021-03-27;18;0;9730;5093;3.5;1.8
06;2021-03-28;0;0;9730;5093;3.5;1.8
06;2021-03-29;0;2;9730;5095;3.5;1.8
06;2021-03-30;272;334;10002;5429;3.6;1.9
06;2021-03-31;225;125;10227;5554;3.7;2.0
06;2021-04-01;243;103;10470;5657;3.7;2.0
06;2021-04-02;286;263;10756;5920;3.8;2.1
06;2021-04-03;906;307;11662;6227;4.2;2.2
06;2021-04-04;1;0;11663;6227;4.2;2.2
06;2021-04-05;1;0;11664;6227;4.2;2.2
06;2021-04-06;160;278;11824;6505;4.2;2.3
06;2021-04-07;237;265;12061;6770;4.3;2.4
06;2021-04-08;286;140;12347;6910;4.4;2.5
06;2021-04-09;248;171;12595;7081;4.5;2.5
06;2021-04-10;181;114;12776;7195;4.6;2.6
06;2021-04-11;7;0;12783;7195;4.6;2.6
06;2021-04-12;0;19;12783;7214;4.6;2.6
06;2021-04-13;393;343;13176;7557;4.7;2.7
06;2021-04-14;239;205;13415;7762;4.8;2.8
06;2021-04-15;207;117;13622;7879;4.9;2.8
06;2021-04-16;214;127;13836;8006;5.0;2.9
06;2021-04-17;226;131;14062;8137;5.0;2.9
06;2021-04-18;1;0;14063;8137;5.0;2.9
06;2021-04-19;7;1;14070;8138;5.0;2.9
06;2021-04-20;368;225;14438;8363;5.2;3.0
06;2021-04-21;412;150;14850;8513;5.3;3.0
06;2021-04-22;410;151;15260;8664;5.5;3.1
06;2021-04-23;367;166;15627;8830;5.6;3.2
06;2021-04-24;413;127;16040;8957;5.7;3.2
06;2021-04-25;2;0;16042;8957;5.7;3.2
06;2021-04-26;54;8;16096;8965;5.8;3.2
06;2021-04-27;351;293;16447;9258;5.9;3.3
06;2021-04-28;355;515;16802;9773;6.0;3.5
06;2021-04-29;558;344;17360;10117;6.2;3.6
06;2021-04-30;403;238;17763;10355;6.4;3.7
06;2021-05-01;670;285;18433;10640;6.6;3.8
06;2021-05-02;0;0;18433;10640;6.6;3.8
06;2021-05-03;139;6;18572;10646;6.6;3.8
06;2021-05-04;353;426;18925;11072;6.8;4.0
06;2021-05-05;447;318;19372;11390;6.9;4.1
06;2021-05-06;320;200;19692;11590;7.0;4.1
06;2021-05-07;341;133;20033;11723;7.2;4.2
06;2021-05-08;300;140;20333;11863;7.3;4.2
06;2021-05-09;0;0;20333;11863;7.3;4.2
06;2021-05-10;8;9;20341;11872;7.3;4.2
06;2021-05-11;359;489;20700;12361;7.4;4.4
06;2021-05-12;332;310;21032;12671;7.5;4.5
06;2021-05-13;127;97;21159;12768;7.6;4.6
06;2021-05-14;0;0;21159;12768;7.6;4.6
06;2021-05-15;484;283;21643;13051;7.7;4.7
06;2021-05-16;0;0;21643;13051;7.7;4.7
06;2021-05-17;122;51;21765;13102;7.8;4.7
06;2021-05-18;515;429;22280;13531;8.0;4.8
06;2021-05-19;650;663;22930;14194;8.2;5.1
06;2021-05-20;1055;495;23985;14689;8.6;5.3
06;2021-05-21;1046;314;25031;15003;9.0;5.4
06;2021-05-22;1241;299;26272;15302;9.4;5.5
06;2021-05-23;0;0;26272;15302;9.4;5.5
06;2021-05-24;1;0;26273;15302;9.4;5.5
06;2021-05-25;883;624;27156;15926;9.7;5.7
06;2021-05-26;1035;841;28191;16767;10.1;6.0
06;2021-05-27;1310;506;29501;17273;10.6;6.2
06;2021-05-28;952;372;30453;17645;10.9;6.3
06;2021-05-29;1130;390;31583;18035;11.3;6.5
06;2021-05-30;0;1;31583;18036;11.3;6.5
06;2021-05-31;104;6;31687;18042;11.3;6.5
06;2021-06-01;1146;651;32833;18693;11.7;6.7
06;2021-06-02;1198;526;34031;19219;12.2;6.9
06;2021-06-03;803;351;34834;19570;12.5;7.0
06;2021-06-04;993;321;35827;19891;12.8;7.1
06;2021-06-05;673;300;36500;20191;13.1;7.2
06;2021-06-06;0;0;36500;20191;13.1;7.2
06;2021-06-07;84;12;36584;20203;13.1;7.2
06;2021-06-08;924;441;37508;20644;13.4;7.4
06;2021-06-09;955;550;38463;21194;13.8;7.6
06;2021-06-10;654;224;39117;21418;14.0;7.7
06;2021-06-11;825;368;39942;21786;14.3;7.8
06;2021-06-12;563;274;40505;22060;14.5;7.9
06;2021-06-13;0;0;40505;22060;14.5;7.9
06;2021-06-14;178;112;40683;22172;14.6;7.9
06;2021-06-15;399;839;41082;23011;14.7;8.2
06;2021-06-16;880;1437;41962;24448;15.0;8.7
06;2021-06-17;757;652;42719;25100;15.3;9.0
06;2021-06-18;686;618;43405;25718;15.5;9.2
06;2021-06-19;527;639;43932;26357;15.7;9.4
06;2021-06-20;0;0;43932;26357;15.7;9.4
06;2021-06-21;124;128;44056;26485;15.8;9.5
06;2021-06-22;424;1144;44480;27629;15.9;9.9
06;2021-06-23;647;1179;45127;28808;16.1;10.3
06;2021-06-24;456;541;45583;29349;16.3;10.5
06;2021-06-25;523;472;46106;29821;16.5;10.7
06;2021-06-26;383;684;46489;30505;16.6;10.9
06;2021-06-27;0;0;46489;30505;16.6;10.9
06;2021-06-28;99;190;46588;30695;16.7;11.0
06;2021-06-29;605;971;47193;31666;16.9;11.3
06;2021-06-30;630;944;47823;32610;17.1;11.7
06;2021-07-01;541;539;48364;33149;17.3;11.9
06;2021-07-02;430;419;48794;33568;17.5;12.0
06;2021-07-03;427;409;49221;33977;17.6;12.2
06;2021-07-04;0;0;49221;33977;17.6;12.2
06;2021-07-05;64;225;49285;34202;17.6;12.2
07;2020-12-27;0;0;0;0;0.0;0.0
07;2020-12-28;0;0;0;0;0.0;0.0
07;2020-12-29;0;0;0;0;0.0;0.0
07;2020-12-30;0;0;0;0;0.0;0.0
07;2020-12-31;0;0;0;0;0.0;0.0
07;2021-01-01;0;0;0;0;0.0;0.0
07;2021-01-02;0;0;0;0;0.0;0.0
07;2021-01-03;0;0;0;0;0.0;0.0
07;2021-01-04;0;0;0;0;0.0;0.0
07;2021-01-05;0;0;0;0;0.0;0.0
07;2021-01-06;0;0;0;0;0.0;0.0
07;2021-01-07;0;0;0;0;0.0;0.0
07;2021-01-08;0;0;0;0;0.0;0.0
07;2021-01-09;0;0;0;0;0.0;0.0
07;2021-01-10;0;0;0;0;0.0;0.0
07;2021-01-11;0;0;0;0;0.0;0.0
07;2021-01-12;0;0;0;0;0.0;0.0
07;2021-01-13;0;0;0;0;0.0;0.0
07;2021-01-14;0;0;0;0;0.0;0.0
07;2021-01-15;0;0;0;0;0.0;0.0
07;2021-01-16;0;0;0;0;0.0;0.0
07;2021-01-17;0;0;0;0;0.0;0.0
07;2021-01-18;1;0;1;0;0.0;0.0
07;2021-01-19;0;0;1;0;0.0;0.0
07;2021-01-20;0;0;1;0;0.0;0.0
07;2021-01-21;12;0;13;0;0.1;0.0
07;2021-01-22;12;0;25;0;0.3;0.0
07;2021-01-23;0;0;25;0;0.3;0.0
07;2021-01-24;0;0;25;0;0.3;0.0
07;2021-01-25;0;0;25;0;0.3;0.0
07;2021-01-26;0;0;25;0;0.3;0.0
07;2021-01-27;12;0;37;0;0.4;0.0
07;2021-01-28;1;0;38;0;0.4;0.0
07;2021-01-29;6;0;44;0;0.4;0.0
07;2021-01-30;0;0;44;0;0.4;0.0
07;2021-01-31;0;0;44;0;0.4;0.0
07;2021-02-01;0;0;44;0;0.4;0.0
07;2021-02-02;0;0;44;0;0.4;0.0
07;2021-02-03;11;0;55;0;0.6;0.0
07;2021-02-04;12;0;67;0;0.7;0.0
07;2021-02-05;11;0;78;0;0.8;0.0
07;2021-02-06;0;0;78;0;0.8;0.0
07;2021-02-07;0;0;78;0;0.8;0.0
07;2021-02-08;0;0;78;0;0.8;0.0
07;2021-02-09;13;0;91;0;0.9;0.0
07;2021-02-10;0;0;91;0;0.9;0.0
07;2021-02-11;17;0;108;0;1.1;0.0
07;2021-02-12;45;0;153;0;1.5;0.0
07;2021-02-13;0;0;153;0;1.5;0.0
07;2021-02-14;0;0;153;0;1.5;0.0
07;2021-02-15;0;0;153;0;1.5;0.0
07;2021-02-16;0;0;153;0;1.5;0.0
07;2021-02-17;0;0;153;0;1.5;0.0
07;2021-02-18;18;0;171;0;1.7;0.0
07;2021-02-19;34;0;205;0;2.1;0.0
07;2021-02-20;0;0;205;0;2.1;0.0
07;2021-02-21;0;0;205;0;2.1;0.0
07;2021-02-22;0;0;205;0;2.1;0.0
07;2021-02-23;0;22;205;22;2.1;0.2
07;2021-02-24;0;0;205;22;2.1;0.2
07;2021-02-25;15;10;220;32;2.2;0.3
07;2021-02-26;33;20;253;52;2.5;0.5
07;2021-02-27;0;0;253;52;2.5;0.5
07;2021-02-28;0;0;253;52;2.5;0.5
07;2021-03-01;0;0;253;52;2.5;0.5
07;2021-03-02;17;11;270;63;2.7;0.6
07;2021-03-03;0;0;270;63;2.7;0.6
07;2021-03-04;16;11;286;74;2.9;0.7
07;2021-03-05;33;19;319;93;3.2;0.9
07;2021-03-06;0;0;319;93;3.2;0.9
07;2021-03-07;0;0;319;93;3.2;0.9
07;2021-03-08;0;0;319;93;3.2;0.9
07;2021-03-09;1;0;320;93;3.2;0.9
07;2021-03-10;0;0;320;93;3.2;0.9
07;2021-03-11;20;30;340;123;3.4;1.2
07;2021-03-12;62;42;402;165;4.0;1.7
07;2021-03-13;0;0;402;165;4.0;1.7
07;2021-03-14;0;0;402;165;4.0;1.7
07;2021-03-15;0;0;402;165;4.0;1.7
07;2021-03-16;30;9;432;174;4.3;1.7
07;2021-03-17;0;0;432;174;4.3;1.7
07;2021-03-18;29;16;461;190;4.6;1.9
07;2021-03-19;56;31;517;221;5.2;2.2
07;2021-03-20;0;0;517;221;5.2;2.2
07;2021-03-21;0;0;517;221;5.2;2.2
07;2021-03-22;0;0;517;221;5.2;2.2
07;2021-03-23;0;0;517;221;5.2;2.2
07;2021-03-24;0;0;517;221;5.2;2.2
07;2021-03-25;65;17;582;238;5.8;2.4
07;2021-03-26;73;26;655;264;6.6;2.7
07;2021-03-27;0;0;655;264;6.6;2.7
07;2021-03-28;0;0;655;264;6.6;2.7
07;2021-03-29;0;0;655;264;6.6;2.7
07;2021-03-30;40;18;695;282;7.0;2.8
07;2021-03-31;26;15;721;297;7.2;3.0
07;2021-04-01;25;32;746;329;7.5;3.3
07;2021-04-02;0;0;746;329;7.5;3.3
07;2021-04-03;0;0;746;329;7.5;3.3
07;2021-04-04;0;0;746;329;7.5;3.3
07;2021-04-05;9;0;755;329;7.6;3.3
07;2021-04-06;0;0;755;329;7.6;3.3
07;2021-04-07;0;0;755;329;7.6;3.3
07;2021-04-08;57;46;812;375;8.2;3.8
07;2021-04-09;59;31;871;406;8.7;4.1
07;2021-04-10;0;0;871;406;8.7;4.1
07;2021-04-11;0;0;871;406;8.7;4.1
07;2021-04-12;0;0;871;406;8.7;4.1
07;2021-04-13;0;0;871;406;8.7;4.1
07;2021-04-14;5;6;876;412;8.8;4.1
07;2021-04-15;56;71;932;483;9.4;4.8
07;2021-04-16;90;35;1022;518;10.3;5.2
07;2021-04-17;0;1;1022;519;10.3;5.2
07;2021-04-18;0;0;1022;519;10.3;5.2
07;2021-04-19;1;0;1023;519;10.3;5.2
07;2021-04-20;335;66;1358;585;13.6;5.9
07;2021-04-21;337;29;1695;614;17.0;6.2
07;2021-04-22;284;50;1979;664;19.9;6.7
07;2021-04-23;258;41;2237;705;22.5;7.1
07;2021-04-24;231;1;2468;706;24.8;7.1
07;2021-04-25;0;0;2468;706;24.8;7.1
07;2021-04-26;283;20;2751;726;27.6;7.3
07;2021-04-27;224;69;2975;795;29.9;8.0
07;2021-04-28;192;26;3167;821;31.8;8.2
07;2021-04-29;170;22;3337;843;33.5;8.5
07;2021-04-30;172;15;3509;858;35.2;8.6
07;2021-05-01;201;12;3710;870;37.2;8.7
07;2021-05-02;0;0;3710;870;37.2;8.7
07;2021-05-03;135;9;3845;879;38.6;8.8
07;2021-05-04;161;54;4006;933;40.2;9.4
07;2021-05-05;221;30;4227;963;42.4;9.7
07;2021-05-06;175;31;4402;994;44.2;10.0
07;2021-05-07;149;31;4551;1025;45.7;10.3
07;2021-05-08;1;0;4552;1025;45.7;10.3
07;2021-05-09;0;2;4552;1027;45.7;10.3
07;2021-05-10;0;0;4552;1027;45.7;10.3
07;2021-05-11;2;41;4554;1068;45.7;10.7
07;2021-05-12;6;36;4560;1104;45.8;11.1
07;2021-05-13;0;0;4560;1104;45.8;11.1
07;2021-05-14;28;98;4588;1202;46.1;12.1
07;2021-05-15;0;0;4588;1202;46.1;12.1
07;2021-05-16;1;0;4589;1202;46.1;12.1
07;2021-05-17;1;14;4590;1216;46.1;12.2
07;2021-05-18;17;32;4607;1248;46.3;12.5
07;2021-05-19;0;1;4607;1249;46.3;12.5
07;2021-05-20;0;8;4607;1257;46.3;12.6
07;2021-05-21;12;32;4619;1289;46.4;12.9
07;2021-05-22;0;0;4619;1289;46.4;12.9
07;2021-05-23;0;0;4619;1289;46.4;12.9
07;2021-05-24;0;0;4619;1289;46.4;12.9
07;2021-05-25;50;333;4669;1622;46.9;16.3
07;2021-05-26;54;359;4723;1981;47.4;19.9
07;2021-05-27;34;317;4757;2298;47.8;23.1
07;2021-05-28;27;256;4784;2554;48.0;25.6
07;2021-05-29;35;376;4819;2930;48.4;29.4
07;2021-05-30;0;0;4819;2930;48.4;29.4
07;2021-05-31;45;218;4864;3148;48.8;31.6
07;2021-06-01;47;227;4911;3375;49.3;33.9
07;2021-06-02;69;273;4980;3648;50.0;36.6
07;2021-06-03;41;252;5021;3900;50.4;39.2
07;2021-06-04;74;273;5095;4173;51.1;41.9
07;2021-06-05;1;0;5096;4173;51.2;41.9
07;2021-06-06;0;0;5096;4173;51.2;41.9
07;2021-06-07;1;1;5097;4174;51.2;41.9
07;2021-06-08;3;2;5100;4176;51.2;41.9
07;2021-06-09;0;3;5100;4179;51.2;42.0
07;2021-06-10;8;4;5108;4183;51.3;42.0
07;2021-06-11;3;8;5111;4191;51.3;42.1
07;2021-06-12;16;59;5127;4250;51.5;42.7
07;2021-06-13;0;0;5127;4250;51.5;42.7
07;2021-06-14;0;0;5127;4250;51.5;42.7
07;2021-06-15;0;1;5127;4251;51.5;42.7
07;2021-06-16;0;0;5127;4251;51.5;42.7
07;2021-06-17;2;6;5129;4257;51.5;42.7
07;2021-06-18;0;2;5129;4259;51.5;42.8
07;2021-06-19;25;49;5154;4308;51.7;43.2
07;2021-06-20;0;0;5154;4308;51.7;43.2
07;2021-06-21;0;2;5154;4310;51.7;43.3
07;2021-06-22;8;0;5162;4310;51.8;43.3
07;2021-06-23;15;9;5177;4319;52.0;43.4
07;2021-06-24;10;5;5187;4324;52.1;43.4
07;2021-06-25;0;0;5187;4324;52.1;43.4
07;2021-06-26;28;49;5215;4373;52.4;43.9
07;2021-06-27;0;0;5215;4373;52.4;43.9
07;2021-06-28;0;0;5215;4373;52.4;43.9
07;2021-06-29;0;0;5215;4373;52.4;43.9
07;2021-06-30;0;0;5215;4373;52.4;43.9
07;2021-07-01;26;35;5241;4408;52.6;44.3
07;2021-07-02;26;32;5267;4440;52.9;44.6
07;2021-07-03;27;211;5294;4651;53.1;46.7
07;2021-07-04;0;0;5294;4651;53.1;46.7
07;2021-07-05;4;8;5298;4659;53.2;46.8
08;2020-12-27;0;0;0;0;0.0;0.0
08;2020-12-28;0;0;0;0;0.0;0.0
08;2020-12-29;0;0;0;0;0.0;0.0
08;2020-12-30;0;0;0;0;0.0;0.0
08;2020-12-31;0;0;0;0;0.0;0.0
08;2021-01-01;0;0;0;0;0.0;0.0
08;2021-01-02;0;0;0;0;0.0;0.0
08;2021-01-03;0;0;0;0;0.0;0.0
08;2021-01-04;0;0;0;0;0.0;0.0
08;2021-01-05;0;0;0;0;0.0;0.0
08;2021-01-06;0;0;0;0;0.0;0.0
08;2021-01-07;0;0;0;0;0.0;0.0
08;2021-01-08;0;0;0;0;0.0;0.0
08;2021-01-09;0;0;0;0;0.0;0.0
08;2021-01-10;0;0;0;0;0.0;0.0
08;2021-01-11;0;0;0;0;0.0;0.0
08;2021-01-12;0;0;0;0;0.0;0.0
08;2021-01-13;10;0;10;0;0.0;0.0
08;2021-01-14;12;0;22;0;0.1;0.0
08;2021-01-15;7;0;29;0;0.1;0.0
08;2021-01-16;0;0;29;0;0.1;0.0
08;2021-01-17;0;0;29;0;0.1;0.0
08;2021-01-18;0;0;29;0;0.1;0.0
08;2021-01-19;12;0;41;0;0.1;0.0
08;2021-01-20;12;0;53;0;0.1;0.0
08;2021-01-21;6;0;59;0;0.2;0.0
08;2021-01-22;0;0;59;0;0.2;0.0
08;2021-01-23;0;0;59;0;0.2;0.0
08;2021-01-24;0;0;59;0;0.2;0.0
08;2021-01-25;0;0;59;0;0.2;0.0
08;2021-01-26;9;0;68;0;0.2;0.0
08;2021-01-27;10;0;78;0;0.2;0.0
08;2021-01-28;6;0;84;0;0.2;0.0
08;2021-01-29;0;0;84;0;0.2;0.0
08;2021-01-30;0;0;84;0;0.2;0.0
08;2021-01-31;0;0;84;0;0.2;0.0
08;2021-02-01;0;0;84;0;0.2;0.0
08;2021-02-02;38;0;122;0;0.3;0.0
08;2021-02-03;10;0;132;0;0.4;0.0
08;2021-02-04;29;0;161;0;0.5;0.0
08;2021-02-05;7;0;168;0;0.5;0.0
08;2021-02-06;0;0;168;0;0.5;0.0
08;2021-02-07;0;0;168;0;0.5;0.0
08;2021-02-08;0;0;168;0;0.5;0.0
08;2021-02-09;38;0;206;0;0.6;0.0
08;2021-02-10;27;1;233;1;0.7;0.0
08;2021-02-11;0;0;233;1;0.7;0.0
08;2021-02-12;36;0;269;1;0.8;0.0
08;2021-02-13;0;0;269;1;0.8;0.0
08;2021-02-14;0;0;269;1;0.8;0.0
08;2021-02-15;50;0;319;1;0.9;0.0
08;2021-02-16;0;0;319;1;0.9;0.0
08;2021-02-17;0;0;319;1;0.9;0.0
08;2021-02-18;27;0;346;1;1.0;0.0
08;2021-02-19;44;0;390;1;1.1;0.0
08;2021-02-20;0;0;390;1;1.1;0.0
08;2021-02-21;0;0;390;1;1.1;0.0
08;2021-02-22;45;4;435;5;1.2;0.0
08;2021-02-23;41;29;476;34;1.3;0.1
08;2021-02-24;35;1;511;35;1.4;0.1
08;2021-02-25;55;36;566;71;1.6;0.2
08;2021-02-26;39;5;605;76;1.7;0.2
08;2021-02-27;0;0;605;76;1.7;0.2
08;2021-02-28;0;0;605;76;1.7;0.2
08;2021-03-01;48;5;653;81;1.8;0.2
08;2021-03-02;7;27;660;108;1.9;0.3
08;2021-03-03;38;27;698;135;2.0;0.4
08;2021-03-04;30;26;728;161;2.1;0.5
08;2021-03-05;46;11;774;172;2.2;0.5
08;2021-03-06;0;0;774;172;2.2;0.5
08;2021-03-07;0;0;774;172;2.2;0.5
08;2021-03-08;30;7;804;179;2.3;0.5
08;2021-03-09;19;27;823;206;2.3;0.6
08;2021-03-10;32;28;855;234;2.4;0.7
08;2021-03-11;2;0;857;234;2.4;0.7
08;2021-03-12;52;21;909;255;2.6;0.7
08;2021-03-13;11;0;920;255;2.6;0.7
08;2021-03-14;0;0;920;255;2.6;0.7
08;2021-03-15;31;42;951;297;2.7;0.8
08;2021-03-16;73;6;1024;303;2.9;0.9
08;2021-03-17;67;13;1091;316;3.1;0.9
08;2021-03-18;82;39;1173;355;3.3;1.0
08;2021-03-19;30;50;1203;405;3.4;1.1
08;2021-03-20;0;0;1203;405;3.4;1.1
08;2021-03-21;0;0;1203;405;3.4;1.1
08;2021-03-22;34;45;1237;450;3.5;1.3
08;2021-03-23;30;43;1267;493;3.6;1.4
08;2021-03-24;38;42;1305;535;3.7;1.5
08;2021-03-25;92;34;1397;569;4.0;1.6
08;2021-03-26;45;33;1442;602;4.1;1.7
08;2021-03-27;94;3;1536;605;4.3;1.7
08;2021-03-28;0;0;1536;605;4.3;1.7
08;2021-03-29;69;49;1605;654;4.5;1.9
08;2021-03-30;98;24;1703;678;4.8;1.9
08;2021-03-31;89;47;1792;725;5.1;2.1
08;2021-04-01;56;48;1848;773;5.2;2.2
08;2021-04-02;0;0;1848;773;5.2;2.2
08;2021-04-03;0;0;1848;773;5.2;2.2
08;2021-04-04;0;0;1848;773;5.2;2.2
08;2021-04-05;0;0;1848;773;5.2;2.2
08;2021-04-06;49;63;1897;836;5.4;2.4
08;2021-04-07;91;32;1988;868;5.6;2.5
08;2021-04-08;120;7;2108;875;6.0;2.5
08;2021-04-09;89;39;2197;914;6.2;2.6
08;2021-04-10;164;9;2361;923;6.7;2.6
08;2021-04-11;0;0;2361;923;6.7;2.6
08;2021-04-12;41;76;2402;999;6.8;2.8
08;2021-04-13;48;71;2450;1070;6.9;3.0
08;2021-04-14;81;45;2531;1115;7.2;3.2
08;2021-04-15;92;24;2623;1139;7.4;3.2
08;2021-04-16;77;42;2700;1181;7.6;3.3
08;2021-04-17;165;4;2865;1185;8.1;3.4
08;2021-04-18;0;0;2865;1185;8.1;3.4
08;2021-04-19;52;67;2917;1252;8.3;3.5
08;2021-04-20;83;27;3000;1279;8.5;3.6
08;2021-04-21;91;29;3091;1308;8.7;3.7
08;2021-04-22;101;20;3192;1328;9.0;3.8
08;2021-04-23;44;66;3236;1394;9.2;3.9
08;2021-04-24;99;78;3335;1472;9.4;4.2
08;2021-04-25;0;0;3335;1472;9.4;4.2
08;2021-04-26;28;91;3363;1563;9.5;4.4
08;2021-04-27;59;63;3422;1626;9.7;4.6
08;2021-04-28;90;39;3512;1665;9.9;4.7
08;2021-04-29;89;34;3601;1699;10.2;4.8
08;2021-04-30;104;15;3705;1714;10.5;4.9
08;2021-05-01;0;8;3705;1722;10.5;4.9
08;2021-05-02;0;0;3705;1722;10.5;4.9
08;2021-05-03;24;101;3729;1823;10.6;5.2
08;2021-05-04;157;102;3886;1925;11.0;5.4
08;2021-05-05;141;58;4027;1983;11.4;5.6
08;2021-05-06;199;49;4226;2032;12.0;5.8
08;2021-05-07;127;71;4353;2103;12.3;6.0
08;2021-05-08;69;122;4422;2225;12.5;6.3
08;2021-05-09;0;0;4422;2225;12.5;6.3
08;2021-05-10;124;99;4546;2324;12.9;6.6
08;2021-05-11;132;72;4678;2396;13.2;6.8
08;2021-05-12;156;78;4834;2474;13.7;7.0
08;2021-05-13;83;6;4917;2480;13.9;7.0
08;2021-05-14;129;62;5046;2542;14.3;7.2
08;2021-05-15;85;4;5131;2546;14.5;7.2
08;2021-05-16;0;0;5131;2546;14.5;7.2
08;2021-05-17;146;114;5277;2660;14.9;7.5
08;2021-05-18;150;94;5427;2754;15.4;7.8
08;2021-05-19;84;69;5511;2823;15.6;8.0
08;2021-05-20;104;26;5615;2849;15.9;8.1
08;2021-05-21;97;53;5712;2902;16.2;8.2
08;2021-05-22;100;11;5812;2913;16.4;8.2
08;2021-05-23;0;0;5812;2913;16.4;8.2
08;2021-05-24;33;7;5845;2920;16.5;8.3
08;2021-05-25;119;78;5964;2998;16.9;8.5
08;2021-05-26;108;50;6072;3048;17.2;8.6
08;2021-05-27;111;42;6183;3090;17.5;8.7
08;2021-05-28;33;1;6216;3091;17.6;8.7
08;2021-05-29;59;214;6275;3305;17.8;9.4
08;2021-05-30;0;0;6275;3305;17.8;9.4
08;2021-05-31;109;63;6384;3368;18.1;9.5
08;2021-06-01;112;63;6496;3431;18.4;9.7
08;2021-06-02;131;33;6627;3464;18.8;9.8
08;2021-06-03;100;38;6727;3502;19.0;9.9
08;2021-06-04;128;70;6855;3572;19.4;10.1
08;2021-06-05;82;21;6937;3593;19.6;10.2
08;2021-06-06;0;0;6937;3593;19.6;10.2
08;2021-06-07;96;96;7033;3689;19.9;10.4
08;2021-06-08;81;91;7114;3780;20.1;10.7
08;2021-06-09;98;74;7212;3854;20.4;10.9
08;2021-06-10;111;65;7323;3919;20.7;11.1
08;2021-06-11;116;108;7439;4027;21.1;11.4
08;2021-06-12;57;30;7496;4057;21.2;11.5
08;2021-06-13;0;0;7496;4057;21.2;11.5
08;2021-06-14;106;128;7602;4185;21.5;11.8
08;2021-06-15;86;119;7688;4304;21.8;12.2
08;2021-06-16;103;149;7791;4453;22.0;12.6
08;2021-06-17;84;72;7875;4525;22.3;12.8
08;2021-06-18;66;99;7941;4624;22.5;13.1
08;2021-06-19;64;79;8005;4703;22.7;13.3
08;2021-06-20;0;0;8005;4703;22.7;13.3
08;2021-06-21;78;152;8083;4855;22.9;13.7
08;2021-06-22;70;103;8153;4958;23.1;14.0
08;2021-06-23;68;115;8221;5073;23.3;14.4
08;2021-06-24;42;76;8263;5149;23.4;14.6
08;2021-06-25;63;100;8326;5249;23.6;14.9
08;2021-06-26;35;61;8361;5310;23.7;15.0
08;2021-06-27;0;0;8361;5310;23.7;15.0
08;2021-06-28;70;127;8431;5437;23.9;15.4
08;2021-06-29;60;105;8491;5542;24.0;15.7
08;2021-06-30;56;110;8547;5652;24.2;16.0
08;2021-07-01;41;87;8588;5739;24.3;16.2
08;2021-07-02;52;91;8640;5830;24.5;16.5
08;2021-07-03;40;90;8680;5920;24.6;16.8
08;2021-07-04;0;1;8680;5921;24.6;16.8
08;2021-07-05;66;93;8746;6014;24.8;17.0
11;2020-12-27;13;2;13;2;0.0;0.0
11;2020-12-28;12;0;25;2;0.0;0.0
11;2020-12-29;56;0;81;2;0.0;0.0
11;2020-12-30;91;0;172;2;0.0;0.0
11;2020-12-31;39;0;211;2;0.0;0.0
11;2021-01-01;32;1;243;3;0.0;0.0
11;2021-01-02;64;1;307;4;0.0;0.0
11;2021-01-03;78;0;385;4;0.0;0.0
11;2021-01-04;554;5;939;9;0.0;0.0
11;2021-01-05;2074;17;3013;26;0.0;0.0
11;2021-01-06;3022;25;6035;51;0.0;0.0
11;2021-01-07;5392;39;11427;90;0.1;0.0
11;2021-01-08;7133;49;18560;139;0.2;0.0
11;2021-01-09;1895;7;20455;146;0.2;0.0
11;2021-01-10;1756;7;22211;153;0.2;0.0
11;2021-01-11;8020;67;30231;220;0.2;0.0
11;2021-01-12;10379;103;40610;323;0.3;0.0
11;2021-01-13;10026;101;50636;424;0.4;0.0
11;2021-01-14;10156;137;60792;561;0.5;0.0
11;2021-01-15;8927;92;69719;653;0.6;0.0
11;2021-01-16;2417;34;72136;687;0.6;0.0
11;2021-01-17;1092;20;73228;707;0.6;0.0
11;2021-01-18;12268;141;85496;848;0.7;0.0
11;2021-01-19;15864;137;101360;985;0.8;0.0
11;2021-01-20;18388;133;119748;1118;1.0;0.0
11;2021-01-21;22310;162;142058;1280;1.2;0.0
11;2021-01-22;17114;177;159172;1457;1.3;0.0
11;2021-01-23;4961;25;164133;1482;1.3;0.0
11;2021-01-24;1284;6;165417;1488;1.3;0.0
11;2021-01-25;8874;195;174291;1683;1.4;0.0
11;2021-01-26;12346;389;186637;2072;1.5;0.0
11;2021-01-27;16232;695;202869;2767;1.7;0.0
11;2021-01-28;20311;1196;223180;3963;1.8;0.0
11;2021-01-29;15403;1374;238583;5337;1.9;0.0
11;2021-01-30;4467;106;243050;5443;2.0;0.0
11;2021-01-31;586;22;243636;5465;2.0;0.0
11;2021-02-01;7389;1960;251025;7425;2.0;0.1
11;2021-02-02;8357;2818;259382;10243;2.1;0.1
11;2021-02-03;8128;3803;267510;14046;2.2;0.1
11;2021-02-04;8785;4597;276295;18643;2.3;0.2
11;2021-02-05;8953;4428;285248;23071;2.3;0.2
11;2021-02-06;3271;753;288519;23824;2.3;0.2
11;2021-02-07;588;544;289107;24368;2.4;0.2
11;2021-02-08;6230;5913;295337;30281;2.4;0.2
11;2021-02-09;8437;9652;303774;39933;2.5;0.3
11;2021-02-10;9969;11184;313743;51117;2.6;0.4
11;2021-02-11;12386;16489;326129;67606;2.7;0.6
11;2021-02-12;11876;10599;338005;78205;2.8;0.6
11;2021-02-13;2596;2581;340601;80786;2.8;0.7
11;2021-02-14;314;560;340915;81346;2.8;0.7
11;2021-02-15;4459;12016;345374;93362;2.8;0.8
11;2021-02-16;5682;18489;351056;111851;2.9;0.9
11;2021-02-17;5691;15610;356747;127461;2.9;1.0
11;2021-02-18;8648;20782;365395;148243;3.0;1.2
11;2021-02-19;9044;15416;374439;163659;3.0;1.3
11;2021-02-20;1691;4842;376130;168501;3.1;1.4
11;2021-02-21;398;829;376528;169330;3.1;1.4
11;2021-02-22;4230;9892;380758;179222;3.1;1.5
11;2021-02-23;4951;10560;385709;189782;3.1;1.5
11;2021-02-24;5420;9873;391129;199655;3.2;1.6
11;2021-02-25;8624;14137;399753;213792;3.3;1.7
11;2021-02-26;11198;10198;410951;223990;3.3;1.8
11;2021-02-27;5068;3337;416019;227327;3.4;1.9
11;2021-02-28;742;662;416761;227989;3.4;1.9
11;2021-03-01;8855;7985;425616;235974;3.5;1.9
11;2021-03-02;14393;9639;440009;245613;3.6;2.0
11;2021-03-03;18693;10147;458702;255760;3.7;2.1
11;2021-03-04;28288;11195;486990;266955;4.0;2.2
11;2021-03-05;36523;11199;523513;278154;4.3;2.3
11;2021-03-06;46452;3658;569965;281812;4.6;2.3
11;2021-03-07;34309;2843;604274;284655;4.9;2.3
11;2021-03-08;17783;7450;622057;292105;5.1;2.4
11;2021-03-09;26883;7802;648940;299907;5.3;2.4
11;2021-03-10;27672;8435;676612;308342;5.5;2.5
11;2021-03-11;37087;10024;713699;318366;5.8;2.6
11;2021-03-12;44839;9582;758538;327948;6.2;2.7
11;2021-03-13;39897;2772;798435;330720;6.5;2.7
11;2021-03-14;14274;836;812709;331556;6.6;2.7
11;2021-03-15;29242;4083;841951;335639;6.9;2.7
11;2021-03-16;23769;3905;865720;339544;7.1;2.8
11;2021-03-17;24456;3723;890176;343267;7.3;2.8
11;2021-03-18;29041;4184;919217;347451;7.5;2.8
11;2021-03-19;39698;4397;958915;351848;7.8;2.9
11;2021-03-20;25879;1656;984794;353504;8.0;2.9
11;2021-03-21;5635;1337;990429;354841;8.1;2.9
11;2021-03-22;32171;4322;1022600;359163;8.3;2.9
11;2021-03-23;43359;5544;1065959;364707;8.7;3.0
11;2021-03-24;42706;5145;1108665;369852;9.0;3.0
11;2021-03-25;58006;5356;1166671;375208;9.5;3.1
11;2021-03-26;57830;6142;1224501;381350;10.0;3.1
11;2021-03-27;34517;2195;1259018;383545;10.3;3.1
11;2021-03-28;10168;506;1269186;384051;10.3;3.1
11;2021-03-29;33108;8252;1302294;392303;10.6;3.2
11;2021-03-30;44918;11700;1347212;404003;11.0;3.3
11;2021-03-31;39947;13997;1387159;418000;11.3;3.4
11;2021-04-01;45454;21923;1432613;439923;11.7;3.6
11;2021-04-02;39507;24204;1472120;464127;12.0;3.8
11;2021-04-03;18406;21177;1490526;485304;12.1;4.0
11;2021-04-04;6126;7368;1496652;492672;12.2;4.0
11;2021-04-05;5974;2176;1502626;494848;12.2;4.0
11;2021-04-06;30017;18491;1532643;513339;12.5;4.2
11;2021-04-07;37594;20110;1570237;533449;12.8;4.3
11;2021-04-08;46757;21257;1616994;554706;13.2;4.5
11;2021-04-09;53890;21727;1670884;576433;13.6;4.7
11;2021-04-10;28995;19783;1699879;596216;13.8;4.9
11;2021-04-11;6552;7240;1706431;603456;13.9;4.9
11;2021-04-12;30345;19357;1736776;622813;14.1;5.1
11;2021-04-13;37358;27641;1774134;650454;14.4;5.3
11;2021-04-14;35068;24436;1809202;674890;14.7;5.5
11;2021-04-15;39213;28617;1848415;703507;15.1;5.7
11;2021-04-16;41115;27973;1889530;731480;15.4;6.0
11;2021-04-17;22811;15034;1912341;746514;15.6;6.1
11;2021-04-18;5322;3758;1917663;750272;15.6;6.1
11;2021-04-19;25137;23278;1942800;773550;15.8;6.3
11;2021-04-20;30622;27985;1973422;801535;16.1;6.5
11;2021-04-21;32262;28311;2005684;829846;16.3;6.8
11;2021-04-22;34517;34878;2040201;864724;16.6;7.0
11;2021-04-23;37986;32440;2078187;897164;16.9;7.3
11;2021-04-24;37984;23257;2116171;920421;17.2;7.5
11;2021-04-25;20529;8057;2136700;928478;17.4;7.6
11;2021-04-26;33914;25337;2170614;953815;17.7;7.8
11;2021-04-27;45785;30212;2216399;984027;18.1;8.0
11;2021-04-28;48460;29993;2264859;1014020;18.4;8.3
11;2021-04-29;57829;32493;2322688;1046513;18.9;8.5
11;2021-04-30;61363;31292;2384051;1077805;19.4;8.8
11;2021-05-01;24130;6122;2408181;1083927;19.6;8.8
11;2021-05-02;14664;5045;2422845;1088972;19.7;8.9
11;2021-05-03;54470;35337;2477315;1124309;20.2;9.2
11;2021-05-04;59752;34073;2537067;1158382;20.7;9.4
11;2021-05-05;60396;34236;2597463;1192618;21.2;9.7
11;2021-05-06;67334;38268;2664797;1230886;21.7;10.0
11;2021-05-07;65631;40113;2730428;1270999;22.2;10.4
11;2021-05-08;51202;17007;2781630;1288006;22.7;10.5
11;2021-05-09;33199;10283;2814829;1298289;22.9;10.6
11;2021-05-10;70823;30710;2885652;1328999;23.5;10.8
11;2021-05-11;81854;38272;2967506;1367271;24.2;11.1
11;2021-05-12;83697;32625;3051203;1399896;24.9;11.4
11;2021-05-13;68238;10101;3119441;1409997;25.4;11.5
11;2021-05-14;84654;22294;3204095;1432291;26.1;11.7
11;2021-05-15;66812;15522;3270907;1447813;26.6;11.8
11;2021-05-16;36723;5228;3307630;1453041;26.9;11.8
11;2021-05-17;82954;17098;3390584;1470139;27.6;12.0
11;2021-05-18;99737;20173;3490321;1490312;28.4;12.1
11;2021-05-19;98423;28115;3588744;1518427;29.2;12.4
11;2021-05-20;107366;29115;3696110;1547542;30.1;12.6
11;2021-05-21;101713;26245;3797823;1573787;30.9;12.8
11;2021-05-22;80105;15039;3877928;1588826;31.6;12.9
11;2021-05-23;42058;6150;3919986;1594976;31.9;13.0
11;2021-05-24;60123;8922;3980109;1603898;32.4;13.1
11;2021-05-25;85976;32465;4066085;1636363;33.1;13.3
11;2021-05-26;84454;32726;4150539;1669089;33.8;13.6
11;2021-05-27;92476;40755;4243015;1709844;34.6;13.9
11;2021-05-28;86999;45769;4330014;1755613;35.3;14.3
11;2021-05-29;68291;27663;4398305;1783276;35.8;14.5
11;2021-05-30;36022;8573;4434327;1791849;36.1;14.6
11;2021-05-31;78058;40091;4512385;1831940;36.8;14.9
11;2021-06-01;87178;51129;4599563;1883069;37.5;15.3
11;2021-06-02;83272;45692;4682835;1928761;38.1;15.7
11;2021-06-03;88984;53832;4771819;1982593;38.9;16.1
11;2021-06-04;84741;58905;4856560;2041498;39.6;16.6
11;2021-06-05;63648;50001;4920208;2091499;40.1;17.0
11;2021-06-06;37952;17624;4958160;2109123;40.4;17.2
11;2021-06-07;69008;53765;5027168;2162888;40.9;17.6
11;2021-06-08;72400;62099;5099568;2224987;41.5;18.1
11;2021-06-09;70589;63228;5170157;2288215;42.1;18.6
11;2021-06-10;71164;80956;5241321;2369171;42.7;19.3
11;2021-06-11;65583;72282;5306904;2441453;43.2;19.9
11;2021-06-12;63736;47793;5370640;2489246;43.7;20.3
11;2021-06-13;29540;22912;5400180;2512158;44.0;20.5
11;2021-06-14;43183;75399;5443363;2587557;44.3;21.1
11;2021-06-15;51060;83072;5494423;2670629;44.7;21.8
11;2021-06-16;52326;78371;5546749;2749000;45.2;22.4
11;2021-06-17;54005;81870;5600754;2830870;45.6;23.1
11;2021-06-18;49962;96136;5650716;2927006;46.0;23.8
11;2021-06-19;43461;69266;5694177;2996272;46.4;24.4
11;2021-06-20;16297;36102;5710474;3032374;46.5;24.7
11;2021-06-21;34350;84425;5744824;3116799;46.8;25.4
11;2021-06-22;38956;101306;5783780;3218105;47.1;26.2
11;2021-06-23;39421;98281;5823201;3316386;47.4;27.0
11;2021-06-24;42263;96233;5865464;3412619;47.8;27.8
11;2021-06-25;38700;110853;5904164;3523472;48.1;28.7
11;2021-06-26;35314;86150;5939478;3609622;48.4;29.4
11;2021-06-27;13311;40395;5952789;3650017;48.5;29.7
11;2021-06-28;30190;96037;5982979;3746054;48.7;30.5
11;2021-06-29;33997;108391;6016976;3854445;49.0;31.4
11;2021-06-30;36579;105742;6053555;3960187;49.3;32.3
11;2021-07-01;39010;105830;6092565;4066017;49.6;33.1
11;2021-07-02;38221;110092;6130786;4176109;49.9;34.0
11;2021-07-03;32047;93288;6162833;4269397;50.2;34.8
11;2021-07-04;14187;42946;6177020;4312343;50.3;35.1
11;2021-07-05;32256;86530;6209276;4398873;50.6;35.8
24;2020-12-27;0;0;0;0;0.0;0.0
24;2020-12-28;17;0;17;0;0.0;0.0
24;2020-12-29;10;0;27;0;0.0;0.0
24;2020-12-30;1;0;28;0;0.0;0.0
24;2020-12-31;0;0;28;0;0.0;0.0
24;2021-01-01;1;0;29;0;0.0;0.0
24;2021-01-02;0;0;29;0;0.0;0.0
24;2021-01-03;0;0;29;0;0.0;0.0
24;2021-01-04;24;0;53;0;0.0;0.0
24;2021-01-05;163;0;216;0;0.0;0.0
24;2021-01-06;328;0;544;0;0.0;0.0
24;2021-01-07;492;1;1036;1;0.0;0.0
24;2021-01-08;952;2;1988;3;0.1;0.0
24;2021-01-09;504;0;2492;3;0.1;0.0
24;2021-01-10;395;0;2887;3;0.1;0.0
24;2021-01-11;1279;2;4166;5;0.2;0.0
24;2021-01-12;2575;9;6741;14;0.3;0.0
24;2021-01-13;2190;8;8931;22;0.3;0.0
24;2021-01-14;2504;52;11435;74;0.4;0.0
24;2021-01-15;2115;9;13550;83;0.5;0.0
24;2021-01-16;857;6;14407;89;0.6;0.0
24;2021-01-17;322;3;14729;92;0.6;0.0
24;2021-01-18;3214;15;17943;107;0.7;0.0
24;2021-01-19;6325;17;24268;124;0.9;0.0
24;2021-01-20;7165;11;31433;135;1.2;0.0
24;2021-01-21;7418;5;38851;140;1.5;0.0
24;2021-01-22;5119;6;43970;146;1.7;0.0
24;2021-01-23;1276;1;45246;147;1.8;0.0
24;2021-01-24;225;1;45471;148;1.8;0.0
24;2021-01-25;3114;25;48585;173;1.9;0.0
24;2021-01-26;4848;88;53433;261;2.1;0.0
24;2021-01-27;5046;185;58479;446;2.3;0.0
24;2021-01-28;5634;510;64113;956;2.5;0.0
24;2021-01-29;3423;729;67536;1685;2.6;0.1
24;2021-01-30;1208;398;68744;2083;2.7;0.1
24;2021-01-31;251;368;68995;2451;2.7;0.1
24;2021-02-01;2170;926;71165;3377;2.8;0.1
24;2021-02-02;3032;1889;74197;5266;2.9;0.2
24;2021-02-03;3111;1762;77308;7028;3.0;0.3
24;2021-02-04;3234;1613;80542;8641;3.1;0.3
24;2021-02-05;2394;1367;82936;10008;3.2;0.4
24;2021-02-06;707;261;83643;10269;3.3;0.4
24;2021-02-07;134;32;83777;10301;3.3;0.4
24;2021-02-08;1968;1569;85745;11870;3.4;0.5
24;2021-02-09;3413;3316;89158;15186;3.5;0.6
24;2021-02-10;4085;3755;93243;18941;3.6;0.7
24;2021-02-11;4656;4769;97899;23710;3.8;0.9
24;2021-02-12;3483;3263;101382;26973;4.0;1.1
24;2021-02-13;839;769;102221;27742;4.0;1.1
24;2021-02-14;426;254;102647;27996;4.0;1.1
24;2021-02-15;1963;2846;104610;30842;4.1;1.2
24;2021-02-16;2848;4479;107458;35321;4.2;1.4
24;2021-02-17;2691;5079;110149;40400;4.3;1.6
24;2021-02-18;3521;5160;113670;45560;4.4;1.8
24;2021-02-19;3257;3543;116927;49103;4.6;1.9
24;2021-02-20;1288;981;118215;50084;4.6;2.0
24;2021-02-21;433;237;118648;50321;4.6;2.0
24;2021-02-22;1652;3047;120300;53368;4.7;2.1
24;2021-02-23;2340;3123;122640;56491;4.8;2.2
24;2021-02-24;2093;3447;124733;59938;4.9;2.3
24;2021-02-25;3622;3138;128355;63076;5.0;2.5
24;2021-02-26;4466;2604;132821;65680;5.2;2.6
24;2021-02-27;1877;992;134698;66672;5.3;2.6
24;2021-02-28;97;219;134795;66891;5.3;2.6
24;2021-03-01;2176;2002;136971;68893;5.4;2.7
24;2021-03-02;3431;2876;140402;71769;5.5;2.8
24;2021-03-03;3550;3391;143952;75160;5.6;2.9
24;2021-03-04;5336;3715;149288;78875;5.8;3.1
24;2021-03-05;7039;3166;156327;82041;6.1;3.2
24;2021-03-06;7376;756;163703;82797;6.4;3.2
24;2021-03-07;2429;292;166132;83089;6.5;3.2
24;2021-03-08;2689;2605;168821;85694;6.6;3.3
24;2021-03-09;5778;2827;174599;88521;6.8;3.5
24;2021-03-10;6408;3486;181007;92007;7.1;3.6
24;2021-03-11;7804;3480;188811;95487;7.4;3.7
24;2021-03-12;10788;2685;199599;98172;7.8;3.8
24;2021-03-13;7122;722;206721;98894;8.1;3.9
24;2021-03-14;1549;275;208270;99169;8.1;3.9
24;2021-03-15;4559;1955;212829;101124;8.3;4.0
24;2021-03-16;4597;2353;217426;103477;8.5;4.0
24;2021-03-17;4462;1966;221888;105443;8.7;4.1
24;2021-03-18;5064;2080;226952;107523;8.9;4.2
24;2021-03-19;7782;1667;234734;109190;9.2;4.3
24;2021-03-20;4436;880;239170;110070;9.3;4.3
24;2021-03-21;557;349;239727;110419;9.4;4.3
24;2021-03-22;4860;1704;244587;112123;9.6;4.4
24;2021-03-23;8039;2290;252626;114413;9.9;4.5
24;2021-03-24;8817;1999;261443;116412;10.2;4.5
24;2021-03-25;12135;1963;273578;118375;10.7;4.6
24;2021-03-26;13274;1985;286852;120360;11.2;4.7
24;2021-03-27;5782;679;292634;121039;11.4;4.7
24;2021-03-28;520;97;293154;121136;11.5;4.7
24;2021-03-29;6762;1875;299916;123011;11.7;4.8
24;2021-03-30;10174;2785;310090;125796;12.1;4.9
24;2021-03-31;9894;2341;319984;128137;12.5;5.0
24;2021-04-01;12047;3396;332031;131533;13.0;5.1
24;2021-04-02;10642;3342;342673;134875;13.4;5.3
24;2021-04-03;3415;1719;346088;136594;13.5;5.3
24;2021-04-04;394;344;346482;136938;13.5;5.4
24;2021-04-05;400;52;346882;136990;13.6;5.4
24;2021-04-06;8328;3330;355210;140320;13.9;5.5
24;2021-04-07;11071;4540;366281;144860;14.3;5.7
24;2021-04-08;14188;4727;380469;149587;14.9;5.8
24;2021-04-09;17764;3714;398233;153301;15.6;6.0
24;2021-04-10;9390;2080;407623;155381;15.9;6.1
24;2021-04-11;2910;1248;410533;156629;16.0;6.1
24;2021-04-12;10847;3437;421380;160066;16.5;6.3
24;2021-04-13;14995;4806;436375;164872;17.1;6.4
24;2021-04-14;13476;4910;449851;169782;17.6;6.6
24;2021-04-15;15359;5100;465210;174882;18.2;6.8
24;2021-04-16;15693;4327;480903;179209;18.8;7.0
24;2021-04-17;8196;1322;489099;180531;19.1;7.1
24;2021-04-18;1101;289;490200;180820;19.2;7.1
24;2021-04-19;9439;4126;499639;184946;19.5;7.2
24;2021-04-20;12726;5967;512365;190913;20.0;7.5
24;2021-04-21;12329;6005;524694;196918;20.5;7.7
24;2021-04-22;13865;7537;538559;204455;21.0;8.0
24;2021-04-23;13699;7061;552258;211516;21.6;8.3
24;2021-04-24;10238;3259;562496;214775;22.0;8.4
24;2021-04-25;3048;435;565544;215210;22.1;8.4
24;2021-04-26;10204;5402;575748;220612;22.5;8.6
24;2021-04-27;13874;7732;589622;228344;23.0;8.9
24;2021-04-28;13025;8433;602647;236777;23.5;9.3
24;2021-04-29;16583;8598;619230;245375;24.2;9.6
24;2021-04-30;17476;7240;636706;252615;24.9;9.9
24;2021-05-01;2911;670;639617;253285;25.0;9.9
24;2021-05-02;2142;321;641759;253606;25.1;9.9
24;2021-05-03;11292;6126;653051;259732;25.5;10.1
24;2021-05-04;12813;10302;665864;270034;26.0;10.6
24;2021-05-05;13883;9576;679747;279610;26.6;10.9
24;2021-05-06;17488;9749;697235;289359;27.2;11.3
24;2021-05-07;14561;11965;711796;301324;27.8;11.8
24;2021-05-08;3705;2373;715501;303697;28.0;11.9
24;2021-05-09;2347;3721;717848;307418;28.1;12.0
24;2021-05-10;11528;12198;729376;319616;28.5;12.5
24;2021-05-11;16364;14227;745740;333843;29.1;13.0
24;2021-05-12;18232;13154;763972;346997;29.9;13.6
24;2021-05-13;6927;3171;770899;350168;30.1;13.7
24;2021-05-14;14512;9189;785411;359357;30.7;14.0
24;2021-05-15;10466;5048;795877;364405;31.1;14.2
24;2021-05-16;3166;1186;799043;365591;31.2;14.3
24;2021-05-17;13317;7672;812360;373263;31.7;14.6
24;2021-05-18;18481;8263;830841;381526;32.5;14.9
24;2021-05-19;19044;7530;849885;389056;33.2;15.2
24;2021-05-20;21342;8458;871227;397514;34.0;15.5
24;2021-05-21;18435;9103;889662;406617;34.8;15.9
24;2021-05-22;7627;4190;897289;410807;35.1;16.1
24;2021-05-23;2992;950;900281;411757;35.2;16.1
24;2021-05-24;8348;1605;908629;413362;35.5;16.2
24;2021-05-25;17773;8899;926402;422261;36.2;16.5
24;2021-05-26;19294;8334;945696;430595;37.0;16.8
24;2021-05-27;20882;10085;966578;440680;37.8;17.2
24;2021-05-28;20468;12300;987046;452980;38.6;17.7
24;2021-05-29;12417;5902;999463;458882;39.1;17.9
24;2021-05-30;2033;1483;1001496;460365;39.1;18.0
24;2021-05-31;14581;8926;1016077;469291;39.7;18.3
24;2021-06-01;19698;12055;1035775;481346;40.5;18.8
24;2021-06-02;17771;10830;1053546;492176;41.2;19.2
24;2021-06-03;20892;11939;1074438;504115;42.0;19.7
24;2021-06-04;19934;13855;1094372;517970;42.8;20.2
24;2021-06-05;9875;8850;1104247;526820;43.2;20.6
24;2021-06-06;1993;3019;1106240;529839;43.2;20.7
24;2021-06-07;14416;12037;1120656;541876;43.8;21.2
24;2021-06-08;16072;15006;1136728;556882;44.4;21.8
24;2021-06-09;16453;12793;1153181;569675;45.1;22.3
24;2021-06-10;17882;12151;1171063;581826;45.8;22.7
24;2021-06-11;17162;15346;1188225;597172;46.4;23.3
24;2021-06-12;10076;7354;1198301;604526;46.8;23.6
24;2021-06-13;893;1316;1199194;605842;46.9;23.7
24;2021-06-14;10452;15294;1209646;621136;47.3;24.3
24;2021-06-15;12975;17153;1222621;638289;47.8;24.9
24;2021-06-16;13441;16296;1236062;654585;48.3;25.6
24;2021-06-17;13123;17329;1249185;671914;48.8;26.3
24;2021-06-18;14540;19861;1263725;691775;49.4;27.0
24;2021-06-19;7925;6662;1271650;698437;49.7;27.3
24;2021-06-20;554;858;1272204;699295;49.7;27.3
24;2021-06-21;8853;16520;1281057;715815;50.1;28.0
24;2021-06-22;10205;19443;1291262;735258;50.5;28.7
24;2021-06-23;9699;17893;1300961;753151;50.8;29.4
24;2021-06-24;9009;12908;1309970;766059;51.2;29.9
24;2021-06-25;10641;19946;1320611;786005;51.6;30.7
24;2021-06-26;5292;10984;1325903;796989;51.8;31.1
24;2021-06-27;795;2215;1326698;799204;51.8;31.2
24;2021-06-28;6480;18580;1333178;817784;52.1;32.0
24;2021-06-29;7914;24138;1341092;841922;52.4;32.9
24;2021-06-30;8128;22281;1349220;864203;52.7;33.8
24;2021-07-01;7680;19622;1356900;883825;53.0;34.5
24;2021-07-02;8210;23521;1365110;907346;53.3;35.5
24;2021-07-03;4166;11135;1369276;918481;53.5;35.9
24;2021-07-04;499;2802;1369775;921283;53.5;36.0
24;2021-07-05;6576;18635;1376351;939918;53.8;36.7
27;2020-12-27;4;0;4;0;0.0;0.0
27;2020-12-28;0;0;4;0;0.0;0.0
27;2020-12-29;19;0;23;0;0.0;0.0
27;2020-12-30;20;0;43;0;0.0;0.0
27;2020-12-31;2;0;45;0;0.0;0.0
27;2021-01-01;0;0;45;0;0.0;0.0
27;2021-01-02;1;0;46;0;0.0;0.0
27;2021-01-03;1;0;47;0;0.0;0.0
27;2021-01-04;27;0;74;0;0.0;0.0
27;2021-01-05;263;2;337;2;0.0;0.0
27;2021-01-06;718;1;1055;3;0.0;0.0
27;2021-01-07;1582;3;2637;6;0.1;0.0
27;2021-01-08;1896;4;4533;10;0.2;0.0
27;2021-01-09;688;0;5221;10;0.2;0.0
27;2021-01-10;3;0;5224;10;0.2;0.0
27;2021-01-11;2420;4;7644;14;0.3;0.0
27;2021-01-12;3823;4;11467;18;0.4;0.0
27;2021-01-13;3848;8;15315;26;0.6;0.0
27;2021-01-14;4752;48;20067;74;0.7;0.0
27;2021-01-15;3595;21;23662;95;0.9;0.0
27;2021-01-16;795;9;24457;104;0.9;0.0
27;2021-01-17;116;1;24573;105;0.9;0.0
27;2021-01-18;6254;20;30827;125;1.1;0.0
27;2021-01-19;8401;23;39228;148;1.4;0.0
27;2021-01-20;7909;61;47137;209;1.7;0.0
27;2021-01-21;9459;22;56596;231;2.0;0.0
27;2021-01-22;7708;18;64304;249;2.3;0.0
27;2021-01-23;2986;6;67290;255;2.4;0.0
27;2021-01-24;347;0;67637;255;2.4;0.0
27;2021-01-25;5222;30;72859;285;2.6;0.0
27;2021-01-26;7390;230;80249;515;2.9;0.0
27;2021-01-27;7098;357;87347;872;3.1;0.0
27;2021-01-28;6337;894;93684;1766;3.4;0.1
27;2021-01-29;5931;1269;99615;3035;3.6;0.1
27;2021-01-30;2496;347;102111;3382;3.7;0.1
27;2021-01-31;252;22;102363;3404;3.7;0.1
27;2021-02-01;3359;1401;105722;4805;3.8;0.2
27;2021-02-02;4040;2221;109762;7026;3.9;0.3
27;2021-02-03;3618;2397;113380;9423;4.1;0.3
27;2021-02-04;3702;3151;117082;12574;4.2;0.5
27;2021-02-05;3240;2585;120322;15159;4.3;0.5
27;2021-02-06;1608;671;121930;15830;4.4;0.6
27;2021-02-07;5;87;121935;15917;4.4;0.6
27;2021-02-08;2912;2683;124847;18600;4.5;0.7
27;2021-02-09;3016;3658;127863;22258;4.6;0.8
27;2021-02-10;3054;3414;130917;25672;4.7;0.9
27;2021-02-11;3314;4651;134231;30323;4.8;1.1
27;2021-02-12;2726;4461;136957;34784;4.9;1.2
27;2021-02-13;986;1467;137943;36251;5.0;1.3
27;2021-02-14;258;301;138201;36552;5.0;1.3
27;2021-02-15;1239;5745;139440;42297;5.0;1.5
27;2021-02-16;1507;7435;140947;49732;5.1;1.8
27;2021-02-17;1806;6898;142753;56630;5.1;2.0
27;2021-02-18;2147;6464;144900;63094;5.2;2.3
27;2021-02-19;1736;5669;146636;68763;5.3;2.5
27;2021-02-20;712;2179;147348;70942;5.3;2.5
27;2021-02-21;2;280;147350;71222;5.3;2.6
27;2021-02-22;979;4893;148329;76115;5.3;2.7
27;2021-02-23;1203;5416;149532;81531;5.4;2.9
27;2021-02-24;1508;4855;151040;86386;5.4;3.1
27;2021-02-25;2921;5048;153961;91434;5.5;3.3
27;2021-02-26;3684;4215;157645;95649;5.7;3.4
27;2021-02-27;1911;1955;159556;97604;5.7;3.5
27;2021-02-28;107;282;159663;97886;5.7;3.5
27;2021-03-01;3673;3506;163336;101392;5.9;3.6
27;2021-03-02;5415;4347;168751;105739;6.1;3.8
27;2021-03-03;5975;3573;174726;109312;6.3;3.9
27;2021-03-04;7714;3579;182440;112891;6.6;4.1
27;2021-03-05;9701;3202;192141;116093;6.9;4.2
27;2021-03-06;6230;1095;198371;117188;7.1;4.2
27;2021-03-07;872;189;199243;117377;7.2;4.2
27;2021-03-08;4552;3421;203795;120798;7.3;4.3
27;2021-03-09;8424;3417;212219;124215;7.6;4.5
27;2021-03-10;8725;2811;220944;127026;7.9;4.6
27;2021-03-11;10268;3213;231212;130239;8.3;4.7
27;2021-03-12;11894;2482;243106;132721;8.7;4.8
27;2021-03-13;7050;698;250156;133419;9.0;4.8
27;2021-03-14;214;59;250370;133478;9.0;4.8
27;2021-03-15;7320;1382;257690;134860;9.3;4.8
27;2021-03-16;8246;1095;265936;135955;9.6;4.9
27;2021-03-17;8541;1190;274477;137145;9.9;4.9
27;2021-03-18;8624;1419;283101;138564;10.2;5.0
27;2021-03-19;9446;1106;292547;139670;10.5;5.0
27;2021-03-20;5670;400;298217;140070;10.7;5.0
27;2021-03-21;238;11;298455;140081;10.7;5.0
27;2021-03-22;9345;968;307800;141049;11.1;5.1
27;2021-03-23;14726;1204;322526;142253;11.6;5.1
27;2021-03-24;15194;1254;337720;143507;12.1;5.2
27;2021-03-25;18385;1473;356105;144980;12.8;5.2
27;2021-03-26;18390;1281;374495;146261;13.5;5.3
27;2021-03-27;7688;415;382183;146676;13.7;5.3
27;2021-03-28;493;125;382676;146801;13.8;5.3
27;2021-03-29;10033;3405;392709;150206;14.1;5.4
27;2021-03-30;12972;4007;405681;154213;14.6;5.5
27;2021-03-31;12843;4209;418524;158422;15.0;5.7
27;2021-04-01;14554;4156;433078;162578;15.6;5.8
27;2021-04-02;12954;4041;446032;166619;16.0;6.0
27;2021-04-03;4481;1137;450513;167756;16.2;6.0
27;2021-04-04;70;35;450583;167791;16.2;6.0
27;2021-04-05;345;7;450928;167798;16.2;6.0
27;2021-04-06;9564;6172;460492;173970;16.5;6.3
27;2021-04-07;10199;6467;470691;180437;16.9;6.5
27;2021-04-08;15734;6166;486425;186603;17.5;6.7
27;2021-04-09;17852;6018;504277;192621;18.1;6.9
27;2021-04-10;6072;1954;510349;194575;18.3;7.0
27;2021-04-11;422;84;510771;194659;18.4;7.0
27;2021-04-12;9069;6796;519840;201455;18.7;7.2
27;2021-04-13;11743;8498;531583;209953;19.1;7.5
27;2021-04-14;10295;7830;541878;217783;19.5;7.8
27;2021-04-15;12961;7677;554839;225460;19.9;8.1
27;2021-04-16;12761;6445;567600;231905;20.4;8.3
27;2021-04-17;5923;3032;573523;234937;20.6;8.4
27;2021-04-18;357;189;573880;235126;20.6;8.4
27;2021-04-19;6968;8862;580848;243988;20.9;8.8
27;2021-04-20;8484;10538;589332;254526;21.2;9.1
27;2021-04-21;8340;10137;597672;264663;21.5;9.5
27;2021-04-22;9855;11524;607527;276187;21.8;9.9
27;2021-04-23;11344;10293;618871;286480;22.2;10.3
27;2021-04-24;5171;3963;624042;290443;22.4;10.4
27;2021-04-25;440;295;624482;290738;22.4;10.4
27;2021-04-26;9540;8734;634022;299472;22.8;10.8
27;2021-04-27;13460;10236;647482;309708;23.3;11.1
27;2021-04-28;14194;10363;661676;320071;23.8;11.5
27;2021-04-29;17873;11535;679549;331606;24.4;11.9
27;2021-04-30;18732;9500;698281;341106;25.1;12.3
27;2021-05-01;5428;1542;703709;342648;25.3;12.3
27;2021-05-02;604;73;704313;342721;25.3;12.3
27;2021-05-03;14907;6324;719220;349045;25.8;12.5
27;2021-05-04;13945;10786;733165;359831;26.3;12.9
27;2021-05-05;15557;10013;748722;369844;26.9;13.3
27;2021-05-06;18274;12338;766996;382182;27.6;13.7
27;2021-05-07;17216;11743;784212;393925;28.2;14.2
27;2021-05-08;5948;1509;790160;395434;28.4;14.2
27;2021-05-09;533;440;790693;395874;28.4;14.2
27;2021-05-10;15279;9875;805972;405749;29.0;14.6
27;2021-05-11;20755;12908;826727;418657;29.7;15.0
27;2021-05-12;19664;11744;846391;430401;30.4;15.5
27;2021-05-13;12297;2034;858688;432435;30.9;15.5
27;2021-05-14;22927;8386;881615;440821;31.7;15.8
27;2021-05-15;15416;3400;897031;444221;32.2;16.0
27;2021-05-16;1891;238;898922;444459;32.3;16.0
27;2021-05-17;18965;6805;917887;451264;33.0;16.2
27;2021-05-18;20695;9299;938582;460563;33.7;16.5
27;2021-05-19;22252;7301;960834;467864;34.5;16.8
27;2021-05-20;23232;8226;984066;476090;35.4;17.1
27;2021-05-21;21163;10053;1005229;486143;36.1;17.5
27;2021-05-22;8284;3610;1013513;489753;36.4;17.6
27;2021-05-23;912;306;1014425;490059;36.5;17.6
27;2021-05-24;4243;1086;1018668;491145;36.6;17.6
27;2021-05-25;14908;11628;1033576;502773;37.1;18.1
27;2021-05-26;15404;10669;1048980;513442;37.7;18.4
27;2021-05-27;18401;11828;1067381;525270;38.4;18.9
27;2021-05-28;16073;14121;1083454;539391;38.9;19.4
27;2021-05-29;6814;5154;1090268;544545;39.2;19.6
27;2021-05-30;392;255;1090660;544800;39.2;19.6
27;2021-05-31;13309;10926;1103969;555726;39.7;20.0
27;2021-06-01;16534;13432;1120503;569158;40.3;20.5
27;2021-06-02;16163;11451;1136666;580609;40.8;20.9
27;2021-06-03;17739;11863;1154405;592472;41.5;21.3
27;2021-06-04;16173;14614;1170578;607086;42.1;21.8
27;2021-06-05;8345;6757;1178923;613843;42.4;22.1
27;2021-06-06;1721;645;1180644;614488;42.4;22.1
27;2021-06-07;17430;13108;1198074;627596;43.0;22.6
27;2021-06-08;19669;15350;1217743;642946;43.8;23.1
27;2021-06-09;19054;12502;1236797;655448;44.4;23.6
27;2021-06-10;19013;13919;1255810;669367;45.1;24.1
27;2021-06-11;18117;17116;1273927;686483;45.8;24.7
27;2021-06-12;9473;7843;1283400;694326;46.1;24.9
27;2021-06-13;952;951;1284352;695277;46.1;25.0
27;2021-06-14;11055;17054;1295407;712331;46.5;25.6
27;2021-06-15;14126;17638;1309533;729969;47.1;26.2
27;2021-06-16;14685;15616;1324218;745585;47.6;26.8
27;2021-06-17;15155;17261;1339373;762846;48.1;27.4
27;2021-06-18;14776;20190;1354149;783036;48.7;28.1
27;2021-06-19;7669;8663;1361818;791699;48.9;28.4
27;2021-06-20;172;458;1361990;792157;48.9;28.5
27;2021-06-21;7764;19037;1369754;811194;49.2;29.1
27;2021-06-22;9556;24265;1379310;835459;49.6;30.0
27;2021-06-23;11259;19310;1390569;854769;50.0;30.7
27;2021-06-24;10496;17986;1401065;872755;50.3;31.4
27;2021-06-25;9349;27014;1410414;899769;50.7;32.3
27;2021-06-26;5072;15807;1415486;915576;50.9;32.9
27;2021-06-27;663;1886;1416149;917462;50.9;33.0
27;2021-06-28;6235;21974;1422384;939436;51.1;33.8
27;2021-06-29;7136;24622;1429520;964058;51.4;34.6
27;2021-06-30;8994;22738;1438514;986796;51.7;35.5
27;2021-07-01;9144;22488;1447658;1009284;52.0;36.3
27;2021-07-02;10584;20988;1458242;1030272;52.4;37.0
27;2021-07-03;4594;9285;1462836;1039557;52.6;37.4
27;2021-07-04;518;1063;1463354;1040620;52.6;37.4
27;2021-07-05;8621;17712;1471975;1058332;52.9;38.0
28;2020-12-27;0;0;0;0;0.0;0.0
28;2020-12-28;1;0;1;0;0.0;0.0
28;2020-12-29;2;0;3;0;0.0;0.0
28;2020-12-30;0;0;3;0;0.0;0.0
28;2020-12-31;1;0;4;0;0.0;0.0
28;2021-01-01;1;0;5;0;0.0;0.0
28;2021-01-02;1;0;6;0;0.0;0.0
28;2021-01-03;1;0;7;0;0.0;0.0
28;2021-01-04;16;0;23;0;0.0;0.0
28;2021-01-05;169;0;192;0;0.0;0.0
28;2021-01-06;1393;2;1585;2;0.0;0.0
28;2021-01-07;2600;9;4185;11;0.1;0.0
28;2021-01-08;3428;3;7613;14;0.2;0.0
28;2021-01-09;1331;3;8944;17;0.3;0.0
28;2021-01-10;705;1;9649;18;0.3;0.0
28;2021-01-11;3178;5;12827;23;0.4;0.0
28;2021-01-12;3977;3;16804;26;0.5;0.0
28;2021-01-13;4301;8;21105;34;0.6;0.0
28;2021-01-14;8098;74;29203;108;0.9;0.0
28;2021-01-15;6218;25;35421;133;1.1;0.0
28;2021-01-16;2087;10;37508;143;1.1;0.0
28;2021-01-17;4073;24;41581;167;1.3;0.0
28;2021-01-18;8785;17;50366;184;1.5;0.0
28;2021-01-19;7142;12;57508;196;1.7;0.0
28;2021-01-20;6509;11;64017;207;1.9;0.0
28;2021-01-21;5992;9;70009;216;2.1;0.0
28;2021-01-22;5440;12;75449;228;2.3;0.0
28;2021-01-23;2019;8;77468;236;2.3;0.0
28;2021-01-24;1447;10;78915;246;2.4;0.0
28;2021-01-25;6240;179;85155;425;2.6;0.0
28;2021-01-26;4577;394;89732;819;2.7;0.0
28;2021-01-27;4033;764;93765;1583;2.8;0.0
28;2021-01-28;3755;1046;97520;2629;3.0;0.1
28;2021-01-29;3488;1306;101008;3935;3.1;0.1
28;2021-01-30;1386;517;102394;4452;3.1;0.1
28;2021-01-31;195;126;102589;4578;3.1;0.1
28;2021-02-01;2782;1659;105371;6237;3.2;0.2
28;2021-02-02;2985;2389;108356;8626;3.3;0.3
28;2021-02-03;2948;2669;111304;11295;3.4;0.3
28;2021-02-04;3726;5201;115030;16496;3.5;0.5
28;2021-02-05;3887;4388;118917;20884;3.6;0.6
28;2021-02-06;1140;1549;120057;22433;3.6;0.7
28;2021-02-07;715;1974;120772;24407;3.7;0.7
28;2021-02-08;3802;6854;124574;31261;3.8;0.9
28;2021-02-09;3460;6027;128034;37288;3.9;1.1
28;2021-02-10;3454;5071;131488;42359;4.0;1.3
28;2021-02-11;4210;4896;135698;47255;4.1;1.4
28;2021-02-12;4042;4613;139740;51868;4.2;1.6
28;2021-02-13;1124;1575;140864;53443;4.3;1.6
28;2021-02-14;285;1387;141149;54830;4.3;1.7
28;2021-02-15;2212;6281;143361;61111;4.3;1.8
28;2021-02-16;2655;5658;146016;66769;4.4;2.0
28;2021-02-17;1949;4539;147965;71308;4.5;2.2
28;2021-02-18;2569;4286;150534;75594;4.6;2.3
28;2021-02-19;2548;3716;153082;79310;4.6;2.4
28;2021-02-20;945;1256;154027;80566;4.7;2.4
28;2021-02-21;103;414;154130;80980;4.7;2.5
28;2021-02-22;1666;4225;155796;85205;4.7;2.6
28;2021-02-23;2171;3840;157967;89045;4.8;2.7
28;2021-02-24;2372;3884;160339;92929;4.9;2.8
28;2021-02-25;4772;4195;165111;97124;5.0;2.9
28;2021-02-26;5961;3739;171072;100863;5.2;3.1
28;2021-02-27;3008;1030;174080;101893;5.3;3.1
28;2021-02-28;340;386;174420;102279;5.3;3.1
28;2021-03-01;2527;4643;176947;106922;5.4;3.2
28;2021-03-02;3900;4097;180847;111019;5.5;3.4
28;2021-03-03;4791;3475;185638;114494;5.6;3.5
28;2021-03-04;7305;2860;192943;117354;5.8;3.6
28;2021-03-05;10146;2500;203089;119854;6.1;3.6
28;2021-03-06;9809;794;212898;120648;6.4;3.7
28;2021-03-07;3772;127;216670;120775;6.6;3.7
28;2021-03-08;5867;3273;222537;124048;6.7;3.8
28;2021-03-09;9284;2815;231821;126863;7.0;3.8
28;2021-03-10;9803;2443;241624;129306;7.3;3.9
28;2021-03-11;13963;2016;255587;131322;7.7;4.0
28;2021-03-12;17992;1563;273579;132885;8.3;4.0
28;2021-03-13;11154;527;284733;133412;8.6;4.0
28;2021-03-14;2259;100;286992;133512;8.7;4.0
28;2021-03-15;8647;871;295639;134383;8.9;4.1
28;2021-03-16;7489;1189;303128;135572;9.2;4.1
28;2021-03-17;7719;1192;310847;136764;9.4;4.1
28;2021-03-18;8165;1372;319012;138136;9.7;4.2
28;2021-03-19;11564;1459;330576;139595;10.0;4.2
28;2021-03-20;9670;544;340246;140139;10.3;4.2
28;2021-03-21;2409;24;342655;140163;10.4;4.2
28;2021-03-22;9385;1632;352040;141795;10.7;4.3
28;2021-03-23;12484;1512;364524;143307;11.0;4.3
28;2021-03-24;13256;1595;377780;144902;11.4;4.4
28;2021-03-25;17618;1820;395398;146722;12.0;4.4
28;2021-03-26;20829;1887;416227;148609;12.6;4.5
28;2021-03-27;11498;1132;427725;149741;12.9;4.5
28;2021-03-28;2966;92;430691;149833;13.0;4.5
28;2021-03-29;11770;2962;442461;152795;13.4;4.6
28;2021-03-30;14419;3073;456880;155868;13.8;4.7
28;2021-03-31;14394;3570;471274;159438;14.3;4.8
28;2021-04-01;18036;5515;489310;164953;14.8;5.0
28;2021-04-02;16813;6371;506123;171324;15.3;5.2
28;2021-04-03;7004;3962;513127;175286;15.5;5.3
28;2021-04-04;1778;796;514905;176082;15.6;5.3
28;2021-04-05;3289;735;518194;176817;15.7;5.4
28;2021-04-06;10812;7363;529006;184180;16.0;5.6
28;2021-04-07;12693;6952;541699;191132;16.4;5.8
28;2021-04-08;17674;7526;559373;198658;16.9;6.0
28;2021-04-09;23820;7816;583193;206474;17.7;6.3
28;2021-04-10;13838;4117;597031;210591;18.1;6.4
28;2021-04-11;3027;1187;600058;211778;18.2;6.4
28;2021-04-12;13786;8012;613844;219790;18.6;6.7
28;2021-04-13;16181;8038;630025;227828;19.1;6.9
28;2021-04-14;14318;8008;644343;235836;19.5;7.1
28;2021-04-15;17224;8383;661567;244219;20.0;7.4
28;2021-04-16;20270;7819;681837;252038;20.6;7.6
28;2021-04-17;12747;5029;694584;257067;21.0;7.8
28;2021-04-18;2289;1238;696873;258305;21.1;7.8
28;2021-04-19;10866;8843;707739;267148;21.4;8.1
28;2021-04-20;13900;9758;721639;276906;21.8;8.4
28;2021-04-21;13282;9976;734921;286882;22.2;8.7
28;2021-04-22;15294;11886;750215;298768;22.7;9.0
28;2021-04-23;16432;12296;766647;311064;23.2;9.4
28;2021-04-24;12584;7272;779231;318336;23.6;9.6
28;2021-04-25;3293;1920;782524;320256;23.7;9.7
28;2021-04-26;12538;10176;795062;330432;24.1;10.0
28;2021-04-27;14863;11747;809925;342179;24.5;10.4
28;2021-04-28;15043;10697;824968;352876;25.0;10.7
28;2021-04-29;18451;11777;843419;364653;25.5;11.0
28;2021-04-30;20389;11898;863808;376551;26.1;11.4
28;2021-05-01;12809;2974;876617;379525;26.5;11.5
28;2021-05-02;5991;1837;882608;381362;26.7;11.5
28;2021-05-03;12855;9986;895463;391348;27.1;11.8
28;2021-05-04;13815;13124;909278;404472;27.5;12.2
28;2021-05-05;13942;14495;923220;418967;27.9;12.7
28;2021-05-06;18308;15088;941528;434055;28.5;13.1
28;2021-05-07;17836;17398;959364;451453;29.0;13.7
28;2021-05-08;12625;4709;971989;456162;29.4;13.8
28;2021-05-09;7150;1827;979139;457989;29.6;13.9
28;2021-05-10;14203;14800;993342;472789;30.1;14.3
28;2021-05-11;18106;15329;1011448;488118;30.6;14.8
28;2021-05-12;18789;13970;1030237;502088;31.2;15.2
28;2021-05-13;19679;3736;1049916;505824;31.8;15.3
28;2021-05-14;26360;12516;1076276;518340;32.6;15.7
28;2021-05-15;26940;7114;1103216;525454;33.4;15.9
28;2021-05-16;14144;1585;1117360;527039;33.8;16.0
28;2021-05-17;16217;9450;1133577;536489;34.3;16.2
28;2021-05-18;21091;8798;1154668;545287;35.0;16.5
28;2021-05-19;20905;8539;1175573;553826;35.6;16.8
28;2021-05-20;23143;9690;1198716;563516;36.3;17.1
28;2021-05-21;21447;12126;1220163;575642;36.9;17.4
28;2021-05-22;17597;6017;1237760;581659;37.5;17.6
28;2021-05-23;9137;969;1246897;582628;37.7;17.6
28;2021-05-24;13428;3202;1260325;585830;38.2;17.7
28;2021-05-25;19179;11633;1279504;597463;38.7;18.1
28;2021-05-26;19333;10049;1298837;607512;39.3;18.4
28;2021-05-27;21727;12423;1320564;619935;40.0;18.8
28;2021-05-28;21604;16545;1342168;636480;40.6;19.3
28;2021-05-29;17560;10194;1359728;646674;41.2;19.6
28;2021-05-30;6272;1273;1366000;647947;41.4;19.6
28;2021-05-31;19863;11946;1385863;659893;42.0;20.0
28;2021-06-01;23729;13866;1409592;673759;42.7;20.4
28;2021-06-02;20808;12343;1430400;686102;43.3;20.8
28;2021-06-03;26450;14682;1456850;700784;44.1;21.2
28;2021-06-04;24577;18944;1481427;719728;44.8;21.8
28;2021-06-05;18359;12072;1499786;731800;45.4;22.2
28;2021-06-06;7670;2407;1507456;734207;45.6;22.2
28;2021-06-07;19224;14194;1526680;748401;46.2;22.7
28;2021-06-08;22624;15562;1549304;763963;46.9;23.1
28;2021-06-09;19745;14675;1569049;778638;47.5;23.6
28;2021-06-10;21201;14803;1590250;793441;48.1;24.0
28;2021-06-11;21017;21159;1611267;814600;48.8;24.7
28;2021-06-12;17911;17142;1629178;831742;49.3;25.2
28;2021-06-13;6341;5895;1635519;837637;49.5;25.4
28;2021-06-14;13885;17761;1649404;855398;49.9;25.9
28;2021-06-15;16208;18738;1665612;874136;50.4;26.5
28;2021-06-16;16679;18597;1682291;892733;50.9;27.0
28;2021-06-17;17227;20505;1699518;913238;51.4;27.6
28;2021-06-18;18505;24435;1718023;937673;52.0;28.4
28;2021-06-19;14788;15814;1732811;953487;52.5;28.9
28;2021-06-20;4981;5134;1737792;958621;52.6;29.0
28;2021-06-21;11294;20753;1749086;979374;52.9;29.6
28;2021-06-22;12730;23868;1761816;1003242;53.3;30.4
28;2021-06-23;11896;23636;1773712;1026878;53.7;31.1
28;2021-06-24;12637;24481;1786349;1051359;54.1;31.8
28;2021-06-25;12439;29446;1798788;1080805;54.5;32.7
28;2021-06-26;9211;23418;1807999;1104223;54.7;33.4
28;2021-06-27;2906;10118;1810905;1114341;54.8;33.7
28;2021-06-28;8215;22921;1819120;1137262;55.1;34.4
28;2021-06-29;9796;26206;1828916;1163468;55.4;35.2
28;2021-06-30;11112;24388;1840028;1187856;55.7;36.0
28;2021-07-01;12146;23770;1852174;1211626;56.1;36.7
28;2021-07-02;11050;29687;1863224;1241313;56.4;37.6
28;2021-07-03;8074;21162;1871298;1262475;56.6;38.2
28;2021-07-04;2907;9131;1874205;1271606;56.7;38.5
28;2021-07-05;8296;22800;1882501;1294406;57.0;39.2
32;2020-12-27;1;0;1;0;0.0;0.0
32;2020-12-28;27;0;28;0;0.0;0.0
32;2020-12-29;12;0;40;0;0.0;0.0
32;2020-12-30;0;0;40;0;0.0;0.0
32;2020-12-31;0;0;40;0;0.0;0.0
32;2021-01-01;1;0;41;0;0.0;0.0
32;2021-01-02;6;0;47;0;0.0;0.0
32;2021-01-03;4;0;51;0;0.0;0.0
32;2021-01-04;82;0;133;0;0.0;0.0
32;2021-01-05;300;0;433;0;0.0;0.0
32;2021-01-06;788;2;1221;2;0.0;0.0
32;2021-01-07;2431;4;3652;6;0.1;0.0
32;2021-01-08;3167;9;6819;15;0.1;0.0
32;2021-01-09;957;4;7776;19;0.1;0.0
32;2021-01-10;641;0;8417;19;0.1;0.0
32;2021-01-11;3269;6;11686;25;0.2;0.0
32;2021-01-12;5023;7;16709;32;0.3;0.0
32;2021-01-13;4942;11;21651;43;0.4;0.0
32;2021-01-14;5723;47;27374;90;0.5;0.0
32;2021-01-15;5228;29;32602;119;0.5;0.0
32;2021-01-16;1637;11;34239;130;0.6;0.0
32;2021-01-17;860;3;35099;133;0.6;0.0
32;2021-01-18;7234;22;42333;155;0.7;0.0
32;2021-01-19;9899;38;52232;193;0.9;0.0
32;2021-01-20;10368;29;62600;222;1.0;0.0
32;2021-01-21;12715;47;75315;269;1.3;0.0
32;2021-01-22;9883;28;85198;297;1.4;0.0
32;2021-01-23;3412;5;88610;302;1.5;0.0
32;2021-01-24;1119;3;89729;305;1.5;0.0
32;2021-01-25;6867;88;96596;393;1.6;0.0
32;2021-01-26;7447;184;104043;577;1.7;0.0
32;2021-01-27;4837;512;108880;1089;1.8;0.0
32;2021-01-28;8598;1691;117478;2780;2.0;0.0
32;2021-01-29;5385;1861;122863;4641;2.1;0.1
32;2021-01-30;534;409;123397;5050;2.1;0.1
32;2021-01-31;67;74;123464;5124;2.1;0.1
32;2021-02-01;192;1812;123656;6936;2.1;0.1
32;2021-02-02;787;3164;124443;10100;2.1;0.2
32;2021-02-03;4076;3189;128519;13289;2.2;0.2
32;2021-02-04;3687;3615;132206;16904;2.2;0.3
32;2021-02-05;1962;3278;134168;20182;2.3;0.3
32;2021-02-06;517;874;134685;21056;2.3;0.4
32;2021-02-07;541;102;135226;21158;2.3;0.4
32;2021-02-08;1865;3677;137091;24835;2.3;0.4
32;2021-02-09;2550;4357;139641;29192;2.3;0.5
32;2021-02-10;2984;5338;142625;34530;2.4;0.6
32;2021-02-11;4781;6197;147406;40727;2.5;0.7
32;2021-02-12;5093;4680;152499;45407;2.6;0.8
32;2021-02-13;939;1890;153438;47297;2.6;0.8
32;2021-02-14;116;711;153554;48008;2.6;0.8
32;2021-02-15;3615;6917;157169;54925;2.6;0.9
32;2021-02-16;4028;8226;161197;63151;2.7;1.1
32;2021-02-17;4303;8706;165500;71857;2.8;1.2
32;2021-02-18;7041;11400;172541;83257;2.9;1.4
32;2021-02-19;7084;8308;179625;91565;3.0;1.5
32;2021-02-20;2518;3008;182143;94573;3.1;1.6
32;2021-02-21;434;492;182577;95065;3.1;1.6
32;2021-02-22;3262;5325;185839;100390;3.1;1.7
32;2021-02-23;5505;5909;191344;106299;3.2;1.8
32;2021-02-24;7445;6069;198789;112368;3.3;1.9
32;2021-02-25;12833;5036;211622;117404;3.5;2.0
32;2021-02-26;12544;2902;224166;120306;3.8;2.0
32;2021-02-27;6493;325;230659;120631;3.9;2.0
32;2021-02-28;364;134;231023;120765;3.9;2.0
32;2021-03-01;7246;870;238269;121635;4.0;2.0
32;2021-03-02;10963;1003;249232;122638;4.2;2.1
32;2021-03-03;11997;1760;261229;124398;4.4;2.1
32;2021-03-04;15104;2460;276333;126858;4.6;2.1
32;2021-03-05;17128;2134;293461;128992;4.9;2.2
32;2021-03-06;28100;1078;321561;130070;5.4;2.2
32;2021-03-07;19863;515;341424;130585;5.7;2.2
32;2021-03-08;8925;2564;350349;133149;5.9;2.2
32;2021-03-09;14295;3301;364644;136450;6.1;2.3
32;2021-03-10;15772;3250;380416;139700;6.4;2.3
32;2021-03-11;20925;4748;401341;144448;6.7;2.4
32;2021-03-12;26070;4281;427411;148729;7.2;2.5
32;2021-03-13;41625;2065;469036;150794;7.9;2.5
32;2021-03-14;20099;608;489135;151402;8.2;2.5
32;2021-03-15;13055;3594;502190;154996;8.4;2.6
32;2021-03-16;9790;3456;511980;158452;8.6;2.7
32;2021-03-17;9713;4082;521693;162534;8.7;2.7
32;2021-03-18;10017;5004;531710;167538;8.9;2.8
32;2021-03-19;17947;3828;549657;171366;9.2;2.9
32;2021-03-20;36503;2005;586160;173371;9.8;2.9
32;2021-03-21;19840;801;606000;174172;10.2;2.9
32;2021-03-22;12153;4280;618153;178452;10.4;3.0
32;2021-03-23;18927;5903;637080;184355;10.7;3.1
32;2021-03-24;17930;6150;655010;190505;11.0;3.2
32;2021-03-25;25304;5728;680314;196233;11.4;3.3
32;2021-03-26;28989;5921;709303;202154;11.9;3.4
32;2021-03-27;36683;2197;745986;204351;12.5;3.4
32;2021-03-28;18646;645;764632;204996;12.8;3.4
32;2021-03-29;14577;7015;779209;212011;13.1;3.6
32;2021-03-30;18875;8621;798084;220632;13.4;3.7
32;2021-03-31;15795;9297;813879;229929;13.6;3.9
32;2021-04-01;18224;11008;832103;240937;14.0;4.0
32;2021-04-02;19973;12523;852076;253460;14.3;4.3
32;2021-04-03;30031;10166;882107;263626;14.8;4.4
32;2021-04-04;11654;4734;893761;268360;15.0;4.5
32;2021-04-05;9597;2343;903358;270703;15.2;4.5
32;2021-04-06;14274;10837;917632;281540;15.4;4.7
32;2021-04-07;18082;12535;935714;294075;15.7;4.9
32;2021-04-08;23513;12965;959227;307040;16.1;5.1
32;2021-04-09;29952;13139;989179;320179;16.6;5.4
32;2021-04-10;26170;18797;1015349;338976;17.0;5.7
32;2021-04-11;9149;12000;1024498;350976;17.2;5.9
32;2021-04-12;15395;9480;1039893;360456;17.4;6.0
32;2021-04-13;21787;11577;1061680;372033;17.8;6.2
32;2021-04-14;22486;11131;1084166;383164;18.2;6.4
32;2021-04-15;25737;11139;1109903;394303;18.6;6.6
32;2021-04-16;25318;12436;1135221;406739;19.0;6.8
32;2021-04-17;17994;22947;1153215;429686;19.3;7.2
32;2021-04-18;6390;14027;1159605;443713;19.4;7.4
32;2021-04-19;11657;9790;1171262;453503;19.6;7.6
32;2021-04-20;16408;12254;1187670;465757;19.9;7.8
32;2021-04-21;15789;12495;1203459;478252;20.2;8.0
32;2021-04-22;19030;15009;1222489;493261;20.5;8.3
32;2021-04-23;19646;15941;1242135;509202;20.8;8.5
32;2021-04-24;15461;21014;1257596;530216;21.1;8.9
32;2021-04-25;6961;12284;1264557;542500;21.2;9.1
32;2021-04-26;13211;10707;1277768;553207;21.4;9.3
32;2021-04-27;18691;14118;1296459;567325;21.7;9.5
32;2021-04-28;20192;16043;1316651;583368;22.1;9.8
32;2021-04-29;22400;19938;1339051;603306;22.5;10.1
32;2021-04-30;25009;21565;1364060;624871;22.9;10.5
32;2021-05-01;23034;13939;1387094;638810;23.3;10.7
32;2021-05-02;20947;10332;1408041;649142;23.6;10.9
32;2021-05-03;21931;11298;1429972;660440;24.0;11.1
32;2021-05-04;23844;16293;1453816;676733;24.4;11.3
32;2021-05-05;23941;17428;1477757;694161;24.8;11.6
32;2021-05-06;25725;19921;1503482;714082;25.2;12.0
32;2021-05-07;30731;21498;1534213;735580;25.7;12.3
32;2021-05-08;34590;9104;1568803;744684;26.3;12.5
32;2021-05-09;26798;6518;1595601;751202;26.8;12.6
32;2021-05-10;24216;16155;1619817;767357;27.2;12.9
32;2021-05-11;31304;19108;1651121;786465;27.7;13.2
32;2021-05-12;37282;18846;1688403;805311;28.3;13.5
32;2021-05-13;40526;7372;1728929;812683;29.0;13.6
32;2021-05-14;41781;14637;1770710;827320;29.7;13.9
32;2021-05-15;59652;12224;1830362;839544;30.7;14.1
32;2021-05-16;47882;4893;1878244;844437;31.5;14.2
32;2021-05-17;31463;10993;1909707;855430;32.0;14.3
32;2021-05-18;36821;12562;1946528;867992;32.6;14.6
32;2021-05-19;38842;11681;1985370;879673;33.3;14.8
32;2021-05-20;39800;14977;2025170;894650;34.0;15.0
32;2021-05-21;42390;17067;2067560;911717;34.7;15.3
32;2021-05-22;57871;13165;2125431;924882;35.6;15.5
32;2021-05-23;38980;4451;2164411;929333;36.3;15.6
32;2021-05-24;28528;3870;2192939;933203;36.8;15.7
32;2021-05-25;31129;14949;2224068;948152;37.3;15.9
32;2021-05-26;34165;16835;2258233;964987;37.9;16.2
32;2021-05-27;34672;20721;2292905;985708;38.5;16.5
32;2021-05-28;34289;25182;2327194;1010890;39.0;17.0
32;2021-05-29;37436;19649;2364630;1030539;39.7;17.3
32;2021-05-30;16103;3522;2380733;1034061;39.9;17.3
32;2021-05-31;27898;16518;2408631;1050579;40.4;17.6
32;2021-06-01;32766;23991;2441397;1074570;40.9;18.0
32;2021-06-02;32250;21723;2473647;1096293;41.5;18.4
32;2021-06-03;34338;25042;2507985;1121335;42.1;18.8
32;2021-06-04;35883;27689;2543868;1149024;42.7;19.3
32;2021-06-05;34390;22744;2578258;1171768;43.2;19.7
32;2021-06-06;16526;5707;2594784;1177475;43.5;19.7
32;2021-06-07;21177;19360;2615961;1196835;43.9;20.1
32;2021-06-08;26296;24383;2642257;1221218;44.3;20.5
32;2021-06-09;24365;24437;2666622;1245655;44.7;20.9
32;2021-06-10;24965;26523;2691587;1272178;45.1;21.3
32;2021-06-11;26333;36123;2717920;1308301;45.6;21.9
32;2021-06-12;25980;31570;2743900;1339871;46.0;22.5
32;2021-06-13;11804;14831;2755704;1354702;46.2;22.7
32;2021-06-14;13222;28091;2768926;1382793;46.4;23.2
32;2021-06-15;19596;34632;2788522;1417425;46.8;23.8
32;2021-06-16;20491;32497;2809013;1449922;47.1;24.3
32;2021-06-17;21400;35007;2830413;1484929;47.5;24.9
32;2021-06-18;21556;42636;2851969;1527565;47.8;25.6
32;2021-06-19;22587;43848;2874556;1571413;48.2;26.4
32;2021-06-20;9216;19127;2883772;1590540;48.4;26.7
32;2021-06-21;11373;34875;2895145;1625415;48.6;27.3
32;2021-06-22;13682;41845;2908827;1667260;48.8;28.0
32;2021-06-23;14330;43563;2923157;1710823;49.0;28.7
32;2021-06-24;15326;45802;2938483;1756625;49.3;29.5
32;2021-06-25;14742;53449;2953225;1810074;49.5;30.4
32;2021-06-26;14988;59583;2968213;1869657;49.8;31.4
32;2021-06-27;7458;33878;2975671;1903535;49.9;31.9
32;2021-06-28;10361;39079;2986032;1942614;50.1;32.6
32;2021-06-29;13178;44812;2999210;1987426;50.3;33.3
32;2021-06-30;14910;44149;3014120;2031575;50.5;34.1
32;2021-07-01;15482;44759;3029602;2076334;50.8;34.8
32;2021-07-02;16237;52115;3045839;2128449;51.1;35.7
32;2021-07-03;13121;60045;3058960;2188494;51.3;36.7
32;2021-07-04;7785;31704;3066745;2220198;51.4;37.2
32;2021-07-05;11087;35598;3077832;2255796;51.6;37.8
44;2020-12-27;0;0;0;0;0.0;0.0
44;2020-12-28;0;0;0;0;0.0;0.0
44;2020-12-29;0;0;0;0;0.0;0.0
44;2020-12-30;1;0;1;0;0.0;0.0
44;2020-12-31;11;0;12;0;0.0;0.0
44;2021-01-01;2;0;14;0;0.0;0.0
44;2021-01-02;3;0;17;0;0.0;0.0
44;2021-01-03;3;0;20;0;0.0;0.0
44;2021-01-04;243;0;263;0;0.0;0.0
44;2021-01-05;771;0;1034;0;0.0;0.0
44;2021-01-06;1246;3;2280;3;0.0;0.0
44;2021-01-07;2426;4;4706;7;0.1;0.0
44;2021-01-08;3134;10;7840;17;0.1;0.0
44;2021-01-09;945;1;8785;18;0.2;0.0
44;2021-01-10;241;0;9026;18;0.2;0.0
44;2021-01-11;2990;7;12016;25;0.2;0.0
44;2021-01-12;5279;9;17295;34;0.3;0.0
44;2021-01-13;7666;20;24961;54;0.5;0.0
44;2021-01-14;9555;82;34516;136;0.6;0.0
44;2021-01-15;6706;28;41222;164;0.7;0.0
44;2021-01-16;1917;9;43139;173;0.8;0.0
44;2021-01-17;902;1;44041;174;0.8;0.0
44;2021-01-18;8719;27;52760;201;1.0;0.0
44;2021-01-19;10670;18;63430;219;1.2;0.0
44;2021-01-20;11030;48;74460;267;1.4;0.0
44;2021-01-21;11734;26;86194;293;1.6;0.0
44;2021-01-22;9635;31;95829;324;1.7;0.0
44;2021-01-23;3287;20;99116;344;1.8;0.0
44;2021-01-24;1569;4;100685;348;1.8;0.0
44;2021-01-25;6683;304;107368;652;1.9;0.0
44;2021-01-26;5644;435;113012;1087;2.1;0.0
44;2021-01-27;7380;605;120392;1692;2.2;0.0
44;2021-01-28;8831;1250;129223;2942;2.3;0.1
44;2021-01-29;6759;1803;135982;4745;2.5;0.1
44;2021-01-30;2549;495;138531;5240;2.5;0.1
44;2021-01-31;1252;55;139783;5295;2.5;0.1
44;2021-02-01;6386;2379;146169;7674;2.7;0.1
44;2021-02-02;6214;3810;152383;11484;2.8;0.2
44;2021-02-03;5600;4552;157983;16036;2.9;0.3
44;2021-02-04;6456;6967;164439;23003;3.0;0.4
44;2021-02-05;6392;5232;170831;28235;3.1;0.5
44;2021-02-06;1972;1204;172803;29439;3.1;0.5
44;2021-02-07;406;595;173209;30034;3.1;0.5
44;2021-02-08;3824;4467;177033;34501;3.2;0.6
44;2021-02-09;5720;5841;182753;40342;3.3;0.7
44;2021-02-10;6253;6020;189006;46362;3.4;0.8
44;2021-02-11;7064;6565;196070;52927;3.6;1.0
44;2021-02-12;7278;5554;203348;58481;3.7;1.1
44;2021-02-13;2545;1259;205893;59740;3.7;1.1
44;2021-02-14;1612;825;207505;60565;3.8;1.1
44;2021-02-15;4005;7210;211510;67775;3.8;1.2
44;2021-02-16;4564;7930;216074;75705;3.9;1.4
44;2021-02-17;4711;8475;220785;84180;4.0;1.5
44;2021-02-18;6070;9254;226855;93434;4.1;1.7
44;2021-02-19;5546;7509;232401;100943;4.2;1.8
44;2021-02-20;2339;2839;234740;103782;4.3;1.9
44;2021-02-21;542;1400;235282;105182;4.3;1.9
44;2021-02-22;4487;7022;239769;112204;4.4;2.0
44;2021-02-23;6029;7250;245798;119454;4.5;2.2
44;2021-02-24;6603;5923;252401;125377;4.6;2.3
44;2021-02-25;10543;7531;262944;132908;4.8;2.4
44;2021-02-26;12376;6364;275320;139272;5.0;2.5
44;2021-02-27;7891;2168;283211;141440;5.1;2.6
44;2021-02-28;2118;517;285329;141957;5.2;2.6
44;2021-03-01;6080;4674;291409;146631;5.3;2.7
44;2021-03-02;9392;5669;300801;152300;5.5;2.8
44;2021-03-03;11270;5600;312071;157900;5.7;2.9
44;2021-03-04;13265;5804;325336;163704;5.9;3.0
44;2021-03-05;17893;5708;343229;169412;6.2;3.1
44;2021-03-06;21360;2178;364589;171590;6.6;3.1
44;2021-03-07;12203;752;376792;172342;6.8;3.1
44;2021-03-08;9414;4272;386206;176614;7.0;3.2
44;2021-03-09;15198;4986;401404;181600;7.3;3.3
44;2021-03-10;16601;5199;418005;186799;7.6;3.4
44;2021-03-11;20351;5681;438356;192480;8.0;3.5
44;2021-03-12;26811;5535;465167;198015;8.4;3.6
44;2021-03-13;24220;2428;489387;200443;8.9;3.6
44;2021-03-14;6765;888;496152;201331;9.0;3.7
44;2021-03-15;12956;3468;509108;204799;9.2;3.7
44;2021-03-16;12837;3970;521945;208769;9.5;3.8
44;2021-03-17;14194;3649;536139;212418;9.7;3.9
44;2021-03-18;15408;3784;551547;216202;10.0;3.9
44;2021-03-19;21415;3922;572962;220124;10.4;4.0
44;2021-03-20;15565;1967;588527;222091;10.7;4.0
44;2021-03-21;4619;295;593146;222386;10.8;4.0
44;2021-03-22;12522;3926;605668;226312;11.0;4.1
44;2021-03-23;19444;5072;625112;231384;11.3;4.2
44;2021-03-24;22048;5197;647160;236581;11.7;4.3
44;2021-03-25;28203;5788;675363;242369;12.3;4.4
44;2021-03-26;30498;5499;705861;247868;12.8;4.5
44;2021-03-27;16231;4700;722092;252568;13.1;4.6
44;2021-03-28;4078;1974;726170;254542;13.2;4.6
44;2021-03-29;14308;6118;740478;260660;13.4;4.7
44;2021-03-30;21416;7819;761894;268479;13.8;4.9
44;2021-03-31;20123;7990;782017;276469;14.2;5.0
44;2021-04-01;23567;9327;805584;285796;14.6;5.2
44;2021-04-02;16239;6915;821823;292711;14.9;5.3
44;2021-04-03;10189;5763;832012;298474;15.1;5.4
44;2021-04-04;3134;1654;835146;300128;15.2;5.4
44;2021-04-05;4425;1413;839571;301541;15.2;5.5
44;2021-04-06;13421;10537;852992;312078;15.5;5.7
44;2021-04-07;17667;12099;870659;324177;15.8;5.9
44;2021-04-08;26024;12400;896683;336577;16.3;6.1
44;2021-04-09;32266;12739;928949;349316;16.9;6.3
44;2021-04-10;18273;10057;947222;359373;17.2;6.5
44;2021-04-11;3030;5954;950252;365327;17.2;6.6
44;2021-04-12;16955;11227;967207;376554;17.5;6.8
44;2021-04-13;21978;13752;989185;390306;17.9;7.1
44;2021-04-14;23121;14066;1012306;404372;18.4;7.3
44;2021-04-15;26289;15351;1038595;419723;18.8;7.6
44;2021-04-16;28112;15210;1066707;434933;19.4;7.9
44;2021-04-17;19828;9050;1086535;443983;19.7;8.1
44;2021-04-18;5053;4631;1091588;448614;19.8;8.1
44;2021-04-19;16927;11729;1108515;460343;20.1;8.4
44;2021-04-20;19109;14282;1127624;474625;20.5;8.6
44;2021-04-21;21139;14948;1148763;489573;20.8;8.9
44;2021-04-22;23702;15877;1172465;505450;21.3;9.2
44;2021-04-23;27809;16566;1200274;522016;21.8;9.5
44;2021-04-24;16977;9155;1217251;531171;22.1;9.6
44;2021-04-25;4827;3563;1222078;534734;22.2;9.7
44;2021-04-26;16707;12005;1238785;546739;22.5;9.9
44;2021-04-27;21159;14606;1259944;561345;22.9;10.2
44;2021-04-28;23808;14818;1283752;576163;23.3;10.5
44;2021-04-29;28155;16991;1311907;593154;23.8;10.8
44;2021-04-30;33113;16060;1345020;609214;24.4;11.1
44;2021-05-01;14847;7017;1359867;616231;24.7;11.2
44;2021-05-02;7903;3992;1367770;620223;24.8;11.3
44;2021-05-03;24007;12349;1391777;632572;25.3;11.5
44;2021-05-04;26964;17292;1418741;649864;25.7;11.8
44;2021-05-05;30807;19157;1449548;669021;26.3;12.1
44;2021-05-06;37982;21110;1487530;690131;27.0;12.5
44;2021-05-07;36130;24778;1523660;714909;27.6;13.0
44;2021-05-08;19565;6711;1543225;721620;28.0;13.1
44;2021-05-09;11302;2905;1554527;724525;28.2;13.1
44;2021-05-10;24493;20773;1579020;745298;28.6;13.5
44;2021-05-11;34420;22904;1613440;768202;29.3;13.9
44;2021-05-12;37111;24010;1650551;792212;29.9;14.4
44;2021-05-13;27880;6372;1678431;798584;30.5;14.5
44;2021-05-14;44199;18895;1722630;817479;31.3;14.8
44;2021-05-15;34027;14086;1756657;831565;31.9;15.1
44;2021-05-16;15604;3508;1772261;835073;32.2;15.2
44;2021-05-17;27202;14533;1799463;849606;32.6;15.4
44;2021-05-18;35275;15280;1834738;864886;33.3;15.7
44;2021-05-19;36916;16407;1871654;881293;34.0;16.0
44;2021-05-20;40921;16472;1912575;897765;34.7;16.3
44;2021-05-21;42904;20910;1955479;918675;35.5;16.7
44;2021-05-22;27759;11599;1983238;930274;36.0;16.9
44;2021-05-23;8691;1716;1991929;931990;36.1;16.9
44;2021-05-24;17959;4673;2009888;936663;36.5;17.0
44;2021-05-25;30389;17631;2040277;954294;37.0;17.3
44;2021-05-26;32508;19511;2072785;973805;37.6;17.7
44;2021-05-27;34544;20860;2107329;994665;38.2;18.0
44;2021-05-28;37497;27798;2144826;1022463;38.9;18.6
44;2021-05-29;26786;20114;2171612;1042577;39.4;18.9
44;2021-05-30;6125;4208;2177737;1046785;39.5;19.0
44;2021-05-31;27006;19693;2204743;1066478;40.0;19.3
44;2021-06-01;31534;22862;2236277;1089340;40.6;19.8
44;2021-06-02;33583;22900;2269860;1112240;41.2;20.2
44;2021-06-03;34579;25253;2304439;1137493;41.8;20.6
44;2021-06-04;39966;32132;2344405;1169625;42.5;21.2
44;2021-06-05;23053;20114;2367458;1189739;43.0;21.6
44;2021-06-06;8324;4448;2375782;1194187;43.1;21.7
44;2021-06-07;28107;22053;2403889;1216240;43.6;22.1
44;2021-06-08;33057;26687;2436946;1242927;44.2;22.6
44;2021-06-09;35622;24890;2472568;1267817;44.9;23.0
44;2021-06-10;34566;25619;2507134;1293436;45.5;23.5
44;2021-06-11;32336;35403;2539470;1328839;46.1;24.1
44;2021-06-12;25689;23448;2565159;1352287;46.5;24.5
44;2021-06-13;6771;6062;2571930;1358349;46.7;24.6
44;2021-06-14;17601;29573;2589531;1387922;47.0;25.2
44;2021-06-15;23583;34984;2613114;1422906;47.4;25.8
44;2021-06-16;24283;36629;2637397;1459535;47.9;26.5
44;2021-06-17;23752;39266;2661149;1498801;48.3;27.2
44;2021-06-18;26427;42996;2687576;1541797;48.8;28.0
44;2021-06-19;21005;28202;2708581;1569999;49.1;28.5
44;2021-06-20;3669;6648;2712250;1576647;49.2;28.6
44;2021-06-21;14786;34050;2727036;1610697;49.5;29.2
44;2021-06-22;15428;41569;2742464;1652266;49.8;30.0
44;2021-06-23;20061;41351;2762525;1693617;50.1;30.7
44;2021-06-24;16537;34237;2779062;1727854;50.4;31.3
44;2021-06-25;18881;49465;2797943;1777319;50.8;32.2
44;2021-06-26;14147;37340;2812090;1814659;51.0;32.9
44;2021-06-27;3413;11546;2815503;1826205;51.1;33.1
44;2021-06-28;11376;37422;2826879;1863627;51.3;33.8
44;2021-06-29;11878;41925;2838757;1905552;51.5;34.6
44;2021-06-30;14644;43436;2853401;1948988;51.8;35.4
44;2021-07-01;15337;39435;2868738;1988423;52.0;36.1
44;2021-07-02;16192;51507;2884930;2039930;52.3;37.0
44;2021-07-03;13123;31166;2898053;2071096;52.6;37.6
44;2021-07-04;3087;8701;2901140;2079797;52.6;37.7
44;2021-07-05;10087;36479;2911227;2116276;52.8;38.4
52;2020-12-27;0;0;0;0;0.0;0.0
52;2020-12-28;1;0;1;0;0.0;0.0
52;2020-12-29;0;0;1;0;0.0;0.0
52;2020-12-30;0;0;1;0;0.0;0.0
52;2020-12-31;0;0;1;0;0.0;0.0
52;2021-01-01;5;0;6;0;0.0;0.0
52;2021-01-02;1;0;7;0;0.0;0.0
52;2021-01-03;1;0;8;0;0.0;0.0
52;2021-01-04;34;0;42;0;0.0;0.0
52;2021-01-05;168;0;210;0;0.0;0.0
52;2021-01-06;384;1;594;1;0.0;0.0
52;2021-01-07;964;0;1558;1;0.0;0.0
52;2021-01-08;1664;3;3222;4;0.1;0.0
52;2021-01-09;1049;2;4271;6;0.1;0.0
52;2021-01-10;643;1;4914;7;0.1;0.0
52;2021-01-11;2197;0;7111;7;0.2;0.0
52;2021-01-12;3170;4;10281;11;0.3;0.0
52;2021-01-13;2983;4;13264;15;0.3;0.0
52;2021-01-14;3304;25;16568;40;0.4;0.0
52;2021-01-15;3016;10;19584;50;0.5;0.0
52;2021-01-16;896;5;20480;55;0.5;0.0
52;2021-01-17;499;4;20979;59;0.6;0.0
52;2021-01-18;3199;6;24178;65;0.6;0.0
52;2021-01-19;6555;9;30733;74;0.8;0.0
52;2021-01-20;8338;12;39071;86;1.0;0.0
52;2021-01-21;12170;13;51241;99;1.3;0.0
52;2021-01-22;7273;30;58514;129;1.5;0.0
52;2021-01-23;1678;4;60192;133;1.6;0.0
52;2021-01-24;174;0;60366;133;1.6;0.0
52;2021-01-25;3006;13;63372;146;1.7;0.0
52;2021-01-26;6736;153;70108;299;1.8;0.0
52;2021-01-27;7285;151;77393;450;2.0;0.0
52;2021-01-28;9728;469;87121;919;2.3;0.0
52;2021-01-29;5956;908;93077;1827;2.4;0.0
52;2021-01-30;1259;270;94336;2097;2.5;0.1
52;2021-01-31;79;314;94415;2411;2.5;0.1
52;2021-02-01;2521;1188;96936;3599;2.5;0.1
52;2021-02-02;2970;1856;99906;5455;2.6;0.1
52;2021-02-03;2686;2155;102592;7610;2.7;0.2
52;2021-02-04;2963;2112;105555;9722;2.8;0.3
52;2021-02-05;2965;2208;108520;11930;2.9;0.3
52;2021-02-06;1075;662;109595;12592;2.9;0.3
52;2021-02-07;151;297;109746;12889;2.9;0.3
52;2021-02-08;1929;2116;111675;15005;2.9;0.4
52;2021-02-09;3174;3722;114849;18727;3.0;0.5
52;2021-02-10;3318;4762;118167;23489;3.1;0.6
52;2021-02-11;6099;9296;124266;32785;3.3;0.9
52;2021-02-12;4704;5135;128970;37920;3.4;1.0
52;2021-02-13;1150;1244;130120;39164;3.4;1.0
52;2021-02-14;22;541;130142;39705;3.4;1.0
52;2021-02-15;2028;3523;132170;43228;3.5;1.1
52;2021-02-16;4121;6752;136291;49980;3.6;1.3
52;2021-02-17;3875;6932;140166;56912;3.7;1.5
52;2021-02-18;6140;9287;146306;66199;3.8;1.7
52;2021-02-19;5331;5842;151637;72041;4.0;1.9
52;2021-02-20;1028;1467;152665;73508;4.0;1.9
52;2021-02-21;7;274;152672;73782;4.0;1.9
52;2021-02-22;2647;3483;155319;77265;4.1;2.0
52;2021-02-23;3424;3691;158743;80956;4.2;2.1
52;2021-02-24;3304;3039;162047;83995;4.3;2.2
52;2021-02-25;6344;3214;168391;87209;4.4;2.3
52;2021-02-26;6214;2915;174605;90124;4.6;2.4
52;2021-02-27;2216;1046;176821;91170;4.7;2.4
52;2021-02-28;76;88;176897;91258;4.7;2.4
52;2021-03-01;3114;2329;180011;93587;4.7;2.5
52;2021-03-02;4723;3428;184734;97015;4.9;2.6
52;2021-03-03;5281;3407;190015;100422;5.0;2.6
52;2021-03-04;7794;4774;197809;105196;5.2;2.8
52;2021-03-05;9006;3932;206815;109128;5.4;2.9
52;2021-03-06;5637;1153;212452;110281;5.6;2.9
52;2021-03-07;2661;137;215113;110418;5.7;2.9
52;2021-03-08;5844;2414;220957;112832;5.8;3.0
52;2021-03-09;9546;3326;230503;116158;6.1;3.1
52;2021-03-10;9387;3369;239890;119527;6.3;3.1
52;2021-03-11;13572;5052;253462;124579;6.7;3.3
52;2021-03-12;15330;3737;268792;128316;7.1;3.4
52;2021-03-13;8287;766;277079;129082;7.3;3.4
52;2021-03-14;624;72;277703;129154;7.3;3.4
52;2021-03-15;8832;1912;286535;131066;7.5;3.4
52;2021-03-16;7573;2610;294108;133676;7.7;3.5
52;2021-03-17;6457;2379;300565;136055;7.9;3.6
52;2021-03-18;8304;2508;308869;138563;8.1;3.6
52;2021-03-19;11891;2137;320760;140700;8.4;3.7
52;2021-03-20;7087;766;327847;141466;8.6;3.7
52;2021-03-21;1689;48;329536;141514;8.7;3.7
52;2021-03-22;9013;2010;338549;143524;8.9;3.8
52;2021-03-23;13180;2598;351729;146122;9.3;3.8
52;2021-03-24;13257;2039;364986;148161;9.6;3.9
52;2021-03-25;18198;2810;383184;150971;10.1;4.0
52;2021-03-26;18934;2375;402118;153346;10.6;4.0
52;2021-03-27;7552;653;409670;153999;10.8;4.1
52;2021-03-28;2194;67;411864;154066;10.8;4.1
52;2021-03-29;10970;2721;422834;156787;11.1;4.1
52;2021-03-30;15680;3599;438514;160386;11.5;4.2
52;2021-03-31;13686;3280;452200;163666;11.9;4.3
52;2021-04-01;18869;3695;471069;167361;12.4;4.4
52;2021-04-02;17085;3515;488154;170876;12.8;4.5
52;2021-04-03;5515;1191;493669;172067;13.0;4.5
52;2021-04-04;1324;51;494993;172118;13.0;4.5
52;2021-04-05;1786;538;496779;172656;13.1;4.5
52;2021-04-06;11786;5239;508565;177895;13.4;4.7
52;2021-04-07;15188;5684;523753;183579;13.8;4.8
52;2021-04-08;21234;6367;544987;189946;14.3;5.0
52;2021-04-09;26662;5297;571649;195243;15.0;5.1
52;2021-04-10;10125;2365;581774;197608;15.3;5.2
52;2021-04-11;2569;433;584343;198041;15.4;5.2
52;2021-04-12;16332;6556;600675;204597;15.8;5.4
52;2021-04-13;20735;8149;621410;212746;16.3;5.6
52;2021-04-14;17657;6899;639067;219645;16.8;5.8
52;2021-04-15;21154;8012;660221;227657;17.4;6.0
52;2021-04-16;22588;7453;682809;235110;18.0;6.2
52;2021-04-17;9978;3037;692787;238147;18.2;6.3
52;2021-04-18;3037;1305;695824;239452;18.3;6.3
52;2021-04-19;14173;7805;709997;247257;18.7;6.5
52;2021-04-20;18262;9383;728259;256640;19.2;6.8
52;2021-04-21;15982;9181;744241;265821;19.6;7.0
52;2021-04-22;19420;10154;763661;275975;20.1;7.3
52;2021-04-23;20519;9983;784180;285958;20.6;7.5
52;2021-04-24;10021;4978;794201;290936;20.9;7.7
52;2021-04-25;3979;1950;798180;292886;21.0;7.7
52;2021-04-26;16825;9912;815005;302798;21.4;8.0
52;2021-04-27;21061;12550;836066;315348;22.0;8.3
52;2021-04-28;22757;10668;858823;326016;22.6;8.6
52;2021-04-29;25002;12681;883825;338697;23.2;8.9
52;2021-04-30;25640;12488;909465;351185;23.9;9.2
52;2021-05-01;8619;2482;918084;353667;24.1;9.3
52;2021-05-02;4300;1271;922384;354938;24.3;9.3
52;2021-05-03;19065;10617;941449;365555;24.8;9.6
52;2021-05-04;20063;14405;961512;379960;25.3;10.0
52;2021-05-05;20851;12756;982363;392716;25.8;10.3
52;2021-05-06;22463;13837;1004826;406553;26.4;10.7
52;2021-05-07;20689;18007;1025515;424560;27.0;11.2
52;2021-05-08;11228;2090;1036743;426650;27.3;11.2
52;2021-05-09;5406;2227;1042149;428877;27.4;11.3
52;2021-05-10;20780;17267;1062929;446144;28.0;11.7
52;2021-05-11;24880;19547;1087809;465691;28.6;12.2
52;2021-05-12;24808;17090;1112617;482781;29.3;12.7
52;2021-05-13;18579;2746;1131196;485527;29.8;12.8
52;2021-05-14;22746;12432;1153942;497959;30.4;13.1
52;2021-05-15;15650;5213;1169592;503172;30.8;13.2
52;2021-05-16;10289;1161;1179881;504333;31.0;13.3
52;2021-05-17;21126;14650;1201007;518983;31.6;13.7
52;2021-05-18;24830;15006;1225837;533989;32.2;14.0
52;2021-05-19;26819;11465;1252656;545454;32.9;14.3
52;2021-05-20;29346;12042;1282002;557496;33.7;14.7
52;2021-05-21;27366;13871;1309368;571367;34.4;15.0
52;2021-05-22;15424;4724;1324792;576091;34.8;15.2
52;2021-05-23;4479;1145;1329271;577236;35.0;15.2
52;2021-05-24;16026;2773;1345297;580009;35.4;15.3
52;2021-05-25;24451;14564;1369748;594573;36.0;15.6
52;2021-05-26;25215;12657;1394963;607230;36.7;16.0
52;2021-05-27;29084;14825;1424047;622055;37.5;16.4
52;2021-05-28;27916;17853;1451963;639908;38.2;16.8
52;2021-05-29;18340;7778;1470303;647686;38.7;17.0
52;2021-05-30;4230;1715;1474533;649401;38.8;17.1
52;2021-05-31;24414;15870;1498947;665271;39.4;17.5
52;2021-06-01;28815;17802;1527762;683073;40.2;18.0
52;2021-06-02;27476;15211;1555238;698284;40.9;18.4
52;2021-06-03;31728;16275;1586966;714559;41.7;18.8
52;2021-06-04;29221;20713;1616187;735272;42.5;19.3
52;2021-06-05;14540;11769;1630727;747041;42.9;19.6
52;2021-06-06;4781;3521;1635508;750562;43.0;19.7
52;2021-06-07;21712;20876;1657220;771438;43.6;20.3
52;2021-06-08;26445;22056;1683665;793494;44.3;20.9
52;2021-06-09;25656;18656;1709321;812150;45.0;21.4
52;2021-06-10;28727;17633;1738048;829783;45.7;21.8
52;2021-06-11;26963;24335;1765011;854118;46.4;22.5
52;2021-06-12;14594;11851;1779605;865969;46.8;22.8
52;2021-06-13;4384;4525;1783989;870494;46.9;22.9
52;2021-06-14;17604;25437;1801593;895931;47.4;23.6
52;2021-06-15;23699;25360;1825292;921291;48.0;24.2
52;2021-06-16;23275;22504;1848567;943795;48.6;24.8
52;2021-06-17;25906;23127;1874473;966922;49.3;25.4
52;2021-06-18;23240;28761;1897713;995683;49.9;26.2
52;2021-06-19;12436;14247;1910149;1009930;50.2;26.6
52;2021-06-20;3014;4418;1913163;1014348;50.3;26.7
52;2021-06-21;14818;28930;1927981;1043278;50.7;27.4
52;2021-06-22;17381;31824;1945362;1075102;51.2;28.3
52;2021-06-23;18406;27035;1963768;1102137;51.7;29.0
52;2021-06-24;20980;24131;1984748;1126268;52.2;29.6
52;2021-06-25;16629;31320;2001377;1157588;52.6;30.4
52;2021-06-26;8437;18096;2009814;1175684;52.9;30.9
52;2021-06-27;1335;7443;2011149;1183127;52.9;31.1
52;2021-06-28;10617;31161;2021766;1214288;53.2;31.9
52;2021-06-29;13436;34610;2035202;1248898;53.5;32.9
52;2021-06-30;13649;29130;2048851;1278028;53.9;33.6
52;2021-07-01;15982;29851;2064833;1307879;54.3;34.4
52;2021-07-02;14758;34383;2079591;1342262;54.7;35.3
52;2021-07-03;7249;19328;2086840;1361590;54.9;35.8
52;2021-07-04;1694;5314;2088534;1366904;54.9;36.0
52;2021-07-05;9543;31819;2098077;1398723;55.2;36.8
53;2020-12-27;0;0;0;0;0.0;0.0
53;2020-12-28;1;0;1;0;0.0;0.0
53;2020-12-29;0;0;1;0;0.0;0.0
53;2020-12-30;0;0;1;0;0.0;0.0
53;2020-12-31;0;0;1;0;0.0;0.0
53;2021-01-01;2;0;3;0;0.0;0.0
53;2021-01-02;4;0;7;0;0.0;0.0
53;2021-01-03;1;0;8;0;0.0;0.0
53;2021-01-04;43;0;51;0;0.0;0.0
53;2021-01-05;200;0;251;0;0.0;0.0
53;2021-01-06;331;1;582;1;0.0;0.0
53;2021-01-07;835;1;1417;2;0.0;0.0
53;2021-01-08;1214;2;2631;4;0.1;0.0
53;2021-01-09;34;0;2665;4;0.1;0.0
53;2021-01-10;4;0;2669;4;0.1;0.0
53;2021-01-11;1663;3;4332;7;0.1;0.0
53;2021-01-12;3381;1;7713;8;0.2;0.0
53;2021-01-13;3355;5;11068;13;0.3;0.0
53;2021-01-14;3812;31;14880;44;0.4;0.0
53;2021-01-15;3299;17;18179;61;0.5;0.0
53;2021-01-16;684;4;18863;65;0.6;0.0
53;2021-01-17;180;1;19043;66;0.6;0.0
53;2021-01-18;3363;7;22406;73;0.7;0.0
53;2021-01-19;8178;10;30584;83;0.9;0.0
53;2021-01-20;7060;4;37644;87;1.1;0.0
53;2021-01-21;11490;8;49134;95;1.5;0.0
53;2021-01-22;7820;13;56954;108;1.7;0.0
53;2021-01-23;1492;2;58446;110;1.7;0.0
53;2021-01-24;255;1;58701;111;1.8;0.0
53;2021-01-25;3056;35;61757;146;1.8;0.0
53;2021-01-26;4114;232;65871;378;2.0;0.0
53;2021-01-27;7238;324;73109;702;2.2;0.0
53;2021-01-28;7135;645;80244;1347;2.4;0.0
53;2021-01-29;4231;729;84475;2076;2.5;0.1
53;2021-01-30;844;43;85319;2119;2.6;0.1
53;2021-01-31;79;3;85398;2122;2.6;0.1
53;2021-02-01;2211;1026;87609;3148;2.6;0.1
53;2021-02-02;3436;2015;91045;5163;2.7;0.2
53;2021-02-03;3175;2185;94220;7348;2.8;0.2
53;2021-02-04;7097;2267;101317;9615;3.0;0.3
53;2021-02-05;5587;2135;106904;11750;3.2;0.4
53;2021-02-06;1202;276;108106;12026;3.2;0.4
53;2021-02-07;214;131;108320;12157;3.2;0.4
53;2021-02-08;1651;1531;109971;13688;3.3;0.4
53;2021-02-09;3977;5253;113948;18941;3.4;0.6
53;2021-02-10;3792;4648;117740;23589;3.5;0.7
53;2021-02-11;5737;8789;123477;32378;3.7;1.0
53;2021-02-12;5663;5251;129140;37629;3.9;1.1
53;2021-02-13;1232;851;130372;38480;3.9;1.2
53;2021-02-14;25;348;130397;38828;3.9;1.2
53;2021-02-15;2325;3581;132722;42409;4.0;1.3
53;2021-02-16;4052;3539;136774;45948;4.1;1.4
53;2021-02-17;4075;5371;140849;51319;4.2;1.5
53;2021-02-18;5952;5744;146801;57063;4.4;1.7
53;2021-02-19;5355;4853;152156;61916;4.6;1.9
53;2021-02-20;1189;892;153345;62808;4.6;1.9
53;2021-02-21;166;218;153511;63026;4.6;1.9
53;2021-02-22;2319;2828;155830;65854;4.7;2.0
53;2021-02-23;3947;3666;159777;69520;4.8;2.1
53;2021-02-24;4473;3784;164250;73304;4.9;2.2
53;2021-02-25;7949;7132;172199;80436;5.2;2.4
53;2021-02-26;8676;4406;180875;84842;5.4;2.5
53;2021-02-27;3448;1104;184323;85946;5.5;2.6
53;2021-02-28;228;194;184551;86140;5.5;2.6
53;2021-03-01;3479;2265;188030;88405;5.6;2.6
53;2021-03-02;5617;4459;193647;92864;5.8;2.8
53;2021-03-03;6446;3777;200093;96641;6.0;2.9
53;2021-03-04;9290;4917;209383;101558;6.3;3.0
53;2021-03-05;11911;5210;221294;106768;6.6;3.2
53;2021-03-06;5638;1020;226932;107788;6.8;3.2
53;2021-03-07;913;146;227845;107934;6.8;3.2
53;2021-03-08;5165;2206;233010;110140;7.0;3.3
53;2021-03-09;9663;2927;242673;113067;7.3;3.4
53;2021-03-10;9277;3364;251950;116431;7.5;3.5
53;2021-03-11;14303;4048;266253;120479;8.0;3.6
53;2021-03-12;18601;3263;284854;123742;8.5;3.7
53;2021-03-13;8812;950;293666;124692;8.8;3.7
53;2021-03-14;812;50;294478;124742;8.8;3.7
53;2021-03-15;6893;2031;301371;126773;9.0;3.8
53;2021-03-16;6985;3374;308356;130147;9.2;3.9
53;2021-03-17;8226;2798;316582;132945;9.5;4.0
53;2021-03-18;8716;4644;325298;137589;9.7;4.1
53;2021-03-19;12991;3615;338289;141204;10.1;4.2
53;2021-03-20;7128;817;345417;142021;10.3;4.3
53;2021-03-21;383;32;345800;142053;10.4;4.3
53;2021-03-22;7346;2159;353146;144212;10.6;4.3
53;2021-03-23;12989;3655;366135;147867;11.0;4.4
53;2021-03-24;14403;3227;380538;151094;11.4;4.5
53;2021-03-25;18288;3365;398826;154459;11.9;4.6
53;2021-03-26;20323;3204;419149;157663;12.5;4.7
53;2021-03-27;7409;1013;426558;158676;12.8;4.8
53;2021-03-28;528;84;427086;158760;12.8;4.8
53;2021-03-29;9800;3150;436886;161910;13.1;4.8
53;2021-03-30;15312;4589;452198;166499;13.5;5.0
53;2021-03-31;14150;4261;466348;170760;14.0;5.1
53;2021-04-01;18204;4269;484552;175029;14.5;5.2
53;2021-04-02;17899;4348;502451;179377;15.0;5.4
53;2021-04-03;6439;1427;508890;180804;15.2;5.4
53;2021-04-04;414;33;509304;180837;15.2;5.4
53;2021-04-05;1234;337;510538;181174;15.3;5.4
53;2021-04-06;12527;5666;523065;186840;15.7;5.6
53;2021-04-07;15021;5321;538086;192161;16.1;5.8
53;2021-04-08;20701;6087;558787;198248;16.7;5.9
53;2021-04-09;26676;5566;585463;203814;17.5;6.1
53;2021-04-10;10350;1719;595813;205533;17.8;6.2
53;2021-04-11;817;213;596630;205746;17.9;6.2
53;2021-04-12;15840;4899;612470;210645;18.3;6.3
53;2021-04-13;22697;7247;635167;217892;19.0;6.5
53;2021-04-14;19354;7912;654521;225804;19.6;6.8
53;2021-04-15;25368;8055;679889;233859;20.4;7.0
53;2021-04-16;26186;7534;706075;241393;21.1;7.2
53;2021-04-17;10400;3579;716475;244972;21.4;7.3
53;2021-04-18;1033;149;717508;245121;21.5;7.3
53;2021-04-19;15405;6523;732913;251644;21.9;7.5
53;2021-04-20;16924;9503;749837;261147;22.4;7.8
53;2021-04-21;16744;9434;766581;270581;22.9;8.1
53;2021-04-22;21758;10177;788339;280758;23.6;8.4
53;2021-04-23;21658;10070;809997;290828;24.2;8.7
53;2021-04-24;9988;4164;819985;294992;24.5;8.8
53;2021-04-25;911;333;820896;295325;24.6;8.8
53;2021-04-26;18232;8483;839128;303808;25.1;9.1
53;2021-04-27;19855;12052;858983;315860;25.7;9.5
53;2021-04-28;19947;10808;878930;326668;26.3;9.8
53;2021-04-29;23558;12272;902488;338940;27.0;10.1
53;2021-04-30;23904;12436;926392;351376;27.7;10.5
53;2021-05-01;5124;1638;931516;353014;27.9;10.6
53;2021-05-02;2798;522;934314;353536;28.0;10.6
53;2021-05-03;15713;9364;950027;362900;28.4;10.9
53;2021-05-04;15689;15802;965716;378702;28.9;11.3
53;2021-05-05;14939;14681;980655;393383;29.4;11.8
53;2021-05-06;19257;17844;999912;411227;29.9;12.3
53;2021-05-07;18641;18207;1018553;429434;30.5;12.9
53;2021-05-08;5486;1123;1024039;430557;30.7;12.9
53;2021-05-09;3512;860;1027551;431417;30.8;12.9
53;2021-05-10;16678;15216;1044229;446633;31.3;13.4
53;2021-05-11;18669;18712;1062898;465345;31.8;13.9
53;2021-05-12;21193;15621;1084091;480966;32.5;14.4
53;2021-05-13;9026;3952;1093117;484918;32.7;14.5
53;2021-05-14;21714;13721;1114831;498639;33.4;14.9
53;2021-05-15;13429;5339;1128260;503978;33.8;15.1
53;2021-05-16;3225;877;1131485;504855;33.9;15.1
53;2021-05-17;18189;11173;1149674;516028;34.4;15.4
53;2021-05-18;21042;12419;1170716;528447;35.0;15.8
53;2021-05-19;21672;10649;1192388;539096;35.7;16.1
53;2021-05-20;23944;14729;1216332;553825;36.4;16.6
53;2021-05-21;22928;15232;1239260;569057;37.1;17.0
53;2021-05-22;13200;5840;1252460;574897;37.5;17.2
53;2021-05-23;2995;315;1255455;575212;37.6;17.2
53;2021-05-24;14029;2507;1269484;577719;38.0;17.3
53;2021-05-25;19995;12830;1289479;590549;38.6;17.7
53;2021-05-26;19329;13794;1308808;604343;39.2;18.1
53;2021-05-27;22079;17430;1330887;621773;39.8;18.6
53;2021-05-28;21769;20405;1352656;642178;40.5;19.2
53;2021-05-29;12144;7339;1364800;649517;40.9;19.4
53;2021-05-30;2311;473;1367111;649990;40.9;19.5
53;2021-05-31;20689;14132;1387800;664122;41.5;19.9
53;2021-06-01;22957;16510;1410757;680632;42.2;20.4
53;2021-06-02;21788;14222;1432545;694854;42.9;20.8
53;2021-06-03;25051;16868;1457596;711722;43.6;21.3
53;2021-06-04;23107;22569;1480703;734291;44.3;22.0
53;2021-06-05;17313;9016;1498016;743307;44.8;22.3
53;2021-06-06;5005;1330;1503021;744637;45.0;22.3
53;2021-06-07;18388;17782;1521409;762419;45.5;22.8
53;2021-06-08;23380;18072;1544789;780491;46.2;23.4
53;2021-06-09;23629;15899;1568418;796390;47.0;23.8
53;2021-06-10;26810;16913;1595228;813303;47.8;24.3
53;2021-06-11;26203;21471;1621431;834774;48.5;25.0
53;2021-06-12;18605;7520;1640036;842294;49.1;25.2
53;2021-06-13;7795;3122;1647831;845416;49.3;25.3
53;2021-06-14;16030;19833;1663861;865249;49.8;25.9
53;2021-06-15;20054;20999;1683915;886248;50.4;26.5
53;2021-06-16;21166;18562;1705081;904810;51.0;27.1
53;2021-06-17;21888;20126;1726969;924936;51.7;27.7
53;2021-06-18;22226;25687;1749195;950623;52.4;28.5
53;2021-06-19;12832;9621;1762027;960244;52.7;28.7
53;2021-06-20;5453;2683;1767480;962927;52.9;28.8
53;2021-06-21;14583;22376;1782063;985303;53.3;29.5
53;2021-06-22;16985;24945;1799048;1010248;53.9;30.2
53;2021-06-23;16738;23554;1815786;1033802;54.4;30.9
53;2021-06-24;19027;21870;1834813;1055672;54.9;31.6
53;2021-06-25;15510;29061;1850323;1084733;55.4;32.5
53;2021-06-26;7138;13965;1857461;1098698;55.6;32.9
53;2021-06-27;3881;3323;1861342;1102021;55.7;33.0
53;2021-06-28;9636;24234;1870978;1126255;56.0;33.7
53;2021-06-29;11476;27393;1882454;1153648;56.4;34.5
53;2021-06-30;12078;26698;1894532;1180346;56.7;35.3
53;2021-07-01;14088;26930;1908620;1207276;57.1;36.1
53;2021-07-02;13112;31817;1921732;1239093;57.5;37.1
53;2021-07-03;6508;15399;1928240;1254492;57.7;37.6
53;2021-07-04;3850;4482;1932090;1258974;57.8;37.7
53;2021-07-05;8877;26584;1940967;1285558;58.1;38.5
75;2020-12-27;1;0;1;0;0.0;0.0
75;2020-12-28;2;0;3;0;0.0;0.0
75;2020-12-29;3;0;6;0;0.0;0.0
75;2020-12-30;2;0;8;0;0.0;0.0
75;2020-12-31;0;0;8;0;0.0;0.0
75;2021-01-01;4;0;12;0;0.0;0.0
75;2021-01-02;2;0;14;0;0.0;0.0
75;2021-01-03;0;0;14;0;0.0;0.0
75;2021-01-04;90;0;104;0;0.0;0.0
75;2021-01-05;124;0;228;0;0.0;0.0
75;2021-01-06;736;1;964;1;0.0;0.0
75;2021-01-07;4923;3;5887;4;0.1;0.0
75;2021-01-08;5470;6;11357;10;0.2;0.0
75;2021-01-09;845;1;12202;11;0.2;0.0
75;2021-01-10;478;0;12680;11;0.2;0.0
75;2021-01-11;3585;2;16265;13;0.3;0.0
75;2021-01-12;5947;6;22212;19;0.4;0.0
75;2021-01-13;6552;15;28764;34;0.5;0.0
75;2021-01-14;8125;63;36889;97;0.6;0.0
75;2021-01-15;7630;33;44519;130;0.7;0.0
75;2021-01-16;1609;15;46128;145;0.8;0.0
75;2021-01-17;425;6;46553;151;0.8;0.0
75;2021-01-18;6891;32;53444;183;0.9;0.0
75;2021-01-19;14052;17;67496;200;1.1;0.0
75;2021-01-20;15535;29;83031;229;1.4;0.0
75;2021-01-21;16968;21;99999;250;1.7;0.0
75;2021-01-22;12973;23;112972;273;1.9;0.0
75;2021-01-23;4421;3;117393;276;2.0;0.0
75;2021-01-24;700;1;118093;277;2.0;0.0
75;2021-01-25;8873;219;126966;496;2.1;0.0
75;2021-01-26;11724;453;138690;949;2.3;0.0
75;2021-01-27;12294;772;150984;1721;2.5;0.0
75;2021-01-28;12941;2657;163925;4378;2.7;0.1
75;2021-01-29;10001;2984;173926;7362;2.9;0.1
75;2021-01-30;3379;515;177305;7877;3.0;0.1
75;2021-01-31;646;420;177951;8297;3.0;0.1
75;2021-02-01;5717;2637;183668;10934;3.1;0.2
75;2021-02-02;9616;4352;193284;15286;3.2;0.3
75;2021-02-03;9597;4375;202881;19661;3.4;0.3
75;2021-02-04;10763;5677;213644;25338;3.6;0.4
75;2021-02-05;7489;5629;221133;30967;3.7;0.5
75;2021-02-06;2381;1105;223514;32072;3.7;0.5
75;2021-02-07;674;254;224188;32326;3.7;0.5
75;2021-02-08;5136;3648;229324;35974;3.8;0.6
75;2021-02-09;7315;8078;236639;44052;3.9;0.7
75;2021-02-10;7543;8731;244182;52783;4.1;0.9
75;2021-02-11;8864;10250;253046;63033;4.2;1.1
75;2021-02-12;7408;8744;260454;71777;4.3;1.2
75;2021-02-13;1953;1762;262407;73539;4.4;1.2
75;2021-02-14;274;364;262681;73903;4.4;1.2
75;2021-02-15;3191;7810;265872;81713;4.4;1.4
75;2021-02-16;4627;10520;270499;92233;4.5;1.5
75;2021-02-17;4759;11281;275258;103514;4.6;1.7
75;2021-02-18;5455;12807;280713;116321;4.7;1.9
75;2021-02-19;5418;9609;286131;125930;4.8;2.1
75;2021-02-20;989;2627;287120;128557;4.8;2.1
75;2021-02-21;187;664;287307;129221;4.8;2.2
75;2021-02-22;3648;8491;290955;137712;4.8;2.3
75;2021-02-23;5357;10938;296312;148650;4.9;2.5
75;2021-02-24;6131;10275;302443;158925;5.0;2.6
75;2021-02-25;10044;11708;312487;170633;5.2;2.8
75;2021-02-26;12269;8862;324756;179495;5.4;3.0
75;2021-02-27;5785;2485;330541;181980;5.5;3.0
75;2021-02-28;312;694;330853;182674;5.5;3.0
75;2021-03-01;5094;6995;335947;189669;5.6;3.2
75;2021-03-02;9352;8154;345299;197823;5.8;3.3
75;2021-03-03;10824;7756;356123;205579;5.9;3.4
75;2021-03-04;16738;8175;372861;213754;6.2;3.6
75;2021-03-05;20811;7459;393672;221213;6.6;3.7
75;2021-03-06;13410;2235;407082;223448;6.8;3.7
75;2021-03-07;3722;468;410804;223916;6.8;3.7
75;2021-03-08;9996;5379;420800;229295;7.0;3.8
75;2021-03-09;16864;6488;437664;235783;7.3;3.9
75;2021-03-10;18263;6307;455927;242090;7.6;4.0
75;2021-03-11;26443;6690;482370;248780;8.0;4.1
75;2021-03-12;31315;5285;513685;254065;8.6;4.2
75;2021-03-13;17873;1205;531558;255270;8.9;4.3
75;2021-03-14;1713;252;533271;255522;8.9;4.3
75;2021-03-15;14078;3415;547349;258937;9.1;4.3
75;2021-03-16;13687;3709;561036;262646;9.4;4.4
75;2021-03-17;14756;3864;575792;266510;9.6;4.4
75;2021-03-18;16384;4690;592176;271200;9.9;4.5
75;2021-03-19;22450;4293;614626;275493;10.2;4.6
75;2021-03-20;14031;821;628657;276314;10.5;4.6
75;2021-03-21;2476;108;631133;276422;10.5;4.6
75;2021-03-22;16796;3457;647929;279879;10.8;4.7
75;2021-03-23;25282;3891;673211;283770;11.2;4.7
75;2021-03-24;27168;4285;700379;288055;11.7;4.8
75;2021-03-25;35674;4629;736053;292684;12.3;4.9
75;2021-03-26;38633;4144;774686;296828;12.9;4.9
75;2021-03-27;15731;1285;790417;298113;13.2;5.0
75;2021-03-28;2727;398;793144;298511;13.2;5.0
75;2021-03-29;22841;4153;815985;302664;13.6;5.0
75;2021-03-30;31658;5969;847643;308633;14.1;5.1
75;2021-03-31;29759;5933;877402;314566;14.6;5.2
75;2021-04-01;35036;6957;912438;321523;15.2;5.4
75;2021-04-02;32360;6879;944798;328402;15.7;5.5
75;2021-04-03;12845;2642;957643;331044;16.0;5.5
75;2021-04-04;2139;341;959782;331385;16.0;5.5
75;2021-04-05;6370;607;966152;331992;16.1;5.5
75;2021-04-06;26399;10830;992551;342822;16.5;5.7
75;2021-04-07;32383;11011;1024934;353833;17.1;5.9
75;2021-04-08;39633;12385;1064567;366218;17.7;6.1
75;2021-04-09;49300;10986;1113867;377204;18.6;6.3
75;2021-04-10;24488;4990;1138355;382194;19.0;6.4
75;2021-04-11;4975;724;1143330;382918;19.1;6.4
75;2021-04-12;27394;11842;1170724;394760;19.5;6.6
75;2021-04-13;35744;14334;1206468;409094;20.1;6.8
75;2021-04-14;35470;14503;1241938;423597;20.7;7.1
75;2021-04-15;37706;15071;1279644;438668;21.3;7.3
75;2021-04-16;37168;15129;1316812;453797;21.9;7.6
75;2021-04-17;19584;7401;1336396;461198;22.3;7.7
75;2021-04-18;4074;2058;1340470;463256;22.3;7.7
75;2021-04-19;20900;14960;1361370;478216;22.7;8.0
75;2021-04-20;28501;19102;1389871;497318;23.2;8.3
75;2021-04-21;27841;18091;1417712;515409;23.6;8.6
75;2021-04-22;30398;19679;1448110;535088;24.1;8.9
75;2021-04-23;29078;20243;1477188;555331;24.6;9.3
75;2021-04-24;17023;9146;1494211;564477;24.9;9.4
75;2021-04-25;4597;1503;1498808;565980;25.0;9.4
75;2021-04-26;22325;19296;1521133;585276;25.4;9.8
75;2021-04-27;29201;24312;1550334;609588;25.8;10.2
75;2021-04-28;31146;24177;1581480;633765;26.4;10.6
75;2021-04-29;37271;26690;1618751;660455;27.0;11.0
75;2021-04-30;37757;25903;1656508;686358;27.6;11.4
75;2021-05-01;15695;5759;1672203;692117;27.9;11.5
75;2021-05-02;7262;2600;1679465;694717;28.0;11.6
75;2021-05-03;27266;21187;1706731;715904;28.4;11.9
75;2021-05-04;30364;29301;1737095;745205;29.0;12.4
75;2021-05-05;31511;30978;1768606;776183;29.5;12.9
75;2021-05-06;35966;32401;1804572;808584;30.1;13.5
75;2021-05-07;37442;34351;1842014;842935;30.7;14.0
75;2021-05-08;17723;8093;1859737;851028;31.0;14.2
75;2021-05-09;7313;4154;1867050;855182;31.1;14.3
75;2021-05-10;25218;29008;1892268;884190;31.5;14.7
75;2021-05-11;35608;32964;1927876;917154;32.1;15.3
75;2021-05-12;35629;30147;1963505;947301;32.7;15.8
75;2021-05-13;22703;7566;1986208;954867;33.1;15.9
75;2021-05-14;33908;20914;2020116;975781;33.7;16.3
75;2021-05-15;22957;11121;2043073;986902;34.1;16.4
75;2021-05-16;7429;2063;2050502;988965;34.2;16.5
75;2021-05-17;33933;19277;2084435;1008242;34.7;16.8
75;2021-05-18;42869;19997;2127304;1028239;35.5;17.1
75;2021-05-19;42808;17657;2170112;1045896;36.2;17.4
75;2021-05-20;46023;20462;2216135;1066358;36.9;17.8
75;2021-05-21;42999;21457;2259134;1087815;37.7;18.1
75;2021-05-22;23318;9828;2282452;1097643;38.0;18.3
75;2021-05-23;7839;1431;2290291;1099074;38.2;18.3
75;2021-05-24;18895;4104;2309186;1103178;38.5;18.4
75;2021-05-25;36921;21001;2346107;1124179;39.1;18.7
75;2021-05-26;38516;21535;2384623;1145714;39.7;19.1
75;2021-05-27;42961;27135;2427584;1172849;40.5;19.5
75;2021-05-28;38882;32336;2466466;1205185;41.1;20.1
75;2021-05-29;19660;18095;2486126;1223280;41.4;20.4
75;2021-05-30;5784;2285;2491910;1225565;41.5;20.4
75;2021-05-31;31641;23147;2523551;1248712;42.1;20.8
75;2021-06-01;41032;29647;2564583;1278359;42.7;21.3
75;2021-06-02;41399;28241;2605982;1306600;43.4;21.8
75;2021-06-03;47632;31181;2653614;1337781;44.2;22.3
75;2021-06-04;44418;36982;2698032;1374763;45.0;22.9
75;2021-06-05;24422;18521;2722454;1393284;45.4;23.2
75;2021-06-06;8742;4318;2731196;1397602;45.5;23.3
75;2021-06-07;31415;31562;2762611;1429164;46.0;23.8
75;2021-06-08;38461;35998;2801072;1465162;46.7;24.4
75;2021-06-09;39348;32999;2840420;1498161;47.3;25.0
75;2021-06-10;42999;31892;2883419;1530053;48.1;25.5
75;2021-06-11;40280;40379;2923699;1570432;48.7;26.2
75;2021-06-12;23203;21556;2946902;1591988;49.1;26.5
75;2021-06-13;8106;5659;2955008;1597647;49.3;26.6
75;2021-06-14;23963;37984;2978971;1635631;49.6;27.3
75;2021-06-15;33127;41743;3012098;1677374;50.2;28.0
75;2021-06-16;34654;37356;3046752;1714730;50.8;28.6
75;2021-06-17;36074;38628;3082826;1753358;51.4;29.2
75;2021-06-18;34702;45363;3117528;1798721;52.0;30.0
75;2021-06-19;20140;23269;3137668;1821990;52.3;30.4
75;2021-06-20;6217;5736;3143885;1827726;52.4;30.5
75;2021-06-21;21408;37389;3165293;1865115;52.8;31.1
75;2021-06-22;25233;43653;3190526;1908768;53.2;31.8
75;2021-06-23;26168;40870;3216694;1949638;53.6;32.5
75;2021-06-24;27870;35653;3244564;1985291;54.1;33.1
75;2021-06-25;23997;48681;3268561;2033972;54.5;33.9
75;2021-06-26;13607;26803;3282168;2060775;54.7;34.3
75;2021-06-27;4571;8576;3286739;2069351;54.8;34.5
75;2021-06-28;14807;44676;3301546;2114027;55.0;35.2
75;2021-06-29;18557;51972;3320103;2165999;55.3;36.1
75;2021-06-30;20063;48178;3340166;2214177;55.7;36.9
75;2021-07-01;22296;46687;3362462;2260864;56.0;37.7
75;2021-07-02;20982;53701;3383444;2314565;56.4;38.6
75;2021-07-03;9899;29173;3393343;2343738;56.6;39.1
75;2021-07-04;3375;7784;3396718;2351522;56.6;39.2
75;2021-07-05;13973;42399;3410691;2393921;56.8;39.9
76;2020-12-27;0;0;0;0;0.0;0.0
76;2020-12-28;4;0;4;0;0.0;0.0
76;2020-12-29;0;0;4;0;0.0;0.0
76;2020-12-30;0;0;4;0;0.0;0.0
76;2020-12-31;1;0;5;0;0.0;0.0
76;2021-01-01;3;0;8;0;0.0;0.0
76;2021-01-02;2;0;10;0;0.0;0.0
76;2021-01-03;2;0;12;0;0.0;0.0
76;2021-01-04;59;1;71;1;0.0;0.0
76;2021-01-05;473;1;544;2;0.0;0.0
76;2021-01-06;784;2;1328;4;0.0;0.0
76;2021-01-07;2537;3;3865;7;0.1;0.0
76;2021-01-08;3218;2;7083;9;0.1;0.0
76;2021-01-09;1539;1;8622;10;0.1;0.0
76;2021-01-10;517;0;9139;10;0.2;0.0
76;2021-01-11;3524;9;12663;19;0.2;0.0
76;2021-01-12;5748;11;18411;30;0.3;0.0
76;2021-01-13;6477;14;24888;44;0.4;0.0
76;2021-01-14;8997;86;33885;130;0.6;0.0
76;2021-01-15;7254;33;41139;163;0.7;0.0
76;2021-01-16;1954;21;43093;184;0.7;0.0
76;2021-01-17;710;3;43803;187;0.7;0.0
76;2021-01-18;7707;21;51510;208;0.9;0.0
76;2021-01-19;11211;34;62721;242;1.1;0.0
76;2021-01-20;13725;26;76446;268;1.3;0.0
76;2021-01-21;16724;21;93170;289;1.6;0.0
76;2021-01-22;11928;34;105098;323;1.8;0.0
76;2021-01-23;3898;8;108996;331;1.8;0.0
76;2021-01-24;771;12;109767;343;1.9;0.0
76;2021-01-25;7830;100;117597;443;2.0;0.0
76;2021-01-26;10347;281;127944;724;2.2;0.0
76;2021-01-27;10847;485;138791;1209;2.3;0.0
76;2021-01-28;10141;1694;148932;2903;2.5;0.0
76;2021-01-29;8091;1988;157023;4891;2.7;0.1
76;2021-01-30;3187;771;160210;5662;2.7;0.1
76;2021-01-31;521;267;160731;5929;2.7;0.1
76;2021-02-01;5857;2599;166588;8528;2.8;0.1
76;2021-02-02;10064;4002;176652;12530;3.0;0.2
76;2021-02-03;9522;4066;186174;16596;3.1;0.3
76;2021-02-04;10106;5957;196280;22553;3.3;0.4
76;2021-02-05;7776;5022;204056;27575;3.4;0.5
76;2021-02-06;2698;1051;206754;28626;3.5;0.5
76;2021-02-07;542;498;207296;29124;3.5;0.5
76;2021-02-08;4840;4527;212136;33651;3.6;0.6
76;2021-02-09;6327;6833;218463;40484;3.7;0.7
76;2021-02-10;7179;9230;225642;49714;3.8;0.8
76;2021-02-11;9142;10727;234784;60441;4.0;1.0
76;2021-02-12;8049;7682;242833;68123;4.1;1.1
76;2021-02-13;2648;2269;245481;70392;4.1;1.2
76;2021-02-14;358;993;245839;71385;4.1;1.2
76;2021-02-15;3380;6468;249219;77853;4.2;1.3
76;2021-02-16;4241;8683;253460;86536;4.3;1.5
76;2021-02-17;4374;9647;257834;96183;4.4;1.6
76;2021-02-18;5871;9956;263705;106139;4.5;1.8
76;2021-02-19;4843;8106;268548;114245;4.5;1.9
76;2021-02-20;1530;3031;270078;117276;4.6;2.0
76;2021-02-21;265;594;270343;117870;4.6;2.0
76;2021-02-22;3280;7652;273623;125522;4.6;2.1
76;2021-02-23;4920;10228;278543;135750;4.7;2.3
76;2021-02-24;4648;10415;283191;146165;4.8;2.5
76;2021-02-25;8318;9906;291509;156071;4.9;2.6
76;2021-02-26;9638;8387;301147;164458;5.1;2.8
76;2021-02-27;3734;3094;304881;167552;5.1;2.8
76;2021-02-28;431;452;305312;168004;5.2;2.8
76;2021-03-01;5309;6139;310621;174143;5.2;2.9
76;2021-03-02;8218;7545;318839;181688;5.4;3.1
76;2021-03-03;9249;7487;328088;189175;5.5;3.2
76;2021-03-04;14323;7882;342411;197057;5.8;3.3
76;2021-03-05;16874;7123;359285;204180;6.1;3.4
76;2021-03-06;15889;2170;375174;206350;6.3;3.5
76;2021-03-07;11378;474;386552;206824;6.5;3.5
76;2021-03-08;9980;5533;396532;212357;6.7;3.6
76;2021-03-09;16234;6475;412766;218832;7.0;3.7
76;2021-03-10;16420;6497;429186;225329;7.2;3.8
76;2021-03-11;22603;6402;451789;231731;7.6;3.9
76;2021-03-12;26446;5269;478235;237000;8.1;4.0
76;2021-03-13;14926;2170;493161;239170;8.3;4.0
76;2021-03-14;2322;356;495483;239526;8.4;4.0
76;2021-03-15;13530;3307;509013;242833;8.6;4.1
76;2021-03-16;11762;4522;520775;247355;8.8;4.2
76;2021-03-17;12840;3964;533615;251319;9.0;4.2
76;2021-03-18;13702;4983;547317;256302;9.2;4.3
76;2021-03-19;18654;4020;565971;260322;9.6;4.4
76;2021-03-20;10664;1130;576635;261452;9.7;4.4
76;2021-03-21;3196;225;579831;261677;9.8;4.4
76;2021-03-22;14681;3586;594512;265263;10.0;4.5
76;2021-03-23;22250;4325;616762;269588;10.4;4.6
76;2021-03-24;23606;4188;640368;273776;10.8;4.6
76;2021-03-25;32020;4616;672388;278392;11.3;4.7
76;2021-03-26;30853;4088;703241;282480;11.9;4.8
76;2021-03-27;16251;1427;719492;283907;12.1;4.8
76;2021-03-28;4865;194;724357;284101;12.2;4.8
76;2021-03-29;22303;4886;746660;288987;12.6;4.9
76;2021-03-30;29716;5710;776376;294697;13.1;5.0
76;2021-03-31;26894;5593;803270;300290;13.6;5.1
76;2021-04-01;34473;5906;837743;306196;14.1;5.2
76;2021-04-02;29345;5785;867088;311981;14.6;5.3
76;2021-04-03;12156;2841;879244;314822;14.8;5.3
76;2021-04-04;4353;659;883597;315481;14.9;5.3
76;2021-04-05;4290;674;887887;316155;15.0;5.3
76;2021-04-06;22855;9730;910742;325885;15.4;5.5
76;2021-04-07;25278;9834;936020;335719;15.8;5.7
76;2021-04-08;33117;10218;969137;345937;16.4;5.8
76;2021-04-09;38923;9638;1008060;355575;17.0;6.0
76;2021-04-10;22705;5154;1030765;360729;17.4;6.1
76;2021-04-11;8861;1436;1039626;362165;17.5;6.1
76;2021-04-12;26052;10505;1065678;372670;18.0;6.3
76;2021-04-13;35779;12837;1101457;385507;18.6;6.5
76;2021-04-14;32877;13249;1134334;398756;19.1;6.7
76;2021-04-15;37469;13857;1171803;412613;19.8;7.0
76;2021-04-16;34454;13154;1206257;425767;20.4;7.2
76;2021-04-17;21397;6646;1227654;432413;20.7;7.3
76;2021-04-18;7712;2694;1235366;435107;20.9;7.3
76;2021-04-19;22048;12882;1257414;447989;21.2;7.6
76;2021-04-20;27972;16733;1285386;464722;21.7;7.8
76;2021-04-21;27031;16917;1312417;481639;22.2;8.1
76;2021-04-22;30348;17959;1342765;499598;22.7;8.4
76;2021-04-23;28703;16420;1371468;516018;23.1;8.7
76;2021-04-24;18489;10395;1389957;526413;23.5;8.9
76;2021-04-25;6911;4183;1396868;530596;23.6;9.0
76;2021-04-26;19938;18394;1416806;548990;23.9;9.3
76;2021-04-27;26719;21408;1443525;570398;24.4;9.6
76;2021-04-28;25889;20964;1469414;591362;24.8;10.0
76;2021-04-29;29731;23209;1499145;614571;25.3;10.4
76;2021-04-30;30775;20149;1529920;634720;25.8;10.7
76;2021-05-01;17423;7026;1547343;641746;26.1;10.8
76;2021-05-02;9489;4772;1556832;646518;26.3;10.9
76;2021-05-03;26527;16773;1583359;663291;26.7;11.2
76;2021-05-04;30002;25806;1613361;689097;27.2;11.6
76;2021-05-05;28198;26396;1641559;715493;27.7;12.1
76;2021-05-06;31029;30869;1672588;746362;28.2;12.6
76;2021-05-07;31614;30793;1704202;777155;28.8;13.1
76;2021-05-08;17353;10564;1721555;787719;29.1;13.3
76;2021-05-09;9708;8673;1731263;796392;29.2;13.4
76;2021-05-10;24079;28032;1755342;824424;29.6;13.9
76;2021-05-11;31645;33081;1786987;857505;30.2;14.5
76;2021-05-12;33330;29397;1820317;886902;30.7;15.0
76;2021-05-13;25948;9730;1846265;896632;31.2;15.1
76;2021-05-14;34536;21344;1880801;917976;31.7;15.5
76;2021-05-15;24487;12211;1905288;930187;32.2;15.7
76;2021-05-16;15452;3807;1920740;933994;32.4;15.8
76;2021-05-17;27839;19236;1948579;953230;32.9;16.1
76;2021-05-18;35413;19519;1983992;972749;33.5;16.4
76;2021-05-19;36824;16873;2020816;989622;34.1;16.7
76;2021-05-20;40990;18684;2061806;1008306;34.8;17.0
76;2021-05-21;37772;20018;2099578;1028324;35.4;17.4
76;2021-05-22;26985;9243;2126563;1037567;35.9;17.5
76;2021-05-23;13313;1836;2139876;1039403;36.1;17.5
76;2021-05-24;15414;4133;2155290;1043536;36.4;17.6
76;2021-05-25;31634;20792;2186924;1064328;36.9;18.0
76;2021-05-26;33467;19218;2220391;1083546;37.5;18.3
76;2021-05-27;36293;24436;2256684;1107982;38.1;18.7
76;2021-05-28;32448;28287;2289132;1136269;38.6;19.2
76;2021-05-29;19593;16761;2308725;1153030;39.0;19.5
76;2021-05-30;6251;6311;2314976;1159341;39.1;19.6
76;2021-05-31;25730;22880;2340706;1182221;39.5;20.0
76;2021-06-01;31161;29821;2371867;1212042;40.0;20.5
76;2021-06-02;30752;28073;2402619;1240115;40.6;20.9
76;2021-06-03;34160;33100;2436779;1273215;41.1;21.5
76;2021-06-04;35058;34213;2471837;1307428;41.7;22.1
76;2021-06-05;26012;19756;2497849;1327184;42.2;22.4
76;2021-06-06;14087;6486;2511936;1333670;42.4;22.5
76;2021-06-07;25724;27684;2537660;1361354;42.8;23.0
76;2021-06-08;32389;31632;2570049;1392986;43.4;23.5
76;2021-06-09;32263;29147;2602312;1422133;43.9;24.0
76;2021-06-10;31933;29518;2634245;1451651;44.5;24.5
76;2021-06-11;33527;36168;2667772;1487819;45.0;25.1
76;2021-06-12;23183;21923;2690955;1509742;45.4;25.5
76;2021-06-13;12030;7148;2702985;1516890;45.6;25.6
76;2021-06-14;21545;33653;2724530;1550543;46.0;26.2
76;2021-06-15;28705;39751;2753235;1590294;46.5;26.8
76;2021-06-16;26992;36388;2780227;1626682;46.9;27.5
76;2021-06-17;26759;34206;2806986;1660888;47.4;28.0
76;2021-06-18;27392;41154;2834378;1702042;47.8;28.7
76;2021-06-19;20790;23141;2855168;1725183;48.2;29.1
76;2021-06-20;8908;10342;2864076;1735525;48.3;29.3
76;2021-06-21;15031;35243;2879107;1770768;48.6;29.9
76;2021-06-22;18203;40490;2897310;1811258;48.9;30.6
76;2021-06-23;18946;37987;2916256;1849245;49.2;31.2
76;2021-06-24;17430;35392;2933686;1884637;49.5;31.8
76;2021-06-25;18298;44847;2951984;1929484;49.8;32.6
76;2021-06-26;12240;28815;2964224;1958299;50.0;33.1
76;2021-06-27;5712;14616;2969936;1972915;50.1;33.3
76;2021-06-28;12559;38220;2982495;2011135;50.3;33.9
76;2021-06-29;14835;43873;2997330;2055008;50.6;34.7
76;2021-06-30;16985;43426;3014315;2098434;50.9;35.4
76;2021-07-01;16352;40384;3030667;2138818;51.2;36.1
76;2021-07-02;17700;44176;3048367;2182994;51.5;36.8
76;2021-07-03;11850;32571;3060217;2215565;51.7;37.4
76;2021-07-04;5488;12846;3065705;2228411;51.7;37.6
76;2021-07-05;13522;34077;3079227;2262488;52.0;38.2
84;2020-12-27;1;0;1;0;0.0;0.0
84;2020-12-28;7;0;8;0;0.0;0.0
84;2020-12-29;5;0;13;0;0.0;0.0
84;2020-12-30;6;0;19;0;0.0;0.0
84;2020-12-31;15;0;34;0;0.0;0.0
84;2021-01-01;10;0;44;0;0.0;0.0
84;2021-01-02;2;1;46;1;0.0;0.0
84;2021-01-03;0;0;46;1;0.0;0.0
84;2021-01-04;174;0;220;1;0.0;0.0
84;2021-01-05;470;1;690;2;0.0;0.0
84;2021-01-06;1135;1;1825;3;0.0;0.0
84;2021-01-07;2887;3;4712;6;0.1;0.0
84;2021-01-08;3081;3;7793;9;0.1;0.0
84;2021-01-09;513;0;8306;9;0.1;0.0
84;2021-01-10;161;0;8467;9;0.1;0.0
84;2021-01-11;4297;8;12764;17;0.2;0.0
84;2021-01-12;6365;19;19129;36;0.2;0.0
84;2021-01-13;6844;15;25973;51;0.3;0.0
84;2021-01-14;9074;57;35047;108;0.4;0.0
84;2021-01-15;7762;30;42809;138;0.5;0.0
84;2021-01-16;2953;6;45762;144;0.6;0.0
84;2021-01-17;921;2;46683;146;0.6;0.0
84;2021-01-18;8965;34;55648;180;0.7;0.0
84;2021-01-19;15049;88;70697;268;0.9;0.0
84;2021-01-20;15496;36;86193;304;1.1;0.0
84;2021-01-21;14596;52;100789;356;1.3;0.0
84;2021-01-22;12422;46;113211;402;1.4;0.0
84;2021-01-23;4763;3;117974;405;1.5;0.0
84;2021-01-24;810;1;118784;406;1.5;0.0
84;2021-01-25;8766;158;127550;564;1.6;0.0
84;2021-01-26;11904;319;139454;883;1.7;0.0
84;2021-01-27;12085;623;151539;1506;1.9;0.0
84;2021-01-28;13853;1540;165392;3046;2.1;0.0
84;2021-01-29;10804;1314;176196;4360;2.2;0.1
84;2021-01-30;4142;147;180338;4507;2.2;0.1
84;2021-01-31;499;1;180837;4508;2.3;0.1
84;2021-02-01;6548;1889;187385;6397;2.3;0.1
84;2021-02-02;10607;3516;197992;9913;2.5;0.1
84;2021-02-03;11530;3927;209522;13840;2.6;0.2
84;2021-02-04;12571;5547;222093;19387;2.8;0.2
84;2021-02-05;8619;4691;230712;24078;2.9;0.3
84;2021-02-06;2657;959;233369;25037;2.9;0.3
84;2021-02-07;452;444;233821;25481;2.9;0.3
84;2021-02-08;6221;4964;240042;30445;3.0;0.4
84;2021-02-09;9337;8260;249379;38705;3.1;0.5
84;2021-02-10;9682;8615;259061;47320;3.2;0.6
84;2021-02-11;10699;9901;269760;57221;3.4;0.7
84;2021-02-12;9724;7950;279484;65171;3.5;0.8
84;2021-02-13;3496;2356;282980;67527;3.5;0.8
84;2021-02-14;623;457;283603;67984;3.5;0.8
84;2021-02-15;4876;8364;288479;76348;3.6;1.0
84;2021-02-16;6106;10771;294585;87119;3.7;1.1
84;2021-02-17;6086;11565;300671;98684;3.7;1.2
84;2021-02-18;7112;11761;307783;110445;3.8;1.4
84;2021-02-19;6646;9345;314429;119790;3.9;1.5
84;2021-02-20;1838;3266;316267;123056;3.9;1.5
84;2021-02-21;180;502;316447;123558;3.9;1.5
84;2021-02-22;4289;8833;320736;132391;4.0;1.6
84;2021-02-23;7287;11415;328023;143806;4.1;1.8
84;2021-02-24;7804;12023;335827;155829;4.2;1.9
84;2021-02-25;12734;13782;348561;169611;4.3;2.1
84;2021-02-26;14880;10360;363441;179971;4.5;2.2
84;2021-02-27;5562;2928;369003;182899;4.6;2.3
84;2021-02-28;501;514;369504;183413;4.6;2.3
84;2021-03-01;9295;6417;378799;189830;4.7;2.4
84;2021-03-02;14972;8824;393771;198654;4.9;2.5
84;2021-03-03;14803;8631;408574;207285;5.1;2.6
84;2021-03-04;21035;8447;429609;215732;5.3;2.7
84;2021-03-05;25781;7746;455390;223478;5.7;2.8
84;2021-03-06;19499;2428;474889;225906;5.9;2.8
84;2021-03-07;8417;481;483306;226387;6.0;2.8
84;2021-03-08;12215;6829;495521;233216;6.2;2.9
84;2021-03-09;20684;7722;516205;240938;6.4;3.0
84;2021-03-10;20236;7553;536441;248491;6.7;3.1
84;2021-03-11;29482;8202;565923;256693;7.0;3.2
84;2021-03-12;36187;7750;602110;264443;7.5;3.3
84;2021-03-13;21438;1913;623548;266356;7.8;3.3
84;2021-03-14;4687;489;628235;266845;7.8;3.3
84;2021-03-15;18879;4813;647114;271658;8.1;3.4
84;2021-03-16;17060;6109;664174;277767;8.3;3.5
84;2021-03-17;17581;6471;681755;284238;8.5;3.5
84;2021-03-18;21505;6942;703260;291180;8.8;3.6
84;2021-03-19;29002;5535;732262;296715;9.1;3.7
84;2021-03-20;14536;1428;746798;298143;9.3;3.7
84;2021-03-21;3240;279;750038;298422;9.3;3.7
84;2021-03-22;19738;5146;769776;303568;9.6;3.8
84;2021-03-23;30800;5973;800576;309541;10.0;3.9
84;2021-03-24;29966;5878;830542;315419;10.3;3.9
84;2021-03-25;41564;6502;872106;321921;10.9;4.0
84;2021-03-26;42976;6827;915082;328748;11.4;4.1
84;2021-03-27;18217;2948;933299;331696;11.6;4.1
84;2021-03-28;6509;609;939808;332305;11.7;4.1
84;2021-03-29;22951;7945;962759;340250;12.0;4.2
84;2021-03-30;34971;10248;997730;350498;12.4;4.4
84;2021-03-31;29588;11058;1027318;361556;12.8;4.5
84;2021-04-01;37276;11468;1064594;373024;13.3;4.6
84;2021-04-02;34901;11409;1099495;384433;13.7;4.8
84;2021-04-03;14800;6225;1114295;390658;13.9;4.9
84;2021-04-04;9929;2009;1124224;392667;14.0;4.9
84;2021-04-05;13536;1687;1137760;394354;14.2;4.9
84;2021-04-06;26307;13227;1164067;407581;14.5;5.1
84;2021-04-07;29499;14667;1193566;422248;14.9;5.3
84;2021-04-08;39715;15442;1233281;437690;15.4;5.4
84;2021-04-09;49493;15129;1282774;452819;16.0;5.6
84;2021-04-10;20479;8148;1303253;460967;16.2;5.7
84;2021-04-11;7229;2700;1310482;463667;16.3;5.8
84;2021-04-12;27322;15586;1337804;479253;16.7;6.0
84;2021-04-13;36146;19414;1373950;498667;17.1;6.2
84;2021-04-14;34641;18297;1408591;516964;17.5;6.4
84;2021-04-15;40127;19703;1448718;536667;18.0;6.7
84;2021-04-16;38233;20113;1486951;556780;18.5;6.9
84;2021-04-17;20475;9054;1507426;565834;18.8;7.0
84;2021-04-18;6839;2702;1514265;568536;18.9;7.1
84;2021-04-19;26233;18586;1540498;587122;19.2;7.3
84;2021-04-20;31207;22535;1571705;609657;19.6;7.6
84;2021-04-21;28049;21484;1599754;631141;19.9;7.9
84;2021-04-22;32250;22664;1632004;653805;20.3;8.1
84;2021-04-23;32705;23155;1664709;676960;20.7;8.4
84;2021-04-24;17861;11911;1682570;688871;20.9;8.6
84;2021-04-25;7135;4284;1689705;693155;21.0;8.6
84;2021-04-26;23720;20073;1713425;713228;21.3;8.9
84;2021-04-27;31769;25287;1745194;738515;21.7;9.2
84;2021-04-28;32473;24884;1777667;763399;22.1;9.5
84;2021-04-29;39638;26626;1817305;790025;22.6;9.8
84;2021-04-30;38132;27908;1855437;817933;23.1;10.2
84;2021-05-01;17172;5403;1872609;823336;23.3;10.3
84;2021-05-02;7985;8570;1880594;831906;23.4;10.4
84;2021-05-03;30373;27532;1910967;859438;23.8;10.7
84;2021-05-04;37150;33790;1948117;893228;24.3;11.1
84;2021-05-05;40245;30188;1988362;923416;24.8;11.5
84;2021-05-06;46629;32724;2034991;956140;25.3;11.9
84;2021-05-07;47061;36848;2082052;992988;25.9;12.4
84;2021-05-08;22445;7682;2104497;1000670;26.2;12.5
84;2021-05-09;15921;8911;2120418;1009581;26.4;12.6
84;2021-05-10;36087;32003;2156505;1041584;26.8;13.0
84;2021-05-11;52643;36311;2209148;1077895;27.5;13.4
84;2021-05-12;56939;31947;2266087;1109842;28.2;13.8
84;2021-05-13;47429;10547;2313516;1120389;28.8;13.9
84;2021-05-14;57511;25051;2371027;1145440;29.5;14.3
84;2021-05-15;44355;13661;2415382;1159101;30.1;14.4
84;2021-05-16;30624;5167;2446006;1164268;30.5;14.5
84;2021-05-17;48469;25043;2494475;1189311;31.1;14.8
84;2021-05-18;59396;27479;2553871;1216790;31.8;15.1
84;2021-05-19;58652;23693;2612523;1240483;32.5;15.4
84;2021-05-20;61990;27147;2674513;1267630;33.3;15.8
84;2021-05-21;61272;29474;2735785;1297104;34.1;16.1
84;2021-05-22;40633;12952;2776418;1310056;34.6;16.3
84;2021-05-23;21508;4009;2797926;1314065;34.8;16.4
84;2021-05-24;40114;8564;2838040;1322629;35.3;16.5
84;2021-05-25;50481;31757;2888521;1354386;36.0;16.9
84;2021-05-26;50043;29021;2938564;1383407;36.6;17.2
84;2021-05-27;55823;31911;2994387;1415318;37.3;17.6
84;2021-05-28;54904;40523;3049291;1455841;38.0;18.1
84;2021-05-29;37724;22371;3087015;1478212;38.4;18.4
84;2021-05-30;16149;7274;3103164;1485486;38.6;18.5
84;2021-05-31;44391;29423;3147555;1514909;39.2;18.9
84;2021-06-01;48448;36686;3196003;1551595;39.8;19.3
84;2021-06-02;47860;31281;3243863;1582876;40.4;19.7
84;2021-06-03;56141;36614;3300004;1619490;41.1;20.2
84;2021-06-04;54702;42403;3354706;1661893;41.8;20.7
84;2021-06-05;38121;21680;3392827;1683573;42.2;21.0
84;2021-06-06;15928;6304;3408755;1689877;42.4;21.0
84;2021-06-07;41361;35205;3450116;1725082;43.0;21.5
84;2021-06-08;45077;37999;3495193;1763081;43.5;21.9
84;2021-06-09;40585;34007;3535778;1797088;44.0;22.4
84;2021-06-10;41296;33984;3577074;1831072;44.5;22.8
84;2021-06-11;43264;46432;3620338;1877504;45.1;23.4
84;2021-06-12;28128;22989;3648466;1900493;45.4;23.7
84;2021-06-13;8606;7154;3657072;1907647;45.5;23.7
84;2021-06-14;25515;44603;3682587;1952250;45.8;24.3
84;2021-06-15;31581;49388;3714168;2001638;46.2;24.9
84;2021-06-16;33291;45513;3747459;2047151;46.7;25.5
84;2021-06-17;30476;47035;3777935;2094186;47.0;26.1
84;2021-06-18;34865;60021;3812800;2154207;47.5;26.8
84;2021-06-19;22753;35771;3835553;2189978;47.8;27.3
84;2021-06-20;8670;14441;3844223;2204419;47.9;27.4
84;2021-06-21;19932;56266;3864155;2260685;48.1;28.1
84;2021-06-22;20990;62812;3885145;2323497;48.4;28.9
84;2021-06-23;22250;57697;3907395;2381194;48.6;29.6
84;2021-06-24;23125;55173;3930520;2436367;48.9;30.3
84;2021-06-25;23518;70372;3954038;2506739;49.2;31.2
84;2021-06-26;14027;46273;3968065;2553012;49.4;31.8
84;2021-06-27;6845;23515;3974910;2576527;49.5;32.1
84;2021-06-28;15641;64838;3990551;2641365;49.7;32.9
84;2021-06-29;18782;67295;4009333;2708660;49.9;33.7
84;2021-06-30;21494;62716;4030827;2771376;50.2;34.5
84;2021-07-01;22467;58220;4053294;2829596;50.5;35.2
84;2021-07-02;22418;68913;4075712;2898509;50.7;36.1
84;2021-07-03;15515;44772;4091227;2943281;50.9;36.6
84;2021-07-04;7701;17037;4098928;2960318;51.0;36.9
84;2021-07-05;18469;61784;4117397;3022102;51.3;37.6
93;2020-12-27;1;0;1;0;0.0;0.0
93;2020-12-28;2;0;3;0;0.0;0.0
93;2020-12-29;1;0;4;0;0.0;0.0
93;2020-12-30;3;0;7;0;0.0;0.0
93;2020-12-31;19;0;26;0;0.0;0.0
93;2021-01-01;13;0;39;0;0.0;0.0
93;2021-01-02;3;0;42;0;0.0;0.0
93;2021-01-03;3;0;45;0;0.0;0.0
93;2021-01-04;133;1;178;1;0.0;0.0
93;2021-01-05;251;1;429;2;0.0;0.0
93;2021-01-06;412;0;841;2;0.0;0.0
93;2021-01-07;1245;2;2086;4;0.0;0.0
93;2021-01-08;1565;1;3651;5;0.1;0.0
93;2021-01-09;542;2;4193;7;0.1;0.0
93;2021-01-10;74;0;4267;7;0.1;0.0
93;2021-01-11;2414;1;6681;8;0.1;0.0
93;2021-01-12;5093;7;11774;15;0.2;0.0
93;2021-01-13;4473;16;16247;31;0.3;0.0
93;2021-01-14;5580;54;21827;85;0.4;0.0
93;2021-01-15;4937;18;26764;103;0.5;0.0
93;2021-01-16;1681;5;28445;108;0.6;0.0
93;2021-01-17;301;1;28746;109;0.6;0.0
93;2021-01-18;7160;31;35906;140;0.7;0.0
93;2021-01-19;13538;37;49444;177;1.0;0.0
93;2021-01-20;12275;38;61719;215;1.2;0.0
93;2021-01-21;12318;50;74037;265;1.5;0.0
93;2021-01-22;10222;30;84259;295;1.7;0.0
93;2021-01-23;3330;7;87589;302;1.7;0.0
93;2021-01-24;537;4;88126;306;1.7;0.0
93;2021-01-25;7261;41;95387;347;1.9;0.0
93;2021-01-26;10078;138;105465;485;2.1;0.0
93;2021-01-27;9693;291;115158;776;2.3;0.0
93;2021-01-28;13679;835;128837;1611;2.5;0.0
93;2021-01-29;9848;980;138685;2591;2.7;0.1
93;2021-01-30;2240;159;140925;2750;2.8;0.1
93;2021-01-31;304;5;141229;2755;2.8;0.1
93;2021-02-01;5168;1519;146397;4274;2.9;0.1
93;2021-02-02;6647;2378;153044;6652;3.0;0.1
93;2021-02-03;5025;1821;158069;8473;3.1;0.2
93;2021-02-04;5535;3158;163604;11631;3.2;0.2
93;2021-02-05;6112;4123;169716;15754;3.4;0.3
93;2021-02-06;1247;963;170963;16717;3.4;0.3
93;2021-02-07;280;81;171243;16798;3.4;0.3
93;2021-02-08;4308;3747;175551;20545;3.5;0.4
93;2021-02-09;5890;7097;181441;27642;3.6;0.5
93;2021-02-10;5959;5882;187400;33524;3.7;0.7
93;2021-02-11;6602;6716;194002;40240;3.8;0.8
93;2021-02-12;5729;6469;199731;46709;4.0;0.9
93;2021-02-13;1128;1447;200859;48156;4.0;1.0
93;2021-02-14;73;383;200932;48539;4.0;1.0
93;2021-02-15;2413;5635;203345;54174;4.0;1.1
93;2021-02-16;3193;7703;206538;61877;4.1;1.2
93;2021-02-17;3605;8506;210143;70383;4.2;1.4
93;2021-02-18;6005;11356;216148;81739;4.3;1.6
93;2021-02-19;5648;8660;221796;90399;4.4;1.8
93;2021-02-20;881;1801;222677;92200;4.4;1.8
93;2021-02-21;70;416;222747;92616;4.4;1.8
93;2021-02-22;3030;6997;225777;99613;4.5;2.0
93;2021-02-23;3966;7240;229743;106853;4.5;2.1
93;2021-02-24;4749;6795;234492;113648;4.6;2.2
93;2021-02-25;8253;6667;242745;120315;4.8;2.4
93;2021-02-26;8281;6187;251026;126502;5.0;2.5
93;2021-02-27;3292;1490;254318;127992;5.0;2.5
93;2021-02-28;306;238;254624;128230;5.0;2.5
93;2021-03-01;5657;4485;260281;132715;5.1;2.6
93;2021-03-02;7236;5929;267517;138644;5.3;2.7
93;2021-03-03;8989;6556;276506;145200;5.5;2.9
93;2021-03-04;12087;6461;288593;151661;5.7;3.0
93;2021-03-05;12209;6099;300802;157760;5.9;3.1
93;2021-03-06;22909;1333;323711;159093;6.4;3.1
93;2021-03-07;18019;627;341730;159720;6.8;3.2
93;2021-03-08;10255;5277;351985;164997;7.0;3.3
93;2021-03-09;13966;5562;365951;170559;7.2;3.4
93;2021-03-10;14499;5277;380450;175836;7.5;3.5
93;2021-03-11;20419;6181;400869;182017;7.9;3.6
93;2021-03-12;21928;5347;422797;187364;8.4;3.7
93;2021-03-13;24618;1248;447415;188612;8.8;3.7
93;2021-03-14;6477;267;453892;188879;9.0;3.7
93;2021-03-15;15950;3097;469842;191976;9.3;3.8
93;2021-03-16;12726;3646;482568;195622;9.5;3.9
93;2021-03-17;15999;4646;498567;200268;9.9;4.0
93;2021-03-18;17046;4898;515613;205166;10.2;4.1
93;2021-03-19;21034;4709;536647;209875;10.6;4.2
93;2021-03-20;10992;1329;547639;211204;10.8;4.2
93;2021-03-21;3258;133;550897;211337;10.9;4.2
93;2021-03-22;17109;3561;568006;214898;11.2;4.3
93;2021-03-23;22671;3893;590677;218791;11.7;4.3
93;2021-03-24;21987;6633;612664;225424;12.1;4.5
93;2021-03-25;29045;6506;641709;231930;12.7;4.6
93;2021-03-26;29927;5048;671636;236978;13.3;4.7
93;2021-03-27;12459;1641;684095;238619;13.5;4.7
93;2021-03-28;3578;101;687673;238720;13.6;4.7
93;2021-03-29;18542;5334;706215;244054;14.0;4.8
93;2021-03-30;28527;6708;734742;250762;14.5;5.0
93;2021-03-31;28803;6625;763545;257387;15.1;5.1
93;2021-04-01;30779;7486;794324;264873;15.7;5.2
93;2021-04-02;26948;8491;821272;273364;16.2;5.4
93;2021-04-03;9774;4980;831046;278344;16.4;5.5
93;2021-04-04;2122;1252;833168;279596;16.5;5.5
93;2021-04-05;6065;1562;839233;281158;16.6;5.6
93;2021-04-06;23448;10033;862681;291191;17.1;5.8
93;2021-04-07;26088;11669;888769;302860;17.6;6.0
93;2021-04-08;28881;14972;917650;317832;18.2;6.3
93;2021-04-09;33674;14628;951324;332460;18.8;6.6
93;2021-04-10;14838;8174;966162;340634;19.1;6.7
93;2021-04-11;3636;2961;969798;343595;19.2;6.8
93;2021-04-12;20617;12216;990415;355811;19.6;7.0
93;2021-04-13;25623;15239;1016038;371050;20.1;7.3
93;2021-04-14;25213;15257;1041251;386307;20.6;7.6
93;2021-04-15;27023;15659;1068274;401966;21.1;8.0
93;2021-04-16;27935;16460;1096209;418426;21.7;8.3
93;2021-04-17;12850;7743;1109059;426169;21.9;8.4
93;2021-04-18;5264;2958;1114323;429127;22.0;8.5
93;2021-04-19;19106;15956;1133429;445083;22.4;8.8
93;2021-04-20;21367;18728;1154796;463811;22.8;9.2
93;2021-04-21;23947;18320;1178743;482131;23.3;9.5
93;2021-04-22;25892;19274;1204635;501405;23.8;9.9
93;2021-04-23;25448;18201;1230083;519606;24.3;10.3
93;2021-04-24;11555;8703;1241638;528309;24.6;10.4
93;2021-04-25;3210;2140;1244848;530449;24.6;10.5
93;2021-04-26;16476;15859;1261324;546308;24.9;10.8
93;2021-04-27;19467;20165;1280791;566473;25.3;11.2
93;2021-04-28;21514;20119;1302305;586592;25.8;11.6
93;2021-04-29;27920;21788;1330225;608380;26.3;12.0
93;2021-04-30;27340;20624;1357565;629004;26.9;12.4
93;2021-05-01;11754;5311;1369319;634315;27.1;12.5
93;2021-05-02;4074;1881;1373393;636196;27.2;12.6
93;2021-05-03;20521;18197;1393914;654393;27.6;12.9
93;2021-05-04;20823;22728;1414737;677121;28.0;13.4
93;2021-05-05;19554;21512;1434291;698633;28.4;13.8
93;2021-05-06;24851;21647;1459142;720280;28.9;14.2
93;2021-05-07;22449;25011;1481591;745291;29.3;14.7
93;2021-05-08;13683;6912;1495274;752203;29.6;14.9
93;2021-05-09;3472;2319;1498746;754522;29.6;14.9
93;2021-05-10;18697;22582;1517443;777104;30.0;15.4
93;2021-05-11;25428;25642;1542871;802746;30.5;15.9
93;2021-05-12;32630;22575;1575501;825321;31.2;16.3
93;2021-05-13;28283;7913;1603784;833234;31.7;16.5
93;2021-05-14;35490;16456;1639274;849690;32.4;16.8
93;2021-05-15;29887;10287;1669161;859977;33.0;17.0
93;2021-05-16;12792;2542;1681953;862519;33.3;17.1
93;2021-05-17;25857;17513;1707810;880032;33.8;17.4
93;2021-05-18;30594;16823;1738404;896855;34.4;17.7
93;2021-05-19;30461;15294;1768865;912149;35.0;18.0
93;2021-05-20;33125;16813;1801990;928962;35.6;18.4
93;2021-05-21;34226;17940;1836216;946902;36.3;18.7
93;2021-05-22;18860;7693;1855076;954595;36.7;18.9
93;2021-05-23;5930;2032;1861006;956627;36.8;18.9
93;2021-05-24;17901;5012;1878907;961639;37.2;19.0
93;2021-05-25;23717;20502;1902624;982141;37.6;19.4
93;2021-05-26;24830;21964;1927454;1004105;38.1;19.9
93;2021-05-27;26589;23356;1954043;1027461;38.7;20.3
93;2021-05-28;22989;26662;1977032;1054123;39.1;20.9
93;2021-05-29;13174;14380;1990206;1068503;39.4;21.1
93;2021-05-30;2599;3183;1992805;1071686;39.4;21.2
93;2021-05-31;20950;21310;2013755;1092996;39.8;21.6
93;2021-06-01;24533;26213;2038288;1119209;40.3;22.1
93;2021-06-02;22267;26129;2060555;1145338;40.8;22.7
93;2021-06-03;27704;27295;2088259;1172633;41.3;23.2
93;2021-06-04;28008;28361;2116267;1200994;41.9;23.8
93;2021-06-05;16376;14236;2132643;1215230;42.2;24.0
93;2021-06-06;4896;2798;2137539;1218028;42.3;24.1
93;2021-06-07;17712;24424;2155251;1242452;42.6;24.6
93;2021-06-08;21040;24146;2176291;1266598;43.0;25.1
93;2021-06-09;20696;25791;2196987;1292389;43.5;25.6
93;2021-06-10;21665;24771;2218652;1317160;43.9;26.1
93;2021-06-11;19759;30837;2238411;1347997;44.3;26.7
93;2021-06-12;12978;15326;2251389;1363323;44.5;27.0
93;2021-06-13;2553;3327;2253942;1366650;44.6;27.0
93;2021-06-14;13365;29444;2267307;1396094;44.8;27.6
93;2021-06-15;16484;31020;2283791;1427114;45.2;28.2
93;2021-06-16;17090;25703;2300881;1452817;45.5;28.7
93;2021-06-17;17138;28200;2318019;1481017;45.9;29.3
93;2021-06-18;16239;28020;2334258;1509037;46.2;29.8
93;2021-06-19;9684;15346;2343942;1524383;46.4;30.2
93;2021-06-20;2390;3703;2346332;1528086;46.4;30.2
93;2021-06-21;9917;30471;2356249;1558557;46.6;30.8
93;2021-06-22;11532;34470;2367781;1593027;46.8;31.5
93;2021-06-23;11451;32285;2379232;1625312;47.1;32.1
93;2021-06-24;12182;34128;2391414;1659440;47.3;32.8
93;2021-06-25;11177;37931;2402591;1697371;47.5;33.6
93;2021-06-26;6687;21713;2409278;1719084;47.7;34.0
93;2021-06-27;1992;5803;2411270;1724887;47.7;34.1
93;2021-06-28;8204;32722;2419474;1757609;47.9;34.8
93;2021-06-29;9909;33876;2429383;1791485;48.1;35.4
93;2021-06-30;10624;33374;2440007;1824859;48.3;36.1
93;2021-07-01;12450;31086;2452457;1855945;48.5;36.7
93;2021-07-02;12473;33788;2464930;1889733;48.8;37.4
93;2021-07-03;7365;22029;2472295;1911762;48.9;37.8
93;2021-07-04;1841;4493;2474136;1916255;48.9;37.9
93;2021-07-05;9315;28646;2483451;1944901;49.1;38.5
94;2020-12-27;0;0;0;0;0.0;0.0
94;2020-12-28;0;0;0;0;0.0;0.0
94;2020-12-29;0;0;0;0;0.0;0.0
94;2020-12-30;0;0;0;0;0.0;0.0
94;2020-12-31;0;0;0;0;0.0;0.0
94;2021-01-01;0;0;0;0;0.0;0.0
94;2021-01-02;0;0;0;0;0.0;0.0
94;2021-01-03;0;0;0;0;0.0;0.0
94;2021-01-04;2;0;2;0;0.0;0.0
94;2021-01-05;0;0;2;0;0.0;0.0
94;2021-01-06;53;1;55;1;0.0;0.0
94;2021-01-07;333;1;388;2;0.1;0.0
94;2021-01-08;310;0;698;2;0.2;0.0
94;2021-01-09;78;0;776;2;0.2;0.0
94;2021-01-10;34;0;810;2;0.2;0.0
94;2021-01-11;151;0;961;2;0.3;0.0
94;2021-01-12;209;1;1170;3;0.3;0.0
94;2021-01-13;203;0;1373;3;0.4;0.0
94;2021-01-14;264;1;1637;4;0.5;0.0
94;2021-01-15;406;0;2043;4;0.6;0.0
94;2021-01-16;200;1;2243;5;0.7;0.0
94;2021-01-17;91;1;2334;6;0.7;0.0
94;2021-01-18;471;2;2805;8;0.8;0.0
94;2021-01-19;982;0;3787;8;1.1;0.0
94;2021-01-20;812;0;4599;8;1.3;0.0
94;2021-01-21;808;1;5407;9;1.6;0.0
94;2021-01-22;728;0;6135;9;1.8;0.0
94;2021-01-23;243;0;6378;9;1.9;0.0
94;2021-01-24;147;0;6525;9;1.9;0.0
94;2021-01-25;422;2;6947;11;2.0;0.0
94;2021-01-26;790;7;7737;18;2.2;0.0
94;2021-01-27;663;55;8400;73;2.4;0.0
94;2021-01-28;699;230;9099;303;2.6;0.1
94;2021-01-29;627;228;9726;531;2.8;0.2
94;2021-01-30;204;74;9930;605;2.9;0.2
94;2021-01-31;150;12;10080;617;2.9;0.2
94;2021-02-01;458;147;10538;764;3.1;0.2
94;2021-02-02;643;196;11181;960;3.2;0.3
94;2021-02-03;783;167;11964;1127;3.5;0.3
94;2021-02-04;714;297;12678;1424;3.7;0.4
94;2021-02-05;659;201;13337;1625;3.9;0.5
94;2021-02-06;207;75;13544;1700;3.9;0.5
94;2021-02-07;126;58;13670;1758;4.0;0.5
94;2021-02-08;322;366;13992;2124;4.1;0.6
94;2021-02-09;712;616;14704;2740;4.3;0.8
94;2021-02-10;643;430;15347;3170;4.5;0.9
94;2021-02-11;678;497;16025;3667;4.6;1.1
94;2021-02-12;641;429;16666;4096;4.8;1.2
94;2021-02-13;301;72;16967;4168;4.9;1.2
94;2021-02-14;195;78;17162;4246;5.0;1.2
94;2021-02-15;380;310;17542;4556;5.1;1.3
94;2021-02-16;634;607;18176;5163;5.3;1.5
94;2021-02-17;592;482;18768;5645;5.4;1.6
94;2021-02-18;550;546;19318;6191;5.6;1.8
94;2021-02-19;309;610;19627;6801;5.7;2.0
94;2021-02-20;275;199;19902;7000;5.8;2.0
94;2021-02-21;84;84;19986;7084;5.8;2.1
94;2021-02-22;211;406;20197;7490;5.9;2.2
94;2021-02-23;352;648;20549;8138;6.0;2.4
94;2021-02-24;299;609;20848;8747;6.0;2.5
94;2021-02-25;348;607;21196;9354;6.1;2.7
94;2021-02-26;420;555;21616;9909;6.3;2.9
94;2021-02-27;368;152;21984;10061;6.4;2.9
94;2021-02-28;70;123;22054;10184;6.4;3.0
94;2021-03-01;361;412;22415;10596;6.5;3.1
94;2021-03-02;549;655;22964;11251;6.7;3.3
94;2021-03-03;532;692;23496;11943;6.8;3.5
94;2021-03-04;950;636;24446;12579;7.1;3.6
94;2021-03-05;1584;677;26030;13256;7.6;3.8
94;2021-03-06;1843;165;27873;13421;8.1;3.9
94;2021-03-07;1381;101;29254;13522;8.5;3.9
94;2021-03-08;1228;324;30482;13846;8.8;4.0
94;2021-03-09;1313;656;31795;14502;9.2;4.2
94;2021-03-10;1259;581;33054;15083;9.6;4.4
94;2021-03-11;1307;635;34361;15718;10.0;4.6
94;2021-03-12;1517;541;35878;16259;10.4;4.7
94;2021-03-13;1118;304;36996;16563;10.7;4.8
94;2021-03-14;537;185;37533;16748;10.9;4.9
94;2021-03-15;886;401;38419;17149;11.1;5.0
94;2021-03-16;1065;641;39484;17790;11.5;5.2
94;2021-03-17;1225;530;40709;18320;11.8;5.3
94;2021-03-18;995;530;41704;18850;12.1;5.5
94;2021-03-19;1286;344;42990;19194;12.5;5.6
94;2021-03-20;1732;292;44722;19486;13.0;5.7
94;2021-03-21;1126;83;45848;19569;13.3;5.7
94;2021-03-22;889;189;46737;19758;13.6;5.7
94;2021-03-23;1302;319;48039;20077;13.9;5.8
94;2021-03-24;1688;306;49727;20383;14.4;5.9
94;2021-03-25;1753;296;51480;20679;14.9;6.0
94;2021-03-26;2031;348;53511;21027;15.5;6.1
94;2021-03-27;2273;229;55784;21256;16.2;6.2
94;2021-03-28;1070;217;56854;21473;16.5;6.2
94;2021-03-29;1025;312;57879;21785;16.8;6.3
94;2021-03-30;1352;555;59231;22340;17.2;6.5
94;2021-03-31;1428;488;60659;22828;17.6;6.6
94;2021-04-01;1638;679;62297;23507;18.1;6.8
94;2021-04-02;1863;1190;64160;24697;18.6;7.2
94;2021-04-03;1890;1128;66050;25825;19.2;7.5
94;2021-04-04;771;843;66821;26668;19.4;7.7
94;2021-04-05;629;807;67450;27475;19.6;8.0
94;2021-04-06;1579;912;69029;28387;20.0;8.2
94;2021-04-07;2010;849;71039;29236;20.6;8.5
94;2021-04-08;2174;756;73213;29992;21.2;8.7
94;2021-04-09;2100;951;75313;30943;21.9;9.0
94;2021-04-10;2402;627;77715;31570;22.5;9.2
94;2021-04-11;1173;315;78888;31885;22.9;9.3
94;2021-04-12;1517;898;80405;32783;23.3;9.5
94;2021-04-13;1384;1008;81789;33791;23.7;9.8
94;2021-04-14;2088;1075;83877;34866;24.3;10.1
94;2021-04-15;1922;1030;85799;35896;24.9;10.4
94;2021-04-16;1777;1038;87576;36934;25.4;10.7
94;2021-04-17;1750;1373;89326;38307;25.9;11.1
94;2021-04-18;1234;1280;90560;39587;26.3;11.5
94;2021-04-19;1091;772;91651;40359;26.6;11.7
94;2021-04-20;1249;1192;92900;41551;27.0;12.1
94;2021-04-21;1781;1334;94681;42885;27.5;12.4
94;2021-04-22;1832;1375;96513;44260;28.0;12.8
94;2021-04-23;1647;1403;98160;45663;28.5;13.2
94;2021-04-24;2030;1745;100190;47408;29.1;13.8
94;2021-04-25;1261;777;101451;48185;29.4;14.0
94;2021-04-26;1015;1145;102466;49330;29.7;14.3
94;2021-04-27;1308;1218;103774;50548;30.1;14.7
94;2021-04-28;2587;1274;106361;51822;30.9;15.0
94;2021-04-29;1969;1223;108330;53045;31.4;15.4
94;2021-04-30;2262;1882;110592;54927;32.1;15.9
94;2021-05-01;1423;1689;112015;56616;32.5;16.4
94;2021-05-02;1009;949;113024;57565;32.8;16.7
94;2021-05-03;1600;1068;114624;58633;33.3;17.0
94;2021-05-04;1557;1683;116181;60316;33.7;17.5
94;2021-05-05;1809;2356;117990;62672;34.2;18.2
94;2021-05-06;2187;1812;120177;64484;34.9;18.7
94;2021-05-07;2212;1818;122389;66302;35.5;19.2
94;2021-05-08;873;1353;123262;67655;35.8;19.6
94;2021-05-09;1175;1319;124437;68974;36.1;20.0
94;2021-05-10;1373;1538;125810;70512;36.5;20.5
94;2021-05-11;1580;1574;127390;72086;37.0;20.9
94;2021-05-12;1768;1379;129158;73465;37.5;21.3
94;2021-05-13;1940;512;131098;73977;38.0;21.5
94;2021-05-14;1513;1258;132611;75235;38.5;21.8
94;2021-05-15;1479;997;134090;76232;38.9;22.1
94;2021-05-16;1032;674;135122;76906;39.2;22.3
94;2021-05-17;1581;967;136703;77873;39.7;22.6
94;2021-05-18;1602;858;138305;78731;40.1;22.8
94;2021-05-19;1551;896;139856;79627;40.6;23.1
94;2021-05-20;1354;895;141210;80522;41.0;23.4
94;2021-05-21;1234;981;142444;81503;41.3;23.6
94;2021-05-22;1015;698;143459;82201;41.6;23.8
94;2021-05-23;696;329;144155;82530;41.8;23.9
94;2021-05-24;164;147;144319;82677;41.9;24.0
94;2021-05-25;956;855;145275;83532;42.1;24.2
94;2021-05-26;953;1953;146228;85485;42.4;24.8
94;2021-05-27;836;2241;147064;87726;42.7;25.5
94;2021-05-28;838;1821;147902;89547;42.9;26.0
94;2021-05-29;645;1253;148547;90800;43.1;26.3
94;2021-05-30;226;550;148773;91350;43.2;26.5
94;2021-05-31;557;1241;149330;92591;43.3;26.9
94;2021-06-01;736;1767;150066;94358;43.5;27.4
94;2021-06-02;628;1926;150694;96284;43.7;27.9
94;2021-06-03;783;1647;151477;97931;43.9;28.4
94;2021-06-04;608;2344;152085;100275;44.1;29.1
94;2021-06-05;562;1938;152647;102213;44.3;29.7
94;2021-06-06;220;1039;152867;103252;44.4;30.0
94;2021-06-07;438;1608;153305;104860;44.5;30.4
94;2021-06-08;693;1870;153998;106730;44.7;31.0
94;2021-06-09;796;2494;154794;109224;44.9;31.7
94;2021-06-10;670;1792;155464;111016;45.1;32.2
94;2021-06-11;691;2295;156155;113311;45.3;32.9
94;2021-06-12;354;1208;156509;114519;45.4;33.2
94;2021-06-13;204;855;156713;115374;45.5;33.5
94;2021-06-14;421;2038;157134;117412;45.6;34.1
94;2021-06-15;546;1724;157680;119136;45.7;34.6
94;2021-06-16;575;1712;158255;120848;45.9;35.1
94;2021-06-17;612;1637;158867;122485;46.1;35.5
94;2021-06-18;575;1877;159442;124362;46.3;36.1
94;2021-06-19;342;1014;159784;125376;46.4;36.4
94;2021-06-20;188;888;159972;126264;46.4;36.6
94;2021-06-21;435;1756;160407;128020;46.5;37.1
94;2021-06-22;542;1959;160949;129979;46.7;37.7
94;2021-06-23;401;1439;161350;131418;46.8;38.1
94;2021-06-24;463;1125;161813;132543;46.9;38.5
94;2021-06-25;368;1546;162181;134089;47.1;38.9
94;2021-06-26;300;1421;162481;135510;47.1;39.3
94;2021-06-27;201;1007;162682;136517;47.2;39.6
94;2021-06-28;511;1652;163193;138169;47.3;40.1
94;2021-06-29;471;1677;163664;139846;47.5;40.6
94;2021-06-30;604;1435;164268;141281;47.7;41.0
94;2021-07-01;410;983;164678;142264;47.8;41.3
94;2021-07-02;354;919;165032;143183;47.9;41.5
94;2021-07-03;289;1007;165321;144190;48.0;41.8
94;2021-07-04;168;663;165489;144853;48.0;42.0
94;2021-07-05;408;881;165897;145734;48.1;42.3
