fra;clage_vacsi;jour;n_dose1;n_complet;n_cum_dose1;n_cum_complet;couv_dose1;couv_complet
FR;24;2020-12-27;1;0;1;0;0.0;0.0
FR;24;2020-12-28;3;0;4;0;0.0;0.0
FR;24;2020-12-29;0;0;4;0;0.0;0.0
FR;24;2020-12-30;0;0;4;0;0.0;0.0
FR;24;2020-12-31;1;0;5;0;0.0;0.0
FR;24;2021-01-01;2;0;7;0;0.0;0.0
FR;24;2021-01-02;1;0;8;0;0.0;0.0
FR;24;2021-01-03;2;0;10;0;0.0;0.0
FR;24;2021-01-04;4;0;14;0;0.0;0.0
FR;24;2021-01-05;17;1;31;1;0.0;0.0
FR;24;2021-01-06;36;0;67;1;0.0;0.0
FR;24;2021-01-07;180;0;247;1;0.0;0.0
FR;24;2021-01-08;216;0;463;1;0.0;0.0
FR;24;2021-01-09;39;0;502;1;0.0;0.0
FR;24;2021-01-10;35;0;537;1;0.0;0.0
FR;24;2021-01-11;254;2;791;3;0.0;0.0
FR;24;2021-01-12;398;5;1189;8;0.0;0.0
FR;24;2021-01-13;482;5;1671;13;0.0;0.0
FR;24;2021-01-14;616;6;2287;19;0.0;0.0
FR;24;2021-01-15;600;2;2887;21;0.1;0.0
FR;24;2021-01-16;118;3;3005;24;0.1;0.0
FR;24;2021-01-17;94;0;3099;24;0.1;0.0
FR;24;2021-01-18;510;5;3609;29;0.1;0.0
FR;24;2021-01-19;599;5;4208;34;0.1;0.0
FR;24;2021-01-20;652;2;4860;36;0.1;0.0
FR;24;2021-01-21;761;4;5621;40;0.1;0.0
FR;24;2021-01-22;604;5;6225;45;0.1;0.0
FR;24;2021-01-23;117;0;6342;45;0.1;0.0
FR;24;2021-01-24;22;0;6364;45;0.1;0.0
FR;24;2021-01-25;294;5;6658;50;0.1;0.0
FR;24;2021-01-26;367;13;7025;63;0.1;0.0
FR;24;2021-01-27;447;14;7472;77;0.1;0.0
FR;24;2021-01-28;602;51;8074;128;0.1;0.0
FR;24;2021-01-29;470;85;8544;213;0.2;0.0
FR;24;2021-01-30;87;16;8631;229;0.2;0.0
FR;24;2021-01-31;25;13;8656;242;0.2;0.0
FR;24;2021-02-01;157;136;8813;378;0.2;0.0
FR;24;2021-02-02;219;182;9032;560;0.2;0.0
FR;24;2021-02-03;218;187;9250;747;0.2;0.0
FR;24;2021-02-04;359;316;9609;1063;0.2;0.0
FR;24;2021-02-05;348;345;9957;1408;0.2;0.0
FR;24;2021-02-06;83;71;10040;1479;0.2;0.0
FR;24;2021-02-07;169;31;10209;1510;0.2;0.0
FR;24;2021-02-08;388;361;10597;1871;0.2;0.0
FR;24;2021-02-09;749;461;11346;2332;0.2;0.0
FR;24;2021-02-10;1095;606;12441;2938;0.2;0.1
FR;24;2021-02-11;1580;728;14021;3666;0.3;0.1
FR;24;2021-02-12;1627;575;15648;4241;0.3;0.1
FR;24;2021-02-13;292;95;15940;4336;0.3;0.1
FR;24;2021-02-14;63;32;16003;4368;0.3;0.1
FR;24;2021-02-15;1050;391;17053;4759;0.3;0.1
FR;24;2021-02-16;1567;591;18620;5350;0.3;0.1
FR;24;2021-02-17;1496;507;20116;5857;0.4;0.1
FR;24;2021-02-18;1953;642;22069;6499;0.4;0.1
FR;24;2021-02-19;1861;583;23930;7082;0.4;0.1
FR;24;2021-02-20;335;89;24265;7171;0.4;0.1
FR;24;2021-02-21;41;19;24306;7190;0.4;0.1
FR;24;2021-02-22;1171;303;25477;7493;0.5;0.1
FR;24;2021-02-23;1591;401;27068;7894;0.5;0.1
FR;24;2021-02-24;1657;354;28725;8248;0.5;0.2
FR;24;2021-02-25;2292;509;31017;8757;0.6;0.2
FR;24;2021-02-26;2208;423;33225;9180;0.6;0.2
FR;24;2021-02-27;534;91;33759;9271;0.6;0.2
FR;24;2021-02-28;92;17;33851;9288;0.6;0.2
FR;24;2021-03-01;1270;257;35121;9545;0.6;0.2
FR;24;2021-03-02;1668;333;36789;9878;0.7;0.2
FR;24;2021-03-03;1773;390;38562;10268;0.7;0.2
FR;24;2021-03-04;2192;550;40754;10818;0.8;0.2
FR;24;2021-03-05;3334;549;44088;11367;0.8;0.2
FR;24;2021-03-06;1727;162;45815;11529;0.8;0.2
FR;24;2021-03-07;990;90;46805;11619;0.9;0.2
FR;24;2021-03-08;1987;277;48792;11896;0.9;0.2
FR;24;2021-03-09;2644;366;51436;12262;0.9;0.2
FR;24;2021-03-10;2455;403;53891;12665;1.0;0.2
FR;24;2021-03-11;2964;563;56855;13228;1.0;0.2
FR;24;2021-03-12;3858;492;60713;13720;1.1;0.3
FR;24;2021-03-13;1500;126;62213;13846;1.1;0.3
FR;24;2021-03-14;536;44;62749;13890;1.2;0.3
FR;24;2021-03-15;1845;286;64594;14176;1.2;0.3
FR;24;2021-03-16;834;320;65428;14496;1.2;0.3
FR;24;2021-03-17;1081;336;66509;14832;1.2;0.3
FR;24;2021-03-18;1310;462;67819;15294;1.3;0.3
FR;24;2021-03-19;1877;386;69696;15680;1.3;0.3
FR;24;2021-03-20;839;96;70535;15776;1.3;0.3
FR;24;2021-03-21;637;79;71172;15855;1.3;0.3
FR;24;2021-03-22;1507;320;72679;16175;1.3;0.3
FR;24;2021-03-23;1809;418;74488;16593;1.4;0.3
FR;24;2021-03-24;2164;386;76652;16979;1.4;0.3
FR;24;2021-03-25;2567;525;79219;17504;1.5;0.3
FR;24;2021-03-26;3172;528;82391;18032;1.5;0.3
FR;24;2021-03-27;1905;226;84296;18258;1.6;0.3
FR;24;2021-03-28;1012;85;85308;18343;1.6;0.3
FR;24;2021-03-29;2461;392;87769;18735;1.6;0.3
FR;24;2021-03-30;3654;561;91423;19296;1.7;0.4
FR;24;2021-03-31;4195;572;95618;19868;1.8;0.4
FR;24;2021-04-01;5443;815;101061;20683;1.9;0.4
FR;24;2021-04-02;4487;677;105548;21360;1.9;0.4
FR;24;2021-04-03;1755;351;107303;21711;2.0;0.4
FR;24;2021-04-04;957;132;108260;21843;2.0;0.4
FR;24;2021-04-05;1101;143;109361;21986;2.0;0.4
FR;24;2021-04-06;3573;629;112934;22615;2.1;0.4
FR;24;2021-04-07;4799;872;117733;23487;2.2;0.4
FR;24;2021-04-08;6404;1171;124137;24658;2.3;0.5
FR;24;2021-04-09;5801;1126;129938;25784;2.4;0.5
FR;24;2021-04-10;2630;591;132568;26375;2.4;0.5
FR;24;2021-04-11;1260;322;133828;26697;2.5;0.5
FR;24;2021-04-12;3456;966;137284;27663;2.5;0.5
FR;24;2021-04-13;4789;1181;142073;28844;2.6;0.5
FR;24;2021-04-14;4978;1359;147051;30203;2.7;0.6
FR;24;2021-04-15;5239;1624;152290;31827;2.8;0.6
FR;24;2021-04-16;4854;1709;157144;33536;2.9;0.6
FR;24;2021-04-17;2142;813;159286;34349;2.9;0.6
FR;24;2021-04-18;725;445;160011;34794;3.0;0.6
FR;24;2021-04-19;2954;1537;162965;36331;3.0;0.7
FR;24;2021-04-20;3139;2154;166104;38485;3.1;0.7
FR;24;2021-04-21;3453;2504;169557;40989;3.1;0.8
FR;24;2021-04-22;4053;3165;173610;44154;3.2;0.8
FR;24;2021-04-23;4235;3323;177845;47477;3.3;0.9
FR;24;2021-04-24;2397;1691;180242;49168;3.3;0.9
FR;24;2021-04-25;1232;805;181474;49973;3.3;0.9
FR;24;2021-04-26;3132;2202;184606;52175;3.4;1.0
FR;24;2021-04-27;3954;3198;188560;55373;3.5;1.0
FR;24;2021-04-28;4497;3776;193057;59149;3.6;1.1
FR;24;2021-04-29;5542;4485;198599;63634;3.7;1.2
FR;24;2021-04-30;6273;4651;204872;68285;3.8;1.3
FR;24;2021-05-01;4032;1101;208904;69386;3.9;1.3
FR;24;2021-05-02;2794;910;211698;70296;3.9;1.3
FR;24;2021-05-03;6398;4176;218096;74472;4.0;1.4
FR;24;2021-05-04;7653;4754;225749;79226;4.2;1.5
FR;24;2021-05-05;8806;5002;234555;84228;4.3;1.6
FR;24;2021-05-06;10949;6409;245504;90637;4.5;1.7
FR;24;2021-05-07;12164;6469;257668;97106;4.8;1.8
FR;24;2021-05-08;10088;2568;267756;99674;4.9;1.8
FR;24;2021-05-09;6892;1951;274648;101625;5.1;1.9
FR;24;2021-05-10;11133;4998;285781;106623;5.3;2.0
FR;24;2021-05-11;15634;5803;301415;112426;5.6;2.1
FR;24;2021-05-12;22946;6228;324361;118654;6.0;2.2
FR;24;2021-05-13;27632;3113;351993;121767;6.5;2.2
FR;24;2021-05-14;32761;5606;384754;127373;7.1;2.3
FR;24;2021-05-15;34169;4040;418923;131413;7.7;2.4
FR;24;2021-05-16;21910;2018;440833;133431;8.1;2.5
FR;24;2021-05-17;29633;5290;470466;138721;8.7;2.6
FR;24;2021-05-18;37997;6116;508463;144837;9.4;2.7
FR;24;2021-05-19;40221;7099;548684;151936;10.1;2.8
FR;24;2021-05-20;45981;7515;594665;159451;11.0;2.9
FR;24;2021-05-21;47416;7285;642081;166736;11.8;3.1
FR;24;2021-05-22;44683;4542;686764;171278;12.7;3.2
FR;24;2021-05-23;24027;2343;710791;173621;13.1;3.2
FR;24;2021-05-24;34393;3605;745184;177226;13.7;3.3
FR;24;2021-05-25;44773;7826;789957;185052;14.6;3.4
FR;24;2021-05-26;45946;7380;835903;192432;15.4;3.5
FR;24;2021-05-27;52083;8526;887986;200958;16.4;3.7
FR;24;2021-05-28;48840;8945;936826;209903;17.3;3.9
FR;24;2021-05-29;44015;5908;980841;215811;18.1;4.0
FR;24;2021-05-30;18367;2244;999208;218055;18.4;4.0
FR;24;2021-05-31;51828;8212;1051036;226267;19.4;4.2
FR;24;2021-06-01;59384;10118;1110420;236385;20.5;4.4
FR;24;2021-06-02;60713;9533;1171133;245918;21.6;4.5
FR;24;2021-06-03;67288;10480;1238421;256398;22.8;4.7
FR;24;2021-06-04;64622;10646;1303043;267044;24.0;4.9
FR;24;2021-06-05;54828;7730;1357871;274774;25.0;5.1
FR;24;2021-06-06;26695;3599;1384566;278373;25.5;5.1
FR;24;2021-06-07;56736;9840;1441302;288213;26.6;5.3
FR;24;2021-06-08;62478;10838;1503780;299051;27.7;5.5
FR;24;2021-06-09;61435;11299;1565215;310350;28.9;5.7
FR;24;2021-06-10;63068;13879;1628283;324229;30.0;6.0
FR;24;2021-06-11;59334;12941;1687617;337170;31.1;6.2
FR;24;2021-06-12;53165;11486;1740782;348656;32.1;6.4
FR;24;2021-06-13;20621;5344;1761403;354000;32.5;6.5
FR;24;2021-06-14;41225;13429;1802628;367429;33.2;6.8
FR;24;2021-06-15;43503;14535;1846131;381964;34.0;7.0
FR;29;2020-12-27;0;0;0;0;0.0;0.0
FR;29;2020-12-28;1;0;1;0;0.0;0.0
FR;29;2020-12-29;0;0;1;0;0.0;0.0
FR;29;2020-12-30;0;0;1;0;0.0;0.0
FR;29;2020-12-31;1;0;2;0;0.0;0.0
FR;29;2021-01-01;2;0;4;0;0.0;0.0
FR;29;2021-01-02;3;0;7;0;0.0;0.0
FR;29;2021-01-03;3;0;10;0;0.0;0.0
FR;29;2021-01-04;10;0;20;0;0.0;0.0
FR;29;2021-01-05;42;0;62;0;0.0;0.0
FR;29;2021-01-06;142;0;204;0;0.0;0.0
FR;29;2021-01-07;307;2;511;2;0.0;0.0
FR;29;2021-01-08;521;5;1032;7;0.0;0.0
FR;29;2021-01-09;113;0;1145;7;0.0;0.0
FR;29;2021-01-10;91;1;1236;8;0.0;0.0
FR;29;2021-01-11;647;4;1883;12;0.1;0.0
FR;29;2021-01-12;941;14;2824;26;0.1;0.0
FR;29;2021-01-13;1221;13;4045;39;0.1;0.0
FR;29;2021-01-14;1568;17;5613;56;0.2;0.0
FR;29;2021-01-15;1317;7;6930;63;0.2;0.0
FR;29;2021-01-16;193;4;7123;67;0.2;0.0
FR;29;2021-01-17;158;0;7281;67;0.2;0.0
FR;29;2021-01-18;1042;16;8323;83;0.2;0.0
FR;29;2021-01-19;1151;6;9474;89;0.3;0.0
FR;29;2021-01-20;1200;8;10674;97;0.3;0.0
FR;29;2021-01-21;1466;9;12140;106;0.3;0.0
FR;29;2021-01-22;1155;11;13295;117;0.4;0.0
FR;29;2021-01-23;170;2;13465;119;0.4;0.0
FR;29;2021-01-24;52;0;13517;119;0.4;0.0
FR;29;2021-01-25;541;19;14058;138;0.4;0.0
FR;29;2021-01-26;667;36;14725;174;0.4;0.0
FR;29;2021-01-27;731;63;15456;237;0.4;0.0
FR;29;2021-01-28;1041;125;16497;362;0.4;0.0
FR;29;2021-01-29;805;173;17302;535;0.5;0.0
FR;29;2021-01-30;141;40;17443;575;0.5;0.0
FR;29;2021-01-31;34;26;17477;601;0.5;0.0
FR;29;2021-02-01;263;295;17740;896;0.5;0.0
FR;29;2021-02-02;410;372;18150;1268;0.5;0.0
FR;29;2021-02-03;459;461;18609;1729;0.5;0.0
FR;29;2021-02-04;618;718;19227;2447;0.5;0.1
FR;29;2021-02-05;536;749;19763;3196;0.5;0.1
FR;29;2021-02-06;143;109;19906;3305;0.5;0.1
FR;29;2021-02-07;304;68;20210;3373;0.5;0.1
FR;29;2021-02-08;605;808;20815;4181;0.6;0.1
FR;29;2021-02-09;1250;1027;22065;5208;0.6;0.1
FR;29;2021-02-10;1716;1154;23781;6362;0.6;0.2
FR;29;2021-02-11;2473;1445;26254;7807;0.7;0.2
FR;29;2021-02-12;2223;1242;28477;9049;0.8;0.2
FR;29;2021-02-13;429;158;28906;9207;0.8;0.2
FR;29;2021-02-14;134;81;29040;9288;0.8;0.2
FR;29;2021-02-15;1574;808;30614;10096;0.8;0.3
FR;29;2021-02-16;1926;1179;32540;11275;0.9;0.3
FR;29;2021-02-17;1892;968;34432;12243;0.9;0.3
FR;29;2021-02-18;2404;1186;36836;13429;1.0;0.4
FR;29;2021-02-19;2326;959;39162;14388;1.1;0.4
FR;29;2021-02-20;385;126;39547;14514;1.1;0.4
FR;29;2021-02-21;86;43;39633;14557;1.1;0.4
FR;29;2021-02-22;1364;540;40997;15097;1.1;0.4
FR;29;2021-02-23;1765;669;42762;15766;1.2;0.4
FR;29;2021-02-24;1791;549;44553;16315;1.2;0.4
FR;29;2021-02-25;2411;965;46964;17280;1.3;0.5
FR;29;2021-02-26;2586;682;49550;17962;1.3;0.5
FR;29;2021-02-27;607;113;50157;18075;1.3;0.5
FR;29;2021-02-28;112;28;50269;18103;1.4;0.5
FR;29;2021-03-01;1314;362;51583;18465;1.4;0.5
FR;29;2021-03-02;1808;615;53391;19080;1.4;0.5
FR;29;2021-03-03;1997;619;55388;19699;1.5;0.5
FR;29;2021-03-04;2520;795;57908;20494;1.6;0.6
FR;29;2021-03-05;3641;763;61549;21257;1.7;0.6
FR;29;2021-03-06;1648;154;63197;21411;1.7;0.6
FR;29;2021-03-07;820;105;64017;21516;1.7;0.6
FR;29;2021-03-08;1978;425;65995;21941;1.8;0.6
FR;29;2021-03-09;2672;526;68667;22467;1.8;0.6
FR;29;2021-03-10;2594;548;71261;23015;1.9;0.6
FR;29;2021-03-11;3375;884;74636;23899;2.0;0.6
FR;29;2021-03-12;3998;780;78634;24679;2.1;0.7
FR;29;2021-03-13;1637;157;80271;24836;2.2;0.7
FR;29;2021-03-14;568;66;80839;24902;2.2;0.7
FR;29;2021-03-15;1896;395;82735;25297;2.2;0.7
FR;29;2021-03-16;1122;513;83857;25810;2.3;0.7
FR;29;2021-03-17;1385;524;85242;26334;2.3;0.7
FR;29;2021-03-18;1655;699;86897;27033;2.3;0.7
FR;29;2021-03-19;2245;587;89142;27620;2.4;0.7
FR;29;2021-03-20;989;138;90131;27758;2.4;0.7
FR;29;2021-03-21;725;68;90856;27826;2.4;0.7
FR;29;2021-03-22;1669;422;92525;28248;2.5;0.8
FR;29;2021-03-23;2224;622;94749;28870;2.5;0.8
FR;29;2021-03-24;2544;598;97293;29468;2.6;0.8
FR;29;2021-03-25;3394;719;100687;30187;2.7;0.8
FR;29;2021-03-26;3744;747;104431;30934;2.8;0.8
FR;29;2021-03-27;2151;278;106582;31212;2.9;0.8
FR;29;2021-03-28;966;83;107548;31295;2.9;0.8
FR;29;2021-03-29;2770;556;110318;31851;3.0;0.9
FR;29;2021-03-30;4021;761;114339;32612;3.1;0.9
FR;29;2021-03-31;4549;854;118888;33466;3.2;0.9
FR;29;2021-04-01;5891;1069;124779;34535;3.4;0.9
FR;29;2021-04-02;4933;970;129712;35505;3.5;1.0
FR;29;2021-04-03;1782;348;131494;35853;3.5;1.0
FR;29;2021-04-04;901;128;132395;35981;3.6;1.0
FR;29;2021-04-05;926;119;133321;36100;3.6;1.0
FR;29;2021-04-06;3521;797;136842;36897;3.7;1.0
FR;29;2021-04-07;4564;1152;141406;38049;3.8;1.0
FR;29;2021-04-08;6299;1529;147705;39578;4.0;1.1
FR;29;2021-04-09;6316;1325;154021;40903;4.1;1.1
FR;29;2021-04-10;2653;642;156674;41545;4.2;1.1
FR;29;2021-04-11;1163;346;157837;41891;4.2;1.1
FR;29;2021-04-12;3607;1067;161444;42958;4.3;1.2
FR;29;2021-04-13;4903;1535;166347;44493;4.5;1.2
FR;29;2021-04-14;4794;1529;171141;46022;4.6;1.2
FR;29;2021-04-15;5636;1857;176777;47879;4.8;1.3
FR;29;2021-04-16;4834;1912;181611;49791;4.9;1.3
FR;29;2021-04-17;2248;929;183859;50720;4.9;1.4
FR;29;2021-04-18;777;522;184636;51242;5.0;1.4
FR;29;2021-04-19;2871;1784;187507;53026;5.0;1.4
FR;29;2021-04-20;3531;2527;191038;55553;5.1;1.5
FR;29;2021-04-21;3502;2810;194540;58363;5.2;1.6
FR;29;2021-04-22;4484;3876;199024;62239;5.4;1.7
FR;29;2021-04-23;4625;3820;203649;66059;5.5;1.8
FR;29;2021-04-24;2709;1841;206358;67900;5.6;1.8
FR;29;2021-04-25;1195;743;207553;68643;5.6;1.8
FR;29;2021-04-26;3017;2484;210570;71127;5.7;1.9
FR;29;2021-04-27;4021;3619;214591;74746;5.8;2.0
FR;29;2021-04-28;4747;4056;219338;78802;5.9;2.1
FR;29;2021-04-29;5950;5014;225288;83816;6.1;2.3
FR;29;2021-04-30;6539;5251;231827;89067;6.2;2.4
FR;29;2021-05-01;4291;1232;236118;90299;6.4;2.4
FR;29;2021-05-02;2637;927;238755;91226;6.4;2.5
FR;29;2021-05-03;6984;4312;245739;95538;6.6;2.6
FR;29;2021-05-04;8257;5235;253996;100773;6.8;2.7
FR;29;2021-05-05;9702;5220;263698;105993;7.1;2.9
FR;29;2021-05-06;11341;6587;275039;112580;7.4;3.0
FR;29;2021-05-07;11790;6648;286829;119228;7.7;3.2
FR;29;2021-05-08;9041;2295;295870;121523;8.0;3.3
FR;29;2021-05-09;5938;1758;301808;123281;8.1;3.3
FR;29;2021-05-10;10728;5331;312536;128612;8.4;3.5
FR;29;2021-05-11;14663;6402;327199;135014;8.8;3.6
FR;29;2021-05-12;20148;6364;347347;141378;9.3;3.8
FR;29;2021-05-13;19886;2393;367233;143771;9.9;3.9
FR;29;2021-05-14;22775;4460;390008;148231;10.5;4.0
FR;29;2021-05-15;21556;2995;411564;151226;11.1;4.1
FR;29;2021-05-16;13416;1368;424980;152594;11.4;4.1
FR;29;2021-05-17;21655;5015;446635;157609;12.0;4.2
FR;29;2021-05-18;28506;5775;475141;163384;12.8;4.4
FR;29;2021-05-19;29128;6020;504269;169404;13.6;4.6
FR;29;2021-05-20;32934;6592;537203;175996;14.5;4.7
FR;29;2021-05-21;32160;6227;569363;182223;15.3;4.9
FR;29;2021-05-22;26224;3063;595587;185286;16.0;5.0
FR;29;2021-05-23;14221;1512;609808;186798;16.4;5.0
FR;29;2021-05-24;22607;2661;632415;189459;17.0;5.1
FR;29;2021-05-25;30665;6602;663080;196061;17.8;5.3
FR;29;2021-05-26;32790;6659;695870;202720;18.7;5.5
FR;29;2021-05-27;35861;7670;731731;210390;19.7;5.7
FR;29;2021-05-28;33454;7953;765185;218343;20.6;5.9
FR;29;2021-05-29;26622;4282;791807;222625;21.3;6.0
FR;29;2021-05-30;11846;1645;803653;224270;21.6;6.0
FR;29;2021-05-31;33652;6832;837305;231102;22.5;6.2
FR;29;2021-06-01;38538;8270;875843;239372;23.6;6.4
FR;29;2021-06-02;38915;7852;914758;247224;24.6;6.7
FR;29;2021-06-03;43927;8876;958685;256100;25.8;6.9
FR;29;2021-06-04;42601;9095;1001286;265195;26.9;7.1
FR;29;2021-06-05;31682;5638;1032968;270833;27.8;7.3
FR;29;2021-06-06;16859;2564;1049827;273397;28.2;7.4
FR;29;2021-06-07;37143;8233;1086970;281630;29.2;7.6
FR;29;2021-06-08;41236;9105;1128206;290735;30.4;7.8
FR;29;2021-06-09;39309;9505;1167515;300240;31.4;8.1
FR;29;2021-06-10;41385;11339;1208900;311579;32.5;8.4
FR;29;2021-06-11;38221;11033;1247121;322612;33.6;8.7
FR;29;2021-06-12;31462;8556;1278583;331168;34.4;8.9
FR;29;2021-06-13;13740;4306;1292323;335474;34.8;9.0
FR;29;2021-06-14;25981;11986;1318304;347460;35.5;9.3
FR;29;2021-06-15;28244;13322;1346548;360782;36.2;9.7
FR;39;2020-12-27;0;0;0;0;0.0;0.0
FR;39;2020-12-28;0;0;0;0;0.0;0.0
FR;39;2020-12-29;1;0;1;0;0.0;0.0
FR;39;2020-12-30;5;0;6;0;0.0;0.0
FR;39;2020-12-31;1;0;7;0;0.0;0.0
FR;39;2021-01-01;4;0;11;0;0.0;0.0
FR;39;2021-01-02;2;1;13;1;0.0;0.0
FR;39;2021-01-03;2;0;15;1;0.0;0.0
FR;39;2021-01-04;23;0;38;1;0.0;0.0
FR;39;2021-01-05;140;0;178;1;0.0;0.0
FR;39;2021-01-06;386;0;564;1;0.0;0.0
FR;39;2021-01-07;1179;6;1743;7;0.0;0.0
FR;39;2021-01-08;1791;5;3534;12;0.0;0.0
FR;39;2021-01-09;476;0;4010;12;0.0;0.0
FR;39;2021-01-10;308;1;4318;13;0.1;0.0
FR;39;2021-01-11;2218;11;6536;24;0.1;0.0
FR;39;2021-01-12;3424;21;9960;45;0.1;0.0
FR;39;2021-01-13;3511;21;13471;66;0.2;0.0
FR;39;2021-01-14;4791;57;18262;123;0.2;0.0
FR;39;2021-01-15;4406;25;22668;148;0.3;0.0
FR;39;2021-01-16;771;4;23439;152;0.3;0.0
FR;39;2021-01-17;493;5;23932;157;0.3;0.0
FR;39;2021-01-18;3081;40;27013;197;0.3;0.0
FR;39;2021-01-19;4014;20;31027;217;0.4;0.0
FR;39;2021-01-20;3920;23;34947;240;0.4;0.0
FR;39;2021-01-21;5157;27;40104;267;0.5;0.0
FR;39;2021-01-22;3976;40;44080;307;0.5;0.0
FR;39;2021-01-23;595;4;44675;311;0.5;0.0
FR;39;2021-01-24;184;0;44859;311;0.5;0.0
FR;39;2021-01-25;1599;46;46458;357;0.6;0.0
FR;39;2021-01-26;2171;104;48629;461;0.6;0.0
FR;39;2021-01-27;2289;218;50918;679;0.6;0.0
FR;39;2021-01-28;3492;479;54410;1158;0.7;0.0
FR;39;2021-01-29;2679;703;57089;1861;0.7;0.0
FR;39;2021-01-30;396;215;57485;2076;0.7;0.0
FR;39;2021-01-31;89;78;57574;2154;0.7;0.0
FR;39;2021-02-01;752;1061;58326;3215;0.7;0.0
FR;39;2021-02-02;1336;1650;59662;4865;0.7;0.1
FR;39;2021-02-03;1365;1662;61027;6527;0.7;0.1
FR;39;2021-02-04;1990;2542;63017;9069;0.8;0.1
FR;39;2021-02-05;1649;2707;64666;11776;0.8;0.1
FR;39;2021-02-06;400;433;65066;12209;0.8;0.1
FR;39;2021-02-07;554;212;65620;12421;0.8;0.1
FR;39;2021-02-08;1521;2431;67141;14852;0.8;0.2
FR;39;2021-02-09;3169;3394;70310;18246;0.8;0.2
FR;39;2021-02-10;3896;3541;74206;21787;0.9;0.3
FR;39;2021-02-11;6178;4894;80384;26681;1.0;0.3
FR;39;2021-02-12;5828;4027;86212;30708;1.0;0.4
FR;39;2021-02-13;1243;549;87455;31257;1.1;0.4
FR;39;2021-02-14;390;268;87845;31525;1.1;0.4
FR;39;2021-02-15;3425;2406;91270;33931;1.1;0.4
FR;39;2021-02-16;4423;3386;95693;37317;1.2;0.4
FR;39;2021-02-17;3991;2895;99684;40212;1.2;0.5
FR;39;2021-02-18;5985;3935;105669;44147;1.3;0.5
FR;39;2021-02-19;5854;3111;111523;47258;1.3;0.6
FR;39;2021-02-20;1140;479;112663;47737;1.4;0.6
FR;39;2021-02-21;187;122;112850;47859;1.4;0.6
FR;39;2021-02-22;3016;1688;115866;49547;1.4;0.6
FR;39;2021-02-23;3929;1950;119795;51497;1.4;0.6
FR;39;2021-02-24;3738;1744;123533;53241;1.5;0.6
FR;39;2021-02-25;5624;2587;129157;55828;1.6;0.7
FR;39;2021-02-26;6109;1973;135266;57801;1.6;0.7
FR;39;2021-02-27;1667;318;136933;58119;1.7;0.7
FR;39;2021-02-28;241;126;137174;58245;1.7;0.7
FR;39;2021-03-01;2969;1032;140143;59277;1.7;0.7
FR;39;2021-03-02;4278;1673;144421;60950;1.7;0.7
FR;39;2021-03-03;4287;1574;148708;62524;1.8;0.8
FR;39;2021-03-04;6363;2398;155071;64922;1.9;0.8
FR;39;2021-03-05;9232;2214;164303;67136;2.0;0.8
FR;39;2021-03-06;4980;460;169283;67596;2.0;0.8
FR;39;2021-03-07;2659;291;171942;67887;2.1;0.8
FR;39;2021-03-08;4712;1174;176654;69061;2.1;0.8
FR;39;2021-03-09;6949;1605;183603;70666;2.2;0.9
FR;39;2021-03-10;6154;1605;189757;72271;2.3;0.9
FR;39;2021-03-11;8764;2528;198521;74799;2.4;0.9
FR;39;2021-03-12;11538;2277;210059;77076;2.5;0.9
FR;39;2021-03-13;5269;477;215328;77553;2.6;0.9
FR;39;2021-03-14;1758;183;217086;77736;2.6;0.9
FR;39;2021-03-15;4810;1095;221896;78831;2.7;1.0
FR;39;2021-03-16;3386;1437;225282;80268;2.7;1.0
FR;39;2021-03-17;3465;1538;228747;81806;2.8;1.0
FR;39;2021-03-18;4676;2028;233423;83834;2.8;1.0
FR;39;2021-03-19;6305;1716;239728;85550;2.9;1.0
FR;39;2021-03-20;3180;392;242908;85942;2.9;1.0
FR;39;2021-03-21;2072;175;244980;86117;3.0;1.0
FR;39;2021-03-22;4465;1143;249445;87260;3.0;1.1
FR;39;2021-03-23;6194;1710;255639;88970;3.1;1.1
FR;39;2021-03-24;6337;1423;261976;90393;3.2;1.1
FR;39;2021-03-25;9086;1803;271062;92196;3.3;1.1
FR;39;2021-03-26;10687;1801;281749;93997;3.4;1.1
FR;39;2021-03-27;6006;680;287755;94677;3.5;1.1
FR;39;2021-03-28;2742;203;290497;94880;3.5;1.1
FR;39;2021-03-29;7225;1355;297722;96235;3.6;1.2
FR;39;2021-03-30;10590;1995;308312;98230;3.7;1.2
FR;39;2021-03-31;11235;1961;319547;100191;3.9;1.2
FR;39;2021-04-01;15088;2775;334635;102966;4.0;1.2
FR;39;2021-04-02;13334;2593;347969;105559;4.2;1.3
FR;39;2021-04-03;5623;1041;353592;106600;4.3;1.3
FR;39;2021-04-04;2529;356;356121;106956;4.3;1.3
FR;39;2021-04-05;2540;334;358661;107290;4.3;1.3
FR;39;2021-04-06;9329;2377;367990;109667;4.4;1.3
FR;39;2021-04-07;12241;2846;380231;112513;4.6;1.4
FR;39;2021-04-08;16936;3849;397167;116362;4.8;1.4
FR;39;2021-04-09;16980;3743;414147;120105;5.0;1.4
FR;39;2021-04-10;7421;1981;421568;122086;5.1;1.5
FR;39;2021-04-11;2989;997;424557;123083;5.1;1.5
FR;39;2021-04-12;9650;2803;434207;125886;5.2;1.5
FR;39;2021-04-13;13017;4102;447224;129988;5.4;1.6
FR;39;2021-04-14;12972;3921;460196;133909;5.5;1.6
FR;39;2021-04-15;14885;4915;475081;138824;5.7;1.7
FR;39;2021-04-16;12896;5370;487977;144194;5.9;1.7
FR;39;2021-04-17;6163;2748;494140;146942;6.0;1.8
FR;39;2021-04-18;2282;1569;496422;148511;6.0;1.8
FR;39;2021-04-19;7965;4750;504387;153261;6.1;1.8
FR;39;2021-04-20;9549;6773;513936;160034;6.2;1.9
FR;39;2021-04-21;10391;7257;524327;167291;6.3;2.0
FR;39;2021-04-22;12016;10421;536343;177712;6.5;2.1
FR;39;2021-04-23;12377;10600;548720;188312;6.6;2.3
FR;39;2021-04-24;7886;5121;556606;193433;6.7;2.3
FR;39;2021-04-25;3538;2180;560144;195613;6.8;2.4
FR;39;2021-04-26;8765;7001;568909;202614;6.9;2.4
FR;39;2021-04-27;11982;9639;580891;212253;7.0;2.6
FR;39;2021-04-28;13454;10161;594345;222414;7.2;2.7
FR;39;2021-04-29;17518;13070;611863;235484;7.4;2.8
FR;39;2021-04-30;20062;13394;631925;248878;7.6;3.0
FR;39;2021-05-01;13744;3598;645669;252476;7.8;3.0
FR;39;2021-05-02;9404;2536;655073;255012;7.9;3.1
FR;39;2021-05-03;22771;11411;677844;266423;8.2;3.2
FR;39;2021-05-04;27342;14065;705186;280488;8.5;3.4
FR;39;2021-05-05;31057;14399;736243;294887;8.9;3.6
FR;39;2021-05-06;37408;17822;773651;312709;9.3;3.8
FR;39;2021-05-07;38887;18635;812538;331344;9.8;4.0
FR;39;2021-05-08;29381;5728;841919;337072;10.1;4.1
FR;39;2021-05-09;18842;4339;860761;341411;10.4;4.1
FR;39;2021-05-10;34175;14609;894936;356020;10.8;4.3
FR;39;2021-05-11;44556;17246;939492;373266;11.3;4.5
FR;39;2021-05-12;56868;16373;996360;389639;12.0;4.7
FR;39;2021-05-13;53610;5698;1049970;395337;12.7;4.8
FR;39;2021-05-14;63075;11179;1113045;406516;13.4;4.9
FR;39;2021-05-15;56933;7011;1169978;413527;14.1;5.0
FR;39;2021-05-16;36101;3149;1206079;416676;14.5;5.0
FR;39;2021-05-17;56750;12048;1262829;428724;15.2;5.2
FR;39;2021-05-18;71674;13765;1334503;442489;16.1;5.3
FR;39;2021-05-19;75082;14230;1409585;456719;17.0;5.5
FR;39;2021-05-20;83578;15086;1493163;471805;18.0;5.7
FR;39;2021-05-21;82846;15099;1576009;486904;19.0;5.9
FR;39;2021-05-22;63839;7494;1639848;494398;19.8;6.0
FR;39;2021-05-23;34106;3349;1673954;497747;20.2;6.0
FR;39;2021-05-24;52409;5427;1726363;503174;20.8;6.1
FR;39;2021-05-25;73788;15918;1800151;519092;21.7;6.3
FR;39;2021-05-26;77306;15973;1877457;535065;22.6;6.5
FR;39;2021-05-27;85247;18021;1962704;553086;23.7;6.7
FR;39;2021-05-28;79161;19583;2041865;572669;24.6;6.9
FR;39;2021-05-29;57891;10156;2099756;582825;25.3;7.0
FR;39;2021-05-30;24572;3662;2124328;586487;25.6;7.1
FR;39;2021-05-31;74856;15925;2199184;602412;26.5;7.3
FR;39;2021-06-01;86063;19703;2285247;622115;27.5;7.5
FR;39;2021-06-02;86167;19097;2371414;641212;28.6;7.7
FR;39;2021-06-03;97515;21582;2468929;662794;29.8;8.0
FR;39;2021-06-04;95758;23054;2564687;685848;30.9;8.3
FR;39;2021-06-05;63914;13657;2628601;699505;31.7;8.4
FR;39;2021-06-06;31783;5771;2660384;705276;32.1;8.5
FR;39;2021-06-07;74731;20403;2735115;725679;33.0;8.7
FR;39;2021-06-08;85877;22598;2820992;748277;34.0;9.0
FR;39;2021-06-09;82827;24207;2903819;772484;35.0;9.3
FR;39;2021-06-10;85321;27361;2989140;799845;36.0;9.6
FR;39;2021-06-11;83609;30518;3072749;830363;37.0;10.0
FR;39;2021-06-12;60145;23182;3132894;853545;37.8;10.3
FR;39;2021-06-13;25034;11610;3157928;865155;38.1;10.4
FR;39;2021-06-14;51402;35273;3209330;900428;38.7;10.9
FR;39;2021-06-15;57585;39348;3266915;939776;39.4;11.3
FR;49;2020-12-27;2;0;2;0;0.0;0.0
FR;49;2020-12-28;4;0;6;0;0.0;0.0
FR;49;2020-12-29;1;0;7;0;0.0;0.0
FR;49;2020-12-30;6;0;13;0;0.0;0.0
FR;49;2020-12-31;1;0;14;0;0.0;0.0
FR;49;2021-01-01;4;0;18;0;0.0;0.0
FR;49;2021-01-02;11;0;29;0;0.0;0.0
FR;49;2021-01-03;5;0;34;0;0.0;0.0
FR;49;2021-01-04;87;0;121;0;0.0;0.0
FR;49;2021-01-05;338;1;459;1;0.0;0.0
FR;49;2021-01-06;861;5;1320;6;0.0;0.0
FR;49;2021-01-07;2160;7;3480;13;0.0;0.0
FR;49;2021-01-08;3379;10;6859;23;0.1;0.0
FR;49;2021-01-09;1003;1;7862;24;0.1;0.0
FR;49;2021-01-10;474;2;8336;26;0.1;0.0
FR;49;2021-01-11;4182;17;12518;43;0.1;0.0
FR;49;2021-01-12;5873;19;18391;62;0.2;0.0
FR;49;2021-01-13;6174;24;24565;86;0.3;0.0
FR;49;2021-01-14;8345;81;32910;167;0.4;0.0
FR;49;2021-01-15;7626;37;40536;204;0.5;0.0
FR;49;2021-01-16;1426;10;41962;214;0.5;0.0
FR;49;2021-01-17;621;7;42583;221;0.5;0.0
FR;49;2021-01-18;5075;33;47658;254;0.6;0.0
FR;49;2021-01-19;6829;30;54487;284;0.6;0.0
FR;49;2021-01-20;6648;35;61135;319;0.7;0.0
FR;49;2021-01-21;8433;40;69568;359;0.8;0.0
FR;49;2021-01-22;6286;49;75854;408;0.9;0.0
FR;49;2021-01-23;1017;7;76871;415;0.9;0.0
FR;49;2021-01-24;282;3;77153;418;0.9;0.0
FR;49;2021-01-25;2624;101;79777;519;0.9;0.0
FR;49;2021-01-26;3740;232;83517;751;1.0;0.0
FR;49;2021-01-27;3988;396;87505;1147;1.0;0.0
FR;49;2021-01-28;5561;996;93066;2143;1.1;0.0
FR;49;2021-01-29;4412;1569;97478;3712;1.1;0.0
FR;49;2021-01-30;694;380;98172;4092;1.1;0.0
FR;49;2021-01-31;137;125;98309;4217;1.1;0.0
FR;49;2021-02-01;1375;2092;99684;6309;1.2;0.1
FR;49;2021-02-02;2293;3206;101977;9515;1.2;0.1
FR;49;2021-02-03;2306;3383;104283;12898;1.2;0.2
FR;49;2021-02-04;3387;4787;107670;17685;1.3;0.2
FR;49;2021-02-05;2806;4894;110476;22579;1.3;0.3
FR;49;2021-02-06;572;890;111048;23469;1.3;0.3
FR;49;2021-02-07;519;297;111567;23766;1.3;0.3
FR;49;2021-02-08;1942;4072;113509;27838;1.3;0.3
FR;49;2021-02-09;4342;5774;117851;33612;1.4;0.4
FR;49;2021-02-10;5511;6093;123362;39705;1.4;0.5
FR;49;2021-02-11;8008;8029;131370;47734;1.5;0.6
FR;49;2021-02-12;7319;6497;138689;54231;1.6;0.6
FR;49;2021-02-13;1703;1031;140392;55262;1.6;0.6
FR;49;2021-02-14;408;407;140800;55669;1.6;0.6
FR;49;2021-02-15;4131;3906;144931;59575;1.7;0.7
FR;49;2021-02-16;5389;5371;150320;64946;1.7;0.8
FR;49;2021-02-17;5139;4684;155459;69630;1.8;0.8
FR;49;2021-02-18;7508;6259;162967;75889;1.9;0.9
FR;49;2021-02-19;7084;4942;170051;80831;2.0;0.9
FR;49;2021-02-20;1496;809;171547;81640;2.0;1.0
FR;49;2021-02-21;279;226;171826;81866;2.0;1.0
FR;49;2021-02-22;3539;2679;175365;84545;2.0;1.0
FR;49;2021-02-23;4884;3167;180249;87712;2.1;1.0
FR;49;2021-02-24;4912;2880;185161;90592;2.2;1.1
FR;49;2021-02-25;7586;4237;192747;94829;2.2;1.1
FR;49;2021-02-26;8285;3219;201032;98048;2.3;1.1
FR;49;2021-02-27;2697;584;203729;98632;2.4;1.1
FR;49;2021-02-28;336;138;204065;98770;2.4;1.1
FR;49;2021-03-01;3854;1669;207919;100439;2.4;1.2
FR;49;2021-03-02;5816;2538;213735;102977;2.5;1.2
FR;49;2021-03-03;6068;2565;219803;105542;2.6;1.2
FR;49;2021-03-04;8973;3546;228776;109088;2.7;1.3
FR;49;2021-03-05;12615;3356;241391;112444;2.8;1.3
FR;49;2021-03-06;8647;664;250038;113108;2.9;1.3
FR;49;2021-03-07;4698;441;254736;113549;3.0;1.3
FR;49;2021-03-08;6440;1737;261176;115286;3.0;1.3
FR;49;2021-03-09;9599;2419;270775;117705;3.2;1.4
FR;49;2021-03-10;9029;2430;279804;120135;3.3;1.4
FR;49;2021-03-11;12889;3567;292693;123702;3.4;1.4
FR;49;2021-03-12;16515;3105;309208;126807;3.6;1.5
FR;49;2021-03-13;9575;694;318783;127501;3.7;1.5
FR;49;2021-03-14;3142;266;321925;127767;3.7;1.5
FR;49;2021-03-15;6925;1489;328850;129256;3.8;1.5
FR;49;2021-03-16;4651;2168;333501;131424;3.9;1.5
FR;49;2021-03-17;5196;2050;338697;133474;3.9;1.6
FR;49;2021-03-18;6569;2846;345266;136320;4.0;1.6
FR;49;2021-03-19;9553;2380;354819;138700;4.1;1.6
FR;49;2021-03-20;5889;599;360708;139299;4.2;1.6
FR;49;2021-03-21;3145;233;363853;139532;4.2;1.6
FR;49;2021-03-22;6322;1523;370175;141055;4.3;1.6
FR;49;2021-03-23;8617;2200;378792;143255;4.4;1.7
FR;49;2021-03-24;9541;2034;388333;145289;4.5;1.7
FR;49;2021-03-25;12383;2435;400716;147724;4.7;1.7
FR;49;2021-03-26;14743;2395;415459;150119;4.8;1.7
FR;49;2021-03-27;9373;894;424832;151013;4.9;1.8
FR;49;2021-03-28;3850;316;428682;151329;5.0;1.8
FR;49;2021-03-29;9898;1896;438580;153225;5.1;1.8
FR;49;2021-03-30;14306;2763;452886;155988;5.3;1.8
FR;49;2021-03-31;15588;2868;468474;158856;5.5;1.8
FR;49;2021-04-01;19913;3807;488387;162663;5.7;1.9
FR;49;2021-04-02;17503;3536;505890;166199;5.9;1.9
FR;49;2021-04-03;9355;1857;515245;168056;6.0;2.0
FR;49;2021-04-04;4122;634;519367;168690;6.0;2.0
FR;49;2021-04-05;4211;542;523578;169232;6.1;2.0
FR;49;2021-04-06;13221;3434;536799;172666;6.2;2.0
FR;49;2021-04-07;17705;4324;554504;176990;6.5;2.1
FR;49;2021-04-08;22478;5288;576982;182278;6.7;2.1
FR;49;2021-04-09;23594;5460;600576;187738;7.0;2.2
FR;49;2021-04-10;12430;3432;613006;191170;7.1;2.2
FR;49;2021-04-11;4477;1692;617483;192862;7.2;2.2
FR;49;2021-04-12;14153;3838;631636;196700;7.4;2.3
FR;49;2021-04-13;18767;5847;650403;202547;7.6;2.4
FR;49;2021-04-14;19459;6035;669862;208582;7.8;2.4
FR;49;2021-04-15;20408;7128;690270;215710;8.0;2.5
FR;49;2021-04-16;17573;7393;707843;223103;8.2;2.6
FR;49;2021-04-17;9898;4694;717741;227797;8.4;2.7
FR;49;2021-04-18;3373;2309;721114;230106;8.4;2.7
FR;49;2021-04-19;12036;6435;733150;236541;8.5;2.8
FR;49;2021-04-20;14223;9090;747373;245631;8.7;2.9
FR;49;2021-04-21;16054;10222;763427;255853;8.9;3.0
FR;49;2021-04-22;17676;13225;781103;269078;9.1;3.1
FR;49;2021-04-23;18199;14191;799302;283269;9.3;3.3
FR;49;2021-04-24;12671;7833;811973;291102;9.4;3.4
FR;49;2021-04-25;5504;3164;817477;294266;9.5;3.4
FR;49;2021-04-26;13749;10011;831226;304277;9.7;3.5
FR;49;2021-04-27;18724;13157;849950;317434;9.9;3.7
FR;49;2021-04-28;22737;14663;872687;332097;10.2;3.9
FR;49;2021-04-29;27719;17403;900406;349500;10.5;4.1
FR;49;2021-04-30;32024;18216;932430;367716;10.9;4.3
FR;49;2021-05-01;24296;5830;956726;373546;11.1;4.3
FR;49;2021-05-02;16579;3931;973305;377477;11.3;4.4
FR;49;2021-05-03;39788;15665;1013093;393142;11.8;4.6
FR;49;2021-05-04;46836;20447;1059929;413589;12.3;4.8
FR;49;2021-05-05;55819;21797;1115748;435386;13.0;5.1
FR;49;2021-05-06;62463;24804;1178211;460190;13.7;5.4
FR;49;2021-05-07;65838;26177;1244049;486367;14.5;5.7
FR;49;2021-05-08;51845;9288;1295894;495655;15.1;5.8
FR;49;2021-05-09;32255;6291;1328149;501946;15.5;5.8
FR;49;2021-05-10;57385;20807;1385534;522753;16.1;6.1
FR;49;2021-05-11;72119;24016;1457653;546769;17.0;6.4
FR;49;2021-05-12;90239;24159;1547892;570928;18.0;6.6
FR;49;2021-05-13;80280;7864;1628172;578792;18.9;6.7
FR;49;2021-05-14;96896;15879;1725068;594671;20.1;6.9
FR;49;2021-05-15;86627;10985;1811695;605656;21.1;7.0
FR;49;2021-05-16;53138;4584;1864833;610240;21.7;7.1
FR;49;2021-05-17;82040;16412;1946873;626652;22.7;7.3
FR;49;2021-05-18;98617;18048;2045490;644700;23.8;7.5
FR;49;2021-05-19;110311;19516;2155801;664216;25.1;7.7
FR;49;2021-05-20;114137;19900;2269938;684116;26.4;8.0
FR;49;2021-05-21;113516;20101;2383454;704217;27.7;8.2
FR;49;2021-05-22;87420;10620;2470874;714837;28.8;8.3
FR;49;2021-05-23;42846;4037;2513720;718874;29.3;8.4
FR;49;2021-05-24;67044;6916;2580764;725790;30.0;8.4
FR;49;2021-05-25;94614;20945;2675378;746735;31.1;8.7
FR;49;2021-05-26;101483;22874;2776861;769609;32.3;9.0
FR;49;2021-05-27;104358;24098;2881219;793707;33.5;9.2
FR;49;2021-05-28;99894;26838;2981113;820545;34.7;9.5
FR;49;2021-05-29;74122;15592;3055235;836137;35.6;9.7
FR;49;2021-05-30;26761;4738;3081996;840875;35.9;9.8
FR;49;2021-05-31;87539;21316;3169535;862191;36.9;10.0
FR;49;2021-06-01;100208;26490;3269743;888681;38.1;10.3
FR;49;2021-06-02;101490;26651;3371233;915332;39.2;10.7
FR;49;2021-06-03;108920;27969;3480153;943301;40.5;11.0
FR;49;2021-06-04;108635;31380;3588788;974681;41.8;11.3
FR;49;2021-06-05;74406;20968;3663194;995649;42.6;11.6
FR;49;2021-06-06;31821;7603;3695015;1003252;43.0;11.7
FR;49;2021-06-07;77283;27805;3772298;1031057;43.9;12.0
FR;49;2021-06-08;88708;30899;3861006;1061956;44.9;12.4
FR;49;2021-06-09;87955;35595;3948961;1097551;46.0;12.8
FR;49;2021-06-10;86858;36520;4035819;1134071;47.0;13.2
FR;49;2021-06-11;87136;46284;4122955;1180355;48.0;13.7
FR;49;2021-06-12;64971;38243;4187926;1218598;48.7;14.2
FR;49;2021-06-13;23462;18025;4211388;1236623;49.0;14.4
FR;49;2021-06-14;50116;56580;4261504;1293203;49.6;15.0
FR;49;2021-06-15;57665;61135;4319169;1354338;50.3;15.8
FR;59;2020-12-27;2;0;2;0;0.0;0.0
FR;59;2020-12-28;6;0;8;0;0.0;0.0
FR;59;2020-12-29;2;0;10;0;0.0;0.0
FR;59;2020-12-30;6;0;16;0;0.0;0.0
FR;59;2020-12-31;9;0;25;0;0.0;0.0
FR;59;2021-01-01;26;1;51;1;0.0;0.0
FR;59;2021-01-02;30;0;81;1;0.0;0.0
FR;59;2021-01-03;36;0;117;1;0.0;0.0
FR;59;2021-01-04;595;4;712;5;0.0;0.0
FR;59;2021-01-05;2176;8;2888;13;0.0;0.0
FR;59;2021-01-06;4816;17;7704;30;0.1;0.0
FR;59;2021-01-07;10520;35;18224;65;0.2;0.0
FR;59;2021-01-08;14345;33;32569;98;0.4;0.0
FR;59;2021-01-09;4073;12;36642;110;0.4;0.0
FR;59;2021-01-10;1990;3;38632;113;0.4;0.0
FR;59;2021-01-11;15981;38;54613;151;0.6;0.0
FR;59;2021-01-12;21177;66;75790;217;0.9;0.0
FR;59;2021-01-13;22762;75;98552;292;1.1;0.0
FR;59;2021-01-14;24792;249;123344;541;1.4;0.0
FR;59;2021-01-15;21638;120;144982;661;1.6;0.0
FR;59;2021-01-16;5444;31;150426;692;1.7;0.0
FR;59;2021-01-17;1802;13;152228;705;1.7;0.0
FR;59;2021-01-18;13611;91;165839;796;1.9;0.0
FR;59;2021-01-19;17993;108;183832;904;2.1;0.0
FR;59;2021-01-20;17142;92;200974;996;2.3;0.0
FR;59;2021-01-21;18849;92;219823;1088;2.5;0.0
FR;59;2021-01-22;13962;105;233785;1193;2.7;0.0
FR;59;2021-01-23;2964;24;236749;1217;2.7;0.0
FR;59;2021-01-24;847;16;237596;1233;2.7;0.0
FR;59;2021-01-25;6717;629;244313;1862;2.8;0.0
FR;59;2021-01-26;8465;1396;252778;3258;2.9;0.0
FR;59;2021-01-27;8839;2412;261617;5670;3.0;0.1
FR;59;2021-01-28;10533;5066;272150;10736;3.1;0.1
FR;59;2021-01-29;7850;6660;280000;17396;3.2;0.2
FR;59;2021-01-30;1765;1515;281765;18911;3.2;0.2
FR;59;2021-01-31;372;548;282137;19459;3.2;0.2
FR;59;2021-02-01;3173;8751;285310;28210;3.2;0.3
FR;59;2021-02-02;4699;12487;290009;40697;3.3;0.5
FR;59;2021-02-03;4825;13556;294834;54253;3.4;0.6
FR;59;2021-02-04;5964;15913;300798;70166;3.4;0.8
FR;59;2021-02-05;4832;14928;305630;85094;3.5;1.0
FR;59;2021-02-06;1163;3001;306793;88095;3.5;1.0
FR;59;2021-02-07;389;985;307182;89080;3.5;1.0
FR;59;2021-02-08;2761;12484;309943;101564;3.5;1.2
FR;59;2021-02-09;4915;16191;314858;117755;3.6;1.3
FR;59;2021-02-10;5708;16083;320566;133838;3.6;1.5
FR;59;2021-02-11;7677;19747;328243;153585;3.7;1.7
FR;59;2021-02-12;6780;16048;335023;169633;3.8;1.9
FR;59;2021-02-13;1701;3453;336724;173086;3.8;2.0
FR;59;2021-02-14;362;983;337086;174069;3.8;2.0
FR;59;2021-02-15;3274;10547;340360;184616;3.9;2.1
FR;59;2021-02-16;4743;13586;345103;198202;3.9;2.3
FR;59;2021-02-17;4965;12356;350068;210558;4.0;2.4
FR;59;2021-02-18;7084;13890;357152;224448;4.1;2.6
FR;59;2021-02-19;6490;10751;363642;235199;4.1;2.7
FR;59;2021-02-20;1418;2493;365060;237692;4.2;2.7
FR;59;2021-02-21;284;571;365344;238263;4.2;2.7
FR;59;2021-02-22;3267;6391;368611;244654;4.2;2.8
FR;59;2021-02-23;4853;7153;373464;251807;4.2;2.9
FR;59;2021-02-24;6870;6442;380334;258249;4.3;2.9
FR;59;2021-02-25;21258;8589;401592;266838;4.6;3.0
FR;59;2021-02-26;28294;6338;429886;273176;4.9;3.1
FR;59;2021-02-27;17134;1564;447020;274740;5.1;3.1
FR;59;2021-02-28;1114;384;448134;275124;5.1;3.1
FR;59;2021-03-01;8836;3562;456970;278686;5.2;3.2
FR;59;2021-03-02;17192;4977;474162;283663;5.4;3.2
FR;59;2021-03-03;20696;5069;494858;288732;5.6;3.3
FR;59;2021-03-04;32360;6001;527218;294733;6.0;3.4
FR;59;2021-03-05;40975;5596;568193;300329;6.5;3.4
FR;59;2021-03-06;36086;1643;604279;301972;6.9;3.4
FR;59;2021-03-07;14108;1092;618387;303064;7.0;3.4
FR;59;2021-03-08;12320;3250;630707;306314;7.2;3.5
FR;59;2021-03-09;22899;4281;653606;310595;7.4;3.5
FR;59;2021-03-10;23166;4355;676772;314950;7.7;3.6
FR;59;2021-03-11;34403;5588;711175;320538;8.1;3.6
FR;59;2021-03-12;45407;4763;756582;325301;8.6;3.7
FR;59;2021-03-13;36211;1471;792793;326772;9.0;3.7
FR;59;2021-03-14;7195;444;799988;327216;9.1;3.7
FR;59;2021-03-15;14523;2595;814511;329811;9.3;3.8
FR;59;2021-03-16;7928;3002;822439;332813;9.4;3.8
FR;59;2021-03-17;8766;3164;831205;335977;9.5;3.8
FR;59;2021-03-18;10469;4034;841674;340011;9.6;3.9
FR;59;2021-03-19;23511;3605;865185;343616;9.8;3.9
FR;59;2021-03-20;21109;1132;886294;344748;10.1;3.9
FR;59;2021-03-21;6281;398;892575;345146;10.2;3.9
FR;59;2021-03-22;15506;2701;908081;347847;10.3;4.0
FR;59;2021-03-23;25426;3564;933507;351411;10.6;4.0
FR;59;2021-03-24;28025;3560;961532;354971;10.9;4.0
FR;59;2021-03-25;37935;3933;999467;358904;11.4;4.1
FR;59;2021-03-26;42867;4199;1042334;363103;11.9;4.1
FR;59;2021-03-27;26863;1808;1069197;364911;12.2;4.2
FR;59;2021-03-28;7533;480;1076730;365391;12.2;4.2
FR;59;2021-03-29;21684;3399;1098414;368790;12.5;4.2
FR;59;2021-03-30;32127;4431;1130541;373221;12.9;4.2
FR;59;2021-03-31;31416;4715;1161957;377936;13.2;4.3
FR;59;2021-04-01;38393;5900;1200350;383836;13.7;4.4
FR;59;2021-04-02;36891;5864;1237241;389700;14.1;4.4
FR;59;2021-04-03;21312;3489;1258553;393189;14.3;4.5
FR;59;2021-04-04;7344;1238;1265897;394427;14.4;4.5
FR;59;2021-04-05;8261;1118;1274158;395545;14.5;4.5
FR;59;2021-04-06;25726;5966;1299884;401511;14.8;4.6
FR;59;2021-04-07;33885;7198;1333769;408709;15.2;4.6
FR;59;2021-04-08;44982;8592;1378751;417301;15.7;4.7
FR;59;2021-04-09;60722;9198;1439473;426499;16.4;4.9
FR;59;2021-04-10;36455;7149;1475928;433648;16.8;4.9
FR;59;2021-04-11;9738;3541;1485666;437189;16.9;5.0
FR;59;2021-04-12;35249;7474;1520915;444663;17.3;5.1
FR;59;2021-04-13;49793;10248;1570708;454911;17.9;5.2
FR;59;2021-04-14;50120;10246;1620828;465157;18.4;5.3
FR;59;2021-04-15;59454;11855;1680282;477012;19.1;5.4
FR;59;2021-04-16;63272;12554;1743554;489566;19.8;5.6
FR;59;2021-04-17;41449;9753;1785003;499319;20.3;5.7
FR;59;2021-04-18;12286;4660;1797289;503979;20.4;5.7
FR;59;2021-04-19;33247;11229;1830536;515208;20.8;5.9
FR;59;2021-04-20;44690;14792;1875226;530000;21.3;6.0
FR;59;2021-04-21;47341;16537;1922567;546537;21.9;6.2
FR;59;2021-04-22;55871;19582;1978438;566119;22.5;6.4
FR;59;2021-04-23;65364;20904;2043802;587023;23.2;6.7
FR;59;2021-04-24;47512;15616;2091314;602639;23.8;6.9
FR;59;2021-04-25;16660;5489;2107974;608128;24.0;6.9
FR;59;2021-04-26;41470;17565;2149444;625693;24.4;7.1
FR;59;2021-04-27;56618;23394;2206062;649087;25.1;7.4
FR;59;2021-04-28;64342;26035;2270404;675122;25.8;7.7
FR;59;2021-04-29;78203;31756;2348607;706878;26.7;8.0
FR;59;2021-04-30;92650;36678;2441257;743556;27.8;8.5
FR;59;2021-05-01;43609;11087;2484866;754643;28.3;8.6
FR;59;2021-05-02;23503;7325;2508369;761968;28.5;8.7
FR;59;2021-05-03;62891;26400;2571260;788368;29.2;9.0
FR;59;2021-05-04;71345;34475;2642605;822843;30.1;9.4
FR;59;2021-05-05;77465;37426;2720070;860269;30.9;9.8
FR;59;2021-05-06;89500;43704;2809570;903973;32.0;10.3
FR;59;2021-05-07;97988;53982;2907558;957955;33.1;10.9
FR;59;2021-05-08;58855;16566;2966413;974521;33.7;11.1
FR;59;2021-05-09;39282;10391;3005695;984912;34.2;11.2
FR;59;2021-05-10;95427;40112;3101122;1025024;35.3;11.7
FR;59;2021-05-11;125702;49341;3226824;1074365;36.7;12.2
FR;59;2021-05-12;123054;46187;3349878;1120552;38.1;12.7
FR;59;2021-05-13;92612;14415;3442490;1134967;39.2;12.9
FR;59;2021-05-14;129227;34277;3571717;1169244;40.6;13.3
FR;59;2021-05-15;114399;25503;3686116;1194747;41.9;13.6
FR;59;2021-05-16;55278;7162;3741394;1201909;42.6;13.7
FR;59;2021-05-17;105502;30651;3846896;1232560;43.8;14.0
FR;59;2021-05-18;117575;34150;3964471;1266710;45.1;14.4
FR;59;2021-05-19;118814;35413;4083285;1302123;46.4;14.8
FR;59;2021-05-20;122520;42258;4205805;1344381;47.8;15.3
FR;59;2021-05-21;121984;48594;4327789;1392975;49.2;15.8
FR;59;2021-05-22;81847;25359;4409636;1418334;50.2;16.1
FR;59;2021-05-23;31266;5149;4440902;1423483;50.5;16.2
FR;59;2021-05-24;51953;9909;4492855;1433392;51.1;16.3
FR;59;2021-05-25;84399;41938;4577254;1475330;52.1;16.8
FR;59;2021-05-26;83437;44219;4660691;1519549;53.0;17.3
FR;59;2021-05-27;90096;52405;4750787;1571954;54.0;17.9
FR;59;2021-05-28;91860;66613;4842647;1638567;55.1;18.6
FR;59;2021-05-29;60368;40047;4903015;1678614;55.8;19.1
FR;59;2021-05-30;16135;7798;4919150;1686412;55.9;19.2
FR;59;2021-05-31;58635;42407;4977785;1728819;56.6;19.7
FR;59;2021-06-01;68248;53760;5046033;1782579;57.4;20.3
FR;59;2021-06-02;62361;52745;5108394;1835324;58.1;20.9
FR;59;2021-06-03;69772;58384;5178166;1893708;58.9;21.5
FR;59;2021-06-04;71809;71760;5249975;1965468;59.7;22.4
FR;59;2021-06-05;45761;48787;5295736;2014255;60.2;22.9
FR;59;2021-06-06;14254;12588;5309990;2026843;60.4;23.1
FR;59;2021-06-07;43828;54811;5353818;2081654;60.9;23.7
FR;59;2021-06-08;53674;61564;5407492;2143218;61.5;24.4
FR;59;2021-06-09;50288;65006;5457780;2208224;62.1;25.1
FR;59;2021-06-10;53582;64744;5511362;2272968;62.7;25.9
FR;59;2021-06-11;55703;85134;5567065;2358102;63.3;26.8
FR;59;2021-06-12;38678;56667;5605743;2414769;63.8;27.5
FR;59;2021-06-13;11085;19619;5616828;2434388;63.9;27.7
FR;59;2021-06-14;29978;79248;5646806;2513636;64.2;28.6
FR;59;2021-06-15;35212;85290;5682018;2598926;64.6;29.6
FR;64;2020-12-27;1;0;1;0;0.0;0.0
FR;64;2020-12-28;1;0;2;0;0.0;0.0
FR;64;2020-12-29;2;0;4;0;0.0;0.0
FR;64;2020-12-30;6;0;10;0;0.0;0.0
FR;64;2020-12-31;5;0;15;0;0.0;0.0
FR;64;2021-01-01;8;0;23;0;0.0;0.0
FR;64;2021-01-02;13;0;36;0;0.0;0.0
FR;64;2021-01-03;19;0;55;0;0.0;0.0
FR;64;2021-01-04;209;1;264;1;0.0;0.0
FR;64;2021-01-05;899;4;1163;5;0.0;0.0
FR;64;2021-01-06;1691;3;2854;8;0.1;0.0
FR;64;2021-01-07;3661;10;6515;18;0.2;0.0
FR;64;2021-01-08;4893;13;11408;31;0.3;0.0
FR;64;2021-01-09;1961;2;13369;33;0.3;0.0
FR;64;2021-01-10;1027;1;14396;34;0.4;0.0
FR;64;2021-01-11;5293;10;19689;44;0.5;0.0
FR;64;2021-01-12;7152;14;26841;58;0.7;0.0
FR;64;2021-01-13;7472;18;34313;76;0.8;0.0
FR;64;2021-01-14;8582;88;42895;164;1.0;0.0
FR;64;2021-01-15;7105;36;50000;200;1.2;0.0
FR;64;2021-01-16;2221;18;52221;218;1.3;0.0
FR;64;2021-01-17;844;9;53065;227;1.3;0.0
FR;64;2021-01-18;4692;20;57757;247;1.4;0.0
FR;64;2021-01-19;6412;24;64169;271;1.6;0.0
FR;64;2021-01-20;6244;35;70413;306;1.7;0.0
FR;64;2021-01-21;6933;26;77346;332;1.9;0.0
FR;64;2021-01-22;5437;34;82783;366;2.0;0.0
FR;64;2021-01-23;1422;13;84205;379;2.1;0.0
FR;64;2021-01-24;434;9;84639;388;2.1;0.0
FR;64;2021-01-25;2776;204;87415;592;2.1;0.0
FR;64;2021-01-26;3547;499;90962;1091;2.2;0.0
FR;64;2021-01-27;3772;888;94734;1979;2.3;0.0
FR;64;2021-01-28;4576;1756;99310;3735;2.4;0.1
FR;64;2021-01-29;3536;2330;102846;6065;2.5;0.1
FR;64;2021-01-30;840;708;103686;6773;2.5;0.2
FR;64;2021-01-31;172;279;103858;7052;2.5;0.2
FR;64;2021-02-01;1529;2869;105387;9921;2.6;0.2
FR;64;2021-02-02;2155;4147;107542;14068;2.6;0.3
FR;64;2021-02-03;2310;4366;109852;18434;2.7;0.4
FR;64;2021-02-04;2830;5509;112682;23943;2.7;0.6
FR;64;2021-02-05;2195;4973;114877;28916;2.8;0.7
FR;64;2021-02-06;667;1305;115544;30221;2.8;0.7
FR;64;2021-02-07;165;493;115709;30714;2.8;0.7
FR;64;2021-02-08;1489;4198;117198;34912;2.9;0.9
FR;64;2021-02-09;2350;5669;119548;40581;2.9;1.0
FR;64;2021-02-10;2578;5677;122126;46258;3.0;1.1
FR;64;2021-02-11;3469;7230;125595;53488;3.1;1.3
FR;64;2021-02-12;3117;5455;128712;58943;3.1;1.4
FR;64;2021-02-13;849;1449;129561;60392;3.2;1.5
FR;64;2021-02-14;198;436;129759;60828;3.2;1.5
FR;64;2021-02-15;1595;3888;131354;64716;3.2;1.6
FR;64;2021-02-16;2088;5145;133442;69861;3.3;1.7
FR;64;2021-02-17;2214;4646;135656;74507;3.3;1.8
FR;64;2021-02-18;3248;5460;138904;79967;3.4;1.9
FR;64;2021-02-19;3021;4219;141925;84186;3.5;2.1
FR;64;2021-02-20;811;1205;142736;85391;3.5;2.1
FR;64;2021-02-21;135;255;142871;85646;3.5;2.1
FR;64;2021-02-22;1494;2670;144365;88316;3.5;2.2
FR;64;2021-02-23;2415;2918;146780;91234;3.6;2.2
FR;64;2021-02-24;3880;2857;150660;94091;3.7;2.3
FR;64;2021-02-25;16078;3888;166738;97979;4.1;2.4
FR;64;2021-02-26;21853;2828;188591;100807;4.6;2.5
FR;64;2021-02-27;13098;790;201689;101597;4.9;2.5
FR;64;2021-02-28;799;174;202488;101771;4.9;2.5
FR;64;2021-03-01;6580;1769;209068;103540;5.1;2.5
FR;64;2021-03-02;13162;2389;222230;105929;5.4;2.6
FR;64;2021-03-03;15982;2442;238212;108371;5.8;2.6
FR;64;2021-03-04;25269;2957;263481;111328;6.4;2.7
FR;64;2021-03-05;30572;2761;294053;114089;7.2;2.8
FR;64;2021-03-06;26901;878;320954;114967;7.8;2.8
FR;64;2021-03-07;9908;552;330862;115519;8.1;2.8
FR;64;2021-03-08;8849;1836;339711;117355;8.3;2.9
FR;64;2021-03-09;16868;2088;356579;119443;8.7;2.9
FR;64;2021-03-10;17120;2228;373699;121671;9.1;3.0
FR;64;2021-03-11;26006;2925;399705;124596;9.7;3.0
FR;64;2021-03-12;33527;2545;433232;127141;10.6;3.1
FR;64;2021-03-13;27423;869;460655;128010;11.2;3.1
FR;64;2021-03-14;5447;219;466102;128229;11.4;3.1
FR;64;2021-03-15;11076;1483;477178;129712;11.6;3.2
FR;64;2021-03-16;6018;1794;483196;131506;11.8;3.2
FR;64;2021-03-17;6152;1701;489348;133207;11.9;3.2
FR;64;2021-03-18;7691;2092;497039;135299;12.1;3.3
FR;64;2021-03-19;18982;1978;516021;137277;12.6;3.3
FR;64;2021-03-20;18561;793;534582;138070;13.0;3.4
FR;64;2021-03-21;4728;236;539310;138306;13.1;3.4
FR;64;2021-03-22;13550;1607;552860;139913;13.5;3.4
FR;64;2021-03-23;23551;2084;576411;141997;14.1;3.5
FR;64;2021-03-24;25187;2180;601598;144177;14.7;3.5
FR;64;2021-03-25;36652;2475;638250;146652;15.6;3.6
FR;64;2021-03-26;40214;2439;678464;149091;16.5;3.6
FR;64;2021-03-27;21315;1061;699779;150152;17.1;3.7
FR;64;2021-03-28;5088;269;704867;150421;17.2;3.7
FR;64;2021-03-29;17570;2179;722437;152600;17.6;3.7
FR;64;2021-03-30;27326;2919;749763;155519;18.3;3.8
FR;64;2021-03-31;24148;2965;773911;158484;18.9;3.9
FR;64;2021-04-01;30569;3843;804480;162327;19.6;4.0
FR;64;2021-04-02;29230;3657;833710;165984;20.3;4.0
FR;64;2021-04-03;15987;2403;849697;168387;20.7;4.1
FR;64;2021-04-04;4033;804;853730;169191;20.8;4.1
FR;64;2021-04-05;5108;807;858838;169998;20.9;4.1
FR;64;2021-04-06;19214;4314;878052;174312;21.4;4.2
FR;64;2021-04-07;23553;4848;901605;179160;22.0;4.4
FR;64;2021-04-08;34585;5693;936190;184853;22.8;4.5
FR;64;2021-04-09;53501;6201;989691;191054;24.1;4.7
FR;64;2021-04-10;29842;5063;1019533;196117;24.9;4.8
FR;64;2021-04-11;6264;2621;1025797;198738;25.0;4.8
FR;64;2021-04-12;28040;5228;1053837;203966;25.7;5.0
FR;64;2021-04-13;42489;7447;1096326;211413;26.7;5.2
FR;64;2021-04-14;40724;7212;1137050;218625;27.7;5.3
FR;64;2021-04-15;51903;8466;1188953;227091;29.0;5.5
FR;64;2021-04-16;64237;8989;1253190;236080;30.5;5.8
FR;64;2021-04-17;38510;7170;1291700;243250;31.5;5.9
FR;64;2021-04-18;10919;3360;1302619;246610;31.8;6.0
FR;64;2021-04-19;41958;8637;1344577;255247;32.8;6.2
FR;64;2021-04-20;52626;10486;1397203;265733;34.1;6.5
FR;64;2021-04-21;52485;10948;1449688;276681;35.3;6.7
FR;64;2021-04-22;57376;12850;1507064;289531;36.7;7.1
FR;64;2021-04-23;60874;12799;1567938;302330;38.2;7.4
FR;64;2021-04-24;43378;9139;1611316;311469;39.3;7.6
FR;64;2021-04-25;16229;3387;1627545;314856;39.7;7.7
FR;64;2021-04-26;50025;11596;1677570;326452;40.9;8.0
FR;64;2021-04-27;63003;15611;1740573;342063;42.4;8.3
FR;64;2021-04-28;64015;16065;1804588;358128;44.0;8.7
FR;64;2021-04-29;73699;20498;1878287;378626;45.8;9.2
FR;64;2021-04-30;75271;22068;1953558;400694;47.6;9.8
FR;64;2021-05-01;29344;6712;1982902;407406;48.3;9.9
FR;64;2021-05-02;14490;4003;1997392;411409;48.7;10.0
FR;64;2021-05-03;52329;15936;2049721;427345;50.0;10.4
FR;64;2021-05-04;53297;21683;2103018;449028;51.3;10.9
FR;64;2021-05-05;49373;22730;2152391;471758;52.5;11.5
FR;64;2021-05-06;56810;28853;2209201;500611;53.9;12.2
FR;64;2021-05-07;50875;34016;2260076;534627;55.1;13.0
FR;64;2021-05-08;20376;9321;2280452;543948;55.6;13.3
FR;64;2021-05-09;10012;5496;2290464;549444;55.8;13.4
FR;64;2021-05-10;34397;26785;2324861;576229;56.7;14.0
FR;64;2021-05-11;43993;37132;2368854;613361;57.7;15.0
FR;64;2021-05-12;38998;34976;2407852;648337;58.7;15.8
FR;64;2021-05-13;21997;10049;2429849;658386;59.2;16.0
FR;64;2021-05-14;36344;29052;2466193;687438;60.1;16.8
FR;64;2021-05-15;21258;18999;2487451;706437;60.6;17.2
FR;64;2021-05-16;7966;4305;2495417;710742;60.8;17.3
FR;64;2021-05-17;26882;25398;2522299;736140;61.5;17.9
FR;64;2021-05-18;33534;28336;2555833;764476;62.3;18.6
FR;64;2021-05-19;30445;26382;2586278;790858;63.0;19.3
FR;64;2021-05-20;35025;33242;2621303;824100;63.9;20.1
FR;64;2021-05-21;30239;37378;2651542;861478;64.6;21.0
FR;64;2021-05-22;14832;17701;2666374;879179;65.0;21.4
FR;64;2021-05-23;5117;2828;2671491;882007;65.1;21.5
FR;64;2021-05-24;10759;6491;2682250;888498;65.4;21.7
FR;64;2021-05-25;22707;34340;2704957;922838;65.9;22.5
FR;64;2021-05-26;21459;34958;2726416;957796;66.5;23.3
FR;64;2021-05-27;26002;42974;2752418;1000770;67.1;24.4
FR;64;2021-05-28;24493;55737;2776911;1056507;67.7;25.8
FR;64;2021-05-29;11927;33515;2788838;1090022;68.0;26.6
FR;64;2021-05-30;2674;7429;2791512;1097451;68.0;26.8
FR;64;2021-05-31;15829;45977;2807341;1143428;68.4;27.9
FR;64;2021-06-01;20840;56372;2828181;1199800;68.9;29.2
FR;64;2021-06-02;17033;50414;2845214;1250214;69.4;30.5
FR;64;2021-06-03;21193;55013;2866407;1305227;69.9;31.8
FR;64;2021-06-04;19820;66535;2886227;1371762;70.4;33.4
FR;64;2021-06-05;9363;43220;2895590;1414982;70.6;34.5
FR;64;2021-06-06;2665;10962;2898255;1425944;70.7;34.8
FR;64;2021-06-07;12284;60838;2910539;1486782;71.0;36.2
FR;64;2021-06-08;16723;66710;2927262;1553492;71.4;37.9
FR;64;2021-06-09;14424;58333;2941686;1611825;71.7;39.3
FR;64;2021-06-10;16441;56977;2958127;1668802;72.1;40.7
FR;64;2021-06-11;14994;69882;2973121;1738684;72.5;42.4
FR;64;2021-06-12;8054;36085;2981175;1774769;72.7;43.3
FR;64;2021-06-13;2113;9741;2983288;1784510;72.7;43.5
FR;64;2021-06-14;8842;64634;2992130;1849144;72.9;45.1
FR;64;2021-06-15;11550;66245;3003680;1915389;73.2;46.7
FR;69;2020-12-27;2;0;2;0;0.0;0.0
FR;69;2020-12-28;2;0;4;0;0.0;0.0
FR;69;2020-12-29;3;0;7;0;0.0;0.0
FR;69;2020-12-30;7;0;14;0;0.0;0.0
FR;69;2020-12-31;5;0;19;0;0.0;0.0
FR;69;2021-01-01;6;0;25;0;0.0;0.0
FR;69;2021-01-02;11;1;36;1;0.0;0.0
FR;69;2021-01-03;8;0;44;1;0.0;0.0
FR;69;2021-01-04;115;0;159;1;0.0;0.0
FR;69;2021-01-05;411;4;570;5;0.0;0.0
FR;69;2021-01-06;810;2;1380;7;0.0;0.0
FR;69;2021-01-07;1893;3;3273;10;0.1;0.0
FR;69;2021-01-08;2462;1;5735;11;0.1;0.0
FR;69;2021-01-09;1126;1;6861;12;0.2;0.0
FR;69;2021-01-10;660;1;7521;13;0.2;0.0
FR;69;2021-01-11;2742;6;10263;19;0.3;0.0
FR;69;2021-01-12;3886;1;14149;20;0.4;0.0
FR;69;2021-01-13;3805;14;17954;34;0.5;0.0
FR;69;2021-01-14;4570;48;22524;82;0.6;0.0
FR;69;2021-01-15;3853;14;26377;96;0.7;0.0
FR;69;2021-01-16;1344;14;27721;110;0.7;0.0
FR;69;2021-01-17;634;3;28355;113;0.7;0.0
FR;69;2021-01-18;3261;18;31616;131;0.8;0.0
FR;69;2021-01-19;4799;22;36415;153;0.9;0.0
FR;69;2021-01-20;4769;18;41184;171;1.1;0.0
FR;69;2021-01-21;5551;21;46735;192;1.2;0.0
FR;69;2021-01-22;4376;21;51111;213;1.3;0.0
FR;69;2021-01-23;1363;5;52474;218;1.3;0.0
FR;69;2021-01-24;448;6;52922;224;1.4;0.0
FR;69;2021-01-25;2733;82;55655;306;1.4;0.0
FR;69;2021-01-26;3368;183;59023;489;1.5;0.0
FR;69;2021-01-27;3673;415;62696;904;1.6;0.0
FR;69;2021-01-28;4334;895;67030;1799;1.7;0.0
FR;69;2021-01-29;3490;1237;70520;3036;1.8;0.1
FR;69;2021-01-30;939;403;71459;3439;1.8;0.1
FR;69;2021-01-31;180;162;71639;3601;1.8;0.1
FR;69;2021-02-01;1830;1522;73469;5123;1.9;0.1
FR;69;2021-02-02;2431;2203;75900;7326;1.9;0.2
FR;69;2021-02-03;2424;2272;78324;9598;2.0;0.2
FR;69;2021-02-04;2993;2928;81317;12526;2.1;0.3
FR;69;2021-02-05;2513;2540;83830;15066;2.1;0.4
FR;69;2021-02-06;728;808;84558;15874;2.2;0.4
FR;69;2021-02-07;162;391;84720;16265;2.2;0.4
FR;69;2021-02-08;1611;2411;86331;18676;2.2;0.5
FR;69;2021-02-09;2419;3417;88750;22093;2.3;0.6
FR;69;2021-02-10;2571;3409;91321;25502;2.3;0.7
FR;69;2021-02-11;3535;4867;94856;30369;2.4;0.8
FR;69;2021-02-12;3165;3423;98021;33792;2.5;0.9
FR;69;2021-02-13;870;1034;98891;34826;2.5;0.9
FR;69;2021-02-14;217;415;99108;35241;2.5;0.9
FR;69;2021-02-15;1338;2780;100446;38021;2.6;1.0
FR;69;2021-02-16;1874;3987;102320;42008;2.6;1.1
FR;69;2021-02-17;2010;3664;104330;45672;2.7;1.2
FR;69;2021-02-18;3010;4566;107340;50238;2.8;1.3
FR;69;2021-02-19;2886;3516;110226;53754;2.8;1.4
FR;69;2021-02-20;760;1027;110986;54781;2.8;1.4
FR;69;2021-02-21;150;235;111136;55016;2.8;1.4
FR;69;2021-02-22;1619;2577;112755;57593;2.9;1.5
FR;69;2021-02-23;2292;2823;115047;60416;2.9;1.5
FR;69;2021-02-24;2671;2914;117718;63330;3.0;1.6
FR;69;2021-02-25;3899;3591;121617;66921;3.1;1.7
FR;69;2021-02-26;4286;2637;125903;69558;3.2;1.8
FR;69;2021-02-27;1820;707;127723;70265;3.3;1.8
FR;69;2021-02-28;312;183;128035;70448;3.3;1.8
FR;69;2021-03-01;2813;1942;130848;72390;3.4;1.9
FR;69;2021-03-02;4730;2452;135578;74842;3.5;1.9
FR;69;2021-03-03;6737;2491;142315;77333;3.6;2.0
FR;69;2021-03-04;11834;3050;154149;80383;4.0;2.1
FR;69;2021-03-05;17552;2736;171701;83119;4.4;2.1
FR;69;2021-03-06;23319;848;195020;83967;5.0;2.2
FR;69;2021-03-07;14827;484;209847;84451;5.4;2.2
FR;69;2021-03-08;9813;2080;219660;86531;5.6;2.2
FR;69;2021-03-09;17553;2536;237213;89067;6.1;2.3
FR;69;2021-03-10;18896;2593;256109;91660;6.6;2.3
FR;69;2021-03-11;29277;3296;285386;94956;7.3;2.4
FR;69;2021-03-12;40028;3061;325414;98017;8.3;2.5
FR;69;2021-03-13;36171;1085;361585;99102;9.3;2.5
FR;69;2021-03-14;8219;275;369804;99377;9.5;2.5
FR;69;2021-03-15;16745;1853;386549;101230;9.9;2.6
FR;69;2021-03-16;10748;2201;397297;103431;10.2;2.7
FR;69;2021-03-17;11776;2205;409073;105636;10.5;2.7
FR;69;2021-03-18;13157;2632;422230;108268;10.8;2.8
FR;69;2021-03-19;28919;2477;451149;110745;11.6;2.8
FR;69;2021-03-20;27012;933;478161;111678;12.3;2.9
FR;69;2021-03-21;7131;285;485292;111963;12.4;2.9
FR;69;2021-03-22;21253;2214;506545;114177;13.0;2.9
FR;69;2021-03-23;36282;2858;542827;117035;13.9;3.0
FR;69;2021-03-24;37541;2890;580368;119925;14.9;3.1
FR;69;2021-03-25;55079;3196;635447;123121;16.3;3.2
FR;69;2021-03-26;59227;3076;694674;126197;17.8;3.2
FR;69;2021-03-27;30212;1425;724886;127622;18.6;3.3
FR;69;2021-03-28;7611;400;732497;128022;18.8;3.3
FR;69;2021-03-29;27712;3493;760209;131515;19.5;3.4
FR;69;2021-03-30;42294;4445;802503;135960;20.6;3.5
FR;69;2021-03-31;35384;4456;837887;140416;21.5;3.6
FR;69;2021-04-01;43307;5836;881194;146252;22.6;3.7
FR;69;2021-04-02;41371;5975;922565;152227;23.6;3.9
FR;69;2021-04-03;21667;3951;944232;156178;24.2;4.0
FR;69;2021-04-04;5810;1315;950042;157493;24.3;4.0
FR;69;2021-04-05;7615;1071;957657;158564;24.5;4.1
FR;69;2021-04-06;27915;7240;985572;165804;25.3;4.2
FR;69;2021-04-07;32434;7798;1018006;173602;26.1;4.4
FR;69;2021-04-08;48559;8918;1066565;182520;27.3;4.7
FR;69;2021-04-09;70627;9144;1137192;191664;29.1;4.9
FR;69;2021-04-10;36679;7896;1173871;199560;30.1;5.1
FR;69;2021-04-11;7981;4298;1181852;203858;30.3;5.2
FR;69;2021-04-12;38585;8886;1220437;212744;31.3;5.5
FR;69;2021-04-13;53526;12027;1273963;224771;32.6;5.8
FR;69;2021-04-14;49308;11708;1323271;236479;33.9;6.1
FR;69;2021-04-15;61823;13602;1385094;250081;35.5;6.4
FR;69;2021-04-16;72625;14126;1457719;264207;37.4;6.8
FR;69;2021-04-17;39662;10727;1497381;274934;38.4;7.0
FR;69;2021-04-18;10021;5038;1507402;279972;38.6;7.2
FR;69;2021-04-19;45898;13934;1553300;293906;39.8;7.5
FR;69;2021-04-20;57164;16863;1610464;310769;41.3;8.0
FR;69;2021-04-21;53494;16600;1663958;327369;42.6;8.4
FR;69;2021-04-22;60254;18781;1724212;346150;44.2;8.9
FR;69;2021-04-23;59414;18823;1783626;364973;45.7;9.4
FR;69;2021-04-24;37324;13191;1820950;378164;46.7;9.7
FR;69;2021-04-25;13274;5018;1834224;383182;47.0;9.8
FR;69;2021-04-26;49705;18408;1883929;401590;48.3;10.3
FR;69;2021-04-27;61794;23256;1945723;424846;49.9;10.9
FR;69;2021-04-28;59856;22133;2005579;446979;51.4;11.5
FR;69;2021-04-29;70147;24919;2075726;471898;53.2;12.1
FR;69;2021-04-30;66962;23972;2142688;495870;54.9;12.7
FR;69;2021-05-01;23893;7640;2166581;503510;55.5;12.9
FR;69;2021-05-02;11195;5169;2177776;508679;55.8;13.0
FR;69;2021-05-03;47522;21408;2225298;530087;57.0;13.6
FR;69;2021-05-04;48052;27787;2273350;557874;58.3;14.3
FR;69;2021-05-05;42666;27175;2316016;585049;59.4;15.0
FR;69;2021-05-06;50826;30260;2366842;615309;60.7;15.8
FR;69;2021-05-07;42314;34333;2409156;649642;61.7;16.6
FR;69;2021-05-08;15409;9389;2424565;659031;62.1;16.9
FR;69;2021-05-09;7293;6566;2431858;665597;62.3;17.1
FR;69;2021-05-10;29626;34718;2461484;700315;63.1;17.9
FR;69;2021-05-11;38203;43776;2499687;744091;64.1;19.1
FR;69;2021-05-12;33018;39223;2532705;783314;64.9;20.1
FR;69;2021-05-13;17484;11512;2550189;794826;65.4;20.4
FR;69;2021-05-14;30063;34181;2580252;829007;66.1;21.2
FR;69;2021-05-15;15258;18536;2595510;847543;66.5;21.7
FR;69;2021-05-16;5433;4317;2600943;851860;66.7;21.8
FR;69;2021-05-17;21830;28799;2622773;880659;67.2;22.6
FR;69;2021-05-18;27982;29632;2650755;910291;67.9;23.3
FR;69;2021-05-19;24361;25230;2675116;935521;68.6;24.0
FR;69;2021-05-20;28406;27833;2703522;963354;69.3;24.7
FR;69;2021-05-21;22999;30746;2726521;994100;69.9;25.5
FR;69;2021-05-22;9673;14376;2736194;1008476;70.1;25.8
FR;69;2021-05-23;3190;2379;2739384;1010855;70.2;25.9
FR;69;2021-05-24;8108;7132;2747492;1017987;70.4;26.1
FR;69;2021-05-25;17899;36213;2765391;1054200;70.9;27.0
FR;69;2021-05-26;16377;34471;2781768;1088671;71.3;27.9
FR;69;2021-05-27;20616;42267;2802384;1130938;71.8;29.0
FR;69;2021-05-28;18295;53862;2820679;1184800;72.3;30.4
FR;69;2021-05-29;7658;31254;2828337;1216054;72.5;31.2
FR;69;2021-05-30;1699;6901;2830036;1222955;72.5;31.3
FR;69;2021-05-31;12337;47510;2842373;1270465;72.8;32.6
FR;69;2021-06-01;16205;57657;2858578;1328122;73.3;34.0
FR;69;2021-06-02;12957;50000;2871535;1378122;73.6;35.3
FR;69;2021-06-03;16361;57664;2887896;1435786;74.0;36.8
FR;69;2021-06-04;14576;67097;2902472;1502883;74.4;38.5
FR;69;2021-06-05;6073;39511;2908545;1542394;74.5;39.5
FR;69;2021-06-06;1566;9072;2910111;1551466;74.6;39.8
FR;69;2021-06-07;9705;59501;2919816;1610967;74.8;41.3
FR;69;2021-06-08;14150;66595;2933966;1677562;75.2;43.0
FR;69;2021-06-09;10981;54833;2944947;1732395;75.5;44.4
FR;69;2021-06-10;13843;57817;2958790;1790212;75.8;45.9
FR;69;2021-06-11;12041;69271;2970831;1859483;76.1;47.7
FR;69;2021-06-12;5592;32207;2976423;1891690;76.3;48.5
FR;69;2021-06-13;1306;7817;2977729;1899507;76.3;48.7
FR;69;2021-06-14;7268;61105;2984997;1960612;76.5;50.2
FR;69;2021-06-15;9857;66349;2994854;2026961;76.8;51.9
FR;74;2020-12-27;1;0;1;0;0.0;0.0
FR;74;2020-12-28;7;0;8;0;0.0;0.0
FR;74;2020-12-29;5;0;13;0;0.0;0.0
FR;74;2020-12-30;12;0;25;0;0.0;0.0
FR;74;2020-12-31;8;0;33;0;0.0;0.0
FR;74;2021-01-01;5;0;38;0;0.0;0.0
FR;74;2021-01-02;3;0;41;0;0.0;0.0
FR;74;2021-01-03;13;0;54;0;0.0;0.0
FR;74;2021-01-04;89;1;143;1;0.0;0.0
FR;74;2021-01-05;300;0;443;1;0.0;0.0
FR;74;2021-01-06;555;1;998;2;0.0;0.0
FR;74;2021-01-07;1465;0;2463;2;0.1;0.0
FR;74;2021-01-08;1806;4;4269;6;0.1;0.0
FR;74;2021-01-09;799;0;5068;6;0.1;0.0
FR;74;2021-01-10;539;0;5607;6;0.2;0.0
FR;74;2021-01-11;2136;2;7743;8;0.2;0.0
FR;74;2021-01-12;3160;6;10903;14;0.3;0.0
FR;74;2021-01-13;3221;7;14124;21;0.4;0.0
FR;74;2021-01-14;3963;41;18087;62;0.5;0.0
FR;74;2021-01-15;3546;11;21633;73;0.6;0.0
FR;74;2021-01-16;1339;5;22972;78;0.7;0.0
FR;74;2021-01-17;766;4;23738;82;0.7;0.0
FR;74;2021-01-18;4727;13;28465;95;0.8;0.0
FR;74;2021-01-19;6833;14;35298;109;1.0;0.0
FR;74;2021-01-20;7121;12;42419;121;1.2;0.0
FR;74;2021-01-21;8215;26;50634;147;1.5;0.0
FR;74;2021-01-22;6563;22;57197;169;1.6;0.0
FR;74;2021-01-23;2262;4;59459;173;1.7;0.0
FR;74;2021-01-24;612;2;60071;175;1.7;0.0
FR;74;2021-01-25;4549;56;64620;231;1.9;0.0
FR;74;2021-01-26;5646;153;70266;384;2.0;0.0
FR;74;2021-01-27;5990;272;76256;656;2.2;0.0
FR;74;2021-01-28;6989;750;83245;1406;2.4;0.0
FR;74;2021-01-29;5743;900;88988;2306;2.6;0.1
FR;74;2021-01-30;1770;262;90758;2568;2.6;0.1
FR;74;2021-01-31;296;114;91054;2682;2.6;0.1
FR;74;2021-02-01;3303;1064;94357;3746;2.7;0.1
FR;74;2021-02-02;4313;1787;98670;5533;2.8;0.2
FR;74;2021-02-03;4323;1807;102993;7340;3.0;0.2
FR;74;2021-02-04;5188;2469;108181;9809;3.1;0.3
FR;74;2021-02-05;4400;2181;112581;11990;3.2;0.3
FR;74;2021-02-06;1413;695;113994;12685;3.3;0.4
FR;74;2021-02-07;243;351;114237;13036;3.3;0.4
FR;74;2021-02-08;3086;2508;117323;15544;3.4;0.4
FR;74;2021-02-09;4121;3727;121444;19271;3.5;0.6
FR;74;2021-02-10;4432;3818;125876;23089;3.6;0.7
FR;74;2021-02-11;5649;5477;131525;28566;3.8;0.8
FR;74;2021-02-12;5284;3823;136809;32389;3.9;0.9
FR;74;2021-02-13;1658;1219;138467;33608;4.0;1.0
FR;74;2021-02-14;408;471;138875;34079;4.0;1.0
FR;74;2021-02-15;2409;4184;141284;38263;4.1;1.1
FR;74;2021-02-16;3276;5634;144560;43897;4.2;1.3
FR;74;2021-02-17;3395;5456;147955;49353;4.3;1.4
FR;74;2021-02-18;4949;6817;152904;56170;4.4;1.6
FR;74;2021-02-19;4889;5419;157793;61589;4.5;1.8
FR;74;2021-02-20;1558;1738;159351;63327;4.6;1.8
FR;74;2021-02-21;233;415;159584;63742;4.6;1.8
FR;74;2021-02-22;2880;4294;162464;68036;4.7;2.0
FR;74;2021-02-23;4158;4899;166622;72935;4.8;2.1
FR;74;2021-02-24;4538;4848;171160;77783;4.9;2.2
FR;74;2021-02-25;5541;5708;176701;83491;5.1;2.4
FR;74;2021-02-26;5495;4484;182196;87975;5.2;2.5
FR;74;2021-02-27;2033;1368;184229;89343;5.3;2.6
FR;74;2021-02-28;529;294;184758;89637;5.3;2.6
FR;74;2021-03-01;5088;3375;189846;93012;5.5;2.7
FR;74;2021-03-02;7483;4295;197329;97307;5.7;2.8
FR;74;2021-03-03;9740;4279;207069;101586;6.0;2.9
FR;74;2021-03-04;15144;4857;222213;106443;6.4;3.1
FR;74;2021-03-05;21762;4660;243975;111103;7.0;3.2
FR;74;2021-03-06;31391;1492;275366;112595;7.9;3.2
FR;74;2021-03-07;21026;611;296392;113206;8.5;3.3
FR;74;2021-03-08;14289;3713;310681;116919;8.9;3.4
FR;74;2021-03-09;24135;4291;334816;121210;9.6;3.5
FR;74;2021-03-10;26391;4486;361207;125696;10.4;3.6
FR;74;2021-03-11;38450;5443;399657;131139;11.5;3.8
FR;74;2021-03-12;50784;4858;450441;135997;12.9;3.9
FR;74;2021-03-13;48026;1704;498467;137701;14.3;4.0
FR;74;2021-03-14;11996;463;510463;138164;14.7;4.0
FR;74;2021-03-15;25614;3210;536077;141374;15.4;4.1
FR;74;2021-03-16;20066;3887;556143;145261;16.0;4.2
FR;74;2021-03-17;21842;3926;577985;149187;16.6;4.3
FR;74;2021-03-18;24475;4571;602460;153758;17.3;4.4
FR;74;2021-03-19;41488;4068;643948;157826;18.5;4.5
FR;74;2021-03-20;35482;1645;679430;159471;19.5;4.6
FR;74;2021-03-21;9475;426;688905;159897;19.8;4.6
FR;74;2021-03-22;31556;3957;720461;163854;20.7;4.7
FR;74;2021-03-23;50259;4915;770720;168769;22.2;4.9
FR;74;2021-03-24;52186;5285;822906;174054;23.7;5.0
FR;74;2021-03-25;74866;5697;897772;179751;25.8;5.2
FR;74;2021-03-26;80871;5383;978643;185134;28.1;5.3
FR;74;2021-03-27;51088;2486;1029731;187620;29.6;5.4
FR;74;2021-03-28;17817;773;1047548;188393;30.1;5.4
FR;74;2021-03-29;56103;6980;1103651;195373;31.7;5.6
FR;74;2021-03-30;76565;8883;1180216;204256;33.9;5.9
FR;74;2021-03-31;67948;9436;1248164;213692;35.9;6.1
FR;74;2021-04-01;78384;11819;1326548;225511;38.1;6.5
FR;74;2021-04-02;69997;12385;1396545;237896;40.1;6.8
FR;74;2021-04-03;37161;8493;1433706;246389;41.2;7.1
FR;74;2021-04-04;12500;2799;1446206;249188;41.6;7.2
FR;74;2021-04-05;19208;1896;1465414;251084;42.1;7.2
FR;74;2021-04-06;64404;15176;1529818;266260;44.0;7.7
FR;74;2021-04-07;72647;16047;1602465;282307;46.1;8.1
FR;74;2021-04-08;87609;17980;1690074;300287;48.6;8.6
FR;74;2021-04-09;97288;17801;1787362;318088;51.4;9.1
FR;74;2021-04-10;48595;14080;1835957;332168;52.8;9.5
FR;74;2021-04-11;12706;6832;1848663;339000;53.1;9.7
FR;74;2021-04-12;60906;17756;1909569;356756;54.9;10.3
FR;74;2021-04-13;68718;22246;1978287;379002;56.9;10.9
FR;74;2021-04-14;60113;21804;2038400;400806;58.6;11.5
FR;74;2021-04-15;61947;23763;2100347;424569;60.4;12.2
FR;74;2021-04-16;52278;24344;2152625;448913;61.9;12.9
FR;74;2021-04-17;25719;16819;2178344;465732;62.6;13.4
FR;74;2021-04-18;5745;6967;2184089;472699;62.8;13.6
FR;74;2021-04-19;31743;24311;2215832;497010;63.7;14.3
FR;74;2021-04-20;36305;29596;2252137;526606;64.7;15.1
FR;74;2021-04-21;33382;30220;2285519;556826;65.7;16.0
FR;74;2021-04-22;38108;35190;2323627;592016;66.8;17.0
FR;74;2021-04-23;34863;38795;2358490;630811;67.8;18.1
FR;74;2021-04-24;18650;30724;2377140;661535;68.3;19.0
FR;74;2021-04-25;6144;12562;2383284;674097;68.5;19.4
FR;74;2021-04-26;26753;46859;2410037;720956;69.3;20.7
FR;74;2021-04-27;33072;56044;2443109;777000;70.2;22.3
FR;74;2021-04-28;32636;52816;2475745;829816;71.2;23.9
FR;74;2021-04-29;38747;53950;2514492;883766;72.3;25.4
FR;74;2021-04-30;35063;49134;2549555;932900;73.3;26.8
FR;74;2021-05-01;11099;15150;2560654;948050;73.6;27.3
FR;74;2021-05-02;5179;11393;2565833;959443;73.8;27.6
FR;74;2021-05-03;24215;52114;2590048;1011557;74.5;29.1
FR;74;2021-05-04;25143;69234;2615191;1080791;75.2;31.1
FR;74;2021-05-05;22650;64905;2637841;1145696;75.8;32.9
FR;74;2021-05-06;27343;63258;2665184;1208954;76.6;34.8
FR;74;2021-05-07;23245;65986;2688429;1274940;77.3;36.7
FR;74;2021-05-08;7978;14305;2696407;1289245;77.5;37.1
FR;74;2021-05-09;3664;10474;2700071;1299719;77.6;37.4
FR;74;2021-05-10;16002;63048;2716073;1362767;78.1;39.2
FR;74;2021-05-11;20962;64093;2737035;1426860;78.7;41.0
FR;74;2021-05-12;18380;53155;2755415;1480015;79.2;42.5
FR;74;2021-05-13;9068;12082;2764483;1492097;79.5;42.9
FR;74;2021-05-14;16958;37750;2781441;1529847;80.0;44.0
FR;74;2021-05-15;8371;17570;2789812;1547417;80.2;44.5
FR;74;2021-05-16;2983;3500;2792795;1550917;80.3;44.6
FR;74;2021-05-17;12221;30794;2805016;1581711;80.6;45.5
FR;74;2021-05-18;15443;30483;2820459;1612194;81.1;46.3
FR;74;2021-05-19;14021;25387;2834480;1637581;81.5;47.1
FR;74;2021-05-20;16026;27683;2850506;1665264;82.0;47.9
FR;74;2021-05-21;13374;30692;2863880;1695956;82.3;48.8
FR;74;2021-05-22;5770;14220;2869650;1710176;82.5;49.2
FR;74;2021-05-23;1853;2381;2871503;1712557;82.6;49.2
FR;74;2021-05-24;4632;5724;2876135;1718281;82.7;49.4
FR;74;2021-05-25;10595;35187;2886730;1753468;83.0;50.4
FR;74;2021-05-26;10013;32941;2896743;1786409;83.3;51.4
FR;74;2021-05-27;11837;39429;2908580;1825838;83.6;52.5
FR;74;2021-05-28;11244;45037;2919824;1870875;83.9;53.8
FR;74;2021-05-29;4752;24304;2924576;1895179;84.1;54.5
FR;74;2021-05-30;1043;4238;2925619;1899417;84.1;54.6
FR;74;2021-05-31;7566;29831;2933185;1929248;84.3;55.5
FR;74;2021-06-01;10277;40151;2943462;1969399;84.6;56.6
FR;74;2021-06-02;8452;34076;2951914;2003475;84.9;57.6
FR;74;2021-06-03;10531;42314;2962445;2045789;85.2;58.8
FR;74;2021-06-04;9687;48033;2972132;2093822;85.4;60.2
FR;74;2021-06-05;4046;25144;2976178;2118966;85.6;60.9
FR;74;2021-06-06;933;4683;2977111;2123649;85.6;61.1
FR;74;2021-06-07;6112;31618;2983223;2155267;85.8;62.0
FR;74;2021-06-08;9173;38209;2992396;2193476;86.0;63.1
FR;74;2021-06-09;7247;32417;2999643;2225893;86.2;64.0
FR;74;2021-06-10;8910;37860;3008553;2263753;86.5;65.1
FR;74;2021-06-11;8153;46542;3016706;2310295;86.7;66.4
FR;74;2021-06-12;3614;20525;3020320;2330820;86.8;67.0
FR;74;2021-06-13;843;4151;3021163;2334971;86.9;67.1
FR;74;2021-06-14;4922;34041;3026085;2369012;87.0;68.1
FR;74;2021-06-15;6792;42583;3032877;2411595;87.2;69.3
FR;79;2020-12-27;1;0;1;0;0.0;0.0
FR;79;2020-12-28;6;0;7;0;0.0;0.0
FR;79;2020-12-29;16;0;23;0;0.0;0.0
FR;79;2020-12-30;12;0;35;0;0.0;0.0
FR;79;2020-12-31;6;0;41;0;0.0;0.0
FR;79;2021-01-01;6;0;47;0;0.0;0.0
FR;79;2021-01-02;4;0;51;0;0.0;0.0
FR;79;2021-01-03;2;0;53;0;0.0;0.0
FR;79;2021-01-04;50;0;103;0;0.0;0.0
FR;79;2021-01-05;173;0;276;0;0.0;0.0
FR;79;2021-01-06;342;1;618;1;0.0;0.0
FR;79;2021-01-07;905;0;1523;1;0.1;0.0
FR;79;2021-01-08;1086;1;2609;2;0.1;0.0
FR;79;2021-01-09;364;0;2973;2;0.1;0.0
FR;79;2021-01-10;195;0;3168;2;0.1;0.0
FR;79;2021-01-11;1163;3;4331;5;0.2;0.0
FR;79;2021-01-12;2212;2;6543;7;0.3;0.0
FR;79;2021-01-13;2764;2;9307;9;0.4;0.0
FR;79;2021-01-14;4444;36;13751;45;0.6;0.0
FR;79;2021-01-15;5275;18;19026;63;0.9;0.0
FR;79;2021-01-16;2828;14;21854;77;1.0;0.0
FR;79;2021-01-17;1309;3;23163;80;1.0;0.0
FR;79;2021-01-18;19689;40;42852;120;1.9;0.0
FR;79;2021-01-19;26077;41;68929;161;3.1;0.0
FR;79;2021-01-20;28086;34;97015;195;4.4;0.0
FR;79;2021-01-21;30116;42;127131;237;5.7;0.0
FR;79;2021-01-22;27969;37;155100;274;7.0;0.0
FR;79;2021-01-23;11684;12;166784;286;7.5;0.0
FR;79;2021-01-24;2173;3;168957;289;7.6;0.0
FR;79;2021-01-25;22583;50;191540;339;8.6;0.0
FR;79;2021-01-26;25772;125;217312;464;9.8;0.0
FR;79;2021-01-27;25045;202;242357;666;10.9;0.0
FR;79;2021-01-28;25240;567;267597;1233;12.1;0.1
FR;79;2021-01-29;22559;568;290156;1801;13.1;0.1
FR;79;2021-01-30;8790;139;298946;1940;13.5;0.1
FR;79;2021-01-31;1233;55;300179;1995;13.5;0.1
FR;79;2021-02-01;16189;649;316368;2644;14.3;0.1
FR;79;2021-02-02;19315;1277;335683;3921;15.1;0.2
FR;79;2021-02-03;18325;1590;354008;5511;16.0;0.2
FR;79;2021-02-04;19218;2539;373226;8050;16.8;0.4
FR;79;2021-02-05;18068;2690;391294;10740;17.6;0.5
FR;79;2021-02-06;6461;1009;397755;11749;17.9;0.5
FR;79;2021-02-07;870;391;398625;12140;18.0;0.5
FR;79;2021-02-08;13118;5818;411743;17958;18.6;0.8
FR;79;2021-02-09;15590;7681;427333;25639;19.3;1.2
FR;79;2021-02-10;15471;8061;442804;33700;20.0;1.5
FR;79;2021-02-11;16549;9621;459353;43321;20.7;2.0
FR;79;2021-02-12;15699;9425;475052;52746;21.4;2.4
FR;79;2021-02-13;5015;4126;480067;56872;21.7;2.6
FR;79;2021-02-14;907;1044;480974;57916;21.7;2.6
FR;79;2021-02-15;7139;19834;488113;77750;22.0;3.5
FR;79;2021-02-16;8357;23640;496470;101390;22.4;4.6
FR;79;2021-02-17;8257;24033;504727;125423;22.8;5.7
FR;79;2021-02-18;10326;24436;515053;149859;23.2;6.8
FR;79;2021-02-19;10345;20775;525398;170634;23.7;7.7
FR;79;2021-02-20;3783;8317;529181;178951;23.9;8.1
FR;79;2021-02-21;549;1559;529730;180510;23.9;8.1
FR;79;2021-02-22;7002;21894;536732;202404;24.2;9.1
FR;79;2021-02-23;9664;23576;546396;225980;24.6;10.2
FR;79;2021-02-24;10069;22218;556465;248198;25.1;11.2
FR;79;2021-02-25;11719;22106;568184;270304;25.6;12.2
FR;79;2021-02-26;12086;19135;580270;289439;26.2;13.1
FR;79;2021-02-27;4431;6741;584701;296180;26.4;13.4
FR;79;2021-02-28;876;1038;585577;297218;26.4;13.4
FR;79;2021-03-01;12144;16474;597721;313692;27.0;14.1
FR;79;2021-03-02;16345;19285;614066;332977;27.7;15.0
FR;79;2021-03-03;17770;18571;631836;351548;28.5;15.9
FR;79;2021-03-04;20979;17717;652815;369265;29.4;16.7
FR;79;2021-03-05;22502;16519;675317;385784;30.5;17.4
FR;79;2021-03-06;29093;5446;704410;391230;31.8;17.6
FR;79;2021-03-07;21097;1092;725507;392322;32.7;17.7
FR;79;2021-03-08;17400;15361;742907;407683;33.5;18.4
FR;79;2021-03-09;25797;16485;768704;424168;34.7;19.1
FR;79;2021-03-10;26910;15656;795614;439824;35.9;19.8
FR;79;2021-03-11;31899;15179;827513;455003;37.3;20.5
FR;79;2021-03-12;33434;13012;860947;468015;38.8;21.1
FR;79;2021-03-13;25404;4283;886351;472298;40.0;21.3
FR;79;2021-03-14;9485;791;895836;473089;40.4;21.3
FR;79;2021-03-15;28527;8755;924363;481844;41.7;21.7
FR;79;2021-03-16;32842;9341;957205;491185;43.2;22.2
FR;79;2021-03-17;33819;9305;991024;500490;44.7;22.6
FR;79;2021-03-18;36724;9805;1027748;510295;46.4;23.0
FR;79;2021-03-19;36761;8917;1064509;519212;48.0;23.4
FR;79;2021-03-20;20694;3325;1085203;522537;48.9;23.6
FR;79;2021-03-21;5876;610;1091079;523147;49.2;23.6
FR;79;2021-03-22;28607;9231;1119686;532378;50.5;24.0
FR;79;2021-03-23;37072;10835;1156758;543213;52.2;24.5
FR;79;2021-03-24;35553;11396;1192311;554609;53.8;25.0
FR;79;2021-03-25;41926;11163;1234237;565772;55.7;25.5
FR;79;2021-03-26;39391;10482;1273628;576254;57.4;26.0
FR;79;2021-03-27;17650;4428;1291278;580682;58.2;26.2
FR;79;2021-03-28;4798;911;1296076;581593;58.5;26.2
FR;79;2021-03-29;22280;15018;1318356;596611;59.5;26.9
FR;79;2021-03-30;28030;18932;1346386;615543;60.7;27.8
FR;79;2021-03-31;24683;19761;1371069;635304;61.8;28.7
FR;79;2021-04-01;27175;23215;1398244;658519;63.1;29.7
FR;79;2021-04-02;23063;24467;1421307;682986;64.1;30.8
FR;79;2021-04-03;10010;17373;1431317;700359;64.6;31.6
FR;79;2021-04-04;2801;5065;1434118;705424;64.7;31.8
FR;79;2021-04-05;4187;2753;1438305;708177;64.9;31.9
FR;79;2021-04-06;18995;28977;1457300;737154;65.7;33.2
FR;79;2021-04-07;21052;29861;1478352;767015;66.7;34.6
FR;79;2021-04-08;24977;29936;1503329;796951;67.8;35.9
FR;79;2021-04-09;26819;28116;1530148;825067;69.0;37.2
FR;79;2021-04-10;13575;18934;1543723;844001;69.6;38.1
FR;79;2021-04-11;3487;6450;1547210;850451;69.8;38.4
FR;79;2021-04-12;16738;28904;1563948;879355;70.5;39.7
FR;79;2021-04-13;19105;35013;1583053;914368;71.4;41.2
FR;79;2021-04-14;18158;33148;1601211;947516;72.2;42.7
FR;79;2021-04-15;19088;33339;1620299;980855;73.1;44.2
FR;79;2021-04-16;16228;31048;1636527;1011903;73.8;45.6
FR;79;2021-04-17;8152;16697;1644679;1028600;74.2;46.4
FR;79;2021-04-18;1767;4834;1646446;1033434;74.3;46.6
FR;79;2021-04-19;9841;29166;1656287;1062600;74.7;47.9
FR;79;2021-04-20;11699;34440;1667986;1097040;75.2;49.5
FR;79;2021-04-21;11287;31210;1679273;1128250;75.7;50.9
FR;79;2021-04-22;12844;31092;1692117;1159342;76.3;52.3
FR;79;2021-04-23;11910;27687;1704027;1187029;76.9;53.5
FR;79;2021-04-24;6156;13719;1710183;1200748;77.1;54.2
FR;79;2021-04-25;1913;3426;1712096;1204174;77.2;54.3
FR;79;2021-04-26;8945;20599;1721041;1224773;77.6;55.2
FR;79;2021-04-27;11074;23668;1732115;1248441;78.1;56.3
FR;79;2021-04-28;11593;20905;1743708;1269346;78.6;57.2
FR;79;2021-04-29;13657;20667;1757365;1290013;79.3;58.2
FR;79;2021-04-30;12821;17607;1770186;1307620;79.8;59.0
FR;79;2021-05-01;3818;3915;1774004;1311535;80.0;59.1
FR;79;2021-05-02;1744;2615;1775748;1314150;80.1;59.3
FR;79;2021-05-03;8599;15103;1784347;1329253;80.5;59.9
FR;79;2021-05-04;8933;20141;1793280;1349394;80.9;60.9
FR;79;2021-05-05;8386;18968;1801666;1368362;81.3;61.7
FR;79;2021-05-06;10224;18767;1811890;1387129;81.7;62.6
FR;79;2021-05-07;8944;19436;1820834;1406565;82.1;63.4
FR;79;2021-05-08;2976;4288;1823810;1410853;82.3;63.6
FR;79;2021-05-09;1379;2988;1825189;1413841;82.3;63.8
FR;79;2021-05-10;6119;17463;1831308;1431304;82.6;64.6
FR;79;2021-05-11;7971;18537;1839279;1449841;83.0;65.4
FR;79;2021-05-12;7237;15772;1846516;1465613;83.3;66.1
FR;79;2021-05-13;3489;3780;1850005;1469393;83.4;66.3
FR;79;2021-05-14;6762;11366;1856767;1480759;83.7;66.8
FR;79;2021-05-15;3293;5089;1860060;1485848;83.9;67.0
FR;79;2021-05-16;1138;1151;1861198;1486999;83.9;67.1
FR;79;2021-05-17;4910;8983;1866108;1495982;84.2;67.5
FR;79;2021-05-18;6077;9126;1872185;1505108;84.4;67.9
FR;79;2021-05-19;5691;7947;1877876;1513055;84.7;68.2
FR;79;2021-05-20;6573;8084;1884449;1521139;85.0;68.6
FR;79;2021-05-21;5594;8723;1890043;1529862;85.2;69.0
FR;79;2021-05-22;2399;3802;1892442;1533664;85.3;69.2
FR;79;2021-05-23;727;787;1893169;1534451;85.4;69.2
FR;79;2021-05-24;1830;1599;1894999;1536050;85.5;69.3
FR;79;2021-05-25;4343;10180;1899342;1546230;85.7;69.7
FR;79;2021-05-26;4282;9496;1903624;1555726;85.9;70.2
FR;79;2021-05-27;5183;10937;1908807;1566663;86.1;70.7
FR;79;2021-05-28;4700;12362;1913507;1579025;86.3;71.2
FR;79;2021-05-29;2039;6655;1915546;1585680;86.4;71.5
FR;79;2021-05-30;434;1252;1915980;1586932;86.4;71.6
FR;79;2021-05-31;3178;9021;1919158;1595953;86.6;72.0
FR;79;2021-06-01;4393;11086;1923551;1607039;86.8;72.5
FR;79;2021-06-02;3818;9698;1927369;1616737;86.9;72.9
FR;79;2021-06-03;4746;11218;1932115;1627955;87.1;73.4
FR;79;2021-06-04;4256;12676;1936371;1640631;87.3;74.0
FR;79;2021-06-05;1916;6448;1938287;1647079;87.4;74.3
FR;79;2021-06-06;430;1437;1938717;1648516;87.4;74.3
FR;79;2021-06-07;2662;10021;1941379;1658537;87.6;74.8
FR;79;2021-06-08;3949;11747;1945328;1670284;87.7;75.3
FR;79;2021-06-09;3108;10043;1948436;1680327;87.9;75.8
FR;79;2021-06-10;3849;11061;1952285;1691388;88.0;76.3
FR;79;2021-06-11;3619;13174;1955904;1704562;88.2;76.9
FR;79;2021-06-12;1640;5608;1957544;1710170;88.3;77.1
FR;79;2021-06-13;309;1315;1957853;1711485;88.3;77.2
FR;79;2021-06-14;1995;11081;1959848;1722566;88.4;77.7
FR;79;2021-06-15;2817;12638;1962665;1735204;88.5;78.3
FR;80;2020-12-27;10;2;10;2;0.0;0.0
FR;80;2020-12-28;41;0;51;2;0.0;0.0
FR;80;2020-12-29;78;0;129;2;0.0;0.0
FR;80;2020-12-30;69;0;198;2;0.0;0.0
FR;80;2020-12-31;50;0;248;2;0.0;0.0
FR;80;2021-01-01;9;0;257;2;0.0;0.0
FR;80;2021-01-02;9;0;266;2;0.0;0.0
FR;80;2021-01-03;2;0;268;2;0.0;0.0
FR;80;2021-01-04;297;1;565;3;0.0;0.0
FR;80;2021-01-05;913;2;1478;5;0.0;0.0
FR;80;2021-01-06;1675;2;3153;7;0.1;0.0
FR;80;2021-01-07;6294;5;9447;12;0.2;0.0
FR;80;2021-01-08;5772;11;15219;23;0.4;0.0
FR;80;2021-01-09;979;0;16198;23;0.4;0.0
FR;80;2021-01-10;310;0;16508;23;0.4;0.0
FR;80;2021-01-11;4465;9;20973;32;0.5;0.0
FR;80;2021-01-12;12742;18;33715;50;0.8;0.0
FR;80;2021-01-13;12494;19;46209;69;1.1;0.0
FR;80;2021-01-14;18273;112;64482;181;1.6;0.0
FR;80;2021-01-15;12178;34;76660;215;1.8;0.0
FR;80;2021-01-16;4047;32;80707;247;1.9;0.0
FR;80;2021-01-17;3746;20;84453;267;2.0;0.0
FR;80;2021-01-18;28775;73;113228;340;2.7;0.0
FR;80;2021-01-19;53814;113;167042;453;4.0;0.0
FR;80;2021-01-20;59552;120;226594;573;5.4;0.0
FR;80;2021-01-21;70028;93;296622;666;7.1;0.0
FR;80;2021-01-22;48396;77;345018;743;8.3;0.0
FR;80;2021-01-23;16246;13;361264;756;8.7;0.0
FR;80;2021-01-24;4314;3;365578;759;8.8;0.0
FR;80;2021-01-25;32462;153;398040;912;9.6;0.0
FR;80;2021-01-26;45154;542;443194;1454;10.7;0.0
FR;80;2021-01-27;50907;899;494101;2353;11.9;0.1
FR;80;2021-01-28;60063;3952;554164;6305;13.3;0.2
FR;80;2021-01-29;39365;3285;593529;9590;14.3;0.2
FR;80;2021-01-30;13225;594;606754;10184;14.6;0.2
FR;80;2021-01-31;2334;288;609088;10472;14.6;0.3
FR;80;2021-02-01;23034;2792;632122;13264;15.2;0.3
FR;80;2021-02-02;33549;7436;665671;20700;16.0;0.5
FR;80;2021-02-03;34445;7881;700116;28581;16.8;0.7
FR;80;2021-02-04;38109;12593;738225;41174;17.8;1.0
FR;80;2021-02-05;29818;9540;768043;50714;18.5;1.2
FR;80;2021-02-06;9711;2126;777754;52840;18.7;1.3
FR;80;2021-02-07;1450;1867;779204;54707;18.7;1.3
FR;80;2021-02-08;19372;11145;798576;65852;19.2;1.6
FR;80;2021-02-09;25920;25614;824496;91466;19.8;2.2
FR;80;2021-02-10;26334;28932;850830;120398;20.5;2.9
FR;80;2021-02-11;30547;38129;881377;158527;21.2;3.8
FR;80;2021-02-12;26753;24684;908130;183211;21.8;4.4
FR;80;2021-02-13;7942;6530;916072;189741;22.0;4.6
FR;80;2021-02-14;1508;3101;917580;192842;22.1;4.6
FR;80;2021-02-15;11143;28314;928723;221156;22.3;5.3
FR;80;2021-02-16;15563;38942;944286;260098;22.7;6.3
FR;80;2021-02-17;15938;44495;960224;304593;23.1;7.3
FR;80;2021-02-18;21562;52527;981786;357120;23.6;8.6
FR;80;2021-02-19;19066;37504;1000852;394624;24.1;9.5
FR;80;2021-02-20;6314;12328;1007166;406952;24.2;9.8
FR;80;2021-02-21;913;2970;1008079;409922;24.2;9.9
FR;80;2021-02-22;11186;30702;1019265;440624;24.5;10.6
FR;80;2021-02-23;17114;37278;1036379;477902;24.9;11.5
FR;80;2021-02-24;18006;37092;1054385;514994;25.4;12.4
FR;80;2021-02-25;22325;40881;1076710;555875;25.9;13.4
FR;80;2021-02-26;20550;30928;1097260;586803;26.4;14.1
FR;80;2021-02-27;7186;10286;1104446;597089;26.6;14.4
FR;80;2021-02-28;1261;2121;1105707;599210;26.6;14.4
FR;80;2021-03-01;18802;23217;1124509;622427;27.0;15.0
FR;80;2021-03-02;26921;29125;1151430;651552;27.7;15.7
FR;80;2021-03-03;28750;29264;1180180;680816;28.4;16.4
FR;80;2021-03-04;34987;29725;1215167;710541;29.2;17.1
FR;80;2021-03-05;35911;27509;1251078;738050;30.1;17.8
FR;80;2021-03-06;41406;8391;1292484;746441;31.1;18.0
FR;80;2021-03-07;29719;2068;1322203;748509;31.8;18.0
FR;80;2021-03-08;27197;22518;1349400;771027;32.5;18.5
FR;80;2021-03-09;40773;24693;1390173;795720;33.4;19.1
FR;80;2021-03-10;43145;25410;1433318;821130;34.5;19.7
FR;80;2021-03-11;51689;26922;1485007;848052;35.7;20.4
FR;80;2021-03-12;52175;23017;1537182;871069;37.0;20.9
FR;80;2021-03-13;37549;7039;1574731;878108;37.9;21.1
FR;80;2021-03-14;13907;1533;1588638;879641;38.2;21.2
FR;80;2021-03-15;44113;13964;1632751;893605;39.3;21.5
FR;80;2021-03-16;51836;17068;1684587;910673;40.5;21.9
FR;80;2021-03-17;54682;16584;1739269;927257;41.8;22.3
FR;80;2021-03-18;58540;18864;1797809;946121;43.2;22.8
FR;80;2021-03-19;57404;15764;1855213;961885;44.6;23.1
FR;80;2021-03-20;31035;5363;1886248;967248;45.4;23.3
FR;80;2021-03-21;8686;1098;1894934;968346;45.6;23.3
FR;80;2021-03-22;42884;14573;1937818;982919;46.6;23.6
FR;80;2021-03-23;55639;18062;1993457;1000981;47.9;24.1
FR;80;2021-03-24;54448;19093;2047905;1020074;49.3;24.5
FR;80;2021-03-25;64015;19628;2111920;1039702;50.8;25.0
FR;80;2021-03-26;60176;18288;2172096;1057990;52.2;25.4
FR;80;2021-03-27;26580;7369;2198676;1065359;52.9;25.6
FR;80;2021-03-28;6925;1453;2205601;1066812;53.0;25.7
FR;80;2021-03-29;32854;23407;2238455;1090219;53.8;26.2
FR;80;2021-03-30;43214;30758;2281669;1120977;54.9;27.0
FR;80;2021-03-31;40500;32106;2322169;1153083;55.9;27.7
FR;80;2021-04-01;46110;37748;2368279;1190831;57.0;28.6
FR;80;2021-04-02;37089;39740;2405368;1230571;57.9;29.6
FR;80;2021-04-03;14496;26096;2419864;1256667;58.2;30.2
FR;80;2021-04-04;3869;7570;2423733;1264237;58.3;30.4
FR;80;2021-04-05;5618;4083;2429351;1268320;58.4;30.5
FR;80;2021-04-06;27638;44959;2456989;1313279;59.1;31.6
FR;80;2021-04-07;33460;48390;2490449;1361669;59.9;32.7
FR;80;2021-04-08;40040;49529;2530489;1411198;60.9;33.9
FR;80;2021-04-09;43466;46338;2573955;1457536;61.9;35.1
FR;80;2021-04-10;19773;28884;2593728;1486420;62.4;35.7
FR;80;2021-04-11;4813;9362;2598541;1495782;62.5;36.0
FR;80;2021-04-12;23495;45152;2622036;1540934;63.1;37.1
FR;80;2021-04-13;30180;54623;2652216;1595557;63.8;38.4
FR;80;2021-04-14;29001;52144;2681217;1647701;64.5;39.6
FR;80;2021-04-15;31384;52646;2712601;1700347;65.2;40.9
FR;80;2021-04-16;26409;48973;2739010;1749320;65.9;42.1
FR;80;2021-04-17;12344;25597;2751354;1774917;66.2;42.7
FR;80;2021-04-18;2530;7619;2753884;1782536;66.2;42.9
FR;80;2021-04-19;14247;43664;2768131;1826200;66.6;43.9
FR;80;2021-04-20;17914;53035;2786045;1879235;67.0;45.2
FR;80;2021-04-21;17942;49769;2803987;1929004;67.4;46.4
FR;80;2021-04-22;20679;51192;2824666;1980196;67.9;47.6
FR;80;2021-04-23;19077;44593;2843743;2024789;68.4;48.7
FR;80;2021-04-24;9406;21197;2853149;2045986;68.6;49.2
FR;80;2021-04-25;2684;5151;2855833;2051137;68.7;49.3
FR;80;2021-04-26;12370;30572;2868203;2081709;69.0;50.1
FR;80;2021-04-27;16767;36403;2884970;2118112;69.4;50.9
FR;80;2021-04-28;17983;34582;2902953;2152694;69.8;51.8
FR;80;2021-04-29;21767;35641;2924720;2188335;70.3;52.6
FR;80;2021-04-30;20386;29568;2945106;2217903;70.8;53.3
FR;80;2021-05-01;5810;5819;2950916;2223722;71.0;53.5
FR;80;2021-05-02;2605;3857;2953521;2227579;71.0;53.6
FR;80;2021-05-03;12497;21381;2966018;2248960;71.3;54.1
FR;80;2021-05-04;13886;29952;2979904;2278912;71.7;54.8
FR;80;2021-05-05;13548;29293;2993452;2308205;72.0;55.5
FR;80;2021-05-06;15914;29502;3009366;2337707;72.4;56.2
FR;80;2021-05-07;14577;29751;3023943;2367458;72.7;56.9
FR;80;2021-05-08;4525;6040;3028468;2373498;72.8;57.1
FR;80;2021-05-09;1916;4143;3030384;2377641;72.9;57.2
FR;80;2021-05-10;9189;24344;3039573;2401985;73.1;57.8
FR;80;2021-05-11;12592;27181;3052165;2429166;73.4;58.4
FR;80;2021-05-12;11506;23563;3063671;2452729;73.7;59.0
FR;80;2021-05-13;4885;5398;3068556;2458127;73.8;59.1
FR;80;2021-05-14;10432;16365;3078988;2474492;74.1;59.5
FR;80;2021-05-15;4838;7332;3083826;2481824;74.2;59.7
FR;80;2021-05-16;1539;1527;3085365;2483351;74.2;59.7
FR;80;2021-05-17;7068;13102;3092433;2496453;74.4;60.0
FR;80;2021-05-18;9546;13464;3101979;2509917;74.6;60.4
FR;80;2021-05-19;8937;12073;3110916;2521990;74.8;60.7
FR;80;2021-05-20;10717;12664;3121633;2534654;75.1;61.0
FR;80;2021-05-21;8828;13054;3130461;2547708;75.3;61.3
FR;80;2021-05-22;3843;5192;3134304;2552900;75.4;61.4
FR;80;2021-05-23;1009;1132;3135313;2554032;75.4;61.4
FR;80;2021-05-24;2574;2223;3137887;2556255;75.5;61.5
FR;80;2021-05-25;6585;14202;3144472;2570457;75.6;61.8
FR;80;2021-05-26;6757;14201;3151229;2584658;75.8;62.2
FR;80;2021-05-27;8629;16793;3159858;2601451;76.0;62.6
FR;80;2021-05-28;8239;18045;3168097;2619496;76.2;63.0
FR;80;2021-05-29;3429;8811;3171526;2628307;76.3;63.2
FR;80;2021-05-30;638;1595;3172164;2629902;76.3;63.3
FR;80;2021-05-31;4966;12686;3177130;2642588;76.4;63.6
FR;80;2021-06-01;7244;16597;3184374;2659185;76.6;64.0
FR;80;2021-06-02;6319;14840;3190693;2674025;76.7;64.3
FR;80;2021-06-03;8378;16923;3199071;2690948;76.9;64.7
FR;80;2021-06-04;7525;18887;3206596;2709835;77.1;65.2
FR;80;2021-06-05;3338;9207;3209934;2719042;77.2;65.4
FR;80;2021-06-06;631;2039;3210565;2721081;77.2;65.4
FR;80;2021-06-07;4236;14077;3214801;2735158;77.3;65.8
FR;80;2021-06-08;6549;17427;3221350;2752585;77.5;66.2
FR;80;2021-06-09;5421;15323;3226771;2767908;77.6;66.6
FR;80;2021-06-10;6866;16988;3233637;2784896;77.8;67.0
FR;80;2021-06-11;6349;19738;3239986;2804634;77.9;67.5
FR;80;2021-06-12;2720;8256;3242706;2812890;78.0;67.7
FR;80;2021-06-13;480;2026;3243186;2814916;78.0;67.7
FR;80;2021-06-14;3099;15272;3246285;2830188;78.1;68.1
FR;80;2021-06-15;4529;18321;3250814;2848509;78.2;68.5
FR;0;2020-12-27;20;2;20;2;0.0;0.0
FR;0;2020-12-28;71;0;91;2;0.0;0.0
FR;0;2020-12-29;108;0;199;2;0.0;0.0
FR;0;2020-12-30;123;0;322;2;0.0;0.0
FR;0;2020-12-31;87;0;409;2;0.0;0.0
FR;0;2021-01-01;73;1;482;3;0.0;0.0
FR;0;2021-01-02;88;2;570;5;0.0;0.0
FR;0;2021-01-03;92;0;662;5;0.0;0.0
FR;0;2021-01-04;1479;7;2141;12;0.0;0.0
FR;0;2021-01-05;5409;20;7550;32;0.0;0.0
FR;0;2021-01-06;11318;31;18868;63;0.0;0.0
FR;0;2021-01-07;28572;68;47440;131;0.1;0.0
FR;0;2021-01-08;36280;83;83720;214;0.1;0.0
FR;0;2021-01-09;10937;16;94657;230;0.1;0.0
FR;0;2021-01-10;5632;9;100289;239;0.1;0.0
FR;0;2021-01-11;39089;102;139378;341;0.2;0.0
FR;0;2021-01-12;60973;166;200351;507;0.3;0.0
FR;0;2021-01-13;63920;198;264271;705;0.4;0.0
FR;0;2021-01-14;79969;735;344240;1440;0.5;0.0
FR;0;2021-01-15;67569;304;411809;1744;0.6;0.0
FR;0;2021-01-16;19742;135;431551;1879;0.6;0.0
FR;0;2021-01-17;10473;64;442024;1943;0.7;0.0
FR;0;2021-01-18;84473;349;526497;2292;0.8;0.0
FR;0;2021-01-19;128542;383;655039;2675;1.0;0.0
FR;0;2021-01-20;135349;379;790388;3054;1.2;0.0
FR;0;2021-01-21;155540;381;945928;3435;1.4;0.0
FR;0;2021-01-22;118741;401;1064669;3836;1.6;0.0
FR;0;2021-01-23;37856;84;1102525;3920;1.6;0.0
FR;0;2021-01-24;9369;42;1111894;3962;1.7;0.0
FR;0;2021-01-25;76891;1345;1188785;5307;1.8;0.0
FR;0;2021-01-26;98920;3283;1287705;8590;1.9;0.0
FR;0;2021-01-27;105708;5779;1393413;14369;2.1;0.0
FR;0;2021-01-28;122449;14641;1515862;29010;2.3;0.0
FR;0;2021-01-29;90938;17511;1606800;46521;2.4;0.1
FR;0;2021-01-30;28657;4275;1635457;50796;2.4;0.1
FR;0;2021-01-31;4872;1689;1640329;52485;2.4;0.1
FR;0;2021-02-01;51620;21233;1691949;73718;2.5;0.1
FR;0;2021-02-02;70739;34753;1762688;108471;2.6;0.2
FR;0;2021-02-03;71023;37169;1833711;145640;2.7;0.2
FR;0;2021-02-04;80668;50323;1914379;195963;2.9;0.3
FR;0;2021-02-05;67182;45549;1981561;241512;3.0;0.4
FR;0;2021-02-06;21348;10448;2002909;251960;3.0;0.4
FR;0;2021-02-07;4826;5088;2007735;257048;3.0;0.4
FR;0;2021-02-08;45910;46243;2053645;303291;3.1;0.5
FR;0;2021-02-09;64839;72957;2118484;376248;3.2;0.6
FR;0;2021-02-10;69338;77379;2187822;453627;3.3;0.7
FR;0;2021-02-11;85698;100174;2273520;553801;3.4;0.8
FR;0;2021-02-12;77824;75203;2351344;629004;3.5;0.9
FR;0;2021-02-13;21713;19650;2373057;648654;3.5;1.0
FR;0;2021-02-14;4596;7238;2377653;655892;3.5;1.0
FR;0;2021-02-15;37087;77066;2414740;732958;3.6;1.1
FR;0;2021-02-16;49229;101472;2463969;834430;3.7;1.2
FR;0;2021-02-17;49312;103715;2513281;938145;3.7;1.4
FR;0;2021-02-18;68047;119728;2581328;1057873;3.8;1.6
FR;0;2021-02-19;63851;91793;2645179;1149666;3.9;1.7
FR;0;2021-02-20;18011;28620;2663190;1178286;4.0;1.8
FR;0;2021-02-21;2860;6415;2666050;1184701;4.0;1.8
FR;0;2021-02-22;36543;73747;2702593;1258448;4.0;1.9
FR;0;2021-02-23;52690;84849;2755283;1343297;4.1;2.0
FR;0;2021-02-24;58145;81908;2813428;1425205;4.2;2.1
FR;0;2021-02-25;98765;93088;2912193;1518293;4.3;2.3
FR;0;2021-02-26;111804;72661;3023997;1590954;4.5;2.4
FR;0;2021-02-27;51234;22570;3075231;1613524;4.6;2.4
FR;0;2021-02-28;5680;4504;3080911;1618028;4.6;2.4
FR;0;2021-03-01;63695;53671;3144606;1671699;4.7;2.5
FR;0;2021-03-02;99442;67696;3244048;1739395;4.8;2.6
FR;0;2021-03-03;113830;67289;3357878;1806684;5.0;2.7
FR;0;2021-03-04;160668;71609;3518546;1878293;5.2;2.8
FR;0;2021-03-05;198161;66673;3716707;1944966;5.5;2.9
FR;0;2021-03-06;205270;20145;3921977;1965111;5.8;2.9
FR;0;2021-03-07;119899;6827;4041876;1971938;6.0;2.9
FR;0;2021-03-08;105022;52386;4146898;2024324;6.2;3.0
FR;0;2021-03-09;169944;59296;4316842;2083620;6.4;3.1
FR;0;2021-03-10;175919;59730;4492761;2143350;6.7;3.2
FR;0;2021-03-11;239774;66907;4732535;2210257;7.1;3.3
FR;0;2021-03-12;291365;57921;5023900;2268178;7.5;3.4
FR;0;2021-03-13;228847;17914;5252747;2286092;7.8;3.4
FR;0;2021-03-14;62287;4286;5315034;2290378;7.9;3.4
FR;0;2021-03-15;156124;35134;5471158;2325512;8.2;3.5
FR;0;2021-03-16;139463;41742;5610621;2367254;8.4;3.5
FR;0;2021-03-17;148216;41345;5758837;2408599;8.6;3.6
FR;0;2021-03-18;165310;48050;5924147;2456649;8.8;3.7
FR;0;2021-03-19;227084;41889;6151231;2498538;9.2;3.7
FR;0;2021-03-20;164843;14418;6316074;2512956;9.4;3.7
FR;0;2021-03-21;48762;3608;6364836;2516564;9.5;3.7
FR;0;2021-03-22;167362;37698;6532198;2554262;9.7;3.8
FR;0;2021-03-23;247133;47280;6779331;2601542;10.1;3.9
FR;0;2021-03-24;253575;48857;7032906;2650399;10.5;3.9
FR;0;2021-03-25;337975;51590;7370881;2701989;11.0;4.0
FR;0;2021-03-26;355156;49349;7726037;2751338;11.5;4.1
FR;0;2021-03-27;193206;20659;7919243;2771997;11.8;4.1
FR;0;2021-03-28;58364;4973;7977607;2776970;11.9;4.1
FR;0;2021-03-29;200597;58683;8178204;2835653;12.2;4.2
FR;0;2021-03-30;282199;76465;8460403;2912118;12.6;4.3
FR;0;2021-03-31;259734;79707;8720137;2991825;13.0;4.5
FR;0;2021-04-01;310356;96839;9030493;3088664;13.5;4.6
FR;0;2021-04-02;277979;99891;9308472;3188555;13.9;4.8
FR;0;2021-04-03;139198;65413;9447670;3253968;14.1;4.8
FR;0;2021-04-04;44886;20046;9492556;3274014;14.1;4.9
FR;0;2021-04-05;58790;12872;9551346;3286886;14.2;4.9
FR;0;2021-04-06;213599;113909;9764945;3400795;14.5;5.1
FR;0;2021-04-07;256430;123370;10021375;3524165;14.9;5.3
FR;0;2021-04-08;332958;132504;10354333;3656669;15.4;5.4
FR;0;2021-04-09;405236;128483;10759569;3785152;16.0;5.6
FR;0;2021-04-10;210129;88675;10969698;3873827;16.3;5.8
FR;0;2021-04-11;54894;36476;11024592;3910303;16.4;5.8
FR;0;2021-04-12;233944;122104;11258536;4032407;16.8;6.0
FR;0;2021-04-13;305358;154300;11563894;4186707;17.2;6.2
FR;0;2021-04-14;289715;149136;11853609;4335843;17.7;6.5
FR;0;2021-04-15;331853;159219;12185462;4495062;18.2;6.7
FR;0;2021-04-16;335307;156451;12520769;4651513;18.7;6.9
FR;0;2021-04-17;186342;95989;12707111;4747502;18.9;7.1
FR;0;2021-04-18;50442;37328;12757553;4784830;19.0;7.1
FR;0;2021-04-19;202825;145470;12960378;4930300;19.3;7.3
FR;0;2021-04-20;250909;179806;13211287;5110106;19.7;7.6
FR;0;2021-04-21;249405;178119;13460692;5288225;20.1;7.9
FR;0;2021-04-22;283462;199409;13744154;5487634;20.5;8.2
FR;0;2021-04-23;291051;195589;14035205;5683223;20.9;8.5
FR;0;2021-04-24;188155;120101;14223360;5803324;21.2;8.6
FR;0;2021-04-25;68399;41936;14291759;5845260;21.3;8.7
FR;0;2021-04-26;218008;167326;14509767;6012586;21.6;9.0
FR;0;2021-04-27;281086;208025;14790853;6220611;22.0;9.3
FR;0;2021-04-28;295971;205237;15086824;6425848;22.5;9.6
FR;0;2021-04-29;353063;227449;15439887;6653297;23.0;9.9
FR;0;2021-04-30;368197;220593;15808084;6873890;23.6;10.2
FR;0;2021-05-01;164019;62097;15972103;6935987;23.8;10.3
FR;0;2021-05-02;90168;42683;16062271;6978670;23.9;10.4
FR;0;2021-05-03;284097;187936;16346368;7166606;24.4;10.7
FR;0;2021-05-04;310882;247833;16657250;7414439;24.8;11.0
FR;0;2021-05-05;319651;246989;16976901;7661428;25.3;11.4
FR;0;2021-05-06;372977;270051;17349878;7931479;25.9;11.8
FR;0;2021-05-07;366905;295528;17716783;8227007;26.4;12.3
FR;0;2021-05-08;210822;79831;17927605;8306838;26.7;12.4
FR;0;2021-05-09;127680;54421;18055285;8361259;26.9;12.5
FR;0;2021-05-10;304502;252260;18359787;8613519;27.4;12.8
FR;0;2021-05-11;396888;293597;18756675;8907116;27.9;13.3
FR;0;2021-05-12;423074;266097;19179749;9173213;28.6;13.7
FR;0;2021-05-13;331598;76359;19511347;9249572;29.1;13.8
FR;0;2021-05-14;446116;200191;19957463;9449763;29.7;14.1
FR;0;2021-05-15;367542;118132;20325005;9567895;30.3;14.3
FR;0;2021-05-16;199435;33124;20524440;9601019;30.6;14.3
FR;0;2021-05-17;369032;176549;20893472;9777568;31.1;14.6
FR;0;2021-05-18;447668;188959;21341140;9966527;31.8;14.8
FR;0;2021-05-19;458119;179415;21799259;10145942;32.5;15.1
FR;0;2021-05-20;496890;200955;22296149;10346897;33.2;15.4
FR;0;2021-05-21;480074;218021;22776223;10564918;33.9;15.7
FR;0;2021-05-22;341821;106463;23118044;10671381;34.4;15.9
FR;0;2021-05-23;158940;25942;23276984;10697323;34.7;15.9
FR;0;2021-05-24;257269;51763;23534253;10749086;35.1;16.0
FR;0;2021-05-25;391400;223483;23925653;10972569;35.6;16.3
FR;0;2021-05-26;401434;223326;24327087;11195895;36.2;16.7
FR;0;2021-05-27;441260;263274;24768347;11459169;36.9;17.1
FR;0;2021-05-28;421611;315149;25189958;11774318;37.5;17.5
FR;0;2021-05-29;294496;180691;25484454;11955009;38.0;17.8
FR;0;2021-05-30;104768;41554;25589222;11996563;38.1;17.9
FR;0;2021-05-31;351613;239856;25940835;12236419;38.7;18.2
FR;0;2021-06-01;412855;300369;26353690;12536788;39.3;18.7
FR;0;2021-06-02;400386;275111;26754076;12811899;39.9;19.1
FR;0;2021-06-03;450640;310653;27204716;13122552;40.5;19.6
FR;0;2021-06-04;441531;359424;27646247;13481976;41.2;20.1
FR;0;2021-06-05;297836;220589;27944083;13702565;41.6;20.4
FR;0;2021-06-06;128937;60456;28073020;13763021;41.8;20.5
FR;0;2021-06-07;327160;297369;28400180;14060390;42.3;20.9
FR;0;2021-06-08;385599;336002;28785779;14396392;42.9;21.5
FR;0;2021-06-09;367984;317070;29153763;14713462;43.4;21.9
FR;0;2021-06-10;384057;334944;29537820;15048406;44.0;22.4
FR;0;2021-06-11;373523;405027;29911343;15453433;44.6;23.0
FR;0;2021-06-12;275161;241375;30186504;15694808;45.0;23.4
FR;0;2021-06-13;101307;84215;30287811;15779023;45.1;23.5
FR;0;2021-06-14;228691;383103;30516502;16162126;45.5;24.1
FR;0;2021-06-15;291391;421724;30807893;16583850;45.9;24.7
