fra;clage_vacsi;jour;n_dose1;n_complet;n_cum_dose1;n_cum_complet;couv_dose1;couv_complet
FR;24;2020-12-27;1;0;1;0;0.0;0.0
FR;24;2020-12-28;2;0;3;0;0.0;0.0
FR;24;2020-12-29;0;0;3;0;0.0;0.0
FR;24;2020-12-30;0;0;3;0;0.0;0.0
FR;24;2020-12-31;1;0;4;0;0.0;0.0
FR;24;2021-01-01;1;0;5;0;0.0;0.0
FR;24;2021-01-02;1;0;6;0;0.0;0.0
FR;24;2021-01-03;2;0;8;0;0.0;0.0
FR;24;2021-01-04;4;0;12;0;0.0;0.0
FR;24;2021-01-05;17;1;29;1;0.0;0.0
FR;24;2021-01-06;36;0;65;1;0.0;0.0
FR;24;2021-01-07;180;0;245;1;0.0;0.0
FR;24;2021-01-08;216;0;461;1;0.0;0.0
FR;24;2021-01-09;40;0;501;1;0.0;0.0
FR;24;2021-01-10;35;0;536;1;0.0;0.0
FR;24;2021-01-11;251;2;787;3;0.0;0.0
FR;24;2021-01-12;398;5;1185;8;0.0;0.0
FR;24;2021-01-13;478;6;1663;14;0.0;0.0
FR;24;2021-01-14;615;6;2278;20;0.0;0.0
FR;24;2021-01-15;596;2;2874;22;0.1;0.0
FR;24;2021-01-16;118;3;2992;25;0.1;0.0
FR;24;2021-01-17;94;0;3086;25;0.1;0.0
FR;24;2021-01-18;508;4;3594;29;0.1;0.0
FR;24;2021-01-19;598;3;4192;32;0.1;0.0
FR;24;2021-01-20;651;0;4843;32;0.1;0.0
FR;24;2021-01-21;760;4;5603;36;0.1;0.0
FR;24;2021-01-22;602;4;6205;40;0.1;0.0
FR;24;2021-01-23;117;0;6322;40;0.1;0.0
FR;24;2021-01-24;22;0;6344;40;0.1;0.0
FR;24;2021-01-25;294;5;6638;45;0.1;0.0
FR;24;2021-01-26;367;13;7005;58;0.1;0.0
FR;24;2021-01-27;446;14;7451;72;0.1;0.0
FR;24;2021-01-28;597;51;8048;123;0.1;0.0
FR;24;2021-01-29;467;83;8515;206;0.2;0.0
FR;24;2021-01-30;87;16;8602;222;0.2;0.0
FR;24;2021-01-31;25;13;8627;235;0.2;0.0
FR;24;2021-02-01;157;135;8784;370;0.2;0.0
FR;24;2021-02-02;219;182;9003;552;0.2;0.0
FR;24;2021-02-03;218;186;9221;738;0.2;0.0
FR;24;2021-02-04;358;315;9579;1053;0.2;0.0
FR;24;2021-02-05;346;345;9925;1398;0.2;0.0
FR;24;2021-02-06;83;71;10008;1469;0.2;0.0
FR;24;2021-02-07;169;31;10177;1500;0.2;0.0
FR;24;2021-02-08;388;359;10565;1859;0.2;0.0
FR;24;2021-02-09;745;459;11310;2318;0.2;0.0
FR;24;2021-02-10;1094;599;12404;2917;0.2;0.1
FR;24;2021-02-11;1579;724;13983;3641;0.3;0.1
FR;24;2021-02-12;1623;569;15606;4210;0.3;0.1
FR;24;2021-02-13;292;94;15898;4304;0.3;0.1
FR;24;2021-02-14;62;31;15960;4335;0.3;0.1
FR;24;2021-02-15;1040;385;17000;4720;0.3;0.1
FR;24;2021-02-16;1564;585;18564;5305;0.3;0.1
FR;24;2021-02-17;1493;505;20057;5810;0.4;0.1
FR;24;2021-02-18;1948;637;22005;6447;0.4;0.1
FR;24;2021-02-19;1858;569;23863;7016;0.4;0.1
FR;24;2021-02-20;333;89;24196;7105;0.4;0.1
FR;24;2021-02-21;41;19;24237;7124;0.4;0.1
FR;24;2021-02-22;1170;295;25407;7419;0.5;0.1
FR;24;2021-02-23;1588;397;26995;7816;0.5;0.1
FR;24;2021-02-24;1655;340;28650;8156;0.5;0.2
FR;24;2021-02-25;2283;492;30933;8648;0.6;0.2
FR;24;2021-02-26;2200;412;33133;9060;0.6;0.2
FR;24;2021-02-27;533;89;33666;9149;0.6;0.2
FR;24;2021-02-28;92;17;33758;9166;0.6;0.2
FR;24;2021-03-01;1267;246;35025;9412;0.6;0.2
FR;24;2021-03-02;1664;324;36689;9736;0.7;0.2
FR;24;2021-03-03;1762;377;38451;10113;0.7;0.2
FR;24;2021-03-04;2168;544;40619;10657;0.7;0.2
FR;24;2021-03-05;3305;530;43924;11187;0.8;0.2
FR;24;2021-03-06;1721;155;45645;11342;0.8;0.2
FR;24;2021-03-07;987;86;46632;11428;0.9;0.2
FR;24;2021-03-08;1975;265;48607;11693;0.9;0.2
FR;24;2021-03-09;2633;343;51240;12036;0.9;0.2
FR;24;2021-03-10;2446;384;53686;12420;1.0;0.2
FR;24;2021-03-11;2946;535;56632;12955;1.0;0.2
FR;24;2021-03-12;3850;476;60482;13431;1.1;0.2
FR;24;2021-03-13;1495;115;61977;13546;1.1;0.2
FR;24;2021-03-14;534;39;62511;13585;1.2;0.3
FR;24;2021-03-15;1841;273;64352;13858;1.2;0.3
FR;24;2021-03-16;827;317;65179;14175;1.2;0.3
FR;24;2021-03-17;1076;332;66255;14507;1.2;0.3
FR;24;2021-03-18;1305;450;67560;14957;1.2;0.3
FR;24;2021-03-19;1871;380;69431;15337;1.3;0.3
FR;24;2021-03-20;836;91;70267;15428;1.3;0.3
FR;24;2021-03-21;633;75;70900;15503;1.3;0.3
FR;24;2021-03-22;1504;314;72404;15817;1.3;0.3
FR;24;2021-03-23;1801;408;74205;16225;1.4;0.3
FR;24;2021-03-24;2159;375;76364;16600;1.4;0.3
FR;24;2021-03-25;2563;515;78927;17115;1.5;0.3
FR;24;2021-03-26;3168;511;82095;17626;1.5;0.3
FR;24;2021-03-27;1899;213;83994;17839;1.5;0.3
FR;24;2021-03-28;1010;79;85004;17918;1.6;0.3
FR;24;2021-03-29;2450;381;87454;18299;1.6;0.3
FR;24;2021-03-30;3626;541;91080;18840;1.7;0.3
FR;24;2021-03-31;4174;548;95254;19388;1.8;0.4
FR;24;2021-04-01;5423;790;100677;20178;1.9;0.4
FR;24;2021-04-02;4460;651;105137;20829;1.9;0.4
FR;24;2021-04-03;1749;349;106886;21178;2.0;0.4
FR;24;2021-04-04;955;129;107841;21307;2.0;0.4
FR;24;2021-04-05;1099;137;108940;21444;2.0;0.4
FR;24;2021-04-06;3558;600;112498;22044;2.1;0.4
FR;24;2021-04-07;4788;848;117286;22892;2.2;0.4
FR;24;2021-04-08;6382;1139;123668;24031;2.3;0.4
FR;24;2021-04-09;5789;1075;129457;25106;2.4;0.5
FR;24;2021-04-10;2626;575;132083;25681;2.4;0.5
FR;24;2021-04-11;1257;313;133340;25994;2.5;0.5
FR;24;2021-04-12;3445;946;136785;26940;2.5;0.5
FR;24;2021-04-13;4771;1162;141556;28102;2.6;0.5
FR;24;2021-04-14;4962;1326;146518;29428;2.7;0.5
FR;24;2021-04-15;5217;1602;151735;31030;2.8;0.6
FR;24;2021-04-16;4831;1692;156566;32722;2.9;0.6
FR;24;2021-04-17;2138;806;158704;33528;2.9;0.6
FR;24;2021-04-18;724;441;159428;33969;2.9;0.6
FR;24;2021-04-19;2945;1522;162373;35491;3.0;0.7
FR;24;2021-04-20;3122;2136;165495;37627;3.1;0.7
FR;24;2021-04-21;3438;2486;168933;40113;3.1;0.7
FR;24;2021-04-22;4031;3145;172964;43258;3.2;0.8
FR;24;2021-04-23;4207;3303;177171;46561;3.3;0.9
FR;24;2021-04-24;2399;1687;179570;48248;3.3;0.9
FR;24;2021-04-25;1231;802;180801;49050;3.3;0.9
FR;24;2021-04-26;3113;2191;183914;51241;3.4;0.9
FR;24;2021-04-27;3920;3171;187834;54412;3.5;1.0
FR;24;2021-04-28;4431;3752;192265;58164;3.5;1.1
FR;24;2021-04-29;5504;4465;197769;62629;3.6;1.2
FR;24;2021-04-30;6217;4625;203986;67254;3.8;1.2
FR;24;2021-05-01;3982;1088;207968;68342;3.8;1.3
FR;24;2021-05-02;2774;906;210742;69248;3.9;1.3
FR;24;2021-05-03;6328;4141;217070;73389;4.0;1.4
FR;24;2021-05-04;7548;4724;224618;78113;4.1;1.4
FR;24;2021-05-05;8741;4979;233359;83092;4.3;1.5
FR;24;2021-05-06;10883;6394;244242;89486;4.5;1.6
FR;24;2021-05-07;12074;6437;256316;95923;4.7;1.8
FR;24;2021-05-08;9977;2550;266293;98473;4.9;1.8
FR;24;2021-05-09;6877;1938;273170;100411;5.0;1.9
FR;24;2021-05-10;11071;4971;284241;105382;5.2;1.9
FR;24;2021-05-11;15548;5778;299789;111160;5.5;2.0
FR;24;2021-05-12;22817;6185;322606;117345;5.9;2.2
FR;24;2021-05-13;27553;3069;350159;120414;6.5;2.2
FR;24;2021-05-14;32193;5541;382352;125955;7.0;2.3
FR;24;2021-05-15;33886;3992;416238;129947;7.7;2.4
FR;24;2021-05-16;21891;1987;438129;131934;8.1;2.4
FR;24;2021-05-17;29510;5244;467639;137178;8.6;2.5
FR;24;2021-05-18;37876;6058;505515;143236;9.3;2.6
FR;24;2021-05-19;39879;7045;545394;150281;10.1;2.8
FR;24;2021-05-20;45594;7415;590988;157696;10.9;2.9
FR;24;2021-05-21;46821;7181;637809;164877;11.8;3.0
FR;24;2021-05-22;44526;4490;682335;169367;12.6;3.1
FR;24;2021-05-23;23910;2302;706245;171669;13.0;3.2
FR;24;2021-05-24;34310;3571;740555;175240;13.7;3.2
FR;24;2021-05-25;44602;7768;785157;183008;14.5;3.4
FR;24;2021-05-26;45317;7283;830474;190291;15.3;3.5
FR;24;2021-05-27;51610;8447;882084;198738;16.3;3.7
FR;24;2021-05-28;48248;8861;930332;207599;17.2;3.8
FR;24;2021-05-29;43859;5861;974191;213460;18.0;3.9
FR;24;2021-05-30;18269;2223;992460;215683;18.3;4.0
FR;24;2021-05-31;51507;8133;1043967;223816;19.2;4.1
FR;24;2021-06-01;59094;10017;1103061;233833;20.3;4.3
FR;24;2021-06-02;60249;9419;1163310;243252;21.4;4.5
FR;24;2021-06-03;66963;10376;1230273;253628;22.7;4.7
FR;24;2021-06-04;64162;10512;1294435;264140;23.9;4.9
FR;24;2021-06-05;54576;7631;1349011;271771;24.9;5.0
FR;24;2021-06-06;26572;3544;1375583;275315;25.4;5.1
FR;24;2021-06-07;56203;9681;1431786;284996;26.4;5.3
FR;29;2020-12-27;0;0;0;0;0.0;0.0
FR;29;2020-12-28;1;0;1;0;0.0;0.0
FR;29;2020-12-29;0;0;1;0;0.0;0.0
FR;29;2020-12-30;0;0;1;0;0.0;0.0
FR;29;2020-12-31;1;0;2;0;0.0;0.0
FR;29;2021-01-01;2;0;4;0;0.0;0.0
FR;29;2021-01-02;3;0;7;0;0.0;0.0
FR;29;2021-01-03;2;0;9;0;0.0;0.0
FR;29;2021-01-04;10;0;19;0;0.0;0.0
FR;29;2021-01-05;42;0;61;0;0.0;0.0
FR;29;2021-01-06;142;0;203;0;0.0;0.0
FR;29;2021-01-07;307;2;510;2;0.0;0.0
FR;29;2021-01-08;518;4;1028;6;0.0;0.0
FR;29;2021-01-09;113;0;1141;6;0.0;0.0
FR;29;2021-01-10;91;1;1232;7;0.0;0.0
FR;29;2021-01-11;644;4;1876;11;0.1;0.0
FR;29;2021-01-12;935;14;2811;25;0.1;0.0
FR;29;2021-01-13;1217;13;4028;38;0.1;0.0
FR;29;2021-01-14;1567;17;5595;55;0.2;0.0
FR;29;2021-01-15;1314;7;6909;62;0.2;0.0
FR;29;2021-01-16;193;4;7102;66;0.2;0.0
FR;29;2021-01-17;158;0;7260;66;0.2;0.0
FR;29;2021-01-18;1039;12;8299;78;0.2;0.0
FR;29;2021-01-19;1149;6;9448;84;0.3;0.0
FR;29;2021-01-20;1198;7;10646;91;0.3;0.0
FR;29;2021-01-21;1461;7;12107;98;0.3;0.0
FR;29;2021-01-22;1151;11;13258;109;0.4;0.0
FR;29;2021-01-23;170;2;13428;111;0.4;0.0
FR;29;2021-01-24;52;0;13480;111;0.4;0.0
FR;29;2021-01-25;540;18;14020;129;0.4;0.0
FR;29;2021-01-26;666;35;14686;164;0.4;0.0
FR;29;2021-01-27;729;62;15415;226;0.4;0.0
FR;29;2021-01-28;1036;123;16451;349;0.4;0.0
FR;29;2021-01-29;803;171;17254;520;0.5;0.0
FR;29;2021-01-30;141;40;17395;560;0.5;0.0
FR;29;2021-01-31;34;26;17429;586;0.5;0.0
FR;29;2021-02-01;263;293;17692;879;0.5;0.0
FR;29;2021-02-02;410;372;18102;1251;0.5;0.0
FR;29;2021-02-03;457;461;18559;1712;0.5;0.0
FR;29;2021-02-04;611;717;19170;2429;0.5;0.1
FR;29;2021-02-05;533;750;19703;3179;0.5;0.1
FR;29;2021-02-06;142;109;19845;3288;0.5;0.1
FR;29;2021-02-07;304;66;20149;3354;0.5;0.1
FR;29;2021-02-08;604;807;20753;4161;0.6;0.1
FR;29;2021-02-09;1254;1025;22007;5186;0.6;0.1
FR;29;2021-02-10;1714;1138;23721;6324;0.6;0.2
FR;29;2021-02-11;2469;1431;26190;7755;0.7;0.2
FR;29;2021-02-12;2221;1233;28411;8988;0.8;0.2
FR;29;2021-02-13;427;157;28838;9145;0.8;0.2
FR;29;2021-02-14;134;81;28972;9226;0.8;0.2
FR;29;2021-02-15;1571;803;30543;10029;0.8;0.3
FR;29;2021-02-16;1924;1161;32467;11190;0.9;0.3
FR;29;2021-02-17;1889;951;34356;12141;0.9;0.3
FR;29;2021-02-18;2397;1171;36753;13312;1.0;0.4
FR;29;2021-02-19;2321;951;39074;14263;1.1;0.4
FR;29;2021-02-20;383;124;39457;14387;1.1;0.4
FR;29;2021-02-21;86;43;39543;14430;1.1;0.4
FR;29;2021-02-22;1362;536;40905;14966;1.1;0.4
FR;29;2021-02-23;1762;658;42667;15624;1.1;0.4
FR;29;2021-02-24;1789;544;44456;16168;1.2;0.4
FR;29;2021-02-25;2405;946;46861;17114;1.3;0.5
FR;29;2021-02-26;2579;671;49440;17785;1.3;0.5
FR;29;2021-02-27;606;110;50046;17895;1.3;0.5
FR;29;2021-02-28;112;28;50158;17923;1.3;0.5
FR;29;2021-03-01;1310;356;51468;18279;1.4;0.5
FR;29;2021-03-02;1805;603;53273;18882;1.4;0.5
FR;29;2021-03-03;1987;606;55260;19488;1.5;0.5
FR;29;2021-03-04;2498;777;57758;20265;1.6;0.5
FR;29;2021-03-05;3628;732;61386;20997;1.7;0.6
FR;29;2021-03-06;1644;149;63030;21146;1.7;0.6
FR;29;2021-03-07;820;101;63850;21247;1.7;0.6
FR;29;2021-03-08;1963;410;65813;21657;1.8;0.6
FR;29;2021-03-09;2664;502;68477;22159;1.8;0.6
FR;29;2021-03-10;2583;526;71060;22685;1.9;0.6
FR;29;2021-03-11;3362;848;74422;23533;2.0;0.6
FR;29;2021-03-12;3984;750;78406;24283;2.1;0.7
FR;29;2021-03-13;1634;148;80040;24431;2.2;0.7
FR;29;2021-03-14;564;64;80604;24495;2.2;0.7
FR;29;2021-03-15;1892;379;82496;24874;2.2;0.7
FR;29;2021-03-16;1122;507;83618;25381;2.2;0.7
FR;29;2021-03-17;1376;508;84994;25889;2.3;0.7
FR;29;2021-03-18;1651;689;86645;26578;2.3;0.7
FR;29;2021-03-19;2237;573;88882;27151;2.4;0.7
FR;29;2021-03-20;987;132;89869;27283;2.4;0.7
FR;29;2021-03-21;725;66;90594;27349;2.4;0.7
FR;29;2021-03-22;1663;417;92257;27766;2.5;0.7
FR;29;2021-03-23;2211;610;94468;28376;2.5;0.8
FR;29;2021-03-24;2534;577;97002;28953;2.6;0.8
FR;29;2021-03-25;3384;702;100386;29655;2.7;0.8
FR;29;2021-03-26;3735;723;104121;30378;2.8;0.8
FR;29;2021-03-27;2148;268;106269;30646;2.9;0.8
FR;29;2021-03-28;965;73;107234;30719;2.9;0.8
FR;29;2021-03-29;2762;543;109996;31262;3.0;0.8
FR;29;2021-03-30;3997;732;113993;31994;3.1;0.9
FR;29;2021-03-31;4533;828;118526;32822;3.2;0.9
FR;29;2021-04-01;5872;1028;124398;33850;3.3;0.9
FR;29;2021-04-02;4905;940;129303;34790;3.5;0.9
FR;29;2021-04-03;1776;341;131079;35131;3.5;0.9
FR;29;2021-04-04;900;125;131979;35256;3.6;0.9
FR;29;2021-04-05;925;114;132904;35370;3.6;1.0
FR;29;2021-04-06;3511;773;136415;36143;3.7;1.0
FR;29;2021-04-07;4549;1123;140964;37266;3.8;1.0
FR;29;2021-04-08;6281;1485;147245;38751;4.0;1.0
FR;29;2021-04-09;6292;1296;153537;40047;4.1;1.1
FR;29;2021-04-10;2651;631;156188;40678;4.2;1.1
FR;29;2021-04-11;1163;339;157351;41017;4.2;1.1
FR;29;2021-04-12;3600;1050;160951;42067;4.3;1.1
FR;29;2021-04-13;4877;1507;165828;43574;4.5;1.2
FR;29;2021-04-14;4776;1520;170604;45094;4.6;1.2
FR;29;2021-04-15;5613;1827;176217;46921;4.7;1.3
FR;29;2021-04-16;4801;1891;181018;48812;4.9;1.3
FR;29;2021-04-17;2243;919;183261;49731;4.9;1.3
FR;29;2021-04-18;774;519;184035;50250;5.0;1.4
FR;29;2021-04-19;2863;1770;186898;52020;5.0;1.4
FR;29;2021-04-20;3514;2513;190412;54533;5.1;1.5
FR;29;2021-04-21;3479;2790;193891;57323;5.2;1.5
FR;29;2021-04-22;4455;3862;198346;61185;5.3;1.6
FR;29;2021-04-23;4603;3788;202949;64973;5.5;1.7
FR;29;2021-04-24;2701;1829;205650;66802;5.5;1.8
FR;29;2021-04-25;1193;741;206843;67543;5.6;1.8
FR;29;2021-04-26;3002;2472;209845;70015;5.6;1.9
FR;29;2021-04-27;3992;3605;213837;73620;5.8;2.0
FR;29;2021-04-28;4676;4030;218513;77650;5.9;2.1
FR;29;2021-04-29;5904;4978;224417;82628;6.0;2.2
FR;29;2021-04-30;6471;5200;230888;87828;6.2;2.4
FR;29;2021-05-01;4235;1219;235123;89047;6.3;2.4
FR;29;2021-05-02;2624;918;237747;89965;6.4;2.4
FR;29;2021-05-03;6892;4291;244639;94256;6.6;2.5
FR;29;2021-05-04;8176;5200;252815;99456;6.8;2.7
FR;29;2021-05-05;9642;5194;262457;104650;7.1;2.8
FR;29;2021-05-06;11259;6556;273716;111206;7.4;3.0
FR;29;2021-05-07;11724;6624;285440;117830;7.7;3.2
FR;29;2021-05-08;8909;2279;294349;120109;7.9;3.2
FR;29;2021-05-09;5909;1748;300258;121857;8.1;3.3
FR;29;2021-05-10;10670;5310;310928;127167;8.4;3.4
FR;29;2021-05-11;14579;6372;325507;133539;8.8;3.6
FR;29;2021-05-12;20021;6331;345528;139870;9.3;3.8
FR;29;2021-05-13;19827;2365;365355;142235;9.8;3.8
FR;29;2021-05-14;22414;4407;387769;146642;10.4;3.9
FR;29;2021-05-15;21359;2966;409128;149608;11.0;4.0
FR;29;2021-05-16;13401;1351;422529;150959;11.4;4.1
FR;29;2021-05-17;21570;4979;444099;155938;11.9;4.2
FR;29;2021-05-18;28413;5726;472512;161664;12.7;4.3
FR;29;2021-05-19;28866;5965;501378;167629;13.5;4.5
FR;29;2021-05-20;32692;6538;534070;174167;14.4;4.7
FR;29;2021-05-21;31756;6171;565826;180338;15.2;4.9
FR;29;2021-05-22;26101;3032;591927;183370;15.9;4.9
FR;29;2021-05-23;14154;1492;606081;184862;16.3;5.0
FR;29;2021-05-24;22525;2643;628606;187505;16.9;5.0
FR;29;2021-05-25;30535;6568;659141;194073;17.7;5.2
FR;29;2021-05-26;32402;6599;691543;200672;18.6;5.4
FR;29;2021-05-27;35500;7605;727043;208277;19.6;5.6
FR;29;2021-05-28;32990;7882;760033;216159;20.4;5.8
FR;29;2021-05-29;26508;4252;786541;220411;21.2;5.9
FR;29;2021-05-30;11771;1631;798312;222042;21.5;6.0
FR;29;2021-05-31;33415;6794;831727;228836;22.4;6.2
FR;29;2021-06-01;38340;8204;870067;237040;23.4;6.4
FR;29;2021-06-02;38591;7779;908658;244819;24.4;6.6
FR;29;2021-06-03;43678;8796;952336;253615;25.6;6.8
FR;29;2021-06-04;42284;9010;994620;262625;26.8;7.1
FR;29;2021-06-05;31481;5589;1026101;268214;27.6;7.2
FR;29;2021-06-06;16770;2535;1042871;270749;28.1;7.3
FR;29;2021-06-07;36793;8143;1079664;278892;29.0;7.5
FR;39;2020-12-27;0;0;0;0;0.0;0.0
FR;39;2020-12-28;0;0;0;0;0.0;0.0
FR;39;2020-12-29;1;0;1;0;0.0;0.0
FR;39;2020-12-30;4;0;5;0;0.0;0.0
FR;39;2020-12-31;1;0;6;0;0.0;0.0
FR;39;2021-01-01;4;0;10;0;0.0;0.0
FR;39;2021-01-02;2;1;12;1;0.0;0.0
FR;39;2021-01-03;2;0;14;1;0.0;0.0
FR;39;2021-01-04;23;0;37;1;0.0;0.0
FR;39;2021-01-05;140;0;177;1;0.0;0.0
FR;39;2021-01-06;385;0;562;1;0.0;0.0
FR;39;2021-01-07;1176;6;1738;7;0.0;0.0
FR;39;2021-01-08;1787;4;3525;11;0.0;0.0
FR;39;2021-01-09;475;0;4000;11;0.0;0.0
FR;39;2021-01-10;308;2;4308;13;0.1;0.0
FR;39;2021-01-11;2213;10;6521;23;0.1;0.0
FR;39;2021-01-12;3411;21;9932;44;0.1;0.0
FR;39;2021-01-13;3500;18;13432;62;0.2;0.0
FR;39;2021-01-14;4782;57;18214;119;0.2;0.0
FR;39;2021-01-15;4399;24;22613;143;0.3;0.0
FR;39;2021-01-16;769;4;23382;147;0.3;0.0
FR;39;2021-01-17;492;4;23874;151;0.3;0.0
FR;39;2021-01-18;3074;36;26948;187;0.3;0.0
FR;39;2021-01-19;4010;18;30958;205;0.4;0.0
FR;39;2021-01-20;3910;21;34868;226;0.4;0.0
FR;39;2021-01-21;5151;23;40019;249;0.5;0.0
FR;39;2021-01-22;3972;34;43991;283;0.5;0.0
FR;39;2021-01-23;592;3;44583;286;0.5;0.0
FR;39;2021-01-24;184;0;44767;286;0.5;0.0
FR;39;2021-01-25;1596;45;46363;331;0.6;0.0
FR;39;2021-01-26;2168;101;48531;432;0.6;0.0
FR;39;2021-01-27;2286;215;50817;647;0.6;0.0
FR;39;2021-01-28;3480;471;54297;1118;0.7;0.0
FR;39;2021-01-29;2677;697;56974;1815;0.7;0.0
FR;39;2021-01-30;396;215;57370;2030;0.7;0.0
FR;39;2021-01-31;89;78;57459;2108;0.7;0.0
FR;39;2021-02-01;752;1058;58211;3166;0.7;0.0
FR;39;2021-02-02;1335;1649;59546;4815;0.7;0.1
FR;39;2021-02-03;1361;1661;60907;6476;0.7;0.1
FR;39;2021-02-04;1986;2536;62893;9012;0.8;0.1
FR;39;2021-02-05;1645;2705;64538;11717;0.8;0.1
FR;39;2021-02-06;400;433;64938;12150;0.8;0.1
FR;39;2021-02-07;553;209;65491;12359;0.8;0.1
FR;39;2021-02-08;1520;2428;67011;14787;0.8;0.2
FR;39;2021-02-09;3172;3383;70183;18170;0.8;0.2
FR;39;2021-02-10;3889;3529;74072;21699;0.9;0.3
FR;39;2021-02-11;6167;4868;80239;26567;1.0;0.3
FR;39;2021-02-12;5821;4007;86060;30574;1.0;0.4
FR;39;2021-02-13;1241;548;87301;31122;1.1;0.4
FR;39;2021-02-14;387;266;87688;31388;1.1;0.4
FR;39;2021-02-15;3421;2395;91109;33783;1.1;0.4
FR;39;2021-02-16;4420;3369;95529;37152;1.2;0.4
FR;39;2021-02-17;3990;2872;99519;40024;1.2;0.5
FR;39;2021-02-18;5973;3905;105492;43929;1.3;0.5
FR;39;2021-02-19;5853;3094;111345;47023;1.3;0.6
FR;39;2021-02-20;1140;477;112485;47500;1.4;0.6
FR;39;2021-02-21;187;122;112672;47622;1.4;0.6
FR;39;2021-02-22;3010;1674;115682;49296;1.4;0.6
FR;39;2021-02-23;3927;1938;119609;51234;1.4;0.6
FR;39;2021-02-24;3728;1727;123337;52961;1.5;0.6
FR;39;2021-02-25;5617;2564;128954;55525;1.6;0.7
FR;39;2021-02-26;6102;1950;135056;57475;1.6;0.7
FR;39;2021-02-27;1666;315;136722;57790;1.6;0.7
FR;39;2021-02-28;241;125;136963;57915;1.7;0.7
FR;39;2021-03-01;2960;1019;139923;58934;1.7;0.7
FR;39;2021-03-02;4268;1643;144191;60577;1.7;0.7
FR;39;2021-03-03;4263;1557;148454;62134;1.8;0.7
FR;39;2021-03-04;6340;2352;154794;64486;1.9;0.8
FR;39;2021-03-05;9183;2167;163977;66653;2.0;0.8
FR;39;2021-03-06;4964;444;168941;67097;2.0;0.8
FR;39;2021-03-07;2651;273;171592;67370;2.1;0.8
FR;39;2021-03-08;4697;1144;176289;68514;2.1;0.8
FR;39;2021-03-09;6939;1561;183228;70075;2.2;0.8
FR;39;2021-03-10;6133;1571;189361;71646;2.3;0.9
FR;39;2021-03-11;8732;2469;198093;74115;2.4;0.9
FR;39;2021-03-12;11507;2219;209600;76334;2.5;0.9
FR;39;2021-03-13;5249;455;214849;76789;2.6;0.9
FR;39;2021-03-14;1752;174;216601;76963;2.6;0.9
FR;39;2021-03-15;4797;1071;221398;78034;2.7;0.9
FR;39;2021-03-16;3374;1422;224772;79456;2.7;1.0
FR;39;2021-03-17;3454;1518;228226;80974;2.8;1.0
FR;39;2021-03-18;4660;2000;232886;82974;2.8;1.0
FR;39;2021-03-19;6285;1677;239171;84651;2.9;1.0
FR;39;2021-03-20;3174;383;242345;85034;2.9;1.0
FR;39;2021-03-21;2071;173;244416;85207;2.9;1.0
FR;39;2021-03-22;4453;1126;248869;86333;3.0;1.0
FR;39;2021-03-23;6176;1684;255045;88017;3.1;1.1
FR;39;2021-03-24;6324;1392;261369;89409;3.2;1.1
FR;39;2021-03-25;9065;1767;270434;91176;3.3;1.1
FR;39;2021-03-26;10660;1764;281094;92940;3.4;1.1
FR;39;2021-03-27;5996;663;287090;93603;3.5;1.1
FR;39;2021-03-28;2737;188;289827;93791;3.5;1.1
FR;39;2021-03-29;7200;1326;297027;95117;3.6;1.1
FR;39;2021-03-30;10558;1938;307585;97055;3.7;1.2
FR;39;2021-03-31;11212;1900;318797;98955;3.8;1.2
FR;39;2021-04-01;15055;2716;333852;101671;4.0;1.2
FR;39;2021-04-02;13290;2520;347142;104191;4.2;1.3
FR;39;2021-04-03;5609;1028;352751;105219;4.3;1.3
FR;39;2021-04-04;2528;352;355279;105571;4.3;1.3
FR;39;2021-04-05;2539;329;357818;105900;4.3;1.3
FR;39;2021-04-06;9305;2329;367123;108229;4.4;1.3
FR;39;2021-04-07;12211;2793;379334;111022;4.6;1.3
FR;39;2021-04-08;16899;3774;396233;114796;4.8;1.4
FR;39;2021-04-09;16929;3670;413162;118466;5.0;1.4
FR;39;2021-04-10;7413;1956;420575;120422;5.1;1.5
FR;39;2021-04-11;2989;989;423564;121411;5.1;1.5
FR;39;2021-04-12;9631;2777;433195;124188;5.2;1.5
FR;39;2021-04-13;12980;4054;446175;128242;5.4;1.5
FR;39;2021-04-14;12937;3883;459112;132125;5.5;1.6
FR;39;2021-04-15;14847;4867;473959;136992;5.7;1.7
FR;39;2021-04-16;12815;5323;486774;142315;5.9;1.7
FR;39;2021-04-17;6148;2736;492922;145051;5.9;1.7
FR;39;2021-04-18;2273;1559;495195;146610;6.0;1.8
FR;39;2021-04-19;7939;4724;503134;151334;6.1;1.8
FR;39;2021-04-20;9502;6751;512636;158085;6.2;1.9
FR;39;2021-04-21;10335;7224;522971;165309;6.3;2.0
FR;39;2021-04-22;11959;10377;534930;175686;6.4;2.1
FR;39;2021-04-23;12299;10559;547229;186245;6.6;2.2
FR;39;2021-04-24;7860;5108;555089;191353;6.7;2.3
FR;39;2021-04-25;3535;2174;558624;193527;6.7;2.3
FR;39;2021-04-26;8727;6981;567351;200508;6.8;2.4
FR;39;2021-04-27;11898;9600;579249;210108;7.0;2.5
FR;39;2021-04-28;13298;10110;592547;220218;7.1;2.7
FR;39;2021-04-29;17371;13001;609918;233219;7.4;2.8
FR;39;2021-04-30;19896;13299;629814;246518;7.6;3.0
FR;39;2021-05-01;13590;3560;643404;250078;7.8;3.0
FR;39;2021-05-02;9355;2516;652759;252594;7.9;3.0
FR;39;2021-05-03;22561;11341;675320;263935;8.1;3.2
FR;39;2021-05-04;27093;13994;702413;277929;8.5;3.4
FR;39;2021-05-05;30911;14327;733324;292256;8.8;3.5
FR;39;2021-05-06;37238;17751;770562;310007;9.3;3.7
FR;39;2021-05-07;38703;18576;809265;328583;9.8;4.0
FR;39;2021-05-08;29053;5681;838318;334264;10.1;4.0
FR;39;2021-05-09;18792;4316;857110;338580;10.3;4.1
FR;39;2021-05-10;34046;14562;891156;353142;10.7;4.3
FR;39;2021-05-11;44342;17194;935498;370336;11.3;4.5
FR;39;2021-05-12;56601;16295;992099;386631;12.0;4.7
FR;39;2021-05-13;53472;5665;1045571;392296;12.6;4.7
FR;39;2021-05-14;62239;11059;1107810;403355;13.4;4.9
FR;39;2021-05-15;56531;6935;1164341;410290;14.0;4.9
FR;39;2021-05-16;36067;3126;1200408;413416;14.5;5.0
FR;39;2021-05-17;56580;11976;1256988;425392;15.2;5.1
FR;39;2021-05-18;71440;13676;1328428;439068;16.0;5.3
FR;39;2021-05-19;74567;14136;1402995;453204;16.9;5.5
FR;39;2021-05-20;83060;14984;1486055;468188;17.9;5.6
FR;39;2021-05-21;82055;14972;1568110;483160;18.9;5.8
FR;39;2021-05-22;63635;7449;1631745;490609;19.7;5.9
FR;39;2021-05-23;33973;3314;1665718;493923;20.1;6.0
FR;39;2021-05-24;52274;5380;1717992;499303;20.7;6.0
FR;39;2021-05-25;73570;15830;1791562;515133;21.6;6.2
FR;39;2021-05-26;76454;15856;1868016;530989;22.5;6.4
FR;39;2021-05-27;84561;17921;1952577;548910;23.5;6.6
FR;39;2021-05-28;78349;19472;2030926;568382;24.5;6.9
FR;39;2021-05-29;57696;10107;2088622;578489;25.2;7.0
FR;39;2021-05-30;24475;3654;2113097;582143;25.5;7.0
FR;39;2021-05-31;74467;15839;2187564;597982;26.4;7.2
FR;39;2021-06-01;85673;19612;2273237;617594;27.4;7.4
FR;39;2021-06-02;85557;18924;2358794;636518;28.4;7.7
FR;39;2021-06-03;97053;21458;2455847;657976;29.6;7.9
FR;39;2021-06-04;95088;22882;2550935;680858;30.8;8.2
FR;39;2021-06-05;63571;13540;2614506;694398;31.5;8.4
FR;39;2021-06-06;31641;5719;2646147;700117;31.9;8.4
FR;39;2021-06-07;74023;20205;2720170;720322;32.8;8.7
FR;49;2020-12-27;2;0;2;0;0.0;0.0
FR;49;2020-12-28;3;0;5;0;0.0;0.0
FR;49;2020-12-29;1;0;6;0;0.0;0.0
FR;49;2020-12-30;6;0;12;0;0.0;0.0
FR;49;2020-12-31;1;0;13;0;0.0;0.0
FR;49;2021-01-01;3;0;16;0;0.0;0.0
FR;49;2021-01-02;11;0;27;0;0.0;0.0
FR;49;2021-01-03;5;0;32;0;0.0;0.0
FR;49;2021-01-04;87;0;119;0;0.0;0.0
FR;49;2021-01-05;338;1;457;1;0.0;0.0
FR;49;2021-01-06;857;5;1314;6;0.0;0.0
FR;49;2021-01-07;2158;7;3472;13;0.0;0.0
FR;49;2021-01-08;3379;9;6851;22;0.1;0.0
FR;49;2021-01-09;1003;1;7854;23;0.1;0.0
FR;49;2021-01-10;473;2;8327;25;0.1;0.0
FR;49;2021-01-11;4174;17;12501;42;0.1;0.0
FR;49;2021-01-12;5863;17;18364;59;0.2;0.0
FR;49;2021-01-13;6161;21;24525;80;0.3;0.0
FR;49;2021-01-14;8336;80;32861;160;0.4;0.0
FR;49;2021-01-15;7618;32;40479;192;0.5;0.0
FR;49;2021-01-16;1425;9;41904;201;0.5;0.0
FR;49;2021-01-17;621;6;42525;207;0.5;0.0
FR;49;2021-01-18;5061;32;47586;239;0.6;0.0
FR;49;2021-01-19;6823;27;54409;266;0.6;0.0
FR;49;2021-01-20;6630;32;61039;298;0.7;0.0
FR;49;2021-01-21;8415;35;69454;333;0.8;0.0
FR;49;2021-01-22;6267;40;75721;373;0.9;0.0
FR;49;2021-01-23;1016;7;76737;380;0.9;0.0
FR;49;2021-01-24;282;3;77019;383;0.9;0.0
FR;49;2021-01-25;2622;102;79641;485;0.9;0.0
FR;49;2021-01-26;3732;228;83373;713;1.0;0.0
FR;49;2021-01-27;3985;395;87358;1108;1.0;0.0
FR;49;2021-01-28;5550;989;92908;2097;1.1;0.0
FR;49;2021-01-29;4406;1564;97314;3661;1.1;0.0
FR;49;2021-01-30;693;377;98007;4038;1.1;0.0
FR;49;2021-01-31;137;125;98144;4163;1.1;0.0
FR;49;2021-02-01;1374;2091;99518;6254;1.2;0.1
FR;49;2021-02-02;2291;3202;101809;9456;1.2;0.1
FR;49;2021-02-03;2305;3382;104114;12838;1.2;0.1
FR;49;2021-02-04;3377;4780;107491;17618;1.3;0.2
FR;49;2021-02-05;2794;4891;110285;22509;1.3;0.3
FR;49;2021-02-06;571;890;110856;23399;1.3;0.3
FR;49;2021-02-07;519;293;111375;23692;1.3;0.3
FR;49;2021-02-08;1940;4062;113315;27754;1.3;0.3
FR;49;2021-02-09;4344;5758;117659;33512;1.4;0.4
FR;49;2021-02-10;5496;6079;123155;39591;1.4;0.5
FR;49;2021-02-11;8003;8003;131158;47594;1.5;0.6
FR;49;2021-02-12;7306;6478;138464;54072;1.6;0.6
FR;49;2021-02-13;1699;1027;140163;55099;1.6;0.6
FR;49;2021-02-14;408;407;140571;55506;1.6;0.6
FR;49;2021-02-15;4128;3898;144699;59404;1.7;0.7
FR;49;2021-02-16;5383;5352;150082;64756;1.7;0.8
FR;49;2021-02-17;5140;4672;155222;69428;1.8;0.8
FR;49;2021-02-18;7485;6216;162707;75644;1.9;0.9
FR;49;2021-02-19;7076;4910;169783;80554;2.0;0.9
FR;49;2021-02-20;1493;805;171276;81359;2.0;0.9
FR;49;2021-02-21;279;226;171555;81585;2.0;0.9
FR;49;2021-02-22;3534;2665;175089;84250;2.0;1.0
FR;49;2021-02-23;4881;3145;179970;87395;2.1;1.0
FR;49;2021-02-24;4902;2857;184872;90252;2.2;1.1
FR;49;2021-02-25;7568;4206;192440;94458;2.2;1.1
FR;49;2021-02-26;8277;3193;200717;97651;2.3;1.1
FR;49;2021-02-27;2688;575;203405;98226;2.4;1.1
FR;49;2021-02-28;334;137;203739;98363;2.4;1.1
FR;49;2021-03-01;3841;1653;207580;100016;2.4;1.2
FR;49;2021-03-02;5802;2509;213382;102525;2.5;1.2
FR;49;2021-03-03;6036;2549;219418;105074;2.6;1.2
FR;49;2021-03-04;8950;3506;228368;108580;2.7;1.3
FR;49;2021-03-05;12579;3300;240947;111880;2.8;1.3
FR;49;2021-03-06;8624;645;249571;112525;2.9;1.3
FR;49;2021-03-07;4688;417;254259;112942;3.0;1.3
FR;49;2021-03-08;6422;1707;260681;114649;3.0;1.3
FR;49;2021-03-09;9573;2345;270254;116994;3.1;1.4
FR;49;2021-03-10;9001;2387;279255;119381;3.2;1.4
FR;49;2021-03-11;12852;3492;292107;122873;3.4;1.4
FR;49;2021-03-12;16482;3004;308589;125877;3.6;1.5
FR;49;2021-03-13;9556;653;318145;126530;3.7;1.5
FR;49;2021-03-14;3134;251;321279;126781;3.7;1.5
FR;49;2021-03-15;6900;1470;328179;128251;3.8;1.5
FR;49;2021-03-16;4632;2147;332811;130398;3.9;1.5
FR;49;2021-03-17;5178;2024;337989;132422;3.9;1.5
FR;49;2021-03-18;6549;2809;344538;135231;4.0;1.6
FR;49;2021-03-19;9528;2332;354066;137563;4.1;1.6
FR;49;2021-03-20;5874;582;359940;138145;4.2;1.6
FR;49;2021-03-21;3144;222;363084;138367;4.2;1.6
FR;49;2021-03-22;6303;1493;369387;139860;4.3;1.6
FR;49;2021-03-23;8598;2170;377985;142030;4.4;1.7
FR;49;2021-03-24;9520;1998;387505;144028;4.5;1.7
FR;49;2021-03-25;12348;2383;399853;146411;4.7;1.7
FR;49;2021-03-26;14710;2352;414563;148763;4.8;1.7
FR;49;2021-03-27;9360;869;423923;149632;4.9;1.7
FR;49;2021-03-28;3848;303;427771;149935;5.0;1.7
FR;49;2021-03-29;9884;1866;437655;151801;5.1;1.8
FR;49;2021-03-30;14275;2692;451930;154493;5.3;1.8
FR;49;2021-03-31;15558;2811;467488;157304;5.4;1.8
FR;49;2021-04-01;19881;3744;487369;161048;5.7;1.9
FR;49;2021-04-02;17462;3474;504831;164522;5.9;1.9
FR;49;2021-04-03;9328;1832;514159;166354;6.0;1.9
FR;49;2021-04-04;4116;625;518275;166979;6.0;1.9
FR;49;2021-04-05;4207;533;522482;167512;6.1;1.9
FR;49;2021-04-06;13193;3380;535675;170892;6.2;2.0
FR;49;2021-04-07;17669;4267;553344;175159;6.4;2.0
FR;49;2021-04-08;22434;5205;575778;180364;6.7;2.1
FR;49;2021-04-09;23511;5371;599289;185735;7.0;2.2
FR;49;2021-04-10;12415;3404;611704;189139;7.1;2.2
FR;49;2021-04-11;4471;1683;616175;190822;7.2;2.2
FR;49;2021-04-12;14128;3805;630303;194627;7.3;2.3
FR;49;2021-04-13;18719;5795;649022;200422;7.6;2.3
FR;49;2021-04-14;19397;5975;668419;206397;7.8;2.4
FR;49;2021-04-15;20366;7060;688785;213457;8.0;2.5
FR;49;2021-04-16;17455;7337;706240;220794;8.2;2.6
FR;49;2021-04-17;9883;4668;716123;225462;8.3;2.6
FR;49;2021-04-18;3369;2300;719492;227762;8.4;2.7
FR;49;2021-04-19;11993;6399;731485;234161;8.5;2.7
FR;49;2021-04-20;14162;9042;745647;243203;8.7;2.8
FR;49;2021-04-21;15999;10169;761646;253372;8.9;2.9
FR;49;2021-04-22;17549;13176;779195;266548;9.1;3.1
FR;49;2021-04-23;18094;14121;797289;280669;9.3;3.3
FR;49;2021-04-24;12658;7816;809947;288485;9.4;3.4
FR;49;2021-04-25;5500;3143;815447;291628;9.5;3.4
FR;49;2021-04-26;13706;9976;829153;301604;9.6;3.5
FR;49;2021-04-27;18633;13105;847786;314709;9.9;3.7
FR;49;2021-04-28;22520;14582;870306;329291;10.1;3.8
FR;49;2021-04-29;27544;17303;897850;346594;10.4;4.0
FR;49;2021-04-30;31790;18121;929640;364715;10.8;4.2
FR;49;2021-05-01;24151;5751;953791;370466;11.1;4.3
FR;49;2021-05-02;16513;3879;970304;374345;11.3;4.4
FR;49;2021-05-03;39535;15539;1009839;389884;11.8;4.5
FR;49;2021-05-04;46537;20327;1056376;410211;12.3;4.8
FR;49;2021-05-05;55607;21686;1111983;431897;12.9;5.0
FR;49;2021-05-06;62308;24699;1174291;456596;13.7;5.3
FR;49;2021-05-07;65669;26073;1239960;482669;14.4;5.6
FR;49;2021-05-08;51469;9195;1291429;491864;15.0;5.7
FR;49;2021-05-09;32200;6261;1323629;498125;15.4;5.8
FR;49;2021-05-10;57219;20729;1380848;518854;16.1;6.0
FR;49;2021-05-11;71924;23941;1452772;542795;16.9;6.3
FR;49;2021-05-12;90005;24041;1542777;566836;18.0;6.6
FR;49;2021-05-13;80156;7801;1622933;574637;18.9;6.7
FR;49;2021-05-14;96046;15744;1718979;590381;20.0;6.9
FR;49;2021-05-15;86185;10899;1805164;601280;21.0;7.0
FR;49;2021-05-16;53121;4537;1858285;605817;21.6;7.1
FR;49;2021-05-17;81885;16350;1940170;622167;22.6;7.2
FR;49;2021-05-18;98369;17918;2038539;640085;23.7;7.4
FR;49;2021-05-19;109830;19412;2148369;659497;25.0;7.7
FR;49;2021-05-20;113566;19765;2261935;679262;26.3;7.9
FR;49;2021-05-21;112644;19956;2374579;699218;27.6;8.1
FR;49;2021-05-22;87288;10539;2461867;709757;28.7;8.3
FR;49;2021-05-23;42764;3992;2504631;713749;29.1;8.3
FR;49;2021-05-24;66921;6875;2571552;720624;29.9;8.4
FR;49;2021-05-25;94437;20867;2665989;741491;31.0;8.6
FR;49;2021-05-26;100713;22747;2766702;764238;32.2;8.9
FR;49;2021-05-27;103762;23990;2870464;788228;33.4;9.2
FR;49;2021-05-28;99150;26714;2969614;814942;34.6;9.5
FR;49;2021-05-29;73974;15530;3043588;830472;35.4;9.7
FR;49;2021-05-30;26721;4716;3070309;835188;35.7;9.7
FR;49;2021-05-31;87198;21234;3157507;856422;36.7;10.0
FR;49;2021-06-01;99802;26359;3257309;882781;37.9;10.3
FR;49;2021-06-02;100854;26466;3358163;909247;39.1;10.6
FR;49;2021-06-03;108459;27819;3466622;937066;40.3;10.9
FR;49;2021-06-04;107935;31181;3574557;968247;41.6;11.3
FR;49;2021-06-05;74053;20845;3648610;989092;42.5;11.5
FR;49;2021-06-06;31702;7542;3680312;996634;42.8;11.6
FR;49;2021-06-07;76723;27618;3757035;1024252;43.7;11.9
FR;59;2020-12-27;2;0;2;0;0.0;0.0
FR;59;2020-12-28;6;0;8;0;0.0;0.0
FR;59;2020-12-29;2;0;10;0;0.0;0.0
FR;59;2020-12-30;6;0;16;0;0.0;0.0
FR;59;2020-12-31;9;0;25;0;0.0;0.0
FR;59;2021-01-01;25;1;50;1;0.0;0.0
FR;59;2021-01-02;30;0;80;1;0.0;0.0
FR;59;2021-01-03;36;0;116;1;0.0;0.0
FR;59;2021-01-04;595;3;711;4;0.0;0.0
FR;59;2021-01-05;2169;7;2880;11;0.0;0.0
FR;59;2021-01-06;4805;14;7685;25;0.1;0.0
FR;59;2021-01-07;10514;32;18199;57;0.2;0.0
FR;59;2021-01-08;14328;29;32527;86;0.4;0.0
FR;59;2021-01-09;4065;11;36592;97;0.4;0.0
FR;59;2021-01-10;1987;2;38579;99;0.4;0.0
FR;59;2021-01-11;15955;34;54534;133;0.6;0.0
FR;59;2021-01-12;21135;53;75669;186;0.9;0.0
FR;59;2021-01-13;22726;67;98395;253;1.1;0.0
FR;59;2021-01-14;24765;238;123160;491;1.4;0.0
FR;59;2021-01-15;21616;111;144776;602;1.6;0.0
FR;59;2021-01-16;5439;27;150215;629;1.7;0.0
FR;59;2021-01-17;1802;11;152017;640;1.7;0.0
FR;59;2021-01-18;13585;83;165602;723;1.9;0.0
FR;59;2021-01-19;17976;99;183578;822;2.1;0.0
FR;59;2021-01-20;17108;84;200686;906;2.3;0.0
FR;59;2021-01-21;18800;78;219486;984;2.5;0.0
FR;59;2021-01-22;13942;99;233428;1083;2.7;0.0
FR;59;2021-01-23;2960;24;236388;1107;2.7;0.0
FR;59;2021-01-24;845;15;237233;1122;2.7;0.0
FR;59;2021-01-25;6713;621;243946;1743;2.8;0.0
FR;59;2021-01-26;8447;1388;252393;3131;2.9;0.0
FR;59;2021-01-27;8835;2409;261228;5540;3.0;0.1
FR;59;2021-01-28;10511;5055;271739;10595;3.1;0.1
FR;59;2021-01-29;7842;6651;279581;17246;3.2;0.2
FR;59;2021-01-30;1763;1513;281344;18759;3.2;0.2
FR;59;2021-01-31;372;547;281716;19306;3.2;0.2
FR;59;2021-02-01;3173;8744;284889;28050;3.2;0.3
FR;59;2021-02-02;4695;12484;289584;40534;3.3;0.5
FR;59;2021-02-03;4817;13551;294401;54085;3.3;0.6
FR;59;2021-02-04;5947;15902;300348;69987;3.4;0.8
FR;59;2021-02-05;4823;14921;305171;84908;3.5;1.0
FR;59;2021-02-06;1159;2997;306330;87905;3.5;1.0
FR;59;2021-02-07;389;985;306719;88890;3.5;1.0
FR;59;2021-02-08;2761;12477;309480;101367;3.5;1.2
FR;59;2021-02-09;4920;16173;314400;117540;3.6;1.3
FR;59;2021-02-10;5689;16059;320089;133599;3.6;1.5
FR;59;2021-02-11;7666;19722;327755;153321;3.7;1.7
FR;59;2021-02-12;6753;16031;334508;169352;3.8;1.9
FR;59;2021-02-13;1691;3447;336199;172799;3.8;2.0
FR;59;2021-02-14;361;982;336560;173781;3.8;2.0
FR;59;2021-02-15;3269;10536;339829;184317;3.9;2.1
FR;59;2021-02-16;4737;13568;344566;197885;3.9;2.3
FR;59;2021-02-17;4964;12330;349530;210215;4.0;2.4
FR;59;2021-02-18;7071;13863;356601;224078;4.1;2.5
FR;59;2021-02-19;6474;10719;363075;234797;4.1;2.7
FR;59;2021-02-20;1417;2487;364492;237284;4.1;2.7
FR;59;2021-02-21;284;570;364776;237854;4.1;2.7
FR;59;2021-02-22;3256;6372;368032;244226;4.2;2.8
FR;59;2021-02-23;4833;7125;372865;251351;4.2;2.9
FR;59;2021-02-24;6854;6416;379719;257767;4.3;2.9
FR;59;2021-02-25;21209;8519;400928;266286;4.6;3.0
FR;59;2021-02-26;28270;6267;429198;272553;4.9;3.1
FR;59;2021-02-27;17106;1520;446304;274073;5.1;3.1
FR;59;2021-02-28;1111;380;447415;274453;5.1;3.1
FR;59;2021-03-01;8819;3533;456234;277986;5.2;3.2
FR;59;2021-03-02;17171;4921;473405;282907;5.4;3.2
FR;59;2021-03-03;20646;5009;494051;287916;5.6;3.3
FR;59;2021-03-04;32301;5901;526352;293817;6.0;3.3
FR;59;2021-03-05;40905;5461;567257;299278;6.5;3.4
FR;59;2021-03-06;35969;1538;603226;300816;6.9;3.4
FR;59;2021-03-07;14058;1058;617284;301874;7.0;3.4
FR;59;2021-03-08;12280;3192;629564;305066;7.2;3.5
FR;59;2021-03-09;22828;4190;652392;309256;7.4;3.5
FR;59;2021-03-10;23125;4268;675517;313524;7.7;3.6
FR;59;2021-03-11;34308;5460;709825;318984;8.1;3.6
FR;59;2021-03-12;45328;4607;755153;323591;8.6;3.7
FR;59;2021-03-13;36118;1375;791271;324966;9.0;3.7
FR;59;2021-03-14;7175;412;798446;325378;9.1;3.7
FR;59;2021-03-15;14473;2557;812919;327935;9.2;3.7
FR;59;2021-03-16;7897;2971;820816;330906;9.3;3.8
FR;59;2021-03-17;8735;3118;829551;334024;9.4;3.8
FR;59;2021-03-18;10410;3998;839961;338022;9.6;3.8
FR;59;2021-03-19;23425;3545;863386;341567;9.8;3.9
FR;59;2021-03-20;21049;1089;884435;342656;10.1;3.9
FR;59;2021-03-21;6275;387;890710;343043;10.1;3.9
FR;59;2021-03-22;15453;2668;906163;345711;10.3;3.9
FR;59;2021-03-23;25342;3483;931505;349194;10.6;4.0
FR;59;2021-03-24;27954;3490;959459;352684;10.9;4.0
FR;59;2021-03-25;37839;3819;997298;356503;11.3;4.1
FR;59;2021-03-26;42748;4068;1040046;360571;11.8;4.1
FR;59;2021-03-27;26810;1734;1066856;362305;12.1;4.1
FR;59;2021-03-28;7526;462;1074382;362767;12.2;4.1
FR;59;2021-03-29;21633;3329;1096015;366096;12.5;4.2
FR;59;2021-03-30;32064;4313;1128079;370409;12.8;4.2
FR;59;2021-03-31;31325;4618;1159404;375027;13.2;4.3
FR;59;2021-04-01;38319;5790;1197723;380817;13.6;4.3
FR;59;2021-04-02;36811;5718;1234534;386535;14.0;4.4
FR;59;2021-04-03;21281;3447;1255815;389982;14.3;4.4
FR;59;2021-04-04;7339;1217;1263154;391199;14.4;4.4
FR;59;2021-04-05;8256;1088;1271410;392287;14.5;4.5
FR;59;2021-04-06;25658;5877;1297068;398164;14.8;4.5
FR;59;2021-04-07;33821;7117;1330889;405281;15.1;4.6
FR;59;2021-04-08;44896;8443;1375785;413724;15.6;4.7
FR;59;2021-04-09;60573;8988;1436358;422712;16.3;4.8
FR;59;2021-04-10;36362;7065;1472720;429777;16.7;4.9
FR;59;2021-04-11;9730;3510;1482450;433287;16.9;4.9
FR;59;2021-04-12;35192;7392;1517642;440679;17.3;5.0
FR;59;2021-04-13;49702;10120;1567344;450799;17.8;5.1
FR;59;2021-04-14;50029;10142;1617373;460941;18.4;5.2
FR;59;2021-04-15;59366;11716;1676739;472657;19.1;5.4
FR;59;2021-04-16;63123;12388;1739862;485045;19.8;5.5
FR;59;2021-04-17;41372;9682;1781234;494727;20.3;5.6
FR;59;2021-04-18;12277;4641;1793511;499368;20.4;5.7
FR;59;2021-04-19;33159;11153;1826670;510521;20.8;5.8
FR;59;2021-04-20;44572;14691;1871242;525212;21.3;6.0
FR;59;2021-04-21;47191;16435;1918433;541647;21.8;6.2
FR;59;2021-04-22;55671;19476;1974104;561123;22.5;6.4
FR;59;2021-04-23;65131;20752;2039235;581875;23.2;6.6
FR;59;2021-04-24;47472;15543;2086707;597418;23.7;6.8
FR;59;2021-04-25;16658;5470;2103365;602888;23.9;6.9
FR;59;2021-04-26;41401;17487;2144766;620375;24.4;7.1
FR;59;2021-04-27;56493;23260;2201259;643635;25.0;7.3
FR;59;2021-04-28;64059;25874;2265318;669509;25.8;7.6
FR;59;2021-04-29;77978;31580;2343296;701089;26.7;8.0
FR;59;2021-04-30;92329;36457;2435625;737546;27.7;8.4
FR;59;2021-05-01;43442;10960;2479067;748506;28.2;8.5
FR;59;2021-05-02;23429;7261;2502496;755767;28.5;8.6
FR;59;2021-05-03;62601;26230;2565097;781997;29.2;8.9
FR;59;2021-05-04;70970;34328;2636067;816325;30.0;9.3
FR;59;2021-05-05;77289;37301;2713356;853626;30.9;9.7
FR;59;2021-05-06;89322;43561;2802678;897187;31.9;10.2
FR;59;2021-05-07;97842;53857;2900520;951044;33.0;10.8
FR;59;2021-05-08;58552;16460;2959072;967504;33.7;11.0
FR;59;2021-05-09;39249;10338;2998321;977842;34.1;11.1
FR;59;2021-05-10;95239;40011;3093560;1017853;35.2;11.6
FR;59;2021-05-11;125505;49187;3219065;1067040;36.6;12.1
FR;59;2021-05-12;122860;46061;3341925;1113101;38.0;12.7
FR;59;2021-05-13;92537;14341;3434462;1127442;39.1;12.8
FR;59;2021-05-14;128776;34155;3563238;1161597;40.5;13.2
FR;59;2021-05-15;114156;25411;3677394;1187008;41.8;13.5
FR;59;2021-05-16;55255;7121;3732649;1194129;42.5;13.6
FR;59;2021-05-17;105381;30549;3838030;1224678;43.7;13.9
FR;59;2021-05-18;117371;34024;3955401;1258702;45.0;14.3
FR;59;2021-05-19;118468;35325;4073869;1294027;46.3;14.7
FR;59;2021-05-20;122152;42139;4196021;1336166;47.7;15.2
FR;59;2021-05-21;121390;48478;4317411;1384644;49.1;15.7
FR;59;2021-05-22;81679;25292;4399090;1409936;50.0;16.0
FR;59;2021-05-23;31193;5115;4430283;1415051;50.4;16.1
FR;59;2021-05-24;51810;9885;4482093;1424936;51.0;16.2
FR;59;2021-05-25;84281;41859;4566374;1466795;51.9;16.7
FR;59;2021-05-26;82826;44132;4649200;1510927;52.9;17.2
FR;59;2021-05-27;89634;52309;4738834;1563236;53.9;17.8
FR;59;2021-05-28;91268;66488;4830102;1629724;54.9;18.5
FR;59;2021-05-29;60211;39993;4890313;1669717;55.6;19.0
FR;59;2021-05-30;16059;7778;4906372;1677495;55.8;19.1
FR;59;2021-05-31;58377;42339;4964749;1719834;56.5;19.6
FR;59;2021-06-01;67969;53645;5032718;1773479;57.2;20.2
FR;59;2021-06-02;61866;52587;5094584;1826066;57.9;20.8
FR;59;2021-06-03;69356;58221;5163940;1884287;58.7;21.4
FR;59;2021-06-04;71250;71558;5235190;1955845;59.5;22.2
FR;59;2021-06-05;45502;48649;5280692;2004494;60.1;22.8
FR;59;2021-06-06;14196;12552;5294888;2017046;60.2;22.9
FR;59;2021-06-07;43381;54590;5338269;2071636;60.7;23.6
FR;64;2020-12-27;1;0;1;0;0.0;0.0
FR;64;2020-12-28;1;0;2;0;0.0;0.0
FR;64;2020-12-29;2;0;4;0;0.0;0.0
FR;64;2020-12-30;6;0;10;0;0.0;0.0
FR;64;2020-12-31;5;0;15;0;0.0;0.0
FR;64;2021-01-01;8;0;23;0;0.0;0.0
FR;64;2021-01-02;13;0;36;0;0.0;0.0
FR;64;2021-01-03;18;0;54;0;0.0;0.0
FR;64;2021-01-04;209;2;263;2;0.0;0.0
FR;64;2021-01-05;899;4;1162;6;0.0;0.0
FR;64;2021-01-06;1688;3;2850;9;0.1;0.0
FR;64;2021-01-07;3660;10;6510;19;0.2;0.0
FR;64;2021-01-08;4885;11;11395;30;0.3;0.0
FR;64;2021-01-09;1958;1;13353;31;0.3;0.0
FR;64;2021-01-10;1025;1;14378;32;0.4;0.0
FR;64;2021-01-11;5288;9;19666;41;0.5;0.0
FR;64;2021-01-12;7141;12;26807;53;0.7;0.0
FR;64;2021-01-13;7456;18;34263;71;0.8;0.0
FR;64;2021-01-14;8566;84;42829;155;1.0;0.0
FR;64;2021-01-15;7098;36;49927;191;1.2;0.0
FR;64;2021-01-16;2217;18;52144;209;1.3;0.0
FR;64;2021-01-17;844;10;52988;219;1.3;0.0
FR;64;2021-01-18;4683;17;57671;236;1.4;0.0
FR;64;2021-01-19;6405;23;64076;259;1.6;0.0
FR;64;2021-01-20;6231;33;70307;292;1.7;0.0
FR;64;2021-01-21;6913;26;77220;318;1.9;0.0
FR;64;2021-01-22;5426;29;82646;347;2.0;0.0
FR;64;2021-01-23;1413;12;84059;359;2.0;0.0
FR;64;2021-01-24;434;9;84493;368;2.1;0.0
FR;64;2021-01-25;2773;203;87266;571;2.1;0.0
FR;64;2021-01-26;3542;494;90808;1065;2.2;0.0
FR;64;2021-01-27;3770;885;94578;1950;2.3;0.0
FR;64;2021-01-28;4573;1755;99151;3705;2.4;0.1
FR;64;2021-01-29;3530;2328;102681;6033;2.5;0.1
FR;64;2021-01-30;840;707;103521;6740;2.5;0.2
FR;64;2021-01-31;172;279;103693;7019;2.5;0.2
FR;64;2021-02-01;1527;2868;105220;9887;2.6;0.2
FR;64;2021-02-02;2154;4144;107374;14031;2.6;0.3
FR;64;2021-02-03;2308;4364;109682;18395;2.7;0.4
FR;64;2021-02-04;2824;5505;112506;23900;2.7;0.6
FR;64;2021-02-05;2193;4971;114699;28871;2.8;0.7
FR;64;2021-02-06;665;1305;115364;30176;2.8;0.7
FR;64;2021-02-07;164;493;115528;30669;2.8;0.7
FR;64;2021-02-08;1486;4196;117014;34865;2.9;0.8
FR;64;2021-02-09;2364;5666;119378;40531;2.9;1.0
FR;64;2021-02-10;2568;5672;121946;46203;3.0;1.1
FR;64;2021-02-11;3465;7226;125411;53429;3.1;1.3
FR;64;2021-02-12;3113;5448;128524;58877;3.1;1.4
FR;64;2021-02-13;844;1448;129368;60325;3.2;1.5
FR;64;2021-02-14;195;436;129563;60761;3.2;1.5
FR;64;2021-02-15;1592;3885;131155;64646;3.2;1.6
FR;64;2021-02-16;2086;5141;133241;69787;3.2;1.7
FR;64;2021-02-17;2212;4637;135453;74424;3.3;1.8
FR;64;2021-02-18;3239;5454;138692;79878;3.4;1.9
FR;64;2021-02-19;3013;4210;141705;84088;3.5;2.0
FR;64;2021-02-20;808;1202;142513;85290;3.5;2.1
FR;64;2021-02-21;135;255;142648;85545;3.5;2.1
FR;64;2021-02-22;1489;2665;144137;88210;3.5;2.2
FR;64;2021-02-23;2405;2911;146542;91121;3.6;2.2
FR;64;2021-02-24;3868;2852;150410;93973;3.7;2.3
FR;64;2021-02-25;16041;3859;166451;97832;4.1;2.4
FR;64;2021-02-26;21836;2795;188287;100627;4.6;2.5
FR;64;2021-02-27;13083;776;201370;101403;4.9;2.5
FR;64;2021-02-28;799;174;202169;101577;4.9;2.5
FR;64;2021-03-01;6571;1759;208740;103336;5.1;2.5
FR;64;2021-03-02;13151;2359;221891;105695;5.4;2.6
FR;64;2021-03-03;15952;2400;237843;108095;5.8;2.6
FR;64;2021-03-04;25239;2901;263082;110996;6.4;2.7
FR;64;2021-03-05;30535;2712;293617;113708;7.2;2.8
FR;64;2021-03-06;26824;826;320441;114534;7.8;2.8
FR;64;2021-03-07;9878;536;330319;115070;8.1;2.8
FR;64;2021-03-08;8825;1807;339144;116877;8.3;2.8
FR;64;2021-03-09;16835;2052;355979;118929;8.7;2.9
FR;64;2021-03-10;17072;2192;373051;121121;9.1;3.0
FR;64;2021-03-11;25962;2872;399013;123993;9.7;3.0
FR;64;2021-03-12;33484;2458;432497;126451;10.5;3.1
FR;64;2021-03-13;27359;811;459856;127262;11.2;3.1
FR;64;2021-03-14;5435;204;465291;127466;11.3;3.1
FR;64;2021-03-15;11035;1463;476326;128929;11.6;3.1
FR;64;2021-03-16;5993;1778;482319;130707;11.8;3.2
FR;64;2021-03-17;6127;1681;488446;132388;11.9;3.2
FR;64;2021-03-18;7655;2070;496101;134458;12.1;3.3
FR;64;2021-03-19;18901;1931;515002;136389;12.6;3.3
FR;64;2021-03-20;18515;760;533517;137149;13.0;3.3
FR;64;2021-03-21;4721;225;538238;137374;13.1;3.3
FR;64;2021-03-22;13514;1573;551752;138947;13.5;3.4
FR;64;2021-03-23;23484;2032;575236;140979;14.0;3.4
FR;64;2021-03-24;25109;2124;600345;143103;14.6;3.5
FR;64;2021-03-25;36563;2395;636908;145498;15.5;3.5
FR;64;2021-03-26;40121;2356;677029;147854;16.5;3.6
FR;64;2021-03-27;21254;1028;698283;148882;17.0;3.6
FR;64;2021-03-28;5080;259;703363;149141;17.1;3.6
FR;64;2021-03-29;17525;2137;720888;151278;17.6;3.7
FR;64;2021-03-30;27289;2851;748177;154129;18.2;3.8
FR;64;2021-03-31;24091;2911;772268;157040;18.8;3.8
FR;64;2021-04-01;30509;3790;802777;160830;19.6;3.9
FR;64;2021-04-02;29172;3600;831949;164430;20.3;4.0
FR;64;2021-04-03;15968;2371;847917;166801;20.7;4.1
FR;64;2021-04-04;4029;797;851946;167598;20.8;4.1
FR;64;2021-04-05;5104;796;857050;168394;20.9;4.1
FR;64;2021-04-06;19169;4271;876219;172665;21.4;4.2
FR;64;2021-04-07;23521;4800;899740;177465;21.9;4.3
FR;64;2021-04-08;34526;5614;934266;183079;22.8;4.5
FR;64;2021-04-09;53355;6073;987621;189152;24.1;4.6
FR;64;2021-04-10;29783;5002;1017404;194154;24.8;4.7
FR;64;2021-04-11;6266;2605;1023670;196759;25.0;4.8
FR;64;2021-04-12;28003;5190;1051673;201949;25.6;4.9
FR;64;2021-04-13;42420;7382;1094093;209331;26.7;5.1
FR;64;2021-04-14;40673;7140;1134766;216471;27.7;5.3
FR;64;2021-04-15;51847;8375;1186613;224846;28.9;5.5
FR;64;2021-04-16;64107;8893;1250720;233739;30.5;5.7
FR;64;2021-04-17;38421;7115;1289141;240854;31.4;5.9
FR;64;2021-04-18;10923;3340;1300064;244194;31.7;6.0
FR;64;2021-04-19;41871;8587;1341935;252781;32.7;6.2
FR;64;2021-04-20;52533;10424;1394468;263205;34.0;6.4
FR;64;2021-04-21;52424;10874;1446892;274079;35.3;6.7
FR;64;2021-04-22;57287;12769;1504179;286848;36.7;7.0
FR;64;2021-04-23;60790;12721;1564969;299569;38.1;7.3
FR;64;2021-04-24;43341;9106;1608310;308675;39.2;7.5
FR;64;2021-04-25;16225;3366;1624535;312041;39.6;7.6
FR;64;2021-04-26;49977;11519;1674512;323560;40.8;7.9
FR;64;2021-04-27;62862;15504;1737374;339064;42.4;8.3
FR;64;2021-04-28;63779;15963;1801153;355027;43.9;8.7
FR;64;2021-04-29;73520;20397;1874673;375424;45.7;9.2
FR;64;2021-04-30;74989;21927;1949662;397351;47.5;9.7
FR;64;2021-05-01;29243;6635;1978905;403986;48.2;9.8
FR;64;2021-05-02;14443;3969;1993348;407955;48.6;9.9
FR;64;2021-05-03;52073;15810;2045421;423765;49.9;10.3
FR;64;2021-05-04;52997;21602;2098418;445367;51.2;10.9
FR;64;2021-05-05;49240;22668;2147658;468035;52.4;11.4
FR;64;2021-05-06;56688;28789;2204346;496824;53.7;12.1
FR;64;2021-05-07;50794;33962;2255140;530786;55.0;12.9
FR;64;2021-05-08;20240;9299;2275380;540085;55.5;13.2
FR;64;2021-05-09;10001;5484;2285381;545569;55.7;13.3
FR;64;2021-05-10;34348;26748;2319729;572317;56.5;14.0
FR;64;2021-05-11;43928;37099;2363657;609416;57.6;14.9
FR;64;2021-05-12;38934;34935;2402591;644351;58.6;15.7
FR;64;2021-05-13;21970;10040;2424561;654391;59.1;16.0
FR;64;2021-05-14;36245;29012;2460806;683403;60.0;16.7
FR;64;2021-05-15;21209;18981;2482015;702384;60.5;17.1
FR;64;2021-05-16;7958;4301;2489973;706685;60.7;17.2
FR;64;2021-05-17;26832;25376;2516805;732061;61.4;17.8
FR;64;2021-05-18;33481;28298;2550286;760359;62.2;18.5
FR;64;2021-05-19;30376;26355;2580662;786714;62.9;19.2
FR;64;2021-05-20;34927;33225;2615589;819939;63.8;20.0
FR;64;2021-05-21;30088;37343;2645677;857282;64.5;20.9
FR;64;2021-05-22;14785;17687;2660462;874969;64.9;21.3
FR;64;2021-05-23;5094;2821;2665556;877790;65.0;21.4
FR;64;2021-05-24;10730;6487;2676286;884277;65.2;21.6
FR;64;2021-05-25;22654;34319;2698940;918596;65.8;22.4
FR;64;2021-05-26;21287;34926;2720227;953522;66.3;23.2
FR;64;2021-05-27;25848;42945;2746075;996467;66.9;24.3
FR;64;2021-05-28;24307;55707;2770382;1052174;67.5;25.6
FR;64;2021-05-29;11888;33501;2782270;1085675;67.8;26.5
FR;64;2021-05-30;2659;7429;2784929;1093104;67.9;26.6
FR;64;2021-05-31;15760;45961;2800689;1139065;68.3;27.8
FR;64;2021-06-01;20762;56339;2821451;1195404;68.8;29.1
FR;64;2021-06-02;16901;50368;2838352;1245772;69.2;30.4
FR;64;2021-06-03;21072;54974;2859424;1300746;69.7;31.7
FR;64;2021-06-04;19648;66453;2879072;1367199;70.2;33.3
FR;64;2021-06-05;9298;43183;2888370;1410382;70.4;34.4
FR;64;2021-06-06;2645;10947;2891015;1421329;70.5;34.6
FR;64;2021-06-07;12140;60741;2903155;1482070;70.8;36.1
FR;69;2020-12-27;2;0;2;0;0.0;0.0
FR;69;2020-12-28;2;0;4;0;0.0;0.0
FR;69;2020-12-29;3;0;7;0;0.0;0.0
FR;69;2020-12-30;7;0;14;0;0.0;0.0
FR;69;2020-12-31;5;0;19;0;0.0;0.0
FR;69;2021-01-01;6;0;25;0;0.0;0.0
FR;69;2021-01-02;11;1;36;1;0.0;0.0
FR;69;2021-01-03;8;0;44;1;0.0;0.0
FR;69;2021-01-04;115;0;159;1;0.0;0.0
FR;69;2021-01-05;411;4;570;5;0.0;0.0
FR;69;2021-01-06;809;2;1379;7;0.0;0.0
FR;69;2021-01-07;1892;3;3271;10;0.1;0.0
FR;69;2021-01-08;2460;1;5731;11;0.1;0.0
FR;69;2021-01-09;1124;1;6855;12;0.2;0.0
FR;69;2021-01-10;659;1;7514;13;0.2;0.0
FR;69;2021-01-11;2733;6;10247;19;0.3;0.0
FR;69;2021-01-12;3880;2;14127;21;0.4;0.0
FR;69;2021-01-13;3795;12;17922;33;0.5;0.0
FR;69;2021-01-14;4566;48;22488;81;0.6;0.0
FR;69;2021-01-15;3850;16;26338;97;0.7;0.0
FR;69;2021-01-16;1342;12;27680;109;0.7;0.0
FR;69;2021-01-17;634;3;28314;112;0.7;0.0
FR;69;2021-01-18;3260;18;31574;130;0.8;0.0
FR;69;2021-01-19;4795;22;36369;152;0.9;0.0
FR;69;2021-01-20;4762;17;41131;169;1.1;0.0
FR;69;2021-01-21;5542;18;46673;187;1.2;0.0
FR;69;2021-01-22;4369;18;51042;205;1.3;0.0
FR;69;2021-01-23;1360;5;52402;210;1.3;0.0
FR;69;2021-01-24;448;6;52850;216;1.4;0.0
FR;69;2021-01-25;2728;82;55578;298;1.4;0.0
FR;69;2021-01-26;3356;183;58934;481;1.5;0.0
FR;69;2021-01-27;3670;412;62604;893;1.6;0.0
FR;69;2021-01-28;4330;893;66934;1786;1.7;0.0
FR;69;2021-01-29;3488;1237;70422;3023;1.8;0.1
FR;69;2021-01-30;938;402;71360;3425;1.8;0.1
FR;69;2021-01-31;180;162;71540;3587;1.8;0.1
FR;69;2021-02-01;1826;1522;73366;5109;1.9;0.1
FR;69;2021-02-02;2427;2202;75793;7311;1.9;0.2
FR;69;2021-02-03;2421;2271;78214;9582;2.0;0.2
FR;69;2021-02-04;2985;2926;81199;12508;2.1;0.3
FR;69;2021-02-05;2510;2539;83709;15047;2.1;0.4
FR;69;2021-02-06;726;808;84435;15855;2.2;0.4
FR;69;2021-02-07;162;391;84597;16246;2.2;0.4
FR;69;2021-02-08;1610;2410;86207;18656;2.2;0.5
FR;69;2021-02-09;2440;3414;88647;22070;2.3;0.6
FR;69;2021-02-10;2567;3406;91214;25476;2.3;0.7
FR;69;2021-02-11;3530;4863;94744;30339;2.4;0.8
FR;69;2021-02-12;3157;3421;97901;33760;2.5;0.9
FR;69;2021-02-13;868;1034;98769;34794;2.5;0.9
FR;69;2021-02-14;216;414;98985;35208;2.5;0.9
FR;69;2021-02-15;1334;2778;100319;37986;2.6;1.0
FR;69;2021-02-16;1871;3983;102190;41969;2.6;1.1
FR;69;2021-02-17;2010;3663;104200;45632;2.7;1.2
FR;69;2021-02-18;3001;4562;107201;50194;2.7;1.3
FR;69;2021-02-19;2876;3510;110077;53704;2.8;1.4
FR;69;2021-02-20;754;1027;110831;54731;2.8;1.4
FR;69;2021-02-21;150;235;110981;54966;2.8;1.4
FR;69;2021-02-22;1610;2575;112591;57541;2.9;1.5
FR;69;2021-02-23;2282;2822;114873;60363;2.9;1.5
FR;69;2021-02-24;2661;2911;117534;63274;3.0;1.6
FR;69;2021-02-25;3882;3583;121416;66857;3.1;1.7
FR;69;2021-02-26;4279;2630;125695;69487;3.2;1.8
FR;69;2021-02-27;1811;705;127506;70192;3.3;1.8
FR;69;2021-02-28;312;179;127818;70371;3.3;1.8
FR;69;2021-03-01;2807;1938;130625;72309;3.3;1.9
FR;69;2021-03-02;4726;2445;135351;74754;3.5;1.9
FR;69;2021-03-03;6714;2482;142065;77236;3.6;2.0
FR;69;2021-03-04;11807;3032;153872;80268;3.9;2.1
FR;69;2021-03-05;17522;2714;171394;82982;4.4;2.1
FR;69;2021-03-06;23243;812;194637;83794;5.0;2.1
FR;69;2021-03-07;14786;461;209423;84255;5.4;2.2
FR;69;2021-03-08;9781;2051;219204;86306;5.6;2.2
FR;69;2021-03-09;17507;2507;236711;88813;6.1;2.3
FR;69;2021-03-10;18849;2564;255560;91377;6.5;2.3
FR;69;2021-03-11;29226;3256;284786;94633;7.3;2.4
FR;69;2021-03-12;39955;2989;324741;97622;8.3;2.5
FR;69;2021-03-13;36082;1020;360823;98642;9.2;2.5
FR;69;2021-03-14;8191;258;369014;98900;9.5;2.5
FR;69;2021-03-15;16685;1819;385699;100719;9.9;2.6
FR;69;2021-03-16;10725;2185;396424;102904;10.2;2.6
FR;69;2021-03-17;11747;2189;408171;105093;10.5;2.7
FR;69;2021-03-18;13123;2612;421294;107705;10.8;2.8
FR;69;2021-03-19;28802;2433;450096;110138;11.5;2.8
FR;69;2021-03-20;26932;899;477028;111037;12.2;2.8
FR;69;2021-03-21;7122;276;484150;111313;12.4;2.9
FR;69;2021-03-22;21207;2182;505357;113495;13.0;2.9
FR;69;2021-03-23;36167;2800;541524;116295;13.9;3.0
FR;69;2021-03-24;37453;2844;578977;119139;14.8;3.1
FR;69;2021-03-25;54946;3113;633923;122252;16.2;3.1
FR;69;2021-03-26;59107;3007;693030;125259;17.8;3.2
FR;69;2021-03-27;30120;1386;723150;126645;18.5;3.2
FR;69;2021-03-28;7605;392;730755;127037;18.7;3.3
FR;69;2021-03-29;27670;3467;758425;130504;19.4;3.3
FR;69;2021-03-30;42225;4362;800650;134866;20.5;3.5
FR;69;2021-03-31;35337;4399;835987;139265;21.4;3.6
FR;69;2021-04-01;43229;5781;879216;145046;22.5;3.7
FR;69;2021-04-02;41314;5924;920530;150970;23.6;3.9
FR;69;2021-04-03;21653;3927;942183;154897;24.1;4.0
FR;69;2021-04-04;5810;1308;947993;156205;24.3;4.0
FR;69;2021-04-05;7616;1065;955609;157270;24.5;4.0
FR;69;2021-04-06;27861;7191;983470;164461;25.2;4.2
FR;69;2021-04-07;32392;7739;1015862;172200;26.0;4.4
FR;69;2021-04-08;48517;8856;1064379;181056;27.3;4.6
FR;69;2021-04-09;70504;9040;1134883;190096;29.1;4.9
FR;69;2021-04-10;36631;7848;1171514;197944;30.0;5.1
FR;69;2021-04-11;7993;4281;1179507;202225;30.2;5.2
FR;69;2021-04-12;38541;8839;1218048;211064;31.2;5.4
FR;69;2021-04-13;53471;11951;1271519;223015;32.6;5.7
FR;69;2021-04-14;49252;11647;1320771;234662;33.8;6.0
FR;69;2021-04-15;61777;13525;1382548;248187;35.4;6.4
FR;69;2021-04-16;72507;14060;1455055;262247;37.3;6.7
FR;69;2021-04-17;39577;10691;1494632;272938;38.3;7.0
FR;69;2021-04-18;10017;5026;1504649;277964;38.6;7.1
FR;69;2021-04-19;45847;13882;1550496;291846;39.7;7.5
FR;69;2021-04-20;57059;16810;1607555;308656;41.2;7.9
FR;69;2021-04-21;53442;16553;1660997;325209;42.6;8.3
FR;69;2021-04-22;60177;18729;1721174;343938;44.1;8.8
FR;69;2021-04-23;59351;18765;1780525;362703;45.6;9.3
FR;69;2021-04-24;37283;13152;1817808;375855;46.6;9.6
FR;69;2021-04-25;13272;4999;1831080;380854;46.9;9.8
FR;69;2021-04-26;49672;18373;1880752;399227;48.2;10.2
FR;69;2021-04-27;61695;23182;1942447;422409;49.8;10.8
FR;69;2021-04-28;59656;22064;2002103;444473;51.3;11.4
FR;69;2021-04-29;69957;24822;2072060;469295;53.1;12.0
FR;69;2021-04-30;66745;23866;2138805;493161;54.8;12.6
FR;69;2021-05-01;23797;7597;2162602;500758;55.4;12.8
FR;69;2021-05-02;11169;5140;2173771;505898;55.7;13.0
FR;69;2021-05-03;47300;21317;2221071;527215;56.9;13.5
FR;69;2021-05-04;47820;27714;2268891;554929;58.1;14.2
FR;69;2021-05-05;42586;27135;2311477;582064;59.2;14.9
FR;69;2021-05-06;50757;30216;2362234;612280;60.5;15.7
FR;69;2021-05-07;42261;34303;2404495;646583;61.6;16.6
FR;69;2021-05-08;15287;9370;2419782;655953;62.0;16.8
FR;69;2021-05-09;7280;6564;2427062;662517;62.2;17.0
FR;69;2021-05-10;29576;34701;2456638;697218;63.0;17.9
FR;69;2021-05-11;38142;43743;2494780;740961;63.9;19.0
FR;69;2021-05-12;32961;39195;2527741;780156;64.8;20.0
FR;69;2021-05-13;17466;11504;2545207;791660;65.2;20.3
FR;69;2021-05-14;29977;34149;2575184;825809;66.0;21.2
FR;69;2021-05-15;15223;18520;2590407;844329;66.4;21.6
FR;69;2021-05-16;5430;4313;2595837;848642;66.5;21.7
FR;69;2021-05-17;21803;28787;2617640;877429;67.1;22.5
FR;69;2021-05-18;27928;29614;2645568;907043;67.8;23.2
FR;69;2021-05-19;24306;25212;2669874;932255;68.4;23.9
FR;69;2021-05-20;28321;27812;2698195;960067;69.2;24.6
FR;69;2021-05-21;22929;30719;2721124;990786;69.7;25.4
FR;69;2021-05-22;9648;14370;2730772;1005156;70.0;25.8
FR;69;2021-05-23;3177;2377;2733949;1007533;70.1;25.8
FR;69;2021-05-24;8089;7125;2742038;1014658;70.3;26.0
FR;69;2021-05-25;17849;36202;2759887;1050860;70.7;26.9
FR;69;2021-05-26;16245;34448;2776132;1085308;71.1;27.8
FR;69;2021-05-27;20525;42247;2796657;1127555;71.7;28.9
FR;69;2021-05-28;18179;53834;2814836;1181389;72.1;30.3
FR;69;2021-05-29;7627;31239;2822463;1212628;72.3;31.1
FR;69;2021-05-30;1690;6899;2824153;1219527;72.4;31.3
FR;69;2021-05-31;12273;47494;2836426;1267021;72.7;32.5
FR;69;2021-06-01;16128;57625;2852554;1324646;73.1;33.9
FR;69;2021-06-02;12870;49959;2865424;1374605;73.4;35.2
FR;69;2021-06-03;16263;57623;2881687;1432228;73.9;36.7
FR;69;2021-06-04;14462;67041;2896149;1499269;74.2;38.4
FR;69;2021-06-05;6019;39471;2902168;1538740;74.4;39.4
FR;69;2021-06-06;1555;9065;2903723;1547805;74.4;39.7
FR;69;2021-06-07;9600;59430;2913323;1607235;74.7;41.2
FR;74;2020-12-27;1;0;1;0;0.0;0.0
FR;74;2020-12-28;7;0;8;0;0.0;0.0
FR;74;2020-12-29;5;0;13;0;0.0;0.0
FR;74;2020-12-30;11;0;24;0;0.0;0.0
FR;74;2020-12-31;7;0;31;0;0.0;0.0
FR;74;2021-01-01;5;0;36;0;0.0;0.0
FR;74;2021-01-02;3;0;39;0;0.0;0.0
FR;74;2021-01-03;13;0;52;0;0.0;0.0
FR;74;2021-01-04;88;1;140;1;0.0;0.0
FR;74;2021-01-05;298;0;438;1;0.0;0.0
FR;74;2021-01-06;555;1;993;2;0.0;0.0
FR;74;2021-01-07;1465;0;2458;2;0.1;0.0
FR;74;2021-01-08;1801;4;4259;6;0.1;0.0
FR;74;2021-01-09;797;0;5056;6;0.1;0.0
FR;74;2021-01-10;537;0;5593;6;0.2;0.0
FR;74;2021-01-11;2126;2;7719;8;0.2;0.0
FR;74;2021-01-12;3154;4;10873;12;0.3;0.0
FR;74;2021-01-13;3205;7;14078;19;0.4;0.0
FR;74;2021-01-14;3954;43;18032;62;0.5;0.0
FR;74;2021-01-15;3540;12;21572;74;0.6;0.0
FR;74;2021-01-16;1334;5;22906;79;0.7;0.0
FR;74;2021-01-17;765;4;23671;83;0.7;0.0
FR;74;2021-01-18;4721;13;28392;96;0.8;0.0
FR;74;2021-01-19;6827;11;35219;107;1.0;0.0
FR;74;2021-01-20;7112;11;42331;118;1.2;0.0
FR;74;2021-01-21;8213;26;50544;144;1.5;0.0
FR;74;2021-01-22;6553;22;57097;166;1.6;0.0
FR;74;2021-01-23;2260;3;59357;169;1.7;0.0
FR;74;2021-01-24;610;2;59967;171;1.7;0.0
FR;74;2021-01-25;4542;56;64509;227;1.9;0.0
FR;74;2021-01-26;5629;150;70138;377;2.0;0.0
FR;74;2021-01-27;5985;271;76123;648;2.2;0.0
FR;74;2021-01-28;6985;750;83108;1398;2.4;0.0
FR;74;2021-01-29;5739;900;88847;2298;2.6;0.1
FR;74;2021-01-30;1770;262;90617;2560;2.6;0.1
FR;74;2021-01-31;296;114;90913;2674;2.6;0.1
FR;74;2021-02-01;3296;1063;94209;3737;2.7;0.1
FR;74;2021-02-02;4310;1785;98519;5522;2.8;0.2
FR;74;2021-02-03;4322;1807;102841;7329;3.0;0.2
FR;74;2021-02-04;5184;2468;108025;9797;3.1;0.3
FR;74;2021-02-05;4395;2180;112420;11977;3.2;0.3
FR;74;2021-02-06;1412;695;113832;12672;3.3;0.4
FR;74;2021-02-07;243;351;114075;13023;3.3;0.4
FR;74;2021-02-08;3082;2507;117157;15530;3.4;0.4
FR;74;2021-02-09;4129;3724;121286;19254;3.5;0.6
FR;74;2021-02-10;4417;3815;125703;23069;3.6;0.7
FR;74;2021-02-11;5641;5475;131344;28544;3.8;0.8
FR;74;2021-02-12;5270;3822;136614;32366;3.9;0.9
FR;74;2021-02-13;1647;1219;138261;33585;4.0;1.0
FR;74;2021-02-14;406;471;138667;34056;4.0;1.0
FR;74;2021-02-15;2406;4182;141073;38238;4.1;1.1
FR;74;2021-02-16;3276;5632;144349;43870;4.1;1.3
FR;74;2021-02-17;3391;5454;147740;49324;4.2;1.4
FR;74;2021-02-18;4933;6812;152673;56136;4.4;1.6
FR;74;2021-02-19;4880;5417;157553;61553;4.5;1.8
FR;74;2021-02-20;1551;1738;159104;63291;4.6;1.8
FR;74;2021-02-21;233;415;159337;63706;4.6;1.8
FR;74;2021-02-22;2866;4293;162203;67999;4.7;2.0
FR;74;2021-02-23;4147;4898;166350;72897;4.8;2.1
FR;74;2021-02-24;4517;4844;170867;77741;4.9;2.2
FR;74;2021-02-25;5528;5700;176395;83441;5.1;2.4
FR;74;2021-02-26;5487;4477;181882;87918;5.2;2.5
FR;74;2021-02-27;2011;1367;183893;89285;5.3;2.6
FR;74;2021-02-28;529;294;184422;89579;5.3;2.6
FR;74;2021-03-01;5077;3370;189499;92949;5.4;2.7
FR;74;2021-03-02;7479;4289;196978;97238;5.7;2.8
FR;74;2021-03-03;9725;4270;206703;101508;5.9;2.9
FR;74;2021-03-04;15110;4841;221813;106349;6.4;3.1
FR;74;2021-03-05;21730;4627;243543;110976;7.0;3.2
FR;74;2021-03-06;31315;1447;274858;112423;7.9;3.2
FR;74;2021-03-07;20994;568;295852;112991;8.5;3.2
FR;74;2021-03-08;14259;3697;310111;116688;8.9;3.4
FR;74;2021-03-09;24090;4264;334201;120952;9.6;3.5
FR;74;2021-03-10;26345;4456;360546;125408;10.4;3.6
FR;74;2021-03-11;38394;5374;398940;130782;11.5;3.8
FR;74;2021-03-12;50718;4792;449658;135574;12.9;3.9
FR;74;2021-03-13;47898;1623;497556;137197;14.3;3.9
FR;74;2021-03-14;11953;442;509509;137639;14.6;4.0
FR;74;2021-03-15;25554;3176;535063;140815;15.4;4.0
FR;74;2021-03-16;20037;3865;555100;144680;16.0;4.2
FR;74;2021-03-17;21812;3897;576912;148577;16.6;4.3
FR;74;2021-03-18;24422;4546;601334;153123;17.3;4.4
FR;74;2021-03-19;41369;4021;642703;157144;18.5;4.5
FR;74;2021-03-20;35397;1597;678100;158741;19.5;4.6
FR;74;2021-03-21;9470;413;687570;159154;19.8;4.6
FR;74;2021-03-22;31491;3920;719061;163074;20.7;4.7
FR;74;2021-03-23;50132;4861;769193;167935;22.1;4.8
FR;74;2021-03-24;52100;5234;821293;173169;23.6;5.0
FR;74;2021-03-25;74715;5627;896008;178796;25.8;5.1
FR;74;2021-03-26;80732;5280;976740;184076;28.1;5.3
FR;74;2021-03-27;51030;2435;1027770;186511;29.5;5.4
FR;74;2021-03-28;17801;749;1045571;187260;30.1;5.4
FR;74;2021-03-29;56045;6936;1101616;194196;31.7;5.6
FR;74;2021-03-30;76505;8798;1178121;202994;33.9;5.8
FR;74;2021-03-31;67865;9358;1245986;212352;35.8;6.1
FR;74;2021-04-01;78304;11748;1324290;224100;38.1;6.4
FR;74;2021-04-02;69942;12329;1394232;236429;40.1;6.8
FR;74;2021-04-03;37149;8458;1431381;244887;41.2;7.0
FR;74;2021-04-04;12498;2792;1443879;247679;41.5;7.1
FR;74;2021-04-05;19200;1875;1463079;249554;42.1;7.2
FR;74;2021-04-06;64376;15118;1527455;264672;43.9;7.6
FR;74;2021-04-07;72618;15989;1600073;280661;46.0;8.1
FR;74;2021-04-08;87564;17913;1687637;298574;48.5;8.6
FR;74;2021-04-09;97180;17714;1784817;316288;51.3;9.1
FR;74;2021-04-10;48595;14029;1833412;330317;52.7;9.5
FR;74;2021-04-11;12738;6816;1846150;337133;53.1;9.7
FR;74;2021-04-12;60872;17707;1907022;354840;54.8;10.2
FR;74;2021-04-13;68666;22190;1975688;377030;56.8;10.8
FR;74;2021-04-14;60060;21766;2035748;398796;58.5;11.5
FR;74;2021-04-15;61905;23713;2097653;422509;60.3;12.1
FR;74;2021-04-16;52197;24303;2149850;446812;61.8;12.8
FR;74;2021-04-17;25679;16789;2175529;463601;62.5;13.3
FR;74;2021-04-18;5741;6962;2181270;470563;62.7;13.5
FR;74;2021-04-19;31701;24286;2212971;494849;63.6;14.2
FR;74;2021-04-20;36240;29564;2249211;524413;64.7;15.1
FR;74;2021-04-21;33352;30197;2282563;554610;65.6;15.9
FR;74;2021-04-22;38031;35158;2320594;589768;66.7;17.0
FR;74;2021-04-23;34808;38760;2355402;628528;67.7;18.1
FR;74;2021-04-24;18639;30710;2374041;659238;68.3;19.0
FR;74;2021-04-25;6146;12555;2380187;671793;68.4;19.3
FR;74;2021-04-26;26736;46844;2406923;718637;69.2;20.7
FR;74;2021-04-27;32998;55998;2439921;774635;70.1;22.3
FR;74;2021-04-28;32534;52780;2472455;827415;71.1;23.8
FR;74;2021-04-29;38634;53897;2511089;881312;72.2;25.3
FR;74;2021-04-30;34947;49084;2546036;930396;73.2;26.7
FR;74;2021-05-01;11063;15121;2557099;945517;73.5;27.2
FR;74;2021-05-02;5166;11377;2562265;956894;73.7;27.5
FR;74;2021-05-03;24115;52066;2586380;1008960;74.4;29.0
FR;74;2021-05-04;25019;69183;2611399;1078143;75.1;31.0
FR;74;2021-05-05;22603;64888;2634002;1143031;75.7;32.9
FR;74;2021-05-06;27287;63243;2661289;1206274;76.5;34.7
FR;74;2021-05-07;23205;65968;2684494;1272242;77.2;36.6
FR;74;2021-05-08;7900;14289;2692394;1286531;77.4;37.0
FR;74;2021-05-09;3661;10470;2696055;1297001;77.5;37.3
FR;74;2021-05-10;15982;63040;2712037;1360041;78.0;39.1
FR;74;2021-05-11;20922;64067;2732959;1424108;78.6;40.9
FR;74;2021-05-12;18344;53145;2751303;1477253;79.1;42.5
FR;74;2021-05-13;9056;12079;2760359;1489332;79.4;42.8
FR;74;2021-05-14;16889;37736;2777248;1527068;79.8;43.9
FR;74;2021-05-15;8354;17559;2785602;1544627;80.1;44.4
FR;74;2021-05-16;2980;3499;2788582;1548126;80.2;44.5
FR;74;2021-05-17;12206;30781;2800788;1578907;80.5;45.4
FR;74;2021-05-18;15414;30462;2816202;1609369;81.0;46.3
FR;74;2021-05-19;13974;25380;2830176;1634749;81.4;47.0
FR;74;2021-05-20;15968;27662;2846144;1662411;81.8;47.8
FR;74;2021-05-21;13297;30670;2859441;1693081;82.2;48.7
FR;74;2021-05-22;5751;14211;2865192;1707292;82.4;49.1
FR;74;2021-05-23;1849;2380;2867041;1709672;82.4;49.2
FR;74;2021-05-24;4626;5723;2871667;1715395;82.6;49.3
FR;74;2021-05-25;10545;35175;2882212;1750570;82.9;50.3
FR;74;2021-05-26;9917;32926;2892129;1783496;83.1;51.3
FR;74;2021-05-27;11800;39424;2903929;1822920;83.5;52.4
FR;74;2021-05-28;11163;45021;2915092;1867941;83.8;53.7
FR;74;2021-05-29;4729;24293;2919821;1892234;83.9;54.4
FR;74;2021-05-30;1038;4239;2920859;1896473;84.0;54.5
FR;74;2021-05-31;7519;29815;2928378;1926288;84.2;55.4
FR;74;2021-06-01;10203;40121;2938581;1966409;84.5;56.5
FR;74;2021-06-02;8359;34036;2946940;2000445;84.7;57.5
FR;74;2021-06-03;10439;42284;2957379;2042729;85.0;58.7
FR;74;2021-06-04;9597;47989;2966976;2090718;85.3;60.1
FR;74;2021-06-05;4008;25114;2970984;2115832;85.4;60.8
FR;74;2021-06-06;923;4677;2971907;2120509;85.4;61.0
FR;74;2021-06-07;6055;31581;2977962;2152090;85.6;61.9
FR;79;2020-12-27;1;0;1;0;0.0;0.0
FR;79;2020-12-28;6;0;7;0;0.0;0.0
FR;79;2020-12-29;16;0;23;0;0.0;0.0
FR;79;2020-12-30;12;0;35;0;0.0;0.0
FR;79;2020-12-31;6;0;41;0;0.0;0.0
FR;79;2021-01-01;4;0;45;0;0.0;0.0
FR;79;2021-01-02;4;0;49;0;0.0;0.0
FR;79;2021-01-03;2;0;51;0;0.0;0.0
FR;79;2021-01-04;50;0;101;0;0.0;0.0
FR;79;2021-01-05;172;0;273;0;0.0;0.0
FR;79;2021-01-06;341;1;614;1;0.0;0.0
FR;79;2021-01-07;905;0;1519;1;0.1;0.0
FR;79;2021-01-08;1084;1;2603;2;0.1;0.0
FR;79;2021-01-09;364;0;2967;2;0.1;0.0
FR;79;2021-01-10;192;0;3159;2;0.1;0.0
FR;79;2021-01-11;1155;3;4314;5;0.2;0.0
FR;79;2021-01-12;2209;2;6523;7;0.3;0.0
FR;79;2021-01-13;2750;3;9273;10;0.4;0.0
FR;79;2021-01-14;4439;36;13712;46;0.6;0.0
FR;79;2021-01-15;5270;18;18982;64;0.9;0.0
FR;79;2021-01-16;2823;11;21805;75;1.0;0.0
FR;79;2021-01-17;1307;3;23112;78;1.0;0.0
FR;79;2021-01-18;19672;40;42784;118;1.9;0.0
FR;79;2021-01-19;26055;39;68839;157;3.1;0.0
FR;79;2021-01-20;28074;33;96913;190;4.4;0.0
FR;79;2021-01-21;30096;38;127009;228;5.7;0.0
FR;79;2021-01-22;27952;31;154961;259;7.0;0.0
FR;79;2021-01-23;11674;12;166635;271;7.5;0.0
FR;79;2021-01-24;2173;3;168808;274;7.6;0.0
FR;79;2021-01-25;22573;50;191381;324;8.6;0.0
FR;79;2021-01-26;25748;120;217129;444;9.8;0.0
FR;79;2021-01-27;25033;197;242162;641;10.9;0.0
FR;79;2021-01-28;25228;569;267390;1210;12.1;0.1
FR;79;2021-01-29;22551;565;289941;1775;13.1;0.1
FR;79;2021-01-30;8787;138;298728;1913;13.5;0.1
FR;79;2021-01-31;1233;55;299961;1968;13.5;0.1
FR;79;2021-02-01;16181;648;316142;2616;14.3;0.1
FR;79;2021-02-02;19306;1274;335448;3890;15.1;0.2
FR;79;2021-02-03;18322;1586;353770;5476;16.0;0.2
FR;79;2021-02-04;19208;2537;372978;8013;16.8;0.4
FR;79;2021-02-05;18058;2686;391036;10699;17.6;0.5
FR;79;2021-02-06;6459;1005;397495;11704;17.9;0.5
FR;79;2021-02-07;870;391;398365;12095;18.0;0.5
FR;79;2021-02-08;13113;5816;411478;17911;18.6;0.8
FR;79;2021-02-09;15600;7677;427078;25588;19.3;1.2
FR;79;2021-02-10;15458;8055;442536;33643;20.0;1.5
FR;79;2021-02-11;16544;9612;459080;43255;20.7;2.0
FR;79;2021-02-12;15677;9416;474757;52671;21.4;2.4
FR;79;2021-02-13;5007;4125;479764;56796;21.6;2.6
FR;79;2021-02-14;905;1044;480669;57840;21.7;2.6
FR;79;2021-02-15;7133;19830;487802;77670;22.0;3.5
FR;79;2021-02-16;8354;23634;496156;101304;22.4;4.6
FR;79;2021-02-17;8256;24031;504412;125335;22.7;5.7
FR;79;2021-02-18;10309;24430;514721;149765;23.2;6.8
FR;79;2021-02-19;10323;20769;525044;170534;23.7;7.7
FR;79;2021-02-20;3768;8314;528812;178848;23.8;8.1
FR;79;2021-02-21;549;1557;529361;180405;23.9;8.1
FR;79;2021-02-22;6992;21888;536353;202293;24.2;9.1
FR;79;2021-02-23;9658;23573;546011;225866;24.6;10.2
FR;79;2021-02-24;10031;22212;556042;248078;25.1;11.2
FR;79;2021-02-25;11685;22096;567727;270174;25.6;12.2
FR;79;2021-02-26;12070;19125;579797;289299;26.1;13.0
FR;79;2021-02-27;4423;6738;584220;296037;26.3;13.4
FR;79;2021-02-28;876;1038;585096;297075;26.4;13.4
FR;79;2021-03-01;12126;16463;597222;313538;26.9;14.1
FR;79;2021-03-02;16332;19275;613554;332813;27.7;15.0
FR;79;2021-03-03;17758;18554;631312;351367;28.5;15.8
FR;79;2021-03-04;20953;17691;652265;369058;29.4;16.6
FR;79;2021-03-05;22492;16496;674757;385554;30.4;17.4
FR;79;2021-03-06;29081;5400;703838;390954;31.7;17.6
FR;79;2021-03-07;21092;1055;724930;392009;32.7;17.7
FR;79;2021-03-08;17387;15344;742317;407353;33.5;18.4
FR;79;2021-03-09;25751;16453;768068;423806;34.6;19.1
FR;79;2021-03-10;26891;15621;794959;439427;35.9;19.8
FR;79;2021-03-11;31879;15136;826838;454563;37.3;20.5
FR;79;2021-03-12;33397;12982;860235;467545;38.8;21.1
FR;79;2021-03-13;25307;4255;885542;471800;39.9;21.3
FR;79;2021-03-14;9466;782;895008;472582;40.4;21.3
FR;79;2021-03-15;28475;8716;923483;481298;41.6;21.7
FR;79;2021-03-16;32806;9311;956289;490609;43.1;22.1
FR;79;2021-03-17;33794;9277;990083;499886;44.7;22.5
FR;79;2021-03-18;36690;9775;1026773;509661;46.3;23.0
FR;79;2021-03-19;36706;8884;1063479;518545;48.0;23.4
FR;79;2021-03-20;20667;3292;1084146;521837;48.9;23.5
FR;79;2021-03-21;5874;605;1090020;522442;49.2;23.6
FR;79;2021-03-22;28569;9206;1118589;531648;50.4;24.0
FR;79;2021-03-23;37024;10799;1155613;542447;52.1;24.5
FR;79;2021-03-24;35525;11359;1191138;553806;53.7;25.0
FR;79;2021-03-25;41870;11136;1233008;564942;55.6;25.5
FR;79;2021-03-26;39347;10457;1272355;575399;57.4;26.0
FR;79;2021-03-27;17629;4417;1289984;579816;58.2;26.1
FR;79;2021-03-28;4796;904;1294780;580720;58.4;26.2
FR;79;2021-03-29;22258;15011;1317038;595731;59.4;26.9
FR;79;2021-03-30;27990;18906;1345028;614637;60.7;27.7
FR;79;2021-03-31;24663;19751;1369691;634388;61.8;28.6
FR;79;2021-04-01;27160;23188;1396851;657576;63.0;29.7
FR;79;2021-04-02;23041;24443;1419892;682019;64.0;30.8
FR;79;2021-04-03;10006;17367;1429898;699386;64.5;31.5
FR;79;2021-04-04;2800;5065;1432698;704451;64.6;31.8
FR;79;2021-04-05;4186;2748;1436884;707199;64.8;31.9
FR;79;2021-04-06;18964;28967;1455848;736166;65.7;33.2
FR;79;2021-04-07;21033;29848;1476881;766014;66.6;34.5
FR;79;2021-04-08;24957;29911;1501838;795925;67.7;35.9
FR;79;2021-04-09;26799;28092;1528637;824017;68.9;37.2
FR;79;2021-04-10;13628;18923;1542265;842940;69.6;38.0
FR;79;2021-04-11;3503;6448;1545768;849388;69.7;38.3
FR;79;2021-04-12;16715;28892;1562483;878280;70.5;39.6
FR;79;2021-04-13;19072;35004;1581555;913284;71.3;41.2
FR;79;2021-04-14;18140;33131;1599695;946415;72.1;42.7
FR;79;2021-04-15;19074;33323;1618769;979738;73.0;44.2
FR;79;2021-04-16;16198;31030;1634967;1010768;73.7;45.6
FR;79;2021-04-17;8133;16690;1643100;1027458;74.1;46.3
FR;79;2021-04-18;1766;4830;1644866;1032288;74.2;46.6
FR;79;2021-04-19;9820;29162;1654686;1061450;74.6;47.9
FR;79;2021-04-20;11656;34435;1666342;1095885;75.2;49.4
FR;79;2021-04-21;11273;31201;1677615;1127086;75.7;50.8
FR;79;2021-04-22;12813;31077;1690428;1158163;76.2;52.2
FR;79;2021-04-23;11896;27675;1702324;1185838;76.8;53.5
FR;79;2021-04-24;6150;13711;1708474;1199549;77.1;54.1
FR;79;2021-04-25;1911;3421;1710385;1202970;77.1;54.3
FR;79;2021-04-26;8936;20591;1719321;1223561;77.5;55.2
FR;79;2021-04-27;11043;23650;1730364;1247211;78.0;56.2
FR;79;2021-04-28;11547;20884;1741911;1268095;78.6;57.2
FR;79;2021-04-29;13606;20655;1755517;1288750;79.2;58.1
FR;79;2021-04-30;12773;17589;1768290;1306339;79.7;58.9
FR;79;2021-05-01;3803;3911;1772093;1310250;79.9;59.1
FR;79;2021-05-02;1737;2614;1773830;1312864;80.0;59.2
FR;79;2021-05-03;8558;15080;1782388;1327944;80.4;59.9
FR;79;2021-05-04;8883;20126;1791271;1348070;80.8;60.8
FR;79;2021-05-05;8361;18958;1799632;1367028;81.2;61.7
FR;79;2021-05-06;10199;18760;1809831;1385788;81.6;62.5
FR;79;2021-05-07;8922;19424;1818753;1405212;82.0;63.4
FR;79;2021-05-08;2961;4282;1821714;1409494;82.2;63.6
FR;79;2021-05-09;1377;2986;1823091;1412480;82.2;63.7
FR;79;2021-05-10;6097;17457;1829188;1429937;82.5;64.5
FR;79;2021-05-11;7940;18532;1837128;1448469;82.9;65.3
FR;79;2021-05-12;7209;15766;1844337;1464235;83.2;66.0
FR;79;2021-05-13;3485;3778;1847822;1468013;83.3;66.2
FR;79;2021-05-14;6722;11358;1854544;1479371;83.6;66.7
FR;79;2021-05-15;3282;5089;1857826;1484460;83.8;66.9
FR;79;2021-05-16;1138;1150;1858964;1485610;83.8;67.0
FR;79;2021-05-17;4894;8974;1863858;1494584;84.1;67.4
FR;79;2021-05-18;6054;9118;1869912;1503702;84.3;67.8
FR;79;2021-05-19;5666;7939;1875578;1511641;84.6;68.2
FR;79;2021-05-20;6538;8079;1882116;1519720;84.9;68.5
FR;79;2021-05-21;5562;8712;1887678;1528432;85.1;68.9
FR;79;2021-05-22;2389;3796;1890067;1532228;85.2;69.1
FR;79;2021-05-23;726;786;1890793;1533014;85.3;69.1
FR;79;2021-05-24;1825;1599;1892618;1534613;85.4;69.2
FR;79;2021-05-25;4326;10172;1896944;1544785;85.6;69.7
FR;79;2021-05-26;4235;9487;1901179;1554272;85.7;70.1
FR;79;2021-05-27;5151;10926;1906330;1565198;86.0;70.6
FR;79;2021-05-28;4661;12353;1910991;1577551;86.2;71.1
FR;79;2021-05-29;2027;6648;1913018;1584199;86.3;71.4
FR;79;2021-05-30;433;1251;1913451;1585450;86.3;71.5
FR;79;2021-05-31;3152;9011;1916603;1594461;86.4;71.9
FR;79;2021-06-01;4369;11072;1920972;1605533;86.6;72.4
FR;79;2021-06-02;3787;9679;1924759;1615212;86.8;72.8
FR;79;2021-06-03;4709;11206;1929468;1626418;87.0;73.4
FR;79;2021-06-04;4214;12654;1933682;1639072;87.2;73.9
FR;79;2021-06-05;1887;6428;1935569;1645500;87.3;74.2
FR;79;2021-06-06;429;1436;1935998;1646936;87.3;74.3
FR;79;2021-06-07;2621;9995;1938619;1656931;87.4;74.7
FR;80;2020-12-27;10;2;10;2;0.0;0.0
FR;80;2020-12-28;41;0;51;2;0.0;0.0
FR;80;2020-12-29;78;0;129;2;0.0;0.0
FR;80;2020-12-30;69;0;198;2;0.0;0.0
FR;80;2020-12-31;49;0;247;2;0.0;0.0
FR;80;2021-01-01;9;0;256;2;0.0;0.0
FR;80;2021-01-02;9;0;265;2;0.0;0.0
FR;80;2021-01-03;2;0;267;2;0.0;0.0
FR;80;2021-01-04;297;1;564;3;0.0;0.0
FR;80;2021-01-05;909;2;1473;5;0.0;0.0
FR;80;2021-01-06;1675;2;3148;7;0.1;0.0
FR;80;2021-01-07;6294;4;9442;11;0.2;0.0
FR;80;2021-01-08;5768;11;15210;22;0.4;0.0
FR;80;2021-01-09;979;0;16189;22;0.4;0.0
FR;80;2021-01-10;310;0;16499;22;0.4;0.0
FR;80;2021-01-11;4442;8;20941;30;0.5;0.0
FR;80;2021-01-12;12731;18;33672;48;0.8;0.0
FR;80;2021-01-13;12459;20;46131;68;1.1;0.0
FR;80;2021-01-14;18252;118;64383;186;1.5;0.0
FR;80;2021-01-15;12164;34;76547;220;1.8;0.0
FR;80;2021-01-16;4039;28;80586;248;1.9;0.0
FR;80;2021-01-17;3746;20;84332;268;2.0;0.0
FR;80;2021-01-18;28767;72;113099;340;2.7;0.0
FR;80;2021-01-19;53785;110;166884;450;4.0;0.0
FR;80;2021-01-20;59481;116;226365;566;5.4;0.0
FR;80;2021-01-21;70002;84;296367;650;7.1;0.0
FR;80;2021-01-22;48376;72;344743;722;8.3;0.0
FR;80;2021-01-23;16232;9;360975;731;8.7;0.0
FR;80;2021-01-24;4314;2;365289;733;8.8;0.0
FR;80;2021-01-25;32440;151;397729;884;9.6;0.0
FR;80;2021-01-26;45134;537;442863;1421;10.7;0.0
FR;80;2021-01-27;50900;896;493763;2317;11.9;0.1
FR;80;2021-01-28;60042;3951;553805;6268;13.3;0.2
FR;80;2021-01-29;39352;3277;593157;9545;14.3;0.2
FR;80;2021-01-30;13222;592;606379;10137;14.6;0.2
FR;80;2021-01-31;2333;286;608712;10423;14.6;0.3
FR;80;2021-02-01;23026;2789;631738;13212;15.2;0.3
FR;80;2021-02-02;33542;7431;665280;20643;16.0;0.5
FR;80;2021-02-03;34440;7877;699720;28520;16.8;0.7
FR;80;2021-02-04;38100;12584;737820;41104;17.7;1.0
FR;80;2021-02-05;29806;9535;767626;50639;18.5;1.2
FR;80;2021-02-06;9711;2126;777337;52765;18.7;1.3
FR;80;2021-02-07;1449;1867;778786;54632;18.7;1.3
FR;80;2021-02-08;19368;11145;798154;65777;19.2;1.6
FR;80;2021-02-09;25925;25609;824079;91386;19.8;2.2
FR;80;2021-02-10;26321;28927;850400;120313;20.5;2.9
FR;80;2021-02-11;30534;38124;880934;158437;21.2;3.8
FR;80;2021-02-12;26730;24681;907664;183118;21.8;4.4
FR;80;2021-02-13;7935;6527;915599;189645;22.0;4.6
FR;80;2021-02-14;1508;3100;917107;192745;22.1;4.6
FR;80;2021-02-15;11138;28313;928245;221058;22.3;5.3
FR;80;2021-02-16;15555;38936;943800;259994;22.7;6.3
FR;80;2021-02-17;15937;44491;959737;304485;23.1;7.3
FR;80;2021-02-18;21550;52521;981287;357006;23.6;8.6
FR;80;2021-02-19;19051;37499;1000338;394505;24.1;9.5
FR;80;2021-02-20;6302;12326;1006640;406831;24.2;9.8
FR;80;2021-02-21;913;2970;1007553;409801;24.2;9.9
FR;80;2021-02-22;11175;30697;1018728;440498;24.5;10.6
FR;80;2021-02-23;17105;37265;1035833;477763;24.9;11.5
FR;80;2021-02-24;17986;37088;1053819;514851;25.3;12.4
FR;80;2021-02-25;22287;40872;1076106;555723;25.9;13.4
FR;80;2021-02-26;20523;30915;1096629;586638;26.4;14.1
FR;80;2021-02-27;7169;10286;1103798;596924;26.5;14.4
FR;80;2021-02-28;1261;2121;1105059;599045;26.6;14.4
FR;80;2021-03-01;18787;23215;1123846;622260;27.0;15.0
FR;80;2021-03-02;26902;29112;1150748;651372;27.7;15.7
FR;80;2021-03-03;28712;29253;1179460;680625;28.4;16.4
FR;80;2021-03-04;34917;29714;1214377;710339;29.2;17.1
FR;80;2021-03-05;35888;27491;1250265;737830;30.1;17.7
FR;80;2021-03-06;41392;8370;1291657;746200;31.1;17.9
FR;80;2021-03-07;29715;2040;1321372;748240;31.8;18.0
FR;80;2021-03-08;27177;22498;1348549;770738;32.4;18.5
FR;80;2021-03-09;40714;24670;1389263;795408;33.4;19.1
FR;80;2021-03-10;43116;25394;1432379;820802;34.4;19.7
FR;80;2021-03-11;51654;26888;1484033;847690;35.7;20.4
FR;80;2021-03-12;52131;22980;1536164;870670;36.9;20.9
FR;80;2021-03-13;37453;7022;1573617;877692;37.8;21.1
FR;80;2021-03-14;13883;1524;1587500;879216;38.2;21.1
FR;80;2021-03-15;44052;13942;1631552;893158;39.2;21.5
FR;80;2021-03-16;51800;17044;1683352;910202;40.5;21.9
FR;80;2021-03-17;54649;16552;1738001;926754;41.8;22.3
FR;80;2021-03-18;58475;18836;1796476;945590;43.2;22.7
FR;80;2021-03-19;57350;15737;1853826;961327;44.6;23.1
FR;80;2021-03-20;30975;5343;1884801;966670;45.3;23.2
FR;80;2021-03-21;8686;1095;1893487;967765;45.5;23.3
FR;80;2021-03-22;42838;14553;1936325;982318;46.6;23.6
FR;80;2021-03-23;55557;18040;1991882;1000358;47.9;24.1
FR;80;2021-03-24;54397;19068;2046279;1019426;49.2;24.5
FR;80;2021-03-25;63946;19593;2110225;1039019;50.8;25.0
FR;80;2021-03-26;60103;18266;2170328;1057285;52.2;25.4
FR;80;2021-03-27;26557;7350;2196885;1064635;52.8;25.6
FR;80;2021-03-28;6924;1452;2203809;1066087;53.0;25.6
FR;80;2021-03-29;32827;23396;2236636;1089483;53.8;26.2
FR;80;2021-03-30;43166;30731;2279802;1120214;54.8;26.9
FR;80;2021-03-31;40476;32088;2320278;1152302;55.8;27.7
FR;80;2021-04-01;46075;37724;2366353;1190026;56.9;28.6
FR;80;2021-04-02;37063;39724;2403416;1229750;57.8;29.6
FR;80;2021-04-03;14493;26087;2417909;1255837;58.2;30.2
FR;80;2021-04-04;3868;7565;2421777;1263402;58.2;30.4
FR;80;2021-04-05;5616;4082;2427393;1267484;58.4;30.5
FR;80;2021-04-06;27585;44938;2454978;1312422;59.0;31.6
FR;80;2021-04-07;33448;48374;2488426;1360796;59.8;32.7
FR;80;2021-04-08;40003;49515;2528429;1410311;60.8;33.9
FR;80;2021-04-09;43432;46314;2571861;1456625;61.9;35.0
FR;80;2021-04-10;19816;28869;2591677;1485494;62.3;35.7
FR;80;2021-04-11;4832;9358;2596509;1494852;62.4;36.0
FR;80;2021-04-12;23472;45132;2619981;1539984;63.0;37.0
FR;80;2021-04-13;30144;54599;2650125;1594583;63.7;38.4
FR;80;2021-04-14;28963;52132;2679088;1646715;64.4;39.6
FR;80;2021-04-15;31358;52636;2710446;1699351;65.2;40.9
FR;80;2021-04-16;26381;48959;2736827;1748310;65.8;42.0
FR;80;2021-04-17;12319;25587;2749146;1773897;66.1;42.7
FR;80;2021-04-18;2530;7615;2751676;1781512;66.2;42.8
FR;80;2021-04-19;14219;43653;2765895;1825165;66.5;43.9
FR;80;2021-04-20;17886;53020;2783781;1878185;67.0;45.2
FR;80;2021-04-21;17911;49759;2801692;1927944;67.4;46.4
FR;80;2021-04-22;20602;51181;2822294;1979125;67.9;47.6
FR;80;2021-04-23;19049;44574;2841343;2023699;68.3;48.7
FR;80;2021-04-24;9395;21189;2850738;2044888;68.6;49.2
FR;80;2021-04-25;2683;5149;2853421;2050037;68.6;49.3
FR;80;2021-04-26;12353;30564;2865774;2080601;68.9;50.0
FR;80;2021-04-27;16716;36392;2882490;2116993;69.3;50.9
FR;80;2021-04-28;17913;34559;2900403;2151552;69.8;51.7
FR;80;2021-04-29;21683;35617;2922086;2187169;70.3;52.6
FR;80;2021-04-30;20314;29542;2942400;2216711;70.8;53.3
FR;80;2021-05-01;5792;5810;2948192;2222521;70.9;53.5
FR;80;2021-05-02;2599;3850;2950791;2226371;71.0;53.5
FR;80;2021-05-03;12435;21316;2963226;2247687;71.3;54.1
FR;80;2021-05-04;13814;29940;2977040;2277627;71.6;54.8
FR;80;2021-05-05;13513;29282;2990553;2306909;71.9;55.5
FR;80;2021-05-06;15847;29493;3006400;2336402;72.3;56.2
FR;80;2021-05-07;14546;29740;3020946;2366142;72.7;56.9
FR;80;2021-05-08;4510;6036;3025456;2372178;72.8;57.1
FR;80;2021-05-09;1913;4141;3027369;2376319;72.8;57.2
FR;80;2021-05-10;9159;24336;3036528;2400655;73.0;57.7
FR;80;2021-05-11;12543;27166;3049071;2427821;73.3;58.4
FR;80;2021-05-12;11469;23554;3060540;2451375;73.6;59.0
FR;80;2021-05-13;4879;5396;3065419;2456771;73.7;59.1
FR;80;2021-05-14;10352;16350;3075771;2473121;74.0;59.5
FR;80;2021-05-15;4820;7331;3080591;2480452;74.1;59.7
FR;80;2021-05-16;1533;1525;3082124;2481977;74.1;59.7
FR;80;2021-05-17;7044;13097;3089168;2495074;74.3;60.0
FR;80;2021-05-18;9512;13472;3098680;2508546;74.5;60.3
FR;80;2021-05-19;8890;12066;3107570;2520612;74.7;60.6
FR;80;2021-05-20;10632;12654;3118202;2533266;75.0;60.9
FR;80;2021-05-21;8746;13045;3126948;2546311;75.2;61.2
FR;80;2021-05-22;3828;5185;3130776;2551496;75.3;61.4
FR;80;2021-05-23;1008;1132;3131784;2552628;75.3;61.4
FR;80;2021-05-24;2568;2222;3134352;2554850;75.4;61.4
FR;80;2021-05-25;6547;14198;3140899;2569048;75.5;61.8
FR;80;2021-05-26;6663;14186;3147562;2583234;75.7;62.1
FR;80;2021-05-27;8528;16769;3156090;2600003;75.9;62.5
FR;80;2021-05-28;8159;18021;3164249;2618024;76.1;63.0
FR;80;2021-05-29;3405;8800;3167654;2626824;76.2;63.2
FR;80;2021-05-30;635;1595;3168289;2628419;76.2;63.2
FR;80;2021-05-31;4924;12672;3173213;2641091;76.3;63.5
FR;80;2021-06-01;7181;16572;3180394;2657663;76.5;63.9
FR;80;2021-06-02;6216;14809;3186610;2672472;76.6;64.3
FR;80;2021-06-03;8187;16872;3194797;2689344;76.8;64.7
FR;80;2021-06-04;7367;18819;3202164;2708163;77.0;65.1
FR;80;2021-06-05;3251;9162;3205415;2717325;77.1;65.4
FR;80;2021-06-06;628;2036;3206043;2719361;77.1;65.4
FR;80;2021-06-07;4040;13996;3210083;2733357;77.2;65.7
FR;0;2020-12-27;20;2;20;2;0.0;0.0
FR;0;2020-12-28;69;0;89;2;0.0;0.0
FR;0;2020-12-29;108;0;197;2;0.0;0.0
FR;0;2020-12-30;121;0;318;2;0.0;0.0
FR;0;2020-12-31;85;0;403;2;0.0;0.0
FR;0;2021-01-01;68;1;471;3;0.0;0.0
FR;0;2021-01-02;88;2;559;5;0.0;0.0
FR;0;2021-01-03;90;0;649;5;0.0;0.0
FR;0;2021-01-04;1478;7;2127;12;0.0;0.0
FR;0;2021-01-05;5395;19;7522;31;0.0;0.0
FR;0;2021-01-06;11297;28;18819;59;0.0;0.0
FR;0;2021-01-07;28559;64;47378;123;0.1;0.0
FR;0;2021-01-08;36235;74;83613;197;0.1;0.0
FR;0;2021-01-09;10922;14;94535;211;0.1;0.0
FR;0;2021-01-10;5620;9;100155;220;0.1;0.0
FR;0;2021-01-11;38989;95;139144;315;0.2;0.0
FR;0;2021-01-12;60865;148;200009;463;0.3;0.0
FR;0;2021-01-13;63761;185;263770;648;0.4;0.0
FR;0;2021-01-14;79867;727;343637;1375;0.5;0.0
FR;0;2021-01-15;67490;292;411127;1667;0.6;0.0
FR;0;2021-01-16;19710;121;430837;1788;0.6;0.0
FR;0;2021-01-17;10469;61;441306;1849;0.7;0.0
FR;0;2021-01-18;84380;327;525686;2176;0.8;0.0
FR;0;2021-01-19;128444;358;654130;2534;1.0;0.0
FR;0;2021-01-20;135171;354;789301;2888;1.2;0.0
FR;0;2021-01-21;155384;340;944685;3228;1.4;0.0
FR;0;2021-01-22;118626;360;1063311;3588;1.6;0.0
FR;0;2021-01-23;37810;77;1101121;3665;1.6;0.0
FR;0;2021-01-24;9365;40;1110486;3705;1.7;0.0
FR;0;2021-01-25;76834;1333;1187320;5038;1.8;0.0
FR;0;2021-01-26;98813;3249;1286133;8287;1.9;0.0
FR;0;2021-01-27;105666;5756;1391799;14043;2.1;0.0
FR;0;2021-01-28;122350;14611;1514149;28654;2.3;0.0
FR;0;2021-01-29;90884;17474;1605033;46128;2.4;0.1
FR;0;2021-01-30;28647;4265;1633680;50393;2.4;0.1
FR;0;2021-01-31;4871;1686;1638551;52079;2.4;0.1
FR;0;2021-02-01;51590;21213;1690141;73292;2.5;0.1
FR;0;2021-02-02;70708;34731;1760849;108023;2.6;0.2
FR;0;2021-02-03;70994;37150;1831843;145173;2.7;0.2
FR;0;2021-02-04;80592;50279;1912435;195452;2.8;0.3
FR;0;2021-02-05;67120;45525;1979555;240977;2.9;0.4
FR;0;2021-02-06;21335;10440;2000890;251417;3.0;0.4
FR;0;2021-02-07;4823;5079;2005713;256496;3.0;0.4
FR;0;2021-02-08;45889;46214;2051602;302710;3.1;0.5
FR;0;2021-02-09;64907;72890;2116509;375600;3.2;0.6
FR;0;2021-02-10;69239;77284;2185748;452884;3.3;0.7
FR;0;2021-02-11;85631;100055;2271379;552939;3.4;0.8
FR;0;2021-02-12;77700;75110;2349079;628049;3.5;0.9
FR;0;2021-02-13;21662;19632;2370741;647681;3.5;1.0
FR;0;2021-02-14;4583;7232;2375324;654913;3.5;1.0
FR;0;2021-02-15;37041;77013;2412365;731926;3.6;1.1
FR;0;2021-02-16;49193;101372;2461558;833298;3.7;1.2
FR;0;2021-02-17;49297;103617;2510855;936915;3.7;1.4
FR;0;2021-02-18;67924;119581;2578779;1056496;3.8;1.6
FR;0;2021-02-19;63754;91662;2642533;1148158;3.9;1.7
FR;0;2021-02-20;17960;28598;2660493;1176756;4.0;1.8
FR;0;2021-02-21;2859;6412;2663352;1183168;4.0;1.8
FR;0;2021-02-22;36469;73669;2699821;1256837;4.0;1.9
FR;0;2021-02-23;52613;84747;2752434;1341584;4.1;2.0
FR;0;2021-02-24;58004;81801;2810438;1423385;4.2;2.1
FR;0;2021-02-25;98536;92864;2908974;1516249;4.3;2.3
FR;0;2021-02-26;111676;72449;3020650;1588698;4.5;2.4
FR;0;2021-02-27;51122;22489;3071772;1611187;4.6;2.4
FR;0;2021-02-28;5675;4494;3077447;1615681;4.6;2.4
FR;0;2021-03-01;63589;53564;3141036;1669245;4.7;2.5
FR;0;2021-03-02;99338;67494;3240374;1736739;4.8;2.6
FR;0;2021-03-03;113582;67082;3353956;1803821;5.0;2.7
FR;0;2021-03-04;160329;71272;3514285;1875093;5.2;2.8
FR;0;2021-03-05;197832;66240;3712117;1941333;5.5;2.9
FR;0;2021-03-06;204849;19793;3916966;1961126;5.8;2.9
FR;0;2021-03-07;119716;6596;4036682;1967722;6.0;2.9
FR;0;2021-03-08;104803;52130;4141485;2019852;6.2;3.0
FR;0;2021-03-09;169589;58892;4311074;2078744;6.4;3.1
FR;0;2021-03-10;175619;59379;4486693;2138123;6.7;3.2
FR;0;2021-03-11;239372;66342;4726065;2204465;7.0;3.3
FR;0;2021-03-12;290938;57268;5017003;2261733;7.5;3.4
FR;0;2021-03-13;228230;17486;5245233;2279219;7.8;3.4
FR;0;2021-03-14;62121;4152;5307354;2283371;7.9;3.4
FR;0;2021-03-15;155754;34875;5463108;2318246;8.1;3.5
FR;0;2021-03-16;139245;41558;5602353;2359804;8.3;3.5
FR;0;2021-03-17;148000;41108;5750353;2400912;8.6;3.6
FR;0;2021-03-18;164983;47802;5915336;2448714;8.8;3.6
FR;0;2021-03-19;226513;41524;6141849;2490238;9.2;3.7
FR;0;2021-03-20;164456;14170;6306305;2504408;9.4;3.7
FR;0;2021-03-21;48727;3537;6355032;2507945;9.5;3.7
FR;0;2021-03-22;167038;37459;6522070;2545404;9.7;3.8
FR;0;2021-03-23;246551;46899;6768621;2592303;10.1;3.9
FR;0;2021-03-24;253125;48473;7021746;2640776;10.5;3.9
FR;0;2021-03-25;337308;51066;7359054;2691842;11.0;4.0
FR;0;2021-03-26;354495;48795;7713549;2740637;11.5;4.1
FR;0;2021-03-27;192866;20367;7906415;2761004;11.8;4.1
FR;0;2021-03-28;58314;4861;7964729;2765865;11.9;4.1
FR;0;2021-03-29;200294;58400;8165023;2824265;12.2;4.2
FR;0;2021-03-30;281766;75881;8446789;2900146;12.6;4.3
FR;0;2021-03-31;259320;79225;8706109;2979371;13.0;4.4
FR;0;2021-04-01;309905;96309;9016014;3075680;13.4;4.6
FR;0;2021-04-02;277539;99350;9293553;3175030;13.8;4.7
FR;0;2021-04-03;139062;65218;9432615;3240248;14.1;4.8
FR;0;2021-04-04;44863;19980;9477478;3260228;14.1;4.9
FR;0;2021-04-05;58763;12772;9536241;3273000;14.2;4.9
FR;0;2021-04-06;213243;113484;9749484;3386484;14.5;5.0
FR;0;2021-04-07;256136;122932;10005620;3509416;14.9;5.2
FR;0;2021-04-08;332548;131874;10338168;3641290;15.4;5.4
FR;0;2021-04-09;404487;127665;10742655;3768955;16.0;5.6
FR;0;2021-04-10;209995;88325;10952650;3857280;16.3;5.7
FR;0;2021-04-11;54957;36357;11007607;3893637;16.4;5.8
FR;0;2021-04-12;233664;121760;11241271;4015397;16.7;6.0
FR;0;2021-04-13;304891;153794;11546162;4169191;17.2;6.2
FR;0;2021-04-14;289277;148692;11835439;4317883;17.6;6.4
FR;0;2021-04-15;331454;158668;12166893;4476551;18.1;6.7
FR;0;2021-04-16;334515;155909;12501408;4632460;18.6;6.9
FR;0;2021-04-17;185968;95725;12687376;4728185;18.9;7.0
FR;0;2021-04-18;50411;37238;12737787;4765423;19.0;7.1
FR;0;2021-04-19;202422;145161;12940209;4910584;19.3;7.3
FR;0;2021-04-20;250315;179436;13190524;5090020;19.7;7.6
FR;0;2021-04-21;248918;177730;13439442;5267750;20.0;7.8
FR;0;2021-04-22;282672;198985;13722114;5466735;20.4;8.1
FR;0;2021-04-23;290339;195071;14012453;5661806;20.9;8.4
FR;0;2021-04-24;187963;119880;14200416;5781686;21.2;8.6
FR;0;2021-04-25;68380;41831;14268796;5823517;21.3;8.7
FR;0;2021-04-26;217697;167027;14486493;5990544;21.6;8.9
FR;0;2021-04-27;280326;207503;14766819;6198047;22.0;9.2
FR;0;2021-04-28;294522;204643;15061341;6402690;22.4;9.5
FR;0;2021-04-29;351812;226761;15413153;6629451;23.0;9.9
FR;0;2021-04-30;366613;219764;15779766;6849215;23.5;10.2
FR;0;2021-05-01;163175;61665;15942941;6910880;23.8;10.3
FR;0;2021-05-02;89841;42447;16032782;6953327;23.9;10.4
FR;0;2021-05-03;282500;187160;16315282;7140487;24.3;10.6
FR;0;2021-05-04;308982;247198;16624264;7387685;24.8;11.0
FR;0;2021-05-05;318666;246492;16942930;7634177;25.2;11.4
FR;0;2021-05-06;371982;269547;17314912;7903724;25.8;11.8
FR;0;2021-05-07;366017;295059;17680929;8198783;26.3;12.2
FR;0;2021-05-08;209197;79482;17890126;8278265;26.7;12.3
FR;0;2021-05-09;127465;54270;18017591;8332535;26.8;12.4
FR;0;2021-05-10;303724;251909;18321315;8584444;27.3;12.8
FR;0;2021-05-11;395857;293148;18717172;8877592;27.9;13.2
FR;0;2021-05-12;421887;265604;19139059;9143196;28.5;13.6
FR;0;2021-05-13;331054;76092;19470113;9219288;29.0;13.7
FR;0;2021-05-14;442660;199585;19912773;9418873;29.7;14.0
FR;0;2021-05-15;365841;117755;20278614;9536628;30.2;14.2
FR;0;2021-05-16;199307;32953;20477921;9569581;30.5;14.3
FR;0;2021-05-17;368242;176170;20846163;9745751;31.1;14.5
FR;0;2021-05-18;446570;188429;21292733;9934180;31.7;14.8
FR;0;2021-05-19;455926;178953;21748659;10113133;32.4;15.1
FR;0;2021-05-20;494431;200371;22243090;10313504;33.1;15.4
FR;0;2021-05-21;476396;217367;22719486;10530871;33.9;15.7
FR;0;2021-05-22;340915;106145;23060401;10637016;34.4;15.8
FR;0;2021-05-23;158425;25756;23218826;10662772;34.6;15.9
FR;0;2021-05-24;256637;51586;23475463;10714358;35.0;16.0
FR;0;2021-05-25;390373;223088;23865836;10937446;35.6;16.3
FR;0;2021-05-26;397630;222740;24263466;11160186;36.2;16.6
FR;0;2021-05-27;438263;262734;24701729;11422920;36.8;17.0
FR;0;2021-05-28;417894;314526;25119623;11737446;37.4;17.5
FR;0;2021-05-29;293591;180386;25413214;11917832;37.9;17.8
FR;0;2021-05-30;104347;41467;25517561;11959299;38.0;17.8
FR;0;2021-05-31;349814;239430;25867375;12198729;38.5;18.2
FR;0;2021-06-01;410967;299728;26278342;12498457;39.2;18.6
FR;0;2021-06-02;397387;274228;26675729;12772685;39.7;19.0
FR;0;2021-06-03;448172;309855;27123901;13082540;40.4;19.5
FR;0;2021-06-04;438203;358356;27562104;13440896;41.1;20.0
FR;0;2021-06-05;296142;219887;27858246;13660783;41.5;20.4
FR;0;2021-06-06;128354;60188;27986600;13720971;41.7;20.4
FR;0;2021-06-07;323971;296191;28310571;14017162;42.2;20.9
