reg;jour;n_dose1;n_complet;n_cum_dose1;n_cum_complet;couv_dose1;couv_complet
01;2020-12-27;0;0;0;0;0.0;0.0
01;2020-12-28;0;0;0;0;0.0;0.0
01;2020-12-29;0;0;0;0;0.0;0.0
01;2020-12-30;0;0;0;0;0.0;0.0
01;2020-12-31;0;0;0;0;0.0;0.0
01;2021-01-01;0;0;0;0;0.0;0.0
01;2021-01-02;0;0;0;0;0.0;0.0
01;2021-01-03;0;0;0;0;0.0;0.0
01;2021-01-04;1;0;1;0;0.0;0.0
01;2021-01-05;0;0;1;0;0.0;0.0
01;2021-01-06;0;0;1;0;0.0;0.0
01;2021-01-07;0;0;1;0;0.0;0.0
01;2021-01-08;36;0;37;0;0.0;0.0
01;2021-01-09;13;0;50;0;0.0;0.0
01;2021-01-10;0;0;50;0;0.0;0.0
01;2021-01-11;26;0;76;0;0.0;0.0
01;2021-01-12;30;0;106;0;0.0;0.0
01;2021-01-13;54;0;160;0;0.0;0.0
01;2021-01-14;70;0;230;0;0.1;0.0
01;2021-01-15;81;0;311;0;0.1;0.0
01;2021-01-16;0;0;311;0;0.1;0.0
01;2021-01-17;0;0;311;0;0.1;0.0
01;2021-01-18;73;0;384;0;0.1;0.0
01;2021-01-19;148;0;532;0;0.1;0.0
01;2021-01-20;139;0;671;0;0.2;0.0
01;2021-01-21;155;0;826;0;0.2;0.0
01;2021-01-22;132;0;958;0;0.3;0.0
01;2021-01-23;1;0;959;0;0.3;0.0
01;2021-01-24;0;0;959;0;0.3;0.0
01;2021-01-25;198;0;1157;0;0.3;0.0
01;2021-01-26;206;1;1363;1;0.4;0.0
01;2021-01-27;238;0;1601;1;0.4;0.0
01;2021-01-28;199;2;1800;3;0.5;0.0
01;2021-01-29;178;1;1978;4;0.5;0.0
01;2021-01-30;6;0;1984;4;0.5;0.0
01;2021-01-31;0;0;1984;4;0.5;0.0
01;2021-02-01;188;4;2172;8;0.6;0.0
01;2021-02-02;267;24;2439;32;0.6;0.0
01;2021-02-03;207;2;2646;34;0.7;0.0
01;2021-02-04;250;20;2896;54;0.8;0.0
01;2021-02-05;208;32;3104;86;0.8;0.0
01;2021-02-06;40;0;3144;86;0.8;0.0
01;2021-02-07;0;0;3144;86;0.8;0.0
01;2021-02-08;115;22;3259;108;0.9;0.0
01;2021-02-09;396;27;3655;135;1.0;0.0
01;2021-02-10;160;30;3815;165;1.0;0.0
01;2021-02-11;248;109;4063;274;1.1;0.1
01;2021-02-12;298;24;4361;298;1.2;0.1
01;2021-02-13;7;7;4368;305;1.2;0.1
01;2021-02-14;12;36;4380;341;1.2;0.1
01;2021-02-15;100;45;4480;386;1.2;0.1
01;2021-02-16;14;1;4494;387;1.2;0.1
01;2021-02-17;15;1;4509;388;1.2;0.1
01;2021-02-18;174;14;4683;402;1.2;0.1
01;2021-02-19;224;19;4907;421;1.3;0.1
01;2021-02-20;2;0;4909;421;1.3;0.1
01;2021-02-21;1;0;4910;421;1.3;0.1
01;2021-02-22;120;64;5030;485;1.3;0.1
01;2021-02-23;179;124;5209;609;1.4;0.2
01;2021-02-24;211;125;5420;734;1.4;0.2
01;2021-02-25;269;114;5689;848;1.5;0.2
01;2021-02-26;160;95;5849;943;1.6;0.3
01;2021-02-27;1;0;5850;943;1.6;0.3
01;2021-02-28;1;0;5851;943;1.6;0.3
01;2021-03-01;98;81;5949;1024;1.6;0.3
01;2021-03-02;232;131;6181;1155;1.6;0.3
01;2021-03-03;191;117;6372;1272;1.7;0.3
01;2021-03-04;288;81;6660;1353;1.8;0.4
01;2021-03-05;304;152;6964;1505;1.8;0.4
01;2021-03-06;541;1;7505;1506;2.0;0.4
01;2021-03-07;1;0;7506;1506;2.0;0.4
01;2021-03-08;174;137;7680;1643;2.0;0.4
01;2021-03-09;274;149;7954;1792;2.1;0.5
01;2021-03-10;307;154;8261;1946;2.2;0.5
01;2021-03-11;125;57;8386;2003;2.2;0.5
01;2021-03-12;278;234;8664;2237;2.3;0.6
01;2021-03-13;62;1;8726;2238;2.3;0.6
01;2021-03-14;2;23;8728;2261;2.3;0.6
01;2021-03-15;241;41;8969;2302;2.4;0.6
01;2021-03-16;318;78;9287;2380;2.5;0.6
01;2021-03-17;318;82;9605;2462;2.5;0.7
01;2021-03-18;377;106;9982;2568;2.6;0.7
01;2021-03-19;402;111;10384;2679;2.8;0.7
01;2021-03-20;33;44;10417;2723;2.8;0.7
01;2021-03-21;0;0;10417;2723;2.8;0.7
01;2021-03-22;238;86;10655;2809;2.8;0.7
01;2021-03-23;351;155;11006;2964;2.9;0.8
01;2021-03-24;364;105;11370;3069;3.0;0.8
01;2021-03-25;561;177;11931;3246;3.2;0.9
01;2021-03-26;521;129;12452;3375;3.3;0.9
01;2021-03-27;251;47;12703;3422;3.4;0.9
01;2021-03-28;4;0;12707;3422;3.4;0.9
01;2021-03-29;280;80;12987;3502;3.4;0.9
01;2021-03-30;544;161;13531;3663;3.6;1.0
01;2021-03-31;463;138;13994;3801;3.7;1.0
01;2021-04-01;578;199;14572;4000;3.9;1.1
01;2021-04-02;39;35;14611;4035;3.9;1.1
01;2021-04-03;40;2;14651;4037;3.9;1.1
01;2021-04-04;4;18;14655;4055;3.9;1.1
01;2021-04-05;7;1;14662;4056;3.9;1.1
01;2021-04-06;392;186;15054;4242;4.0;1.1
01;2021-04-07;480;113;15534;4355;4.1;1.2
01;2021-04-08;383;175;15917;4530;4.2;1.2
01;2021-04-09;379;219;16296;4749;4.3;1.3
01;2021-04-10;90;8;16386;4757;4.3;1.3
01;2021-04-11;2;25;16388;4782;4.3;1.3
01;2021-04-12;170;256;16558;5038;4.4;1.3
01;2021-04-13;411;318;16969;5356;4.5;1.4
01;2021-04-14;318;224;17287;5580;4.6;1.5
01;2021-04-15;436;330;17723;5910;4.7;1.6
01;2021-04-16;452;273;18175;6183;4.8;1.6
01;2021-04-17;251;6;18426;6189;4.9;1.6
01;2021-04-18;3;14;18429;6203;4.9;1.6
01;2021-04-19;267;236;18696;6439;5.0;1.7
01;2021-04-20;579;361;19275;6800;5.1;1.8
01;2021-04-21;487;310;19762;7110;5.2;1.9
01;2021-04-22;641;328;20403;7438;5.4;2.0
01;2021-04-23;731;244;21134;7682;5.6;2.0
01;2021-04-24;269;147;21403;7829;5.7;2.1
01;2021-04-25;554;62;21957;7891;5.8;2.1
01;2021-04-26;783;206;22740;8097;6.0;2.1
01;2021-04-27;510;240;23250;8337;6.2;2.2
01;2021-04-28;591;260;23841;8597;6.3;2.3
01;2021-04-29;993;173;24834;8770;6.6;2.3
01;2021-04-30;1112;160;25946;8930;6.9;2.4
01;2021-05-01;551;45;26497;8975;7.0;2.4
01;2021-05-02;327;13;26824;8988;7.1;2.4
01;2021-05-03;793;167;27617;9155;7.3;2.4
01;2021-05-04;1001;219;28618;9374;7.6;2.5
01;2021-05-05;849;246;29467;9620;7.8;2.6
01;2021-05-06;1015;163;30482;9783;8.1;2.6
01;2021-05-07;1021;248;31503;10031;8.4;2.7
01;2021-05-08;310;30;31813;10061;8.4;2.7
01;2021-05-09;177;9;31990;10070;8.5;2.7
01;2021-05-10;604;204;32594;10274;8.6;2.7
01;2021-05-11;720;302;33314;10576;8.8;2.8
01;2021-05-12;750;352;34064;10928;9.0;2.9
01;2021-05-13;203;77;34267;11005;9.1;2.9
01;2021-05-14;656;301;34923;11306;9.3;3.0
01;2021-05-15;326;13;35249;11319;9.4;3.0
01;2021-05-16;179;34;35428;11353;9.4;3.0
01;2021-05-17;495;269;35923;11622;9.5;3.1
01;2021-05-18;546;387;36469;12009;9.7;3.2
01;2021-05-19;528;518;36997;12527;9.8;3.3
01;2021-05-20;612;369;37609;12896;10.0;3.4
01;2021-05-21;622;378;38231;13274;10.1;3.5
01;2021-05-22;374;217;38605;13491;10.2;3.6
01;2021-05-23;195;113;38800;13604;10.3;3.6
01;2021-05-24;193;176;38993;13780;10.3;3.7
01;2021-05-25;382;657;39375;14437;10.4;3.8
01;2021-05-26;445;487;39820;14924;10.6;4.0
01;2021-05-27;132;198;39952;15122;10.6;4.0
01;2021-05-28;393;514;40345;15636;10.7;4.1
01;2021-05-29;157;135;40502;15771;10.7;4.2
01;2021-05-30;70;110;40572;15881;10.8;4.2
01;2021-05-31;360;527;40932;16408;10.9;4.4
01;2021-06-01;476;711;41408;17119;11.0;4.5
01;2021-06-02;466;704;41874;17823;11.1;4.7
01;2021-06-03;397;562;42271;18385;11.2;4.9
01;2021-06-04;570;750;42841;19135;11.4;5.1
02;2020-12-27;0;0;0;0;0.0;0.0
02;2020-12-28;0;0;0;0;0.0;0.0
02;2020-12-29;0;0;0;0;0.0;0.0
02;2020-12-30;0;0;0;0;0.0;0.0
02;2020-12-31;0;0;0;0;0.0;0.0
02;2021-01-01;0;0;0;0;0.0;0.0
02;2021-01-02;0;0;0;0;0.0;0.0
02;2021-01-03;0;0;0;0;0.0;0.0
02;2021-01-04;0;0;0;0;0.0;0.0
02;2021-01-05;0;0;0;0;0.0;0.0
02;2021-01-06;5;0;5;0;0.0;0.0
02;2021-01-07;31;0;36;0;0.0;0.0
02;2021-01-08;80;1;116;1;0.0;0.0
02;2021-01-09;20;0;136;1;0.0;0.0
02;2021-01-10;0;0;136;1;0.0;0.0
02;2021-01-11;122;0;258;1;0.1;0.0
02;2021-01-12;78;0;336;1;0.1;0.0
02;2021-01-13;65;0;401;1;0.1;0.0
02;2021-01-14;87;0;488;1;0.1;0.0
02;2021-01-15;136;0;624;1;0.2;0.0
02;2021-01-16;51;0;675;1;0.2;0.0
02;2021-01-17;0;0;675;1;0.2;0.0
02;2021-01-18;158;0;833;1;0.2;0.0
02;2021-01-19;167;0;1000;1;0.3;0.0
02;2021-01-20;163;0;1163;1;0.3;0.0
02;2021-01-21;181;1;1344;2;0.4;0.0
02;2021-01-22;156;0;1500;2;0.4;0.0
02;2021-01-23;58;0;1558;2;0.4;0.0
02;2021-01-24;0;0;1558;2;0.4;0.0
02;2021-01-25;159;0;1717;2;0.5;0.0
02;2021-01-26;137;0;1854;2;0.5;0.0
02;2021-01-27;161;5;2015;7;0.6;0.0
02;2021-01-28;143;12;2158;19;0.6;0.0
02;2021-01-29;142;41;2300;60;0.6;0.0
02;2021-01-30;96;16;2396;76;0.7;0.0
02;2021-01-31;0;0;2396;76;0.7;0.0
02;2021-02-01;118;74;2514;150;0.7;0.0
02;2021-02-02;184;95;2698;245;0.8;0.1
02;2021-02-03;129;80;2827;325;0.8;0.1
02;2021-02-04;158;73;2985;398;0.8;0.1
02;2021-02-05;120;97;3105;495;0.9;0.1
02;2021-02-06;62;26;3167;521;0.9;0.1
02;2021-02-07;1;0;3168;521;0.9;0.1
02;2021-02-08;136;78;3304;599;0.9;0.2
02;2021-02-09;175;78;3479;677;1.0;0.2
02;2021-02-10;138;90;3617;767;1.0;0.2
02;2021-02-11;149;103;3766;870;1.0;0.2
02;2021-02-12;124;128;3890;998;1.1;0.3
02;2021-02-13;38;37;3928;1035;1.1;0.3
02;2021-02-14;0;0;3928;1035;1.1;0.3
02;2021-02-15;51;67;3979;1102;1.1;0.3
02;2021-02-16;0;1;3979;1103;1.1;0.3
02;2021-02-17;1;3;3980;1106;1.1;0.3
02;2021-02-18;68;128;4048;1234;1.1;0.3
02;2021-02-19;69;131;4117;1365;1.1;0.4
02;2021-02-20;48;69;4165;1434;1.2;0.4
02;2021-02-21;0;0;4165;1434;1.2;0.4
02;2021-02-22;99;60;4264;1494;1.2;0.4
02;2021-02-23;113;238;4377;1732;1.2;0.5
02;2021-02-24;106;223;4483;1955;1.2;0.5
02;2021-02-25;89;148;4572;2103;1.3;0.6
02;2021-02-26;127;169;4699;2272;1.3;0.6
02;2021-02-27;69;52;4768;2324;1.3;0.6
02;2021-02-28;0;0;4768;2324;1.3;0.6
02;2021-03-01;138;144;4906;2468;1.4;0.7
02;2021-03-02;158;78;5064;2546;1.4;0.7
02;2021-03-03;178;144;5242;2690;1.5;0.7
02;2021-03-04;145;133;5387;2823;1.5;0.8
02;2021-03-05;238;127;5625;2950;1.6;0.8
02;2021-03-06;119;59;5744;3009;1.6;0.8
02;2021-03-07;100;1;5844;3010;1.6;0.8
02;2021-03-08;196;132;6040;3142;1.7;0.9
02;2021-03-09;269;102;6309;3244;1.8;0.9
02;2021-03-10;321;133;6630;3377;1.8;0.9
02;2021-03-11;327;83;6957;3460;1.9;1.0
02;2021-03-12;398;51;7355;3511;2.1;1.0
02;2021-03-13;154;21;7509;3532;2.1;1.0
02;2021-03-14;4;1;7513;3533;2.1;1.0
02;2021-03-15;276;92;7789;3625;2.2;1.0
02;2021-03-16;305;55;8094;3680;2.3;1.0
02;2021-03-17;385;49;8479;3729;2.4;1.0
02;2021-03-18;435;44;8914;3773;2.5;1.1
02;2021-03-19;396;61;9310;3834;2.6;1.1
02;2021-03-20;149;47;9459;3881;2.6;1.1
02;2021-03-21;25;1;9484;3882;2.6;1.1
02;2021-03-22;362;116;9846;3998;2.7;1.1
02;2021-03-23;401;123;10247;4121;2.9;1.1
02;2021-03-24;424;104;10671;4225;3.0;1.2
02;2021-03-25;464;96;11135;4321;3.1;1.2
02;2021-03-26;632;100;11767;4421;3.3;1.2
02;2021-03-27;152;71;11919;4492;3.3;1.3
02;2021-03-28;81;2;12000;4494;3.3;1.3
02;2021-03-29;420;165;12420;4659;3.5;1.3
02;2021-03-30;466;244;12886;4903;3.6;1.4
02;2021-03-31;1139;184;14025;5087;3.9;1.4
02;2021-04-01;950;167;14975;5254;4.2;1.5
02;2021-04-02;892;6;15867;5260;4.4;1.5
02;2021-04-03;787;45;16654;5305;4.6;1.5
02;2021-04-04;750;10;17404;5315;4.9;1.5
02;2021-04-05;828;39;18232;5354;5.1;1.5
02;2021-04-06;883;131;19115;5485;5.3;1.5
02;2021-04-07;1424;321;20539;5806;5.7;1.6
02;2021-04-08;1301;266;21840;6072;6.1;1.7
02;2021-04-09;1233;317;23073;6389;6.4;1.8
02;2021-04-10;837;160;23910;6549;6.7;1.8
02;2021-04-11;621;12;24531;6561;6.8;1.8
02;2021-04-12;866;313;25397;6874;7.1;1.9
02;2021-04-13;865;325;26262;7199;7.3;2.0
02;2021-04-14;957;322;27219;7521;7.6;2.1
02;2021-04-15;949;291;28168;7812;7.9;2.2
02;2021-04-16;989;298;29157;8110;8.1;2.3
02;2021-04-17;524;161;29681;8271;8.3;2.3
02;2021-04-18;339;56;30020;8327;8.4;2.3
02;2021-04-19;668;347;30688;8674;8.6;2.4
02;2021-04-20;869;309;31557;8983;8.8;2.5
02;2021-04-21;997;358;32554;9341;9.1;2.6
02;2021-04-22;602;312;33156;9653;9.2;2.7
02;2021-04-23;604;464;33760;10117;9.4;2.8
02;2021-04-24;360;197;34120;10314;9.5;2.9
02;2021-04-25;168;200;34288;10514;9.6;2.9
02;2021-04-26;513;543;34801;11057;9.7;3.1
02;2021-04-27;556;608;35357;11665;9.9;3.3
02;2021-04-28;449;692;35806;12357;10.0;3.4
02;2021-04-29;641;642;36447;12999;10.2;3.6
02;2021-04-30;769;688;37216;13687;10.4;3.8
02;2021-05-01;243;245;37459;13932;10.4;3.9
02;2021-05-02;225;514;37684;14446;10.5;4.0
02;2021-05-03;559;771;38243;15217;10.7;4.2
02;2021-05-04;505;677;38748;15894;10.8;4.4
02;2021-05-05;534;898;39282;16792;10.9;4.7
02;2021-05-06;543;778;39825;17570;11.1;4.9
02;2021-05-07;625;1016;40450;18586;11.3;5.2
02;2021-05-08;213;526;40663;19112;11.3;5.3
02;2021-05-09;171;506;40834;19618;11.4;5.5
02;2021-05-10;515;860;41349;20478;11.5;5.7
02;2021-05-11;461;870;41810;21348;11.7;6.0
02;2021-05-12;549;913;42359;22261;11.8;6.2
02;2021-05-13;267;533;42626;22794;11.9;6.4
02;2021-05-14;381;753;43007;23547;12.0;6.6
02;2021-05-15;230;579;43237;24126;12.1;6.7
02;2021-05-16;155;442;43392;24568;12.1;6.8
02;2021-05-17;462;755;43854;25323;12.2;7.1
02;2021-05-18;439;675;44293;25998;12.3;7.2
02;2021-05-19;435;740;44728;26738;12.5;7.5
02;2021-05-20;587;501;45315;27239;12.6;7.6
02;2021-05-21;541;704;45856;27943;12.8;7.8
02;2021-05-22;182;365;46038;28308;12.8;7.9
02;2021-05-23;109;181;46147;28489;12.9;7.9
02;2021-05-24;131;242;46278;28731;12.9;8.0
02;2021-05-25;344;704;46622;29435;13.0;8.2
02;2021-05-26;371;712;46993;30147;13.1;8.4
02;2021-05-27;260;648;47253;30795;13.2;8.6
02;2021-05-28;264;818;47517;31613;13.2;8.8
02;2021-05-29;149;512;47666;32125;13.3;9.0
02;2021-05-30;15;33;47681;32158;13.3;9.0
02;2021-05-31;342;686;48023;32844;13.4;9.2
02;2021-06-01;289;548;48312;33392;13.5;9.3
02;2021-06-02;304;571;48616;33963;13.6;9.5
02;2021-06-03;244;430;48860;34393;13.6;9.6
02;2021-06-04;327;640;49187;35033;13.7;9.8
03;2020-12-27;0;0;0;0;0.0;0.0
03;2020-12-28;0;0;0;0;0.0;0.0
03;2020-12-29;0;0;0;0;0.0;0.0
03;2020-12-30;0;0;0;0;0.0;0.0
03;2020-12-31;0;0;0;0;0.0;0.0
03;2021-01-01;0;0;0;0;0.0;0.0
03;2021-01-02;0;0;0;0;0.0;0.0
03;2021-01-03;0;0;0;0;0.0;0.0
03;2021-01-04;0;0;0;0;0.0;0.0
03;2021-01-05;0;0;0;0;0.0;0.0
03;2021-01-06;0;0;0;0;0.0;0.0
03;2021-01-07;0;0;0;0;0.0;0.0
03;2021-01-08;0;0;0;0;0.0;0.0
03;2021-01-09;0;0;0;0;0.0;0.0
03;2021-01-10;0;0;0;0;0.0;0.0
03;2021-01-11;0;0;0;0;0.0;0.0
03;2021-01-12;0;0;0;0;0.0;0.0
03;2021-01-13;30;0;30;0;0.0;0.0
03;2021-01-14;46;0;76;0;0.0;0.0
03;2021-01-15;34;0;110;0;0.0;0.0
03;2021-01-16;18;0;128;0;0.0;0.0
03;2021-01-17;0;0;128;0;0.0;0.0
03;2021-01-18;62;0;190;0;0.1;0.0
03;2021-01-19;149;1;339;1;0.1;0.0
03;2021-01-20;132;0;471;1;0.2;0.0
03;2021-01-21;118;0;589;1;0.2;0.0
03;2021-01-22;75;0;664;1;0.2;0.0
03;2021-01-23;0;0;664;1;0.2;0.0
03;2021-01-24;0;0;664;1;0.2;0.0
03;2021-01-25;56;0;720;1;0.2;0.0
03;2021-01-26;100;0;820;1;0.3;0.0
03;2021-01-27;109;0;929;1;0.3;0.0
03;2021-01-28;96;2;1025;3;0.4;0.0
03;2021-01-29;104;3;1129;6;0.4;0.0
03;2021-01-30;0;0;1129;6;0.4;0.0
03;2021-01-31;0;0;1129;6;0.4;0.0
03;2021-02-01;54;0;1183;6;0.4;0.0
03;2021-02-02;122;4;1305;10;0.4;0.0
03;2021-02-03;115;7;1420;17;0.5;0.0
03;2021-02-04;79;26;1499;43;0.5;0.0
03;2021-02-05;65;8;1564;51;0.5;0.0
03;2021-02-06;0;0;1564;51;0.5;0.0
03;2021-02-07;0;0;1564;51;0.5;0.0
03;2021-02-08;50;13;1614;64;0.6;0.0
03;2021-02-09;92;39;1706;103;0.6;0.0
03;2021-02-10;101;42;1807;145;0.6;0.0
03;2021-02-11;102;93;1909;238;0.7;0.1
03;2021-02-12;86;64;1995;302;0.7;0.1
03;2021-02-13;0;0;1995;302;0.7;0.1
03;2021-02-14;0;0;1995;302;0.7;0.1
03;2021-02-15;27;65;2022;367;0.7;0.1
03;2021-02-16;123;52;2145;419;0.7;0.1
03;2021-02-17;145;117;2290;536;0.8;0.2
03;2021-02-18;102;143;2392;679;0.8;0.2
03;2021-02-19;121;72;2513;751;0.9;0.3
03;2021-02-20;0;0;2513;751;0.9;0.3
03;2021-02-21;0;0;2513;751;0.9;0.3
03;2021-02-22;78;48;2591;799;0.9;0.3
03;2021-02-23;157;98;2748;897;0.9;0.3
03;2021-02-24;190;120;2938;1017;1.0;0.3
03;2021-02-25;258;87;3196;1104;1.1;0.4
03;2021-02-26;264;69;3460;1173;1.2;0.4
03;2021-02-27;121;1;3581;1174;1.2;0.4
03;2021-02-28;0;0;3581;1174;1.2;0.4
03;2021-03-01;174;85;3755;1259;1.3;0.4
03;2021-03-02;255;108;4010;1367;1.4;0.5
03;2021-03-03;254;129;4264;1496;1.5;0.5
03;2021-03-04;281;81;4545;1577;1.6;0.5
03;2021-03-05;270;41;4815;1618;1.7;0.6
03;2021-03-06;116;0;4931;1618;1.7;0.6
03;2021-03-07;0;0;4931;1618;1.7;0.6
03;2021-03-08;186;40;5117;1658;1.8;0.6
03;2021-03-09;349;88;5466;1746;1.9;0.6
03;2021-03-10;356;96;5822;1842;2.0;0.6
03;2021-03-11;269;116;6091;1958;2.1;0.7
03;2021-03-12;284;91;6375;2049;2.2;0.7
03;2021-03-13;110;2;6485;2051;2.2;0.7
03;2021-03-14;0;0;6485;2051;2.2;0.7
03;2021-03-15;180;26;6665;2077;2.3;0.7
03;2021-03-16;241;139;6906;2216;2.4;0.8
03;2021-03-17;272;128;7178;2344;2.5;0.8
03;2021-03-18;250;153;7428;2497;2.6;0.9
03;2021-03-19;284;123;7712;2620;2.7;0.9
03;2021-03-20;255;14;7967;2634;2.7;0.9
03;2021-03-21;119;0;8086;2634;2.8;0.9
03;2021-03-22;219;112;8305;2746;2.9;0.9
03;2021-03-23;259;184;8564;2930;2.9;1.0
03;2021-03-24;224;207;8788;3137;3.0;1.1
03;2021-03-25;167;176;8955;3313;3.1;1.1
03;2021-03-26;188;306;9143;3619;3.1;1.2
03;2021-03-27;55;92;9198;3711;3.2;1.3
03;2021-03-28;0;0;9198;3711;3.2;1.3
03;2021-03-29;174;244;9372;3955;3.2;1.4
03;2021-03-30;440;234;9812;4189;3.4;1.4
03;2021-03-31;314;289;10126;4478;3.5;1.5
03;2021-04-01;410;255;10536;4733;3.6;1.6
03;2021-04-02;279;278;10815;5011;3.7;1.7
03;2021-04-03;109;119;10924;5130;3.8;1.8
03;2021-04-04;0;0;10924;5130;3.8;1.8
03;2021-04-05;118;14;11042;5144;3.8;1.8
03;2021-04-06;418;322;11460;5466;3.9;1.9
03;2021-04-07;483;331;11943;5797;4.1;2.0
03;2021-04-08;492;253;12435;6050;4.3;2.1
03;2021-04-09;469;224;12904;6274;4.4;2.2
03;2021-04-10;146;91;13050;6365;4.5;2.2
03;2021-04-11;1;0;13051;6365;4.5;2.2
03;2021-04-12;493;261;13544;6626;4.7;2.3
03;2021-04-13;622;236;14166;6862;4.9;2.4
03;2021-04-14;664;305;14830;7167;5.1;2.5
03;2021-04-15;720;242;15550;7409;5.3;2.5
03;2021-04-16;707;292;16257;7701;5.6;2.6
03;2021-04-17;476;123;16733;7824;5.8;2.7
03;2021-04-18;489;36;17222;7860;5.9;2.7
03;2021-04-19;682;244;17904;8104;6.2;2.8
03;2021-04-20;549;267;18453;8371;6.3;2.9
03;2021-04-21;769;234;19222;8605;6.6;3.0
03;2021-04-22;652;215;19874;8820;6.8;3.0
03;2021-04-23;656;215;20530;9035;7.1;3.1
03;2021-04-24;521;92;21051;9127;7.2;3.1
03;2021-04-25;601;38;21652;9165;7.4;3.2
03;2021-04-26;733;221;22385;9386;7.7;3.2
03;2021-04-27;765;336;23150;9722;8.0;3.3
03;2021-04-28;644;313;23794;10035;8.2;3.5
03;2021-04-29;601;271;24395;10306;8.4;3.5
03;2021-04-30;670;251;25065;10557;8.6;3.6
03;2021-05-01;209;23;25274;10580;8.7;3.6
03;2021-05-02;594;74;25868;10654;8.9;3.7
03;2021-05-03;551;389;26419;11043;9.1;3.8
03;2021-05-04;523;308;26942;11351;9.3;3.9
03;2021-05-05;566;440;27508;11791;9.5;4.1
03;2021-05-06;542;457;28050;12248;9.6;4.2
03;2021-05-07;515;455;28565;12703;9.8;4.4
03;2021-05-08;329;58;28894;12761;9.9;4.4
03;2021-05-09;256;71;29150;12832;10.0;4.4
03;2021-05-10;405;611;29555;13443;10.2;4.6
03;2021-05-11;335;489;29890;13932;10.3;4.8
03;2021-05-12;387;628;30277;14560;10.4;5.0
03;2021-05-13;322;97;30599;14657;10.5;5.0
03;2021-05-14;417;545;31016;15202;10.7;5.2
03;2021-05-15;248;343;31264;15545;10.8;5.3
03;2021-05-16;203;208;31467;15753;10.8;5.4
03;2021-05-17;386;591;31853;16344;11.0;5.6
03;2021-05-18;468;553;32321;16897;11.1;5.8
03;2021-05-19;441;540;32762;17437;11.3;6.0
03;2021-05-20;540;445;33302;17882;11.5;6.2
03;2021-05-21;442;599;33744;18481;11.6;6.4
03;2021-05-22;161;500;33905;18981;11.7;6.5
03;2021-05-23;254;469;34159;19450;11.8;6.7
03;2021-05-24;541;242;34700;19692;11.9;6.8
03;2021-05-25;431;725;35131;20417;12.1;7.0
03;2021-05-26;351;680;35482;21097;12.2;7.3
03;2021-05-27;630;515;36112;21612;12.4;7.4
03;2021-05-28;449;545;36561;22157;12.6;7.6
03;2021-05-29;230;360;36791;22517;12.7;7.7
03;2021-05-30;146;401;36937;22918;12.7;7.9
03;2021-05-31;335;571;37272;23489;12.8;8.1
03;2021-06-01;368;465;37640;23954;12.9;8.2
03;2021-06-02;444;548;38084;24502;13.1;8.4
03;2021-06-03;392;465;38476;24967;13.2;8.6
03;2021-06-04;446;485;38922;25452;13.4;8.8
04;2020-12-27;0;0;0;0;0.0;0.0
04;2020-12-28;0;0;0;0;0.0;0.0
04;2020-12-29;0;0;0;0;0.0;0.0
04;2020-12-30;0;0;0;0;0.0;0.0
04;2020-12-31;0;0;0;0;0.0;0.0
04;2021-01-01;1;0;1;0;0.0;0.0
04;2021-01-02;0;0;1;0;0.0;0.0
04;2021-01-03;0;0;1;0;0.0;0.0
04;2021-01-04;0;0;1;0;0.0;0.0
04;2021-01-05;2;0;3;0;0.0;0.0
04;2021-01-06;0;0;3;0;0.0;0.0
04;2021-01-07;0;0;3;0;0.0;0.0
04;2021-01-08;0;0;3;0;0.0;0.0
04;2021-01-09;1;0;4;0;0.0;0.0
04;2021-01-10;0;0;4;0;0.0;0.0
04;2021-01-11;0;0;4;0;0.0;0.0
04;2021-01-12;0;0;4;0;0.0;0.0
04;2021-01-13;0;0;4;0;0.0;0.0
04;2021-01-14;0;0;4;0;0.0;0.0
04;2021-01-15;332;0;336;0;0.0;0.0
04;2021-01-16;27;0;363;0;0.0;0.0
04;2021-01-17;0;0;363;0;0.0;0.0
04;2021-01-18;49;1;412;1;0.0;0.0
04;2021-01-19;393;0;805;1;0.1;0.0
04;2021-01-20;482;1;1287;2;0.1;0.0
04;2021-01-21;612;1;1899;3;0.2;0.0
04;2021-01-22;409;0;2308;3;0.3;0.0
04;2021-01-23;75;0;2383;3;0.3;0.0
04;2021-01-24;0;0;2383;3;0.3;0.0
04;2021-01-25;272;0;2655;3;0.3;0.0
04;2021-01-26;429;0;3084;3;0.4;0.0
04;2021-01-27;317;0;3401;3;0.4;0.0
04;2021-01-28;406;0;3807;3;0.4;0.0
04;2021-01-29;421;3;4228;6;0.5;0.0
04;2021-01-30;419;0;4647;6;0.5;0.0
04;2021-01-31;0;0;4647;6;0.5;0.0
04;2021-02-01;372;3;5019;9;0.6;0.0
04;2021-02-02;497;4;5516;13;0.6;0.0
04;2021-02-03;594;14;6110;27;0.7;0.0
04;2021-02-04;626;22;6736;49;0.8;0.0
04;2021-02-05;564;97;7300;146;0.8;0.0
04;2021-02-06;501;4;7801;150;0.9;0.0
04;2021-02-07;0;8;7801;158;0.9;0.0
04;2021-02-08;463;34;8264;192;1.0;0.0
04;2021-02-09;771;90;9035;282;1.1;0.0
04;2021-02-10;749;85;9784;367;1.1;0.0
04;2021-02-11;780;86;10564;453;1.2;0.1
04;2021-02-12;636;95;11200;548;1.3;0.1
04;2021-02-13;544;74;11744;622;1.4;0.1
04;2021-02-14;1;0;11745;622;1.4;0.1
04;2021-02-15;524;125;12269;747;1.4;0.1
04;2021-02-16;648;534;12917;1281;1.5;0.1
04;2021-02-17;526;328;13443;1609;1.6;0.2
04;2021-02-18;493;414;13936;2023;1.6;0.2
04;2021-02-19;496;320;14432;2343;1.7;0.3
04;2021-02-20;576;116;15008;2459;1.7;0.3
04;2021-02-21;0;0;15008;2459;1.7;0.3
04;2021-02-22;400;238;15408;2697;1.8;0.3
04;2021-02-23;607;236;16015;2933;1.9;0.3
04;2021-02-24;581;253;16596;3186;1.9;0.4
04;2021-02-25;644;296;17240;3482;2.0;0.4
04;2021-02-26;483;472;17723;3954;2.1;0.5
04;2021-02-27;345;430;18068;4384;2.1;0.5
04;2021-02-28;0;0;18068;4384;2.1;0.5
04;2021-03-01;288;391;18356;4775;2.1;0.6
04;2021-03-02;487;502;18843;5277;2.2;0.6
04;2021-03-03;755;557;19598;5834;2.3;0.7
04;2021-03-04;760;531;20358;6365;2.4;0.7
04;2021-03-05;727;539;21085;6904;2.5;0.8
04;2021-03-06;812;530;21897;7434;2.5;0.9
04;2021-03-07;0;0;21897;7434;2.5;0.9
04;2021-03-08;434;590;22331;8024;2.6;0.9
04;2021-03-09;669;775;23000;8799;2.7;1.0
04;2021-03-10;644;849;23644;9648;2.7;1.1
04;2021-03-11;693;645;24337;10293;2.8;1.2
04;2021-03-12;728;663;25065;10956;2.9;1.3
04;2021-03-13;667;610;25732;11566;3.0;1.3
04;2021-03-14;2;0;25734;11566;3.0;1.3
04;2021-03-15;503;506;26237;12072;3.1;1.4
04;2021-03-16;680;711;26917;12783;3.1;1.5
04;2021-03-17;846;535;27763;13318;3.2;1.5
04;2021-03-18;1046;572;28809;13890;3.4;1.6
04;2021-03-19;784;542;29593;14432;3.4;1.7
04;2021-03-20;576;597;30169;15029;3.5;1.7
04;2021-03-21;0;0;30169;15029;3.5;1.7
04;2021-03-22;565;481;30734;15510;3.6;1.8
04;2021-03-23;780;640;31514;16150;3.7;1.9
04;2021-03-24;792;671;32306;16821;3.8;2.0
04;2021-03-25;944;547;33250;17368;3.9;2.0
04;2021-03-26;921;448;34171;17816;4.0;2.1
04;2021-03-27;782;340;34953;18156;4.1;2.1
04;2021-03-28;1;0;34954;18156;4.1;2.1
04;2021-03-29;960;270;35914;18426;4.2;2.1
04;2021-03-30;883;501;36797;18927;4.3;2.2
04;2021-03-31;726;671;37523;19598;4.4;2.3
04;2021-04-01;679;709;38202;20307;4.4;2.4
04;2021-04-02;680;762;38882;21069;4.5;2.5
04;2021-04-03;685;707;39567;21776;4.6;2.5
04;2021-04-04;0;0;39567;21776;4.6;2.5
04;2021-04-05;0;2;39567;21778;4.6;2.5
04;2021-04-06;795;642;40362;22420;4.7;2.6
04;2021-04-07;1317;789;41679;23209;4.8;2.7
04;2021-04-08;1722;778;43401;23987;5.0;2.8
04;2021-04-09;1454;785;44855;24772;5.2;2.9
04;2021-04-10;1130;650;45985;25422;5.3;3.0
04;2021-04-11;2;0;45987;25422;5.3;3.0
04;2021-04-12;1238;552;47225;25974;5.5;3.0
04;2021-04-13;1435;754;48660;26728;5.7;3.1
04;2021-04-14;2002;774;50662;27502;5.9;3.2
04;2021-04-15;2349;947;53011;28449;6.2;3.3
04;2021-04-16;1842;785;54853;29234;6.4;3.4
04;2021-04-17;1274;604;56127;29838;6.5;3.5
04;2021-04-18;0;0;56127;29838;6.5;3.5
04;2021-04-19;1377;565;57504;30403;6.7;3.5
04;2021-04-20;1645;806;59149;31209;6.9;3.6
04;2021-04-21;2043;605;61192;31814;7.1;3.7
04;2021-04-22;2763;801;63955;32615;7.4;3.8
04;2021-04-23;2233;812;66188;33427;7.7;3.9
04;2021-04-24;1081;797;67269;34224;7.8;4.0
04;2021-04-25;2;0;67271;34224;7.8;4.0
04;2021-04-26;1163;920;68434;35144;8.0;4.1
04;2021-04-27;1678;1026;70112;36170;8.2;4.2
04;2021-04-28;2754;745;72866;36915;8.5;4.3
04;2021-04-29;3701;763;76567;37678;8.9;4.4
04;2021-04-30;3220;889;79787;38567;9.3;4.5
04;2021-05-01;2096;211;81883;38778;9.5;4.5
04;2021-05-02;1;0;81884;38778;9.5;4.5
04;2021-05-03;1861;570;83745;39348;9.7;4.6
04;2021-05-04;2099;1094;85844;40442;10.0;4.7
04;2021-05-05;2958;1608;88802;42050;10.3;4.9
04;2021-05-06;3706;1492;92508;43542;10.8;5.1
04;2021-05-07;3075;1456;95583;44998;11.1;5.2
04;2021-05-08;1486;501;97069;45499;11.3;5.3
04;2021-05-09;0;0;97069;45499;11.3;5.3
04;2021-05-10;2328;992;99397;46491;11.6;5.4
04;2021-05-11;3582;1636;102979;48127;12.0;5.6
04;2021-05-12;4483;2291;107462;50418;12.5;5.9
04;2021-05-13;3528;581;110990;50999;12.9;5.9
04;2021-05-14;5013;2370;116003;53369;13.5;6.2
04;2021-05-15;3054;1495;119057;54864;13.8;6.4
04;2021-05-16;14;18;119071;54882;13.8;6.4
04;2021-05-17;2975;1473;122046;56355;14.2;6.6
04;2021-05-18;3603;1749;125649;58104;14.6;6.8
04;2021-05-19;4494;2201;130143;60305;15.1;7.0
04;2021-05-20;4869;2653;135012;62958;15.7;7.3
04;2021-05-21;4708;2516;139720;65474;16.2;7.6
04;2021-05-22;3271;1232;142991;66706;16.6;7.8
04;2021-05-23;4;3;142995;66709;16.6;7.8
04;2021-05-24;3560;1069;146555;67778;17.0;7.9
04;2021-05-25;4093;1857;150648;69635;17.5;8.1
04;2021-05-26;4595;2787;155243;72422;18.1;8.4
04;2021-05-27;4357;3870;159600;76292;18.6;8.9
04;2021-05-28;4141;3615;163741;79907;19.0;9.3
04;2021-05-29;2455;2417;166196;82324;19.3;9.6
04;2021-05-30;6;14;166202;82338;19.3;9.6
04;2021-05-31;2313;2214;168515;84552;19.6;9.8
04;2021-06-01;3175;2655;171690;87207;20.0;10.1
04;2021-06-02;3666;3208;175356;90415;20.4;10.5
04;2021-06-03;3779;3370;179135;93785;20.8;10.9
04;2021-06-04;3441;3577;182576;97362;21.2;11.3
05;2020-12-27;0;0;0;0;0.0;0.0
05;2020-12-28;0;0;0;0;0.0;0.0
05;2020-12-29;0;0;0;0;0.0;0.0
05;2020-12-30;0;0;0;0;0.0;0.0
05;2020-12-31;0;0;0;0;0.0;0.0
05;2021-01-01;0;0;0;0;0.0;0.0
05;2021-01-02;0;0;0;0;0.0;0.0
05;2021-01-03;0;0;0;0;0.0;0.0
05;2021-01-04;0;0;0;0;0.0;0.0
05;2021-01-05;0;0;0;0;0.0;0.0
05;2021-01-06;0;0;0;0;0.0;0.0
05;2021-01-07;0;0;0;0;0.0;0.0
05;2021-01-08;0;0;0;0;0.0;0.0
05;2021-01-09;0;0;0;0;0.0;0.0
05;2021-01-10;0;0;0;0;0.0;0.0
05;2021-01-11;0;0;0;0;0.0;0.0
05;2021-01-12;0;0;0;0;0.0;0.0
05;2021-01-13;0;0;0;0;0.0;0.0
05;2021-01-14;0;0;0;0;0.0;0.0
05;2021-01-15;0;0;0;0;0.0;0.0
05;2021-01-16;0;0;0;0;0.0;0.0
05;2021-01-17;0;0;0;0;0.0;0.0
05;2021-01-18;0;0;0;0;0.0;0.0
05;2021-01-19;0;0;0;0;0.0;0.0
05;2021-01-20;0;0;0;0;0.0;0.0
05;2021-01-21;0;0;0;0;0.0;0.0
05;2021-01-22;0;0;0;0;0.0;0.0
05;2021-01-23;0;0;0;0;0.0;0.0
05;2021-01-24;0;0;0;0;0.0;0.0
05;2021-01-25;0;0;0;0;0.0;0.0
05;2021-01-26;0;0;0;0;0.0;0.0
05;2021-01-27;0;0;0;0;0.0;0.0
05;2021-01-28;0;0;0;0;0.0;0.0
05;2021-01-29;0;0;0;0;0.0;0.0
05;2021-01-30;0;0;0;0;0.0;0.0
05;2021-01-31;0;0;0;0;0.0;0.0
05;2021-02-01;0;0;0;0;0.0;0.0
05;2021-02-02;0;0;0;0;0.0;0.0
05;2021-02-03;0;0;0;0;0.0;0.0
05;2021-02-04;0;0;0;0;0.0;0.0
05;2021-02-05;0;0;0;0;0.0;0.0
05;2021-02-06;0;0;0;0;0.0;0.0
05;2021-02-07;0;0;0;0;0.0;0.0
05;2021-02-08;0;0;0;0;0.0;0.0
05;2021-02-09;0;0;0;0;0.0;0.0
05;2021-02-10;0;0;0;0;0.0;0.0
05;2021-02-11;0;0;0;0;0.0;0.0
05;2021-02-12;0;0;0;0;0.0;0.0
05;2021-02-13;0;0;0;0;0.0;0.0
05;2021-02-14;0;0;0;0;0.0;0.0
05;2021-02-15;0;0;0;0;0.0;0.0
05;2021-02-16;0;0;0;0;0.0;0.0
05;2021-02-17;0;0;0;0;0.0;0.0
05;2021-02-18;0;0;0;0;0.0;0.0
05;2021-02-19;0;0;0;0;0.0;0.0
05;2021-02-20;0;0;0;0;0.0;0.0
05;2021-02-21;0;0;0;0;0.0;0.0
05;2021-02-22;0;0;0;0;0.0;0.0
05;2021-02-23;0;0;0;0;0.0;0.0
05;2021-02-24;0;0;0;0;0.0;0.0
05;2021-02-25;0;0;0;0;0.0;0.0
05;2021-02-26;0;0;0;0;0.0;0.0
05;2021-02-27;0;0;0;0;0.0;0.0
05;2021-02-28;0;0;0;0;0.0;0.0
05;2021-03-01;0;0;0;0;0.0;0.0
05;2021-03-02;0;0;0;0;0.0;0.0
05;2021-03-03;0;0;0;0;0.0;0.0
05;2021-03-04;0;0;0;0;0.0;0.0
05;2021-03-05;0;0;0;0;0.0;0.0
05;2021-03-06;0;0;0;0;0.0;0.0
05;2021-03-07;0;0;0;0;0.0;0.0
05;2021-03-08;0;0;0;0;0.0;0.0
05;2021-03-09;0;0;0;0;0.0;0.0
05;2021-03-10;0;0;0;0;0.0;0.0
05;2021-03-11;0;0;0;0;0.0;0.0
05;2021-03-12;0;0;0;0;0.0;0.0
05;2021-03-13;0;0;0;0;0.0;0.0
05;2021-03-14;0;0;0;0;0.0;0.0
05;2021-03-15;0;0;0;0;0.0;0.0
05;2021-03-16;0;0;0;0;0.0;0.0
05;2021-03-17;0;0;0;0;0.0;0.0
05;2021-03-18;0;0;0;0;0.0;0.0
05;2021-03-19;0;0;0;0;0.0;0.0
05;2021-03-20;0;0;0;0;0.0;0.0
05;2021-03-21;0;0;0;0;0.0;0.0
05;2021-03-22;0;0;0;0;0.0;0.0
05;2021-03-23;0;0;0;0;0.0;0.0
05;2021-03-24;0;0;0;0;0.0;0.0
05;2021-03-25;0;0;0;0;0.0;0.0
05;2021-03-26;0;0;0;0;0.0;0.0
05;2021-03-27;0;0;0;0;0.0;0.0
05;2021-03-28;0;0;0;0;0.0;0.0
05;2021-03-29;0;0;0;0;0.0;0.0
05;2021-03-30;0;0;0;0;0.0;0.0
05;2021-03-31;0;0;0;0;0.0;0.0
05;2021-04-01;0;0;0;0;0.0;0.0
05;2021-04-02;0;0;0;0;0.0;0.0
05;2021-04-03;0;0;0;0;0.0;0.0
05;2021-04-04;0;0;0;0;0.0;0.0
05;2021-04-05;0;0;0;0;0.0;0.0
05;2021-04-06;0;0;0;0;0.0;0.0
05;2021-04-07;0;0;0;0;0.0;0.0
05;2021-04-08;1;0;1;0;0.0;0.0
05;2021-04-09;0;0;1;0;0.0;0.0
05;2021-04-10;0;0;1;0;0.0;0.0
05;2021-04-11;0;0;1;0;0.0;0.0
05;2021-04-12;0;0;1;0;0.0;0.0
05;2021-04-13;0;0;1;0;0.0;0.0
05;2021-04-14;0;0;1;0;0.0;0.0
05;2021-04-15;0;0;1;0;0.0;0.0
05;2021-04-16;0;0;1;0;0.0;0.0
05;2021-04-17;0;0;1;0;0.0;0.0
05;2021-04-18;0;0;1;0;0.0;0.0
05;2021-04-19;0;0;1;0;0.0;0.0
05;2021-04-20;0;0;1;0;0.0;0.0
05;2021-04-21;0;0;1;0;0.0;0.0
05;2021-04-22;0;0;1;0;0.0;0.0
05;2021-04-23;0;0;1;0;0.0;0.0
05;2021-04-24;0;0;1;0;0.0;0.0
05;2021-04-25;0;0;1;0;0.0;0.0
05;2021-04-26;0;0;1;0;0.0;0.0
05;2021-04-27;0;0;1;0;0.0;0.0
05;2021-04-28;0;0;1;0;0.0;0.0
05;2021-04-29;0;0;1;0;0.0;0.0
05;2021-04-30;0;0;1;0;0.0;0.0
05;2021-05-01;0;0;1;0;0.0;0.0
05;2021-05-02;0;0;1;0;0.0;0.0
05;2021-05-03;0;0;1;0;0.0;0.0
05;2021-05-04;0;0;1;0;0.0;0.0
05;2021-05-05;0;0;1;0;0.0;0.0
05;2021-05-06;0;0;1;0;0.0;0.0
05;2021-05-07;0;0;1;0;0.0;0.0
05;2021-05-08;0;0;1;0;0.0;0.0
05;2021-05-09;0;0;1;0;0.0;0.0
05;2021-05-10;0;0;1;0;0.0;0.0
05;2021-05-11;0;0;1;0;0.0;0.0
05;2021-05-12;0;0;1;0;0.0;0.0
05;2021-05-13;0;0;1;0;0.0;0.0
05;2021-05-14;0;0;1;0;0.0;0.0
05;2021-05-15;0;0;1;0;0.0;0.0
05;2021-05-16;0;0;1;0;0.0;0.0
05;2021-05-17;0;0;1;0;0.0;0.0
05;2021-05-18;0;0;1;0;0.0;0.0
05;2021-05-19;0;0;1;0;0.0;0.0
05;2021-05-20;0;0;1;0;0.0;0.0
05;2021-05-21;0;0;1;0;0.0;0.0
05;2021-05-22;0;0;1;0;0.0;0.0
05;2021-05-23;0;0;1;0;0.0;0.0
05;2021-05-24;0;0;1;0;0.0;0.0
05;2021-05-25;0;0;1;0;0.0;0.0
05;2021-05-26;0;0;1;0;0.0;0.0
05;2021-05-27;0;0;1;0;0.0;0.0
05;2021-05-28;0;0;1;0;0.0;0.0
05;2021-05-29;0;0;1;0;0.0;0.0
05;2021-05-30;0;0;1;0;0.0;0.0
05;2021-05-31;0;0;1;0;0.0;0.0
05;2021-06-01;0;0;1;0;0.0;0.0
05;2021-06-02;0;0;1;0;0.0;0.0
05;2021-06-03;0;0;1;0;0.0;0.0
05;2021-06-04;0;0;1;0;0.0;0.0
06;2020-12-27;0;0;0;0;0.0;0.0
06;2020-12-28;0;0;0;0;0.0;0.0
06;2020-12-29;0;0;0;0;0.0;0.0
06;2020-12-30;0;0;0;0;0.0;0.0
06;2020-12-31;0;0;0;0;0.0;0.0
06;2021-01-01;0;0;0;0;0.0;0.0
06;2021-01-02;0;0;0;0;0.0;0.0
06;2021-01-03;0;0;0;0;0.0;0.0
06;2021-01-04;0;0;0;0;0.0;0.0
06;2021-01-05;0;0;0;0;0.0;0.0
06;2021-01-06;0;0;0;0;0.0;0.0
06;2021-01-07;0;0;0;0;0.0;0.0
06;2021-01-08;0;0;0;0;0.0;0.0
06;2021-01-09;0;0;0;0;0.0;0.0
06;2021-01-10;0;0;0;0;0.0;0.0
06;2021-01-11;9;0;9;0;0.0;0.0
06;2021-01-12;0;0;9;0;0.0;0.0
06;2021-01-13;0;0;9;0;0.0;0.0
06;2021-01-14;0;0;9;0;0.0;0.0
06;2021-01-15;1;0;10;0;0.0;0.0
06;2021-01-16;1;0;11;0;0.0;0.0
06;2021-01-17;0;0;11;0;0.0;0.0
06;2021-01-18;0;0;11;0;0.0;0.0
06;2021-01-19;0;0;11;0;0.0;0.0
06;2021-01-20;0;0;11;0;0.0;0.0
06;2021-01-21;0;0;11;0;0.0;0.0
06;2021-01-22;0;0;11;0;0.0;0.0
06;2021-01-23;1;0;12;0;0.0;0.0
06;2021-01-24;0;0;12;0;0.0;0.0
06;2021-01-25;140;1;152;1;0.1;0.0
06;2021-01-26;165;2;317;3;0.1;0.0
06;2021-01-27;250;0;567;3;0.2;0.0
06;2021-01-28;102;5;669;8;0.2;0.0
06;2021-01-29;230;2;899;10;0.3;0.0
06;2021-01-30;285;4;1184;14;0.4;0.0
06;2021-01-31;1;0;1185;14;0.4;0.0
06;2021-02-01;103;0;1288;14;0.5;0.0
06;2021-02-02;328;3;1616;17;0.6;0.0
06;2021-02-03;214;1;1830;18;0.7;0.0
06;2021-02-04;213;5;2043;23;0.7;0.0
06;2021-02-05;211;1;2254;24;0.8;0.0
06;2021-02-06;83;10;2337;34;0.8;0.0
06;2021-02-07;0;0;2337;34;0.8;0.0
06;2021-02-08;81;3;2418;37;0.9;0.0
06;2021-02-09;160;0;2578;37;0.9;0.0
06;2021-02-10;152;1;2730;38;1.0;0.0
06;2021-02-11;224;1;2954;39;1.1;0.0
06;2021-02-12;269;4;3223;43;1.2;0.0
06;2021-02-13;56;0;3279;43;1.2;0.0
06;2021-02-14;1;0;3280;43;1.2;0.0
06;2021-02-15;272;1;3552;44;1.3;0.0
06;2021-02-16;252;5;3804;49;1.4;0.0
06;2021-02-17;166;1;3970;50;1.4;0.0
06;2021-02-18;213;11;4183;61;1.5;0.0
06;2021-02-19;235;21;4418;82;1.6;0.0
06;2021-02-20;138;6;4556;88;1.6;0.0
06;2021-02-21;0;0;4556;88;1.6;0.0
06;2021-02-22;131;119;4687;207;1.7;0.1
06;2021-02-23;186;151;4873;358;1.7;0.1
06;2021-02-24;175;142;5048;500;1.8;0.2
06;2021-02-25;202;225;5250;725;1.9;0.3
06;2021-02-26;238;257;5488;982;2.0;0.4
06;2021-02-27;0;0;5488;982;2.0;0.4
06;2021-02-28;0;0;5488;982;2.0;0.4
06;2021-03-01;137;258;5625;1240;2.0;0.4
06;2021-03-02;206;255;5831;1495;2.1;0.5
06;2021-03-03;163;125;5994;1620;2.1;0.6
06;2021-03-04;177;91;6171;1711;2.2;0.6
06;2021-03-05;105;67;6276;1778;2.2;0.6
06;2021-03-06;1;0;6277;1778;2.2;0.6
06;2021-03-07;0;0;6277;1778;2.2;0.6
06;2021-03-08;125;62;6402;1840;2.3;0.7
06;2021-03-09;328;38;6730;1878;2.4;0.7
06;2021-03-10;109;125;6839;2003;2.4;0.7
06;2021-03-11;107;73;6946;2076;2.5;0.7
06;2021-03-12;170;92;7116;2168;2.5;0.8
06;2021-03-13;1;0;7117;2168;2.5;0.8
06;2021-03-14;0;0;7117;2168;2.5;0.8
06;2021-03-15;142;274;7259;2442;2.6;0.9
06;2021-03-16;211;171;7470;2613;2.7;0.9
06;2021-03-17;234;90;7704;2703;2.8;1.0
06;2021-03-18;166;196;7870;2899;2.8;1.0
06;2021-03-19;147;245;8017;3144;2.9;1.1
06;2021-03-20;0;0;8017;3144;2.9;1.1
06;2021-03-21;0;0;8017;3144;2.9;1.1
06;2021-03-22;97;135;8114;3279;2.9;1.2
06;2021-03-23;136;240;8250;3519;3.0;1.3
06;2021-03-24;160;146;8410;3665;3.0;1.3
06;2021-03-25;182;205;8592;3870;3.1;1.4
06;2021-03-26;128;151;8720;4021;3.1;1.4
06;2021-03-27;18;0;8738;4021;3.1;1.4
06;2021-03-28;0;0;8738;4021;3.1;1.4
06;2021-03-29;0;2;8738;4023;3.1;1.4
06;2021-03-30;272;326;9010;4349;3.2;1.6
06;2021-03-31;224;125;9234;4474;3.3;1.6
06;2021-04-01;242;105;9476;4579;3.4;1.6
06;2021-04-02;215;185;9691;4764;3.5;1.7
06;2021-04-03;674;217;10365;4981;3.7;1.8
06;2021-04-04;1;0;10366;4981;3.7;1.8
06;2021-04-05;1;0;10367;4981;3.7;1.8
06;2021-04-06;130;216;10497;5197;3.8;1.9
06;2021-04-07;176;214;10673;5411;3.8;1.9
06;2021-04-08;240;131;10913;5542;3.9;2.0
06;2021-04-09;245;168;11158;5710;4.0;2.0
06;2021-04-10;107;58;11265;5768;4.0;2.1
06;2021-04-11;7;0;11272;5768;4.0;2.1
06;2021-04-12;0;19;11272;5787;4.0;2.1
06;2021-04-13;239;219;11511;6006;4.1;2.1
06;2021-04-14;135;143;11646;6149;4.2;2.2
06;2021-04-15;104;61;11750;6210;4.2;2.2
06;2021-04-16;101;69;11851;6279;4.2;2.2
06;2021-04-17;53;51;11904;6330;4.3;2.3
06;2021-04-18;0;0;11904;6330;4.3;2.3
06;2021-04-19;4;1;11908;6331;4.3;2.3
06;2021-04-20;301;148;12209;6479;4.4;2.3
06;2021-04-21;323;97;12532;6576;4.5;2.4
06;2021-04-22;384;131;12916;6707;4.6;2.4
06;2021-04-23;264;137;13180;6844;4.7;2.4
06;2021-04-24;283;50;13463;6894;4.8;2.5
06;2021-04-25;2;0;13465;6894;4.8;2.5
06;2021-04-26;54;8;13519;6902;4.8;2.5
06;2021-04-27;289;225;13808;7127;4.9;2.6
06;2021-04-28;329;473;14137;7600;5.1;2.7
06;2021-04-29;555;342;14692;7942;5.3;2.8
06;2021-04-30;400;238;15092;8180;5.4;2.9
06;2021-05-01;666;285;15758;8465;5.6;3.0
06;2021-05-02;0;0;15758;8465;5.6;3.0
06;2021-05-03;134;6;15892;8471;5.7;3.0
06;2021-05-04;332;427;16224;8898;5.8;3.2
06;2021-05-05;406;286;16630;9184;6.0;3.3
06;2021-05-06;318;199;16948;9383;6.1;3.4
06;2021-05-07;295;126;17243;9509;6.2;3.4
06;2021-05-08;242;110;17485;9619;6.3;3.4
06;2021-05-09;0;0;17485;9619;6.3;3.4
06;2021-05-10;7;9;17492;9628;6.3;3.4
06;2021-05-11;291;417;17783;10045;6.4;3.6
06;2021-05-12;194;228;17977;10273;6.4;3.7
06;2021-05-13;91;79;18068;10352;6.5;3.7
06;2021-05-14;0;0;18068;10352;6.5;3.7
06;2021-05-15;355;233;18423;10585;6.6;3.8
06;2021-05-16;0;0;18423;10585;6.6;3.8
06;2021-05-17;77;36;18500;10621;6.6;3.8
06;2021-05-18;234;163;18734;10784;6.7;3.9
06;2021-05-19;404;442;19138;11226;6.8;4.0
06;2021-05-20;673;306;19811;11532;7.1;4.1
06;2021-05-21;441;141;20252;11673;7.2;4.2
06;2021-05-22;737;170;20989;11843;7.5;4.2
06;2021-05-23;0;0;20989;11843;7.5;4.2
06;2021-05-24;1;0;20990;11843;7.5;4.2
06;2021-05-25;848;620;21838;12463;7.8;4.5
06;2021-05-26;1021;840;22859;13303;8.2;4.8
06;2021-05-27;1287;505;24146;13808;8.6;4.9
06;2021-05-28;935;369;25081;14177;9.0;5.1
06;2021-05-29;1110;388;26191;14565;9.4;5.2
06;2021-05-30;0;1;26191;14566;9.4;5.2
06;2021-05-31;98;6;26289;14572;9.4;5.2
06;2021-06-01;1123;646;27412;15218;9.8;5.4
06;2021-06-02;888;453;28300;15671;10.1;5.6
06;2021-06-03;760;325;29060;15996;10.4;5.7
06;2021-06-04;870;317;29930;16313;10.7;5.8
07;2020-12-27;0;0;0;0;0.0;0.0
07;2020-12-28;0;0;0;0;0.0;0.0
07;2020-12-29;0;0;0;0;0.0;0.0
07;2020-12-30;0;0;0;0;0.0;0.0
07;2020-12-31;0;0;0;0;0.0;0.0
07;2021-01-01;0;0;0;0;0.0;0.0
07;2021-01-02;0;0;0;0;0.0;0.0
07;2021-01-03;0;0;0;0;0.0;0.0
07;2021-01-04;0;0;0;0;0.0;0.0
07;2021-01-05;0;0;0;0;0.0;0.0
07;2021-01-06;0;0;0;0;0.0;0.0
07;2021-01-07;0;0;0;0;0.0;0.0
07;2021-01-08;0;0;0;0;0.0;0.0
07;2021-01-09;0;0;0;0;0.0;0.0
07;2021-01-10;0;0;0;0;0.0;0.0
07;2021-01-11;1;0;1;0;0.0;0.0
07;2021-01-12;1;0;2;0;0.0;0.0
07;2021-01-13;0;0;2;0;0.0;0.0
07;2021-01-14;0;0;2;0;0.0;0.0
07;2021-01-15;1;0;3;0;0.0;0.0
07;2021-01-16;0;0;3;0;0.0;0.0
07;2021-01-17;0;0;3;0;0.0;0.0
07;2021-01-18;1;0;4;0;0.0;0.0
07;2021-01-19;1;0;5;0;0.1;0.0
07;2021-01-20;0;0;5;0;0.1;0.0
07;2021-01-21;2;0;7;0;0.1;0.0
07;2021-01-22;0;0;7;0;0.1;0.0
07;2021-01-23;0;0;7;0;0.1;0.0
07;2021-01-24;0;0;7;0;0.1;0.0
07;2021-01-25;1;0;8;0;0.1;0.0
07;2021-01-26;0;0;8;0;0.1;0.0
07;2021-01-27;0;0;8;0;0.1;0.0
07;2021-01-28;2;0;10;0;0.1;0.0
07;2021-01-29;0;0;10;0;0.1;0.0
07;2021-01-30;0;0;10;0;0.1;0.0
07;2021-01-31;0;0;10;0;0.1;0.0
07;2021-02-01;0;0;10;0;0.1;0.0
07;2021-02-02;0;0;10;0;0.1;0.0
07;2021-02-03;7;0;17;0;0.2;0.0
07;2021-02-04;12;0;29;0;0.3;0.0
07;2021-02-05;11;1;40;1;0.4;0.0
07;2021-02-06;0;1;40;2;0.4;0.0
07;2021-02-07;0;0;40;2;0.4;0.0
07;2021-02-08;11;0;51;2;0.5;0.0
07;2021-02-09;26;0;77;2;0.8;0.0
07;2021-02-10;18;0;95;2;1.0;0.0
07;2021-02-11;31;0;126;2;1.3;0.0
07;2021-02-12;21;0;147;2;1.5;0.0
07;2021-02-13;0;0;147;2;1.5;0.0
07;2021-02-14;0;0;147;2;1.5;0.0
07;2021-02-15;0;0;147;2;1.5;0.0
07;2021-02-16;1;0;148;2;1.5;0.0
07;2021-02-17;0;1;148;3;1.5;0.0
07;2021-02-18;19;0;167;3;1.7;0.0
07;2021-02-19;23;1;190;4;1.9;0.0
07;2021-02-20;0;1;190;5;1.9;0.1
07;2021-02-21;0;0;190;5;1.9;0.1
07;2021-02-22;0;0;190;5;1.9;0.1
07;2021-02-23;0;0;190;5;1.9;0.1
07;2021-02-24;20;0;210;5;2.1;0.1
07;2021-02-25;15;10;225;15;2.3;0.2
07;2021-02-26;20;10;245;25;2.5;0.3
07;2021-02-27;0;0;245;25;2.5;0.3
07;2021-02-28;0;0;245;25;2.5;0.3
07;2021-03-01;0;0;245;25;2.5;0.3
07;2021-03-02;17;13;262;38;2.6;0.4
07;2021-03-03;0;0;262;38;2.6;0.4
07;2021-03-04;24;20;286;58;2.9;0.6
07;2021-03-05;19;9;305;67;3.1;0.7
07;2021-03-06;0;0;305;67;3.1;0.7
07;2021-03-07;0;0;305;67;3.1;0.7
07;2021-03-08;1;0;306;67;3.1;0.7
07;2021-03-09;1;0;307;67;3.1;0.7
07;2021-03-10;0;0;307;67;3.1;0.7
07;2021-03-11;16;16;323;83;3.2;0.8
07;2021-03-12;30;21;353;104;3.5;1.0
07;2021-03-13;0;0;353;104;3.5;1.0
07;2021-03-14;11;0;364;104;3.7;1.0
07;2021-03-15;1;0;365;104;3.7;1.0
07;2021-03-16;30;9;395;113;4.0;1.1
07;2021-03-17;0;3;395;116;4.0;1.2
07;2021-03-18;29;16;424;132;4.3;1.3
07;2021-03-19;26;18;450;150;4.5;1.5
07;2021-03-20;0;2;450;152;4.5;1.5
07;2021-03-21;8;0;458;152;4.6;1.5
07;2021-03-22;0;0;458;152;4.6;1.5
07;2021-03-23;0;0;458;152;4.6;1.5
07;2021-03-24;0;0;458;152;4.6;1.5
07;2021-03-25;81;24;539;176;5.4;1.8
07;2021-03-26;50;15;589;191;5.9;1.9
07;2021-03-27;0;0;589;191;5.9;1.9
07;2021-03-28;0;0;589;191;5.9;1.9
07;2021-03-29;0;0;589;191;5.9;1.9
07;2021-03-30;40;17;629;208;6.3;2.1
07;2021-03-31;7;0;636;208;6.4;2.1
07;2021-04-01;60;32;696;240;7.0;2.4
07;2021-04-02;7;0;703;240;7.1;2.4
07;2021-04-03;14;0;717;240;7.2;2.4
07;2021-04-04;0;0;717;240;7.2;2.4
07;2021-04-05;0;0;717;240;7.2;2.4
07;2021-04-06;1;0;718;240;7.2;2.4
07;2021-04-07;53;0;771;240;7.7;2.4
07;2021-04-08;102;30;873;270;8.8;2.7
07;2021-04-09;92;21;965;291;9.7;2.9
07;2021-04-10;7;0;972;291;9.8;2.9
07;2021-04-11;0;0;972;291;9.8;2.9
07;2021-04-12;0;0;972;291;9.8;2.9
07;2021-04-13;0;0;972;291;9.8;2.9
07;2021-04-14;61;3;1033;294;10.4;3.0
07;2021-04-15;213;62;1246;356;12.5;3.6
07;2021-04-16;152;27;1398;383;14.0;3.8
07;2021-04-17;15;1;1413;384;14.2;3.9
07;2021-04-18;0;0;1413;384;14.2;3.9
07;2021-04-19;4;0;1417;384;14.2;3.9
07;2021-04-20;317;45;1734;429;17.4;4.3
07;2021-04-21;422;29;2156;458;21.6;4.6
07;2021-04-22;468;49;2624;507;26.3;5.1
07;2021-04-23;335;41;2959;548;29.7;5.5
07;2021-04-24;252;1;3211;549;32.2;5.5
07;2021-04-25;0;0;3211;549;32.2;5.5
07;2021-04-26;296;20;3507;569;35.2;5.7
07;2021-04-27;204;52;3711;621;37.3;6.2
07;2021-04-28;330;29;4041;650;40.6;6.5
07;2021-04-29;413;70;4454;720;44.7;7.2
07;2021-04-30;375;31;4829;751;48.5;7.5
07;2021-05-01;207;19;5036;770;50.6;7.7
07;2021-05-02;0;0;5036;770;50.6;7.7
07;2021-05-03;134;9;5170;779;51.9;7.8
07;2021-05-04;172;35;5342;814;53.6;8.2
07;2021-05-05;358;55;5700;869;57.2;8.7
07;2021-05-06;465;128;6165;997;61.9;10.0
07;2021-05-07;320;101;6485;1098;65.1;11.0
07;2021-05-08;0;0;6485;1098;65.1;11.0
07;2021-05-09;0;2;6485;1100;65.1;11.0
07;2021-05-10;0;0;6485;1100;65.1;11.0
07;2021-05-11;33;41;6518;1141;65.4;11.5
07;2021-05-12;193;99;6711;1240;67.4;12.4
07;2021-05-13;0;0;6711;1240;67.4;12.4
07;2021-05-14;274;194;6985;1434;70.1;14.4
07;2021-05-15;66;38;7051;1472;70.8;14.8
07;2021-05-16;0;0;7051;1472;70.8;14.8
07;2021-05-17;15;17;7066;1489;70.9;14.9
07;2021-05-18;80;54;7146;1543;71.7;15.5
07;2021-05-19;133;123;7279;1666;73.1;16.7
07;2021-05-20;212;148;7491;1814;75.2;18.2
07;2021-05-21;268;159;7759;1973;77.9;19.8
07;2021-05-22;45;19;7804;1992;78.3;20.0
07;2021-05-23;0;1;7804;1993;78.3;20.0
07;2021-05-24;5;5;7809;1998;78.4;20.1
07;2021-05-25;142;388;7951;2386;79.8;24.0
07;2021-05-26;234;520;8185;2906;82.2;29.2
07;2021-05-27;238;516;8423;3422;84.6;34.4
07;2021-05-28;239;465;8662;3887;87.0;39.0
07;2021-05-29;108;417;8770;4304;88.0;43.2
07;2021-05-30;0;1;8770;4305;88.0;43.2
07;2021-05-31;70;252;8840;4557;88.7;45.7
07;2021-06-01;126;289;8966;4846;90.0;48.6
07;2021-06-02;264;396;9230;5242;92.7;52.6
07;2021-06-03;238;531;9468;5773;95.1;58.0
07;2021-06-04;297;479;9765;6252;98.0;62.8
08;2020-12-27;0;0;0;0;0.0;0.0
08;2020-12-28;0;0;0;0;0.0;0.0
08;2020-12-29;0;0;0;0;0.0;0.0
08;2020-12-30;0;0;0;0;0.0;0.0
08;2020-12-31;0;0;0;0;0.0;0.0
08;2021-01-01;0;0;0;0;0.0;0.0
08;2021-01-02;0;0;0;0;0.0;0.0
08;2021-01-03;0;0;0;0;0.0;0.0
08;2021-01-04;0;0;0;0;0.0;0.0
08;2021-01-05;0;0;0;0;0.0;0.0
08;2021-01-06;0;0;0;0;0.0;0.0
08;2021-01-07;0;0;0;0;0.0;0.0
08;2021-01-08;0;0;0;0;0.0;0.0
08;2021-01-09;0;0;0;0;0.0;0.0
08;2021-01-10;0;0;0;0;0.0;0.0
08;2021-01-11;0;0;0;0;0.0;0.0
08;2021-01-12;0;0;0;0;0.0;0.0
08;2021-01-13;0;0;0;0;0.0;0.0
08;2021-01-14;0;0;0;0;0.0;0.0
08;2021-01-15;0;0;0;0;0.0;0.0
08;2021-01-16;0;0;0;0;0.0;0.0
08;2021-01-17;0;0;0;0;0.0;0.0
08;2021-01-18;0;0;0;0;0.0;0.0
08;2021-01-19;0;0;0;0;0.0;0.0
08;2021-01-20;0;0;0;0;0.0;0.0
08;2021-01-21;0;0;0;0;0.0;0.0
08;2021-01-22;0;0;0;0;0.0;0.0
08;2021-01-23;0;0;0;0;0.0;0.0
08;2021-01-24;0;0;0;0;0.0;0.0
08;2021-01-25;0;0;0;0;0.0;0.0
08;2021-01-26;0;0;0;0;0.0;0.0
08;2021-01-27;0;0;0;0;0.0;0.0
08;2021-01-28;0;0;0;0;0.0;0.0
08;2021-01-29;0;0;0;0;0.0;0.0
08;2021-01-30;0;0;0;0;0.0;0.0
08;2021-01-31;0;0;0;0;0.0;0.0
08;2021-02-01;0;0;0;0;0.0;0.0
08;2021-02-02;4;0;4;0;0.0;0.0
08;2021-02-03;0;0;4;0;0.0;0.0
08;2021-02-04;27;0;31;0;0.1;0.0
08;2021-02-05;0;0;31;0;0.1;0.0
08;2021-02-06;0;0;31;0;0.1;0.0
08;2021-02-07;0;0;31;0;0.1;0.0
08;2021-02-08;0;0;31;0;0.1;0.0
08;2021-02-09;4;0;35;0;0.1;0.0
08;2021-02-10;3;0;38;0;0.1;0.0
08;2021-02-11;0;0;38;0;0.1;0.0
08;2021-02-12;1;0;39;0;0.1;0.0
08;2021-02-13;0;0;39;0;0.1;0.0
08;2021-02-14;0;0;39;0;0.1;0.0
08;2021-02-15;6;0;45;0;0.1;0.0
08;2021-02-16;0;0;45;0;0.1;0.0
08;2021-02-17;0;0;45;0;0.1;0.0
08;2021-02-18;0;0;45;0;0.1;0.0
08;2021-02-19;4;0;49;0;0.1;0.0
08;2021-02-20;0;0;49;0;0.1;0.0
08;2021-02-21;0;0;49;0;0.1;0.0
08;2021-02-22;4;0;53;0;0.1;0.0
08;2021-02-23;5;0;58;0;0.2;0.0
08;2021-02-24;32;0;90;0;0.3;0.0
08;2021-02-25;51;0;141;0;0.4;0.0
08;2021-02-26;36;3;177;3;0.5;0.0
08;2021-02-27;0;0;177;3;0.5;0.0
08;2021-02-28;0;0;177;3;0.5;0.0
08;2021-03-01;48;5;225;8;0.6;0.0
08;2021-03-02;6;27;231;35;0.7;0.1
08;2021-03-03;38;27;269;62;0.8;0.2
08;2021-03-04;30;26;299;88;0.8;0.2
08;2021-03-05;46;10;345;98;1.0;0.3
08;2021-03-06;0;0;345;98;1.0;0.3
08;2021-03-07;0;0;345;98;1.0;0.3
08;2021-03-08;29;7;374;105;1.1;0.3
08;2021-03-09;19;27;393;132;1.1;0.4
08;2021-03-10;21;28;414;160;1.2;0.5
08;2021-03-11;0;0;414;160;1.2;0.5
08;2021-03-12;50;21;464;181;1.3;0.5
08;2021-03-13;0;0;464;181;1.3;0.5
08;2021-03-14;0;0;464;181;1.3;0.5
08;2021-03-15;31;43;495;224;1.4;0.6
08;2021-03-16;73;6;568;230;1.6;0.7
08;2021-03-17;67;13;635;243;1.8;0.7
08;2021-03-18;57;23;692;266;2.0;0.8
08;2021-03-19;30;51;722;317;2.0;0.9
08;2021-03-20;0;0;722;317;2.0;0.9
08;2021-03-21;0;0;722;317;2.0;0.9
08;2021-03-22;33;45;755;362;2.1;1.0
08;2021-03-23;32;45;787;407;2.2;1.2
08;2021-03-24;38;42;825;449;2.3;1.3
08;2021-03-25;44;33;869;482;2.5;1.4
08;2021-03-26;44;33;913;515;2.6;1.5
08;2021-03-27;0;0;913;515;2.6;1.5
08;2021-03-28;0;0;913;515;2.6;1.5
08;2021-03-29;61;49;974;564;2.8;1.6
08;2021-03-30;93;24;1067;588;3.0;1.7
08;2021-03-31;73;46;1140;634;3.2;1.8
08;2021-04-01;55;48;1195;682;3.4;1.9
08;2021-04-02;0;0;1195;682;3.4;1.9
08;2021-04-03;0;0;1195;682;3.4;1.9
08;2021-04-04;0;0;1195;682;3.4;1.9
08;2021-04-05;0;0;1195;682;3.4;1.9
08;2021-04-06;49;63;1244;745;3.5;2.1
08;2021-04-07;91;32;1335;777;3.8;2.2
08;2021-04-08;120;8;1455;785;4.1;2.2
08;2021-04-09;89;39;1544;824;4.4;2.3
08;2021-04-10;94;3;1638;827;4.6;2.3
08;2021-04-11;0;0;1638;827;4.6;2.3
08;2021-04-12;41;76;1679;903;4.8;2.6
08;2021-04-13;46;71;1725;974;4.9;2.8
08;2021-04-14;73;45;1798;1019;5.1;2.9
08;2021-04-15;89;25;1887;1044;5.3;3.0
08;2021-04-16;75;42;1962;1086;5.6;3.1
08;2021-04-17;1;0;1963;1086;5.6;3.1
08;2021-04-18;0;0;1963;1086;5.6;3.1
08;2021-04-19;48;67;2011;1153;5.7;3.3
08;2021-04-20;80;27;2091;1180;5.9;3.3
08;2021-04-21;90;30;2181;1210;6.2;3.4
08;2021-04-22;100;20;2281;1230;6.5;3.5
08;2021-04-23;44;66;2325;1296;6.6;3.7
08;2021-04-24;1;0;2326;1296;6.6;3.7
08;2021-04-25;0;0;2326;1296;6.6;3.7
08;2021-04-26;28;93;2354;1389;6.7;3.9
08;2021-04-27;58;63;2412;1452;6.8;4.1
08;2021-04-28;87;38;2499;1490;7.1;4.2
08;2021-04-29;90;33;2589;1523;7.3;4.3
08;2021-04-30;103;15;2692;1538;7.6;4.4
08;2021-05-01;0;0;2692;1538;7.6;4.4
08;2021-05-02;0;0;2692;1538;7.6;4.4
08;2021-05-03;21;98;2713;1636;7.7;4.6
08;2021-05-04;32;92;2745;1728;7.8;4.9
08;2021-05-05;67;52;2812;1780;8.0;5.0
08;2021-05-06;104;42;2916;1822;8.3;5.2
08;2021-05-07;126;71;3042;1893;8.6;5.4
08;2021-05-08;66;122;3108;2015;8.8;5.7
08;2021-05-09;0;0;3108;2015;8.8;5.7
08;2021-05-10;123;101;3231;2116;9.1;6.0
08;2021-05-11;128;77;3359;2193;9.5;6.2
08;2021-05-12;153;75;3512;2268;9.9;6.4
08;2021-05-13;74;8;3586;2276;10.1;6.4
08;2021-05-14;128;61;3714;2337;10.5;6.6
08;2021-05-15;85;4;3799;2341;10.8;6.6
08;2021-05-16;0;0;3799;2341;10.8;6.6
08;2021-05-17;144;111;3943;2452;11.2;6.9
08;2021-05-18;148;95;4091;2547;11.6;7.2
08;2021-05-19;83;70;4174;2617;11.8;7.4
08;2021-05-20;103;26;4277;2643;12.1;7.5
08;2021-05-21;93;50;4370;2693;12.4;7.6
08;2021-05-22;98;10;4468;2703;12.6;7.6
08;2021-05-23;0;0;4468;2703;12.6;7.6
08;2021-05-24;33;7;4501;2710;12.7;7.7
08;2021-05-25;119;77;4620;2787;13.1;7.9
08;2021-05-26;106;50;4726;2837;13.4;8.0
08;2021-05-27;109;42;4835;2879;13.7;8.1
08;2021-05-28;33;1;4868;2880;13.8;8.2
08;2021-05-29;59;215;4927;3095;13.9;8.8
08;2021-05-30;0;0;4927;3095;13.9;8.8
08;2021-05-31;108;65;5035;3160;14.2;8.9
08;2021-06-01;112;63;5147;3223;14.6;9.1
08;2021-06-02;130;32;5277;3255;14.9;9.2
08;2021-06-03;100;35;5377;3290;15.2;9.3
08;2021-06-04;125;69;5502;3359;15.6;9.5
11;2020-12-27;13;2;13;2;0.0;0.0
11;2020-12-28;11;0;24;2;0.0;0.0
11;2020-12-29;56;0;80;2;0.0;0.0
11;2020-12-30;90;0;170;2;0.0;0.0
11;2020-12-31;39;0;209;2;0.0;0.0
11;2021-01-01;27;1;236;3;0.0;0.0
11;2021-01-02;64;1;300;4;0.0;0.0
11;2021-01-03;78;0;378;4;0.0;0.0
11;2021-01-04;550;5;928;9;0.0;0.0
11;2021-01-05;2055;16;2983;25;0.0;0.0
11;2021-01-06;2996;19;5979;44;0.0;0.0
11;2021-01-07;5359;37;11338;81;0.1;0.0
11;2021-01-08;7078;46;18416;127;0.1;0.0
11;2021-01-09;1872;4;20288;131;0.2;0.0
11;2021-01-10;1737;7;22025;138;0.2;0.0
11;2021-01-11;7935;57;29960;195;0.2;0.0
11;2021-01-12;10265;87;40225;282;0.3;0.0
11;2021-01-13;9934;83;50159;365;0.4;0.0
11;2021-01-14;10025;123;60184;488;0.5;0.0
11;2021-01-15;8852;78;69036;566;0.6;0.0
11;2021-01-16;2379;28;71415;594;0.6;0.0
11;2021-01-17;1080;16;72495;610;0.6;0.0
11;2021-01-18;12166;116;84661;726;0.7;0.0
11;2021-01-19;15751;107;100412;833;0.8;0.0
11;2021-01-20;18293;107;118705;940;1.0;0.0
11;2021-01-21;22154;115;140859;1055;1.1;0.0
11;2021-01-22;16977;150;157836;1205;1.3;0.0
11;2021-01-23;4940;17;162776;1222;1.3;0.0
11;2021-01-24;1271;5;164047;1227;1.3;0.0
11;2021-01-25;8832;182;172879;1409;1.4;0.0
11;2021-01-26;12308;365;185187;1774;1.5;0.0
11;2021-01-27;16221;684;201408;2458;1.6;0.0
11;2021-01-28;20256;1181;221664;3639;1.8;0.0
11;2021-01-29;15357;1362;237021;5001;1.9;0.0
11;2021-01-30;4451;98;241472;5099;2.0;0.0
11;2021-01-31;582;22;242054;5121;2.0;0.0
11;2021-02-01;7354;1953;249408;7074;2.0;0.1
11;2021-02-02;8342;2813;257750;9887;2.1;0.1
11;2021-02-03;8113;3805;265863;13692;2.2;0.1
11;2021-02-04;8768;4584;274631;18276;2.2;0.1
11;2021-02-05;8940;4417;283571;22693;2.3;0.2
11;2021-02-06;3258;748;286829;23441;2.3;0.2
11;2021-02-07;588;540;287417;23981;2.3;0.2
11;2021-02-08;6218;5911;293635;29892;2.4;0.2
11;2021-02-09;8412;9659;302047;39551;2.5;0.3
11;2021-02-10;10011;11150;312058;50701;2.5;0.4
11;2021-02-11;12334;16470;324392;67171;2.6;0.5
11;2021-02-12;11814;10541;336206;77712;2.7;0.6
11;2021-02-13;2688;2578;338894;80290;2.8;0.7
11;2021-02-14;308;558;339202;80848;2.8;0.7
11;2021-02-15;4426;11997;343628;92845;2.8;0.8
11;2021-02-16;5639;18452;349267;111297;2.8;0.9
11;2021-02-17;5725;15580;354992;126877;2.9;1.0
11;2021-02-18;8594;20728;363586;147605;3.0;1.2
11;2021-02-19;9007;15378;372593;162983;3.0;1.3
11;2021-02-20;1686;4840;374279;167823;3.0;1.4
11;2021-02-21;396;832;374675;168655;3.1;1.4
11;2021-02-22;4212;9902;378887;178557;3.1;1.5
11;2021-02-23;4929;10499;383816;189056;3.1;1.5
11;2021-02-24;5382;9855;389198;198911;3.2;1.6
11;2021-02-25;8536;14075;397734;212986;3.2;1.7
11;2021-02-26;11134;10117;408868;223103;3.3;1.8
11;2021-02-27;5096;3339;413964;226442;3.4;1.8
11;2021-02-28;734;655;414698;227097;3.4;1.8
11;2021-03-01;8806;7935;423504;235032;3.4;1.9
11;2021-03-02;14304;9573;437808;244605;3.6;2.0
11;2021-03-03;18484;9986;456292;254591;3.7;2.1
11;2021-03-04;27979;10950;484271;265541;3.9;2.2
11;2021-03-05;36124;10838;520395;276379;4.2;2.3
11;2021-03-06;46278;3338;566673;279717;4.6;2.3
11;2021-03-07;34215;2602;600888;282319;4.9;2.3
11;2021-03-08;17591;7265;618479;289584;5.0;2.4
11;2021-03-09;26686;7557;645165;297141;5.3;2.4
11;2021-03-10;27420;8174;672585;305315;5.5;2.5
11;2021-03-11;36757;9589;709342;314904;5.8;2.6
11;2021-03-12;44555;9116;753897;324020;6.1;2.6
11;2021-03-13;39737;2449;793634;326469;6.5;2.7
11;2021-03-14;14234;726;807868;327195;6.6;2.7
11;2021-03-15;29067;3886;836935;331081;6.8;2.7
11;2021-03-16;23672;3775;860607;334856;7.0;2.7
11;2021-03-17;24276;3582;884883;338438;7.2;2.8
11;2021-03-18;28836;4007;913719;342445;7.4;2.8
11;2021-03-19;39399;4129;953118;346574;7.8;2.8
11;2021-03-20;25751;1482;978869;348056;8.0;2.8
11;2021-03-21;5597;1288;984466;349344;8.0;2.8
11;2021-03-22;31946;4130;1016412;353474;8.3;2.9
11;2021-03-23;43033;5273;1059445;358747;8.6;2.9
11;2021-03-24;42370;4871;1101815;363618;9.0;3.0
11;2021-03-25;57579;4994;1159394;368612;9.4;3.0
11;2021-03-26;57335;5739;1216729;374351;9.9;3.0
11;2021-03-27;34367;1960;1251096;376311;10.2;3.1
11;2021-03-28;10127;432;1261223;376743;10.3;3.1
11;2021-03-29;32860;8037;1294083;384780;10.5;3.1
11;2021-03-30;44607;11336;1338690;396116;10.9;3.2
11;2021-03-31;39593;13746;1378283;409862;11.2;3.3
11;2021-04-01;45002;21571;1423285;431433;11.6;3.5
11;2021-04-02;39037;23865;1462322;455298;11.9;3.7
11;2021-04-03;18292;21091;1480614;476389;12.1;3.9
11;2021-04-04;6074;7306;1486688;483695;12.1;3.9
11;2021-04-05;5930;2135;1492618;485830;12.2;4.0
11;2021-04-06;29775;18290;1522393;504120;12.4;4.1
11;2021-04-07;37293;19862;1559686;523982;12.7;4.3
11;2021-04-08;46406;20954;1606092;544936;13.1;4.4
11;2021-04-09;53467;21335;1659559;566271;13.5;4.6
11;2021-04-10;28832;19604;1688391;585875;13.8;4.8
11;2021-04-11;6534;7183;1694925;593058;13.8;4.8
11;2021-04-12;30141;19156;1725066;612214;14.0;5.0
11;2021-04-13;37054;27466;1762120;639680;14.4;5.2
11;2021-04-14;34721;24252;1796841;663932;14.6;5.4
11;2021-04-15;38900;28324;1835741;692256;15.0;5.6
11;2021-04-16;40779;27691;1876520;719947;15.3;5.9
11;2021-04-17;22679;14904;1899199;734851;15.5;6.0
11;2021-04-18;5255;3707;1904454;738558;15.5;6.0
11;2021-04-19;24965;23136;1929419;761694;15.7;6.2
11;2021-04-20;30419;27815;1959838;789509;16.0;6.4
11;2021-04-21;32019;28142;1991857;817651;16.2;6.7
11;2021-04-22;34314;34651;2026171;852302;16.5;6.9
11;2021-04-23;37712;32192;2063883;884494;16.8;7.2
11;2021-04-24;37767;23075;2101650;907569;17.1;7.4
11;2021-04-25;20418;7937;2122068;915506;17.3;7.5
11;2021-04-26;33461;25123;2155529;940629;17.6;7.7
11;2021-04-27;45389;29919;2200918;970548;17.9;7.9
11;2021-04-28;47983;29628;2248901;1000176;18.3;8.1
11;2021-04-29;57342;32113;2306243;1032289;18.8;8.4
11;2021-04-30;60865;30853;2367108;1063142;19.3;8.7
11;2021-05-01;23923;5944;2391031;1069086;19.5;8.7
11;2021-05-02;14547;4923;2405578;1074009;19.6;8.7
11;2021-05-03;53758;35068;2459336;1109077;20.0;9.0
11;2021-05-04;59023;33704;2518359;1142781;20.5;9.3
11;2021-05-05;59118;33972;2577477;1176753;21.0;9.6
11;2021-05-06;66542;37900;2644019;1214653;21.5;9.9
11;2021-05-07;64841;39815;2708860;1254468;22.1;10.2
11;2021-05-08;48977;16712;2757837;1271180;22.5;10.4
11;2021-05-09;32892;10089;2790729;1281269;22.7;10.4
11;2021-05-10;69438;30322;2860167;1311591;23.3;10.7
11;2021-05-11;80708;37912;2940875;1349503;24.0;11.0
11;2021-05-12;82064;32199;3022939;1381702;24.6;11.3
11;2021-05-13;67239;9882;3090178;1391584;25.2;11.3
11;2021-05-14;83640;21933;3173818;1413517;25.8;11.5
11;2021-05-15;66085;15259;3239903;1428776;26.4;11.6
11;2021-05-16;36225;5073;3276128;1433849;26.7;11.7
11;2021-05-17;81810;16733;3357938;1450582;27.3;11.8
11;2021-05-18;97524;19615;3455462;1470197;28.1;12.0
11;2021-05-19;96541;27565;3552003;1497762;28.9;12.2
11;2021-05-20;105498;28603;3657501;1526365;29.8;12.4
11;2021-05-21;99516;25783;3757017;1552148;30.6;12.6
11;2021-05-22;78607;14698;3835624;1566846;31.2;12.8
11;2021-05-23;41031;5928;3876655;1572774;31.6;12.8
11;2021-05-24;58964;8714;3935619;1581488;32.1;12.9
11;2021-05-25;84362;32035;4019981;1613523;32.7;13.1
11;2021-05-26;81604;32277;4101585;1645800;33.4;13.4
11;2021-05-27;90174;40383;4191759;1686183;34.1;13.7
11;2021-05-28;84755;45364;4276514;1731547;34.8;14.1
11;2021-05-29;67318;27407;4343832;1758954;35.4;14.3
11;2021-05-30;35430;8435;4379262;1767389;35.7;14.4
11;2021-05-31;76854;39737;4456116;1807126;36.3;14.7
11;2021-06-01;85700;50649;4541816;1857775;37.0;15.1
11;2021-06-02;80965;45023;4622781;1902798;37.7;15.5
11;2021-06-03;87171;53324;4709952;1956122;38.4;15.9
11;2021-06-04;83052;58265;4793004;2014387;39.0;16.4
24;2020-12-27;0;0;0;0;0.0;0.0
24;2020-12-28;17;0;17;0;0.0;0.0
24;2020-12-29;10;0;27;0;0.0;0.0
24;2020-12-30;1;0;28;0;0.0;0.0
24;2020-12-31;0;0;28;0;0.0;0.0
24;2021-01-01;1;0;29;0;0.0;0.0
24;2021-01-02;0;0;29;0;0.0;0.0
24;2021-01-03;0;0;29;0;0.0;0.0
24;2021-01-04;24;0;53;0;0.0;0.0
24;2021-01-05;163;0;216;0;0.0;0.0
24;2021-01-06;328;0;544;0;0.0;0.0
24;2021-01-07;492;0;1036;0;0.0;0.0
24;2021-01-08;951;1;1987;1;0.1;0.0
24;2021-01-09;503;0;2490;1;0.1;0.0
24;2021-01-10;395;0;2885;1;0.1;0.0
24;2021-01-11;1280;0;4165;1;0.2;0.0
24;2021-01-12;2575;8;6740;9;0.3;0.0
24;2021-01-13;2187;6;8927;15;0.3;0.0
24;2021-01-14;2498;51;11425;66;0.4;0.0
24;2021-01-15;2114;7;13539;73;0.5;0.0
24;2021-01-16;857;4;14396;77;0.6;0.0
24;2021-01-17;322;3;14718;80;0.6;0.0
24;2021-01-18;3214;16;17932;96;0.7;0.0
24;2021-01-19;6320;15;24252;111;0.9;0.0
24;2021-01-20;7163;8;31415;119;1.2;0.0
24;2021-01-21;7412;3;38827;122;1.5;0.0
24;2021-01-22;5117;1;43944;123;1.7;0.0
24;2021-01-23;1272;1;45216;124;1.8;0.0
24;2021-01-24;225;1;45441;125;1.8;0.0
24;2021-01-25;3111;24;48552;149;1.9;0.0
24;2021-01-26;4843;87;53395;236;2.1;0.0
24;2021-01-27;5044;179;58439;415;2.3;0.0
24;2021-01-28;5634;504;64073;919;2.5;0.0
24;2021-01-29;3420;729;67493;1648;2.6;0.1
24;2021-01-30;1207;398;68700;2046;2.7;0.1
24;2021-01-31;251;368;68951;2414;2.7;0.1
24;2021-02-01;2170;927;71121;3341;2.8;0.1
24;2021-02-02;3029;1890;74150;5231;2.9;0.2
24;2021-02-03;3110;1767;77260;6998;3.0;0.3
24;2021-02-04;3234;1615;80494;8613;3.1;0.3
24;2021-02-05;2394;1369;82888;9982;3.2;0.4
24;2021-02-06;706;262;83594;10244;3.3;0.4
24;2021-02-07;134;31;83728;10275;3.3;0.4
24;2021-02-08;1967;1569;85695;11844;3.3;0.5
24;2021-02-09;3411;3305;89106;15149;3.5;0.6
24;2021-02-10;4087;3752;93193;18901;3.6;0.7
24;2021-02-11;4651;4771;97844;23672;3.8;0.9
24;2021-02-12;3480;3268;101324;26940;4.0;1.1
24;2021-02-13;839;769;102163;27709;4.0;1.1
24;2021-02-14;426;255;102589;27964;4.0;1.1
24;2021-02-15;1961;2857;104550;30821;4.1;1.2
24;2021-02-16;2848;4491;107398;35312;4.2;1.4
24;2021-02-17;2692;5096;110090;40408;4.3;1.6
24;2021-02-18;3518;5156;113608;45564;4.4;1.8
24;2021-02-19;3195;3551;116803;49115;4.6;1.9
24;2021-02-20;1287;984;118090;50099;4.6;2.0
24;2021-02-21;433;239;118523;50338;4.6;2.0
24;2021-02-22;1649;3060;120172;53398;4.7;2.1
24;2021-02-23;2338;3138;122510;56536;4.8;2.2
24;2021-02-24;2093;3465;124603;60001;4.9;2.3
24;2021-02-25;3621;3160;128224;63161;5.0;2.5
24;2021-02-26;4464;2614;132688;65775;5.2;2.6
24;2021-02-27;1877;992;134565;66767;5.3;2.6
24;2021-02-28;97;219;134662;66986;5.3;2.6
24;2021-03-01;2161;2020;136823;69006;5.3;2.7
24;2021-03-02;3429;2886;140252;71892;5.5;2.8
24;2021-03-03;3546;3406;143798;75298;5.6;2.9
24;2021-03-04;5332;3682;149130;78980;5.8;3.1
24;2021-03-05;7035;3137;156165;82117;6.1;3.2
24;2021-03-06;7368;731;163533;82848;6.4;3.2
24;2021-03-07;2425;276;165958;83124;6.5;3.2
24;2021-03-08;2688;2615;168646;85739;6.6;3.4
24;2021-03-09;5777;2838;174423;88577;6.8;3.5
24;2021-03-10;6400;3509;180823;92086;7.1;3.6
24;2021-03-11;7796;3486;188619;95572;7.4;3.7
24;2021-03-12;10762;2655;199381;98227;7.8;3.8
24;2021-03-13;7093;708;206474;98935;8.1;3.9
24;2021-03-14;1548;270;208022;99205;8.1;3.9
24;2021-03-15;4553;1969;212575;101174;8.3;4.0
24;2021-03-16;4594;2364;217169;103538;8.5;4.0
24;2021-03-17;4461;1975;221630;105513;8.7;4.1
24;2021-03-18;5063;2080;226693;107593;8.9;4.2
24;2021-03-19;7760;1662;234453;109255;9.2;4.3
24;2021-03-20;4413;875;238866;110130;9.3;4.3
24;2021-03-21;557;346;239423;110476;9.4;4.3
24;2021-03-22;4853;1677;244276;112153;9.5;4.4
24;2021-03-23;8027;2286;252303;114439;9.9;4.5
24;2021-03-24;8782;1993;261085;116432;10.2;4.5
24;2021-03-25;12117;1946;273202;118378;10.7;4.6
24;2021-03-26;13239;1959;286441;120337;11.2;4.7
24;2021-03-27;5762;665;292203;121002;11.4;4.7
24;2021-03-28;519;97;292722;121099;11.4;4.7
24;2021-03-29;6754;1856;299476;122955;11.7;4.8
24;2021-03-30;10161;2771;309637;125726;12.1;4.9
24;2021-03-31;9883;2319;319520;128045;12.5;5.0
24;2021-04-01;12010;3365;331530;131410;13.0;5.1
24;2021-04-02;10596;3312;342126;134722;13.4;5.3
24;2021-04-03;3391;1705;345517;136427;13.5;5.3
24;2021-04-04;393;340;345910;136767;13.5;5.3
24;2021-04-05;393;49;346303;136816;13.5;5.3
24;2021-04-06;8308;3389;354611;140205;13.9;5.5
24;2021-04-07;11056;4526;365667;144731;14.3;5.7
24;2021-04-08;14153;4709;379820;149440;14.8;5.8
24;2021-04-09;17722;3659;397542;153099;15.5;6.0
24;2021-04-10;9366;2056;406908;155155;15.9;6.1
24;2021-04-11;2908;1244;409816;156399;16.0;6.1
24;2021-04-12;10835;3424;420651;159823;16.4;6.2
24;2021-04-13;14988;4799;435639;164622;17.0;6.4
24;2021-04-14;13445;4896;449084;169518;17.5;6.6
24;2021-04-15;15331;5094;464415;174612;18.1;6.8
24;2021-04-16;15654;4299;480069;178911;18.8;7.0
24;2021-04-17;8182;1301;488251;180212;19.1;7.0
24;2021-04-18;1099;283;489350;180495;19.1;7.1
24;2021-04-19;9429;4114;498779;184609;19.5;7.2
24;2021-04-20;12717;5945;511496;190554;20.0;7.4
24;2021-04-21;12308;5970;523804;196524;20.5;7.7
24;2021-04-22;13846;7504;537650;204028;21.0;8.0
24;2021-04-23;13688;7014;551338;211042;21.5;8.2
24;2021-04-24;10228;3228;561566;214270;21.9;8.4
24;2021-04-25;3000;420;564566;214690;22.1;8.4
24;2021-04-26;10172;5406;574738;220096;22.5;8.6
24;2021-04-27;13857;7722;588595;227818;23.0;8.9
24;2021-04-28;12998;8410;601593;236228;23.5;9.2
24;2021-04-29;16554;8552;618147;244780;24.2;9.6
24;2021-04-30;17449;7163;635596;251943;24.8;9.8
24;2021-05-01;2905;667;638501;252610;25.0;9.9
24;2021-05-02;2136;314;640637;252924;25.0;9.9
24;2021-05-03;11246;6086;651883;259010;25.5;10.1
24;2021-05-04;12744;10270;664627;269280;26.0;10.5
24;2021-05-05;13807;9552;678434;278832;26.5;10.9
24;2021-05-06;17409;9641;695843;288473;27.2;11.3
24;2021-05-07;14498;11947;710341;300420;27.8;11.7
24;2021-05-08;3524;2361;713865;302781;27.9;11.8
24;2021-05-09;2319;3725;716184;306506;28.0;12.0
24;2021-05-10;11384;12164;727568;318670;28.4;12.5
24;2021-05-11;16313;14172;743881;332842;29.1;13.0
24;2021-05-12;18128;13086;762009;345928;29.8;13.5
24;2021-05-13;6911;3146;768920;349074;30.0;13.6
24;2021-05-14;14473;9136;783393;358210;30.6;14.0
24;2021-05-15;10456;5029;793849;363239;31.0;14.2
24;2021-05-16;3150;1177;796999;364416;31.1;14.2
24;2021-05-17;13276;7643;810275;372059;31.7;14.5
24;2021-05-18;18323;8178;828598;380237;32.4;14.9
24;2021-05-19;18985;7458;847583;387695;33.1;15.1
24;2021-05-20;21269;8414;868852;396109;34.0;15.5
24;2021-05-21;18336;9040;887188;405149;34.7;15.8
24;2021-05-22;7613;4176;894801;409325;35.0;16.0
24;2021-05-23;2975;940;897776;410265;35.1;16.0
24;2021-05-24;8328;1584;906104;411849;35.4;16.1
24;2021-05-25;17706;8825;923810;420674;36.1;16.4
24;2021-05-26;19081;8257;942891;428931;36.8;16.8
24;2021-05-27;20790;10004;963681;438935;37.7;17.2
24;2021-05-28;20403;12223;984084;451158;38.5;17.6
24;2021-05-29;12364;5882;996448;457040;38.9;17.9
24;2021-05-30;2031;1484;998479;458524;39.0;17.9
24;2021-05-31;14559;8881;1013038;467405;39.6;18.3
24;2021-06-01;19614;11972;1032652;479377;40.4;18.7
24;2021-06-02;17542;10767;1050194;490144;41.0;19.2
24;2021-06-03;20588;11844;1070782;501988;41.8;19.6
24;2021-06-04;19748;13781;1090530;515769;42.6;20.2
27;2020-12-27;4;0;4;0;0.0;0.0
27;2020-12-28;0;0;4;0;0.0;0.0
27;2020-12-29;19;0;23;0;0.0;0.0
27;2020-12-30;20;0;43;0;0.0;0.0
27;2020-12-31;2;0;45;0;0.0;0.0
27;2021-01-01;0;0;45;0;0.0;0.0
27;2021-01-02;1;0;46;0;0.0;0.0
27;2021-01-03;1;0;47;0;0.0;0.0
27;2021-01-04;27;0;74;0;0.0;0.0
27;2021-01-05;263;0;337;0;0.0;0.0
27;2021-01-06;717;1;1054;1;0.0;0.0
27;2021-01-07;1554;2;2608;3;0.1;0.0
27;2021-01-08;1894;1;4502;4;0.2;0.0
27;2021-01-09;688;0;5190;4;0.2;0.0
27;2021-01-10;3;0;5193;4;0.2;0.0
27;2021-01-11;2403;1;7596;5;0.3;0.0
27;2021-01-12;3818;4;11414;9;0.4;0.0
27;2021-01-13;3846;8;15260;17;0.5;0.0
27;2021-01-14;4750;47;20010;64;0.7;0.0
27;2021-01-15;3591;20;23601;84;0.8;0.0
27;2021-01-16;793;8;24394;92;0.9;0.0
27;2021-01-17;116;1;24510;93;0.9;0.0
27;2021-01-18;6232;17;30742;110;1.1;0.0
27;2021-01-19;8389;22;39131;132;1.4;0.0
27;2021-01-20;7898;56;47029;188;1.7;0.0
27;2021-01-21;9448;15;56477;203;2.0;0.0
27;2021-01-22;7701;15;64178;218;2.3;0.0
27;2021-01-23;2978;6;67156;224;2.4;0.0
27;2021-01-24;347;0;67503;224;2.4;0.0
27;2021-01-25;5216;28;72719;252;2.6;0.0
27;2021-01-26;7387;226;80106;478;2.9;0.0
27;2021-01-27;7091;346;87197;824;3.1;0.0
27;2021-01-28;6326;893;93523;1717;3.4;0.1
27;2021-01-29;5894;1264;99417;2981;3.6;0.1
27;2021-01-30;2468;347;101885;3328;3.7;0.1
27;2021-01-31;251;22;102136;3350;3.7;0.1
27;2021-02-01;3356;1403;105492;4753;3.8;0.2
27;2021-02-02;4038;2223;109530;6976;3.9;0.3
27;2021-02-03;3618;2396;113148;9372;4.1;0.3
27;2021-02-04;3703;3151;116851;12523;4.2;0.4
27;2021-02-05;3240;2587;120091;15110;4.3;0.5
27;2021-02-06;1609;670;121700;15780;4.4;0.6
27;2021-02-07;5;87;121705;15867;4.4;0.6
27;2021-02-08;2910;2684;124615;18551;4.5;0.7
27;2021-02-09;3014;3652;127629;22203;4.6;0.8
27;2021-02-10;3051;3407;130680;25610;4.7;0.9
27;2021-02-11;3312;4643;133992;30253;4.8;1.1
27;2021-02-12;2725;4460;136717;34713;4.9;1.2
27;2021-02-13;985;1464;137702;36177;4.9;1.3
27;2021-02-14;258;297;137960;36474;5.0;1.3
27;2021-02-15;1240;5756;139200;42230;5.0;1.5
27;2021-02-16;1506;7435;140706;49665;5.1;1.8
27;2021-02-17;1807;6913;142513;56578;5.1;2.0
27;2021-02-18;2137;6462;144650;63040;5.2;2.3
27;2021-02-19;1731;5663;146381;68703;5.3;2.5
27;2021-02-20;707;2180;147088;70883;5.3;2.5
27;2021-02-21;1;280;147089;71163;5.3;2.6
27;2021-02-22;978;4901;148067;76064;5.3;2.7
27;2021-02-23;1202;5444;149269;81508;5.4;2.9
27;2021-02-24;1490;4863;150759;86371;5.4;3.1
27;2021-02-25;2909;5053;153668;91424;5.5;3.3
27;2021-02-26;3682;4204;157350;95628;5.7;3.4
27;2021-02-27;1905;1955;159255;97583;5.7;3.5
27;2021-02-28;107;282;159362;97865;5.7;3.5
27;2021-03-01;3662;3502;163024;101367;5.9;3.6
27;2021-03-02;5408;4321;168432;105688;6.1;3.8
27;2021-03-03;5947;3557;174379;109245;6.3;3.9
27;2021-03-04;7648;3543;182027;112788;6.5;4.1
27;2021-03-05;9666;3149;191693;115937;6.9;4.2
27;2021-03-06;6218;1064;197911;117001;7.1;4.2
27;2021-03-07;870;185;198781;117186;7.1;4.2
27;2021-03-08;4540;3407;203321;120593;7.3;4.3
27;2021-03-09;8410;3366;211731;123959;7.6;4.5
27;2021-03-10;8705;2772;220436;126731;7.9;4.6
27;2021-03-11;10249;3169;230685;129900;8.3;4.7
27;2021-03-12;11868;2415;242553;132315;8.7;4.8
27;2021-03-13;7026;672;249579;132987;9.0;4.8
27;2021-03-14;209;60;249788;133047;9.0;4.8
27;2021-03-15;7313;1369;257101;134416;9.2;4.8
27;2021-03-16;8243;1071;265344;135487;9.5;4.9
27;2021-03-17;8483;1144;273827;136631;9.8;4.9
27;2021-03-18;8618;1378;282445;138009;10.1;5.0
27;2021-03-19;9399;1074;291844;139083;10.5;5.0
27;2021-03-20;5660;382;297504;139465;10.7;5.0
27;2021-03-21;235;11;297739;139476;10.7;5.0
27;2021-03-22;9323;942;307062;140418;11.0;5.0
27;2021-03-23;14672;1142;321734;141560;11.6;5.1
27;2021-03-24;15151;1222;336885;142782;12.1;5.1
27;2021-03-25;18351;1418;355236;144200;12.8;5.2
27;2021-03-26;18362;1210;373598;145410;13.4;5.2
27;2021-03-27;7676;387;381274;145797;13.7;5.2
27;2021-03-28;492;124;381766;145921;13.7;5.2
27;2021-03-29;10023;3385;391789;149306;14.1;5.4
27;2021-03-30;12947;3962;404736;153268;14.5;5.5
27;2021-03-31;12832;4159;417568;157427;15.0;5.7
27;2021-04-01;14519;4090;432087;161517;15.5;5.8
27;2021-04-02;12925;4020;445012;165537;16.0;5.9
27;2021-04-03;4466;1125;449478;166662;16.2;6.0
27;2021-04-04;67;35;449545;166697;16.2;6.0
27;2021-04-05;345;5;449890;166702;16.2;6.0
27;2021-04-06;9538;6141;459428;172843;16.5;6.2
27;2021-04-07;10186;6438;469614;179281;16.9;6.4
27;2021-04-08;15702;6089;485316;185370;17.4;6.7
27;2021-04-09;17808;5931;503124;191301;18.1;6.9
27;2021-04-10;6055;1928;509179;193229;18.3;6.9
27;2021-04-11;418;83;509597;193312;18.3;6.9
27;2021-04-12;9052;6777;518649;200089;18.6;7.2
27;2021-04-13;11782;8527;530431;208616;19.1;7.5
27;2021-04-14;10324;7822;540755;216438;19.4;7.8
27;2021-04-15;12952;7635;553707;224073;19.9;8.1
27;2021-04-16;12776;6419;566483;230492;20.4;8.3
27;2021-04-17;5949;3042;572432;233534;20.6;8.4
27;2021-04-18;351;189;572783;233723;20.6;8.4
27;2021-04-19;6967;8844;579750;242567;20.8;8.7
27;2021-04-20;8513;10532;588263;253099;21.1;9.1
27;2021-04-21;8360;10135;596623;263234;21.4;9.5
27;2021-04-22;9849;11495;606472;274729;21.8;9.9
27;2021-04-23;11317;10245;617789;284974;22.2;10.2
27;2021-04-24;5191;3956;622980;288930;22.4;10.4
27;2021-04-25;441;294;623421;289224;22.4;10.4
27;2021-04-26;9474;8705;632895;297929;22.7;10.7
27;2021-04-27;13426;10190;646321;308119;23.2;11.1
27;2021-04-28;14141;10309;660462;318428;23.7;11.4
27;2021-04-29;17845;11467;678307;329895;24.4;11.9
27;2021-04-30;18671;9434;696978;339329;25.0;12.2
27;2021-05-01;5407;1517;702385;340846;25.2;12.2
27;2021-05-02;600;71;702985;340917;25.3;12.2
27;2021-05-03;14787;6253;717772;347170;25.8;12.5
27;2021-05-04;13924;10749;731696;357919;26.3;12.9
27;2021-05-05;15550;9971;747246;367890;26.9;13.2
27;2021-05-06;18175;12283;765421;380173;27.5;13.7
27;2021-05-07;17161;11692;782582;391865;28.1;14.1
27;2021-05-08;5823;1490;788405;393355;28.3;14.1
27;2021-05-09;530;436;788935;393791;28.3;14.1
27;2021-05-10;15125;9809;804060;403600;28.9;14.5
27;2021-05-11;20657;12785;824717;416385;29.6;15.0
27;2021-05-12;19458;11657;844175;428042;30.3;15.4
27;2021-05-13;12258;1995;856433;430037;30.8;15.5
27;2021-05-14;22839;8300;879272;438337;31.6;15.8
27;2021-05-15;15356;3372;894628;441709;32.1;15.9
27;2021-05-16;1879;229;896507;441938;32.2;15.9
27;2021-05-17;18912;6734;915419;448672;32.9;16.1
27;2021-05-18;20442;9219;935861;457891;33.6;16.5
27;2021-05-19;22186;7239;958047;465130;34.4;16.7
27;2021-05-20;23141;8117;981188;473247;35.3;17.0
27;2021-05-21;21026;9993;1002214;483240;36.0;17.4
27;2021-05-22;8250;3580;1010464;486820;36.3;17.5
27;2021-05-23;901;301;1011365;487121;36.3;17.5
27;2021-05-24;4225;1077;1015590;488198;36.5;17.5
27;2021-05-25;14785;11585;1030375;499783;37.0;18.0
27;2021-05-26;15245;10593;1045620;510376;37.6;18.3
27;2021-05-27;18230;11729;1063850;522105;38.2;18.8
27;2021-05-28;15972;14072;1079822;536177;38.8;19.3
27;2021-05-29;6798;5131;1086620;541308;39.0;19.5
27;2021-05-30;382;255;1087002;541563;39.1;19.5
27;2021-05-31;13258;10905;1100260;552468;39.5;19.9
27;2021-06-01;16402;13380;1116662;565848;40.1;20.3
27;2021-06-02;16017;11382;1132679;577230;40.7;20.7
27;2021-06-03;17595;11793;1150274;589023;41.3;21.2
27;2021-06-04;15889;14521;1166163;603544;41.9;21.7
28;2020-12-27;0;0;0;0;0.0;0.0
28;2020-12-28;1;0;1;0;0.0;0.0
28;2020-12-29;2;0;3;0;0.0;0.0
28;2020-12-30;0;0;3;0;0.0;0.0
28;2020-12-31;1;0;4;0;0.0;0.0
28;2021-01-01;1;0;5;0;0.0;0.0
28;2021-01-02;0;0;5;0;0.0;0.0
28;2021-01-03;1;0;6;0;0.0;0.0
28;2021-01-04;16;0;22;0;0.0;0.0
28;2021-01-05;169;0;191;0;0.0;0.0
28;2021-01-06;1392;1;1583;1;0.0;0.0
28;2021-01-07;2596;8;4179;9;0.1;0.0
28;2021-01-08;3425;3;7604;12;0.2;0.0
28;2021-01-09;1331;3;8935;15;0.3;0.0
28;2021-01-10;704;1;9639;16;0.3;0.0
28;2021-01-11;3177;1;12816;17;0.4;0.0
28;2021-01-12;3968;3;16784;20;0.5;0.0
28;2021-01-13;4301;5;21085;25;0.6;0.0
28;2021-01-14;8088;73;29173;98;0.9;0.0
28;2021-01-15;6214;24;35387;122;1.1;0.0
28;2021-01-16;2082;9;37469;131;1.1;0.0
28;2021-01-17;4070;20;41539;151;1.3;0.0
28;2021-01-18;8779;10;50318;161;1.5;0.0
28;2021-01-19;7138;13;57456;174;1.7;0.0
28;2021-01-20;6503;8;63959;182;1.9;0.0
28;2021-01-21;5990;7;69949;189;2.1;0.0
28;2021-01-22;5438;11;75387;200;2.3;0.0
28;2021-01-23;2018;7;77405;207;2.3;0.0
28;2021-01-24;1447;11;78852;218;2.4;0.0
28;2021-01-25;6237;178;85089;396;2.6;0.0
28;2021-01-26;4573;393;89662;789;2.7;0.0
28;2021-01-27;4032;765;93694;1554;2.8;0.0
28;2021-01-28;3752;1048;97446;2602;2.9;0.1
28;2021-01-29;3487;1305;100933;3907;3.1;0.1
28;2021-01-30;1386;516;102319;4423;3.1;0.1
28;2021-01-31;195;124;102514;4547;3.1;0.1
28;2021-02-01;2779;1661;105293;6208;3.2;0.2
28;2021-02-02;2981;2391;108274;8599;3.3;0.3
28;2021-02-03;2947;2670;111221;11269;3.4;0.3
28;2021-02-04;3722;5208;114943;16477;3.5;0.5
28;2021-02-05;3866;4389;118809;20866;3.6;0.6
28;2021-02-06;1137;1547;119946;22413;3.6;0.7
28;2021-02-07;716;1975;120662;24388;3.7;0.7
28;2021-02-08;3801;6855;124463;31243;3.8;0.9
28;2021-02-09;3461;6026;127924;37269;3.9;1.1
28;2021-02-10;3454;5070;131378;42339;4.0;1.3
28;2021-02-11;4207;4888;135585;47227;4.1;1.4
28;2021-02-12;4044;4609;139629;51836;4.2;1.6
28;2021-02-13;1122;1580;140751;53416;4.3;1.6
28;2021-02-14;285;1388;141036;54804;4.3;1.7
28;2021-02-15;2212;6276;143248;61080;4.3;1.8
28;2021-02-16;2654;5656;145902;66736;4.4;2.0
28;2021-02-17;1950;4554;147852;71290;4.5;2.2
28;2021-02-18;2566;4306;150418;75596;4.6;2.3
28;2021-02-19;2546;3714;152964;79310;4.6;2.4
28;2021-02-20;945;1259;153909;80569;4.7;2.4
28;2021-02-21;102;416;154011;80985;4.7;2.5
28;2021-02-22;1668;4231;155679;85216;4.7;2.6
28;2021-02-23;2173;3838;157852;89054;4.8;2.7
28;2021-02-24;2371;3892;160223;92946;4.9;2.8
28;2021-02-25;4768;4179;164991;97125;5.0;2.9
28;2021-02-26;5958;3725;170949;100850;5.2;3.1
28;2021-02-27;3005;1030;173954;101880;5.3;3.1
28;2021-02-28;340;386;174294;102266;5.3;3.1
28;2021-03-01;2522;4647;176816;106913;5.4;3.2
28;2021-03-02;3897;4085;180713;110998;5.5;3.4
28;2021-03-03;4778;3474;185491;114472;5.6;3.5
28;2021-03-04;7294;2854;192785;117326;5.8;3.6
28;2021-03-05;10139;2470;202924;119796;6.1;3.6
28;2021-03-06;9786;769;212710;120565;6.4;3.6
28;2021-03-07;3771;124;216481;120689;6.6;3.7
28;2021-03-08;5862;3263;222343;123952;6.7;3.8
28;2021-03-09;9280;2799;231623;126751;7.0;3.8
28;2021-03-10;9784;2432;241407;129183;7.3;3.9
28;2021-03-11;13939;1974;255346;131157;7.7;4.0
28;2021-03-12;17952;1504;273298;132661;8.3;4.0
28;2021-03-13;11079;505;284377;133166;8.6;4.0
28;2021-03-14;2256;95;286633;133261;8.7;4.0
28;2021-03-15;8639;856;295272;134117;8.9;4.1
28;2021-03-16;7481;1186;302753;135303;9.2;4.1
28;2021-03-17;7702;1182;310455;136485;9.4;4.1
28;2021-03-18;8162;1357;318617;137842;9.6;4.2
28;2021-03-19;11544;1435;330161;139277;10.0;4.2
28;2021-03-20;9660;532;339821;139809;10.3;4.2
28;2021-03-21;2405;16;342226;139825;10.4;4.2
28;2021-03-22;9381;1618;351607;141443;10.6;4.3
28;2021-03-23;12461;1485;364068;142928;11.0;4.3
28;2021-03-24;13227;1572;377295;144500;11.4;4.4
28;2021-03-25;17587;1767;394882;146267;12.0;4.4
28;2021-03-26;20777;1831;415659;148098;12.6;4.5
28;2021-03-27;11467;1102;427126;149200;12.9;4.5
28;2021-03-28;2964;79;430090;149279;13.0;4.5
28;2021-03-29;11743;2941;441833;152220;13.4;4.6
28;2021-03-30;14384;3028;456217;155248;13.8;4.7
28;2021-03-31;14340;3532;470557;158780;14.2;4.8
28;2021-04-01;17967;5494;488524;164274;14.8;5.0
28;2021-04-02;16821;6422;505345;170696;15.3;5.2
28;2021-04-03;7221;4042;512566;174738;15.5;5.3
28;2021-04-04;1776;790;514342;175528;15.6;5.3
28;2021-04-05;3286;732;517628;176260;15.7;5.3
28;2021-04-06;10812;7398;528440;183658;16.0;5.6
28;2021-04-07;12699;6946;541139;190604;16.4;5.8
28;2021-04-08;17668;7510;558807;198114;16.9;6.0
28;2021-04-09;23763;7785;582570;205899;17.6;6.2
28;2021-04-10;13873;4155;596443;210054;18.1;6.4
28;2021-04-11;3026;1185;599469;211239;18.1;6.4
28;2021-04-12;13756;8007;613225;219246;18.6;6.6
28;2021-04-13;16164;8015;629389;227261;19.1;6.9
28;2021-04-14;14276;7987;643665;235248;19.5;7.1
28;2021-04-15;17217;8357;660882;243605;20.0;7.4
28;2021-04-16;20217;7780;681099;251385;20.6;7.6
28;2021-04-17;12739;5001;693838;256386;21.0;7.8
28;2021-04-18;2289;1238;696127;257624;21.1;7.8
28;2021-04-19;10858;8853;706985;266477;21.4;8.1
28;2021-04-20;13887;9748;720872;276225;21.8;8.4
28;2021-04-21;13263;9970;734135;286195;22.2;8.7
28;2021-04-22;15266;11875;749401;298070;22.7;9.0
28;2021-04-23;16413;12284;765814;310354;23.2;9.4
28;2021-04-24;12550;7230;778364;317584;23.6;9.6
28;2021-04-25;3282;1898;781646;319482;23.7;9.7
28;2021-04-26;12485;10169;794131;329651;24.0;10.0
28;2021-04-27;14807;11711;808938;341362;24.5;10.3
28;2021-04-28;15000;10673;823938;352035;24.9;10.7
28;2021-04-29;18408;11713;842346;363748;25.5;11.0
28;2021-04-30;20329;11841;862675;375589;26.1;11.4
28;2021-05-01;12771;2935;875446;378524;26.5;11.5
28;2021-05-02;5951;1810;881397;380334;26.7;11.5
28;2021-05-03;12817;9965;894214;390299;27.1;11.8
28;2021-05-04;13746;13094;907960;403393;27.5;12.2
28;2021-05-05;13897;14434;921857;417827;27.9;12.6
28;2021-05-06;18270;15064;940127;432891;28.5;13.1
28;2021-05-07;17773;17348;957900;450239;29.0;13.6
28;2021-05-08;11874;4652;969774;454891;29.4;13.8
28;2021-05-09;7120;1810;976894;456701;29.6;13.8
28;2021-05-10;14096;14766;990990;471467;30.0;14.3
28;2021-05-11;18048;15310;1009038;486777;30.5;14.7
28;2021-05-12;18694;13956;1027732;500733;31.1;15.2
28;2021-05-13;19592;3675;1047324;504408;31.7;15.3
28;2021-05-14;26266;12466;1073590;516874;32.5;15.6
28;2021-05-15;26851;7027;1100441;523901;33.3;15.9
28;2021-05-16;14094;1546;1114535;525447;33.7;15.9
28;2021-05-17;16123;9389;1130658;534836;34.2;16.2
28;2021-05-18;20968;8730;1151626;543566;34.9;16.5
28;2021-05-19;20852;8458;1172478;552024;35.5;16.7
28;2021-05-20;23107;9642;1195585;561666;36.2;17.0
28;2021-05-21;21353;12051;1216938;573717;36.8;17.4
28;2021-05-22;17661;5961;1234599;579678;37.4;17.5
28;2021-05-23;9102;911;1243701;580589;37.6;17.6
28;2021-05-24;13385;3149;1257086;583738;38.1;17.7
28;2021-05-25;19080;11563;1276166;595301;38.6;18.0
28;2021-05-26;19179;9971;1295345;605272;39.2;18.3
28;2021-05-27;21681;12339;1317026;617611;39.9;18.7
28;2021-05-28;21514;16470;1338540;634081;40.5;19.2
28;2021-05-29;17499;10130;1356039;644211;41.0;19.5
28;2021-05-30;6259;1258;1362298;645469;41.2;19.5
28;2021-05-31;19793;11898;1382091;657367;41.8;19.9
28;2021-06-01;23638;13791;1405729;671158;42.6;20.3
28;2021-06-02;20581;12271;1426310;683429;43.2;20.7
28;2021-06-03;26355;14613;1452665;698042;44.0;21.1
28;2021-06-04;24189;18830;1476854;716872;44.7;21.7
32;2020-12-27;1;0;1;0;0.0;0.0
32;2020-12-28;26;0;27;0;0.0;0.0
32;2020-12-29;12;0;39;0;0.0;0.0
32;2020-12-30;0;0;39;0;0.0;0.0
32;2020-12-31;0;0;39;0;0.0;0.0
32;2021-01-01;1;0;40;0;0.0;0.0
32;2021-01-02;6;0;46;0;0.0;0.0
32;2021-01-03;2;0;48;0;0.0;0.0
32;2021-01-04;82;0;130;0;0.0;0.0
32;2021-01-05;300;0;430;0;0.0;0.0
32;2021-01-06;785;1;1215;1;0.0;0.0
32;2021-01-07;2428;2;3643;3;0.1;0.0
32;2021-01-08;3159;7;6802;10;0.1;0.0
32;2021-01-09;957;3;7759;13;0.1;0.0
32;2021-01-10;639;0;8398;13;0.1;0.0
32;2021-01-11;3263;5;11661;18;0.2;0.0
32;2021-01-12;4995;6;16656;24;0.3;0.0
32;2021-01-13;4934;8;21590;32;0.4;0.0
32;2021-01-14;5718;42;27308;74;0.5;0.0
32;2021-01-15;5211;18;32519;92;0.5;0.0
32;2021-01-16;1633;10;34152;102;0.6;0.0
32;2021-01-17;858;4;35010;106;0.6;0.0
32;2021-01-18;7229;19;42239;125;0.7;0.0
32;2021-01-19;9887;33;52126;158;0.9;0.0
32;2021-01-20;10332;27;62458;185;1.0;0.0
32;2021-01-21;12681;40;75139;225;1.3;0.0
32;2021-01-22;9857;17;84996;242;1.4;0.0
32;2021-01-23;3391;3;88387;245;1.5;0.0
32;2021-01-24;1119;2;89506;247;1.5;0.0
32;2021-01-25;6846;79;96352;326;1.6;0.0
32;2021-01-26;7401;176;103753;502;1.7;0.0
32;2021-01-27;4828;510;108581;1012;1.8;0.0
32;2021-01-28;8557;1682;117138;2694;2.0;0.0
32;2021-01-29;5366;1853;122504;4547;2.1;0.1
32;2021-01-30;534;413;123038;4960;2.1;0.1
32;2021-01-31;67;74;123105;5034;2.1;0.1
32;2021-02-01;192;1815;123297;6849;2.1;0.1
32;2021-02-02;786;3170;124083;10019;2.1;0.2
32;2021-02-03;4068;3190;128151;13209;2.1;0.2
32;2021-02-04;3681;3616;131832;16825;2.2;0.3
32;2021-02-05;1965;3277;133797;20102;2.2;0.3
32;2021-02-06;515;874;134312;20976;2.3;0.4
32;2021-02-07;538;94;134850;21070;2.3;0.4
32;2021-02-08;1866;3682;136716;24752;2.3;0.4
32;2021-02-09;2550;4364;139266;29116;2.3;0.5
32;2021-02-10;2982;5343;142248;34459;2.4;0.6
32;2021-02-11;4771;6183;147019;40642;2.5;0.7
32;2021-02-12;5082;4648;152101;45290;2.6;0.8
32;2021-02-13;938;1893;153039;47183;2.6;0.8
32;2021-02-14;116;711;153155;47894;2.6;0.8
32;2021-02-15;3611;6913;156766;54807;2.6;0.9
32;2021-02-16;4026;8227;160792;63034;2.7;1.1
32;2021-02-17;4276;8670;165068;71704;2.8;1.2
32;2021-02-18;7010;11407;172078;83111;2.9;1.4
32;2021-02-19;7071;8283;179149;91394;3.0;1.5
32;2021-02-20;2514;3008;181663;94402;3.0;1.6
32;2021-02-21;434;488;182097;94890;3.1;1.6
32;2021-02-22;3259;5321;185356;100211;3.1;1.7
32;2021-02-23;5484;5901;190840;106112;3.2;1.8
32;2021-02-24;7417;6040;198257;112152;3.3;1.9
32;2021-02-25;12796;4981;211053;117133;3.5;2.0
32;2021-02-26;12492;2842;223545;119975;3.7;2.0
32;2021-02-27;6471;284;230016;120259;3.9;2.0
32;2021-02-28;362;134;230378;120393;3.9;2.0
32;2021-03-01;7222;835;237600;121228;4.0;2.0
32;2021-03-02;10941;952;248541;122180;4.2;2.0
32;2021-03-03;11943;1694;260484;123874;4.4;2.1
32;2021-03-04;15075;2370;275559;126244;4.6;2.1
32;2021-03-05;17106;2038;292665;128282;4.9;2.2
32;2021-03-06;28038;956;320703;129238;5.4;2.2
32;2021-03-07;19854;437;340557;129675;5.7;2.2
32;2021-03-08;8889;2519;349446;132194;5.9;2.2
32;2021-03-09;14226;3231;363672;135425;6.1;2.3
32;2021-03-10;15719;3153;379391;138578;6.4;2.3
32;2021-03-11;20884;4605;400275;143183;6.7;2.4
32;2021-03-12;26009;4103;426284;147286;7.1;2.5
32;2021-03-13;41487;1867;467771;149153;7.8;2.5
32;2021-03-14;20086;512;487857;149665;8.2;2.5
32;2021-03-15;12960;3529;500817;153194;8.4;2.6
32;2021-03-16;9754;3459;510571;156653;8.6;2.6
32;2021-03-17;9688;4107;520259;160760;8.7;2.7
32;2021-03-18;10007;5006;530266;165766;8.9;2.8
32;2021-03-19;17893;3753;548159;169519;9.2;2.8
32;2021-03-20;36421;1848;584580;171367;9.8;2.9
32;2021-03-21;19830;719;604410;172086;10.1;2.9
32;2021-03-22;12101;4237;616511;176323;10.3;3.0
32;2021-03-23;18877;5875;635388;182198;10.7;3.1
32;2021-03-24;17858;6088;653246;188286;11.0;3.2
32;2021-03-25;25210;5605;678456;193891;11.4;3.3
32;2021-03-26;28935;5788;707391;199679;11.9;3.3
32;2021-03-27;36558;2025;743949;201704;12.5;3.4
32;2021-03-28;18604;555;762553;202259;12.8;3.4
32;2021-03-29;14549;6996;777102;209255;13.0;3.5
32;2021-03-30;18833;8577;795935;217832;13.3;3.7
32;2021-03-31;15738;9231;811673;227063;13.6;3.8
32;2021-04-01;18151;10954;829824;238017;13.9;4.0
32;2021-04-02;19874;12475;849698;250492;14.3;4.2
32;2021-04-03;29943;10054;879641;260546;14.8;4.4
32;2021-04-04;11645;4681;891286;265227;14.9;4.4
32;2021-04-05;9581;2290;900867;267517;15.1;4.5
32;2021-04-06;14224;10826;915091;278343;15.3;4.7
32;2021-04-07;18008;12461;933099;290804;15.6;4.9
32;2021-04-08;23432;12842;956531;303646;16.0;5.1
32;2021-04-09;29807;12990;986338;316636;16.5;5.3
32;2021-04-10;26030;18681;1012368;335317;17.0;5.6
32;2021-04-11;9129;11971;1021497;347288;17.1;5.8
32;2021-04-12;15371;9449;1036868;356737;17.4;6.0
32;2021-04-13;21750;11478;1058618;368215;17.8;6.2
32;2021-04-14;22387;11048;1081005;379263;18.1;6.4
32;2021-04-15;25649;11023;1106654;390286;18.6;6.5
32;2021-04-16;25224;12331;1131878;402617;19.0;6.8
32;2021-04-17;17879;22902;1149757;425519;19.3;7.1
32;2021-04-18;6387;14010;1156144;439529;19.4;7.4
32;2021-04-19;11613;9759;1167757;449288;19.6;7.5
32;2021-04-20;16392;12233;1184149;461521;19.9;7.7
32;2021-04-21;15756;12517;1199905;474038;20.1;8.0
32;2021-04-22;18982;14919;1218887;488957;20.4;8.2
32;2021-04-23;19543;15884;1238430;504841;20.8;8.5
32;2021-04-24;15416;20970;1253846;525811;21.0;8.8
32;2021-04-25;6937;12274;1260783;538085;21.1;9.0
32;2021-04-26;13134;10660;1273917;548745;21.4;9.2
32;2021-04-27;18616;14046;1292533;562791;21.7;9.4
32;2021-04-28;20088;15955;1312621;578746;22.0;9.7
32;2021-04-29;22321;19841;1334942;598587;22.4;10.0
32;2021-04-30;24911;21469;1359853;620056;22.8;10.4
32;2021-05-01;22955;13817;1382808;633873;23.2;10.6
32;2021-05-02;20892;10231;1403700;644104;23.5;10.8
32;2021-05-03;21886;11180;1425586;655284;23.9;11.0
32;2021-05-04;23688;16182;1449274;671466;24.3;11.3
32;2021-05-05;23852;17325;1473126;688791;24.7;11.6
32;2021-05-06;25666;19811;1498792;708602;25.1;11.9
32;2021-05-07;30652;21392;1529444;729994;25.7;12.2
32;2021-05-08;33188;8841;1562632;738835;26.2;12.4
32;2021-05-09;26691;6391;1589323;745226;26.7;12.5
32;2021-05-10;24034;15983;1613357;761209;27.1;12.8
32;2021-05-11;31191;18910;1644548;780119;27.6;13.1
32;2021-05-12;36885;18646;1681433;798765;28.2;13.4
32;2021-05-13;40405;7198;1721838;805963;28.9;13.5
32;2021-05-14;41654;14486;1763492;820449;29.6;13.8
32;2021-05-15;59443;11973;1822935;832422;30.6;14.0
32;2021-05-16;47742;4716;1870677;837138;31.4;14.0
32;2021-05-17;31355;10845;1902032;847983;31.9;14.2
32;2021-05-18;36357;12362;1938389;860345;32.5;14.4
32;2021-05-19;38691;11461;1977080;871806;33.2;14.6
32;2021-05-20;39630;14836;2016710;886642;33.8;14.9
32;2021-05-21;42229;16857;2058939;903499;34.5;15.2
32;2021-05-22;57617;12948;2116556;916447;35.5;15.4
32;2021-05-23;38844;4323;2155400;920770;36.1;15.4
32;2021-05-24;28406;3782;2183806;924552;36.6;15.5
32;2021-05-25;31008;14803;2214814;939355;37.1;15.8
32;2021-05-26;33874;16679;2248688;956034;37.7;16.0
32;2021-05-27;34457;20593;2283145;976627;38.3;16.4
32;2021-05-28;34192;25073;2317337;1001700;38.9;16.8
32;2021-05-29;37343;19518;2354680;1021218;39.5;17.1
32;2021-05-30;16076;3491;2370756;1024709;39.8;17.2
32;2021-05-31;27839;16457;2398595;1041166;40.2;17.5
32;2021-06-01;32656;23895;2431251;1065061;40.8;17.9
32;2021-06-02;31726;21514;2462977;1086575;41.3;18.2
32;2021-06-03;34039;24906;2497016;1111481;41.9;18.6
32;2021-06-04;35318;27504;2532334;1138985;42.5;19.1
44;2020-12-27;0;0;0;0;0.0;0.0
44;2020-12-28;0;0;0;0;0.0;0.0
44;2020-12-29;0;0;0;0;0.0;0.0
44;2020-12-30;0;0;0;0;0.0;0.0
44;2020-12-31;11;0;11;0;0.0;0.0
44;2021-01-01;1;0;12;0;0.0;0.0
44;2021-01-02;3;0;15;0;0.0;0.0
44;2021-01-03;3;0;18;0;0.0;0.0
44;2021-01-04;243;0;261;0;0.0;0.0
44;2021-01-05;769;0;1030;0;0.0;0.0
44;2021-01-06;1241;2;2271;2;0.0;0.0
44;2021-01-07;2422;2;4693;4;0.1;0.0
44;2021-01-08;3130;5;7823;9;0.1;0.0
44;2021-01-09;936;1;8759;10;0.2;0.0
44;2021-01-10;231;0;8990;10;0.2;0.0
44;2021-01-11;2972;6;11962;16;0.2;0.0
44;2021-01-12;5271;4;17233;20;0.3;0.0
44;2021-01-13;7654;17;24887;37;0.5;0.0
44;2021-01-14;9534;79;34421;116;0.6;0.0
44;2021-01-15;6686;25;41107;141;0.7;0.0
44;2021-01-16;1909;9;43016;150;0.8;0.0
44;2021-01-17;902;1;43918;151;0.8;0.0
44;2021-01-18;8700;21;52618;172;1.0;0.0
44;2021-01-19;10643;15;63261;187;1.1;0.0
44;2021-01-20;10997;41;74258;228;1.3;0.0
44;2021-01-21;11720;23;85978;251;1.6;0.0
44;2021-01-22;9629;25;95607;276;1.7;0.0
44;2021-01-23;3286;19;98893;295;1.8;0.0
44;2021-01-24;1567;3;100460;298;1.8;0.0
44;2021-01-25;6616;301;107076;599;1.9;0.0
44;2021-01-26;5642;432;112718;1031;2.0;0.0
44;2021-01-27;7371;595;120089;1626;2.2;0.0
44;2021-01-28;8787;1246;128876;2872;2.3;0.1
44;2021-01-29;6756;1795;135632;4667;2.5;0.1
44;2021-01-30;2547;493;138179;5160;2.5;0.1
44;2021-01-31;1250;54;139429;5214;2.5;0.1
44;2021-02-01;6370;2379;145799;7593;2.6;0.1
44;2021-02-02;6213;3809;152012;11402;2.8;0.2
44;2021-02-03;5590;4543;157602;15945;2.9;0.3
44;2021-02-04;6431;6965;164033;22910;3.0;0.4
44;2021-02-05;6381;5232;170414;28142;3.1;0.5
44;2021-02-06;1972;1207;172386;29349;3.1;0.5
44;2021-02-07;406;593;172792;29942;3.1;0.5
44;2021-02-08;3821;4465;176613;34407;3.2;0.6
44;2021-02-09;5714;5827;182327;40234;3.3;0.7
44;2021-02-10;6241;6031;188568;46265;3.4;0.8
44;2021-02-11;7045;6551;195613;52816;3.5;1.0
44;2021-02-12;7266;5533;202879;58349;3.7;1.1
44;2021-02-13;2536;1253;205415;59602;3.7;1.1
44;2021-02-14;1611;823;207026;60425;3.8;1.1
44;2021-02-15;3996;7199;211022;67624;3.8;1.2
44;2021-02-16;4561;7961;215583;75585;3.9;1.4
44;2021-02-17;4704;8526;220287;84111;4.0;1.5
44;2021-02-18;5999;9252;226286;93363;4.1;1.7
44;2021-02-19;5489;7481;231775;100844;4.2;1.8
44;2021-02-20;2336;2839;234111;103683;4.2;1.9
44;2021-02-21;541;1399;234652;105082;4.3;1.9
44;2021-02-22;4480;7018;239132;112100;4.3;2.0
44;2021-02-23;6026;7245;245158;119345;4.4;2.2
44;2021-02-24;6598;5923;251756;125268;4.6;2.3
44;2021-02-25;10500;7532;262256;132800;4.8;2.4
44;2021-02-26;12354;6303;274610;139103;5.0;2.5
44;2021-02-27;7883;2139;282493;141242;5.1;2.6
44;2021-02-28;2112;517;284605;141759;5.2;2.6
44;2021-03-01;6073;4656;290678;146415;5.3;2.7
44;2021-03-02;9384;5633;300062;152048;5.4;2.8
44;2021-03-03;11257;5535;311319;157583;5.6;2.9
44;2021-03-04;13236;5734;324555;163317;5.9;3.0
44;2021-03-05;17826;5605;342381;168922;6.2;3.1
44;2021-03-06;21284;2083;363665;171005;6.6;3.1
44;2021-03-07;12190;695;375855;171700;6.8;3.1
44;2021-03-08;9388;4232;385243;175932;7.0;3.2
44;2021-03-09;15163;4902;400406;180834;7.3;3.3
44;2021-03-10;16576;5119;416982;185953;7.6;3.4
44;2021-03-11;20292;5582;437274;191535;7.9;3.5
44;2021-03-12;26733;5391;464007;196926;8.4;3.6
44;2021-03-13;24067;2326;488074;199252;8.9;3.6
44;2021-03-14;6749;843;494823;200095;9.0;3.6
44;2021-03-15;12935;3429;507758;203524;9.2;3.7
44;2021-03-16;12820;3950;520578;207474;9.4;3.8
44;2021-03-17;14175;3597;534753;211071;9.7;3.8
44;2021-03-18;15384;3721;550137;214792;10.0;3.9
44;2021-03-19;21359;3829;571496;218621;10.4;4.0
44;2021-03-20;15487;1895;586983;220516;10.6;4.0
44;2021-03-21;4613;277;591596;220793;10.7;4.0
44;2021-03-22;12500;3876;604096;224669;11.0;4.1
44;2021-03-23;19377;5015;623473;229684;11.3;4.2
44;2021-03-24;21984;5106;645457;234790;11.7;4.3
44;2021-03-25;28111;5679;673568;240469;12.2;4.4
44;2021-03-26;30263;5386;703831;245855;12.8;4.5
44;2021-03-27;16158;4619;719989;250474;13.1;4.5
44;2021-03-28;4076;1960;724065;252434;13.1;4.6
44;2021-03-29;14282;6069;738347;258503;13.4;4.7
44;2021-03-30;21335;7700;759682;266203;13.8;4.8
44;2021-03-31;20040;7938;779722;274141;14.1;5.0
44;2021-04-01;23479;9230;803201;283371;14.6;5.1
44;2021-04-02;16205;6821;819406;290192;14.9;5.3
44;2021-04-03;10166;5743;829572;295935;15.1;5.4
44;2021-04-04;3128;1644;832700;297579;15.1;5.4
44;2021-04-05;4423;1394;837123;298973;15.2;5.4
44;2021-04-06;13351;10498;850474;309471;15.4;5.6
44;2021-04-07;17580;12051;868054;321522;15.7;5.8
44;2021-04-08;25930;12268;893984;333790;16.2;6.1
44;2021-04-09;32129;12571;926113;346361;16.8;6.3
44;2021-04-10;18195;9963;944308;356324;17.1;6.5
44;2021-04-11;3023;5953;947331;362277;17.2;6.6
44;2021-04-12;16935;11172;964266;373449;17.5;6.8
44;2021-04-13;21924;13699;986190;387148;17.9;7.0
44;2021-04-14;23028;13980;1009218;401128;18.3;7.3
44;2021-04-15;26208;15272;1035426;416400;18.8;7.6
44;2021-04-16;28025;15092;1063451;431492;19.3;7.8
44;2021-04-17;19780;8965;1083231;440457;19.7;8.0
44;2021-04-18;5042;4617;1088273;445074;19.7;8.1
44;2021-04-19;16905;11683;1105178;456757;20.1;8.3
44;2021-04-20;19040;14229;1124218;470986;20.4;8.5
44;2021-04-21;21095;14874;1145313;485860;20.8;8.8
44;2021-04-22;23644;15793;1168957;501653;21.2;9.1
44;2021-04-23;27736;16452;1196693;518105;21.7;9.4
44;2021-04-24;16922;9095;1213615;527200;22.0;9.6
44;2021-04-25;4820;3535;1218435;530735;22.1;9.6
44;2021-04-26;16590;11948;1235025;542683;22.4;9.8
44;2021-04-27;21061;14541;1256086;557224;22.8;10.1
44;2021-04-28;23650;14681;1279736;571905;23.2;10.4
44;2021-04-29;28017;16799;1307753;588704;23.7;10.7
44;2021-04-30;33007;15863;1340760;604567;24.3;11.0
44;2021-05-01;14785;6938;1355545;611505;24.6;11.1
44;2021-05-02;7870;3953;1363415;615458;24.7;11.2
44;2021-05-03;23829;12250;1387244;627708;25.2;11.4
44;2021-05-04;26808;17167;1414052;644875;25.7;11.7
44;2021-05-05;30620;18998;1444672;663873;26.2;12.0
44;2021-05-06;37752;20915;1482424;684788;26.9;12.4
44;2021-05-07;35928;24643;1518352;709431;27.5;12.9
44;2021-05-08;18631;6573;1536983;716004;27.9;13.0
44;2021-05-09;11025;2851;1548008;718855;28.1;13.0
44;2021-05-10;24153;20628;1572161;739483;28.5;13.4
44;2021-05-11;34114;22732;1606275;762215;29.1;13.8
44;2021-05-12;36613;23818;1642888;786033;29.8;14.3
44;2021-05-13;27726;6291;1670614;792324;30.3;14.4
44;2021-05-14;43939;18655;1714553;810979;31.1;14.7
44;2021-05-15;33839;13948;1748392;824927;31.7;15.0
44;2021-05-16;15515;3457;1763907;828384;32.0;15.0
44;2021-05-17;27019;14396;1790926;842780;32.5;15.3
44;2021-05-18;34711;15120;1825637;857900;33.1;15.6
44;2021-05-19;36428;16221;1862065;874121;33.8;15.9
44;2021-05-20;40406;16267;1902471;890388;34.5;16.2
44;2021-05-21;42660;20733;1945131;911121;35.3;16.5
44;2021-05-22;27609;11462;1972740;922583;35.8;16.7
44;2021-05-23;8639;1697;1981379;924280;35.9;16.8
44;2021-05-24;17850;4608;1999229;928888;36.3;16.9
44;2021-05-25;30102;17494;2029331;946382;36.8;17.2
44;2021-05-26;32138;19367;2061469;965749;37.4;17.5
44;2021-05-27;34462;20724;2095931;986473;38.0;17.9
44;2021-05-28;37377;27663;2133308;1014136;38.7;18.4
44;2021-05-29;26670;20029;2159978;1034165;39.2;18.8
44;2021-05-30;6110;4203;2166088;1038368;39.3;18.8
44;2021-05-31;26816;19577;2192904;1057945;39.8;19.2
44;2021-06-01;31201;22767;2224105;1080712;40.4;19.6
44;2021-06-02;33120;22745;2257225;1103457;41.0;20.0
44;2021-06-03;34241;25126;2291466;1128583;41.6;20.5
44;2021-06-04;39347;31933;2330813;1160516;42.3;21.1
52;2020-12-27;0;0;0;0;0.0;0.0
52;2020-12-28;1;0;1;0;0.0;0.0
52;2020-12-29;0;0;1;0;0.0;0.0
52;2020-12-30;0;0;1;0;0.0;0.0
52;2020-12-31;0;0;1;0;0.0;0.0
52;2021-01-01;3;0;4;0;0.0;0.0
52;2021-01-02;1;0;5;0;0.0;0.0
52;2021-01-03;1;0;6;0;0.0;0.0
52;2021-01-04;34;0;40;0;0.0;0.0
52;2021-01-05;168;0;208;0;0.0;0.0
52;2021-01-06;384;1;592;1;0.0;0.0
52;2021-01-07;963;0;1555;1;0.0;0.0
52;2021-01-08;1664;2;3219;3;0.1;0.0
52;2021-01-09;1048;1;4267;4;0.1;0.0
52;2021-01-10;643;1;4910;5;0.1;0.0
52;2021-01-11;2197;0;7107;5;0.2;0.0
52;2021-01-12;3147;4;10254;9;0.3;0.0
52;2021-01-13;2962;2;13216;11;0.3;0.0
52;2021-01-14;3302;24;16518;35;0.4;0.0
52;2021-01-15;3010;9;19528;44;0.5;0.0
52;2021-01-16;894;5;20422;49;0.5;0.0
52;2021-01-17;499;3;20921;52;0.6;0.0
52;2021-01-18;3198;5;24119;57;0.6;0.0
52;2021-01-19;6553;7;30672;64;0.8;0.0
52;2021-01-20;8319;9;38991;73;1.0;0.0
52;2021-01-21;12165;8;51156;81;1.3;0.0
52;2021-01-22;7271;26;58427;107;1.5;0.0
52;2021-01-23;1678;4;60105;111;1.6;0.0
52;2021-01-24;174;0;60279;111;1.6;0.0
52;2021-01-25;3004;10;63283;121;1.7;0.0
52;2021-01-26;6734;151;70017;272;1.8;0.0
52;2021-01-27;7284;149;77301;421;2.0;0.0
52;2021-01-28;9724;462;87025;883;2.3;0.0
52;2021-01-29;5955;909;92980;1792;2.4;0.0
52;2021-01-30;1258;271;94238;2063;2.5;0.1
52;2021-01-31;79;314;94317;2377;2.5;0.1
52;2021-02-01;2521;1189;96838;3566;2.5;0.1
52;2021-02-02;2970;1859;99808;5425;2.6;0.1
52;2021-02-03;2685;2160;102493;7585;2.7;0.2
52;2021-02-04;2961;2115;105454;9700;2.8;0.3
52;2021-02-05;2965;2205;108419;11905;2.9;0.3
52;2021-02-06;1074;661;109493;12566;2.9;0.3
52;2021-02-07;151;297;109644;12863;2.9;0.3
52;2021-02-08;1930;2111;111574;14974;2.9;0.4
52;2021-02-09;3175;3710;114749;18684;3.0;0.5
52;2021-02-10;3319;4760;118068;23444;3.1;0.6
52;2021-02-11;6094;9289;124162;32733;3.3;0.9
52;2021-02-12;4704;5144;128866;37877;3.4;1.0
52;2021-02-13;1151;1242;130017;39119;3.4;1.0
52;2021-02-14;22;541;130039;39660;3.4;1.0
52;2021-02-15;2029;3532;132068;43192;3.5;1.1
52;2021-02-16;4110;6754;136178;49946;3.6;1.3
52;2021-02-17;3853;6941;140031;56887;3.7;1.5
52;2021-02-18;6134;9277;146165;66164;3.8;1.7
52;2021-02-19;5328;5818;151493;71982;4.0;1.9
52;2021-02-20;1027;1475;152520;73457;4.0;1.9
52;2021-02-21;6;274;152526;73731;4.0;1.9
52;2021-02-22;2627;3487;155153;77218;4.1;2.0
52;2021-02-23;3423;3696;158576;80914;4.2;2.1
52;2021-02-24;3279;3034;161855;83948;4.3;2.2
52;2021-02-25;6337;3205;168192;87153;4.4;2.3
52;2021-02-26;6187;2915;174379;90068;4.6;2.4
52;2021-02-27;2215;1044;176594;91112;4.6;2.4
52;2021-02-28;76;88;176670;91200;4.6;2.4
52;2021-03-01;3110;2325;179780;93525;4.7;2.5
52;2021-03-02;4721;3432;184501;96957;4.9;2.6
52;2021-03-03;5264;3403;189765;100360;5.0;2.6
52;2021-03-04;7776;4757;197541;105117;5.2;2.8
52;2021-03-05;8981;3904;206522;109021;5.4;2.9
52;2021-03-06;5626;1133;212148;110154;5.6;2.9
52;2021-03-07;2661;129;214809;110283;5.7;2.9
52;2021-03-08;5831;2408;220640;112691;5.8;3.0
52;2021-03-09;9528;3301;230168;115992;6.1;3.1
52;2021-03-10;9350;3381;239518;119373;6.3;3.1
52;2021-03-11;13555;5006;253073;124379;6.7;3.3
52;2021-03-12;15288;3724;268361;128103;7.1;3.4
52;2021-03-13;8243;738;276604;128841;7.3;3.4
52;2021-03-14;624;72;277228;128913;7.3;3.4
52;2021-03-15;8820;1906;286048;130819;7.5;3.4
52;2021-03-16;7570;2609;293618;133428;7.7;3.5
52;2021-03-17;6438;2372;300056;135800;7.9;3.6
52;2021-03-18;8299;2500;308355;138300;8.1;3.6
52;2021-03-19;11836;2110;320191;140410;8.4;3.7
52;2021-03-20;7070;742;327261;141152;8.6;3.7
52;2021-03-21;1688;45;328949;141197;8.7;3.7
52;2021-03-22;8998;1995;337947;143192;8.9;3.8
52;2021-03-23;13148;2574;351095;145766;9.2;3.8
52;2021-03-24;13239;2014;364334;147780;9.6;3.9
52;2021-03-25;18116;2764;382450;150544;10.1;4.0
52;2021-03-26;18871;2347;401321;152891;10.6;4.0
52;2021-03-27;7526;642;408847;153533;10.8;4.0
52;2021-03-28;2189;65;411036;153598;10.8;4.0
52;2021-03-29;10951;2704;421987;156302;11.1;4.1
52;2021-03-30;15643;3571;437630;159873;11.5;4.2
52;2021-03-31;13670;3226;451300;163099;11.9;4.3
52;2021-04-01;18837;3648;470137;166747;12.4;4.4
52;2021-04-02;17046;3464;487183;170211;12.8;4.5
52;2021-04-03;5509;1189;492692;171400;13.0;4.5
52;2021-04-04;1322;50;494014;171450;13.0;4.5
52;2021-04-05;1779;532;495793;171982;13.0;4.5
52;2021-04-06;11776;5227;507569;177209;13.4;4.7
52;2021-04-07;15177;5618;522746;182827;13.7;4.8
52;2021-04-08;21178;6336;543924;189163;14.3;5.0
52;2021-04-09;26571;5233;570495;194396;15.0;5.1
52;2021-04-10;10107;2344;580602;196740;15.3;5.2
52;2021-04-11;2566;431;583168;197171;15.3;5.2
52;2021-04-12;16315;6550;599483;203721;15.8;5.4
52;2021-04-13;20711;8129;620194;211850;16.3;5.6
52;2021-04-14;17607;6887;637801;218737;16.8;5.8
52;2021-04-15;21117;7988;658918;226725;17.3;6.0
52;2021-04-16;22566;7416;681484;234141;17.9;6.2
52;2021-04-17;9959;3019;691443;237160;18.2;6.2
52;2021-04-18;3036;1299;694479;238459;18.3;6.3
52;2021-04-19;14169;7801;708648;246260;18.6;6.5
52;2021-04-20;18252;9361;726900;255621;19.1;6.7
52;2021-04-21;15947;9120;742847;264741;19.5;7.0
52;2021-04-22;19364;10129;762211;274870;20.0;7.2
52;2021-04-23;20488;9916;782699;284786;20.6;7.5
52;2021-04-24;10001;4964;792700;289750;20.9;7.6
52;2021-04-25;3972;1936;796672;291686;21.0;7.7
52;2021-04-26;16778;9881;813450;301567;21.4;7.9
52;2021-04-27;21006;12506;834456;314073;21.9;8.3
52;2021-04-28;22700;10591;857156;324664;22.5;8.5
52;2021-04-29;24963;12609;882119;337273;23.2;8.9
52;2021-04-30;25575;12430;907694;349703;23.9;9.2
52;2021-05-01;8610;2459;916304;352162;24.1;9.3
52;2021-05-02;4294;1258;920598;353420;24.2;9.3
52;2021-05-03;19019;10572;939617;363992;24.7;9.6
52;2021-05-04;20008;14342;959625;378334;25.2;10.0
52;2021-05-05;20800;12728;980425;391062;25.8;10.3
52;2021-05-06;22423;13777;1002848;404839;26.4;10.6
52;2021-05-07;20647;17980;1023495;422819;26.9;11.1
52;2021-05-08;11072;2047;1034567;424866;27.2;11.2
52;2021-05-09;5386;2209;1039953;427075;27.4;11.2
52;2021-05-10;20584;17237;1060537;444312;27.9;11.7
52;2021-05-11;24835;19556;1085372;463868;28.5;12.2
52;2021-05-12;24575;17052;1109947;480920;29.2;12.6
52;2021-05-13;18554;2680;1128501;483600;29.7;12.7
52;2021-05-14;22651;12361;1151152;495961;30.3;13.0
52;2021-05-15;15654;5164;1166806;501125;30.7;13.2
52;2021-05-16;10269;1134;1177075;502259;31.0;13.2
52;2021-05-17;21072;14616;1198147;516875;31.5;13.6
52;2021-05-18;24732;15039;1222879;531914;32.2;14.0
52;2021-05-19;26682;11389;1249561;543303;32.9;14.3
52;2021-05-20;29329;12024;1278890;555327;33.6;14.6
52;2021-05-21;27431;13877;1306321;569204;34.4;15.0
52;2021-05-22;15534;4738;1321855;573942;34.8;15.1
52;2021-05-23;4470;1135;1326325;575077;34.9;15.1
52;2021-05-24;15984;2733;1342309;577810;35.3;15.2
52;2021-05-25;24389;14493;1366698;592303;35.9;15.6
52;2021-05-26;25105;12623;1391803;604926;36.6;15.9
52;2021-05-27;29025;14772;1420828;619698;37.4;16.3
52;2021-05-28;27881;17818;1448709;637516;38.1;16.8
52;2021-05-29;18301;7753;1467010;645269;38.6;17.0
52;2021-05-30;4228;1714;1471238;646983;38.7;17.0
52;2021-05-31;24374;15835;1495612;662818;39.3;17.4
52;2021-06-01;28750;17748;1524362;680566;40.1;17.9
52;2021-06-02;27262;15139;1551624;695705;40.8;18.3
52;2021-06-03;31645;16222;1583269;711927;41.6;18.7
52;2021-06-04;29036;20620;1612305;732547;42.4;19.3
53;2020-12-27;0;0;0;0;0.0;0.0
53;2020-12-28;0;0;0;0;0.0;0.0
53;2020-12-29;0;0;0;0;0.0;0.0
53;2020-12-30;0;0;0;0;0.0;0.0
53;2020-12-31;0;0;0;0;0.0;0.0
53;2021-01-01;3;0;3;0;0.0;0.0
53;2021-01-02;3;0;6;0;0.0;0.0
53;2021-01-03;0;0;6;0;0.0;0.0
53;2021-01-04;43;0;49;0;0.0;0.0
53;2021-01-05;200;0;249;0;0.0;0.0
53;2021-01-06;331;1;580;1;0.0;0.0
53;2021-01-07;834;0;1414;1;0.0;0.0
53;2021-01-08;1209;0;2623;1;0.1;0.0
53;2021-01-09;34;0;2657;1;0.1;0.0
53;2021-01-10;4;0;2661;1;0.1;0.0
53;2021-01-11;1660;3;4321;4;0.1;0.0
53;2021-01-12;3377;1;7698;5;0.2;0.0
53;2021-01-13;3326;3;11024;8;0.3;0.0
53;2021-01-14;3807;27;14831;35;0.4;0.0
53;2021-01-15;3298;15;18129;50;0.5;0.0
53;2021-01-16;683;4;18812;54;0.6;0.0
53;2021-01-17;180;1;18992;55;0.6;0.0
53;2021-01-18;3361;5;22353;60;0.7;0.0
53;2021-01-19;8154;4;30507;64;0.9;0.0
53;2021-01-20;7005;4;37512;68;1.1;0.0
53;2021-01-21;11456;5;48968;73;1.5;0.0
53;2021-01-22;7796;7;56764;80;1.7;0.0
53;2021-01-23;1492;2;58256;82;1.7;0.0
53;2021-01-24;255;1;58511;83;1.8;0.0
53;2021-01-25;3055;35;61566;118;1.8;0.0
53;2021-01-26;4111;232;65677;350;2.0;0.0
53;2021-01-27;7233;325;72910;675;2.2;0.0
53;2021-01-28;7128;638;80038;1313;2.4;0.0
53;2021-01-29;4229;728;84267;2041;2.5;0.1
53;2021-01-30;846;43;85113;2084;2.5;0.1
53;2021-01-31;79;3;85192;2087;2.6;0.1
53;2021-02-01;2207;1026;87399;3113;2.6;0.1
53;2021-02-02;3438;2014;90837;5127;2.7;0.2
53;2021-02-03;3173;2184;94010;7311;2.8;0.2
53;2021-02-04;7093;2271;101103;9582;3.0;0.3
53;2021-02-05;5578;2134;106681;11716;3.2;0.4
53;2021-02-06;1201;276;107882;11992;3.2;0.4
53;2021-02-07;213;132;108095;12124;3.2;0.4
53;2021-02-08;1651;1531;109746;13655;3.3;0.4
53;2021-02-09;3972;5251;113718;18906;3.4;0.6
53;2021-02-10;3791;4644;117509;23550;3.5;0.7
53;2021-02-11;5728;8785;123237;32335;3.7;1.0
53;2021-02-12;5656;5245;128893;37580;3.9;1.1
53;2021-02-13;1232;851;130125;38431;3.9;1.2
53;2021-02-14;25;348;130150;38779;3.9;1.2
53;2021-02-15;2325;3583;132475;42362;4.0;1.3
53;2021-02-16;4047;3539;136522;45901;4.1;1.4
53;2021-02-17;4072;5374;140594;51275;4.2;1.5
53;2021-02-18;5947;5736;146541;57011;4.4;1.7
53;2021-02-19;5354;4846;151895;61857;4.5;1.9
53;2021-02-20;1189;888;153084;62745;4.6;1.9
53;2021-02-21;165;218;153249;62963;4.6;1.9
53;2021-02-22;2317;2822;155566;65785;4.7;2.0
53;2021-02-23;3947;3669;159513;69454;4.8;2.1
53;2021-02-24;4467;3775;163980;73229;4.9;2.2
53;2021-02-25;7947;7136;171927;80365;5.1;2.4
53;2021-02-26;8673;4395;180600;84760;5.4;2.5
53;2021-02-27;3446;1103;184046;85863;5.5;2.6
53;2021-02-28;228;194;184274;86057;5.5;2.6
53;2021-03-01;3477;2263;187751;88320;5.6;2.6
53;2021-03-02;5614;4456;193365;92776;5.8;2.8
53;2021-03-03;6431;3784;199796;96560;6.0;2.9
53;2021-03-04;9272;4916;209068;101476;6.3;3.0
53;2021-03-05;11898;5201;220966;106677;6.6;3.2
53;2021-03-06;5628;1010;226594;107687;6.8;3.2
53;2021-03-07;913;141;227507;107828;6.8;3.2
53;2021-03-08;5160;2203;232667;110031;7.0;3.3
53;2021-03-09;9650;2917;242317;112948;7.3;3.4
53;2021-03-10;9265;3354;251582;116302;7.5;3.5
53;2021-03-11;14281;4030;265863;120332;8.0;3.6
53;2021-03-12;18574;3211;284437;123543;8.5;3.7
53;2021-03-13;8776;929;293213;124472;8.8;3.7
53;2021-03-14;811;50;294024;124522;8.8;3.7
53;2021-03-15;6862;2023;300886;126545;9.0;3.8
53;2021-03-16;6978;3398;307864;129943;9.2;3.9
53;2021-03-17;8223;2813;316087;132756;9.5;4.0
53;2021-03-18;8710;4649;324797;137405;9.7;4.1
53;2021-03-19;12969;3641;337766;141046;10.1;4.2
53;2021-03-20;7105;805;344871;141851;10.3;4.2
53;2021-03-21;381;32;345252;141883;10.3;4.2
53;2021-03-22;7325;2156;352577;144039;10.6;4.3
53;2021-03-23;12957;3654;365534;147693;10.9;4.4
53;2021-03-24;14358;3217;379892;150910;11.4;4.5
53;2021-03-25;18232;3349;398124;154259;11.9;4.6
53;2021-03-26;20234;3176;418358;157435;12.5;4.7
53;2021-03-27;7389;1010;425747;158445;12.7;4.7
53;2021-03-28;526;86;426273;158531;12.8;4.7
53;2021-03-29;9785;3156;436058;161687;13.1;4.8
53;2021-03-30;15284;4584;451342;166271;13.5;5.0
53;2021-03-31;14095;4250;465437;170521;13.9;5.1
53;2021-04-01;18147;4256;483584;174777;14.5;5.2
53;2021-04-02;17847;4339;501431;179116;15.0;5.4
53;2021-04-03;6413;1418;507844;180534;15.2;5.4
53;2021-04-04;410;31;508254;180565;15.2;5.4
53;2021-04-05;1224;333;509478;180898;15.3;5.4
53;2021-04-06;12498;5678;521976;186576;15.6;5.6
53;2021-04-07;15017;5344;536993;191920;16.1;5.7
53;2021-04-08;20564;6074;557557;197994;16.7;5.9
53;2021-04-09;26575;5538;584132;203532;17.5;6.1
53;2021-04-10;10310;1708;594442;205240;17.8;6.1
53;2021-04-11;811;213;595253;205453;17.8;6.2
53;2021-04-12;15817;4899;611070;210352;18.3;6.3
53;2021-04-13;22660;7206;633730;217558;19.0;6.5
53;2021-04-14;19323;7908;653053;225466;19.6;6.7
53;2021-04-15;25309;8031;678362;233497;20.3;7.0
53;2021-04-16;26207;7539;704569;241036;21.1;7.2
53;2021-04-17;10455;3598;715024;244634;21.4;7.3
53;2021-04-18;1033;147;716057;244781;21.4;7.3
53;2021-04-19;15393;6522;731450;251303;21.9;7.5
53;2021-04-20;16934;9555;748384;260858;22.4;7.8
53;2021-04-21;16758;9446;765142;270304;22.9;8.1
53;2021-04-22;21733;10167;786875;280471;23.6;8.4
53;2021-04-23;21671;10056;808546;290527;24.2;8.7
53;2021-04-24;9954;4179;818500;294706;24.5;8.8
53;2021-04-25;902;331;819402;295037;24.5;8.8
53;2021-04-26;18080;8452;837482;303489;25.1;9.1
53;2021-04-27;19788;12035;857270;315524;25.7;9.4
53;2021-04-28;19873;10779;877143;326303;26.3;9.8
53;2021-04-29;23401;12232;900544;338535;27.0;10.1
53;2021-04-30;23804;12404;924348;350939;27.7;10.5
53;2021-05-01;5094;1620;929442;352559;27.8;10.6
53;2021-05-02;2784;514;932226;353073;27.9;10.6
53;2021-05-03;15629;9361;947855;362434;28.4;10.9
53;2021-05-04;15489;15771;963344;378205;28.8;11.3
53;2021-05-05;14821;14664;978165;392869;29.3;11.8
53;2021-05-06;19188;17817;997353;410686;29.9;12.3
53;2021-05-07;18541;18196;1015894;428882;30.4;12.8
53;2021-05-08;5398;1114;1021292;429996;30.6;12.9
53;2021-05-09;3501;852;1024793;430848;30.7;12.9
53;2021-05-10;16457;15193;1041250;446041;31.2;13.4
53;2021-05-11;18507;18715;1059757;464756;31.7;13.9
53;2021-05-12;20977;15594;1080734;480350;32.4;14.4
53;2021-05-13;9002;3943;1089736;484293;32.6;14.5
53;2021-05-14;21630;13706;1111366;497999;33.3;14.9
53;2021-05-15;13361;5320;1124727;503319;33.7;15.1
53;2021-05-16;3213;872;1127940;504191;33.8;15.1
53;2021-05-17;18092;11143;1146032;515334;34.3;15.4
53;2021-05-18;20775;12364;1166807;527698;34.9;15.8
53;2021-05-19;21500;10603;1188307;538301;35.6;16.1
53;2021-05-20;23796;14700;1212103;553001;36.3;16.6
53;2021-05-21;22805;15218;1234908;568219;37.0;17.0
53;2021-05-22;13124;5830;1248032;574049;37.4;17.2
53;2021-05-23;2970;309;1251002;574358;37.5;17.2
53;2021-05-24;13922;2483;1264924;576841;37.9;17.3
53;2021-05-25;19898;12798;1284822;589639;38.5;17.7
53;2021-05-26;19209;13766;1304031;603405;39.0;18.1
53;2021-05-27;22006;17375;1326037;620780;39.7;18.6
53;2021-05-28;21723;20382;1347760;641162;40.3;19.2
53;2021-05-29;12131;7320;1359891;648482;40.7;19.4
53;2021-05-30;2302;472;1362193;648954;40.8;19.4
53;2021-05-31;20665;14060;1382858;663014;41.4;19.8
53;2021-06-01;22876;16451;1405734;679465;42.1;20.3
53;2021-06-02;21614;14194;1427348;693659;42.7;20.8
53;2021-06-03;24946;16819;1452294;710478;43.5;21.3
53;2021-06-04;22912;22509;1475206;732987;44.2;21.9
75;2020-12-27;1;0;1;0;0.0;0.0
75;2020-12-28;2;0;3;0;0.0;0.0
75;2020-12-29;3;0;6;0;0.0;0.0
75;2020-12-30;2;0;8;0;0.0;0.0
75;2020-12-31;0;0;8;0;0.0;0.0
75;2021-01-01;4;0;12;0;0.0;0.0
75;2021-01-02;2;0;14;0;0.0;0.0
75;2021-01-03;0;0;14;0;0.0;0.0
75;2021-01-04;89;0;103;0;0.0;0.0
75;2021-01-05;124;0;227;0;0.0;0.0
75;2021-01-06;736;1;963;1;0.0;0.0
75;2021-01-07;4918;3;5881;4;0.1;0.0
75;2021-01-08;5455;3;11336;7;0.2;0.0
75;2021-01-09;844;1;12180;8;0.2;0.0
75;2021-01-10;479;0;12659;8;0.2;0.0
75;2021-01-11;3575;1;16234;9;0.3;0.0
75;2021-01-12;5944;4;22178;13;0.4;0.0
75;2021-01-13;6551;9;28729;22;0.5;0.0
75;2021-01-14;8117;71;36846;93;0.6;0.0
75;2021-01-15;7602;25;44448;118;0.7;0.0
75;2021-01-16;1607;14;46055;132;0.8;0.0
75;2021-01-17;425;4;46480;136;0.8;0.0
75;2021-01-18;6883;28;53363;164;0.9;0.0
75;2021-01-19;14035;10;67398;174;1.1;0.0
75;2021-01-20;15535;9;82933;183;1.4;0.0
75;2021-01-21;16947;18;99880;201;1.7;0.0
75;2021-01-22;12970;19;112850;220;1.9;0.0
75;2021-01-23;4419;3;117269;223;2.0;0.0
75;2021-01-24;700;1;117969;224;2.0;0.0
75;2021-01-25;8861;215;126830;439;2.1;0.0
75;2021-01-26;11714;449;138544;888;2.3;0.0
75;2021-01-27;12269;768;150813;1656;2.5;0.0
75;2021-01-28;12940;2653;163753;4309;2.7;0.1
75;2021-01-29;9995;2985;173748;7294;2.9;0.1
75;2021-01-30;3377;516;177125;7810;3.0;0.1
75;2021-01-31;646;420;177771;8230;3.0;0.1
75;2021-02-01;5768;2639;183539;10869;3.1;0.2
75;2021-02-02;9595;4354;193134;15223;3.2;0.3
75;2021-02-03;9594;4367;202728;19590;3.4;0.3
75;2021-02-04;10749;5678;213477;25268;3.6;0.4
75;2021-02-05;7485;5634;220962;30902;3.7;0.5
75;2021-02-06;2377;1105;223339;32007;3.7;0.5
75;2021-02-07;673;250;224012;32257;3.7;0.5
75;2021-02-08;5134;3651;229146;35908;3.8;0.6
75;2021-02-09;7307;8075;236453;43983;3.9;0.7
75;2021-02-10;7569;8729;244022;52712;4.1;0.9
75;2021-02-11;8839;10264;252861;62976;4.2;1.0
75;2021-02-12;7405;8827;260266;71803;4.3;1.2
75;2021-02-13;1951;1759;262217;73562;4.4;1.2
75;2021-02-14;274;364;262491;73926;4.4;1.2
75;2021-02-15;3235;7835;265726;81761;4.4;1.4
75;2021-02-16;4619;10514;270345;92275;4.5;1.5
75;2021-02-17;4755;11299;275100;103574;4.6;1.7
75;2021-02-18;5447;12832;280547;116406;4.7;1.9
75;2021-02-19;5416;9621;285963;126027;4.8;2.1
75;2021-02-20;987;2631;286950;128658;4.8;2.1
75;2021-02-21;186;667;287136;129325;4.8;2.2
75;2021-02-22;3647;8508;290783;137833;4.8;2.3
75;2021-02-23;5351;10930;296134;148763;4.9;2.5
75;2021-02-24;6126;10271;302260;159034;5.0;2.7
75;2021-02-25;10008;11766;312268;170800;5.2;2.8
75;2021-02-26;12219;8836;324487;179636;5.4;3.0
75;2021-02-27;5780;2480;330267;182116;5.5;3.0
75;2021-02-28;311;694;330578;182810;5.5;3.0
75;2021-03-01;5085;7001;335663;189811;5.6;3.2
75;2021-03-02;9361;8144;345024;197955;5.8;3.3
75;2021-03-03;10841;7806;355865;205761;5.9;3.4
75;2021-03-04;16715;8151;372580;213912;6.2;3.6
75;2021-03-05;20827;7410;393407;221322;6.6;3.7
75;2021-03-06;13403;2206;406810;223528;6.8;3.7
75;2021-03-07;3709;453;410519;223981;6.8;3.7
75;2021-03-08;9968;5366;420487;229347;7.0;3.8
75;2021-03-09;16830;6458;437317;235805;7.3;3.9
75;2021-03-10;18230;6279;455547;242084;7.6;4.0
75;2021-03-11;26415;6635;481962;248719;8.0;4.1
75;2021-03-12;31276;5324;513238;254043;8.6;4.2
75;2021-03-13;17782;1167;531020;255210;8.9;4.3
75;2021-03-14;1690;237;532710;255447;8.9;4.3
75;2021-03-15;14045;3400;546755;258847;9.1;4.3
75;2021-03-16;13677;3697;560432;262544;9.3;4.4
75;2021-03-17;14735;3863;575167;266407;9.6;4.4
75;2021-03-18;16315;4673;591482;271080;9.9;4.5
75;2021-03-19;22397;4248;613879;275328;10.2;4.6
75;2021-03-20;13984;807;627863;276135;10.5;4.6
75;2021-03-21;2458;105;630321;276240;10.5;4.6
75;2021-03-22;16765;3434;647086;279674;10.8;4.7
75;2021-03-23;25202;3852;672288;283526;11.2;4.7
75;2021-03-24;27095;4277;699383;287803;11.7;4.8
75;2021-03-25;35524;4581;734907;292384;12.2;4.9
75;2021-03-26;38514;4122;773421;296506;12.9;4.9
75;2021-03-27;15673;1252;789094;297758;13.2;5.0
75;2021-03-28;2720;384;791814;298142;13.2;5.0
75;2021-03-29;22803;4098;814617;302240;13.6;5.0
75;2021-03-30;31576;5917;846193;308157;14.1;5.1
75;2021-03-31;29701;5880;875894;314037;14.6;5.2
75;2021-04-01;34950;6887;910844;320924;15.2;5.3
75;2021-04-02;32273;6820;943117;327744;15.7;5.5
75;2021-04-03;12806;2618;955923;330362;15.9;5.5
75;2021-04-04;2134;335;958057;330697;16.0;5.5
75;2021-04-05;6358;593;964415;331290;16.1;5.5
75;2021-04-06;26323;10776;990738;342066;16.5;5.7
75;2021-04-07;32331;10971;1023069;353037;17.1;5.9
75;2021-04-08;39505;12282;1062574;365319;17.7;6.1
75;2021-04-09;49163;10902;1111737;376221;18.5;6.3
75;2021-04-10;24297;4937;1136034;381158;18.9;6.4
75;2021-04-11;4966;712;1141000;381870;19.0;6.4
75;2021-04-12;27343;11791;1168343;393661;19.5;6.6
75;2021-04-13;35652;14270;1203995;407931;20.1;6.8
75;2021-04-14;35364;14407;1239359;422338;20.7;7.0
75;2021-04-15;37620;15008;1276979;437346;21.3;7.3
75;2021-04-16;37087;15075;1314066;452421;21.9;7.5
75;2021-04-17;19523;7342;1333589;459763;22.2;7.7
75;2021-04-18;4070;2045;1337659;461808;22.3;7.7
75;2021-04-19;20879;14911;1358538;476719;22.6;7.9
75;2021-04-20;28464;19070;1387002;495789;23.1;8.3
75;2021-04-21;27786;18003;1414788;513792;23.6;8.6
75;2021-04-22;30315;19621;1445103;533413;24.1;8.9
75;2021-04-23;28996;20164;1474099;553577;24.6;9.2
75;2021-04-24;16966;9093;1491065;562670;24.9;9.4
75;2021-04-25;4589;1492;1495654;564162;24.9;9.4
75;2021-04-26;22141;19243;1517795;583405;25.3;9.7
75;2021-04-27;29073;24251;1546868;607656;25.8;10.1
75;2021-04-28;30978;23956;1577846;631612;26.3;10.5
75;2021-04-29;37092;26562;1614938;658174;26.9;11.0
75;2021-04-30;37597;25780;1652535;683954;27.5;11.4
75;2021-05-01;15634;5707;1668169;689661;27.8;11.5
75;2021-05-02;7212;2590;1675381;692251;27.9;11.5
75;2021-05-03;27116;21032;1702497;713283;28.4;11.9
75;2021-05-04;30169;29234;1732666;742517;28.9;12.4
75;2021-05-05;31298;30910;1763964;773427;29.4;12.9
75;2021-05-06;35786;32322;1799750;805749;30.0;13.4
75;2021-05-07;37337;34302;1837087;840051;30.6;14.0
75;2021-05-08;17316;8021;1854403;848072;30.9;14.1
75;2021-05-09;7288;4137;1861691;852209;31.0;14.2
75;2021-05-10;24964;28966;1886655;881175;31.4;14.7
75;2021-05-11;35383;32906;1922038;914081;32.0;15.2
75;2021-05-12;35333;30083;1957371;944164;32.6;15.7
75;2021-05-13;22594;7473;1979965;951637;33.0;15.9
75;2021-05-14;33716;20800;2013681;972437;33.6;16.2
75;2021-05-15;22854;11047;2036535;983484;33.9;16.4
75;2021-05-16;7364;2056;2043899;985540;34.1;16.4
75;2021-05-17;33772;19170;2077671;1004710;34.6;16.7
75;2021-05-18;42509;19856;2120180;1024566;35.3;17.1
75;2021-05-19;42544;17551;2162724;1042117;36.0;17.4
75;2021-05-20;45726;20296;2208450;1062413;36.8;17.7
75;2021-05-21;42697;21322;2251147;1083735;37.5;18.1
75;2021-05-22;23215;9761;2274362;1093496;37.9;18.2
75;2021-05-23;7798;1419;2282160;1094915;38.0;18.2
75;2021-05-24;18678;4033;2300838;1098948;38.3;18.3
75;2021-05-25;36769;20910;2337607;1119858;39.0;18.7
75;2021-05-26;38175;21416;2375782;1141274;39.6;19.0
75;2021-05-27;42763;27016;2418545;1168290;40.3;19.5
75;2021-05-28;38785;32223;2457330;1200513;41.0;20.0
75;2021-05-29;19623;18073;2476953;1218586;41.3;20.3
75;2021-05-30;5768;2281;2482721;1220867;41.4;20.3
75;2021-05-31;31584;23089;2514305;1243956;41.9;20.7
75;2021-06-01;40891;29540;2555196;1273496;42.6;21.2
75;2021-06-02;41138;28128;2596334;1301624;43.3;21.7
75;2021-06-03;47460;31107;2643794;1332731;44.1;22.2
75;2021-06-04;43980;36782;2687774;1369513;44.8;22.8
76;2020-12-27;0;0;0;0;0.0;0.0
76;2020-12-28;3;0;3;0;0.0;0.0
76;2020-12-29;0;0;3;0;0.0;0.0
76;2020-12-30;0;0;3;0;0.0;0.0
76;2020-12-31;1;0;4;0;0.0;0.0
76;2021-01-01;3;0;7;0;0.0;0.0
76;2021-01-02;2;0;9;0;0.0;0.0
76;2021-01-03;2;0;11;0;0.0;0.0
76;2021-01-04;59;1;70;1;0.0;0.0
76;2021-01-05;473;1;543;2;0.0;0.0
76;2021-01-06;783;1;1326;3;0.0;0.0
76;2021-01-07;2537;3;3863;6;0.1;0.0
76;2021-01-08;3212;1;7075;7;0.1;0.0
76;2021-01-09;1537;0;8612;7;0.1;0.0
76;2021-01-10;517;0;9129;7;0.2;0.0
76;2021-01-11;3522;7;12651;14;0.2;0.0
76;2021-01-12;5736;6;18387;20;0.3;0.0
76;2021-01-13;6474;9;24861;29;0.4;0.0
76;2021-01-14;8985;78;33846;107;0.6;0.0
76;2021-01-15;7250;27;41096;134;0.7;0.0
76;2021-01-16;1951;20;43047;154;0.7;0.0
76;2021-01-17;708;3;43755;157;0.7;0.0
76;2021-01-18;7699;18;51454;175;0.9;0.0
76;2021-01-19;11189;21;62643;196;1.1;0.0
76;2021-01-20;13685;19;76328;215;1.3;0.0
76;2021-01-21;16667;16;92995;231;1.6;0.0
76;2021-01-22;11846;26;104841;257;1.8;0.0
76;2021-01-23;3878;7;108719;264;1.8;0.0
76;2021-01-24;764;11;109483;275;1.8;0.0
76;2021-01-25;7825;93;117308;368;2.0;0.0
76;2021-01-26;10338;279;127646;647;2.2;0.0
76;2021-01-27;10827;476;138473;1123;2.3;0.0
76;2021-01-28;10136;1691;148609;2814;2.5;0.0
76;2021-01-29;8082;1988;156691;4802;2.6;0.1
76;2021-01-30;3183;771;159874;5573;2.7;0.1
76;2021-01-31;517;267;160391;5840;2.7;0.1
76;2021-02-01;5850;2601;166241;8441;2.8;0.1
76;2021-02-02;10050;3994;176291;12435;3.0;0.2
76;2021-02-03;9513;4063;185804;16498;3.1;0.3
76;2021-02-04;10082;5955;195886;22453;3.3;0.4
76;2021-02-05;7772;5024;203658;27477;3.4;0.5
76;2021-02-06;2689;1050;206347;28527;3.5;0.5
76;2021-02-07;541;494;206888;29021;3.5;0.5
76;2021-02-08;4838;4526;211726;33547;3.6;0.6
76;2021-02-09;6312;6817;218038;40364;3.7;0.7
76;2021-02-10;7163;9228;225201;49592;3.8;0.8
76;2021-02-11;9112;10728;234313;60320;4.0;1.0
76;2021-02-12;8039;7677;242352;67997;4.1;1.1
76;2021-02-13;2645;2269;244997;70266;4.1;1.2
76;2021-02-14;356;994;245353;71260;4.1;1.2
76;2021-02-15;3380;6462;248733;77722;4.2;1.3
76;2021-02-16;4240;8686;252973;86408;4.3;1.5
76;2021-02-17;4372;9643;257345;96051;4.3;1.6
76;2021-02-18;5868;9983;263213;106034;4.4;1.8
76;2021-02-19;4838;8123;268051;114157;4.5;1.9
76;2021-02-20;1529;3034;269580;117191;4.5;2.0
76;2021-02-21;262;594;269842;117785;4.6;2.0
76;2021-02-22;3269;7657;273111;125442;4.6;2.1
76;2021-02-23;4915;10227;278026;135669;4.7;2.3
76;2021-02-24;4638;10410;282664;146079;4.8;2.5
76;2021-02-25;8300;9879;290964;155958;4.9;2.6
76;2021-02-26;9626;8370;300590;164328;5.1;2.8
76;2021-02-27;3698;3089;304288;167417;5.1;2.8
76;2021-02-28;430;452;304718;167869;5.1;2.8
76;2021-03-01;5290;6118;310008;173987;5.2;2.9
76;2021-03-02;8210;7549;318218;181536;5.4;3.1
76;2021-03-03;9205;7454;327423;188990;5.5;3.2
76;2021-03-04;14309;7884;341732;196874;5.8;3.3
76;2021-03-05;16902;7113;358634;203987;6.1;3.4
76;2021-03-06;15825;2108;374459;206095;6.3;3.5
76;2021-03-07;11364;437;385823;206532;6.5;3.5
76;2021-03-08;9910;5495;395733;212027;6.7;3.6
76;2021-03-09;16174;6432;411907;218459;7.0;3.7
76;2021-03-10;16393;6456;428300;224915;7.2;3.8
76;2021-03-11;22523;6344;450823;231259;7.6;3.9
76;2021-03-12;26349;5215;477172;236474;8.1;4.0
76;2021-03-13;14847;2126;492019;238600;8.3;4.0
76;2021-03-14;2313;350;494332;238950;8.3;4.0
76;2021-03-15;13453;3257;507785;242207;8.6;4.1
76;2021-03-16;11753;4507;519538;246714;8.8;4.2
76;2021-03-17;12825;3948;532363;250662;9.0;4.2
76;2021-03-18;13684;4958;546047;255620;9.2;4.3
76;2021-03-19;18608;3965;564655;259585;9.5;4.4
76;2021-03-20;10629;1103;575284;260688;9.7;4.4
76;2021-03-21;3190;215;578474;260903;9.8;4.4
76;2021-03-22;14621;3551;593095;264454;10.0;4.5
76;2021-03-23;22180;4286;615275;268740;10.4;4.5
76;2021-03-24;23520;4127;638795;272867;10.8;4.6
76;2021-03-25;31880;4537;670675;277404;11.3;4.7
76;2021-03-26;30724;4002;701399;281406;11.8;4.7
76;2021-03-27;16166;1366;717565;282772;12.1;4.8
76;2021-03-28;4860;179;722425;282951;12.2;4.8
76;2021-03-29;22236;4830;744661;287781;12.6;4.9
76;2021-03-30;29577;5638;774238;293419;13.1;5.0
76;2021-03-31;26799;5509;801037;298928;13.5;5.0
76;2021-04-01;34359;5806;835396;304734;14.1;5.1
76;2021-04-02;29257;5679;864653;310413;14.6;5.2
76;2021-04-03;12107;2818;876760;313231;14.8;5.3
76;2021-04-04;4345;644;881105;313875;14.9;5.3
76;2021-04-05;4278;661;885383;314536;14.9;5.3
76;2021-04-06;22778;9685;908161;324221;15.3;5.5
76;2021-04-07;25197;9797;933358;334018;15.8;5.6
76;2021-04-08;33032;10153;966390;344171;16.3;5.8
76;2021-04-09;38782;9510;1005172;353681;17.0;6.0
76;2021-04-10;22665;5093;1027837;358774;17.3;6.1
76;2021-04-11;8845;1410;1036682;360184;17.5;6.1
76;2021-04-12;25961;10438;1062643;370622;17.9;6.3
76;2021-04-13;35687;12753;1098330;383375;18.5;6.5
76;2021-04-14;32793;13180;1131123;396555;19.1;6.7
76;2021-04-15;37354;13728;1168477;410283;19.7;6.9
76;2021-04-16;34344;13030;1202821;423313;20.3;7.1
76;2021-04-17;21328;6592;1224149;429905;20.7;7.3
76;2021-04-18;7699;2668;1231848;432573;20.8;7.3
76;2021-04-19;22024;12877;1253872;445450;21.2;7.5
76;2021-04-20;27940;16656;1281812;462106;21.6;7.8
76;2021-04-21;26991;16873;1308803;478979;22.1;8.1
76;2021-04-22;30318;17848;1339121;496827;22.6;8.4
76;2021-04-23;28629;16331;1367750;513158;23.1;8.7
76;2021-04-24;18427;10342;1386177;523500;23.4;8.8
76;2021-04-25;6891;4171;1393068;527671;23.5;8.9
76;2021-04-26;19746;18335;1412814;546006;23.8;9.2
76;2021-04-27;26566;21316;1439380;567322;24.3;9.6
76;2021-04-28;25750;20890;1465130;588212;24.7;9.9
76;2021-04-29;29589;23114;1494719;611326;25.2;10.3
76;2021-04-30;30635;20054;1525354;631380;25.7;10.7
76;2021-05-01;17365;6959;1542719;638339;26.0;10.8
76;2021-05-02;9439;4756;1552158;643095;26.2;10.9
76;2021-05-03;26372;16712;1578530;659807;26.6;11.1
76;2021-05-04;29833;25750;1608363;685557;27.1;11.6
76;2021-05-05;27959;26338;1636322;711895;27.6;12.0
76;2021-05-06;30816;30783;1667138;742678;28.1;12.5
76;2021-05-07;31466;30705;1698604;773383;28.7;13.1
76;2021-05-08;16834;10491;1715438;783874;29.0;13.2
76;2021-05-09;9670;8658;1725108;792532;29.1;13.4
76;2021-05-10;23872;27995;1748980;820527;29.5;13.8
76;2021-05-11;31336;32989;1780316;853516;30.0;14.4
76;2021-05-12;32958;29321;1813274;882837;30.6;14.9
76;2021-05-13;25790;9664;1839064;892501;31.0;15.1
76;2021-05-14;34341;21224;1873405;913725;31.6;15.4
76;2021-05-15;24468;12174;1897873;925899;32.0;15.6
76;2021-05-16;15371;3762;1913244;929661;32.3;15.7
76;2021-05-17;27711;19173;1940955;948834;32.8;16.0
76;2021-05-18;35010;19505;1975965;968339;33.4;16.3
76;2021-05-19;36754;16871;2012719;985210;34.0;16.6
76;2021-05-20;40879;18607;2053598;1003817;34.7;16.9
76;2021-05-21;37809;19955;2091407;1023772;35.3;17.3
76;2021-05-22;26898;9218;2118305;1032990;35.8;17.4
76;2021-05-23;13254;1788;2131559;1034778;36.0;17.5
76;2021-05-24;15358;4084;2146917;1038862;36.2;17.5
76;2021-05-25;31398;20684;2178315;1059546;36.8;17.9
76;2021-05-26;33148;19133;2211463;1078679;37.3;18.2
76;2021-05-27;36032;24329;2247495;1103008;37.9;18.6
76;2021-05-28;32317;28192;2279812;1131200;38.5;19.1
76;2021-05-29;19359;16698;2299171;1147898;38.8;19.4
76;2021-05-30;6079;6297;2305250;1154195;38.9;19.5
76;2021-05-31;25634;22806;2330884;1177001;39.3;19.9
76;2021-06-01;31002;29726;2361886;1206727;39.9;20.4
76;2021-06-02;30437;27915;2392323;1234642;40.4;20.8
76;2021-06-03;33879;32955;2426202;1267597;40.9;21.4
76;2021-06-04;34625;34023;2460827;1301620;41.5;22.0
84;2020-12-27;1;0;1;0;0.0;0.0
84;2020-12-28;7;0;8;0;0.0;0.0
84;2020-12-29;5;0;13;0;0.0;0.0
84;2020-12-30;5;0;18;0;0.0;0.0
84;2020-12-31;12;0;30;0;0.0;0.0
84;2021-01-01;10;0;40;0;0.0;0.0
84;2021-01-02;2;1;42;1;0.0;0.0
84;2021-01-03;0;0;42;1;0.0;0.0
84;2021-01-04;174;0;216;1;0.0;0.0
84;2021-01-05;458;1;674;2;0.0;0.0
84;2021-01-06;1135;0;1809;2;0.0;0.0
84;2021-01-07;2844;3;4653;5;0.1;0.0
84;2021-01-08;3069;1;7722;6;0.1;0.0
84;2021-01-09;512;1;8234;7;0.1;0.0
84;2021-01-10;160;0;8394;7;0.1;0.0
84;2021-01-11;4272;8;12666;15;0.2;0.0
84;2021-01-12;6347;14;19013;29;0.2;0.0
84;2021-01-13;6833;10;25846;39;0.3;0.0
84;2021-01-14;9037;53;34883;92;0.4;0.0
84;2021-01-15;7738;26;42621;118;0.5;0.0
84;2021-01-16;2953;6;45574;124;0.6;0.0
84;2021-01-17;918;2;46492;126;0.6;0.0
84;2021-01-18;8940;29;55432;155;0.7;0.0
84;2021-01-19;15036;73;70468;228;0.9;0.0
84;2021-01-20;15461;31;85929;259;1.1;0.0
84;2021-01-21;14517;39;100446;298;1.3;0.0
84;2021-01-22;12384;34;112830;332;1.4;0.0
84;2021-01-23;4756;1;117586;333;1.5;0.0
84;2021-01-24;810;1;118396;334;1.5;0.0
84;2021-01-25;8747;143;127143;477;1.6;0.0
84;2021-01-26;11874;311;139017;788;1.7;0.0
84;2021-01-27;12026;608;151043;1396;1.9;0.0
84;2021-01-28;13780;1531;164823;2927;2.1;0.0
84;2021-01-29;10788;1305;175611;4232;2.2;0.1
84;2021-01-30;4138;146;179749;4378;2.2;0.1
84;2021-01-31;498;1;180247;4379;2.2;0.1
84;2021-02-01;6530;1873;186777;6252;2.3;0.1
84;2021-02-02;10575;3507;197352;9759;2.5;0.1
84;2021-02-03;11510;3913;208862;13672;2.6;0.2
84;2021-02-04;12500;5515;221362;19187;2.8;0.2
84;2021-02-05;8597;4688;229959;23875;2.9;0.3
84;2021-02-06;2647;951;232606;24826;2.9;0.3
84;2021-02-07;452;438;233058;25264;2.9;0.3
84;2021-02-08;6211;4960;239269;30224;3.0;0.4
84;2021-02-09;9352;8231;248621;38455;3.1;0.5
84;2021-02-10;9657;8597;258278;47052;3.2;0.6
84;2021-02-11;10660;9869;268938;56921;3.3;0.7
84;2021-02-12;9690;7918;278628;64839;3.5;0.8
84;2021-02-13;3496;2332;282124;67171;3.5;0.8
84;2021-02-14;622;455;282746;67626;3.5;0.8
84;2021-02-15;4861;8348;287607;75974;3.6;0.9
84;2021-02-16;6079;10740;293686;86714;3.7;1.1
84;2021-02-17;6042;11549;299728;98263;3.7;1.2
84;2021-02-18;7068;11733;306796;109996;3.8;1.4
84;2021-02-19;6635;9318;313431;119314;3.9;1.5
84;2021-02-20;1836;3264;315267;122578;3.9;1.5
84;2021-02-21;179;504;315446;123082;3.9;1.5
84;2021-02-22;4280;8817;319726;131899;4.0;1.6
84;2021-02-23;7270;11387;326996;143286;4.1;1.8
84;2021-02-24;7772;11994;334768;155280;4.2;1.9
84;2021-02-25;12693;13723;347461;169003;4.3;2.1
84;2021-02-26;14861;10298;362322;179301;4.5;2.2
84;2021-02-27;5550;2903;367872;182204;4.6;2.3
84;2021-02-28;500;510;368372;182714;4.6;2.3
84;2021-03-01;9273;6390;377645;189104;4.7;2.4
84;2021-03-02;14939;8745;392584;197849;4.9;2.5
84;2021-03-03;14764;8599;407348;206448;5.1;2.6
84;2021-03-04;20906;8334;428254;214782;5.3;2.7
84;2021-03-05;25734;7561;453988;222343;5.7;2.8
84;2021-03-06;19464;2301;473452;224644;5.9;2.8
84;2021-03-07;8403;414;481855;225058;6.0;2.8
84;2021-03-08;12239;6771;494094;231829;6.2;2.9
84;2021-03-09;20683;7670;514777;239499;6.4;3.0
84;2021-03-10;20256;7471;535033;246970;6.7;3.1
84;2021-03-11;29413;8095;564446;255065;7.0;3.2
84;2021-03-12;36132;7518;600578;262583;7.5;3.3
84;2021-03-13;21370;1800;621948;264383;7.7;3.3
84;2021-03-14;4666;446;626614;264829;7.8;3.3
84;2021-03-15;18826;4711;645440;269540;8.0;3.4
84;2021-03-16;17056;6095;662496;275635;8.2;3.4
84;2021-03-17;17584;6449;680080;282084;8.5;3.5
84;2021-03-18;21461;6905;701541;288989;8.7;3.6
84;2021-03-19;28929;5460;730470;294449;9.1;3.7
84;2021-03-20;14507;1346;744977;295795;9.3;3.7
84;2021-03-21;3237;258;748214;296053;9.3;3.7
84;2021-03-22;19704;5093;767918;301146;9.6;3.7
84;2021-03-23;30707;5858;798625;307004;9.9;3.8
84;2021-03-24;29902;5759;828527;312763;10.3;3.9
84;2021-03-25;41436;6349;869963;319112;10.8;4.0
84;2021-03-26;42877;6650;912840;325762;11.4;4.1
84;2021-03-27;18117;2869;930957;328631;11.6;4.1
84;2021-03-28;6497;561;937454;329192;11.7;4.1
84;2021-03-29;22893;7834;960347;337026;12.0;4.2
84;2021-03-30;34849;10044;995196;347070;12.4;4.3
84;2021-03-31;29515;10889;1024711;357959;12.8;4.5
84;2021-04-01;37111;11278;1061822;369237;13.2;4.6
84;2021-04-02;34758;11191;1096580;380428;13.7;4.7
84;2021-04-03;14775;6193;1111355;386621;13.8;4.8
84;2021-04-04;9924;1987;1121279;388608;14.0;4.8
84;2021-04-05;13517;1633;1134796;390241;14.1;4.9
84;2021-04-06;26167;13086;1160963;403327;14.5;5.0
84;2021-04-07;29420;14569;1190383;417896;14.8;5.2
84;2021-04-08;39552;15276;1229935;433172;15.3;5.4
84;2021-04-09;49265;14837;1279200;448009;15.9;5.6
84;2021-04-10;20413;8044;1299613;456053;16.2;5.7
84;2021-04-11;7206;2654;1306819;458707;16.3;5.7
84;2021-04-12;27239;15500;1334058;474207;16.6;5.9
84;2021-04-13;36097;19298;1370155;493505;17.1;6.1
84;2021-04-14;34558;18180;1404713;511685;17.5;6.4
84;2021-04-15;40020;19575;1444733;531260;18.0;6.6
84;2021-04-16;38118;19938;1482851;551198;18.5;6.9
84;2021-04-17;20465;8980;1503316;560178;18.7;7.0
84;2021-04-18;6835;2680;1510151;562858;18.8;7.0
84;2021-04-19;26172;18492;1536323;581350;19.1;7.2
84;2021-04-20;31118;22406;1567441;603756;19.5;7.5
84;2021-04-21;27995;21390;1595436;625146;19.9;7.8
84;2021-04-22;32108;22543;1627544;647689;20.3;8.1
84;2021-04-23;32684;22989;1660228;670678;20.7;8.3
84;2021-04-24;17873;11886;1678101;682564;20.9;8.5
84;2021-04-25;7111;4245;1685212;686809;21.0;8.6
84;2021-04-26;23511;19989;1708723;706798;21.3;8.8
84;2021-04-27;31655;25168;1740378;731966;21.7;9.1
84;2021-04-28;32276;24760;1772654;756726;22.1;9.4
84;2021-04-29;39446;26434;1812100;783160;22.6;9.8
84;2021-04-30;38016;27728;1850116;810888;23.0;10.1
84;2021-05-01;17007;5300;1867123;816188;23.2;10.2
84;2021-05-02;7895;8555;1875018;824743;23.3;10.3
84;2021-05-03;30111;27428;1905129;852171;23.7;10.6
84;2021-05-04;36940;33674;1942069;885845;24.2;11.0
84;2021-05-05;39898;30112;1981967;915957;24.7;11.4
84;2021-05-06;46257;32532;2028224;948489;25.3;11.8
84;2021-05-07;46573;36731;2074797;985220;25.8;12.3
84;2021-05-08;19362;7544;2094159;992764;26.1;12.4
84;2021-05-09;15776;8878;2109935;1001642;26.3;12.5
84;2021-05-10;35617;31909;2145552;1033551;26.7;12.9
84;2021-05-11;52333;36146;2197885;1069697;27.4;13.3
84;2021-05-12;56033;31749;2253918;1101446;28.1;13.7
84;2021-05-13;47063;10430;2300981;1111876;28.6;13.8
84;2021-05-14;57017;24859;2357998;1136735;29.4;14.2
84;2021-05-15;43777;13525;2401775;1150260;29.9;14.3
84;2021-05-16;30258;5048;2432033;1155308;30.3;14.4
84;2021-05-17;48055;24836;2480088;1180144;30.9;14.7
84;2021-05-18;58689;27222;2538777;1207366;31.6;15.0
84;2021-05-19;58091;23440;2596868;1230806;32.3;15.3
84;2021-05-20;61157;26902;2658025;1257708;33.1;15.7
84;2021-05-21;60646;29232;2718671;1286940;33.8;16.0
84;2021-05-22;40293;12803;2758964;1299743;34.3;16.2
84;2021-05-23;21301;3884;2780265;1303627;34.6;16.2
84;2021-05-24;39485;8452;2819750;1312079;35.1;16.3
84;2021-05-25;50068;31549;2869818;1343628;35.7;16.7
84;2021-05-26;49556;28797;2919374;1372425;36.3;17.1
84;2021-05-27;55495;31716;2974869;1404141;37.0;17.5
84;2021-05-28;54621;40366;3029490;1444507;37.7;18.0
84;2021-05-29;37542;22307;3067032;1466814;38.2;18.3
84;2021-05-30;16108;7236;3083140;1474050;38.4;18.4
84;2021-05-31;44208;29303;3127348;1503353;38.9;18.7
84;2021-06-01;48116;36503;3175464;1539856;39.5;19.2
84;2021-06-02;47488;31013;3222952;1570869;40.1;19.6
84;2021-06-03;55583;36367;3278535;1607236;40.8;20.0
84;2021-06-04;53919;42071;3332454;1649307;41.5;20.5
93;2020-12-27;0;0;0;0;0.0;0.0
93;2020-12-28;1;0;1;0;0.0;0.0
93;2020-12-29;1;0;2;0;0.0;0.0
93;2020-12-30;3;0;5;0;0.0;0.0
93;2020-12-31;19;0;24;0;0.0;0.0
93;2021-01-01;13;0;37;0;0.0;0.0
93;2021-01-02;2;0;39;0;0.0;0.0
93;2021-01-03;2;0;41;0;0.0;0.0
93;2021-01-04;133;1;174;1;0.0;0.0
93;2021-01-05;249;1;423;2;0.0;0.0
93;2021-01-06;408;0;831;2;0.0;0.0
93;2021-01-07;1243;2;2074;4;0.0;0.0
93;2021-01-08;1561;2;3635;6;0.1;0.0
93;2021-01-09;540;0;4175;6;0.1;0.0
93;2021-01-10;73;0;4248;6;0.1;0.0
93;2021-01-11;2406;1;6654;7;0.1;0.0
93;2021-01-12;5083;5;11737;12;0.2;0.0
93;2021-01-13;4390;14;16127;26;0.3;0.0
93;2021-01-14;5516;47;21643;73;0.4;0.0
93;2021-01-15;4915;12;26558;85;0.5;0.0
93;2021-01-16;1670;2;28228;87;0.6;0.0
93;2021-01-17;299;1;28527;88;0.6;0.0
93;2021-01-18;7140;27;35667;115;0.7;0.0
93;2021-01-19;13498;30;49165;145;1.0;0.0
93;2021-01-20;12228;30;61393;175;1.2;0.0
93;2021-01-21;12294;39;73687;214;1.5;0.0
93;2021-01-22;10122;21;83809;235;1.7;0.0
93;2021-01-23;3322;5;87131;240;1.7;0.0
93;2021-01-24;536;3;87667;243;1.7;0.0
93;2021-01-25;7229;38;94896;281;1.9;0.0
93;2021-01-26;10049;131;104945;412;2.1;0.0
93;2021-01-27;9674;285;114619;697;2.3;0.0
93;2021-01-28;13650;823;128269;1520;2.5;0.0
93;2021-01-29;9832;968;138101;2488;2.7;0.0
93;2021-01-30;2239;158;140340;2646;2.8;0.1
93;2021-01-31;302;5;140642;2651;2.8;0.1
93;2021-02-01;5156;1513;145798;4164;2.9;0.1
93;2021-02-02;6638;2377;152436;6541;3.0;0.1
93;2021-02-03;5014;1817;157450;8358;3.1;0.2
93;2021-02-04;5529;3157;162979;11515;3.2;0.2
93;2021-02-05;6102;4123;169081;15638;3.3;0.3
93;2021-02-06;1244;970;170325;16608;3.4;0.3
93;2021-02-07;280;81;170605;16689;3.4;0.3
93;2021-02-08;4301;3743;174906;20432;3.5;0.4
93;2021-02-09;5885;7100;180791;27532;3.6;0.5
93;2021-02-10;5941;5878;186732;33410;3.7;0.7
93;2021-02-11;6591;6710;193323;40120;3.8;0.8
93;2021-02-12;5706;6474;199029;46594;3.9;0.9
93;2021-02-13;1127;1446;200156;48040;4.0;1.0
93;2021-02-14;73;384;200229;48424;4.0;1.0
93;2021-02-15;2406;5634;202635;54058;4.0;1.1
93;2021-02-16;3188;7696;205823;61754;4.1;1.2
93;2021-02-17;3602;8517;209425;70271;4.1;1.4
93;2021-02-18;5993;11408;215418;81679;4.3;1.6
93;2021-02-19;5612;8659;221030;90338;4.4;1.8
93;2021-02-20;876;1800;221906;92138;4.4;1.8
93;2021-02-21;68;417;221974;92555;4.4;1.8
93;2021-02-22;3021;6989;224995;99544;4.5;2.0
93;2021-02-23;3955;7238;228950;106782;4.5;2.1
93;2021-02-24;4739;6793;233689;113575;4.6;2.2
93;2021-02-25;8217;6640;241906;120215;4.8;2.4
93;2021-02-26;8253;6154;250159;126369;4.9;2.5
93;2021-02-27;3270;1474;253429;127843;5.0;2.5
93;2021-02-28;300;237;253729;128080;5.0;2.5
93;2021-03-01;5624;4472;259353;132552;5.1;2.6
93;2021-03-02;7193;5907;266546;138459;5.3;2.7
93;2021-03-03;8945;6527;275491;144986;5.4;2.9
93;2021-03-04;11989;6412;287480;151398;5.7;3.0
93;2021-03-05;12124;6063;299604;157461;5.9;3.1
93;2021-03-06;22359;1227;321963;158688;6.4;3.1
93;2021-03-07;17828;544;339791;159232;6.7;3.1
93;2021-03-08;10210;5223;350001;164455;6.9;3.3
93;2021-03-09;13905;5519;363906;169974;7.2;3.4
93;2021-03-10;14413;5232;378319;175206;7.5;3.5
93;2021-03-11;20317;6077;398636;181283;7.9;3.6
93;2021-03-12;21859;5214;420495;186497;8.3;3.7
93;2021-03-13;24233;1146;444728;187643;8.8;3.7
93;2021-03-14;6321;242;451049;187885;8.9;3.7
93;2021-03-15;15880;3069;466929;190954;9.2;3.8
93;2021-03-16;12702;3601;479631;194555;9.5;3.8
93;2021-03-17;15983;4594;495614;199149;9.8;3.9
93;2021-03-18;17006;4859;512620;204008;10.1;4.0
93;2021-03-19;20954;4647;533574;208655;10.6;4.1
93;2021-03-20;10947;1299;544521;209954;10.8;4.2
93;2021-03-21;3251;125;547772;210079;10.8;4.2
93;2021-03-22;17019;3523;564791;213602;11.2;4.2
93;2021-03-23;22594;3819;587385;217421;11.6;4.3
93;2021-03-24;21880;6563;609265;223984;12.1;4.4
93;2021-03-25;28875;6422;638140;230406;12.6;4.6
93;2021-03-26;29767;4943;667907;235349;13.2;4.7
93;2021-03-27;12394;1608;680301;236957;13.5;4.7
93;2021-03-28;3553;97;683854;237054;13.5;4.7
93;2021-03-29;18443;5279;702297;242333;13.9;4.8
93;2021-03-30;28398;6583;730695;248916;14.5;4.9
93;2021-03-31;28661;6519;759356;255435;15.0;5.1
93;2021-04-01;30614;7396;789970;262831;15.6;5.2
93;2021-04-02;26845;8381;816815;271212;16.2;5.4
93;2021-04-03;9732;4952;826547;276164;16.3;5.5
93;2021-04-04;2105;1249;828652;277413;16.4;5.5
93;2021-04-05;6049;1543;834701;278956;16.5;5.5
93;2021-04-06;23210;9943;857911;288899;17.0;5.7
93;2021-04-07;26001;11604;883912;300503;17.5;5.9
93;2021-04-08;28737;14879;912649;315382;18.1;6.2
93;2021-04-09;33302;14491;945951;329873;18.7;6.5
93;2021-04-10;14972;8136;960923;338009;19.0;6.7
93;2021-04-11;3717;2948;964640;340957;19.1;6.7
93;2021-04-12;20528;12141;985168;353098;19.5;7.0
93;2021-04-13;25375;15129;1010543;368227;20.0;7.3
93;2021-04-14;25082;15164;1035625;383391;20.5;7.6
93;2021-04-15;26907;15541;1062532;398932;21.0;7.9
93;2021-04-16;27360;16369;1089892;415301;21.6;8.2
93;2021-04-17;12653;7695;1102545;422996;21.8;8.4
93;2021-04-18;5245;2953;1107790;425949;21.9;8.4
93;2021-04-19;18864;15886;1126654;441835;22.3;8.7
93;2021-04-20;20981;18666;1147635;460501;22.7;9.1
93;2021-04-21;23638;18213;1171273;478714;23.2;9.5
93;2021-04-22;25378;19130;1196651;497844;23.7;9.8
93;2021-04-23;24769;18046;1221420;515890;24.2;10.2
93;2021-04-24;11461;8665;1232881;524555;24.4;10.4
93;2021-04-25;3194;2131;1236075;526686;24.4;10.4
93;2021-04-26;16197;15799;1252272;542485;24.8;10.7
93;2021-04-27;19309;20161;1271581;562646;25.2;11.1
93;2021-04-28;20969;20052;1292550;582698;25.6;11.5
93;2021-04-29;27618;21663;1320168;604361;26.1;12.0
93;2021-04-30;26736;20484;1346904;624845;26.6;12.4
93;2021-05-01;11296;5219;1358200;630064;26.9;12.5
93;2021-05-02;4049;1873;1362249;631937;26.9;12.5
93;2021-05-03;20074;18098;1382323;650035;27.3;12.9
93;2021-05-04;20171;22646;1402494;672681;27.7;13.3
93;2021-05-05;19255;21467;1421749;694148;28.1;13.7
93;2021-05-06;24488;21551;1446237;715699;28.6;14.2
93;2021-05-07;22261;24933;1468498;740632;29.0;14.6
93;2021-05-08;12949;6833;1481447;747465;29.3;14.8
93;2021-05-09;3445;2302;1484892;749767;29.4;14.8
93;2021-05-10;18275;22540;1503167;772307;29.7;15.3
93;2021-05-11;25059;25543;1528226;797850;30.2;15.8
93;2021-05-12;31053;22373;1559279;820223;30.8;16.2
93;2021-05-13;27510;7773;1586789;827996;31.4;16.4
93;2021-05-14;31948;16106;1618737;844102;32.0;16.7
93;2021-05-15;27349;10093;1646086;854195;32.6;16.9
93;2021-05-16;12671;2481;1658757;856676;32.8;16.9
93;2021-05-17;24290;17167;1683047;873843;33.3;17.3
93;2021-05-18;28120;16508;1711167;890351;33.8;17.6
93;2021-05-19;28045;15093;1739212;905444;34.4;17.9
93;2021-05-20;31253;16527;1770465;921971;35.0;18.2
93;2021-05-21;31181;17644;1801646;939615;35.6;18.6
93;2021-05-22;18263;7673;1819909;947288;36.0;18.7
93;2021-05-23;5890;1997;1825799;949285;36.1;18.8
93;2021-05-24;17416;4966;1843215;954251;36.5;18.9
93;2021-05-25;22751;20373;1865966;974624;36.9;19.3
93;2021-05-26;21944;21630;1887910;996254;37.3;19.7
93;2021-05-27;24741;23102;1912651;1019356;37.8;20.2
93;2021-05-28;20893;26429;1933544;1045785;38.2;20.7
93;2021-05-29;12934;14320;1946478;1060105;38.5;21.0
93;2021-05-30;2579;3175;1949057;1063280;38.6;21.0
93;2021-05-31;19695;21195;1968752;1084475;38.9;21.5
93;2021-06-01;23206;25935;1991958;1110410;39.4;22.0
93;2021-06-02;21521;25896;2013479;1136306;39.8;22.5
93;2021-06-03;26958;27047;2040437;1163353;40.4;23.0
93;2021-06-04;26600;28005;2067037;1191358;40.9;23.6
94;2020-12-27;0;0;0;0;0.0;0.0
94;2020-12-28;0;0;0;0;0.0;0.0
94;2020-12-29;0;0;0;0;0.0;0.0
94;2020-12-30;0;0;0;0;0.0;0.0
94;2020-12-31;0;0;0;0;0.0;0.0
94;2021-01-01;0;0;0;0;0.0;0.0
94;2021-01-02;0;0;0;0;0.0;0.0
94;2021-01-03;0;0;0;0;0.0;0.0
94;2021-01-04;2;0;2;0;0.0;0.0
94;2021-01-05;0;0;2;0;0.0;0.0
94;2021-01-06;53;0;55;0;0.0;0.0
94;2021-01-07;333;1;388;1;0.1;0.0
94;2021-01-08;310;0;698;1;0.2;0.0
94;2021-01-09;78;0;776;1;0.2;0.0
94;2021-01-10;34;0;810;1;0.2;0.0
94;2021-01-11;152;0;962;1;0.3;0.0
94;2021-01-12;207;1;1169;2;0.3;0.0
94;2021-01-13;203;0;1372;2;0.4;0.0
94;2021-01-14;263;1;1635;3;0.5;0.0
94;2021-01-15;402;0;2037;3;0.6;0.0
94;2021-01-16;198;1;2235;4;0.6;0.0
94;2021-01-17;89;1;2324;5;0.7;0.0
94;2021-01-18;471;2;2795;7;0.8;0.0
94;2021-01-19;980;0;3775;7;1.1;0.0
94;2021-01-20;808;0;4583;7;1.3;0.0
94;2021-01-21;807;1;5390;8;1.6;0.0
94;2021-01-22;717;0;6107;8;1.8;0.0
94;2021-01-23;243;0;6350;8;1.8;0.0
94;2021-01-24;147;0;6497;8;1.9;0.0
94;2021-01-25;422;2;6919;10;2.0;0.0
94;2021-01-26;789;7;7708;17;2.2;0.0
94;2021-01-27;664;55;8372;72;2.4;0.0
94;2021-01-28;699;230;9071;302;2.6;0.1
94;2021-01-29;616;229;9687;531;2.8;0.2
94;2021-01-30;204;74;9891;605;2.9;0.2
94;2021-01-31;150;12;10041;617;2.9;0.2
94;2021-02-01;455;147;10496;764;3.0;0.2
94;2021-02-02;643;196;11139;960;3.2;0.3
94;2021-02-03;783;166;11922;1126;3.5;0.3
94;2021-02-04;714;298;12636;1424;3.7;0.4
94;2021-02-05;647;201;13283;1625;3.9;0.5
94;2021-02-06;206;75;13489;1700;3.9;0.5
94;2021-02-07;126;58;13615;1758;4.0;0.5
94;2021-02-08;322;366;13937;2124;4.0;0.6
94;2021-02-09;713;616;14650;2740;4.3;0.8
94;2021-02-10;643;430;15293;3170;4.4;0.9
94;2021-02-11;679;497;15972;3667;4.6;1.1
94;2021-02-12;635;428;16607;4095;4.8;1.2
94;2021-02-13;301;72;16908;4167;4.9;1.2
94;2021-02-14;193;78;17101;4245;5.0;1.2
94;2021-02-15;377;309;17478;4554;5.1;1.3
94;2021-02-16;635;603;18113;5157;5.3;1.5
94;2021-02-17;592;482;18705;5639;5.4;1.6
94;2021-02-18;550;545;19255;6184;5.6;1.8
94;2021-02-19;309;611;19564;6795;5.7;2.0
94;2021-02-20;275;199;19839;6994;5.8;2.0
94;2021-02-21;84;84;19923;7078;5.8;2.1
94;2021-02-22;211;406;20134;7484;5.8;2.2
94;2021-02-23;352;648;20486;8132;5.9;2.4
94;2021-02-24;297;609;20783;8741;6.0;2.5
94;2021-02-25;348;608;21131;9349;6.1;2.7
94;2021-02-26;418;555;21549;9904;6.3;2.9
94;2021-02-27;368;152;21917;10056;6.4;2.9
94;2021-02-28;70;123;21987;10179;6.4;3.0
94;2021-03-01;359;412;22346;10591;6.5;3.1
94;2021-03-02;549;654;22895;11245;6.6;3.3
94;2021-03-03;525;690;23420;11935;6.8;3.5
94;2021-03-04;949;635;24369;12570;7.1;3.6
94;2021-03-05;1584;668;25953;13238;7.5;3.8
94;2021-03-06;1843;163;27796;13401;8.1;3.9
94;2021-03-07;1377;98;29173;13499;8.5;3.9
94;2021-03-08;1227;322;30400;13821;8.8;4.0
94;2021-03-09;1308;652;31708;14473;9.2;4.2
94;2021-03-10;1258;574;32966;15047;9.6;4.4
94;2021-03-11;1304;631;34270;15678;9.9;4.5
94;2021-03-12;1515;538;35785;16216;10.4;4.7
94;2021-03-13;1112;302;36897;16518;10.7;4.8
94;2021-03-14;537;184;37434;16702;10.9;4.8
94;2021-03-15;884;398;38318;17100;11.1;5.0
94;2021-03-16;1063;638;39381;17738;11.4;5.1
94;2021-03-17;1225;529;40606;18267;11.8;5.3
94;2021-03-18;992;527;41598;18794;12.1;5.5
94;2021-03-19;1284;335;42882;19129;12.4;5.5
94;2021-03-20;1727;287;44609;19416;12.9;5.6
94;2021-03-21;1125;78;45734;19494;13.3;5.7
94;2021-03-22;888;187;46622;19681;13.5;5.7
94;2021-03-23;1301;319;47923;20000;13.9;5.8
94;2021-03-24;1680;301;49603;20301;14.4;5.9
94;2021-03-25;1749;288;51352;20589;14.9;6.0
94;2021-03-26;2016;340;53368;20929;15.5;6.1
94;2021-03-27;2269;222;55637;21151;16.1;6.1
94;2021-03-28;1070;214;56707;21365;16.5;6.2
94;2021-03-29;1018;312;57725;21677;16.7;6.3
94;2021-03-30;1349;555;59074;22232;17.1;6.5
94;2021-03-31;1424;484;60498;22716;17.6;6.6
94;2021-04-01;1632;676;62130;23392;18.0;6.8
94;2021-04-02;1857;1185;63987;24577;18.6;7.1
94;2021-04-03;1891;1125;65878;25702;19.1;7.5
94;2021-04-04;771;838;66649;26540;19.3;7.7
94;2021-04-05;627;800;67276;27340;19.5;7.9
94;2021-04-06;1575;905;68851;28245;20.0;8.2
94;2021-04-07;2003;845;70854;29090;20.6;8.4
94;2021-04-08;2172;751;73026;29841;21.2;8.7
94;2021-04-09;2080;942;75106;30783;21.8;8.9
94;2021-04-10;2398;616;77504;31399;22.5;9.1
94;2021-04-11;1173;312;78677;31711;22.8;9.2
94;2021-04-12;1517;890;80194;32601;23.3;9.5
94;2021-04-13;1384;1007;81578;33608;23.7;9.8
94;2021-04-14;2084;1070;83662;34678;24.3;10.1
94;2021-04-15;1908;1021;85570;35699;24.8;10.4
94;2021-04-16;1774;1034;87344;36733;25.3;10.7
94;2021-04-17;1747;1363;89091;38096;25.8;11.1
94;2021-04-18;1229;1273;90320;39369;26.2;11.4
94;2021-04-19;1088;768;91408;40137;26.5;11.6
94;2021-04-20;1249;1187;92657;41324;26.9;12.0
94;2021-04-21;1779;1329;94436;42653;27.4;12.4
94;2021-04-22;1819;1372;96255;44025;27.9;12.8
94;2021-04-23;1645;1395;97900;45420;28.4;13.2
94;2021-04-24;2013;1737;99913;47157;29.0;13.7
94;2021-04-25;1251;770;101164;47927;29.4;13.9
94;2021-04-26;1010;1142;102174;49069;29.6;14.2
94;2021-04-27;1305;1212;103479;50281;30.0;14.6
94;2021-04-28;2575;1248;106054;51529;30.8;14.9
94;2021-04-29;1957;1211;108011;52740;31.3;15.3
94;2021-04-30;2250;1864;110261;54604;32.0;15.8
94;2021-05-01;1404;1679;111665;56283;32.4;16.3
94;2021-05-02;1000;943;112665;57226;32.7;16.6
94;2021-05-03;1577;1062;114242;58288;33.1;16.9
94;2021-05-04;1532;1682;115774;59970;33.6;17.4
94;2021-05-05;1787;2352;117561;62322;34.1;18.1
94;2021-05-06;2171;1800;119732;64122;34.7;18.6
94;2021-05-07;2179;1810;121911;65932;35.4;19.1
94;2021-05-08;842;1347;122753;67279;35.6;19.5
94;2021-05-09;1157;1315;123910;68594;35.9;19.9
94;2021-05-10;1327;1531;125237;70125;36.3;20.3
94;2021-05-11;1552;1571;126789;71696;36.8;20.8
94;2021-05-12;1706;1363;128495;73059;37.3;21.2
94;2021-05-13;1899;492;130394;73551;37.8;21.3
94;2021-05-14;1501;1247;131895;74798;38.3;21.7
94;2021-05-15;1446;992;133341;75790;38.7;22.0
94;2021-05-16;1000;663;134341;76453;39.0;22.2
94;2021-05-17;1566;961;135907;77414;39.4;22.5
94;2021-05-18;1535;851;137442;78265;39.9;22.7
94;2021-05-19;1524;889;138966;79154;40.3;23.0
94;2021-05-20;1324;885;140290;80039;40.7;23.2
94;2021-05-21;1197;974;141487;81013;41.0;23.5
94;2021-05-22;995;693;142482;81706;41.3;23.7
94;2021-05-23;680;326;143162;82032;41.5;23.8
94;2021-05-24;161;146;143323;82178;41.6;23.8
94;2021-05-25;941;853;144264;83031;41.9;24.1
94;2021-05-26;925;1949;145189;84980;42.1;24.7
94;2021-05-27;820;2234;146009;87214;42.4;25.3
94;2021-05-28;812;1816;146821;89030;42.6;25.8
94;2021-05-29;637;1251;147458;90281;42.8;26.2
94;2021-05-30;221;547;147679;90828;42.8;26.4
94;2021-05-31;546;1238;148225;92066;43.0;26.7
94;2021-06-01;725;1762;148950;93828;43.2;27.2
94;2021-06-02;601;1923;149551;95751;43.4;27.8
94;2021-06-03;765;1633;150316;97384;43.6;28.3
94;2021-06-04;587;2337;150903;99721;43.8;28.9
