reg;jour;n_dose1;n_complet;n_cum_dose1;n_cum_complet;couv_dose1;couv_complet
01;2020-12-27;0;0;0;0;0.0;0.0
01;2020-12-28;0;0;0;0;0.0;0.0
01;2020-12-29;0;0;0;0;0.0;0.0
01;2020-12-30;0;0;0;0;0.0;0.0
01;2020-12-31;0;0;0;0;0.0;0.0
01;2021-01-01;1;0;1;0;0.0;0.0
01;2021-01-02;0;0;1;0;0.0;0.0
01;2021-01-03;0;0;1;0;0.0;0.0
01;2021-01-04;1;0;2;0;0.0;0.0
01;2021-01-05;0;0;2;0;0.0;0.0
01;2021-01-06;0;0;2;0;0.0;0.0
01;2021-01-07;0;0;2;0;0.0;0.0
01;2021-01-08;33;0;35;0;0.0;0.0
01;2021-01-09;19;0;54;0;0.0;0.0
01;2021-01-10;0;0;54;0;0.0;0.0
01;2021-01-11;51;0;105;0;0.0;0.0
01;2021-01-12;38;0;143;0;0.0;0.0
01;2021-01-13;45;0;188;0;0.0;0.0
01;2021-01-14;60;0;248;0;0.1;0.0
01;2021-01-15;76;0;324;0;0.1;0.0
01;2021-01-16;0;0;324;0;0.1;0.0
01;2021-01-17;0;0;324;0;0.1;0.0
01;2021-01-18;75;0;399;0;0.1;0.0
01;2021-01-19;137;0;536;0;0.1;0.0
01;2021-01-20;134;0;670;0;0.2;0.0
01;2021-01-21;146;1;816;1;0.2;0.0
01;2021-01-22;130;0;946;1;0.3;0.0
01;2021-01-23;1;0;947;1;0.3;0.0
01;2021-01-24;0;0;947;1;0.3;0.0
01;2021-01-25;201;0;1148;1;0.3;0.0
01;2021-01-26;199;1;1347;2;0.4;0.0
01;2021-01-27;231;0;1578;2;0.4;0.0
01;2021-01-28;224;3;1802;5;0.5;0.0
01;2021-01-29;192;1;1994;6;0.5;0.0
01;2021-01-30;11;0;2005;6;0.5;0.0
01;2021-01-31;1;0;2006;6;0.5;0.0
01;2021-02-01;218;4;2224;10;0.6;0.0
01;2021-02-02;237;25;2461;35;0.7;0.0
01;2021-02-03;192;2;2653;37;0.7;0.0
01;2021-02-04;296;20;2949;57;0.8;0.0
01;2021-02-05;218;32;3167;89;0.8;0.0
01;2021-02-06;45;1;3212;90;0.9;0.0
01;2021-02-07;0;0;3212;90;0.9;0.0
01;2021-02-08;180;23;3392;113;0.9;0.0
01;2021-02-09;260;29;3652;142;1.0;0.0
01;2021-02-10;199;29;3851;171;1.0;0.0
01;2021-02-11;289;109;4140;280;1.1;0.1
01;2021-02-12;282;24;4422;304;1.2;0.1
01;2021-02-13;48;7;4470;311;1.2;0.1
01;2021-02-14;19;36;4489;347;1.2;0.1
01;2021-02-15;59;45;4548;392;1.2;0.1
01;2021-02-16;15;1;4563;393;1.2;0.1
01;2021-02-17;16;1;4579;394;1.2;0.1
01;2021-02-18;195;17;4774;411;1.3;0.1
01;2021-02-19;216;20;4990;431;1.3;0.1
01;2021-02-20;47;0;5037;431;1.3;0.1
01;2021-02-21;1;0;5038;431;1.3;0.1
01;2021-02-22;138;61;5176;492;1.4;0.1
01;2021-02-23;183;73;5359;565;1.4;0.1
01;2021-02-24;297;126;5656;691;1.5;0.2
01;2021-02-25;360;79;6016;770;1.6;0.2
01;2021-02-26;156;84;6172;854;1.6;0.2
01;2021-02-27;63;0;6235;854;1.7;0.2
01;2021-02-28;1;0;6236;854;1.7;0.2
01;2021-03-01;122;81;6358;935;1.7;0.2
01;2021-03-02;235;132;6593;1067;1.7;0.3
01;2021-03-03;194;118;6787;1185;1.8;0.3
01;2021-03-04;294;82;7081;1267;1.9;0.3
01;2021-03-05;303;142;7384;1409;2.0;0.4
01;2021-03-06;570;2;7954;1411;2.1;0.4
01;2021-03-07;1;0;7955;1411;2.1;0.4
01;2021-03-08;261;137;8216;1548;2.2;0.4
01;2021-03-09;341;150;8557;1698;2.3;0.5
01;2021-03-10;317;158;8874;1856;2.4;0.5
01;2021-03-11;119;44;8993;1900;2.4;0.5
01;2021-03-12;350;213;9343;2113;2.5;0.6
01;2021-03-13;125;2;9468;2115;2.5;0.6
01;2021-03-14;13;23;9481;2138;2.5;0.6
01;2021-03-15;382;42;9863;2180;2.6;0.6
01;2021-03-16;427;78;10290;2258;2.7;0.6
01;2021-03-17;400;83;10690;2341;2.8;0.6
01;2021-03-18;523;107;11213;2448;3.0;0.6
01;2021-03-19;506;98;11719;2546;3.1;0.7
01;2021-03-20;172;44;11891;2590;3.2;0.7
01;2021-03-21;8;0;11899;2590;3.2;0.7
01;2021-03-22;325;87;12224;2677;3.2;0.7
01;2021-03-23;456;156;12680;2833;3.4;0.8
01;2021-03-24;448;106;13128;2939;3.5;0.8
01;2021-03-25;683;178;13811;3117;3.7;0.8
01;2021-03-26;623;120;14434;3237;3.8;0.9
01;2021-03-27;260;48;14694;3285;3.9;0.9
01;2021-03-28;5;0;14699;3285;3.9;0.9
01;2021-03-29;357;80;15056;3365;4.0;0.9
01;2021-03-30;591;162;15647;3527;4.2;0.9
01;2021-03-31;509;124;16156;3651;4.3;1.0
01;2021-04-01;600;200;16756;3851;4.4;1.0
01;2021-04-02;39;35;16795;3886;4.5;1.0
01;2021-04-03;40;2;16835;3888;4.5;1.0
01;2021-04-04;4;18;16839;3906;4.5;1.0
01;2021-04-05;4;0;16843;3906;4.5;1.0
01;2021-04-06;401;186;17244;4092;4.6;1.1
01;2021-04-07;558;114;17802;4206;4.7;1.1
01;2021-04-08;461;159;18263;4365;4.8;1.2
01;2021-04-09;452;209;18715;4574;5.0;1.2
01;2021-04-10;96;4;18811;4578;5.0;1.2
01;2021-04-11;2;25;18813;4603;5.0;1.2
01;2021-04-12;263;257;19076;4860;5.1;1.3
01;2021-04-13;514;318;19590;5178;5.2;1.4
01;2021-04-14;396;219;19986;5397;5.3;1.4
01;2021-04-15;528;315;20514;5712;5.4;1.5
01;2021-04-16;538;265;21052;5977;5.6;1.6
01;2021-04-17;169;2;21221;5979;5.6;1.6
01;2021-04-18;4;14;21225;5993;5.6;1.6
01;2021-04-19;373;238;21598;6231;5.7;1.7
01;2021-04-20;699;342;22297;6573;5.9;1.7
01;2021-04-21;605;309;22902;6882;6.1;1.8
01;2021-04-22;782;328;23684;7210;6.3;1.9
01;2021-04-23;833;247;24517;7457;6.5;2.0
01;2021-04-24;319;73;24836;7530;6.6;2.0
01;2021-04-25;596;64;25432;7594;6.7;2.0
01;2021-04-26;915;208;26347;7802;7.0;2.1
01;2021-04-27;616;225;26963;8027;7.2;2.1
01;2021-04-28;827;261;27790;8288;7.4;2.2
01;2021-04-29;1189;184;28979;8472;7.7;2.2
01;2021-04-30;1246;163;30225;8635;8.0;2.3
01;2021-05-01;589;38;30814;8673;8.2;2.3
01;2021-05-02;339;15;31153;8688;8.3;2.3
01;2021-05-03;916;167;32069;8855;8.5;2.3
01;2021-05-04;931;194;33000;9049;8.8;2.4
01;2021-05-05;936;239;33936;9288;9.0;2.5
01;2021-05-06;1092;164;35028;9452;9.3;2.5
01;2021-05-07;1161;254;36189;9706;9.6;2.6
01;2021-05-08;307;29;36496;9735;9.7;2.6
01;2021-05-09;177;9;36673;9744;9.7;2.6
01;2021-05-10;814;208;37487;9952;9.9;2.6
01;2021-05-11;917;307;38404;10259;10.2;2.7
01;2021-05-12;878;319;39282;10578;10.4;2.8
01;2021-05-13;207;78;39489;10656;10.5;2.8
01;2021-05-14;835;269;40324;10925;10.7;2.9
01;2021-05-15;432;13;40756;10938;10.8;2.9
01;2021-05-16;179;34;40935;10972;10.9;2.9
01;2021-05-17;627;268;41562;11240;11.0;3.0
01;2021-05-18;648;388;42210;11628;11.2;3.1
01;2021-05-19;667;519;42877;12147;11.4;3.2
01;2021-05-20;736;364;43613;12511;11.6;3.3
01;2021-05-21;756;397;44369;12908;11.8;3.4
01;2021-05-22;471;217;44840;13125;11.9;3.5
01;2021-05-23;195;115;45035;13240;11.9;3.5
01;2021-05-24;193;176;45228;13416;12.0;3.6
01;2021-05-25;476;662;45704;14078;12.1;3.7
01;2021-05-26;543;492;46247;14570;12.3;3.9
01;2021-05-27;127;185;46374;14755;12.3;3.9
01;2021-05-28;470;520;46844;15275;12.4;4.1
01;2021-05-29;219;138;47063;15413;12.5;4.1
01;2021-05-30;71;111;47134;15524;12.5;4.1
01;2021-05-31;409;536;47543;16060;12.6;4.3
01;2021-06-01;476;713;48019;16773;12.7;4.5
01;2021-06-02;474;708;48493;17481;12.9;4.6
01;2021-06-03;406;561;48899;18042;13.0;4.8
01;2021-06-04;592;796;49491;18838;13.1;5.0
01;2021-06-05;262;640;49753;19478;13.2;5.2
01;2021-06-06;121;530;49874;20008;13.2;5.3
01;2021-06-07;363;783;50237;20791;13.3;5.5
01;2021-06-08;499;890;50736;21681;13.5;5.8
01;2021-06-09;372;857;51108;22538;13.6;6.0
01;2021-06-10;445;851;51553;23389;13.7;6.2
01;2021-06-11;438;1229;51991;24618;13.8;6.5
01;2021-06-12;281;660;52272;25278;13.9;6.7
01;2021-06-13;129;314;52401;25592;13.9;6.8
01;2021-06-14;346;3804;52747;29396;14.0;7.8
01;2021-06-15;411;2008;53158;31404;14.1;8.3
02;2020-12-27;0;0;0;0;0.0;0.0
02;2020-12-28;0;0;0;0;0.0;0.0
02;2020-12-29;0;0;0;0;0.0;0.0
02;2020-12-30;0;0;0;0;0.0;0.0
02;2020-12-31;0;0;0;0;0.0;0.0
02;2021-01-01;0;0;0;0;0.0;0.0
02;2021-01-02;0;0;0;0;0.0;0.0
02;2021-01-03;0;0;0;0;0.0;0.0
02;2021-01-04;0;0;0;0;0.0;0.0
02;2021-01-05;0;0;0;0;0.0;0.0
02;2021-01-06;5;0;5;0;0.0;0.0
02;2021-01-07;31;0;36;0;0.0;0.0
02;2021-01-08;80;1;116;1;0.0;0.0
02;2021-01-09;20;0;136;1;0.0;0.0
02;2021-01-10;0;0;136;1;0.0;0.0
02;2021-01-11;122;0;258;1;0.1;0.0
02;2021-01-12;78;0;336;1;0.1;0.0
02;2021-01-13;64;0;400;1;0.1;0.0
02;2021-01-14;88;0;488;1;0.1;0.0
02;2021-01-15;136;0;624;1;0.2;0.0
02;2021-01-16;51;0;675;1;0.2;0.0
02;2021-01-17;0;0;675;1;0.2;0.0
02;2021-01-18;157;0;832;1;0.2;0.0
02;2021-01-19;168;0;1000;1;0.3;0.0
02;2021-01-20;163;0;1163;1;0.3;0.0
02;2021-01-21;181;1;1344;2;0.4;0.0
02;2021-01-22;156;0;1500;2;0.4;0.0
02;2021-01-23;58;0;1558;2;0.4;0.0
02;2021-01-24;0;0;1558;2;0.4;0.0
02;2021-01-25;159;0;1717;2;0.5;0.0
02;2021-01-26;137;0;1854;2;0.5;0.0
02;2021-01-27;161;5;2015;7;0.6;0.0
02;2021-01-28;143;12;2158;19;0.6;0.0
02;2021-01-29;142;41;2300;60;0.6;0.0
02;2021-01-30;96;16;2396;76;0.7;0.0
02;2021-01-31;0;0;2396;76;0.7;0.0
02;2021-02-01;119;74;2515;150;0.7;0.0
02;2021-02-02;184;95;2699;245;0.8;0.1
02;2021-02-03;130;80;2829;325;0.8;0.1
02;2021-02-04;158;73;2987;398;0.8;0.1
02;2021-02-05;120;97;3107;495;0.9;0.1
02;2021-02-06;62;26;3169;521;0.9;0.1
02;2021-02-07;1;0;3170;521;0.9;0.1
02;2021-02-08;136;78;3306;599;0.9;0.2
02;2021-02-09;175;78;3481;677;1.0;0.2
02;2021-02-10;138;90;3619;767;1.0;0.2
02;2021-02-11;150;103;3769;870;1.1;0.2
02;2021-02-12;124;128;3893;998;1.1;0.3
02;2021-02-13;38;37;3931;1035;1.1;0.3
02;2021-02-14;0;0;3931;1035;1.1;0.3
02;2021-02-15;51;67;3982;1102;1.1;0.3
02;2021-02-16;0;1;3982;1103;1.1;0.3
02;2021-02-17;1;3;3983;1106;1.1;0.3
02;2021-02-18;68;128;4051;1234;1.1;0.3
02;2021-02-19;69;131;4120;1365;1.1;0.4
02;2021-02-20;48;69;4168;1434;1.2;0.4
02;2021-02-21;0;0;4168;1434;1.2;0.4
02;2021-02-22;99;60;4267;1494;1.2;0.4
02;2021-02-23;113;238;4380;1732;1.2;0.5
02;2021-02-24;106;223;4486;1955;1.3;0.5
02;2021-02-25;89;151;4575;2106;1.3;0.6
02;2021-02-26;126;169;4701;2275;1.3;0.6
02;2021-02-27;69;52;4770;2327;1.3;0.6
02;2021-02-28;0;0;4770;2327;1.3;0.6
02;2021-03-01;138;144;4908;2471;1.4;0.7
02;2021-03-02;158;78;5066;2549;1.4;0.7
02;2021-03-03;178;145;5244;2694;1.5;0.8
02;2021-03-04;146;134;5390;2828;1.5;0.8
02;2021-03-05;238;127;5628;2955;1.6;0.8
02;2021-03-06;119;59;5747;3014;1.6;0.8
02;2021-03-07;100;1;5847;3015;1.6;0.8
02;2021-03-08;196;132;6043;3147;1.7;0.9
02;2021-03-09;269;102;6312;3249;1.8;0.9
02;2021-03-10;324;134;6636;3383;1.8;0.9
02;2021-03-11;331;83;6967;3466;1.9;1.0
02;2021-03-12;398;53;7365;3519;2.1;1.0
02;2021-03-13;155;21;7520;3540;2.1;1.0
02;2021-03-14;4;1;7524;3541;2.1;1.0
02;2021-03-15;276;92;7800;3633;2.2;1.0
02;2021-03-16;305;55;8105;3688;2.3;1.0
02;2021-03-17;387;49;8492;3737;2.4;1.0
02;2021-03-18;435;44;8927;3781;2.5;1.1
02;2021-03-19;396;61;9323;3842;2.6;1.1
02;2021-03-20;149;47;9472;3889;2.6;1.1
02;2021-03-21;25;1;9497;3890;2.6;1.1
02;2021-03-22;362;116;9859;4006;2.7;1.1
02;2021-03-23;401;123;10260;4129;2.9;1.2
02;2021-03-24;425;104;10685;4233;3.0;1.2
02;2021-03-25;470;99;11155;4332;3.1;1.2
02;2021-03-26;632;100;11787;4432;3.3;1.2
02;2021-03-27;152;71;11939;4503;3.3;1.3
02;2021-03-28;81;2;12020;4505;3.4;1.3
02;2021-03-29;420;165;12440;4670;3.5;1.3
02;2021-03-30;468;244;12908;4914;3.6;1.4
02;2021-03-31;1143;187;14051;5101;3.9;1.4
02;2021-04-01;951;169;15002;5270;4.2;1.5
02;2021-04-02;894;7;15896;5277;4.4;1.5
02;2021-04-03;787;49;16683;5326;4.7;1.5
02;2021-04-04;750;10;17433;5336;4.9;1.5
02;2021-04-05;828;39;18261;5375;5.1;1.5
02;2021-04-06;883;133;19144;5508;5.3;1.5
02;2021-04-07;1430;323;20574;5831;5.7;1.6
02;2021-04-08;1303;267;21877;6098;6.1;1.7
02;2021-04-09;1238;317;23115;6415;6.4;1.8
02;2021-04-10;837;161;23952;6576;6.7;1.8
02;2021-04-11;621;12;24573;6588;6.8;1.8
02;2021-04-12;866;313;25439;6901;7.1;1.9
02;2021-04-13;865;325;26304;7226;7.3;2.0
02;2021-04-14;957;323;27261;7549;7.6;2.1
02;2021-04-15;958;293;28219;7842;7.9;2.2
02;2021-04-16;991;298;29210;8140;8.1;2.3
02;2021-04-17;525;161;29735;8301;8.3;2.3
02;2021-04-18;339;56;30074;8357;8.4;2.3
02;2021-04-19;668;347;30742;8704;8.6;2.4
02;2021-04-20;868;310;31610;9014;8.8;2.5
02;2021-04-21;997;358;32607;9372;9.1;2.6
02;2021-04-22;602;313;33209;9685;9.3;2.7
02;2021-04-23;604;464;33813;10149;9.4;2.8
02;2021-04-24;360;197;34173;10346;9.5;2.9
02;2021-04-25;168;200;34341;10546;9.6;2.9
02;2021-04-26;514;543;34855;11089;9.7;3.1
02;2021-04-27;558;609;35413;11698;9.9;3.3
02;2021-04-28;449;692;35862;12390;10.0;3.5
02;2021-04-29;647;642;36509;13032;10.2;3.6
02;2021-04-30;770;688;37279;13720;10.4;3.8
02;2021-05-01;243;245;37522;13965;10.5;3.9
02;2021-05-02;226;513;37748;14478;10.5;4.0
02;2021-05-03;567;771;38315;15249;10.7;4.3
02;2021-05-04;518;677;38833;15926;10.8;4.4
02;2021-05-05;540;898;39373;16824;11.0;4.7
02;2021-05-06;545;782;39918;17606;11.1;4.9
02;2021-05-07;628;1017;40546;18623;11.3;5.2
02;2021-05-08;222;526;40768;19149;11.4;5.3
02;2021-05-09;175;506;40943;19655;11.4;5.5
02;2021-05-10;520;861;41463;20516;11.6;5.7
02;2021-05-11;476;875;41939;21391;11.7;6.0
02;2021-05-12;552;913;42491;22304;11.8;6.2
02;2021-05-13;269;534;42760;22838;11.9;6.4
02;2021-05-14;384;753;43144;23591;12.0;6.6
02;2021-05-15;230;581;43374;24172;12.1;6.7
02;2021-05-16;155;442;43529;24614;12.1;6.9
02;2021-05-17;463;755;43992;25369;12.3;7.1
02;2021-05-18;440;676;44432;26045;12.4;7.3
02;2021-05-19;435;740;44867;26785;12.5;7.5
02;2021-05-20;587;501;45454;27286;12.7;7.6
02;2021-05-21;541;704;45995;27990;12.8;7.8
02;2021-05-22;182;365;46177;28355;12.9;7.9
02;2021-05-23;109;181;46286;28536;12.9;8.0
02;2021-05-24;131;242;46417;28778;12.9;8.0
02;2021-05-25;344;705;46761;29483;13.0;8.2
02;2021-05-26;371;713;47132;30196;13.1;8.4
02;2021-05-27;260;648;47392;30844;13.2;8.6
02;2021-05-28;264;820;47656;31664;13.3;8.8
02;2021-05-29;148;512;47804;32176;13.3;9.0
02;2021-05-30;15;33;47819;32209;13.3;9.0
02;2021-05-31;342;686;48161;32895;13.4;9.2
02;2021-06-01;289;548;48450;33443;13.5;9.3
02;2021-06-02;306;573;48756;34016;13.6;9.5
02;2021-06-03;246;432;49002;34448;13.7;9.6
02;2021-06-04;348;651;49350;35099;13.8;9.8
02;2021-06-05;234;362;49584;35461;13.8;9.9
02;2021-06-06;21;31;49605;35492;13.8;9.9
02;2021-06-07;257;741;49862;36233;13.9;10.1
02;2021-06-08;260;594;50122;36827;14.0;10.3
02;2021-06-09;286;703;50408;37530;14.1;10.5
02;2021-06-10;299;454;50707;37984;14.1;10.6
02;2021-06-11;329;543;51036;38527;14.2;10.7
02;2021-06-12;242;322;51278;38849;14.3;10.8
02;2021-06-13;32;29;51310;38878;14.3;10.8
02;2021-06-14;360;550;51670;39428;14.4;11.0
02;2021-06-15;360;475;52030;39903;14.5;11.1
03;2020-12-27;0;0;0;0;0.0;0.0
03;2020-12-28;0;0;0;0;0.0;0.0
03;2020-12-29;0;0;0;0;0.0;0.0
03;2020-12-30;0;0;0;0;0.0;0.0
03;2020-12-31;0;0;0;0;0.0;0.0
03;2021-01-01;0;0;0;0;0.0;0.0
03;2021-01-02;0;0;0;0;0.0;0.0
03;2021-01-03;0;0;0;0;0.0;0.0
03;2021-01-04;0;0;0;0;0.0;0.0
03;2021-01-05;0;0;0;0;0.0;0.0
03;2021-01-06;0;0;0;0;0.0;0.0
03;2021-01-07;0;0;0;0;0.0;0.0
03;2021-01-08;0;0;0;0;0.0;0.0
03;2021-01-09;0;0;0;0;0.0;0.0
03;2021-01-10;0;0;0;0;0.0;0.0
03;2021-01-11;0;0;0;0;0.0;0.0
03;2021-01-12;0;0;0;0;0.0;0.0
03;2021-01-13;30;0;30;0;0.0;0.0
03;2021-01-14;46;0;76;0;0.0;0.0
03;2021-01-15;34;0;110;0;0.0;0.0
03;2021-01-16;18;0;128;0;0.0;0.0
03;2021-01-17;0;0;128;0;0.0;0.0
03;2021-01-18;63;0;191;0;0.1;0.0
03;2021-01-19;149;1;340;1;0.1;0.0
03;2021-01-20;132;0;472;1;0.2;0.0
03;2021-01-21;118;0;590;1;0.2;0.0
03;2021-01-22;76;0;666;1;0.2;0.0
03;2021-01-23;0;0;666;1;0.2;0.0
03;2021-01-24;0;0;666;1;0.2;0.0
03;2021-01-25;56;0;722;1;0.2;0.0
03;2021-01-26;100;0;822;1;0.3;0.0
03;2021-01-27;109;1;931;2;0.3;0.0
03;2021-01-28;96;2;1027;4;0.4;0.0
03;2021-01-29;104;3;1131;7;0.4;0.0
03;2021-01-30;0;0;1131;7;0.4;0.0
03;2021-01-31;0;0;1131;7;0.4;0.0
03;2021-02-01;54;0;1185;7;0.4;0.0
03;2021-02-02;122;4;1307;11;0.4;0.0
03;2021-02-03;116;7;1423;18;0.5;0.0
03;2021-02-04;79;26;1502;44;0.5;0.0
03;2021-02-05;65;8;1567;52;0.5;0.0
03;2021-02-06;0;0;1567;52;0.5;0.0
03;2021-02-07;0;0;1567;52;0.5;0.0
03;2021-02-08;51;13;1618;65;0.6;0.0
03;2021-02-09;92;39;1710;104;0.6;0.0
03;2021-02-10;101;42;1811;146;0.6;0.1
03;2021-02-11;102;93;1913;239;0.7;0.1
03;2021-02-12;86;65;1999;304;0.7;0.1
03;2021-02-13;0;0;1999;304;0.7;0.1
03;2021-02-14;0;0;1999;304;0.7;0.1
03;2021-02-15;27;65;2026;369;0.7;0.1
03;2021-02-16;123;52;2149;421;0.7;0.1
03;2021-02-17;145;118;2294;539;0.8;0.2
03;2021-02-18;102;143;2396;682;0.8;0.2
03;2021-02-19;121;72;2517;754;0.9;0.3
03;2021-02-20;0;0;2517;754;0.9;0.3
03;2021-02-21;0;0;2517;754;0.9;0.3
03;2021-02-22;78;49;2595;803;0.9;0.3
03;2021-02-23;158;99;2753;902;0.9;0.3
03;2021-02-24;190;120;2943;1022;1.0;0.4
03;2021-02-25;258;87;3201;1109;1.1;0.4
03;2021-02-26;264;69;3465;1178;1.2;0.4
03;2021-02-27;121;1;3586;1179;1.2;0.4
03;2021-02-28;0;0;3586;1179;1.2;0.4
03;2021-03-01;180;85;3766;1264;1.3;0.4
03;2021-03-02;255;108;4021;1372;1.4;0.5
03;2021-03-03;255;129;4276;1501;1.5;0.5
03;2021-03-04;281;81;4557;1582;1.6;0.5
03;2021-03-05;270;43;4827;1625;1.7;0.6
03;2021-03-06;116;1;4943;1626;1.7;0.6
03;2021-03-07;0;0;4943;1626;1.7;0.6
03;2021-03-08;187;41;5130;1667;1.8;0.6
03;2021-03-09;349;90;5479;1757;1.9;0.6
03;2021-03-10;357;97;5836;1854;2.0;0.6
03;2021-03-11;269;118;6105;1972;2.1;0.7
03;2021-03-12;285;91;6390;2063;2.2;0.7
03;2021-03-13;110;2;6500;2065;2.2;0.7
03;2021-03-14;0;0;6500;2065;2.2;0.7
03;2021-03-15;180;26;6680;2091;2.3;0.7
03;2021-03-16;241;139;6921;2230;2.4;0.8
03;2021-03-17;273;128;7194;2358;2.5;0.8
03;2021-03-18;250;153;7444;2511;2.6;0.9
03;2021-03-19;284;126;7728;2637;2.7;0.9
03;2021-03-20;255;14;7983;2651;2.7;0.9
03;2021-03-21;119;0;8102;2651;2.8;0.9
03;2021-03-22;219;112;8321;2763;2.9;1.0
03;2021-03-23;259;186;8580;2949;3.0;1.0
03;2021-03-24;224;208;8804;3157;3.0;1.1
03;2021-03-25;167;176;8971;3333;3.1;1.1
03;2021-03-26;188;306;9159;3639;3.2;1.3
03;2021-03-27;55;93;9214;3732;3.2;1.3
03;2021-03-28;0;0;9214;3732;3.2;1.3
03;2021-03-29;174;244;9388;3976;3.2;1.4
03;2021-03-30;445;234;9833;4210;3.4;1.4
03;2021-03-31;314;289;10147;4499;3.5;1.5
03;2021-04-01;443;261;10590;4760;3.6;1.6
03;2021-04-02;306;279;10896;5039;3.7;1.7
03;2021-04-03;116;122;11012;5161;3.8;1.8
03;2021-04-04;0;0;11012;5161;3.8;1.8
03;2021-04-05;118;14;11130;5175;3.8;1.8
03;2021-04-06;419;322;11549;5497;4.0;1.9
03;2021-04-07;485;333;12034;5830;4.1;2.0
03;2021-04-08;493;255;12527;6085;4.3;2.1
03;2021-04-09;471;225;12998;6310;4.5;2.2
03;2021-04-10;146;91;13144;6401;4.5;2.2
03;2021-04-11;2;0;13146;6401;4.5;2.2
03;2021-04-12;497;263;13643;6664;4.7;2.3
03;2021-04-13;633;237;14276;6901;4.9;2.4
03;2021-04-14;670;310;14946;7211;5.1;2.5
03;2021-04-15;722;242;15668;7453;5.4;2.6
03;2021-04-16;709;297;16377;7750;5.6;2.7
03;2021-04-17;476;124;16853;7874;5.8;2.7
03;2021-04-18;489;36;17342;7910;6.0;2.7
03;2021-04-19;682;247;18024;8157;6.2;2.8
03;2021-04-20;550;268;18574;8425;6.4;2.9
03;2021-04-21;783;236;19357;8661;6.7;3.0
03;2021-04-22;652;216;20009;8877;6.9;3.1
03;2021-04-23;662;220;20671;9097;7.1;3.1
03;2021-04-24;523;95;21194;9192;7.3;3.2
03;2021-04-25;602;40;21796;9232;7.5;3.2
03;2021-04-26;734;223;22530;9455;7.8;3.3
03;2021-04-27;765;337;23295;9792;8.0;3.4
03;2021-04-28;660;318;23955;10110;8.2;3.5
03;2021-04-29;605;275;24560;10385;8.4;3.6
03;2021-04-30;672;251;25232;10636;8.7;3.7
03;2021-05-01;209;26;25441;10662;8.8;3.7
03;2021-05-02;594;75;26035;10737;9.0;3.7
03;2021-05-03;554;388;26589;11125;9.1;3.8
03;2021-05-04;538;309;27127;11434;9.3;3.9
03;2021-05-05;585;439;27712;11873;9.5;4.1
03;2021-05-06;590;461;28302;12334;9.7;4.2
03;2021-05-07;529;462;28831;12796;9.9;4.4
03;2021-05-08;336;57;29167;12853;10.0;4.4
03;2021-05-09;262;73;29429;12926;10.1;4.4
03;2021-05-10;417;612;29846;13538;10.3;4.7
03;2021-05-11;365;491;30211;14029;10.4;4.8
03;2021-05-12;417;627;30628;14656;10.5;5.0
03;2021-05-13;330;98;30958;14754;10.6;5.1
03;2021-05-14;425;547;31383;15301;10.8;5.3
03;2021-05-15;253;344;31636;15645;10.9;5.4
03;2021-05-16;204;209;31840;15854;11.0;5.5
03;2021-05-17;391;591;32231;16445;11.1;5.7
03;2021-05-18;499;559;32730;17004;11.3;5.8
03;2021-05-19;471;543;33201;17547;11.4;6.0
03;2021-05-20;570;445;33771;17992;11.6;6.2
03;2021-05-21;467;599;34238;18591;11.8;6.4
03;2021-05-22;161;500;34399;19091;11.8;6.6
03;2021-05-23;254;469;34653;19560;11.9;6.7
03;2021-05-24;541;242;35194;19802;12.1;6.8
03;2021-05-25;489;741;35683;20543;12.3;7.1
03;2021-05-26;366;680;36049;21223;12.4;7.3
03;2021-05-27;645;516;36694;21739;12.6;7.5
03;2021-05-28;469;546;37163;22285;12.8;7.7
03;2021-05-29;230;362;37393;22647;12.9;7.8
03;2021-05-30;146;401;37539;23048;12.9;7.9
03;2021-05-31;335;571;37874;23619;13.0;8.1
03;2021-06-01;382;465;38256;24084;13.2;8.3
03;2021-06-02;456;549;38712;24633;13.3;8.5
03;2021-06-03;392;466;39104;25099;13.5;8.6
03;2021-06-04;503;487;39607;25586;13.6;8.8
03;2021-06-05;269;291;39876;25877;13.7;8.9
03;2021-06-06;208;299;40084;26176;13.8;9.0
03;2021-06-07;453;448;40537;26624;13.9;9.2
03;2021-06-08;488;312;41025;26936;14.1;9.3
03;2021-06-09;451;376;41476;27312;14.3;9.4
03;2021-06-10;345;290;41821;27602;14.4;9.5
03;2021-06-11;389;468;42210;28070;14.5;9.7
03;2021-06-12;163;285;42373;28355;14.6;9.8
03;2021-06-13;198;267;42571;28622;14.6;9.8
03;2021-06-14;350;547;42921;29169;14.8;10.0
03;2021-06-15;352;439;43273;29608;14.9;10.2
04;2020-12-27;0;0;0;0;0.0;0.0
04;2020-12-28;0;0;0;0;0.0;0.0
04;2020-12-29;0;0;0;0;0.0;0.0
04;2020-12-30;0;0;0;0;0.0;0.0
04;2020-12-31;0;0;0;0;0.0;0.0
04;2021-01-01;1;0;1;0;0.0;0.0
04;2021-01-02;0;0;1;0;0.0;0.0
04;2021-01-03;0;0;1;0;0.0;0.0
04;2021-01-04;0;0;1;0;0.0;0.0
04;2021-01-05;2;0;3;0;0.0;0.0
04;2021-01-06;0;0;3;0;0.0;0.0
04;2021-01-07;0;0;3;0;0.0;0.0
04;2021-01-08;0;0;3;0;0.0;0.0
04;2021-01-09;1;0;4;0;0.0;0.0
04;2021-01-10;0;0;4;0;0.0;0.0
04;2021-01-11;0;0;4;0;0.0;0.0
04;2021-01-12;0;0;4;0;0.0;0.0
04;2021-01-13;0;0;4;0;0.0;0.0
04;2021-01-14;0;0;4;0;0.0;0.0
04;2021-01-15;332;0;336;0;0.0;0.0
04;2021-01-16;27;0;363;0;0.0;0.0
04;2021-01-17;0;0;363;0;0.0;0.0
04;2021-01-18;49;1;412;1;0.0;0.0
04;2021-01-19;393;0;805;1;0.1;0.0
04;2021-01-20;482;1;1287;2;0.1;0.0
04;2021-01-21;614;1;1901;3;0.2;0.0
04;2021-01-22;409;0;2310;3;0.3;0.0
04;2021-01-23;75;0;2385;3;0.3;0.0
04;2021-01-24;0;0;2385;3;0.3;0.0
04;2021-01-25;272;0;2657;3;0.3;0.0
04;2021-01-26;429;0;3086;3;0.4;0.0
04;2021-01-27;317;0;3403;3;0.4;0.0
04;2021-01-28;406;0;3809;3;0.4;0.0
04;2021-01-29;421;3;4230;6;0.5;0.0
04;2021-01-30;419;0;4649;6;0.5;0.0
04;2021-01-31;0;0;4649;6;0.5;0.0
04;2021-02-01;372;3;5021;9;0.6;0.0
04;2021-02-02;498;4;5519;13;0.6;0.0
04;2021-02-03;601;14;6120;27;0.7;0.0
04;2021-02-04;626;22;6746;49;0.8;0.0
04;2021-02-05;564;98;7310;147;0.9;0.0
04;2021-02-06;501;4;7811;151;0.9;0.0
04;2021-02-07;0;8;7811;159;0.9;0.0
04;2021-02-08;472;34;8283;193;1.0;0.0
04;2021-02-09;783;90;9066;283;1.1;0.0
04;2021-02-10;820;85;9886;368;1.1;0.0
04;2021-02-11;796;86;10682;454;1.2;0.1
04;2021-02-12;637;95;11319;549;1.3;0.1
04;2021-02-13;650;74;11969;623;1.4;0.1
04;2021-02-14;1;0;11970;623;1.4;0.1
04;2021-02-15;524;126;12494;749;1.5;0.1
04;2021-02-16;649;535;13143;1284;1.5;0.1
04;2021-02-17;592;329;13735;1613;1.6;0.2
04;2021-02-18;493;414;14228;2027;1.7;0.2
04;2021-02-19;496;321;14724;2348;1.7;0.3
04;2021-02-20;576;117;15300;2465;1.8;0.3
04;2021-02-21;0;0;15300;2465;1.8;0.3
04;2021-02-22;401;238;15701;2703;1.8;0.3
04;2021-02-23;607;238;16308;2941;1.9;0.3
04;2021-02-24;581;253;16889;3194;2.0;0.4
04;2021-02-25;645;297;17534;3491;2.0;0.4
04;2021-02-26;483;472;18017;3963;2.1;0.5
04;2021-02-27;385;471;18402;4434;2.1;0.5
04;2021-02-28;0;0;18402;4434;2.1;0.5
04;2021-03-01;289;392;18691;4826;2.2;0.6
04;2021-03-02;487;504;19178;5330;2.2;0.6
04;2021-03-03;755;558;19933;5888;2.3;0.7
04;2021-03-04;775;542;20708;6430;2.4;0.7
04;2021-03-05;727;541;21435;6971;2.5;0.8
04;2021-03-06;812;530;22247;7501;2.6;0.9
04;2021-03-07;0;0;22247;7501;2.6;0.9
04;2021-03-08;436;591;22683;8092;2.6;0.9
04;2021-03-09;670;777;23353;8869;2.7;1.0
04;2021-03-10;644;849;23997;9718;2.8;1.1
04;2021-03-11;699;648;24696;10366;2.9;1.2
04;2021-03-12;729;664;25425;11030;3.0;1.3
04;2021-03-13;667;610;26092;11640;3.0;1.4
04;2021-03-14;2;0;26094;11640;3.0;1.4
04;2021-03-15;503;506;26597;12146;3.1;1.4
04;2021-03-16;680;711;27277;12857;3.2;1.5
04;2021-03-17;847;538;28124;13395;3.3;1.6
04;2021-03-18;1021;556;29145;13951;3.4;1.6
04;2021-03-19;784;543;29929;14494;3.5;1.7
04;2021-03-20;576;599;30505;15093;3.5;1.8
04;2021-03-21;0;0;30505;15093;3.5;1.8
04;2021-03-22;565;482;31070;15575;3.6;1.8
04;2021-03-23;780;640;31850;16215;3.7;1.9
04;2021-03-24;792;671;32642;16886;3.8;2.0
04;2021-03-25;929;555;33571;17441;3.9;2.0
04;2021-03-26;921;450;34492;17891;4.0;2.1
04;2021-03-27;782;340;35274;18231;4.1;2.1
04;2021-03-28;1;0;35275;18231;4.1;2.1
04;2021-03-29;960;271;36235;18502;4.2;2.2
04;2021-03-30;883;501;37118;19003;4.3;2.2
04;2021-03-31;733;673;37851;19676;4.4;2.3
04;2021-04-01;716;709;38567;20385;4.5;2.4
04;2021-04-02;687;761;39254;21146;4.6;2.5
04;2021-04-03;699;707;39953;21853;4.6;2.5
04;2021-04-04;0;0;39953;21853;4.6;2.5
04;2021-04-05;0;2;39953;21855;4.6;2.5
04;2021-04-06;796;642;40749;22497;4.7;2.6
04;2021-04-07;1369;789;42118;23286;4.9;2.7
04;2021-04-08;1792;780;43910;24066;5.1;2.8
04;2021-04-09;1506;785;45416;24851;5.3;2.9
04;2021-04-10;1137;651;46553;25502;5.4;3.0
04;2021-04-11;2;0;46555;25502;5.4;3.0
04;2021-04-12;1239;553;47794;26055;5.6;3.0
04;2021-04-13;1438;754;49232;26809;5.7;3.1
04;2021-04-14;2068;777;51300;27586;6.0;3.2
04;2021-04-15;2502;956;53802;28542;6.3;3.3
04;2021-04-16;1931;785;55733;29327;6.5;3.4
04;2021-04-17;1288;604;57021;29931;6.6;3.5
04;2021-04-18;0;0;57021;29931;6.6;3.5
04;2021-04-19;1377;565;58398;30496;6.8;3.5
04;2021-04-20;1647;807;60045;31303;7.0;3.6
04;2021-04-21;2128;606;62173;31909;7.2;3.7
04;2021-04-22;2943;804;65116;32713;7.6;3.8
04;2021-04-23;2309;813;67425;33526;7.8;3.9
04;2021-04-24;1102;797;68527;34323;8.0;4.0
04;2021-04-25;2;0;68529;34323;8.0;4.0
04;2021-04-26;1164;920;69693;35243;8.1;4.1
04;2021-04-27;1679;1027;71372;36270;8.3;4.2
04;2021-04-28;2893;753;74265;37023;8.6;4.3
04;2021-04-29;3945;812;78210;37835;9.1;4.4
04;2021-04-30;3432;906;81642;38741;9.5;4.5
04;2021-05-01;2106;220;83748;38961;9.7;4.5
04;2021-05-02;2;0;83750;38961;9.7;4.5
04;2021-05-03;1865;570;85615;39531;10.0;4.6
04;2021-05-04;2127;1095;87742;40626;10.2;4.7
04;2021-05-05;3116;1641;90858;42267;10.6;4.9
04;2021-05-06;4000;1589;94858;43856;11.0;5.1
04;2021-05-07;3228;1527;98086;45383;11.4;5.3
04;2021-05-08;1565;501;99651;45884;11.6;5.3
04;2021-05-09;1;0;99652;45884;11.6;5.3
04;2021-05-10;2411;994;102063;46878;11.9;5.5
04;2021-05-11;3651;1642;105714;48520;12.3;5.6
04;2021-05-12;4714;2395;110428;50915;12.8;5.9
04;2021-05-13;3551;584;113979;51499;13.3;6.0
04;2021-05-14;5259;2510;119238;54009;13.9;6.3
04;2021-05-15;3157;1536;122395;55545;14.2;6.5
04;2021-05-16;14;18;122409;55563;14.2;6.5
04;2021-05-17;2995;1481;125404;57044;14.6;6.6
04;2021-05-18;3725;1778;129129;58822;15.0;6.8
04;2021-05-19;4642;2329;133771;61151;15.6;7.1
04;2021-05-20;5108;2802;138879;63953;16.1;7.4
04;2021-05-21;4954;2628;143833;66581;16.7;7.7
04;2021-05-22;3321;1251;147154;67832;17.1;7.9
04;2021-05-23;4;3;147158;67835;17.1;7.9
04;2021-05-24;3567;1075;150725;68910;17.5;8.0
04;2021-05-25;4188;1910;154913;70820;18.0;8.2
04;2021-05-26;4875;2958;159788;73778;18.6;8.6
04;2021-05-27;4573;4090;164361;77868;19.1;9.1
04;2021-05-28;4353;3826;168714;81694;19.6;9.5
04;2021-05-29;2528;2460;171242;84154;19.9;9.8
04;2021-05-30;6;14;171248;84168;19.9;9.8
04;2021-05-31;2339;2247;173587;86415;20.2;10.0
04;2021-06-01;3262;2721;176849;89136;20.6;10.4
04;2021-06-02;3903;3349;180752;92485;21.0;10.8
04;2021-06-03;4004;3662;184756;96147;21.5;11.2
04;2021-06-04;3817;3751;188573;99898;21.9;11.6
04;2021-06-05;2192;1923;190765;101821;22.2;11.8
04;2021-06-06;1060;129;191825;101950;22.3;11.9
04;2021-06-07;1999;2530;193824;104480;22.5;12.1
04;2021-06-08;2553;3319;196377;107799;22.8;12.5
04;2021-06-09;2890;4765;199267;112564;23.2;13.1
04;2021-06-10;3336;4442;202603;117006;23.6;13.6
04;2021-06-11;2814;4610;205417;121616;23.9;14.1
04;2021-06-12;1703;3371;207120;124987;24.1;14.5
04;2021-06-13;1311;241;208431;125228;24.2;14.6
04;2021-06-14;1478;3179;209909;128407;24.4;14.9
04;2021-06-15;2021;3603;211930;132010;24.6;15.4
05;2020-12-27;0;0;0;0;0.0;0.0
05;2020-12-28;0;0;0;0;0.0;0.0
05;2020-12-29;0;0;0;0;0.0;0.0
05;2020-12-30;0;0;0;0;0.0;0.0
05;2020-12-31;0;0;0;0;0.0;0.0
05;2021-01-01;0;0;0;0;0.0;0.0
05;2021-01-02;0;0;0;0;0.0;0.0
05;2021-01-03;0;0;0;0;0.0;0.0
05;2021-01-04;0;0;0;0;0.0;0.0
05;2021-01-05;0;0;0;0;0.0;0.0
05;2021-01-06;0;0;0;0;0.0;0.0
05;2021-01-07;0;0;0;0;0.0;0.0
05;2021-01-08;0;0;0;0;0.0;0.0
05;2021-01-09;0;0;0;0;0.0;0.0
05;2021-01-10;0;0;0;0;0.0;0.0
05;2021-01-11;0;0;0;0;0.0;0.0
05;2021-01-12;0;0;0;0;0.0;0.0
05;2021-01-13;0;0;0;0;0.0;0.0
05;2021-01-14;0;0;0;0;0.0;0.0
05;2021-01-15;0;0;0;0;0.0;0.0
05;2021-01-16;0;0;0;0;0.0;0.0
05;2021-01-17;0;0;0;0;0.0;0.0
05;2021-01-18;0;0;0;0;0.0;0.0
05;2021-01-19;0;0;0;0;0.0;0.0
05;2021-01-20;0;0;0;0;0.0;0.0
05;2021-01-21;0;0;0;0;0.0;0.0
05;2021-01-22;0;0;0;0;0.0;0.0
05;2021-01-23;0;0;0;0;0.0;0.0
05;2021-01-24;0;0;0;0;0.0;0.0
05;2021-01-25;0;0;0;0;0.0;0.0
05;2021-01-26;0;0;0;0;0.0;0.0
05;2021-01-27;0;0;0;0;0.0;0.0
05;2021-01-28;0;0;0;0;0.0;0.0
05;2021-01-29;0;0;0;0;0.0;0.0
05;2021-01-30;0;0;0;0;0.0;0.0
05;2021-01-31;0;0;0;0;0.0;0.0
05;2021-02-01;0;0;0;0;0.0;0.0
05;2021-02-02;0;0;0;0;0.0;0.0
05;2021-02-03;0;0;0;0;0.0;0.0
05;2021-02-04;0;0;0;0;0.0;0.0
05;2021-02-05;0;0;0;0;0.0;0.0
05;2021-02-06;0;0;0;0;0.0;0.0
05;2021-02-07;0;0;0;0;0.0;0.0
05;2021-02-08;0;0;0;0;0.0;0.0
05;2021-02-09;0;0;0;0;0.0;0.0
05;2021-02-10;0;0;0;0;0.0;0.0
05;2021-02-11;0;0;0;0;0.0;0.0
05;2021-02-12;0;0;0;0;0.0;0.0
05;2021-02-13;0;0;0;0;0.0;0.0
05;2021-02-14;0;0;0;0;0.0;0.0
05;2021-02-15;0;0;0;0;0.0;0.0
05;2021-02-16;0;0;0;0;0.0;0.0
05;2021-02-17;0;0;0;0;0.0;0.0
05;2021-02-18;0;0;0;0;0.0;0.0
05;2021-02-19;0;0;0;0;0.0;0.0
05;2021-02-20;0;0;0;0;0.0;0.0
05;2021-02-21;0;0;0;0;0.0;0.0
05;2021-02-22;0;0;0;0;0.0;0.0
05;2021-02-23;0;0;0;0;0.0;0.0
05;2021-02-24;0;0;0;0;0.0;0.0
05;2021-02-25;0;0;0;0;0.0;0.0
05;2021-02-26;0;0;0;0;0.0;0.0
05;2021-02-27;0;0;0;0;0.0;0.0
05;2021-02-28;0;0;0;0;0.0;0.0
05;2021-03-01;0;0;0;0;0.0;0.0
05;2021-03-02;0;0;0;0;0.0;0.0
05;2021-03-03;0;0;0;0;0.0;0.0
05;2021-03-04;0;0;0;0;0.0;0.0
05;2021-03-05;0;0;0;0;0.0;0.0
05;2021-03-06;0;0;0;0;0.0;0.0
05;2021-03-07;0;0;0;0;0.0;0.0
05;2021-03-08;0;0;0;0;0.0;0.0
05;2021-03-09;0;0;0;0;0.0;0.0
05;2021-03-10;0;0;0;0;0.0;0.0
05;2021-03-11;0;0;0;0;0.0;0.0
05;2021-03-12;0;0;0;0;0.0;0.0
05;2021-03-13;0;0;0;0;0.0;0.0
05;2021-03-14;0;0;0;0;0.0;0.0
05;2021-03-15;0;0;0;0;0.0;0.0
05;2021-03-16;0;0;0;0;0.0;0.0
05;2021-03-17;0;0;0;0;0.0;0.0
05;2021-03-18;0;0;0;0;0.0;0.0
05;2021-03-19;0;0;0;0;0.0;0.0
05;2021-03-20;0;0;0;0;0.0;0.0
05;2021-03-21;0;0;0;0;0.0;0.0
05;2021-03-22;0;0;0;0;0.0;0.0
05;2021-03-23;0;0;0;0;0.0;0.0
05;2021-03-24;0;0;0;0;0.0;0.0
05;2021-03-25;0;0;0;0;0.0;0.0
05;2021-03-26;0;0;0;0;0.0;0.0
05;2021-03-27;0;0;0;0;0.0;0.0
05;2021-03-28;0;0;0;0;0.0;0.0
05;2021-03-29;2;0;2;0;0.0;0.0
05;2021-03-30;0;0;2;0;0.0;0.0
05;2021-03-31;0;0;2;0;0.0;0.0
05;2021-04-01;0;0;2;0;0.0;0.0
05;2021-04-02;0;0;2;0;0.0;0.0
05;2021-04-03;0;0;2;0;0.0;0.0
05;2021-04-04;0;0;2;0;0.0;0.0
05;2021-04-05;0;0;2;0;0.0;0.0
05;2021-04-06;0;0;2;0;0.0;0.0
05;2021-04-07;0;0;2;0;0.0;0.0
05;2021-04-08;1;0;3;0;0.1;0.0
05;2021-04-09;0;0;3;0;0.1;0.0
05;2021-04-10;0;0;3;0;0.1;0.0
05;2021-04-11;0;0;3;0;0.1;0.0
05;2021-04-12;0;0;3;0;0.1;0.0
05;2021-04-13;0;0;3;0;0.1;0.0
05;2021-04-14;0;0;3;0;0.1;0.0
05;2021-04-15;0;0;3;0;0.1;0.0
05;2021-04-16;0;0;3;0;0.1;0.0
05;2021-04-17;0;0;3;0;0.1;0.0
05;2021-04-18;0;0;3;0;0.1;0.0
05;2021-04-19;0;0;3;0;0.1;0.0
05;2021-04-20;0;0;3;0;0.1;0.0
05;2021-04-21;0;0;3;0;0.1;0.0
05;2021-04-22;0;0;3;0;0.1;0.0
05;2021-04-23;0;0;3;0;0.1;0.0
05;2021-04-24;0;0;3;0;0.1;0.0
05;2021-04-25;0;0;3;0;0.1;0.0
05;2021-04-26;0;0;3;0;0.1;0.0
05;2021-04-27;0;0;3;0;0.1;0.0
05;2021-04-28;0;0;3;0;0.1;0.0
05;2021-04-29;0;0;3;0;0.1;0.0
05;2021-04-30;0;0;3;0;0.1;0.0
05;2021-05-01;0;0;3;0;0.1;0.0
05;2021-05-02;0;0;3;0;0.1;0.0
05;2021-05-03;0;0;3;0;0.1;0.0
05;2021-05-04;0;0;3;0;0.1;0.0
05;2021-05-05;0;0;3;0;0.1;0.0
05;2021-05-06;0;0;3;0;0.1;0.0
05;2021-05-07;0;0;3;0;0.1;0.0
05;2021-05-08;0;0;3;0;0.1;0.0
05;2021-05-09;0;0;3;0;0.1;0.0
05;2021-05-10;0;0;3;0;0.1;0.0
05;2021-05-11;0;0;3;0;0.1;0.0
05;2021-05-12;0;0;3;0;0.1;0.0
05;2021-05-13;0;0;3;0;0.1;0.0
05;2021-05-14;0;0;3;0;0.1;0.0
05;2021-05-15;0;0;3;0;0.1;0.0
05;2021-05-16;0;0;3;0;0.1;0.0
05;2021-05-17;0;0;3;0;0.1;0.0
05;2021-05-18;0;0;3;0;0.1;0.0
05;2021-05-19;0;0;3;0;0.1;0.0
05;2021-05-20;0;0;3;0;0.1;0.0
05;2021-05-21;0;0;3;0;0.1;0.0
05;2021-05-22;0;0;3;0;0.1;0.0
05;2021-05-23;0;0;3;0;0.1;0.0
05;2021-05-24;0;0;3;0;0.1;0.0
05;2021-05-25;0;0;3;0;0.1;0.0
05;2021-05-26;0;0;3;0;0.1;0.0
05;2021-05-27;0;0;3;0;0.1;0.0
05;2021-05-28;0;0;3;0;0.1;0.0
05;2021-05-29;0;2;3;2;0.1;0.0
05;2021-05-30;0;0;3;2;0.1;0.0
05;2021-05-31;0;0;3;2;0.1;0.0
05;2021-06-01;0;0;3;2;0.1;0.0
05;2021-06-02;0;0;3;2;0.1;0.0
05;2021-06-03;0;0;3;2;0.1;0.0
05;2021-06-04;0;0;3;2;0.1;0.0
05;2021-06-05;0;0;3;2;0.1;0.0
05;2021-06-06;0;0;3;2;0.1;0.0
05;2021-06-07;0;0;3;2;0.1;0.0
05;2021-06-08;0;0;3;2;0.1;0.0
05;2021-06-09;0;0;3;2;0.1;0.0
05;2021-06-10;0;0;3;2;0.1;0.0
05;2021-06-11;0;0;3;2;0.1;0.0
05;2021-06-12;0;0;3;2;0.1;0.0
05;2021-06-13;0;0;3;2;0.1;0.0
05;2021-06-14;0;0;3;2;0.1;0.0
05;2021-06-15;0;0;3;2;0.1;0.0
06;2020-12-27;0;0;0;0;0.0;0.0
06;2020-12-28;0;0;0;0;0.0;0.0
06;2020-12-29;0;0;0;0;0.0;0.0
06;2020-12-30;0;0;0;0;0.0;0.0
06;2020-12-31;0;0;0;0;0.0;0.0
06;2021-01-01;0;0;0;0;0.0;0.0
06;2021-01-02;0;0;0;0;0.0;0.0
06;2021-01-03;0;0;0;0;0.0;0.0
06;2021-01-04;0;0;0;0;0.0;0.0
06;2021-01-05;0;0;0;0;0.0;0.0
06;2021-01-06;0;0;0;0;0.0;0.0
06;2021-01-07;0;0;0;0;0.0;0.0
06;2021-01-08;0;0;0;0;0.0;0.0
06;2021-01-09;0;0;0;0;0.0;0.0
06;2021-01-10;0;0;0;0;0.0;0.0
06;2021-01-11;9;0;9;0;0.0;0.0
06;2021-01-12;0;0;9;0;0.0;0.0
06;2021-01-13;0;0;9;0;0.0;0.0
06;2021-01-14;0;0;9;0;0.0;0.0
06;2021-01-15;1;0;10;0;0.0;0.0
06;2021-01-16;1;0;11;0;0.0;0.0
06;2021-01-17;0;0;11;0;0.0;0.0
06;2021-01-18;1;0;12;0;0.0;0.0
06;2021-01-19;0;0;12;0;0.0;0.0
06;2021-01-20;0;0;12;0;0.0;0.0
06;2021-01-21;0;0;12;0;0.0;0.0
06;2021-01-22;0;0;12;0;0.0;0.0
06;2021-01-23;1;0;13;0;0.0;0.0
06;2021-01-24;0;0;13;0;0.0;0.0
06;2021-01-25;140;1;153;1;0.1;0.0
06;2021-01-26;166;4;319;5;0.1;0.0
06;2021-01-27;250;1;569;6;0.2;0.0
06;2021-01-28;101;5;670;11;0.2;0.0
06;2021-01-29;230;3;900;14;0.3;0.0
06;2021-01-30;285;5;1185;19;0.4;0.0
06;2021-01-31;1;0;1186;19;0.4;0.0
06;2021-02-01;160;0;1346;19;0.5;0.0
06;2021-02-02;329;4;1675;23;0.6;0.0
06;2021-02-03;228;1;1903;24;0.7;0.0
06;2021-02-04;215;7;2118;31;0.8;0.0
06;2021-02-05;214;1;2332;32;0.8;0.0
06;2021-02-06;83;10;2415;42;0.9;0.0
06;2021-02-07;0;0;2415;42;0.9;0.0
06;2021-02-08;82;3;2497;45;0.9;0.0
06;2021-02-09;193;0;2690;45;1.0;0.0
06;2021-02-10;187;2;2877;47;1.0;0.0
06;2021-02-11;235;1;3112;48;1.1;0.0
06;2021-02-12;287;4;3399;52;1.2;0.0
06;2021-02-13;56;0;3455;52;1.2;0.0
06;2021-02-14;1;0;3456;52;1.2;0.0
06;2021-02-15;359;2;3815;54;1.4;0.0
06;2021-02-16;266;6;4081;60;1.5;0.0
06;2021-02-17;167;2;4248;62;1.5;0.0
06;2021-02-18;216;11;4464;73;1.6;0.0
06;2021-02-19;235;21;4699;94;1.7;0.0
06;2021-02-20;138;6;4837;100;1.7;0.0
06;2021-02-21;0;0;4837;100;1.7;0.0
06;2021-02-22;131;120;4968;220;1.8;0.1
06;2021-02-23;186;151;5154;371;1.8;0.1
06;2021-02-24;175;143;5329;514;1.9;0.2
06;2021-02-25;227;283;5556;797;2.0;0.3
06;2021-02-26;242;259;5798;1056;2.1;0.4
06;2021-02-27;0;0;5798;1056;2.1;0.4
06;2021-02-28;0;0;5798;1056;2.1;0.4
06;2021-03-01;144;259;5942;1315;2.1;0.5
06;2021-03-02;228;257;6170;1572;2.2;0.6
06;2021-03-03;201;187;6371;1759;2.3;0.6
06;2021-03-04;205;138;6576;1897;2.4;0.7
06;2021-03-05;224;113;6800;2010;2.4;0.7
06;2021-03-06;1;0;6801;2010;2.4;0.7
06;2021-03-07;0;0;6801;2010;2.4;0.7
06;2021-03-08;189;125;6990;2135;2.5;0.8
06;2021-03-09;390;151;7380;2286;2.6;0.8
06;2021-03-10;180;178;7560;2464;2.7;0.9
06;2021-03-11;167;207;7727;2671;2.8;1.0
06;2021-03-12;238;287;7965;2958;2.9;1.1
06;2021-03-13;2;0;7967;2958;2.9;1.1
06;2021-03-14;0;0;7967;2958;2.9;1.1
06;2021-03-15;156;292;8123;3250;2.9;1.2
06;2021-03-16;236;222;8359;3472;3.0;1.2
06;2021-03-17;264;139;8623;3611;3.1;1.3
06;2021-03-18;172;233;8795;3844;3.1;1.4
06;2021-03-19;172;296;8967;4140;3.2;1.5
06;2021-03-20;0;0;8967;4140;3.2;1.5
06;2021-03-21;0;0;8967;4140;3.2;1.5
06;2021-03-22;97;136;9064;4276;3.2;1.5
06;2021-03-23;136;240;9200;4516;3.3;1.6
06;2021-03-24;160;146;9360;4662;3.3;1.7
06;2021-03-25;186;206;9546;4868;3.4;1.7
06;2021-03-26;160;211;9706;5079;3.5;1.8
06;2021-03-27;18;0;9724;5079;3.5;1.8
06;2021-03-28;0;0;9724;5079;3.5;1.8
06;2021-03-29;0;2;9724;5081;3.5;1.8
06;2021-03-30;272;333;9996;5414;3.6;1.9
06;2021-03-31;225;125;10221;5539;3.7;2.0
06;2021-04-01;243;105;10464;5644;3.7;2.0
06;2021-04-02;285;262;10749;5906;3.8;2.1
06;2021-04-03;906;307;11655;6213;4.2;2.2
06;2021-04-04;1;0;11656;6213;4.2;2.2
06;2021-04-05;1;0;11657;6213;4.2;2.2
06;2021-04-06;158;281;11815;6494;4.2;2.3
06;2021-04-07;237;264;12052;6758;4.3;2.4
06;2021-04-08;286;140;12338;6898;4.4;2.5
06;2021-04-09;248;171;12586;7069;4.5;2.5
06;2021-04-10;181;114;12767;7183;4.6;2.6
06;2021-04-11;7;0;12774;7183;4.6;2.6
06;2021-04-12;0;19;12774;7202;4.6;2.6
06;2021-04-13;393;344;13167;7546;4.7;2.7
06;2021-04-14;239;205;13406;7751;4.8;2.8
06;2021-04-15;207;118;13613;7869;4.9;2.8
06;2021-04-16;214;127;13827;7996;4.9;2.9
06;2021-04-17;226;132;14053;8128;5.0;2.9
06;2021-04-18;1;0;14054;8128;5.0;2.9
06;2021-04-19;6;1;14060;8129;5.0;2.9
06;2021-04-20;368;224;14428;8353;5.2;3.0
06;2021-04-21;411;149;14839;8502;5.3;3.0
06;2021-04-22;410;150;15249;8652;5.5;3.1
06;2021-04-23;367;166;15616;8818;5.6;3.2
06;2021-04-24;413;127;16029;8945;5.7;3.2
06;2021-04-25;2;0;16031;8945;5.7;3.2
06;2021-04-26;54;8;16085;8953;5.8;3.2
06;2021-04-27;351;293;16436;9246;5.9;3.3
06;2021-04-28;354;514;16790;9760;6.0;3.5
06;2021-04-29;555;342;17345;10102;6.2;3.6
06;2021-04-30;401;238;17746;10340;6.3;3.7
06;2021-05-01;669;285;18415;10625;6.6;3.8
06;2021-05-02;0;0;18415;10625;6.6;3.8
06;2021-05-03;134;6;18549;10631;6.6;3.8
06;2021-05-04;352;426;18901;11057;6.8;4.0
06;2021-05-05;443;317;19344;11374;6.9;4.1
06;2021-05-06;319;199;19663;11573;7.0;4.1
06;2021-05-07;341;134;20004;11707;7.2;4.2
06;2021-05-08;299;140;20303;11847;7.3;4.2
06;2021-05-09;0;0;20303;11847;7.3;4.2
06;2021-05-10;7;9;20310;11856;7.3;4.2
06;2021-05-11;357;488;20667;12344;7.4;4.4
06;2021-05-12;329;310;20996;12654;7.5;4.5
06;2021-05-13;126;97;21122;12751;7.6;4.6
06;2021-05-14;0;0;21122;12751;7.6;4.6
06;2021-05-15;484;283;21606;13034;7.7;4.7
06;2021-05-16;0;0;21606;13034;7.7;4.7
06;2021-05-17;123;51;21729;13085;7.8;4.7
06;2021-05-18;503;429;22232;13514;8.0;4.8
06;2021-05-19;646;661;22878;14175;8.2;5.1
06;2021-05-20;1040;495;23918;14670;8.6;5.2
06;2021-05-21;1037;315;24955;14985;8.9;5.4
06;2021-05-22;1214;293;26169;15278;9.4;5.5
06;2021-05-23;0;0;26169;15278;9.4;5.5
06;2021-05-24;1;0;26170;15278;9.4;5.5
06;2021-05-25;851;620;27021;15898;9.7;5.7
06;2021-05-26;1021;840;28042;16738;10.0;6.0
06;2021-05-27;1287;505;29329;17243;10.5;6.2
06;2021-05-28;935;371;30264;17614;10.8;6.3
06;2021-05-29;1111;388;31375;18002;11.2;6.4
06;2021-05-30;0;1;31375;18003;11.2;6.4
06;2021-05-31;99;6;31474;18009;11.3;6.4
06;2021-06-01;1127;648;32601;18657;11.7;6.7
06;2021-06-02;1130;482;33731;19139;12.1;6.8
06;2021-06-03;787;331;34518;19470;12.4;7.0
06;2021-06-04;977;320;35495;19790;12.7;7.1
06;2021-06-05;585;296;36080;20086;12.9;7.2
06;2021-06-06;0;0;36080;20086;12.9;7.2
06;2021-06-07;49;8;36129;20094;12.9;7.2
06;2021-06-08;746;438;36875;20532;13.2;7.3
06;2021-06-09;941;538;37816;21070;13.5;7.5
06;2021-06-10;649;222;38465;21292;13.8;7.6
06;2021-06-11;819;366;39284;21658;14.1;7.7
06;2021-06-12;563;273;39847;21931;14.3;7.8
06;2021-06-13;0;0;39847;21931;14.3;7.8
06;2021-06-14;178;112;40025;22043;14.3;7.9
06;2021-06-15;398;833;40423;22876;14.5;8.2
07;2020-12-27;0;0;0;0;0.0;0.0
07;2020-12-28;0;0;0;0;0.0;0.0
07;2020-12-29;0;0;0;0;0.0;0.0
07;2020-12-30;0;0;0;0;0.0;0.0
07;2020-12-31;0;0;0;0;0.0;0.0
07;2021-01-01;0;0;0;0;0.0;0.0
07;2021-01-02;0;0;0;0;0.0;0.0
07;2021-01-03;0;0;0;0;0.0;0.0
07;2021-01-04;0;0;0;0;0.0;0.0
07;2021-01-05;0;0;0;0;0.0;0.0
07;2021-01-06;0;0;0;0;0.0;0.0
07;2021-01-07;0;0;0;0;0.0;0.0
07;2021-01-08;0;0;0;0;0.0;0.0
07;2021-01-09;0;0;0;0;0.0;0.0
07;2021-01-10;0;0;0;0;0.0;0.0
07;2021-01-11;0;0;0;0;0.0;0.0
07;2021-01-12;0;0;0;0;0.0;0.0
07;2021-01-13;0;0;0;0;0.0;0.0
07;2021-01-14;0;0;0;0;0.0;0.0
07;2021-01-15;0;0;0;0;0.0;0.0
07;2021-01-16;0;0;0;0;0.0;0.0
07;2021-01-17;0;0;0;0;0.0;0.0
07;2021-01-18;1;0;1;0;0.0;0.0
07;2021-01-19;0;0;1;0;0.0;0.0
07;2021-01-20;0;0;1;0;0.0;0.0
07;2021-01-21;12;0;13;0;0.1;0.0
07;2021-01-22;12;0;25;0;0.3;0.0
07;2021-01-23;0;0;25;0;0.3;0.0
07;2021-01-24;0;0;25;0;0.3;0.0
07;2021-01-25;0;0;25;0;0.3;0.0
07;2021-01-26;0;0;25;0;0.3;0.0
07;2021-01-27;12;0;37;0;0.4;0.0
07;2021-01-28;1;0;38;0;0.4;0.0
07;2021-01-29;6;0;44;0;0.4;0.0
07;2021-01-30;0;0;44;0;0.4;0.0
07;2021-01-31;0;0;44;0;0.4;0.0
07;2021-02-01;0;0;44;0;0.4;0.0
07;2021-02-02;0;0;44;0;0.4;0.0
07;2021-02-03;11;0;55;0;0.6;0.0
07;2021-02-04;12;0;67;0;0.7;0.0
07;2021-02-05;11;0;78;0;0.8;0.0
07;2021-02-06;0;0;78;0;0.8;0.0
07;2021-02-07;0;0;78;0;0.8;0.0
07;2021-02-08;0;0;78;0;0.8;0.0
07;2021-02-09;13;0;91;0;0.9;0.0
07;2021-02-10;0;0;91;0;0.9;0.0
07;2021-02-11;16;0;107;0;1.1;0.0
07;2021-02-12;44;0;151;0;1.5;0.0
07;2021-02-13;0;0;151;0;1.5;0.0
07;2021-02-14;0;0;151;0;1.5;0.0
07;2021-02-15;0;0;151;0;1.5;0.0
07;2021-02-16;0;0;151;0;1.5;0.0
07;2021-02-17;0;0;151;0;1.5;0.0
07;2021-02-18;18;0;169;0;1.7;0.0
07;2021-02-19;34;0;203;0;2.0;0.0
07;2021-02-20;0;0;203;0;2.0;0.0
07;2021-02-21;0;0;203;0;2.0;0.0
07;2021-02-22;0;0;203;0;2.0;0.0
07;2021-02-23;0;22;203;22;2.0;0.2
07;2021-02-24;0;0;203;22;2.0;0.2
07;2021-02-25;15;10;218;32;2.2;0.3
07;2021-02-26;33;21;251;53;2.5;0.5
07;2021-02-27;0;0;251;53;2.5;0.5
07;2021-02-28;0;0;251;53;2.5;0.5
07;2021-03-01;0;0;251;53;2.5;0.5
07;2021-03-02;17;11;268;64;2.7;0.6
07;2021-03-03;0;0;268;64;2.7;0.6
07;2021-03-04;16;11;284;75;2.9;0.8
07;2021-03-05;33;19;317;94;3.2;0.9
07;2021-03-06;0;0;317;94;3.2;0.9
07;2021-03-07;0;0;317;94;3.2;0.9
07;2021-03-08;0;0;317;94;3.2;0.9
07;2021-03-09;1;0;318;94;3.2;0.9
07;2021-03-10;0;0;318;94;3.2;0.9
07;2021-03-11;20;30;338;124;3.4;1.2
07;2021-03-12;62;42;400;166;4.0;1.7
07;2021-03-13;0;0;400;166;4.0;1.7
07;2021-03-14;0;0;400;166;4.0;1.7
07;2021-03-15;0;0;400;166;4.0;1.7
07;2021-03-16;30;9;430;175;4.3;1.8
07;2021-03-17;0;0;430;175;4.3;1.8
07;2021-03-18;29;16;459;191;4.6;1.9
07;2021-03-19;56;31;515;222;5.2;2.2
07;2021-03-20;0;0;515;222;5.2;2.2
07;2021-03-21;0;0;515;222;5.2;2.2
07;2021-03-22;0;0;515;222;5.2;2.2
07;2021-03-23;0;0;515;222;5.2;2.2
07;2021-03-24;0;0;515;222;5.2;2.2
07;2021-03-25;65;16;580;238;5.8;2.4
07;2021-03-26;73;26;653;264;6.6;2.7
07;2021-03-27;0;0;653;264;6.6;2.7
07;2021-03-28;0;0;653;264;6.6;2.7
07;2021-03-29;0;0;653;264;6.6;2.7
07;2021-03-30;40;18;693;282;7.0;2.8
07;2021-03-31;26;15;719;297;7.2;3.0
07;2021-04-01;25;32;744;329;7.5;3.3
07;2021-04-02;0;0;744;329;7.5;3.3
07;2021-04-03;0;0;744;329;7.5;3.3
07;2021-04-04;0;0;744;329;7.5;3.3
07;2021-04-05;9;0;753;329;7.6;3.3
07;2021-04-06;0;0;753;329;7.6;3.3
07;2021-04-07;0;0;753;329;7.6;3.3
07;2021-04-08;57;46;810;375;8.1;3.8
07;2021-04-09;59;31;869;406;8.7;4.1
07;2021-04-10;0;0;869;406;8.7;4.1
07;2021-04-11;0;0;869;406;8.7;4.1
07;2021-04-12;0;0;869;406;8.7;4.1
07;2021-04-13;0;0;869;406;8.7;4.1
07;2021-04-14;5;6;874;412;8.8;4.1
07;2021-04-15;56;71;930;483;9.3;4.8
07;2021-04-16;90;35;1020;518;10.2;5.2
07;2021-04-17;0;1;1020;519;10.2;5.2
07;2021-04-18;0;0;1020;519;10.2;5.2
07;2021-04-19;1;0;1021;519;10.2;5.2
07;2021-04-20;335;66;1356;585;13.6;5.9
07;2021-04-21;337;30;1693;615;17.0;6.2
07;2021-04-22;284;49;1977;664;19.8;6.7
07;2021-04-23;258;41;2235;705;22.4;7.1
07;2021-04-24;231;1;2466;706;24.8;7.1
07;2021-04-25;0;0;2466;706;24.8;7.1
07;2021-04-26;283;20;2749;726;27.6;7.3
07;2021-04-27;224;69;2973;795;29.8;8.0
07;2021-04-28;192;26;3165;821;31.8;8.2
07;2021-04-29;170;22;3335;843;33.5;8.5
07;2021-04-30;172;15;3507;858;35.2;8.6
07;2021-05-01;200;12;3707;870;37.2;8.7
07;2021-05-02;0;0;3707;870;37.2;8.7
07;2021-05-03;134;10;3841;880;38.6;8.8
07;2021-05-04;161;54;4002;934;40.2;9.4
07;2021-05-05;221;30;4223;964;42.4;9.7
07;2021-05-06;175;31;4398;995;44.2;10.0
07;2021-05-07;149;31;4547;1026;45.6;10.3
07;2021-05-08;0;0;4547;1026;45.6;10.3
07;2021-05-09;0;2;4547;1028;45.6;10.3
07;2021-05-10;0;0;4547;1028;45.6;10.3
07;2021-05-11;2;41;4549;1069;45.7;10.7
07;2021-05-12;6;36;4555;1105;45.7;11.1
07;2021-05-13;0;0;4555;1105;45.7;11.1
07;2021-05-14;28;98;4583;1203;46.0;12.1
07;2021-05-15;0;0;4583;1203;46.0;12.1
07;2021-05-16;0;0;4583;1203;46.0;12.1
07;2021-05-17;1;14;4584;1217;46.0;12.2
07;2021-05-18;17;32;4601;1249;46.2;12.5
07;2021-05-19;0;1;4601;1250;46.2;12.5
07;2021-05-20;0;8;4601;1258;46.2;12.6
07;2021-05-21;12;32;4613;1290;46.3;13.0
07;2021-05-22;0;0;4613;1290;46.3;13.0
07;2021-05-23;0;0;4613;1290;46.3;13.0
07;2021-05-24;0;0;4613;1290;46.3;13.0
07;2021-05-25;50;334;4663;1624;46.8;16.3
07;2021-05-26;54;359;4717;1983;47.4;19.9
07;2021-05-27;34;317;4751;2300;47.7;23.1
07;2021-05-28;27;256;4778;2556;48.0;25.7
07;2021-05-29;35;376;4813;2932;48.3;29.4
07;2021-05-30;0;0;4813;2932;48.3;29.4
07;2021-05-31;45;218;4858;3150;48.8;31.6
07;2021-06-01;46;226;4904;3376;49.2;33.9
07;2021-06-02;69;273;4973;3649;49.9;36.6
07;2021-06-03;41;252;5014;3901;50.3;39.2
07;2021-06-04;70;269;5084;4170;51.0;41.9
07;2021-06-05;1;0;5085;4170;51.0;41.9
07;2021-06-06;0;0;5085;4170;51.0;41.9
07;2021-06-07;0;1;5085;4171;51.0;41.9
07;2021-06-08;4;2;5089;4173;51.1;41.9
07;2021-06-09;0;3;5089;4176;51.1;41.9
07;2021-06-10;8;4;5097;4180;51.2;42.0
07;2021-06-11;3;8;5100;4188;51.2;42.0
07;2021-06-12;15;59;5115;4247;51.4;42.6
07;2021-06-13;0;0;5115;4247;51.4;42.6
07;2021-06-14;0;0;5115;4247;51.4;42.6
07;2021-06-15;0;1;5115;4248;51.4;42.6
08;2020-12-27;0;0;0;0;0.0;0.0
08;2020-12-28;0;0;0;0;0.0;0.0
08;2020-12-29;0;0;0;0;0.0;0.0
08;2020-12-30;0;0;0;0;0.0;0.0
08;2020-12-31;0;0;0;0;0.0;0.0
08;2021-01-01;0;0;0;0;0.0;0.0
08;2021-01-02;0;0;0;0;0.0;0.0
08;2021-01-03;0;0;0;0;0.0;0.0
08;2021-01-04;0;0;0;0;0.0;0.0
08;2021-01-05;0;0;0;0;0.0;0.0
08;2021-01-06;0;0;0;0;0.0;0.0
08;2021-01-07;0;0;0;0;0.0;0.0
08;2021-01-08;0;0;0;0;0.0;0.0
08;2021-01-09;0;0;0;0;0.0;0.0
08;2021-01-10;0;0;0;0;0.0;0.0
08;2021-01-11;0;0;0;0;0.0;0.0
08;2021-01-12;0;0;0;0;0.0;0.0
08;2021-01-13;10;0;10;0;0.0;0.0
08;2021-01-14;12;0;22;0;0.1;0.0
08;2021-01-15;7;0;29;0;0.1;0.0
08;2021-01-16;0;0;29;0;0.1;0.0
08;2021-01-17;0;0;29;0;0.1;0.0
08;2021-01-18;0;0;29;0;0.1;0.0
08;2021-01-19;12;0;41;0;0.1;0.0
08;2021-01-20;12;0;53;0;0.1;0.0
08;2021-01-21;6;0;59;0;0.2;0.0
08;2021-01-22;0;0;59;0;0.2;0.0
08;2021-01-23;0;0;59;0;0.2;0.0
08;2021-01-24;0;0;59;0;0.2;0.0
08;2021-01-25;0;0;59;0;0.2;0.0
08;2021-01-26;9;0;68;0;0.2;0.0
08;2021-01-27;10;0;78;0;0.2;0.0
08;2021-01-28;6;0;84;0;0.2;0.0
08;2021-01-29;0;0;84;0;0.2;0.0
08;2021-01-30;0;0;84;0;0.2;0.0
08;2021-01-31;0;0;84;0;0.2;0.0
08;2021-02-01;0;0;84;0;0.2;0.0
08;2021-02-02;38;0;122;0;0.3;0.0
08;2021-02-03;10;0;132;0;0.4;0.0
08;2021-02-04;29;0;161;0;0.5;0.0
08;2021-02-05;7;0;168;0;0.5;0.0
08;2021-02-06;0;0;168;0;0.5;0.0
08;2021-02-07;0;0;168;0;0.5;0.0
08;2021-02-08;0;0;168;0;0.5;0.0
08;2021-02-09;38;0;206;0;0.6;0.0
08;2021-02-10;27;1;233;1;0.7;0.0
08;2021-02-11;0;0;233;1;0.7;0.0
08;2021-02-12;35;0;268;1;0.8;0.0
08;2021-02-13;0;0;268;1;0.8;0.0
08;2021-02-14;0;0;268;1;0.8;0.0
08;2021-02-15;50;0;318;1;0.9;0.0
08;2021-02-16;0;0;318;1;0.9;0.0
08;2021-02-17;0;0;318;1;0.9;0.0
08;2021-02-18;27;0;345;1;1.0;0.0
08;2021-02-19;44;0;389;1;1.1;0.0
08;2021-02-20;0;0;389;1;1.1;0.0
08;2021-02-21;0;0;389;1;1.1;0.0
08;2021-02-22;46;4;435;5;1.2;0.0
08;2021-02-23;39;29;474;34;1.3;0.1
08;2021-02-24;35;1;509;35;1.4;0.1
08;2021-02-25;55;36;564;71;1.6;0.2
08;2021-02-26;39;5;603;76;1.7;0.2
08;2021-02-27;0;0;603;76;1.7;0.2
08;2021-02-28;0;0;603;76;1.7;0.2
08;2021-03-01;48;5;651;81;1.8;0.2
08;2021-03-02;7;27;658;108;1.9;0.3
08;2021-03-03;38;27;696;135;2.0;0.4
08;2021-03-04;30;26;726;161;2.1;0.5
08;2021-03-05;46;11;772;172;2.2;0.5
08;2021-03-06;0;0;772;172;2.2;0.5
08;2021-03-07;0;0;772;172;2.2;0.5
08;2021-03-08;29;7;801;179;2.3;0.5
08;2021-03-09;19;27;820;206;2.3;0.6
08;2021-03-10;32;28;852;234;2.4;0.7
08;2021-03-11;2;0;854;234;2.4;0.7
08;2021-03-12;52;21;906;255;2.6;0.7
08;2021-03-13;11;0;917;255;2.6;0.7
08;2021-03-14;0;0;917;255;2.6;0.7
08;2021-03-15;31;43;948;298;2.7;0.8
08;2021-03-16;73;6;1021;304;2.9;0.9
08;2021-03-17;67;13;1088;317;3.1;0.9
08;2021-03-18;82;39;1170;356;3.3;1.0
08;2021-03-19;30;51;1200;407;3.4;1.2
08;2021-03-20;0;0;1200;407;3.4;1.2
08;2021-03-21;0;0;1200;407;3.4;1.2
08;2021-03-22;33;45;1233;452;3.5;1.3
08;2021-03-23;32;45;1265;497;3.6;1.4
08;2021-03-24;38;42;1303;539;3.7;1.5
08;2021-03-25;90;34;1393;573;3.9;1.6
08;2021-03-26;45;33;1438;606;4.1;1.7
08;2021-03-27;93;3;1531;609;4.3;1.7
08;2021-03-28;0;0;1531;609;4.3;1.7
08;2021-03-29;69;49;1600;658;4.5;1.9
08;2021-03-30;98;24;1698;682;4.8;1.9
08;2021-03-31;89;47;1787;729;5.1;2.1
08;2021-04-01;56;48;1843;777;5.2;2.2
08;2021-04-02;0;0;1843;777;5.2;2.2
08;2021-04-03;0;0;1843;777;5.2;2.2
08;2021-04-04;0;0;1843;777;5.2;2.2
08;2021-04-05;0;0;1843;777;5.2;2.2
08;2021-04-06;49;63;1892;840;5.4;2.4
08;2021-04-07;91;32;1983;872;5.6;2.5
08;2021-04-08;120;8;2103;880;6.0;2.5
08;2021-04-09;89;39;2192;919;6.2;2.6
08;2021-04-10;160;8;2352;927;6.7;2.6
08;2021-04-11;0;0;2352;927;6.7;2.6
08;2021-04-12;41;76;2393;1003;6.8;2.8
08;2021-04-13;46;71;2439;1074;6.9;3.0
08;2021-04-14;80;45;2519;1119;7.1;3.2
08;2021-04-15;92;25;2611;1144;7.4;3.2
08;2021-04-16;77;42;2688;1186;7.6;3.4
08;2021-04-17;165;4;2853;1190;8.1;3.4
08;2021-04-18;0;0;2853;1190;8.1;3.4
08;2021-04-19;51;67;2904;1257;8.2;3.6
08;2021-04-20;83;27;2987;1284;8.5;3.6
08;2021-04-21;90;29;3077;1313;8.7;3.7
08;2021-04-22;101;20;3178;1333;9.0;3.8
08;2021-04-23;44;66;3222;1399;9.1;4.0
08;2021-04-24;99;78;3321;1477;9.4;4.2
08;2021-04-25;0;0;3321;1477;9.4;4.2
08;2021-04-26;28;93;3349;1570;9.5;4.4
08;2021-04-27;58;63;3407;1633;9.6;4.6
08;2021-04-28;88;39;3495;1672;9.9;4.7
08;2021-04-29;90;34;3585;1706;10.1;4.8
08;2021-04-30;104;15;3689;1721;10.4;4.9
08;2021-05-01;0;8;3689;1729;10.4;4.9
08;2021-05-02;0;0;3689;1729;10.4;4.9
08;2021-05-03;24;102;3713;1831;10.5;5.2
08;2021-05-04;155;102;3868;1933;10.9;5.5
08;2021-05-05;139;59;4007;1992;11.3;5.6
08;2021-05-06;189;49;4196;2041;11.9;5.8
08;2021-05-07;126;71;4322;2112;12.2;6.0
08;2021-05-08;67;122;4389;2234;12.4;6.3
08;2021-05-09;0;0;4389;2234;12.4;6.3
08;2021-05-10;123;101;4512;2335;12.8;6.6
08;2021-05-11;130;77;4642;2412;13.1;6.8
08;2021-05-12;154;76;4796;2488;13.6;7.0
08;2021-05-13;74;8;4870;2496;13.8;7.1
08;2021-05-14;129;61;4999;2557;14.1;7.2
08;2021-05-15;85;4;5084;2561;14.4;7.2
08;2021-05-16;0;0;5084;2561;14.4;7.2
08;2021-05-17;144;112;5228;2673;14.8;7.6
08;2021-05-18;150;95;5378;2768;15.2;7.8
08;2021-05-19;83;70;5461;2838;15.5;8.0
08;2021-05-20;103;26;5564;2864;15.7;8.1
08;2021-05-21;97;52;5661;2916;16.0;8.3
08;2021-05-22;99;11;5760;2927;16.3;8.3
08;2021-05-23;0;0;5760;2927;16.3;8.3
08;2021-05-24;33;7;5793;2934;16.4;8.3
08;2021-05-25;119;77;5912;3011;16.7;8.5
08;2021-05-26;106;49;6018;3060;17.0;8.7
08;2021-05-27;109;42;6127;3102;17.3;8.8
08;2021-05-28;33;1;6160;3103;17.4;8.8
08;2021-05-29;59;215;6219;3318;17.6;9.4
08;2021-05-30;0;0;6219;3318;17.6;9.4
08;2021-05-31;108;65;6327;3383;17.9;9.6
08;2021-06-01;112;63;6439;3446;18.2;9.8
08;2021-06-02;130;32;6569;3478;18.6;9.8
08;2021-06-03;100;38;6669;3516;18.9;10.0
08;2021-06-04;126;71;6795;3587;19.2;10.2
08;2021-06-05;82;21;6877;3608;19.5;10.2
08;2021-06-06;0;0;6877;3608;19.5;10.2
08;2021-06-07;96;95;6973;3703;19.7;10.5
08;2021-06-08;81;89;7054;3792;20.0;10.7
08;2021-06-09;96;74;7150;3866;20.2;10.9
08;2021-06-10;111;65;7261;3931;20.5;11.1
08;2021-06-11;116;108;7377;4039;20.9;11.4
08;2021-06-12;56;30;7433;4069;21.0;11.5
08;2021-06-13;0;0;7433;4069;21.0;11.5
08;2021-06-14;106;128;7539;4197;21.3;11.9
08;2021-06-15;86;118;7625;4315;21.6;12.2
11;2020-12-27;13;2;13;2;0.0;0.0
11;2020-12-28;11;0;24;2;0.0;0.0
11;2020-12-29;56;0;80;2;0.0;0.0
11;2020-12-30;91;0;171;2;0.0;0.0
11;2020-12-31;39;0;210;2;0.0;0.0
11;2021-01-01;28;1;238;3;0.0;0.0
11;2021-01-02;64;1;302;4;0.0;0.0
11;2021-01-03;78;0;380;4;0.0;0.0
11;2021-01-04;551;5;931;9;0.0;0.0
11;2021-01-05;2062;17;2993;26;0.0;0.0
11;2021-01-06;3014;20;6007;46;0.0;0.0
11;2021-01-07;5366;37;11373;83;0.1;0.0
11;2021-01-08;7104;46;18477;129;0.2;0.0
11;2021-01-09;1881;5;20358;134;0.2;0.0
11;2021-01-10;1744;7;22102;141;0.2;0.0
11;2021-01-11;7984;60;30086;201;0.2;0.0
11;2021-01-12;10332;96;40418;297;0.3;0.0
11;2021-01-13;9994;92;50412;389;0.4;0.0
11;2021-01-14;10072;133;60484;522;0.5;0.0
11;2021-01-15;8884;81;69368;603;0.6;0.0
11;2021-01-16;2393;32;71761;635;0.6;0.0
11;2021-01-17;1082;19;72843;654;0.6;0.0
11;2021-01-18;12219;127;85062;781;0.7;0.0
11;2021-01-19;15785;120;100847;901;0.8;0.0
11;2021-01-20;18351;114;119198;1015;1.0;0.0
11;2021-01-21;22237;136;141435;1151;1.2;0.0
11;2021-01-22;17005;159;158440;1310;1.3;0.0
11;2021-01-23;4958;19;163398;1329;1.3;0.0
11;2021-01-24;1276;6;164674;1335;1.3;0.0
11;2021-01-25;8850;185;173524;1520;1.4;0.0
11;2021-01-26;12325;377;185849;1897;1.5;0.0
11;2021-01-27;16218;688;202067;2585;1.6;0.0
11;2021-01-28;20287;1188;222354;3773;1.8;0.0
11;2021-01-29;15387;1375;237741;5148;1.9;0.0
11;2021-01-30;4456;101;242197;5249;2.0;0.0
11;2021-01-31;582;22;242779;5271;2.0;0.0
11;2021-02-01;7376;1953;250155;7224;2.0;0.1
11;2021-02-02;8347;2819;258502;10043;2.1;0.1
11;2021-02-03;8118;3807;266620;13850;2.2;0.1
11;2021-02-04;8777;4593;275397;18443;2.2;0.2
11;2021-02-05;8946;4425;284343;22868;2.3;0.2
11;2021-02-06;3265;748;287608;23616;2.3;0.2
11;2021-02-07;588;540;288196;24156;2.3;0.2
11;2021-02-08;6226;5917;294422;30073;2.4;0.2
11;2021-02-09;8424;9676;302846;39749;2.5;0.3
11;2021-02-10;9950;11197;312796;50946;2.5;0.4
11;2021-02-11;12356;16499;325152;67445;2.6;0.5
11;2021-02-12;11845;10583;336997;78028;2.7;0.6
11;2021-02-13;2587;2585;339584;80613;2.8;0.7
11;2021-02-14;310;559;339894;81172;2.8;0.7
11;2021-02-15;4444;12012;344338;93184;2.8;0.8
11;2021-02-16;5653;18483;349991;111667;2.9;0.9
11;2021-02-17;5666;15609;355657;127276;2.9;1.0
11;2021-02-18;8626;20784;364283;148060;3.0;1.2
11;2021-02-19;9023;15415;373306;163475;3.0;1.3
11;2021-02-20;1688;4846;374994;168321;3.1;1.4
11;2021-02-21;396;832;375390;169153;3.1;1.4
11;2021-02-22;4218;9915;379608;179068;3.1;1.5
11;2021-02-23;4936;10537;384544;189605;3.1;1.5
11;2021-02-24;5390;9874;389934;199479;3.2;1.6
11;2021-02-25;8584;14146;398518;213625;3.2;1.7
11;2021-02-26;11157;10162;409675;223787;3.3;1.8
11;2021-02-27;5059;3323;414734;227110;3.4;1.8
11;2021-02-28;737;660;415471;227770;3.4;1.9
11;2021-03-01;8826;7964;424297;235734;3.5;1.9
11;2021-03-02;14358;9631;438655;245365;3.6;2.0
11;2021-03-03;18624;10064;457279;255429;3.7;2.1
11;2021-03-04;28168;11071;485447;266500;4.0;2.2
11;2021-03-05;36401;11017;521848;277517;4.3;2.3
11;2021-03-06;46357;3480;568205;280997;4.6;2.3
11;2021-03-07;34259;2711;602464;283708;4.9;2.3
11;2021-03-08;17709;7363;620173;291071;5.1;2.4
11;2021-03-09;26780;7679;646953;298750;5.3;2.4
11;2021-03-10;27560;8302;674513;307052;5.5;2.5
11;2021-03-11;36928;9799;711441;316851;5.8;2.6
11;2021-03-12;44675;9339;756116;326190;6.2;2.7
11;2021-03-13;39825;2623;795941;328813;6.5;2.7
11;2021-03-14;14253;778;810194;329591;6.6;2.7
11;2021-03-15;29154;3982;839348;333573;6.8;2.7
11;2021-03-16;23720;3840;863068;337413;7.0;2.7
11;2021-03-17;24355;3651;887423;341064;7.2;2.8
11;2021-03-18;28968;4088;916391;345152;7.5;2.8
11;2021-03-19;39587;4277;955978;349429;7.8;2.8
11;2021-03-20;25799;1561;981777;350990;8.0;2.9
11;2021-03-21;5617;1310;987394;352300;8.0;2.9
11;2021-03-22;32059;4208;1019453;356508;8.3;2.9
11;2021-03-23;43209;5406;1062662;361914;8.7;2.9
11;2021-03-24;42523;5006;1105185;366920;9.0;3.0
11;2021-03-25;57715;5168;1162900;372088;9.5;3.0
11;2021-03-26;57550;5921;1220450;378009;9.9;3.1
11;2021-03-27;34416;2059;1254866;380068;10.2;3.1
11;2021-03-28;10149;473;1265015;380541;10.3;3.1
11;2021-03-29;32961;8154;1297976;388695;10.6;3.2
11;2021-03-30;44745;11543;1342721;400238;10.9;3.3
11;2021-03-31;39738;13891;1382459;414129;11.3;3.4
11;2021-04-01;45168;21758;1427627;435887;11.6;3.6
11;2021-04-02;39199;24036;1466826;459923;11.9;3.7
11;2021-04-03;18339;21145;1485165;481068;12.1;3.9
11;2021-04-04;6087;7331;1491252;488399;12.1;4.0
11;2021-04-05;5937;2150;1497189;490549;12.2;4.0
11;2021-04-06;29901;18421;1527090;508970;12.4;4.1
11;2021-04-07;37427;19999;1564517;528969;12.7;4.3
11;2021-04-08;46556;21096;1611073;550065;13.1;4.5
11;2021-04-09;53631;21544;1664704;571609;13.6;4.7
11;2021-04-10;28892;19689;1693596;591298;13.8;4.8
11;2021-04-11;6539;7216;1700135;598514;13.8;4.9
11;2021-04-12;30225;19257;1730360;617771;14.1;5.0
11;2021-04-13;37176;27573;1767536;645344;14.4;5.3
11;2021-04-14;34860;24349;1802396;669693;14.7;5.5
11;2021-04-15;39044;28463;1841440;698156;15.0;5.7
11;2021-04-16;40907;27807;1882347;725963;15.3;5.9
11;2021-04-17;22715;14965;1905062;740928;15.5;6.0
11;2021-04-18;5276;3734;1910338;744662;15.6;6.1
11;2021-04-19;25032;23201;1935370;767863;15.8;6.3
11;2021-04-20;30497;27901;1965867;795764;16.0;6.5
11;2021-04-21;32144;28229;1998011;823993;16.3;6.7
11;2021-04-22;34405;34745;2032416;858738;16.6;7.0
11;2021-04-23;37816;32310;2070232;891048;16.9;7.3
11;2021-04-24;37920;23194;2108152;914242;17.2;7.4
11;2021-04-25;20505;8010;2128657;922252;17.3;7.5
11;2021-04-26;33809;25248;2162466;947500;17.6;7.7
11;2021-04-27;45637;30103;2208103;977603;18.0;8.0
11;2021-04-28;48347;29843;2256450;1007446;18.4;8.2
11;2021-04-29;57634;32314;2314084;1039760;18.8;8.5
11;2021-04-30;61188;31097;2375272;1070857;19.3;8.7
11;2021-05-01;24061;6035;2399333;1076892;19.5;8.8
11;2021-05-02;14608;5002;2413941;1081894;19.7;8.8
11;2021-05-03;54254;35285;2468195;1117179;20.1;9.1
11;2021-05-04;59546;33925;2527741;1151104;20.6;9.4
11;2021-05-05;59450;34120;2587191;1185224;21.1;9.7
11;2021-05-06;66803;38016;2653994;1223240;21.6;10.0
11;2021-05-07;65158;39940;2719152;1263180;22.1;10.3
11;2021-05-08;49654;16842;2768806;1280022;22.6;10.4
11;2021-05-09;32988;10145;2801794;1290167;22.8;10.5
11;2021-05-10;69765;30459;2871559;1320626;23.4;10.8
11;2021-05-11;81049;38013;2952608;1358639;24.0;11.1
11;2021-05-12;82468;32335;3035076;1390974;24.7;11.3
11;2021-05-13;67520;9954;3102596;1400928;25.3;11.4
11;2021-05-14;83892;22038;3186488;1422966;26.0;11.6
11;2021-05-15;66182;15343;3252670;1438309;26.5;11.7
11;2021-05-16;36268;5125;3288938;1443434;26.8;11.8
11;2021-05-17;82126;16830;3371064;1460264;27.5;11.9
11;2021-05-18;97846;19780;3468910;1480044;28.3;12.1
11;2021-05-19;97399;27723;3566309;1507767;29.0;12.3
11;2021-05-20;106173;28737;3672482;1536504;29.9;12.5
11;2021-05-21;100573;25921;3773055;1562425;30.7;12.7
11;2021-05-22;79253;14805;3852308;1577230;31.4;12.8
11;2021-05-23;41522;6006;3893830;1583236;31.7;12.9
11;2021-05-24;59487;8769;3953317;1592005;32.2;13.0
11;2021-05-25;85047;32161;4038364;1624166;32.9;13.2
11;2021-05-26;83453;32450;4121817;1656616;33.6;13.5
11;2021-05-27;91615;40501;4213432;1697117;34.3;13.8
11;2021-05-28;86441;45538;4299873;1742655;35.0;14.2
11;2021-05-29;67889;27506;4367762;1770161;35.6;14.4
11;2021-05-30;35833;8485;4403595;1778646;35.9;14.5
11;2021-05-31;77659;39896;4481254;1818542;36.5;14.8
11;2021-06-01;86558;50884;4567812;1869426;37.2;15.2
11;2021-06-02;82464;45419;4650276;1914845;37.9;15.6
11;2021-06-03;88466;53600;4738742;1968445;38.6;16.0
11;2021-06-04;84356;58670;4823098;2027115;39.3;16.5
11;2021-06-05;63424;49857;4886522;2076972;39.8;16.9
11;2021-06-06;37826;17538;4924348;2094510;40.1;17.1
11;2021-06-07;68750;53557;4993098;2148067;40.7;17.5
11;2021-06-08;73166;61889;5066264;2209956;41.3;18.0
11;2021-06-09;69473;62908;5135737;2272864;41.8;18.5
11;2021-06-10;69864;80485;5205601;2353349;42.4;19.2
11;2021-06-11;64864;71895;5270465;2425244;42.9;19.8
11;2021-06-12;63128;47419;5333593;2472663;43.4;20.1
11;2021-06-13;29352;22790;5362945;2495453;43.7;20.3
11;2021-06-14;42472;75009;5405417;2570462;44.0;20.9
11;2021-06-15;50061;82568;5455478;2653030;44.4;21.6
24;2020-12-27;0;0;0;0;0.0;0.0
24;2020-12-28;17;0;17;0;0.0;0.0
24;2020-12-29;10;0;27;0;0.0;0.0
24;2020-12-30;1;0;28;0;0.0;0.0
24;2020-12-31;0;0;28;0;0.0;0.0
24;2021-01-01;1;0;29;0;0.0;0.0
24;2021-01-02;0;0;29;0;0.0;0.0
24;2021-01-03;0;0;29;0;0.0;0.0
24;2021-01-04;24;0;53;0;0.0;0.0
24;2021-01-05;163;0;216;0;0.0;0.0
24;2021-01-06;328;0;544;0;0.0;0.0
24;2021-01-07;492;0;1036;0;0.0;0.0
24;2021-01-08;951;2;1987;2;0.1;0.0
24;2021-01-09;505;0;2492;2;0.1;0.0
24;2021-01-10;395;0;2887;2;0.1;0.0
24;2021-01-11;1279;0;4166;2;0.2;0.0
24;2021-01-12;2575;8;6741;10;0.3;0.0
24;2021-01-13;2189;6;8930;16;0.3;0.0
24;2021-01-14;2500;52;11430;68;0.4;0.0
24;2021-01-15;2114;7;13544;75;0.5;0.0
24;2021-01-16;857;5;14401;80;0.6;0.0
24;2021-01-17;322;3;14723;83;0.6;0.0
24;2021-01-18;3214;16;17937;99;0.7;0.0
24;2021-01-19;6321;17;24258;116;0.9;0.0
24;2021-01-20;7165;10;31423;126;1.2;0.0
24;2021-01-21;7416;4;38839;130;1.5;0.0
24;2021-01-22;5117;2;43956;132;1.7;0.0
24;2021-01-23;1274;1;45230;133;1.8;0.0
24;2021-01-24;225;1;45455;134;1.8;0.0
24;2021-01-25;3111;24;48566;158;1.9;0.0
24;2021-01-26;4845;88;53411;246;2.1;0.0
24;2021-01-27;5044;182;58455;428;2.3;0.0
24;2021-01-28;5634;506;64089;934;2.5;0.0
24;2021-01-29;3421;731;67510;1665;2.6;0.1
24;2021-01-30;1207;398;68717;2063;2.7;0.1
24;2021-01-31;251;368;68968;2431;2.7;0.1
24;2021-02-01;2170;927;71138;3358;2.8;0.1
24;2021-02-02;3032;1891;74170;5249;2.9;0.2
24;2021-02-03;3110;1768;77280;7017;3.0;0.3
24;2021-02-04;3234;1618;80514;8635;3.1;0.3
24;2021-02-05;2393;1370;82907;10005;3.2;0.4
24;2021-02-06;707;262;83614;10267;3.3;0.4
24;2021-02-07;134;32;83748;10299;3.3;0.4
24;2021-02-08;1967;1570;85715;11869;3.3;0.5
24;2021-02-09;3412;3312;89127;15181;3.5;0.6
24;2021-02-10;4085;3754;93212;18935;3.6;0.7
24;2021-02-11;4653;4774;97865;23709;3.8;0.9
24;2021-02-12;3481;3270;101346;26979;4.0;1.1
24;2021-02-13;839;770;102185;27749;4.0;1.1
24;2021-02-14;426;256;102611;28005;4.0;1.1
24;2021-02-15;1962;2858;104573;30863;4.1;1.2
24;2021-02-16;2849;4495;107422;35358;4.2;1.4
24;2021-02-17;2692;5101;110114;40459;4.3;1.6
24;2021-02-18;3520;5167;113634;45626;4.4;1.8
24;2021-02-19;3195;3554;116829;49180;4.6;1.9
24;2021-02-20;1288;984;118117;50164;4.6;2.0
24;2021-02-21;433;239;118550;50403;4.6;2.0
24;2021-02-22;1650;3061;120200;53464;4.7;2.1
24;2021-02-23;2339;3138;122539;56602;4.8;2.2
24;2021-02-24;2093;3467;124632;60069;4.9;2.3
24;2021-02-25;3621;3162;128253;63231;5.0;2.5
24;2021-02-26;4465;2617;132718;65848;5.2;2.6
24;2021-02-27;1877;995;134595;66843;5.3;2.6
24;2021-02-28;97;219;134692;67062;5.3;2.6
24;2021-03-01;2171;2022;136863;69084;5.3;2.7
24;2021-03-02;3429;2890;140292;71974;5.5;2.8
24;2021-03-03;3547;3411;143839;75385;5.6;2.9
24;2021-03-04;5335;3688;149174;79073;5.8;3.1
24;2021-03-05;7036;3147;156210;82220;6.1;3.2
24;2021-03-06;7375;745;163585;82965;6.4;3.2
24;2021-03-07;2426;287;166011;83252;6.5;3.3
24;2021-03-08;2689;2623;168700;85875;6.6;3.4
24;2021-03-09;5778;2846;174478;88721;6.8;3.5
24;2021-03-10;6405;3518;180883;92239;7.1;3.6
24;2021-03-11;7801;3501;188684;95740;7.4;3.7
24;2021-03-12;10783;2672;199467;98412;7.8;3.8
24;2021-03-13;7111;717;206578;99129;8.1;3.9
24;2021-03-14;1550;270;208128;99399;8.1;3.9
24;2021-03-15;4559;1971;212687;101370;8.3;4.0
24;2021-03-16;4595;2368;217282;103738;8.5;4.1
24;2021-03-17;4462;1983;221744;105721;8.7;4.1
24;2021-03-18;5064;2091;226808;107812;8.9;4.2
24;2021-03-19;7774;1674;234582;109486;9.2;4.3
24;2021-03-20;4428;878;239010;110364;9.3;4.3
24;2021-03-21;557;348;239567;110712;9.4;4.3
24;2021-03-22;4860;1715;244427;112427;9.6;4.4
24;2021-03-23;8036;2294;252463;114721;9.9;4.5
24;2021-03-24;8789;2001;261252;116722;10.2;4.6
24;2021-03-25;12134;1957;273386;118679;10.7;4.6
24;2021-03-26;13263;1966;286649;120645;11.2;4.7
24;2021-03-27;5764;669;292413;121314;11.4;4.7
24;2021-03-28;520;97;292933;121411;11.4;4.7
24;2021-03-29;6756;1867;299689;123278;11.7;4.8
24;2021-03-30;10167;2779;309856;126057;12.1;4.9
24;2021-03-31;9886;2332;319742;128389;12.5;5.0
24;2021-04-01;12033;3384;331775;131773;13.0;5.1
24;2021-04-02;10604;3324;342379;135097;13.4;5.3
24;2021-04-03;3401;1709;345780;136806;13.5;5.3
24;2021-04-04;393;341;346173;137147;13.5;5.4
24;2021-04-05;395;50;346568;137197;13.5;5.4
24;2021-04-06;8312;3401;354880;140598;13.9;5.5
24;2021-04-07;11060;4540;365940;145138;14.3;5.7
24;2021-04-08;14170;4728;380110;149866;14.9;5.9
24;2021-04-09;17732;3703;397842;153569;15.5;6.0
24;2021-04-10;9369;2076;407211;155645;15.9;6.1
24;2021-04-11;2908;1245;410119;156890;16.0;6.1
24;2021-04-12;10834;3431;420953;160321;16.4;6.3
24;2021-04-13;14988;4813;435941;165134;17.0;6.5
24;2021-04-14;13448;4909;449389;170043;17.6;6.6
24;2021-04-15;15332;5109;464721;175152;18.2;6.8
24;2021-04-16;15655;4319;480376;179471;18.8;7.0
24;2021-04-17;8186;1311;488562;180782;19.1;7.1
24;2021-04-18;1099;286;489661;181068;19.1;7.1
24;2021-04-19;9433;4133;499094;185201;19.5;7.2
24;2021-04-20;12720;5964;511814;191165;20.0;7.5
24;2021-04-21;12315;5989;524129;197154;20.5;7.7
24;2021-04-22;13857;7527;537986;204681;21.0;8.0
24;2021-04-23;13691;7038;551677;211719;21.6;8.3
24;2021-04-24;10236;3241;561913;214960;22.0;8.4
24;2021-04-25;3047;430;564960;215390;22.1;8.4
24;2021-04-26;10200;5417;575160;220807;22.5;8.6
24;2021-04-27;13870;7746;589030;228553;23.0;8.9
24;2021-04-28;13012;8439;602042;236992;23.5;9.3
24;2021-04-29;16575;8576;618617;245568;24.2;9.6
24;2021-04-30;17474;7220;636091;252788;24.9;9.9
24;2021-05-01;2912;670;639003;253458;25.0;9.9
24;2021-05-02;2139;316;641142;253774;25.1;9.9
24;2021-05-03;11280;6106;652422;259880;25.5;10.2
24;2021-05-04;12795;10290;665217;270170;26.0;10.6
24;2021-05-05;13830;9565;679047;279735;26.5;10.9
24;2021-05-06;17444;9657;696491;289392;27.2;11.3
24;2021-05-07;14504;11961;710995;301353;27.8;11.8
24;2021-05-08;3553;2367;714548;303720;27.9;11.9
24;2021-05-09;2321;3728;716869;307448;28.0;12.0
24;2021-05-10;11397;12173;728266;319621;28.5;12.5
24;2021-05-11;16332;14189;744598;333810;29.1;13.0
24;2021-05-12;18151;13127;762749;346937;29.8;13.6
24;2021-05-13;6915;3150;769664;350087;30.1;13.7
24;2021-05-14;14478;9162;784142;359249;30.6;14.0
24;2021-05-15;10459;5043;794601;364292;31.1;14.2
24;2021-05-16;3154;1178;797755;365470;31.2;14.3
24;2021-05-17;13288;7649;811043;373119;31.7;14.6
24;2021-05-18;18364;8198;829407;381317;32.4;14.9
24;2021-05-19;18994;7472;848401;388789;33.2;15.2
24;2021-05-20;21281;8434;869682;397223;34.0;15.5
24;2021-05-21;18353;9075;888035;406298;34.7;15.9
24;2021-05-22;7614;4183;895649;410481;35.0;16.0
24;2021-05-23;2976;941;898625;411422;35.1;16.1
24;2021-05-24;8328;1590;906953;413012;35.4;16.1
24;2021-05-25;17713;8837;924666;421849;36.1;16.5
24;2021-05-26;19194;8276;943860;430125;36.9;16.8
24;2021-05-27;20823;10023;964683;440148;37.7;17.2
24;2021-05-28;20428;12247;985111;452395;38.5;17.7
24;2021-05-29;12394;5894;997505;458289;39.0;17.9
24;2021-05-30;2032;1485;999537;459774;39.1;18.0
24;2021-05-31;14572;8902;1014109;468676;39.6;18.3
24;2021-06-01;19667;12014;1033776;480690;40.4;18.8
24;2021-06-02;17681;10784;1051457;491474;41.1;19.2
24;2021-06-03;20825;11888;1072282;503362;41.9;19.7
24;2021-06-04;19897;13841;1092179;517203;42.7;20.2
24;2021-06-05;9852;8838;1102031;526041;43.1;20.6
24;2021-06-06;1990;3020;1104021;529061;43.1;20.7
24;2021-06-07;14412;12006;1118433;541067;43.7;21.1
24;2021-06-08;16262;14998;1134695;556065;44.3;21.7
24;2021-06-09;16143;12701;1150838;568766;45.0;22.2
24;2021-06-10;17783;12085;1168621;580851;45.7;22.7
24;2021-06-11;17131;15266;1185752;596117;46.3;23.3
24;2021-06-12;10054;7312;1195806;603429;46.7;23.6
24;2021-06-13;890;1312;1196696;604741;46.8;23.6
24;2021-06-14;10418;15243;1207114;619984;47.2;24.2
24;2021-06-15;12915;17091;1220029;637075;47.7;24.9
27;2020-12-27;4;0;4;0;0.0;0.0
27;2020-12-28;0;0;4;0;0.0;0.0
27;2020-12-29;19;0;23;0;0.0;0.0
27;2020-12-30;20;0;43;0;0.0;0.0
27;2020-12-31;2;0;45;0;0.0;0.0
27;2021-01-01;0;0;45;0;0.0;0.0
27;2021-01-02;1;0;46;0;0.0;0.0
27;2021-01-03;1;0;47;0;0.0;0.0
27;2021-01-04;27;0;74;0;0.0;0.0
27;2021-01-05;263;0;337;0;0.0;0.0
27;2021-01-06;718;1;1055;1;0.0;0.0
27;2021-01-07;1554;3;2609;4;0.1;0.0
27;2021-01-08;1894;3;4503;7;0.2;0.0
27;2021-01-09;689;0;5192;7;0.2;0.0
27;2021-01-10;3;0;5195;7;0.2;0.0
27;2021-01-11;2419;3;7614;10;0.3;0.0
27;2021-01-12;3821;5;11435;15;0.4;0.0
27;2021-01-13;3845;8;15280;23;0.5;0.0
27;2021-01-14;4750;47;20030;70;0.7;0.0
27;2021-01-15;3591;20;23621;90;0.8;0.0
27;2021-01-16;793;11;24414;101;0.9;0.0
27;2021-01-17;116;1;24530;102;0.9;0.0
27;2021-01-18;6246;19;30776;121;1.1;0.0
27;2021-01-19;8392;23;39168;144;1.4;0.0
27;2021-01-20;7899;58;47067;202;1.7;0.0
27;2021-01-21;9451;18;56518;220;2.0;0.0
27;2021-01-22;7702;17;64220;237;2.3;0.0
27;2021-01-23;2981;6;67201;243;2.4;0.0
27;2021-01-24;347;0;67548;243;2.4;0.0
27;2021-01-25;5217;30;72765;273;2.6;0.0
27;2021-01-26;7389;227;80154;500;2.9;0.0
27;2021-01-27;7092;346;87246;846;3.1;0.0
27;2021-01-28;6331;893;93577;1739;3.4;0.1
27;2021-01-29;5899;1264;99476;3003;3.6;0.1
27;2021-01-30;2469;347;101945;3350;3.7;0.1
27;2021-01-31;252;22;102197;3372;3.7;0.1
27;2021-02-01;3358;1403;105555;4775;3.8;0.2
27;2021-02-02;4040;2224;109595;6999;3.9;0.3
27;2021-02-03;3618;2395;113213;9394;4.1;0.3
27;2021-02-04;3703;3151;116916;12545;4.2;0.5
27;2021-02-05;3241;2588;120157;15133;4.3;0.5
27;2021-02-06;1609;671;121766;15804;4.4;0.6
27;2021-02-07;5;87;121771;15891;4.4;0.6
27;2021-02-08;2911;2685;124682;18576;4.5;0.7
27;2021-02-09;3015;3658;127697;22234;4.6;0.8
27;2021-02-10;3055;3410;130752;25644;4.7;0.9
27;2021-02-11;3316;4650;134068;30294;4.8;1.1
27;2021-02-12;2725;4460;136793;34754;4.9;1.2
27;2021-02-13;985;1466;137778;36220;5.0;1.3
27;2021-02-14;258;298;138036;36518;5.0;1.3
27;2021-02-15;1241;5758;139277;42276;5.0;1.5
27;2021-02-16;1507;7437;140784;49713;5.1;1.8
27;2021-02-17;1807;6917;142591;56630;5.1;2.0
27;2021-02-18;2143;6470;144734;63100;5.2;2.3
27;2021-02-19;1732;5667;146466;68767;5.3;2.5
27;2021-02-20;708;2180;147174;70947;5.3;2.5
27;2021-02-21;2;280;147176;71227;5.3;2.6
27;2021-02-22;978;4901;148154;76128;5.3;2.7
27;2021-02-23;1203;5447;149357;81575;5.4;2.9
27;2021-02-24;1504;4869;150861;86444;5.4;3.1
27;2021-02-25;2917;5060;153778;91504;5.5;3.3
27;2021-02-26;3684;4213;157462;95717;5.7;3.4
27;2021-02-27;1908;1956;159370;97673;5.7;3.5
27;2021-02-28;107;282;159477;97955;5.7;3.5
27;2021-03-01;3669;3508;163146;101463;5.9;3.6
27;2021-03-02;5409;4336;168555;105799;6.1;3.8
27;2021-03-03;5959;3570;174514;109369;6.3;3.9
27;2021-03-04;7697;3557;182211;112926;6.5;4.1
27;2021-03-05;9689;3178;191900;116104;6.9;4.2
27;2021-03-06;6224;1079;198124;117183;7.1;4.2
27;2021-03-07;872;186;198996;117369;7.2;4.2
27;2021-03-08;4542;3418;203538;120787;7.3;4.3
27;2021-03-09;8420;3387;211958;124174;7.6;4.5
27;2021-03-10;8707;2803;220665;126977;7.9;4.6
27;2021-03-11;10261;3194;230926;130171;8.3;4.7
27;2021-03-12;11882;2448;242808;132619;8.7;4.8
27;2021-03-13;7046;692;249854;133311;9.0;4.8
27;2021-03-14;212;60;250066;133371;9.0;4.8
27;2021-03-15;7321;1377;257387;134748;9.2;4.8
27;2021-03-16;8246;1083;265633;135831;9.5;4.9
27;2021-03-17;8532;1176;274165;137007;9.9;4.9
27;2021-03-18;8625;1407;282790;138414;10.2;5.0
27;2021-03-19;9434;1086;292224;139500;10.5;5.0
27;2021-03-20;5668;393;297892;139893;10.7;5.0
27;2021-03-21;238;11;298130;139904;10.7;5.0
27;2021-03-22;9329;957;307459;140861;11.0;5.1
27;2021-03-23;14706;1181;322165;142042;11.6;5.1
27;2021-03-24;15167;1237;337332;143279;12.1;5.1
27;2021-03-25;18365;1441;355697;144720;12.8;5.2
27;2021-03-26;18370;1239;374067;145959;13.4;5.2
27;2021-03-27;7683;405;381750;146364;13.7;5.3
27;2021-03-28;492;124;382242;146488;13.7;5.3
27;2021-03-29;10027;3390;392269;149878;14.1;5.4
27;2021-03-30;12957;3990;405226;153868;14.6;5.5
27;2021-03-31;12833;4187;418059;158055;15.0;5.7
27;2021-04-01;14541;4119;432600;162174;15.5;5.8
27;2021-04-02;12937;4039;445537;166213;16.0;6.0
27;2021-04-03;4471;1133;450008;167346;16.2;6.0
27;2021-04-04;67;35;450075;167381;16.2;6.0
27;2021-04-05;345;7;450420;167388;16.2;6.0
27;2021-04-06;9557;6168;459977;173556;16.5;6.2
27;2021-04-07;10188;6454;470165;180010;16.9;6.5
27;2021-04-08;15709;6124;485874;186134;17.5;6.7
27;2021-04-09;17817;5974;503691;192108;18.1;6.9
27;2021-04-10;6059;1938;509750;194046;18.3;7.0
27;2021-04-11;419;83;510169;194129;18.3;7.0
27;2021-04-12;9058;6789;519227;200918;18.7;7.2
27;2021-04-13;11730;8494;530957;209412;19.1;7.5
27;2021-04-14;10278;7832;541235;217244;19.4;7.8
27;2021-04-15;12947;7645;554182;224889;19.9;8.1
27;2021-04-16;12747;6427;566929;231316;20.4;8.3
27;2021-04-17;5914;3020;572843;234336;20.6;8.4
27;2021-04-18;353;189;573196;234525;20.6;8.4
27;2021-04-19;6969;8854;580165;243379;20.8;8.7
27;2021-04-20;8473;10523;588638;253902;21.2;9.1
27;2021-04-21;8323;10129;596961;264031;21.4;9.5
27;2021-04-22;9850;11515;606811;275546;21.8;9.9
27;2021-04-23;11327;10278;618138;285824;22.2;10.3
27;2021-04-24;5159;3947;623297;289771;22.4;10.4
27;2021-04-25;440;294;623737;290065;22.4;10.4
27;2021-04-26;9536;8736;633273;298801;22.8;10.7
27;2021-04-27;13457;10222;646730;309023;23.2;11.1
27;2021-04-28;14188;10341;660918;319364;23.7;11.5
27;2021-04-29;17870;11504;678788;330868;24.4;11.9
27;2021-04-30;18715;9493;697503;340361;25.1;12.2
27;2021-05-01;5426;1535;702929;341896;25.3;12.3
27;2021-05-02;601;73;703530;341969;25.3;12.3
27;2021-05-03;14898;6301;718428;348270;25.8;12.5
27;2021-05-04;13925;10777;732353;359047;26.3;12.9
27;2021-05-05;15535;9999;747888;369046;26.9;13.3
27;2021-05-06;18232;12309;766120;381355;27.5;13.7
27;2021-05-07;17173;11721;783293;393076;28.1;14.1
27;2021-05-08;5856;1493;789149;394569;28.4;14.2
27;2021-05-09;532;438;789681;395007;28.4;14.2
27;2021-05-10;15155;9829;804836;404836;28.9;14.5
27;2021-05-11;20698;12830;825534;417666;29.7;15.0
27;2021-05-12;19512;11689;845046;429355;30.4;15.4
27;2021-05-13;12264;2006;857310;431361;30.8;15.5
27;2021-05-14;22849;8328;880159;439689;31.6;15.8
27;2021-05-15;15360;3384;895519;443073;32.2;15.9
27;2021-05-16;1881;232;897400;443305;32.2;15.9
27;2021-05-17;18915;6757;916315;450062;32.9;16.2
27;2021-05-18;20483;9250;936798;459312;33.7;16.5
27;2021-05-19;22192;7263;958990;466575;34.5;16.8
27;2021-05-20;23162;8148;982152;474723;35.3;17.1
27;2021-05-21;21052;10013;1003204;484736;36.0;17.4
27;2021-05-22;8252;3593;1011456;488329;36.3;17.5
27;2021-05-23;901;303;1012357;488632;36.4;17.6
27;2021-05-24;4223;1079;1016580;489711;36.5;17.6
27;2021-05-25;14834;11602;1031414;501313;37.1;18.0
27;2021-05-26;15330;10614;1046744;511927;37.6;18.4
27;2021-05-27;18333;11768;1065077;523695;38.3;18.8
27;2021-05-28;16050;14089;1081127;537784;38.8;19.3
27;2021-05-29;6805;5147;1087932;542931;39.1;19.5
27;2021-05-30;385;255;1088317;543186;39.1;19.5
27;2021-05-31;13299;10917;1101616;554103;39.6;19.9
27;2021-06-01;16484;13405;1118100;567508;40.2;20.4
27;2021-06-02;16122;11423;1134222;578931;40.8;20.8
27;2021-06-03;17711;11842;1151933;590773;41.4;21.2
27;2021-06-04;16152;14589;1168085;605362;42.0;21.8
27;2021-06-05;8327;6740;1176412;612102;42.3;22.0
27;2021-06-06;1713;644;1178125;612746;42.3;22.0
27;2021-06-07;17410;13074;1195535;625820;43.0;22.5
27;2021-06-08;19838;15349;1215373;641169;43.7;23.0
27;2021-06-09;18674;12446;1234047;653615;44.3;23.5
27;2021-06-10;18861;13853;1252908;667468;45.0;24.0
27;2021-06-11;18060;17055;1270968;684523;45.7;24.6
27;2021-06-12;9448;7819;1280416;692342;46.0;24.9
27;2021-06-13;930;938;1281346;693280;46.0;24.9
27;2021-06-14;11038;17016;1292384;710296;46.4;25.5
27;2021-06-15;13846;17562;1306230;727858;46.9;26.2
28;2020-12-27;0;0;0;0;0.0;0.0
28;2020-12-28;1;0;1;0;0.0;0.0
28;2020-12-29;2;0;3;0;0.0;0.0
28;2020-12-30;0;0;3;0;0.0;0.0
28;2020-12-31;1;0;4;0;0.0;0.0
28;2021-01-01;2;0;6;0;0.0;0.0
28;2021-01-02;1;0;7;0;0.0;0.0
28;2021-01-03;1;0;8;0;0.0;0.0
28;2021-01-04;16;0;24;0;0.0;0.0
28;2021-01-05;169;0;193;0;0.0;0.0
28;2021-01-06;1393;2;1586;2;0.0;0.0
28;2021-01-07;2597;9;4183;11;0.1;0.0
28;2021-01-08;3428;3;7611;14;0.2;0.0
28;2021-01-09;1331;3;8942;17;0.3;0.0
28;2021-01-10;704;1;9646;18;0.3;0.0
28;2021-01-11;3179;3;12825;21;0.4;0.0
28;2021-01-12;3976;3;16801;24;0.5;0.0
28;2021-01-13;4302;6;21103;30;0.6;0.0
28;2021-01-14;8096;73;29199;103;0.9;0.0
28;2021-01-15;6219;24;35418;127;1.1;0.0
28;2021-01-16;2085;9;37503;136;1.1;0.0
28;2021-01-17;4071;21;41574;157;1.3;0.0
28;2021-01-18;8783;12;50357;169;1.5;0.0
28;2021-01-19;7140;13;57497;182;1.7;0.0
28;2021-01-20;6505;9;64002;191;1.9;0.0
28;2021-01-21;5991;9;69993;200;2.1;0.0
28;2021-01-22;5439;12;75432;212;2.3;0.0
28;2021-01-23;2018;7;77450;219;2.3;0.0
28;2021-01-24;1447;11;78897;230;2.4;0.0
28;2021-01-25;6238;179;85135;409;2.6;0.0
28;2021-01-26;4574;394;89709;803;2.7;0.0
28;2021-01-27;4034;765;93743;1568;2.8;0.0
28;2021-01-28;3754;1048;97497;2616;3.0;0.1
28;2021-01-29;3487;1305;100984;3921;3.1;0.1
28;2021-01-30;1386;517;102370;4438;3.1;0.1
28;2021-01-31;195;126;102565;4564;3.1;0.1
28;2021-02-01;2780;1661;105345;6225;3.2;0.2
28;2021-02-02;2984;2392;108329;8617;3.3;0.3
28;2021-02-03;2946;2670;111275;11287;3.4;0.3
28;2021-02-04;3724;5208;114999;16495;3.5;0.5
28;2021-02-05;3884;4392;118883;20887;3.6;0.6
28;2021-02-06;1139;1548;120022;22435;3.6;0.7
28;2021-02-07;715;1975;120737;24410;3.7;0.7
28;2021-02-08;3800;6859;124537;31269;3.8;0.9
28;2021-02-09;3459;6031;127996;37300;3.9;1.1
28;2021-02-10;3454;5075;131450;42375;4.0;1.3
28;2021-02-11;4208;4894;135658;47269;4.1;1.4
28;2021-02-12;4042;4611;139700;51880;4.2;1.6
28;2021-02-13;1122;1581;140822;53461;4.3;1.6
28;2021-02-14;285;1388;141107;54849;4.3;1.7
28;2021-02-15;2212;6279;143319;61128;4.3;1.9
28;2021-02-16;2654;5664;145973;66792;4.4;2.0
28;2021-02-17;1951;4557;147924;71349;4.5;2.2
28;2021-02-18;2567;4311;150491;75660;4.6;2.3
28;2021-02-19;2547;3721;153038;79381;4.6;2.4
28;2021-02-20;945;1260;153983;80641;4.7;2.4
28;2021-02-21;102;416;154085;81057;4.7;2.5
28;2021-02-22;1667;4233;155752;85290;4.7;2.6
28;2021-02-23;2173;3841;157925;89131;4.8;2.7
28;2021-02-24;2371;3895;160296;93026;4.9;2.8
28;2021-02-25;4770;4195;165066;97221;5.0;2.9
28;2021-02-26;5959;3735;171025;100956;5.2;3.1
28;2021-02-27;3008;1030;174033;101986;5.3;3.1
28;2021-02-28;340;387;174373;102373;5.3;3.1
28;2021-03-01;2523;4651;176896;107024;5.4;3.2
28;2021-03-02;3899;4095;180795;111119;5.5;3.4
28;2021-03-03;4787;3480;185582;114599;5.6;3.5
28;2021-03-04;7295;2856;192877;117455;5.8;3.6
28;2021-03-05;10142;2487;203019;119942;6.1;3.6
28;2021-03-06;9805;781;212824;120723;6.4;3.7
28;2021-03-07;3771;127;216595;120850;6.6;3.7
28;2021-03-08;5865;3273;222460;124123;6.7;3.8
28;2021-03-09;9283;2807;231743;126930;7.0;3.8
28;2021-03-10;9798;2437;241541;129367;7.3;3.9
28;2021-03-11;13954;1992;255495;131359;7.7;4.0
28;2021-03-12;17965;1536;273460;132895;8.3;4.0
28;2021-03-13;11143;519;284603;133414;8.6;4.0
28;2021-03-14;2258;97;286861;133511;8.7;4.0
28;2021-03-15;8643;860;295504;134371;8.9;4.1
28;2021-03-16;7485;1186;302989;135557;9.2;4.1
28;2021-03-17;7713;1186;310702;136743;9.4;4.1
28;2021-03-18;8161;1362;318863;138105;9.7;4.2
28;2021-03-19;11557;1455;330420;139560;10.0;4.2
28;2021-03-20;9666;536;340086;140096;10.3;4.2
28;2021-03-21;2409;20;342495;140116;10.4;4.2
28;2021-03-22;9382;1629;351877;141745;10.7;4.3
28;2021-03-23;12478;1496;364355;143241;11.0;4.3
28;2021-03-24;13239;1584;377594;144825;11.4;4.4
28;2021-03-25;17600;1791;395194;146616;12.0;4.4
28;2021-03-26;20795;1854;415989;148470;12.6;4.5
28;2021-03-27;11480;1115;427469;149585;12.9;4.5
28;2021-03-28;2964;86;430433;149671;13.0;4.5
28;2021-03-29;11753;2951;442186;152622;13.4;4.6
28;2021-03-30;14399;3056;456585;155678;13.8;4.7
28;2021-03-31;14356;3548;470941;159226;14.3;4.8
28;2021-04-01;17987;5524;488928;164750;14.8;5.0
28;2021-04-02;16779;6370;505707;171120;15.3;5.2
28;2021-04-03;6993;3960;512700;175080;15.5;5.3
28;2021-04-04;1776;795;514476;175875;15.6;5.3
28;2021-04-05;3287;737;517763;176612;15.7;5.3
28;2021-04-06;10797;7365;528560;183977;16.0;5.6
28;2021-04-07;12678;6941;541238;190918;16.4;5.8
28;2021-04-08;17635;7521;558873;198439;16.9;6.0
28;2021-04-09;23793;7815;582666;206254;17.6;6.2
28;2021-04-10;13817;4111;596483;210365;18.1;6.4
28;2021-04-11;3026;1192;599509;211557;18.1;6.4
28;2021-04-12;13759;8024;613268;219581;18.6;6.6
28;2021-04-13;16166;8034;629434;227615;19.1;6.9
28;2021-04-14;14284;8006;643718;235621;19.5;7.1
28;2021-04-15;17206;8384;660924;244005;20.0;7.4
28;2021-04-16;20214;7810;681138;251815;20.6;7.6
28;2021-04-17;12729;5012;693867;256827;21.0;7.8
28;2021-04-18;2287;1240;696154;258067;21.1;7.8
28;2021-04-19;10859;8865;707013;266932;21.4;8.1
28;2021-04-20;13890;9760;720903;276692;21.8;8.4
28;2021-04-21;13274;9986;734177;286678;22.2;8.7
28;2021-04-22;15270;11891;749447;298569;22.7;9.0
28;2021-04-23;16417;12308;765864;310877;23.2;9.4
28;2021-04-24;12575;7253;778439;318130;23.6;9.6
28;2021-04-25;3292;1905;781731;320035;23.7;9.7
28;2021-04-26;12532;10176;794263;330211;24.0;10.0
28;2021-04-27;14846;11734;809109;341945;24.5;10.4
28;2021-04-28;15043;10698;824152;352643;24.9;10.7
28;2021-04-29;18431;11749;842583;364392;25.5;11.0
28;2021-04-30;20366;11877;862949;376269;26.1;11.4
28;2021-05-01;12803;2963;875752;379232;26.5;11.5
28;2021-05-02;5983;1832;881735;381064;26.7;11.5
28;2021-05-03;12845;9994;894580;391058;27.1;11.8
28;2021-05-04;13795;13130;908375;404188;27.5;12.2
28;2021-05-05;13920;14450;922295;418638;27.9;12.7
28;2021-05-06;18279;15083;940574;433721;28.5;13.1
28;2021-05-07;17786;17365;958360;451086;29.0;13.7
28;2021-05-08;12227;4673;970587;455759;29.4;13.8
28;2021-05-09;7122;1814;977709;457573;29.6;13.9
28;2021-05-10;14106;14778;991815;472351;30.0;14.3
28;2021-05-11;18036;15312;1009851;487663;30.6;14.8
28;2021-05-12;18673;13934;1028524;501597;31.1;15.2
28;2021-05-13;19601;3695;1048125;505292;31.7;15.3
28;2021-05-14;26270;12488;1074395;517780;32.5;15.7
28;2021-05-15;26858;7055;1101253;524835;33.3;15.9
28;2021-05-16;14098;1559;1115351;526394;33.8;15.9
28;2021-05-17;16136;9406;1131487;535800;34.3;16.2
28;2021-05-18;20983;8747;1152470;544547;34.9;16.5
28;2021-05-19;20839;8455;1173309;553002;35.5;16.7
28;2021-05-20;23055;9628;1196364;562630;36.2;17.0
28;2021-05-21;21345;12061;1217709;574691;36.9;17.4
28;2021-05-22;17527;5956;1235236;580647;37.4;17.6
28;2021-05-23;9104;916;1244340;581563;37.7;17.6
28;2021-05-24;13386;3157;1257726;584720;38.1;17.7
28;2021-05-25;19094;11575;1276820;596295;38.7;18.1
28;2021-05-26;19210;9988;1296030;606283;39.2;18.4
28;2021-05-27;21683;12356;1317713;618639;39.9;18.7
28;2021-05-28;21551;16494;1339264;635133;40.5;19.2
28;2021-05-29;17539;10152;1356803;645285;41.1;19.5
28;2021-05-30;6264;1264;1363067;646549;41.3;19.6
28;2021-05-31;19810;11917;1382877;658466;41.9;19.9
28;2021-06-01;23666;13820;1406543;672286;42.6;20.4
28;2021-06-02;20713;12301;1427256;684587;43.2;20.7
28;2021-06-03;26437;14643;1453693;699230;44.0;21.2
28;2021-06-04;24491;18897;1478184;718127;44.7;21.7
28;2021-06-05;18293;12065;1496477;730192;45.3;22.1
28;2021-06-06;7464;2396;1503941;732588;45.5;22.2
28;2021-06-07;19202;14151;1523143;746739;46.1;22.6
28;2021-06-08;22810;15540;1545953;762279;46.8;23.1
28;2021-06-09;19440;14631;1565393;776910;47.4;23.5
28;2021-06-10;21127;14746;1586520;791656;48.0;24.0
28;2021-06-11;20942;21099;1607462;812755;48.7;24.6
28;2021-06-12;17890;17103;1625352;829858;49.2;25.1
28;2021-06-13;6332;5867;1631684;835725;49.4;25.3
28;2021-06-14;13814;17674;1645498;853399;49.8;25.8
28;2021-06-15;16091;18674;1661589;872073;50.3;26.4
32;2020-12-27;1;0;1;0;0.0;0.0
32;2020-12-28;26;0;27;0;0.0;0.0
32;2020-12-29;12;0;39;0;0.0;0.0
32;2020-12-30;0;0;39;0;0.0;0.0
32;2020-12-31;0;0;39;0;0.0;0.0
32;2021-01-01;1;0;40;0;0.0;0.0
32;2021-01-02;6;0;46;0;0.0;0.0
32;2021-01-03;4;0;50;0;0.0;0.0
32;2021-01-04;82;0;132;0;0.0;0.0
32;2021-01-05;300;0;432;0;0.0;0.0
32;2021-01-06;786;2;1218;2;0.0;0.0
32;2021-01-07;2431;4;3649;6;0.1;0.0
32;2021-01-08;3162;9;6811;15;0.1;0.0
32;2021-01-09;957;3;7768;18;0.1;0.0
32;2021-01-10;639;0;8407;18;0.1;0.0
32;2021-01-11;3267;6;11674;24;0.2;0.0
32;2021-01-12;5000;6;16674;30;0.3;0.0
32;2021-01-13;4938;10;21612;40;0.4;0.0
32;2021-01-14;5722;44;27334;84;0.5;0.0
32;2021-01-15;5221;23;32555;107;0.5;0.0
32;2021-01-16;1636;11;34191;118;0.6;0.0
32;2021-01-17;859;3;35050;121;0.6;0.0
32;2021-01-18;7231;20;42281;141;0.7;0.0
32;2021-01-19;9895;34;52176;175;0.9;0.0
32;2021-01-20;10342;29;62518;204;1.0;0.0
32;2021-01-21;12698;41;75216;245;1.3;0.0
32;2021-01-22;9870;26;85086;271;1.4;0.0
32;2021-01-23;3409;4;88495;275;1.5;0.0
32;2021-01-24;1119;2;89614;277;1.5;0.0
32;2021-01-25;6863;81;96477;358;1.6;0.0
32;2021-01-26;7445;180;103922;538;1.7;0.0
32;2021-01-27;4828;511;108750;1049;1.8;0.0
32;2021-01-28;8584;1687;117334;2736;2.0;0.0
32;2021-01-29;5370;1859;122704;4595;2.1;0.1
32;2021-01-30;534;413;123238;5008;2.1;0.1
32;2021-01-31;67;74;123305;5082;2.1;0.1
32;2021-02-01;191;1816;123496;6898;2.1;0.1
32;2021-02-02;786;3170;124282;10068;2.1;0.2
32;2021-02-03;4069;3190;128351;13258;2.2;0.2
32;2021-02-04;3682;3620;132033;16878;2.2;0.3
32;2021-02-05;1962;3280;133995;20158;2.2;0.3
32;2021-02-06;516;874;134511;21032;2.3;0.4
32;2021-02-07;539;97;135050;21129;2.3;0.4
32;2021-02-08;1866;3683;136916;24812;2.3;0.4
32;2021-02-09;2550;4368;139466;29180;2.3;0.5
32;2021-02-10;2983;5346;142449;34526;2.4;0.6
32;2021-02-11;4772;6192;147221;40718;2.5;0.7
32;2021-02-12;5086;4662;152307;45380;2.6;0.8
32;2021-02-13;939;1893;153246;47273;2.6;0.8
32;2021-02-14;116;711;153362;47984;2.6;0.8
32;2021-02-15;3613;6922;156975;54906;2.6;0.9
32;2021-02-16;4028;8234;161003;63140;2.7;1.1
32;2021-02-17;4279;8688;165282;71828;2.8;1.2
32;2021-02-18;7021;11430;172303;83258;2.9;1.4
32;2021-02-19;7079;8308;179382;91566;3.0;1.5
32;2021-02-20;2515;3015;181897;94581;3.1;1.6
32;2021-02-21;434;489;182331;95070;3.1;1.6
32;2021-02-22;3260;5332;185591;100402;3.1;1.7
32;2021-02-23;5501;5917;191092;106319;3.2;1.8
32;2021-02-24;7440;6053;198532;112372;3.3;1.9
32;2021-02-25;12824;5009;211356;117381;3.5;2.0
32;2021-02-26;12533;2877;223889;120258;3.8;2.0
32;2021-02-27;6485;304;230374;120562;3.9;2.0
32;2021-02-28;363;134;230737;120696;3.9;2.0
32;2021-03-01;7241;850;237978;121546;4.0;2.0
32;2021-03-02;10959;979;248937;122525;4.2;2.1
32;2021-03-03;11976;1722;260913;124247;4.4;2.1
32;2021-03-04;15091;2425;276004;126672;4.6;2.1
32;2021-03-05;17113;2085;293117;128757;4.9;2.2
32;2021-03-06;28079;1016;321196;129773;5.4;2.2
32;2021-03-07;19861;469;341057;130242;5.7;2.2
32;2021-03-08;8910;2554;349967;132796;5.9;2.2
32;2021-03-09;14279;3290;364246;136086;6.1;2.3
32;2021-03-10;15748;3198;379994;139284;6.4;2.3
32;2021-03-11;20913;4671;400907;143955;6.7;2.4
32;2021-03-12;26041;4194;426948;148149;7.2;2.5
32;2021-03-13;41559;1953;468507;150102;7.9;2.5
32;2021-03-14;20096;559;488603;150661;8.2;2.5
32;2021-03-15;13031;3571;501634;154232;8.4;2.6
32;2021-03-16;9787;3471;511421;157703;8.6;2.6
32;2021-03-17;9710;4122;521131;161825;8.7;2.7
32;2021-03-18;10009;5030;531140;166855;8.9;2.8
32;2021-03-19;17936;3793;549076;170648;9.2;2.9
32;2021-03-20;36467;1928;585543;172576;9.8;2.9
32;2021-03-21;19832;753;605375;173329;10.2;2.9
32;2021-03-22;12131;4268;617506;177597;10.4;3.0
32;2021-03-23;18900;5908;636406;183505;10.7;3.1
32;2021-03-24;17880;6127;654286;189632;11.0;3.2
32;2021-03-25;25247;5671;679533;195303;11.4;3.3
32;2021-03-26;28962;5863;708495;201166;11.9;3.4
32;2021-03-27;36620;2110;745115;203276;12.5;3.4
32;2021-03-28;18634;592;763749;203868;12.8;3.4
32;2021-03-29;14563;7029;778312;210897;13.1;3.5
32;2021-03-30;18851;8633;797163;219530;13.4;3.7
32;2021-03-31;15748;9275;812911;228805;13.6;3.8
32;2021-04-01;18181;11005;831092;239810;13.9;4.0
32;2021-04-02;19927;12529;851019;252339;14.3;4.2
32;2021-04-03;29999;10124;881018;262463;14.8;4.4
32;2021-04-04;11648;4706;892666;267169;15.0;4.5
32;2021-04-05;9585;2311;902251;269480;15.1;4.5
32;2021-04-06;14238;10853;916489;280333;15.4;4.7
32;2021-04-07;18023;12512;934512;292845;15.7;4.9
32;2021-04-08;23465;12915;957977;305760;16.1;5.1
32;2021-04-09;29835;13068;987812;318828;16.6;5.3
32;2021-04-10;26062;18747;1013874;337575;17.0;5.7
32;2021-04-11;9129;11994;1023003;349569;17.2;5.9
32;2021-04-12;15375;9477;1038378;359046;17.4;6.0
32;2021-04-13;21765;11531;1060143;370577;17.8;6.2
32;2021-04-14;22422;11087;1082565;381664;18.2;6.4
32;2021-04-15;25675;11084;1108240;392748;18.6;6.6
32;2021-04-16;25244;12390;1133484;405138;19.0;6.8
32;2021-04-17;17916;22953;1151400;428091;19.3;7.2
32;2021-04-18;6389;14033;1157789;442124;19.4;7.4
32;2021-04-19;11631;9784;1169420;451908;19.6;7.6
32;2021-04-20;16398;12271;1185818;464179;19.9;7.8
32;2021-04-21;15774;12550;1201592;476729;20.2;8.0
32;2021-04-22;19020;14964;1220612;491693;20.5;8.2
32;2021-04-23;19614;15938;1240226;507631;20.8;8.5
32;2021-04-24;15417;20999;1255643;528630;21.1;8.9
32;2021-04-25;6947;12282;1262590;540912;21.2;9.1
32;2021-04-26;13202;10691;1275792;551603;21.4;9.3
32;2021-04-27;18667;14089;1294459;565692;21.7;9.5
32;2021-04-28;20154;16006;1314613;581698;22.0;9.8
32;2021-04-29;22378;19894;1336991;601592;22.4;10.1
32;2021-04-30;24980;21527;1361971;623119;22.8;10.5
32;2021-05-01;23017;13899;1384988;637018;23.2;10.7
32;2021-05-02;20940;10308;1405928;647326;23.6;10.9
32;2021-05-03;21919;11253;1427847;658579;23.9;11.0
32;2021-05-04;23781;16250;1451628;674829;24.3;11.3
32;2021-05-05;23901;17379;1475529;692208;24.7;11.6
32;2021-05-06;25693;19851;1501222;712059;25.2;11.9
32;2021-05-07;30685;21441;1531907;733500;25.7;12.3
32;2021-05-08;33328;8926;1565235;742426;26.3;12.5
32;2021-05-09;26706;6438;1591941;748864;26.7;12.6
32;2021-05-10;24081;16025;1616022;764889;27.1;12.8
32;2021-05-11;31217;18953;1647239;783842;27.6;13.1
32;2021-05-12;36960;18698;1684199;802540;28.2;13.5
32;2021-05-13;40421;7235;1724620;809775;28.9;13.6
32;2021-05-14;41668;14518;1766288;824293;29.6;13.8
32;2021-05-15;59467;12039;1825755;836332;30.6;14.0
32;2021-05-16;47747;4751;1873502;841083;31.4;14.1
32;2021-05-17;31370;10886;1904872;851969;31.9;14.3
32;2021-05-18;36482;12405;1941354;864374;32.6;14.5
32;2021-05-19;38695;11486;1980049;875860;33.2;14.7
32;2021-05-20;39660;14868;2019709;890728;33.9;14.9
32;2021-05-21;42235;16902;2061944;907630;34.6;15.2
32;2021-05-22;57641;13006;2119585;920636;35.5;15.4
32;2021-05-23;38855;4350;2158440;924986;36.2;15.5
32;2021-05-24;28411;3804;2186851;928790;36.7;15.6
32;2021-05-25;31020;14834;2217871;943624;37.2;15.8
32;2021-05-26;33910;16718;2251781;960342;37.8;16.1
32;2021-05-27;34558;20625;2286339;980967;38.3;16.5
32;2021-05-28;34217;25125;2320556;1006092;38.9;16.9
32;2021-05-29;37368;19570;2357924;1025662;39.5;17.2
32;2021-05-30;16085;3506;2374009;1029168;39.8;17.3
32;2021-05-31;27862;16492;2401871;1045660;40.3;17.5
32;2021-06-01;32708;23974;2434579;1069634;40.8;17.9
32;2021-06-02;32147;21622;2466726;1091256;41.4;18.3
32;2021-06-03;34250;25016;2500976;1116272;41.9;18.7
32;2021-06-04;35811;27666;2536787;1143938;42.5;19.2
32;2021-06-05;34297;22728;2571084;1166666;43.1;19.6
32;2021-06-06;16503;5691;2587587;1172357;43.4;19.7
32;2021-06-07;21152;19308;2608739;1191665;43.8;20.0
32;2021-06-08;26626;24365;2635365;1216030;44.2;20.4
32;2021-06-09;23868;24294;2659233;1240324;44.6;20.8
32;2021-06-10;24807;26365;2684040;1266689;45.0;21.2
32;2021-06-11;26264;35991;2710304;1302680;45.5;21.8
32;2021-06-12;25911;31452;2736215;1334132;45.9;22.4
32;2021-06-13;11791;14784;2748006;1348916;46.1;22.6
32;2021-06-14;13124;27984;2761130;1376900;46.3;23.1
32;2021-06-15;19268;34497;2780398;1411397;46.6;23.7
44;2020-12-27;0;0;0;0;0.0;0.0
44;2020-12-28;0;0;0;0;0.0;0.0
44;2020-12-29;0;0;0;0;0.0;0.0
44;2020-12-30;0;0;0;0;0.0;0.0
44;2020-12-31;11;0;11;0;0.0;0.0
44;2021-01-01;1;0;12;0;0.0;0.0
44;2021-01-02;3;0;15;0;0.0;0.0
44;2021-01-03;3;0;18;0;0.0;0.0
44;2021-01-04;243;0;261;0;0.0;0.0
44;2021-01-05;769;0;1030;0;0.0;0.0
44;2021-01-06;1242;2;2272;2;0.0;0.0
44;2021-01-07;2423;3;4695;5;0.1;0.0
44;2021-01-08;3130;7;7825;12;0.1;0.0
44;2021-01-09;940;1;8765;13;0.2;0.0
44;2021-01-10;237;0;9002;13;0.2;0.0
44;2021-01-11;2980;8;11982;21;0.2;0.0
44;2021-01-12;5274;7;17256;28;0.3;0.0
44;2021-01-13;7660;18;24916;46;0.5;0.0
44;2021-01-14;9544;81;34460;127;0.6;0.0
44;2021-01-15;6694;27;41154;154;0.7;0.0
44;2021-01-16;1917;10;43071;164;0.8;0.0
44;2021-01-17;902;1;43973;165;0.8;0.0
44;2021-01-18;8711;25;52684;190;1.0;0.0
44;2021-01-19;10651;16;63335;206;1.1;0.0
44;2021-01-20;11025;42;74360;248;1.3;0.0
44;2021-01-21;11721;24;86081;272;1.6;0.0
44;2021-01-22;9630;30;95711;302;1.7;0.0
44;2021-01-23;3286;20;98997;322;1.8;0.0
44;2021-01-24;1566;4;100563;326;1.8;0.0
44;2021-01-25;6617;303;107180;629;1.9;0.0
44;2021-01-26;5641;435;112821;1064;2.0;0.0
44;2021-01-27;7372;599;120193;1663;2.2;0.0
44;2021-01-28;8792;1247;128985;2910;2.3;0.1
44;2021-01-29;6756;1799;135741;4709;2.5;0.1
44;2021-01-30;2547;496;138288;5205;2.5;0.1
44;2021-01-31;1250;55;139538;5260;2.5;0.1
44;2021-02-01;6376;2382;145914;7642;2.6;0.1
44;2021-02-02;6214;3812;152128;11454;2.8;0.2
44;2021-02-03;5594;4549;157722;16003;2.9;0.3
44;2021-02-04;6436;6968;164158;22971;3.0;0.4
44;2021-02-05;6387;5235;170545;28206;3.1;0.5
44;2021-02-06;1972;1207;172517;29413;3.1;0.5
44;2021-02-07;406;593;172923;30006;3.1;0.5
44;2021-02-08;3822;4469;176745;34475;3.2;0.6
44;2021-02-09;5715;5835;182460;40310;3.3;0.7
44;2021-02-10;6249;6042;188709;46352;3.4;0.8
44;2021-02-11;7048;6566;195757;52918;3.6;1.0
44;2021-02-12;7277;5549;203034;58467;3.7;1.1
44;2021-02-13;2543;1255;205577;59722;3.7;1.1
44;2021-02-14;1612;825;207189;60547;3.8;1.1
44;2021-02-15;3998;7209;211187;67756;3.8;1.2
44;2021-02-16;4563;7980;215750;75736;3.9;1.4
44;2021-02-17;4703;8542;220453;84278;4.0;1.5
44;2021-02-18;6004;9274;226457;93552;4.1;1.7
44;2021-02-19;5539;7498;231996;101050;4.2;1.8
44;2021-02-20;2337;2843;234333;103893;4.3;1.9
44;2021-02-21;541;1401;234874;105294;4.3;1.9
44;2021-02-22;4484;7031;239358;112325;4.3;2.0
44;2021-02-23;6026;7257;245384;119582;4.5;2.2
44;2021-02-24;6600;5938;251984;125520;4.6;2.3
44;2021-02-25;10511;7559;262495;133079;4.8;2.4
44;2021-02-26;12361;6338;274856;139417;5.0;2.5
44;2021-02-27;7886;2159;282742;141576;5.1;2.6
44;2021-02-28;2116;519;284858;142095;5.2;2.6
44;2021-03-01;6077;4666;290935;146761;5.3;2.7
44;2021-03-02;9387;5655;300322;152416;5.4;2.8
44;2021-03-03;11266;5575;311588;157991;5.7;2.9
44;2021-03-04;13251;5769;324839;163760;5.9;3.0
44;2021-03-05;17866;5670;342705;169430;6.2;3.1
44;2021-03-06;21330;2137;364035;171567;6.6;3.1
44;2021-03-07;12195;723;376230;172290;6.8;3.1
44;2021-03-08;9397;4252;385627;176542;7.0;3.2
44;2021-03-09;15177;4936;400804;181478;7.3;3.3
44;2021-03-10;16595;5161;417399;186639;7.6;3.4
44;2021-03-11;20337;5635;437736;192274;7.9;3.5
44;2021-03-12;26770;5471;464506;197745;8.4;3.6
44;2021-03-13;24173;2378;488679;200123;8.9;3.6
44;2021-03-14;6762;871;495441;200994;9.0;3.6
44;2021-03-15;12950;3460;508391;204454;9.2;3.7
44;2021-03-16;12827;3971;521218;208425;9.5;3.8
44;2021-03-17;14186;3626;535404;212051;9.7;3.8
44;2021-03-18;15400;3756;550804;215807;10.0;3.9
44;2021-03-19;21402;3874;572206;219681;10.4;4.0
44;2021-03-20;15540;1926;587746;221607;10.7;4.0
44;2021-03-21;4617;283;592363;221890;10.7;4.0
44;2021-03-22;12515;3897;604878;225787;11.0;4.1
44;2021-03-23;19421;5053;624299;230840;11.3;4.2
44;2021-03-24;22034;5156;646333;235996;11.7;4.3
44;2021-03-25;28162;5727;674495;241723;12.2;4.4
44;2021-03-26;30303;5442;704798;247165;12.8;4.5
44;2021-03-27;16174;4664;720972;251829;13.1;4.6
44;2021-03-28;4077;1969;725049;253798;13.2;4.6
44;2021-03-29;14293;6090;739342;259888;13.4;4.7
44;2021-03-30;21376;7769;760718;267657;13.8;4.9
44;2021-03-31;20080;7974;780798;275631;14.2;5.0
44;2021-04-01;23505;9300;804303;284931;14.6;5.2
44;2021-04-02;16215;6868;820518;291799;14.9;5.3
44;2021-04-03;10178;5758;830696;297557;15.1;5.4
44;2021-04-04;3130;1648;833826;299205;15.1;5.4
44;2021-04-05;4422;1407;838248;300612;15.2;5.5
44;2021-04-06;13404;10535;851652;311147;15.5;5.6
44;2021-04-07;17620;12079;869272;323226;15.8;5.9
44;2021-04-08;25962;12353;895234;335579;16.2;6.1
44;2021-04-09;32162;12676;927396;348255;16.8;6.3
44;2021-04-10;18215;10018;945611;358273;17.2;6.5
44;2021-04-11;3026;5962;948637;364235;17.2;6.6
44;2021-04-12;16944;11211;965581;375446;17.5;6.8
44;2021-04-13;21938;13740;987519;389186;17.9;7.1
44;2021-04-14;23055;14025;1010574;403211;18.3;7.3
44;2021-04-15;26216;15320;1036790;418531;18.8;7.6
44;2021-04-16;28052;15158;1064842;433689;19.3;7.9
44;2021-04-17;19793;9007;1084635;442696;19.7;8.0
44;2021-04-18;5044;4621;1089679;447317;19.8;8.1
44;2021-04-19;16918;11721;1106597;459038;20.1;8.3
44;2021-04-20;19072;14259;1125669;473297;20.4;8.6
44;2021-04-21;21106;14920;1146775;488217;20.8;8.9
44;2021-04-22;23668;15838;1170443;504055;21.2;9.1
44;2021-04-23;27765;16513;1198208;520568;21.7;9.4
44;2021-04-24;16956;9133;1215164;529701;22.0;9.6
44;2021-04-25;4818;3556;1219982;533257;22.1;9.7
44;2021-04-26;16687;11995;1236669;545252;22.4;9.9
44;2021-04-27;21137;14599;1257806;559851;22.8;10.2
44;2021-04-28;23748;14756;1281554;574607;23.3;10.4
44;2021-04-29;28110;16889;1309664;591496;23.8;10.7
44;2021-04-30;33086;15956;1342750;607452;24.4;11.0
44;2021-05-01;14840;6993;1357590;614445;24.6;11.1
44;2021-05-02;7891;3982;1365481;618427;24.8;11.2
44;2021-05-03;23978;12338;1389459;630765;25.2;11.4
44;2021-05-04;26933;17231;1416392;647996;25.7;11.8
44;2021-05-05;30715;19080;1447107;667076;26.3;12.1
44;2021-05-06;37883;21000;1484990;688076;26.9;12.5
44;2021-05-07;36013;24715;1521003;712791;27.6;12.9
44;2021-05-08;18923;6624;1539926;719415;27.9;13.1
44;2021-05-09;11110;2872;1551036;722287;28.1;13.1
44;2021-05-10;24186;20670;1575222;742957;28.6;13.5
44;2021-05-11;34177;22791;1609399;765748;29.2;13.9
44;2021-05-12;36746;23873;1646145;789621;29.9;14.3
44;2021-05-13;27745;6317;1673890;795938;30.4;14.4
44;2021-05-14;43959;18728;1717849;814666;31.2;14.8
44;2021-05-15;33863;14002;1751712;828668;31.8;15.0
44;2021-05-16;15521;3474;1767233;832142;32.1;15.1
44;2021-05-17;27055;14436;1794288;846578;32.6;15.4
44;2021-05-18;34956;15174;1829244;861752;33.2;15.6
44;2021-05-19;36724;16261;1865968;878013;33.9;15.9
44;2021-05-20;40685;16341;1906653;894354;34.6;16.2
44;2021-05-21;42683;20802;1949336;915156;35.4;16.6
44;2021-05-22;27618;11509;1976954;926665;35.9;16.8
44;2021-05-23;8642;1705;1985596;928370;36.0;16.8
44;2021-05-24;17858;4622;2003454;932992;36.3;16.9
44;2021-05-25;30114;17531;2033568;950523;36.9;17.2
44;2021-05-26;32251;19421;2065819;969944;37.5;17.6
44;2021-05-27;34470;20761;2100289;990705;38.1;18.0
44;2021-05-28;37404;27725;2137693;1018430;38.8;18.5
44;2021-05-29;26721;20075;2164414;1038505;39.3;18.8
44;2021-05-30;6112;4205;2170526;1042710;39.4;18.9
44;2021-05-31;26941;19635;2197467;1062345;39.9;19.3
44;2021-06-01;31431;22830;2228898;1085175;40.4;19.7
44;2021-06-02;33452;22842;2262350;1108017;41.0;20.1
44;2021-06-03;34485;25202;2296835;1133219;41.7;20.6
44;2021-06-04;39852;32086;2336687;1165305;42.4;21.1
44;2021-06-05;22887;20060;2359574;1185365;42.8;21.5
44;2021-06-06;8297;4447;2367871;1189812;43.0;21.6
44;2021-06-07;27868;21987;2395739;1211799;43.5;22.0
44;2021-06-08;33418;26651;2429157;1238450;44.1;22.5
44;2021-06-09;34870;24738;2464027;1263188;44.7;22.9
44;2021-06-10;34254;25492;2498281;1288680;45.3;23.4
44;2021-06-11;32111;35272;2530392;1323952;45.9;24.0
44;2021-06-12;25569;23367;2555961;1347319;46.4;24.4
44;2021-06-13;6752;6047;2562713;1353366;46.5;24.6
44;2021-06-14;17413;29497;2580126;1382863;46.8;25.1
44;2021-06-15;23073;34803;2603199;1417666;47.2;25.7
52;2020-12-27;0;0;0;0;0.0;0.0
52;2020-12-28;1;0;1;0;0.0;0.0
52;2020-12-29;0;0;1;0;0.0;0.0
52;2020-12-30;0;0;1;0;0.0;0.0
52;2020-12-31;0;0;1;0;0.0;0.0
52;2021-01-01;5;0;6;0;0.0;0.0
52;2021-01-02;1;0;7;0;0.0;0.0
52;2021-01-03;1;0;8;0;0.0;0.0
52;2021-01-04;34;0;42;0;0.0;0.0
52;2021-01-05;168;0;210;0;0.0;0.0
52;2021-01-06;384;1;594;1;0.0;0.0
52;2021-01-07;963;0;1557;1;0.0;0.0
52;2021-01-08;1664;2;3221;3;0.1;0.0
52;2021-01-09;1049;1;4270;4;0.1;0.0
52;2021-01-10;643;1;4913;5;0.1;0.0
52;2021-01-11;2197;0;7110;5;0.2;0.0
52;2021-01-12;3167;4;10277;9;0.3;0.0
52;2021-01-13;2983;3;13260;12;0.3;0.0
52;2021-01-14;3301;24;16561;36;0.4;0.0
52;2021-01-15;3013;9;19574;45;0.5;0.0
52;2021-01-16;894;7;20468;52;0.5;0.0
52;2021-01-17;499;3;20967;55;0.6;0.0
52;2021-01-18;3198;6;24165;61;0.6;0.0
52;2021-01-19;6553;7;30718;68;0.8;0.0
52;2021-01-20;8328;10;39046;78;1.0;0.0
52;2021-01-21;12165;11;51211;89;1.3;0.0
52;2021-01-22;7273;27;58484;116;1.5;0.0
52;2021-01-23;1677;5;60161;121;1.6;0.0
52;2021-01-24;174;0;60335;121;1.6;0.0
52;2021-01-25;3006;10;63341;131;1.7;0.0
52;2021-01-26;6737;153;70078;284;1.8;0.0
52;2021-01-27;7284;150;77362;434;2.0;0.0
52;2021-01-28;9726;465;87088;899;2.3;0.0
52;2021-01-29;5957;909;93045;1808;2.4;0.0
52;2021-01-30;1258;271;94303;2079;2.5;0.1
52;2021-01-31;79;314;94382;2393;2.5;0.1
52;2021-02-01;2521;1191;96903;3584;2.5;0.1
52;2021-02-02;2970;1859;99873;5443;2.6;0.1
52;2021-02-03;2685;2161;102558;7604;2.7;0.2
52;2021-02-04;2961;2115;105519;9719;2.8;0.3
52;2021-02-05;2965;2206;108484;11925;2.9;0.3
52;2021-02-06;1075;662;109559;12587;2.9;0.3
52;2021-02-07;151;297;109710;12884;2.9;0.3
52;2021-02-08;1930;2116;111640;15000;2.9;0.4
52;2021-02-09;3175;3718;114815;18718;3.0;0.5
52;2021-02-10;3319;4762;118134;23480;3.1;0.6
52;2021-02-11;6098;9297;124232;32777;3.3;0.9
52;2021-02-12;4704;5146;128936;37923;3.4;1.0
52;2021-02-13;1151;1243;130087;39166;3.4;1.0
52;2021-02-14;22;541;130109;39707;3.4;1.0
52;2021-02-15;2030;3533;132139;43240;3.5;1.1
52;2021-02-16;4111;6755;136250;49995;3.6;1.3
52;2021-02-17;3853;6947;140103;56942;3.7;1.5
52;2021-02-18;6136;9293;146239;66235;3.8;1.7
52;2021-02-19;5328;5829;151567;72064;4.0;1.9
52;2021-02-20;1028;1475;152595;73539;4.0;1.9
52;2021-02-21;6;274;152601;73813;4.0;1.9
52;2021-02-22;2629;3491;155230;77304;4.1;2.0
52;2021-02-23;3424;3699;158654;81003;4.2;2.1
52;2021-02-24;3292;3038;161946;84041;4.3;2.2
52;2021-02-25;6342;3215;168288;87256;4.4;2.3
52;2021-02-26;6201;2923;174489;90179;4.6;2.4
52;2021-02-27;2215;1044;176704;91223;4.6;2.4
52;2021-02-28;76;88;176780;91311;4.6;2.4
52;2021-03-01;3112;2329;179892;93640;4.7;2.5
52;2021-03-02;4722;3434;184614;97074;4.9;2.6
52;2021-03-03;5277;3408;189891;100482;5.0;2.6
52;2021-03-04;7785;4770;197676;105252;5.2;2.8
52;2021-03-05;9004;3923;206680;109175;5.4;2.9
52;2021-03-06;5635;1145;212315;110320;5.6;2.9
52;2021-03-07;2661;130;214976;110450;5.7;2.9
52;2021-03-08;5836;2420;220812;112870;5.8;3.0
52;2021-03-09;9543;3322;230355;116192;6.1;3.1
52;2021-03-10;9378;3389;239733;119581;6.3;3.1
52;2021-03-11;13567;5037;253300;124618;6.7;3.3
52;2021-03-12;15325;3741;268625;128359;7.1;3.4
52;2021-03-13;8281;757;276906;129116;7.3;3.4
52;2021-03-14;624;72;277530;129188;7.3;3.4
52;2021-03-15;8831;1915;286361;131103;7.5;3.4
52;2021-03-16;7572;2615;293933;133718;7.7;3.5
52;2021-03-17;6446;2381;300379;136099;7.9;3.6
52;2021-03-18;8298;2512;308677;138611;8.1;3.6
52;2021-03-19;11872;2125;320549;140736;8.4;3.7
52;2021-03-20;7083;751;327632;141487;8.6;3.7
52;2021-03-21;1688;46;329320;141533;8.7;3.7
52;2021-03-22;9007;2005;338327;143538;8.9;3.8
52;2021-03-23;13173;2591;351500;146129;9.2;3.8
52;2021-03-24;13248;2024;364748;148153;9.6;3.9
52;2021-03-25;18148;2788;382896;150941;10.1;4.0
52;2021-03-26;18893;2363;401789;153304;10.6;4.0
52;2021-03-27;7539;646;409328;153950;10.8;4.0
52;2021-03-28;2193;66;411521;154016;10.8;4.1
52;2021-03-29;10952;2713;422473;156729;11.1;4.1
52;2021-03-30;15651;3595;438124;160324;11.5;4.2
52;2021-03-31;13673;3238;451797;163562;11.9;4.3
52;2021-04-01;18853;3671;470650;167233;12.4;4.4
52;2021-04-02;17068;3494;487718;170727;12.8;4.5
52;2021-04-03;5511;1192;493229;171919;13.0;4.5
52;2021-04-04;1323;50;494552;171969;13.0;4.5
52;2021-04-05;1780;535;496332;172504;13.1;4.5
52;2021-04-06;11777;5237;508109;177741;13.4;4.7
52;2021-04-07;15181;5663;523290;183404;13.8;4.8
52;2021-04-08;21194;6370;544484;189774;14.3;5.0
52;2021-04-09;26594;5279;571078;195053;15.0;5.1
52;2021-04-10;10109;2353;581187;197406;15.3;5.2
52;2021-04-11;2566;433;583753;197839;15.4;5.2
52;2021-04-12;16325;6574;600078;204413;15.8;5.4
52;2021-04-13;20716;8150;620794;212563;16.3;5.6
52;2021-04-14;17632;6913;638426;219476;16.8;5.8
52;2021-04-15;21125;8010;659551;227486;17.3;6.0
52;2021-04-16;22569;7444;682120;234930;17.9;6.2
52;2021-04-17;9960;3025;692080;237955;18.2;6.3
52;2021-04-18;3036;1303;695116;239258;18.3;6.3
52;2021-04-19;14169;7804;709285;247062;18.7;6.5
52;2021-04-20;18255;9378;727540;256440;19.1;6.7
52;2021-04-21;15966;9142;743506;265582;19.6;7.0
52;2021-04-22;19388;10146;762894;275728;20.1;7.3
52;2021-04-23;20495;9952;783389;285680;20.6;7.5
52;2021-04-24;10010;4970;793399;290650;20.9;7.6
52;2021-04-25;3976;1942;797375;292592;21.0;7.7
52;2021-04-26;16813;9897;814188;302489;21.4;8.0
52;2021-04-27;21045;12539;835233;315028;22.0;8.3
52;2021-04-28;22750;10639;857983;325667;22.6;8.6
52;2021-04-29;25001;12658;882984;338325;23.2;8.9
52;2021-04-30;25630;12460;908614;350785;23.9;9.2
52;2021-05-01;8613;2473;917227;353258;24.1;9.3
52;2021-05-02;4298;1269;921525;354527;24.2;9.3
52;2021-05-03;19058;10614;940583;365141;24.7;9.6
52;2021-05-04;20054;14370;960637;379511;25.3;10.0
52;2021-05-05;20835;12750;981472;392261;25.8;10.3
52;2021-05-06;22445;13807;1003917;406068;26.4;10.7
52;2021-05-07;20661;17996;1024578;424064;26.9;11.2
52;2021-05-08;11098;2058;1035676;426122;27.2;11.2
52;2021-05-09;5386;2215;1041062;428337;27.4;11.3
52;2021-05-10;20620;17262;1061682;445599;27.9;11.7
52;2021-05-11;24809;19520;1086491;465119;28.6;12.2
52;2021-05-12;24585;17053;1111076;482172;29.2;12.7
52;2021-05-13;18545;2688;1129621;484860;29.7;12.8
52;2021-05-14;22656;12372;1152277;497232;30.3;13.1
52;2021-05-15;15614;5171;1167891;502403;30.7;13.2
52;2021-05-16;10270;1138;1178161;503541;31.0;13.2
52;2021-05-17;21082;14634;1199243;518175;31.5;13.6
52;2021-05-18;24652;14954;1223895;533129;32.2;14.0
52;2021-05-19;26677;11400;1250572;544529;32.9;14.3
52;2021-05-20;29246;11979;1279818;556508;33.7;14.6
52;2021-05-21;27302;13819;1307120;570327;34.4;15.0
52;2021-05-22;15402;4696;1322522;575023;34.8;15.1
52;2021-05-23;4470;1138;1326992;576161;34.9;15.2
52;2021-05-24;15985;2741;1342977;578902;35.3;15.2
52;2021-05-25;24404;14518;1367381;593420;36.0;15.6
52;2021-05-26;25117;12642;1392498;606062;36.6;15.9
52;2021-05-27;29052;14791;1421550;620853;37.4;16.3
52;2021-05-28;27888;17841;1449438;638694;38.1;16.8
52;2021-05-29;18305;7762;1467743;646456;38.6;17.0
52;2021-05-30;4229;1717;1471972;648173;38.7;17.0
52;2021-05-31;24389;15851;1496361;664024;39.4;17.5
52;2021-06-01;28791;17783;1525152;681807;40.1;17.9
52;2021-06-02;27396;15191;1552548;696998;40.8;18.3
52;2021-06-03;31689;16248;1584237;713246;41.7;18.8
52;2021-06-04;29195;20704;1613432;733950;42.4;19.3
52;2021-06-05;14524;11789;1627956;745739;42.8;19.6
52;2021-06-06;4771;3530;1632727;749269;42.9;19.7
52;2021-06-07;21691;20859;1654418;770128;43.5;20.3
52;2021-06-08;26867;22078;1681285;792206;44.2;20.8
52;2021-06-09;25285;18554;1706570;810760;44.9;21.3
52;2021-06-10;28659;17559;1735229;828319;45.6;21.8
52;2021-06-11;26924;24280;1762153;852599;46.4;22.4
52;2021-06-12;14581;11820;1776734;864419;46.7;22.7
52;2021-06-13;4379;4513;1781113;868932;46.8;22.9
52;2021-06-14;17552;25355;1798665;894287;47.3;23.5
52;2021-06-15;23631;25290;1822296;919577;47.9;24.2
53;2020-12-27;0;0;0;0;0.0;0.0
53;2020-12-28;0;0;0;0;0.0;0.0
53;2020-12-29;0;0;0;0;0.0;0.0
53;2020-12-30;0;0;0;0;0.0;0.0
53;2020-12-31;0;0;0;0;0.0;0.0
53;2021-01-01;3;0;3;0;0.0;0.0
53;2021-01-02;4;0;7;0;0.0;0.0
53;2021-01-03;0;0;7;0;0.0;0.0
53;2021-01-04;43;0;50;0;0.0;0.0
53;2021-01-05;200;0;250;0;0.0;0.0
53;2021-01-06;331;1;581;1;0.0;0.0
53;2021-01-07;834;1;1415;2;0.0;0.0
53;2021-01-08;1213;0;2628;2;0.1;0.0
53;2021-01-09;34;0;2662;2;0.1;0.0
53;2021-01-10;4;0;2666;2;0.1;0.0
53;2021-01-11;1661;3;4327;5;0.1;0.0
53;2021-01-12;3379;1;7706;6;0.2;0.0
53;2021-01-13;3354;4;11060;10;0.3;0.0
53;2021-01-14;3813;30;14873;40;0.4;0.0
53;2021-01-15;3298;15;18171;55;0.5;0.0
53;2021-01-16;683;4;18854;59;0.6;0.0
53;2021-01-17;180;1;19034;60;0.6;0.0
53;2021-01-18;3361;7;22395;67;0.7;0.0
53;2021-01-19;8164;4;30559;71;0.9;0.0
53;2021-01-20;7054;4;37613;75;1.1;0.0
53;2021-01-21;11469;5;49082;80;1.5;0.0
53;2021-01-22;7807;9;56889;89;1.7;0.0
53;2021-01-23;1493;2;58382;91;1.7;0.0
53;2021-01-24;255;1;58637;92;1.8;0.0
53;2021-01-25;3055;35;61692;127;1.8;0.0
53;2021-01-26;4111;232;65803;359;2.0;0.0
53;2021-01-27;7237;326;73040;685;2.2;0.0
53;2021-01-28;7132;638;80172;1323;2.4;0.0
53;2021-01-29;4230;730;84402;2053;2.5;0.1
53;2021-01-30;844;43;85246;2096;2.6;0.1
53;2021-01-31;79;3;85325;2099;2.6;0.1
53;2021-02-01;2210;1027;87535;3126;2.6;0.1
53;2021-02-02;3438;2014;90973;5140;2.7;0.2
53;2021-02-03;3173;2184;94146;7324;2.8;0.2
53;2021-02-04;7094;2271;101240;9595;3.0;0.3
53;2021-02-05;5584;2135;106824;11730;3.2;0.4
53;2021-02-06;1201;277;108025;12007;3.2;0.4
53;2021-02-07;214;132;108239;12139;3.2;0.4
53;2021-02-08;1651;1532;109890;13671;3.3;0.4
53;2021-02-09;3973;5256;113863;18927;3.4;0.6
53;2021-02-10;3791;4649;117654;23576;3.5;0.7
53;2021-02-11;5733;8790;123387;32366;3.7;1.0
53;2021-02-12;5661;5249;129048;37615;3.9;1.1
53;2021-02-13;1232;851;130280;38466;3.9;1.2
53;2021-02-14;25;348;130305;38814;3.9;1.2
53;2021-02-15;2325;3583;132630;42397;4.0;1.3
53;2021-02-16;4050;3543;136680;45940;4.1;1.4
53;2021-02-17;4073;5375;140753;51315;4.2;1.5
53;2021-02-18;5948;5739;146701;57054;4.4;1.7
53;2021-02-19;5354;4851;152055;61905;4.6;1.9
53;2021-02-20;1189;889;153244;62794;4.6;1.9
53;2021-02-21;165;218;153409;63012;4.6;1.9
53;2021-02-22;2318;2828;155727;65840;4.7;2.0
53;2021-02-23;3947;3673;159674;69513;4.8;2.1
53;2021-02-24;4467;3780;164141;73293;4.9;2.2
53;2021-02-25;7947;7140;172088;80433;5.2;2.4
53;2021-02-26;8676;4402;180764;84835;5.4;2.5
53;2021-02-27;3448;1105;184212;85940;5.5;2.6
53;2021-02-28;228;194;184440;86134;5.5;2.6
53;2021-03-01;3478;2264;187918;88398;5.6;2.6
53;2021-03-02;5617;4457;193535;92855;5.8;2.8
53;2021-03-03;6436;3786;199971;96641;6.0;2.9
53;2021-03-04;9277;4923;209248;101564;6.3;3.0
53;2021-03-05;11902;5213;221150;106777;6.6;3.2
53;2021-03-06;5630;1013;226780;107790;6.8;3.2
53;2021-03-07;913;145;227693;107935;6.8;3.2
53;2021-03-08;5162;2208;232855;110143;7.0;3.3
53;2021-03-09;9657;2929;242512;113072;7.3;3.4
53;2021-03-10;9274;3366;251786;116438;7.5;3.5
53;2021-03-11;14298;4046;266084;120484;8.0;3.6
53;2021-03-12;18594;3232;284678;123716;8.5;3.7
53;2021-03-13;8797;945;293475;124661;8.8;3.7
53;2021-03-14;812;50;294287;124711;8.8;3.7
53;2021-03-15;6888;2028;301175;126739;9.0;3.8
53;2021-03-16;6980;3406;308155;130145;9.2;3.9
53;2021-03-17;8226;2822;316381;132967;9.5;4.0
53;2021-03-18;8711;4657;325092;137624;9.7;4.1
53;2021-03-19;12988;3644;338080;141268;10.1;4.2
53;2021-03-20;7122;815;345202;142083;10.3;4.3
53;2021-03-21;381;32;345583;142115;10.3;4.3
53;2021-03-22;7339;2161;352922;144276;10.6;4.3
53;2021-03-23;12981;3662;365903;147938;11.0;4.4
53;2021-03-24;14367;3225;380270;151163;11.4;4.5
53;2021-03-25;18242;3359;398512;154522;11.9;4.6
53;2021-03-26;20268;3189;418780;157711;12.5;4.7
53;2021-03-27;7395;1013;426175;158724;12.8;4.8
53;2021-03-28;526;86;426701;158810;12.8;4.8
53;2021-03-29;9787;3163;436488;161973;13.1;4.8
53;2021-03-30;15291;4589;451779;166562;13.5;5.0
53;2021-03-31;14109;4261;465888;170823;13.9;5.1
53;2021-04-01;18163;4264;484051;175087;14.5;5.2
53;2021-04-02;17854;4349;501905;179436;15.0;5.4
53;2021-04-03;6414;1424;508319;180860;15.2;5.4
53;2021-04-04;413;32;508732;180892;15.2;5.4
53;2021-04-05;1226;334;509958;181226;15.3;5.4
53;2021-04-06;12512;5670;522470;186896;15.6;5.6
53;2021-04-07;15002;5332;537472;192228;16.1;5.8
53;2021-04-08;20579;6086;558051;198314;16.7;5.9
53;2021-04-09;26610;5558;584661;203872;17.5;6.1
53;2021-04-10;10311;1719;594972;205591;17.8;6.2
53;2021-04-11;814;213;595786;205804;17.8;6.2
53;2021-04-12;15817;4909;611603;210713;18.3;6.3
53;2021-04-13;22680;7225;634283;217938;19.0;6.5
53;2021-04-14;19329;7915;653612;225853;19.6;6.8
53;2021-04-15;25331;8047;678943;233900;20.3;7.0
53;2021-04-16;26150;7529;705093;241429;21.1;7.2
53;2021-04-17;10383;3570;715476;244999;21.4;7.3
53;2021-04-18;1033;148;716509;245147;21.4;7.3
53;2021-04-19;15397;6526;731906;251673;21.9;7.5
53;2021-04-20;16912;9508;748818;261181;22.4;7.8
53;2021-04-21;16736;9432;765554;270613;22.9;8.1
53;2021-04-22;21719;10166;787273;280779;23.6;8.4
53;2021-04-23;21627;10068;808900;290847;24.2;8.7
53;2021-04-24;9984;4160;818884;295007;24.5;8.8
53;2021-04-25;904;331;819788;295338;24.5;8.8
53;2021-04-26;18213;8471;838001;303809;25.1;9.1
53;2021-04-27;19851;12058;857852;315867;25.7;9.5
53;2021-04-28;19935;10798;877787;326665;26.3;9.8
53;2021-04-29;23527;12258;901314;338923;27.0;10.1
53;2021-04-30;23889;12429;925203;351352;27.7;10.5
53;2021-05-01;5117;1629;930320;352981;27.9;10.6
53;2021-05-02;2792;519;933112;353500;27.9;10.6
53;2021-05-03;15710;9376;948822;362876;28.4;10.9
53;2021-05-04;15677;15780;964499;378656;28.9;11.3
53;2021-05-05;14837;14682;979336;393338;29.3;11.8
53;2021-05-06;19210;17832;998546;411170;29.9;12.3
53;2021-05-07;18559;18212;1017105;429382;30.4;12.9
53;2021-05-08;5403;1119;1022508;430501;30.6;12.9
53;2021-05-09;3503;856;1026011;431357;30.7;12.9
53;2021-05-10;16468;15205;1042479;446562;31.2;13.4
53;2021-05-11;18514;18727;1060993;465289;31.8;13.9
53;2021-05-12;20988;15617;1081981;480906;32.4;14.4
53;2021-05-13;9002;3943;1090983;484849;32.7;14.5
53;2021-05-14;21637;13721;1112620;498570;33.3;14.9
53;2021-05-15;13367;5320;1125987;503890;33.7;15.1
53;2021-05-16;3214;873;1129201;504763;33.8;15.1
53;2021-05-17;18097;11155;1147298;515918;34.3;15.4
53;2021-05-18;20862;12378;1168160;528296;35.0;15.8
53;2021-05-19;21540;10617;1189700;538913;35.6;16.1
53;2021-05-20;23797;14710;1213497;553623;36.3;16.6
53;2021-05-21;22813;15229;1236310;568852;37.0;17.0
53;2021-05-22;13127;5835;1249437;574687;37.4;17.2
53;2021-05-23;2969;310;1252406;574997;37.5;17.2
53;2021-05-24;13925;2487;1266331;577484;37.9;17.3
53;2021-05-25;19901;12805;1286232;590289;38.5;17.7
53;2021-05-26;19237;13783;1305469;604072;39.1;18.1
53;2021-05-27;22023;17402;1327492;621474;39.7;18.6
53;2021-05-28;21734;20396;1349226;641870;40.4;19.2
53;2021-05-29;12131;7325;1361357;649195;40.8;19.4
53;2021-05-30;2303;472;1363660;649667;40.8;19.4
53;2021-05-31;20669;14082;1384329;663749;41.4;19.9
53;2021-06-01;22894;16467;1407223;680216;42.1;20.4
53;2021-06-02;21663;14210;1428886;694426;42.8;20.8
53;2021-06-03;25014;16843;1453900;711269;43.5;21.3
53;2021-06-04;23051;22556;1476951;733825;44.2;22.0
53;2021-06-05;17274;8980;1494225;742805;44.7;22.2
53;2021-06-06;4997;1322;1499222;744127;44.9;22.3
53;2021-06-07;18365;17782;1517587;761909;45.4;22.8
53;2021-06-08;23562;18087;1541149;779996;46.1;23.4
53;2021-06-09;23226;15846;1564375;795842;46.8;23.8
53;2021-06-10;26649;16849;1591024;812691;47.6;24.3
53;2021-06-11;26108;21403;1617132;834094;48.4;25.0
53;2021-06-12;18577;7501;1635709;841595;49.0;25.2
53;2021-06-13;7792;3116;1643501;844711;49.2;25.3
53;2021-06-14;15988;19784;1659489;864495;49.7;25.9
53;2021-06-15;19935;20918;1679424;885413;50.3;26.5
75;2020-12-27;1;0;1;0;0.0;0.0
75;2020-12-28;2;0;3;0;0.0;0.0
75;2020-12-29;3;0;6;0;0.0;0.0
75;2020-12-30;2;0;8;0;0.0;0.0
75;2020-12-31;0;0;8;0;0.0;0.0
75;2021-01-01;4;0;12;0;0.0;0.0
75;2021-01-02;2;0;14;0;0.0;0.0
75;2021-01-03;0;0;14;0;0.0;0.0
75;2021-01-04;90;0;104;0;0.0;0.0
75;2021-01-05;124;0;228;0;0.0;0.0
75;2021-01-06;736;1;964;1;0.0;0.0
75;2021-01-07;4922;2;5886;3;0.1;0.0
75;2021-01-08;5461;4;11347;7;0.2;0.0
75;2021-01-09;845;1;12192;8;0.2;0.0
75;2021-01-10;479;0;12671;8;0.2;0.0
75;2021-01-11;3581;1;16252;9;0.3;0.0
75;2021-01-12;5945;5;22197;14;0.4;0.0
75;2021-01-13;6550;14;28747;28;0.5;0.0
75;2021-01-14;8121;62;36868;90;0.6;0.0
75;2021-01-15;7625;26;44493;116;0.7;0.0
75;2021-01-16;1607;14;46100;130;0.8;0.0
75;2021-01-17;425;5;46525;135;0.8;0.0
75;2021-01-18;6886;30;53411;165;0.9;0.0
75;2021-01-19;14044;12;67455;177;1.1;0.0
75;2021-01-20;15535;13;82990;190;1.4;0.0
75;2021-01-21;16951;19;99941;209;1.7;0.0
75;2021-01-22;12970;22;112911;231;1.9;0.0
75;2021-01-23;4421;3;117332;234;2.0;0.0
75;2021-01-24;700;1;118032;235;2.0;0.0
75;2021-01-25;8864;217;126896;452;2.1;0.0
75;2021-01-26;11720;452;138616;904;2.3;0.0
75;2021-01-27;12274;769;150890;1673;2.5;0.0
75;2021-01-28;12940;2659;163830;4332;2.7;0.1
75;2021-01-29;10000;2986;173830;7318;2.9;0.1
75;2021-01-30;3379;516;177209;7834;3.0;0.1
75;2021-01-31;646;420;177855;8254;3.0;0.1
75;2021-02-01;5713;2639;183568;10893;3.1;0.2
75;2021-02-02;9600;4356;193168;15249;3.2;0.3
75;2021-02-03;9580;4369;202748;19618;3.4;0.3
75;2021-02-04;10752;5682;213500;25300;3.6;0.4
75;2021-02-05;7487;5636;220987;30936;3.7;0.5
75;2021-02-06;2377;1106;223364;32042;3.7;0.5
75;2021-02-07;673;251;224037;32293;3.7;0.5
75;2021-02-08;5134;3653;229171;35946;3.8;0.6
75;2021-02-09;7310;8077;236481;44023;3.9;0.7
75;2021-02-10;7541;8736;244022;52759;4.1;0.9
75;2021-02-11;8846;10271;252868;63030;4.2;1.1
75;2021-02-12;7405;8835;260273;71865;4.3;1.2
75;2021-02-13;1952;1759;262225;73624;4.4;1.2
75;2021-02-14;274;364;262499;73988;4.4;1.2
75;2021-02-15;3151;7838;265650;81826;4.4;1.4
75;2021-02-16;4607;10524;270257;92350;4.5;1.5
75;2021-02-17;4757;11302;275014;103652;4.6;1.7
75;2021-02-18;5449;12839;280463;116491;4.7;1.9
75;2021-02-19;5418;9631;285881;126122;4.8;2.1
75;2021-02-20;987;2632;286868;128754;4.8;2.1
75;2021-02-21;186;667;287054;129421;4.8;2.2
75;2021-02-22;3649;8513;290703;137934;4.8;2.3
75;2021-02-23;5354;10942;296057;148876;4.9;2.5
75;2021-02-24;6127;10285;302184;159161;5.0;2.7
75;2021-02-25;9986;11718;312170;170879;5.2;2.8
75;2021-02-26;12233;8861;324403;179740;5.4;3.0
75;2021-02-27;5784;2485;330187;182225;5.5;3.0
75;2021-02-28;312;694;330499;182919;5.5;3.0
75;2021-03-01;5090;7011;335589;189930;5.6;3.2
75;2021-03-02;9347;8157;344936;198087;5.7;3.3
75;2021-03-03;10816;7760;355752;205847;5.9;3.4
75;2021-03-04;16730;8165;372482;214012;6.2;3.6
75;2021-03-05;20782;7447;393264;221459;6.6;3.7
75;2021-03-06;13407;2219;406671;223678;6.8;3.7
75;2021-03-07;3718;462;410389;224140;6.8;3.7
75;2021-03-08;9985;5381;420374;229521;7.0;3.8
75;2021-03-09;16849;6474;437223;235995;7.3;3.9
75;2021-03-10;18249;6305;455472;242300;7.6;4.0
75;2021-03-11;26418;6664;481890;248964;8.0;4.1
75;2021-03-12;31279;5232;513169;254196;8.6;4.2
75;2021-03-13;17850;1189;531019;255385;8.9;4.3
75;2021-03-14;1700;245;532719;255630;8.9;4.3
75;2021-03-15;14065;3414;546784;259044;9.1;4.3
75;2021-03-16;13682;3707;560466;262751;9.3;4.4
75;2021-03-17;14744;3872;575210;266623;9.6;4.4
75;2021-03-18;16369;4687;591579;271310;9.9;4.5
75;2021-03-19;22422;4271;614001;275581;10.2;4.6
75;2021-03-20;14015;815;628016;276396;10.5;4.6
75;2021-03-21;2462;107;630478;276503;10.5;4.6
75;2021-03-22;16786;3449;647264;279952;10.8;4.7
75;2021-03-23;25250;3879;672514;283831;11.2;4.7
75;2021-03-24;27118;4296;699632;288127;11.7;4.8
75;2021-03-25;35594;4610;735226;292737;12.3;4.9
75;2021-03-26;38563;4164;773789;296901;12.9;4.9
75;2021-03-27;15692;1270;789481;298171;13.2;5.0
75;2021-03-28;2724;388;792205;298559;13.2;5.0
75;2021-03-29;22826;4125;815031;302684;13.6;5.0
75;2021-03-30;31616;5958;846647;308642;14.1;5.1
75;2021-03-31;29721;5923;876368;314565;14.6;5.2
75;2021-04-01;34972;6925;911340;321490;15.2;5.4
75;2021-04-02;32311;6862;943651;328352;15.7;5.5
75;2021-04-03;12812;2628;956463;330980;15.9;5.5
75;2021-04-04;2135;339;958598;331319;16.0;5.5
75;2021-04-05;6366;597;964964;331916;16.1;5.5
75;2021-04-06;26366;10816;991330;342732;16.5;5.7
75;2021-04-07;32348;11004;1023678;353736;17.1;5.9
75;2021-04-08;39534;12338;1063212;366074;17.7;6.1
75;2021-04-09;49209;10962;1112421;377036;18.5;6.3
75;2021-04-10;24424;4959;1136845;381995;18.9;6.4
75;2021-04-11;4969;715;1141814;382710;19.0;6.4
75;2021-04-12;27360;11828;1169174;394538;19.5;6.6
75;2021-04-13;35679;14318;1204853;408856;20.1;6.8
75;2021-04-14;35377;14465;1240230;423321;20.7;7.1
75;2021-04-15;37641;15039;1277871;438360;21.3;7.3
75;2021-04-16;37105;15106;1314976;453466;21.9;7.6
75;2021-04-17;19545;7370;1334521;460836;22.2;7.7
75;2021-04-18;4072;2050;1338593;462886;22.3;7.7
75;2021-04-19;20884;14941;1359477;477827;22.7;8.0
75;2021-04-20;28479;19098;1387956;496925;23.1;8.3
75;2021-04-21;27801;18070;1415757;514995;23.6;8.6
75;2021-04-22;30355;19662;1446112;534657;24.1;8.9
75;2021-04-23;29033;20217;1475145;554874;24.6;9.2
75;2021-04-24;16997;9122;1492142;563996;24.9;9.4
75;2021-04-25;4596;1498;1496738;565494;24.9;9.4
75;2021-04-26;22308;19273;1519046;584767;25.3;9.7
75;2021-04-27;29180;24301;1548226;609068;25.8;10.2
75;2021-04-28;31134;24000;1579360;633068;26.3;10.6
75;2021-04-29;37242;26622;1616602;659690;26.9;11.0
75;2021-04-30;37737;25859;1654339;685549;27.6;11.4
75;2021-05-01;15682;5740;1670021;691289;27.8;11.5
75;2021-05-02;7253;2594;1677274;693883;28.0;11.6
75;2021-05-03;27249;21177;1704523;715060;28.4;11.9
75;2021-05-04;30273;29289;1734796;744349;28.9;12.4
75;2021-05-05;31377;30968;1766173;775317;29.4;12.9
75;2021-05-06;35862;32373;1802035;807690;30.0;13.5
75;2021-05-07;37378;34340;1839413;842030;30.7;14.0
75;2021-05-08;17348;8054;1856761;850084;30.9;14.2
75;2021-05-09;7294;4142;1864055;854226;31.1;14.2
75;2021-05-10;25015;28992;1889070;883218;31.5;14.7
75;2021-05-11;35469;32943;1924539;916161;32.1;15.3
75;2021-05-12;35386;30119;1959925;946280;32.7;15.8
75;2021-05-13;22606;7499;1982531;953779;33.0;15.9
75;2021-05-14;33741;20828;2016272;974607;33.6;16.2
75;2021-05-15;22861;11082;2039133;985689;34.0;16.4
75;2021-05-16;7371;2059;2046504;987748;34.1;16.5
75;2021-05-17;33781;19193;2080285;1006941;34.7;16.8
75;2021-05-18;42554;19902;2122839;1026843;35.4;17.1
75;2021-05-19;42570;17581;2165409;1044424;36.1;17.4
75;2021-05-20;45838;20330;2211247;1064754;36.9;17.7
75;2021-05-21;42794;21368;2254041;1086122;37.6;18.1
75;2021-05-22;23218;9779;2277259;1095901;38.0;18.3
75;2021-05-23;7798;1419;2285057;1097320;38.1;18.3
75;2021-05-24;18773;4057;2303830;1101377;38.4;18.4
75;2021-05-25;36782;20943;2340612;1122320;39.0;18.7
75;2021-05-26;38217;21458;2378829;1143778;39.6;19.1
75;2021-05-27;42846;27053;2421675;1170831;40.4;19.5
75;2021-05-28;38815;32253;2460490;1203084;41.0;20.1
75;2021-05-29;19632;18093;2480122;1221177;41.3;20.4
75;2021-05-30;5769;2282;2485891;1223459;41.4;20.4
75;2021-05-31;31590;23110;2517481;1246569;42.0;20.8
75;2021-06-01;40933;29588;2558414;1276157;42.6;21.3
75;2021-06-02;41287;28202;2599701;1304359;43.3;21.7
75;2021-06-03;47555;31181;2647256;1335540;44.1;22.3
75;2021-06-04;44341;36934;2691597;1372474;44.9;22.9
75;2021-06-05;24360;18500;2715957;1390974;45.3;23.2
75;2021-06-06;8727;4314;2724684;1395288;45.4;23.3
75;2021-06-07;31352;31502;2756036;1426790;45.9;23.8
75;2021-06-08;39004;36008;2795040;1462798;46.6;24.4
75;2021-06-09;38721;32862;2833761;1495660;47.2;24.9
75;2021-06-10;42827;31762;2876588;1527422;47.9;25.5
75;2021-06-11;40170;40285;2916758;1567707;48.6;26.1
75;2021-06-12;23159;21495;2939917;1589202;49.0;26.5
75;2021-06-13;8076;5643;2947993;1594845;49.1;26.6
75;2021-06-14;23830;37892;2971823;1632737;49.5;27.2
75;2021-06-15;32869;41590;3004692;1674327;50.1;27.9
76;2020-12-27;0;0;0;0;0.0;0.0
76;2020-12-28;4;0;4;0;0.0;0.0
76;2020-12-29;0;0;4;0;0.0;0.0
76;2020-12-30;0;0;4;0;0.0;0.0
76;2020-12-31;1;0;5;0;0.0;0.0
76;2021-01-01;3;0;8;0;0.0;0.0
76;2021-01-02;2;0;10;0;0.0;0.0
76;2021-01-03;2;0;12;0;0.0;0.0
76;2021-01-04;59;1;71;1;0.0;0.0
76;2021-01-05;473;1;544;2;0.0;0.0
76;2021-01-06;784;1;1328;3;0.0;0.0
76;2021-01-07;2537;3;3865;6;0.1;0.0
76;2021-01-08;3214;1;7079;7;0.1;0.0
76;2021-01-09;1537;0;8616;7;0.1;0.0
76;2021-01-10;517;0;9133;7;0.2;0.0
76;2021-01-11;3524;7;12657;14;0.2;0.0
76;2021-01-12;5740;9;18397;23;0.3;0.0
76;2021-01-13;6474;9;24871;32;0.4;0.0
76;2021-01-14;8995;83;33866;115;0.6;0.0
76;2021-01-15;7250;30;41116;145;0.7;0.0
76;2021-01-16;1952;21;43068;166;0.7;0.0
76;2021-01-17;710;3;43778;169;0.7;0.0
76;2021-01-18;7699;21;51477;190;0.9;0.0
76;2021-01-19;11192;25;62669;215;1.1;0.0
76;2021-01-20;13689;22;76358;237;1.3;0.0
76;2021-01-21;16690;19;93048;256;1.6;0.0
76;2021-01-22;11863;30;104911;286;1.8;0.0
76;2021-01-23;3879;8;108790;294;1.8;0.0
76;2021-01-24;766;11;109556;305;1.8;0.0
76;2021-01-25;7826;97;117382;402;2.0;0.0
76;2021-01-26;10344;280;127726;682;2.2;0.0
76;2021-01-27;10845;480;138571;1162;2.3;0.0
76;2021-01-28;10136;1694;148707;2856;2.5;0.0
76;2021-01-29;8085;1988;156792;4844;2.6;0.1
76;2021-01-30;3185;772;159977;5616;2.7;0.1
76;2021-01-31;518;267;160495;5883;2.7;0.1
76;2021-02-01;5852;2603;166347;8486;2.8;0.1
76;2021-02-02;10053;3995;176400;12481;3.0;0.2
76;2021-02-03;9514;4066;185914;16547;3.1;0.3
76;2021-02-04;10098;5959;196012;22506;3.3;0.4
76;2021-02-05;7771;5026;203783;27532;3.4;0.5
76;2021-02-06;2692;1050;206475;28582;3.5;0.5
76;2021-02-07;542;496;207017;29078;3.5;0.5
76;2021-02-08;4839;4528;211856;33606;3.6;0.6
76;2021-02-09;6315;6818;218171;40424;3.7;0.7
76;2021-02-10;7171;9234;225342;49658;3.8;0.8
76;2021-02-11;9125;10737;234467;60395;4.0;1.0
76;2021-02-12;8044;7684;242511;68079;4.1;1.1
76;2021-02-13;2646;2271;245157;70350;4.1;1.2
76;2021-02-14;356;994;245513;71344;4.1;1.2
76;2021-02-15;3383;6467;248896;77811;4.2;1.3
76;2021-02-16;4240;8691;253136;86502;4.3;1.5
76;2021-02-17;4372;9652;257508;96154;4.3;1.6
76;2021-02-18;5869;9986;263377;106140;4.4;1.8
76;2021-02-19;4839;8128;268216;114268;4.5;1.9
76;2021-02-20;1529;3036;269745;117304;4.6;2.0
76;2021-02-21;262;594;270007;117898;4.6;2.0
76;2021-02-22;3271;7661;273278;125559;4.6;2.1
76;2021-02-23;4916;10242;278194;135801;4.7;2.3
76;2021-02-24;4643;10417;282837;146218;4.8;2.5
76;2021-02-25;8307;9903;291144;156121;4.9;2.6
76;2021-02-26;9634;8388;300778;164509;5.1;2.8
76;2021-02-27;3716;3093;304494;167602;5.1;2.8
76;2021-02-28;430;452;304924;168054;5.1;2.8
76;2021-03-01;5301;6135;310225;174189;5.2;2.9
76;2021-03-02;8212;7564;318437;181753;5.4;3.1
76;2021-03-03;9226;7464;327663;189217;5.5;3.2
76;2021-03-04;14312;7876;341975;197093;5.8;3.3
76;2021-03-05;16856;7097;358831;204190;6.1;3.4
76;2021-03-06;15877;2141;374708;206331;6.3;3.5
76;2021-03-07;11371;458;386079;206789;6.5;3.5
76;2021-03-08;9971;5502;396050;212291;6.7;3.6
76;2021-03-09;16219;6453;412269;218744;7.0;3.7
76;2021-03-10;16399;6470;428668;225214;7.2;3.8
76;2021-03-11;22584;6375;451252;231589;7.6;3.9
76;2021-03-12;26377;5236;477629;236825;8.1;4.0
76;2021-03-13;14892;2150;492521;238975;8.3;4.0
76;2021-03-14;2318;355;494839;239330;8.4;4.0
76;2021-03-15;13503;3289;508342;242619;8.6;4.1
76;2021-03-16;11755;4519;520097;247138;8.8;4.2
76;2021-03-17;12835;3967;532932;251105;9.0;4.2
76;2021-03-18;13691;4975;546623;256080;9.2;4.3
76;2021-03-19;18636;3992;565259;260072;9.5;4.4
76;2021-03-20;10651;1121;575910;261193;9.7;4.4
76;2021-03-21;3193;218;579103;261411;9.8;4.4
76;2021-03-22;14658;3574;593761;264985;10.0;4.5
76;2021-03-23;22210;4311;615971;269296;10.4;4.5
76;2021-03-24;23570;4169;639541;273465;10.8;4.6
76;2021-03-25;31966;4586;671507;278051;11.3;4.7
76;2021-03-26;30768;4043;702275;282094;11.9;4.8
76;2021-03-27;16208;1400;718483;283494;12.1;4.8
76;2021-03-28;4864;188;723347;283682;12.2;4.8
76;2021-03-29;22276;4865;745623;288547;12.6;4.9
76;2021-03-30;29654;5689;775277;294236;13.1;5.0
76;2021-03-31;26823;5557;802100;299793;13.5;5.1
76;2021-04-01;34403;5867;836503;305660;14.1;5.2
76;2021-04-02;29291;5730;865794;311390;14.6;5.3
76;2021-04-03;12123;2840;877917;314230;14.8;5.3
76;2021-04-04;4348;653;882265;314883;14.9;5.3
76;2021-04-05;4287;670;886552;315553;15.0;5.3
76;2021-04-06;22809;9721;909361;325274;15.3;5.5
76;2021-04-07;25218;9838;934579;335112;15.8;5.7
76;2021-04-08;33066;10202;967645;345314;16.3;5.8
76;2021-04-09;38837;9582;1006482;354896;17.0;6.0
76;2021-04-10;22675;5138;1029157;360034;17.4;6.1
76;2021-04-11;8856;1421;1038013;361455;17.5;6.1
76;2021-04-12;25989;10483;1064002;371938;18.0;6.3
76;2021-04-13;35722;12825;1099724;384763;18.6;6.5
76;2021-04-14;32813;13224;1132537;397987;19.1;6.7
76;2021-04-15;37372;13798;1169909;411785;19.7;7.0
76;2021-04-16;34353;13104;1204262;424889;20.3;7.2
76;2021-04-17;21348;6627;1225610;431516;20.7;7.3
76;2021-04-18;7706;2680;1233316;434196;20.8;7.3
76;2021-04-19;22034;12904;1255350;447100;21.2;7.5
76;2021-04-20;27946;16706;1283296;463806;21.7;7.8
76;2021-04-21;27001;16903;1310297;480709;22.1;8.1
76;2021-04-22;30323;17897;1340620;498606;22.6;8.4
76;2021-04-23;28646;16367;1369266;514973;23.1;8.7
76;2021-04-24;18457;10386;1387723;525359;23.4;8.9
76;2021-04-25;6910;4193;1394633;529552;23.5;8.9
76;2021-04-26;19915;18385;1414548;547937;23.9;9.2
76;2021-04-27;26703;21389;1441251;569326;24.3;9.6
76;2021-04-28;25868;20940;1467119;590266;24.8;10.0
76;2021-04-29;29707;23183;1496826;613449;25.3;10.4
76;2021-04-30;30755;20111;1527581;633560;25.8;10.7
76;2021-05-01;17415;7008;1544996;640568;26.1;10.8
76;2021-05-02;9475;4775;1554471;645343;26.2;10.9
76;2021-05-03;26499;16763;1580970;662106;26.7;11.2
76;2021-05-04;29961;25811;1610931;687917;27.2;11.6
76;2021-05-05;28059;26378;1638990;714295;27.7;12.1
76;2021-05-06;30922;30831;1669912;745126;28.2;12.6
76;2021-05-07;31530;30759;1701442;775885;28.7;13.1
76;2021-05-08;16896;10516;1718338;786401;29.0;13.3
76;2021-05-09;9676;8665;1728014;795066;29.2;13.4
76;2021-05-10;23917;28016;1751931;823082;29.6;13.9
76;2021-05-11;31500;33029;1783431;856111;30.1;14.4
76;2021-05-12;32996;29348;1816427;885459;30.7;14.9
76;2021-05-13;25807;9681;1842234;895140;31.1;15.1
76;2021-05-14;34365;21261;1876599;916401;31.7;15.5
76;2021-05-15;24390;12156;1900989;928557;32.1;15.7
76;2021-05-16;15376;3773;1916365;932330;32.3;15.7
76;2021-05-17;27721;19206;1944086;951536;32.8;16.1
76;2021-05-18;34987;19441;1979073;970977;33.4;16.4
76;2021-05-19;36645;16785;2015718;987762;34.0;16.7
76;2021-05-20;40774;18610;2056492;1006372;34.7;17.0
76;2021-05-21;37589;19918;2094081;1026290;35.3;17.3
76;2021-05-22;26900;9236;2120981;1035526;35.8;17.5
76;2021-05-23;13256;1791;2134237;1037317;36.0;17.5
76;2021-05-24;15360;4091;2149597;1041408;36.3;17.6
76;2021-05-25;31457;20722;2181054;1062130;36.8;17.9
76;2021-05-26;33230;19169;2214284;1081299;37.4;18.3
76;2021-05-27;36184;24378;2250468;1105677;38.0;18.7
76;2021-05-28;32357;28220;2282825;1133897;38.5;19.1
76;2021-05-29;19436;16724;2302261;1150621;38.9;19.4
76;2021-05-30;6129;6312;2308390;1156933;39.0;19.5
76;2021-05-31;25676;22854;2334066;1179787;39.4;19.9
76;2021-06-01;31082;29779;2365148;1209566;39.9;20.4
76;2021-06-02;30630;28007;2395778;1237573;40.4;20.9
76;2021-06-03;34049;33051;2429827;1270624;41.0;21.4
76;2021-06-04;34950;34182;2464777;1304806;41.6;22.0
76;2021-06-05;25956;19700;2490733;1324506;42.0;22.4
76;2021-06-06;14067;6448;2504800;1330954;42.3;22.5
76;2021-06-07;25692;27630;2530492;1358584;42.7;22.9
76;2021-06-08;32903;31579;2563395;1390163;43.3;23.5
76;2021-06-09;32163;28968;2595558;1419131;43.8;24.0
76;2021-06-10;31801;29376;2627359;1448507;44.3;24.4
76;2021-06-11;33397;36050;2660756;1484557;44.9;25.1
76;2021-06-12;23141;21853;2683897;1506410;45.3;25.4
76;2021-06-13;12009;7111;2695906;1513521;45.5;25.5
76;2021-06-14;21476;33556;2717382;1547077;45.9;26.1
76;2021-06-15;28429;39582;2745811;1586659;46.3;26.8
84;2020-12-27;1;0;1;0;0.0;0.0
84;2020-12-28;7;0;8;0;0.0;0.0
84;2020-12-29;5;0;13;0;0.0;0.0
84;2020-12-30;6;0;19;0;0.0;0.0
84;2020-12-31;14;0;33;0;0.0;0.0
84;2021-01-01;10;0;43;0;0.0;0.0
84;2021-01-02;2;1;45;1;0.0;0.0
84;2021-01-03;0;0;45;1;0.0;0.0
84;2021-01-04;174;0;219;1;0.0;0.0
84;2021-01-05;466;1;685;2;0.0;0.0
84;2021-01-06;1135;0;1820;2;0.0;0.0
84;2021-01-07;2844;3;4664;5;0.1;0.0
84;2021-01-08;3074;3;7738;8;0.1;0.0
84;2021-01-09;511;1;8249;9;0.1;0.0
84;2021-01-10;160;0;8409;9;0.1;0.0
84;2021-01-11;4277;8;12686;17;0.2;0.0
84;2021-01-12;6354;15;19040;32;0.2;0.0
84;2021-01-13;6837;14;25877;46;0.3;0.0
84;2021-01-14;9047;56;34924;102;0.4;0.0
84;2021-01-15;7752;28;42676;130;0.5;0.0
84;2021-01-16;2953;7;45629;137;0.6;0.0
84;2021-01-17;919;2;46548;139;0.6;0.0
84;2021-01-18;8955;34;55503;173;0.7;0.0
84;2021-01-19;15045;79;70548;252;0.9;0.0
84;2021-01-20;15486;34;86034;286;1.1;0.0
84;2021-01-21;14568;46;100602;332;1.3;0.0
84;2021-01-22;12396;42;112998;374;1.4;0.0
84;2021-01-23;4757;3;117755;377;1.5;0.0
84;2021-01-24;810;1;118565;378;1.5;0.0
84;2021-01-25;8754;144;127319;522;1.6;0.0
84;2021-01-26;11894;318;139213;840;1.7;0.0
84;2021-01-27;12046;613;151259;1453;1.9;0.0
84;2021-01-28;13796;1537;165055;2990;2.1;0.0
84;2021-01-29;10790;1309;175845;4299;2.2;0.1
84;2021-01-30;4138;147;179983;4446;2.2;0.1
84;2021-01-31;498;1;180481;4447;2.2;0.1
84;2021-02-01;6532;1886;187013;6333;2.3;0.1
84;2021-02-02;10583;3514;197596;9847;2.5;0.1
84;2021-02-03;11524;3921;209120;13768;2.6;0.2
84;2021-02-04;12546;5533;221666;19301;2.8;0.2
84;2021-02-05;8609;4694;230275;23995;2.9;0.3
84;2021-02-06;2651;957;232926;24952;2.9;0.3
84;2021-02-07;452;441;233378;25393;2.9;0.3
84;2021-02-08;6221;4968;239599;30361;3.0;0.4
84;2021-02-09;9338;8253;248937;38614;3.1;0.5
84;2021-02-10;9675;8612;258612;47226;3.2;0.6
84;2021-02-11;10681;9898;269293;57124;3.4;0.7
84;2021-02-12;9708;7931;279001;65055;3.5;0.8
84;2021-02-13;3497;2339;282498;67394;3.5;0.8
84;2021-02-14;623;456;283121;67850;3.5;0.8
84;2021-02-15;4869;8356;287990;76206;3.6;0.9
84;2021-02-16;6090;10767;294080;86973;3.7;1.1
84;2021-02-17;6042;11566;300122;98539;3.7;1.2
84;2021-02-18;7096;11761;307218;110300;3.8;1.4
84;2021-02-19;6641;9344;313859;119644;3.9;1.5
84;2021-02-20;1836;3269;315695;122913;3.9;1.5
84;2021-02-21;180;504;315875;123417;3.9;1.5
84;2021-02-22;4288;8849;320163;132266;4.0;1.6
84;2021-02-23;7275;11417;327438;143683;4.1;1.8
84;2021-02-24;7787;12020;335225;155703;4.2;1.9
84;2021-02-25;12722;13772;347947;169475;4.3;2.1
84;2021-02-26;14870;10345;362817;179820;4.5;2.2
84;2021-02-27;5558;2916;368375;182736;4.6;2.3
84;2021-02-28;500;514;368875;183250;4.6;2.3
84;2021-03-01;9285;6412;378160;189662;4.7;2.4
84;2021-03-02;14957;8800;393117;198462;4.9;2.5
84;2021-03-03;14790;8648;407907;207110;5.1;2.6
84;2021-03-04;20981;8420;428888;215530;5.3;2.7
84;2021-03-05;25763;7657;454651;223187;5.7;2.8
84;2021-03-06;19489;2363;474140;225550;5.9;2.8
84;2021-03-07;8413;450;482553;226000;6.0;2.8
84;2021-03-08;12197;6788;494750;232788;6.2;2.9
84;2021-03-09;20664;7674;515414;240462;6.4;3.0
84;2021-03-10;20217;7502;535631;247964;6.7;3.1
84;2021-03-11;29434;8104;565065;256068;7.0;3.2
84;2021-03-12;36151;7636;601216;263704;7.5;3.3
84;2021-03-13;21416;1850;622632;265554;7.8;3.3
84;2021-03-14;4681;466;627313;266020;7.8;3.3
84;2021-03-15;18839;4770;646152;270790;8.0;3.4
84;2021-03-16;17048;6087;663200;276877;8.3;3.4
84;2021-03-17;17564;6458;680764;283335;8.5;3.5
84;2021-03-18;21485;6926;702249;290261;8.7;3.6
84;2021-03-19;28957;5482;731206;295743;9.1;3.7
84;2021-03-20;14535;1391;745741;297134;9.3;3.7
84;2021-03-21;3236;269;748977;297403;9.3;3.7
84;2021-03-22;19729;5126;768706;302529;9.6;3.8
84;2021-03-23;30765;5936;799471;308465;10.0;3.8
84;2021-03-24;29928;5844;829399;314309;10.3;3.9
84;2021-03-25;41505;6447;870904;320756;10.8;4.0
84;2021-03-26;42907;6726;913811;327482;11.4;4.1
84;2021-03-27;18178;2905;931989;330387;11.6;4.1
84;2021-03-28;6501;587;938490;330974;11.7;4.1
84;2021-03-29;22926;7902;961416;338876;12.0;4.2
84;2021-03-30;34902;10146;996318;349022;12.4;4.3
84;2021-03-31;29555;10982;1025873;360004;12.8;4.5
84;2021-04-01;37207;11376;1063080;371380;13.2;4.6
84;2021-04-02;34839;11320;1097919;382700;13.7;4.8
84;2021-04-03;14779;6218;1112698;388918;13.9;4.8
84;2021-04-04;9928;1996;1122626;390914;14.0;4.9
84;2021-04-05;13520;1663;1136146;392577;14.1;4.9
84;2021-04-06;26258;13190;1162404;405767;14.5;5.1
84;2021-04-07;29467;14658;1191871;420425;14.8;5.2
84;2021-04-08;39613;15427;1231484;435852;15.3;5.4
84;2021-04-09;49336;15037;1280820;450889;15.9;5.6
84;2021-04-10;20435;8118;1301255;459007;16.2;5.7
84;2021-04-11;7210;2696;1308465;461703;16.3;5.7
84;2021-04-12;27270;15567;1335735;477270;16.6;5.9
84;2021-04-13;36062;19352;1371797;496622;17.1;6.2
84;2021-04-14;34562;18244;1406359;514866;17.5;6.4
84;2021-04-15;40038;19671;1446397;534537;18.0;6.7
84;2021-04-16;38136;20055;1484533;554592;18.5;6.9
84;2021-04-17;20451;9019;1504984;563611;18.7;7.0
84;2021-04-18;6836;2706;1511820;566317;18.8;7.1
84;2021-04-19;26188;18572;1538008;584889;19.1;7.3
84;2021-04-20;31170;22483;1569178;607372;19.5;7.6
84;2021-04-21;28019;21461;1597197;628833;19.9;7.8
84;2021-04-22;32212;22611;1629409;651444;20.3;8.1
84;2021-04-23;32666;23067;1662075;674511;20.7;8.4
84;2021-04-24;17844;11895;1679919;686406;20.9;8.5
84;2021-04-25;7132;4279;1687051;690685;21.0;8.6
84;2021-04-26;23689;20038;1710740;710723;21.3;8.8
84;2021-04-27;31739;25260;1742479;735983;21.7;9.2
84;2021-04-28;32457;24831;1774936;760814;22.1;9.5
84;2021-04-29;39616;26546;1814552;787360;22.6;9.8
84;2021-04-30;38123;27845;1852675;815205;23.1;10.1
84;2021-05-01;17152;5366;1869827;820571;23.3;10.2
84;2021-05-02;7964;8581;1877791;829152;23.4;10.3
84;2021-05-03;30274;27494;1908065;856646;23.8;10.7
84;2021-05-04;37100;33734;1945165;890380;24.2;11.1
84;2021-05-05;40122;30158;1985287;920538;24.7;11.5
84;2021-05-06;46489;32612;2031776;953150;25.3;11.9
84;2021-05-07;46820;36797;2078596;989947;25.9;12.3
84;2021-05-08;19890;7599;2098486;997546;26.1;12.4
84;2021-05-09;15817;8893;2114303;1006439;26.3;12.5
84;2021-05-10;35729;31960;2150032;1038399;26.8;12.9
84;2021-05-11;52440;36205;2202472;1074604;27.4;13.4
84;2021-05-12;56194;31812;2258666;1106416;28.1;13.8
84;2021-05-13;47129;10475;2305795;1116891;28.7;13.9
84;2021-05-14;57107;24940;2362902;1141831;29.4;14.2
84;2021-05-15;43849;13574;2406751;1155405;30.0;14.4
84;2021-05-16;30294;5096;2437045;1160501;30.3;14.4
84;2021-05-17;48077;24890;2485122;1185391;30.9;14.8
84;2021-05-18;58725;27315;2543847;1212706;31.7;15.1
84;2021-05-19;58134;23503;2601981;1236209;32.4;15.4
84;2021-05-20;61268;27001;2663249;1263210;33.2;15.7
84;2021-05-21;60700;29357;2723949;1292567;33.9;16.1
84;2021-05-22;40322;12879;2764271;1305446;34.4;16.3
84;2021-05-23;21313;3960;2785584;1309406;34.7;16.3
84;2021-05-24;39485;8506;2825069;1317912;35.2;16.4
84;2021-05-25;50149;31636;2875218;1349548;35.8;16.8
84;2021-05-26;49591;28894;2924809;1378442;36.4;17.2
84;2021-05-27;55564;31804;2980373;1410246;37.1;17.6
84;2021-05-28;54647;40469;3035020;1450715;37.8;18.1
84;2021-05-29;37550;22367;3072570;1473082;38.3;18.3
84;2021-05-30;16109;7253;3088679;1480335;38.5;18.4
84;2021-05-31;44238;29389;3132917;1509724;39.0;18.8
84;2021-06-01;48201;36601;3181118;1546325;39.6;19.3
84;2021-06-02;47639;31163;3228757;1577488;40.2;19.6
84;2021-06-03;55944;36530;3284701;1614018;40.9;20.1
84;2021-06-04;54523;42327;3339224;1656345;41.6;20.6
84;2021-06-05;38021;21650;3377245;1677995;42.0;20.9
84;2021-06-06;15883;6268;3393128;1684263;42.2;21.0
84;2021-06-07;41287;35107;3434415;1719370;42.8;21.4
84;2021-06-08;45606;37948;3480021;1757318;43.3;21.9
84;2021-06-09;40531;33757;3520552;1791075;43.8;22.3
84;2021-06-10;40964;33769;3561516;1824844;44.3;22.7
84;2021-06-11;43186;46213;3604702;1871057;44.9;23.3
84;2021-06-12;28078;22848;3632780;1893905;45.2;23.6
84;2021-06-13;8595;7080;3641375;1900985;45.3;23.7
84;2021-06-14;25393;44441;3666768;1945426;45.6;24.2
84;2021-06-15;31250;49142;3698018;1994568;46.0;24.8
93;2020-12-27;0;0;0;0;0.0;0.0
93;2020-12-28;2;0;2;0;0.0;0.0
93;2020-12-29;1;0;3;0;0.0;0.0
93;2020-12-30;3;0;6;0;0.0;0.0
93;2020-12-31;19;0;25;0;0.0;0.0
93;2021-01-01;13;0;38;0;0.0;0.0
93;2021-01-02;2;0;40;0;0.0;0.0
93;2021-01-03;2;0;42;0;0.0;0.0
93;2021-01-04;133;1;175;1;0.0;0.0
93;2021-01-05;250;1;425;2;0.0;0.0
93;2021-01-06;409;0;834;2;0.0;0.0
93;2021-01-07;1245;2;2079;4;0.0;0.0
93;2021-01-08;1562;2;3641;6;0.1;0.0
93;2021-01-09;540;1;4181;7;0.1;0.0
93;2021-01-10;73;0;4254;7;0.1;0.0
93;2021-01-11;2407;1;6661;8;0.1;0.0
93;2021-01-12;5085;6;11746;14;0.2;0.0
93;2021-01-13;4442;14;16188;28;0.3;0.0
93;2021-01-14;5538;49;21726;77;0.4;0.0
93;2021-01-15;4919;14;26645;91;0.5;0.0
93;2021-01-16;1675;3;28320;94;0.6;0.0
93;2021-01-17;299;1;28619;95;0.6;0.0
93;2021-01-18;7153;29;35772;124;0.7;0.0
93;2021-01-19;13519;32;49291;156;1.0;0.0
93;2021-01-20;12239;33;61530;189;1.2;0.0
93;2021-01-21;12299;45;73829;234;1.5;0.0
93;2021-01-22;10164;25;83993;259;1.7;0.0
93;2021-01-23;3325;6;87318;265;1.7;0.0
93;2021-01-24;537;4;87855;269;1.7;0.0
93;2021-01-25;7240;37;95095;306;1.9;0.0
93;2021-01-26;10066;135;105161;441;2.1;0.0
93;2021-01-27;9679;288;114840;729;2.3;0.0
93;2021-01-28;13660;827;128500;1556;2.5;0.0
93;2021-01-29;9841;976;138341;2532;2.7;0.1
93;2021-01-30;2239;159;140580;2691;2.8;0.1
93;2021-01-31;303;5;140883;2696;2.8;0.1
93;2021-02-01;5159;1517;146042;4213;2.9;0.1
93;2021-02-02;6641;2379;152683;6592;3.0;0.1
93;2021-02-03;5021;1819;157704;8411;3.1;0.2
93;2021-02-04;5532;3159;163236;11570;3.2;0.2
93;2021-02-05;6106;4125;169342;15695;3.3;0.3
93;2021-02-06;1245;970;170587;16665;3.4;0.3
93;2021-02-07;280;81;170867;16746;3.4;0.3
93;2021-02-08;4300;3745;175167;20491;3.5;0.4
93;2021-02-09;5886;7102;181053;27593;3.6;0.5
93;2021-02-10;5949;5883;187002;33476;3.7;0.7
93;2021-02-11;6595;6717;193597;40193;3.8;0.8
93;2021-02-12;5716;6479;199313;46672;3.9;0.9
93;2021-02-13;1127;1447;200440;48119;4.0;1.0
93;2021-02-14;73;384;200513;48503;4.0;1.0
93;2021-02-15;2412;5636;202925;54139;4.0;1.1
93;2021-02-16;3190;7700;206115;61839;4.1;1.2
93;2021-02-17;3604;8524;209719;70363;4.1;1.4
93;2021-02-18;5999;11416;215718;81779;4.3;1.6
93;2021-02-19;5632;8671;221350;90450;4.4;1.8
93;2021-02-20;877;1800;222227;92250;4.4;1.8
93;2021-02-21;68;417;222295;92667;4.4;1.8
93;2021-02-22;3027;6994;225322;99661;4.5;2.0
93;2021-02-23;3958;7241;229280;106902;4.5;2.1
93;2021-02-24;4747;6796;234027;113698;4.6;2.2
93;2021-02-25;8237;6658;242264;120356;4.8;2.4
93;2021-02-26;8268;6166;250532;126522;5.0;2.5
93;2021-02-27;3284;1484;253816;128006;5.0;2.5
93;2021-02-28;303;238;254119;128244;5.0;2.5
93;2021-03-01;5640;4480;259759;132724;5.1;2.6
93;2021-03-02;7210;5927;266969;138651;5.3;2.7
93;2021-03-03;8975;6545;275944;145196;5.5;2.9
93;2021-03-04;12048;6440;287992;151636;5.7;3.0
93;2021-03-05;12182;6084;300174;157720;5.9;3.1
93;2021-03-06;22601;1270;322775;158990;6.4;3.1
93;2021-03-07;17959;578;340734;159568;6.7;3.2
93;2021-03-08;10233;5248;350967;164816;6.9;3.3
93;2021-03-09;13944;5548;364911;170364;7.2;3.4
93;2021-03-10;14476;5258;379387;175622;7.5;3.5
93;2021-03-11;20365;6125;399752;181747;7.9;3.6
93;2021-03-12;21894;5273;421646;187020;8.3;3.7
93;2021-03-13;24568;1203;446214;188223;8.8;3.7
93;2021-03-14;6465;255;452679;188478;9.0;3.7
93;2021-03-15;15926;3097;468605;191575;9.3;3.8
93;2021-03-16;12710;3630;481315;195205;9.5;3.9
93;2021-03-17;15980;4622;497295;199827;9.8;4.0
93;2021-03-18;17024;4882;514319;204709;10.2;4.0
93;2021-03-19;21007;4671;535326;209380;10.6;4.1
93;2021-03-20;10987;1311;546313;210691;10.8;4.2
93;2021-03-21;3254;128;549567;210819;10.9;4.2
93;2021-03-22;17077;3544;566644;214363;11.2;4.2
93;2021-03-23;22637;3854;589281;218217;11.7;4.3
93;2021-03-24;21944;6608;611225;224825;12.1;4.4
93;2021-03-25;28957;6489;640182;231314;12.7;4.6
93;2021-03-26;29851;4990;670033;236304;13.3;4.7
93;2021-03-27;12427;1622;682460;237926;13.5;4.7
93;2021-03-28;3563;99;686023;238025;13.6;4.7
93;2021-03-29;18474;5311;704497;243336;13.9;4.8
93;2021-03-30;28443;6646;732940;249982;14.5;4.9
93;2021-03-31;28747;6594;761687;256576;15.1;5.1
93;2021-04-01;30676;7444;792363;264020;15.7;5.2
93;2021-04-02;26885;8437;819248;272457;16.2;5.4
93;2021-04-03;9739;4969;828987;277426;16.4;5.5
93;2021-04-04;2113;1250;831100;278676;16.4;5.5
93;2021-04-05;6052;1550;837152;280226;16.6;5.5
93;2021-04-06;23384;9994;860536;290220;17.0;5.7
93;2021-04-07;26044;11647;886580;301867;17.5;6.0
93;2021-04-08;28789;14934;915369;316801;18.1;6.3
93;2021-04-09;33520;14561;948889;331362;18.8;6.6
93;2021-04-10;14801;8157;963690;339519;19.1;6.7
93;2021-04-11;3625;2957;967315;342476;19.1;6.8
93;2021-04-12;20565;12179;987880;354655;19.5;7.0
93;2021-04-13;25463;15189;1013343;369844;20.0;7.3
93;2021-04-14;25156;15209;1038499;385053;20.5;7.6
93;2021-04-15;26952;15605;1065451;400658;21.1;7.9
93;2021-04-16;27850;16417;1093301;417075;21.6;8.2
93;2021-04-17;12805;7712;1106106;424787;21.9;8.4
93;2021-04-18;5246;2957;1111352;427744;22.0;8.5
93;2021-04-19;19064;15928;1130416;443672;22.4;8.8
93;2021-04-20;21298;18722;1151714;462394;22.8;9.1
93;2021-04-21;23815;18260;1175529;480654;23.3;9.5
93;2021-04-22;25800;19195;1201329;499849;23.8;9.9
93;2021-04-23;25233;18115;1226562;517964;24.3;10.2
93;2021-04-24;11522;8690;1238084;526654;24.5;10.4
93;2021-04-25;3202;2137;1241286;528791;24.6;10.5
93;2021-04-26;16397;15840;1257683;544631;24.9;10.8
93;2021-04-27;19396;20146;1277079;564777;25.3;11.2
93;2021-04-28;21284;20078;1298363;584855;25.7;11.6
93;2021-04-29;27803;21727;1326166;606582;26.2;12.0
93;2021-04-30;27193;20566;1353359;627148;26.8;12.4
93;2021-05-01;11542;5266;1364901;632414;27.0;12.5
93;2021-05-02;4056;1884;1368957;634298;27.1;12.5
93;2021-05-03;20344;18155;1389301;652453;27.5;12.9
93;2021-05-04;20706;22705;1410007;675158;27.9;13.4
93;2021-05-05;19294;21483;1429301;696641;28.3;13.8
93;2021-05-06;24626;21600;1453927;718241;28.8;14.2
93;2021-05-07;22285;24971;1476212;743212;29.2;14.7
93;2021-05-08;13003;6836;1489215;750048;29.5;14.8
93;2021-05-09;3453;2308;1492668;752356;29.5;14.9
93;2021-05-10;18428;22573;1511096;774929;29.9;15.3
93;2021-05-11;25189;25592;1536285;800521;30.4;15.8
93;2021-05-12;31640;22450;1567925;822971;31.0;16.3
93;2021-05-13;27584;7820;1595509;830791;31.6;16.4
93;2021-05-14;34931;16320;1630440;847111;32.2;16.8
93;2021-05-15;29184;10210;1659624;857321;32.8;17.0
93;2021-05-16;12689;2499;1672313;859820;33.1;17.0
93;2021-05-17;25073;17271;1697386;877091;33.6;17.3
93;2021-05-18;29257;16606;1726643;893697;34.2;17.7
93;2021-05-19;29241;15114;1755884;908811;34.7;18.0
93;2021-05-20;32482;16643;1788366;925454;35.4;18.3
93;2021-05-21;33534;17808;1821900;943262;36.0;18.7
93;2021-05-22;18503;7655;1840403;950917;36.4;18.8
93;2021-05-23;5892;2008;1846295;952925;36.5;18.8
93;2021-05-24;17421;4972;1863716;957897;36.9;18.9
93;2021-05-25;23426;20414;1887142;978311;37.3;19.4
93;2021-05-26;24421;21868;1911563;1000179;37.8;19.8
93;2021-05-27;26255;23271;1937818;1023450;38.3;20.2
93;2021-05-28;22715;26593;1960533;1050043;38.8;20.8
93;2021-05-29;13119;14347;1973652;1064390;39.0;21.1
93;2021-05-30;2580;3179;1976232;1067569;39.1;21.1
93;2021-05-31;20684;21241;1996916;1088810;39.5;21.5
93;2021-06-01;24017;26074;2020933;1114884;40.0;22.1
93;2021-06-02;22114;26055;2043047;1140939;40.4;22.6
93;2021-06-03;27466;27225;2070513;1168164;41.0;23.1
93;2021-06-04;27878;28284;2098391;1196448;41.5;23.7
93;2021-06-05;16245;14195;2114636;1210643;41.8;23.9
93;2021-06-06;4855;2787;2119491;1213430;41.9;24.0
93;2021-06-07;16325;24192;2135816;1237622;42.2;24.5
93;2021-06-08;20165;23997;2155981;1261619;42.6;25.0
93;2021-06-09;19755;25562;2175736;1287181;43.0;25.5
93;2021-06-10;20600;24484;2196336;1311665;43.4;25.9
93;2021-06-11;18768;30591;2215104;1342256;43.8;26.5
93;2021-06-12;12256;15185;2227360;1357441;44.1;26.8
93;2021-06-13;2537;3309;2229897;1360750;44.1;26.9
93;2021-06-14;12936;29294;2242833;1390044;44.4;27.5
93;2021-06-15;15869;30811;2258702;1420855;44.7;28.1
94;2020-12-27;0;0;0;0;0.0;0.0
94;2020-12-28;0;0;0;0;0.0;0.0
94;2020-12-29;0;0;0;0;0.0;0.0
94;2020-12-30;0;0;0;0;0.0;0.0
94;2020-12-31;0;0;0;0;0.0;0.0
94;2021-01-01;0;0;0;0;0.0;0.0
94;2021-01-02;0;0;0;0;0.0;0.0
94;2021-01-03;0;0;0;0;0.0;0.0
94;2021-01-04;2;0;2;0;0.0;0.0
94;2021-01-05;0;0;2;0;0.0;0.0
94;2021-01-06;53;0;55;0;0.0;0.0
94;2021-01-07;333;1;388;1;0.1;0.0
94;2021-01-08;310;0;698;1;0.2;0.0
94;2021-01-09;78;0;776;1;0.2;0.0
94;2021-01-10;34;0;810;1;0.2;0.0
94;2021-01-11;152;2;962;3;0.3;0.0
94;2021-01-12;209;1;1171;4;0.3;0.0
94;2021-01-13;203;0;1374;4;0.4;0.0
94;2021-01-14;264;1;1638;5;0.5;0.0
94;2021-01-15;403;0;2041;5;0.6;0.0
94;2021-01-16;200;1;2241;6;0.7;0.0
94;2021-01-17;89;1;2330;7;0.7;0.0
94;2021-01-18;471;2;2801;9;0.8;0.0
94;2021-01-19;982;0;3783;9;1.1;0.0
94;2021-01-20;808;0;4591;9;1.3;0.0
94;2021-01-21;807;1;5398;10;1.6;0.0
94;2021-01-22;722;0;6120;10;1.8;0.0
94;2021-01-23;243;0;6363;10;1.8;0.0
94;2021-01-24;147;0;6510;10;1.9;0.0
94;2021-01-25;422;2;6932;12;2.0;0.0
94;2021-01-26;789;7;7721;19;2.2;0.0
94;2021-01-27;664;55;8385;74;2.4;0.0
94;2021-01-28;699;230;9084;304;2.6;0.1
94;2021-01-29;620;229;9704;533;2.8;0.2
94;2021-01-30;204;74;9908;607;2.9;0.2
94;2021-01-31;150;12;10058;619;2.9;0.2
94;2021-02-01;459;147;10517;766;3.1;0.2
94;2021-02-02;643;196;11160;962;3.2;0.3
94;2021-02-03;783;166;11943;1128;3.5;0.3
94;2021-02-04;714;298;12657;1426;3.7;0.4
94;2021-02-05;647;201;13304;1627;3.9;0.5
94;2021-02-06;207;75;13511;1702;3.9;0.5
94;2021-02-07;126;58;13637;1760;4.0;0.5
94;2021-02-08;322;366;13959;2126;4.0;0.6
94;2021-02-09;713;616;14672;2742;4.3;0.8
94;2021-02-10;643;430;15315;3172;4.4;0.9
94;2021-02-11;678;497;15993;3669;4.6;1.1
94;2021-02-12;635;428;16628;4097;4.8;1.2
94;2021-02-13;301;72;16929;4169;4.9;1.2
94;2021-02-14;195;78;17124;4247;5.0;1.2
94;2021-02-15;377;310;17501;4557;5.1;1.3
94;2021-02-16;634;604;18135;5161;5.3;1.5
94;2021-02-17;592;482;18727;5643;5.4;1.6
94;2021-02-18;550;545;19277;6188;5.6;1.8
94;2021-02-19;309;611;19586;6799;5.7;2.0
94;2021-02-20;275;199;19861;6998;5.8;2.0
94;2021-02-21;84;84;19945;7082;5.8;2.1
94;2021-02-22;211;406;20156;7488;5.8;2.2
94;2021-02-23;352;648;20508;8136;5.9;2.4
94;2021-02-24;298;609;20806;8745;6.0;2.5
94;2021-02-25;348;608;21154;9353;6.1;2.7
94;2021-02-26;420;555;21574;9908;6.3;2.9
94;2021-02-27;368;152;21942;10060;6.4;2.9
94;2021-02-28;70;123;22012;10183;6.4;3.0
94;2021-03-01;360;413;22372;10596;6.5;3.1
94;2021-03-02;549;654;22921;11250;6.6;3.3
94;2021-03-03;530;692;23451;11942;6.8;3.5
94;2021-03-04;950;635;24401;12577;7.1;3.6
94;2021-03-05;1584;672;25985;13249;7.5;3.8
94;2021-03-06;1843;164;27828;13413;8.1;3.9
94;2021-03-07;1379;100;29207;13513;8.5;3.9
94;2021-03-08;1228;323;30435;13836;8.8;4.0
94;2021-03-09;1312;654;31747;14490;9.2;4.2
94;2021-03-10;1259;577;33006;15067;9.6;4.4
94;2021-03-11;1307;634;34313;15701;10.0;4.6
94;2021-03-12;1515;540;35828;16241;10.4;4.7
94;2021-03-13;1116;303;36944;16544;10.7;4.8
94;2021-03-14;537;184;37481;16728;10.9;4.9
94;2021-03-15;886;399;38367;17127;11.1;5.0
94;2021-03-16;1064;639;39431;17766;11.4;5.2
94;2021-03-17;1225;529;40656;18295;11.8;5.3
94;2021-03-18;993;529;41649;18824;12.1;5.5
94;2021-03-19;1284;339;42933;19163;12.5;5.6
94;2021-03-20;1730;288;44663;19451;13.0;5.6
94;2021-03-21;1126;82;45789;19533;13.3;5.7
94;2021-03-22;888;187;46677;19720;13.5;5.7
94;2021-03-23;1302;319;47979;20039;13.9;5.8
94;2021-03-24;1681;303;49660;20342;14.4;5.9
94;2021-03-25;1750;292;51410;20634;14.9;6.0
94;2021-03-26;2020;343;53430;20977;15.5;6.1
94;2021-03-27;2270;226;55700;21203;16.2;6.2
94;2021-03-28;1070;216;56770;21419;16.5;6.2
94;2021-03-29;1021;312;57791;21731;16.8;6.3
94;2021-03-30;1350;556;59141;22287;17.2;6.5
94;2021-03-31;1425;485;60566;22772;17.6;6.6
94;2021-04-01;1633;678;62199;23450;18.0;6.8
94;2021-04-02;1858;1189;64057;24639;18.6;7.1
94;2021-04-03;1891;1126;65948;25765;19.1;7.5
94;2021-04-04;770;842;66718;26607;19.4;7.7
94;2021-04-05;628;806;67346;27413;19.5;8.0
94;2021-04-06;1577;911;68923;28324;20.0;8.2
94;2021-04-07;2004;848;70927;29172;20.6;8.5
94;2021-04-08;2173;755;73100;29927;21.2;8.7
94;2021-04-09;2097;947;75197;30874;21.8;9.0
94;2021-04-10;2401;623;77598;31497;22.5;9.1
94;2021-04-11;1173;312;78771;31809;22.9;9.2
94;2021-04-12;1517;894;80288;32703;23.3;9.5
94;2021-04-13;1384;1007;81672;33710;23.7;9.8
94;2021-04-14;2084;1073;83756;34783;24.3;10.1
94;2021-04-15;1909;1024;85665;35807;24.9;10.4
94;2021-04-16;1775;1036;87440;36843;25.4;10.7
94;2021-04-17;1748;1370;89188;38213;25.9;11.1
94;2021-04-18;1232;1275;90420;39488;26.2;11.5
94;2021-04-19;1089;772;91509;40260;26.5;11.7
94;2021-04-20;1249;1189;92758;41449;26.9;12.0
94;2021-04-21;1780;1331;94538;42780;27.4;12.4
94;2021-04-22;1821;1372;96359;44152;28.0;12.8
94;2021-04-23;1644;1401;98003;45553;28.4;13.2
94;2021-04-24;2031;1743;100034;47296;29.0;13.7
94;2021-04-25;1260;775;101294;48071;29.4;13.9
94;2021-04-26;1015;1144;102309;49215;29.7;14.3
94;2021-04-27;1307;1216;103616;50431;30.1;14.6
94;2021-04-28;2588;1265;106204;51696;30.8;15.0
94;2021-04-29;1968;1218;108172;52914;31.4;15.4
94;2021-04-30;2261;1877;110433;54791;32.0;15.9
94;2021-05-01;1423;1686;111856;56477;32.5;16.4
94;2021-05-02;1007;945;112863;57422;32.7;16.7
94;2021-05-03;1595;1066;114458;58488;33.2;17.0
94;2021-05-04;1554;1684;116012;60172;33.7;17.5
94;2021-05-05;1796;2354;117808;62526;34.2;18.1
94;2021-05-06;2178;1805;119986;64331;34.8;18.7
94;2021-05-07;2189;1813;122175;66144;35.4;19.2
94;2021-05-08;847;1349;123022;67493;35.7;19.6
94;2021-05-09;1157;1317;124179;68810;36.0;20.0
94;2021-05-10;1342;1532;125521;70342;36.4;20.4
94;2021-05-11;1560;1572;127081;71914;36.9;20.9
94;2021-05-12;1725;1366;128806;73280;37.4;21.3
94;2021-05-13;1902;497;130708;73777;37.9;21.4
94;2021-05-14;1503;1249;132211;75026;38.4;21.8
94;2021-05-15;1447;992;133658;76018;38.8;22.1
94;2021-05-16;1000;664;134658;76682;39.1;22.2
94;2021-05-17;1567;964;136225;77646;39.5;22.5
94;2021-05-18;1535;852;137760;78498;40.0;22.8
94;2021-05-19;1525;892;139285;79390;40.4;23.0
94;2021-05-20;1325;885;140610;80275;40.8;23.3
94;2021-05-21;1198;977;141808;81252;41.1;23.6
94;2021-05-22;996;694;142804;81946;41.4;23.8
94;2021-05-23;680;327;143484;82273;41.6;23.9
94;2021-05-24;161;146;143645;82419;41.7;23.9
94;2021-05-25;942;856;144587;83275;41.9;24.2
94;2021-05-26;937;1953;145524;85228;42.2;24.7
94;2021-05-27;819;2236;146343;87464;42.5;25.4
94;2021-05-28;813;1819;147156;89283;42.7;25.9
94;2021-05-29;637;1252;147793;90535;42.9;26.3
94;2021-05-30;222;548;148015;91083;42.9;26.4
94;2021-05-31;547;1241;148562;92324;43.1;26.8
94;2021-06-01;729;1765;149291;94089;43.3;27.3
94;2021-06-02;610;1925;149901;96014;43.5;27.9
94;2021-06-03;773;1642;150674;97656;43.7;28.3
94;2021-06-04;601;2343;151275;99999;43.9;29.0
94;2021-06-05;552;1932;151827;101931;44.0;29.6
94;2021-06-06;213;1040;152040;102971;44.1;29.9
94;2021-06-07;437;1607;152477;104578;44.2;30.3
94;2021-06-08;741;1869;153218;106447;44.5;30.9
94;2021-06-09;799;2487;154017;108934;44.7;31.6
94;2021-06-10;668;1791;154685;110725;44.9;32.1
94;2021-06-11;689;2293;155374;113018;45.1;32.8
94;2021-06-12;346;1200;155720;114218;45.2;33.1
94;2021-06-13;202;854;155922;115072;45.2;33.4
94;2021-06-14;419;2036;156341;117108;45.4;34.0
94;2021-06-15;526;1719;156867;118827;45.5;34.5
