fra;clage_vacsi;jour;n_dose1;n_complet;n_cum_dose1;n_cum_complet;couv_dose1;couv_complet
FR;24;2020-12-27;1;0;1;0;0.0;0.0
FR;24;2020-12-28;2;0;3;0;0.0;0.0
FR;24;2020-12-29;0;0;3;0;0.0;0.0
FR;24;2020-12-30;0;0;3;0;0.0;0.0
FR;24;2020-12-31;0;0;3;0;0.0;0.0
FR;24;2021-01-01;1;0;4;0;0.0;0.0
FR;24;2021-01-02;0;0;4;0;0.0;0.0
FR;24;2021-01-03;2;0;6;0;0.0;0.0
FR;24;2021-01-04;4;0;10;0;0.0;0.0
FR;24;2021-01-05;17;0;27;0;0.0;0.0
FR;24;2021-01-06;36;0;63;0;0.0;0.0
FR;24;2021-01-07;180;0;243;0;0.0;0.0
FR;24;2021-01-08;216;0;459;0;0.0;0.0
FR;24;2021-01-09;40;0;499;0;0.0;0.0
FR;24;2021-01-10;35;0;534;0;0.0;0.0
FR;24;2021-01-11;251;2;785;2;0.0;0.0
FR;24;2021-01-12;396;3;1181;5;0.0;0.0
FR;24;2021-01-13;477;3;1658;8;0.0;0.0
FR;24;2021-01-14;610;5;2268;13;0.0;0.0
FR;24;2021-01-15;589;1;2857;14;0.1;0.0
FR;24;2021-01-16;117;3;2974;17;0.1;0.0
FR;24;2021-01-17;94;0;3068;17;0.1;0.0
FR;24;2021-01-18;508;3;3576;20;0.1;0.0
FR;24;2021-01-19;595;3;4171;23;0.1;0.0
FR;24;2021-01-20;649;0;4820;23;0.1;0.0
FR;24;2021-01-21;755;4;5575;27;0.1;0.0
FR;24;2021-01-22;599;3;6174;30;0.1;0.0
FR;24;2021-01-23;116;0;6290;30;0.1;0.0
FR;24;2021-01-24;22;0;6312;30;0.1;0.0
FR;24;2021-01-25;294;3;6606;33;0.1;0.0
FR;24;2021-01-26;366;12;6972;45;0.1;0.0
FR;24;2021-01-27;440;14;7412;59;0.1;0.0
FR;24;2021-01-28;595;50;8007;109;0.1;0.0
FR;24;2021-01-29;467;82;8474;191;0.2;0.0
FR;24;2021-01-30;87;16;8561;207;0.2;0.0
FR;24;2021-01-31;25;13;8586;220;0.2;0.0
FR;24;2021-02-01;156;134;8742;354;0.2;0.0
FR;24;2021-02-02;215;182;8957;536;0.2;0.0
FR;24;2021-02-03;216;185;9173;721;0.2;0.0
FR;24;2021-02-04;358;315;9531;1036;0.2;0.0
FR;24;2021-02-05;345;343;9876;1379;0.2;0.0
FR;24;2021-02-06;83;71;9959;1450;0.2;0.0
FR;24;2021-02-07;169;30;10128;1480;0.2;0.0
FR;24;2021-02-08;388;358;10516;1838;0.2;0.0
FR;24;2021-02-09;744;457;11260;2295;0.2;0.0
FR;24;2021-02-10;1087;594;12347;2889;0.2;0.1
FR;24;2021-02-11;1573;700;13920;3589;0.3;0.1
FR;24;2021-02-12;1622;561;15542;4150;0.3;0.1
FR;24;2021-02-13;292;91;15834;4241;0.3;0.1
FR;24;2021-02-14;62;30;15896;4271;0.3;0.1
FR;24;2021-02-15;1034;374;16930;4645;0.3;0.1
FR;24;2021-02-16;1562;572;18492;5217;0.3;0.1
FR;24;2021-02-17;1491;490;19983;5707;0.4;0.1
FR;24;2021-02-18;1944;625;21927;6332;0.4;0.1
FR;24;2021-02-19;1854;549;23781;6881;0.4;0.1
FR;24;2021-02-20;333;87;24114;6968;0.4;0.1
FR;24;2021-02-21;40;18;24154;6986;0.4;0.1
FR;24;2021-02-22;1166;279;25320;7265;0.5;0.1
FR;24;2021-02-23;1586;381;26906;7646;0.5;0.1
FR;24;2021-02-24;1647;325;28553;7971;0.5;0.1
FR;24;2021-02-25;2268;459;30821;8430;0.6;0.2
FR;24;2021-02-26;2192;378;33013;8808;0.6;0.2
FR;24;2021-02-27;531;82;33544;8890;0.6;0.2
FR;24;2021-02-28;93;15;33637;8905;0.6;0.2
FR;24;2021-03-01;1256;226;34893;9131;0.6;0.2
FR;24;2021-03-02;1654;290;36547;9421;0.7;0.2
FR;24;2021-03-03;1743;338;38290;9759;0.7;0.2
FR;24;2021-03-04;2106;484;40396;10243;0.7;0.2
FR;24;2021-03-05;3278;464;43674;10707;0.8;0.2
FR;24;2021-03-06;1701;126;45375;10833;0.8;0.2
FR;24;2021-03-07;979;60;46354;10893;0.9;0.2
FR;24;2021-03-08;1952;232;48306;11125;0.9;0.2
FR;24;2021-03-09;2599;284;50905;11409;0.9;0.2
FR;24;2021-03-10;2427;335;53332;11744;1.0;0.2
FR;24;2021-03-11;2913;477;56245;12221;1.0;0.2
FR;24;2021-03-12;3809;415;60054;12636;1.1;0.2
FR;24;2021-03-13;1476;88;61530;12724;1.1;0.2
FR;24;2021-03-14;532;34;62062;12758;1.1;0.2
FR;24;2021-03-15;1829;236;63891;12994;1.2;0.2
FR;24;2021-03-16;822;309;64713;13303;1.2;0.2
FR;24;2021-03-17;1068;317;65781;13620;1.2;0.3
FR;24;2021-03-18;1299;434;67080;14054;1.2;0.3
FR;24;2021-03-19;1863;355;68943;14409;1.3;0.3
FR;24;2021-03-20;831;87;69774;14496;1.3;0.3
FR;24;2021-03-21;633;52;70407;14548;1.3;0.3
FR;24;2021-03-22;1501;284;71908;14832;1.3;0.3
FR;24;2021-03-23;1793;395;73701;15227;1.4;0.3
FR;24;2021-03-24;2154;351;75855;15578;1.4;0.3
FR;24;2021-03-25;2556;491;78411;16069;1.4;0.3
FR;24;2021-03-26;3157;476;81568;16545;1.5;0.3
FR;24;2021-03-27;1895;194;83463;16739;1.5;0.3
FR;24;2021-03-28;1009;72;84472;16811;1.6;0.3
FR;24;2021-03-29;2433;362;86905;17173;1.6;0.3
FR;24;2021-03-30;3606;513;90511;17686;1.7;0.3
FR;24;2021-03-31;4129;514;94640;18200;1.7;0.3
FR;24;2021-04-01;5393;736;100033;18936;1.8;0.3
FR;24;2021-04-02;4446;617;104479;19553;1.9;0.4
FR;24;2021-04-03;1743;334;106222;19887;2.0;0.4
FR;24;2021-04-04;954;123;107176;20010;2.0;0.4
FR;24;2021-04-05;1092;128;108268;20138;2.0;0.4
FR;24;2021-04-06;3538;573;111806;20711;2.1;0.4
FR;24;2021-04-07;4766;796;116572;21507;2.1;0.4
FR;24;2021-04-08;6346;1093;122918;22600;2.3;0.4
FR;24;2021-04-09;5763;1029;128681;23629;2.4;0.4
FR;24;2021-04-10;2624;558;131305;24187;2.4;0.4
FR;24;2021-04-11;1255;306;132560;24493;2.4;0.5
FR;24;2021-04-12;3426;915;135986;25408;2.5;0.5
FR;24;2021-04-13;4742;1136;140728;26544;2.6;0.5
FR;24;2021-04-14;4922;1292;145650;27836;2.7;0.5
FR;24;2021-04-15;5169;1555;150819;29391;2.8;0.5
FR;24;2021-04-16;4776;1665;155595;31056;2.9;0.6
FR;24;2021-04-17;2115;792;157710;31848;2.9;0.6
FR;24;2021-04-18;721;435;158431;32283;2.9;0.6
FR;24;2021-04-19;2908;1506;161339;33789;3.0;0.6
FR;24;2021-04-20;3087;2112;164426;35901;3.0;0.7
FR;24;2021-04-21;3404;2454;167830;38355;3.1;0.7
FR;24;2021-04-22;3988;3110;171818;41465;3.2;0.8
FR;24;2021-04-23;4143;3266;175961;44731;3.2;0.8
FR;24;2021-04-24;2379;1671;178340;46402;3.3;0.9
FR;24;2021-04-25;1215;800;179555;47202;3.3;0.9
FR;24;2021-04-26;3051;2168;182606;49370;3.4;0.9
FR;24;2021-04-27;3872;3152;186478;52522;3.4;1.0
FR;24;2021-04-28;4366;3721;190844;56243;3.5;1.0
FR;24;2021-04-29;5421;4422;196265;60665;3.6;1.1
FR;24;2021-04-30;6147;4591;202412;65256;3.7;1.2
FR;24;2021-05-01;3942;1071;206354;66327;3.8;1.2
FR;24;2021-05-02;2735;897;209089;67224;3.9;1.2
FR;24;2021-05-03;6248;4122;215337;71346;4.0;1.3
FR;24;2021-05-04;7484;4699;222821;76045;4.1;1.4
FR;24;2021-05-05;8646;4915;231467;80960;4.3;1.5
FR;24;2021-05-06;10789;6344;242256;87304;4.5;1.6
FR;24;2021-05-07;11933;6374;254189;93678;4.7;1.7
FR;24;2021-05-08;9508;2488;263697;96166;4.9;1.8
FR;24;2021-05-09;6860;1925;270557;98091;5.0;1.8
FR;24;2021-05-10;10880;4916;281437;103007;5.2;1.9
FR;24;2021-05-11;15364;5712;296801;108719;5.5;2.0
FR;24;2021-05-12;22320;6077;319121;114796;5.9;2.1
FR;24;2021-05-13;26938;2967;346059;117763;6.4;2.2
FR;24;2021-05-14;31838;5445;377897;123208;7.0;2.3
FR;24;2021-05-15;33258;3882;411155;127090;7.6;2.3
FR;24;2021-05-16;21875;1956;433030;129046;8.0;2.4
FR;24;2021-05-17;29223;5145;462253;134191;8.5;2.5
FR;24;2021-05-18;37252;5961;499505;140152;9.2;2.6
FR;24;2021-05-19;39192;6961;538697;147113;9.9;2.7
FR;24;2021-05-20;45059;7329;583756;154442;10.8;2.8
FR;24;2021-05-21;46251;7063;630007;161505;11.6;3.0
FR;24;2021-05-22;44376;4422;674383;165927;12.4;3.1
FR;24;2021-05-23;23876;2271;698259;168198;12.9;3.1
FR;24;2021-05-24;34021;3525;732280;171723;13.5;3.2
FR;24;2021-05-25;43941;7627;776221;179350;14.3;3.3
FR;29;2020-12-27;0;0;0;0;0.0;0.0
FR;29;2020-12-28;1;0;1;0;0.0;0.0
FR;29;2020-12-29;0;0;1;0;0.0;0.0
FR;29;2020-12-30;0;0;1;0;0.0;0.0
FR;29;2020-12-31;0;0;1;0;0.0;0.0
FR;29;2021-01-01;2;0;3;0;0.0;0.0
FR;29;2021-01-02;2;0;5;0;0.0;0.0
FR;29;2021-01-03;2;0;7;0;0.0;0.0
FR;29;2021-01-04;10;0;17;0;0.0;0.0
FR;29;2021-01-05;42;0;59;0;0.0;0.0
FR;29;2021-01-06;142;0;201;0;0.0;0.0
FR;29;2021-01-07;306;1;507;1;0.0;0.0
FR;29;2021-01-08;518;2;1025;3;0.0;0.0
FR;29;2021-01-09;113;0;1138;3;0.0;0.0
FR;29;2021-01-10;91;0;1229;3;0.0;0.0
FR;29;2021-01-11;643;1;1872;4;0.1;0.0
FR;29;2021-01-12;931;6;2803;10;0.1;0.0
FR;29;2021-01-13;1211;5;4014;15;0.1;0.0
FR;29;2021-01-14;1559;9;5573;24;0.1;0.0
FR;29;2021-01-15;1305;2;6878;26;0.2;0.0
FR;29;2021-01-16;192;3;7070;29;0.2;0.0
FR;29;2021-01-17;158;0;7228;29;0.2;0.0
FR;29;2021-01-18;1039;4;8267;33;0.2;0.0
FR;29;2021-01-19;1146;5;9413;38;0.3;0.0
FR;29;2021-01-20;1192;2;10605;40;0.3;0.0
FR;29;2021-01-21;1451;5;12056;45;0.3;0.0
FR;29;2021-01-22;1147;5;13203;50;0.4;0.0
FR;29;2021-01-23;169;2;13372;52;0.4;0.0
FR;29;2021-01-24;52;0;13424;52;0.4;0.0
FR;29;2021-01-25;537;16;13961;68;0.4;0.0
FR;29;2021-01-26;662;35;14623;103;0.4;0.0
FR;29;2021-01-27;720;60;15343;163;0.4;0.0
FR;29;2021-01-28;1033;120;16376;283;0.4;0.0
FR;29;2021-01-29;801;170;17177;453;0.5;0.0
FR;29;2021-01-30;140;40;17317;493;0.5;0.0
FR;29;2021-01-31;33;26;17350;519;0.5;0.0
FR;29;2021-02-01;261;291;17611;810;0.5;0.0
FR;29;2021-02-02;404;372;18015;1182;0.5;0.0
FR;29;2021-02-03;454;458;18469;1640;0.5;0.0
FR;29;2021-02-04;607;716;19076;2356;0.5;0.1
FR;29;2021-02-05;532;747;19608;3103;0.5;0.1
FR;29;2021-02-06;141;106;19749;3209;0.5;0.1
FR;29;2021-02-07;304;63;20053;3272;0.5;0.1
FR;29;2021-02-08;603;801;20656;4073;0.6;0.1
FR;29;2021-02-09;1245;1010;21901;5083;0.6;0.1
FR;29;2021-02-10;1710;1126;23611;6209;0.6;0.2
FR;29;2021-02-11;2460;1405;26071;7614;0.7;0.2
FR;29;2021-02-12;2216;1207;28287;8821;0.8;0.2
FR;29;2021-02-13;426;155;28713;8976;0.8;0.2
FR;29;2021-02-14;133;81;28846;9057;0.8;0.2
FR;29;2021-02-15;1570;784;30416;9841;0.8;0.3
FR;29;2021-02-16;1917;1140;32333;10981;0.9;0.3
FR;29;2021-02-17;1882;929;34215;11910;0.9;0.3
FR;29;2021-02-18;2388;1147;36603;13057;1.0;0.4
FR;29;2021-02-19;2320;931;38923;13988;1.0;0.4
FR;29;2021-02-20;383;121;39306;14109;1.1;0.4
FR;29;2021-02-21;86;42;39392;14151;1.1;0.4
FR;29;2021-02-22;1360;517;40752;14668;1.1;0.4
FR;29;2021-02-23;1757;637;42509;15305;1.1;0.4
FR;29;2021-02-24;1782;531;44291;15836;1.2;0.4
FR;29;2021-02-25;2395;913;46686;16749;1.3;0.5
FR;29;2021-02-26;2570;642;49256;17391;1.3;0.5
FR;29;2021-02-27;607;107;49863;17498;1.3;0.5
FR;29;2021-02-28;112;27;49975;17525;1.3;0.5
FR;29;2021-03-01;1299;337;51274;17862;1.4;0.5
FR;29;2021-03-02;1793;569;53067;18431;1.4;0.5
FR;29;2021-03-03;1973;572;55040;19003;1.5;0.5
FR;29;2021-03-04;2448;724;57488;19727;1.5;0.5
FR;29;2021-03-05;3599;679;61087;20406;1.6;0.5
FR;29;2021-03-06;1625;135;62712;20541;1.7;0.6
FR;29;2021-03-07;819;95;63531;20636;1.7;0.6
FR;29;2021-03-08;1939;370;65470;21006;1.8;0.6
FR;29;2021-03-09;2634;448;68104;21454;1.8;0.6
FR;29;2021-03-10;2552;477;70656;21931;1.9;0.6
FR;29;2021-03-11;3325;779;73981;22710;2.0;0.6
FR;29;2021-03-12;3952;693;77933;23403;2.1;0.6
FR;29;2021-03-13;1618;126;79551;23529;2.1;0.6
FR;29;2021-03-14;563;58;80114;23587;2.2;0.6
FR;29;2021-03-15;1881;340;81995;23927;2.2;0.6
FR;29;2021-03-16;1116;489;83111;24416;2.2;0.7
FR;29;2021-03-17;1374;490;84485;24906;2.3;0.7
FR;29;2021-03-18;1641;664;86126;25570;2.3;0.7
FR;29;2021-03-19;2225;543;88351;26113;2.4;0.7
FR;29;2021-03-20;987;124;89338;26237;2.4;0.7
FR;29;2021-03-21;725;58;90063;26295;2.4;0.7
FR;29;2021-03-22;1655;401;91718;26696;2.5;0.7
FR;29;2021-03-23;2205;590;93923;27286;2.5;0.7
FR;29;2021-03-24;2528;557;96451;27843;2.6;0.7
FR;29;2021-03-25;3372;667;99823;28510;2.7;0.8
FR;29;2021-03-26;3728;680;103551;29190;2.8;0.8
FR;29;2021-03-27;2144;241;105695;29431;2.8;0.8
FR;29;2021-03-28;963;64;106658;29495;2.9;0.8
FR;29;2021-03-29;2752;505;109410;30000;2.9;0.8
FR;29;2021-03-30;3979;694;113389;30694;3.1;0.8
FR;29;2021-03-31;4495;784;117884;31478;3.2;0.8
FR;29;2021-04-01;5849;985;123733;32463;3.3;0.9
FR;29;2021-04-02;4881;897;128614;33360;3.5;0.9
FR;29;2021-04-03;1763;328;130377;33688;3.5;0.9
FR;29;2021-04-04;898;118;131275;33806;3.5;0.9
FR;29;2021-04-05;916;111;132191;33917;3.6;0.9
FR;29;2021-04-06;3490;739;135681;34656;3.7;0.9
FR;29;2021-04-07;4536;1091;140217;35747;3.8;1.0
FR;29;2021-04-08;6262;1421;146479;37168;3.9;1.0
FR;29;2021-04-09;6273;1247;152752;38415;4.1;1.0
FR;29;2021-04-10;2644;611;155396;39026;4.2;1.1
FR;29;2021-04-11;1162;333;156558;39359;4.2;1.1
FR;29;2021-04-12;3580;1023;160138;40382;4.3;1.1
FR;29;2021-04-13;4845;1475;164983;41857;4.4;1.1
FR;29;2021-04-14;4749;1498;169732;43355;4.6;1.2
FR;29;2021-04-15;5572;1794;175304;45149;4.7;1.2
FR;29;2021-04-16;4748;1859;180052;47008;4.8;1.3
FR;29;2021-04-17;2225;908;182277;47916;4.9;1.3
FR;29;2021-04-18;767;516;183044;48432;4.9;1.3
FR;29;2021-04-19;2837;1748;185881;50180;5.0;1.4
FR;29;2021-04-20;3465;2475;189346;52655;5.1;1.4
FR;29;2021-04-21;3433;2760;192779;55415;5.2;1.5
FR;29;2021-04-22;4404;3813;197183;59228;5.3;1.6
FR;29;2021-04-23;4545;3738;201728;62966;5.4;1.7
FR;29;2021-04-24;2677;1816;204405;64782;5.5;1.7
FR;29;2021-04-25;1176;733;205581;65515;5.5;1.8
FR;29;2021-04-26;2936;2451;208517;67966;5.6;1.8
FR;29;2021-04-27;3961;3583;212478;71549;5.7;1.9
FR;29;2021-04-28;4616;3999;217094;75548;5.8;2.0
FR;29;2021-04-29;5836;4947;222930;80495;6.0;2.2
FR;29;2021-04-30;6399;5166;229329;85661;6.2;2.3
FR;29;2021-05-01;4200;1207;233529;86868;6.3;2.3
FR;29;2021-05-02;2592;906;236121;87774;6.4;2.4
FR;29;2021-05-03;6799;4273;242920;92047;6.5;2.5
FR;29;2021-05-04;8081;5165;251001;97212;6.8;2.6
FR;29;2021-05-05;9546;5144;260547;102356;7.0;2.8
FR;29;2021-05-06;11153;6495;271700;108851;7.3;2.9
FR;29;2021-05-07;11553;6565;283253;115416;7.6;3.1
FR;29;2021-05-08;8438;2228;291691;117644;7.8;3.2
FR;29;2021-05-09;5902;1740;297593;119384;8.0;3.2
FR;29;2021-05-10;10508;5244;308101;124628;8.3;3.4
FR;29;2021-05-11;14438;6317;322539;130945;8.7;3.5
FR;29;2021-05-12;19550;6228;342089;137173;9.2;3.7
FR;29;2021-05-13;19452;2296;361541;139469;9.7;3.8
FR;29;2021-05-14;22168;4322;383709;143791;10.3;3.9
FR;29;2021-05-15;20948;2902;404657;146693;10.9;3.9
FR;29;2021-05-16;13381;1320;418038;148013;11.2;4.0
FR;29;2021-05-17;21377;4903;439415;152916;11.8;4.1
FR;29;2021-05-18;27962;5656;467377;158572;12.6;4.3
FR;29;2021-05-19;28316;5917;495693;164489;13.3;4.4
FR;29;2021-05-20;32171;6474;527864;170963;14.2;4.6
FR;29;2021-05-21;31309;6111;559173;177074;15.0;4.8
FR;29;2021-05-22;26001;2991;585174;180065;15.7;4.8
FR;29;2021-05-23;14139;1479;599313;181544;16.1;4.9
FR;29;2021-05-24;22356;2627;621669;184171;16.7;5.0
FR;29;2021-05-25;29951;6466;651620;190637;17.5;5.1
FR;39;2020-12-27;0;0;0;0;0.0;0.0
FR;39;2020-12-28;0;0;0;0;0.0;0.0
FR;39;2020-12-29;1;0;1;0;0.0;0.0
FR;39;2020-12-30;3;0;4;0;0.0;0.0
FR;39;2020-12-31;1;0;5;0;0.0;0.0
FR;39;2021-01-01;4;0;9;0;0.0;0.0
FR;39;2021-01-02;2;1;11;1;0.0;0.0
FR;39;2021-01-03;2;0;13;1;0.0;0.0
FR;39;2021-01-04;23;0;36;1;0.0;0.0
FR;39;2021-01-05;139;0;175;1;0.0;0.0
FR;39;2021-01-06;384;0;559;1;0.0;0.0
FR;39;2021-01-07;1175;5;1734;6;0.0;0.0
FR;39;2021-01-08;1784;4;3518;10;0.0;0.0
FR;39;2021-01-09;473;0;3991;10;0.0;0.0
FR;39;2021-01-10;307;2;4298;12;0.1;0.0
FR;39;2021-01-11;2207;7;6505;19;0.1;0.0
FR;39;2021-01-12;3400;14;9905;33;0.1;0.0
FR;39;2021-01-13;3488;7;13393;40;0.2;0.0
FR;39;2021-01-14;4766;45;18159;85;0.2;0.0
FR;39;2021-01-15;4384;14;22543;99;0.3;0.0
FR;39;2021-01-16;768;4;23311;103;0.3;0.0
FR;39;2021-01-17;488;2;23799;105;0.3;0.0
FR;39;2021-01-18;3062;21;26861;126;0.3;0.0
FR;39;2021-01-19;3996;16;30857;142;0.4;0.0
FR;39;2021-01-20;3894;13;34751;155;0.4;0.0
FR;39;2021-01-21;5128;17;39879;172;0.5;0.0
FR;39;2021-01-22;3954;21;43833;193;0.5;0.0
FR;39;2021-01-23;590;3;44423;196;0.5;0.0
FR;39;2021-01-24;184;0;44607;196;0.5;0.0
FR;39;2021-01-25;1593;39;46200;235;0.6;0.0
FR;39;2021-01-26;2164;98;48364;333;0.6;0.0
FR;39;2021-01-27;2277;211;50641;544;0.6;0.0
FR;39;2021-01-28;3471;466;54112;1010;0.7;0.0
FR;39;2021-01-29;2673;693;56785;1703;0.7;0.0
FR;39;2021-01-30;395;215;57180;1918;0.7;0.0
FR;39;2021-01-31;89;78;57269;1996;0.7;0.0
FR;39;2021-02-01;747;1057;58016;3053;0.7;0.0
FR;39;2021-02-02;1327;1647;59343;4700;0.7;0.1
FR;39;2021-02-03;1358;1654;60701;6354;0.7;0.1
FR;39;2021-02-04;1972;2532;62673;8886;0.8;0.1
FR;39;2021-02-05;1640;2702;64313;11588;0.8;0.1
FR;39;2021-02-06;397;431;64710;12019;0.8;0.1
FR;39;2021-02-07;553;207;65263;12226;0.8;0.1
FR;39;2021-02-08;1516;2418;66779;14644;0.8;0.2
FR;39;2021-02-09;3160;3361;69939;18005;0.8;0.2
FR;39;2021-02-10;3881;3497;73820;21502;0.9;0.3
FR;39;2021-02-11;6156;4821;79976;26323;1.0;0.3
FR;39;2021-02-12;5807;3963;85783;30286;1.0;0.4
FR;39;2021-02-13;1239;541;87022;30827;1.0;0.4
FR;39;2021-02-14;386;264;87408;31091;1.1;0.4
FR;39;2021-02-15;3418;2371;90826;33462;1.1;0.4
FR;39;2021-02-16;4416;3334;95242;36796;1.1;0.4
FR;39;2021-02-17;3988;2839;99230;39635;1.2;0.5
FR;39;2021-02-18;5966;3853;105196;43488;1.3;0.5
FR;39;2021-02-19;5827;3050;111023;46538;1.3;0.6
FR;39;2021-02-20;1138;469;112161;47007;1.4;0.6
FR;39;2021-02-21;185;118;112346;47125;1.4;0.6
FR;39;2021-02-22;2995;1652;115341;48777;1.4;0.6
FR;39;2021-02-23;3910;1902;119251;50679;1.4;0.6
FR;39;2021-02-24;3715;1690;122966;52369;1.5;0.6
FR;39;2021-02-25;5592;2510;128558;54879;1.5;0.7
FR;39;2021-02-26;6079;1907;134637;56786;1.6;0.7
FR;39;2021-02-27;1659;304;136296;57090;1.6;0.7
FR;39;2021-02-28;240;120;136536;57210;1.6;0.7
FR;39;2021-03-01;2934;986;139470;58196;1.7;0.7
FR;39;2021-03-02;4232;1596;143702;59792;1.7;0.7
FR;39;2021-03-03;4217;1503;147919;61295;1.8;0.7
FR;39;2021-03-04;6251;2280;154170;63575;1.9;0.8
FR;39;2021-03-05;9104;2053;163274;65628;2.0;0.8
FR;39;2021-03-06;4909;399;168183;66027;2.0;0.8
FR;39;2021-03-07;2637;237;170820;66264;2.1;0.8
FR;39;2021-03-08;4665;1093;175485;67357;2.1;0.8
FR;39;2021-03-09;6839;1465;182324;68822;2.2;0.8
FR;39;2021-03-10;6067;1492;188391;70314;2.3;0.8
FR;39;2021-03-11;8630;2345;197021;72659;2.4;0.9
FR;39;2021-03-12;11399;2068;208420;74727;2.5;0.9
FR;39;2021-03-13;5207;410;213627;75137;2.6;0.9
FR;39;2021-03-14;1746;153;215373;75290;2.6;0.9
FR;39;2021-03-15;4761;1020;220134;76310;2.7;0.9
FR;39;2021-03-16;3361;1398;223495;77708;2.7;0.9
FR;39;2021-03-17;3438;1481;226933;79189;2.7;1.0
FR;39;2021-03-18;4647;1963;231580;81152;2.8;1.0
FR;39;2021-03-19;6247;1624;237827;82776;2.9;1.0
FR;39;2021-03-20;3168;359;240995;83135;2.9;1.0
FR;39;2021-03-21;2070;164;243065;83299;2.9;1.0
FR;39;2021-03-22;4441;1080;247506;84379;3.0;1.0
FR;39;2021-03-23;6157;1639;253663;86018;3.1;1.0
FR;39;2021-03-24;6302;1356;259965;87374;3.1;1.1
FR;39;2021-03-25;9046;1722;269011;89096;3.2;1.1
FR;39;2021-03-26;10634;1681;279645;90777;3.4;1.1
FR;39;2021-03-27;5988;605;285633;91382;3.4;1.1
FR;39;2021-03-28;2732;178;288365;91560;3.5;1.1
FR;39;2021-03-29;7183;1263;295548;92823;3.6;1.1
FR;39;2021-03-30;10507;1853;306055;94676;3.7;1.1
FR;39;2021-03-31;11143;1816;317198;96492;3.8;1.2
FR;39;2021-04-01;14973;2592;332171;99084;4.0;1.2
FR;39;2021-04-02;13250;2422;345421;101506;4.2;1.2
FR;39;2021-04-03;5601;1006;351022;102512;4.2;1.2
FR;39;2021-04-04;2521;342;353543;102854;4.3;1.2
FR;39;2021-04-05;2534;320;356077;103174;4.3;1.2
FR;39;2021-04-06;9262;2272;365339;105446;4.4;1.3
FR;39;2021-04-07;12168;2714;377507;108160;4.6;1.3
FR;39;2021-04-08;16829;3670;394336;111830;4.8;1.3
FR;39;2021-04-09;16855;3578;411191;115408;5.0;1.4
FR;39;2021-04-10;7408;1930;418599;117338;5.0;1.4
FR;39;2021-04-11;2985;980;421584;118318;5.1;1.4
FR;39;2021-04-12;9592;2737;431176;121055;5.2;1.5
FR;39;2021-04-13;12916;3981;444092;125036;5.4;1.5
FR;39;2021-04-14;12852;3829;456944;128865;5.5;1.6
FR;39;2021-04-15;14726;4785;471670;133650;5.7;1.6
FR;39;2021-04-16;12687;5262;484357;138912;5.8;1.7
FR;39;2021-04-17;6100;2709;490457;141621;5.9;1.7
FR;39;2021-04-18;2255;1556;492712;143177;5.9;1.7
FR;39;2021-04-19;7848;4682;500560;147859;6.0;1.8
FR;39;2021-04-20;9364;6708;509924;154567;6.1;1.9
FR;39;2021-04-21;10204;7163;520128;161730;6.3;1.9
FR;39;2021-04-22;11814;10278;531942;172008;6.4;2.1
FR;39;2021-04-23;12134;10474;544076;182482;6.6;2.2
FR;39;2021-04-24;7804;5076;551880;187558;6.7;2.3
FR;39;2021-04-25;3463;2151;555343;189709;6.7;2.3
FR;39;2021-04-26;8559;6946;563902;196655;6.8;2.4
FR;39;2021-04-27;11768;9536;575670;206191;6.9;2.5
FR;39;2021-04-28;13134;10033;588804;216224;7.1;2.6
FR;39;2021-04-29;17123;12918;605927;229142;7.3;2.8
FR;39;2021-04-30;19695;13235;625622;242377;7.5;2.9
FR;39;2021-05-01;13497;3531;639119;245908;7.7;3.0
FR;39;2021-05-02;9281;2487;648400;248395;7.8;3.0
FR;39;2021-05-03;22336;11301;670736;259696;8.1;3.1
FR;39;2021-05-04;26875;13932;697611;273628;8.4;3.3
FR;39;2021-05-05;30682;14225;728293;287853;8.8;3.5
FR;39;2021-05-06;37035;17642;765328;305495;9.2;3.7
FR;39;2021-05-07;38235;18466;803563;323961;9.7;3.9
FR;39;2021-05-08;27861;5550;831424;329511;10.0;4.0
FR;39;2021-05-09;18771;4290;850195;333801;10.2;4.0
FR;39;2021-05-10;33618;14440;883813;348241;10.7;4.2
FR;39;2021-05-11;43910;17049;927723;365290;11.2;4.4
FR;39;2021-05-12;55599;16099;983322;381389;11.9;4.6
FR;39;2021-05-13;52654;5560;1035976;386949;12.5;4.7
FR;39;2021-05-14;61703;10923;1097679;397872;13.2;4.8
FR;39;2021-05-15;55706;6803;1153385;404675;13.9;4.9
FR;39;2021-05-16;36052;3082;1189437;407757;14.3;4.9
FR;39;2021-05-17;56135;11853;1245572;419610;15.0;5.1
FR;39;2021-05-18;70374;13514;1315946;433124;15.9;5.2
FR;39;2021-05-19;73492;14015;1389438;447139;16.7;5.4
FR;39;2021-05-20;81962;14836;1471400;461975;17.7;5.6
FR;39;2021-05-21;81139;14839;1552539;476814;18.7;5.7
FR;39;2021-05-22;63412;7357;1615951;484171;19.5;5.8
FR;39;2021-05-23;33922;3276;1649873;487447;19.9;5.9
FR;39;2021-05-24;51951;5320;1701824;492767;20.5;5.9
FR;39;2021-05-25;72377;15630;1774201;508397;21.4;6.1
FR;49;2020-12-27;2;0;2;0;0.0;0.0
FR;49;2020-12-28;2;0;4;0;0.0;0.0
FR;49;2020-12-29;1;0;5;0;0.0;0.0
FR;49;2020-12-30;6;0;11;0;0.0;0.0
FR;49;2020-12-31;1;0;12;0;0.0;0.0
FR;49;2021-01-01;3;0;15;0;0.0;0.0
FR;49;2021-01-02;9;0;24;0;0.0;0.0
FR;49;2021-01-03;4;0;28;0;0.0;0.0
FR;49;2021-01-04;86;0;114;0;0.0;0.0
FR;49;2021-01-05;334;1;448;1;0.0;0.0
FR;49;2021-01-06;855;4;1303;5;0.0;0.0
FR;49;2021-01-07;2158;6;3461;11;0.0;0.0
FR;49;2021-01-08;3370;7;6831;18;0.1;0.0
FR;49;2021-01-09;1000;1;7831;19;0.1;0.0
FR;49;2021-01-10;472;1;8303;20;0.1;0.0
FR;49;2021-01-11;4169;9;12472;29;0.1;0.0
FR;49;2021-01-12;5853;11;18325;40;0.2;0.0
FR;49;2021-01-13;6146;15;24471;55;0.3;0.0
FR;49;2021-01-14;8316;66;32787;121;0.4;0.0
FR;49;2021-01-15;7596;22;40383;143;0.5;0.0
FR;49;2021-01-16;1415;9;41798;152;0.5;0.0
FR;49;2021-01-17;620;5;42418;157;0.5;0.0
FR;49;2021-01-18;5052;16;47470;173;0.6;0.0
FR;49;2021-01-19;6803;16;54273;189;0.6;0.0
FR;49;2021-01-20;6612;20;60885;209;0.7;0.0
FR;49;2021-01-21;8380;29;69265;238;0.8;0.0
FR;49;2021-01-22;6242;29;75507;267;0.9;0.0
FR;49;2021-01-23;1015;6;76522;273;0.9;0.0
FR;49;2021-01-24;282;3;76804;276;0.9;0.0
FR;49;2021-01-25;2611;98;79415;374;0.9;0.0
FR;49;2021-01-26;3719;221;83134;595;1.0;0.0
FR;49;2021-01-27;3971;387;87105;982;1.0;0.0
FR;49;2021-01-28;5533;974;92638;1956;1.1;0.0
FR;49;2021-01-29;4393;1554;97031;3510;1.1;0.0
FR;49;2021-01-30;690;377;97721;3887;1.1;0.0
FR;49;2021-01-31;137;125;97858;4012;1.1;0.0
FR;49;2021-02-01;1362;2087;99220;6099;1.2;0.1
FR;49;2021-02-02;2264;3199;101484;9298;1.2;0.1
FR;49;2021-02-03;2293;3376;103777;12674;1.2;0.1
FR;49;2021-02-04;3352;4767;107129;17441;1.2;0.2
FR;49;2021-02-05;2788;4882;109917;22323;1.3;0.3
FR;49;2021-02-06;568;886;110485;23209;1.3;0.3
FR;49;2021-02-07;520;291;111005;23500;1.3;0.3
FR;49;2021-02-08;1934;4050;112939;27550;1.3;0.3
FR;49;2021-02-09;4331;5729;117270;33279;1.4;0.4
FR;49;2021-02-10;5487;6033;122757;39312;1.4;0.5
FR;49;2021-02-11;7981;7951;130738;47263;1.5;0.6
FR;49;2021-02-12;7296;6424;138034;53687;1.6;0.6
FR;49;2021-02-13;1697;1014;139731;54701;1.6;0.6
FR;49;2021-02-14;407;405;140138;55106;1.6;0.6
FR;49;2021-02-15;4122;3868;144260;58974;1.7;0.7
FR;49;2021-02-16;5374;5315;149634;64289;1.7;0.7
FR;49;2021-02-17;5137;4639;154771;68928;1.8;0.8
FR;49;2021-02-18;7469;6172;162240;75100;1.9;0.9
FR;49;2021-02-19;7039;4857;169279;79957;2.0;0.9
FR;49;2021-02-20;1494;792;170773;80749;2.0;0.9
FR;49;2021-02-21;277;224;171050;80973;2.0;0.9
FR;49;2021-02-22;3526;2646;174576;83619;2.0;1.0
FR;49;2021-02-23;4854;3114;179430;86733;2.1;1.0
FR;49;2021-02-24;4884;2825;184314;89558;2.1;1.0
FR;49;2021-02-25;7551;4143;191865;93701;2.2;1.1
FR;49;2021-02-26;8251;3132;200116;96833;2.3;1.1
FR;49;2021-02-27;2676;560;202792;97393;2.4;1.1
FR;49;2021-02-28;332;137;203124;97530;2.4;1.1
FR;49;2021-03-01;3808;1620;206932;99150;2.4;1.2
FR;49;2021-03-02;5762;2444;212694;101594;2.5;1.2
FR;49;2021-03-03;5976;2463;218670;104057;2.5;1.2
FR;49;2021-03-04;8844;3416;227514;107473;2.6;1.3
FR;49;2021-03-05;12482;3158;239996;110631;2.8;1.3
FR;49;2021-03-06;8542;585;248538;111216;2.9;1.3
FR;49;2021-03-07;4668;379;253206;111595;2.9;1.3
FR;49;2021-03-08;6363;1622;259569;113217;3.0;1.3
FR;49;2021-03-09;9459;2236;269028;115453;3.1;1.3
FR;49;2021-03-10;8892;2278;277920;117731;3.2;1.4
FR;49;2021-03-11;12721;3342;290641;121073;3.4;1.4
FR;49;2021-03-12;16365;2835;307006;123908;3.6;1.4
FR;49;2021-03-13;9504;588;316510;124496;3.7;1.4
FR;49;2021-03-14;3125;229;319635;124725;3.7;1.5
FR;49;2021-03-15;6853;1423;326488;126148;3.8;1.5
FR;49;2021-03-16;4617;2116;331105;128264;3.9;1.5
FR;49;2021-03-17;5162;1992;336267;130256;3.9;1.5
FR;49;2021-03-18;6530;2751;342797;133007;4.0;1.5
FR;49;2021-03-19;9469;2261;352266;135268;4.1;1.6
FR;49;2021-03-20;5864;549;358130;135817;4.2;1.6
FR;49;2021-03-21;3142;203;361272;136020;4.2;1.6
FR;49;2021-03-22;6284;1460;367556;137480;4.3;1.6
FR;49;2021-03-23;8580;2127;376136;139607;4.4;1.6
FR;49;2021-03-24;9491;1948;385627;141555;4.5;1.6
FR;49;2021-03-25;12313;2310;397940;143865;4.6;1.7
FR;49;2021-03-26;14682;2276;412622;146141;4.8;1.7
FR;49;2021-03-27;9344;813;421966;146954;4.9;1.7
FR;49;2021-03-28;3847;290;425813;147244;5.0;1.7
FR;49;2021-03-29;9849;1807;435662;149051;5.1;1.7
FR;49;2021-03-30;14244;2625;449906;151676;5.2;1.8
FR;49;2021-03-31;15507;2709;465413;154385;5.4;1.8
FR;49;2021-04-01;19787;3610;485200;157995;5.6;1.8
FR;49;2021-04-02;17416;3366;502616;161361;5.8;1.9
FR;49;2021-04-03;9317;1802;511933;163163;6.0;1.9
FR;49;2021-04-04;4110;618;516043;163781;6.0;1.9
FR;49;2021-04-05;4200;519;520243;164300;6.1;1.9
FR;49;2021-04-06;13142;3321;533385;167621;6.2;2.0
FR;49;2021-04-07;17613;4177;550998;171798;6.4;2.0
FR;49;2021-04-08;22334;5097;573332;176895;6.7;2.1
FR;49;2021-04-09;23427;5248;596759;182143;6.9;2.1
FR;49;2021-04-10;12408;3368;609167;185511;7.1;2.2
FR;49;2021-04-11;4465;1671;613632;187182;7.1;2.2
FR;49;2021-04-12;14093;3741;627725;190923;7.3;2.2
FR;49;2021-04-13;18639;5703;646364;196626;7.5;2.3
FR;49;2021-04-14;19316;5908;665680;202534;7.7;2.4
FR;49;2021-04-15;20214;6943;685894;209477;8.0;2.4
FR;49;2021-04-16;17308;7263;703202;216740;8.2;2.5
FR;49;2021-04-17;9813;4629;713015;221369;8.3;2.6
FR;49;2021-04-18;3348;2281;716363;223650;8.3;2.6
FR;49;2021-04-19;11873;6348;728236;229998;8.5;2.7
FR;49;2021-04-20;14003;8961;742239;238959;8.6;2.8
FR;49;2021-04-21;15786;10076;758025;249035;8.8;2.9
FR;49;2021-04-22;17366;13064;775391;262099;9.0;3.1
FR;49;2021-04-23;17882;14018;793273;276117;9.2;3.2
FR;49;2021-04-24;12550;7778;805823;283895;9.4;3.3
FR;49;2021-04-25;5401;3114;811224;287009;9.4;3.3
FR;49;2021-04-26;13448;9902;824672;296911;9.6;3.5
FR;49;2021-04-27;18457;13036;843129;309947;9.8;3.6
FR;49;2021-04-28;22337;14482;865466;324429;10.1;3.8
FR;49;2021-04-29;27131;17192;892597;341621;10.4;4.0
FR;49;2021-04-30;31513;17981;924110;359602;10.8;4.2
FR;49;2021-05-01;23963;5685;948073;365287;11.0;4.3
FR;49;2021-05-02;16389;3846;964462;369133;11.2;4.3
FR;49;2021-05-03;39210;15465;1003672;384598;11.7;4.5
FR;49;2021-05-04;46285;20234;1049957;404832;12.2;4.7
FR;49;2021-05-05;55357;21564;1105314;426396;12.9;5.0
FR;49;2021-05-06;62081;24531;1167395;450927;13.6;5.2
FR;49;2021-05-07;65052;25916;1232447;476843;14.3;5.5
FR;49;2021-05-08;49779;9009;1282226;485852;14.9;5.7
FR;49;2021-05-09;32172;6224;1314398;492076;15.3;5.7
FR;49;2021-05-10;56700;20576;1371098;512652;16.0;6.0
FR;49;2021-05-11;71427;23782;1442525;536434;16.8;6.2
FR;49;2021-05-12;88893;23789;1531418;560223;17.8;6.5
FR;49;2021-05-13;79249;7672;1610667;567895;18.7;6.6
FR;49;2021-05-14;95502;15597;1706169;583492;19.9;6.8
FR;49;2021-05-15;85309;10715;1791478;594207;20.8;6.9
FR;49;2021-05-16;53091;4482;1844569;598689;21.5;7.0
FR;49;2021-05-17;81446;16214;1926015;614903;22.4;7.2
FR;49;2021-05-18;97114;17710;2023129;632613;23.5;7.4
FR;49;2021-05-19;108704;19245;2131833;651858;24.8;7.6
FR;49;2021-05-20;112520;19572;2244353;671430;26.1;7.8
FR;49;2021-05-21;111760;19804;2356113;691234;27.4;8.0
FR;49;2021-05-22;87051;10440;2443164;701674;28.4;8.2
FR;49;2021-05-23;42705;3954;2485869;705628;28.9;8.2
FR;49;2021-05-24;66524;6801;2552393;712429;29.7;8.3
FR;49;2021-05-25;93249;20654;2645642;733083;30.8;8.5
FR;59;2020-12-27;2;0;2;0;0.0;0.0
FR;59;2020-12-28;6;0;8;0;0.0;0.0
FR;59;2020-12-29;2;0;10;0;0.0;0.0
FR;59;2020-12-30;6;0;16;0;0.0;0.0
FR;59;2020-12-31;9;0;25;0;0.0;0.0
FR;59;2021-01-01;24;1;49;1;0.0;0.0
FR;59;2021-01-02;26;0;75;1;0.0;0.0
FR;59;2021-01-03;36;0;111;1;0.0;0.0
FR;59;2021-01-04;593;1;704;2;0.0;0.0
FR;59;2021-01-05;2165;1;2869;3;0.0;0.0
FR;59;2021-01-06;4801;8;7670;11;0.1;0.0
FR;59;2021-01-07;10507;21;18177;32;0.2;0.0
FR;59;2021-01-08;14307;16;32484;48;0.4;0.0
FR;59;2021-01-09;4055;8;36539;56;0.4;0.0
FR;59;2021-01-10;1984;1;38523;57;0.4;0.0
FR;59;2021-01-11;15934;20;54457;77;0.6;0.0
FR;59;2021-01-12;21102;30;75559;107;0.9;0.0
FR;59;2021-01-13;22687;40;98246;147;1.1;0.0
FR;59;2021-01-14;24728;215;122974;362;1.4;0.0
FR;59;2021-01-15;21563;88;144537;450;1.6;0.0
FR;59;2021-01-16;5371;19;149908;469;1.7;0.0
FR;59;2021-01-17;1801;7;151709;476;1.7;0.0
FR;59;2021-01-18;13567;51;165276;527;1.9;0.0
FR;59;2021-01-19;17930;66;183206;593;2.1;0.0
FR;59;2021-01-20;17029;63;200235;656;2.3;0.0
FR;59;2021-01-21;18715;50;218950;706;2.5;0.0
FR;59;2021-01-22;13888;70;232838;776;2.6;0.0
FR;59;2021-01-23;2950;20;235788;796;2.7;0.0
FR;59;2021-01-24;829;12;236617;808;2.7;0.0
FR;59;2021-01-25;6697;607;243314;1415;2.8;0.0
FR;59;2021-01-26;8391;1372;251705;2787;2.9;0.0
FR;59;2021-01-27;8791;2389;260496;5176;3.0;0.1
FR;59;2021-01-28;10452;5020;270948;10196;3.1;0.1
FR;59;2021-01-29;7827;6639;278775;16835;3.2;0.2
FR;59;2021-01-30;1756;1510;280531;18345;3.2;0.2
FR;59;2021-01-31;370;546;280901;18891;3.2;0.2
FR;59;2021-02-01;3145;8736;284046;27627;3.2;0.3
FR;59;2021-02-02;4657;12477;288703;40104;3.3;0.5
FR;59;2021-02-03;4804;13537;293507;53641;3.3;0.6
FR;59;2021-02-04;5895;15885;299402;69526;3.4;0.8
FR;59;2021-02-05;4804;14909;304206;84435;3.5;1.0
FR;59;2021-02-06;1152;2996;305358;87431;3.5;1.0
FR;59;2021-02-07;389;983;305747;88414;3.5;1.0
FR;59;2021-02-08;2754;12460;308501;100874;3.5;1.1
FR;59;2021-02-09;4896;16145;313397;117019;3.6;1.3
FR;59;2021-02-10;5681;16031;319078;133050;3.6;1.5
FR;59;2021-02-11;7644;19672;326722;152722;3.7;1.7
FR;59;2021-02-12;6739;15987;333461;168709;3.8;1.9
FR;59;2021-02-13;1687;3442;335148;172151;3.8;2.0
FR;59;2021-02-14;361;982;335509;173133;3.8;2.0
FR;59;2021-02-15;3261;10513;338770;183646;3.9;2.1
FR;59;2021-02-16;4725;13528;343495;197174;3.9;2.2
FR;59;2021-02-17;4961;12278;348456;209452;4.0;2.4
FR;59;2021-02-18;7058;13812;355514;223264;4.0;2.5
FR;59;2021-02-19;6448;10655;361962;233919;4.1;2.7
FR;59;2021-02-20;1416;2476;363378;236395;4.1;2.7
FR;59;2021-02-21;282;570;363660;236965;4.1;2.7
FR;59;2021-02-22;3246;6351;366906;243316;4.2;2.8
FR;59;2021-02-23;4801;7088;371707;250404;4.2;2.8
FR;59;2021-02-24;6830;6370;378537;256774;4.3;2.9
FR;59;2021-02-25;21174;8425;399711;265199;4.5;3.0
FR;59;2021-02-26;28207;6169;427918;271368;4.9;3.1
FR;59;2021-02-27;17069;1480;444987;272848;5.1;3.1
FR;59;2021-02-28;1103;374;446090;273222;5.1;3.1
FR;59;2021-03-01;8766;3481;454856;276703;5.2;3.1
FR;59;2021-03-02;17079;4828;471935;281531;5.4;3.2
FR;59;2021-03-03;20505;4882;492440;286413;5.6;3.3
FR;59;2021-03-04;32014;5722;524454;292135;6.0;3.3
FR;59;2021-03-05;40646;5246;565100;297381;6.4;3.4
FR;59;2021-03-06;35615;1349;600715;298730;6.8;3.4
FR;59;2021-03-07;13951;950;614666;299680;7.0;3.4
FR;59;2021-03-08;12189;3087;626855;302767;7.1;3.4
FR;59;2021-03-09;22693;4066;649548;306833;7.4;3.5
FR;59;2021-03-10;22989;4098;672537;310931;7.6;3.5
FR;59;2021-03-11;34075;5256;706612;316187;8.0;3.6
FR;59;2021-03-12;45118;4346;751730;320533;8.5;3.6
FR;59;2021-03-13;35920;1200;787650;321733;9.0;3.7
FR;59;2021-03-14;7156;368;794806;322101;9.0;3.7
FR;59;2021-03-15;14400;2475;809206;324576;9.2;3.7
FR;59;2021-03-16;7865;2916;817071;327492;9.3;3.7
FR;59;2021-03-17;8703;3061;825774;330553;9.4;3.8
FR;59;2021-03-18;10377;3934;836151;334487;9.5;3.8
FR;59;2021-03-19;23341;3425;859492;337912;9.8;3.8
FR;59;2021-03-20;20982;997;880474;338909;10.0;3.9
FR;59;2021-03-21;6262;360;886736;339269;10.1;3.9
FR;59;2021-03-22;15396;2603;902132;341872;10.3;3.9
FR;59;2021-03-23;25268;3367;927400;345239;10.5;3.9
FR;59;2021-03-24;27847;3365;955247;348604;10.9;4.0
FR;59;2021-03-25;37694;3656;992941;352260;11.3;4.0
FR;59;2021-03-26;42607;3892;1035548;356152;11.8;4.1
FR;59;2021-03-27;26726;1619;1062274;357771;12.1;4.1
FR;59;2021-03-28;7511;437;1069785;358208;12.2;4.1
FR;59;2021-03-29;21585;3255;1091370;361463;12.4;4.1
FR;59;2021-03-30;31994;4173;1123364;365636;12.8;4.2
FR;59;2021-03-31;31245;4501;1154609;370137;13.1;4.2
FR;59;2021-04-01;38158;5619;1192767;375756;13.6;4.3
FR;59;2021-04-02;36725;5569;1229492;381325;14.0;4.3
FR;59;2021-04-03;21248;3379;1250740;384704;14.2;4.4
FR;59;2021-04-04;7328;1189;1258068;385893;14.3;4.4
FR;59;2021-04-05;8245;1059;1266313;386952;14.4;4.4
FR;59;2021-04-06;25559;5771;1291872;392723;14.7;4.5
FR;59;2021-04-07;33725;6975;1325597;399698;15.1;4.5
FR;59;2021-04-08;44777;8257;1370374;407955;15.6;4.6
FR;59;2021-04-09;60437;8765;1430811;416720;16.3;4.7
FR;59;2021-04-10;36321;6966;1467132;423686;16.7;4.8
FR;59;2021-04-11;9723;3487;1476855;427173;16.8;4.9
FR;59;2021-04-12;35129;7290;1511984;434463;17.2;4.9
FR;59;2021-04-13;49602;9953;1561586;444416;17.8;5.1
FR;59;2021-04-14;49905;9975;1611491;454391;18.3;5.2
FR;59;2021-04-15;59176;11504;1670667;465895;19.0;5.3
FR;59;2021-04-16;62889;12170;1733556;478065;19.7;5.4
FR;59;2021-04-17;41275;9550;1774831;487615;20.2;5.5
FR;59;2021-04-18;12249;4615;1787080;492230;20.3;5.6
FR;59;2021-04-19;32989;11041;1820069;503271;20.7;5.7
FR;59;2021-04-20;44307;14559;1864376;517830;21.2;5.9
FR;59;2021-04-21;46836;16283;1911212;534113;21.7;6.1
FR;59;2021-04-22;55335;19285;1966547;553398;22.4;6.3
FR;59;2021-04-23;64712;20481;2031259;573879;23.1;6.5
FR;59;2021-04-24;47292;15399;2078551;589278;23.6;6.7
FR;59;2021-04-25;16503;5398;2095054;594676;23.8;6.8
FR;59;2021-04-26;40901;17336;2135955;612012;24.3;7.0
FR;59;2021-04-27;56263;23093;2192218;635105;24.9;7.2
FR;59;2021-04-28;63813;25709;2256031;660814;25.7;7.5
FR;59;2021-04-29;77571;31391;2333602;692205;26.5;7.9
FR;59;2021-04-30;92028;36251;2425630;728456;27.6;8.3
FR;59;2021-05-01;43222;10870;2468852;739326;28.1;8.4
FR;59;2021-05-02;23300;7206;2492152;746532;28.3;8.5
FR;59;2021-05-03;62270;26116;2554422;772648;29.1;8.8
FR;59;2021-05-04;70656;34198;2625078;806846;29.9;9.2
FR;59;2021-05-05;76986;37142;2702064;843988;30.7;9.6
FR;59;2021-05-06;89064;43404;2791128;887392;31.7;10.1
FR;59;2021-05-07;97285;53646;2888413;941038;32.9;10.7
FR;59;2021-05-08;57334;16289;2945747;957327;33.5;10.9
FR;59;2021-05-09;39219;10273;2984966;967600;33.9;11.0
FR;59;2021-05-10;94522;39832;3079488;1007432;35.0;11.5
FR;59;2021-05-11;124905;48985;3204393;1056417;36.4;12.0
FR;59;2021-05-12;121986;45849;3326379;1102266;37.8;12.5
FR;59;2021-05-13;92194;14262;3418573;1116528;38.9;12.7
FR;59;2021-05-14;128412;33981;3546985;1150509;40.3;13.1
FR;59;2021-05-15;113679;25248;3660664;1175757;41.6;13.4
FR;59;2021-05-16;55229;7059;3715893;1182816;42.3;13.5
FR;59;2021-05-17;105065;30416;3820958;1213232;43.5;13.8
FR;59;2021-05-18;116328;33811;3937286;1247043;44.8;14.2
FR;59;2021-05-19;117747;35155;4055033;1282198;46.1;14.6
FR;59;2021-05-20;121428;41958;4176461;1324156;47.5;15.1
FR;59;2021-05-21;120704;48289;4297165;1372445;48.9;15.6
FR;59;2021-05-22;81501;25204;4378666;1397649;49.8;15.9
FR;59;2021-05-23;31116;5081;4409782;1402730;50.2;16.0
FR;59;2021-05-24;51479;9813;4461261;1412543;50.7;16.1
FR;59;2021-05-25;83282;41606;4544543;1454149;51.7;16.5
FR;64;2020-12-27;1;0;1;0;0.0;0.0
FR;64;2020-12-28;1;0;2;0;0.0;0.0
FR;64;2020-12-29;2;0;4;0;0.0;0.0
FR;64;2020-12-30;6;0;10;0;0.0;0.0
FR;64;2020-12-31;5;0;15;0;0.0;0.0
FR;64;2021-01-01;8;0;23;0;0.0;0.0
FR;64;2021-01-02;11;0;34;0;0.0;0.0
FR;64;2021-01-03;17;0;51;0;0.0;0.0
FR;64;2021-01-04;209;2;260;2;0.0;0.0
FR;64;2021-01-05;898;3;1158;5;0.0;0.0
FR;64;2021-01-06;1688;2;2846;7;0.1;0.0
FR;64;2021-01-07;3655;5;6501;12;0.2;0.0
FR;64;2021-01-08;4868;7;11369;19;0.3;0.0
FR;64;2021-01-09;1952;0;13321;19;0.3;0.0
FR;64;2021-01-10;1023;0;14344;19;0.3;0.0
FR;64;2021-01-11;5268;2;19612;21;0.5;0.0
FR;64;2021-01-12;7124;9;26736;30;0.7;0.0
FR;64;2021-01-13;7436;13;34172;43;0.8;0.0
FR;64;2021-01-14;8551;81;42723;124;1.0;0.0
FR;64;2021-01-15;7082;30;49805;154;1.2;0.0
FR;64;2021-01-16;2199;15;52004;169;1.3;0.0
FR;64;2021-01-17;843;9;52847;178;1.3;0.0
FR;64;2021-01-18;4679;11;57526;189;1.4;0.0
FR;64;2021-01-19;6397;15;63923;204;1.6;0.0
FR;64;2021-01-20;6213;27;70136;231;1.7;0.0
FR;64;2021-01-21;6883;19;77019;250;1.9;0.0
FR;64;2021-01-22;5401;21;82420;271;2.0;0.0
FR;64;2021-01-23;1413;8;83833;279;2.0;0.0
FR;64;2021-01-24;432;7;84265;286;2.1;0.0
FR;64;2021-01-25;2769;197;87034;483;2.1;0.0
FR;64;2021-01-26;3520;487;90554;970;2.2;0.0
FR;64;2021-01-27;3762;880;94316;1850;2.3;0.0
FR;64;2021-01-28;4562;1744;98878;3594;2.4;0.1
FR;64;2021-01-29;3522;2318;102400;5912;2.5;0.1
FR;64;2021-01-30;837;706;103237;6618;2.5;0.2
FR;64;2021-01-31;172;279;103409;6897;2.5;0.2
FR;64;2021-02-01;1514;2863;104923;9760;2.6;0.2
FR;64;2021-02-02;2142;4142;107065;13902;2.6;0.3
FR;64;2021-02-03;2302;4358;109367;18260;2.7;0.4
FR;64;2021-02-04;2811;5502;112178;23762;2.7;0.6
FR;64;2021-02-05;2181;4966;114359;28728;2.8;0.7
FR;64;2021-02-06;657;1303;115016;30031;2.8;0.7
FR;64;2021-02-07;164;493;115180;30524;2.8;0.7
FR;64;2021-02-08;1482;4196;116662;34720;2.8;0.8
FR;64;2021-02-09;2339;5657;119001;40377;2.9;1.0
FR;64;2021-02-10;2565;5663;121566;46040;3.0;1.1
FR;64;2021-02-11;3454;7214;125020;53254;3.0;1.3
FR;64;2021-02-12;3108;5432;128128;58686;3.1;1.4
FR;64;2021-02-13;835;1444;128963;60130;3.1;1.5
FR;64;2021-02-14;195;435;129158;60565;3.1;1.5
FR;64;2021-02-15;1589;3878;130747;64443;3.2;1.6
FR;64;2021-02-16;2082;5123;132829;69566;3.2;1.7
FR;64;2021-02-17;2209;4629;135038;74195;3.3;1.8
FR;64;2021-02-18;3229;5440;138267;79635;3.4;1.9
FR;64;2021-02-19;2991;4198;141258;83833;3.4;2.0
FR;64;2021-02-20;804;1195;142062;85028;3.5;2.1
FR;64;2021-02-21;134;255;142196;85283;3.5;2.1
FR;64;2021-02-22;1488;2665;143684;87948;3.5;2.1
FR;64;2021-02-23;2393;2905;146077;90853;3.6;2.2
FR;64;2021-02-24;3863;2843;149940;93696;3.7;2.3
FR;64;2021-02-25;16015;3823;165955;97519;4.0;2.4
FR;64;2021-02-26;21787;2743;187742;100262;4.6;2.4
FR;64;2021-02-27;13048;751;200790;101013;4.9;2.5
FR;64;2021-02-28;790;174;201580;101187;4.9;2.5
FR;64;2021-03-01;6535;1741;208115;102928;5.1;2.5
FR;64;2021-03-02;13108;2312;221223;105240;5.4;2.6
FR;64;2021-03-03;15855;2344;237078;107584;5.8;2.6
FR;64;2021-03-04;25044;2824;262122;110408;6.4;2.7
FR;64;2021-03-05;30365;2594;292487;113002;7.1;2.8
FR;64;2021-03-06;26582;725;319069;113727;7.8;2.8
FR;64;2021-03-07;9811;487;328880;114214;8.0;2.8
FR;64;2021-03-08;8740;1764;337620;115978;8.2;2.8
FR;64;2021-03-09;16771;1984;354391;117962;8.6;2.9
FR;64;2021-03-10;16971;2115;371362;120077;9.1;2.9
FR;64;2021-03-11;25817;2779;397179;122856;9.7;3.0
FR;64;2021-03-12;33322;2312;430501;125168;10.5;3.1
FR;64;2021-03-13;27209;690;457710;125858;11.2;3.1
FR;64;2021-03-14;5415;179;463125;126037;11.3;3.1
FR;64;2021-03-15;10974;1414;474099;127451;11.6;3.1
FR;64;2021-03-16;5979;1754;480078;129205;11.7;3.1
FR;64;2021-03-17;6107;1664;486185;130869;11.9;3.2
FR;64;2021-03-18;7631;2042;493816;132911;12.0;3.2
FR;64;2021-03-19;18832;1882;512648;134793;12.5;3.3
FR;64;2021-03-20;18465;700;531113;135493;12.9;3.3
FR;64;2021-03-21;4719;211;535832;135704;13.1;3.3
FR;64;2021-03-22;13469;1538;549301;137242;13.4;3.3
FR;64;2021-03-23;23417;1968;572718;139210;14.0;3.4
FR;64;2021-03-24;25006;2030;597724;141240;14.6;3.4
FR;64;2021-03-25;36437;2297;634161;143537;15.5;3.5
FR;64;2021-03-26;40002;2248;674163;145785;16.4;3.6
FR;64;2021-03-27;21187;961;695350;146746;17.0;3.6
FR;64;2021-03-28;5066;247;700416;146993;17.1;3.6
FR;64;2021-03-29;17482;2097;717898;149090;17.5;3.6
FR;64;2021-03-30;27244;2762;745142;151852;18.2;3.7
FR;64;2021-03-31;24028;2831;769170;154683;18.8;3.8
FR;64;2021-04-01;30391;3693;799561;158376;19.5;3.9
FR;64;2021-04-02;29104;3528;828665;161904;20.2;3.9
FR;64;2021-04-03;15952;2339;844617;164243;20.6;4.0
FR;64;2021-04-04;4024;784;848641;165027;20.7;4.0
FR;64;2021-04-05;5098;786;853739;165813;20.8;4.0
FR;64;2021-04-06;19092;4217;872831;170030;21.3;4.1
FR;64;2021-04-07;23460;4736;896291;174766;21.8;4.3
FR;64;2021-04-08;34444;5526;930735;180292;22.7;4.4
FR;64;2021-04-09;53277;5915;984012;186207;24.0;4.5
FR;64;2021-04-10;29755;4940;1013767;191147;24.7;4.7
FR;64;2021-04-11;6263;2594;1020030;193741;24.9;4.7
FR;64;2021-04-12;27943;5110;1047973;198851;25.5;4.8
FR;64;2021-04-13;42355;7276;1090328;206127;26.6;5.0
FR;64;2021-04-14;40603;7053;1130931;213180;27.6;5.2
FR;64;2021-04-15;51727;8257;1182658;221437;28.8;5.4
FR;64;2021-04-16;63989;8782;1246647;230219;30.4;5.6
FR;64;2021-04-17;38343;7028;1284990;237247;31.3;5.8
FR;64;2021-04-18;10898;3316;1295888;240563;31.6;5.9
FR;64;2021-04-19;41732;8503;1337620;249066;32.6;6.1
FR;64;2021-04-20;52346;10309;1389966;259375;33.9;6.3
FR;64;2021-04-21;52233;10751;1442199;270126;35.2;6.6
FR;64;2021-04-22;57076;12612;1499275;282738;36.5;6.9
FR;64;2021-04-23;60515;12523;1559790;295261;38.0;7.2
FR;64;2021-04-24;43192;8998;1602982;304259;39.1;7.4
FR;64;2021-04-25;16122;3309;1619104;307568;39.5;7.5
FR;64;2021-04-26;49370;11394;1668474;318962;40.7;7.8
FR;64;2021-04-27;62708;15391;1731182;334353;42.2;8.2
FR;64;2021-04-28;63634;15849;1794816;350202;43.8;8.5
FR;64;2021-04-29;73283;20270;1868099;370472;45.5;9.0
FR;64;2021-04-30;74867;21818;1942966;392290;47.4;9.6
FR;64;2021-05-01;29187;6602;1972153;398892;48.1;9.7
FR;64;2021-05-02;14374;3944;1986527;402836;48.4;9.8
FR;64;2021-05-03;51963;15747;2038490;418583;49.7;10.2
FR;64;2021-05-04;52861;21550;2091351;440133;51.0;10.7
FR;64;2021-05-05;49110;22599;2140461;462732;52.2;11.3
FR;64;2021-05-06;56589;28698;2197050;491430;53.6;12.0
FR;64;2021-05-07;50611;33893;2247661;525323;54.8;12.8
FR;64;2021-05-08;19923;9239;2267584;534562;55.3;13.0
FR;64;2021-05-09;9992;5473;2277576;540035;55.5;13.2
FR;64;2021-05-10;34099;26687;2311675;566722;56.4;13.8
FR;64;2021-05-11;43768;37037;2355443;603759;57.4;14.7
FR;64;2021-05-12;38725;34878;2394168;638637;58.4;15.6
FR;64;2021-05-13;21917;10026;2416085;648663;58.9;15.8
FR;64;2021-05-14;36166;28975;2452251;677638;59.8;16.5
FR;64;2021-05-15;21104;18954;2473355;696592;60.3;17.0
FR;64;2021-05-16;7952;4287;2481307;700879;60.5;17.1
FR;64;2021-05-17;26739;25329;2508046;726208;61.1;17.7
FR;64;2021-05-18;33194;28198;2541240;754406;61.9;18.4
FR;64;2021-05-19;30137;26326;2571377;780732;62.7;19.0
FR;64;2021-05-20;34718;33168;2606095;813900;63.5;19.8
FR;64;2021-05-21;29861;37283;2635956;851183;64.3;20.7
FR;64;2021-05-22;14730;17657;2650686;868840;64.6;21.2
FR;64;2021-05-23;5079;2811;2655765;871651;64.7;21.2
FR;64;2021-05-24;10638;6464;2666403;878115;65.0;21.4
FR;64;2021-05-25;22337;34233;2688740;912348;65.5;22.2
FR;69;2020-12-27;2;0;2;0;0.0;0.0
FR;69;2020-12-28;2;0;4;0;0.0;0.0
FR;69;2020-12-29;3;0;7;0;0.0;0.0
FR;69;2020-12-30;7;0;14;0;0.0;0.0
FR;69;2020-12-31;5;0;19;0;0.0;0.0
FR;69;2021-01-01;6;0;25;0;0.0;0.0
FR;69;2021-01-02;10;0;35;0;0.0;0.0
FR;69;2021-01-03;8;0;43;0;0.0;0.0
FR;69;2021-01-04;114;0;157;0;0.0;0.0
FR;69;2021-01-05;410;2;567;2;0.0;0.0
FR;69;2021-01-06;806;2;1373;4;0.0;0.0
FR;69;2021-01-07;1889;3;3262;7;0.1;0.0
FR;69;2021-01-08;2451;0;5713;7;0.1;0.0
FR;69;2021-01-09;1123;1;6836;8;0.2;0.0
FR;69;2021-01-10;657;0;7493;8;0.2;0.0
FR;69;2021-01-11;2731;3;10224;11;0.3;0.0
FR;69;2021-01-12;3867;2;14091;13;0.4;0.0
FR;69;2021-01-13;3781;9;17872;22;0.5;0.0
FR;69;2021-01-14;4560;46;22432;68;0.6;0.0
FR;69;2021-01-15;3839;14;26271;82;0.7;0.0
FR;69;2021-01-16;1341;8;27612;90;0.7;0.0
FR;69;2021-01-17;634;3;28246;93;0.7;0.0
FR;69;2021-01-18;3254;15;31500;108;0.8;0.0
FR;69;2021-01-19;4787;19;36287;127;0.9;0.0
FR;69;2021-01-20;4754;11;41041;138;1.1;0.0
FR;69;2021-01-21;5518;13;46559;151;1.2;0.0
FR;69;2021-01-22;4368;14;50927;165;1.3;0.0
FR;69;2021-01-23;1359;4;52286;169;1.3;0.0
FR;69;2021-01-24;446;5;52732;174;1.4;0.0
FR;69;2021-01-25;2721;81;55453;255;1.4;0.0
FR;69;2021-01-26;3344;181;58797;436;1.5;0.0
FR;69;2021-01-27;3667;408;62464;844;1.6;0.0
FR;69;2021-01-28;4320;886;66784;1730;1.7;0.0
FR;69;2021-01-29;3482;1232;70266;2962;1.8;0.1
FR;69;2021-01-30;937;402;71203;3364;1.8;0.1
FR;69;2021-01-31;180;160;71383;3524;1.8;0.1
FR;69;2021-02-01;1805;1521;73188;5045;1.9;0.1
FR;69;2021-02-02;2401;2201;75589;7246;1.9;0.2
FR;69;2021-02-03;2415;2271;78004;9517;2.0;0.2
FR;69;2021-02-04;2977;2922;80981;12439;2.1;0.3
FR;69;2021-02-05;2502;2538;83483;14977;2.1;0.4
FR;69;2021-02-06;721;808;84204;15785;2.2;0.4
FR;69;2021-02-07;162;391;84366;16176;2.2;0.4
FR;69;2021-02-08;1605;2408;85971;18584;2.2;0.5
FR;69;2021-02-09;2398;3410;88369;21994;2.3;0.6
FR;69;2021-02-10;2560;3403;90929;25397;2.3;0.7
FR;69;2021-02-11;3510;4858;94439;30255;2.4;0.8
FR;69;2021-02-12;3154;3416;97593;33671;2.5;0.9
FR;69;2021-02-13;865;1033;98458;34704;2.5;0.9
FR;69;2021-02-14;215;413;98673;35117;2.5;0.9
FR;69;2021-02-15;1326;2775;99999;37892;2.6;1.0
FR;69;2021-02-16;1864;3981;101863;41873;2.6;1.1
FR;69;2021-02-17;2010;3661;103873;45534;2.7;1.2
FR;69;2021-02-18;2996;4556;106869;50090;2.7;1.3
FR;69;2021-02-19;2857;3503;109726;53593;2.8;1.4
FR;69;2021-02-20;753;1025;110479;54618;2.8;1.4
FR;69;2021-02-21;150;235;110629;54853;2.8;1.4
FR;69;2021-02-22;1604;2573;112233;57426;2.9;1.5
FR;69;2021-02-23;2267;2817;114500;60243;2.9;1.5
FR;69;2021-02-24;2656;2908;117156;63151;3.0;1.6
FR;69;2021-02-25;3874;3571;121030;66722;3.1;1.7
FR;69;2021-02-26;4271;2623;125301;69345;3.2;1.8
FR;69;2021-02-27;1806;704;127107;70049;3.3;1.8
FR;69;2021-02-28;311;179;127418;70228;3.3;1.8
FR;69;2021-03-01;2792;1926;130210;72154;3.3;1.8
FR;69;2021-03-02;4711;2430;134921;74584;3.5;1.9
FR;69;2021-03-03;6658;2468;141579;77052;3.6;2.0
FR;69;2021-03-04;11703;2995;153282;80047;3.9;2.1
FR;69;2021-03-05;17420;2658;170702;82705;4.4;2.1
FR;69;2021-03-06;23031;738;193733;83443;5.0;2.1
FR;69;2021-03-07;14718;406;208451;83849;5.3;2.1
FR;69;2021-03-08;9719;2019;218170;85868;5.6;2.2
FR;69;2021-03-09;17440;2456;235610;88324;6.0;2.3
FR;69;2021-03-10;18731;2506;254341;90830;6.5;2.3
FR;69;2021-03-11;29069;3166;283410;93996;7.3;2.4
FR;69;2021-03-12;39735;2853;323145;96849;8.3;2.5
FR;69;2021-03-13;35854;908;358999;97757;9.2;2.5
FR;69;2021-03-14;8166;228;367165;97985;9.4;2.5
FR;69;2021-03-15;16611;1780;383776;99765;9.8;2.6
FR;69;2021-03-16;10708;2162;394484;101927;10.1;2.6
FR;69;2021-03-17;11716;2159;406200;104086;10.4;2.7
FR;69;2021-03-18;13104;2573;419304;106659;10.7;2.7
FR;69;2021-03-19;28701;2368;448005;109027;11.5;2.8
FR;69;2021-03-20;26861;844;474866;109871;12.2;2.8
FR;69;2021-03-21;7112;265;481978;110136;12.4;2.8
FR;69;2021-03-22;21132;2131;503110;112267;12.9;2.9
FR;69;2021-03-23;36082;2744;539192;115011;13.8;2.9
FR;69;2021-03-24;37355;2770;576547;117781;14.8;3.0
FR;69;2021-03-25;54802;3002;631349;120783;16.2;3.1
FR;69;2021-03-26;58952;2894;690301;123677;17.7;3.2
FR;69;2021-03-27;30026;1309;720327;124986;18.5;3.2
FR;69;2021-03-28;7597;368;727924;125354;18.7;3.2
FR;69;2021-03-29;27625;3382;755549;128736;19.4;3.3
FR;69;2021-03-30;42170;4277;797719;133013;20.4;3.4
FR;69;2021-03-31;35299;4326;833018;137339;21.3;3.5
FR;69;2021-04-01;43112;5696;876130;143035;22.5;3.7
FR;69;2021-04-02;41235;5844;917365;148879;23.5;3.8
FR;69;2021-04-03;21636;3902;939001;152781;24.1;3.9
FR;69;2021-04-04;5801;1300;944802;154081;24.2;3.9
FR;69;2021-04-05;7607;1052;952409;155133;24.4;4.0
FR;69;2021-04-06;27726;7129;980135;162262;25.1;4.2
FR;69;2021-04-07;32329;7690;1012464;169952;25.9;4.4
FR;69;2021-04-08;48464;8765;1060928;178717;27.2;4.6
FR;69;2021-04-09;70408;8904;1131336;187621;29.0;4.8
FR;69;2021-04-10;36595;7790;1167931;195411;29.9;5.0
FR;69;2021-04-11;7993;4272;1175924;199683;30.1;5.1
FR;69;2021-04-12;38502;8774;1214426;208457;31.1;5.3
FR;69;2021-04-13;53411;11868;1267837;220325;32.5;5.6
FR;69;2021-04-14;49181;11571;1317018;231896;33.8;5.9
FR;69;2021-04-15;61659;13431;1378677;245327;35.3;6.3
FR;69;2021-04-16;72367;13968;1451044;259295;37.2;6.6
FR;69;2021-04-17;39494;10626;1490538;269921;38.2;6.9
FR;69;2021-04-18;9993;5011;1500531;274932;38.5;7.0
FR;69;2021-04-19;45738;13812;1546269;288744;39.6;7.4
FR;69;2021-04-20;56877;16721;1603146;305465;41.1;7.8
FR;69;2021-04-21;53267;16453;1656413;321918;42.5;8.3
FR;69;2021-04-22;59994;18635;1716407;340553;44.0;8.7
FR;69;2021-04-23;59102;18657;1775509;359210;45.5;9.2
FR;69;2021-04-24;37159;13085;1812668;372295;46.5;9.5
FR;69;2021-04-25;13172;4962;1825840;377257;46.8;9.7
FR;69;2021-04-26;49091;18281;1874931;395538;48.1;10.1
FR;69;2021-04-27;61551;23083;1936482;418621;49.6;10.7
FR;69;2021-04-28;59515;21978;1995997;440599;51.2;11.3
FR;69;2021-04-29;69720;24724;2065717;465323;52.9;11.9
FR;69;2021-04-30;66642;23781;2132359;489104;54.6;12.5
FR;69;2021-05-01;23740;7568;2156099;496672;55.3;12.7
FR;69;2021-05-02;11131;5128;2167230;501800;55.5;12.9
FR;69;2021-05-03;47172;21264;2214402;523064;56.8;13.4
FR;69;2021-05-04;47712;27680;2262114;550744;58.0;14.1
FR;69;2021-05-05;42495;27101;2304609;577845;59.1;14.8
FR;69;2021-05-06;50647;30144;2355256;607989;60.4;15.6
FR;69;2021-05-07;42091;34238;2397347;642227;61.4;16.5
FR;69;2021-05-08;15079;9341;2412426;651568;61.8;16.7
FR;69;2021-05-09;7267;6553;2419693;658121;62.0;16.9
FR;69;2021-05-10;29360;34663;2449053;692784;62.8;17.8
FR;69;2021-05-11;38015;43709;2487068;736493;63.7;18.9
FR;69;2021-05-12;32794;39149;2519862;775642;64.6;19.9
FR;69;2021-05-13;17439;11493;2537301;787135;65.0;20.2
FR;69;2021-05-14;29906;34124;2567207;821259;65.8;21.0
FR;69;2021-05-15;15152;18499;2582359;839758;66.2;21.5
FR;69;2021-05-16;5427;4307;2587786;844065;66.3;21.6
FR;69;2021-05-17;21735;28751;2609521;872816;66.9;22.4
FR;69;2021-05-18;27732;29551;2637253;902367;67.6;23.1
FR;69;2021-05-19;24121;25186;2661374;927553;68.2;23.8
FR;69;2021-05-20;28173;27772;2689547;955325;68.9;24.5
FR;69;2021-05-21;22766;30670;2712313;985995;69.5;25.3
FR;69;2021-05-22;9607;14350;2721920;1000345;69.8;25.6
FR;69;2021-05-23;3171;2364;2725091;1002709;69.8;25.7
FR;69;2021-05-24;8032;7116;2733123;1009825;70.0;25.9
FR;69;2021-05-25;17608;36137;2750731;1045962;70.5;26.8
FR;74;2020-12-27;1;0;1;0;0.0;0.0
FR;74;2020-12-28;7;0;8;0;0.0;0.0
FR;74;2020-12-29;5;0;13;0;0.0;0.0
FR;74;2020-12-30;11;0;24;0;0.0;0.0
FR;74;2020-12-31;7;0;31;0;0.0;0.0
FR;74;2021-01-01;5;0;36;0;0.0;0.0
FR;74;2021-01-02;3;0;39;0;0.0;0.0
FR;74;2021-01-03;12;0;51;0;0.0;0.0
FR;74;2021-01-04;86;1;137;1;0.0;0.0
FR;74;2021-01-05;297;0;434;1;0.0;0.0
FR;74;2021-01-06;554;1;988;2;0.0;0.0
FR;74;2021-01-07;1464;0;2452;2;0.1;0.0
FR;74;2021-01-08;1793;3;4245;5;0.1;0.0
FR;74;2021-01-09;794;1;5039;6;0.1;0.0
FR;74;2021-01-10;534;0;5573;6;0.2;0.0
FR;74;2021-01-11;2120;0;7693;6;0.2;0.0
FR;74;2021-01-12;3147;3;10840;9;0.3;0.0
FR;74;2021-01-13;3193;6;14033;15;0.4;0.0
FR;74;2021-01-14;3941;39;17974;54;0.5;0.0
FR;74;2021-01-15;3531;9;21505;63;0.6;0.0
FR;74;2021-01-16;1333;2;22838;65;0.7;0.0
FR;74;2021-01-17;764;3;23602;68;0.7;0.0
FR;74;2021-01-18;4715;11;28317;79;0.8;0.0
FR;74;2021-01-19;6820;11;35137;90;1.0;0.0
FR;74;2021-01-20;7093;11;42230;101;1.2;0.0
FR;74;2021-01-21;8176;22;50406;123;1.4;0.0
FR;74;2021-01-22;6534;17;56940;140;1.6;0.0
FR;74;2021-01-23;2258;1;59198;141;1.7;0.0
FR;74;2021-01-24;608;0;59806;141;1.7;0.0
FR;74;2021-01-25;4532;56;64338;197;1.8;0.0
FR;74;2021-01-26;5623;149;69961;346;2.0;0.0
FR;74;2021-01-27;5980;271;75941;617;2.2;0.0
FR;74;2021-01-28;6970;749;82911;1366;2.4;0.0
FR;74;2021-01-29;5732;896;88643;2262;2.5;0.1
FR;74;2021-01-30;1769;261;90412;2523;2.6;0.1
FR;74;2021-01-31;294;114;90706;2637;2.6;0.1
FR;74;2021-02-01;3276;1060;93982;3697;2.7;0.1
FR;74;2021-02-02;4282;1783;98264;5480;2.8;0.2
FR;74;2021-02-03;4302;1805;102566;7285;2.9;0.2
FR;74;2021-02-04;5174;2467;107740;9752;3.1;0.3
FR;74;2021-02-05;4382;2178;112122;11930;3.2;0.3
FR;74;2021-02-06;1395;694;113517;12624;3.3;0.4
FR;74;2021-02-07;243;351;113760;12975;3.3;0.4
FR;74;2021-02-08;3072;2506;116832;15481;3.4;0.4
FR;74;2021-02-09;4100;3724;120932;19205;3.5;0.6
FR;74;2021-02-10;4409;3814;125341;23019;3.6;0.7
FR;74;2021-02-11;5616;5471;130957;28490;3.8;0.8
FR;74;2021-02-12;5258;3818;136215;32308;3.9;0.9
FR;74;2021-02-13;1647;1219;137862;33527;4.0;1.0
FR;74;2021-02-14;405;471;138267;33998;4.0;1.0
FR;74;2021-02-15;2396;4180;140663;38178;4.0;1.1
FR;74;2021-02-16;3276;5630;143939;43808;4.1;1.3
FR;74;2021-02-17;3391;5449;147330;49257;4.2;1.4
FR;74;2021-02-18;4923;6803;152253;56060;4.4;1.6
FR;74;2021-02-19;4872;5407;157125;61467;4.5;1.8
FR;74;2021-02-20;1548;1736;158673;63203;4.6;1.8
FR;74;2021-02-21;232;415;158905;63618;4.6;1.8
FR;74;2021-02-22;2860;4292;161765;67910;4.7;2.0
FR;74;2021-02-23;4135;4891;165900;72801;4.8;2.1
FR;74;2021-02-24;4515;4840;170415;77641;4.9;2.2
FR;74;2021-02-25;5522;5694;175937;83335;5.1;2.4
FR;74;2021-02-26;5478;4466;181415;87801;5.2;2.5
FR;74;2021-02-27;2005;1365;183420;89166;5.3;2.6
FR;74;2021-02-28;528;293;183948;89459;5.3;2.6
FR;74;2021-03-01;5060;3363;189008;92822;5.4;2.7
FR;74;2021-03-02;7441;4273;196449;97095;5.6;2.8
FR;74;2021-03-03;9673;4255;206122;101350;5.9;2.9
FR;74;2021-03-04;15002;4799;221124;106149;6.4;3.1
FR;74;2021-03-05;21621;4577;242745;110726;7.0;3.2
FR;74;2021-03-06;31070;1361;273815;112087;7.9;3.2
FR;74;2021-03-07;20870;503;294685;112590;8.5;3.2
FR;74;2021-03-08;14181;3655;308866;116245;8.9;3.3
FR;74;2021-03-09;24013;4219;332879;120464;9.6;3.5
FR;74;2021-03-10;26217;4393;359096;124857;10.3;3.6
FR;74;2021-03-11;38219;5276;397315;130133;11.4;3.7
FR;74;2021-03-12;50476;4676;447791;134809;12.9;3.9
FR;74;2021-03-13;47655;1532;495446;136341;14.2;3.9
FR;74;2021-03-14;11929;413;507375;136754;14.6;3.9
FR;74;2021-03-15;25465;3123;532840;139877;15.3;4.0
FR;74;2021-03-16;20020;3833;552860;143710;15.9;4.1
FR;74;2021-03-17;21786;3866;574646;147576;16.5;4.2
FR;74;2021-03-18;24385;4506;599031;152082;17.2;4.4
FR;74;2021-03-19;41263;3949;640294;156031;18.4;4.5
FR;74;2021-03-20;35317;1553;675611;157584;19.4;4.5
FR;74;2021-03-21;9470;396;685081;157980;19.7;4.5
FR;74;2021-03-22;31423;3883;716504;161863;20.6;4.7
FR;74;2021-03-23;50047;4776;766551;166639;22.0;4.8
FR;74;2021-03-24;52001;5154;818552;171793;23.5;4.9
FR;74;2021-03-25;74534;5519;893086;177312;25.7;5.1
FR;74;2021-03-26;80568;5139;973654;182451;28.0;5.2
FR;74;2021-03-27;50917;2363;1024571;184814;29.5;5.3
FR;74;2021-03-28;17782;732;1042353;185546;30.0;5.3
FR;74;2021-03-29;56008;6841;1098361;192387;31.6;5.5
FR;74;2021-03-30;76431;8703;1174792;201090;33.8;5.8
FR;74;2021-03-31;67795;9266;1242587;210356;35.7;6.0
FR;74;2021-04-01;78198;11646;1320785;222002;38.0;6.4
FR;74;2021-04-02;69869;12225;1390654;234227;40.0;6.7
FR;74;2021-04-03;37113;8418;1427767;242645;41.0;7.0
FR;74;2021-04-04;12496;2774;1440263;245419;41.4;7.1
FR;74;2021-04-05;19193;1846;1459456;247265;42.0;7.1
FR;74;2021-04-06;64237;15051;1523693;262316;43.8;7.5
FR;74;2021-04-07;72534;15920;1596227;278236;45.9;8.0
FR;74;2021-04-08;87481;17812;1683708;296048;48.4;8.5
FR;74;2021-04-09;97107;17593;1780815;313641;51.2;9.0
FR;74;2021-04-10;48571;13971;1829386;327612;52.6;9.4
FR;74;2021-04-11;12729;6806;1842115;334418;53.0;9.6
FR;74;2021-04-12;60809;17654;1902924;352072;54.7;10.1
FR;74;2021-04-13;68599;22113;1971523;374185;56.7;10.8
FR;74;2021-04-14;59977;21705;2031500;395890;58.4;11.4
FR;74;2021-04-15;61792;23644;2093292;419534;60.2;12.1
FR;74;2021-04-16;52114;24254;2145406;443788;61.7;12.8
FR;74;2021-04-17;25646;16767;2171052;460555;62.4;13.2
FR;74;2021-04-18;5734;6958;2176786;467513;62.6;13.4
FR;74;2021-04-19;31633;24241;2208419;491754;63.5;14.1
FR;74;2021-04-20;36129;29507;2244548;521261;64.5;15.0
FR;74;2021-04-21;33227;30155;2277775;551416;65.5;15.9
FR;74;2021-04-22;37945;35111;2315720;586527;66.6;16.9
FR;74;2021-04-23;34660;38690;2350380;625217;67.6;18.0
FR;74;2021-04-24;18558;30669;2368938;655886;68.1;18.9
FR;74;2021-04-25;6101;12540;2375039;668426;68.3;19.2
FR;74;2021-04-26;26447;46797;2401486;715223;69.0;20.6
FR;74;2021-04-27;32900;55953;2434386;771176;70.0;22.2
FR;74;2021-04-28;32440;52747;2466826;823923;70.9;23.7
FR;74;2021-04-29;38466;53857;2505292;877780;72.0;25.2
FR;74;2021-04-30;34855;49034;2540147;926814;73.0;26.6
FR;74;2021-05-01;11043;15111;2551190;941925;73.3;27.1
FR;74;2021-05-02;5132;11368;2556322;953293;73.5;27.4
FR;74;2021-05-03;24032;52032;2580354;1005325;74.2;28.9
FR;74;2021-05-04;24919;69163;2605273;1074488;74.9;30.9
FR;74;2021-05-05;22520;64860;2627793;1139348;75.5;32.8
FR;74;2021-05-06;27195;63202;2654988;1202550;76.3;34.6
FR;74;2021-05-07;23090;65934;2678078;1268484;77.0;36.5
FR;74;2021-05-08;7765;14264;2685843;1282748;77.2;36.9
FR;74;2021-05-09;3650;10466;2689493;1293214;77.3;37.2
FR;74;2021-05-10;15849;63015;2705342;1356229;77.8;39.0
FR;74;2021-05-11;20841;64057;2726183;1420286;78.4;40.8
FR;74;2021-05-12;18240;53118;2744423;1473404;78.9;42.4
FR;74;2021-05-13;9046;12073;2753469;1485477;79.2;42.7
FR;74;2021-05-14;16843;37714;2770312;1523191;79.6;43.8
FR;74;2021-05-15;8316;17547;2778628;1540738;79.9;44.3
FR;74;2021-05-16;2974;3494;2781602;1544232;80.0;44.4
FR;74;2021-05-17;12149;30754;2793751;1574986;80.3;45.3
FR;74;2021-05-18;15285;30424;2809036;1605410;80.8;46.2
FR;74;2021-05-19;13853;25352;2822889;1630762;81.2;46.9
FR;74;2021-05-20;15869;27642;2838758;1658404;81.6;47.7
FR;74;2021-05-21;13191;30650;2851949;1689054;82.0;48.6
FR;74;2021-05-22;5719;14189;2857668;1703243;82.2;49.0
FR;74;2021-05-23;1839;2376;2859507;1705619;82.2;49.0
FR;74;2021-05-24;4574;5710;2864081;1711329;82.3;49.2
FR;74;2021-05-25;10360;35137;2874441;1746466;82.6;50.2
FR;79;2020-12-27;1;0;1;0;0.0;0.0
FR;79;2020-12-28;6;0;7;0;0.0;0.0
FR;79;2020-12-29;16;0;23;0;0.0;0.0
FR;79;2020-12-30;11;0;34;0;0.0;0.0
FR;79;2020-12-31;6;0;40;0;0.0;0.0
FR;79;2021-01-01;4;0;44;0;0.0;0.0
FR;79;2021-01-02;4;0;48;0;0.0;0.0
FR;79;2021-01-03;2;0;50;0;0.0;0.0
FR;79;2021-01-04;49;0;99;0;0.0;0.0
FR;79;2021-01-05;171;0;270;0;0.0;0.0
FR;79;2021-01-06;339;0;609;0;0.0;0.0
FR;79;2021-01-07;905;0;1514;0;0.1;0.0
FR;79;2021-01-08;1082;1;2596;1;0.1;0.0
FR;79;2021-01-09;364;0;2960;1;0.1;0.0
FR;79;2021-01-10;191;0;3151;1;0.1;0.0
FR;79;2021-01-11;1149;2;4300;3;0.2;0.0
FR;79;2021-01-12;2205;2;6505;5;0.3;0.0
FR;79;2021-01-13;2746;2;9251;7;0.4;0.0
FR;79;2021-01-14;4434;35;13685;42;0.6;0.0
FR;79;2021-01-15;5254;16;18939;58;0.9;0.0
FR;79;2021-01-16;2821;11;21760;69;1.0;0.0
FR;79;2021-01-17;1305;3;23065;72;1.0;0.0
FR;79;2021-01-18;19645;36;42710;108;1.9;0.0
FR;79;2021-01-19;26040;35;68750;143;3.1;0.0
FR;79;2021-01-20;28022;31;96772;174;4.4;0.0
FR;79;2021-01-21;30046;32;126818;206;5.7;0.0
FR;79;2021-01-22;27896;27;154714;233;7.0;0.0
FR;79;2021-01-23;11661;10;166375;243;7.5;0.0
FR;79;2021-01-24;2172;3;168547;246;7.6;0.0
FR;79;2021-01-25;22550;44;191097;290;8.6;0.0
FR;79;2021-01-26;25725;117;216822;407;9.8;0.0
FR;79;2021-01-27;25007;194;241829;601;10.9;0.0
FR;79;2021-01-28;25198;559;267027;1160;12.0;0.1
FR;79;2021-01-29;22538;562;289565;1722;13.1;0.1
FR;79;2021-01-30;8782;137;298347;1859;13.5;0.1
FR;79;2021-01-31;1230;55;299577;1914;13.5;0.1
FR;79;2021-02-01;16136;643;315713;2557;14.2;0.1
FR;79;2021-02-02;19267;1271;334980;3828;15.1;0.2
FR;79;2021-02-03;18290;1579;353270;5407;15.9;0.2
FR;79;2021-02-04;19175;2533;372445;7940;16.8;0.4
FR;79;2021-02-05;18021;2680;390466;10620;17.6;0.5
FR;79;2021-02-06;6451;1005;396917;11625;17.9;0.5
FR;79;2021-02-07;872;391;397789;12016;17.9;0.5
FR;79;2021-02-08;13083;5811;410872;17827;18.5;0.8
FR;79;2021-02-09;15553;7672;426425;25499;19.2;1.1
FR;79;2021-02-10;15443;8046;441868;33545;19.9;1.5
FR;79;2021-02-11;16528;9606;458396;43151;20.7;1.9
FR;79;2021-02-12;15666;9406;474062;52557;21.4;2.4
FR;79;2021-02-13;5005;4122;479067;56679;21.6;2.6
FR;79;2021-02-14;905;1043;479972;57722;21.6;2.6
FR;79;2021-02-15;7131;19824;487103;77546;22.0;3.5
FR;79;2021-02-16;8351;23625;495454;101171;22.3;4.6
FR;79;2021-02-17;8250;24025;503704;125196;22.7;5.6
FR;79;2021-02-18;10291;24422;513995;149618;23.2;6.7
FR;79;2021-02-19;10314;20762;524309;170380;23.6;7.7
FR;79;2021-02-20;3766;8312;528075;178692;23.8;8.1
FR;79;2021-02-21;549;1555;528624;180247;23.8;8.1
FR;79;2021-02-22;6986;21884;535610;202131;24.2;9.1
FR;79;2021-02-23;9637;23565;545247;225696;24.6;10.2
FR;79;2021-02-24;10024;22204;555271;247900;25.0;11.2
FR;79;2021-02-25;11677;22086;566948;269986;25.6;12.2
FR;79;2021-02-26;12062;19111;579010;289097;26.1;13.0
FR;79;2021-02-27;4420;6733;583430;295830;26.3;13.3
FR;79;2021-02-28;874;1038;584304;296868;26.4;13.4
FR;79;2021-03-01;12115;16449;596419;313317;26.9;14.1
FR;79;2021-03-02;16313;19263;612732;332580;27.6;15.0
FR;79;2021-03-03;17726;18529;630458;351109;28.4;15.8
FR;79;2021-03-04;20890;17665;651348;368774;29.4;16.6
FR;79;2021-03-05;22446;16460;673794;385234;30.4;17.4
FR;79;2021-03-06;28974;5344;702768;390578;31.7;17.6
FR;79;2021-03-07;21058;1018;723826;391596;32.6;17.7
FR;79;2021-03-08;17355;15323;741181;406919;33.4;18.4
FR;79;2021-03-09;25731;16415;766912;423334;34.6;19.1
FR;79;2021-03-10;26856;15585;793768;438919;35.8;19.8
FR;79;2021-03-11;31812;15074;825580;453993;37.2;20.5
FR;79;2021-03-12;33328;12928;858908;466921;38.7;21.1
FR;79;2021-03-13;25261;4212;884169;471133;39.9;21.2
FR;79;2021-03-14;9462;766;893631;471899;40.3;21.3
FR;79;2021-03-15;28442;8677;922073;480576;41.6;21.7
FR;79;2021-03-16;32785;9288;954858;489864;43.1;22.1
FR;79;2021-03-17;33772;9241;988630;499105;44.6;22.5
FR;79;2021-03-18;36656;9729;1025286;508834;46.2;22.9
FR;79;2021-03-19;36677;8856;1061963;517690;47.9;23.3
FR;79;2021-03-20;20663;3277;1082626;520967;48.8;23.5
FR;79;2021-03-21;5874;598;1088500;521565;49.1;23.5
FR;79;2021-03-22;28540;9171;1117040;530736;50.4;23.9
FR;79;2021-03-23;37002;10768;1154042;541504;52.0;24.4
FR;79;2021-03-24;35491;11332;1189533;552836;53.6;24.9
FR;79;2021-03-25;41828;11105;1231361;563941;55.5;25.4
FR;79;2021-03-26;39304;10417;1270665;574358;57.3;25.9
FR;79;2021-03-27;17624;4401;1288289;578759;58.1;26.1
FR;79;2021-03-28;4794;901;1293083;579660;58.3;26.1
FR;79;2021-03-29;22238;14994;1315321;594654;59.3;26.8
FR;79;2021-03-30;27974;18887;1343295;613541;60.6;27.7
FR;79;2021-03-31;24645;19725;1367940;633266;61.7;28.6
FR;79;2021-04-01;27123;23172;1395063;656438;62.9;29.6
FR;79;2021-04-02;23009;24427;1418072;680865;64.0;30.7
FR;79;2021-04-03;10001;17357;1428073;698222;64.4;31.5
FR;79;2021-04-04;2798;5061;1430871;703283;64.5;31.7
FR;79;2021-04-05;4184;2744;1435055;706027;64.7;31.8
FR;79;2021-04-06;18884;28945;1453939;734972;65.6;33.1
FR;79;2021-04-07;20992;29828;1474931;764800;66.5;34.5
FR;79;2021-04-08;24930;29892;1499861;794692;67.6;35.8
FR;79;2021-04-09;26769;28069;1526630;822761;68.9;37.1
FR;79;2021-04-10;13625;18913;1540255;841674;69.5;38.0
FR;79;2021-04-11;3502;6444;1543757;848118;69.6;38.2
FR;79;2021-04-12;16697;28881;1560454;876999;70.4;39.6
FR;79;2021-04-13;19045;34978;1579499;911977;71.2;41.1
FR;79;2021-04-14;18095;33117;1597594;945094;72.1;42.6
FR;79;2021-04-15;19027;33291;1616621;978385;72.9;44.1
FR;79;2021-04-16;16161;31016;1632782;1009401;73.6;45.5
FR;79;2021-04-17;8116;16679;1640898;1026080;74.0;46.3
FR;79;2021-04-18;1764;4830;1642662;1030910;74.1;46.5
FR;79;2021-04-19;9797;29150;1652459;1060060;74.5;47.8
FR;79;2021-04-20;11610;34415;1664069;1094475;75.0;49.4
FR;79;2021-04-21;11220;31181;1675289;1125656;75.6;50.8
FR;79;2021-04-22;12766;31055;1688055;1156711;76.1;52.2
FR;79;2021-04-23;11829;27653;1699884;1184364;76.7;53.4
FR;79;2021-04-24;6123;13703;1706007;1198067;76.9;54.0
FR;79;2021-04-25;1894;3419;1707901;1201486;77.0;54.2
FR;79;2021-04-26;8831;20569;1716732;1222055;77.4;55.1
FR;79;2021-04-27;11003;23632;1727735;1245687;77.9;56.2
FR;79;2021-04-28;11510;20865;1739245;1266552;78.4;57.1
FR;79;2021-04-29;13520;20626;1752765;1287178;79.0;58.1
FR;79;2021-04-30;12735;17549;1765500;1304727;79.6;58.8
FR;79;2021-05-01;3789;3907;1769289;1308634;79.8;59.0
FR;79;2021-05-02;1725;2613;1771014;1311247;79.9;59.1
FR;79;2021-05-03;8520;15072;1779534;1326319;80.3;59.8
FR;79;2021-05-04;8843;20119;1788377;1346438;80.7;60.7
FR;79;2021-05-05;8304;18940;1796681;1365378;81.0;61.6
FR;79;2021-05-06;10152;18741;1806833;1384119;81.5;62.4
FR;79;2021-05-07;8863;19413;1815696;1403532;81.9;63.3
FR;79;2021-05-08;2914;4279;1818610;1407811;82.0;63.5
FR;79;2021-05-09;1377;2984;1819987;1410795;82.1;63.6
FR;79;2021-05-10;6043;17448;1826030;1428243;82.4;64.4
FR;79;2021-05-11;7890;18515;1833920;1446758;82.7;65.2
FR;79;2021-05-12;7147;15752;1841067;1462510;83.0;66.0
FR;79;2021-05-13;3477;3776;1844544;1466286;83.2;66.1
FR;79;2021-05-14;6701;11350;1851245;1477636;83.5;66.6
FR;79;2021-05-15;3258;5087;1854503;1482723;83.6;66.9
FR;79;2021-05-16;1138;1150;1855641;1483873;83.7;66.9
FR;79;2021-05-17;4866;8963;1860507;1492836;83.9;67.3
FR;79;2021-05-18;5987;9101;1866494;1501937;84.2;67.7
FR;79;2021-05-19;5592;7930;1872086;1509867;84.4;68.1
FR;79;2021-05-20;6476;8068;1878562;1517935;84.7;68.5
FR;79;2021-05-21;5484;8690;1884046;1526625;85.0;68.9
FR;79;2021-05-22;2377;3791;1886423;1530416;85.1;69.0
FR;79;2021-05-23;723;784;1887146;1531200;85.1;69.1
FR;79;2021-05-24;1804;1587;1888950;1532787;85.2;69.1
FR;79;2021-05-25;4242;10144;1893192;1542931;85.4;69.6
FR;80;2020-12-27;10;2;10;2;0.0;0.0
FR;80;2020-12-28;41;0;51;2;0.0;0.0
FR;80;2020-12-29;78;0;129;2;0.0;0.0
FR;80;2020-12-30;69;0;198;2;0.0;0.0
FR;80;2020-12-31;49;0;247;2;0.0;0.0
FR;80;2021-01-01;9;0;256;2;0.0;0.0
FR;80;2021-01-02;8;0;264;2;0.0;0.0
FR;80;2021-01-03;2;0;266;2;0.0;0.0
FR;80;2021-01-04;297;1;563;3;0.0;0.0
FR;80;2021-01-05;909;0;1472;3;0.0;0.0
FR;80;2021-01-06;1674;0;3146;3;0.1;0.0
FR;80;2021-01-07;6292;2;9438;5;0.2;0.0
FR;80;2021-01-08;5742;2;15180;7;0.4;0.0
FR;80;2021-01-09;979;0;16159;7;0.4;0.0
FR;80;2021-01-10;308;0;16467;7;0.4;0.0
FR;80;2021-01-11;4439;4;20906;11;0.5;0.0
FR;80;2021-01-12;12702;9;33608;20;0.8;0.0
FR;80;2021-01-13;12435;14;46043;34;1.1;0.0
FR;80;2021-01-14;18246;118;64289;152;1.5;0.0
FR;80;2021-01-15;12127;32;76416;184;1.8;0.0
FR;80;2021-01-16;4033;28;80449;212;1.9;0.0
FR;80;2021-01-17;3745;18;84194;230;2.0;0.0
FR;80;2021-01-18;28743;65;112937;295;2.7;0.0
FR;80;2021-01-19;53771;104;166708;399;4.0;0.0
FR;80;2021-01-20;59370;113;226078;512;5.4;0.0
FR;80;2021-01-21;69928;80;296006;592;7.1;0.0
FR;80;2021-01-22;48296;66;344302;658;8.3;0.0
FR;80;2021-01-23;16215;9;360517;667;8.7;0.0
FR;80;2021-01-24;4311;2;364828;669;8.8;0.0
FR;80;2021-01-25;32407;149;397235;818;9.6;0.0
FR;80;2021-01-26;45108;530;442343;1348;10.6;0.0
FR;80;2021-01-27;50881;890;493224;2238;11.9;0.1
FR;80;2021-01-28;60007;3941;553231;6179;13.3;0.1
FR;80;2021-01-29;39330;3275;592561;9454;14.3;0.2
FR;80;2021-01-30;13221;591;605782;10045;14.6;0.2
FR;80;2021-01-31;2333;285;608115;10330;14.6;0.2
FR;80;2021-02-01;23001;2784;631116;13114;15.2;0.3
FR;80;2021-02-02;33473;7427;664589;20541;16.0;0.5
FR;80;2021-02-03;34406;7870;698995;28411;16.8;0.7
FR;80;2021-02-04;38060;12582;737055;40993;17.7;1.0
FR;80;2021-02-05;29790;9526;766845;50519;18.4;1.2
FR;80;2021-02-06;9703;2123;776548;52642;18.7;1.3
FR;80;2021-02-07;1449;1867;777997;54509;18.7;1.3
FR;80;2021-02-08;19340;11137;797337;65646;19.2;1.6
FR;80;2021-02-09;25892;25606;823229;91252;19.8;2.2
FR;80;2021-02-10;26298;28916;849527;120168;20.4;2.9
FR;80;2021-02-11;30497;38115;880024;158283;21.2;3.8
FR;80;2021-02-12;26702;24677;906726;182960;21.8;4.4
FR;80;2021-02-13;7925;6522;914651;189482;22.0;4.6
FR;80;2021-02-14;1507;3100;916158;192582;22.0;4.6
FR;80;2021-02-15;11132;28308;927290;220890;22.3;5.3
FR;80;2021-02-16;15546;38925;942836;259815;22.7;6.2
FR;80;2021-02-17;15934;44488;958770;304303;23.1;7.3
FR;80;2021-02-18;21501;52514;980271;356817;23.6;8.6
FR;80;2021-02-19;19047;37492;999318;394309;24.0;9.5
FR;80;2021-02-20;6301;12322;1005619;406631;24.2;9.8
FR;80;2021-02-21;913;2970;1006532;409601;24.2;9.9
FR;80;2021-02-22;11170;30691;1017702;440292;24.5;10.6
FR;80;2021-02-23;17075;37262;1034777;477554;24.9;11.5
FR;80;2021-02-24;17976;37079;1052753;514633;25.3;12.4
FR;80;2021-02-25;22277;40857;1075030;555490;25.9;13.4
FR;80;2021-02-26;20514;30904;1095544;586394;26.3;14.1
FR;80;2021-02-27;7168;10283;1102712;596677;26.5;14.4
FR;80;2021-02-28;1260;2120;1103972;598797;26.6;14.4
FR;80;2021-03-01;18767;23202;1122739;621999;27.0;15.0
FR;80;2021-03-02;26867;29099;1149606;651098;27.6;15.7
FR;80;2021-03-03;28668;29232;1178274;680330;28.3;16.4
FR;80;2021-03-04;34852;29674;1213126;710004;29.2;17.1
FR;80;2021-03-05;35844;27473;1248970;737477;30.0;17.7
FR;80;2021-03-06;41295;8326;1290265;745803;31.0;17.9
FR;80;2021-03-07;29664;2005;1319929;747808;31.7;18.0
FR;80;2021-03-08;27149;22468;1347078;770276;32.4;18.5
FR;80;2021-03-09;40680;24641;1387758;794917;33.4;19.1
FR;80;2021-03-10;43050;25373;1430808;820290;34.4;19.7
FR;80;2021-03-11;51576;26852;1482384;847142;35.7;20.4
FR;80;2021-03-12;52022;22949;1534406;870091;36.9;20.9
FR;80;2021-03-13;37398;6982;1571804;877073;37.8;21.1
FR;80;2021-03-14;13877;1517;1585681;878590;38.1;21.1
FR;80;2021-03-15;44007;13917;1629688;892507;39.2;21.5
FR;80;2021-03-16;51782;17006;1681470;909513;40.4;21.9
FR;80;2021-03-17;54610;16523;1736080;926036;41.8;22.3
FR;80;2021-03-18;58446;18804;1794526;944840;43.2;22.7
FR;80;2021-03-19;57300;15701;1851826;960541;44.5;23.1
FR;80;2021-03-20;30957;5325;1882783;965866;45.3;23.2
FR;80;2021-03-21;8684;1089;1891467;966955;45.5;23.3
FR;80;2021-03-22;42808;14536;1934275;981491;46.5;23.6
FR;80;2021-03-23;55492;18026;1989767;999517;47.9;24.0
FR;80;2021-03-24;54359;19024;2044126;1018541;49.2;24.5
FR;80;2021-03-25;63850;19551;2107976;1038092;50.7;25.0
FR;80;2021-03-26;60016;18230;2167992;1056322;52.1;25.4
FR;80;2021-03-27;26541;7333;2194533;1063655;52.8;25.6
FR;80;2021-03-28;6924;1448;2201457;1065103;52.9;25.6
FR;80;2021-03-29;32798;23376;2234255;1088479;53.7;26.2
FR;80;2021-03-30;43132;30703;2277387;1119182;54.8;26.9
FR;80;2021-03-31;40443;32078;2317830;1151260;55.7;27.7
FR;80;2021-04-01;46023;37685;2363853;1188945;56.9;28.6
FR;80;2021-04-02;36997;39702;2400850;1228647;57.7;29.5
FR;80;2021-04-03;14487;26080;2415337;1254727;58.1;30.2
FR;80;2021-04-04;3862;7558;2419199;1262285;58.2;30.4
FR;80;2021-04-05;5610;4078;2424809;1266363;58.3;30.5
FR;80;2021-04-06;27494;44922;2452303;1311285;59.0;31.5
FR;80;2021-04-07;33350;48362;2485653;1359647;59.8;32.7
FR;80;2021-04-08;39925;49487;2525578;1409134;60.7;33.9
FR;80;2021-04-09;43355;46286;2568933;1455420;61.8;35.0
FR;80;2021-04-10;19803;28863;2588736;1484283;62.3;35.7
FR;80;2021-04-11;4831;9354;2593567;1493637;62.4;35.9
FR;80;2021-04-12;23431;45124;2616998;1538761;62.9;37.0
FR;80;2021-04-13;30088;54587;2647086;1593348;63.7;38.3
FR;80;2021-04-14;28892;52105;2675978;1645453;64.4;39.6
FR;80;2021-04-15;31233;52622;2707211;1698075;65.1;40.8
FR;80;2021-04-16;26336;48936;2733547;1747011;65.7;42.0
FR;80;2021-04-17;12298;25577;2745845;1772588;66.0;42.6
FR;80;2021-04-18;2527;7615;2748372;1780203;66.1;42.8
FR;80;2021-04-19;14176;43648;2762548;1823851;66.4;43.9
FR;80;2021-04-20;17822;53002;2780370;1876853;66.9;45.1
FR;80;2021-04-21;17837;49743;2798207;1926596;67.3;46.3
FR;80;2021-04-22;20510;51163;2818717;1977759;67.8;47.6
FR;80;2021-04-23;18952;44565;2837669;2022324;68.2;48.6
FR;80;2021-04-24;9351;21174;2847020;2043498;68.5;49.1
FR;80;2021-04-25;2660;5144;2849680;2048642;68.5;49.3
FR;80;2021-04-26;12242;30541;2861922;2079183;68.8;50.0
FR;80;2021-04-27;16620;36368;2878542;2115551;69.2;50.9
FR;80;2021-04-28;17827;34541;2896369;2150092;69.7;51.7
FR;80;2021-04-29;21436;35561;2917805;2185653;70.2;52.6
FR;80;2021-04-30;20210;29521;2938015;2215174;70.7;53.3
FR;80;2021-05-01;5776;5807;2943791;2220981;70.8;53.4
FR;80;2021-05-02;2586;3846;2946377;2224827;70.9;53.5
FR;80;2021-05-03;12385;21307;2958762;2246134;71.2;54.0
FR;80;2021-05-04;13749;29929;2972511;2276063;71.5;54.7
FR;80;2021-05-05;13393;29257;2985904;2305320;71.8;55.4
FR;80;2021-05-06;15747;29464;3001651;2334784;72.2;56.2
FR;80;2021-05-07;14434;29724;3016085;2364508;72.5;56.9
FR;80;2021-05-08;4423;6028;3020508;2370536;72.6;57.0
FR;80;2021-05-09;1906;4141;3022414;2374677;72.7;57.1
FR;80;2021-05-10;9043;24327;3031457;2399004;72.9;57.7
FR;80;2021-05-11;12401;27141;3043858;2426145;73.2;58.4
FR;80;2021-05-12;11331;23540;3055189;2449685;73.5;58.9
FR;80;2021-05-13;4872;5388;3060061;2455073;73.6;59.0
FR;80;2021-05-14;10306;16339;3070367;2471412;73.8;59.4
FR;80;2021-05-15;4798;7323;3075165;2478735;74.0;59.6
FR;80;2021-05-16;1529;1525;3076694;2480260;74.0;59.7
FR;80;2021-05-17;6994;13078;3083688;2493338;74.2;60.0
FR;80;2021-05-18;9353;13419;3093041;2506757;74.4;60.3
FR;80;2021-05-19;8759;12043;3101800;2518800;74.6;60.6
FR;80;2021-05-20;10403;12618;3112203;2531418;74.9;60.9
FR;80;2021-05-21;8586;13000;3120789;2544418;75.1;61.2
FR;80;2021-05-22;3793;5180;3124582;2549598;75.1;61.3
FR;80;2021-05-23;1005;1129;3125587;2550727;75.2;61.3
FR;80;2021-05-24;2540;2214;3128127;2552941;75.2;61.4
FR;80;2021-05-25;6277;14113;3134404;2567054;75.4;61.7
FR;0;2020-12-27;20;2;20;2;0.0;0.0
FR;0;2020-12-28;68;0;88;2;0.0;0.0
FR;0;2020-12-29;108;0;196;2;0.0;0.0
FR;0;2020-12-30;119;0;315;2;0.0;0.0
FR;0;2020-12-31;83;0;398;2;0.0;0.0
FR;0;2021-01-01;66;1;464;3;0.0;0.0
FR;0;2021-01-02;76;1;540;4;0.0;0.0
FR;0;2021-01-03;87;0;627;4;0.0;0.0
FR;0;2021-01-04;1471;5;2098;9;0.0;0.0
FR;0;2021-01-05;5382;7;7480;16;0.0;0.0
FR;0;2021-01-06;11283;17;18763;33;0.0;0.0
FR;0;2021-01-07;28539;43;47302;76;0.1;0.0
FR;0;2021-01-08;36140;42;83442;118;0.1;0.0
FR;0;2021-01-09;10897;11;94339;129;0.1;0.0
FR;0;2021-01-10;5605;4;99944;133;0.1;0.0
FR;0;2021-01-11;38919;50;138863;183;0.2;0.0
FR;0;2021-01-12;60735;89;199598;272;0.3;0.0
FR;0;2021-01-13;63614;114;263212;386;0.4;0.0
FR;0;2021-01-14;79736;659;342948;1045;0.5;0.0
FR;0;2021-01-15;67294;228;410242;1273;0.6;0.0
FR;0;2021-01-16;19601;102;429843;1375;0.6;0.0
FR;0;2021-01-17;10458;50;440301;1425;0.7;0.0
FR;0;2021-01-18;84274;233;524575;1658;0.8;0.0
FR;0;2021-01-19;128306;290;652881;1948;1.0;0.0
FR;0;2021-01-20;134842;291;787723;2239;1.2;0.0
FR;0;2021-01-21;155011;272;942734;2511;1.4;0.0
FR;0;2021-01-22;118341;273;1061075;2784;1.6;0.0
FR;0;2021-01-23;37762;63;1098837;2847;1.6;0.0
FR;0;2021-01-24;9339;32;1108176;2879;1.7;0.0
FR;0;2021-01-25;76724;1290;1184900;4169;1.8;0.0
FR;0;2021-01-26;98646;3202;1283546;7371;1.9;0.0
FR;0;2021-01-27;105523;5704;1389069;13075;2.1;0.0
FR;0;2021-01-28;122159;14513;1511228;27588;2.3;0.0
FR;0;2021-01-29;90794;17422;1602022;45010;2.4;0.1
FR;0;2021-01-30;28624;4258;1630646;49268;2.4;0.1
FR;0;2021-01-31;4863;1682;1635509;50950;2.4;0.1
FR;0;2021-02-01;51418;21178;1686927;72128;2.5;0.1
FR;0;2021-02-02;70451;34707;1757378;106835;2.6;0.2
FR;0;2021-02-03;70863;37097;1828241;143932;2.7;0.2
FR;0;2021-02-04;80393;50230;1908634;194162;2.8;0.3
FR;0;2021-02-05;67002;45473;1975636;239635;2.9;0.4
FR;0;2021-02-06;21274;10424;1996910;250059;3.0;0.4
FR;0;2021-02-07;4826;5069;2001736;255128;3.0;0.4
FR;0;2021-02-08;45793;46152;2047529;301280;3.1;0.4
FR;0;2021-02-09;64672;72773;2112201;374053;3.1;0.6
FR;0;2021-02-10;69148;77128;2181349;451181;3.3;0.7
FR;0;2021-02-11;85451;99820;2266800;551001;3.4;0.8
FR;0;2021-02-12;77597;74895;2344397;625896;3.5;0.9
FR;0;2021-02-13;21629;19589;2366026;645485;3.5;1.0
FR;0;2021-02-14;4577;7224;2370603;652709;3.5;1.0
FR;0;2021-02-15;36988;76883;2407591;729592;3.6;1.1
FR;0;2021-02-16;49136;101184;2456727;830776;3.7;1.2
FR;0;2021-02-17;49268;103438;2505995;934214;3.7;1.4
FR;0;2021-02-18;67783;119354;2573778;1053568;3.8;1.6
FR;0;2021-02-19;63598;91418;2637376;1144986;3.9;1.7
FR;0;2021-02-20;17947;28544;2655323;1173530;4.0;1.7
FR;0;2021-02-21;2850;6402;2658173;1179932;4.0;1.8
FR;0;2021-02-22;36406;73559;2694579;1253491;4.0;1.9
FR;0;2021-02-23;52440;84577;2747019;1338068;4.1;2.0
FR;0;2021-02-24;57905;81625;2804924;1419693;4.2;2.1
FR;0;2021-02-25;98376;92508;2903300;1512201;4.3;2.3
FR;0;2021-02-26;111462;72089;3014762;1584290;4.5;2.4
FR;0;2021-02-27;51015;22377;3065777;1606667;4.6;2.4
FR;0;2021-02-28;5651;4478;3071428;1611145;4.6;2.4
FR;0;2021-03-01;63355;53343;3134783;1664488;4.7;2.5
FR;0;2021-03-02;98998;67118;3233781;1731606;4.8;2.6
FR;0;2021-03-03;113021;66611;3346802;1798217;5.0;2.7
FR;0;2021-03-04;159199;70596;3506001;1868813;5.2;2.8
FR;0;2021-03-05;196867;65372;3702868;1934185;5.5;2.9
FR;0;2021-03-06;203415;19095;3906283;1953280;5.8;2.9
FR;0;2021-03-07;119218;6141;4025501;1959421;6.0;2.9
FR;0;2021-03-08;104289;51648;4129790;2011069;6.2;3.0
FR;0;2021-03-09;168911;58219;4298701;2069288;6.4;3.1
FR;0;2021-03-10;174806;58668;4473507;2127956;6.7;3.2
FR;0;2021-03-11;238210;65358;4711717;2193314;7.0;3.3
FR;0;2021-03-12;289626;56086;5001343;2249400;7.5;3.4
FR;0;2021-03-13;227180;16746;5228523;2266146;7.8;3.4
FR;0;2021-03-14;62005;3947;5290528;2270093;7.9;3.4
FR;0;2021-03-15;155273;34414;5445801;2304507;8.1;3.4
FR;0;2021-03-16;139086;41281;5584887;2345788;8.3;3.5
FR;0;2021-03-17;147787;40806;5732674;2386594;8.5;3.6
FR;0;2021-03-18;164759;47417;5897433;2434011;8.8;3.6
FR;0;2021-03-19;225957;40975;6123390;2474986;9.1;3.7
FR;0;2021-03-20;164144;13817;6287534;2488803;9.4;3.7
FR;0;2021-03-21;48697;3396;6336231;2492199;9.4;3.7
FR;0;2021-03-22;166692;37095;6502923;2529294;9.7;3.8
FR;0;2021-03-23;246102;46412;6749025;2575706;10.1;3.8
FR;0;2021-03-24;252583;47898;7001608;2623604;10.4;3.9
FR;0;2021-03-25;336498;50335;7338106;2673939;10.9;4.0
FR;0;2021-03-26;353713;47944;7691819;2721883;11.5;4.1
FR;0;2021-03-27;192455;19843;7884274;2741726;11.7;4.1
FR;0;2021-03-28;58247;4737;7942521;2746463;11.8;4.1
FR;0;2021-03-29;199992;57890;8142513;2804353;12.1;4.2
FR;0;2021-03-30;281351;75207;8423864;2879560;12.6;4.3
FR;0;2021-03-31;258815;78564;8682679;2958124;12.9;4.4
FR;0;2021-04-01;309084;95443;8991763;3053567;13.4;4.5
FR;0;2021-04-02;277011;98624;9268774;3152191;13.8;4.7
FR;0;2021-04-03;138911;64956;9407685;3217147;14.0;4.8
FR;0;2021-04-04;44812;19872;9452497;3237019;14.1;4.8
FR;0;2021-04-05;58693;12648;9511190;3249667;14.2;4.8
FR;0;2021-04-06;212485;112980;9723675;3362647;14.5;5.0
FR;0;2021-04-07;255558;122323;9979233;3484970;14.9;5.2
FR;0;2021-04-08;331880;131039;10311113;3616009;15.4;5.4
FR;0;2021-04-09;403792;126666;10714905;3742675;16.0;5.6
FR;0;2021-04-10;209829;87933;10924734;3830608;16.3;5.7
FR;0;2021-04-11;54922;36262;10979656;3866870;16.4;5.8
FR;0;2021-04-12;233266;121279;11212922;3988149;16.7;5.9
FR;0;2021-04-13;304311;153100;11517233;4141249;17.2;6.2
FR;0;2021-04-14;288579;148083;11805812;4289332;17.6;6.4
FR;0;2021-04-15;330379;157849;12136191;4447181;18.1;6.6
FR;0;2021-04-16;333474;155207;12469665;4602388;18.6;6.9
FR;0;2021-04-17;185478;95307;12655143;4697695;18.9;7.0
FR;0;2021-04-18;50272;37138;12705415;4734833;18.9;7.1
FR;0;2021-04-19;201594;144702;12907009;4879535;19.2;7.3
FR;0;2021-04-20;249074;178818;13156083;5058353;19.6;7.5
FR;0;2021-04-21;247517;177061;13403600;5235414;20.0;7.8
FR;0;2021-04-22;281292;198160;13684892;5433574;20.4;8.1
FR;0;2021-04-23;288581;194118;13973473;5627692;20.8;8.4
FR;0;2021-04-24;187145;119398;14160618;5747090;21.1;8.6
FR;0;2021-04-25;67732;41581;14228350;5788671;21.2;8.6
FR;0;2021-04-26;214943;166413;14443293;5955084;21.5;8.9
FR;0;2021-04-27;279176;206863;14722469;6161947;21.9;9.2
FR;0;2021-04-28;293297;203969;15015766;6365916;22.4;9.5
FR;0;2021-04-29;349616;225954;15365382;6591870;22.9;9.8
FR;0;2021-04-30;365226;218979;15730608;6810849;23.4;10.1
FR;0;2021-05-01;162434;61372;15893042;6872221;23.7;10.2
FR;0;2021-05-02;89275;42257;15982317;6914478;23.8;10.3
FR;0;2021-05-03;281034;186728;16263351;7101206;24.2;10.6
FR;0;2021-05-04;307584;246729;16570935;7347935;24.7;10.9
FR;0;2021-05-05;317210;245820;16888145;7593755;25.2;11.3
FR;0;2021-05-06;370643;268749;17258788;7862504;25.7;11.7
FR;0;2021-05-07;363420;294262;17622208;8156766;26.3;12.2
FR;0;2021-05-08;203353;78756;17825561;8235522;26.6;12.3
FR;0;2021-05-09;127320;54091;17952881;8289613;26.7;12.4
FR;0;2021-05-10;300934;251192;18253815;8540805;27.2;12.7
FR;0;2021-05-11;393441;292373;18647256;8833178;27.8;13.2
FR;0;2021-05-12;417247;264574;19064503;9097752;28.4;13.6
FR;0;2021-05-13;327879;75566;19392382;9173318;28.9;13.7
FR;0;2021-05-14;440341;198844;19832723;9372162;29.6;14.0
FR;0;2021-05-15;362359;117030;20195082;9489192;30.1;14.1
FR;0;2021-05-16;199182;32704;20394264;9521896;30.4;14.2
FR;0;2021-05-17;366264;175463;20760528;9697359;30.9;14.4
FR;0;2021-05-18;441285;187406;21201813;9884765;31.6;14.7
FR;0;2021-05-19;451007;178248;21652820;10063013;32.3;15.0
FR;0;2021-05-20;489748;199534;22142568;10262547;33.0;15.3
FR;0;2021-05-21;472134;216518;22614702;10479065;33.7;15.6
FR;0;2021-05-22;339844;105675;22954546;10584740;34.2;15.8
FR;0;2021-05-23;158150;25569;23112696;10610309;34.4;15.8
FR;0;2021-05-24;254869;51252;23367565;10661561;34.8;15.9
FR;0;2021-05-25;384619;221875;23752184;10883436;35.4;16.2
