fra;clage_vacsi;jour;n_dose1;n_complet;n_cum_dose1;n_cum_complet;couv_dose1;couv_complet
FR;24;2020-12-27;1;0;1;0;0.0;0.0
FR;24;2020-12-28;1;0;2;0;0.0;0.0
FR;24;2020-12-29;0;0;2;0;0.0;0.0
FR;24;2020-12-30;0;0;2;0;0.0;0.0
FR;24;2020-12-31;0;0;2;0;0.0;0.0
FR;24;2021-01-01;1;0;3;0;0.0;0.0
FR;24;2021-01-02;0;0;3;0;0.0;0.0
FR;24;2021-01-03;2;0;5;0;0.0;0.0
FR;24;2021-01-04;4;0;9;0;0.0;0.0
FR;24;2021-01-05;17;0;26;0;0.0;0.0
FR;24;2021-01-06;36;0;62;0;0.0;0.0
FR;24;2021-01-07;179;0;241;0;0.0;0.0
FR;24;2021-01-08;216;0;457;0;0.0;0.0
FR;24;2021-01-09;40;0;497;0;0.0;0.0
FR;24;2021-01-10;35;0;532;0;0.0;0.0
FR;24;2021-01-11;248;1;780;1;0.0;0.0
FR;24;2021-01-12;395;0;1175;1;0.0;0.0
FR;24;2021-01-13;474;2;1649;3;0.0;0.0
FR;24;2021-01-14;607;5;2256;8;0.0;0.0
FR;24;2021-01-15;585;1;2841;9;0.1;0.0
FR;24;2021-01-16;116;2;2957;11;0.1;0.0
FR;24;2021-01-17;94;0;3051;11;0.1;0.0
FR;24;2021-01-18;506;1;3557;12;0.1;0.0
FR;24;2021-01-19;593;1;4150;13;0.1;0.0
FR;24;2021-01-20;648;0;4798;13;0.1;0.0
FR;24;2021-01-21;750;3;5548;16;0.1;0.0
FR;24;2021-01-22;597;3;6145;19;0.1;0.0
FR;24;2021-01-23;116;0;6261;19;0.1;0.0
FR;24;2021-01-24;22;0;6283;19;0.1;0.0
FR;24;2021-01-25;293;3;6576;22;0.1;0.0
FR;24;2021-01-26;359;11;6935;33;0.1;0.0
FR;24;2021-01-27;440;14;7375;47;0.1;0.0
FR;24;2021-01-28;594;50;7969;97;0.1;0.0
FR;24;2021-01-29;466;82;8435;179;0.2;0.0
FR;24;2021-01-30;86;16;8521;195;0.2;0.0
FR;24;2021-01-31;25;13;8546;208;0.2;0.0
FR;24;2021-02-01;155;134;8701;342;0.2;0.0
FR;24;2021-02-02;213;182;8914;524;0.2;0.0
FR;24;2021-02-03;215;185;9129;709;0.2;0.0
FR;24;2021-02-04;357;315;9486;1024;0.2;0.0
FR;24;2021-02-05;345;342;9831;1366;0.2;0.0
FR;24;2021-02-06;82;71;9913;1437;0.2;0.0
FR;24;2021-02-07;169;28;10082;1465;0.2;0.0
FR;24;2021-02-08;388;355;10470;1820;0.2;0.0
FR;24;2021-02-09;741;454;11211;2274;0.2;0.0
FR;24;2021-02-10;1082;589;12293;2863;0.2;0.1
FR;24;2021-02-11;1566;689;13859;3552;0.3;0.1
FR;24;2021-02-12;1614;545;15473;4097;0.3;0.1
FR;24;2021-02-13;289;90;15762;4187;0.3;0.1
FR;24;2021-02-14;59;30;15821;4217;0.3;0.1
FR;24;2021-02-15;1023;361;16844;4578;0.3;0.1
FR;24;2021-02-16;1546;552;18390;5130;0.3;0.1
FR;24;2021-02-17;1478;470;19868;5600;0.4;0.1
FR;24;2021-02-18;1913;599;21781;6199;0.4;0.1
FR;24;2021-02-19;1842;524;23623;6723;0.4;0.1
FR;24;2021-02-20;324;80;23947;6803;0.4;0.1
FR;24;2021-02-21;38;18;23985;6821;0.4;0.1
FR;24;2021-02-22;1146;264;25131;7085;0.5;0.1
FR;24;2021-02-23;1557;361;26688;7446;0.5;0.1
FR;24;2021-02-24;1640;307;28328;7753;0.5;0.1
FR;24;2021-02-25;2242;433;30570;8186;0.6;0.2
FR;24;2021-02-26;2158;356;32728;8542;0.6;0.2
FR;24;2021-02-27;528;75;33256;8617;0.6;0.2
FR;24;2021-02-28;90;15;33346;8632;0.6;0.2
FR;24;2021-03-01;1234;208;34580;8840;0.6;0.2
FR;24;2021-03-02;1635;272;36215;9112;0.7;0.2
FR;24;2021-03-03;1737;305;37952;9417;0.7;0.2
FR;24;2021-03-04;2089;455;40041;9872;0.7;0.2
FR;24;2021-03-05;3258;424;43299;10296;0.8;0.2
FR;24;2021-03-06;1693;110;44992;10406;0.8;0.2
FR;24;2021-03-07;973;49;45965;10455;0.8;0.2
FR;24;2021-03-08;1945;207;47910;10662;0.9;0.2
FR;24;2021-03-09;2590;255;50500;10917;0.9;0.2
FR;24;2021-03-10;2406;316;52906;11233;1.0;0.2
FR;24;2021-03-11;2894;453;55800;11686;1.0;0.2
FR;24;2021-03-12;3800;380;59600;12066;1.1;0.2
FR;24;2021-03-13;1468;76;61068;12142;1.1;0.2
FR;24;2021-03-14;529;32;61597;12174;1.1;0.2
FR;24;2021-03-15;1820;224;63417;12398;1.2;0.2
FR;24;2021-03-16;821;303;64238;12701;1.2;0.2
FR;24;2021-03-17;1066;309;65304;13010;1.2;0.2
FR;24;2021-03-18;1294;421;66598;13431;1.2;0.2
FR;24;2021-03-19;1858;346;68456;13777;1.3;0.3
FR;24;2021-03-20;826;80;69282;13857;1.3;0.3
FR;24;2021-03-21;631;44;69913;13901;1.3;0.3
FR;24;2021-03-22;1495;271;71408;14172;1.3;0.3
FR;24;2021-03-23;1791;385;73199;14557;1.3;0.3
FR;24;2021-03-24;2150;335;75349;14892;1.4;0.3
FR;24;2021-03-25;2553;473;77902;15365;1.4;0.3
FR;24;2021-03-26;3148;449;81050;15814;1.5;0.3
FR;24;2021-03-27;1887;180;82937;15994;1.5;0.3
FR;24;2021-03-28;1009;67;83946;16061;1.5;0.3
FR;24;2021-03-29;2405;341;86351;16402;1.6;0.3
FR;24;2021-03-30;3542;489;89893;16891;1.7;0.3
FR;24;2021-03-31;4052;494;93945;17385;1.7;0.3
FR;24;2021-04-01;5341;698;99286;18083;1.8;0.3
FR;24;2021-04-02;4411;594;103697;18677;1.9;0.3
FR;24;2021-04-03;1727;329;105424;19006;1.9;0.4
FR;24;2021-04-04;954;122;106378;19128;2.0;0.4
FR;24;2021-04-05;1090;126;107468;19254;2.0;0.4
FR;24;2021-04-06;3509;558;110977;19812;2.0;0.4
FR;24;2021-04-07;4724;758;115701;20570;2.1;0.4
FR;24;2021-04-08;6266;1047;121967;21617;2.2;0.4
FR;24;2021-04-09;5700;990;127667;22607;2.4;0.4
FR;24;2021-04-10;2616;549;130283;23156;2.4;0.4
FR;24;2021-04-11;1242;303;131525;23459;2.4;0.4
FR;24;2021-04-12;3378;895;134903;24354;2.5;0.4
FR;24;2021-04-13;4663;1100;139566;25454;2.6;0.5
FR;24;2021-04-14;4784;1253;144350;26707;2.7;0.5
FR;24;2021-04-15;5050;1522;149400;28229;2.8;0.5
FR;24;2021-04-16;4693;1626;154093;29855;2.8;0.6
FR;24;2021-04-17;2090;787;156183;30642;2.9;0.6
FR;24;2021-04-18;714;428;156897;31070;2.9;0.6
FR;24;2021-04-19;2871;1488;159768;32558;2.9;0.6
FR;24;2021-04-20;3056;2085;162824;34643;3.0;0.6
FR;24;2021-04-21;3331;2432;166155;37075;3.1;0.7
FR;24;2021-04-22;3963;3084;170118;40159;3.1;0.7
FR;24;2021-04-23;4085;3243;174203;43402;3.2;0.8
FR;24;2021-04-24;2357;1655;176560;45057;3.3;0.8
FR;24;2021-04-25;1203;798;177763;45855;3.3;0.8
FR;24;2021-04-26;2997;2154;180760;48009;3.3;0.9
FR;24;2021-04-27;3836;3141;184596;51150;3.4;0.9
FR;24;2021-04-28;4189;3706;188785;54856;3.5;1.0
FR;24;2021-04-29;5198;4397;193983;59253;3.6;1.1
FR;24;2021-04-30;5871;4556;199854;63809;3.7;1.2
FR;24;2021-05-01;3617;1063;203471;64872;3.8;1.2
FR;24;2021-05-02;2675;890;206146;65762;3.8;1.2
FR;24;2021-05-03;6014;4110;212160;69872;3.9;1.3
FR;24;2021-05-04;7208;4672;219368;74544;4.0;1.4
FR;24;2021-05-05;8336;4879;227704;79423;4.2;1.5
FR;24;2021-05-06;10369;6293;238073;85716;4.4;1.6
FR;24;2021-05-07;11520;6317;249593;92033;4.6;1.7
FR;24;2021-05-08;7659;2354;257252;94387;4.7;1.7
FR;24;2021-05-09;6807;1909;264059;96296;4.9;1.8
FR;29;2020-12-27;0;0;0;0;0.0;0.0
FR;29;2020-12-28;1;0;1;0;0.0;0.0
FR;29;2020-12-29;0;0;1;0;0.0;0.0
FR;29;2020-12-30;0;0;1;0;0.0;0.0
FR;29;2020-12-31;0;0;1;0;0.0;0.0
FR;29;2021-01-01;2;0;3;0;0.0;0.0
FR;29;2021-01-02;2;0;5;0;0.0;0.0
FR;29;2021-01-03;2;0;7;0;0.0;0.0
FR;29;2021-01-04;10;0;17;0;0.0;0.0
FR;29;2021-01-05;42;0;59;0;0.0;0.0
FR;29;2021-01-06;142;0;201;0;0.0;0.0
FR;29;2021-01-07;305;1;506;1;0.0;0.0
FR;29;2021-01-08;514;2;1020;3;0.0;0.0
FR;29;2021-01-09;113;0;1133;3;0.0;0.0
FR;29;2021-01-10;91;0;1224;3;0.0;0.0
FR;29;2021-01-11;640;1;1864;4;0.1;0.0
FR;29;2021-01-12;924;3;2788;7;0.1;0.0
FR;29;2021-01-13;1204;2;3992;9;0.1;0.0
FR;29;2021-01-14;1553;8;5545;17;0.1;0.0
FR;29;2021-01-15;1300;2;6845;19;0.2;0.0
FR;29;2021-01-16;192;2;7037;21;0.2;0.0
FR;29;2021-01-17;158;0;7195;21;0.2;0.0
FR;29;2021-01-18;1039;2;8234;23;0.2;0.0
FR;29;2021-01-19;1141;3;9375;26;0.3;0.0
FR;29;2021-01-20;1190;2;10565;28;0.3;0.0
FR;29;2021-01-21;1445;2;12010;30;0.3;0.0
FR;29;2021-01-22;1139;3;13149;33;0.4;0.0
FR;29;2021-01-23;167;2;13316;35;0.4;0.0
FR;29;2021-01-24;51;0;13367;35;0.4;0.0
FR;29;2021-01-25;531;11;13898;46;0.4;0.0
FR;29;2021-01-26;655;34;14553;80;0.4;0.0
FR;29;2021-01-27;716;59;15269;139;0.4;0.0
FR;29;2021-01-28;1031;117;16300;256;0.4;0.0
FR;29;2021-01-29;800;170;17100;426;0.5;0.0
FR;29;2021-01-30;140;39;17240;465;0.5;0.0
FR;29;2021-01-31;33;26;17273;491;0.5;0.0
FR;29;2021-02-01;260;291;17533;782;0.5;0.0
FR;29;2021-02-02;402;371;17935;1153;0.5;0.0
FR;29;2021-02-03;452;456;18387;1609;0.5;0.0
FR;29;2021-02-04;604;715;18991;2324;0.5;0.1
FR;29;2021-02-05;529;744;19520;3068;0.5;0.1
FR;29;2021-02-06;141;106;19661;3174;0.5;0.1
FR;29;2021-02-07;304;61;19965;3235;0.5;0.1
FR;29;2021-02-08;599;797;20564;4032;0.6;0.1
FR;29;2021-02-09;1241;1003;21805;5035;0.6;0.1
FR;29;2021-02-10;1702;1115;23507;6150;0.6;0.2
FR;29;2021-02-11;2450;1385;25957;7535;0.7;0.2
FR;29;2021-02-12;2206;1189;28163;8724;0.8;0.2
FR;29;2021-02-13;422;151;28585;8875;0.8;0.2
FR;29;2021-02-14;132;81;28717;8956;0.8;0.2
FR;29;2021-02-15;1548;758;30265;9714;0.8;0.3
FR;29;2021-02-16;1901;1117;32166;10831;0.9;0.3
FR;29;2021-02-17;1871;911;34037;11742;0.9;0.3
FR;29;2021-02-18;2365;1113;36402;12855;1.0;0.3
FR;29;2021-02-19;2308;904;38710;13759;1.0;0.4
FR;29;2021-02-20;379;115;39089;13874;1.1;0.4
FR;29;2021-02-21;86;42;39175;13916;1.1;0.4
FR;29;2021-02-22;1342;499;40517;14415;1.1;0.4
FR;29;2021-02-23;1743;618;42260;15033;1.1;0.4
FR;29;2021-02-24;1773;508;44033;15541;1.2;0.4
FR;29;2021-02-25;2366;869;46399;16410;1.2;0.4
FR;29;2021-02-26;2547;614;48946;17024;1.3;0.5
FR;29;2021-02-27;601;99;49547;17123;1.3;0.5
FR;29;2021-02-28;111;26;49658;17149;1.3;0.5
FR;29;2021-03-01;1266;315;50924;17464;1.4;0.5
FR;29;2021-03-02;1775;555;52699;18019;1.4;0.5
FR;29;2021-03-03;1964;544;54663;18563;1.5;0.5
FR;29;2021-03-04;2433;679;57096;19242;1.5;0.5
FR;29;2021-03-05;3582;633;60678;19875;1.6;0.5
FR;29;2021-03-06;1617;110;62295;19985;1.7;0.5
FR;29;2021-03-07;819;92;63114;20077;1.7;0.5
FR;29;2021-03-08;1930;352;65044;20429;1.8;0.5
FR;29;2021-03-09;2624;419;67668;20848;1.8;0.6
FR;29;2021-03-10;2527;449;70195;21297;1.9;0.6
FR;29;2021-03-11;3302;732;73497;22029;2.0;0.6
FR;29;2021-03-12;3936;646;77433;22675;2.1;0.6
FR;29;2021-03-13;1614;111;79047;22786;2.1;0.6
FR;29;2021-03-14;561;54;79608;22840;2.1;0.6
FR;29;2021-03-15;1873;322;81481;23162;2.2;0.6
FR;29;2021-03-16;1111;479;82592;23641;2.2;0.6
FR;29;2021-03-17;1369;480;83961;24121;2.3;0.6
FR;29;2021-03-18;1639;647;85600;24768;2.3;0.7
FR;29;2021-03-19;2216;514;87816;25282;2.4;0.7
FR;29;2021-03-20;987;115;88803;25397;2.4;0.7
FR;29;2021-03-21;724;54;89527;25451;2.4;0.7
FR;29;2021-03-22;1651;383;91178;25834;2.5;0.7
FR;29;2021-03-23;2200;576;93378;26410;2.5;0.7
FR;29;2021-03-24;2522;534;95900;26944;2.6;0.7
FR;29;2021-03-25;3366;640;99266;27584;2.7;0.7
FR;29;2021-03-26;3707;640;102973;28224;2.8;0.8
FR;29;2021-03-27;2140;226;105113;28450;2.8;0.8
FR;29;2021-03-28;963;57;106076;28507;2.9;0.8
FR;29;2021-03-29;2724;491;108800;28998;2.9;0.8
FR;29;2021-03-30;3927;671;112727;29669;3.0;0.8
FR;29;2021-03-31;4415;749;117142;30418;3.2;0.8
FR;29;2021-04-01;5790;943;122932;31361;3.3;0.8
FR;29;2021-04-02;4855;863;127787;32224;3.4;0.9
FR;29;2021-04-03;1754;318;129541;32542;3.5;0.9
FR;29;2021-04-04;896;114;130437;32656;3.5;0.9
FR;29;2021-04-05;915;110;131352;32766;3.5;0.9
FR;29;2021-04-06;3454;716;134806;33482;3.6;0.9
FR;29;2021-04-07;4488;1060;139294;34542;3.7;0.9
FR;29;2021-04-08;6181;1370;145475;35912;3.9;1.0
FR;29;2021-04-09;6210;1214;151685;37126;4.1;1.0
FR;29;2021-04-10;2630;598;154315;37724;4.2;1.0
FR;29;2021-04-11;1157;330;155472;38054;4.2;1.0
FR;29;2021-04-12;3530;1002;159002;39056;4.3;1.1
FR;29;2021-04-13;4757;1446;163759;40502;4.4;1.1
FR;29;2021-04-14;4643;1452;168402;41954;4.5;1.1
FR;29;2021-04-15;5447;1758;173849;43712;4.7;1.2
FR;29;2021-04-16;4671;1832;178520;45544;4.8;1.2
FR;29;2021-04-17;2201;896;180721;46440;4.9;1.2
FR;29;2021-04-18;757;512;181478;46952;4.9;1.3
FR;29;2021-04-19;2800;1731;184278;48683;5.0;1.3
FR;29;2021-04-20;3428;2455;187706;51138;5.1;1.4
FR;29;2021-04-21;3356;2743;191062;53881;5.1;1.4
FR;29;2021-04-22;4371;3794;195433;57675;5.3;1.6
FR;29;2021-04-23;4475;3703;199908;61378;5.4;1.7
FR;29;2021-04-24;2661;1807;202569;63185;5.5;1.7
FR;29;2021-04-25;1164;729;203733;63914;5.5;1.7
FR;29;2021-04-26;2883;2431;206616;66345;5.6;1.8
FR;29;2021-04-27;3925;3569;210541;69914;5.7;1.9
FR;29;2021-04-28;4462;3976;215003;73890;5.8;2.0
FR;29;2021-04-29;5590;4921;220593;78811;5.9;2.1
FR;29;2021-04-30;6131;5137;226724;83948;6.1;2.3
FR;29;2021-05-01;3894;1195;230618;85143;6.2;2.3
FR;29;2021-05-02;2553;901;233171;86044;6.3;2.3
FR;29;2021-05-03;6567;4260;239738;90304;6.5;2.4
FR;29;2021-05-04;7849;5128;247587;95432;6.7;2.6
FR;29;2021-05-05;9247;5119;256834;100551;6.9;2.7
FR;29;2021-05-06;10797;6440;267631;106991;7.2;2.9
FR;29;2021-05-07;11215;6514;278846;113505;7.5;3.1
FR;29;2021-05-08;6828;2113;285674;115618;7.7;3.1
FR;29;2021-05-09;5864;1725;291538;117343;7.8;3.2
FR;39;2020-12-27;0;0;0;0;0.0;0.0
FR;39;2020-12-28;0;0;0;0;0.0;0.0
FR;39;2020-12-29;1;0;1;0;0.0;0.0
FR;39;2020-12-30;3;0;4;0;0.0;0.0
FR;39;2020-12-31;1;0;5;0;0.0;0.0
FR;39;2021-01-01;4;0;9;0;0.0;0.0
FR;39;2021-01-02;2;0;11;0;0.0;0.0
FR;39;2021-01-03;2;0;13;0;0.0;0.0
FR;39;2021-01-04;23;0;36;0;0.0;0.0
FR;39;2021-01-05;139;0;175;0;0.0;0.0
FR;39;2021-01-06;384;0;559;0;0.0;0.0
FR;39;2021-01-07;1172;5;1731;5;0.0;0.0
FR;39;2021-01-08;1776;3;3507;8;0.0;0.0
FR;39;2021-01-09;472;0;3979;8;0.0;0.0
FR;39;2021-01-10;307;0;4286;8;0.1;0.0
FR;39;2021-01-11;2195;5;6481;13;0.1;0.0
FR;39;2021-01-12;3380;7;9861;20;0.1;0.0
FR;39;2021-01-13;3470;6;13331;26;0.2;0.0
FR;39;2021-01-14;4754;44;18085;70;0.2;0.0
FR;39;2021-01-15;4365;12;22450;82;0.3;0.0
FR;39;2021-01-16;768;2;23218;84;0.3;0.0
FR;39;2021-01-17;487;2;23705;86;0.3;0.0
FR;39;2021-01-18;3061;13;26766;99;0.3;0.0
FR;39;2021-01-19;3986;12;30752;111;0.4;0.0
FR;39;2021-01-20;3881;7;34633;118;0.4;0.0
FR;39;2021-01-21;5103;13;39736;131;0.5;0.0
FR;39;2021-01-22;3920;13;43656;144;0.5;0.0
FR;39;2021-01-23;589;3;44245;147;0.5;0.0
FR;39;2021-01-24;184;0;44429;147;0.5;0.0
FR;39;2021-01-25;1580;37;46009;184;0.6;0.0
FR;39;2021-01-26;2146;91;48155;275;0.6;0.0
FR;39;2021-01-27;2277;203;50432;478;0.6;0.0
FR;39;2021-01-28;3462;457;53894;935;0.6;0.0
FR;39;2021-01-29;2665;693;56559;1628;0.7;0.0
FR;39;2021-01-30;393;214;56952;1842;0.7;0.0
FR;39;2021-01-31;89;78;57041;1920;0.7;0.0
FR;39;2021-02-01;746;1057;57787;2977;0.7;0.0
FR;39;2021-02-02;1323;1642;59110;4619;0.7;0.1
FR;39;2021-02-03;1348;1651;60458;6270;0.7;0.1
FR;39;2021-02-04;1962;2526;62420;8796;0.8;0.1
FR;39;2021-02-05;1628;2695;64048;11491;0.8;0.1
FR;39;2021-02-06;396;430;64444;11921;0.8;0.1
FR;39;2021-02-07;553;204;64997;12125;0.8;0.1
FR;39;2021-02-08;1504;2408;66501;14533;0.8;0.2
FR;39;2021-02-09;3156;3339;69657;17872;0.8;0.2
FR;39;2021-02-10;3860;3473;73517;21345;0.9;0.3
FR;39;2021-02-11;6135;4781;79652;26126;1.0;0.3
FR;39;2021-02-12;5778;3918;85430;30044;1.0;0.4
FR;39;2021-02-13;1230;534;86660;30578;1.0;0.4
FR;39;2021-02-14;384;260;87044;30838;1.0;0.4
FR;39;2021-02-15;3364;2345;90408;33183;1.1;0.4
FR;39;2021-02-16;4394;3279;94802;36462;1.1;0.4
FR;39;2021-02-17;3961;2804;98763;39266;1.2;0.5
FR;39;2021-02-18;5916;3791;104679;43057;1.3;0.5
FR;39;2021-02-19;5775;2995;110454;46052;1.3;0.6
FR;39;2021-02-20;1127;459;111581;46511;1.3;0.6
FR;39;2021-02-21;185;118;111766;46629;1.3;0.6
FR;39;2021-02-22;2952;1611;114718;48240;1.4;0.6
FR;39;2021-02-23;3856;1849;118574;50089;1.4;0.6
FR;39;2021-02-24;3683;1660;122257;51749;1.5;0.6
FR;39;2021-02-25;5523;2447;127780;54196;1.5;0.7
FR;39;2021-02-26;6036;1846;133816;56042;1.6;0.7
FR;39;2021-02-27;1648;288;135464;56330;1.6;0.7
FR;39;2021-02-28;240;119;135704;56449;1.6;0.7
FR;39;2021-03-01;2897;950;138601;57399;1.7;0.7
FR;39;2021-03-02;4184;1549;142785;58948;1.7;0.7
FR;39;2021-03-03;4196;1454;146981;60402;1.8;0.7
FR;39;2021-03-04;6202;2196;153183;62598;1.8;0.8
FR;39;2021-03-05;9061;1970;162244;64568;2.0;0.8
FR;39;2021-03-06;4885;357;167129;64925;2.0;0.8
FR;39;2021-03-07;2629;213;169758;65138;2.0;0.8
FR;39;2021-03-08;4647;1048;174405;66186;2.1;0.8
FR;39;2021-03-09;6810;1408;181215;67594;2.2;0.8
FR;39;2021-03-10;6017;1433;187232;69027;2.3;0.8
FR;39;2021-03-11;8588;2257;195820;71284;2.4;0.9
FR;39;2021-03-12;11353;1958;207173;73242;2.5;0.9
FR;39;2021-03-13;5197;376;212370;73618;2.6;0.9
FR;39;2021-03-14;1739;138;214109;73756;2.6;0.9
FR;39;2021-03-15;4739;990;218848;74746;2.6;0.9
FR;39;2021-03-16;3345;1371;222193;76117;2.7;0.9
FR;39;2021-03-17;3428;1460;225621;77577;2.7;0.9
FR;39;2021-03-18;4628;1937;230249;79514;2.8;1.0
FR;39;2021-03-19;6226;1576;236475;81090;2.9;1.0
FR;39;2021-03-20;3162;343;239637;81433;2.9;1.0
FR;39;2021-03-21;2068;155;241705;81588;2.9;1.0
FR;39;2021-03-22;4427;1046;246132;82634;3.0;1.0
FR;39;2021-03-23;6141;1603;252273;84237;3.0;1.0
FR;39;2021-03-24;6285;1303;258558;85540;3.1;1.0
FR;39;2021-03-25;9019;1666;267577;87206;3.2;1.1
FR;39;2021-03-26;10591;1607;278168;88813;3.4;1.1
FR;39;2021-03-27;5976;573;284144;89386;3.4;1.1
FR;39;2021-03-28;2730;171;286874;89557;3.5;1.1
FR;39;2021-03-29;7097;1230;293971;90787;3.5;1.1
FR;39;2021-03-30;10426;1798;304397;92585;3.7;1.1
FR;39;2021-03-31;11005;1762;315402;94347;3.8;1.1
FR;39;2021-04-01;14849;2499;330251;96846;4.0;1.2
FR;39;2021-04-02;13159;2345;343410;99191;4.1;1.2
FR;39;2021-04-03;5574;990;348984;100181;4.2;1.2
FR;39;2021-04-04;2516;334;351500;100515;4.2;1.2
FR;39;2021-04-05;2526;315;354026;100830;4.3;1.2
FR;39;2021-04-06;9185;2209;363211;103039;4.4;1.2
FR;39;2021-04-07;12077;2663;375288;105702;4.5;1.3
FR;39;2021-04-08;16659;3554;391947;109256;4.7;1.3
FR;39;2021-04-09;16692;3487;408639;112743;4.9;1.4
FR;39;2021-04-10;7387;1910;416026;114653;5.0;1.4
FR;39;2021-04-11;2970;973;418996;115626;5.1;1.4
FR;39;2021-04-12;9492;2706;428488;118332;5.2;1.4
FR;39;2021-04-13;12718;3901;441206;122233;5.3;1.5
FR;39;2021-04-14;12612;3766;453818;125999;5.5;1.5
FR;39;2021-04-15;14427;4707;468245;130706;5.6;1.6
FR;39;2021-04-16;12526;5193;480771;135899;5.8;1.6
FR;39;2021-04-17;6037;2688;486808;138587;5.9;1.7
FR;39;2021-04-18;2229;1554;489037;140141;5.9;1.7
FR;39;2021-04-19;7768;4638;496805;144779;6.0;1.7
FR;39;2021-04-20;9260;6658;506065;151437;6.1;1.8
FR;39;2021-04-21;10006;7108;516071;158545;6.2;1.9
FR;39;2021-04-22;11684;10221;527755;168766;6.4;2.0
FR;39;2021-04-23;11980;10398;539735;179164;6.5;2.2
FR;39;2021-04-24;7736;5047;547471;184211;6.6;2.2
FR;39;2021-04-25;3410;2142;550881;186353;6.6;2.2
FR;39;2021-04-26;8365;6915;559246;193268;6.7;2.3
FR;39;2021-04-27;11690;9507;570936;202775;6.9;2.4
FR;39;2021-04-28;12823;9984;583759;212759;7.0;2.6
FR;39;2021-04-29;16475;12857;600234;225616;7.2;2.7
FR;39;2021-04-30;18969;13149;619203;238765;7.5;2.9
FR;39;2021-05-01;12737;3502;631940;242267;7.6;2.9
FR;39;2021-05-02;9183;2477;641123;244744;7.7;3.0
FR;39;2021-05-03;21693;11256;662816;256000;8.0;3.1
FR;39;2021-05-04;26191;13860;689007;269860;8.3;3.3
FR;39;2021-05-05;29944;14144;718951;284004;8.7;3.4
FR;39;2021-05-06;36057;17521;755008;301525;9.1;3.6
FR;39;2021-05-07;37347;18358;792355;319883;9.6;3.9
FR;39;2021-05-08;22645;5218;815000;325101;9.8;3.9
FR;39;2021-05-09;18682;4254;833682;329355;10.0;4.0
FR;49;2020-12-27;2;0;2;0;0.0;0.0
FR;49;2020-12-28;1;0;3;0;0.0;0.0
FR;49;2020-12-29;1;0;4;0;0.0;0.0
FR;49;2020-12-30;6;0;10;0;0.0;0.0
FR;49;2020-12-31;1;0;11;0;0.0;0.0
FR;49;2021-01-01;3;0;14;0;0.0;0.0
FR;49;2021-01-02;9;0;23;0;0.0;0.0
FR;49;2021-01-03;4;0;27;0;0.0;0.0
FR;49;2021-01-04;85;0;112;0;0.0;0.0
FR;49;2021-01-05;333;1;445;1;0.0;0.0
FR;49;2021-01-06;853;1;1298;2;0.0;0.0
FR;49;2021-01-07;2154;3;3452;5;0.0;0.0
FR;49;2021-01-08;3342;5;6794;10;0.1;0.0
FR;49;2021-01-09;999;0;7793;10;0.1;0.0
FR;49;2021-01-10;473;0;8266;10;0.1;0.0
FR;49;2021-01-11;4146;7;12412;17;0.1;0.0
FR;49;2021-01-12;5833;7;18245;24;0.2;0.0
FR;49;2021-01-13;6128;9;24373;33;0.3;0.0
FR;49;2021-01-14;8308;61;32681;94;0.4;0.0
FR;49;2021-01-15;7569;16;40250;110;0.5;0.0
FR;49;2021-01-16;1415;8;41665;118;0.5;0.0
FR;49;2021-01-17;619;4;42284;122;0.5;0.0
FR;49;2021-01-18;5048;13;47332;135;0.6;0.0
FR;49;2021-01-19;6777;7;54109;142;0.6;0.0
FR;49;2021-01-20;6587;12;60696;154;0.7;0.0
FR;49;2021-01-21;8333;15;69029;169;0.8;0.0
FR;49;2021-01-22;6221;22;75250;191;0.9;0.0
FR;49;2021-01-23;1010;6;76260;197;0.9;0.0
FR;49;2021-01-24;282;1;76542;198;0.9;0.0
FR;49;2021-01-25;2590;91;79132;289;0.9;0.0
FR;49;2021-01-26;3693;211;82825;500;1.0;0.0
FR;49;2021-01-27;3966;381;86791;881;1.0;0.0
FR;49;2021-01-28;5512;960;92303;1841;1.1;0.0
FR;49;2021-01-29;4384;1546;96687;3387;1.1;0.0
FR;49;2021-01-30;689;377;97376;3764;1.1;0.0
FR;49;2021-01-31;137;125;97513;3889;1.1;0.0
FR;49;2021-02-01;1361;2086;98874;5975;1.2;0.1
FR;49;2021-02-02;2259;3192;101133;9167;1.2;0.1
FR;49;2021-02-03;2285;3368;103418;12535;1.2;0.1
FR;49;2021-02-04;3326;4762;106744;17297;1.2;0.2
FR;49;2021-02-05;2762;4879;109506;22176;1.3;0.3
FR;49;2021-02-06;564;884;110070;23060;1.3;0.3
FR;49;2021-02-07;520;290;110590;23350;1.3;0.3
FR;49;2021-02-08;1930;4038;112520;27388;1.3;0.3
FR;49;2021-02-09;4320;5700;116840;33088;1.4;0.4
FR;49;2021-02-10;5472;6007;122312;39095;1.4;0.5
FR;49;2021-02-11;7944;7889;130256;46984;1.5;0.5
FR;49;2021-02-12;7266;6381;137522;53365;1.6;0.6
FR;49;2021-02-13;1690;1003;139212;54368;1.6;0.6
FR;49;2021-02-14;404;404;139616;54772;1.6;0.6
FR;49;2021-02-15;4081;3833;143697;58605;1.7;0.7
FR;49;2021-02-16;5350;5276;149047;63881;1.7;0.7
FR;49;2021-02-17;5109;4596;154156;68477;1.8;0.8
FR;49;2021-02-18;7394;6105;161550;74582;1.9;0.9
FR;49;2021-02-19;6994;4793;168544;79375;2.0;0.9
FR;49;2021-02-20;1472;777;170016;80152;2.0;0.9
FR;49;2021-02-21;275;220;170291;80372;2.0;0.9
FR;49;2021-02-22;3497;2609;173788;82981;2.0;1.0
FR;49;2021-02-23;4797;3069;178585;86050;2.1;1.0
FR;49;2021-02-24;4858;2775;183443;88825;2.1;1.0
FR;49;2021-02-25;7483;4055;190926;92880;2.2;1.1
FR;49;2021-02-26;8196;3067;199122;95947;2.3;1.1
FR;49;2021-02-27;2659;542;201781;96489;2.3;1.1
FR;49;2021-02-28;328;131;202109;96620;2.4;1.1
FR;49;2021-03-01;3747;1590;205856;98210;2.4;1.1
FR;49;2021-03-02;5706;2384;211562;100594;2.5;1.2
FR;49;2021-03-03;5942;2408;217504;103002;2.5;1.2
FR;49;2021-03-04;8797;3334;226301;106336;2.6;1.2
FR;49;2021-03-05;12419;3037;238720;109373;2.8;1.3
FR;49;2021-03-06;8496;537;247216;109910;2.9;1.3
FR;49;2021-03-07;4663;355;251879;110265;2.9;1.3
FR;49;2021-03-08;6332;1564;258211;111829;3.0;1.3
FR;49;2021-03-09;9417;2158;267628;113987;3.1;1.3
FR;49;2021-03-10;8840;2193;276468;116180;3.2;1.4
FR;49;2021-03-11;12642;3218;289110;119398;3.4;1.4
FR;49;2021-03-12;16313;2681;305423;122079;3.6;1.4
FR;49;2021-03-13;9477;538;314900;122617;3.7;1.4
FR;49;2021-03-14;3123;210;318023;122827;3.7;1.4
FR;49;2021-03-15;6817;1395;324840;124222;3.8;1.4
FR;49;2021-03-16;4598;2079;329438;126301;3.8;1.5
FR;49;2021-03-17;5144;1944;334582;128245;3.9;1.5
FR;49;2021-03-18;6511;2700;341093;130945;4.0;1.5
FR;49;2021-03-19;9431;2192;350524;133137;4.1;1.5
FR;49;2021-03-20;5853;536;356377;133673;4.1;1.6
FR;49;2021-03-21;3139;187;359516;133860;4.2;1.6
FR;49;2021-03-22;6258;1419;365774;135279;4.3;1.6
FR;49;2021-03-23;8551;2094;374325;137373;4.4;1.6
FR;49;2021-03-24;9462;1883;383787;139256;4.5;1.6
FR;49;2021-03-25;12282;2238;396069;141494;4.6;1.6
FR;49;2021-03-26;14639;2180;410708;143674;4.8;1.7
FR;49;2021-03-27;9329;766;420037;144440;4.9;1.7
FR;49;2021-03-28;3845;283;423882;144723;4.9;1.7
FR;49;2021-03-29;9779;1762;433661;146485;5.0;1.7
FR;49;2021-03-30;14180;2569;447841;149054;5.2;1.7
FR;49;2021-03-31;15386;2626;463227;151680;5.4;1.8
FR;49;2021-04-01;19593;3492;482820;155172;5.6;1.8
FR;49;2021-04-02;17338;3268;500158;158440;5.8;1.8
FR;49;2021-04-03;9293;1785;509451;160225;5.9;1.9
FR;49;2021-04-04;4105;606;513556;160831;6.0;1.9
FR;49;2021-04-05;4190;508;517746;161339;6.0;1.9
FR;49;2021-04-06;13096;3271;530842;164610;6.2;1.9
FR;49;2021-04-07;17511;4112;548353;168722;6.4;2.0
FR;49;2021-04-08;22171;4953;570524;173675;6.6;2.0
FR;49;2021-04-09;23246;5170;593770;178845;6.9;2.1
FR;49;2021-04-10;12367;3327;606137;182172;7.1;2.1
FR;49;2021-04-11;4446;1662;610583;183834;7.1;2.1
FR;49;2021-04-12;13985;3693;624568;187527;7.3;2.2
FR;49;2021-04-13;18409;5621;642977;193148;7.5;2.2
FR;49;2021-04-14;19081;5816;662058;198964;7.7;2.3
FR;49;2021-04-15;19901;6835;681959;205799;7.9;2.4
FR;49;2021-04-16;17130;7185;699089;212984;8.1;2.5
FR;49;2021-04-17;9753;4593;708842;217577;8.2;2.5
FR;49;2021-04-18;3321;2268;712163;219845;8.3;2.6
FR;49;2021-04-19;11778;6292;723941;226137;8.4;2.6
FR;49;2021-04-20;13890;8903;737831;235040;8.6;2.7
FR;49;2021-04-21;15494;10026;753325;245066;8.8;2.9
FR;49;2021-04-22;17225;12993;770550;258059;9.0;3.0
FR;49;2021-04-23;17652;13916;788202;271975;9.2;3.2
FR;49;2021-04-24;12461;7746;800663;279721;9.3;3.3
FR;49;2021-04-25;5260;3094;805923;282815;9.4;3.3
FR;49;2021-04-26;13188;9862;819111;292677;9.5;3.4
FR;49;2021-04-27;18325;12993;837436;305670;9.7;3.6
FR;49;2021-04-28;21927;14417;859363;320087;10.0;3.7
FR;49;2021-04-29;26271;17089;885634;337176;10.3;3.9
FR;49;2021-04-30;30465;17891;916099;355067;10.7;4.1
FR;49;2021-05-01;23011;5648;939110;360715;10.9;4.2
FR;49;2021-05-02;16312;3826;955422;364541;11.1;4.2
FR;49;2021-05-03;38215;15417;993637;379958;11.6;4.4
FR;49;2021-05-04;45250;20136;1038887;400094;12.1;4.7
FR;49;2021-05-05;54346;21448;1093233;421542;12.7;4.9
FR;49;2021-05-06;60718;24340;1153951;445882;13.4;5.2
FR;49;2021-05-07;63808;25732;1217759;471614;14.2;5.5
FR;49;2021-05-08;40864;8468;1258623;480082;14.6;5.6
FR;49;2021-05-09;32024;6193;1290647;486275;15.0;5.7
FR;59;2020-12-27;2;0;2;0;0.0;0.0
FR;59;2020-12-28;5;0;7;0;0.0;0.0
FR;59;2020-12-29;2;0;9;0;0.0;0.0
FR;59;2020-12-30;5;0;14;0;0.0;0.0
FR;59;2020-12-31;9;0;23;0;0.0;0.0
FR;59;2021-01-01;19;0;42;0;0.0;0.0
FR;59;2021-01-02;25;0;67;0;0.0;0.0
FR;59;2021-01-03;36;0;103;0;0.0;0.0
FR;59;2021-01-04;592;1;695;1;0.0;0.0
FR;59;2021-01-05;2157;1;2852;2;0.0;0.0
FR;59;2021-01-06;4793;6;7645;8;0.1;0.0
FR;59;2021-01-07;10492;17;18137;25;0.2;0.0
FR;59;2021-01-08;14250;11;32387;36;0.4;0.0
FR;59;2021-01-09;4045;3;36432;39;0.4;0.0
FR;59;2021-01-10;1983;1;38415;40;0.4;0.0
FR;59;2021-01-11;15881;17;54296;57;0.6;0.0
FR;59;2021-01-12;21053;21;75349;78;0.9;0.0
FR;59;2021-01-13;22648;27;97997;105;1.1;0.0
FR;59;2021-01-14;24697;199;122694;304;1.4;0.0
FR;59;2021-01-15;21512;75;144206;379;1.6;0.0
FR;59;2021-01-16;5368;15;149574;394;1.7;0.0
FR;59;2021-01-17;1800;7;151374;401;1.7;0.0
FR;59;2021-01-18;13547;46;164921;447;1.9;0.0
FR;59;2021-01-19;17850;39;182771;486;2.1;0.0
FR;59;2021-01-20;16974;48;199745;534;2.3;0.0
FR;59;2021-01-21;18594;28;218339;562;2.5;0.0
FR;59;2021-01-22;13797;61;232136;623;2.6;0.0
FR;59;2021-01-23;2945;18;235081;641;2.7;0.0
FR;59;2021-01-24;824;12;235905;653;2.7;0.0
FR;59;2021-01-25;6673;600;242578;1253;2.8;0.0
FR;59;2021-01-26;8374;1360;250952;2613;2.9;0.0
FR;59;2021-01-27;8779;2377;259731;4990;3.0;0.1
FR;59;2021-01-28;10406;5002;270137;9992;3.1;0.1
FR;59;2021-01-29;7805;6624;277942;16616;3.2;0.2
FR;59;2021-01-30;1755;1506;279697;18122;3.2;0.2
FR;59;2021-01-31;370;546;280067;18668;3.2;0.2
FR;59;2021-02-01;3141;8735;283208;27403;3.2;0.3
FR;59;2021-02-02;4650;12468;287858;39871;3.3;0.5
FR;59;2021-02-03;4795;13526;292653;53397;3.3;0.6
FR;59;2021-02-04;5845;15868;298498;69265;3.4;0.8
FR;59;2021-02-05;4742;14900;303240;84165;3.4;1.0
FR;59;2021-02-06;1143;2993;304383;87158;3.5;1.0
FR;59;2021-02-07;388;980;304771;88138;3.5;1.0
FR;59;2021-02-08;2747;12447;307518;100585;3.5;1.1
FR;59;2021-02-09;4886;16119;312404;116704;3.6;1.3
FR;59;2021-02-10;5667;16000;318071;132704;3.6;1.5
FR;59;2021-02-11;7610;19628;325681;152332;3.7;1.7
FR;59;2021-02-12;6710;15940;332391;168272;3.8;1.9
FR;59;2021-02-13;1677;3434;334068;171706;3.8;2.0
FR;59;2021-02-14;360;981;334428;172687;3.8;2.0
FR;59;2021-02-15;3249;10486;337677;183173;3.8;2.1
FR;59;2021-02-16;4707;13487;342384;196660;3.9;2.2
FR;59;2021-02-17;4932;12234;347316;208894;4.0;2.4
FR;59;2021-02-18;6973;13746;354289;222640;4.0;2.5
FR;59;2021-02-19;6414;10592;360703;233232;4.1;2.7
FR;59;2021-02-20;1400;2468;362103;235700;4.1;2.7
FR;59;2021-02-21;280;566;362383;236266;4.1;2.7
FR;59;2021-02-22;3229;6319;365612;242585;4.2;2.8
FR;59;2021-02-23;4770;7044;370382;249629;4.2;2.8
FR;59;2021-02-24;6794;6319;377176;255948;4.3;2.9
FR;59;2021-02-25;21001;8292;398177;264240;4.5;3.0
FR;59;2021-02-26;28059;6043;426236;270283;4.8;3.1
FR;59;2021-02-27;16957;1407;443193;271690;5.0;3.1
FR;59;2021-02-28;1099;367;444292;272057;5.1;3.1
FR;59;2021-03-01;8684;3428;452976;275485;5.2;3.1
FR;59;2021-03-02;16972;4727;469948;280212;5.3;3.2
FR;59;2021-03-03;20391;4786;490339;284998;5.6;3.2
FR;59;2021-03-04;31832;5572;522171;290570;5.9;3.3
FR;59;2021-03-05;40417;5028;562588;295598;6.4;3.4
FR;59;2021-03-06;35409;1210;597997;296808;6.8;3.4
FR;59;2021-03-07;13896;888;611893;297696;7.0;3.4
FR;59;2021-03-08;12127;3006;624020;300702;7.1;3.4
FR;59;2021-03-09;22583;3934;646603;304636;7.4;3.5
FR;59;2021-03-10;22886;3976;669489;308612;7.6;3.5
FR;59;2021-03-11;33905;5098;703394;313710;8.0;3.6
FR;59;2021-03-12;44988;4138;748382;317848;8.5;3.6
FR;59;2021-03-13;35793;1054;784175;318902;8.9;3.6
FR;59;2021-03-14;7142;344;791317;319246;9.0;3.6
FR;59;2021-03-15;14329;2390;805646;321636;9.2;3.7
FR;59;2021-03-16;7844;2872;813490;324508;9.3;3.7
FR;59;2021-03-17;8682;3016;822172;327524;9.4;3.7
FR;59;2021-03-18;10350;3886;832522;331410;9.5;3.8
FR;59;2021-03-19;23280;3328;855802;334738;9.7;3.8
FR;59;2021-03-20;20959;949;876761;335687;10.0;3.8
FR;59;2021-03-21;6255;344;883016;336031;10.0;3.8
FR;59;2021-03-22;15345;2543;898361;338574;10.2;3.9
FR;59;2021-03-23;25209;3301;923570;341875;10.5;3.9
FR;59;2021-03-24;27804;3299;951374;345174;10.8;3.9
FR;59;2021-03-25;37634;3558;989008;348732;11.2;4.0
FR;59;2021-03-26;42514;3742;1031522;352474;11.7;4.0
FR;59;2021-03-27;26699;1550;1058221;354024;12.0;4.0
FR;59;2021-03-28;7507;414;1065728;354438;12.1;4.0
FR;59;2021-03-29;21540;3198;1087268;357636;12.4;4.1
FR;59;2021-03-30;31937;4091;1119205;361727;12.7;4.1
FR;59;2021-03-31;31141;4412;1150346;366139;13.1;4.2
FR;59;2021-04-01;37977;5483;1188323;371622;13.5;4.2
FR;59;2021-04-02;36623;5466;1224946;377088;13.9;4.3
FR;59;2021-04-03;21217;3334;1246163;380422;14.2;4.3
FR;59;2021-04-04;7319;1177;1253482;381599;14.3;4.3
FR;59;2021-04-05;8238;1047;1261720;382646;14.3;4.4
FR;59;2021-04-06;25493;5695;1287213;388341;14.6;4.4
FR;59;2021-04-07;33611;6900;1320824;395241;15.0;4.5
FR;59;2021-04-08;44580;8098;1365404;403339;15.5;4.6
FR;59;2021-04-09;60249;8570;1425653;411909;16.2;4.7
FR;59;2021-04-10;36263;6898;1461916;418807;16.6;4.8
FR;59;2021-04-11;9712;3472;1471628;422279;16.7;4.8
FR;59;2021-04-12;34959;7209;1506587;429488;17.1;4.9
FR;59;2021-04-13;49329;9802;1555916;439290;17.7;5.0
FR;59;2021-04-14;49662;9827;1605578;449117;18.3;5.1
FR;59;2021-04-15;58779;11291;1664357;460408;18.9;5.2
FR;59;2021-04-16;62621;11990;1726978;472398;19.6;5.4
FR;59;2021-04-17;41158;9459;1768136;481857;20.1;5.5
FR;59;2021-04-18;12222;4595;1780358;486452;20.2;5.5
FR;59;2021-04-19;32847;10969;1813205;497421;20.6;5.7
FR;59;2021-04-20;44106;14444;1857311;511865;21.1;5.8
FR;59;2021-04-21;46226;16175;1903537;528040;21.6;6.0
FR;59;2021-04-22;55107;19162;1958644;547202;22.3;6.2
FR;59;2021-04-23;64195;20307;2022839;567509;23.0;6.5
FR;59;2021-04-24;47196;15325;2070035;582834;23.5;6.6
FR;59;2021-04-25;16377;5382;2086412;588216;23.7;6.7
FR;59;2021-04-26;40547;17253;2126959;605469;24.2;6.9
FR;59;2021-04-27;56021;22998;2182980;628467;24.8;7.1
FR;59;2021-04-28;63378;25617;2246358;654084;25.5;7.4
FR;59;2021-04-29;76518;31193;2322876;685277;26.4;7.8
FR;59;2021-04-30;90987;36034;2413863;721311;27.5;8.2
FR;59;2021-05-01;42136;10804;2455999;732115;27.9;8.3
FR;59;2021-05-02;23246;7170;2479245;739285;28.2;8.4
FR;59;2021-05-03;61349;26026;2540594;765311;28.9;8.7
FR;59;2021-05-04;69657;34041;2610251;799352;29.7;9.1
FR;59;2021-05-05;76122;36993;2686373;836345;30.6;9.5
FR;59;2021-05-06;87676;43169;2774049;879514;31.5;10.0
FR;59;2021-05-07;95753;53348;2869802;932862;32.6;10.6
FR;59;2021-05-08;47864;15715;2917666;948577;33.2;10.8
FR;59;2021-05-09;38962;10209;2956628;958786;33.6;10.9
FR;64;2020-12-27;1;0;1;0;0.0;0.0
FR;64;2020-12-28;0;0;1;0;0.0;0.0
FR;64;2020-12-29;2;0;3;0;0.0;0.0
FR;64;2020-12-30;5;0;8;0;0.0;0.0
FR;64;2020-12-31;5;0;13;0;0.0;0.0
FR;64;2021-01-01;8;0;21;0;0.0;0.0
FR;64;2021-01-02;11;0;32;0;0.0;0.0
FR;64;2021-01-03;17;0;49;0;0.0;0.0
FR;64;2021-01-04;209;1;258;1;0.0;0.0
FR;64;2021-01-05;890;3;1148;4;0.0;0.0
FR;64;2021-01-06;1684;1;2832;5;0.1;0.0
FR;64;2021-01-07;3647;3;6479;8;0.2;0.0
FR;64;2021-01-08;4842;5;11321;13;0.3;0.0
FR;64;2021-01-09;1946;0;13267;13;0.3;0.0
FR;64;2021-01-10;1022;0;14289;13;0.3;0.0
FR;64;2021-01-11;5249;0;19538;13;0.5;0.0
FR;64;2021-01-12;7104;5;26642;18;0.6;0.0
FR;64;2021-01-13;7422;13;34064;31;0.8;0.0
FR;64;2021-01-14;8538;75;42602;106;1.0;0.0
FR;64;2021-01-15;7069;26;49671;132;1.2;0.0
FR;64;2021-01-16;2197;12;51868;144;1.3;0.0
FR;64;2021-01-17;842;4;52710;148;1.3;0.0
FR;64;2021-01-18;4672;10;57382;158;1.4;0.0
FR;64;2021-01-19;6380;8;63762;166;1.6;0.0
FR;64;2021-01-20;6197;19;69959;185;1.7;0.0
FR;64;2021-01-21;6862;15;76821;200;1.9;0.0
FR;64;2021-01-22;5383;19;82204;219;2.0;0.0
FR;64;2021-01-23;1411;8;83615;227;2.0;0.0
FR;64;2021-01-24;430;7;84045;234;2.0;0.0
FR;64;2021-01-25;2764;195;86809;429;2.1;0.0
FR;64;2021-01-26;3506;481;90315;910;2.2;0.0
FR;64;2021-01-27;3751;875;94066;1785;2.3;0.0
FR;64;2021-01-28;4551;1737;98617;3522;2.4;0.1
FR;64;2021-01-29;3513;2316;102130;5838;2.5;0.1
FR;64;2021-01-30;837;706;102967;6544;2.5;0.2
FR;64;2021-01-31;172;279;103139;6823;2.5;0.2
FR;64;2021-02-01;1510;2860;104649;9683;2.6;0.2
FR;64;2021-02-02;2136;4135;106785;13818;2.6;0.3
FR;64;2021-02-03;2298;4354;109083;18172;2.7;0.4
FR;64;2021-02-04;2782;5499;111865;23671;2.7;0.6
FR;64;2021-02-05;2169;4960;114034;28631;2.8;0.7
FR;64;2021-02-06;654;1303;114688;29934;2.8;0.7
FR;64;2021-02-07;164;493;114852;30427;2.8;0.7
FR;64;2021-02-08;1481;4192;116333;34619;2.8;0.8
FR;64;2021-02-09;2336;5652;118669;40271;2.9;1.0
FR;64;2021-02-10;2562;5657;121231;45928;3.0;1.1
FR;64;2021-02-11;3444;7200;124675;53128;3.0;1.3
FR;64;2021-02-12;3096;5422;127771;58550;3.1;1.4
FR;64;2021-02-13;830;1441;128601;59991;3.1;1.5
FR;64;2021-02-14;193;433;128794;60424;3.1;1.5
FR;64;2021-02-15;1584;3865;130378;64289;3.2;1.6
FR;64;2021-02-16;2077;5113;132455;69402;3.2;1.7
FR;64;2021-02-17;2203;4616;134658;74018;3.3;1.8
FR;64;2021-02-18;3199;5415;137857;79433;3.4;1.9
FR;64;2021-02-19;2971;4186;140828;83619;3.4;2.0
FR;64;2021-02-20;799;1192;141627;84811;3.5;2.1
FR;64;2021-02-21;133;252;141760;85063;3.5;2.1
FR;64;2021-02-22;1476;2653;143236;87716;3.5;2.1
FR;64;2021-02-23;2379;2898;145615;90614;3.5;2.2
FR;64;2021-02-24;3847;2823;149462;93437;3.6;2.3
FR;64;2021-02-25;15904;3781;165366;97218;4.0;2.4
FR;64;2021-02-26;21662;2685;187028;99903;4.6;2.4
FR;64;2021-02-27;12955;713;199983;100616;4.9;2.5
FR;64;2021-02-28;789;175;200772;100791;4.9;2.5
FR;64;2021-03-01;6474;1716;207246;102507;5.1;2.5
FR;64;2021-03-02;13044;2268;220290;104775;5.4;2.6
FR;64;2021-03-03;15774;2288;236064;107063;5.8;2.6
FR;64;2021-03-04;24896;2740;260960;109803;6.4;2.7
FR;64;2021-03-05;30223;2495;291183;112298;7.1;2.7
FR;64;2021-03-06;26406;643;317589;112941;7.7;2.8
FR;64;2021-03-07;9772;458;327361;113399;8.0;2.8
FR;64;2021-03-08;8690;1740;336051;115139;8.2;2.8
FR;64;2021-03-09;16677;1928;352728;117067;8.6;2.9
FR;64;2021-03-10;16900;2059;369628;119126;9.0;2.9
FR;64;2021-03-11;25703;2683;395331;121809;9.6;3.0
FR;64;2021-03-12;33225;2209;428556;124018;10.4;3.0
FR;64;2021-03-13;27083;611;455639;124629;11.1;3.0
FR;64;2021-03-14;5407;166;461046;124795;11.2;3.0
FR;64;2021-03-15;10916;1371;471962;126166;11.5;3.1
FR;64;2021-03-16;5967;1731;477929;127897;11.7;3.1
FR;64;2021-03-17;6079;1643;484008;129540;11.8;3.2
FR;64;2021-03-18;7618;2013;491626;131553;12.0;3.2
FR;64;2021-03-19;18793;1828;510419;133381;12.4;3.3
FR;64;2021-03-20;18445;653;528864;134034;12.9;3.3
FR;64;2021-03-21;4715;203;533579;134237;13.0;3.3
FR;64;2021-03-22;13434;1503;547013;135740;13.3;3.3
FR;64;2021-03-23;23377;1920;570390;137660;13.9;3.4
FR;64;2021-03-24;24973;1990;595363;139650;14.5;3.4
FR;64;2021-03-25;36388;2217;631751;141867;15.4;3.5
FR;64;2021-03-26;39937;2163;671688;144030;16.4;3.5
FR;64;2021-03-27;21160;927;692848;144957;16.9;3.5
FR;64;2021-03-28;5062;233;697910;145190;17.0;3.5
FR;64;2021-03-29;17467;2069;715377;147259;17.4;3.6
FR;64;2021-03-30;27199;2699;742576;149958;18.1;3.7
FR;64;2021-03-31;23976;2786;766552;152744;18.7;3.7
FR;64;2021-04-01;30300;3644;796852;156388;19.4;3.8
FR;64;2021-04-02;29052;3482;825904;159870;20.1;3.9
FR;64;2021-04-03;15929;2311;841833;162181;20.5;4.0
FR;64;2021-04-04;4023;778;845856;162959;20.6;4.0
FR;64;2021-04-05;5098;776;850954;163735;20.7;4.0
FR;64;2021-04-06;19040;4187;869994;167922;21.2;4.1
FR;64;2021-04-07;23417;4699;893411;172621;21.8;4.2
FR;64;2021-04-08;34334;5460;927745;178081;22.6;4.3
FR;64;2021-04-09;53150;5829;980895;183910;23.9;4.5
FR;64;2021-04-10;29709;4889;1010604;188799;24.6;4.6
FR;64;2021-04-11;6253;2591;1016857;191390;24.8;4.7
FR;64;2021-04-12;27815;5063;1044672;196453;25.5;4.8
FR;64;2021-04-13;42212;7218;1086884;203671;26.5;5.0
FR;64;2021-04-14;40455;6967;1127339;210638;27.5;5.1
FR;64;2021-04-15;51473;8176;1178812;218814;28.7;5.3
FR;64;2021-04-16;63795;8658;1242607;227472;30.3;5.5
FR;64;2021-04-17;38240;6974;1280847;234446;31.2;5.7
FR;64;2021-04-18;10863;3302;1291710;237748;31.5;5.8
FR;64;2021-04-19;41629;8442;1333339;246190;32.5;6.0
FR;64;2021-04-20;52228;10225;1385567;256415;33.8;6.3
FR;64;2021-04-21;51956;10686;1437523;267101;35.0;6.5
FR;64;2021-04-22;56912;12544;1494435;279645;36.4;6.8
FR;64;2021-04-23;60322;12437;1554757;292082;37.9;7.1
FR;64;2021-04-24;43138;8959;1597895;301041;39.0;7.3
FR;64;2021-04-25;16060;3295;1613955;304336;39.3;7.4
FR;64;2021-04-26;49112;11338;1663067;315674;40.5;7.7
FR;64;2021-04-27;62565;15303;1725632;330977;42.1;8.1
FR;64;2021-04-28;63437;15793;1789069;346770;43.6;8.5
FR;64;2021-04-29;72867;20161;1861936;366931;45.4;8.9
FR;64;2021-04-30;74545;21712;1936481;388643;47.2;9.5
FR;64;2021-05-01;28967;6572;1965448;395215;47.9;9.6
FR;64;2021-05-02;14354;3932;1979802;399147;48.3;9.7
FR;64;2021-05-03;51671;15694;2031473;414841;49.5;10.1
FR;64;2021-05-04;52515;21483;2083988;436324;50.8;10.6
FR;64;2021-05-05;48788;22526;2132776;458850;52.0;11.2
FR;64;2021-05-06;56087;28608;2188863;487458;53.4;11.9
FR;64;2021-05-07;50057;33765;2238920;521223;54.6;12.7
FR;64;2021-05-08;16860;9070;2255780;530293;55.0;12.9
FR;64;2021-05-09;9935;5450;2265715;535743;55.2;13.1
FR;69;2020-12-27;2;0;2;0;0.0;0.0
FR;69;2020-12-28;1;0;3;0;0.0;0.0
FR;69;2020-12-29;3;0;6;0;0.0;0.0
FR;69;2020-12-30;7;0;13;0;0.0;0.0
FR;69;2020-12-31;5;0;18;0;0.0;0.0
FR;69;2021-01-01;6;0;24;0;0.0;0.0
FR;69;2021-01-02;10;0;34;0;0.0;0.0
FR;69;2021-01-03;8;0;42;0;0.0;0.0
FR;69;2021-01-04;114;0;156;0;0.0;0.0
FR;69;2021-01-05;410;1;566;1;0.0;0.0
FR;69;2021-01-06;806;1;1372;2;0.0;0.0
FR;69;2021-01-07;1885;3;3257;5;0.1;0.0
FR;69;2021-01-08;2445;0;5702;5;0.1;0.0
FR;69;2021-01-09;1118;1;6820;6;0.2;0.0
FR;69;2021-01-10;655;0;7475;6;0.2;0.0
FR;69;2021-01-11;2722;2;10197;8;0.3;0.0
FR;69;2021-01-12;3854;1;14051;9;0.4;0.0
FR;69;2021-01-13;3775;6;17826;15;0.5;0.0
FR;69;2021-01-14;4557;43;22383;58;0.6;0.0
FR;69;2021-01-15;3828;13;26211;71;0.7;0.0
FR;69;2021-01-16;1341;8;27552;79;0.7;0.0
FR;69;2021-01-17;633;3;28185;82;0.7;0.0
FR;69;2021-01-18;3249;14;31434;96;0.8;0.0
FR;69;2021-01-19;4774;13;36208;109;0.9;0.0
FR;69;2021-01-20;4750;9;40958;118;1.0;0.0
FR;69;2021-01-21;5502;11;46460;129;1.2;0.0
FR;69;2021-01-22;4364;9;50824;138;1.3;0.0
FR;69;2021-01-23;1357;4;52181;142;1.3;0.0
FR;69;2021-01-24;445;5;52626;147;1.3;0.0
FR;69;2021-01-25;2714;80;55340;227;1.4;0.0
FR;69;2021-01-26;3333;180;58673;407;1.5;0.0
FR;69;2021-01-27;3660;403;62333;810;1.6;0.0
FR;69;2021-01-28;4307;883;66640;1693;1.7;0.0
FR;69;2021-01-29;3469;1230;70109;2923;1.8;0.1
FR;69;2021-01-30;937;402;71046;3325;1.8;0.1
FR;69;2021-01-31;180;159;71226;3484;1.8;0.1
FR;69;2021-02-01;1803;1521;73029;5005;1.9;0.1
FR;69;2021-02-02;2400;2198;75429;7203;1.9;0.2
FR;69;2021-02-03;2414;2269;77843;9472;2.0;0.2
FR;69;2021-02-04;2940;2919;80783;12391;2.1;0.3
FR;69;2021-02-05;2488;2534;83271;14925;2.1;0.4
FR;69;2021-02-06;719;808;83990;15733;2.2;0.4
FR;69;2021-02-07;162;391;84152;16124;2.2;0.4
FR;69;2021-02-08;1604;2407;85756;18531;2.2;0.5
FR;69;2021-02-09;2397;3410;88153;21941;2.3;0.6
FR;69;2021-02-10;2559;3398;90712;25339;2.3;0.6
FR;69;2021-02-11;3495;4856;94207;30195;2.4;0.8
FR;69;2021-02-12;3134;3413;97341;33608;2.5;0.9
FR;69;2021-02-13;859;1031;98200;34639;2.5;0.9
FR;69;2021-02-14;212;412;98412;35051;2.5;0.9
FR;69;2021-02-15;1325;2774;99737;37825;2.6;1.0
FR;69;2021-02-16;1852;3980;101589;41805;2.6;1.1
FR;69;2021-02-17;2008;3658;103597;45463;2.7;1.2
FR;69;2021-02-18;2981;4548;106578;50011;2.7;1.3
FR;69;2021-02-19;2846;3498;109424;53509;2.8;1.4
FR;69;2021-02-20;752;1025;110176;54534;2.8;1.4
FR;69;2021-02-21;149;233;110325;54767;2.8;1.4
FR;69;2021-02-22;1602;2571;111927;57338;2.9;1.5
FR;69;2021-02-23;2261;2812;114188;60150;2.9;1.5
FR;69;2021-02-24;2648;2901;116836;63051;3.0;1.6
FR;69;2021-02-25;3859;3559;120695;66610;3.1;1.7
FR;69;2021-02-26;4243;2611;124938;69221;3.2;1.8
FR;69;2021-02-27;1789;698;126727;69919;3.2;1.8
FR;69;2021-02-28;309;177;127036;70096;3.3;1.8
FR;69;2021-03-01;2780;1923;129816;72019;3.3;1.8
FR;69;2021-03-02;4693;2426;134509;74445;3.4;1.9
FR;69;2021-03-03;6614;2452;141123;76897;3.6;2.0
FR;69;2021-03-04;11620;2961;152743;79858;3.9;2.0
FR;69;2021-03-05;17315;2615;170058;82473;4.4;2.1
FR;69;2021-03-06;22864;682;192922;83155;4.9;2.1
FR;69;2021-03-07;14664;375;207586;83530;5.3;2.1
FR;69;2021-03-08;9672;1996;217258;85526;5.6;2.2
FR;69;2021-03-09;17341;2425;234599;87951;6.0;2.3
FR;69;2021-03-10;18665;2462;253264;90413;6.5;2.3
FR;69;2021-03-11;28964;3090;282228;93503;7.2;2.4
FR;69;2021-03-12;39608;2762;321836;96265;8.2;2.5
FR;69;2021-03-13;35689;820;357525;97085;9.2;2.5
FR;69;2021-03-14;8156;214;365681;97299;9.4;2.5
FR;69;2021-03-15;16545;1751;382226;99050;9.8;2.5
FR;69;2021-03-16;10700;2149;392926;101199;10.1;2.6
FR;69;2021-03-17;11686;2146;404612;103345;10.4;2.6
FR;69;2021-03-18;13085;2556;417697;105901;10.7;2.7
FR;69;2021-03-19;28664;2342;446361;108243;11.4;2.8
FR;69;2021-03-20;26820;809;473181;109052;12.1;2.8
FR;69;2021-03-21;7107;250;480288;109302;12.3;2.8
FR;69;2021-03-22;21100;2094;501388;111396;12.8;2.9
FR;69;2021-03-23;36036;2683;537424;114079;13.8;2.9
FR;69;2021-03-24;37323;2733;574747;116812;14.7;3.0
FR;69;2021-03-25;54743;2945;629490;119757;16.1;3.1
FR;69;2021-03-26;58915;2825;688405;122582;17.6;3.1
FR;69;2021-03-27;30000;1264;718405;123846;18.4;3.2
FR;69;2021-03-28;7593;353;725998;124199;18.6;3.2
FR;69;2021-03-29;27608;3348;753606;127547;19.3;3.3
FR;69;2021-03-30;42130;4234;795736;131781;20.4;3.4
FR;69;2021-03-31;35249;4297;830985;136078;21.3;3.5
FR;69;2021-04-01;43027;5649;874012;141727;22.4;3.6
FR;69;2021-04-02;41193;5804;915205;147531;23.5;3.8
FR;69;2021-04-03;21628;3886;936833;151417;24.0;3.9
FR;69;2021-04-04;5795;1298;942628;152715;24.2;3.9
FR;69;2021-04-05;7601;1040;950229;153755;24.4;3.9
FR;69;2021-04-06;27675;7101;977904;160856;25.1;4.1
FR;69;2021-04-07;32288;7662;1010192;168518;25.9;4.3
FR;69;2021-04-08;48340;8715;1058532;177233;27.1;4.5
FR;69;2021-04-09;70203;8826;1128735;186059;28.9;4.8
FR;69;2021-04-10;36548;7758;1165283;193817;29.9;5.0
FR;69;2021-04-11;7982;4269;1173265;198086;30.1;5.1
FR;69;2021-04-12;38334;8731;1211599;206817;31.1;5.3
FR;69;2021-04-13;53218;11792;1264817;218609;32.4;5.6
FR;69;2021-04-14;48995;11503;1313812;230112;33.7;5.9
FR;69;2021-04-15;61367;13340;1375179;243452;35.2;6.2
FR;69;2021-04-16;72071;13892;1447250;257344;37.1;6.6
FR;69;2021-04-17;39379;10575;1486629;267919;38.1;6.9
FR;69;2021-04-18;9944;5003;1496573;272922;38.4;7.0
FR;69;2021-04-19;45605;13753;1542178;286675;39.5;7.3
FR;69;2021-04-20;56725;16662;1598903;303337;41.0;7.8
FR;69;2021-04-21;53020;16386;1651923;319723;42.3;8.2
FR;69;2021-04-22;59822;18568;1711745;338291;43.9;8.7
FR;69;2021-04-23;58911;18546;1770656;356837;45.4;9.1
FR;69;2021-04-24;37109;13045;1807765;369882;46.3;9.5
FR;69;2021-04-25;13114;4951;1820879;374833;46.7;9.6
FR;69;2021-04-26;48793;18217;1869672;393050;47.9;10.1
FR;69;2021-04-27;61413;23004;1931085;416054;49.5;10.7
FR;69;2021-04-28;59336;21923;1990421;437977;51.0;11.2
FR;69;2021-04-29;69393;24653;2059814;462630;52.8;11.9
FR;69;2021-04-30;66400;23698;2126214;486328;54.5;12.5
FR;69;2021-05-01;23511;7546;2149725;493874;55.1;12.7
FR;69;2021-05-02;11121;5116;2160846;498990;55.4;12.8
FR;69;2021-05-03;46951;21217;2207797;520207;56.6;13.3
FR;69;2021-05-04;47408;27637;2255205;547844;57.8;14.0
FR;69;2021-05-05;42221;27054;2297426;574898;58.9;14.7
FR;69;2021-05-06;50257;30082;2347683;604980;60.2;15.5
FR;69;2021-05-07;41643;34153;2389326;639133;61.2;16.4
FR;69;2021-05-08;12759;9203;2402085;648336;61.6;16.6
FR;69;2021-05-09;7223;6536;2409308;654872;61.7;16.8
FR;74;2020-12-27;1;0;1;0;0.0;0.0
FR;74;2020-12-28;6;0;7;0;0.0;0.0
FR;74;2020-12-29;5;0;12;0;0.0;0.0
FR;74;2020-12-30;10;0;22;0;0.0;0.0
FR;74;2020-12-31;7;0;29;0;0.0;0.0
FR;74;2021-01-01;5;0;34;0;0.0;0.0
FR;74;2021-01-02;3;0;37;0;0.0;0.0
FR;74;2021-01-03;12;0;49;0;0.0;0.0
FR;74;2021-01-04;85;1;134;1;0.0;0.0
FR;74;2021-01-05;297;0;431;1;0.0;0.0
FR;74;2021-01-06;552;0;983;1;0.0;0.0
FR;74;2021-01-07;1462;0;2445;1;0.1;0.0
FR;74;2021-01-08;1782;3;4227;4;0.1;0.0
FR;74;2021-01-09;793;1;5020;5;0.1;0.0
FR;74;2021-01-10;533;0;5553;5;0.2;0.0
FR;74;2021-01-11;2112;0;7665;5;0.2;0.0
FR;74;2021-01-12;3138;3;10803;8;0.3;0.0
FR;74;2021-01-13;3188;5;13991;13;0.4;0.0
FR;74;2021-01-14;3933;39;17924;52;0.5;0.0
FR;74;2021-01-15;3526;8;21450;60;0.6;0.0
FR;74;2021-01-16;1332;2;22782;62;0.7;0.0
FR;74;2021-01-17;762;3;23544;65;0.7;0.0
FR;74;2021-01-18;4709;11;28253;76;0.8;0.0
FR;74;2021-01-19;6801;11;35054;87;1.0;0.0
FR;74;2021-01-20;7087;8;42141;95;1.2;0.0
FR;74;2021-01-21;8167;18;50308;113;1.4;0.0
FR;74;2021-01-22;6525;15;56833;128;1.6;0.0
FR;74;2021-01-23;2255;1;59088;129;1.7;0.0
FR;74;2021-01-24;606;0;59694;129;1.7;0.0
FR;74;2021-01-25;4527;56;64221;185;1.8;0.0
FR;74;2021-01-26;5603;148;69824;333;2.0;0.0
FR;74;2021-01-27;5966;270;75790;603;2.2;0.0
FR;74;2021-01-28;6945;749;82735;1352;2.4;0.0
FR;74;2021-01-29;5716;893;88451;2245;2.5;0.1
FR;74;2021-01-30;1770;261;90221;2506;2.6;0.1
FR;74;2021-01-31;294;114;90515;2620;2.6;0.1
FR;74;2021-02-01;3272;1060;93787;3680;2.7;0.1
FR;74;2021-02-02;4273;1783;98060;5463;2.8;0.2
FR;74;2021-02-03;4297;1805;102357;7268;2.9;0.2
FR;74;2021-02-04;5146;2465;107503;9733;3.1;0.3
FR;74;2021-02-05;4370;2178;111873;11911;3.2;0.3
FR;74;2021-02-06;1393;693;113266;12604;3.3;0.4
FR;74;2021-02-07;243;351;113509;12955;3.3;0.4
FR;74;2021-02-08;3069;2505;116578;15460;3.4;0.4
FR;74;2021-02-09;4097;3721;120675;19181;3.5;0.6
FR;74;2021-02-10;4401;3814;125076;22995;3.6;0.7
FR;74;2021-02-11;5598;5468;130674;28463;3.8;0.8
FR;74;2021-02-12;5240;3812;135914;32275;3.9;0.9
FR;74;2021-02-13;1646;1218;137560;33493;4.0;1.0
FR;74;2021-02-14;402;471;137962;33964;4.0;1.0
FR;74;2021-02-15;2391;4176;140353;38140;4.0;1.1
FR;74;2021-02-16;3269;5626;143622;43766;4.1;1.3
FR;74;2021-02-17;3391;5449;147013;49215;4.2;1.4
FR;74;2021-02-18;4908;6800;151921;56015;4.4;1.6
FR;74;2021-02-19;4866;5401;156787;61416;4.5;1.8
FR;74;2021-02-20;1546;1736;158333;63152;4.6;1.8
FR;74;2021-02-21;232;415;158565;63567;4.6;1.8
FR;74;2021-02-22;2856;4290;161421;67857;4.6;2.0
FR;74;2021-02-23;4128;4887;165549;72744;4.8;2.1
FR;74;2021-02-24;4513;4836;170062;77580;4.9;2.2
FR;74;2021-02-25;5506;5687;175568;83267;5.0;2.4
FR;74;2021-02-26;5460;4462;181028;87729;5.2;2.5
FR;74;2021-02-27;1994;1364;183022;89093;5.3;2.6
FR;74;2021-02-28;528;293;183550;89386;5.3;2.6
FR;74;2021-03-01;5047;3358;188597;92744;5.4;2.7
FR;74;2021-03-02;7424;4269;196021;97013;5.6;2.8
FR;74;2021-03-03;9624;4245;205645;101258;5.9;2.9
FR;74;2021-03-04;14921;4780;220566;106038;6.3;3.0
FR;74;2021-03-05;21528;4546;242094;110584;7.0;3.2
FR;74;2021-03-06;30885;1320;272979;111904;7.8;3.2
FR;74;2021-03-07;20773;466;293752;112370;8.4;3.2
FR;74;2021-03-08;14141;3625;307893;115995;8.9;3.3
FR;74;2021-03-09;23905;4178;331798;120173;9.5;3.5
FR;74;2021-03-10;26123;4351;357921;124524;10.3;3.6
FR;74;2021-03-11;38091;5211;396012;129735;11.4;3.7
FR;74;2021-03-12;50331;4583;446343;134318;12.8;3.9
FR;74;2021-03-13;47506;1458;493849;135776;14.2;3.9
FR;74;2021-03-14;11919;390;505768;136166;14.5;3.9
FR;74;2021-03-15;25369;3084;531137;139250;15.3;4.0
FR;74;2021-03-16;20004;3811;551141;143061;15.8;4.1
FR;74;2021-03-17;21731;3849;572872;146910;16.5;4.2
FR;74;2021-03-18;24355;4480;597227;151390;17.2;4.4
FR;74;2021-03-19;41209;3905;638436;155295;18.4;4.5
FR;74;2021-03-20;35283;1512;673719;156807;19.4;4.5
FR;74;2021-03-21;9467;386;683186;157193;19.6;4.5
FR;74;2021-03-22;31400;3862;714586;161055;20.5;4.6
FR;74;2021-03-23;49997;4731;764583;165786;22.0;4.8
FR;74;2021-03-24;51953;5112;816536;170898;23.5;4.9
FR;74;2021-03-25;74470;5442;891006;176340;25.6;5.1
FR;74;2021-03-26;80535;5068;971541;181408;27.9;5.2
FR;74;2021-03-27;50883;2321;1022424;183729;29.4;5.3
FR;74;2021-03-28;17777;724;1040201;184453;29.9;5.3
FR;74;2021-03-29;55976;6798;1096177;191251;31.5;5.5
FR;74;2021-03-30;76375;8649;1172552;199900;33.7;5.7
FR;74;2021-03-31;67732;9210;1240284;209110;35.7;6.0
FR;74;2021-04-01;78106;11594;1318390;220704;37.9;6.3
FR;74;2021-04-02;69820;12180;1388210;232884;39.9;6.7
FR;74;2021-04-03;37100;8396;1425310;241280;41.0;6.9
FR;74;2021-04-04;12490;2767;1437800;244047;41.3;7.0
FR;74;2021-04-05;19184;1836;1456984;245883;41.9;7.1
FR;74;2021-04-06;64150;15004;1521134;260887;43.7;7.5
FR;74;2021-04-07;72475;15862;1593609;276749;45.8;8.0
FR;74;2021-04-08;87313;17763;1680922;294512;48.3;8.5
FR;74;2021-04-09;96925;17532;1777847;312044;51.1;9.0
FR;74;2021-04-10;48510;13938;1826357;325982;52.5;9.4
FR;74;2021-04-11;12721;6807;1839078;332789;52.9;9.6
FR;74;2021-04-12;60563;17614;1899641;350403;54.6;10.1
FR;74;2021-04-13;68329;22037;1967970;372440;56.6;10.7
FR;74;2021-04-14;59674;21641;2027644;394081;58.3;11.3
FR;74;2021-04-15;61405;23586;2089049;417667;60.1;12.0
FR;74;2021-04-16;51826;24188;2140875;441855;61.5;12.7
FR;74;2021-04-17;25530;16718;2166405;458573;62.3;13.2
FR;74;2021-04-18;5692;6956;2172097;465529;62.4;13.4
FR;74;2021-04-19;31488;24200;2203585;489729;63.4;14.1
FR;74;2021-04-20;35992;29464;2239577;519193;64.4;14.9
FR;74;2021-04-21;33032;30114;2272609;549307;65.3;15.8
FR;74;2021-04-22;37794;35067;2310403;584374;66.4;16.8
FR;74;2021-04-23;34490;38634;2344893;623008;67.4;17.9
FR;74;2021-04-24;18504;30656;2363397;653664;67.9;18.8
FR;74;2021-04-25;6036;12533;2369433;666197;68.1;19.2
FR;74;2021-04-26;26222;46763;2395655;712960;68.9;20.5
FR;74;2021-04-27;32765;55924;2428420;768884;69.8;22.1
FR;74;2021-04-28;32267;52706;2460687;821590;70.7;23.6
FR;74;2021-04-29;38172;53819;2498859;875409;71.8;25.2
FR;74;2021-04-30;34674;49001;2533533;924410;72.8;26.6
FR;74;2021-05-01;10993;15105;2544526;939515;73.2;27.0
FR;74;2021-05-02;5128;11363;2549654;950878;73.3;27.3
FR;74;2021-05-03;23887;52009;2573541;1002887;74.0;28.8
FR;74;2021-05-04;24710;69135;2598251;1072022;74.7;30.8
FR;74;2021-05-05;22341;64832;2620592;1136854;75.3;32.7
FR;74;2021-05-06;26912;63154;2647504;1200008;76.1;34.5
FR;74;2021-05-07;22799;65882;2670303;1265890;76.8;36.4
FR;74;2021-05-08;6611;14182;2676914;1280072;77.0;36.8
FR;74;2021-05-09;3627;10459;2680541;1290531;77.1;37.1
FR;79;2020-12-27;1;0;1;0;0.0;0.0
FR;79;2020-12-28;6;0;7;0;0.0;0.0
FR;79;2020-12-29;16;0;23;0;0.0;0.0
FR;79;2020-12-30;11;0;34;0;0.0;0.0
FR;79;2020-12-31;6;0;40;0;0.0;0.0
FR;79;2021-01-01;4;0;44;0;0.0;0.0
FR;79;2021-01-02;3;0;47;0;0.0;0.0
FR;79;2021-01-03;2;0;49;0;0.0;0.0
FR;79;2021-01-04;49;0;98;0;0.0;0.0
FR;79;2021-01-05;171;0;269;0;0.0;0.0
FR;79;2021-01-06;339;0;608;0;0.0;0.0
FR;79;2021-01-07;904;0;1512;0;0.1;0.0
FR;79;2021-01-08;1070;1;2582;1;0.1;0.0
FR;79;2021-01-09;364;0;2946;1;0.1;0.0
FR;79;2021-01-10;191;0;3137;1;0.1;0.0
FR;79;2021-01-11;1144;2;4281;3;0.2;0.0
FR;79;2021-01-12;2198;2;6479;5;0.3;0.0
FR;79;2021-01-13;2743;1;9222;6;0.4;0.0
FR;79;2021-01-14;4430;35;13652;41;0.6;0.0
FR;79;2021-01-15;5244;16;18896;57;0.9;0.0
FR;79;2021-01-16;2818;11;21714;68;1.0;0.0
FR;79;2021-01-17;1305;3;23019;71;1.0;0.0
FR;79;2021-01-18;19635;35;42654;106;1.9;0.0
FR;79;2021-01-19;26003;34;68657;140;3.1;0.0
FR;79;2021-01-20;28015;32;96672;172;4.4;0.0
FR;79;2021-01-21;30037;30;126709;202;5.7;0.0
FR;79;2021-01-22;27877;26;154586;228;7.0;0.0
FR;79;2021-01-23;11660;10;166246;238;7.5;0.0
FR;79;2021-01-24;2172;2;168418;240;7.6;0.0
FR;79;2021-01-25;22541;43;190959;283;8.6;0.0
FR;79;2021-01-26;25713;116;216672;399;9.8;0.0
FR;79;2021-01-27;24994;191;241666;590;10.9;0.0
FR;79;2021-01-28;25173;559;266839;1149;12.0;0.1
FR;79;2021-01-29;22524;560;289363;1709;13.1;0.1
FR;79;2021-01-30;8782;136;298145;1845;13.4;0.1
FR;79;2021-01-31;1229;55;299374;1900;13.5;0.1
FR;79;2021-02-01;16131;641;315505;2541;14.2;0.1
FR;79;2021-02-02;19255;1269;334760;3810;15.1;0.2
FR;79;2021-02-03;18284;1574;353044;5384;15.9;0.2
FR;79;2021-02-04;19160;2530;372204;7914;16.8;0.4
FR;79;2021-02-05;18011;2677;390215;10591;17.6;0.5
FR;79;2021-02-06;6449;1003;396664;11594;17.9;0.5
FR;79;2021-02-07;871;390;397535;11984;17.9;0.5
FR;79;2021-02-08;13082;5810;410617;17794;18.5;0.8
FR;79;2021-02-09;15545;7669;426162;25463;19.2;1.1
FR;79;2021-02-10;15438;8043;441600;33506;19.9;1.5
FR;79;2021-02-11;16516;9600;458116;43106;20.7;1.9
FR;79;2021-02-12;15663;9403;473779;52509;21.4;2.4
FR;79;2021-02-13;5004;4121;478783;56630;21.6;2.6
FR;79;2021-02-14;903;1042;479686;57672;21.6;2.6
FR;79;2021-02-15;7126;19818;486812;77490;22.0;3.5
FR;79;2021-02-16;8337;23624;495149;101114;22.3;4.6
FR;79;2021-02-17;8247;24020;503396;125134;22.7;5.6
FR;79;2021-02-18;10271;24418;513667;149552;23.2;6.7
FR;79;2021-02-19;10306;20759;523973;170311;23.6;7.7
FR;79;2021-02-20;3766;8311;527739;178622;23.8;8.1
FR;79;2021-02-21;548;1555;528287;180177;23.8;8.1
FR;79;2021-02-22;6982;21879;535269;202056;24.1;9.1
FR;79;2021-02-23;9625;23560;544894;225616;24.6;10.2
FR;79;2021-02-24;10021;22200;554915;247816;25.0;11.2
FR;79;2021-02-25;11653;22073;566568;269889;25.6;12.2
FR;79;2021-02-26;12047;19105;578615;288994;26.1;13.0
FR;79;2021-02-27;4417;6732;583032;295726;26.3;13.3
FR;79;2021-02-28;873;1037;583905;296763;26.3;13.4
FR;79;2021-03-01;12105;16434;596010;313197;26.9;14.1
FR;79;2021-03-02;16290;19252;612300;332449;27.6;15.0
FR;79;2021-03-03;17698;18511;629998;350960;28.4;15.8
FR;79;2021-03-04;20857;17648;650855;368608;29.4;16.6
FR;79;2021-03-05;22413;16438;673268;385046;30.4;17.4
FR;79;2021-03-06;28940;5311;702208;390357;31.7;17.6
FR;79;2021-03-07;21029;997;723237;391354;32.6;17.6
FR;79;2021-03-08;17341;15316;740578;406670;33.4;18.3
FR;79;2021-03-09;25686;16394;766264;423064;34.6;19.1
FR;79;2021-03-10;26826;15556;793090;438620;35.8;19.8
FR;79;2021-03-11;31751;15042;824841;453662;37.2;20.5
FR;79;2021-03-12;33286;12895;858127;466557;38.7;21.0
FR;79;2021-03-13;25232;4187;883359;470744;39.8;21.2
FR;79;2021-03-14;9456;759;892815;471503;40.3;21.3
FR;79;2021-03-15;28407;8642;921222;480145;41.5;21.7
FR;79;2021-03-16;32769;9264;953991;489409;43.0;22.1
FR;79;2021-03-17;33747;9225;987738;498634;44.5;22.5
FR;79;2021-03-18;36632;9708;1024370;508342;46.2;22.9
FR;79;2021-03-19;36653;8832;1061023;517174;47.9;23.3
FR;79;2021-03-20;20643;3255;1081666;520429;48.8;23.5
FR;79;2021-03-21;5871;594;1087537;521023;49.0;23.5
FR;79;2021-03-22;28531;9156;1116068;530179;50.3;23.9
FR;79;2021-03-23;36979;10742;1153047;540921;52.0;24.4
FR;79;2021-03-24;35470;11308;1188517;552229;53.6;24.9
FR;79;2021-03-25;41792;11081;1230309;563310;55.5;25.4
FR;79;2021-03-26;39292;10397;1269601;573707;57.3;25.9
FR;79;2021-03-27;17618;4382;1287219;578089;58.1;26.1
FR;79;2021-03-28;4791;898;1292010;578987;58.3;26.1
FR;79;2021-03-29;22233;14986;1314243;593973;59.3;26.8
FR;79;2021-03-30;27955;18871;1342198;612844;60.5;27.6
FR;79;2021-03-31;24624;19711;1366822;632555;61.6;28.5
FR;79;2021-04-01;27081;23159;1393903;655714;62.9;29.6
FR;79;2021-04-02;22990;24406;1416893;680120;63.9;30.7
FR;79;2021-04-03;9995;17352;1426888;697472;64.4;31.5
FR;79;2021-04-04;2796;5057;1429684;702529;64.5;31.7
FR;79;2021-04-05;4180;2742;1433864;705271;64.7;31.8
FR;79;2021-04-06;18864;28934;1452728;734205;65.5;33.1
FR;79;2021-04-07;20965;29821;1473693;764026;66.5;34.5
FR;79;2021-04-08;24875;29871;1498568;793897;67.6;35.8
FR;79;2021-04-09;26704;28042;1525272;821939;68.8;37.1
FR;79;2021-04-10;13613;18901;1538885;840840;69.4;37.9
FR;79;2021-04-11;3494;6442;1542379;847282;69.6;38.2
FR;79;2021-04-12;16630;28872;1559009;876154;70.3;39.5
FR;79;2021-04-13;18945;34955;1577954;911109;71.2;41.1
FR;79;2021-04-14;17981;33095;1595935;944204;72.0;42.6
FR;79;2021-04-15;18897;33265;1614832;977469;72.8;44.1
FR;79;2021-04-16;16081;31000;1630913;1008469;73.6;45.5
FR;79;2021-04-17;8069;16666;1638982;1025135;73.9;46.2
FR;79;2021-04-18;1753;4829;1640735;1029964;74.0;46.5
FR;79;2021-04-19;9741;29136;1650476;1059100;74.4;47.8
FR;79;2021-04-20;11568;34400;1662044;1093500;75.0;49.3
FR;79;2021-04-21;11147;31161;1673191;1124661;75.5;50.7
FR;79;2021-04-22;12712;31047;1685903;1155708;76.0;52.1
FR;79;2021-04-23;11759;27635;1697662;1183343;76.6;53.4
FR;79;2021-04-24;6100;13696;1703762;1197039;76.8;54.0
FR;79;2021-04-25;1878;3417;1705640;1200456;76.9;54.1
FR;79;2021-04-26;8768;20559;1714408;1221015;77.3;55.1
FR;79;2021-04-27;10948;23624;1725356;1244639;77.8;56.1
FR;79;2021-04-28;11452;20850;1736808;1265489;78.3;57.1
FR;79;2021-04-29;13392;20610;1750200;1286099;78.9;58.0
FR;79;2021-04-30;12614;17526;1762814;1303625;79.5;58.8
FR;79;2021-05-01;3767;3901;1766581;1307526;79.7;59.0
FR;79;2021-05-02;1719;2613;1768300;1310139;79.7;59.1
FR;79;2021-05-03;8446;15068;1776746;1325207;80.1;59.8
FR;79;2021-05-04;8757;20109;1785503;1345316;80.5;60.7
FR;79;2021-05-05;8206;18923;1793709;1364239;80.9;61.5
FR;79;2021-05-06;10010;18711;1803719;1382950;81.3;62.4
FR;79;2021-05-07;8683;19381;1812402;1402331;81.7;63.2
FR;79;2021-05-08;2501;4245;1814903;1406576;81.9;63.4
FR;79;2021-05-09;1367;2981;1816270;1409557;81.9;63.6
FR;80;2020-12-27;10;0;10;0;0.0;0.0
FR;80;2020-12-28;41;0;51;0;0.0;0.0
FR;80;2020-12-29;78;0;129;0;0.0;0.0
FR;80;2020-12-30;69;0;198;0;0.0;0.0
FR;80;2020-12-31;49;0;247;0;0.0;0.0
FR;80;2021-01-01;8;0;255;0;0.0;0.0
FR;80;2021-01-02;8;0;263;0;0.0;0.0
FR;80;2021-01-03;2;0;265;0;0.0;0.0
FR;80;2021-01-04;297;1;562;1;0.0;0.0
FR;80;2021-01-05;909;0;1471;1;0.0;0.0
FR;80;2021-01-06;1672;0;3143;1;0.1;0.0
FR;80;2021-01-07;6290;2;9433;3;0.2;0.0
FR;80;2021-01-08;5701;2;15134;5;0.4;0.0
FR;80;2021-01-09;979;0;16113;5;0.4;0.0
FR;80;2021-01-10;307;0;16420;5;0.4;0.0
FR;80;2021-01-11;4429;4;20849;9;0.5;0.0
FR;80;2021-01-12;12656;7;33505;16;0.8;0.0
FR;80;2021-01-13;12423;13;45928;29;1.1;0.0
FR;80;2021-01-14;18196;114;64124;143;1.5;0.0
FR;80;2021-01-15;12096;31;76220;174;1.8;0.0
FR;80;2021-01-16;4030;28;80250;202;1.9;0.0
FR;80;2021-01-17;3742;18;83992;220;2.0;0.0
FR;80;2021-01-18;28718;65;112710;285;2.7;0.0
FR;80;2021-01-19;53695;61;166405;346;4.0;0.0
FR;80;2021-01-20;59351;108;225756;454;5.4;0.0
FR;80;2021-01-21;69890;77;295646;531;7.1;0.0
FR;80;2021-01-22;48257;62;343903;593;8.3;0.0
FR;80;2021-01-23;16214;8;360117;601;8.7;0.0
FR;80;2021-01-24;4311;2;364428;603;8.8;0.0
FR;80;2021-01-25;32390;146;396818;749;9.5;0.0
FR;80;2021-01-26;45084;530;441902;1279;10.6;0.0
FR;80;2021-01-27;50847;888;492749;2167;11.9;0.1
FR;80;2021-01-28;59964;3931;552713;6098;13.3;0.1
FR;80;2021-01-29;39307;3266;592020;9364;14.2;0.2
FR;80;2021-01-30;13221;591;605241;9955;14.6;0.2
FR;80;2021-01-31;2333;285;607574;10240;14.6;0.2
FR;80;2021-02-01;22994;2784;630568;13024;15.2;0.3
FR;80;2021-02-02;33439;7427;664007;20451;16.0;0.5
FR;80;2021-02-03;34395;7864;698402;28315;16.8;0.7
FR;80;2021-02-04;38033;12581;736435;40896;17.7;1.0
FR;80;2021-02-05;29777;9524;766212;50420;18.4;1.2
FR;80;2021-02-06;9702;2123;775914;52543;18.7;1.3
FR;80;2021-02-07;1449;1867;777363;54410;18.7;1.3
FR;80;2021-02-08;19333;11136;796696;65546;19.2;1.6
FR;80;2021-02-09;25876;25603;822572;91149;19.8;2.2
FR;80;2021-02-10;26285;28910;848857;120059;20.4;2.9
FR;80;2021-02-11;30439;38114;879296;158173;21.1;3.8
FR;80;2021-02-12;26684;24671;905980;182844;21.8;4.4
FR;80;2021-02-13;7923;6519;913903;189363;22.0;4.6
FR;80;2021-02-14;1507;3099;915410;192462;22.0;4.6
FR;80;2021-02-15;11126;28307;926536;220769;22.3;5.3
FR;80;2021-02-16;15529;38925;942065;259694;22.7;6.2
FR;80;2021-02-17;15914;44486;957979;304180;23.0;7.3
FR;80;2021-02-18;21450;52508;979429;356688;23.6;8.6
FR;80;2021-02-19;19022;37485;998451;394173;24.0;9.5
FR;80;2021-02-20;6299;12321;1004750;406494;24.2;9.8
FR;80;2021-02-21;912;2970;1005662;409464;24.2;9.8
FR;80;2021-02-22;11165;30690;1016827;440154;24.5;10.6
FR;80;2021-02-23;17041;37261;1033868;477415;24.9;11.5
FR;80;2021-02-24;17959;37078;1051827;514493;25.3;12.4
FR;80;2021-02-25;22232;40856;1074059;555349;25.8;13.4
FR;80;2021-02-26;20491;30900;1094550;586249;26.3;14.1
FR;80;2021-02-27;7167;10283;1101717;596532;26.5;14.3
FR;80;2021-02-28;1259;2119;1102976;598651;26.5;14.4
FR;80;2021-03-01;18721;23192;1121697;621843;27.0;15.0
FR;80;2021-03-02;26823;29090;1148520;650933;27.6;15.7
FR;80;2021-03-03;28630;29220;1177150;680153;28.3;16.4
FR;80;2021-03-04;34789;29653;1211939;709806;29.1;17.1
FR;80;2021-03-05;35803;27444;1247742;737250;30.0;17.7
FR;80;2021-03-06;41247;8310;1288989;745560;31.0;17.9
FR;80;2021-03-07;29638;1978;1318627;747538;31.7;18.0
FR;80;2021-03-08;27127;22461;1345754;769999;32.4;18.5
FR;80;2021-03-09;40608;24612;1386362;794611;33.3;19.1
FR;80;2021-03-10;43006;25349;1429368;819960;34.4;19.7
FR;80;2021-03-11;51488;26816;1480856;846776;35.6;20.4
FR;80;2021-03-12;51949;22917;1532805;869693;36.9;20.9
FR;80;2021-03-13;37340;6961;1570145;876654;37.8;21.1
FR;80;2021-03-14;13872;1509;1584017;878163;38.1;21.1
FR;80;2021-03-15;43972;13886;1627989;892049;39.2;21.5
FR;80;2021-03-16;51749;16989;1679738;909038;40.4;21.9
FR;80;2021-03-17;54550;16501;1734288;925539;41.7;22.3
FR;80;2021-03-18;58384;18783;1792672;944322;43.1;22.7
FR;80;2021-03-19;57266;15694;1849938;960016;44.5;23.1
FR;80;2021-03-20;30938;5314;1880876;965330;45.2;23.2
FR;80;2021-03-21;8681;1085;1889557;966415;45.4;23.2
FR;80;2021-03-22;42778;14514;1932335;980929;46.5;23.6
FR;80;2021-03-23;55457;18011;1987792;998940;47.8;24.0
FR;80;2021-03-24;54316;19003;2042108;1017943;49.1;24.5
FR;80;2021-03-25;63776;19529;2105884;1037472;50.6;25.0
FR;80;2021-03-26;60002;18209;2165886;1055681;52.1;25.4
FR;80;2021-03-27;26537;7325;2192423;1063006;52.7;25.6
FR;80;2021-03-28;6922;1447;2199345;1064453;52.9;25.6
FR;80;2021-03-29;32785;23365;2232130;1087818;53.7;26.2
FR;80;2021-03-30;43089;30686;2275219;1118504;54.7;26.9
FR;80;2021-03-31;40381;32067;2315600;1150571;55.7;27.7
FR;80;2021-04-01;45910;37669;2361510;1188240;56.8;28.6
FR;80;2021-04-02;36953;39692;2398463;1227932;57.7;29.5
FR;80;2021-04-03;14482;26076;2412945;1254008;58.0;30.2
FR;80;2021-04-04;3861;7557;2416806;1261565;58.1;30.3
FR;80;2021-04-05;5605;4074;2422411;1265639;58.3;30.4
FR;80;2021-04-06;27447;44912;2449858;1310551;58.9;31.5
FR;80;2021-04-07;33278;48342;2483136;1358893;59.7;32.7
FR;80;2021-04-08;39789;49484;2522925;1408377;60.7;33.9
FR;80;2021-04-09;43214;46267;2566139;1454644;61.7;35.0
FR;80;2021-04-10;19776;28852;2585915;1483496;62.2;35.7
FR;80;2021-04-11;4821;9352;2590736;1492848;62.3;35.9
FR;80;2021-04-12;23326;45103;2614062;1537951;62.9;37.0
FR;80;2021-04-13;29916;54581;2643978;1592532;63.6;38.3
FR;80;2021-04-14;28701;52073;2672679;1644605;64.3;39.6
FR;80;2021-04-15;30960;52595;2703639;1697200;65.0;40.8
FR;80;2021-04-16;26127;48913;2729766;1746113;65.7;42.0
FR;80;2021-04-17;12240;25563;2742006;1771676;65.9;42.6
FR;80;2021-04-18;2508;7610;2744514;1779286;66.0;42.8
FR;80;2021-04-19;14100;43633;2758614;1822919;66.3;43.8
FR;80;2021-04-20;17740;52987;2776354;1875906;66.8;45.1
FR;80;2021-04-21;17716;49737;2794070;1925643;67.2;46.3
FR;80;2021-04-22;20392;51148;2814462;1976791;67.7;47.5
FR;80;2021-04-23;18842;44543;2833304;2021334;68.1;48.6
FR;80;2021-04-24;9316;21163;2842620;2042497;68.4;49.1
FR;80;2021-04-25;2638;5141;2845258;2047638;68.4;49.2
FR;80;2021-04-26;12134;30520;2857392;2078158;68.7;50.0
FR;80;2021-04-27;16531;36349;2873923;2114507;69.1;50.9
FR;80;2021-04-28;17683;34520;2891606;2149027;69.5;51.7
FR;80;2021-04-29;21176;35531;2912782;2184558;70.1;52.5
FR;80;2021-04-30;20036;29498;2932818;2214056;70.5;53.2
FR;80;2021-05-01;5743;5802;2938561;2219858;70.7;53.4
FR;80;2021-05-02;2580;3843;2941141;2223701;70.7;53.5
FR;80;2021-05-03;12250;21298;2953391;2244999;71.0;54.0
FR;80;2021-05-04;13564;29908;2966955;2274907;71.4;54.7
FR;80;2021-05-05;13100;29223;2980055;2304130;71.7;55.4
FR;80;2021-05-06;15373;29408;2995428;2333538;72.0;56.1
FR;80;2021-05-07;13926;29634;3009354;2363172;72.4;56.8
FR;80;2021-05-08;3745;5970;3013099;2369142;72.5;57.0
FR;80;2021-05-09;1886;4132;3014985;2373274;72.5;57.1
FR;0;2020-12-27;20;0;20;0;0.0;0.0
FR;0;2020-12-28;62;0;82;0;0.0;0.0
FR;0;2020-12-29;108;0;190;0;0.0;0.0
FR;0;2020-12-30;116;0;306;0;0.0;0.0
FR;0;2020-12-31;83;0;389;0;0.0;0.0
FR;0;2021-01-01;60;0;449;0;0.0;0.0
FR;0;2021-01-02;74;0;523;0;0.0;0.0
FR;0;2021-01-03;87;0;610;0;0.0;0.0
FR;0;2021-01-04;1468;4;2078;4;0.0;0.0
FR;0;2021-01-05;5365;6;7443;10;0.0;0.0
FR;0;2021-01-06;11265;9;18708;19;0.0;0.0
FR;0;2021-01-07;28498;34;47206;53;0.1;0.0
FR;0;2021-01-08;35947;32;83153;85;0.1;0.0
FR;0;2021-01-09;10873;5;94026;90;0.1;0.0
FR;0;2021-01-10;5600;1;99626;91;0.1;0.0
FR;0;2021-01-11;38774;39;138400;130;0.2;0.0
FR;0;2021-01-12;60543;56;198943;186;0.3;0.0
FR;0;2021-01-13;63489;84;262432;270;0.4;0.0
FR;0;2021-01-14;79598;623;342030;893;0.5;0.0
FR;0;2021-01-15;67118;200;409148;1093;0.6;0.0
FR;0;2021-01-16;19588;90;428736;1183;0.6;0.0
FR;0;2021-01-17;10448;44;439184;1227;0.7;0.0
FR;0;2021-01-18;84194;210;523378;1437;0.8;0.0
FR;0;2021-01-19;128021;189;651399;1626;1.0;0.0
FR;0;2021-01-20;134694;245;786093;1871;1.2;0.0
FR;0;2021-01-21;154713;212;940806;2083;1.4;0.0
FR;0;2021-01-22;118096;233;1058902;2316;1.6;0.0
FR;0;2021-01-23;37740;60;1096642;2376;1.6;0.0
FR;0;2021-01-24;9328;29;1105970;2405;1.6;0.0
FR;0;2021-01-25;76615;1262;1182585;3667;1.8;0.0
FR;0;2021-01-26;98490;3162;1281075;6829;1.9;0.0
FR;0;2021-01-27;105423;5661;1386498;12490;2.1;0.0
FR;0;2021-01-28;121963;14449;1508461;26939;2.2;0.0
FR;0;2021-01-29;90678;17381;1599139;44320;2.4;0.1
FR;0;2021-01-30;28620;4251;1627759;48571;2.4;0.1
FR;0;2021-01-31;4862;1681;1632621;50252;2.4;0.1
FR;0;2021-02-01;51388;21171;1684009;71423;2.5;0.1
FR;0;2021-02-02;70369;34673;1754378;106096;2.6;0.2
FR;0;2021-02-03;70806;37056;1825184;143152;2.7;0.2
FR;0;2021-02-04;80167;50189;1905351;193341;2.8;0.3
FR;0;2021-02-05;66838;45435;1972189;238776;2.9;0.4
FR;0;2021-02-06;21249;10415;1993438;249191;3.0;0.4
FR;0;2021-02-07;4824;5057;1998262;254248;3.0;0.4
FR;0;2021-02-08;45753;46102;2044015;300350;3.0;0.4
FR;0;2021-02-09;64609;72672;2108624;373022;3.1;0.6
FR;0;2021-02-10;69055;77011;2177679;450033;3.2;0.7
FR;0;2021-02-11;85229;99617;2262908;549650;3.4;0.8
FR;0;2021-02-12;77420;74698;2340328;624348;3.5;0.9
FR;0;2021-02-13;21581;19548;2361909;643896;3.5;1.0
FR;0;2021-02-14;4557;7213;2366466;651109;3.5;1.0
FR;0;2021-02-15;36826;76731;2403292;727840;3.6;1.1
FR;0;2021-02-16;48983;100990;2452275;828830;3.7;1.2
FR;0;2021-02-17;49129;103255;2501404;932085;3.7;1.4
FR;0;2021-02-18;67387;119053;2568791;1051138;3.8;1.6
FR;0;2021-02-19;63373;91151;2632164;1142289;3.9;1.7
FR;0;2021-02-20;17874;28493;2650038;1170782;3.9;1.7
FR;0;2021-02-21;2840;6389;2652878;1177171;4.0;1.8
FR;0;2021-02-22;36252;73394;2689130;1250565;4.0;1.9
FR;0;2021-02-23;52181;84374;2741311;1334939;4.1;2.0
FR;0;2021-02-24;57748;81417;2799059;1416356;4.2;2.1
FR;0;2021-02-25;97798;92079;2896857;1508435;4.3;2.2
FR;0;2021-02-26;110946;71703;3007803;1580138;4.5;2.4
FR;0;2021-02-27;50740;22209;3058543;1602347;4.6;2.4
FR;0;2021-02-28;5634;4460;3064177;1606807;4.6;2.4
FR;0;2021-03-01;62976;53126;3127153;1659933;4.7;2.5
FR;0;2021-03-02;98584;66806;3225737;1726739;4.8;2.6
FR;0;2021-03-03;112597;66237;3338334;1792976;5.0;2.7
FR;0;2021-03-04;158481;70031;3496815;1863007;5.2;2.8
FR;0;2021-03-05;196080;64640;3692895;1927647;5.5;2.9
FR;0;2021-03-06;202511;18597;3895406;1946244;5.8;2.9
FR;0;2021-03-07;118897;5872;4014303;1952116;6.0;2.9
FR;0;2021-03-08;103988;51329;4118291;2003445;6.1;3.0
FR;0;2021-03-09;168290;57716;4286581;2061161;6.4;3.1
FR;0;2021-03-10;174250;58160;4460831;2119321;6.6;3.2
FR;0;2021-03-11;237381;64612;4698212;2183933;7.0;3.3
FR;0;2021-03-12;288886;55180;4987098;2239113;7.4;3.3
FR;0;2021-03-13;226476;16200;5213574;2255313;7.8;3.4
FR;0;2021-03-14;61938;3818;5275512;2259131;7.9;3.4
FR;0;2021-03-15;154835;34063;5430347;2293194;8.1;3.4
FR;0;2021-03-16;138938;41057;5569285;2334251;8.3;3.5
FR;0;2021-03-17;147530;40584;5716815;2374835;8.5;3.5
FR;0;2021-03-18;164539;47148;5881354;2421983;8.8;3.6
FR;0;2021-03-19;225634;40568;6106988;2462551;9.1;3.7
FR;0;2021-03-20;163964;13568;6270952;2476119;9.3;3.7
FR;0;2021-03-21;48664;3302;6319616;2479421;9.4;3.7
FR;0;2021-03-22;166462;36799;6486078;2516220;9.7;3.7
FR;0;2021-03-23;245797;46058;6731875;2562278;10.0;3.8
FR;0;2021-03-24;252306;47510;6984181;2609788;10.4;3.9
FR;0;2021-03-25;336088;49804;7320269;2659592;10.9;4.0
FR;0;2021-03-26;353343;47291;7673612;2706883;11.4;4.0
FR;0;2021-03-27;192291;19518;7865903;2726401;11.7;4.1
FR;0;2021-03-28;58221;4647;7924124;2731048;11.8;4.1
FR;0;2021-03-29;199653;57597;8123777;2788645;12.1;4.2
FR;0;2021-03-30;280830;74774;8404607;2863419;12.5;4.3
FR;0;2021-03-31;258046;78128;8662653;2941547;12.9;4.4
FR;0;2021-04-01;308050;94839;8970703;3036386;13.4;4.5
FR;0;2021-04-02;276473;98126;9247176;3134512;13.8;4.7
FR;0;2021-04-03;138749;64788;9385925;3199300;14.0;4.8
FR;0;2021-04-04;44775;19815;9430700;3219115;14.1;4.8
FR;0;2021-04-05;58641;12579;9489341;3231694;14.1;4.8
FR;0;2021-04-06;211974;112627;9701315;3344321;14.5;5.0
FR;0;2021-04-07;254918;121910;9956233;3466231;14.8;5.2
FR;0;2021-04-08;330595;130334;10286828;3596565;15.3;5.4
FR;0;2021-04-09;402413;125958;10689241;3722523;15.9;5.5
FR;0;2021-04-10;209493;87642;10898734;3810165;16.2;5.7
FR;0;2021-04-11;54812;36216;10953546;3846381;16.3;5.7
FR;0;2021-04-12;232071;120917;11185617;3967298;16.7;5.9
FR;0;2021-04-13;302563;152483;11488180;4119781;17.1;6.1
FR;0;2021-04-14;286672;147423;11774852;4267204;17.5;6.4
FR;0;2021-04-15;327786;157098;12102638;4424302;18.0;6.6
FR;0;2021-04-16;331634;154509;12434272;4578811;18.5;6.8
FR;0;2021-04-17;184748;94961;12619020;4673772;18.8;7.0
FR;0;2021-04-18;50019;37062;12669039;4710834;18.9;7.0
FR;0;2021-04-19;200685;144305;12869724;4855139;19.2;7.2
FR;0;2021-04-20;248055;178332;13117779;5033471;19.5;7.5
FR;0;2021-04-21;245352;176610;13363131;5210081;19.9;7.8
FR;0;2021-04-22;280074;197662;13643205;5407743;20.3;8.1
FR;0;2021-04-23;286809;193413;13930014;5601156;20.8;8.3
FR;0;2021-04-24;186636;119128;14116650;5720284;21.0;8.5
FR;0;2021-04-25;67164;41493;14183814;5761777;21.1;8.6
FR;0;2021-04-26;213075;166038;14396889;5927815;21.5;8.8
FR;0;2021-04-27;278091;206448;14674980;6134263;21.9;9.1
FR;0;2021-04-28;291058;203537;14966038;6337800;22.3;9.4
FR;0;2021-04-29;345158;225277;15311196;6563077;22.8;9.8
FR;0;2021-04-30;360825;218253;15672021;6781330;23.4;10.1
FR;0;2021-05-01;158450;61151;15830471;6842481;23.6;10.2
FR;0;2021-05-02;88900;42147;15919371;6884628;23.7;10.3
FR;0;2021-05-03;277135;186384;16196506;7071012;24.1;10.5
FR;0;2021-05-04;303224;246169;16499730;7317181;24.6;10.9
FR;0;2021-05-05;312819;245214;16812549;7562395;25.1;11.3
FR;0;2021-05-06;364441;267810;17176990;7830205;25.6;11.7
FR;0;2021-05-07;357017;293177;17534007;8123382;26.1;12.1
FR;0;2021-05-08;168595;76574;17702602;8199956;26.4;12.2
FR;0;2021-05-09;126579;53870;17829181;8253826;26.6;12.3
