reg;jour;n_dose1;n_complet;n_cum_dose1;n_cum_complet;couv_dose1;couv_complet
01;2020-12-27;0;0;0;0;0.0;0.0
01;2020-12-28;0;0;0;0;0.0;0.0
01;2020-12-29;0;0;0;0;0.0;0.0
01;2020-12-30;0;0;0;0;0.0;0.0
01;2020-12-31;0;0;0;0;0.0;0.0
01;2021-01-01;0;0;0;0;0.0;0.0
01;2021-01-02;0;0;0;0;0.0;0.0
01;2021-01-03;0;0;0;0;0.0;0.0
01;2021-01-04;1;0;1;0;0.0;0.0
01;2021-01-05;0;0;1;0;0.0;0.0
01;2021-01-06;0;0;1;0;0.0;0.0
01;2021-01-07;0;0;1;0;0.0;0.0
01;2021-01-08;36;0;37;0;0.0;0.0
01;2021-01-09;13;0;50;0;0.0;0.0
01;2021-01-10;0;0;50;0;0.0;0.0
01;2021-01-11;26;0;76;0;0.0;0.0
01;2021-01-12;31;0;107;0;0.0;0.0
01;2021-01-13;54;0;161;0;0.0;0.0
01;2021-01-14;70;0;231;0;0.1;0.0
01;2021-01-15;81;0;312;0;0.1;0.0
01;2021-01-16;0;0;312;0;0.1;0.0
01;2021-01-17;0;0;312;0;0.1;0.0
01;2021-01-18;73;0;385;0;0.1;0.0
01;2021-01-19;148;0;533;0;0.1;0.0
01;2021-01-20;139;0;672;0;0.2;0.0
01;2021-01-21;155;0;827;0;0.2;0.0
01;2021-01-22;132;0;959;0;0.3;0.0
01;2021-01-23;1;0;960;0;0.3;0.0
01;2021-01-24;0;0;960;0;0.3;0.0
01;2021-01-25;198;0;1158;0;0.3;0.0
01;2021-01-26;206;1;1364;1;0.4;0.0
01;2021-01-27;238;0;1602;1;0.4;0.0
01;2021-01-28;199;2;1801;3;0.5;0.0
01;2021-01-29;178;1;1979;4;0.5;0.0
01;2021-01-30;6;0;1985;4;0.5;0.0
01;2021-01-31;0;0;1985;4;0.5;0.0
01;2021-02-01;188;4;2173;8;0.6;0.0
01;2021-02-02;267;24;2440;32;0.6;0.0
01;2021-02-03;207;2;2647;34;0.7;0.0
01;2021-02-04;250;20;2897;54;0.8;0.0
01;2021-02-05;208;32;3105;86;0.8;0.0
01;2021-02-06;40;0;3145;86;0.8;0.0
01;2021-02-07;0;0;3145;86;0.8;0.0
01;2021-02-08;115;22;3260;108;0.9;0.0
01;2021-02-09;396;27;3656;135;1.0;0.0
01;2021-02-10;160;30;3816;165;1.0;0.0
01;2021-02-11;248;109;4064;274;1.1;0.1
01;2021-02-12;298;24;4362;298;1.2;0.1
01;2021-02-13;7;7;4369;305;1.2;0.1
01;2021-02-14;12;36;4381;341;1.2;0.1
01;2021-02-15;100;45;4481;386;1.2;0.1
01;2021-02-16;14;1;4495;387;1.2;0.1
01;2021-02-17;15;1;4510;388;1.2;0.1
01;2021-02-18;175;14;4685;402;1.2;0.1
01;2021-02-19;224;19;4909;421;1.3;0.1
01;2021-02-20;2;0;4911;421;1.3;0.1
01;2021-02-21;1;0;4912;421;1.3;0.1
01;2021-02-22;120;64;5032;485;1.3;0.1
01;2021-02-23;179;124;5211;609;1.4;0.2
01;2021-02-24;211;125;5422;734;1.4;0.2
01;2021-02-25;270;114;5692;848;1.5;0.2
01;2021-02-26;161;95;5853;943;1.6;0.3
01;2021-02-27;1;0;5854;943;1.6;0.3
01;2021-02-28;1;0;5855;943;1.6;0.3
01;2021-03-01;98;81;5953;1024;1.6;0.3
01;2021-03-02;232;131;6185;1155;1.6;0.3
01;2021-03-03;191;117;6376;1272;1.7;0.3
01;2021-03-04;288;81;6664;1353;1.8;0.4
01;2021-03-05;304;152;6968;1505;1.8;0.4
01;2021-03-06;563;2;7531;1507;2.0;0.4
01;2021-03-07;1;0;7532;1507;2.0;0.4
01;2021-03-08;174;137;7706;1644;2.0;0.4
01;2021-03-09;274;149;7980;1793;2.1;0.5
01;2021-03-10;309;154;8289;1947;2.2;0.5
01;2021-03-11;125;57;8414;2004;2.2;0.5
01;2021-03-12;279;234;8693;2238;2.3;0.6
01;2021-03-13;62;1;8755;2239;2.3;0.6
01;2021-03-14;2;23;8757;2262;2.3;0.6
01;2021-03-15;241;41;8998;2303;2.4;0.6
01;2021-03-16;319;78;9317;2381;2.5;0.6
01;2021-03-17;318;82;9635;2463;2.6;0.7
01;2021-03-18;377;106;10012;2569;2.7;0.7
01;2021-03-19;402;111;10414;2680;2.8;0.7
01;2021-03-20;33;44;10447;2724;2.8;0.7
01;2021-03-21;0;0;10447;2724;2.8;0.7
01;2021-03-22;238;86;10685;2810;2.8;0.7
01;2021-03-23;351;155;11036;2965;2.9;0.8
01;2021-03-24;364;105;11400;3070;3.0;0.8
01;2021-03-25;563;177;11963;3247;3.2;0.9
01;2021-03-26;521;129;12484;3376;3.3;0.9
01;2021-03-27;251;47;12735;3423;3.4;0.9
01;2021-03-28;4;0;12739;3423;3.4;0.9
01;2021-03-29;280;80;13019;3503;3.5;0.9
01;2021-03-30;546;161;13565;3664;3.6;1.0
01;2021-03-31;465;138;14030;3802;3.7;1.0
01;2021-04-01;578;199;14608;4001;3.9;1.1
01;2021-04-02;39;35;14647;4036;3.9;1.1
01;2021-04-03;40;2;14687;4038;3.9;1.1
01;2021-04-04;4;18;14691;4056;3.9;1.1
01;2021-04-05;7;1;14698;4057;3.9;1.1
01;2021-04-06;393;186;15091;4243;4.0;1.1
01;2021-04-07;480;113;15571;4356;4.1;1.2
01;2021-04-08;383;175;15954;4531;4.2;1.2
01;2021-04-09;379;219;16333;4750;4.3;1.3
01;2021-04-10;90;8;16423;4758;4.4;1.3
01;2021-04-11;2;25;16425;4783;4.4;1.3
01;2021-04-12;170;256;16595;5039;4.4;1.3
01;2021-04-13;411;318;17006;5357;4.5;1.4
01;2021-04-14;318;224;17324;5581;4.6;1.5
01;2021-04-15;436;330;17760;5911;4.7;1.6
01;2021-04-16;452;273;18212;6184;4.8;1.6
01;2021-04-17;251;6;18463;6190;4.9;1.6
01;2021-04-18;3;14;18466;6204;4.9;1.6
01;2021-04-19;267;236;18733;6440;5.0;1.7
01;2021-04-20;580;361;19313;6801;5.1;1.8
01;2021-04-21;487;310;19800;7111;5.3;1.9
01;2021-04-22;641;328;20441;7439;5.4;2.0
01;2021-04-23;733;244;21174;7683;5.6;2.0
01;2021-04-24;324;147;21498;7830;5.7;2.1
01;2021-04-25;556;62;22054;7892;5.9;2.1
01;2021-04-26;784;206;22838;8098;6.1;2.1
01;2021-04-27;527;241;23365;8339;6.2;2.2
01;2021-04-28;592;259;23957;8598;6.4;2.3
01;2021-04-29;990;173;24947;8771;6.6;2.3
01;2021-04-30;1112;161;26059;8932;6.9;2.4
01;2021-05-01;552;45;26611;8977;7.1;2.4
01;2021-05-02;327;14;26938;8991;7.1;2.4
01;2021-05-03;793;167;27731;9158;7.4;2.4
01;2021-05-04;1001;220;28732;9378;7.6;2.5
01;2021-05-05;850;246;29582;9624;7.8;2.6
01;2021-05-06;1061;163;30643;9787;8.1;2.6
01;2021-05-07;1022;248;31665;10035;8.4;2.7
01;2021-05-08;310;30;31975;10065;8.5;2.7
01;2021-05-09;177;9;32152;10074;8.5;2.7
01;2021-05-10;604;204;32756;10278;8.7;2.7
01;2021-05-11;752;302;33508;10580;8.9;2.8
01;2021-05-12;878;352;34386;10932;9.1;2.9
01;2021-05-13;203;77;34589;11009;9.2;2.9
01;2021-05-14;777;301;35366;11310;9.4;3.0
01;2021-05-15;358;13;35724;11323;9.5;3.0
01;2021-05-16;179;34;35903;11357;9.5;3.0
01;2021-05-17;512;269;36415;11626;9.7;3.1
01;2021-05-18;604;387;37019;12013;9.8;3.2
01;2021-05-19;567;518;37586;12531;10.0;3.3
01;2021-05-20;668;369;38254;12900;10.2;3.4
01;2021-05-21;677;378;38931;13278;10.3;3.5
01;2021-05-22;379;217;39310;13495;10.4;3.6
01;2021-05-23;195;113;39505;13608;10.5;3.6
01;2021-05-24;193;176;39698;13784;10.5;3.7
01;2021-05-25;415;657;40113;14441;10.6;3.8
01;2021-05-26;504;487;40617;14928;10.8;4.0
01;2021-05-27;132;198;40749;15126;10.8;4.0
01;2021-05-28;423;514;41172;15640;10.9;4.1
01;2021-05-29;157;135;41329;15775;11.0;4.2
01;2021-05-30;70;110;41399;15885;11.0;4.2
01;2021-05-31;360;527;41759;16412;11.1;4.4
01;2021-06-01;476;711;42235;17123;11.2;4.5
01;2021-06-02;466;704;42701;17827;11.3;4.7
01;2021-06-03;397;563;43098;18390;11.4;4.9
01;2021-06-04;583;750;43681;19140;11.6;5.1
01;2021-06-05;255;639;43936;19779;11.7;5.2
02;2020-12-27;0;0;0;0;0.0;0.0
02;2020-12-28;0;0;0;0;0.0;0.0
02;2020-12-29;0;0;0;0;0.0;0.0
02;2020-12-30;0;0;0;0;0.0;0.0
02;2020-12-31;0;0;0;0;0.0;0.0
02;2021-01-01;0;0;0;0;0.0;0.0
02;2021-01-02;0;0;0;0;0.0;0.0
02;2021-01-03;0;0;0;0;0.0;0.0
02;2021-01-04;0;0;0;0;0.0;0.0
02;2021-01-05;0;0;0;0;0.0;0.0
02;2021-01-06;5;0;5;0;0.0;0.0
02;2021-01-07;31;0;36;0;0.0;0.0
02;2021-01-08;80;1;116;1;0.0;0.0
02;2021-01-09;20;0;136;1;0.0;0.0
02;2021-01-10;0;0;136;1;0.0;0.0
02;2021-01-11;122;0;258;1;0.1;0.0
02;2021-01-12;78;0;336;1;0.1;0.0
02;2021-01-13;65;0;401;1;0.1;0.0
02;2021-01-14;87;0;488;1;0.1;0.0
02;2021-01-15;136;0;624;1;0.2;0.0
02;2021-01-16;51;0;675;1;0.2;0.0
02;2021-01-17;0;0;675;1;0.2;0.0
02;2021-01-18;158;0;833;1;0.2;0.0
02;2021-01-19;167;0;1000;1;0.3;0.0
02;2021-01-20;163;0;1163;1;0.3;0.0
02;2021-01-21;181;1;1344;2;0.4;0.0
02;2021-01-22;156;0;1500;2;0.4;0.0
02;2021-01-23;58;0;1558;2;0.4;0.0
02;2021-01-24;0;0;1558;2;0.4;0.0
02;2021-01-25;159;0;1717;2;0.5;0.0
02;2021-01-26;137;0;1854;2;0.5;0.0
02;2021-01-27;161;5;2015;7;0.6;0.0
02;2021-01-28;143;12;2158;19;0.6;0.0
02;2021-01-29;142;41;2300;60;0.6;0.0
02;2021-01-30;96;16;2396;76;0.7;0.0
02;2021-01-31;0;0;2396;76;0.7;0.0
02;2021-02-01;118;74;2514;150;0.7;0.0
02;2021-02-02;184;95;2698;245;0.8;0.1
02;2021-02-03;129;80;2827;325;0.8;0.1
02;2021-02-04;158;73;2985;398;0.8;0.1
02;2021-02-05;120;97;3105;495;0.9;0.1
02;2021-02-06;62;26;3167;521;0.9;0.1
02;2021-02-07;1;0;3168;521;0.9;0.1
02;2021-02-08;136;78;3304;599;0.9;0.2
02;2021-02-09;175;78;3479;677;1.0;0.2
02;2021-02-10;138;90;3617;767;1.0;0.2
02;2021-02-11;149;103;3766;870;1.0;0.2
02;2021-02-12;124;128;3890;998;1.1;0.3
02;2021-02-13;38;37;3928;1035;1.1;0.3
02;2021-02-14;0;0;3928;1035;1.1;0.3
02;2021-02-15;51;67;3979;1102;1.1;0.3
02;2021-02-16;0;1;3979;1103;1.1;0.3
02;2021-02-17;1;3;3980;1106;1.1;0.3
02;2021-02-18;68;128;4048;1234;1.1;0.3
02;2021-02-19;69;131;4117;1365;1.1;0.4
02;2021-02-20;48;69;4165;1434;1.2;0.4
02;2021-02-21;0;0;4165;1434;1.2;0.4
02;2021-02-22;99;60;4264;1494;1.2;0.4
02;2021-02-23;113;238;4377;1732;1.2;0.5
02;2021-02-24;106;223;4483;1955;1.2;0.5
02;2021-02-25;89;148;4572;2103;1.3;0.6
02;2021-02-26;127;169;4699;2272;1.3;0.6
02;2021-02-27;69;52;4768;2324;1.3;0.6
02;2021-02-28;0;0;4768;2324;1.3;0.6
02;2021-03-01;138;144;4906;2468;1.4;0.7
02;2021-03-02;158;78;5064;2546;1.4;0.7
02;2021-03-03;178;144;5242;2690;1.5;0.7
02;2021-03-04;145;133;5387;2823;1.5;0.8
02;2021-03-05;238;127;5625;2950;1.6;0.8
02;2021-03-06;119;59;5744;3009;1.6;0.8
02;2021-03-07;100;1;5844;3010;1.6;0.8
02;2021-03-08;196;132;6040;3142;1.7;0.9
02;2021-03-09;269;102;6309;3244;1.8;0.9
02;2021-03-10;321;133;6630;3377;1.8;0.9
02;2021-03-11;327;83;6957;3460;1.9;1.0
02;2021-03-12;398;51;7355;3511;2.1;1.0
02;2021-03-13;155;21;7510;3532;2.1;1.0
02;2021-03-14;4;1;7514;3533;2.1;1.0
02;2021-03-15;276;92;7790;3625;2.2;1.0
02;2021-03-16;305;55;8095;3680;2.3;1.0
02;2021-03-17;385;49;8480;3729;2.4;1.0
02;2021-03-18;435;44;8915;3773;2.5;1.1
02;2021-03-19;396;61;9311;3834;2.6;1.1
02;2021-03-20;149;47;9460;3881;2.6;1.1
02;2021-03-21;25;1;9485;3882;2.6;1.1
02;2021-03-22;362;116;9847;3998;2.7;1.1
02;2021-03-23;401;123;10248;4121;2.9;1.1
02;2021-03-24;424;104;10672;4225;3.0;1.2
02;2021-03-25;464;96;11136;4321;3.1;1.2
02;2021-03-26;632;100;11768;4421;3.3;1.2
02;2021-03-27;152;71;11920;4492;3.3;1.3
02;2021-03-28;81;2;12001;4494;3.3;1.3
02;2021-03-29;420;165;12421;4659;3.5;1.3
02;2021-03-30;466;244;12887;4903;3.6;1.4
02;2021-03-31;1139;184;14026;5087;3.9;1.4
02;2021-04-01;950;167;14976;5254;4.2;1.5
02;2021-04-02;892;6;15868;5260;4.4;1.5
02;2021-04-03;787;47;16655;5307;4.6;1.5
02;2021-04-04;750;10;17405;5317;4.9;1.5
02;2021-04-05;828;39;18233;5356;5.1;1.5
02;2021-04-06;883;131;19116;5487;5.3;1.5
02;2021-04-07;1424;321;20540;5808;5.7;1.6
02;2021-04-08;1301;266;21841;6074;6.1;1.7
02;2021-04-09;1233;317;23074;6391;6.4;1.8
02;2021-04-10;837;160;23911;6551;6.7;1.8
02;2021-04-11;621;12;24532;6563;6.8;1.8
02;2021-04-12;866;313;25398;6876;7.1;1.9
02;2021-04-13;865;325;26263;7201;7.3;2.0
02;2021-04-14;957;322;27220;7523;7.6;2.1
02;2021-04-15;956;291;28176;7814;7.9;2.2
02;2021-04-16;990;298;29166;8112;8.1;2.3
02;2021-04-17;524;161;29690;8273;8.3;2.3
02;2021-04-18;339;56;30029;8329;8.4;2.3
02;2021-04-19;668;347;30697;8676;8.6;2.4
02;2021-04-20;869;309;31566;8985;8.8;2.5
02;2021-04-21;997;358;32563;9343;9.1;2.6
02;2021-04-22;602;312;33165;9655;9.2;2.7
02;2021-04-23;604;464;33769;10119;9.4;2.8
02;2021-04-24;360;197;34129;10316;9.5;2.9
02;2021-04-25;168;200;34297;10516;9.6;2.9
02;2021-04-26;513;543;34810;11059;9.7;3.1
02;2021-04-27;556;609;35366;11668;9.9;3.3
02;2021-04-28;449;692;35815;12360;10.0;3.4
02;2021-04-29;641;642;36456;13002;10.2;3.6
02;2021-04-30;769;688;37225;13690;10.4;3.8
02;2021-05-01;243;245;37468;13935;10.4;3.9
02;2021-05-02;225;514;37693;14449;10.5;4.0
02;2021-05-03;559;771;38252;15220;10.7;4.2
02;2021-05-04;507;677;38759;15897;10.8;4.4
02;2021-05-05;534;898;39293;16795;11.0;4.7
02;2021-05-06;543;778;39836;17573;11.1;4.9
02;2021-05-07;625;1016;40461;18589;11.3;5.2
02;2021-05-08;213;526;40674;19115;11.3;5.3
02;2021-05-09;171;506;40845;19621;11.4;5.5
02;2021-05-10;515;860;41360;20481;11.5;5.7
02;2021-05-11;463;870;41823;21351;11.7;6.0
02;2021-05-12;549;913;42372;22264;11.8;6.2
02;2021-05-13;267;533;42639;22797;11.9;6.4
02;2021-05-14;381;753;43020;23550;12.0;6.6
02;2021-05-15;230;579;43250;24129;12.1;6.7
02;2021-05-16;155;442;43405;24571;12.1;6.8
02;2021-05-17;462;755;43867;25326;12.2;7.1
02;2021-05-18;439;675;44306;26001;12.4;7.2
02;2021-05-19;435;740;44741;26741;12.5;7.5
02;2021-05-20;587;501;45328;27242;12.6;7.6
02;2021-05-21;541;704;45869;27946;12.8;7.8
02;2021-05-22;182;365;46051;28311;12.8;7.9
02;2021-05-23;109;181;46160;28492;12.9;7.9
02;2021-05-24;131;242;46291;28734;12.9;8.0
02;2021-05-25;344;704;46635;29438;13.0;8.2
02;2021-05-26;371;712;47006;30150;13.1;8.4
02;2021-05-27;260;648;47266;30798;13.2;8.6
02;2021-05-28;264;818;47530;31616;13.2;8.8
02;2021-05-29;149;512;47679;32128;13.3;9.0
02;2021-05-30;15;33;47694;32161;13.3;9.0
02;2021-05-31;342;686;48036;32847;13.4;9.2
02;2021-06-01;289;548;48325;33395;13.5;9.3
02;2021-06-02;304;571;48629;33966;13.6;9.5
02;2021-06-03;244;430;48873;34396;13.6;9.6
02;2021-06-04;330;640;49203;35036;13.7;9.8
02;2021-06-05;192;335;49395;35371;13.8;9.9
03;2020-12-27;0;0;0;0;0.0;0.0
03;2020-12-28;0;0;0;0;0.0;0.0
03;2020-12-29;0;0;0;0;0.0;0.0
03;2020-12-30;0;0;0;0;0.0;0.0
03;2020-12-31;0;0;0;0;0.0;0.0
03;2021-01-01;0;0;0;0;0.0;0.0
03;2021-01-02;0;0;0;0;0.0;0.0
03;2021-01-03;0;0;0;0;0.0;0.0
03;2021-01-04;0;0;0;0;0.0;0.0
03;2021-01-05;0;0;0;0;0.0;0.0
03;2021-01-06;0;0;0;0;0.0;0.0
03;2021-01-07;0;0;0;0;0.0;0.0
03;2021-01-08;0;0;0;0;0.0;0.0
03;2021-01-09;0;0;0;0;0.0;0.0
03;2021-01-10;0;0;0;0;0.0;0.0
03;2021-01-11;0;0;0;0;0.0;0.0
03;2021-01-12;0;0;0;0;0.0;0.0
03;2021-01-13;30;0;30;0;0.0;0.0
03;2021-01-14;46;0;76;0;0.0;0.0
03;2021-01-15;34;0;110;0;0.0;0.0
03;2021-01-16;18;0;128;0;0.0;0.0
03;2021-01-17;0;0;128;0;0.0;0.0
03;2021-01-18;62;0;190;0;0.1;0.0
03;2021-01-19;149;1;339;1;0.1;0.0
03;2021-01-20;132;0;471;1;0.2;0.0
03;2021-01-21;118;0;589;1;0.2;0.0
03;2021-01-22;75;0;664;1;0.2;0.0
03;2021-01-23;0;0;664;1;0.2;0.0
03;2021-01-24;0;0;664;1;0.2;0.0
03;2021-01-25;56;0;720;1;0.2;0.0
03;2021-01-26;100;0;820;1;0.3;0.0
03;2021-01-27;109;0;929;1;0.3;0.0
03;2021-01-28;96;2;1025;3;0.4;0.0
03;2021-01-29;104;3;1129;6;0.4;0.0
03;2021-01-30;0;0;1129;6;0.4;0.0
03;2021-01-31;0;0;1129;6;0.4;0.0
03;2021-02-01;54;0;1183;6;0.4;0.0
03;2021-02-02;122;4;1305;10;0.4;0.0
03;2021-02-03;115;7;1420;17;0.5;0.0
03;2021-02-04;79;26;1499;43;0.5;0.0
03;2021-02-05;65;8;1564;51;0.5;0.0
03;2021-02-06;0;0;1564;51;0.5;0.0
03;2021-02-07;0;0;1564;51;0.5;0.0
03;2021-02-08;50;13;1614;64;0.6;0.0
03;2021-02-09;92;39;1706;103;0.6;0.0
03;2021-02-10;101;42;1807;145;0.6;0.0
03;2021-02-11;102;93;1909;238;0.7;0.1
03;2021-02-12;86;64;1995;302;0.7;0.1
03;2021-02-13;0;0;1995;302;0.7;0.1
03;2021-02-14;0;0;1995;302;0.7;0.1
03;2021-02-15;27;65;2022;367;0.7;0.1
03;2021-02-16;123;52;2145;419;0.7;0.1
03;2021-02-17;145;117;2290;536;0.8;0.2
03;2021-02-18;102;143;2392;679;0.8;0.2
03;2021-02-19;121;72;2513;751;0.9;0.3
03;2021-02-20;0;0;2513;751;0.9;0.3
03;2021-02-21;0;0;2513;751;0.9;0.3
03;2021-02-22;78;48;2591;799;0.9;0.3
03;2021-02-23;157;98;2748;897;0.9;0.3
03;2021-02-24;190;120;2938;1017;1.0;0.3
03;2021-02-25;258;87;3196;1104;1.1;0.4
03;2021-02-26;264;69;3460;1173;1.2;0.4
03;2021-02-27;121;1;3581;1174;1.2;0.4
03;2021-02-28;0;0;3581;1174;1.2;0.4
03;2021-03-01;174;85;3755;1259;1.3;0.4
03;2021-03-02;255;108;4010;1367;1.4;0.5
03;2021-03-03;254;129;4264;1496;1.5;0.5
03;2021-03-04;281;81;4545;1577;1.6;0.5
03;2021-03-05;270;41;4815;1618;1.7;0.6
03;2021-03-06;116;1;4931;1619;1.7;0.6
03;2021-03-07;0;0;4931;1619;1.7;0.6
03;2021-03-08;186;40;5117;1659;1.8;0.6
03;2021-03-09;349;88;5466;1747;1.9;0.6
03;2021-03-10;356;96;5822;1843;2.0;0.6
03;2021-03-11;269;116;6091;1959;2.1;0.7
03;2021-03-12;284;91;6375;2050;2.2;0.7
03;2021-03-13;110;2;6485;2052;2.2;0.7
03;2021-03-14;0;0;6485;2052;2.2;0.7
03;2021-03-15;180;26;6665;2078;2.3;0.7
03;2021-03-16;241;139;6906;2217;2.4;0.8
03;2021-03-17;272;128;7178;2345;2.5;0.8
03;2021-03-18;250;153;7428;2498;2.6;0.9
03;2021-03-19;284;123;7712;2621;2.7;0.9
03;2021-03-20;255;14;7967;2635;2.7;0.9
03;2021-03-21;119;0;8086;2635;2.8;0.9
03;2021-03-22;219;112;8305;2747;2.9;0.9
03;2021-03-23;259;184;8564;2931;2.9;1.0
03;2021-03-24;224;207;8788;3138;3.0;1.1
03;2021-03-25;167;176;8955;3314;3.1;1.1
03;2021-03-26;188;306;9143;3620;3.1;1.2
03;2021-03-27;55;92;9198;3712;3.2;1.3
03;2021-03-28;0;0;9198;3712;3.2;1.3
03;2021-03-29;174;244;9372;3956;3.2;1.4
03;2021-03-30;440;234;9812;4190;3.4;1.4
03;2021-03-31;314;289;10126;4479;3.5;1.5
03;2021-04-01;410;255;10536;4734;3.6;1.6
03;2021-04-02;279;278;10815;5012;3.7;1.7
03;2021-04-03;109;119;10924;5131;3.8;1.8
03;2021-04-04;0;0;10924;5131;3.8;1.8
03;2021-04-05;118;14;11042;5145;3.8;1.8
03;2021-04-06;418;322;11460;5467;3.9;1.9
03;2021-04-07;483;331;11943;5798;4.1;2.0
03;2021-04-08;492;253;12435;6051;4.3;2.1
03;2021-04-09;469;224;12904;6275;4.4;2.2
03;2021-04-10;146;91;13050;6366;4.5;2.2
03;2021-04-11;1;0;13051;6366;4.5;2.2
03;2021-04-12;493;261;13544;6627;4.7;2.3
03;2021-04-13;622;236;14166;6863;4.9;2.4
03;2021-04-14;664;305;14830;7168;5.1;2.5
03;2021-04-15;720;242;15550;7410;5.3;2.5
03;2021-04-16;707;292;16257;7702;5.6;2.6
03;2021-04-17;476;123;16733;7825;5.8;2.7
03;2021-04-18;489;36;17222;7861;5.9;2.7
03;2021-04-19;682;244;17904;8105;6.2;2.8
03;2021-04-20;549;267;18453;8372;6.3;2.9
03;2021-04-21;769;234;19222;8606;6.6;3.0
03;2021-04-22;652;215;19874;8821;6.8;3.0
03;2021-04-23;656;216;20530;9037;7.1;3.1
03;2021-04-24;522;92;21052;9129;7.2;3.1
03;2021-04-25;601;38;21653;9167;7.4;3.2
03;2021-04-26;733;221;22386;9388;7.7;3.2
03;2021-04-27;765;336;23151;9724;8.0;3.3
03;2021-04-28;644;314;23795;10038;8.2;3.5
03;2021-04-29;601;272;24396;10310;8.4;3.5
03;2021-04-30;670;251;25066;10561;8.6;3.6
03;2021-05-01;209;25;25275;10586;8.7;3.6
03;2021-05-02;594;74;25869;10660;8.9;3.7
03;2021-05-03;551;389;26420;11049;9.1;3.8
03;2021-05-04;524;308;26944;11357;9.3;3.9
03;2021-05-05;566;440;27510;11797;9.5;4.1
03;2021-05-06;542;457;28052;12254;9.7;4.2
03;2021-05-07;515;455;28567;12709;9.8;4.4
03;2021-05-08;333;57;28900;12766;9.9;4.4
03;2021-05-09;257;71;29157;12837;10.0;4.4
03;2021-05-10;406;611;29563;13448;10.2;4.6
03;2021-05-11;335;489;29898;13937;10.3;4.8
03;2021-05-12;387;628;30285;14565;10.4;5.0
03;2021-05-13;322;97;30607;14662;10.5;5.0
03;2021-05-14;417;545;31024;15207;10.7;5.2
03;2021-05-15;249;343;31273;15550;10.8;5.3
03;2021-05-16;203;208;31476;15758;10.8;5.4
03;2021-05-17;386;591;31862;16349;11.0;5.6
03;2021-05-18;468;553;32330;16902;11.1;5.8
03;2021-05-19;441;541;32771;17443;11.3;6.0
03;2021-05-20;540;445;33311;17888;11.5;6.2
03;2021-05-21;442;599;33753;18487;11.6;6.4
03;2021-05-22;161;500;33914;18987;11.7;6.5
03;2021-05-23;254;469;34168;19456;11.8;6.7
03;2021-05-24;541;242;34709;19698;11.9;6.8
03;2021-05-25;431;725;35140;20423;12.1;7.0
03;2021-05-26;351;680;35491;21103;12.2;7.3
03;2021-05-27;630;515;36121;21618;12.4;7.4
03;2021-05-28;449;545;36570;22163;12.6;7.6
03;2021-05-29;230;360;36800;22523;12.7;7.7
03;2021-05-30;146;401;36946;22924;12.7;7.9
03;2021-05-31;335;571;37281;23495;12.8;8.1
03;2021-06-01;368;465;37649;23960;13.0;8.2
03;2021-06-02;444;548;38093;24508;13.1;8.4
03;2021-06-03;392;465;38485;24973;13.2;8.6
03;2021-06-04;450;485;38935;25458;13.4;8.8
03;2021-06-05;269;290;39204;25748;13.5;8.9
04;2020-12-27;0;0;0;0;0.0;0.0
04;2020-12-28;0;0;0;0;0.0;0.0
04;2020-12-29;0;0;0;0;0.0;0.0
04;2020-12-30;0;0;0;0;0.0;0.0
04;2020-12-31;0;0;0;0;0.0;0.0
04;2021-01-01;1;0;1;0;0.0;0.0
04;2021-01-02;0;0;1;0;0.0;0.0
04;2021-01-03;0;0;1;0;0.0;0.0
04;2021-01-04;0;0;1;0;0.0;0.0
04;2021-01-05;2;0;3;0;0.0;0.0
04;2021-01-06;0;0;3;0;0.0;0.0
04;2021-01-07;0;0;3;0;0.0;0.0
04;2021-01-08;0;0;3;0;0.0;0.0
04;2021-01-09;1;0;4;0;0.0;0.0
04;2021-01-10;0;0;4;0;0.0;0.0
04;2021-01-11;0;0;4;0;0.0;0.0
04;2021-01-12;0;0;4;0;0.0;0.0
04;2021-01-13;0;0;4;0;0.0;0.0
04;2021-01-14;0;0;4;0;0.0;0.0
04;2021-01-15;332;0;336;0;0.0;0.0
04;2021-01-16;27;0;363;0;0.0;0.0
04;2021-01-17;0;0;363;0;0.0;0.0
04;2021-01-18;49;1;412;1;0.0;0.0
04;2021-01-19;393;0;805;1;0.1;0.0
04;2021-01-20;482;1;1287;2;0.1;0.0
04;2021-01-21;612;1;1899;3;0.2;0.0
04;2021-01-22;409;0;2308;3;0.3;0.0
04;2021-01-23;75;0;2383;3;0.3;0.0
04;2021-01-24;0;0;2383;3;0.3;0.0
04;2021-01-25;272;0;2655;3;0.3;0.0
04;2021-01-26;429;0;3084;3;0.4;0.0
04;2021-01-27;317;0;3401;3;0.4;0.0
04;2021-01-28;406;0;3807;3;0.4;0.0
04;2021-01-29;421;3;4228;6;0.5;0.0
04;2021-01-30;419;0;4647;6;0.5;0.0
04;2021-01-31;0;0;4647;6;0.5;0.0
04;2021-02-01;372;3;5019;9;0.6;0.0
04;2021-02-02;497;4;5516;13;0.6;0.0
04;2021-02-03;594;14;6110;27;0.7;0.0
04;2021-02-04;626;22;6736;49;0.8;0.0
04;2021-02-05;564;97;7300;146;0.8;0.0
04;2021-02-06;501;4;7801;150;0.9;0.0
04;2021-02-07;0;8;7801;158;0.9;0.0
04;2021-02-08;463;34;8264;192;1.0;0.0
04;2021-02-09;771;90;9035;282;1.1;0.0
04;2021-02-10;749;85;9784;367;1.1;0.0
04;2021-02-11;780;86;10564;453;1.2;0.1
04;2021-02-12;636;95;11200;548;1.3;0.1
04;2021-02-13;544;74;11744;622;1.4;0.1
04;2021-02-14;1;0;11745;622;1.4;0.1
04;2021-02-15;524;125;12269;747;1.4;0.1
04;2021-02-16;648;534;12917;1281;1.5;0.1
04;2021-02-17;526;328;13443;1609;1.6;0.2
04;2021-02-18;493;414;13936;2023;1.6;0.2
04;2021-02-19;496;320;14432;2343;1.7;0.3
04;2021-02-20;576;116;15008;2459;1.7;0.3
04;2021-02-21;0;0;15008;2459;1.7;0.3
04;2021-02-22;400;238;15408;2697;1.8;0.3
04;2021-02-23;607;236;16015;2933;1.9;0.3
04;2021-02-24;581;253;16596;3186;1.9;0.4
04;2021-02-25;644;296;17240;3482;2.0;0.4
04;2021-02-26;483;472;17723;3954;2.1;0.5
04;2021-02-27;345;430;18068;4384;2.1;0.5
04;2021-02-28;0;0;18068;4384;2.1;0.5
04;2021-03-01;288;391;18356;4775;2.1;0.6
04;2021-03-02;487;502;18843;5277;2.2;0.6
04;2021-03-03;755;557;19598;5834;2.3;0.7
04;2021-03-04;760;531;20358;6365;2.4;0.7
04;2021-03-05;727;539;21085;6904;2.5;0.8
04;2021-03-06;812;530;21897;7434;2.5;0.9
04;2021-03-07;0;0;21897;7434;2.5;0.9
04;2021-03-08;434;590;22331;8024;2.6;0.9
04;2021-03-09;669;775;23000;8799;2.7;1.0
04;2021-03-10;644;849;23644;9648;2.7;1.1
04;2021-03-11;693;645;24337;10293;2.8;1.2
04;2021-03-12;728;663;25065;10956;2.9;1.3
04;2021-03-13;667;610;25732;11566;3.0;1.3
04;2021-03-14;2;0;25734;11566;3.0;1.3
04;2021-03-15;503;506;26237;12072;3.1;1.4
04;2021-03-16;680;711;26917;12783;3.1;1.5
04;2021-03-17;846;535;27763;13318;3.2;1.5
04;2021-03-18;1046;572;28809;13890;3.4;1.6
04;2021-03-19;784;542;29593;14432;3.4;1.7
04;2021-03-20;576;597;30169;15029;3.5;1.7
04;2021-03-21;0;0;30169;15029;3.5;1.7
04;2021-03-22;565;481;30734;15510;3.6;1.8
04;2021-03-23;780;640;31514;16150;3.7;1.9
04;2021-03-24;792;671;32306;16821;3.8;2.0
04;2021-03-25;944;547;33250;17368;3.9;2.0
04;2021-03-26;921;448;34171;17816;4.0;2.1
04;2021-03-27;782;340;34953;18156;4.1;2.1
04;2021-03-28;1;0;34954;18156;4.1;2.1
04;2021-03-29;960;270;35914;18426;4.2;2.1
04;2021-03-30;883;501;36797;18927;4.3;2.2
04;2021-03-31;726;671;37523;19598;4.4;2.3
04;2021-04-01;679;709;38202;20307;4.4;2.4
04;2021-04-02;680;762;38882;21069;4.5;2.5
04;2021-04-03;685;707;39567;21776;4.6;2.5
04;2021-04-04;0;0;39567;21776;4.6;2.5
04;2021-04-05;0;2;39567;21778;4.6;2.5
04;2021-04-06;795;642;40362;22420;4.7;2.6
04;2021-04-07;1317;789;41679;23209;4.8;2.7
04;2021-04-08;1722;778;43401;23987;5.0;2.8
04;2021-04-09;1454;785;44855;24772;5.2;2.9
04;2021-04-10;1130;650;45985;25422;5.3;3.0
04;2021-04-11;2;0;45987;25422;5.3;3.0
04;2021-04-12;1238;552;47225;25974;5.5;3.0
04;2021-04-13;1435;754;48660;26728;5.7;3.1
04;2021-04-14;2002;774;50662;27502;5.9;3.2
04;2021-04-15;2349;947;53011;28449;6.2;3.3
04;2021-04-16;1842;785;54853;29234;6.4;3.4
04;2021-04-17;1274;604;56127;29838;6.5;3.5
04;2021-04-18;0;0;56127;29838;6.5;3.5
04;2021-04-19;1377;565;57504;30403;6.7;3.5
04;2021-04-20;1646;806;59150;31209;6.9;3.6
04;2021-04-21;2043;605;61193;31814;7.1;3.7
04;2021-04-22;2763;801;63956;32615;7.4;3.8
04;2021-04-23;2233;813;66189;33428;7.7;3.9
04;2021-04-24;1081;797;67270;34225;7.8;4.0
04;2021-04-25;2;0;67272;34225;7.8;4.0
04;2021-04-26;1163;920;68435;35145;8.0;4.1
04;2021-04-27;1678;1026;70113;36171;8.2;4.2
04;2021-04-28;2754;745;72867;36916;8.5;4.3
04;2021-04-29;3701;763;76568;37679;8.9;4.4
04;2021-04-30;3222;889;79790;38568;9.3;4.5
04;2021-05-01;2098;211;81888;38779;9.5;4.5
04;2021-05-02;1;0;81889;38779;9.5;4.5
04;2021-05-03;1861;570;83750;39349;9.7;4.6
04;2021-05-04;2099;1094;85849;40443;10.0;4.7
04;2021-05-05;2959;1608;88808;42051;10.3;4.9
04;2021-05-06;3706;1492;92514;43543;10.8;5.1
04;2021-05-07;3078;1457;95592;45000;11.1;5.2
04;2021-05-08;1559;501;97151;45501;11.3;5.3
04;2021-05-09;0;0;97151;45501;11.3;5.3
04;2021-05-10;2329;992;99480;46493;11.6;5.4
04;2021-05-11;3582;1637;103062;48130;12.0;5.6
04;2021-05-12;4485;2291;107547;50421;12.5;5.9
04;2021-05-13;3528;581;111075;51002;12.9;5.9
04;2021-05-14;5013;2370;116088;53372;13.5;6.2
04;2021-05-15;3054;1495;119142;54867;13.9;6.4
04;2021-05-16;14;18;119156;54885;13.9;6.4
04;2021-05-17;2975;1473;122131;56358;14.2;6.6
04;2021-05-18;3603;1749;125734;58107;14.6;6.8
04;2021-05-19;4494;2201;130228;60308;15.1;7.0
04;2021-05-20;4869;2653;135097;62961;15.7;7.3
04;2021-05-21;4708;2516;139805;65477;16.3;7.6
04;2021-05-22;3272;1232;143077;66709;16.6;7.8
04;2021-05-23;4;3;143081;66712;16.6;7.8
04;2021-05-24;3560;1069;146641;67781;17.1;7.9
04;2021-05-25;4093;1857;150734;69638;17.5;8.1
04;2021-05-26;4673;2788;155407;72426;18.1;8.4
04;2021-05-27;4362;3875;159769;76301;18.6;8.9
04;2021-05-28;4141;3615;163910;79916;19.1;9.3
04;2021-05-29;2455;2417;166365;82333;19.3;9.6
04;2021-05-30;6;14;166371;82347;19.3;9.6
04;2021-05-31;2313;2214;168684;84561;19.6;9.8
04;2021-06-01;3175;2655;171859;87216;20.0;10.1
04;2021-06-02;3676;3208;175535;90424;20.4;10.5
04;2021-06-03;3789;3370;179324;93794;20.9;10.9
04;2021-06-04;3518;3579;182842;97373;21.3;11.3
04;2021-06-05;2086;1883;184928;99256;21.5;11.5
05;2020-12-27;0;0;0;0;0.0;0.0
05;2020-12-28;0;0;0;0;0.0;0.0
05;2020-12-29;0;0;0;0;0.0;0.0
05;2020-12-30;0;0;0;0;0.0;0.0
05;2020-12-31;0;0;0;0;0.0;0.0
05;2021-01-01;0;0;0;0;0.0;0.0
05;2021-01-02;0;0;0;0;0.0;0.0
05;2021-01-03;0;0;0;0;0.0;0.0
05;2021-01-04;0;0;0;0;0.0;0.0
05;2021-01-05;0;0;0;0;0.0;0.0
05;2021-01-06;0;0;0;0;0.0;0.0
05;2021-01-07;0;0;0;0;0.0;0.0
05;2021-01-08;0;0;0;0;0.0;0.0
05;2021-01-09;0;0;0;0;0.0;0.0
05;2021-01-10;0;0;0;0;0.0;0.0
05;2021-01-11;0;0;0;0;0.0;0.0
05;2021-01-12;0;0;0;0;0.0;0.0
05;2021-01-13;0;0;0;0;0.0;0.0
05;2021-01-14;0;0;0;0;0.0;0.0
05;2021-01-15;0;0;0;0;0.0;0.0
05;2021-01-16;0;0;0;0;0.0;0.0
05;2021-01-17;0;0;0;0;0.0;0.0
05;2021-01-18;0;0;0;0;0.0;0.0
05;2021-01-19;0;0;0;0;0.0;0.0
05;2021-01-20;0;0;0;0;0.0;0.0
05;2021-01-21;0;0;0;0;0.0;0.0
05;2021-01-22;0;0;0;0;0.0;0.0
05;2021-01-23;0;0;0;0;0.0;0.0
05;2021-01-24;0;0;0;0;0.0;0.0
05;2021-01-25;0;0;0;0;0.0;0.0
05;2021-01-26;0;0;0;0;0.0;0.0
05;2021-01-27;0;0;0;0;0.0;0.0
05;2021-01-28;0;0;0;0;0.0;0.0
05;2021-01-29;0;0;0;0;0.0;0.0
05;2021-01-30;0;0;0;0;0.0;0.0
05;2021-01-31;0;0;0;0;0.0;0.0
05;2021-02-01;0;0;0;0;0.0;0.0
05;2021-02-02;0;0;0;0;0.0;0.0
05;2021-02-03;0;0;0;0;0.0;0.0
05;2021-02-04;0;0;0;0;0.0;0.0
05;2021-02-05;0;0;0;0;0.0;0.0
05;2021-02-06;0;0;0;0;0.0;0.0
05;2021-02-07;0;0;0;0;0.0;0.0
05;2021-02-08;0;0;0;0;0.0;0.0
05;2021-02-09;0;0;0;0;0.0;0.0
05;2021-02-10;0;0;0;0;0.0;0.0
05;2021-02-11;0;0;0;0;0.0;0.0
05;2021-02-12;0;0;0;0;0.0;0.0
05;2021-02-13;0;0;0;0;0.0;0.0
05;2021-02-14;0;0;0;0;0.0;0.0
05;2021-02-15;0;0;0;0;0.0;0.0
05;2021-02-16;0;0;0;0;0.0;0.0
05;2021-02-17;0;0;0;0;0.0;0.0
05;2021-02-18;0;0;0;0;0.0;0.0
05;2021-02-19;0;0;0;0;0.0;0.0
05;2021-02-20;0;0;0;0;0.0;0.0
05;2021-02-21;0;0;0;0;0.0;0.0
05;2021-02-22;0;0;0;0;0.0;0.0
05;2021-02-23;0;0;0;0;0.0;0.0
05;2021-02-24;0;0;0;0;0.0;0.0
05;2021-02-25;0;0;0;0;0.0;0.0
05;2021-02-26;0;0;0;0;0.0;0.0
05;2021-02-27;0;0;0;0;0.0;0.0
05;2021-02-28;0;0;0;0;0.0;0.0
05;2021-03-01;0;0;0;0;0.0;0.0
05;2021-03-02;0;0;0;0;0.0;0.0
05;2021-03-03;0;0;0;0;0.0;0.0
05;2021-03-04;0;0;0;0;0.0;0.0
05;2021-03-05;0;0;0;0;0.0;0.0
05;2021-03-06;0;0;0;0;0.0;0.0
05;2021-03-07;0;0;0;0;0.0;0.0
05;2021-03-08;0;0;0;0;0.0;0.0
05;2021-03-09;0;0;0;0;0.0;0.0
05;2021-03-10;0;0;0;0;0.0;0.0
05;2021-03-11;0;0;0;0;0.0;0.0
05;2021-03-12;0;0;0;0;0.0;0.0
05;2021-03-13;0;0;0;0;0.0;0.0
05;2021-03-14;0;0;0;0;0.0;0.0
05;2021-03-15;0;0;0;0;0.0;0.0
05;2021-03-16;0;0;0;0;0.0;0.0
05;2021-03-17;0;0;0;0;0.0;0.0
05;2021-03-18;0;0;0;0;0.0;0.0
05;2021-03-19;0;0;0;0;0.0;0.0
05;2021-03-20;0;0;0;0;0.0;0.0
05;2021-03-21;0;0;0;0;0.0;0.0
05;2021-03-22;0;0;0;0;0.0;0.0
05;2021-03-23;0;0;0;0;0.0;0.0
05;2021-03-24;0;0;0;0;0.0;0.0
05;2021-03-25;0;0;0;0;0.0;0.0
05;2021-03-26;0;0;0;0;0.0;0.0
05;2021-03-27;0;0;0;0;0.0;0.0
05;2021-03-28;0;0;0;0;0.0;0.0
05;2021-03-29;0;0;0;0;0.0;0.0
05;2021-03-30;0;0;0;0;0.0;0.0
05;2021-03-31;0;0;0;0;0.0;0.0
05;2021-04-01;0;0;0;0;0.0;0.0
05;2021-04-02;0;0;0;0;0.0;0.0
05;2021-04-03;0;0;0;0;0.0;0.0
05;2021-04-04;0;0;0;0;0.0;0.0
05;2021-04-05;0;0;0;0;0.0;0.0
05;2021-04-06;0;0;0;0;0.0;0.0
05;2021-04-07;0;0;0;0;0.0;0.0
05;2021-04-08;1;0;1;0;0.0;0.0
05;2021-04-09;0;0;1;0;0.0;0.0
05;2021-04-10;0;0;1;0;0.0;0.0
05;2021-04-11;0;0;1;0;0.0;0.0
05;2021-04-12;0;0;1;0;0.0;0.0
05;2021-04-13;0;0;1;0;0.0;0.0
05;2021-04-14;0;0;1;0;0.0;0.0
05;2021-04-15;0;0;1;0;0.0;0.0
05;2021-04-16;0;0;1;0;0.0;0.0
05;2021-04-17;0;0;1;0;0.0;0.0
05;2021-04-18;0;0;1;0;0.0;0.0
05;2021-04-19;0;0;1;0;0.0;0.0
05;2021-04-20;0;0;1;0;0.0;0.0
05;2021-04-21;0;0;1;0;0.0;0.0
05;2021-04-22;0;0;1;0;0.0;0.0
05;2021-04-23;0;0;1;0;0.0;0.0
05;2021-04-24;0;0;1;0;0.0;0.0
05;2021-04-25;0;0;1;0;0.0;0.0
05;2021-04-26;0;0;1;0;0.0;0.0
05;2021-04-27;0;0;1;0;0.0;0.0
05;2021-04-28;0;0;1;0;0.0;0.0
05;2021-04-29;0;0;1;0;0.0;0.0
05;2021-04-30;0;0;1;0;0.0;0.0
05;2021-05-01;0;0;1;0;0.0;0.0
05;2021-05-02;0;0;1;0;0.0;0.0
05;2021-05-03;0;0;1;0;0.0;0.0
05;2021-05-04;0;0;1;0;0.0;0.0
05;2021-05-05;0;0;1;0;0.0;0.0
05;2021-05-06;0;0;1;0;0.0;0.0
05;2021-05-07;0;0;1;0;0.0;0.0
05;2021-05-08;0;0;1;0;0.0;0.0
05;2021-05-09;0;0;1;0;0.0;0.0
05;2021-05-10;0;0;1;0;0.0;0.0
05;2021-05-11;0;0;1;0;0.0;0.0
05;2021-05-12;0;0;1;0;0.0;0.0
05;2021-05-13;0;0;1;0;0.0;0.0
05;2021-05-14;0;0;1;0;0.0;0.0
05;2021-05-15;0;0;1;0;0.0;0.0
05;2021-05-16;0;0;1;0;0.0;0.0
05;2021-05-17;0;0;1;0;0.0;0.0
05;2021-05-18;0;0;1;0;0.0;0.0
05;2021-05-19;0;0;1;0;0.0;0.0
05;2021-05-20;0;0;1;0;0.0;0.0
05;2021-05-21;0;0;1;0;0.0;0.0
05;2021-05-22;0;0;1;0;0.0;0.0
05;2021-05-23;0;0;1;0;0.0;0.0
05;2021-05-24;0;0;1;0;0.0;0.0
05;2021-05-25;0;0;1;0;0.0;0.0
05;2021-05-26;0;0;1;0;0.0;0.0
05;2021-05-27;0;0;1;0;0.0;0.0
05;2021-05-28;0;0;1;0;0.0;0.0
05;2021-05-29;0;0;1;0;0.0;0.0
05;2021-05-30;0;0;1;0;0.0;0.0
05;2021-05-31;0;0;1;0;0.0;0.0
05;2021-06-01;0;0;1;0;0.0;0.0
05;2021-06-02;0;0;1;0;0.0;0.0
05;2021-06-03;0;0;1;0;0.0;0.0
05;2021-06-04;0;0;1;0;0.0;0.0
05;2021-06-05;0;0;1;0;0.0;0.0
06;2020-12-27;0;0;0;0;0.0;0.0
06;2020-12-28;0;0;0;0;0.0;0.0
06;2020-12-29;0;0;0;0;0.0;0.0
06;2020-12-30;0;0;0;0;0.0;0.0
06;2020-12-31;0;0;0;0;0.0;0.0
06;2021-01-01;0;0;0;0;0.0;0.0
06;2021-01-02;0;0;0;0;0.0;0.0
06;2021-01-03;0;0;0;0;0.0;0.0
06;2021-01-04;0;0;0;0;0.0;0.0
06;2021-01-05;0;0;0;0;0.0;0.0
06;2021-01-06;0;0;0;0;0.0;0.0
06;2021-01-07;0;0;0;0;0.0;0.0
06;2021-01-08;0;0;0;0;0.0;0.0
06;2021-01-09;0;0;0;0;0.0;0.0
06;2021-01-10;0;0;0;0;0.0;0.0
06;2021-01-11;9;0;9;0;0.0;0.0
06;2021-01-12;0;0;9;0;0.0;0.0
06;2021-01-13;0;0;9;0;0.0;0.0
06;2021-01-14;0;0;9;0;0.0;0.0
06;2021-01-15;1;0;10;0;0.0;0.0
06;2021-01-16;1;0;11;0;0.0;0.0
06;2021-01-17;0;0;11;0;0.0;0.0
06;2021-01-18;0;0;11;0;0.0;0.0
06;2021-01-19;0;0;11;0;0.0;0.0
06;2021-01-20;0;0;11;0;0.0;0.0
06;2021-01-21;0;0;11;0;0.0;0.0
06;2021-01-22;0;0;11;0;0.0;0.0
06;2021-01-23;1;0;12;0;0.0;0.0
06;2021-01-24;0;0;12;0;0.0;0.0
06;2021-01-25;140;1;152;1;0.1;0.0
06;2021-01-26;165;2;317;3;0.1;0.0
06;2021-01-27;250;1;567;4;0.2;0.0
06;2021-01-28;102;5;669;9;0.2;0.0
06;2021-01-29;230;2;899;11;0.3;0.0
06;2021-01-30;285;4;1184;15;0.4;0.0
06;2021-01-31;1;0;1185;15;0.4;0.0
06;2021-02-01;103;0;1288;15;0.5;0.0
06;2021-02-02;328;3;1616;18;0.6;0.0
06;2021-02-03;214;1;1830;19;0.7;0.0
06;2021-02-04;213;5;2043;24;0.7;0.0
06;2021-02-05;211;1;2254;25;0.8;0.0
06;2021-02-06;83;10;2337;35;0.8;0.0
06;2021-02-07;0;0;2337;35;0.8;0.0
06;2021-02-08;81;3;2418;38;0.9;0.0
06;2021-02-09;160;0;2578;38;0.9;0.0
06;2021-02-10;152;1;2730;39;1.0;0.0
06;2021-02-11;224;1;2954;40;1.1;0.0
06;2021-02-12;269;4;3223;44;1.2;0.0
06;2021-02-13;56;0;3279;44;1.2;0.0
06;2021-02-14;1;0;3280;44;1.2;0.0
06;2021-02-15;272;1;3552;45;1.3;0.0
06;2021-02-16;252;5;3804;50;1.4;0.0
06;2021-02-17;166;1;3970;51;1.4;0.0
06;2021-02-18;213;11;4183;62;1.5;0.0
06;2021-02-19;235;21;4418;83;1.6;0.0
06;2021-02-20;138;6;4556;89;1.6;0.0
06;2021-02-21;0;0;4556;89;1.6;0.0
06;2021-02-22;131;119;4687;208;1.7;0.1
06;2021-02-23;186;151;4873;359;1.7;0.1
06;2021-02-24;175;142;5048;501;1.8;0.2
06;2021-02-25;202;225;5250;726;1.9;0.3
06;2021-02-26;238;257;5488;983;2.0;0.4
06;2021-02-27;0;0;5488;983;2.0;0.4
06;2021-02-28;0;0;5488;983;2.0;0.4
06;2021-03-01;137;258;5625;1241;2.0;0.4
06;2021-03-02;206;255;5831;1496;2.1;0.5
06;2021-03-03;163;125;5994;1621;2.1;0.6
06;2021-03-04;177;91;6171;1712;2.2;0.6
06;2021-03-05;105;67;6276;1779;2.2;0.6
06;2021-03-06;1;0;6277;1779;2.2;0.6
06;2021-03-07;0;0;6277;1779;2.2;0.6
06;2021-03-08;125;62;6402;1841;2.3;0.7
06;2021-03-09;328;38;6730;1879;2.4;0.7
06;2021-03-10;109;125;6839;2004;2.4;0.7
06;2021-03-11;107;73;6946;2077;2.5;0.7
06;2021-03-12;170;92;7116;2169;2.5;0.8
06;2021-03-13;1;0;7117;2169;2.5;0.8
06;2021-03-14;0;0;7117;2169;2.5;0.8
06;2021-03-15;142;274;7259;2443;2.6;0.9
06;2021-03-16;211;171;7470;2614;2.7;0.9
06;2021-03-17;234;90;7704;2704;2.8;1.0
06;2021-03-18;166;196;7870;2900;2.8;1.0
06;2021-03-19;147;245;8017;3145;2.9;1.1
06;2021-03-20;0;0;8017;3145;2.9;1.1
06;2021-03-21;0;0;8017;3145;2.9;1.1
06;2021-03-22;97;135;8114;3280;2.9;1.2
06;2021-03-23;136;240;8250;3520;3.0;1.3
06;2021-03-24;160;146;8410;3666;3.0;1.3
06;2021-03-25;182;205;8592;3871;3.1;1.4
06;2021-03-26;128;151;8720;4022;3.1;1.4
06;2021-03-27;18;0;8738;4022;3.1;1.4
06;2021-03-28;0;0;8738;4022;3.1;1.4
06;2021-03-29;0;2;8738;4024;3.1;1.4
06;2021-03-30;272;326;9010;4350;3.2;1.6
06;2021-03-31;224;125;9234;4475;3.3;1.6
06;2021-04-01;242;105;9476;4580;3.4;1.6
06;2021-04-02;215;185;9691;4765;3.5;1.7
06;2021-04-03;674;217;10365;4982;3.7;1.8
06;2021-04-04;1;0;10366;4982;3.7;1.8
06;2021-04-05;1;0;10367;4982;3.7;1.8
06;2021-04-06;130;216;10497;5198;3.8;1.9
06;2021-04-07;176;214;10673;5412;3.8;1.9
06;2021-04-08;240;131;10913;5543;3.9;2.0
06;2021-04-09;245;168;11158;5711;4.0;2.0
06;2021-04-10;107;58;11265;5769;4.0;2.1
06;2021-04-11;7;0;11272;5769;4.0;2.1
06;2021-04-12;0;19;11272;5788;4.0;2.1
06;2021-04-13;239;219;11511;6007;4.1;2.1
06;2021-04-14;135;143;11646;6150;4.2;2.2
06;2021-04-15;104;61;11750;6211;4.2;2.2
06;2021-04-16;101;69;11851;6280;4.2;2.2
06;2021-04-17;53;51;11904;6331;4.3;2.3
06;2021-04-18;0;0;11904;6331;4.3;2.3
06;2021-04-19;5;1;11909;6332;4.3;2.3
06;2021-04-20;301;148;12210;6480;4.4;2.3
06;2021-04-21;323;97;12533;6577;4.5;2.4
06;2021-04-22;384;131;12917;6708;4.6;2.4
06;2021-04-23;264;137;13181;6845;4.7;2.4
06;2021-04-24;283;50;13464;6895;4.8;2.5
06;2021-04-25;2;0;13466;6895;4.8;2.5
06;2021-04-26;54;8;13520;6903;4.8;2.5
06;2021-04-27;289;225;13809;7128;4.9;2.6
06;2021-04-28;329;473;14138;7601;5.1;2.7
06;2021-04-29;555;342;14693;7943;5.3;2.8
06;2021-04-30;400;238;15093;8181;5.4;2.9
06;2021-05-01;668;285;15761;8466;5.6;3.0
06;2021-05-02;0;0;15761;8466;5.6;3.0
06;2021-05-03;134;6;15895;8472;5.7;3.0
06;2021-05-04;332;426;16227;8898;5.8;3.2
06;2021-05-05;406;286;16633;9184;6.0;3.3
06;2021-05-06;318;199;16951;9383;6.1;3.4
06;2021-05-07;295;126;17246;9509;6.2;3.4
06;2021-05-08;242;110;17488;9619;6.3;3.4
06;2021-05-09;0;0;17488;9619;6.3;3.4
06;2021-05-10;7;9;17495;9628;6.3;3.4
06;2021-05-11;294;417;17789;10045;6.4;3.6
06;2021-05-12;194;228;17983;10273;6.4;3.7
06;2021-05-13;91;79;18074;10352;6.5;3.7
06;2021-05-14;0;0;18074;10352;6.5;3.7
06;2021-05-15;355;233;18429;10585;6.6;3.8
06;2021-05-16;0;0;18429;10585;6.6;3.8
06;2021-05-17;77;36;18506;10621;6.6;3.8
06;2021-05-18;234;163;18740;10784;6.7;3.9
06;2021-05-19;404;442;19144;11226;6.9;4.0
06;2021-05-20;673;306;19817;11532;7.1;4.1
06;2021-05-21;441;141;20258;11673;7.2;4.2
06;2021-05-22;737;170;20995;11843;7.5;4.2
06;2021-05-23;0;0;20995;11843;7.5;4.2
06;2021-05-24;1;0;20996;11843;7.5;4.2
06;2021-05-25;848;620;21844;12463;7.8;4.5
06;2021-05-26;1021;840;22865;13303;8.2;4.8
06;2021-05-27;1287;505;24152;13808;8.6;4.9
06;2021-05-28;935;369;25087;14177;9.0;5.1
06;2021-05-29;1110;388;26197;14565;9.4;5.2
06;2021-05-30;0;1;26197;14566;9.4;5.2
06;2021-05-31;98;6;26295;14572;9.4;5.2
06;2021-06-01;1123;646;27418;15218;9.8;5.4
06;2021-06-02;889;453;28307;15671;10.1;5.6
06;2021-06-03;760;325;29067;15996;10.4;5.7
06;2021-06-04;870;317;29937;16313;10.7;5.8
06;2021-06-05;467;223;30404;16536;10.9;5.9
07;2020-12-27;0;0;0;0;0.0;0.0
07;2020-12-28;0;0;0;0;0.0;0.0
07;2020-12-29;0;0;0;0;0.0;0.0
07;2020-12-30;0;0;0;0;0.0;0.0
07;2020-12-31;0;0;0;0;0.0;0.0
07;2021-01-01;0;0;0;0;0.0;0.0
07;2021-01-02;0;0;0;0;0.0;0.0
07;2021-01-03;0;0;0;0;0.0;0.0
07;2021-01-04;0;0;0;0;0.0;0.0
07;2021-01-05;0;0;0;0;0.0;0.0
07;2021-01-06;0;0;0;0;0.0;0.0
07;2021-01-07;0;0;0;0;0.0;0.0
07;2021-01-08;0;0;0;0;0.0;0.0
07;2021-01-09;0;0;0;0;0.0;0.0
07;2021-01-10;0;0;0;0;0.0;0.0
07;2021-01-11;1;0;1;0;0.0;0.0
07;2021-01-12;1;0;2;0;0.0;0.0
07;2021-01-13;0;0;2;0;0.0;0.0
07;2021-01-14;0;0;2;0;0.0;0.0
07;2021-01-15;1;0;3;0;0.0;0.0
07;2021-01-16;0;0;3;0;0.0;0.0
07;2021-01-17;0;0;3;0;0.0;0.0
07;2021-01-18;1;0;4;0;0.0;0.0
07;2021-01-19;1;0;5;0;0.1;0.0
07;2021-01-20;0;0;5;0;0.1;0.0
07;2021-01-21;2;0;7;0;0.1;0.0
07;2021-01-22;0;0;7;0;0.1;0.0
07;2021-01-23;0;0;7;0;0.1;0.0
07;2021-01-24;0;0;7;0;0.1;0.0
07;2021-01-25;1;0;8;0;0.1;0.0
07;2021-01-26;0;0;8;0;0.1;0.0
07;2021-01-27;0;0;8;0;0.1;0.0
07;2021-01-28;2;0;10;0;0.1;0.0
07;2021-01-29;0;0;10;0;0.1;0.0
07;2021-01-30;0;0;10;0;0.1;0.0
07;2021-01-31;0;0;10;0;0.1;0.0
07;2021-02-01;0;0;10;0;0.1;0.0
07;2021-02-02;0;0;10;0;0.1;0.0
07;2021-02-03;7;0;17;0;0.2;0.0
07;2021-02-04;12;0;29;0;0.3;0.0
07;2021-02-05;11;1;40;1;0.4;0.0
07;2021-02-06;0;1;40;2;0.4;0.0
07;2021-02-07;0;0;40;2;0.4;0.0
07;2021-02-08;11;0;51;2;0.5;0.0
07;2021-02-09;26;0;77;2;0.8;0.0
07;2021-02-10;18;0;95;2;1.0;0.0
07;2021-02-11;31;0;126;2;1.3;0.0
07;2021-02-12;21;0;147;2;1.5;0.0
07;2021-02-13;0;0;147;2;1.5;0.0
07;2021-02-14;0;0;147;2;1.5;0.0
07;2021-02-15;0;0;147;2;1.5;0.0
07;2021-02-16;1;0;148;2;1.5;0.0
07;2021-02-17;0;1;148;3;1.5;0.0
07;2021-02-18;19;0;167;3;1.7;0.0
07;2021-02-19;23;1;190;4;1.9;0.0
07;2021-02-20;0;1;190;5;1.9;0.1
07;2021-02-21;0;0;190;5;1.9;0.1
07;2021-02-22;0;0;190;5;1.9;0.1
07;2021-02-23;0;0;190;5;1.9;0.1
07;2021-02-24;20;0;210;5;2.1;0.1
07;2021-02-25;15;10;225;15;2.3;0.2
07;2021-02-26;20;10;245;25;2.5;0.3
07;2021-02-27;0;0;245;25;2.5;0.3
07;2021-02-28;0;0;245;25;2.5;0.3
07;2021-03-01;0;0;245;25;2.5;0.3
07;2021-03-02;17;13;262;38;2.6;0.4
07;2021-03-03;0;0;262;38;2.6;0.4
07;2021-03-04;24;20;286;58;2.9;0.6
07;2021-03-05;19;9;305;67;3.1;0.7
07;2021-03-06;0;0;305;67;3.1;0.7
07;2021-03-07;0;0;305;67;3.1;0.7
07;2021-03-08;1;0;306;67;3.1;0.7
07;2021-03-09;1;0;307;67;3.1;0.7
07;2021-03-10;0;0;307;67;3.1;0.7
07;2021-03-11;16;16;323;83;3.2;0.8
07;2021-03-12;30;21;353;104;3.5;1.0
07;2021-03-13;0;0;353;104;3.5;1.0
07;2021-03-14;11;0;364;104;3.7;1.0
07;2021-03-15;1;0;365;104;3.7;1.0
07;2021-03-16;30;9;395;113;4.0;1.1
07;2021-03-17;0;3;395;116;4.0;1.2
07;2021-03-18;29;16;424;132;4.3;1.3
07;2021-03-19;26;18;450;150;4.5;1.5
07;2021-03-20;0;2;450;152;4.5;1.5
07;2021-03-21;8;0;458;152;4.6;1.5
07;2021-03-22;0;0;458;152;4.6;1.5
07;2021-03-23;0;0;458;152;4.6;1.5
07;2021-03-24;0;0;458;152;4.6;1.5
07;2021-03-25;81;24;539;176;5.4;1.8
07;2021-03-26;50;15;589;191;5.9;1.9
07;2021-03-27;0;0;589;191;5.9;1.9
07;2021-03-28;0;0;589;191;5.9;1.9
07;2021-03-29;0;0;589;191;5.9;1.9
07;2021-03-30;40;17;629;208;6.3;2.1
07;2021-03-31;7;0;636;208;6.4;2.1
07;2021-04-01;60;32;696;240;7.0;2.4
07;2021-04-02;7;0;703;240;7.1;2.4
07;2021-04-03;14;0;717;240;7.2;2.4
07;2021-04-04;0;0;717;240;7.2;2.4
07;2021-04-05;0;0;717;240;7.2;2.4
07;2021-04-06;1;0;718;240;7.2;2.4
07;2021-04-07;53;0;771;240;7.7;2.4
07;2021-04-08;102;30;873;270;8.8;2.7
07;2021-04-09;92;21;965;291;9.7;2.9
07;2021-04-10;7;0;972;291;9.8;2.9
07;2021-04-11;0;0;972;291;9.8;2.9
07;2021-04-12;0;0;972;291;9.8;2.9
07;2021-04-13;0;0;972;291;9.8;2.9
07;2021-04-14;61;3;1033;294;10.4;3.0
07;2021-04-15;213;62;1246;356;12.5;3.6
07;2021-04-16;152;27;1398;383;14.0;3.8
07;2021-04-17;15;1;1413;384;14.2;3.9
07;2021-04-18;0;0;1413;384;14.2;3.9
07;2021-04-19;4;0;1417;384;14.2;3.9
07;2021-04-20;317;45;1734;429;17.4;4.3
07;2021-04-21;422;29;2156;458;21.6;4.6
07;2021-04-22;468;49;2624;507;26.3;5.1
07;2021-04-23;335;41;2959;548;29.7;5.5
07;2021-04-24;252;1;3211;549;32.2;5.5
07;2021-04-25;0;0;3211;549;32.2;5.5
07;2021-04-26;296;20;3507;569;35.2;5.7
07;2021-04-27;204;52;3711;621;37.3;6.2
07;2021-04-28;330;29;4041;650;40.6;6.5
07;2021-04-29;413;70;4454;720;44.7;7.2
07;2021-04-30;376;31;4830;751;48.5;7.5
07;2021-05-01;207;19;5037;770;50.6;7.7
07;2021-05-02;0;0;5037;770;50.6;7.7
07;2021-05-03;134;9;5171;779;51.9;7.8
07;2021-05-04;172;35;5343;814;53.6;8.2
07;2021-05-05;358;55;5701;869;57.2;8.7
07;2021-05-06;465;128;6166;997;61.9;10.0
07;2021-05-07;320;101;6486;1098;65.1;11.0
07;2021-05-08;0;0;6486;1098;65.1;11.0
07;2021-05-09;0;2;6486;1100;65.1;11.0
07;2021-05-10;0;0;6486;1100;65.1;11.0
07;2021-05-11;33;41;6519;1141;65.4;11.5
07;2021-05-12;193;99;6712;1240;67.4;12.4
07;2021-05-13;0;0;6712;1240;67.4;12.4
07;2021-05-14;274;194;6986;1434;70.1;14.4
07;2021-05-15;66;38;7052;1472;70.8;14.8
07;2021-05-16;0;0;7052;1472;70.8;14.8
07;2021-05-17;15;17;7067;1489;70.9;14.9
07;2021-05-18;80;54;7147;1543;71.7;15.5
07;2021-05-19;133;123;7280;1666;73.1;16.7
07;2021-05-20;212;148;7492;1814;75.2;18.2
07;2021-05-21;268;159;7760;1973;77.9;19.8
07;2021-05-22;45;19;7805;1992;78.4;20.0
07;2021-05-23;0;1;7805;1993;78.4;20.0
07;2021-05-24;5;5;7810;1998;78.4;20.1
07;2021-05-25;142;388;7952;2386;79.8;24.0
07;2021-05-26;234;520;8186;2906;82.2;29.2
07;2021-05-27;238;516;8424;3422;84.6;34.4
07;2021-05-28;239;465;8663;3887;87.0;39.0
07;2021-05-29;108;417;8771;4304;88.1;43.2
07;2021-05-30;0;1;8771;4305;88.1;43.2
07;2021-05-31;70;252;8841;4557;88.8;45.7
07;2021-06-01;126;289;8967;4846;90.0;48.6
07;2021-06-02;264;396;9231;5242;92.7;52.6
07;2021-06-03;238;531;9469;5773;95.1;58.0
07;2021-06-04;297;479;9766;6252;98.0;62.8
07;2021-06-05;75;31;9841;6283;98.8;63.1
08;2020-12-27;0;0;0;0;0.0;0.0
08;2020-12-28;0;0;0;0;0.0;0.0
08;2020-12-29;0;0;0;0;0.0;0.0
08;2020-12-30;0;0;0;0;0.0;0.0
08;2020-12-31;0;0;0;0;0.0;0.0
08;2021-01-01;0;0;0;0;0.0;0.0
08;2021-01-02;0;0;0;0;0.0;0.0
08;2021-01-03;0;0;0;0;0.0;0.0
08;2021-01-04;0;0;0;0;0.0;0.0
08;2021-01-05;0;0;0;0;0.0;0.0
08;2021-01-06;0;0;0;0;0.0;0.0
08;2021-01-07;0;0;0;0;0.0;0.0
08;2021-01-08;0;0;0;0;0.0;0.0
08;2021-01-09;0;0;0;0;0.0;0.0
08;2021-01-10;0;0;0;0;0.0;0.0
08;2021-01-11;0;0;0;0;0.0;0.0
08;2021-01-12;0;0;0;0;0.0;0.0
08;2021-01-13;0;0;0;0;0.0;0.0
08;2021-01-14;0;0;0;0;0.0;0.0
08;2021-01-15;0;0;0;0;0.0;0.0
08;2021-01-16;0;0;0;0;0.0;0.0
08;2021-01-17;0;0;0;0;0.0;0.0
08;2021-01-18;0;0;0;0;0.0;0.0
08;2021-01-19;0;0;0;0;0.0;0.0
08;2021-01-20;0;0;0;0;0.0;0.0
08;2021-01-21;0;0;0;0;0.0;0.0
08;2021-01-22;0;0;0;0;0.0;0.0
08;2021-01-23;0;0;0;0;0.0;0.0
08;2021-01-24;0;0;0;0;0.0;0.0
08;2021-01-25;0;0;0;0;0.0;0.0
08;2021-01-26;0;0;0;0;0.0;0.0
08;2021-01-27;0;0;0;0;0.0;0.0
08;2021-01-28;0;0;0;0;0.0;0.0
08;2021-01-29;0;0;0;0;0.0;0.0
08;2021-01-30;0;0;0;0;0.0;0.0
08;2021-01-31;0;0;0;0;0.0;0.0
08;2021-02-01;0;0;0;0;0.0;0.0
08;2021-02-02;4;0;4;0;0.0;0.0
08;2021-02-03;0;0;4;0;0.0;0.0
08;2021-02-04;27;0;31;0;0.1;0.0
08;2021-02-05;0;0;31;0;0.1;0.0
08;2021-02-06;0;0;31;0;0.1;0.0
08;2021-02-07;0;0;31;0;0.1;0.0
08;2021-02-08;0;0;31;0;0.1;0.0
08;2021-02-09;4;0;35;0;0.1;0.0
08;2021-02-10;3;0;38;0;0.1;0.0
08;2021-02-11;0;0;38;0;0.1;0.0
08;2021-02-12;1;0;39;0;0.1;0.0
08;2021-02-13;0;0;39;0;0.1;0.0
08;2021-02-14;0;0;39;0;0.1;0.0
08;2021-02-15;6;0;45;0;0.1;0.0
08;2021-02-16;0;0;45;0;0.1;0.0
08;2021-02-17;0;0;45;0;0.1;0.0
08;2021-02-18;0;0;45;0;0.1;0.0
08;2021-02-19;4;0;49;0;0.1;0.0
08;2021-02-20;0;0;49;0;0.1;0.0
08;2021-02-21;0;0;49;0;0.1;0.0
08;2021-02-22;4;0;53;0;0.1;0.0
08;2021-02-23;5;0;58;0;0.2;0.0
08;2021-02-24;32;0;90;0;0.3;0.0
08;2021-02-25;51;0;141;0;0.4;0.0
08;2021-02-26;36;3;177;3;0.5;0.0
08;2021-02-27;0;0;177;3;0.5;0.0
08;2021-02-28;0;0;177;3;0.5;0.0
08;2021-03-01;48;5;225;8;0.6;0.0
08;2021-03-02;6;27;231;35;0.7;0.1
08;2021-03-03;38;27;269;62;0.8;0.2
08;2021-03-04;30;26;299;88;0.8;0.2
08;2021-03-05;46;10;345;98;1.0;0.3
08;2021-03-06;0;0;345;98;1.0;0.3
08;2021-03-07;0;0;345;98;1.0;0.3
08;2021-03-08;29;7;374;105;1.1;0.3
08;2021-03-09;19;27;393;132;1.1;0.4
08;2021-03-10;21;28;414;160;1.2;0.5
08;2021-03-11;0;0;414;160;1.2;0.5
08;2021-03-12;50;21;464;181;1.3;0.5
08;2021-03-13;0;0;464;181;1.3;0.5
08;2021-03-14;0;0;464;181;1.3;0.5
08;2021-03-15;31;43;495;224;1.4;0.6
08;2021-03-16;73;6;568;230;1.6;0.7
08;2021-03-17;67;13;635;243;1.8;0.7
08;2021-03-18;57;23;692;266;2.0;0.8
08;2021-03-19;30;51;722;317;2.0;0.9
08;2021-03-20;0;0;722;317;2.0;0.9
08;2021-03-21;0;0;722;317;2.0;0.9
08;2021-03-22;33;45;755;362;2.1;1.0
08;2021-03-23;32;45;787;407;2.2;1.2
08;2021-03-24;38;42;825;449;2.3;1.3
08;2021-03-25;44;33;869;482;2.5;1.4
08;2021-03-26;44;33;913;515;2.6;1.5
08;2021-03-27;0;0;913;515;2.6;1.5
08;2021-03-28;0;0;913;515;2.6;1.5
08;2021-03-29;61;49;974;564;2.8;1.6
08;2021-03-30;93;24;1067;588;3.0;1.7
08;2021-03-31;73;46;1140;634;3.2;1.8
08;2021-04-01;55;48;1195;682;3.4;1.9
08;2021-04-02;0;0;1195;682;3.4;1.9
08;2021-04-03;0;0;1195;682;3.4;1.9
08;2021-04-04;0;0;1195;682;3.4;1.9
08;2021-04-05;0;0;1195;682;3.4;1.9
08;2021-04-06;49;63;1244;745;3.5;2.1
08;2021-04-07;91;32;1335;777;3.8;2.2
08;2021-04-08;120;8;1455;785;4.1;2.2
08;2021-04-09;89;39;1544;824;4.4;2.3
08;2021-04-10;94;3;1638;827;4.6;2.3
08;2021-04-11;0;0;1638;827;4.6;2.3
08;2021-04-12;41;76;1679;903;4.8;2.6
08;2021-04-13;46;71;1725;974;4.9;2.8
08;2021-04-14;73;45;1798;1019;5.1;2.9
08;2021-04-15;89;25;1887;1044;5.3;3.0
08;2021-04-16;75;42;1962;1086;5.6;3.1
08;2021-04-17;1;0;1963;1086;5.6;3.1
08;2021-04-18;0;0;1963;1086;5.6;3.1
08;2021-04-19;48;67;2011;1153;5.7;3.3
08;2021-04-20;80;27;2091;1180;5.9;3.3
08;2021-04-21;90;30;2181;1210;6.2;3.4
08;2021-04-22;100;20;2281;1230;6.5;3.5
08;2021-04-23;44;66;2325;1296;6.6;3.7
08;2021-04-24;1;0;2326;1296;6.6;3.7
08;2021-04-25;0;0;2326;1296;6.6;3.7
08;2021-04-26;28;93;2354;1389;6.7;3.9
08;2021-04-27;58;63;2412;1452;6.8;4.1
08;2021-04-28;87;38;2499;1490;7.1;4.2
08;2021-04-29;90;33;2589;1523;7.3;4.3
08;2021-04-30;103;15;2692;1538;7.6;4.4
08;2021-05-01;0;0;2692;1538;7.6;4.4
08;2021-05-02;0;0;2692;1538;7.6;4.4
08;2021-05-03;21;98;2713;1636;7.7;4.6
08;2021-05-04;32;92;2745;1728;7.8;4.9
08;2021-05-05;68;52;2813;1780;8.0;5.0
08;2021-05-06;104;42;2917;1822;8.3;5.2
08;2021-05-07;126;71;3043;1893;8.6;5.4
08;2021-05-08;66;122;3109;2015;8.8;5.7
08;2021-05-09;0;0;3109;2015;8.8;5.7
08;2021-05-10;123;101;3232;2116;9.1;6.0
08;2021-05-11;129;77;3361;2193;9.5;6.2
08;2021-05-12;153;75;3514;2268;9.9;6.4
08;2021-05-13;74;8;3588;2276;10.2;6.4
08;2021-05-14;128;61;3716;2337;10.5;6.6
08;2021-05-15;85;4;3801;2341;10.8;6.6
08;2021-05-16;0;0;3801;2341;10.8;6.6
08;2021-05-17;144;111;3945;2452;11.2;6.9
08;2021-05-18;148;95;4093;2547;11.6;7.2
08;2021-05-19;83;70;4176;2617;11.8;7.4
08;2021-05-20;103;26;4279;2643;12.1;7.5
08;2021-05-21;93;50;4372;2693;12.4;7.6
08;2021-05-22;98;10;4470;2703;12.7;7.6
08;2021-05-23;0;0;4470;2703;12.7;7.6
08;2021-05-24;33;7;4503;2710;12.7;7.7
08;2021-05-25;119;77;4622;2787;13.1;7.9
08;2021-05-26;106;50;4728;2837;13.4;8.0
08;2021-05-27;109;42;4837;2879;13.7;8.1
08;2021-05-28;33;1;4870;2880;13.8;8.2
08;2021-05-29;59;215;4929;3095;13.9;8.8
08;2021-05-30;0;0;4929;3095;13.9;8.8
08;2021-05-31;108;65;5037;3160;14.3;8.9
08;2021-06-01;112;63;5149;3223;14.6;9.1
08;2021-06-02;130;32;5279;3255;14.9;9.2
08;2021-06-03;100;35;5379;3290;15.2;9.3
08;2021-06-04;125;69;5504;3359;15.6;9.5
08;2021-06-05;81;20;5585;3379;15.8;9.6
11;2020-12-27;13;2;13;2;0.0;0.0
11;2020-12-28;11;0;24;2;0.0;0.0
11;2020-12-29;56;0;80;2;0.0;0.0
11;2020-12-30;90;0;170;2;0.0;0.0
11;2020-12-31;39;0;209;2;0.0;0.0
11;2021-01-01;27;1;236;3;0.0;0.0
11;2021-01-02;64;1;300;4;0.0;0.0
11;2021-01-03;78;0;378;4;0.0;0.0
11;2021-01-04;550;5;928;9;0.0;0.0
11;2021-01-05;2056;16;2984;25;0.0;0.0
11;2021-01-06;2996;19;5980;44;0.0;0.0
11;2021-01-07;5359;37;11339;81;0.1;0.0
11;2021-01-08;7078;46;18417;127;0.1;0.0
11;2021-01-09;1872;4;20289;131;0.2;0.0
11;2021-01-10;1737;7;22026;138;0.2;0.0
11;2021-01-11;7935;57;29961;195;0.2;0.0
11;2021-01-12;10265;87;40226;282;0.3;0.0
11;2021-01-13;9934;83;50160;365;0.4;0.0
11;2021-01-14;10026;124;60186;489;0.5;0.0
11;2021-01-15;8852;78;69038;567;0.6;0.0
11;2021-01-16;2379;28;71417;595;0.6;0.0
11;2021-01-17;1081;16;72498;611;0.6;0.0
11;2021-01-18;12167;117;84665;728;0.7;0.0
11;2021-01-19;15751;107;100416;835;0.8;0.0
11;2021-01-20;18293;107;118709;942;1.0;0.0
11;2021-01-21;22154;114;140863;1056;1.1;0.0
11;2021-01-22;16985;150;157848;1206;1.3;0.0
11;2021-01-23;4940;18;162788;1224;1.3;0.0
11;2021-01-24;1271;5;164059;1229;1.3;0.0
11;2021-01-25;8832;182;172891;1411;1.4;0.0
11;2021-01-26;12308;366;185199;1777;1.5;0.0
11;2021-01-27;16222;684;201421;2461;1.6;0.0
11;2021-01-28;20256;1181;221677;3642;1.8;0.0
11;2021-01-29;15357;1362;237034;5004;1.9;0.0
11;2021-01-30;4451;98;241485;5102;2.0;0.0
11;2021-01-31;582;22;242067;5124;2.0;0.0
11;2021-02-01;7354;1953;249421;7077;2.0;0.1
11;2021-02-02;8342;2813;257763;9890;2.1;0.1
11;2021-02-03;8113;3806;265876;13696;2.2;0.1
11;2021-02-04;8768;4584;274644;18280;2.2;0.1
11;2021-02-05;8940;4417;283584;22697;2.3;0.2
11;2021-02-06;3260;748;286844;23445;2.3;0.2
11;2021-02-07;588;540;287432;23985;2.3;0.2
11;2021-02-08;6218;5911;293650;29896;2.4;0.2
11;2021-02-09;8412;9660;302062;39556;2.5;0.3
11;2021-02-10;10011;11151;312073;50707;2.5;0.4
11;2021-02-11;12334;16472;324407;67179;2.6;0.5
11;2021-02-12;11814;10542;336221;77721;2.7;0.6
11;2021-02-13;2688;2578;338909;80299;2.8;0.7
11;2021-02-14;308;558;339217;80857;2.8;0.7
11;2021-02-15;4426;12000;343643;92857;2.8;0.8
11;2021-02-16;5639;18453;349282;111310;2.8;0.9
11;2021-02-17;5725;15580;355007;126890;2.9;1.0
11;2021-02-18;8594;20728;363601;147618;3.0;1.2
11;2021-02-19;9008;15381;372609;162999;3.0;1.3
11;2021-02-20;1686;4840;374295;167839;3.0;1.4
11;2021-02-21;396;832;374691;168671;3.1;1.4
11;2021-02-22;4212;9902;378903;178573;3.1;1.5
11;2021-02-23;4929;10501;383832;189074;3.1;1.5
11;2021-02-24;5382;9855;389214;198929;3.2;1.6
11;2021-02-25;8536;14076;397750;213005;3.2;1.7
11;2021-02-26;11134;10118;408884;223123;3.3;1.8
11;2021-02-27;5098;3341;413982;226464;3.4;1.8
11;2021-02-28;734;655;414716;227119;3.4;1.8
11;2021-03-01;8806;7939;423522;235058;3.4;1.9
11;2021-03-02;14306;9577;437828;244635;3.6;2.0
11;2021-03-03;18485;9989;456313;254624;3.7;2.1
11;2021-03-04;27982;10953;484295;265577;3.9;2.2
11;2021-03-05;36125;10844;520420;276421;4.2;2.3
11;2021-03-06;46291;3344;566711;279765;4.6;2.3
11;2021-03-07;34216;2606;600927;282371;4.9;2.3
11;2021-03-08;17593;7267;618520;289638;5.0;2.4
11;2021-03-09;26686;7562;645206;297200;5.3;2.4
11;2021-03-10;27423;8177;672629;305377;5.5;2.5
11;2021-03-11;36763;9597;709392;314974;5.8;2.6
11;2021-03-12;44565;9128;753957;324102;6.1;2.6
11;2021-03-13;39761;2469;793718;326571;6.5;2.7
11;2021-03-14;14237;733;807955;327304;6.6;2.7
11;2021-03-15;29070;3897;837025;331201;6.8;2.7
11;2021-03-16;23674;3776;860699;334977;7.0;2.7
11;2021-03-17;24276;3584;884975;338561;7.2;2.8
11;2021-03-18;28837;4010;913812;342571;7.4;2.8
11;2021-03-19;39405;4132;953217;346703;7.8;2.8
11;2021-03-20;25761;1486;978978;348189;8.0;2.8
11;2021-03-21;5597;1289;984575;349478;8.0;2.8
11;2021-03-22;31950;4134;1016525;353612;8.3;2.9
11;2021-03-23;43037;5274;1059562;358886;8.6;2.9
11;2021-03-24;42377;4872;1101939;363758;9.0;3.0
11;2021-03-25;57580;5000;1159519;368758;9.4;3.0
11;2021-03-26;57338;5746;1216857;374504;9.9;3.1
11;2021-03-27;34379;1978;1251236;376482;10.2;3.1
11;2021-03-28;10127;432;1261363;376914;10.3;3.1
11;2021-03-29;32861;8039;1294224;384953;10.5;3.1
11;2021-03-30;44610;11340;1338834;396293;10.9;3.2
11;2021-03-31;39599;13746;1378433;410039;11.2;3.3
11;2021-04-01;45008;21573;1423441;431612;11.6;3.5
11;2021-04-02;39048;23867;1462489;455479;11.9;3.7
11;2021-04-03;18294;21098;1480783;476577;12.1;3.9
11;2021-04-04;6077;7307;1486860;483884;12.1;3.9
11;2021-04-05;5931;2135;1492791;486019;12.2;4.0
11;2021-04-06;29776;18296;1522567;504315;12.4;4.1
11;2021-04-07;37300;19870;1559867;524185;12.7;4.3
11;2021-04-08;46406;20952;1606273;545137;13.1;4.4
11;2021-04-09;53468;21340;1659741;566477;13.5;4.6
11;2021-04-10;28833;19608;1688574;586085;13.8;4.8
11;2021-04-11;6534;7183;1695108;593268;13.8;4.8
11;2021-04-12;30141;19163;1725249;612431;14.1;5.0
11;2021-04-13;37054;27469;1762303;639900;14.4;5.2
11;2021-04-14;34723;24255;1797026;664155;14.6;5.4
11;2021-04-15;38900;28326;1835926;692481;15.0;5.6
11;2021-04-16;40780;27697;1876706;720178;15.3;5.9
11;2021-04-17;22679;14912;1899385;735090;15.5;6.0
11;2021-04-18;5255;3709;1904640;738799;15.5;6.0
11;2021-04-19;24965;23138;1929605;761937;15.7;6.2
11;2021-04-20;30420;27820;1960025;789757;16.0;6.4
11;2021-04-21;32020;28146;1992045;817903;16.2;6.7
11;2021-04-22;34317;34655;2026362;852558;16.5;6.9
11;2021-04-23;37712;32198;2064074;884756;16.8;7.2
11;2021-04-24;37843;23128;2101917;907884;17.1;7.4
11;2021-04-25;20475;7945;2122392;915829;17.3;7.5
11;2021-04-26;33491;25129;2155883;940958;17.6;7.7
11;2021-04-27;45400;29932;2201283;970890;17.9;7.9
11;2021-04-28;47985;29631;2249268;1000521;18.3;8.1
11;2021-04-29;57347;32120;2306615;1032641;18.8;8.4
11;2021-04-30;60870;30856;2367485;1063497;19.3;8.7
11;2021-05-01;23926;5947;2391411;1069444;19.5;8.7
11;2021-05-02;14547;4929;2405958;1074373;19.6;8.8
11;2021-05-03;53759;35069;2459717;1109442;20.0;9.0
11;2021-05-04;59025;33714;2518742;1143156;20.5;9.3
11;2021-05-05;59123;33981;2577865;1177137;21.0;9.6
11;2021-05-06;66544;37902;2644409;1215039;21.5;9.9
11;2021-05-07;64881;39825;2709290;1254864;22.1;10.2
11;2021-05-08;49141;16735;2758431;1271599;22.5;10.4
11;2021-05-09;32896;10091;2791327;1281690;22.7;10.4
11;2021-05-10;69454;30325;2860781;1312015;23.3;10.7
11;2021-05-11;80711;37915;2941492;1349930;24.0;11.0
11;2021-05-12;82070;32205;3023562;1382135;24.6;11.3
11;2021-05-13;67241;9887;3090803;1392022;25.2;11.3
11;2021-05-14;83642;21936;3174445;1413958;25.9;11.5
11;2021-05-15;66089;15267;3240534;1429225;26.4;11.6
11;2021-05-16;36227;5077;3276761;1434302;26.7;11.7
11;2021-05-17;81812;16739;3358573;1451041;27.4;11.8
11;2021-05-18;97526;19624;3456099;1470665;28.1;12.0
11;2021-05-19;96544;27571;3552643;1498236;28.9;12.2
11;2021-05-20;105499;28610;3658142;1526846;29.8;12.4
11;2021-05-21;99517;25786;3757659;1552632;30.6;12.6
11;2021-05-22;78607;14709;3836266;1567341;31.2;12.8
11;2021-05-23;41033;5931;3877299;1573272;31.6;12.8
11;2021-05-24;58965;8715;3936264;1581987;32.1;12.9
11;2021-05-25;84363;32039;4020627;1614026;32.7;13.1
11;2021-05-26;81621;32283;4102248;1646309;33.4;13.4
11;2021-05-27;90176;40390;4192424;1686699;34.1;13.7
11;2021-05-28;84762;45372;4277186;1732071;34.8;14.1
11;2021-05-29;67328;27419;4344514;1759490;35.4;14.3
11;2021-05-30;35442;8438;4379956;1767928;35.7;14.4
11;2021-05-31;76858;39742;4456814;1807670;36.3;14.7
11;2021-06-01;85717;50664;4542531;1858334;37.0;15.1
11;2021-06-02;81092;45051;4623623;1903385;37.7;15.5
11;2021-06-03;87203;53354;4710826;1956739;38.4;15.9
11;2021-06-04;83283;58346;4794109;2015085;39.0;16.4
11;2021-06-05;62685;49614;4856794;2064699;39.6;16.8
24;2020-12-27;0;0;0;0;0.0;0.0
24;2020-12-28;17;0;17;0;0.0;0.0
24;2020-12-29;10;0;27;0;0.0;0.0
24;2020-12-30;1;0;28;0;0.0;0.0
24;2020-12-31;0;0;28;0;0.0;0.0
24;2021-01-01;1;0;29;0;0.0;0.0
24;2021-01-02;0;0;29;0;0.0;0.0
24;2021-01-03;0;0;29;0;0.0;0.0
24;2021-01-04;24;0;53;0;0.0;0.0
24;2021-01-05;163;0;216;0;0.0;0.0
24;2021-01-06;328;0;544;0;0.0;0.0
24;2021-01-07;492;0;1036;0;0.0;0.0
24;2021-01-08;951;1;1987;1;0.1;0.0
24;2021-01-09;503;0;2490;1;0.1;0.0
24;2021-01-10;395;0;2885;1;0.1;0.0
24;2021-01-11;1280;0;4165;1;0.2;0.0
24;2021-01-12;2575;8;6740;9;0.3;0.0
24;2021-01-13;2187;6;8927;15;0.3;0.0
24;2021-01-14;2498;51;11425;66;0.4;0.0
24;2021-01-15;2114;7;13539;73;0.5;0.0
24;2021-01-16;857;4;14396;77;0.6;0.0
24;2021-01-17;322;3;14718;80;0.6;0.0
24;2021-01-18;3214;16;17932;96;0.7;0.0
24;2021-01-19;6320;15;24252;111;0.9;0.0
24;2021-01-20;7163;8;31415;119;1.2;0.0
24;2021-01-21;7412;3;38827;122;1.5;0.0
24;2021-01-22;5117;1;43944;123;1.7;0.0
24;2021-01-23;1272;1;45216;124;1.8;0.0
24;2021-01-24;225;1;45441;125;1.8;0.0
24;2021-01-25;3111;24;48552;149;1.9;0.0
24;2021-01-26;4843;87;53395;236;2.1;0.0
24;2021-01-27;5044;179;58439;415;2.3;0.0
24;2021-01-28;5634;504;64073;919;2.5;0.0
24;2021-01-29;3420;729;67493;1648;2.6;0.1
24;2021-01-30;1207;398;68700;2046;2.7;0.1
24;2021-01-31;251;368;68951;2414;2.7;0.1
24;2021-02-01;2170;927;71121;3341;2.8;0.1
24;2021-02-02;3029;1890;74150;5231;2.9;0.2
24;2021-02-03;3110;1767;77260;6998;3.0;0.3
24;2021-02-04;3234;1615;80494;8613;3.1;0.3
24;2021-02-05;2394;1369;82888;9982;3.2;0.4
24;2021-02-06;706;262;83594;10244;3.3;0.4
24;2021-02-07;134;31;83728;10275;3.3;0.4
24;2021-02-08;1967;1569;85695;11844;3.3;0.5
24;2021-02-09;3411;3305;89106;15149;3.5;0.6
24;2021-02-10;4087;3752;93193;18901;3.6;0.7
24;2021-02-11;4651;4771;97844;23672;3.8;0.9
24;2021-02-12;3480;3268;101324;26940;4.0;1.1
24;2021-02-13;839;769;102163;27709;4.0;1.1
24;2021-02-14;426;255;102589;27964;4.0;1.1
24;2021-02-15;1961;2857;104550;30821;4.1;1.2
24;2021-02-16;2848;4491;107398;35312;4.2;1.4
24;2021-02-17;2692;5096;110090;40408;4.3;1.6
24;2021-02-18;3518;5156;113608;45564;4.4;1.8
24;2021-02-19;3195;3551;116803;49115;4.6;1.9
24;2021-02-20;1288;984;118091;50099;4.6;2.0
24;2021-02-21;433;239;118524;50338;4.6;2.0
24;2021-02-22;1649;3060;120173;53398;4.7;2.1
24;2021-02-23;2339;3138;122512;56536;4.8;2.2
24;2021-02-24;2093;3465;124605;60001;4.9;2.3
24;2021-02-25;3621;3160;128226;63161;5.0;2.5
24;2021-02-26;4464;2614;132690;65775;5.2;2.6
24;2021-02-27;1877;992;134567;66767;5.3;2.6
24;2021-02-28;97;219;134664;66986;5.3;2.6
24;2021-03-01;2161;2020;136825;69006;5.3;2.7
24;2021-03-02;3429;2886;140254;71892;5.5;2.8
24;2021-03-03;3546;3406;143800;75298;5.6;2.9
24;2021-03-04;5332;3682;149132;78980;5.8;3.1
24;2021-03-05;7035;3137;156167;82117;6.1;3.2
24;2021-03-06;7369;732;163536;82849;6.4;3.2
24;2021-03-07;2425;276;165961;83125;6.5;3.2
24;2021-03-08;2688;2615;168649;85740;6.6;3.4
24;2021-03-09;5777;2838;174426;88578;6.8;3.5
24;2021-03-10;6400;3509;180826;92087;7.1;3.6
24;2021-03-11;7796;3486;188622;95573;7.4;3.7
24;2021-03-12;10775;2655;199397;98228;7.8;3.8
24;2021-03-13;7106;709;206503;98937;8.1;3.9
24;2021-03-14;1548;270;208051;99207;8.1;3.9
24;2021-03-15;4553;1969;212604;101176;8.3;4.0
24;2021-03-16;4594;2364;217198;103540;8.5;4.0
24;2021-03-17;4461;1975;221659;105515;8.7;4.1
24;2021-03-18;5063;2080;226722;107595;8.9;4.2
24;2021-03-19;7761;1662;234483;109257;9.2;4.3
24;2021-03-20;4415;875;238898;110132;9.3;4.3
24;2021-03-21;557;346;239455;110478;9.4;4.3
24;2021-03-22;4853;1677;244308;112155;9.5;4.4
24;2021-03-23;8027;2286;252335;114441;9.9;4.5
24;2021-03-24;8782;1994;261117;116435;10.2;4.5
24;2021-03-25;12117;1946;273234;118381;10.7;4.6
24;2021-03-26;13239;1959;286473;120340;11.2;4.7
24;2021-03-27;5763;665;292236;121005;11.4;4.7
24;2021-03-28;519;97;292755;121102;11.4;4.7
24;2021-03-29;6754;1858;299509;122960;11.7;4.8
24;2021-03-30;10162;2772;309671;125732;12.1;4.9
24;2021-03-31;9883;2320;319554;128052;12.5;5.0
24;2021-04-01;12012;3367;331566;131419;13.0;5.1
24;2021-04-02;10597;3312;342163;134731;13.4;5.3
24;2021-04-03;3391;1705;345554;136436;13.5;5.3
24;2021-04-04;393;340;345947;136776;13.5;5.3
24;2021-04-05;393;49;346340;136825;13.5;5.3
24;2021-04-06;8308;3389;354648;140214;13.9;5.5
24;2021-04-07;11057;4527;365705;144741;14.3;5.7
24;2021-04-08;14153;4709;379858;149450;14.8;5.8
24;2021-04-09;17722;3658;397580;153108;15.5;6.0
24;2021-04-10;9366;2059;406946;155167;15.9;6.1
24;2021-04-11;2908;1244;409854;156411;16.0;6.1
24;2021-04-12;10835;3424;420689;159835;16.4;6.2
24;2021-04-13;14987;4799;435676;164634;17.0;6.4
24;2021-04-14;13445;4896;449121;169530;17.6;6.6
24;2021-04-15;15331;5093;464452;174623;18.1;6.8
24;2021-04-16;15654;4300;480106;178923;18.8;7.0
24;2021-04-17;8183;1301;488289;180224;19.1;7.0
24;2021-04-18;1099;285;489388;180509;19.1;7.1
24;2021-04-19;9430;4115;498818;184624;19.5;7.2
24;2021-04-20;12717;5946;511535;190570;20.0;7.4
24;2021-04-21;12308;5970;523843;196540;20.5;7.7
24;2021-04-22;13846;7504;537689;204044;21.0;8.0
24;2021-04-23;13688;7014;551377;211058;21.5;8.2
24;2021-04-24;10233;3231;561610;214289;21.9;8.4
24;2021-04-25;3000;420;564610;214709;22.1;8.4
24;2021-04-26;10172;5406;574782;220115;22.5;8.6
24;2021-04-27;13857;7722;588639;227837;23.0;8.9
24;2021-04-28;12998;8410;601637;236247;23.5;9.2
24;2021-04-29;16554;8552;618191;244799;24.2;9.6
24;2021-04-30;17450;7171;635641;251970;24.8;9.8
24;2021-05-01;2905;667;638546;252637;25.0;9.9
24;2021-05-02;2136;314;640682;252951;25.0;9.9
24;2021-05-03;11246;6086;651928;259037;25.5;10.1
24;2021-05-04;12748;10272;664676;269309;26.0;10.5
24;2021-05-05;13807;9552;678483;278861;26.5;10.9
24;2021-05-06;17409;9643;695892;288504;27.2;11.3
24;2021-05-07;14498;11947;710390;300451;27.8;11.7
24;2021-05-08;3535;2363;713925;302814;27.9;11.8
24;2021-05-09;2320;3725;716245;306539;28.0;12.0
24;2021-05-10;11385;12164;727630;318703;28.4;12.5
24;2021-05-11;16313;14172;743943;332875;29.1;13.0
24;2021-05-12;18128;13087;762071;345962;29.8;13.5
24;2021-05-13;6911;3146;768982;349108;30.0;13.6
24;2021-05-14;14472;9136;783454;358244;30.6;14.0
24;2021-05-15;10457;5030;793911;363274;31.0;14.2
24;2021-05-16;3150;1177;797061;364451;31.1;14.2
24;2021-05-17;13276;7643;810337;372094;31.7;14.5
24;2021-05-18;18323;8179;828660;380273;32.4;14.9
24;2021-05-19;18985;7458;847645;387731;33.1;15.2
24;2021-05-20;21269;8414;868914;396145;34.0;15.5
24;2021-05-21;18336;9040;887250;405185;34.7;15.8
24;2021-05-22;7613;4176;894863;409361;35.0;16.0
24;2021-05-23;2975;940;897838;410301;35.1;16.0
24;2021-05-24;8328;1585;906166;411886;35.4;16.1
24;2021-05-25;17706;8825;923872;420711;36.1;16.4
24;2021-05-26;19101;8258;942973;428969;36.8;16.8
24;2021-05-27;20790;10004;963763;438973;37.7;17.2
24;2021-05-28;20403;12223;984166;451196;38.5;17.6
24;2021-05-29;12364;5882;996530;457078;38.9;17.9
24;2021-05-30;2031;1484;998561;458562;39.0;17.9
24;2021-05-31;14560;8881;1013121;467443;39.6;18.3
24;2021-06-01;19617;11976;1032738;479419;40.4;18.7
24;2021-06-02;17545;10768;1050283;490187;41.0;19.2
24;2021-06-03;20595;11847;1070878;502034;41.8;19.6
24;2021-06-04;19793;13791;1090671;515825;42.6;20.2
24;2021-06-05;9817;8799;1100488;524624;43.0;20.5
27;2020-12-27;4;0;4;0;0.0;0.0
27;2020-12-28;0;0;4;0;0.0;0.0
27;2020-12-29;19;0;23;0;0.0;0.0
27;2020-12-30;20;0;43;0;0.0;0.0
27;2020-12-31;2;0;45;0;0.0;0.0
27;2021-01-01;0;0;45;0;0.0;0.0
27;2021-01-02;1;0;46;0;0.0;0.0
27;2021-01-03;1;0;47;0;0.0;0.0
27;2021-01-04;27;0;74;0;0.0;0.0
27;2021-01-05;263;0;337;0;0.0;0.0
27;2021-01-06;717;1;1054;1;0.0;0.0
27;2021-01-07;1554;2;2608;3;0.1;0.0
27;2021-01-08;1894;1;4502;4;0.2;0.0
27;2021-01-09;688;0;5190;4;0.2;0.0
27;2021-01-10;3;0;5193;4;0.2;0.0
27;2021-01-11;2403;1;7596;5;0.3;0.0
27;2021-01-12;3818;4;11414;9;0.4;0.0
27;2021-01-13;3846;8;15260;17;0.5;0.0
27;2021-01-14;4750;47;20010;64;0.7;0.0
27;2021-01-15;3591;20;23601;84;0.8;0.0
27;2021-01-16;793;8;24394;92;0.9;0.0
27;2021-01-17;116;1;24510;93;0.9;0.0
27;2021-01-18;6232;17;30742;110;1.1;0.0
27;2021-01-19;8389;22;39131;132;1.4;0.0
27;2021-01-20;7898;56;47029;188;1.7;0.0
27;2021-01-21;9448;15;56477;203;2.0;0.0
27;2021-01-22;7701;16;64178;219;2.3;0.0
27;2021-01-23;2978;6;67156;225;2.4;0.0
27;2021-01-24;347;0;67503;225;2.4;0.0
27;2021-01-25;5216;28;72719;253;2.6;0.0
27;2021-01-26;7387;226;80106;479;2.9;0.0
27;2021-01-27;7091;346;87197;825;3.1;0.0
27;2021-01-28;6326;893;93523;1718;3.4;0.1
27;2021-01-29;5894;1264;99417;2982;3.6;0.1
27;2021-01-30;2468;347;101885;3329;3.7;0.1
27;2021-01-31;251;22;102136;3351;3.7;0.1
27;2021-02-01;3357;1403;105493;4754;3.8;0.2
27;2021-02-02;4038;2223;109531;6977;3.9;0.3
27;2021-02-03;3618;2396;113149;9373;4.1;0.3
27;2021-02-04;3703;3151;116852;12524;4.2;0.5
27;2021-02-05;3240;2587;120092;15111;4.3;0.5
27;2021-02-06;1609;670;121701;15781;4.4;0.6
27;2021-02-07;5;87;121706;15868;4.4;0.6
27;2021-02-08;2910;2684;124616;18552;4.5;0.7
27;2021-02-09;3014;3652;127630;22204;4.6;0.8
27;2021-02-10;3051;3407;130681;25611;4.7;0.9
27;2021-02-11;3312;4643;133993;30254;4.8;1.1
27;2021-02-12;2725;4460;136718;34714;4.9;1.2
27;2021-02-13;985;1464;137703;36178;4.9;1.3
27;2021-02-14;258;297;137961;36475;5.0;1.3
27;2021-02-15;1240;5756;139201;42231;5.0;1.5
27;2021-02-16;1506;7435;140707;49666;5.1;1.8
27;2021-02-17;1807;6913;142514;56579;5.1;2.0
27;2021-02-18;2137;6462;144651;63041;5.2;2.3
27;2021-02-19;1731;5663;146382;68704;5.3;2.5
27;2021-02-20;707;2180;147089;70884;5.3;2.5
27;2021-02-21;1;280;147090;71164;5.3;2.6
27;2021-02-22;978;4901;148068;76065;5.3;2.7
27;2021-02-23;1202;5444;149270;81509;5.4;2.9
27;2021-02-24;1490;4863;150760;86372;5.4;3.1
27;2021-02-25;2909;5053;153669;91425;5.5;3.3
27;2021-02-26;3682;4204;157351;95629;5.7;3.4
27;2021-02-27;1905;1956;159256;97585;5.7;3.5
27;2021-02-28;107;282;159363;97867;5.7;3.5
27;2021-03-01;3662;3502;163025;101369;5.9;3.6
27;2021-03-02;5408;4321;168433;105690;6.1;3.8
27;2021-03-03;5947;3557;174380;109247;6.3;3.9
27;2021-03-04;7674;3544;182054;112791;6.5;4.1
27;2021-03-05;9683;3151;191737;115942;6.9;4.2
27;2021-03-06;6218;1064;197955;117006;7.1;4.2
27;2021-03-07;870;185;198825;117191;7.1;4.2
27;2021-03-08;4541;3407;203366;120598;7.3;4.3
27;2021-03-09;8410;3366;211776;123964;7.6;4.5
27;2021-03-10;8705;2775;220481;126739;7.9;4.6
27;2021-03-11;10250;3169;230731;129908;8.3;4.7
27;2021-03-12;11869;2416;242600;132324;8.7;4.8
27;2021-03-13;7033;676;249633;133000;9.0;4.8
27;2021-03-14;209;60;249842;133060;9.0;4.8
27;2021-03-15;7313;1369;257155;134429;9.2;4.8
27;2021-03-16;8243;1071;265398;135500;9.5;4.9
27;2021-03-17;8528;1144;273926;136644;9.8;4.9
27;2021-03-18;8618;1378;282544;138022;10.2;5.0
27;2021-03-19;9400;1074;291944;139096;10.5;5.0
27;2021-03-20;5662;382;297606;139478;10.7;5.0
27;2021-03-21;235;11;297841;139489;10.7;5.0
27;2021-03-22;9323;942;307164;140431;11.0;5.0
27;2021-03-23;14673;1142;321837;141573;11.6;5.1
27;2021-03-24;15152;1222;336989;142795;12.1;5.1
27;2021-03-25;18351;1419;355340;144214;12.8;5.2
27;2021-03-26;18362;1210;373702;145424;13.4;5.2
27;2021-03-27;7678;389;381380;145813;13.7;5.2
27;2021-03-28;492;124;381872;145937;13.7;5.2
27;2021-03-29;10023;3385;391895;149322;14.1;5.4
27;2021-03-30;12948;3962;404843;153284;14.5;5.5
27;2021-03-31;12832;4159;417675;157443;15.0;5.7
27;2021-04-01;14521;4094;432196;161537;15.5;5.8
27;2021-04-02;12925;4020;445121;165557;16.0;5.9
27;2021-04-03;4466;1127;449587;166684;16.2;6.0
27;2021-04-04;67;35;449654;166719;16.2;6.0
27;2021-04-05;345;5;449999;166724;16.2;6.0
27;2021-04-06;9538;6141;459537;172865;16.5;6.2
27;2021-04-07;10186;6438;469723;179303;16.9;6.4
27;2021-04-08;15702;6089;485425;185392;17.4;6.7
27;2021-04-09;17807;5932;503232;191324;18.1;6.9
27;2021-04-10;6055;1929;509287;193253;18.3;6.9
27;2021-04-11;418;83;509705;193336;18.3;6.9
27;2021-04-12;9052;6777;518757;200113;18.6;7.2
27;2021-04-13;11782;8529;530539;208642;19.1;7.5
27;2021-04-14;10324;7823;540863;216465;19.4;7.8
27;2021-04-15;12957;7640;553820;224105;19.9;8.1
27;2021-04-16;12776;6419;566596;230524;20.4;8.3
27;2021-04-17;5949;3044;572545;233568;20.6;8.4
27;2021-04-18;351;189;572896;233757;20.6;8.4
27;2021-04-19;6967;8844;579863;242601;20.8;8.7
27;2021-04-20;8513;10534;588376;253135;21.1;9.1
27;2021-04-21;8360;10137;596736;263272;21.4;9.5
27;2021-04-22;9849;11495;606585;274767;21.8;9.9
27;2021-04-23;11320;10246;617905;285013;22.2;10.2
27;2021-04-24;5194;3958;623099;288971;22.4;10.4
27;2021-04-25;441;294;623540;289265;22.4;10.4
27;2021-04-26;9476;8706;633016;297971;22.7;10.7
27;2021-04-27;13427;10190;646443;308161;23.2;11.1
27;2021-04-28;14141;10309;660584;318470;23.7;11.4
27;2021-04-29;17845;11467;678429;329937;24.4;11.9
27;2021-04-30;18671;9435;697100;339372;25.0;12.2
27;2021-05-01;5407;1518;702507;340890;25.2;12.2
27;2021-05-02;600;71;703107;340961;25.3;12.3
27;2021-05-03;14787;6253;717894;347214;25.8;12.5
27;2021-05-04;13924;10749;731818;357963;26.3;12.9
27;2021-05-05;15550;9971;747368;367934;26.9;13.2
27;2021-05-06;18177;12283;765545;380217;27.5;13.7
27;2021-05-07;17161;11692;782706;391909;28.1;14.1
27;2021-05-08;5824;1490;788530;393399;28.3;14.1
27;2021-05-09;530;436;789060;393835;28.4;14.2
27;2021-05-10;15126;9810;804186;403645;28.9;14.5
27;2021-05-11;20659;12786;824845;416431;29.6;15.0
27;2021-05-12;19458;11657;844303;428088;30.3;15.4
27;2021-05-13;12258;1997;856561;430085;30.8;15.5
27;2021-05-14;22839;8300;879400;438385;31.6;15.8
27;2021-05-15;15356;3372;894756;441757;32.2;15.9
27;2021-05-16;1879;229;896635;441986;32.2;15.9
27;2021-05-17;18911;6735;915546;448721;32.9;16.1
27;2021-05-18;20442;9219;935988;457940;33.6;16.5
27;2021-05-19;22186;7240;958174;465180;34.4;16.7
27;2021-05-20;23141;8117;981315;473297;35.3;17.0
27;2021-05-21;21026;9995;1002341;483292;36.0;17.4
27;2021-05-22;8250;3580;1010591;486872;36.3;17.5
27;2021-05-23;901;301;1011492;487173;36.3;17.5
27;2021-05-24;4225;1077;1015717;488250;36.5;17.5
27;2021-05-25;14785;11585;1030502;499835;37.0;18.0
27;2021-05-26;15245;10595;1045747;510430;37.6;18.3
27;2021-05-27;18231;11729;1063978;522159;38.2;18.8
27;2021-05-28;15972;14072;1079950;536231;38.8;19.3
27;2021-05-29;6798;5133;1086748;541364;39.0;19.5
27;2021-05-30;382;255;1087130;541619;39.1;19.5
27;2021-05-31;13259;10906;1100389;552525;39.5;19.9
27;2021-06-01;16402;13381;1116791;565906;40.1;20.3
27;2021-06-02;16019;11386;1132810;577292;40.7;20.7
27;2021-06-03;17607;11807;1150417;589099;41.3;21.2
27;2021-06-04;15996;14540;1166413;603639;41.9;21.7
27;2021-06-05;8096;6693;1174509;610332;42.2;21.9
28;2020-12-27;0;0;0;0;0.0;0.0
28;2020-12-28;1;0;1;0;0.0;0.0
28;2020-12-29;2;0;3;0;0.0;0.0
28;2020-12-30;0;0;3;0;0.0;0.0
28;2020-12-31;1;0;4;0;0.0;0.0
28;2021-01-01;1;0;5;0;0.0;0.0
28;2021-01-02;0;0;5;0;0.0;0.0
28;2021-01-03;1;0;6;0;0.0;0.0
28;2021-01-04;16;0;22;0;0.0;0.0
28;2021-01-05;169;0;191;0;0.0;0.0
28;2021-01-06;1392;1;1583;1;0.0;0.0
28;2021-01-07;2596;8;4179;9;0.1;0.0
28;2021-01-08;3425;3;7604;12;0.2;0.0
28;2021-01-09;1331;3;8935;15;0.3;0.0
28;2021-01-10;704;1;9639;16;0.3;0.0
28;2021-01-11;3177;2;12816;18;0.4;0.0
28;2021-01-12;3968;3;16784;21;0.5;0.0
28;2021-01-13;4302;5;21086;26;0.6;0.0
28;2021-01-14;8089;73;29175;99;0.9;0.0
28;2021-01-15;6214;24;35389;123;1.1;0.0
28;2021-01-16;2083;9;37472;132;1.1;0.0
28;2021-01-17;4071;21;41543;153;1.3;0.0
28;2021-01-18;8779;10;50322;163;1.5;0.0
28;2021-01-19;7138;13;57460;176;1.7;0.0
28;2021-01-20;6503;8;63963;184;1.9;0.0
28;2021-01-21;5990;7;69953;191;2.1;0.0
28;2021-01-22;5438;11;75391;202;2.3;0.0
28;2021-01-23;2018;7;77409;209;2.3;0.0
28;2021-01-24;1447;11;78856;220;2.4;0.0
28;2021-01-25;6237;178;85093;398;2.6;0.0
28;2021-01-26;4574;393;89667;791;2.7;0.0
28;2021-01-27;4032;765;93699;1556;2.8;0.0
28;2021-01-28;3752;1048;97451;2604;2.9;0.1
28;2021-01-29;3487;1305;100938;3909;3.1;0.1
28;2021-01-30;1386;516;102324;4425;3.1;0.1
28;2021-01-31;195;124;102519;4549;3.1;0.1
28;2021-02-01;2779;1661;105298;6210;3.2;0.2
28;2021-02-02;2981;2391;108279;8601;3.3;0.3
28;2021-02-03;2947;2670;111226;11271;3.4;0.3
28;2021-02-04;3722;5208;114948;16479;3.5;0.5
28;2021-02-05;3866;4390;118814;20869;3.6;0.6
28;2021-02-06;1137;1547;119951;22416;3.6;0.7
28;2021-02-07;715;1975;120666;24391;3.7;0.7
28;2021-02-08;3801;6855;124467;31246;3.8;0.9
28;2021-02-09;3461;6026;127928;37272;3.9;1.1
28;2021-02-10;3454;5070;131382;42342;4.0;1.3
28;2021-02-11;4207;4888;135589;47230;4.1;1.4
28;2021-02-12;4044;4609;139633;51839;4.2;1.6
28;2021-02-13;1122;1580;140755;53419;4.3;1.6
28;2021-02-14;285;1388;141040;54807;4.3;1.7
28;2021-02-15;2212;6276;143252;61083;4.3;1.8
28;2021-02-16;2654;5657;145906;66740;4.4;2.0
28;2021-02-17;1950;4554;147856;71294;4.5;2.2
28;2021-02-18;2566;4307;150422;75601;4.6;2.3
28;2021-02-19;2546;3716;152968;79317;4.6;2.4
28;2021-02-20;945;1259;153913;80576;4.7;2.4
28;2021-02-21;102;416;154015;80992;4.7;2.5
28;2021-02-22;1668;4231;155683;85223;4.7;2.6
28;2021-02-23;2173;3838;157856;89061;4.8;2.7
28;2021-02-24;2371;3892;160227;92953;4.9;2.8
28;2021-02-25;4768;4180;164995;97133;5.0;2.9
28;2021-02-26;5958;3725;170953;100858;5.2;3.1
28;2021-02-27;3006;1030;173959;101888;5.3;3.1
28;2021-02-28;340;386;174299;102274;5.3;3.1
28;2021-03-01;2522;4647;176821;106921;5.4;3.2
28;2021-03-02;3897;4085;180718;111006;5.5;3.4
28;2021-03-03;4778;3474;185496;114480;5.6;3.5
28;2021-03-04;7295;2854;192791;117334;5.8;3.6
28;2021-03-05;10140;2471;202931;119805;6.1;3.6
28;2021-03-06;9786;769;212717;120574;6.4;3.6
28;2021-03-07;3771;124;216488;120698;6.6;3.7
28;2021-03-08;5862;3264;222350;123962;6.7;3.8
28;2021-03-09;9280;2799;231630;126761;7.0;3.8
28;2021-03-10;9784;2432;241414;129193;7.3;3.9
28;2021-03-11;13939;1974;255353;131167;7.7;4.0
28;2021-03-12;17953;1506;273306;132673;8.3;4.0
28;2021-03-13;11100;507;284406;133180;8.6;4.0
28;2021-03-14;2257;95;286663;133275;8.7;4.0
28;2021-03-15;8639;856;295302;134131;8.9;4.1
28;2021-03-16;7481;1186;302783;135317;9.2;4.1
28;2021-03-17;7702;1182;310485;136499;9.4;4.1
28;2021-03-18;8162;1357;318647;137856;9.6;4.2
28;2021-03-19;11544;1435;330191;139291;10.0;4.2
28;2021-03-20;9660;532;339851;139823;10.3;4.2
28;2021-03-21;2407;16;342258;139839;10.4;4.2
28;2021-03-22;9381;1618;351639;141457;10.6;4.3
28;2021-03-23;12462;1485;364101;142942;11.0;4.3
28;2021-03-24;13228;1572;377329;144514;11.4;4.4
28;2021-03-25;17588;1767;394917;146281;12.0;4.4
28;2021-03-26;20777;1832;415694;148113;12.6;4.5
28;2021-03-27;11473;1103;427167;149216;12.9;4.5
28;2021-03-28;2964;80;430131;149296;13.0;4.5
28;2021-03-29;11743;2941;441874;152237;13.4;4.6
28;2021-03-30;14384;3028;456258;155265;13.8;4.7
28;2021-03-31;14340;3532;470598;158797;14.2;4.8
28;2021-04-01;17967;5494;488565;164291;14.8;5.0
28;2021-04-02;16821;6422;505386;170713;15.3;5.2
28;2021-04-03;7222;4042;512608;174755;15.5;5.3
28;2021-04-04;1776;790;514384;175545;15.6;5.3
28;2021-04-05;3286;732;517670;176277;15.7;5.3
28;2021-04-06;10812;7398;528482;183675;16.0;5.6
28;2021-04-07;12699;6947;541181;190622;16.4;5.8
28;2021-04-08;17668;7511;558849;198133;16.9;6.0
28;2021-04-09;23763;7785;582612;205918;17.6;6.2
28;2021-04-10;13873;4155;596485;210073;18.1;6.4
28;2021-04-11;3026;1187;599511;211260;18.1;6.4
28;2021-04-12;13756;8007;613267;219267;18.6;6.6
28;2021-04-13;16164;8015;629431;227282;19.1;6.9
28;2021-04-14;14276;7987;643707;235269;19.5;7.1
28;2021-04-15;17218;8359;660925;243628;20.0;7.4
28;2021-04-16;20217;7781;681142;251409;20.6;7.6
28;2021-04-17;12739;5001;693881;256410;21.0;7.8
28;2021-04-18;2289;1238;696170;257648;21.1;7.8
28;2021-04-19;10858;8854;707028;266502;21.4;8.1
28;2021-04-20;13887;9749;720915;276251;21.8;8.4
28;2021-04-21;13262;9971;734177;286222;22.2;8.7
28;2021-04-22;15266;11876;749443;298098;22.7;9.0
28;2021-04-23;16413;12284;765856;310382;23.2;9.4
28;2021-04-24;12564;7240;778420;317622;23.6;9.6
28;2021-04-25;3283;1899;781703;319521;23.7;9.7
28;2021-04-26;12486;10168;794189;329689;24.0;10.0
28;2021-04-27;14814;11714;809003;341403;24.5;10.3
28;2021-04-28;15000;10673;824003;352076;24.9;10.7
28;2021-04-29;18408;11716;842411;363792;25.5;11.0
28;2021-04-30;20330;11841;862741;375633;26.1;11.4
28;2021-05-01;12771;2936;875512;378569;26.5;11.5
28;2021-05-02;5953;1810;881465;380379;26.7;11.5
28;2021-05-03;12817;9965;894282;390344;27.1;11.8
28;2021-05-04;13747;13097;908029;403441;27.5;12.2
28;2021-05-05;13897;14435;921926;417876;27.9;12.6
28;2021-05-06;18270;15065;940196;432941;28.5;13.1
28;2021-05-07;17773;17348;957969;450289;29.0;13.6
28;2021-05-08;11884;4653;969853;454942;29.4;13.8
28;2021-05-09;7120;1810;976973;456752;29.6;13.8
28;2021-05-10;14096;14766;991069;471518;30.0;14.3
28;2021-05-11;18048;15311;1009117;486829;30.5;14.7
28;2021-05-12;18694;13957;1027811;500786;31.1;15.2
28;2021-05-13;19592;3675;1047403;504461;31.7;15.3
28;2021-05-14;26266;12466;1073669;516927;32.5;15.6
28;2021-05-15;26852;7028;1100521;523955;33.3;15.9
28;2021-05-16;14093;1547;1114614;525502;33.7;15.9
28;2021-05-17;16123;9389;1130737;534891;34.2;16.2
28;2021-05-18;20968;8730;1151705;543621;34.9;16.5
28;2021-05-19;20852;8458;1172557;552079;35.5;16.7
28;2021-05-20;23108;9643;1195665;561722;36.2;17.0
28;2021-05-21;21353;12050;1217018;573772;36.8;17.4
28;2021-05-22;17661;5961;1234679;579733;37.4;17.5
28;2021-05-23;9102;912;1243781;580645;37.7;17.6
28;2021-05-24;13385;3150;1257166;583795;38.1;17.7
28;2021-05-25;19080;11563;1276246;595358;38.6;18.0
28;2021-05-26;19179;9971;1295425;605329;39.2;18.3
28;2021-05-27;21681;12340;1317106;617669;39.9;18.7
28;2021-05-28;21513;16470;1338619;634139;40.5;19.2
28;2021-05-29;17504;10137;1356123;644276;41.1;19.5
28;2021-05-30;6259;1259;1362382;645535;41.2;19.5
28;2021-05-31;19796;11899;1382178;657434;41.8;19.9
28;2021-06-01;23644;13797;1405822;671231;42.6;20.3
28;2021-06-02;20587;12273;1426409;683504;43.2;20.7
28;2021-06-03;26368;14616;1452777;698120;44.0;21.1
28;2021-06-04;24221;18846;1476998;716966;44.7;21.7
28;2021-06-05;18042;12007;1495040;728973;45.3;22.1
32;2020-12-27;1;0;1;0;0.0;0.0
32;2020-12-28;26;0;27;0;0.0;0.0
32;2020-12-29;12;0;39;0;0.0;0.0
32;2020-12-30;0;0;39;0;0.0;0.0
32;2020-12-31;0;0;39;0;0.0;0.0
32;2021-01-01;1;0;40;0;0.0;0.0
32;2021-01-02;6;0;46;0;0.0;0.0
32;2021-01-03;2;0;48;0;0.0;0.0
32;2021-01-04;82;0;130;0;0.0;0.0
32;2021-01-05;300;0;430;0;0.0;0.0
32;2021-01-06;785;1;1215;1;0.0;0.0
32;2021-01-07;2428;3;3643;4;0.1;0.0
32;2021-01-08;3159;7;6802;11;0.1;0.0
32;2021-01-09;957;3;7759;14;0.1;0.0
32;2021-01-10;639;0;8398;14;0.1;0.0
32;2021-01-11;3263;6;11661;20;0.2;0.0
32;2021-01-12;4995;6;16656;26;0.3;0.0
32;2021-01-13;4934;8;21590;34;0.4;0.0
32;2021-01-14;5720;42;27310;76;0.5;0.0
32;2021-01-15;5211;18;32521;94;0.5;0.0
32;2021-01-16;1633;10;34154;104;0.6;0.0
32;2021-01-17;858;4;35012;108;0.6;0.0
32;2021-01-18;7229;19;42241;127;0.7;0.0
32;2021-01-19;9888;33;52129;160;0.9;0.0
32;2021-01-20;10335;27;62464;187;1.0;0.0
32;2021-01-21;12682;40;75146;227;1.3;0.0
32;2021-01-22;9858;18;85004;245;1.4;0.0
32;2021-01-23;3391;3;88395;248;1.5;0.0
32;2021-01-24;1119;2;89514;250;1.5;0.0
32;2021-01-25;6846;79;96360;329;1.6;0.0
32;2021-01-26;7401;176;103761;505;1.7;0.0
32;2021-01-27;4828;510;108589;1015;1.8;0.0
32;2021-01-28;8557;1682;117146;2697;2.0;0.0
32;2021-01-29;5368;1853;122514;4550;2.1;0.1
32;2021-01-30;534;413;123048;4963;2.1;0.1
32;2021-01-31;67;74;123115;5037;2.1;0.1
32;2021-02-01;192;1815;123307;6852;2.1;0.1
32;2021-02-02;786;3170;124093;10022;2.1;0.2
32;2021-02-03;4068;3190;128161;13212;2.1;0.2
32;2021-02-04;3681;3616;131842;16828;2.2;0.3
32;2021-02-05;1965;3277;133807;20105;2.2;0.3
32;2021-02-06;515;874;134322;20979;2.3;0.4
32;2021-02-07;538;94;134860;21073;2.3;0.4
32;2021-02-08;1866;3682;136726;24755;2.3;0.4
32;2021-02-09;2550;4364;139276;29119;2.3;0.5
32;2021-02-10;2982;5343;142258;34462;2.4;0.6
32;2021-02-11;4771;6183;147029;40645;2.5;0.7
32;2021-02-12;5083;4648;152112;45293;2.6;0.8
32;2021-02-13;938;1893;153050;47186;2.6;0.8
32;2021-02-14;116;711;153166;47897;2.6;0.8
32;2021-02-15;3611;6913;156777;54810;2.6;0.9
32;2021-02-16;4026;8228;160803;63038;2.7;1.1
32;2021-02-17;4276;8670;165079;71708;2.8;1.2
32;2021-02-18;7010;11408;172089;83116;2.9;1.4
32;2021-02-19;7071;8283;179160;91399;3.0;1.5
32;2021-02-20;2514;3008;181674;94407;3.0;1.6
32;2021-02-21;434;488;182108;94895;3.1;1.6
32;2021-02-22;3260;5322;185368;100217;3.1;1.7
32;2021-02-23;5484;5901;190852;106118;3.2;1.8
32;2021-02-24;7417;6040;198269;112158;3.3;1.9
32;2021-02-25;12796;4981;211065;117139;3.5;2.0
32;2021-02-26;12492;2842;223557;119981;3.7;2.0
32;2021-02-27;6471;285;230028;120266;3.9;2.0
32;2021-02-28;362;134;230390;120400;3.9;2.0
32;2021-03-01;7222;835;237612;121235;4.0;2.0
32;2021-03-02;10943;952;248555;122187;4.2;2.0
32;2021-03-03;11944;1695;260499;123882;4.4;2.1
32;2021-03-04;15079;2371;275578;126253;4.6;2.1
32;2021-03-05;17106;2041;292684;128294;4.9;2.2
32;2021-03-06;28042;958;320726;129252;5.4;2.2
32;2021-03-07;19854;437;340580;129689;5.7;2.2
32;2021-03-08;8891;2519;349471;132208;5.9;2.2
32;2021-03-09;14228;3234;363699;135442;6.1;2.3
32;2021-03-10;15720;3153;379419;138595;6.4;2.3
32;2021-03-11;20885;4609;400304;143204;6.7;2.4
32;2021-03-12;26013;4104;426317;147308;7.1;2.5
32;2021-03-13;41522;1877;467839;149185;7.8;2.5
32;2021-03-14;20089;513;487928;149698;8.2;2.5
32;2021-03-15;12967;3530;500895;153228;8.4;2.6
32;2021-03-16;9754;3459;510649;156687;8.6;2.6
32;2021-03-17;9688;4108;520337;160795;8.7;2.7
32;2021-03-18;10007;5006;530344;165801;8.9;2.8
32;2021-03-19;17895;3756;548239;169557;9.2;2.8
32;2021-03-20;36424;1855;584663;171412;9.8;2.9
32;2021-03-21;19830;720;604493;172132;10.1;2.9
32;2021-03-22;12101;4240;616594;176372;10.3;3.0
32;2021-03-23;18877;5876;635471;182248;10.7;3.1
32;2021-03-24;17862;6091;653333;188339;11.0;3.2
32;2021-03-25;25212;5608;678545;193947;11.4;3.3
32;2021-03-26;28937;5790;707482;199737;11.9;3.3
32;2021-03-27;36570;2031;744052;201768;12.5;3.4
32;2021-03-28;18608;557;762660;202325;12.8;3.4
32;2021-03-29;14550;6996;777210;209321;13.0;3.5
32;2021-03-30;18835;8580;796045;217901;13.4;3.7
32;2021-03-31;15738;9233;811783;227134;13.6;3.8
32;2021-04-01;18152;10956;829935;238090;13.9;4.0
32;2021-04-02;19875;12475;849810;250565;14.3;4.2
32;2021-04-03;29947;10062;879757;260627;14.8;4.4
32;2021-04-04;11646;4682;891403;265309;14.9;4.4
32;2021-04-05;9582;2292;900985;267601;15.1;4.5
32;2021-04-06;14224;10831;915209;278432;15.3;4.7
32;2021-04-07;18010;12462;933219;290894;15.7;4.9
32;2021-04-08;23433;12844;956652;303738;16.0;5.1
32;2021-04-09;29807;12991;986459;316729;16.5;5.3
32;2021-04-10;26031;18686;1012490;335415;17.0;5.6
32;2021-04-11;9129;11971;1021619;347386;17.1;5.8
32;2021-04-12;15371;9449;1036990;356835;17.4;6.0
32;2021-04-13;21749;11478;1058739;368313;17.8;6.2
32;2021-04-14;22388;11049;1081127;379362;18.1;6.4
32;2021-04-15;25649;11025;1106776;390387;18.6;6.5
32;2021-04-16;25227;12332;1132003;402719;19.0;6.8
32;2021-04-17;17879;22906;1149882;425625;19.3;7.1
32;2021-04-18;6387;14012;1156269;439637;19.4;7.4
32;2021-04-19;11613;9761;1167882;449398;19.6;7.5
32;2021-04-20;16392;12235;1184274;461633;19.9;7.7
32;2021-04-21;15759;12520;1200033;474153;20.1;8.0
32;2021-04-22;18982;14921;1219015;489074;20.4;8.2
32;2021-04-23;19581;15885;1238596;504959;20.8;8.5
32;2021-04-24;15433;20979;1254029;525938;21.0;8.8
32;2021-04-25;6941;12274;1260970;538212;21.1;9.0
32;2021-04-26;13150;10660;1274120;548872;21.4;9.2
32;2021-04-27;18621;14052;1292741;562924;21.7;9.4
32;2021-04-28;20093;15956;1312834;578880;22.0;9.7
32;2021-04-29;22321;19843;1335155;598723;22.4;10.0
32;2021-04-30;24911;21471;1360066;620194;22.8;10.4
32;2021-05-01;22956;13823;1383022;634017;23.2;10.6
32;2021-05-02;20892;10236;1403914;644253;23.5;10.8
32;2021-05-03;21886;11184;1425800;655437;23.9;11.0
32;2021-05-04;23690;16182;1449490;671619;24.3;11.3
32;2021-05-05;23853;17326;1473343;688945;24.7;11.6
32;2021-05-06;25666;19811;1499009;708756;25.1;11.9
32;2021-05-07;30657;21399;1529666;730155;25.7;12.2
32;2021-05-08;33208;8850;1562874;739005;26.2;12.4
32;2021-05-09;26693;6393;1589567;745398;26.7;12.5
32;2021-05-10;24034;15985;1613601;761383;27.1;12.8
32;2021-05-11;31193;18913;1644794;780296;27.6;13.1
32;2021-05-12;36893;18647;1681687;798943;28.2;13.4
32;2021-05-13;40405;7199;1722092;806142;28.9;13.5
32;2021-05-14;41654;14489;1763746;820631;29.6;13.8
32;2021-05-15;59444;11982;1823190;832613;30.6;14.0
32;2021-05-16;47742;4718;1870932;837331;31.4;14.0
32;2021-05-17;31357;10847;1902289;848178;31.9;14.2
32;2021-05-18;36358;12366;1938647;860544;32.5;14.4
32;2021-05-19;38691;11464;1977338;872008;33.2;14.6
32;2021-05-20;39632;14839;2016970;886847;33.8;14.9
32;2021-05-21;42228;16861;2059198;903708;34.5;15.2
32;2021-05-22;57618;12953;2116816;916661;35.5;15.4
32;2021-05-23;38844;4324;2155660;920985;36.2;15.4
32;2021-05-24;28408;3784;2184068;924769;36.6;15.5
32;2021-05-25;31013;14809;2215081;939578;37.1;15.8
32;2021-05-26;33874;16680;2248955;956258;37.7;16.0
32;2021-05-27;34516;20595;2283471;976853;38.3;16.4
32;2021-05-28;34192;25076;2317663;1001929;38.9;16.8
32;2021-05-29;37344;19521;2355007;1021450;39.5;17.1
32;2021-05-30;16076;3491;2371083;1024941;39.8;17.2
32;2021-05-31;27839;16457;2398922;1041398;40.2;17.5
32;2021-06-01;32664;23902;2431586;1065300;40.8;17.9
32;2021-06-02;31863;21529;2463449;1086829;41.3;18.2
32;2021-06-03;34045;24912;2497494;1111741;41.9;18.6
32;2021-06-04;35431;27533;2532925;1139274;42.5;19.1
32;2021-06-05;34098;22563;2567023;1161837;43.1;19.5
44;2020-12-27;0;0;0;0;0.0;0.0
44;2020-12-28;0;0;0;0;0.0;0.0
44;2020-12-29;0;0;0;0;0.0;0.0
44;2020-12-30;0;0;0;0;0.0;0.0
44;2020-12-31;11;0;11;0;0.0;0.0
44;2021-01-01;1;0;12;0;0.0;0.0
44;2021-01-02;3;0;15;0;0.0;0.0
44;2021-01-03;3;0;18;0;0.0;0.0
44;2021-01-04;243;0;261;0;0.0;0.0
44;2021-01-05;769;0;1030;0;0.0;0.0
44;2021-01-06;1241;2;2271;2;0.0;0.0
44;2021-01-07;2422;2;4693;4;0.1;0.0
44;2021-01-08;3130;5;7823;9;0.1;0.0
44;2021-01-09;936;1;8759;10;0.2;0.0
44;2021-01-10;231;0;8990;10;0.2;0.0
44;2021-01-11;2972;6;11962;16;0.2;0.0
44;2021-01-12;5271;4;17233;20;0.3;0.0
44;2021-01-13;7654;17;24887;37;0.5;0.0
44;2021-01-14;9533;79;34420;116;0.6;0.0
44;2021-01-15;6686;25;41106;141;0.7;0.0
44;2021-01-16;1910;9;43016;150;0.8;0.0
44;2021-01-17;902;1;43918;151;0.8;0.0
44;2021-01-18;8700;21;52618;172;1.0;0.0
44;2021-01-19;10643;15;63261;187;1.1;0.0
44;2021-01-20;10997;42;74258;229;1.3;0.0
44;2021-01-21;11720;23;85978;252;1.6;0.0
44;2021-01-22;9629;25;95607;277;1.7;0.0
44;2021-01-23;3286;19;98893;296;1.8;0.0
44;2021-01-24;1567;3;100460;299;1.8;0.0
44;2021-01-25;6616;302;107076;601;1.9;0.0
44;2021-01-26;5642;432;112718;1033;2.0;0.0
44;2021-01-27;7371;595;120089;1628;2.2;0.0
44;2021-01-28;8787;1246;128876;2874;2.3;0.1
44;2021-01-29;6756;1795;135632;4669;2.5;0.1
44;2021-01-30;2547;493;138179;5162;2.5;0.1
44;2021-01-31;1250;54;139429;5216;2.5;0.1
44;2021-02-01;6370;2379;145799;7595;2.6;0.1
44;2021-02-02;6213;3809;152012;11404;2.8;0.2
44;2021-02-03;5590;4543;157602;15947;2.9;0.3
44;2021-02-04;6431;6965;164033;22912;3.0;0.4
44;2021-02-05;6382;5232;170415;28144;3.1;0.5
44;2021-02-06;1972;1207;172387;29351;3.1;0.5
44;2021-02-07;406;593;172793;29944;3.1;0.5
44;2021-02-08;3821;4465;176614;34409;3.2;0.6
44;2021-02-09;5714;5827;182328;40236;3.3;0.7
44;2021-02-10;6241;6031;188569;46267;3.4;0.8
44;2021-02-11;7045;6551;195614;52818;3.5;1.0
44;2021-02-12;7266;5533;202880;58351;3.7;1.1
44;2021-02-13;2537;1254;205417;59605;3.7;1.1
44;2021-02-14;1611;823;207028;60428;3.8;1.1
44;2021-02-15;3996;7201;211024;67629;3.8;1.2
44;2021-02-16;4561;7961;215585;75590;3.9;1.4
44;2021-02-17;4704;8526;220289;84116;4.0;1.5
44;2021-02-18;5999;9252;226288;93368;4.1;1.7
44;2021-02-19;5489;7483;231777;100851;4.2;1.8
44;2021-02-20;2336;2839;234113;103690;4.2;1.9
44;2021-02-21;541;1399;234654;105089;4.3;1.9
44;2021-02-22;4480;7018;239134;112107;4.3;2.0
44;2021-02-23;6027;7245;245161;119352;4.4;2.2
44;2021-02-24;6598;5923;251759;125275;4.6;2.3
44;2021-02-25;10500;7532;262259;132807;4.8;2.4
44;2021-02-26;12356;6303;274615;139110;5.0;2.5
44;2021-02-27;7883;2139;282498;141249;5.1;2.6
44;2021-02-28;2112;517;284610;141766;5.2;2.6
44;2021-03-01;6073;4655;290683;146421;5.3;2.7
44;2021-03-02;9384;5633;300067;152054;5.4;2.8
44;2021-03-03;11259;5535;311326;157589;5.6;2.9
44;2021-03-04;13236;5734;324562;163323;5.9;3.0
44;2021-03-05;17828;5607;342390;168930;6.2;3.1
44;2021-03-06;21293;2087;363683;171017;6.6;3.1
44;2021-03-07;12190;695;375873;171712;6.8;3.1
44;2021-03-08;9388;4232;385261;175944;7.0;3.2
44;2021-03-09;15164;4903;400425;180847;7.3;3.3
44;2021-03-10;16576;5122;417001;185969;7.6;3.4
44;2021-03-11;20295;5584;437296;191553;7.9;3.5
44;2021-03-12;26735;5392;464031;196945;8.4;3.6
44;2021-03-13;24123;2330;488154;199275;8.9;3.6
44;2021-03-14;6752;843;494906;200118;9.0;3.6
44;2021-03-15;12936;3429;507842;203547;9.2;3.7
44;2021-03-16;12820;3950;520662;207497;9.4;3.8
44;2021-03-17;14175;3597;534837;211094;9.7;3.8
44;2021-03-18;15384;3722;550221;214816;10.0;3.9
44;2021-03-19;21359;3830;571580;218646;10.4;4.0
44;2021-03-20;15500;1896;587080;220542;10.7;4.0
44;2021-03-21;4613;278;591693;220820;10.7;4.0
44;2021-03-22;12500;3876;604193;224696;11.0;4.1
44;2021-03-23;19377;5016;623570;229712;11.3;4.2
44;2021-03-24;21985;5109;645555;234821;11.7;4.3
44;2021-03-25;28112;5683;673667;240504;12.2;4.4
44;2021-03-26;30263;5388;703930;245892;12.8;4.5
44;2021-03-27;16164;4624;720094;250516;13.1;4.5
44;2021-03-28;4076;1961;724170;252477;13.1;4.6
44;2021-03-29;14282;6072;738452;258549;13.4;4.7
44;2021-03-30;21336;7704;759788;266253;13.8;4.8
44;2021-03-31;20040;7941;779828;274194;14.1;5.0
44;2021-04-01;23481;9231;803309;283425;14.6;5.1
44;2021-04-02;16205;6820;819514;290245;14.9;5.3
44;2021-04-03;10169;5745;829683;295990;15.1;5.4
44;2021-04-04;3128;1644;832811;297634;15.1;5.4
44;2021-04-05;4423;1395;837234;299029;15.2;5.4
44;2021-04-06;13352;10500;850586;309529;15.4;5.6
44;2021-04-07;17581;12051;868167;321580;15.8;5.8
44;2021-04-08;25931;12268;894098;333848;16.2;6.1
44;2021-04-09;32129;12575;926227;346423;16.8;6.3
44;2021-04-10;18195;9966;944422;356389;17.1;6.5
44;2021-04-11;3023;5953;947445;362342;17.2;6.6
44;2021-04-12;16936;11173;964381;373515;17.5;6.8
44;2021-04-13;21924;13699;986305;387214;17.9;7.0
44;2021-04-14;23028;13981;1009333;401195;18.3;7.3
44;2021-04-15;26209;15275;1035542;416470;18.8;7.6
44;2021-04-16;28026;15096;1063568;431566;19.3;7.8
44;2021-04-17;19781;8969;1083349;440535;19.7;8.0
44;2021-04-18;5042;4616;1088391;445151;19.7;8.1
44;2021-04-19;16906;11683;1105297;456834;20.1;8.3
44;2021-04-20;19041;14230;1124338;471064;20.4;8.5
44;2021-04-21;21095;14878;1145433;485942;20.8;8.8
44;2021-04-22;23650;15794;1169083;501736;21.2;9.1
44;2021-04-23;27737;16452;1196820;518188;21.7;9.4
44;2021-04-24;16945;9110;1213765;527298;22.0;9.6
44;2021-04-25;4821;3537;1218586;530835;22.1;9.6
44;2021-04-26;16596;11948;1235182;542783;22.4;9.8
44;2021-04-27;21067;14544;1256249;557327;22.8;10.1
44;2021-04-28;23651;14685;1279900;572012;23.2;10.4
44;2021-04-29;28017;16799;1307917;588811;23.7;10.7
44;2021-04-30;33007;15865;1340924;604676;24.3;11.0
44;2021-05-01;14788;6942;1355712;611618;24.6;11.1
44;2021-05-02;7870;3956;1363582;615574;24.7;11.2
44;2021-05-03;23829;12253;1387411;627827;25.2;11.4
44;2021-05-04;26808;17167;1414219;644994;25.7;11.7
44;2021-05-05;30621;19000;1444840;663994;26.2;12.0
44;2021-05-06;37759;20922;1482599;684916;26.9;12.4
44;2021-05-07;35936;24648;1518535;709564;27.6;12.9
44;2021-05-08;18680;6575;1537215;716139;27.9;13.0
44;2021-05-09;11029;2853;1548244;718992;28.1;13.0
44;2021-05-10;24153;20630;1572397;739622;28.5;13.4
44;2021-05-11;34115;22734;1606512;762356;29.1;13.8
44;2021-05-12;36612;23819;1643124;786175;29.8;14.3
44;2021-05-13;27726;6291;1670850;792466;30.3;14.4
44;2021-05-14;43943;18655;1714793;811121;31.1;14.7
44;2021-05-15;33841;13952;1748634;825073;31.7;15.0
44;2021-05-16;15515;3457;1764149;828530;32.0;15.0
44;2021-05-17;27021;14398;1791170;842928;32.5;15.3
44;2021-05-18;34711;15121;1825881;858049;33.1;15.6
44;2021-05-19;36428;16222;1862309;874271;33.8;15.9
44;2021-05-20;40409;16267;1902718;890538;34.5;16.2
44;2021-05-21;42663;20733;1945381;911271;35.3;16.5
44;2021-05-22;27613;11468;1972994;922739;35.8;16.7
44;2021-05-23;8639;1697;1981633;924436;36.0;16.8
44;2021-05-24;17855;4608;1999488;929044;36.3;16.9
44;2021-05-25;30104;17496;2029592;946540;36.8;17.2
44;2021-05-26;32139;19369;2061731;965909;37.4;17.5
44;2021-05-27;34464;20727;2096195;986636;38.0;17.9
44;2021-05-28;37386;27665;2133581;1014301;38.7;18.4
44;2021-05-29;26670;20034;2160251;1034335;39.2;18.8
44;2021-05-30;6109;4203;2166360;1038538;39.3;18.8
44;2021-05-31;26864;19582;2193224;1058120;39.8;19.2
44;2021-06-01;31292;22777;2224516;1080897;40.4;19.6
44;2021-06-02;33152;22756;2257668;1103653;41.0;20.0
44;2021-06-03;34258;25133;2291926;1128786;41.6;20.5
44;2021-06-04;39431;31956;2331357;1160742;42.3;21.1
44;2021-06-05;22688;19977;2354045;1180719;42.7;21.4
52;2020-12-27;0;0;0;0;0.0;0.0
52;2020-12-28;1;0;1;0;0.0;0.0
52;2020-12-29;0;0;1;0;0.0;0.0
52;2020-12-30;0;0;1;0;0.0;0.0
52;2020-12-31;0;0;1;0;0.0;0.0
52;2021-01-01;3;0;4;0;0.0;0.0
52;2021-01-02;1;0;5;0;0.0;0.0
52;2021-01-03;1;0;6;0;0.0;0.0
52;2021-01-04;34;0;40;0;0.0;0.0
52;2021-01-05;168;0;208;0;0.0;0.0
52;2021-01-06;384;1;592;1;0.0;0.0
52;2021-01-07;963;0;1555;1;0.0;0.0
52;2021-01-08;1664;2;3219;3;0.1;0.0
52;2021-01-09;1048;1;4267;4;0.1;0.0
52;2021-01-10;643;1;4910;5;0.1;0.0
52;2021-01-11;2197;0;7107;5;0.2;0.0
52;2021-01-12;3147;4;10254;9;0.3;0.0
52;2021-01-13;2962;2;13216;11;0.3;0.0
52;2021-01-14;3302;24;16518;35;0.4;0.0
52;2021-01-15;3010;9;19528;44;0.5;0.0
52;2021-01-16;894;5;20422;49;0.5;0.0
52;2021-01-17;499;3;20921;52;0.6;0.0
52;2021-01-18;3198;5;24119;57;0.6;0.0
52;2021-01-19;6553;7;30672;64;0.8;0.0
52;2021-01-20;8319;9;38991;73;1.0;0.0
52;2021-01-21;12165;8;51156;81;1.3;0.0
52;2021-01-22;7271;26;58427;107;1.5;0.0
52;2021-01-23;1678;4;60105;111;1.6;0.0
52;2021-01-24;174;0;60279;111;1.6;0.0
52;2021-01-25;3004;10;63283;121;1.7;0.0
52;2021-01-26;6734;151;70017;272;1.8;0.0
52;2021-01-27;7284;150;77301;422;2.0;0.0
52;2021-01-28;9724;462;87025;884;2.3;0.0
52;2021-01-29;5955;909;92980;1793;2.4;0.0
52;2021-01-30;1258;271;94238;2064;2.5;0.1
52;2021-01-31;79;314;94317;2378;2.5;0.1
52;2021-02-01;2521;1189;96838;3567;2.5;0.1
52;2021-02-02;2970;1859;99808;5426;2.6;0.1
52;2021-02-03;2685;2160;102493;7586;2.7;0.2
52;2021-02-04;2961;2115;105454;9701;2.8;0.3
52;2021-02-05;2965;2205;108419;11906;2.9;0.3
52;2021-02-06;1074;661;109493;12567;2.9;0.3
52;2021-02-07;151;297;109644;12864;2.9;0.3
52;2021-02-08;1930;2111;111574;14975;2.9;0.4
52;2021-02-09;3175;3710;114749;18685;3.0;0.5
52;2021-02-10;3319;4760;118068;23445;3.1;0.6
52;2021-02-11;6094;9289;124162;32734;3.3;0.9
52;2021-02-12;4704;5144;128866;37878;3.4;1.0
52;2021-02-13;1151;1243;130017;39121;3.4;1.0
52;2021-02-14;22;541;130039;39662;3.4;1.0
52;2021-02-15;2029;3532;132068;43194;3.5;1.1
52;2021-02-16;4110;6754;136178;49948;3.6;1.3
52;2021-02-17;3853;6942;140031;56890;3.7;1.5
52;2021-02-18;6134;9277;146165;66167;3.8;1.7
52;2021-02-19;5328;5818;151493;71985;4.0;1.9
52;2021-02-20;1027;1475;152520;73460;4.0;1.9
52;2021-02-21;6;274;152526;73734;4.0;1.9
52;2021-02-22;2628;3487;155154;77221;4.1;2.0
52;2021-02-23;3423;3696;158577;80917;4.2;2.1
52;2021-02-24;3279;3034;161856;83951;4.3;2.2
52;2021-02-25;6337;3206;168193;87157;4.4;2.3
52;2021-02-26;6187;2915;174380;90072;4.6;2.4
52;2021-02-27;2215;1044;176595;91116;4.6;2.4
52;2021-02-28;76;88;176671;91204;4.6;2.4
52;2021-03-01;3110;2325;179781;93529;4.7;2.5
52;2021-03-02;4721;3432;184502;96961;4.9;2.6
52;2021-03-03;5264;3403;189766;100364;5.0;2.6
52;2021-03-04;7777;4759;197543;105123;5.2;2.8
52;2021-03-05;8981;3906;206524;109029;5.4;2.9
52;2021-03-06;5628;1133;212152;110162;5.6;2.9
52;2021-03-07;2661;129;214813;110291;5.7;2.9
52;2021-03-08;5832;2408;220645;112699;5.8;3.0
52;2021-03-09;9528;3301;230173;116000;6.1;3.1
52;2021-03-10;9352;3381;239525;119381;6.3;3.1
52;2021-03-11;13556;5007;253081;124388;6.7;3.3
52;2021-03-12;15292;3725;268373;128113;7.1;3.4
52;2021-03-13;8252;739;276625;128852;7.3;3.4
52;2021-03-14;624;72;277249;128924;7.3;3.4
52;2021-03-15;8820;1906;286069;130830;7.5;3.4
52;2021-03-16;7570;2609;293639;133439;7.7;3.5
52;2021-03-17;6438;2372;300077;135811;7.9;3.6
52;2021-03-18;8299;2500;308376;138311;8.1;3.6
52;2021-03-19;11838;2112;320214;140423;8.4;3.7
52;2021-03-20;7070;742;327284;141165;8.6;3.7
52;2021-03-21;1688;45;328972;141210;8.7;3.7
52;2021-03-22;8997;1995;337969;143205;8.9;3.8
52;2021-03-23;13148;2576;351117;145781;9.2;3.8
52;2021-03-24;13239;2014;364356;147795;9.6;3.9
52;2021-03-25;18116;2764;382472;150559;10.1;4.0
52;2021-03-26;18872;2347;401344;152906;10.6;4.0
52;2021-03-27;7527;642;408871;153548;10.8;4.0
52;2021-03-28;2189;65;411060;153613;10.8;4.0
52;2021-03-29;10951;2704;422011;156317;11.1;4.1
52;2021-03-30;15643;3571;437654;159888;11.5;4.2
52;2021-03-31;13670;3226;451324;163114;11.9;4.3
52;2021-04-01;18837;3649;470161;166763;12.4;4.4
52;2021-04-02;17046;3469;487207;170232;12.8;4.5
52;2021-04-03;5509;1189;492716;171421;13.0;4.5
52;2021-04-04;1322;50;494038;171471;13.0;4.5
52;2021-04-05;1780;532;495818;172003;13.0;4.5
52;2021-04-06;11776;5227;507594;177230;13.4;4.7
52;2021-04-07;15177;5619;522771;182849;13.8;4.8
52;2021-04-08;21178;6337;543949;189186;14.3;5.0
52;2021-04-09;26571;5234;570520;194420;15.0;5.1
52;2021-04-10;10107;2345;580627;196765;15.3;5.2
52;2021-04-11;2566;431;583193;197196;15.3;5.2
52;2021-04-12;16315;6550;599508;203746;15.8;5.4
52;2021-04-13;20711;8129;620219;211875;16.3;5.6
52;2021-04-14;17607;6887;637826;218762;16.8;5.8
52;2021-04-15;21117;7988;658943;226750;17.3;6.0
52;2021-04-16;22566;7417;681509;234167;17.9;6.2
52;2021-04-17;9959;3020;691468;237187;18.2;6.2
52;2021-04-18;3036;1299;694504;238486;18.3;6.3
52;2021-04-19;14169;7801;708673;246287;18.6;6.5
52;2021-04-20;18252;9362;726925;255649;19.1;6.7
52;2021-04-21;15948;9120;742873;264769;19.5;7.0
52;2021-04-22;19370;10130;762243;274899;20.0;7.2
52;2021-04-23;20490;9918;782733;284817;20.6;7.5
52;2021-04-24;10005;4966;792738;289783;20.9;7.6
52;2021-04-25;3972;1936;796710;291719;21.0;7.7
52;2021-04-26;16793;9882;813503;301601;21.4;7.9
52;2021-04-27;21018;12511;834521;314112;22.0;8.3
52;2021-04-28;22700;10592;857221;324704;22.5;8.5
52;2021-04-29;24969;12612;882190;337316;23.2;8.9
52;2021-04-30;25575;12430;907765;349746;23.9;9.2
52;2021-05-01;8610;2461;916375;352207;24.1;9.3
52;2021-05-02;4294;1259;920669;353466;24.2;9.3
52;2021-05-03;19022;10577;939691;364043;24.7;9.6
52;2021-05-04;20009;14342;959700;378385;25.2;10.0
52;2021-05-05;20800;12728;980500;391113;25.8;10.3
52;2021-05-06;22423;13778;1002923;404891;26.4;10.6
52;2021-05-07;20647;17981;1023570;422872;26.9;11.1
52;2021-05-08;11071;2047;1034641;424919;27.2;11.2
52;2021-05-09;5386;2209;1040027;427128;27.4;11.2
52;2021-05-10;20585;17237;1060612;444365;27.9;11.7
52;2021-05-11;24835;19557;1085447;463922;28.6;12.2
52;2021-05-12;24575;17052;1110022;480974;29.2;12.7
52;2021-05-13;18554;2680;1128576;483654;29.7;12.7
52;2021-05-14;22652;12361;1151228;496015;30.3;13.0
52;2021-05-15;15654;5165;1166882;501180;30.7;13.2
52;2021-05-16;10269;1135;1177151;502315;31.0;13.2
52;2021-05-17;21071;14616;1198222;516931;31.5;13.6
52;2021-05-18;24732;15039;1222954;531970;32.2;14.0
52;2021-05-19;26683;11390;1249637;543360;32.9;14.3
52;2021-05-20;29329;12025;1278966;555385;33.6;14.6
52;2021-05-21;27431;13877;1306397;569262;34.4;15.0
52;2021-05-22;15534;4739;1321931;574001;34.8;15.1
52;2021-05-23;4470;1135;1326401;575136;34.9;15.1
52;2021-05-24;15984;2734;1342385;577870;35.3;15.2
52;2021-05-25;24389;14493;1366774;592363;36.0;15.6
52;2021-05-26;25106;12625;1391880;604988;36.6;15.9
52;2021-05-27;29026;14772;1420906;619760;37.4;16.3
52;2021-05-28;27881;17818;1448787;637578;38.1;16.8
52;2021-05-29;18301;7753;1467088;645331;38.6;17.0
52;2021-05-30;4228;1714;1471316;647045;38.7;17.0
52;2021-05-31;24374;15837;1495690;662882;39.3;17.4
52;2021-06-01;28751;17748;1524441;680630;40.1;17.9
52;2021-06-02;27271;15149;1551712;695779;40.8;18.3
52;2021-06-03;31648;16225;1583360;712004;41.6;18.7
52;2021-06-04;29064;20641;1612424;732645;42.4;19.3
52;2021-06-05;14247;11738;1626671;744383;42.8;19.6
53;2020-12-27;0;0;0;0;0.0;0.0
53;2020-12-28;0;0;0;0;0.0;0.0
53;2020-12-29;0;0;0;0;0.0;0.0
53;2020-12-30;0;0;0;0;0.0;0.0
53;2020-12-31;0;0;0;0;0.0;0.0
53;2021-01-01;3;0;3;0;0.0;0.0
53;2021-01-02;4;0;7;0;0.0;0.0
53;2021-01-03;0;0;7;0;0.0;0.0
53;2021-01-04;43;0;50;0;0.0;0.0
53;2021-01-05;200;0;250;0;0.0;0.0
53;2021-01-06;331;1;581;1;0.0;0.0
53;2021-01-07;834;0;1415;1;0.0;0.0
53;2021-01-08;1209;0;2624;1;0.1;0.0
53;2021-01-09;34;0;2658;1;0.1;0.0
53;2021-01-10;4;0;2662;1;0.1;0.0
53;2021-01-11;1660;3;4322;4;0.1;0.0
53;2021-01-12;3377;1;7699;5;0.2;0.0
53;2021-01-13;3326;3;11025;8;0.3;0.0
53;2021-01-14;3807;27;14832;35;0.4;0.0
53;2021-01-15;3298;15;18130;50;0.5;0.0
53;2021-01-16;683;4;18813;54;0.6;0.0
53;2021-01-17;180;1;18993;55;0.6;0.0
53;2021-01-18;3361;5;22354;60;0.7;0.0
53;2021-01-19;8154;4;30508;64;0.9;0.0
53;2021-01-20;7005;4;37513;68;1.1;0.0
53;2021-01-21;11456;5;48969;73;1.5;0.0
53;2021-01-22;7796;7;56765;80;1.7;0.0
53;2021-01-23;1492;2;58257;82;1.7;0.0
53;2021-01-24;255;1;58512;83;1.8;0.0
53;2021-01-25;3055;35;61567;118;1.8;0.0
53;2021-01-26;4111;232;65678;350;2.0;0.0
53;2021-01-27;7233;325;72911;675;2.2;0.0
53;2021-01-28;7128;638;80039;1313;2.4;0.0
53;2021-01-29;4229;728;84268;2041;2.5;0.1
53;2021-01-30;846;43;85114;2084;2.5;0.1
53;2021-01-31;79;3;85193;2087;2.6;0.1
53;2021-02-01;2208;1026;87401;3113;2.6;0.1
53;2021-02-02;3438;2014;90839;5127;2.7;0.2
53;2021-02-03;3173;2184;94012;7311;2.8;0.2
53;2021-02-04;7093;2271;101105;9582;3.0;0.3
53;2021-02-05;5578;2134;106683;11716;3.2;0.4
53;2021-02-06;1201;277;107884;11993;3.2;0.4
53;2021-02-07;213;132;108097;12125;3.2;0.4
53;2021-02-08;1651;1531;109748;13656;3.3;0.4
53;2021-02-09;3972;5251;113720;18907;3.4;0.6
53;2021-02-10;3791;4644;117511;23551;3.5;0.7
53;2021-02-11;5729;8785;123240;32336;3.7;1.0
53;2021-02-12;5656;5245;128896;37581;3.9;1.1
53;2021-02-13;1232;851;130128;38432;3.9;1.2
53;2021-02-14;25;348;130153;38780;3.9;1.2
53;2021-02-15;2325;3583;132478;42363;4.0;1.3
53;2021-02-16;4047;3539;136525;45902;4.1;1.4
53;2021-02-17;4073;5374;140598;51276;4.2;1.5
53;2021-02-18;5947;5737;146545;57013;4.4;1.7
53;2021-02-19;5354;4846;151899;61859;4.5;1.9
53;2021-02-20;1189;888;153088;62747;4.6;1.9
53;2021-02-21;165;218;153253;62965;4.6;1.9
53;2021-02-22;2317;2822;155570;65787;4.7;2.0
53;2021-02-23;3947;3669;159517;69456;4.8;2.1
53;2021-02-24;4467;3775;163984;73231;4.9;2.2
53;2021-02-25;7947;7136;171931;80367;5.1;2.4
53;2021-02-26;8673;4395;180604;84762;5.4;2.5
53;2021-02-27;3446;1103;184050;85865;5.5;2.6
53;2021-02-28;228;194;184278;86059;5.5;2.6
53;2021-03-01;3477;2263;187755;88322;5.6;2.6
53;2021-03-02;5614;4456;193369;92778;5.8;2.8
53;2021-03-03;6435;3784;199804;96562;6.0;2.9
53;2021-03-04;9272;4916;209076;101478;6.3;3.0
53;2021-03-05;11899;5201;220975;106679;6.6;3.2
53;2021-03-06;5628;1010;226603;107689;6.8;3.2
53;2021-03-07;913;141;227516;107830;6.8;3.2
53;2021-03-08;5160;2203;232676;110033;7.0;3.3
53;2021-03-09;9651;2917;242327;112950;7.3;3.4
53;2021-03-10;9265;3354;251592;116304;7.5;3.5
53;2021-03-11;14281;4030;265873;120334;8.0;3.6
53;2021-03-12;18578;3211;284451;123545;8.5;3.7
53;2021-03-13;8783;931;293234;124476;8.8;3.7
53;2021-03-14;811;50;294045;124526;8.8;3.7
53;2021-03-15;6862;2023;300907;126549;9.0;3.8
53;2021-03-16;6978;3398;307885;129947;9.2;3.9
53;2021-03-17;8223;2813;316108;132760;9.5;4.0
53;2021-03-18;8710;4649;324818;137409;9.7;4.1
53;2021-03-19;12970;3641;337788;141050;10.1;4.2
53;2021-03-20;7109;805;344897;141855;10.3;4.2
53;2021-03-21;381;32;345278;141887;10.3;4.2
53;2021-03-22;7325;2156;352603;144043;10.6;4.3
53;2021-03-23;12957;3655;365560;147698;10.9;4.4
53;2021-03-24;14358;3217;379918;150915;11.4;4.5
53;2021-03-25;18232;3349;398150;154264;11.9;4.6
53;2021-03-26;20236;3176;418386;157440;12.5;4.7
53;2021-03-27;7393;1010;425779;158450;12.7;4.7
53;2021-03-28;526;86;426305;158536;12.8;4.7
53;2021-03-29;9785;3156;436090;161692;13.1;4.8
53;2021-03-30;15284;4585;451374;166277;13.5;5.0
53;2021-03-31;14095;4250;465469;170527;13.9;5.1
53;2021-04-01;18147;4256;483616;174783;14.5;5.2
53;2021-04-02;17847;4340;501463;179123;15.0;5.4
53;2021-04-03;6413;1419;507876;180542;15.2;5.4
53;2021-04-04;412;31;508288;180573;15.2;5.4
53;2021-04-05;1224;333;509512;180906;15.3;5.4
53;2021-04-06;12498;5678;522010;186584;15.6;5.6
53;2021-04-07;15017;5344;537027;191928;16.1;5.7
53;2021-04-08;20565;6074;557592;198002;16.7;5.9
53;2021-04-09;26576;5539;584168;203541;17.5;6.1
53;2021-04-10;10310;1708;594478;205249;17.8;6.1
53;2021-04-11;811;213;595289;205462;17.8;6.2
53;2021-04-12;15817;4899;611106;210361;18.3;6.3
53;2021-04-13;22660;7207;633766;217568;19.0;6.5
53;2021-04-14;19323;7908;653089;225476;19.6;6.8
53;2021-04-15;25309;8031;678398;233507;20.3;7.0
53;2021-04-16;26207;7539;704605;241046;21.1;7.2
53;2021-04-17;10455;3599;715060;244645;21.4;7.3
53;2021-04-18;1033;147;716093;244792;21.4;7.3
53;2021-04-19;15393;6522;731486;251314;21.9;7.5
53;2021-04-20;16934;9556;748420;260870;22.4;7.8
53;2021-04-21;16758;9446;765178;270316;22.9;8.1
53;2021-04-22;21737;10168;786915;280484;23.6;8.4
53;2021-04-23;21671;10057;808586;290541;24.2;8.7
53;2021-04-24;10012;4179;818598;294720;24.5;8.8
53;2021-04-25;902;331;819500;295051;24.5;8.8
53;2021-04-26;18084;8452;837584;303503;25.1;9.1
53;2021-04-27;19797;12037;857381;315540;25.7;9.4
53;2021-04-28;19880;10780;877261;326320;26.3;9.8
53;2021-04-29;23401;12234;900662;338554;27.0;10.1
53;2021-04-30;23806;12406;924468;350960;27.7;10.5
53;2021-05-01;5094;1621;929562;352581;27.8;10.6
53;2021-05-02;2784;514;932346;353095;27.9;10.6
53;2021-05-03;15629;9362;947975;362457;28.4;10.9
53;2021-05-04;15490;15773;963465;378230;28.8;11.3
53;2021-05-05;14821;14664;978286;392894;29.3;11.8
53;2021-05-06;19188;17818;997474;410712;29.9;12.3
53;2021-05-07;18541;18196;1016015;428908;30.4;12.8
53;2021-05-08;5399;1114;1021414;430022;30.6;12.9
53;2021-05-09;3501;852;1024915;430874;30.7;12.9
53;2021-05-10;16457;15194;1041372;446068;31.2;13.4
53;2021-05-11;18507;18716;1059879;464784;31.7;13.9
53;2021-05-12;20977;15594;1080856;480378;32.4;14.4
53;2021-05-13;9002;3943;1089858;484321;32.6;14.5
53;2021-05-14;21630;13706;1111488;498027;33.3;14.9
53;2021-05-15;13361;5320;1124849;503347;33.7;15.1
53;2021-05-16;3213;872;1128062;504219;33.8;15.1
53;2021-05-17;18092;11144;1146154;515363;34.3;15.4
53;2021-05-18;20775;12364;1166929;527727;34.9;15.8
53;2021-05-19;21500;10603;1188429;538330;35.6;16.1
53;2021-05-20;23797;14700;1212226;553030;36.3;16.6
53;2021-05-21;22805;15218;1235031;568248;37.0;17.0
53;2021-05-22;13125;5830;1248156;574078;37.4;17.2
53;2021-05-23;2969;309;1251125;574387;37.5;17.2
53;2021-05-24;13922;2483;1265047;576870;37.9;17.3
53;2021-05-25;19901;12798;1284948;589668;38.5;17.7
53;2021-05-26;19209;13766;1304157;603434;39.0;18.1
53;2021-05-27;22006;17375;1326163;620809;39.7;18.6
53;2021-05-28;21724;20384;1347887;641193;40.4;19.2
53;2021-05-29;12131;7320;1360018;648513;40.7;19.4
53;2021-05-30;2301;472;1362319;648985;40.8;19.4
53;2021-05-31;20665;14060;1382984;663045;41.4;19.8
53;2021-06-01;22876;16451;1405860;679496;42.1;20.3
53;2021-06-02;21614;14194;1427474;693690;42.7;20.8
53;2021-06-03;24983;16821;1452457;710511;43.5;21.3
53;2021-06-04;22943;22514;1475400;733025;44.2;21.9
53;2021-06-05;17155;8943;1492555;741968;44.7;22.2
75;2020-12-27;1;0;1;0;0.0;0.0
75;2020-12-28;2;0;3;0;0.0;0.0
75;2020-12-29;3;0;6;0;0.0;0.0
75;2020-12-30;2;0;8;0;0.0;0.0
75;2020-12-31;0;0;8;0;0.0;0.0
75;2021-01-01;4;0;12;0;0.0;0.0
75;2021-01-02;2;0;14;0;0.0;0.0
75;2021-01-03;0;0;14;0;0.0;0.0
75;2021-01-04;89;0;103;0;0.0;0.0
75;2021-01-05;124;0;227;0;0.0;0.0
75;2021-01-06;736;1;963;1;0.0;0.0
75;2021-01-07;4918;3;5881;4;0.1;0.0
75;2021-01-08;5455;3;11336;7;0.2;0.0
75;2021-01-09;844;1;12180;8;0.2;0.0
75;2021-01-10;479;0;12659;8;0.2;0.0
75;2021-01-11;3575;1;16234;9;0.3;0.0
75;2021-01-12;5945;4;22179;13;0.4;0.0
75;2021-01-13;6551;9;28730;22;0.5;0.0
75;2021-01-14;8117;71;36847;93;0.6;0.0
75;2021-01-15;7602;25;44449;118;0.7;0.0
75;2021-01-16;1607;14;46056;132;0.8;0.0
75;2021-01-17;425;4;46481;136;0.8;0.0
75;2021-01-18;6883;28;53364;164;0.9;0.0
75;2021-01-19;14035;10;67399;174;1.1;0.0
75;2021-01-20;15536;11;82935;185;1.4;0.0
75;2021-01-21;16948;18;99883;203;1.7;0.0
75;2021-01-22;12970;19;112853;222;1.9;0.0
75;2021-01-23;4419;3;117272;225;2.0;0.0
75;2021-01-24;700;1;117972;226;2.0;0.0
75;2021-01-25;8861;215;126833;441;2.1;0.0
75;2021-01-26;11714;449;138547;890;2.3;0.0
75;2021-01-27;12269;768;150816;1658;2.5;0.0
75;2021-01-28;12940;2653;163756;4311;2.7;0.1
75;2021-01-29;9995;2985;173751;7296;2.9;0.1
75;2021-01-30;3377;516;177128;7812;3.0;0.1
75;2021-01-31;646;420;177774;8232;3.0;0.1
75;2021-02-01;5768;2639;183542;10871;3.1;0.2
75;2021-02-02;9596;4354;193138;15225;3.2;0.3
75;2021-02-03;9594;4367;202732;19592;3.4;0.3
75;2021-02-04;10749;5678;213481;25270;3.6;0.4
75;2021-02-05;7485;5634;220966;30904;3.7;0.5
75;2021-02-06;2377;1105;223343;32009;3.7;0.5
75;2021-02-07;673;250;224016;32259;3.7;0.5
75;2021-02-08;5134;3651;229150;35910;3.8;0.6
75;2021-02-09;7307;8075;236457;43985;3.9;0.7
75;2021-02-10;7569;8729;244026;52714;4.1;0.9
75;2021-02-11;8840;10264;252866;62978;4.2;1.0
75;2021-02-12;7405;8827;260271;71805;4.3;1.2
75;2021-02-13;1951;1759;262222;73564;4.4;1.2
75;2021-02-14;274;364;262496;73928;4.4;1.2
75;2021-02-15;3235;7835;265731;81763;4.4;1.4
75;2021-02-16;4619;10514;270350;92277;4.5;1.5
75;2021-02-17;4755;11299;275105;103576;4.6;1.7
75;2021-02-18;5448;12832;280553;116408;4.7;1.9
75;2021-02-19;5416;9621;285969;126029;4.8;2.1
75;2021-02-20;987;2631;286956;128660;4.8;2.1
75;2021-02-21;186;667;287142;129327;4.8;2.2
75;2021-02-22;3647;8509;290789;137836;4.8;2.3
75;2021-02-23;5351;10930;296140;148766;4.9;2.5
75;2021-02-24;6126;10271;302266;159037;5.0;2.7
75;2021-02-25;10008;11767;312274;170804;5.2;2.8
75;2021-02-26;12219;8837;324493;179641;5.4;3.0
75;2021-02-27;5780;2480;330273;182121;5.5;3.0
75;2021-02-28;311;694;330584;182815;5.5;3.0
75;2021-03-01;5086;7002;335670;189817;5.6;3.2
75;2021-03-02;9361;8144;345031;197961;5.8;3.3
75;2021-03-03;10841;7806;355872;205767;5.9;3.4
75;2021-03-04;16716;8151;372588;213918;6.2;3.6
75;2021-03-05;20830;7411;393418;221329;6.6;3.7
75;2021-03-06;13403;2207;406821;223536;6.8;3.7
75;2021-03-07;3711;453;410532;223989;6.8;3.7
75;2021-03-08;9970;5368;420502;229357;7.0;3.8
75;2021-03-09;16830;6458;437332;235815;7.3;3.9
75;2021-03-10;18231;6279;455563;242094;7.6;4.0
75;2021-03-11;26416;6638;481979;248732;8.0;4.1
75;2021-03-12;31279;5326;513258;254058;8.6;4.2
75;2021-03-13;17800;1166;531058;255224;8.9;4.3
75;2021-03-14;1690;237;532748;255461;8.9;4.3
75;2021-03-15;14045;3400;546793;258861;9.1;4.3
75;2021-03-16;13677;3697;560470;262558;9.3;4.4
75;2021-03-17;14735;3864;575205;266422;9.6;4.4
75;2021-03-18;16317;4673;591522;271095;9.9;4.5
75;2021-03-19;22398;4248;613920;275343;10.2;4.6
75;2021-03-20;13989;808;627909;276151;10.5;4.6
75;2021-03-21;2458;105;630367;276256;10.5;4.6
75;2021-03-22;16765;3434;647132;279690;10.8;4.7
75;2021-03-23;25202;3853;672334;283543;11.2;4.7
75;2021-03-24;27095;4278;699429;287821;11.7;4.8
75;2021-03-25;35526;4581;734955;292402;12.2;4.9
75;2021-03-26;38522;4126;773477;296528;12.9;4.9
75;2021-03-27;15678;1253;789155;297781;13.2;5.0
75;2021-03-28;2720;384;791875;298165;13.2;5.0
75;2021-03-29;22803;4099;814678;302264;13.6;5.0
75;2021-03-30;31576;5919;846254;308183;14.1;5.1
75;2021-03-31;29701;5880;875955;314063;14.6;5.2
75;2021-04-01;34952;6887;910907;320950;15.2;5.3
75;2021-04-02;32273;6822;943180;327772;15.7;5.5
75;2021-04-03;12807;2618;955987;330390;15.9;5.5
75;2021-04-04;2134;335;958121;330725;16.0;5.5
75;2021-04-05;6361;593;964482;331318;16.1;5.5
75;2021-04-06;26326;10777;990808;342095;16.5;5.7
75;2021-04-07;32331;10974;1023139;353069;17.1;5.9
75;2021-04-08;39505;12284;1062644;365353;17.7;6.1
75;2021-04-09;49163;10907;1111807;376260;18.5;6.3
75;2021-04-10;24344;4938;1136151;381198;18.9;6.4
75;2021-04-11;4966;712;1141117;381910;19.0;6.4
75;2021-04-12;27343;11792;1168460;393702;19.5;6.6
75;2021-04-13;35652;14270;1204112;407972;20.1;6.8
75;2021-04-14;35366;14411;1239478;422383;20.7;7.0
75;2021-04-15;37625;15012;1277103;437395;21.3;7.3
75;2021-04-16;37087;15078;1314190;452473;21.9;7.5
75;2021-04-17;19523;7344;1333713;459817;22.2;7.7
75;2021-04-18;4070;2046;1337783;461863;22.3;7.7
75;2021-04-19;20879;14913;1358662;476776;22.6;7.9
75;2021-04-20;28464;19071;1387126;495847;23.1;8.3
75;2021-04-21;27789;18005;1414915;513852;23.6;8.6
75;2021-04-22;30315;19622;1445230;533474;24.1;8.9
75;2021-04-23;28996;20166;1474226;553640;24.6;9.2
75;2021-04-24;16986;9101;1491212;562741;24.9;9.4
75;2021-04-25;4590;1492;1495802;564233;24.9;9.4
75;2021-04-26;22152;19247;1517954;583480;25.3;9.7
75;2021-04-27;29082;24256;1547036;607736;25.8;10.1
75;2021-04-28;30979;23956;1578015;631692;26.3;10.5
75;2021-04-29;37093;26562;1615108;658254;26.9;11.0
75;2021-04-30;37597;25783;1652705;684037;27.5;11.4
75;2021-05-01;15634;5708;1668339;689745;27.8;11.5
75;2021-05-02;7212;2590;1675551;692335;27.9;11.5
75;2021-05-03;27116;21032;1702667;713367;28.4;11.9
75;2021-05-04;30169;29234;1732836;742601;28.9;12.4
75;2021-05-05;31300;30910;1764136;773511;29.4;12.9
75;2021-05-06;35786;32323;1799922;805834;30.0;13.4
75;2021-05-07;37340;34302;1837262;840136;30.6;14.0
75;2021-05-08;17317;8025;1854579;848161;30.9;14.1
75;2021-05-09;7288;4137;1861867;852298;31.0;14.2
75;2021-05-10;24966;28968;1886833;881266;31.4;14.7
75;2021-05-11;35401;32906;1922234;914172;32.0;15.2
75;2021-05-12;35335;30083;1957569;944255;32.6;15.7
75;2021-05-13;22594;7473;1980163;951728;33.0;15.9
75;2021-05-14;33716;20800;2013879;972528;33.6;16.2
75;2021-05-15;22855;11052;2036734;983580;33.9;16.4
75;2021-05-16;7364;2056;2044098;985636;34.1;16.4
75;2021-05-17;33772;19170;2077870;1004806;34.6;16.7
75;2021-05-18;42509;19857;2120379;1024663;35.3;17.1
75;2021-05-19;42545;17552;2162924;1042215;36.0;17.4
75;2021-05-20;45797;20296;2208721;1062511;36.8;17.7
75;2021-05-21;42697;21322;2251418;1083833;37.5;18.1
75;2021-05-22;23215;9762;2274633;1093595;37.9;18.2
75;2021-05-23;7798;1419;2282431;1095014;38.0;18.3
75;2021-05-24;18679;4034;2301110;1099048;38.4;18.3
75;2021-05-25;36771;20912;2337881;1119960;39.0;18.7
75;2021-05-26;38177;21418;2376058;1141378;39.6;19.0
75;2021-05-27;42764;27016;2418822;1168394;40.3;19.5
75;2021-05-28;38785;32224;2457607;1200618;41.0;20.0
75;2021-05-29;19623;18075;2477230;1218693;41.3;20.3
75;2021-05-30;5768;2281;2482998;1220974;41.4;20.3
75;2021-05-31;31584;23089;2514582;1244063;41.9;20.7
75;2021-06-01;40894;29542;2555476;1273605;42.6;21.2
75;2021-06-02;41148;28131;2596624;1301736;43.3;21.7
75;2021-06-03;47479;31120;2644103;1332856;44.1;22.2
75;2021-06-04;44085;36811;2688188;1369667;44.8;22.8
75;2021-06-05;24168;18419;2712356;1388086;45.2;23.1
76;2020-12-27;0;0;0;0;0.0;0.0
76;2020-12-28;3;0;3;0;0.0;0.0
76;2020-12-29;0;0;3;0;0.0;0.0
76;2020-12-30;0;0;3;0;0.0;0.0
76;2020-12-31;1;0;4;0;0.0;0.0
76;2021-01-01;3;0;7;0;0.0;0.0
76;2021-01-02;2;0;9;0;0.0;0.0
76;2021-01-03;2;0;11;0;0.0;0.0
76;2021-01-04;59;1;70;1;0.0;0.0
76;2021-01-05;473;1;543;2;0.0;0.0
76;2021-01-06;783;1;1326;3;0.0;0.0
76;2021-01-07;2537;3;3863;6;0.1;0.0
76;2021-01-08;3212;1;7075;7;0.1;0.0
76;2021-01-09;1537;0;8612;7;0.1;0.0
76;2021-01-10;517;0;9129;7;0.2;0.0
76;2021-01-11;3522;7;12651;14;0.2;0.0
76;2021-01-12;5736;6;18387;20;0.3;0.0
76;2021-01-13;6474;9;24861;29;0.4;0.0
76;2021-01-14;8985;78;33846;107;0.6;0.0
76;2021-01-15;7250;27;41096;134;0.7;0.0
76;2021-01-16;1951;20;43047;154;0.7;0.0
76;2021-01-17;708;3;43755;157;0.7;0.0
76;2021-01-18;7699;18;51454;175;0.9;0.0
76;2021-01-19;11189;21;62643;196;1.1;0.0
76;2021-01-20;13685;19;76328;215;1.3;0.0
76;2021-01-21;16667;16;92995;231;1.6;0.0
76;2021-01-22;11846;26;104841;257;1.8;0.0
76;2021-01-23;3878;7;108719;264;1.8;0.0
76;2021-01-24;764;11;109483;275;1.8;0.0
76;2021-01-25;7825;93;117308;368;2.0;0.0
76;2021-01-26;10338;279;127646;647;2.2;0.0
76;2021-01-27;10827;476;138473;1123;2.3;0.0
76;2021-01-28;10136;1691;148609;2814;2.5;0.0
76;2021-01-29;8083;1988;156692;4802;2.6;0.1
76;2021-01-30;3183;771;159875;5573;2.7;0.1
76;2021-01-31;517;267;160392;5840;2.7;0.1
76;2021-02-01;5850;2601;166242;8441;2.8;0.1
76;2021-02-02;10050;3994;176292;12435;3.0;0.2
76;2021-02-03;9513;4063;185805;16498;3.1;0.3
76;2021-02-04;10083;5955;195888;22453;3.3;0.4
76;2021-02-05;7772;5024;203660;27477;3.4;0.5
76;2021-02-06;2689;1050;206349;28527;3.5;0.5
76;2021-02-07;541;494;206890;29021;3.5;0.5
76;2021-02-08;4838;4526;211728;33547;3.6;0.6
76;2021-02-09;6312;6817;218040;40364;3.7;0.7
76;2021-02-10;7163;9228;225203;49592;3.8;0.8
76;2021-02-11;9112;10729;234315;60321;4.0;1.0
76;2021-02-12;8039;7677;242354;67998;4.1;1.1
76;2021-02-13;2645;2269;244999;70267;4.1;1.2
76;2021-02-14;356;994;245355;71261;4.1;1.2
76;2021-02-15;3380;6462;248735;77723;4.2;1.3
76;2021-02-16;4240;8686;252975;86409;4.3;1.5
76;2021-02-17;4372;9643;257347;96052;4.3;1.6
76;2021-02-18;5868;9983;263215;106035;4.4;1.8
76;2021-02-19;4838;8123;268053;114158;4.5;1.9
76;2021-02-20;1529;3034;269582;117192;4.6;2.0
76;2021-02-21;262;594;269844;117786;4.6;2.0
76;2021-02-22;3269;7657;273113;125443;4.6;2.1
76;2021-02-23;4915;10227;278028;135670;4.7;2.3
76;2021-02-24;4638;10412;282666;146082;4.8;2.5
76;2021-02-25;8300;9881;290966;155963;4.9;2.6
76;2021-02-26;9626;8371;300592;164334;5.1;2.8
76;2021-02-27;3698;3089;304290;167423;5.1;2.8
76;2021-02-28;430;452;304720;167875;5.1;2.8
76;2021-03-01;5290;6118;310010;173993;5.2;2.9
76;2021-03-02;8211;7550;318221;181543;5.4;3.1
76;2021-03-03;9206;7456;327427;188999;5.5;3.2
76;2021-03-04;14309;7884;341736;196883;5.8;3.3
76;2021-03-05;16903;7114;358639;203997;6.1;3.4
76;2021-03-06;15827;2115;374466;206112;6.3;3.5
76;2021-03-07;11364;438;385830;206550;6.5;3.5
76;2021-03-08;9910;5495;395740;212045;6.7;3.6
76;2021-03-09;16176;6432;411916;218477;7.0;3.7
76;2021-03-10;16393;6456;428309;224933;7.2;3.8
76;2021-03-11;22526;6344;450835;231277;7.6;3.9
76;2021-03-12;26353;5215;477188;236492;8.1;4.0
76;2021-03-13;14872;2128;492060;238620;8.3;4.0
76;2021-03-14;2313;350;494373;238970;8.3;4.0
76;2021-03-15;13454;3257;507827;242227;8.6;4.1
76;2021-03-16;11753;4509;519580;246736;8.8;4.2
76;2021-03-17;12825;3953;532405;250689;9.0;4.2
76;2021-03-18;13684;4959;546089;255648;9.2;4.3
76;2021-03-19;18608;3966;564697;259614;9.5;4.4
76;2021-03-20;10629;1103;575326;260717;9.7;4.4
76;2021-03-21;3191;215;578517;260932;9.8;4.4
76;2021-03-22;14622;3551;593139;264483;10.0;4.5
76;2021-03-23;22181;4286;615320;268769;10.4;4.5
76;2021-03-24;23520;4127;638840;272896;10.8;4.6
76;2021-03-25;31880;4537;670720;277433;11.3;4.7
76;2021-03-26;30725;4003;701445;281436;11.8;4.8
76;2021-03-27;16168;1367;717613;282803;12.1;4.8
76;2021-03-28;4861;179;722474;282982;12.2;4.8
76;2021-03-29;22239;4831;744713;287813;12.6;4.9
76;2021-03-30;29578;5639;774291;293452;13.1;5.0
76;2021-03-31;26799;5512;801090;298964;13.5;5.0
76;2021-04-01;34359;5807;835449;304771;14.1;5.1
76;2021-04-02;29257;5683;864706;310454;14.6;5.2
76;2021-04-03;12109;2821;876815;313275;14.8;5.3
76;2021-04-04;4345;644;881160;313919;14.9;5.3
76;2021-04-05;4280;661;885440;314580;14.9;5.3
76;2021-04-06;22779;9685;908219;324265;15.3;5.5
76;2021-04-07;25198;9801;933417;334066;15.8;5.6
76;2021-04-08;33032;10154;966449;344220;16.3;5.8
76;2021-04-09;38783;9510;1005232;353730;17.0;6.0
76;2021-04-10;22667;5095;1027899;358825;17.3;6.1
76;2021-04-11;8846;1410;1036745;360235;17.5;6.1
76;2021-04-12;25961;10439;1062706;370674;17.9;6.3
76;2021-04-13;35689;12754;1098395;383428;18.5;6.5
76;2021-04-14;32793;13180;1131188;396608;19.1;6.7
76;2021-04-15;37355;13733;1168543;410341;19.7;6.9
76;2021-04-16;34344;13033;1202887;423374;20.3;7.1
76;2021-04-17;21336;6591;1224223;429965;20.7;7.3
76;2021-04-18;7699;2668;1231922;432633;20.8;7.3
76;2021-04-19;22024;12877;1253946;445510;21.2;7.5
76;2021-04-20;27940;16656;1281886;462166;21.6;7.8
76;2021-04-21;26991;16873;1308877;479039;22.1;8.1
76;2021-04-22;30319;17851;1339196;496890;22.6;8.4
76;2021-04-23;28629;16334;1367825;513224;23.1;8.7
76;2021-04-24;18447;10353;1386272;523577;23.4;8.8
76;2021-04-25;6892;4174;1393164;527751;23.5;8.9
76;2021-04-26;19793;18336;1412957;546087;23.8;9.2
76;2021-04-27;26582;21321;1439539;567408;24.3;9.6
76;2021-04-28;25751;20891;1465290;588299;24.7;9.9
76;2021-04-29;29590;23115;1494880;611414;25.2;10.3
76;2021-04-30;30641;20057;1525521;631471;25.7;10.7
76;2021-05-01;17367;6966;1542888;638437;26.0;10.8
76;2021-05-02;9439;4757;1552327;643194;26.2;10.9
76;2021-05-03;26373;16713;1578700;659907;26.6;11.1
76;2021-05-04;29834;25750;1608534;685657;27.1;11.6
76;2021-05-05;27960;26338;1636494;711995;27.6;12.0
76;2021-05-06;30817;30784;1667311;742779;28.1;12.5
76;2021-05-07;31465;30705;1698776;773484;28.7;13.1
76;2021-05-08;16842;10493;1715618;783977;29.0;13.2
76;2021-05-09;9670;8658;1725288;792635;29.1;13.4
76;2021-05-10;23876;27995;1749164;820630;29.5;13.9
76;2021-05-11;31336;32989;1780500;853619;30.1;14.4
76;2021-05-12;32970;29323;1813470;882942;30.6;14.9
76;2021-05-13;25790;9665;1839260;892607;31.0;15.1
76;2021-05-14;34341;21227;1873601;913834;31.6;15.4
76;2021-05-15;24468;12176;1898069;926010;32.0;15.6
76;2021-05-16;15371;3762;1913440;929772;32.3;15.7
76;2021-05-17;27712;19173;1941152;948945;32.8;16.0
76;2021-05-18;35011;19507;1976163;968452;33.4;16.3
76;2021-05-19;36754;16872;2012917;985324;34.0;16.6
76;2021-05-20;40879;18607;2053796;1003931;34.7;16.9
76;2021-05-21;37810;19956;2091606;1023887;35.3;17.3
76;2021-05-22;26899;9219;2118505;1033106;35.8;17.4
76;2021-05-23;13255;1789;2131760;1034895;36.0;17.5
76;2021-05-24;15358;4085;2147118;1038980;36.2;17.5
76;2021-05-25;31398;20684;2178516;1059664;36.8;17.9
76;2021-05-26;33150;19136;2211666;1078800;37.3;18.2
76;2021-05-27;36034;24330;2247700;1103130;37.9;18.6
76;2021-05-28;32319;28192;2280019;1131322;38.5;19.1
76;2021-05-29;19360;16700;2299379;1148022;38.8;19.4
76;2021-05-30;6079;6298;2305458;1154320;38.9;19.5
76;2021-05-31;25634;22806;2331092;1177126;39.3;19.9
76;2021-06-01;31011;29734;2362103;1206860;39.9;20.4
76;2021-06-02;30449;27923;2392552;1234783;40.4;20.8
76;2021-06-03;33896;32963;2426448;1267746;41.0;21.4
76;2021-06-04;34692;34065;2461140;1301811;41.5;22.0
76;2021-06-05;25801;19567;2486941;1321378;42.0;22.3
84;2020-12-27;1;0;1;0;0.0;0.0
84;2020-12-28;7;0;8;0;0.0;0.0
84;2020-12-29;5;0;13;0;0.0;0.0
84;2020-12-30;5;0;18;0;0.0;0.0
84;2020-12-31;12;0;30;0;0.0;0.0
84;2021-01-01;10;0;40;0;0.0;0.0
84;2021-01-02;2;1;42;1;0.0;0.0
84;2021-01-03;0;0;42;1;0.0;0.0
84;2021-01-04;174;0;216;1;0.0;0.0
84;2021-01-05;458;1;674;2;0.0;0.0
84;2021-01-06;1135;0;1809;2;0.0;0.0
84;2021-01-07;2844;3;4653;5;0.1;0.0
84;2021-01-08;3069;1;7722;6;0.1;0.0
84;2021-01-09;512;1;8234;7;0.1;0.0
84;2021-01-10;160;0;8394;7;0.1;0.0
84;2021-01-11;4272;8;12666;15;0.2;0.0
84;2021-01-12;6347;14;19013;29;0.2;0.0
84;2021-01-13;6833;10;25846;39;0.3;0.0
84;2021-01-14;9037;54;34883;93;0.4;0.0
84;2021-01-15;7738;26;42621;119;0.5;0.0
84;2021-01-16;2953;6;45574;125;0.6;0.0
84;2021-01-17;918;2;46492;127;0.6;0.0
84;2021-01-18;8940;29;55432;156;0.7;0.0
84;2021-01-19;15036;73;70468;229;0.9;0.0
84;2021-01-20;15461;31;85929;260;1.1;0.0
84;2021-01-21;14517;39;100446;299;1.3;0.0
84;2021-01-22;12385;34;112831;333;1.4;0.0
84;2021-01-23;4756;1;117587;334;1.5;0.0
84;2021-01-24;810;1;118397;335;1.5;0.0
84;2021-01-25;8747;143;127144;478;1.6;0.0
84;2021-01-26;11874;311;139018;789;1.7;0.0
84;2021-01-27;12026;608;151044;1397;1.9;0.0
84;2021-01-28;13780;1531;164824;2928;2.1;0.0
84;2021-01-29;10788;1305;175612;4233;2.2;0.1
84;2021-01-30;4138;146;179750;4379;2.2;0.1
84;2021-01-31;498;1;180248;4380;2.2;0.1
84;2021-02-01;6530;1873;186778;6253;2.3;0.1
84;2021-02-02;10575;3507;197353;9760;2.5;0.1
84;2021-02-03;11510;3913;208863;13673;2.6;0.2
84;2021-02-04;12502;5515;221365;19188;2.8;0.2
84;2021-02-05;8597;4688;229962;23876;2.9;0.3
84;2021-02-06;2648;951;232610;24827;2.9;0.3
84;2021-02-07;452;438;233062;25265;2.9;0.3
84;2021-02-08;6211;4960;239273;30225;3.0;0.4
84;2021-02-09;9352;8231;248625;38456;3.1;0.5
84;2021-02-10;9657;8598;258282;47054;3.2;0.6
84;2021-02-11;10660;9869;268942;56923;3.3;0.7
84;2021-02-12;9691;7918;278633;64841;3.5;0.8
84;2021-02-13;3496;2332;282129;67173;3.5;0.8
84;2021-02-14;622;455;282751;67628;3.5;0.8
84;2021-02-15;4861;8348;287612;75976;3.6;0.9
84;2021-02-16;6079;10740;293691;86716;3.7;1.1
84;2021-02-17;6042;11549;299733;98265;3.7;1.2
84;2021-02-18;7068;11733;306801;109998;3.8;1.4
84;2021-02-19;6635;9322;313436;119320;3.9;1.5
84;2021-02-20;1836;3265;315272;122585;3.9;1.5
84;2021-02-21;179;504;315451;123089;3.9;1.5
84;2021-02-22;4280;8817;319731;131906;4.0;1.6
84;2021-02-23;7270;11389;327001;143295;4.1;1.8
84;2021-02-24;7772;11993;334773;155288;4.2;1.9
84;2021-02-25;12694;13723;347467;169011;4.3;2.1
84;2021-02-26;14862;10298;362329;179309;4.5;2.2
84;2021-02-27;5550;2904;367879;182213;4.6;2.3
84;2021-02-28;500;510;368379;182723;4.6;2.3
84;2021-03-01;9274;6391;377653;189114;4.7;2.4
84;2021-03-02;14939;8746;392592;197860;4.9;2.5
84;2021-03-03;14767;8599;407359;206459;5.1;2.6
84;2021-03-04;20911;8338;428270;214797;5.3;2.7
84;2021-03-05;25737;7563;454007;222360;5.7;2.8
84;2021-03-06;19468;2305;473475;224665;5.9;2.8
84;2021-03-07;8404;415;481879;225080;6.0;2.8
84;2021-03-08;12240;6770;494119;231850;6.2;2.9
84;2021-03-09;20685;7672;514804;239522;6.4;3.0
84;2021-03-10;20256;7472;535060;246994;6.7;3.1
84;2021-03-11;29415;8098;564475;255092;7.0;3.2
84;2021-03-12;36133;7526;600608;262618;7.5;3.3
84;2021-03-13;21397;1803;622005;264421;7.7;3.3
84;2021-03-14;4673;447;626678;264868;7.8;3.3
84;2021-03-15;18828;4716;645506;269584;8.0;3.4
84;2021-03-16;17056;6094;662562;275678;8.2;3.4
84;2021-03-17;17584;6450;680146;282128;8.5;3.5
84;2021-03-18;21461;6906;701607;289034;8.7;3.6
84;2021-03-19;28932;5462;730539;294496;9.1;3.7
84;2021-03-20;14508;1346;745047;295842;9.3;3.7
84;2021-03-21;3236;258;748283;296100;9.3;3.7
84;2021-03-22;19708;5095;767991;301195;9.6;3.7
84;2021-03-23;30708;5859;798699;307054;9.9;3.8
84;2021-03-24;29903;5763;828602;312817;10.3;3.9
84;2021-03-25;41439;6350;870041;319167;10.8;4.0
84;2021-03-26;42879;6656;912920;325823;11.4;4.1
84;2021-03-27;18119;2872;931039;328695;11.6;4.1
84;2021-03-28;6497;562;937536;329257;11.7;4.1
84;2021-03-29;22898;7843;960434;337100;12.0;4.2
84;2021-03-30;34849;10044;995283;347144;12.4;4.3
84;2021-03-31;29515;10890;1024798;358034;12.8;4.5
84;2021-04-01;37111;11279;1061909;369313;13.2;4.6
84;2021-04-02;34761;11197;1096670;380510;13.7;4.7
84;2021-04-03;14778;6194;1111448;386704;13.8;4.8
84;2021-04-04;9925;1987;1121373;388691;14.0;4.8
84;2021-04-05;13517;1635;1134890;390326;14.1;4.9
84;2021-04-06;26167;13088;1161057;403414;14.5;5.0
84;2021-04-07;29420;14571;1190477;417985;14.8;5.2
84;2021-04-08;39553;15278;1230030;433263;15.3;5.4
84;2021-04-09;49265;14845;1279295;448108;15.9;5.6
84;2021-04-10;20413;8049;1299708;456157;16.2;5.7
84;2021-04-11;7206;2654;1306914;458811;16.3;5.7
84;2021-04-12;27241;15502;1334155;474313;16.6;5.9
84;2021-04-13;36099;19302;1370254;493615;17.1;6.1
84;2021-04-14;34568;18182;1404822;511797;17.5;6.4
84;2021-04-15;40023;19575;1444845;531372;18.0;6.6
84;2021-04-16;38119;19940;1482964;551312;18.5;6.9
84;2021-04-17;20467;8982;1503431;560294;18.7;7.0
84;2021-04-18;6835;2680;1510266;562974;18.8;7.0
84;2021-04-19;26174;18492;1536440;581466;19.1;7.2
84;2021-04-20;31118;22406;1567558;603872;19.5;7.5
84;2021-04-21;28000;21395;1595558;625267;19.9;7.8
84;2021-04-22;32114;22546;1627672;647813;20.3;8.1
84;2021-04-23;32684;22995;1660356;670808;20.7;8.4
84;2021-04-24;17891;11894;1678247;682702;20.9;8.5
84;2021-04-25;7117;4245;1685364;686947;21.0;8.6
84;2021-04-26;23521;19990;1708885;706937;21.3;8.8
84;2021-04-27;31672;25173;1740557;732110;21.7;9.1
84;2021-04-28;32277;24766;1772834;756876;22.1;9.4
84;2021-04-29;39449;26437;1812283;783313;22.6;9.8
84;2021-04-30;38017;27731;1850300;811044;23.0;10.1
84;2021-05-01;17008;5302;1867308;816346;23.2;10.2
84;2021-05-02;7897;8555;1875205;824901;23.3;10.3
84;2021-05-03;30115;27429;1905320;852330;23.7;10.6
84;2021-05-04;36943;33677;1942263;886007;24.2;11.0
84;2021-05-05;39905;30112;1982168;916119;24.7;11.4
84;2021-05-06;46261;32537;2028429;948656;25.3;11.8
84;2021-05-07;46598;36733;2075027;985389;25.8;12.3
84;2021-05-08;19422;7546;2094449;992935;26.1;12.4
84;2021-05-09;15777;8879;2110226;1001814;26.3;12.5
84;2021-05-10;35619;31909;2145845;1033723;26.7;12.9
84;2021-05-11;52336;36148;2198181;1069871;27.4;13.3
84;2021-05-12;56037;31754;2254218;1101625;28.1;13.7
84;2021-05-13;47064;10431;2301282;1112056;28.7;13.8
84;2021-05-14;57017;24859;2358299;1136915;29.4;14.2
84;2021-05-15;43777;13525;2402076;1150440;29.9;14.3
84;2021-05-16;30258;5048;2432334;1155488;30.3;14.4
84;2021-05-17;48055;24838;2480389;1180326;30.9;14.7
84;2021-05-18;58689;27226;2539078;1207552;31.6;15.0
84;2021-05-19;58091;23444;2597169;1230996;32.3;15.3
84;2021-05-20;61158;26905;2658327;1257901;33.1;15.7
84;2021-05-21;60647;29235;2718974;1287136;33.9;16.0
84;2021-05-22;40292;12805;2759266;1299941;34.4;16.2
84;2021-05-23;21301;3884;2780567;1303825;34.6;16.2
84;2021-05-24;39485;8454;2820052;1312279;35.1;16.3
84;2021-05-25;50097;31554;2870149;1343833;35.7;16.7
84;2021-05-26;49566;28801;2919715;1372634;36.3;17.1
84;2021-05-27;55495;31716;2975210;1404350;37.0;17.5
84;2021-05-28;54628;40369;3029838;1444719;37.7;18.0
84;2021-05-29;37542;22309;3067380;1467028;38.2;18.3
84;2021-05-30;16108;7238;3083488;1474266;38.4;18.4
84;2021-05-31;44207;29305;3127695;1503571;38.9;18.7
84;2021-06-01;48121;36509;3175816;1540080;39.5;19.2
84;2021-06-02;47499;31025;3223315;1571105;40.1;19.6
84;2021-06-03;55620;36385;3278935;1607490;40.8;20.0
84;2021-06-04;54230;42108;3333165;1649598;41.5;20.5
84;2021-06-05;37627;21483;3370792;1671081;42.0;20.8
93;2020-12-27;0;0;0;0;0.0;0.0
93;2020-12-28;1;0;1;0;0.0;0.0
93;2020-12-29;1;0;2;0;0.0;0.0
93;2020-12-30;3;0;5;0;0.0;0.0
93;2020-12-31;19;0;24;0;0.0;0.0
93;2021-01-01;13;0;37;0;0.0;0.0
93;2021-01-02;2;0;39;0;0.0;0.0
93;2021-01-03;2;0;41;0;0.0;0.0
93;2021-01-04;133;1;174;1;0.0;0.0
93;2021-01-05;249;1;423;2;0.0;0.0
93;2021-01-06;408;0;831;2;0.0;0.0
93;2021-01-07;1243;2;2074;4;0.0;0.0
93;2021-01-08;1561;2;3635;6;0.1;0.0
93;2021-01-09;540;0;4175;6;0.1;0.0
93;2021-01-10;73;0;4248;6;0.1;0.0
93;2021-01-11;2406;1;6654;7;0.1;0.0
93;2021-01-12;5083;5;11737;12;0.2;0.0
93;2021-01-13;4390;14;16127;26;0.3;0.0
93;2021-01-14;5516;48;21643;74;0.4;0.0
93;2021-01-15;4915;12;26558;86;0.5;0.0
93;2021-01-16;1670;2;28228;88;0.6;0.0
93;2021-01-17;299;1;28527;89;0.6;0.0
93;2021-01-18;7140;27;35667;116;0.7;0.0
93;2021-01-19;13498;30;49165;146;1.0;0.0
93;2021-01-20;12228;30;61393;176;1.2;0.0
93;2021-01-21;12294;39;73687;215;1.5;0.0
93;2021-01-22;10125;21;83812;236;1.7;0.0
93;2021-01-23;3322;5;87134;241;1.7;0.0
93;2021-01-24;536;3;87670;244;1.7;0.0
93;2021-01-25;7230;38;94900;282;1.9;0.0
93;2021-01-26;10050;131;104950;413;2.1;0.0
93;2021-01-27;9674;285;114624;698;2.3;0.0
93;2021-01-28;13650;823;128274;1521;2.5;0.0
93;2021-01-29;9832;969;138106;2490;2.7;0.0
93;2021-01-30;2239;158;140345;2648;2.8;0.1
93;2021-01-31;302;5;140647;2653;2.8;0.1
93;2021-02-01;5156;1513;145803;4166;2.9;0.1
93;2021-02-02;6638;2377;152441;6543;3.0;0.1
93;2021-02-03;5014;1817;157455;8360;3.1;0.2
93;2021-02-04;5529;3157;162984;11517;3.2;0.2
93;2021-02-05;6102;4123;169086;15640;3.3;0.3
93;2021-02-06;1244;970;170330;16610;3.4;0.3
93;2021-02-07;280;81;170610;16691;3.4;0.3
93;2021-02-08;4301;3743;174911;20434;3.5;0.4
93;2021-02-09;5885;7100;180796;27534;3.6;0.5
93;2021-02-10;5941;5878;186737;33412;3.7;0.7
93;2021-02-11;6591;6710;193328;40122;3.8;0.8
93;2021-02-12;5706;6475;199034;46597;3.9;0.9
93;2021-02-13;1127;1446;200161;48043;4.0;1.0
93;2021-02-14;73;384;200234;48427;4.0;1.0
93;2021-02-15;2406;5634;202640;54061;4.0;1.1
93;2021-02-16;3188;7696;205828;61757;4.1;1.2
93;2021-02-17;3602;8517;209430;70274;4.1;1.4
93;2021-02-18;5993;11410;215423;81684;4.3;1.6
93;2021-02-19;5612;8659;221035;90343;4.4;1.8
93;2021-02-20;876;1800;221911;92143;4.4;1.8
93;2021-02-21;68;417;221979;92560;4.4;1.8
93;2021-02-22;3021;6989;225000;99549;4.5;2.0
93;2021-02-23;3955;7238;228955;106787;4.5;2.1
93;2021-02-24;4739;6793;233694;113580;4.6;2.2
93;2021-02-25;8217;6640;241911;120220;4.8;2.4
93;2021-02-26;8253;6155;250164;126375;4.9;2.5
93;2021-02-27;3273;1476;253437;127851;5.0;2.5
93;2021-02-28;301;237;253738;128088;5.0;2.5
93;2021-03-01;5624;4472;259362;132560;5.1;2.6
93;2021-03-02;7193;5907;266555;138467;5.3;2.7
93;2021-03-03;8949;6529;275504;144996;5.4;2.9
93;2021-03-04;11990;6413;287494;151409;5.7;3.0
93;2021-03-05;12127;6063;299621;157472;5.9;3.1
93;2021-03-06;22371;1230;321992;158702;6.4;3.1
93;2021-03-07;17834;546;339826;159248;6.7;3.1
93;2021-03-08;10211;5224;350037;164472;6.9;3.3
93;2021-03-09;13909;5520;363946;169992;7.2;3.4
93;2021-03-10;14416;5232;378362;175224;7.5;3.5
93;2021-03-11;20325;6078;398687;181302;7.9;3.6
93;2021-03-12;21861;5215;420548;186517;8.3;3.7
93;2021-03-13;24283;1149;444831;187666;8.8;3.7
93;2021-03-14;6326;243;451157;187909;8.9;3.7
93;2021-03-15;15880;3071;467037;190980;9.2;3.8
93;2021-03-16;12702;3601;479739;194581;9.5;3.8
93;2021-03-17;15986;4596;495725;199177;9.8;3.9
93;2021-03-18;17008;4859;512733;204036;10.1;4.0
93;2021-03-19;20956;4647;533689;208683;10.6;4.1
93;2021-03-20;10960;1300;544649;209983;10.8;4.2
93;2021-03-21;3251;125;547900;210108;10.8;4.2
93;2021-03-22;17020;3523;564920;213631;11.2;4.2
93;2021-03-23;22596;3819;587516;217450;11.6;4.3
93;2021-03-24;21892;6564;609408;224014;12.1;4.4
93;2021-03-25;28882;6422;638290;230436;12.6;4.6
93;2021-03-26;29768;4943;668058;235379;13.2;4.7
93;2021-03-27;12400;1609;680458;236988;13.5;4.7
93;2021-03-28;3554;97;684012;237085;13.5;4.7
93;2021-03-29;18444;5279;702456;242364;13.9;4.8
93;2021-03-30;28399;6583;730855;248947;14.5;4.9
93;2021-03-31;28667;6520;759522;255467;15.0;5.1
93;2021-04-01;30616;7396;790138;262863;15.6;5.2
93;2021-04-02;26847;8383;816985;271246;16.2;5.4
93;2021-04-03;9737;4954;826722;276200;16.4;5.5
93;2021-04-04;2107;1249;828829;277449;16.4;5.5
93;2021-04-05;6049;1543;834878;278992;16.5;5.5
93;2021-04-06;23212;9943;858090;288935;17.0;5.7
93;2021-04-07;26004;11604;884094;300539;17.5;5.9
93;2021-04-08;28739;14882;912833;315421;18.1;6.2
93;2021-04-09;33304;14493;946137;329914;18.7;6.5
93;2021-04-10;14972;8138;961109;338052;19.0;6.7
93;2021-04-11;3717;2948;964826;341000;19.1;6.7
93;2021-04-12;20528;12144;985354;353144;19.5;7.0
93;2021-04-13;25375;15130;1010729;368274;20.0;7.3
93;2021-04-14;25090;15166;1035819;383440;20.5;7.6
93;2021-04-15;26907;15544;1062726;398984;21.0;7.9
93;2021-04-16;27364;16370;1090090;415354;21.6;8.2
93;2021-04-17;12656;7695;1102746;423049;21.8;8.4
93;2021-04-18;5245;2953;1107991;426002;21.9;8.4
93;2021-04-19;18865;15888;1126856;441890;22.3;8.7
93;2021-04-20;20981;18666;1147837;460556;22.7;9.1
93;2021-04-21;23638;18214;1171475;478770;23.2;9.5
93;2021-04-22;25379;19130;1196854;497900;23.7;9.8
93;2021-04-23;24773;18048;1221627;515948;24.2;10.2
93;2021-04-24;11505;8673;1233132;524621;24.4;10.4
93;2021-04-25;3194;2131;1236326;526752;24.5;10.4
93;2021-04-26;16212;15803;1252538;542555;24.8;10.7
93;2021-04-27;19318;20163;1271856;562718;25.2;11.1
93;2021-04-28;20972;20054;1292828;582772;25.6;11.5
93;2021-04-29;27623;21666;1320451;604438;26.1;12.0
93;2021-04-30;26738;20485;1347189;624923;26.6;12.4
93;2021-05-01;11297;5220;1358486;630143;26.9;12.5
93;2021-05-02;4049;1873;1362535;632016;27.0;12.5
93;2021-05-03;20076;18099;1382611;650115;27.3;12.9
93;2021-05-04;20171;22648;1402782;672763;27.7;13.3
93;2021-05-05;19258;21467;1422040;694230;28.1;13.7
93;2021-05-06;24492;21551;1446532;715781;28.6;14.2
93;2021-05-07;22261;24935;1468793;740716;29.1;14.7
93;2021-05-08;12959;6833;1481752;747549;29.3;14.8
93;2021-05-09;3445;2302;1485197;749851;29.4;14.8
93;2021-05-10;18277;22541;1503474;772392;29.7;15.3
93;2021-05-11;25060;25544;1528534;797936;30.2;15.8
93;2021-05-12;31055;22374;1559589;820310;30.8;16.2
93;2021-05-13;27510;7775;1587099;828085;31.4;16.4
93;2021-05-14;31950;16106;1619049;844191;32.0;16.7
93;2021-05-15;27351;10096;1646400;854287;32.6;16.9
93;2021-05-16;12671;2484;1659071;856771;32.8;16.9
93;2021-05-17;24290;17167;1683361;873938;33.3;17.3
93;2021-05-18;28119;16513;1711480;890451;33.9;17.6
93;2021-05-19;28057;15095;1739537;905546;34.4;17.9
93;2021-05-20;31254;16529;1770791;922075;35.0;18.2
93;2021-05-21;31246;17648;1802037;939723;35.6;18.6
93;2021-05-22;18566;7674;1820603;947397;36.0;18.7
93;2021-05-23;5890;1997;1826493;949394;36.1;18.8
93;2021-05-24;17418;4967;1843911;954361;36.5;18.9
93;2021-05-25;23251;20375;1867162;974736;36.9;19.3
93;2021-05-26;22241;21665;1889403;996401;37.4;19.7
93;2021-05-27;24923;23105;1914326;1019506;37.9;20.2
93;2021-05-28;20896;26432;1935222;1045938;38.3;20.7
93;2021-05-29;12934;14320;1948156;1060258;38.5;21.0
93;2021-05-30;2579;3175;1950735;1063433;38.6;21.0
93;2021-05-31;19697;21198;1970432;1084631;39.0;21.5
93;2021-06-01;23207;25936;1993639;1110567;39.4;22.0
93;2021-06-02;21534;25902;2015173;1136469;39.9;22.5
93;2021-06-03;26980;27065;2042153;1163534;40.4;23.0
93;2021-06-04;26684;28043;2068837;1191577;40.9;23.6
93;2021-06-05;15986;14176;2084823;1205753;41.2;23.8
94;2020-12-27;0;0;0;0;0.0;0.0
94;2020-12-28;0;0;0;0;0.0;0.0
94;2020-12-29;0;0;0;0;0.0;0.0
94;2020-12-30;0;0;0;0;0.0;0.0
94;2020-12-31;0;0;0;0;0.0;0.0
94;2021-01-01;0;0;0;0;0.0;0.0
94;2021-01-02;0;0;0;0;0.0;0.0
94;2021-01-03;0;0;0;0;0.0;0.0
94;2021-01-04;2;0;2;0;0.0;0.0
94;2021-01-05;0;0;2;0;0.0;0.0
94;2021-01-06;53;0;55;0;0.0;0.0
94;2021-01-07;333;1;388;1;0.1;0.0
94;2021-01-08;310;0;698;1;0.2;0.0
94;2021-01-09;78;0;776;1;0.2;0.0
94;2021-01-10;34;0;810;1;0.2;0.0
94;2021-01-11;152;0;962;1;0.3;0.0
94;2021-01-12;207;1;1169;2;0.3;0.0
94;2021-01-13;203;0;1372;2;0.4;0.0
94;2021-01-14;263;1;1635;3;0.5;0.0
94;2021-01-15;402;0;2037;3;0.6;0.0
94;2021-01-16;198;1;2235;4;0.6;0.0
94;2021-01-17;89;1;2324;5;0.7;0.0
94;2021-01-18;471;2;2795;7;0.8;0.0
94;2021-01-19;980;0;3775;7;1.1;0.0
94;2021-01-20;808;0;4583;7;1.3;0.0
94;2021-01-21;807;1;5390;8;1.6;0.0
94;2021-01-22;717;0;6107;8;1.8;0.0
94;2021-01-23;243;0;6350;8;1.8;0.0
94;2021-01-24;147;0;6497;8;1.9;0.0
94;2021-01-25;422;2;6919;10;2.0;0.0
94;2021-01-26;789;7;7708;17;2.2;0.0
94;2021-01-27;664;55;8372;72;2.4;0.0
94;2021-01-28;699;230;9071;302;2.6;0.1
94;2021-01-29;616;229;9687;531;2.8;0.2
94;2021-01-30;204;74;9891;605;2.9;0.2
94;2021-01-31;150;12;10041;617;2.9;0.2
94;2021-02-01;455;147;10496;764;3.0;0.2
94;2021-02-02;643;196;11139;960;3.2;0.3
94;2021-02-03;783;166;11922;1126;3.5;0.3
94;2021-02-04;714;298;12636;1424;3.7;0.4
94;2021-02-05;647;201;13283;1625;3.9;0.5
94;2021-02-06;206;75;13489;1700;3.9;0.5
94;2021-02-07;126;58;13615;1758;4.0;0.5
94;2021-02-08;322;366;13937;2124;4.0;0.6
94;2021-02-09;713;616;14650;2740;4.3;0.8
94;2021-02-10;643;430;15293;3170;4.4;0.9
94;2021-02-11;679;497;15972;3667;4.6;1.1
94;2021-02-12;635;428;16607;4095;4.8;1.2
94;2021-02-13;301;72;16908;4167;4.9;1.2
94;2021-02-14;193;78;17101;4245;5.0;1.2
94;2021-02-15;377;309;17478;4554;5.1;1.3
94;2021-02-16;635;603;18113;5157;5.3;1.5
94;2021-02-17;592;482;18705;5639;5.4;1.6
94;2021-02-18;550;545;19255;6184;5.6;1.8
94;2021-02-19;309;611;19564;6795;5.7;2.0
94;2021-02-20;275;199;19839;6994;5.8;2.0
94;2021-02-21;84;84;19923;7078;5.8;2.1
94;2021-02-22;211;406;20134;7484;5.8;2.2
94;2021-02-23;352;648;20486;8132;5.9;2.4
94;2021-02-24;297;609;20783;8741;6.0;2.5
94;2021-02-25;348;608;21131;9349;6.1;2.7
94;2021-02-26;418;555;21549;9904;6.3;2.9
94;2021-02-27;368;152;21917;10056;6.4;2.9
94;2021-02-28;70;123;21987;10179;6.4;3.0
94;2021-03-01;359;412;22346;10591;6.5;3.1
94;2021-03-02;549;654;22895;11245;6.6;3.3
94;2021-03-03;525;690;23420;11935;6.8;3.5
94;2021-03-04;949;635;24369;12570;7.1;3.6
94;2021-03-05;1584;668;25953;13238;7.5;3.8
94;2021-03-06;1843;163;27796;13401;8.1;3.9
94;2021-03-07;1377;98;29173;13499;8.5;3.9
94;2021-03-08;1227;322;30400;13821;8.8;4.0
94;2021-03-09;1311;652;31711;14473;9.2;4.2
94;2021-03-10;1258;574;32969;15047;9.6;4.4
94;2021-03-11;1304;631;34273;15678;9.9;4.5
94;2021-03-12;1515;538;35788;16216;10.4;4.7
94;2021-03-13;1112;302;36900;16518;10.7;4.8
94;2021-03-14;537;184;37437;16702;10.9;4.8
94;2021-03-15;885;398;38322;17100;11.1;5.0
94;2021-03-16;1064;638;39386;17738;11.4;5.1
94;2021-03-17;1225;529;40611;18267;11.8;5.3
94;2021-03-18;992;527;41603;18794;12.1;5.5
94;2021-03-19;1284;335;42887;19129;12.4;5.5
94;2021-03-20;1727;287;44614;19416;12.9;5.6
94;2021-03-21;1125;78;45739;19494;13.3;5.7
94;2021-03-22;888;187;46627;19681;13.5;5.7
94;2021-03-23;1301;319;47928;20000;13.9;5.8
94;2021-03-24;1680;301;49608;20301;14.4;5.9
94;2021-03-25;1749;288;51357;20589;14.9;6.0
94;2021-03-26;2016;340;53373;20929;15.5;6.1
94;2021-03-27;2269;222;55642;21151;16.1;6.1
94;2021-03-28;1070;214;56712;21365;16.5;6.2
94;2021-03-29;1018;312;57730;21677;16.7;6.3
94;2021-03-30;1349;555;59079;22232;17.1;6.5
94;2021-03-31;1424;484;60503;22716;17.6;6.6
94;2021-04-01;1632;676;62135;23392;18.0;6.8
94;2021-04-02;1857;1186;63992;24578;18.6;7.1
94;2021-04-03;1891;1125;65883;25703;19.1;7.5
94;2021-04-04;771;838;66654;26541;19.3;7.7
94;2021-04-05;627;800;67281;27341;19.5;7.9
94;2021-04-06;1575;905;68856;28246;20.0;8.2
94;2021-04-07;2003;845;70859;29091;20.6;8.4
94;2021-04-08;2172;751;73031;29842;21.2;8.7
94;2021-04-09;2080;942;75111;30784;21.8;8.9
94;2021-04-10;2398;616;77509;31400;22.5;9.1
94;2021-04-11;1173;312;78682;31712;22.8;9.2
94;2021-04-12;1517;890;80199;32602;23.3;9.5
94;2021-04-13;1384;1007;81583;33609;23.7;9.8
94;2021-04-14;2084;1070;83667;34679;24.3;10.1
94;2021-04-15;1908;1021;85575;35700;24.8;10.4
94;2021-04-16;1774;1034;87349;36734;25.3;10.7
94;2021-04-17;1747;1363;89096;38097;25.8;11.1
94;2021-04-18;1229;1273;90325;39370;26.2;11.4
94;2021-04-19;1088;768;91413;40138;26.5;11.6
94;2021-04-20;1249;1187;92662;41325;26.9;12.0
94;2021-04-21;1780;1329;94442;42654;27.4;12.4
94;2021-04-22;1819;1372;96261;44026;27.9;12.8
94;2021-04-23;1645;1396;97906;45422;28.4;13.2
94;2021-04-24;2024;1739;99930;47161;29.0;13.7
94;2021-04-25;1251;771;101181;47932;29.4;13.9
94;2021-04-26;1010;1143;102191;49075;29.6;14.2
94;2021-04-27;1305;1212;103496;50287;30.0;14.6
94;2021-04-28;2575;1253;106071;51540;30.8;15.0
94;2021-04-29;1957;1211;108028;52751;31.3;15.3
94;2021-04-30;2250;1864;110278;54615;32.0;15.8
94;2021-05-01;1407;1679;111685;56294;32.4;16.3
94;2021-05-02;1000;943;112685;57237;32.7;16.6
94;2021-05-03;1579;1062;114264;58299;33.2;16.9
94;2021-05-04;1533;1682;115797;59981;33.6;17.4
94;2021-05-05;1787;2352;117584;62333;34.1;18.1
94;2021-05-06;2171;1800;119755;64133;34.7;18.6
94;2021-05-07;2179;1810;121934;65943;35.4;19.1
94;2021-05-08;846;1347;122780;67290;35.6;19.5
94;2021-05-09;1157;1315;123937;68605;36.0;19.9
94;2021-05-10;1327;1531;125264;70136;36.3;20.3
94;2021-05-11;1552;1571;126816;71707;36.8;20.8
94;2021-05-12;1708;1363;128524;73070;37.3;21.2
94;2021-05-13;1899;493;130423;73563;37.8;21.3
94;2021-05-14;1501;1247;131924;74810;38.3;21.7
94;2021-05-15;1446;992;133370;75802;38.7;22.0
94;2021-05-16;1000;663;134370;76465;39.0;22.2
94;2021-05-17;1566;961;135936;77426;39.4;22.5
94;2021-05-18;1535;851;137471;78277;39.9;22.7
94;2021-05-19;1524;891;138995;79168;40.3;23.0
94;2021-05-20;1324;885;140319;80053;40.7;23.2
94;2021-05-21;1197;974;141516;81027;41.1;23.5
94;2021-05-22;996;694;142512;81721;41.3;23.7
94;2021-05-23;680;326;143192;82047;41.5;23.8
94;2021-05-24;161;146;143353;82193;41.6;23.8
94;2021-05-25;941;853;144294;83046;41.9;24.1
94;2021-05-26;925;1949;145219;84995;42.1;24.7
94;2021-05-27;820;2234;146039;87229;42.4;25.3
94;2021-05-28;812;1816;146851;89045;42.6;25.8
94;2021-05-29;637;1251;147488;90296;42.8;26.2
94;2021-05-30;222;548;147710;90844;42.9;26.4
94;2021-05-31;546;1238;148256;92082;43.0;26.7
94;2021-06-01;725;1762;148981;93844;43.2;27.2
94;2021-06-02;603;1923;149584;95767;43.4;27.8
94;2021-06-03;765;1633;150349;97400;43.6;28.3
94;2021-06-04;587;2338;150936;99738;43.8;28.9
94;2021-06-05;541;1926;151477;101664;43.9;29.5
