fra;clage_vacsi;jour;n_dose1;n_complet;n_cum_dose1;n_cum_complet;couv_dose1;couv_complet
FR;24;2020-12-27;1;0;1;0;0.0;0.0
FR;24;2020-12-28;1;0;2;0;0.0;0.0
FR;24;2020-12-29;0;0;2;0;0.0;0.0
FR;24;2020-12-30;0;0;2;0;0.0;0.0
FR;24;2020-12-31;0;0;2;0;0.0;0.0
FR;24;2021-01-01;1;0;3;0;0.0;0.0
FR;24;2021-01-02;0;0;3;0;0.0;0.0
FR;24;2021-01-03;2;0;5;0;0.0;0.0
FR;24;2021-01-04;4;0;9;0;0.0;0.0
FR;24;2021-01-05;17;0;26;0;0.0;0.0
FR;24;2021-01-06;36;0;62;0;0.0;0.0
FR;24;2021-01-07;179;0;241;0;0.0;0.0
FR;24;2021-01-08;216;0;457;0;0.0;0.0
FR;24;2021-01-09;40;0;497;0;0.0;0.0
FR;24;2021-01-10;35;0;532;0;0.0;0.0
FR;24;2021-01-11;250;2;782;2;0.0;0.0
FR;24;2021-01-12;395;0;1177;2;0.0;0.0
FR;24;2021-01-13;475;3;1652;5;0.0;0.0
FR;24;2021-01-14;607;5;2259;10;0.0;0.0
FR;24;2021-01-15;586;1;2845;11;0.1;0.0
FR;24;2021-01-16;116;3;2961;14;0.1;0.0
FR;24;2021-01-17;94;0;3055;14;0.1;0.0
FR;24;2021-01-18;506;1;3561;15;0.1;0.0
FR;24;2021-01-19;594;1;4155;16;0.1;0.0
FR;24;2021-01-20;648;0;4803;16;0.1;0.0
FR;24;2021-01-21;750;3;5553;19;0.1;0.0
FR;24;2021-01-22;597;3;6150;22;0.1;0.0
FR;24;2021-01-23;116;0;6266;22;0.1;0.0
FR;24;2021-01-24;22;0;6288;22;0.1;0.0
FR;24;2021-01-25;293;3;6581;25;0.1;0.0
FR;24;2021-01-26;362;11;6943;36;0.1;0.0
FR;24;2021-01-27;440;14;7383;50;0.1;0.0
FR;24;2021-01-28;594;50;7977;100;0.1;0.0
FR;24;2021-01-29;466;82;8443;182;0.2;0.0
FR;24;2021-01-30;86;16;8529;198;0.2;0.0
FR;24;2021-01-31;25;13;8554;211;0.2;0.0
FR;24;2021-02-01;155;134;8709;345;0.2;0.0
FR;24;2021-02-02;214;182;8923;527;0.2;0.0
FR;24;2021-02-03;215;185;9138;712;0.2;0.0
FR;24;2021-02-04;357;315;9495;1027;0.2;0.0
FR;24;2021-02-05;345;342;9840;1369;0.2;0.0
FR;24;2021-02-06;82;71;9922;1440;0.2;0.0
FR;24;2021-02-07;169;28;10091;1468;0.2;0.0
FR;24;2021-02-08;388;355;10479;1823;0.2;0.0
FR;24;2021-02-09;742;454;11221;2277;0.2;0.0
FR;24;2021-02-10;1084;589;12305;2866;0.2;0.1
FR;24;2021-02-11;1567;692;13872;3558;0.3;0.1
FR;24;2021-02-12;1615;550;15487;4108;0.3;0.1
FR;24;2021-02-13;289;90;15776;4198;0.3;0.1
FR;24;2021-02-14;62;30;15838;4228;0.3;0.1
FR;24;2021-02-15;1025;366;16863;4594;0.3;0.1
FR;24;2021-02-16;1553;559;18416;5153;0.3;0.1
FR;24;2021-02-17;1483;473;19899;5626;0.4;0.1
FR;24;2021-02-18;1916;602;21815;6228;0.4;0.1
FR;24;2021-02-19;1847;531;23662;6759;0.4;0.1
FR;24;2021-02-20;325;80;23987;6839;0.4;0.1
FR;24;2021-02-21;38;18;24025;6857;0.4;0.1
FR;24;2021-02-22;1148;265;25173;7122;0.5;0.1
FR;24;2021-02-23;1564;362;26737;7484;0.5;0.1
FR;24;2021-02-24;1641;311;28378;7795;0.5;0.1
FR;24;2021-02-25;2242;439;30620;8234;0.6;0.2
FR;24;2021-02-26;2159;358;32779;8592;0.6;0.2
FR;24;2021-02-27;528;75;33307;8667;0.6;0.2
FR;24;2021-02-28;90;15;33397;8682;0.6;0.2
FR;24;2021-03-01;1239;208;34636;8890;0.6;0.2
FR;24;2021-03-02;1635;274;36271;9164;0.7;0.2
FR;24;2021-03-03;1737;310;38008;9474;0.7;0.2
FR;24;2021-03-04;2093;460;40101;9934;0.7;0.2
FR;24;2021-03-05;3261;427;43362;10361;0.8;0.2
FR;24;2021-03-06;1696;111;45058;10472;0.8;0.2
FR;24;2021-03-07;974;50;46032;10522;0.8;0.2
FR;24;2021-03-08;1946;212;47978;10734;0.9;0.2
FR;24;2021-03-09;2592;256;50570;10990;0.9;0.2
FR;24;2021-03-10;2413;320;52983;11310;1.0;0.2
FR;24;2021-03-11;2896;458;55879;11768;1.0;0.2
FR;24;2021-03-12;3803;390;59682;12158;1.1;0.2
FR;24;2021-03-13;1471;76;61153;12234;1.1;0.2
FR;24;2021-03-14;529;33;61682;12267;1.1;0.2
FR;24;2021-03-15;1820;228;63502;12495;1.2;0.2
FR;24;2021-03-16;821;304;64323;12799;1.2;0.2
FR;24;2021-03-17;1066;310;65389;13109;1.2;0.2
FR;24;2021-03-18;1294;423;66683;13532;1.2;0.2
FR;24;2021-03-19;1859;348;68542;13880;1.3;0.3
FR;24;2021-03-20;828;81;69370;13961;1.3;0.3
FR;24;2021-03-21;631;46;70001;14007;1.3;0.3
FR;24;2021-03-22;1496;271;71497;14278;1.3;0.3
FR;24;2021-03-23;1791;386;73288;14664;1.4;0.3
FR;24;2021-03-24;2151;336;75439;15000;1.4;0.3
FR;24;2021-03-25;2553;475;77992;15475;1.4;0.3
FR;24;2021-03-26;3150;452;81142;15927;1.5;0.3
FR;24;2021-03-27;1887;180;83029;16107;1.5;0.3
FR;24;2021-03-28;1009;68;84038;16175;1.5;0.3
FR;24;2021-03-29;2410;344;86448;16519;1.6;0.3
FR;24;2021-03-30;3547;493;89995;17012;1.7;0.3
FR;24;2021-03-31;4055;495;94050;17507;1.7;0.3
FR;24;2021-04-01;5360;707;99410;18214;1.8;0.3
FR;24;2021-04-02;4417;597;103827;18811;1.9;0.3
FR;24;2021-04-03;1728;330;105555;19141;1.9;0.4
FR;24;2021-04-04;954;122;106509;19263;2.0;0.4
FR;24;2021-04-05;1090;127;107599;19390;2.0;0.4
FR;24;2021-04-06;3520;560;111119;19950;2.0;0.4
FR;24;2021-04-07;4728;772;115847;20722;2.1;0.4
FR;24;2021-04-08;6293;1058;122140;21780;2.3;0.4
FR;24;2021-04-09;5719;994;127859;22774;2.4;0.4
FR;24;2021-04-10;2620;551;130479;23325;2.4;0.4
FR;24;2021-04-11;1243;302;131722;23627;2.4;0.4
FR;24;2021-04-12;3397;897;135119;24524;2.5;0.5
FR;24;2021-04-13;4684;1115;139803;25639;2.6;0.5
FR;24;2021-04-14;4802;1263;144605;26902;2.7;0.5
FR;24;2021-04-15;5071;1529;149676;28431;2.8;0.5
FR;24;2021-04-16;4704;1629;154380;30060;2.8;0.6
FR;24;2021-04-17;2092;787;156472;30847;2.9;0.6
FR;24;2021-04-18;714;429;157186;31276;2.9;0.6
FR;24;2021-04-19;2872;1491;160058;32767;3.0;0.6
FR;24;2021-04-20;3060;2094;163118;34861;3.0;0.6
FR;24;2021-04-21;3337;2433;166455;37294;3.1;0.7
FR;24;2021-04-22;3969;3088;170424;40382;3.1;0.7
FR;24;2021-04-23;4103;3250;174527;43632;3.2;0.8
FR;24;2021-04-24;2358;1658;176885;45290;3.3;0.8
FR;24;2021-04-25;1203;798;178088;46088;3.3;0.8
FR;24;2021-04-26;3005;2155;181093;48243;3.3;0.9
FR;24;2021-04-27;3848;3143;184941;51386;3.4;0.9
FR;24;2021-04-28;4190;3707;189131;55093;3.5;1.0
FR;24;2021-04-29;5212;4403;194343;59496;3.6;1.1
FR;24;2021-04-30;5883;4560;200226;64056;3.7;1.2
FR;24;2021-05-01;3617;1064;203843;65120;3.8;1.2
FR;24;2021-05-02;2678;891;206521;66011;3.8;1.2
FR;24;2021-05-03;6026;4113;212547;70124;3.9;1.3
FR;24;2021-05-04;7246;4681;219793;74805;4.1;1.4
FR;24;2021-05-05;8362;4891;228155;79696;4.2;1.5
FR;24;2021-05-06;10442;6303;238597;85999;4.4;1.6
FR;24;2021-05-07;11638;6341;250235;92340;4.6;1.7
FR;24;2021-05-08;8870;2436;259105;94776;4.8;1.7
FR;24;2021-05-09;6829;1913;265934;96689;4.9;1.8
FR;24;2021-05-10;10557;4867;276491;101556;5.1;1.9
FR;24;2021-05-11;14837;5633;291328;107189;5.4;2.0
FR;29;2020-12-27;0;0;0;0;0.0;0.0
FR;29;2020-12-28;1;0;1;0;0.0;0.0
FR;29;2020-12-29;0;0;1;0;0.0;0.0
FR;29;2020-12-30;0;0;1;0;0.0;0.0
FR;29;2020-12-31;0;0;1;0;0.0;0.0
FR;29;2021-01-01;2;0;3;0;0.0;0.0
FR;29;2021-01-02;2;0;5;0;0.0;0.0
FR;29;2021-01-03;2;0;7;0;0.0;0.0
FR;29;2021-01-04;10;0;17;0;0.0;0.0
FR;29;2021-01-05;42;0;59;0;0.0;0.0
FR;29;2021-01-06;142;0;201;0;0.0;0.0
FR;29;2021-01-07;306;1;507;1;0.0;0.0
FR;29;2021-01-08;516;2;1023;3;0.0;0.0
FR;29;2021-01-09;113;0;1136;3;0.0;0.0
FR;29;2021-01-10;91;0;1227;3;0.0;0.0
FR;29;2021-01-11;641;1;1868;4;0.1;0.0
FR;29;2021-01-12;925;3;2793;7;0.1;0.0
FR;29;2021-01-13;1204;2;3997;9;0.1;0.0
FR;29;2021-01-14;1555;8;5552;17;0.1;0.0
FR;29;2021-01-15;1300;2;6852;19;0.2;0.0
FR;29;2021-01-16;192;2;7044;21;0.2;0.0
FR;29;2021-01-17;158;0;7202;21;0.2;0.0
FR;29;2021-01-18;1039;2;8241;23;0.2;0.0
FR;29;2021-01-19;1142;3;9383;26;0.3;0.0
FR;29;2021-01-20;1190;2;10573;28;0.3;0.0
FR;29;2021-01-21;1445;3;12018;31;0.3;0.0
FR;29;2021-01-22;1141;4;13159;35;0.4;0.0
FR;29;2021-01-23;167;2;13326;37;0.4;0.0
FR;29;2021-01-24;51;0;13377;37;0.4;0.0
FR;29;2021-01-25;531;12;13908;49;0.4;0.0
FR;29;2021-01-26;658;35;14566;84;0.4;0.0
FR;29;2021-01-27;717;60;15283;144;0.4;0.0
FR;29;2021-01-28;1032;118;16315;262;0.4;0.0
FR;29;2021-01-29;800;170;17115;432;0.5;0.0
FR;29;2021-01-30;140;39;17255;471;0.5;0.0
FR;29;2021-01-31;33;26;17288;497;0.5;0.0
FR;29;2021-02-01;260;291;17548;788;0.5;0.0
FR;29;2021-02-02;402;372;17950;1160;0.5;0.0
FR;29;2021-02-03;452;456;18402;1616;0.5;0.0
FR;29;2021-02-04;604;715;19006;2331;0.5;0.1
FR;29;2021-02-05;529;744;19535;3075;0.5;0.1
FR;29;2021-02-06;141;106;19676;3181;0.5;0.1
FR;29;2021-02-07;304;61;19980;3242;0.5;0.1
FR;29;2021-02-08;600;798;20580;4040;0.6;0.1
FR;29;2021-02-09;1243;1002;21823;5042;0.6;0.1
FR;29;2021-02-10;1702;1117;23525;6159;0.6;0.2
FR;29;2021-02-11;2453;1391;25978;7550;0.7;0.2
FR;29;2021-02-12;2207;1192;28185;8742;0.8;0.2
FR;29;2021-02-13;422;151;28607;8893;0.8;0.2
FR;29;2021-02-14;133;81;28740;8974;0.8;0.2
FR;29;2021-02-15;1551;762;30291;9736;0.8;0.3
FR;29;2021-02-16;1905;1123;32196;10859;0.9;0.3
FR;29;2021-02-17;1875;913;34071;11772;0.9;0.3
FR;29;2021-02-18;2370;1121;36441;12893;1.0;0.3
FR;29;2021-02-19;2310;911;38751;13804;1.0;0.4
FR;29;2021-02-20;381;118;39132;13922;1.1;0.4
FR;29;2021-02-21;86;42;39218;13964;1.1;0.4
FR;29;2021-02-22;1343;500;40561;14464;1.1;0.4
FR;29;2021-02-23;1744;619;42305;15083;1.1;0.4
FR;29;2021-02-24;1773;511;44078;15594;1.2;0.4
FR;29;2021-02-25;2368;874;46446;16468;1.2;0.4
FR;29;2021-02-26;2547;615;48993;17083;1.3;0.5
FR;29;2021-02-27;603;101;49596;17184;1.3;0.5
FR;29;2021-02-28;111;26;49707;17210;1.3;0.5
FR;29;2021-03-01;1271;315;50978;17525;1.4;0.5
FR;29;2021-03-02;1778;558;52756;18083;1.4;0.5
FR;29;2021-03-03;1965;548;54721;18631;1.5;0.5
FR;29;2021-03-04;2436;689;57157;19320;1.5;0.5
FR;29;2021-03-05;3585;638;60742;19958;1.6;0.5
FR;29;2021-03-06;1619;115;62361;20073;1.7;0.5
FR;29;2021-03-07;819;92;63180;20165;1.7;0.5
FR;29;2021-03-08;1931;355;65111;20520;1.8;0.6
FR;29;2021-03-09;2624;421;67735;20941;1.8;0.6
FR;29;2021-03-10;2533;454;70268;21395;1.9;0.6
FR;29;2021-03-11;3308;741;73576;22136;2.0;0.6
FR;29;2021-03-12;3938;654;77514;22790;2.1;0.6
FR;29;2021-03-13;1615;115;79129;22905;2.1;0.6
FR;29;2021-03-14;561;55;79690;22960;2.1;0.6
FR;29;2021-03-15;1873;325;81563;23285;2.2;0.6
FR;29;2021-03-16;1113;480;82676;23765;2.2;0.6
FR;29;2021-03-17;1370;481;84046;24246;2.3;0.7
FR;29;2021-03-18;1639;650;85685;24896;2.3;0.7
FR;29;2021-03-19;2217;520;87902;25416;2.4;0.7
FR;29;2021-03-20;987;119;88889;25535;2.4;0.7
FR;29;2021-03-21;724;58;89613;25593;2.4;0.7
FR;29;2021-03-22;1652;385;91265;25978;2.5;0.7
FR;29;2021-03-23;2200;579;93465;26557;2.5;0.7
FR;29;2021-03-24;2522;540;95987;27097;2.6;0.7
FR;29;2021-03-25;3367;642;99354;27739;2.7;0.7
FR;29;2021-03-26;3710;644;103064;28383;2.8;0.8
FR;29;2021-03-27;2140;229;105204;28612;2.8;0.8
FR;29;2021-03-28;963;57;106167;28669;2.9;0.8
FR;29;2021-03-29;2733;495;108900;29164;2.9;0.8
FR;29;2021-03-30;3937;673;112837;29837;3.0;0.8
FR;29;2021-03-31;4430;752;117267;30589;3.2;0.8
FR;29;2021-04-01;5806;948;123073;31537;3.3;0.8
FR;29;2021-04-02;4864;872;127937;32409;3.4;0.9
FR;29;2021-04-03;1753;317;129690;32726;3.5;0.9
FR;29;2021-04-04;896;115;130586;32841;3.5;0.9
FR;29;2021-04-05;915;110;131501;32951;3.5;0.9
FR;29;2021-04-06;3465;719;134966;33670;3.6;0.9
FR;29;2021-04-07;4500;1068;139466;34738;3.8;0.9
FR;29;2021-04-08;6197;1381;145663;36119;3.9;1.0
FR;29;2021-04-09;6228;1218;151891;37337;4.1;1.0
FR;29;2021-04-10;2637;600;154528;37937;4.2;1.0
FR;29;2021-04-11;1158;330;155686;38267;4.2;1.0
FR;29;2021-04-12;3545;1006;159231;39273;4.3;1.1
FR;29;2021-04-13;4786;1455;164017;40728;4.4;1.1
FR;29;2021-04-14;4651;1465;168668;42193;4.5;1.1
FR;29;2021-04-15;5475;1764;174143;43957;4.7;1.2
FR;29;2021-04-16;4679;1840;178822;45797;4.8;1.2
FR;29;2021-04-17;2202;898;181024;46695;4.9;1.3
FR;29;2021-04-18;757;512;181781;47207;4.9;1.3
FR;29;2021-04-19;2804;1735;184585;48942;5.0;1.3
FR;29;2021-04-20;3433;2463;188018;51405;5.1;1.4
FR;29;2021-04-21;3363;2746;191381;54151;5.1;1.5
FR;29;2021-04-22;4376;3795;195757;57946;5.3;1.6
FR;29;2021-04-23;4501;3712;200258;61658;5.4;1.7
FR;29;2021-04-24;2663;1807;202921;63465;5.5;1.7
FR;29;2021-04-25;1165;731;204086;64196;5.5;1.7
FR;29;2021-04-26;2890;2437;206976;66633;5.6;1.8
FR;29;2021-04-27;3932;3569;210908;70202;5.7;1.9
FR;29;2021-04-28;4468;3979;215376;74181;5.8;2.0
FR;29;2021-04-29;5608;4924;220984;79105;5.9;2.1
FR;29;2021-04-30;6151;5144;227135;84249;6.1;2.3
FR;29;2021-05-01;3894;1196;231029;85445;6.2;2.3
FR;29;2021-05-02;2555;901;233584;86346;6.3;2.3
FR;29;2021-05-03;6594;4262;240178;90608;6.5;2.4
FR;29;2021-05-04;7898;5139;248076;95747;6.7;2.6
FR;29;2021-05-05;9272;5126;257348;100873;6.9;2.7
FR;29;2021-05-06;10862;6456;268210;107329;7.2;2.9
FR;29;2021-05-07;11314;6530;279524;113859;7.5;3.1
FR;29;2021-05-08;7905;2176;287429;116035;7.7;3.1
FR;29;2021-05-09;5879;1732;293308;117767;7.9;3.2
FR;29;2021-05-10;10206;5190;303514;122957;8.2;3.3
FR;29;2021-05-11;13961;6263;317475;129220;8.5;3.5
FR;39;2020-12-27;0;0;0;0;0.0;0.0
FR;39;2020-12-28;0;0;0;0;0.0;0.0
FR;39;2020-12-29;1;0;1;0;0.0;0.0
FR;39;2020-12-30;3;0;4;0;0.0;0.0
FR;39;2020-12-31;1;0;5;0;0.0;0.0
FR;39;2021-01-01;4;0;9;0;0.0;0.0
FR;39;2021-01-02;2;0;11;0;0.0;0.0
FR;39;2021-01-03;2;0;13;0;0.0;0.0
FR;39;2021-01-04;23;0;36;0;0.0;0.0
FR;39;2021-01-05;139;0;175;0;0.0;0.0
FR;39;2021-01-06;384;0;559;0;0.0;0.0
FR;39;2021-01-07;1173;5;1732;5;0.0;0.0
FR;39;2021-01-08;1780;3;3512;8;0.0;0.0
FR;39;2021-01-09;472;0;3984;8;0.0;0.0
FR;39;2021-01-10;307;1;4291;9;0.1;0.0
FR;39;2021-01-11;2197;5;6488;14;0.1;0.0
FR;39;2021-01-12;3382;8;9870;22;0.1;0.0
FR;39;2021-01-13;3473;6;13343;28;0.2;0.0
FR;39;2021-01-14;4757;44;18100;72;0.2;0.0
FR;39;2021-01-15;4369;12;22469;84;0.3;0.0
FR;39;2021-01-16;768;4;23237;88;0.3;0.0
FR;39;2021-01-17;487;2;23724;90;0.3;0.0
FR;39;2021-01-18;3062;16;26786;106;0.3;0.0
FR;39;2021-01-19;3989;12;30775;118;0.4;0.0
FR;39;2021-01-20;3883;9;34658;127;0.4;0.0
FR;39;2021-01-21;5107;14;39765;141;0.5;0.0
FR;39;2021-01-22;3924;13;43689;154;0.5;0.0
FR;39;2021-01-23;589;3;44278;157;0.5;0.0
FR;39;2021-01-24;184;0;44462;157;0.5;0.0
FR;39;2021-01-25;1581;38;46043;195;0.6;0.0
FR;39;2021-01-26;2149;92;48192;287;0.6;0.0
FR;39;2021-01-27;2277;203;50469;490;0.6;0.0
FR;39;2021-01-28;3464;457;53933;947;0.7;0.0
FR;39;2021-01-29;2666;693;56599;1640;0.7;0.0
FR;39;2021-01-30;393;214;56992;1854;0.7;0.0
FR;39;2021-01-31;89;78;57081;1932;0.7;0.0
FR;39;2021-02-01;746;1057;57827;2989;0.7;0.0
FR;39;2021-02-02;1323;1643;59150;4632;0.7;0.1
FR;39;2021-02-03;1348;1651;60498;6283;0.7;0.1
FR;39;2021-02-04;1964;2527;62462;8810;0.8;0.1
FR;39;2021-02-05;1629;2699;64091;11509;0.8;0.1
FR;39;2021-02-06;396;430;64487;11939;0.8;0.1
FR;39;2021-02-07;553;204;65040;12143;0.8;0.1
FR;39;2021-02-08;1508;2410;66548;14553;0.8;0.2
FR;39;2021-02-09;3157;3341;69705;17894;0.8;0.2
FR;39;2021-02-10;3865;3479;73570;21373;0.9;0.3
FR;39;2021-02-11;6138;4786;79708;26159;1.0;0.3
FR;39;2021-02-12;5785;3929;85493;30088;1.0;0.4
FR;39;2021-02-13;1233;535;86726;30623;1.0;0.4
FR;39;2021-02-14;384;260;87110;30883;1.1;0.4
FR;39;2021-02-15;3373;2353;90483;33236;1.1;0.4
FR;39;2021-02-16;4403;3292;94886;36528;1.1;0.4
FR;39;2021-02-17;3967;2816;98853;39344;1.2;0.5
FR;39;2021-02-18;5927;3802;104780;43146;1.3;0.5
FR;39;2021-02-19;5784;3007;110564;46153;1.3;0.6
FR;39;2021-02-20;1128;460;111692;46613;1.3;0.6
FR;39;2021-02-21;185;118;111877;46731;1.3;0.6
FR;39;2021-02-22;2955;1616;114832;48347;1.4;0.6
FR;39;2021-02-23;3865;1860;118697;50207;1.4;0.6
FR;39;2021-02-24;3692;1663;122389;51870;1.5;0.6
FR;39;2021-02-25;5529;2456;127918;54326;1.5;0.7
FR;39;2021-02-26;6035;1855;133953;56181;1.6;0.7
FR;39;2021-02-27;1650;290;135603;56471;1.6;0.7
FR;39;2021-02-28;240;119;135843;56590;1.6;0.7
FR;39;2021-03-01;2902;960;138745;57550;1.7;0.7
FR;39;2021-03-02;4190;1556;142935;59106;1.7;0.7
FR;39;2021-03-03;4198;1463;147133;60569;1.8;0.7
FR;39;2021-03-04;6210;2216;153343;62785;1.8;0.8
FR;39;2021-03-05;9072;1981;162415;64766;2.0;0.8
FR;39;2021-03-06;4888;370;167303;65136;2.0;0.8
FR;39;2021-03-07;2631;219;169934;65355;2.0;0.8
FR;39;2021-03-08;4648;1055;174582;66410;2.1;0.8
FR;39;2021-03-09;6811;1422;181393;67832;2.2;0.8
FR;39;2021-03-10;6041;1446;187434;69278;2.3;0.8
FR;39;2021-03-11;8602;2271;196036;71549;2.4;0.9
FR;39;2021-03-12;11366;1979;207402;73528;2.5;0.9
FR;39;2021-03-13;5199;382;212601;73910;2.6;0.9
FR;39;2021-03-14;1742;138;214343;74048;2.6;0.9
FR;39;2021-03-15;4741;996;219084;75044;2.6;0.9
FR;39;2021-03-16;3348;1374;222432;76418;2.7;0.9
FR;39;2021-03-17;3430;1464;225862;77882;2.7;0.9
FR;39;2021-03-18;4629;1940;230491;79822;2.8;1.0
FR;39;2021-03-19;6229;1590;236720;81412;2.9;1.0
FR;39;2021-03-20;3164;345;239884;81757;2.9;1.0
FR;39;2021-03-21;2068;157;241952;81914;2.9;1.0
FR;39;2021-03-22;4431;1052;246383;82966;3.0;1.0
FR;39;2021-03-23;6144;1610;252527;84576;3.0;1.0
FR;39;2021-03-24;6292;1312;258819;85888;3.1;1.0
FR;39;2021-03-25;9024;1674;267843;87562;3.2;1.1
FR;39;2021-03-26;10602;1621;278445;89183;3.4;1.1
FR;39;2021-03-27;5978;573;284423;89756;3.4;1.1
FR;39;2021-03-28;2730;171;287153;89927;3.5;1.1
FR;39;2021-03-29;7125;1236;294278;91163;3.5;1.1
FR;39;2021-03-30;10438;1804;304716;92967;3.7;1.1
FR;39;2021-03-31;11026;1770;315742;94737;3.8;1.1
FR;39;2021-04-01;14894;2517;330636;97254;4.0;1.2
FR;39;2021-04-02;13187;2357;343823;99611;4.1;1.2
FR;39;2021-04-03;5580;993;349403;100604;4.2;1.2
FR;39;2021-04-04;2517;334;351920;100938;4.2;1.2
FR;39;2021-04-05;2527;315;354447;101253;4.3;1.2
FR;39;2021-04-06;9204;2220;363651;103473;4.4;1.2
FR;39;2021-04-07;12099;2672;375750;106145;4.5;1.3
FR;39;2021-04-08;16703;3581;392453;109726;4.7;1.3
FR;39;2021-04-09;16733;3499;409186;113225;4.9;1.4
FR;39;2021-04-10;7391;1913;416577;115138;5.0;1.4
FR;39;2021-04-11;2972;974;419549;116112;5.1;1.4
FR;39;2021-04-12;9524;2710;429073;118822;5.2;1.4
FR;39;2021-04-13;12773;3920;441846;122742;5.3;1.5
FR;39;2021-04-14;12641;3776;454487;126518;5.5;1.5
FR;39;2021-04-15;14495;4714;468982;131232;5.7;1.6
FR;39;2021-04-16;12552;5206;481534;136438;5.8;1.6
FR;39;2021-04-17;6040;2694;487574;139132;5.9;1.7
FR;39;2021-04-18;2231;1554;489805;140686;5.9;1.7
FR;39;2021-04-19;7772;4642;497577;145328;6.0;1.8
FR;39;2021-04-20;9271;6674;506848;152002;6.1;1.8
FR;39;2021-04-21;10024;7114;516872;159116;6.2;1.9
FR;39;2021-04-22;11699;10234;528571;169350;6.4;2.0
FR;39;2021-04-23;12036;10413;540607;179763;6.5;2.2
FR;39;2021-04-24;7736;5048;548343;184811;6.6;2.2
FR;39;2021-04-25;3413;2144;551756;186955;6.7;2.3
FR;39;2021-04-26;8382;6922;560138;193877;6.8;2.3
FR;39;2021-04-27;11701;9507;571839;203384;6.9;2.5
FR;39;2021-04-28;12847;9989;584686;213373;7.0;2.6
FR;39;2021-04-29;16524;12870;601210;226243;7.2;2.7
FR;39;2021-04-30;19069;13168;620279;239411;7.5;2.9
FR;39;2021-05-01;12740;3509;633019;242920;7.6;2.9
FR;39;2021-05-02;9191;2480;642210;245400;7.7;3.0
FR;39;2021-05-03;21768;11259;663978;256659;8.0;3.1
FR;39;2021-05-04;26289;13874;690267;270533;8.3;3.3
FR;39;2021-05-05;30016;14183;720283;284716;8.7;3.4
FR;39;2021-05-06;36221;17556;756504;302272;9.1;3.6
FR;39;2021-05-07;37597;18393;794101;320665;9.6;3.9
FR;39;2021-05-08;26165;5412;820266;326077;9.9;3.9
FR;39;2021-05-09;18733;4263;838999;330340;10.1;4.0
FR;39;2021-05-10;32782;14344;871781;344684;10.5;4.2
FR;39;2021-05-11;42742;16914;914523;361598;11.0;4.4
FR;49;2020-12-27;2;0;2;0;0.0;0.0
FR;49;2020-12-28;1;0;3;0;0.0;0.0
FR;49;2020-12-29;1;0;4;0;0.0;0.0
FR;49;2020-12-30;6;0;10;0;0.0;0.0
FR;49;2020-12-31;1;0;11;0;0.0;0.0
FR;49;2021-01-01;3;0;14;0;0.0;0.0
FR;49;2021-01-02;9;0;23;0;0.0;0.0
FR;49;2021-01-03;4;0;27;0;0.0;0.0
FR;49;2021-01-04;85;0;112;0;0.0;0.0
FR;49;2021-01-05;333;1;445;1;0.0;0.0
FR;49;2021-01-06;853;1;1298;2;0.0;0.0
FR;49;2021-01-07;2155;4;3453;6;0.0;0.0
FR;49;2021-01-08;3346;5;6799;11;0.1;0.0
FR;49;2021-01-09;999;0;7798;11;0.1;0.0
FR;49;2021-01-10;473;1;8271;12;0.1;0.0
FR;49;2021-01-11;4155;7;12426;19;0.1;0.0
FR;49;2021-01-12;5834;7;18260;26;0.2;0.0
FR;49;2021-01-13;6129;10;24389;36;0.3;0.0
FR;49;2021-01-14;8309;62;32698;98;0.4;0.0
FR;49;2021-01-15;7571;16;40269;114;0.5;0.0
FR;49;2021-01-16;1415;8;41684;122;0.5;0.0
FR;49;2021-01-17;619;4;42303;126;0.5;0.0
FR;49;2021-01-18;5049;14;47352;140;0.6;0.0
FR;49;2021-01-19;6787;8;54139;148;0.6;0.0
FR;49;2021-01-20;6594;15;60733;163;0.7;0.0
FR;49;2021-01-21;8341;16;69074;179;0.8;0.0
FR;49;2021-01-22;6222;26;75296;205;0.9;0.0
FR;49;2021-01-23;1010;6;76306;211;0.9;0.0
FR;49;2021-01-24;282;2;76588;213;0.9;0.0
FR;49;2021-01-25;2591;91;79179;304;0.9;0.0
FR;49;2021-01-26;3704;211;82883;515;1.0;0.0
FR;49;2021-01-27;3967;384;86850;899;1.0;0.0
FR;49;2021-01-28;5517;961;92367;1860;1.1;0.0
FR;49;2021-01-29;4385;1549;96752;3409;1.1;0.0
FR;49;2021-01-30;689;377;97441;3786;1.1;0.0
FR;49;2021-01-31;137;125;97578;3911;1.1;0.0
FR;49;2021-02-01;1362;2086;98940;5997;1.2;0.1
FR;49;2021-02-02;2260;3192;101200;9189;1.2;0.1
FR;49;2021-02-03;2285;3372;103485;12561;1.2;0.1
FR;49;2021-02-04;3329;4762;106814;17323;1.2;0.2
FR;49;2021-02-05;2767;4881;109581;22204;1.3;0.3
FR;49;2021-02-06;564;884;110145;23088;1.3;0.3
FR;49;2021-02-07;520;290;110665;23378;1.3;0.3
FR;49;2021-02-08;1932;4042;112597;27420;1.3;0.3
FR;49;2021-02-09;4323;5706;116920;33126;1.4;0.4
FR;49;2021-02-10;5478;6010;122398;39136;1.4;0.5
FR;49;2021-02-11;7955;7906;130353;47042;1.5;0.5
FR;49;2021-02-12;7271;6393;137624;53435;1.6;0.6
FR;49;2021-02-13;1691;1005;139315;54440;1.6;0.6
FR;49;2021-02-14;404;404;139719;54844;1.6;0.6
FR;49;2021-02-15;4091;3843;143810;58687;1.7;0.7
FR;49;2021-02-16;5359;5286;149169;63973;1.7;0.7
FR;49;2021-02-17;5117;4608;154286;68581;1.8;0.8
FR;49;2021-02-18;7413;6120;161699;74701;1.9;0.9
FR;49;2021-02-19;7002;4812;168701;79513;2.0;0.9
FR;49;2021-02-20;1472;781;170173;80294;2.0;0.9
FR;49;2021-02-21;275;220;170448;80514;2.0;0.9
FR;49;2021-02-22;3499;2614;173947;83128;2.0;1.0
FR;49;2021-02-23;4819;3078;178766;86206;2.1;1.0
FR;49;2021-02-24;4865;2782;183631;88988;2.1;1.0
FR;49;2021-02-25;7491;4076;191122;93064;2.2;1.1
FR;49;2021-02-26;8202;3079;199324;96143;2.3;1.1
FR;49;2021-02-27;2661;544;201985;96687;2.4;1.1
FR;49;2021-02-28;329;134;202314;96821;2.4;1.1
FR;49;2021-03-01;3763;1594;206077;98415;2.4;1.1
FR;49;2021-03-02;5712;2399;211789;100814;2.5;1.2
FR;49;2021-03-03;5946;2413;217735;103227;2.5;1.2
FR;49;2021-03-04;8808;3346;226543;106573;2.6;1.2
FR;49;2021-03-05;12431;3060;238974;109633;2.8;1.3
FR;49;2021-03-06;8512;545;247486;110178;2.9;1.3
FR;49;2021-03-07;4663;359;252149;110537;2.9;1.3
FR;49;2021-03-08;6337;1580;258486;112117;3.0;1.3
FR;49;2021-03-09;9422;2174;267908;114291;3.1;1.3
FR;49;2021-03-10;8855;2215;276763;116506;3.2;1.4
FR;49;2021-03-11;12674;3241;289437;119747;3.4;1.4
FR;49;2021-03-12;16322;2707;305759;122454;3.6;1.4
FR;49;2021-03-13;9477;549;315236;123003;3.7;1.4
FR;49;2021-03-14;3123;211;318359;123214;3.7;1.4
FR;49;2021-03-15;6827;1399;325186;124613;3.8;1.5
FR;49;2021-03-16;4604;2085;329790;126698;3.8;1.5
FR;49;2021-03-17;5146;1951;334936;128649;3.9;1.5
FR;49;2021-03-18;6512;2708;341448;131357;4.0;1.5
FR;49;2021-03-19;9435;2213;350883;133570;4.1;1.6
FR;49;2021-03-20;5855;539;356738;134109;4.2;1.6
FR;49;2021-03-21;3139;194;359877;134303;4.2;1.6
FR;49;2021-03-22;6264;1421;366141;135724;4.3;1.6
FR;49;2021-03-23;8554;2100;374695;137824;4.4;1.6
FR;49;2021-03-24;9470;1898;384165;139722;4.5;1.6
FR;49;2021-03-25;12289;2256;396454;141978;4.6;1.7
FR;49;2021-03-26;14653;2196;411107;144174;4.8;1.7
FR;49;2021-03-27;9330;769;420437;144943;4.9;1.7
FR;49;2021-03-28;3847;286;424284;145229;4.9;1.7
FR;49;2021-03-29;9801;1766;434085;146995;5.1;1.7
FR;49;2021-03-30;14188;2574;448273;149569;5.2;1.7
FR;49;2021-03-31;15404;2636;463677;152205;5.4;1.8
FR;49;2021-04-01;19641;3514;483318;155719;5.6;1.8
FR;49;2021-04-02;17360;3285;500678;159004;5.8;1.9
FR;49;2021-04-03;9297;1785;509975;160789;5.9;1.9
FR;49;2021-04-04;4106;608;514081;161397;6.0;1.9
FR;49;2021-04-05;4193;510;518274;161907;6.0;1.9
FR;49;2021-04-06;13109;3283;531383;165190;6.2;1.9
FR;49;2021-04-07;17534;4123;548917;169313;6.4;2.0
FR;49;2021-04-08;22216;4990;571133;174303;6.6;2.0
FR;49;2021-04-09;23277;5177;594410;179480;6.9;2.1
FR;49;2021-04-10;12389;3333;606799;182813;7.1;2.1
FR;49;2021-04-11;4450;1662;611249;184475;7.1;2.1
FR;49;2021-04-12;14035;3703;625284;188178;7.3;2.2
FR;49;2021-04-13;18494;5648;643778;193826;7.5;2.3
FR;49;2021-04-14;19116;5832;662894;199658;7.7;2.3
FR;49;2021-04-15;19969;6861;682863;206519;7.9;2.4
FR;49;2021-04-16;17154;7197;700017;213716;8.1;2.5
FR;49;2021-04-17;9754;4597;709771;218313;8.3;2.5
FR;49;2021-04-18;3322;2269;713093;220582;8.3;2.6
FR;49;2021-04-19;11784;6303;724877;226885;8.4;2.6
FR;49;2021-04-20;13909;8914;738786;235799;8.6;2.7
FR;49;2021-04-21;15513;10032;754299;245831;8.8;2.9
FR;49;2021-04-22;17243;13003;771542;258834;9.0;3.0
FR;49;2021-04-23;17739;13931;789281;272765;9.2;3.2
FR;49;2021-04-24;12463;7749;801744;280514;9.3;3.3
FR;49;2021-04-25;5266;3097;807010;283611;9.4;3.3
FR;49;2021-04-26;13232;9868;820242;293479;9.5;3.4
FR;49;2021-04-27;18338;12998;838580;306477;9.8;3.6
FR;49;2021-04-28;21946;14423;860526;320900;10.0;3.7
FR;49;2021-04-29;26359;17109;886885;338009;10.3;3.9
FR;49;2021-04-30;30626;17902;917511;355911;10.7;4.1
FR;49;2021-05-01;23012;5649;940523;361560;10.9;4.2
FR;49;2021-05-02;16325;3830;956848;365390;11.1;4.3
FR;49;2021-05-03;38403;15426;995251;380816;11.6;4.4
FR;49;2021-05-04;45483;20162;1040734;400978;12.1;4.7
FR;49;2021-05-05;54440;21489;1095174;422467;12.7;4.9
FR;49;2021-05-06;60977;24382;1156151;446849;13.5;5.2
FR;49;2021-05-07;64130;25799;1220281;472648;14.2;5.5
FR;49;2021-05-08;46656;8783;1266937;481431;14.7;5.6
FR;49;2021-05-09;32109;6202;1299046;487633;15.1;5.7
FR;49;2021-05-10;55588;20444;1354634;508077;15.8;5.9
FR;49;2021-05-11;69837;23593;1424471;531670;16.6;6.2
FR;59;2020-12-27;2;0;2;0;0.0;0.0
FR;59;2020-12-28;5;0;7;0;0.0;0.0
FR;59;2020-12-29;2;0;9;0;0.0;0.0
FR;59;2020-12-30;5;0;14;0;0.0;0.0
FR;59;2020-12-31;9;0;23;0;0.0;0.0
FR;59;2021-01-01;24;0;47;0;0.0;0.0
FR;59;2021-01-02;25;0;72;0;0.0;0.0
FR;59;2021-01-03;36;0;108;0;0.0;0.0
FR;59;2021-01-04;592;1;700;1;0.0;0.0
FR;59;2021-01-05;2161;1;2861;2;0.0;0.0
FR;59;2021-01-06;4796;7;7657;9;0.1;0.0
FR;59;2021-01-07;10495;19;18152;28;0.2;0.0
FR;59;2021-01-08;14266;11;32418;39;0.4;0.0
FR;59;2021-01-09;4049;5;36467;44;0.4;0.0
FR;59;2021-01-10;1984;1;38451;45;0.4;0.0
FR;59;2021-01-11;15893;17;54344;62;0.6;0.0
FR;59;2021-01-12;21067;22;75411;84;0.9;0.0
FR;59;2021-01-13;22654;32;98065;116;1.1;0.0
FR;59;2021-01-14;24706;201;122771;317;1.4;0.0
FR;59;2021-01-15;21521;75;144292;392;1.6;0.0
FR;59;2021-01-16;5369;16;149661;408;1.7;0.0
FR;59;2021-01-17;1800;7;151461;415;1.7;0.0
FR;59;2021-01-18;13553;46;165014;461;1.9;0.0
FR;59;2021-01-19;17879;47;182893;508;2.1;0.0
FR;59;2021-01-20;16993;52;199886;560;2.3;0.0
FR;59;2021-01-21;18620;30;218506;590;2.5;0.0
FR;59;2021-01-22;13809;64;232315;654;2.6;0.0
FR;59;2021-01-23;2946;18;235261;672;2.7;0.0
FR;59;2021-01-24;825;12;236086;684;2.7;0.0
FR;59;2021-01-25;6676;601;242762;1285;2.8;0.0
FR;59;2021-01-26;8380;1362;251142;2647;2.9;0.0
FR;59;2021-01-27;8783;2378;259925;5025;3.0;0.1
FR;59;2021-01-28;10410;5005;270335;10030;3.1;0.1
FR;59;2021-01-29;7808;6629;278143;16659;3.2;0.2
FR;59;2021-01-30;1755;1506;279898;18165;3.2;0.2
FR;59;2021-01-31;370;546;280268;18711;3.2;0.2
FR;59;2021-02-01;3143;8735;283411;27446;3.2;0.3
FR;59;2021-02-02;4653;12469;288064;39915;3.3;0.5
FR;59;2021-02-03;4795;13530;292859;53445;3.3;0.6
FR;59;2021-02-04;5848;15870;298707;69315;3.4;0.8
FR;59;2021-02-05;4743;14901;303450;84216;3.5;1.0
FR;59;2021-02-06;1143;2994;304593;87210;3.5;1.0
FR;59;2021-02-07;388;980;304981;88190;3.5;1.0
FR;59;2021-02-08;2749;12448;307730;100638;3.5;1.1
FR;59;2021-02-09;4889;16122;312619;116760;3.6;1.3
FR;59;2021-02-10;5674;16007;318293;132767;3.6;1.5
FR;59;2021-02-11;7619;19640;325912;152407;3.7;1.7
FR;59;2021-02-12;6713;15957;332625;168364;3.8;1.9
FR;59;2021-02-13;1678;3436;334303;171800;3.8;2.0
FR;59;2021-02-14;360;981;334663;172781;3.8;2.0
FR;59;2021-02-15;3252;10494;337915;183275;3.8;2.1
FR;59;2021-02-16;4717;13496;342632;196771;3.9;2.2
FR;59;2021-02-17;4942;12247;347574;209018;4.0;2.4
FR;59;2021-02-18;6993;13760;354567;222778;4.0;2.5
FR;59;2021-02-19;6419;10607;360986;233385;4.1;2.7
FR;59;2021-02-20;1401;2468;362387;235853;4.1;2.7
FR;59;2021-02-21;280;566;362667;236419;4.1;2.7
FR;59;2021-02-22;3230;6322;365897;242741;4.2;2.8
FR;59;2021-02-23;4771;7056;370668;249797;4.2;2.8
FR;59;2021-02-24;6799;6329;377467;256126;4.3;2.9
FR;59;2021-02-25;21022;8311;398489;264437;4.5;3.0
FR;59;2021-02-26;28079;6060;426568;270497;4.9;3.1
FR;59;2021-02-27;16966;1416;443534;271913;5.0;3.1
FR;59;2021-02-28;1099;371;444633;272284;5.1;3.1
FR;59;2021-03-01;8698;3437;453331;275721;5.2;3.1
FR;59;2021-03-02;16986;4744;470317;280465;5.3;3.2
FR;59;2021-03-03;20400;4809;490717;285274;5.6;3.2
FR;59;2021-03-04;31872;5606;522589;290880;5.9;3.3
FR;59;2021-03-05;40454;5079;563043;295959;6.4;3.4
FR;59;2021-03-06;35438;1242;598481;297201;6.8;3.4
FR;59;2021-03-07;13908;898;612389;298099;7.0;3.4
FR;59;2021-03-08;12140;3028;624529;301127;7.1;3.4
FR;59;2021-03-09;22614;3962;647143;305089;7.4;3.5
FR;59;2021-03-10;22899;4007;670042;309096;7.6;3.5
FR;59;2021-03-11;33946;5125;703988;314221;8.0;3.6
FR;59;2021-03-12;45000;4185;748988;318406;8.5;3.6
FR;59;2021-03-13;35799;1072;784787;319478;8.9;3.6
FR;59;2021-03-14;7143;347;791930;319825;9.0;3.6
FR;59;2021-03-15;14335;2407;806265;322232;9.2;3.7
FR;59;2021-03-16;7847;2878;814112;325110;9.3;3.7
FR;59;2021-03-17;8690;3027;822802;328137;9.4;3.7
FR;59;2021-03-18;10355;3894;833157;332031;9.5;3.8
FR;59;2021-03-19;23284;3340;856441;335371;9.7;3.8
FR;59;2021-03-20;20962;961;877403;336332;10.0;3.8
FR;59;2021-03-21;6257;346;883660;336678;10.0;3.8
FR;59;2021-03-22;15354;2554;899014;339232;10.2;3.9
FR;59;2021-03-23;25217;3311;924231;342543;10.5;3.9
FR;59;2021-03-24;27816;3312;952047;345855;10.8;3.9
FR;59;2021-03-25;37641;3578;989688;349433;11.3;4.0
FR;59;2021-03-26;42539;3763;1032227;353196;11.7;4.0
FR;59;2021-03-27;26702;1561;1058929;354757;12.0;4.0
FR;59;2021-03-28;7507;417;1066436;355174;12.1;4.0
FR;59;2021-03-29;21546;3212;1087982;358386;12.4;4.1
FR;59;2021-03-30;31948;4115;1119930;362501;12.7;4.1
FR;59;2021-03-31;31170;4430;1151100;366931;13.1;4.2
FR;59;2021-04-01;38018;5505;1189118;372436;13.5;4.2
FR;59;2021-04-02;36654;5489;1225772;377925;13.9;4.3
FR;59;2021-04-03;21225;3336;1246997;381261;14.2;4.3
FR;59;2021-04-04;7323;1180;1254320;382441;14.3;4.3
FR;59;2021-04-05;8241;1048;1262561;383489;14.4;4.4
FR;59;2021-04-06;25513;5709;1288074;389198;14.6;4.4
FR;59;2021-04-07;33645;6917;1321719;396115;15.0;4.5
FR;59;2021-04-08;44634;8145;1366353;404260;15.5;4.6
FR;59;2021-04-09;60276;8588;1426629;412848;16.2;4.7
FR;59;2021-04-10;36287;6911;1462916;419759;16.6;4.8
FR;59;2021-04-11;9719;3477;1472635;423236;16.7;4.8
FR;59;2021-04-12;35047;7232;1507682;430468;17.1;4.9
FR;59;2021-04-13;49446;9851;1557128;440319;17.7;5.0
FR;59;2021-04-14;49720;9856;1606848;450175;18.3;5.1
FR;59;2021-04-15;58877;11333;1665725;461508;18.9;5.2
FR;59;2021-04-16;62663;12015;1728388;473523;19.7;5.4
FR;59;2021-04-17;41166;9470;1769554;482993;20.1;5.5
FR;59;2021-04-18;12226;4597;1781780;487590;20.3;5.5
FR;59;2021-04-19;32865;10976;1814645;498566;20.6;5.7
FR;59;2021-04-20;44120;14465;1858765;513031;21.1;5.8
FR;59;2021-04-21;46253;16187;1905018;529218;21.7;6.0
FR;59;2021-04-22;55119;19178;1960137;548396;22.3;6.2
FR;59;2021-04-23;64489;20335;2024626;568731;23.0;6.5
FR;59;2021-04-24;47205;15337;2071831;584068;23.6;6.6
FR;59;2021-04-25;16387;5384;2088218;589452;23.7;6.7
FR;59;2021-04-26;40596;17271;2128814;606723;24.2;6.9
FR;59;2021-04-27;56049;23014;2184863;629737;24.8;7.2
FR;59;2021-04-28;63407;25631;2248270;655368;25.6;7.5
FR;59;2021-04-29;76639;31218;2324909;686586;26.4;7.8
FR;59;2021-04-30;91147;36083;2416056;722669;27.5;8.2
FR;59;2021-05-01;42154;10808;2458210;733477;28.0;8.3
FR;59;2021-05-02;23255;7175;2481465;740652;28.2;8.4
FR;59;2021-05-03;61519;26054;2542984;766706;28.9;8.7
FR;59;2021-05-04;69864;34085;2612848;800791;29.7;9.1
FR;59;2021-05-05;76237;37052;2689085;837843;30.6;9.5
FR;59;2021-05-06;88037;43226;2777122;881069;31.6;10.0
FR;59;2021-05-07;96424;53488;2873546;934557;32.7;10.6
FR;59;2021-05-08;54031;16055;2927577;950612;33.3;10.8
FR;59;2021-05-09;39108;10237;2966685;960849;33.7;10.9
FR;59;2021-05-10;93333;39630;3060018;1000479;34.8;11.4
FR;59;2021-05-11;123180;48686;3183198;1049165;36.2;11.9
FR;64;2020-12-27;1;0;1;0;0.0;0.0
FR;64;2020-12-28;0;0;1;0;0.0;0.0
FR;64;2020-12-29;2;0;3;0;0.0;0.0
FR;64;2020-12-30;5;0;8;0;0.0;0.0
FR;64;2020-12-31;5;0;13;0;0.0;0.0
FR;64;2021-01-01;8;0;21;0;0.0;0.0
FR;64;2021-01-02;11;0;32;0;0.0;0.0
FR;64;2021-01-03;17;0;49;0;0.0;0.0
FR;64;2021-01-04;209;1;258;1;0.0;0.0
FR;64;2021-01-05;894;3;1152;4;0.0;0.0
FR;64;2021-01-06;1685;1;2837;5;0.1;0.0
FR;64;2021-01-07;3648;4;6485;9;0.2;0.0
FR;64;2021-01-08;4844;5;11329;14;0.3;0.0
FR;64;2021-01-09;1946;0;13275;14;0.3;0.0
FR;64;2021-01-10;1022;0;14297;14;0.3;0.0
FR;64;2021-01-11;5258;1;19555;15;0.5;0.0
FR;64;2021-01-12;7106;5;26661;20;0.6;0.0
FR;64;2021-01-13;7422;13;34083;33;0.8;0.0
FR;64;2021-01-14;8540;75;42623;108;1.0;0.0
FR;64;2021-01-15;7071;26;49694;134;1.2;0.0
FR;64;2021-01-16;2198;13;51892;147;1.3;0.0
FR;64;2021-01-17;842;5;52734;152;1.3;0.0
FR;64;2021-01-18;4678;11;57412;163;1.4;0.0
FR;64;2021-01-19;6388;9;63800;172;1.6;0.0
FR;64;2021-01-20;6200;23;70000;195;1.7;0.0
FR;64;2021-01-21;6865;15;76865;210;1.9;0.0
FR;64;2021-01-22;5385;19;82250;229;2.0;0.0
FR;64;2021-01-23;1412;8;83662;237;2.0;0.0
FR;64;2021-01-24;430;7;84092;244;2.0;0.0
FR;64;2021-01-25;2764;195;86856;439;2.1;0.0
FR;64;2021-01-26;3513;482;90369;921;2.2;0.0
FR;64;2021-01-27;3752;876;94121;1797;2.3;0.0
FR;64;2021-01-28;4552;1738;98673;3535;2.4;0.1
FR;64;2021-01-29;3513;2316;102186;5851;2.5;0.1
FR;64;2021-01-30;837;706;103023;6557;2.5;0.2
FR;64;2021-01-31;172;279;103195;6836;2.5;0.2
FR;64;2021-02-01;1510;2860;104705;9696;2.6;0.2
FR;64;2021-02-02;2138;4136;106843;13832;2.6;0.3
FR;64;2021-02-03;2300;4354;109143;18186;2.7;0.4
FR;64;2021-02-04;2782;5499;111925;23685;2.7;0.6
FR;64;2021-02-05;2170;4962;114095;28647;2.8;0.7
FR;64;2021-02-06;655;1303;114750;29950;2.8;0.7
FR;64;2021-02-07;164;493;114914;30443;2.8;0.7
FR;64;2021-02-08;1483;4193;116397;34636;2.8;0.8
FR;64;2021-02-09;2338;5653;118735;40289;2.9;1.0
FR;64;2021-02-10;2565;5658;121300;45947;3.0;1.1
FR;64;2021-02-11;3448;7206;124748;53153;3.0;1.3
FR;64;2021-02-12;3098;5424;127846;58577;3.1;1.4
FR;64;2021-02-13;831;1441;128677;60018;3.1;1.5
FR;64;2021-02-14;193;434;128870;60452;3.1;1.5
FR;64;2021-02-15;1584;3868;130454;64320;3.2;1.6
FR;64;2021-02-16;2080;5113;132534;69433;3.2;1.7
FR;64;2021-02-17;2203;4618;134737;74051;3.3;1.8
FR;64;2021-02-18;3204;5418;137941;79469;3.4;1.9
FR;64;2021-02-19;2974;4188;140915;83657;3.4;2.0
FR;64;2021-02-20;799;1192;141714;84849;3.5;2.1
FR;64;2021-02-21;133;252;141847;85101;3.5;2.1
FR;64;2021-02-22;1478;2654;143325;87755;3.5;2.1
FR;64;2021-02-23;2382;2898;145707;90653;3.6;2.2
FR;64;2021-02-24;3849;2827;149556;93480;3.6;2.3
FR;64;2021-02-25;15910;3787;165466;97267;4.0;2.4
FR;64;2021-02-26;21678;2704;187144;99971;4.6;2.4
FR;64;2021-02-27;12963;717;200107;100688;4.9;2.5
FR;64;2021-02-28;789;176;200896;100864;4.9;2.5
FR;64;2021-03-01;6484;1722;207380;102586;5.1;2.5
FR;64;2021-03-02;13056;2273;220436;104859;5.4;2.6
FR;64;2021-03-03;15784;2304;236220;107163;5.8;2.6
FR;64;2021-03-04;24920;2757;261140;109920;6.4;2.7
FR;64;2021-03-05;30238;2513;291378;112433;7.1;2.7
FR;64;2021-03-06;26444;662;317822;113095;7.7;2.8
FR;64;2021-03-07;9777;464;327599;113559;8.0;2.8
FR;64;2021-03-08;8705;1742;336304;115301;8.2;2.8
FR;64;2021-03-09;16703;1939;353007;117240;8.6;2.9
FR;64;2021-03-10;16906;2062;369913;119302;9.0;2.9
FR;64;2021-03-11;25719;2692;395632;121994;9.6;3.0
FR;64;2021-03-12;33232;2230;428864;124224;10.5;3.0
FR;64;2021-03-13;27085;624;455949;124848;11.1;3.0
FR;64;2021-03-14;5408;169;461357;125017;11.2;3.0
FR;64;2021-03-15;10924;1379;472281;126396;11.5;3.1
FR;64;2021-03-16;5970;1738;478251;128134;11.7;3.1
FR;64;2021-03-17;6082;1646;484333;129780;11.8;3.2
FR;64;2021-03-18;7619;2018;491952;131798;12.0;3.2
FR;64;2021-03-19;18795;1835;510747;133633;12.5;3.3
FR;64;2021-03-20;18448;658;529195;134291;12.9;3.3
FR;64;2021-03-21;4716;203;533911;134494;13.0;3.3
FR;64;2021-03-22;13443;1507;547354;136001;13.3;3.3
FR;64;2021-03-23;23377;1923;570731;137924;13.9;3.4
FR;64;2021-03-24;24977;1995;595708;139919;14.5;3.4
FR;64;2021-03-25;36396;2229;632104;142148;15.4;3.5
FR;64;2021-03-26;39951;2178;672055;144326;16.4;3.5
FR;64;2021-03-27;21162;932;693217;145258;16.9;3.5
FR;64;2021-03-28;5063;235;698280;145493;17.0;3.5
FR;64;2021-03-29;17467;2074;715747;147567;17.4;3.6
FR;64;2021-03-30;27205;2709;742952;150276;18.1;3.7
FR;64;2021-03-31;23989;2794;766941;153070;18.7;3.7
FR;64;2021-04-01;30320;3652;797261;156722;19.4;3.8
FR;64;2021-04-02;29065;3491;826326;160213;20.1;3.9
FR;64;2021-04-03;15933;2314;842259;162527;20.5;4.0
FR;64;2021-04-04;4024;780;846283;163307;20.6;4.0
FR;64;2021-04-05;5098;777;851381;164084;20.8;4.0
FR;64;2021-04-06;19053;4192;870434;168276;21.2;4.1
FR;64;2021-04-07;23424;4711;893858;172987;21.8;4.2
FR;64;2021-04-08;34382;5471;928240;178458;22.6;4.4
FR;64;2021-04-09;53163;5847;981403;184305;23.9;4.5
FR;64;2021-04-10;29730;4895;1011133;189200;24.6;4.6
FR;64;2021-04-11;6255;2592;1017388;191792;24.8;4.7
FR;64;2021-04-12;27870;5071;1045258;196863;25.5;4.8
FR;64;2021-04-13;42296;7239;1087554;204102;26.5;5.0
FR;64;2021-04-14;40492;6984;1128046;211086;27.5;5.1
FR;64;2021-04-15;51529;8196;1179575;219282;28.8;5.3
FR;64;2021-04-16;63843;8676;1243418;227958;30.3;5.6
FR;64;2021-04-17;38246;6978;1281664;234936;31.2;5.7
FR;64;2021-04-18;10870;3302;1292534;238238;31.5;5.8
FR;64;2021-04-19;41634;8456;1334168;246694;32.5;6.0
FR;64;2021-04-20;52238;10241;1386406;256935;33.8;6.3
FR;64;2021-04-21;51972;10690;1438378;267625;35.1;6.5
FR;64;2021-04-22;56920;12551;1495298;280176;36.5;6.8
FR;64;2021-04-23;60364;12452;1555662;292628;37.9;7.1
FR;64;2021-04-24;43145;8962;1598807;301590;39.0;7.4
FR;64;2021-04-25;16075;3296;1614882;304886;39.4;7.4
FR;64;2021-04-26;49146;11344;1664028;316230;40.6;7.7
FR;64;2021-04-27;62588;15318;1726616;331548;42.1;8.1
FR;64;2021-04-28;63466;15805;1790082;347353;43.6;8.5
FR;64;2021-04-29;72920;20183;1863002;367536;45.4;9.0
FR;64;2021-04-30;74591;21734;1937593;389270;47.2;9.5
FR;64;2021-05-01;28976;6580;1966569;395850;47.9;9.6
FR;64;2021-05-02;14360;3936;1980929;399786;48.3;9.7
FR;64;2021-05-03;51716;15704;2032645;415490;49.6;10.1
FR;64;2021-05-04;52597;21497;2085242;436987;50.8;10.7
FR;64;2021-05-05;48833;22546;2134075;459533;52.0;11.2
FR;64;2021-05-06;56231;28625;2190306;488158;53.4;11.9
FR;64;2021-05-07;50339;33831;2240645;521989;54.6;12.7
FR;64;2021-05-08;18870;9176;2259515;531165;55.1;12.9
FR;64;2021-05-09;9962;5458;2269477;536623;55.3;13.1
FR;64;2021-05-10;33624;26630;2303101;563253;56.1;13.7
FR;64;2021-05-11;43278;36947;2346379;600200;57.2;14.6
FR;69;2020-12-27;2;0;2;0;0.0;0.0
FR;69;2020-12-28;1;0;3;0;0.0;0.0
FR;69;2020-12-29;3;0;6;0;0.0;0.0
FR;69;2020-12-30;7;0;13;0;0.0;0.0
FR;69;2020-12-31;5;0;18;0;0.0;0.0
FR;69;2021-01-01;6;0;24;0;0.0;0.0
FR;69;2021-01-02;10;0;34;0;0.0;0.0
FR;69;2021-01-03;8;0;42;0;0.0;0.0
FR;69;2021-01-04;114;0;156;0;0.0;0.0
FR;69;2021-01-05;410;1;566;1;0.0;0.0
FR;69;2021-01-06;806;1;1372;2;0.0;0.0
FR;69;2021-01-07;1887;3;3259;5;0.1;0.0
FR;69;2021-01-08;2445;0;5704;5;0.1;0.0
FR;69;2021-01-09;1118;1;6822;6;0.2;0.0
FR;69;2021-01-10;655;0;7477;6;0.2;0.0
FR;69;2021-01-11;2723;2;10200;8;0.3;0.0
FR;69;2021-01-12;3856;1;14056;9;0.4;0.0
FR;69;2021-01-13;3777;8;17833;17;0.5;0.0
FR;69;2021-01-14;4557;43;22390;60;0.6;0.0
FR;69;2021-01-15;3828;13;26218;73;0.7;0.0
FR;69;2021-01-16;1341;8;27559;81;0.7;0.0
FR;69;2021-01-17;633;3;28192;84;0.7;0.0
FR;69;2021-01-18;3250;14;31442;98;0.8;0.0
FR;69;2021-01-19;4778;14;36220;112;0.9;0.0
FR;69;2021-01-20;4751;10;40971;122;1.1;0.0
FR;69;2021-01-21;5504;11;46475;133;1.2;0.0
FR;69;2021-01-22;4366;9;50841;142;1.3;0.0
FR;69;2021-01-23;1358;4;52199;146;1.3;0.0
FR;69;2021-01-24;446;5;52645;151;1.3;0.0
FR;69;2021-01-25;2716;81;55361;232;1.4;0.0
FR;69;2021-01-26;3341;180;58702;412;1.5;0.0
FR;69;2021-01-27;3662;403;62364;815;1.6;0.0
FR;69;2021-01-28;4310;883;66674;1698;1.7;0.0
FR;69;2021-01-29;3470;1230;70144;2928;1.8;0.1
FR;69;2021-01-30;937;402;71081;3330;1.8;0.1
FR;69;2021-01-31;180;159;71261;3489;1.8;0.1
FR;69;2021-02-01;1803;1521;73064;5010;1.9;0.1
FR;69;2021-02-02;2400;2199;75464;7209;1.9;0.2
FR;69;2021-02-03;2414;2269;77878;9478;2.0;0.2
FR;69;2021-02-04;2942;2919;80820;12397;2.1;0.3
FR;69;2021-02-05;2488;2534;83308;14931;2.1;0.4
FR;69;2021-02-06;720;808;84028;15739;2.2;0.4
FR;69;2021-02-07;162;391;84190;16130;2.2;0.4
FR;69;2021-02-08;1605;2408;85795;18538;2.2;0.5
FR;69;2021-02-09;2397;3410;88192;21948;2.3;0.6
FR;69;2021-02-10;2559;3399;90751;25347;2.3;0.6
FR;69;2021-02-11;3500;4856;94251;30203;2.4;0.8
FR;69;2021-02-12;3135;3413;97386;33616;2.5;0.9
FR;69;2021-02-13;860;1032;98246;34648;2.5;0.9
FR;69;2021-02-14;212;412;98458;35060;2.5;0.9
FR;69;2021-02-15;1325;2774;99783;37834;2.6;1.0
FR;69;2021-02-16;1855;3980;101638;41814;2.6;1.1
FR;69;2021-02-17;2010;3659;103648;45473;2.7;1.2
FR;69;2021-02-18;2983;4548;106631;50021;2.7;1.3
FR;69;2021-02-19;2847;3498;109478;53519;2.8;1.4
FR;69;2021-02-20;752;1025;110230;54544;2.8;1.4
FR;69;2021-02-21;149;233;110379;54777;2.8;1.4
FR;69;2021-02-22;1602;2571;111981;57348;2.9;1.5
FR;69;2021-02-23;2261;2812;114242;60160;2.9;1.5
FR;69;2021-02-24;2651;2904;116893;63064;3.0;1.6
FR;69;2021-02-25;3859;3560;120752;66624;3.1;1.7
FR;69;2021-02-26;4248;2613;125000;69237;3.2;1.8
FR;69;2021-02-27;1791;699;126791;69936;3.2;1.8
FR;69;2021-02-28;309;177;127100;70113;3.3;1.8
FR;69;2021-03-01;2782;1923;129882;72036;3.3;1.8
FR;69;2021-03-02;4697;2427;134579;74463;3.4;1.9
FR;69;2021-03-03;6618;2456;141197;76919;3.6;2.0
FR;69;2021-03-04;11646;2966;152843;79885;3.9;2.0
FR;69;2021-03-05;17327;2624;170170;82509;4.4;2.1
FR;69;2021-03-06;22905;698;193075;83207;4.9;2.1
FR;69;2021-03-07;14671;379;207746;83586;5.3;2.1
FR;69;2021-03-08;9693;2001;217439;85587;5.6;2.2
FR;69;2021-03-09;17370;2431;234809;88018;6.0;2.3
FR;69;2021-03-10;18668;2469;253477;90487;6.5;2.3
FR;69;2021-03-11;28970;3102;282447;93589;7.2;2.4
FR;69;2021-03-12;39615;2774;322062;96363;8.3;2.5
FR;69;2021-03-13;35694;831;357756;97194;9.2;2.5
FR;69;2021-03-14;8158;216;365914;97410;9.4;2.5
FR;69;2021-03-15;16550;1760;382464;99170;9.8;2.5
FR;69;2021-03-16;10702;2151;393166;101321;10.1;2.6
FR;69;2021-03-17;11699;2149;404865;103470;10.4;2.7
FR;69;2021-03-18;13085;2559;417950;106029;10.7;2.7
FR;69;2021-03-19;28666;2345;446616;108374;11.4;2.8
FR;69;2021-03-20;26824;813;473440;109187;12.1;2.8
FR;69;2021-03-21;7107;252;480547;109439;12.3;2.8
FR;69;2021-03-22;21104;2101;501651;111540;12.9;2.9
FR;69;2021-03-23;36042;2695;537693;114235;13.8;2.9
FR;69;2021-03-24;37327;2741;575020;116976;14.7;3.0
FR;69;2021-03-25;54758;2958;629778;119934;16.1;3.1
FR;69;2021-03-26;58923;2833;688701;122767;17.7;3.1
FR;69;2021-03-27;30002;1274;718703;124041;18.4;3.2
FR;69;2021-03-28;7594;356;726297;124397;18.6;3.2
FR;69;2021-03-29;27608;3352;753905;127749;19.3;3.3
FR;69;2021-03-30;42131;4240;796036;131989;20.4;3.4
FR;69;2021-03-31;35263;4300;831299;136289;21.3;3.5
FR;69;2021-04-01;43035;5656;874334;141945;22.4;3.6
FR;69;2021-04-02;41205;5812;915539;147757;23.5;3.8
FR;69;2021-04-03;21628;3890;937167;151647;24.0;3.9
FR;69;2021-04-04;5798;1298;942965;152945;24.2;3.9
FR;69;2021-04-05;7603;1047;950568;153992;24.4;3.9
FR;69;2021-04-06;27685;7108;978253;161100;25.1;4.1
FR;69;2021-04-07;32301;7665;1010554;168765;25.9;4.3
FR;69;2021-04-08;48417;8726;1058971;177491;27.1;4.5
FR;69;2021-04-09;70221;8842;1129192;186333;28.9;4.8
FR;69;2021-04-10;36559;7762;1165751;194095;29.9;5.0
FR;69;2021-04-11;7987;4271;1173738;198366;30.1;5.1
FR;69;2021-04-12;38434;8744;1212172;207110;31.1;5.3
FR;69;2021-04-13;53330;11816;1265502;218926;32.4;5.6
FR;69;2021-04-14;49050;11522;1314552;230448;33.7;5.9
FR;69;2021-04-15;61434;13360;1375986;243808;35.3;6.2
FR;69;2021-04-16;72164;13899;1448150;257707;37.1;6.6
FR;69;2021-04-17;39383;10582;1487533;268289;38.1;6.9
FR;69;2021-04-18;9957;5004;1497490;273293;38.4;7.0
FR;69;2021-04-19;45613;13759;1543103;287052;39.5;7.4
FR;69;2021-04-20;56732;16672;1599835;303724;41.0;7.8
FR;69;2021-04-21;53025;16391;1652860;320115;42.4;8.2
FR;69;2021-04-22;59831;18579;1712691;338694;43.9;8.7
FR;69;2021-04-23;58933;18551;1771624;357245;45.4;9.2
FR;69;2021-04-24;37118;13051;1808742;370296;46.4;9.5
FR;69;2021-04-25;13133;4951;1821875;375247;46.7;9.6
FR;69;2021-04-26;48831;18226;1870706;393473;47.9;10.1
FR;69;2021-04-27;61423;23015;1932129;416488;49.5;10.7
FR;69;2021-04-28;59353;21935;1991482;438423;51.0;11.2
FR;69;2021-04-29;69428;24662;2060910;463085;52.8;11.9
FR;69;2021-04-30;66438;23716;2127348;486801;54.5;12.5
FR;69;2021-05-01;23524;7554;2150872;494355;55.1;12.7
FR;69;2021-05-02;11122;5119;2161994;499474;55.4;12.8
FR;69;2021-05-03;46995;21226;2208989;520700;56.6;13.3
FR;69;2021-05-04;47488;27647;2256477;548347;57.8;14.1
FR;69;2021-05-05;42262;27067;2298739;575414;58.9;14.7
FR;69;2021-05-06;50389;30099;2349128;605513;60.2;15.5
FR;69;2021-05-07;41843;34183;2390971;639696;61.3;16.4
FR;69;2021-05-08;14237;9291;2405208;648987;61.6;16.6
FR;69;2021-05-09;7242;6543;2412450;655530;61.8;16.8
FR;69;2021-05-10;28961;34601;2441411;690131;62.6;17.7
FR;69;2021-05-11;37539;43627;2478950;733758;63.5;18.8
FR;74;2020-12-27;1;0;1;0;0.0;0.0
FR;74;2020-12-28;6;0;7;0;0.0;0.0
FR;74;2020-12-29;5;0;12;0;0.0;0.0
FR;74;2020-12-30;10;0;22;0;0.0;0.0
FR;74;2020-12-31;7;0;29;0;0.0;0.0
FR;74;2021-01-01;5;0;34;0;0.0;0.0
FR;74;2021-01-02;3;0;37;0;0.0;0.0
FR;74;2021-01-03;12;0;49;0;0.0;0.0
FR;74;2021-01-04;85;1;134;1;0.0;0.0
FR;74;2021-01-05;297;0;431;1;0.0;0.0
FR;74;2021-01-06;552;0;983;1;0.0;0.0
FR;74;2021-01-07;1462;0;2445;1;0.1;0.0
FR;74;2021-01-08;1785;3;4230;4;0.1;0.0
FR;74;2021-01-09;793;1;5023;5;0.1;0.0
FR;74;2021-01-10;533;0;5556;5;0.2;0.0
FR;74;2021-01-11;2115;0;7671;5;0.2;0.0
FR;74;2021-01-12;3139;3;10810;8;0.3;0.0
FR;74;2021-01-13;3190;5;14000;13;0.4;0.0
FR;74;2021-01-14;3933;39;17933;52;0.5;0.0
FR;74;2021-01-15;3526;8;21459;60;0.6;0.0
FR;74;2021-01-16;1332;2;22791;62;0.7;0.0
FR;74;2021-01-17;762;3;23553;65;0.7;0.0
FR;74;2021-01-18;4709;11;28262;76;0.8;0.0
FR;74;2021-01-19;6806;11;35068;87;1.0;0.0
FR;74;2021-01-20;7089;9;42157;96;1.2;0.0
FR;74;2021-01-21;8168;20;50325;116;1.4;0.0
FR;74;2021-01-22;6527;15;56852;131;1.6;0.0
FR;74;2021-01-23;2255;1;59107;132;1.7;0.0
FR;74;2021-01-24;606;0;59713;132;1.7;0.0
FR;74;2021-01-25;4528;56;64241;188;1.8;0.0
FR;74;2021-01-26;5610;148;69851;336;2.0;0.0
FR;74;2021-01-27;5967;270;75818;606;2.2;0.0
FR;74;2021-01-28;6949;749;82767;1355;2.4;0.0
FR;74;2021-01-29;5717;894;88484;2249;2.5;0.1
FR;74;2021-01-30;1770;261;90254;2510;2.6;0.1
FR;74;2021-01-31;294;114;90548;2624;2.6;0.1
FR;74;2021-02-01;3274;1060;93822;3684;2.7;0.1
FR;74;2021-02-02;4273;1783;98095;5467;2.8;0.2
FR;74;2021-02-03;4297;1805;102392;7272;2.9;0.2
FR;74;2021-02-04;5148;2465;107540;9737;3.1;0.3
FR;74;2021-02-05;4370;2178;111910;11915;3.2;0.3
FR;74;2021-02-06;1394;693;113304;12608;3.3;0.4
FR;74;2021-02-07;243;351;113547;12959;3.3;0.4
FR;74;2021-02-08;3069;2505;116616;15464;3.4;0.4
FR;74;2021-02-09;4097;3722;120713;19186;3.5;0.6
FR;74;2021-02-10;4406;3814;125119;23000;3.6;0.7
FR;74;2021-02-11;5603;5468;130722;28468;3.8;0.8
FR;74;2021-02-12;5240;3814;135962;32282;3.9;0.9
FR;74;2021-02-13;1646;1218;137608;33500;4.0;1.0
FR;74;2021-02-14;402;471;138010;33971;4.0;1.0
FR;74;2021-02-15;2393;4176;140403;38147;4.0;1.1
FR;74;2021-02-16;3271;5627;143674;43774;4.1;1.3
FR;74;2021-02-17;3391;5448;147065;49222;4.2;1.4
FR;74;2021-02-18;4906;6800;151971;56022;4.4;1.6
FR;74;2021-02-19;4866;5401;156837;61423;4.5;1.8
FR;74;2021-02-20;1546;1736;158383;63159;4.6;1.8
FR;74;2021-02-21;232;415;158615;63574;4.6;1.8
FR;74;2021-02-22;2855;4290;161470;67864;4.6;2.0
FR;74;2021-02-23;4129;4888;165599;72752;4.8;2.1
FR;74;2021-02-24;4513;4836;170112;77588;4.9;2.2
FR;74;2021-02-25;5508;5690;175620;83278;5.0;2.4
FR;74;2021-02-26;5462;4462;181082;87740;5.2;2.5
FR;74;2021-02-27;1995;1364;183077;89104;5.3;2.6
FR;74;2021-02-28;528;293;183605;89397;5.3;2.6
FR;74;2021-03-01;5048;3359;188653;92756;5.4;2.7
FR;74;2021-03-02;7431;4270;196084;97026;5.6;2.8
FR;74;2021-03-03;9626;4247;205710;101273;5.9;2.9
FR;74;2021-03-04;14929;4787;220639;106060;6.3;3.0
FR;74;2021-03-05;21540;4556;242179;110616;7.0;3.2
FR;74;2021-03-06;30916;1332;273095;111948;7.9;3.2
FR;74;2021-03-07;20786;469;293881;112417;8.4;3.2
FR;74;2021-03-08;14148;3629;308029;116046;8.9;3.3
FR;74;2021-03-09;23925;4185;331954;120231;9.5;3.5
FR;74;2021-03-10;26133;4356;358087;124587;10.3;3.6
FR;74;2021-03-11;38108;5221;396195;129808;11.4;3.7
FR;74;2021-03-12;50338;4601;446533;134409;12.8;3.9
FR;74;2021-03-13;47513;1468;494046;135877;14.2;3.9
FR;74;2021-03-14;11921;391;505967;136268;14.5;3.9
FR;74;2021-03-15;25382;3088;531349;139356;15.3;4.0
FR;74;2021-03-16;20004;3815;551353;143171;15.9;4.1
FR;74;2021-03-17;21743;3850;573096;147021;16.5;4.2
FR;74;2021-03-18;24357;4483;597453;151504;17.2;4.4
FR;74;2021-03-19;41213;3907;638666;155411;18.4;4.5
FR;74;2021-03-20;35285;1514;673951;156925;19.4;4.5
FR;74;2021-03-21;9467;387;683418;157312;19.6;4.5
FR;74;2021-03-22;31403;3865;714821;161177;20.6;4.6
FR;74;2021-03-23;50003;4736;764824;165913;22.0;4.8
FR;74;2021-03-24;51959;5123;816783;171036;23.5;4.9
FR;74;2021-03-25;74485;5455;891268;176491;25.6;5.1
FR;74;2021-03-26;80544;5075;971812;181566;27.9;5.2
FR;74;2021-03-27;50887;2326;1022699;183892;29.4;5.3
FR;74;2021-03-28;17779;727;1040478;184619;29.9;5.3
FR;74;2021-03-29;55982;6805;1096460;191424;31.5;5.5
FR;74;2021-03-30;76382;8658;1172842;200082;33.7;5.8
FR;74;2021-03-31;67756;9222;1240598;209304;35.7;6.0
FR;74;2021-04-01;78125;11605;1318723;220909;37.9;6.4
FR;74;2021-04-02;69842;12186;1388565;233095;39.9;6.7
FR;74;2021-04-03;37103;8399;1425668;241494;41.0;6.9
FR;74;2021-04-04;12490;2767;1438158;244261;41.3;7.0
FR;74;2021-04-05;19186;1839;1457344;246100;41.9;7.1
FR;74;2021-04-06;64177;15017;1521521;261117;43.7;7.5
FR;74;2021-04-07;72484;15872;1594005;276989;45.8;8.0
FR;74;2021-04-08;87416;17774;1681421;294763;48.3;8.5
FR;74;2021-04-09;96951;17540;1778372;312303;51.1;9.0
FR;74;2021-04-10;48536;13945;1826908;326248;52.5;9.4
FR;74;2021-04-11;12725;6808;1839633;333056;52.9;9.6
FR;74;2021-04-12;60733;17631;1900366;350687;54.6;10.1
FR;74;2021-04-13;68534;22071;1968900;372758;56.6;10.7
FR;74;2021-04-14;59776;21659;2028676;394417;58.3;11.3
FR;74;2021-04-15;61514;23598;2090190;418015;60.1;12.0
FR;74;2021-04-16;51890;24198;2142080;442213;61.6;12.7
FR;74;2021-04-17;25536;16733;2167616;458946;62.3;13.2
FR;74;2021-04-18;5701;6956;2173317;465902;62.5;13.4
FR;74;2021-04-19;31494;24205;2204811;490107;63.4;14.1
FR;74;2021-04-20;35999;29469;2240810;519576;64.4;14.9
FR;74;2021-04-21;33033;30115;2273843;549691;65.4;15.8
FR;74;2021-04-22;37797;35072;2311640;584763;66.5;16.8
FR;74;2021-04-23;34510;38641;2346150;623404;67.5;17.9
FR;74;2021-04-24;18513;30658;2364663;654062;68.0;18.8
FR;74;2021-04-25;6070;12535;2370733;666597;68.2;19.2
FR;74;2021-04-26;26241;46769;2396974;713366;68.9;20.5
FR;74;2021-04-27;32770;55933;2429744;769299;69.9;22.1
FR;74;2021-04-28;32279;52707;2462023;822006;70.8;23.6
FR;74;2021-04-29;38197;53824;2500220;875830;71.9;25.2
FR;74;2021-04-30;34693;49003;2534913;924833;72.9;26.6
FR;74;2021-05-01;11001;15108;2545914;939941;73.2;27.0
FR;74;2021-05-02;5129;11365;2551043;951306;73.3;27.3
FR;74;2021-05-03;23908;52012;2574951;1003318;74.0;28.8
FR;74;2021-05-04;24771;69140;2599722;1072458;74.7;30.8
FR;74;2021-05-05;22369;64839;2622091;1137297;75.4;32.7
FR;74;2021-05-06;26992;63167;2649083;1200464;76.2;34.5
FR;74;2021-05-07;22936;65911;2672019;1266375;76.8;36.4
FR;74;2021-05-08;7373;14236;2679392;1280611;77.0;36.8
FR;74;2021-05-09;3641;10462;2683033;1291073;77.1;37.1
FR;74;2021-05-10;15590;62976;2698623;1354049;77.6;38.9
FR;74;2021-05-11;20517;63999;2719140;1418048;78.2;40.8
FR;79;2020-12-27;1;0;1;0;0.0;0.0
FR;79;2020-12-28;6;0;7;0;0.0;0.0
FR;79;2020-12-29;16;0;23;0;0.0;0.0
FR;79;2020-12-30;11;0;34;0;0.0;0.0
FR;79;2020-12-31;6;0;40;0;0.0;0.0
FR;79;2021-01-01;4;0;44;0;0.0;0.0
FR;79;2021-01-02;4;0;48;0;0.0;0.0
FR;79;2021-01-03;2;0;50;0;0.0;0.0
FR;79;2021-01-04;49;0;99;0;0.0;0.0
FR;79;2021-01-05;171;0;270;0;0.0;0.0
FR;79;2021-01-06;339;0;609;0;0.0;0.0
FR;79;2021-01-07;904;0;1513;0;0.1;0.0
FR;79;2021-01-08;1070;1;2583;1;0.1;0.0
FR;79;2021-01-09;364;0;2947;1;0.1;0.0
FR;79;2021-01-10;191;0;3138;1;0.1;0.0
FR;79;2021-01-11;1144;2;4282;3;0.2;0.0
FR;79;2021-01-12;2198;2;6480;5;0.3;0.0
FR;79;2021-01-13;2743;2;9223;7;0.4;0.0
FR;79;2021-01-14;4430;35;13653;42;0.6;0.0
FR;79;2021-01-15;5245;16;18898;58;0.9;0.0
FR;79;2021-01-16;2818;11;21716;69;1.0;0.0
FR;79;2021-01-17;1305;3;23021;72;1.0;0.0
FR;79;2021-01-18;19637;35;42658;107;1.9;0.0
FR;79;2021-01-19;26007;34;68665;141;3.1;0.0
FR;79;2021-01-20;28017;32;96682;173;4.4;0.0
FR;79;2021-01-21;30039;30;126721;203;5.7;0.0
FR;79;2021-01-22;27882;26;154603;229;7.0;0.0
FR;79;2021-01-23;11660;10;166263;239;7.5;0.0
FR;79;2021-01-24;2172;2;168435;241;7.6;0.0
FR;79;2021-01-25;22543;44;190978;285;8.6;0.0
FR;79;2021-01-26;25717;116;216695;401;9.8;0.0
FR;79;2021-01-27;24995;191;241690;592;10.9;0.0
FR;79;2021-01-28;25174;559;266864;1151;12.0;0.1
FR;79;2021-01-29;22524;560;289388;1711;13.1;0.1
FR;79;2021-01-30;8782;136;298170;1847;13.4;0.1
FR;79;2021-01-31;1229;55;299399;1902;13.5;0.1
FR;79;2021-02-01;16133;642;315532;2544;14.2;0.1
FR;79;2021-02-02;19259;1271;334791;3815;15.1;0.2
FR;79;2021-02-03;18286;1575;353077;5390;15.9;0.2
FR;79;2021-02-04;19161;2531;372238;7921;16.8;0.4
FR;79;2021-02-05;18011;2677;390249;10598;17.6;0.5
FR;79;2021-02-06;6450;1003;396699;11601;17.9;0.5
FR;79;2021-02-07;872;390;397571;11991;17.9;0.5
FR;79;2021-02-08;13082;5810;410653;17801;18.5;0.8
FR;79;2021-02-09;15547;7669;426200;25470;19.2;1.1
FR;79;2021-02-10;15439;8043;441639;33513;19.9;1.5
FR;79;2021-02-11;16522;9600;458161;43113;20.7;1.9
FR;79;2021-02-12;15661;9404;473822;52517;21.4;2.4
FR;79;2021-02-13;5004;4121;478826;56638;21.6;2.6
FR;79;2021-02-14;903;1042;479729;57680;21.6;2.6
FR;79;2021-02-15;7129;19819;486858;77499;22.0;3.5
FR;79;2021-02-16;8337;23624;495195;101123;22.3;4.6
FR;79;2021-02-17;8247;24019;503442;125142;22.7;5.6
FR;79;2021-02-18;10274;24420;513716;149562;23.2;6.7
FR;79;2021-02-19;10306;20761;524022;170323;23.6;7.7
FR;79;2021-02-20;3766;8311;527788;178634;23.8;8.1
FR;79;2021-02-21;548;1555;528336;180189;23.8;8.1
FR;79;2021-02-22;6983;21880;535319;202069;24.1;9.1
FR;79;2021-02-23;9624;23561;544943;225630;24.6;10.2
FR;79;2021-02-24;10022;22200;554965;247830;25.0;11.2
FR;79;2021-02-25;11653;22076;566618;269906;25.6;12.2
FR;79;2021-02-26;12046;19106;578664;289012;26.1;13.0
FR;79;2021-02-27;4417;6732;583081;295744;26.3;13.3
FR;79;2021-02-28;873;1037;583954;296781;26.3;13.4
FR;79;2021-03-01;12107;16436;596061;313217;26.9;14.1
FR;79;2021-03-02;16304;19254;612365;332471;27.6;15.0
FR;79;2021-03-03;17700;18516;630065;350987;28.4;15.8
FR;79;2021-03-04;20864;17653;650929;368640;29.4;16.6
FR;79;2021-03-05;22415;16440;673344;385080;30.4;17.4
FR;79;2021-03-06;28942;5318;702286;390398;31.7;17.6
FR;79;2021-03-07;21034;1002;723320;391400;32.6;17.7
FR;79;2021-03-08;17346;15319;740666;406719;33.4;18.3
FR;79;2021-03-09;25694;16396;766360;423115;34.6;19.1
FR;79;2021-03-10;26829;15559;793189;438674;35.8;19.8
FR;79;2021-03-11;31776;15045;824965;453719;37.2;20.5
FR;79;2021-03-12;33292;12898;858257;466617;38.7;21.0
FR;79;2021-03-13;25235;4192;883492;470809;39.8;21.2
FR;79;2021-03-14;9457;761;892949;471570;40.3;21.3
FR;79;2021-03-15;28409;8644;921358;480214;41.6;21.7
FR;79;2021-03-16;32774;9270;954132;489484;43.0;22.1
FR;79;2021-03-17;33749;9231;987881;498715;44.6;22.5
FR;79;2021-03-18;36632;9711;1024513;508426;46.2;22.9
FR;79;2021-03-19;36653;8835;1061166;517261;47.9;23.3
FR;79;2021-03-20;20644;3257;1081810;520518;48.8;23.5
FR;79;2021-03-21;5874;594;1087684;521112;49.1;23.5
FR;79;2021-03-22;28533;9160;1116217;530272;50.3;23.9
FR;79;2021-03-23;36981;10745;1153198;541017;52.0;24.4
FR;79;2021-03-24;35470;11311;1188668;552328;53.6;24.9
FR;79;2021-03-25;41801;11082;1230469;563410;55.5;25.4
FR;79;2021-03-26;39293;10404;1269762;573814;57.3;25.9
FR;79;2021-03-27;17618;4387;1287380;578201;58.1;26.1
FR;79;2021-03-28;4791;899;1292171;579100;58.3;26.1
FR;79;2021-03-29;22233;14986;1314404;594086;59.3;26.8
FR;79;2021-03-30;27959;18877;1342363;612963;60.5;27.6
FR;79;2021-03-31;24634;19712;1366997;632675;61.7;28.5
FR;79;2021-04-01;27088;23165;1394085;655840;62.9;29.6
FR;79;2021-04-02;22993;24413;1417078;680253;63.9;30.7
FR;79;2021-04-03;9996;17352;1427074;697605;64.4;31.5
FR;79;2021-04-04;2796;5057;1429870;702662;64.5;31.7
FR;79;2021-04-05;4180;2742;1434050;705404;64.7;31.8
FR;79;2021-04-06;18868;28934;1452918;734338;65.5;33.1
FR;79;2021-04-07;20972;29822;1473890;764160;66.5;34.5
FR;79;2021-04-08;24909;29877;1498799;794037;67.6;35.8
FR;79;2021-04-09;26706;28046;1525505;822083;68.8;37.1
FR;79;2021-04-10;13616;18905;1539121;840988;69.4;37.9
FR;79;2021-04-11;3498;6442;1542619;847430;69.6;38.2
FR;79;2021-04-12;16679;28875;1559298;876305;70.3;39.5
FR;79;2021-04-13;19016;34966;1578314;911271;71.2;41.1
FR;79;2021-04-14;18023;33100;1596337;944371;72.0;42.6
FR;79;2021-04-15;18934;33273;1615271;977644;72.8;44.1
FR;79;2021-04-16;16096;31003;1631367;1008647;73.6;45.5
FR;79;2021-04-17;8071;16670;1639438;1025317;73.9;46.2
FR;79;2021-04-18;1757;4829;1641195;1030146;74.0;46.5
FR;79;2021-04-19;9744;29136;1650939;1059282;74.5;47.8
FR;79;2021-04-20;11571;34402;1662510;1093684;75.0;49.3
FR;79;2021-04-21;11148;31162;1673658;1124846;75.5;50.7
FR;79;2021-04-22;12717;31048;1686375;1155894;76.1;52.1
FR;79;2021-04-23;11771;27637;1698146;1183531;76.6;53.4
FR;79;2021-04-24;6100;13696;1704246;1197227;76.9;54.0
FR;79;2021-04-25;1884;3417;1706130;1200644;76.9;54.1
FR;79;2021-04-26;8778;20561;1714908;1221205;77.3;55.1
FR;79;2021-04-27;10952;23626;1725860;1244831;77.8;56.1
FR;79;2021-04-28;11461;20852;1737321;1265683;78.4;57.1
FR;79;2021-04-29;13398;20612;1750719;1286295;79.0;58.0
FR;79;2021-04-30;12645;17535;1763364;1303830;79.5;58.8
FR;79;2021-05-01;3770;3902;1767134;1307732;79.7;59.0
FR;79;2021-05-02;1719;2613;1768853;1310345;79.8;59.1
FR;79;2021-05-03;8468;15069;1777321;1325414;80.2;59.8
FR;79;2021-05-04;8775;20111;1786096;1345525;80.6;60.7
FR;79;2021-05-05;8227;18926;1794323;1364451;80.9;61.5
FR;79;2021-05-06;10058;18720;1804381;1383171;81.4;62.4
FR;79;2021-05-07;8782;19397;1813163;1402568;81.8;63.3
FR;79;2021-05-08;2799;4265;1815962;1406833;81.9;63.4
FR;79;2021-05-09;1374;2982;1817336;1409815;82.0;63.6
FR;79;2021-05-10;5920;17433;1823256;1427248;82.2;64.4
FR;79;2021-05-11;7742;18485;1830998;1445733;82.6;65.2
FR;80;2020-12-27;10;0;10;0;0.0;0.0
FR;80;2020-12-28;41;0;51;0;0.0;0.0
FR;80;2020-12-29;78;0;129;0;0.0;0.0
FR;80;2020-12-30;69;0;198;0;0.0;0.0
FR;80;2020-12-31;49;0;247;0;0.0;0.0
FR;80;2021-01-01;8;0;255;0;0.0;0.0
FR;80;2021-01-02;8;0;263;0;0.0;0.0
FR;80;2021-01-03;2;0;265;0;0.0;0.0
FR;80;2021-01-04;297;1;562;1;0.0;0.0
FR;80;2021-01-05;909;0;1471;1;0.0;0.0
FR;80;2021-01-06;1673;0;3144;1;0.1;0.0
FR;80;2021-01-07;6290;2;9434;3;0.2;0.0
FR;80;2021-01-08;5702;2;15136;5;0.4;0.0
FR;80;2021-01-09;979;0;16115;5;0.4;0.0
FR;80;2021-01-10;307;0;16422;5;0.4;0.0
FR;80;2021-01-11;4429;4;20851;9;0.5;0.0
FR;80;2021-01-12;12658;8;33509;17;0.8;0.0
FR;80;2021-01-13;12423;14;45932;31;1.1;0.0
FR;80;2021-01-14;18199;115;64131;146;1.5;0.0
FR;80;2021-01-15;12097;31;76228;177;1.8;0.0
FR;80;2021-01-16;4032;28;80260;205;1.9;0.0
FR;80;2021-01-17;3742;18;84002;223;2.0;0.0
FR;80;2021-01-18;28719;65;112721;288;2.7;0.0
FR;80;2021-01-19;53712;62;166433;350;4.0;0.0
FR;80;2021-01-20;59353;108;225786;458;5.4;0.0
FR;80;2021-01-21;69891;78;295677;536;7.1;0.0
FR;80;2021-01-22;48278;64;343955;600;8.3;0.0
FR;80;2021-01-23;16214;8;360169;608;8.7;0.0
FR;80;2021-01-24;4311;2;364480;610;8.8;0.0
FR;80;2021-01-25;32390;146;396870;756;9.5;0.0
FR;80;2021-01-26;45091;530;441961;1286;10.6;0.0
FR;80;2021-01-27;50850;888;492811;2174;11.9;0.1
FR;80;2021-01-28;59964;3931;552775;6105;13.3;0.1
FR;80;2021-01-29;39312;3266;592087;9371;14.2;0.2
FR;80;2021-01-30;13220;591;605307;9962;14.6;0.2
FR;80;2021-01-31;2333;285;607640;10247;14.6;0.2
FR;80;2021-02-01;22996;2784;630636;13031;15.2;0.3
FR;80;2021-02-02;33444;7427;664080;20458;16.0;0.5
FR;80;2021-02-03;34396;7864;698476;28322;16.8;0.7
FR;80;2021-02-04;38033;12581;736509;40903;17.7;1.0
FR;80;2021-02-05;29777;9525;766286;50428;18.4;1.2
FR;80;2021-02-06;9703;2123;775989;52551;18.7;1.3
FR;80;2021-02-07;1449;1867;777438;54418;18.7;1.3
FR;80;2021-02-08;19334;11136;796772;65554;19.2;1.6
FR;80;2021-02-09;25877;25603;822649;91157;19.8;2.2
FR;80;2021-02-10;26293;28912;848942;120069;20.4;2.9
FR;80;2021-02-11;30445;38114;879387;158183;21.1;3.8
FR;80;2021-02-12;26684;24672;906071;182855;21.8;4.4
FR;80;2021-02-13;7923;6521;913994;189376;22.0;4.6
FR;80;2021-02-14;1507;3099;915501;192475;22.0;4.6
FR;80;2021-02-15;11128;28307;926629;220782;22.3;5.3
FR;80;2021-02-16;15532;38925;942161;259707;22.7;6.2
FR;80;2021-02-17;15915;44486;958076;304193;23.0;7.3
FR;80;2021-02-18;21457;52508;979533;356701;23.6;8.6
FR;80;2021-02-19;19023;37486;998556;394187;24.0;9.5
FR;80;2021-02-20;6299;12321;1004855;406508;24.2;9.8
FR;80;2021-02-21;912;2970;1005767;409478;24.2;9.8
FR;80;2021-02-22;11165;30690;1016932;440168;24.5;10.6
FR;80;2021-02-23;17048;37262;1033980;477430;24.9;11.5
FR;80;2021-02-24;17959;37078;1051939;514508;25.3;12.4
FR;80;2021-02-25;22234;40856;1074173;555364;25.8;13.4
FR;80;2021-02-26;20494;30900;1094667;586264;26.3;14.1
FR;80;2021-02-27;7166;10283;1101833;596547;26.5;14.3
FR;80;2021-02-28;1259;2119;1103092;598666;26.5;14.4
FR;80;2021-03-01;18729;23193;1121821;621859;27.0;15.0
FR;80;2021-03-02;26837;29091;1148658;650950;27.6;15.7
FR;80;2021-03-03;28637;29223;1177295;680173;28.3;16.4
FR;80;2021-03-04;34799;29660;1212094;709833;29.2;17.1
FR;80;2021-03-05;35809;27447;1247903;737280;30.0;17.7
FR;80;2021-03-06;41252;8317;1289155;745597;31.0;17.9
FR;80;2021-03-07;29641;1980;1318796;747577;31.7;18.0
FR;80;2021-03-08;27136;22463;1345932;770040;32.4;18.5
FR;80;2021-03-09;40628;24617;1386560;794657;33.3;19.1
FR;80;2021-03-10;43008;25351;1429568;820008;34.4;19.7
FR;80;2021-03-11;51520;26819;1481088;846827;35.6;20.4
FR;80;2021-03-12;51954;22924;1533042;869751;36.9;20.9
FR;80;2021-03-13;37343;6963;1570385;876714;37.8;21.1
FR;80;2021-03-14;13872;1510;1584257;878224;38.1;21.1
FR;80;2021-03-15;43972;13894;1628229;892118;39.2;21.5
FR;80;2021-03-16;51762;16994;1679991;909112;40.4;21.9
FR;80;2021-03-17;54556;16508;1734547;925620;41.7;22.3
FR;80;2021-03-18;58387;18785;1792934;944405;43.1;22.7
FR;80;2021-03-19;57267;15684;1850201;960089;44.5;23.1
FR;80;2021-03-20;30938;5315;1881139;965404;45.2;23.2
FR;80;2021-03-21;8681;1087;1889820;966491;45.5;23.2
FR;80;2021-03-22;42792;14513;1932612;981004;46.5;23.6
FR;80;2021-03-23;55463;18014;1988075;999018;47.8;24.0
FR;80;2021-03-24;54323;19007;2042398;1018025;49.1;24.5
FR;80;2021-03-25;63784;19534;2106182;1037559;50.7;25.0
FR;80;2021-03-26;60003;18213;2166185;1055772;52.1;25.4
FR;80;2021-03-27;26538;7327;2192723;1063099;52.7;25.6
FR;80;2021-03-28;6922;1447;2199645;1064546;52.9;25.6
FR;80;2021-03-29;32788;23365;2232433;1087911;53.7;26.2
FR;80;2021-03-30;43093;30689;2275526;1118600;54.7;26.9
FR;80;2021-03-31;40400;32068;2315926;1150668;55.7;27.7
FR;80;2021-04-01;45936;37673;2361862;1188341;56.8;28.6
FR;80;2021-04-02;36969;39696;2398831;1228037;57.7;29.5
FR;80;2021-04-03;14482;26077;2413313;1254114;58.0;30.2
FR;80;2021-04-04;3861;7557;2417174;1261671;58.1;30.3
FR;80;2021-04-05;5606;4074;2422780;1265745;58.3;30.4
FR;80;2021-04-06;27457;44915;2450237;1310660;58.9;31.5
FR;80;2021-04-07;33297;48353;2483534;1359013;59.7;32.7
FR;80;2021-04-08;39848;49499;2523382;1408512;60.7;33.9
FR;80;2021-04-09;43229;46272;2566611;1454784;61.7;35.0
FR;80;2021-04-10;19789;28855;2586400;1483639;62.2;35.7
FR;80;2021-04-11;4824;9353;2591224;1492992;62.3;35.9
FR;80;2021-04-12;23394;45114;2614618;1538106;62.9;37.0
FR;80;2021-04-13;30018;54586;2644636;1592692;63.6;38.3
FR;80;2021-04-14;28753;52081;2673389;1644773;64.3;39.6
FR;80;2021-04-15;31032;52603;2704421;1697376;65.0;40.8
FR;80;2021-04-16;26184;48921;2730605;1746297;65.7;42.0
FR;80;2021-04-17;12244;25565;2742849;1771862;66.0;42.6
FR;80;2021-04-18;2514;7611;2745363;1779473;66.0;42.8
FR;80;2021-04-19;14105;43637;2759468;1823110;66.4;43.8
FR;80;2021-04-20;17749;52988;2777217;1876098;66.8;45.1
FR;80;2021-04-21;17721;49737;2794938;1925835;67.2;46.3
FR;80;2021-04-22;20402;51148;2815340;1976983;67.7;47.5
FR;80;2021-04-23;18863;44547;2834203;2021530;68.2;48.6
FR;80;2021-04-24;9318;21164;2843521;2042694;68.4;49.1
FR;80;2021-04-25;2647;5141;2846168;2047835;68.5;49.3
FR;80;2021-04-26;12149;30525;2858317;2078360;68.7;50.0
FR;80;2021-04-27;16541;36351;2874858;2114711;69.1;50.9
FR;80;2021-04-28;17705;34524;2892563;2149235;69.6;51.7
FR;80;2021-04-29;21214;35542;2913777;2184777;70.1;52.5
FR;80;2021-04-30;20083;29507;2933860;2214284;70.6;53.3
FR;80;2021-05-01;5747;5803;2939607;2220087;70.7;53.4
FR;80;2021-05-02;2581;3845;2942188;2223932;70.8;53.5
FR;80;2021-05-03;12274;21299;2954462;2245231;71.1;54.0
FR;80;2021-05-04;13627;29913;2968089;2275144;71.4;54.7
FR;80;2021-05-05;13191;29230;2981280;2304374;71.7;55.4
FR;80;2021-05-06;15527;29435;2996807;2333809;72.1;56.1
FR;80;2021-05-07;14197;29688;3011004;2363497;72.4;56.8
FR;80;2021-05-08;4212;6013;3015216;2369510;72.5;57.0
FR;80;2021-05-09;1897;4136;3017113;2373646;72.6;57.1
FR;80;2021-05-10;8800;24275;3025913;2397921;72.8;57.7
FR;80;2021-05-11;11874;27055;3037787;2424976;73.1;58.3
FR;0;2020-12-27;20;0;20;0;0.0;0.0
FR;0;2020-12-28;62;0;82;0;0.0;0.0
FR;0;2020-12-29;108;0;190;0;0.0;0.0
FR;0;2020-12-30;116;0;306;0;0.0;0.0
FR;0;2020-12-31;83;0;389;0;0.0;0.0
FR;0;2021-01-01;65;0;454;0;0.0;0.0
FR;0;2021-01-02;75;0;529;0;0.0;0.0
FR;0;2021-01-03;87;0;616;0;0.0;0.0
FR;0;2021-01-04;1468;4;2084;4;0.0;0.0
FR;0;2021-01-05;5373;6;7457;10;0.0;0.0
FR;0;2021-01-06;11270;10;18727;20;0.0;0.0
FR;0;2021-01-07;28507;38;47234;58;0.1;0.0
FR;0;2021-01-08;35979;32;83213;90;0.1;0.0
FR;0;2021-01-09;10877;7;94090;97;0.1;0.0
FR;0;2021-01-10;5601;3;99691;100;0.1;0.0
FR;0;2021-01-11;38813;41;138504;141;0.2;0.0
FR;0;2021-01-12;60568;59;199072;200;0.3;0.0
FR;0;2021-01-13;63504;95;262576;295;0.4;0.0
FR;0;2021-01-14;79618;627;342194;922;0.5;0.0
FR;0;2021-01-15;67138;200;409332;1122;0.6;0.0
FR;0;2021-01-16;19592;95;428924;1217;0.6;0.0
FR;0;2021-01-17;10448;45;439372;1262;0.7;0.0
FR;0;2021-01-18;84212;215;523584;1477;0.8;0.0
FR;0;2021-01-19;128103;201;651687;1678;1.0;0.0
FR;0;2021-01-20;134732;260;786419;1938;1.2;0.0
FR;0;2021-01-21;154760;220;941179;2158;1.4;0.0
FR;0;2021-01-22;118147;243;1059326;2401;1.6;0.0
FR;0;2021-01-23;37743;60;1097069;2461;1.6;0.0
FR;0;2021-01-24;9330;30;1106399;2491;1.6;0.0
FR;0;2021-01-25;76625;1267;1183024;3758;1.8;0.0
FR;0;2021-01-26;98549;3167;1281573;6925;1.9;0.0
FR;0;2021-01-27;105437;5667;1387010;12592;2.1;0.0
FR;0;2021-01-28;121984;14455;1508994;27047;2.2;0.0
FR;0;2021-01-29;90690;17390;1599684;44437;2.4;0.1
FR;0;2021-01-30;28619;4251;1628303;48688;2.4;0.1
FR;0;2021-01-31;4862;1681;1633165;50369;2.4;0.1
FR;0;2021-02-01;51397;21172;1684562;71541;2.5;0.1
FR;0;2021-02-02;70385;34680;1754947;106221;2.6;0.2
FR;0;2021-02-03;70811;37065;1825758;143286;2.7;0.2
FR;0;2021-02-04;80180;50193;1905938;193479;2.8;0.3
FR;0;2021-02-05;66846;45445;1972784;238924;2.9;0.4
FR;0;2021-02-06;21254;10416;1994038;249340;3.0;0.4
FR;0;2021-02-07;4825;5057;1998863;254397;3.0;0.4
FR;0;2021-02-08;45766;46112;2044629;300509;3.0;0.4
FR;0;2021-02-09;64624;72684;2109253;373193;3.1;0.6
FR;0;2021-02-10;69092;77033;2178345;450226;3.2;0.7
FR;0;2021-02-11;85282;99666;2263627;549892;3.4;0.8
FR;0;2021-02-12;77438;74752;2341065;624644;3.5;0.9
FR;0;2021-02-13;21588;19556;2362653;644200;3.5;1.0
FR;0;2021-02-14;4561;7214;2367214;651414;3.5;1.0
FR;0;2021-02-15;36860;76770;2404074;728184;3.6;1.1
FR;0;2021-02-16;49035;101036;2453109;829220;3.7;1.2
FR;0;2021-02-17;49165;103298;2502274;932518;3.7;1.4
FR;0;2021-02-18;67460;119109;2569734;1051627;3.8;1.6
FR;0;2021-02-19;63407;91216;2633141;1142843;3.9;1.7
FR;0;2021-02-20;17879;28501;2651020;1171344;3.9;1.7
FR;0;2021-02-21;2840;6389;2653860;1177733;4.0;1.8
FR;0;2021-02-22;36263;73411;2690123;1251144;4.0;1.9
FR;0;2021-02-23;52231;84411;2742354;1335555;4.1;2.0
FR;0;2021-02-24;57776;81451;2800130;1417006;4.2;2.1
FR;0;2021-02-25;97845;92152;2897975;1509158;4.3;2.2
FR;0;2021-02-26;110997;71766;3008972;1580924;4.5;2.4
FR;0;2021-02-27;50765;22229;3059737;1603153;4.6;2.4
FR;0;2021-02-28;5635;4468;3065372;1607621;4.6;2.4
FR;0;2021-03-01;63046;53159;3128418;1660780;4.7;2.5
FR;0;2021-03-02;98664;66860;3227082;1727640;4.8;2.6
FR;0;2021-03-03;112638;66313;3339720;1793953;5.0;2.7
FR;0;2021-03-04;158622;70153;3498342;1864106;5.2;2.8
FR;0;2021-03-05;196193;64775;3694535;1928881;5.5;2.9
FR;0;2021-03-06;202681;18717;3897216;1947598;5.8;2.9
FR;0;2021-03-07;118945;5913;4016161;1953511;6.0;2.9
FR;0;2021-03-08;104066;51398;4120227;2004909;6.1;3.0
FR;0;2021-03-09;168432;57808;4288659;2062717;6.4;3.1
FR;0;2021-03-10;174339;58255;4462998;2120972;6.6;3.2
FR;0;2021-03-11;237572;64727;4700570;2185699;7.0;3.3
FR;0;2021-03-12;288957;55353;4989527;2241052;7.4;3.3
FR;0;2021-03-13;226508;16281;5216035;2257333;7.8;3.4
FR;0;2021-03-14;61948;3833;5277983;2261166;7.9;3.4
FR;0;2021-03-15;154881;34129;5432864;2295295;8.1;3.4
FR;0;2021-03-16;138975;41098;5571839;2336393;8.3;3.5
FR;0;2021-03-17;147579;40628;5719418;2377021;8.5;3.5
FR;0;2021-03-18;164552;47188;5883970;2424209;8.8;3.6
FR;0;2021-03-19;225656;40628;6109626;2464837;9.1;3.7
FR;0;2021-03-20;163983;13604;6273609;2478441;9.3;3.7
FR;0;2021-03-21;48670;3324;6322279;2481765;9.4;3.7
FR;0;2021-03-22;166515;36837;6488794;2518602;9.7;3.8
FR;0;2021-03-23;245831;46111;6734625;2564713;10.0;3.8
FR;0;2021-03-24;252355;47585;6986980;2612298;10.4;3.9
FR;0;2021-03-25;336163;49898;7323143;2662196;10.9;4.0
FR;0;2021-03-26;353431;47390;7676574;2709586;11.4;4.0
FR;0;2021-03-27;192306;19562;7868880;2729148;11.7;4.1
FR;0;2021-03-28;58227;4663;7927107;2733811;11.8;4.1
FR;0;2021-03-29;199732;57644;8126839;2791455;12.1;4.2
FR;0;2021-03-30;280898;74849;8407737;2866304;12.5;4.3
FR;0;2021-03-31;258212;78193;8665949;2944497;12.9;4.4
FR;0;2021-04-01;308299;94951;8974248;3039448;13.4;4.5
FR;0;2021-04-02;276635;98224;9250883;3137672;13.8;4.7
FR;0;2021-04-03;138775;64804;9389658;3202476;14.0;4.8
FR;0;2021-04-04;44785;19823;9434443;3222299;14.1;4.8
FR;0;2021-04-05;58653;12594;9493096;3234893;14.1;4.8
FR;0;2021-04-06;212112;112697;9705208;3347590;14.5;5.0
FR;0;2021-04-07;255069;122007;9960277;3469597;14.8;5.2
FR;0;2021-04-08;331103;130521;10291380;3600118;15.3;5.4
FR;0;2021-04-09;402623;126054;10694003;3726172;15.9;5.6
FR;0;2021-04-10;209628;87692;10903631;3813864;16.2;5.7
FR;0;2021-04-11;54845;36226;10958476;3850090;16.3;5.7
FR;0;2021-04-12;232719;121012;11191195;3971102;16.7;5.9
FR;0;2021-04-13;303444;152697;11494639;4123799;17.1;6.1
FR;0;2021-04-14;287108;147568;11781747;4271367;17.6;6.4
FR;0;2021-04-15;328411;157254;12110158;4428621;18.0;6.6
FR;0;2021-04-16;332022;154616;12442180;4583237;18.5;6.8
FR;0;2021-04-17;184785;95016;12626965;4678253;18.8;7.0
FR;0;2021-04-18;50065;37068;12677030;4715321;18.9;7.0
FR;0;2021-04-19;200746;144363;12877776;4859684;19.2;7.2
FR;0;2021-04-20;248144;178431;13125920;5038115;19.6;7.5
FR;0;2021-04-21;245458;176649;13371378;5214764;19.9;7.8
FR;0;2021-04-22;280165;197730;13651543;5412494;20.3;8.1
FR;0;2021-04-23;287410;193520;13938953;5606014;20.8;8.4
FR;0;2021-04-24;186677;119159;14125630;5725173;21.0;8.5
FR;0;2021-04-25;67267;41505;14192897;5766678;21.1;8.6
FR;0;2021-04-26;213316;166104;14406213;5932782;21.5;8.8
FR;0;2021-04-27;278214;206510;14684427;6139292;21.9;9.1
FR;0;2021-04-28;291226;203597;14975653;6342889;22.3;9.5
FR;0;2021-04-29;345606;225393;15321259;6568282;22.8;9.8
FR;0;2021-04-30;361459;218403;15682718;6786685;23.4;10.1
FR;0;2021-05-01;158509;61186;15841227;6847871;23.6;10.2
FR;0;2021-05-02;88944;42171;15930171;6890042;23.7;10.3
FR;0;2021-05-03;277763;186453;16207934;7076495;24.1;10.5
FR;0;2021-05-04;304154;246309;16512088;7322804;24.6;10.9
FR;0;2021-05-05;313377;245422;16825465;7568226;25.1;11.3
FR;0;2021-05-06;365923;268053;17191388;7836279;25.6;11.7
FR;0;2021-05-07;359469;293654;17550857;8129933;26.2;12.1
FR;0;2021-05-08;191416;77883;17742273;8207816;26.4;12.2
FR;0;2021-05-09;126977;53950;17869250;8261766;26.6;12.3
FR;0;2021-05-10;295664;250433;18164914;8512199;27.1;12.7
FR;0;2021-05-11;385976;291267;18550890;8803466;27.6;13.1
