fra;clage_vacsi;jour;n_dose1;n_complet;n_cum_dose1;n_cum_complet;couv_dose1;couv_complet
FR;24;2020-12-27;1;0;1;0;0.0;0.0
FR;24;2020-12-28;2;0;3;0;0.0;0.0
FR;24;2020-12-29;0;0;3;0;0.0;0.0
FR;24;2020-12-30;0;0;3;0;0.0;0.0
FR;24;2020-12-31;0;0;3;0;0.0;0.0
FR;24;2021-01-01;1;0;4;0;0.0;0.0
FR;24;2021-01-02;0;0;4;0;0.0;0.0
FR;24;2021-01-03;2;0;6;0;0.0;0.0
FR;24;2021-01-04;4;0;10;0;0.0;0.0
FR;24;2021-01-05;17;0;27;0;0.0;0.0
FR;24;2021-01-06;36;0;63;0;0.0;0.0
FR;24;2021-01-07;179;0;242;0;0.0;0.0
FR;24;2021-01-08;216;0;458;0;0.0;0.0
FR;24;2021-01-09;40;0;498;0;0.0;0.0
FR;24;2021-01-10;35;0;533;0;0.0;0.0
FR;24;2021-01-11;251;2;784;2;0.0;0.0
FR;24;2021-01-12;395;1;1179;3;0.0;0.0
FR;24;2021-01-13;477;3;1656;6;0.0;0.0
FR;24;2021-01-14;607;5;2263;11;0.0;0.0
FR;24;2021-01-15;586;1;2849;12;0.1;0.0
FR;24;2021-01-16;116;3;2965;15;0.1;0.0
FR;24;2021-01-17;94;0;3059;15;0.1;0.0
FR;24;2021-01-18;506;1;3565;16;0.1;0.0
FR;24;2021-01-19;595;1;4160;17;0.1;0.0
FR;24;2021-01-20;649;0;4809;17;0.1;0.0
FR;24;2021-01-21;752;3;5561;20;0.1;0.0
FR;24;2021-01-22;597;3;6158;23;0.1;0.0
FR;24;2021-01-23;116;0;6274;23;0.1;0.0
FR;24;2021-01-24;22;0;6296;23;0.1;0.0
FR;24;2021-01-25;294;3;6590;26;0.1;0.0
FR;24;2021-01-26;364;11;6954;37;0.1;0.0
FR;24;2021-01-27;440;14;7394;51;0.1;0.0
FR;24;2021-01-28;594;50;7988;101;0.1;0.0
FR;24;2021-01-29;466;82;8454;183;0.2;0.0
FR;24;2021-01-30;87;16;8541;199;0.2;0.0
FR;24;2021-01-31;25;13;8566;212;0.2;0.0
FR;24;2021-02-01;155;134;8721;346;0.2;0.0
FR;24;2021-02-02;214;182;8935;528;0.2;0.0
FR;24;2021-02-03;215;185;9150;713;0.2;0.0
FR;24;2021-02-04;357;315;9507;1028;0.2;0.0
FR;24;2021-02-05;345;342;9852;1370;0.2;0.0
FR;24;2021-02-06;83;71;9935;1441;0.2;0.0
FR;24;2021-02-07;169;28;10104;1469;0.2;0.0
FR;24;2021-02-08;388;357;10492;1826;0.2;0.0
FR;24;2021-02-09;743;454;11235;2280;0.2;0.0
FR;24;2021-02-10;1084;591;12319;2871;0.2;0.1
FR;24;2021-02-11;1568;697;13887;3568;0.3;0.1
FR;24;2021-02-12;1618;552;15505;4120;0.3;0.1
FR;24;2021-02-13;290;90;15795;4210;0.3;0.1
FR;24;2021-02-14;62;30;15857;4240;0.3;0.1
FR;24;2021-02-15;1026;368;16883;4608;0.3;0.1
FR;24;2021-02-16;1556;561;18439;5169;0.3;0.1
FR;24;2021-02-17;1486;479;19925;5648;0.4;0.1
FR;24;2021-02-18;1932;609;21857;6257;0.4;0.1
FR;24;2021-02-19;1849;537;23706;6794;0.4;0.1
FR;24;2021-02-20;328;83;24034;6877;0.4;0.1
FR;24;2021-02-21;39;18;24073;6895;0.4;0.1
FR;24;2021-02-22;1148;271;25221;7166;0.5;0.1
FR;24;2021-02-23;1570;367;26791;7533;0.5;0.1
FR;24;2021-02-24;1644;314;28435;7847;0.5;0.1
FR;24;2021-02-25;2243;443;30678;8290;0.6;0.2
FR;24;2021-02-26;2164;361;32842;8651;0.6;0.2
FR;24;2021-02-27;530;76;33372;8727;0.6;0.2
FR;24;2021-02-28;90;15;33462;8742;0.6;0.2
FR;24;2021-03-01;1239;212;34701;8954;0.6;0.2
FR;24;2021-03-02;1637;275;36338;9229;0.7;0.2
FR;24;2021-03-03;1738;315;38076;9544;0.7;0.2
FR;24;2021-03-04;2094;466;40170;10010;0.7;0.2
FR;24;2021-03-05;3264;435;43434;10445;0.8;0.2
FR;24;2021-03-06;1698;116;45132;10561;0.8;0.2
FR;24;2021-03-07;974;53;46106;10614;0.9;0.2
FR;24;2021-03-08;1946;222;48052;10836;0.9;0.2
FR;24;2021-03-09;2593;261;50645;11097;0.9;0.2
FR;24;2021-03-10;2418;325;53063;11422;1.0;0.2
FR;24;2021-03-11;2902;462;55965;11884;1.0;0.2
FR;24;2021-03-12;3806;395;59771;12279;1.1;0.2
FR;24;2021-03-13;1471;81;61242;12360;1.1;0.2
FR;24;2021-03-14;530;33;61772;12393;1.1;0.2
FR;24;2021-03-15;1822;230;63594;12623;1.2;0.2
FR;24;2021-03-16;822;305;64416;12928;1.2;0.2
FR;24;2021-03-17;1066;313;65482;13241;1.2;0.2
FR;24;2021-03-18;1295;423;66777;13664;1.2;0.3
FR;24;2021-03-19;1860;351;68637;14015;1.3;0.3
FR;24;2021-03-20;829;84;69466;14099;1.3;0.3
FR;24;2021-03-21;632;48;70098;14147;1.3;0.3
FR;24;2021-03-22;1498;276;71596;14423;1.3;0.3
FR;24;2021-03-23;1792;389;73388;14812;1.4;0.3
FR;24;2021-03-24;2152;339;75540;15151;1.4;0.3
FR;24;2021-03-25;2554;480;78094;15631;1.4;0.3
FR;24;2021-03-26;3156;463;81250;16094;1.5;0.3
FR;24;2021-03-27;1889;187;83139;16281;1.5;0.3
FR;24;2021-03-28;1009;68;84148;16349;1.6;0.3
FR;24;2021-03-29;2420;346;86568;16695;1.6;0.3
FR;24;2021-03-30;3556;496;90124;17191;1.7;0.3
FR;24;2021-03-31;4067;504;94191;17695;1.7;0.3
FR;24;2021-04-01;5373;717;99564;18412;1.8;0.3
FR;24;2021-04-02;4426;602;103990;19014;1.9;0.4
FR;24;2021-04-03;1730;332;105720;19346;1.9;0.4
FR;24;2021-04-04;954;124;106674;19470;2.0;0.4
FR;24;2021-04-05;1091;127;107765;19597;2.0;0.4
FR;24;2021-04-06;3529;562;111294;20159;2.1;0.4
FR;24;2021-04-07;4737;776;116031;20935;2.1;0.4
FR;24;2021-04-08;6307;1065;122338;22000;2.3;0.4
FR;24;2021-04-09;5729;1005;128067;23005;2.4;0.4
FR;24;2021-04-10;2621;554;130688;23559;2.4;0.4
FR;24;2021-04-11;1249;303;131937;23862;2.4;0.4
FR;24;2021-04-12;3407;902;135344;24764;2.5;0.5
FR;24;2021-04-13;4706;1120;140050;25884;2.6;0.5
FR;24;2021-04-14;4843;1275;144893;27159;2.7;0.5
FR;24;2021-04-15;5094;1536;149987;28695;2.8;0.5
FR;24;2021-04-16;4742;1641;154729;30336;2.9;0.6
FR;24;2021-04-17;2106;786;156835;31122;2.9;0.6
FR;24;2021-04-18;716;429;157551;31551;2.9;0.6
FR;24;2021-04-19;2881;1494;160432;33045;3.0;0.6
FR;24;2021-04-20;3063;2100;163495;35145;3.0;0.6
FR;24;2021-04-21;3346;2435;166841;37580;3.1;0.7
FR;24;2021-04-22;3972;3089;170813;40669;3.1;0.7
FR;24;2021-04-23;4109;3254;174922;43923;3.2;0.8
FR;24;2021-04-24;2359;1662;177281;45585;3.3;0.8
FR;24;2021-04-25;1203;797;178484;46382;3.3;0.9
FR;24;2021-04-26;3014;2157;181498;48539;3.3;0.9
FR;24;2021-04-27;3849;3143;185347;51682;3.4;1.0
FR;24;2021-04-28;4317;3709;189664;55391;3.5;1.0
FR;24;2021-04-29;5373;4406;195037;59797;3.6;1.1
FR;24;2021-04-30;6068;4567;201105;64364;3.7;1.2
FR;24;2021-05-01;3684;1065;204789;65429;3.8;1.2
FR;24;2021-05-02;2730;891;207519;66320;3.8;1.2
FR;24;2021-05-03;6162;4117;213681;70437;3.9;1.3
FR;24;2021-05-04;7363;4688;221044;75125;4.1;1.4
FR;24;2021-05-05;8395;4900;229439;80025;4.2;1.5
FR;24;2021-05-06;10493;6311;239932;86336;4.4;1.6
FR;24;2021-05-07;11682;6348;251614;92684;4.6;1.7
FR;24;2021-05-08;9313;2458;260927;95142;4.8;1.8
FR;24;2021-05-09;6838;1919;267765;97061;4.9;1.8
FR;24;2021-05-10;10671;4894;278436;101955;5.1;1.9
FR;24;2021-05-11;15065;5676;293501;107631;5.4;2.0
FR;24;2021-05-12;21757;6004;315258;113635;5.8;2.1
FR;24;2021-05-13;26627;2927;341885;116562;6.3;2.1
FR;24;2021-05-14;31370;5382;373255;121944;6.9;2.2
FR;24;2021-05-15;32861;3834;406116;125778;7.5;2.3
FR;24;2021-05-16;21689;1919;427805;127697;7.9;2.4
FR;29;2020-12-27;0;0;0;0;0.0;0.0
FR;29;2020-12-28;1;0;1;0;0.0;0.0
FR;29;2020-12-29;0;0;1;0;0.0;0.0
FR;29;2020-12-30;0;0;1;0;0.0;0.0
FR;29;2020-12-31;0;0;1;0;0.0;0.0
FR;29;2021-01-01;2;0;3;0;0.0;0.0
FR;29;2021-01-02;2;0;5;0;0.0;0.0
FR;29;2021-01-03;2;0;7;0;0.0;0.0
FR;29;2021-01-04;10;0;17;0;0.0;0.0
FR;29;2021-01-05;42;0;59;0;0.0;0.0
FR;29;2021-01-06;142;0;201;0;0.0;0.0
FR;29;2021-01-07;306;1;507;1;0.0;0.0
FR;29;2021-01-08;516;2;1023;3;0.0;0.0
FR;29;2021-01-09;113;0;1136;3;0.0;0.0
FR;29;2021-01-10;91;0;1227;3;0.0;0.0
FR;29;2021-01-11;642;1;1869;4;0.1;0.0
FR;29;2021-01-12;929;4;2798;8;0.1;0.0
FR;29;2021-01-13;1209;2;4007;10;0.1;0.0
FR;29;2021-01-14;1557;8;5564;18;0.1;0.0
FR;29;2021-01-15;1302;2;6866;20;0.2;0.0
FR;29;2021-01-16;192;2;7058;22;0.2;0.0
FR;29;2021-01-17;158;0;7216;22;0.2;0.0
FR;29;2021-01-18;1039;2;8255;24;0.2;0.0
FR;29;2021-01-19;1142;3;9397;27;0.3;0.0
FR;29;2021-01-20;1190;2;10587;29;0.3;0.0
FR;29;2021-01-21;1446;3;12033;32;0.3;0.0
FR;29;2021-01-22;1142;4;13175;36;0.4;0.0
FR;29;2021-01-23;167;2;13342;38;0.4;0.0
FR;29;2021-01-24;51;0;13393;38;0.4;0.0
FR;29;2021-01-25;533;12;13926;50;0.4;0.0
FR;29;2021-01-26;659;35;14585;85;0.4;0.0
FR;29;2021-01-27;718;60;15303;145;0.4;0.0
FR;29;2021-01-28;1032;118;16335;263;0.4;0.0
FR;29;2021-01-29;801;170;17136;433;0.5;0.0
FR;29;2021-01-30;140;39;17276;472;0.5;0.0
FR;29;2021-01-31;33;26;17309;498;0.5;0.0
FR;29;2021-02-01;260;291;17569;789;0.5;0.0
FR;29;2021-02-02;403;372;17972;1161;0.5;0.0
FR;29;2021-02-03;452;456;18424;1617;0.5;0.0
FR;29;2021-02-04;605;715;19029;2332;0.5;0.1
FR;29;2021-02-05;530;744;19559;3076;0.5;0.1
FR;29;2021-02-06;141;106;19700;3182;0.5;0.1
FR;29;2021-02-07;304;61;20004;3243;0.5;0.1
FR;29;2021-02-08;600;799;20604;4042;0.6;0.1
FR;29;2021-02-09;1244;1003;21848;5045;0.6;0.1
FR;29;2021-02-10;1705;1123;23553;6168;0.6;0.2
FR;29;2021-02-11;2455;1393;26008;7561;0.7;0.2
FR;29;2021-02-12;2207;1197;28215;8758;0.8;0.2
FR;29;2021-02-13;422;152;28637;8910;0.8;0.2
FR;29;2021-02-14;133;81;28770;8991;0.8;0.2
FR;29;2021-02-15;1553;768;30323;9759;0.8;0.3
FR;29;2021-02-16;1908;1128;32231;10887;0.9;0.3
FR;29;2021-02-17;1879;919;34110;11806;0.9;0.3
FR;29;2021-02-18;2382;1129;36492;12935;1.0;0.3
FR;29;2021-02-19;2312;915;38804;13850;1.0;0.4
FR;29;2021-02-20;382;119;39186;13969;1.1;0.4
FR;29;2021-02-21;86;42;39272;14011;1.1;0.4
FR;29;2021-02-22;1343;505;40615;14516;1.1;0.4
FR;29;2021-02-23;1748;622;42363;15138;1.1;0.4
FR;29;2021-02-24;1775;515;44138;15653;1.2;0.4
FR;29;2021-02-25;2374;880;46512;16533;1.3;0.4
FR;29;2021-02-26;2550;621;49062;17154;1.3;0.5
FR;29;2021-02-27;606;101;49668;17255;1.3;0.5
FR;29;2021-02-28;111;27;49779;17282;1.3;0.5
FR;29;2021-03-01;1272;321;51051;17603;1.4;0.5
FR;29;2021-03-02;1780;561;52831;18164;1.4;0.5
FR;29;2021-03-03;1965;550;54796;18714;1.5;0.5
FR;29;2021-03-04;2440;700;57236;19414;1.5;0.5
FR;29;2021-03-05;3586;650;60822;20064;1.6;0.5
FR;29;2021-03-06;1620;124;62442;20188;1.7;0.5
FR;29;2021-03-07;819;97;63261;20285;1.7;0.5
FR;29;2021-03-08;1931;360;65192;20645;1.8;0.6
FR;29;2021-03-09;2625;427;67817;21072;1.8;0.6
FR;29;2021-03-10;2535;457;70352;21529;1.9;0.6
FR;29;2021-03-11;3317;749;73669;22278;2.0;0.6
FR;29;2021-03-12;3940;662;77609;22940;2.1;0.6
FR;29;2021-03-13;1618;120;79227;23060;2.1;0.6
FR;29;2021-03-14;562;56;79789;23116;2.1;0.6
FR;29;2021-03-15;1875;327;81664;23443;2.2;0.6
FR;29;2021-03-16;1113;484;82777;23927;2.2;0.6
FR;29;2021-03-17;1371;484;84148;24411;2.3;0.7
FR;29;2021-03-18;1639;652;85787;25063;2.3;0.7
FR;29;2021-03-19;2219;528;88006;25591;2.4;0.7
FR;29;2021-03-20;987;122;88993;25713;2.4;0.7
FR;29;2021-03-21;725;58;89718;25771;2.4;0.7
FR;29;2021-03-22;1653;392;91371;26163;2.5;0.7
FR;29;2021-03-23;2201;582;93572;26745;2.5;0.7
FR;29;2021-03-24;2525;545;96097;27290;2.6;0.7
FR;29;2021-03-25;3368;649;99465;27939;2.7;0.8
FR;29;2021-03-26;3721;652;103186;28591;2.8;0.8
FR;29;2021-03-27;2140;237;105326;28828;2.8;0.8
FR;29;2021-03-28;963;57;106289;28885;2.9;0.8
FR;29;2021-03-29;2738;494;109027;29379;2.9;0.8
FR;29;2021-03-30;3946;678;112973;30057;3.0;0.8
FR;29;2021-03-31;4447;760;117420;30817;3.2;0.8
FR;29;2021-04-01;5820;958;123240;31775;3.3;0.9
FR;29;2021-04-02;4867;877;128107;32652;3.4;0.9
FR;29;2021-04-03;1756;322;129863;32974;3.5;0.9
FR;29;2021-04-04;897;115;130760;33089;3.5;0.9
FR;29;2021-04-05;915;110;131675;33199;3.5;0.9
FR;29;2021-04-06;3473;724;135148;33923;3.6;0.9
FR;29;2021-04-07;4506;1075;139654;34998;3.8;0.9
FR;29;2021-04-08;6212;1387;145866;36385;3.9;1.0
FR;29;2021-04-09;6242;1225;152108;37610;4.1;1.0
FR;29;2021-04-10;2639;603;154747;38213;4.2;1.0
FR;29;2021-04-11;1161;331;155908;38544;4.2;1.0
FR;29;2021-04-12;3549;1008;159457;39552;4.3;1.1
FR;29;2021-04-13;4803;1456;164260;41008;4.4;1.1
FR;29;2021-04-14;4689;1475;168949;42483;4.5;1.1
FR;29;2021-04-15;5497;1774;174446;44257;4.7;1.2
FR;29;2021-04-16;4706;1844;179152;46101;4.8;1.2
FR;29;2021-04-17;2217;902;181369;47003;4.9;1.3
FR;29;2021-04-18;762;515;182131;47518;4.9;1.3
FR;29;2021-04-19;2808;1735;184939;49253;5.0;1.3
FR;29;2021-04-20;3436;2466;188375;51719;5.1;1.4
FR;29;2021-04-21;3375;2748;191750;54467;5.2;1.5
FR;29;2021-04-22;4386;3796;196136;58263;5.3;1.6
FR;29;2021-04-23;4504;3719;200640;61982;5.4;1.7
FR;29;2021-04-24;2664;1808;203304;63790;5.5;1.7
FR;29;2021-04-25;1165;731;204469;64521;5.5;1.7
FR;29;2021-04-26;2902;2442;207371;66963;5.6;1.8
FR;29;2021-04-27;3938;3572;211309;70535;5.7;1.9
FR;29;2021-04-28;4567;3983;215876;74518;5.8;2.0
FR;29;2021-04-29;5755;4930;221631;79448;6.0;2.1
FR;29;2021-04-30;6324;5147;227955;84595;6.1;2.3
FR;29;2021-05-01;3975;1198;231930;85793;6.2;2.3
FR;29;2021-05-02;2591;903;234521;86696;6.3;2.3
FR;29;2021-05-03;6720;4265;241241;90961;6.5;2.4
FR;29;2021-05-04;7959;5144;249200;96105;6.7;2.6
FR;29;2021-05-05;9308;5131;258508;101236;7.0;2.7
FR;29;2021-05-06;10914;6464;269422;107700;7.2;2.9
FR;29;2021-05-07;11360;6541;280782;114241;7.6;3.1
FR;29;2021-05-08;8285;2201;289067;116442;7.8;3.1
FR;29;2021-05-09;5883;1733;294950;118175;7.9;3.2
FR;29;2021-05-10;10312;5222;305262;123397;8.2;3.3
FR;29;2021-05-11;14159;6287;319421;129684;8.6;3.5
FR;29;2021-05-12;19015;6173;338436;135857;9.1;3.7
FR;29;2021-05-13;19192;2274;357628;138131;9.6;3.7
FR;29;2021-05-14;21798;4291;379426;142422;10.2;3.8
FR;29;2021-05-15;20647;2876;400073;145298;10.8;3.9
FR;29;2021-05-16;13237;1305;413310;146603;11.1;3.9
FR;39;2020-12-27;0;0;0;0;0.0;0.0
FR;39;2020-12-28;0;0;0;0;0.0;0.0
FR;39;2020-12-29;1;0;1;0;0.0;0.0
FR;39;2020-12-30;3;0;4;0;0.0;0.0
FR;39;2020-12-31;1;0;5;0;0.0;0.0
FR;39;2021-01-01;4;0;9;0;0.0;0.0
FR;39;2021-01-02;2;0;11;0;0.0;0.0
FR;39;2021-01-03;2;0;13;0;0.0;0.0
FR;39;2021-01-04;23;0;36;0;0.0;0.0
FR;39;2021-01-05;139;0;175;0;0.0;0.0
FR;39;2021-01-06;384;0;559;0;0.0;0.0
FR;39;2021-01-07;1174;5;1733;5;0.0;0.0
FR;39;2021-01-08;1782;3;3515;8;0.0;0.0
FR;39;2021-01-09;473;0;3988;8;0.0;0.0
FR;39;2021-01-10;307;1;4295;9;0.1;0.0
FR;39;2021-01-11;2203;6;6498;15;0.1;0.0
FR;39;2021-01-12;3389;9;9887;24;0.1;0.0
FR;39;2021-01-13;3480;7;13367;31;0.2;0.0
FR;39;2021-01-14;4759;44;18126;75;0.2;0.0
FR;39;2021-01-15;4373;12;22499;87;0.3;0.0
FR;39;2021-01-16;768;4;23267;91;0.3;0.0
FR;39;2021-01-17;488;2;23755;93;0.3;0.0
FR;39;2021-01-18;3062;18;26817;111;0.3;0.0
FR;39;2021-01-19;3991;12;30808;123;0.4;0.0
FR;39;2021-01-20;3888;9;34696;132;0.4;0.0
FR;39;2021-01-21;5112;14;39808;146;0.5;0.0
FR;39;2021-01-22;3930;15;43738;161;0.5;0.0
FR;39;2021-01-23;590;3;44328;164;0.5;0.0
FR;39;2021-01-24;184;0;44512;164;0.5;0.0
FR;39;2021-01-25;1584;38;46096;202;0.6;0.0
FR;39;2021-01-26;2155;92;48251;294;0.6;0.0
FR;39;2021-01-27;2277;203;50528;497;0.6;0.0
FR;39;2021-01-28;3464;458;53992;955;0.7;0.0
FR;39;2021-01-29;2670;693;56662;1648;0.7;0.0
FR;39;2021-01-30;393;214;57055;1862;0.7;0.0
FR;39;2021-01-31;89;78;57144;1940;0.7;0.0
FR;39;2021-02-01;746;1057;57890;2997;0.7;0.0
FR;39;2021-02-02;1324;1643;59214;4640;0.7;0.1
FR;39;2021-02-03;1350;1651;60564;6291;0.7;0.1
FR;39;2021-02-04;1968;2527;62532;8818;0.8;0.1
FR;39;2021-02-05;1629;2699;64161;11517;0.8;0.1
FR;39;2021-02-06;396;430;64557;11947;0.8;0.1
FR;39;2021-02-07;553;204;65110;12151;0.8;0.1
FR;39;2021-02-08;1510;2410;66620;14561;0.8;0.2
FR;39;2021-02-09;3158;3344;69778;17905;0.8;0.2
FR;39;2021-02-10;3871;3482;73649;21387;0.9;0.3
FR;39;2021-02-11;6141;4797;79790;26184;1.0;0.3
FR;39;2021-02-12;5794;3932;85584;30116;1.0;0.4
FR;39;2021-02-13;1237;536;86821;30652;1.0;0.4
FR;39;2021-02-14;386;261;87207;30913;1.1;0.4
FR;39;2021-02-15;3379;2359;90586;33272;1.1;0.4
FR;39;2021-02-16;4407;3306;94993;36578;1.1;0.4
FR;39;2021-02-17;3973;2824;98966;39402;1.2;0.5
FR;39;2021-02-18;5954;3821;104920;43223;1.3;0.5
FR;39;2021-02-19;5793;3018;110713;46241;1.3;0.6
FR;39;2021-02-20;1133;463;111846;46704;1.3;0.6
FR;39;2021-02-21;185;118;112031;46822;1.4;0.6
FR;39;2021-02-22;2961;1622;114992;48444;1.4;0.6
FR;39;2021-02-23;3875;1869;118867;50313;1.4;0.6
FR;39;2021-02-24;3697;1673;122564;51986;1.5;0.6
FR;39;2021-02-25;5535;2467;128099;54453;1.5;0.7
FR;39;2021-02-26;6044;1858;134143;56311;1.6;0.7
FR;39;2021-02-27;1651;292;135794;56603;1.6;0.7
FR;39;2021-02-28;240;119;136034;56722;1.6;0.7
FR;39;2021-03-01;2906;967;138940;57689;1.7;0.7
FR;39;2021-03-02;4194;1558;143134;59247;1.7;0.7
FR;39;2021-03-03;4200;1475;147334;60722;1.8;0.7
FR;39;2021-03-04;6217;2231;153551;62953;1.9;0.8
FR;39;2021-03-05;9078;2003;162629;64956;2.0;0.8
FR;39;2021-03-06;4896;382;167525;65338;2.0;0.8
FR;39;2021-03-07;2632;228;170157;65566;2.1;0.8
FR;39;2021-03-08;4653;1058;174810;66624;2.1;0.8
FR;39;2021-03-09;6815;1425;181625;68049;2.2;0.8
FR;39;2021-03-10;6047;1462;187672;69511;2.3;0.8
FR;39;2021-03-11;8610;2288;196282;71799;2.4;0.9
FR;39;2021-03-12;11374;2001;207656;73800;2.5;0.9
FR;39;2021-03-13;5204;386;212860;74186;2.6;0.9
FR;39;2021-03-14;1745;144;214605;74330;2.6;0.9
FR;39;2021-03-15;4743;1002;219348;75332;2.6;0.9
FR;39;2021-03-16;3354;1383;222702;76715;2.7;0.9
FR;39;2021-03-17;3430;1465;226132;78180;2.7;0.9
FR;39;2021-03-18;4632;1947;230764;80127;2.8;1.0
FR;39;2021-03-19;6235;1596;236999;81723;2.9;1.0
FR;39;2021-03-20;3165;352;240164;82075;2.9;1.0
FR;39;2021-03-21;2069;157;242233;82232;2.9;1.0
FR;39;2021-03-22;4432;1064;246665;83296;3.0;1.0
FR;39;2021-03-23;6146;1626;252811;84922;3.0;1.0
FR;39;2021-03-24;6293;1318;259104;86240;3.1;1.0
FR;39;2021-03-25;9028;1683;268132;87923;3.2;1.1
FR;39;2021-03-26;10606;1638;278738;89561;3.4;1.1
FR;39;2021-03-27;5980;582;284718;90143;3.4;1.1
FR;39;2021-03-28;2730;173;287448;90316;3.5;1.1
FR;39;2021-03-29;7149;1240;294597;91556;3.6;1.1
FR;39;2021-03-30;10461;1814;305058;93370;3.7;1.1
FR;39;2021-03-31;11058;1779;316116;95149;3.8;1.1
FR;39;2021-04-01;14918;2538;331034;97687;4.0;1.2
FR;39;2021-04-02;13207;2369;344241;100056;4.1;1.2
FR;39;2021-04-03;5586;996;349827;101052;4.2;1.2
FR;39;2021-04-04;2520;336;352347;101388;4.2;1.2
FR;39;2021-04-05;2527;316;354874;101704;4.3;1.2
FR;39;2021-04-06;9214;2227;364088;103931;4.4;1.3
FR;39;2021-04-07;12115;2681;376203;106612;4.5;1.3
FR;39;2021-04-08;16737;3595;392940;110207;4.7;1.3
FR;39;2021-04-09;16768;3519;409708;113726;4.9;1.4
FR;39;2021-04-10;7397;1916;417105;115642;5.0;1.4
FR;39;2021-04-11;2977;975;420082;116617;5.1;1.4
FR;39;2021-04-12;9529;2715;429611;119332;5.2;1.4
FR;39;2021-04-13;12824;3932;442435;123264;5.3;1.5
FR;39;2021-04-14;12719;3793;455154;127057;5.5;1.5
FR;39;2021-04-15;14532;4727;469686;131784;5.7;1.6
FR;39;2021-04-16;12594;5226;482280;137010;5.8;1.7
FR;39;2021-04-17;6084;2701;488364;139711;5.9;1.7
FR;39;2021-04-18;2241;1555;490605;141266;5.9;1.7
FR;39;2021-04-19;7790;4649;498395;145915;6.0;1.8
FR;39;2021-04-20;9274;6677;507669;152592;6.1;1.8
FR;39;2021-04-21;10040;7120;517709;159712;6.2;1.9
FR;39;2021-04-22;11724;10245;529433;169957;6.4;2.0
FR;39;2021-04-23;12054;10429;541487;180386;6.5;2.2
FR;39;2021-04-24;7744;5050;549231;185436;6.6;2.2
FR;39;2021-04-25;3414;2145;552645;187581;6.7;2.3
FR;39;2021-04-26;8401;6926;561046;194507;6.8;2.3
FR;39;2021-04-27;11712;9510;572758;204017;6.9;2.5
FR;39;2021-04-28;13056;9997;585814;214014;7.1;2.6
FR;39;2021-04-29;16896;12878;602710;226892;7.3;2.7
FR;39;2021-04-30;19474;13179;622184;240071;7.5;2.9
FR;39;2021-05-01;12856;3512;635040;243583;7.7;2.9
FR;39;2021-05-02;9269;2482;644309;246065;7.8;3.0
FR;39;2021-05-03;22052;11265;666361;257330;8.0;3.1
FR;39;2021-05-04;26540;13892;692901;271222;8.4;3.3
FR;39;2021-05-05;30121;14193;723022;285415;8.7;3.4
FR;39;2021-05-06;36379;17580;759401;302995;9.2;3.7
FR;39;2021-05-07;37704;18418;797105;321413;9.6;3.9
FR;39;2021-05-08;27451;5484;824556;326897;9.9;3.9
FR;39;2021-05-09;18741;4275;843297;331172;10.2;4.0
FR;39;2021-05-10;33091;14392;876388;345564;10.6;4.2
FR;39;2021-05-11;43295;16980;919683;362544;11.1;4.4
FR;39;2021-05-12;54377;16016;974060;378560;11.7;4.6
FR;39;2021-05-13;52017;5517;1026077;384077;12.4;4.6
FR;39;2021-05-14;60798;10846;1086875;394923;13.1;4.8
FR;39;2021-05-15;55031;6735;1141906;401658;13.8;4.8
FR;39;2021-05-16;35778;3060;1177684;404718;14.2;4.9
FR;49;2020-12-27;2;0;2;0;0.0;0.0
FR;49;2020-12-28;1;0;3;0;0.0;0.0
FR;49;2020-12-29;1;0;4;0;0.0;0.0
FR;49;2020-12-30;6;0;10;0;0.0;0.0
FR;49;2020-12-31;1;0;11;0;0.0;0.0
FR;49;2021-01-01;3;0;14;0;0.0;0.0
FR;49;2021-01-02;9;0;23;0;0.0;0.0
FR;49;2021-01-03;4;0;27;0;0.0;0.0
FR;49;2021-01-04;85;0;112;0;0.0;0.0
FR;49;2021-01-05;333;1;445;1;0.0;0.0
FR;49;2021-01-06;854;2;1299;3;0.0;0.0
FR;49;2021-01-07;2157;6;3456;9;0.0;0.0
FR;49;2021-01-08;3354;5;6810;14;0.1;0.0
FR;49;2021-01-09;999;0;7809;14;0.1;0.0
FR;49;2021-01-10;472;1;8281;15;0.1;0.0
FR;49;2021-01-11;4163;8;12444;23;0.1;0.0
FR;49;2021-01-12;5837;7;18281;30;0.2;0.0
FR;49;2021-01-13;6134;11;24415;41;0.3;0.0
FR;49;2021-01-14;8312;62;32727;103;0.4;0.0
FR;49;2021-01-15;7580;17;40307;120;0.5;0.0
FR;49;2021-01-16;1415;8;41722;128;0.5;0.0
FR;49;2021-01-17;619;4;42341;132;0.5;0.0
FR;49;2021-01-18;5049;15;47390;147;0.6;0.0
FR;49;2021-01-19;6793;8;54183;155;0.6;0.0
FR;49;2021-01-20;6606;17;60789;172;0.7;0.0
FR;49;2021-01-21;8355;17;69144;189;0.8;0.0
FR;49;2021-01-22;6225;28;75369;217;0.9;0.0
FR;49;2021-01-23;1010;6;76379;223;0.9;0.0
FR;49;2021-01-24;282;2;76661;225;0.9;0.0
FR;49;2021-01-25;2596;93;79257;318;0.9;0.0
FR;49;2021-01-26;3709;212;82966;530;1.0;0.0
FR;49;2021-01-27;3968;384;86934;914;1.0;0.0
FR;49;2021-01-28;5517;961;92451;1875;1.1;0.0
FR;49;2021-01-29;4390;1551;96841;3426;1.1;0.0
FR;49;2021-01-30;690;377;97531;3803;1.1;0.0
FR;49;2021-01-31;137;125;97668;3928;1.1;0.0
FR;49;2021-02-01;1363;2086;99031;6014;1.2;0.1
FR;49;2021-02-02;2260;3194;101291;9208;1.2;0.1
FR;49;2021-02-03;2289;3373;103580;12581;1.2;0.1
FR;49;2021-02-04;3338;4762;106918;17343;1.2;0.2
FR;49;2021-02-05;2769;4881;109687;22224;1.3;0.3
FR;49;2021-02-06;565;885;110252;23109;1.3;0.3
FR;49;2021-02-07;520;290;110772;23399;1.3;0.3
FR;49;2021-02-08;1932;4044;112704;27443;1.3;0.3
FR;49;2021-02-09;4324;5711;117028;33154;1.4;0.4
FR;49;2021-02-10;5482;6015;122510;39169;1.4;0.5
FR;49;2021-02-11;7960;7915;130470;47084;1.5;0.5
FR;49;2021-02-12;7280;6401;137750;53485;1.6;0.6
FR;49;2021-02-13;1691;1007;139441;54492;1.6;0.6
FR;49;2021-02-14;404;405;139845;54897;1.6;0.6
FR;49;2021-02-15;4095;3845;143940;58742;1.7;0.7
FR;49;2021-02-16;5364;5294;149304;64036;1.7;0.7
FR;49;2021-02-17;5123;4618;154427;68654;1.8;0.8
FR;49;2021-02-18;7444;6130;161871;74784;1.9;0.9
FR;49;2021-02-19;7013;4822;168884;79606;2.0;0.9
FR;49;2021-02-20;1486;784;170370;80390;2.0;0.9
FR;49;2021-02-21;276;221;170646;80611;2.0;0.9
FR;49;2021-02-22;3500;2616;174146;83227;2.0;1.0
FR;49;2021-02-23;4825;3082;178971;86309;2.1;1.0
FR;49;2021-02-24;4868;2789;183839;89098;2.1;1.0
FR;49;2021-02-25;7498;4085;191337;93183;2.2;1.1
FR;49;2021-02-26;8211;3090;199548;96273;2.3;1.1
FR;49;2021-02-27;2663;549;202211;96822;2.4;1.1
FR;49;2021-02-28;329;134;202540;96956;2.4;1.1
FR;49;2021-03-01;3766;1600;206306;98556;2.4;1.1
FR;49;2021-03-02;5716;2403;212022;100959;2.5;1.2
FR;49;2021-03-03;5950;2430;217972;103389;2.5;1.2
FR;49;2021-03-04;8815;3352;226787;106741;2.6;1.2
FR;49;2021-03-05;12441;3081;239228;109822;2.8;1.3
FR;49;2021-03-06;8519;558;247747;110380;2.9;1.3
FR;49;2021-03-07;4665;368;252412;110748;2.9;1.3
FR;49;2021-03-08;6343;1595;258755;112343;3.0;1.3
FR;49;2021-03-09;9429;2186;268184;114529;3.1;1.3
FR;49;2021-03-10;8861;2237;277045;116766;3.2;1.4
FR;49;2021-03-11;12693;3257;289738;120023;3.4;1.4
FR;49;2021-03-12;16331;2738;306069;122761;3.6;1.4
FR;49;2021-03-13;9491;561;315560;123322;3.7;1.4
FR;49;2021-03-14;3123;220;318683;123542;3.7;1.4
FR;49;2021-03-15;6828;1404;325511;124946;3.8;1.5
FR;49;2021-03-16;4606;2095;330117;127041;3.8;1.5
FR;49;2021-03-17;5148;1963;335265;129004;3.9;1.5
FR;49;2021-03-18;6517;2716;341782;131720;4.0;1.5
FR;49;2021-03-19;9440;2223;351222;133943;4.1;1.6
FR;49;2021-03-20;5860;544;357082;134487;4.2;1.6
FR;49;2021-03-21;3140;196;360222;134683;4.2;1.6
FR;49;2021-03-22;6271;1436;366493;136119;4.3;1.6
FR;49;2021-03-23;8558;2111;375051;138230;4.4;1.6
FR;49;2021-03-24;9475;1912;384526;140142;4.5;1.6
FR;49;2021-03-25;12292;2267;396818;142409;4.6;1.7
FR;49;2021-03-26;14660;2218;411478;144627;4.8;1.7
FR;49;2021-03-27;9332;786;420810;145413;4.9;1.7
FR;49;2021-03-28;3847;288;424657;145701;4.9;1.7
FR;49;2021-03-29;9811;1770;434468;147471;5.1;1.7
FR;49;2021-03-30;14201;2585;448669;150056;5.2;1.7
FR;49;2021-03-31;15443;2651;464112;152707;5.4;1.8
FR;49;2021-04-01;19682;3539;483794;156246;5.6;1.8
FR;49;2021-04-02;17375;3306;501169;159552;5.8;1.9
FR;49;2021-04-03;9302;1793;510471;161345;5.9;1.9
FR;49;2021-04-04;4109;610;514580;161955;6.0;1.9
FR;49;2021-04-05;4194;511;518774;162466;6.0;1.9
FR;49;2021-04-06;13115;3289;531889;165755;6.2;1.9
FR;49;2021-04-07;17549;4135;549438;169890;6.4;2.0
FR;49;2021-04-08;22242;5013;571680;174903;6.7;2.0
FR;49;2021-04-09;23305;5190;594985;180093;6.9;2.1
FR;49;2021-04-10;12397;3337;607382;183430;7.1;2.1
FR;49;2021-04-11;4453;1666;611835;185096;7.1;2.2
FR;49;2021-04-12;14048;3707;625883;188803;7.3;2.2
FR;49;2021-04-13;18528;5658;644411;194461;7.5;2.3
FR;49;2021-04-14;19197;5843;663608;200304;7.7;2.3
FR;49;2021-04-15;20010;6882;683618;207186;8.0;2.4
FR;49;2021-04-16;17231;7216;700849;214402;8.2;2.5
FR;49;2021-04-17;9796;4612;710645;219014;8.3;2.5
FR;49;2021-04-18;3334;2274;713979;221288;8.3;2.6
FR;49;2021-04-19;11810;6310;725789;227598;8.4;2.6
FR;49;2021-04-20;13923;8923;739712;236521;8.6;2.8
FR;49;2021-04-21;15532;10039;755244;246560;8.8;2.9
FR;49;2021-04-22;17262;13015;772506;259575;9.0;3.0
FR;49;2021-04-23;17761;13955;790267;273530;9.2;3.2
FR;49;2021-04-24;12479;7753;802746;281283;9.3;3.3
FR;49;2021-04-25;5271;3101;808017;284384;9.4;3.3
FR;49;2021-04-26;13259;9873;821276;294257;9.6;3.4
FR;49;2021-04-27;18350;13002;839626;307259;9.8;3.6
FR;49;2021-04-28;22256;14434;861882;321693;10.0;3.7
FR;49;2021-04-29;26813;17125;888695;338818;10.3;3.9
FR;49;2021-04-30;31144;17921;919839;356739;10.7;4.2
FR;49;2021-05-01;23132;5652;942971;362391;11.0;4.2
FR;49;2021-05-02;16373;3834;959344;366225;11.2;4.3
FR;49;2021-05-03;38789;15441;998133;381666;11.6;4.4
FR;49;2021-05-04;45844;20185;1043977;401851;12.1;4.7
FR;49;2021-05-05;54598;21504;1098575;423355;12.8;4.9
FR;49;2021-05-06;61272;24421;1159847;447776;13.5;5.2
FR;49;2021-05-07;64253;25843;1224100;473619;14.2;5.5
FR;49;2021-05-08;49025;8902;1273125;482521;14.8;5.6
FR;49;2021-05-09;32119;6212;1305244;488733;15.2;5.7
FR;49;2021-05-10;56017;20506;1361261;509239;15.8;5.9
FR;49;2021-05-11;70618;23681;1431879;532920;16.7;6.2
FR;49;2021-05-12;87289;23632;1519168;556552;17.7;6.5
FR;49;2021-05-13;78670;7600;1597838;564152;18.6;6.6
FR;49;2021-05-14;94567;15479;1692405;579631;19.7;6.7
FR;49;2021-05-15;84564;10626;1776969;590257;20.7;6.9
FR;49;2021-05-16;52776;4430;1829745;594687;21.3;6.9
FR;59;2020-12-27;2;0;2;0;0.0;0.0
FR;59;2020-12-28;5;0;7;0;0.0;0.0
FR;59;2020-12-29;2;0;9;0;0.0;0.0
FR;59;2020-12-30;6;0;15;0;0.0;0.0
FR;59;2020-12-31;9;0;24;0;0.0;0.0
FR;59;2021-01-01;24;1;48;1;0.0;0.0
FR;59;2021-01-02;26;0;74;1;0.0;0.0
FR;59;2021-01-03;36;0;110;1;0.0;0.0
FR;59;2021-01-04;592;1;702;2;0.0;0.0
FR;59;2021-01-05;2164;1;2866;3;0.0;0.0
FR;59;2021-01-06;4798;7;7664;10;0.1;0.0
FR;59;2021-01-07;10501;20;18165;30;0.2;0.0
FR;59;2021-01-08;14271;14;32436;44;0.4;0.0
FR;59;2021-01-09;4050;6;36486;50;0.4;0.0
FR;59;2021-01-10;1984;1;38470;51;0.4;0.0
FR;59;2021-01-11;15899;17;54369;68;0.6;0.0
FR;59;2021-01-12;21072;23;75441;91;0.9;0.0
FR;59;2021-01-13;22667;35;98108;126;1.1;0.0
FR;59;2021-01-14;24711;206;122819;332;1.4;0.0
FR;59;2021-01-15;21535;78;144354;410;1.6;0.0
FR;59;2021-01-16;5370;16;149724;426;1.7;0.0
FR;59;2021-01-17;1801;7;151525;433;1.7;0.0
FR;59;2021-01-18;13560;47;165085;480;1.9;0.0
FR;59;2021-01-19;17901;54;182986;534;2.1;0.0
FR;59;2021-01-20;17015;53;200001;587;2.3;0.0
FR;59;2021-01-21;18659;34;218660;621;2.5;0.0
FR;59;2021-01-22;13831;66;232491;687;2.6;0.0
FR;59;2021-01-23;2947;18;235438;705;2.7;0.0
FR;59;2021-01-24;825;12;236263;717;2.7;0.0
FR;59;2021-01-25;6685;603;242948;1320;2.8;0.0
FR;59;2021-01-26;8384;1363;251332;2683;2.9;0.0
FR;59;2021-01-27;8785;2380;260117;5063;3.0;0.1
FR;59;2021-01-28;10412;5012;270529;10075;3.1;0.1
FR;59;2021-01-29;7819;6634;278348;16709;3.2;0.2
FR;59;2021-01-30;1755;1506;280103;18215;3.2;0.2
FR;59;2021-01-31;370;546;280473;18761;3.2;0.2
FR;59;2021-02-01;3146;8735;283619;27496;3.2;0.3
FR;59;2021-02-02;4652;12469;288271;39965;3.3;0.5
FR;59;2021-02-03;4797;13532;293068;53497;3.3;0.6
FR;59;2021-02-04;5877;15874;298945;69371;3.4;0.8
FR;59;2021-02-05;4749;14903;303694;84274;3.5;1.0
FR;59;2021-02-06;1147;2994;304841;87268;3.5;1.0
FR;59;2021-02-07;389;981;305230;88249;3.5;1.0
FR;59;2021-02-08;2751;12452;307981;100701;3.5;1.1
FR;59;2021-02-09;4893;16125;312874;116826;3.6;1.3
FR;59;2021-02-10;5674;16009;318548;132835;3.6;1.5
FR;59;2021-02-11;7621;19647;326169;152482;3.7;1.7
FR;59;2021-02-12;6726;15964;332895;168446;3.8;1.9
FR;59;2021-02-13;1681;3438;334576;171884;3.8;2.0
FR;59;2021-02-14;360;981;334936;172865;3.8;2.0
FR;59;2021-02-15;3254;10496;338190;183361;3.8;2.1
FR;59;2021-02-16;4722;13505;342912;196866;3.9;2.2
FR;59;2021-02-17;4947;12256;347859;209122;4.0;2.4
FR;59;2021-02-18;7033;13771;354892;222893;4.0;2.5
FR;59;2021-02-19;6428;10621;361320;233514;4.1;2.7
FR;59;2021-02-20;1410;2471;362730;235985;4.1;2.7
FR;59;2021-02-21;281;566;363011;236551;4.1;2.7
FR;59;2021-02-22;3231;6326;366242;242877;4.2;2.8
FR;59;2021-02-23;4773;7061;371015;249938;4.2;2.8
FR;59;2021-02-24;6801;6337;377816;256275;4.3;2.9
FR;59;2021-02-25;21038;8340;398854;264615;4.5;3.0
FR;59;2021-02-26;28101;6078;426955;270693;4.9;3.1
FR;59;2021-02-27;16993;1429;443948;272122;5.0;3.1
FR;59;2021-02-28;1100;372;445048;272494;5.1;3.1
FR;59;2021-03-01;8706;3450;453754;275944;5.2;3.1
FR;59;2021-03-02;16996;4755;470750;280699;5.4;3.2
FR;59;2021-03-03;20435;4834;491185;285533;5.6;3.2
FR;59;2021-03-04;31906;5632;523091;291165;5.9;3.3
FR;59;2021-03-05;40491;5116;563582;296281;6.4;3.4
FR;59;2021-03-06;35484;1280;599066;297561;6.8;3.4
FR;59;2021-03-07;13919;915;612985;298476;7.0;3.4
FR;59;2021-03-08;12150;3041;625135;301517;7.1;3.4
FR;59;2021-03-09;22627;3982;647762;305499;7.4;3.5
FR;59;2021-03-10;22922;4036;670684;309535;7.6;3.5
FR;59;2021-03-11;33973;5149;704657;314684;8.0;3.6
FR;59;2021-03-12;45039;4225;749696;318909;8.5;3.6
FR;59;2021-03-13;35841;1107;785537;320016;8.9;3.6
FR;59;2021-03-14;7148;354;792685;320370;9.0;3.6
FR;59;2021-03-15;14342;2431;807027;322801;9.2;3.7
FR;59;2021-03-16;7851;2887;814878;325688;9.3;3.7
FR;59;2021-03-17;8691;3035;823569;328723;9.4;3.7
FR;59;2021-03-18;10358;3905;833927;332628;9.5;3.8
FR;59;2021-03-19;23290;3367;857217;335995;9.7;3.8
FR;59;2021-03-20;20965;974;878182;336969;10.0;3.8
FR;59;2021-03-21;6258;351;884440;337320;10.1;3.8
FR;59;2021-03-22;15359;2566;899799;339886;10.2;3.9
FR;59;2021-03-23;25225;3324;925024;343210;10.5;3.9
FR;59;2021-03-24;27816;3315;952840;346525;10.8;3.9
FR;59;2021-03-25;37656;3594;990496;350119;11.3;4.0
FR;59;2021-03-26;42558;3794;1033054;353913;11.7;4.0
FR;59;2021-03-27;26711;1582;1059765;355495;12.1;4.0
FR;59;2021-03-28;7507;418;1067272;355913;12.1;4.0
FR;59;2021-03-29;21553;3220;1088825;359133;12.4;4.1
FR;59;2021-03-30;31965;4127;1120790;363260;12.7;4.1
FR;59;2021-03-31;31199;4448;1151989;367708;13.1;4.2
FR;59;2021-04-01;38060;5534;1190049;373242;13.5;4.2
FR;59;2021-04-02;36672;5510;1226721;378752;14.0;4.3
FR;59;2021-04-03;21236;3348;1247957;382100;14.2;4.3
FR;59;2021-04-04;7324;1181;1255281;383281;14.3;4.4
FR;59;2021-04-05;8242;1056;1263523;384337;14.4;4.4
FR;59;2021-04-06;25525;5721;1289048;390058;14.7;4.4
FR;59;2021-04-07;33674;6928;1322722;396986;15.0;4.5
FR;59;2021-04-08;44670;8167;1367392;405153;15.6;4.6
FR;59;2021-04-09;60307;8627;1427699;413780;16.2;4.7
FR;59;2021-04-10;36300;6920;1463999;420700;16.7;4.8
FR;59;2021-04-11;9719;3477;1473718;424177;16.8;4.8
FR;59;2021-04-12;35064;7236;1508782;431413;17.2;4.9
FR;59;2021-04-13;49497;9875;1558279;441288;17.7;5.0
FR;59;2021-04-14;49815;9905;1608094;451193;18.3;5.1
FR;59;2021-04-15;58978;11377;1667072;462570;19.0;5.3
FR;59;2021-04-16;62773;12057;1729845;474627;19.7;5.4
FR;59;2021-04-17;41243;9503;1771088;484130;20.1;5.5
FR;59;2021-04-18;12241;4603;1783329;488733;20.3;5.6
FR;59;2021-04-19;32895;10990;1816224;499723;20.7;5.7
FR;59;2021-04-20;44167;14490;1860391;514213;21.2;5.8
FR;59;2021-04-21;46308;16210;1906699;530423;21.7;6.0
FR;59;2021-04-22;55146;19188;1961845;549611;22.3;6.3
FR;59;2021-04-23;64531;20369;2026376;569980;23.0;6.5
FR;59;2021-04-24;47223;15343;2073599;585323;23.6;6.7
FR;59;2021-04-25;16389;5385;2089988;590708;23.8;6.7
FR;59;2021-04-26;40631;17277;2130619;607985;24.2;6.9
FR;59;2021-04-27;56075;23028;2186694;631013;24.9;7.2
FR;59;2021-04-28;63701;25651;2250395;656664;25.6;7.5
FR;59;2021-04-29;77095;31255;2327490;687919;26.5;7.8
FR;59;2021-04-30;91647;36127;2419137;724046;27.5;8.2
FR;59;2021-05-01;42273;10818;2461410;734864;28.0;8.4
FR;59;2021-05-02;23284;7184;2484694;742048;28.3;8.4
FR;59;2021-05-03;61854;26075;2546548;768123;29.0;8.7
FR;59;2021-05-04;70229;34111;2616777;802234;29.8;9.1
FR;59;2021-05-05;76375;37078;2693152;839312;30.6;9.5
FR;59;2021-05-06;88300;43281;2781452;882593;31.6;10.0
FR;59;2021-05-07;96624;53543;2878076;936136;32.7;10.6
FR;59;2021-05-08;56451;16178;2934527;952314;33.4;10.8
FR;59;2021-05-09;39125;10252;2973652;962566;33.8;10.9
FR;59;2021-05-10;93912;39724;3067564;1002290;34.9;11.4
FR;59;2021-05-11;124191;48852;3191755;1051142;36.3;12.0
FR;59;2021-05-12;120571;45661;3312326;1096803;37.7;12.5
FR;59;2021-05-13;91697;14210;3404023;1111013;38.7;12.6
FR;59;2021-05-14;127546;33813;3531569;1144826;40.2;13.0
FR;59;2021-05-15;113152;25122;3644721;1169948;41.5;13.3
FR;59;2021-05-16;55000;6997;3699721;1176945;42.1;13.4
FR;64;2020-12-27;1;0;1;0;0.0;0.0
FR;64;2020-12-28;0;0;1;0;0.0;0.0
FR;64;2020-12-29;2;0;3;0;0.0;0.0
FR;64;2020-12-30;6;0;9;0;0.0;0.0
FR;64;2020-12-31;5;0;14;0;0.0;0.0
FR;64;2021-01-01;8;0;22;0;0.0;0.0
FR;64;2021-01-02;11;0;33;0;0.0;0.0
FR;64;2021-01-03;17;0;50;0;0.0;0.0
FR;64;2021-01-04;209;2;259;2;0.0;0.0
FR;64;2021-01-05;896;3;1155;5;0.0;0.0
FR;64;2021-01-06;1688;2;2843;7;0.1;0.0
FR;64;2021-01-07;3652;4;6495;11;0.2;0.0
FR;64;2021-01-08;4851;5;11346;16;0.3;0.0
FR;64;2021-01-09;1948;0;13294;16;0.3;0.0
FR;64;2021-01-10;1023;0;14317;16;0.3;0.0
FR;64;2021-01-11;5260;1;19577;17;0.5;0.0
FR;64;2021-01-12;7110;5;26687;22;0.7;0.0
FR;64;2021-01-13;7429;13;34116;35;0.8;0.0
FR;64;2021-01-14;8544;76;42660;111;1.0;0.0
FR;64;2021-01-15;7074;27;49734;138;1.2;0.0
FR;64;2021-01-16;2198;13;51932;151;1.3;0.0
FR;64;2021-01-17;842;6;52774;157;1.3;0.0
FR;64;2021-01-18;4678;11;57452;168;1.4;0.0
FR;64;2021-01-19;6391;10;63843;178;1.6;0.0
FR;64;2021-01-20;6205;24;70048;202;1.7;0.0
FR;64;2021-01-21;6870;15;76918;217;1.9;0.0
FR;64;2021-01-22;5387;19;82305;236;2.0;0.0
FR;64;2021-01-23;1412;8;83717;244;2.0;0.0
FR;64;2021-01-24;430;7;84147;251;2.1;0.0
FR;64;2021-01-25;2765;196;86912;447;2.1;0.0
FR;64;2021-01-26;3517;483;90429;930;2.2;0.0
FR;64;2021-01-27;3754;878;94183;1808;2.3;0.0
FR;64;2021-01-28;4552;1739;98735;3547;2.4;0.1
FR;64;2021-01-29;3520;2316;102255;5863;2.5;0.1
FR;64;2021-01-30;837;706;103092;6569;2.5;0.2
FR;64;2021-01-31;172;279;103264;6848;2.5;0.2
FR;64;2021-02-01;1512;2860;104776;9708;2.6;0.2
FR;64;2021-02-02;2139;4138;106915;13846;2.6;0.3
FR;64;2021-02-03;2301;4355;109216;18201;2.7;0.4
FR;64;2021-02-04;2799;5501;112015;23702;2.7;0.6
FR;64;2021-02-05;2172;4962;114187;28664;2.8;0.7
FR;64;2021-02-06;655;1303;114842;29967;2.8;0.7
FR;64;2021-02-07;164;493;115006;30460;2.8;0.7
FR;64;2021-02-08;1483;4193;116489;34653;2.8;0.8
FR;64;2021-02-09;2338;5653;118827;40306;2.9;1.0
FR;64;2021-02-10;2564;5660;121391;45966;3.0;1.1
FR;64;2021-02-11;3450;7210;124841;53176;3.0;1.3
FR;64;2021-02-12;3106;5427;127947;58603;3.1;1.4
FR;64;2021-02-13;833;1443;128780;60046;3.1;1.5
FR;64;2021-02-14;194;434;128974;60480;3.1;1.5
FR;64;2021-02-15;1584;3869;130558;64349;3.2;1.6
FR;64;2021-02-16;2081;5117;132639;69466;3.2;1.7
FR;64;2021-02-17;2204;4623;134843;74089;3.3;1.8
FR;64;2021-02-18;3215;5423;138058;79512;3.4;1.9
FR;64;2021-02-19;2980;4192;141038;83704;3.4;2.0
FR;64;2021-02-20;801;1192;141839;84896;3.5;2.1
FR;64;2021-02-21;133;253;141972;85149;3.5;2.1
FR;64;2021-02-22;1480;2655;143452;87804;3.5;2.1
FR;64;2021-02-23;2384;2899;145836;90703;3.6;2.2
FR;64;2021-02-24;3850;2831;149686;93534;3.6;2.3
FR;64;2021-02-25;15919;3796;165605;97330;4.0;2.4
FR;64;2021-02-26;21699;2717;187304;100047;4.6;2.4
FR;64;2021-02-27;12992;726;200296;100773;4.9;2.5
FR;64;2021-02-28;790;176;201086;100949;4.9;2.5
FR;64;2021-03-01;6486;1729;207572;102678;5.1;2.5
FR;64;2021-03-02;13062;2275;220634;104953;5.4;2.6
FR;64;2021-03-03;15804;2315;236438;107268;5.8;2.6
FR;64;2021-03-04;24944;2775;261382;110043;6.4;2.7
FR;64;2021-03-05;30273;2531;291655;112574;7.1;2.7
FR;64;2021-03-06;26481;681;318136;113255;7.8;2.8
FR;64;2021-03-07;9784;470;327920;113725;8.0;2.8
FR;64;2021-03-08;8711;1748;336631;115473;8.2;2.8
FR;64;2021-03-09;16714;1948;353345;117421;8.6;2.9
FR;64;2021-03-10;16930;2079;370275;119500;9.0;2.9
FR;64;2021-03-11;25739;2715;396014;122215;9.7;3.0
FR;64;2021-03-12;33250;2242;429264;124457;10.5;3.0
FR;64;2021-03-13;27130;645;456394;125102;11.1;3.0
FR;64;2021-03-14;5409;175;461803;125277;11.3;3.1
FR;64;2021-03-15;10929;1388;472732;126665;11.5;3.1
FR;64;2021-03-16;5971;1747;478703;128412;11.7;3.1
FR;64;2021-03-17;6083;1651;484786;130063;11.8;3.2
FR;64;2021-03-18;7620;2030;492406;132093;12.0;3.2
FR;64;2021-03-19;18801;1846;511207;133939;12.5;3.3
FR;64;2021-03-20;18451;668;529658;134607;12.9;3.3
FR;64;2021-03-21;4716;204;534374;134811;13.0;3.3
FR;64;2021-03-22;13447;1515;547821;136326;13.4;3.3
FR;64;2021-03-23;23378;1930;571199;138256;13.9;3.4
FR;64;2021-03-24;24981;1998;596180;140254;14.5;3.4
FR;64;2021-03-25;36402;2241;632582;142495;15.4;3.5
FR;64;2021-03-26;39968;2193;672550;144688;16.4;3.5
FR;64;2021-03-27;21168;940;693718;145628;16.9;3.5
FR;64;2021-03-28;5063;241;698781;145869;17.0;3.6
FR;64;2021-03-29;17469;2077;716250;147946;17.5;3.6
FR;64;2021-03-30;27220;2724;743470;150670;18.1;3.7
FR;64;2021-03-31;24005;2801;767475;153471;18.7;3.7
FR;64;2021-04-01;30355;3658;797830;157129;19.4;3.8
FR;64;2021-04-02;29082;3501;826912;160630;20.2;3.9
FR;64;2021-04-03;15942;2320;842854;162950;20.5;4.0
FR;64;2021-04-04;4024;783;846878;163733;20.6;4.0
FR;64;2021-04-05;5098;779;851976;164512;20.8;4.0
FR;64;2021-04-06;19065;4196;871041;168708;21.2;4.1
FR;64;2021-04-07;23440;4718;894481;173426;21.8;4.2
FR;64;2021-04-08;34402;5490;928883;178916;22.6;4.4
FR;64;2021-04-09;53186;5865;982069;184781;23.9;4.5
FR;64;2021-04-10;29745;4912;1011814;189693;24.7;4.6
FR;64;2021-04-11;6256;2593;1018070;192286;24.8;4.7
FR;64;2021-04-12;27887;5081;1045957;197367;25.5;4.8
FR;64;2021-04-13;42313;7251;1088270;204618;26.5;5.0
FR;64;2021-04-14;40548;7004;1128818;211622;27.5;5.2
FR;64;2021-04-15;51604;8218;1180422;219840;28.8;5.4
FR;64;2021-04-16;63936;8705;1244358;228545;30.3;5.6
FR;64;2021-04-17;38324;7000;1282682;235545;31.3;5.7
FR;64;2021-04-18;10889;3306;1293571;238851;31.5;5.8
FR;64;2021-04-19;41670;8466;1335241;247317;32.5;6.0
FR;64;2021-04-20;52283;10256;1387524;257573;33.8;6.3
FR;64;2021-04-21;52022;10699;1439546;268272;35.1;6.5
FR;64;2021-04-22;56952;12560;1496498;280832;36.5;6.8
FR;64;2021-04-23;60385;12458;1556883;293290;38.0;7.1
FR;64;2021-04-24;43153;8970;1600036;302260;39.0;7.4
FR;64;2021-04-25;16079;3303;1616115;305563;39.4;7.4
FR;64;2021-04-26;49180;11352;1665295;316915;40.6;7.7
FR;64;2021-04-27;62610;15329;1727905;332244;42.1;8.1
FR;64;2021-04-28;63585;15814;1791490;348058;43.7;8.5
FR;64;2021-04-29;73096;20203;1864586;368261;45.5;9.0
FR;64;2021-04-30;74734;21756;1939320;390017;47.3;9.5
FR;64;2021-05-01;29036;6587;1968356;396604;48.0;9.7
FR;64;2021-05-02;14366;3936;1982722;400540;48.3;9.8
FR;64;2021-05-03;51820;15711;2034542;416251;49.6;10.1
FR;64;2021-05-04;52701;21512;2087243;437763;50.9;10.7
FR;64;2021-05-05;48897;22562;2136140;460325;52.1;11.2
FR;64;2021-05-06;56331;28655;2192471;488980;53.4;11.9
FR;64;2021-05-07;50414;33852;2242885;522832;54.7;12.7
FR;64;2021-05-08;19660;9212;2262545;532044;55.2;13.0
FR;64;2021-05-09;9971;5467;2272516;537511;55.4;13.1
FR;64;2021-05-10;33844;26654;2306360;564165;56.2;13.8
FR;64;2021-05-11;43563;36997;2349923;601162;57.3;14.7
FR;64;2021-05-12;38319;34812;2388242;635974;58.2;15.5
FR;64;2021-05-13;21801;10002;2410043;645976;58.8;15.7
FR;64;2021-05-14;35907;28924;2445950;674900;59.6;16.5
FR;64;2021-05-15;20952;18921;2466902;693821;60.1;16.9
FR;64;2021-05-16;7906;4280;2474808;698101;60.3;17.0
FR;69;2020-12-27;2;0;2;0;0.0;0.0
FR;69;2020-12-28;1;0;3;0;0.0;0.0
FR;69;2020-12-29;3;0;6;0;0.0;0.0
FR;69;2020-12-30;7;0;13;0;0.0;0.0
FR;69;2020-12-31;5;0;18;0;0.0;0.0
FR;69;2021-01-01;6;0;24;0;0.0;0.0
FR;69;2021-01-02;10;0;34;0;0.0;0.0
FR;69;2021-01-03;8;0;42;0;0.0;0.0
FR;69;2021-01-04;114;0;156;0;0.0;0.0
FR;69;2021-01-05;410;2;566;2;0.0;0.0
FR;69;2021-01-06;806;2;1372;4;0.0;0.0
FR;69;2021-01-07;1890;3;3262;7;0.1;0.0
FR;69;2021-01-08;2448;0;5710;7;0.1;0.0
FR;69;2021-01-09;1122;1;6832;8;0.2;0.0
FR;69;2021-01-10;655;0;7487;8;0.2;0.0
FR;69;2021-01-11;2726;3;10213;11;0.3;0.0
FR;69;2021-01-12;3861;1;14074;12;0.4;0.0
FR;69;2021-01-13;3778;9;17852;21;0.5;0.0
FR;69;2021-01-14;4559;44;22411;65;0.6;0.0
FR;69;2021-01-15;3830;13;26241;78;0.7;0.0
FR;69;2021-01-16;1341;8;27582;86;0.7;0.0
FR;69;2021-01-17;634;3;28216;89;0.7;0.0
FR;69;2021-01-18;3251;14;31467;103;0.8;0.0
FR;69;2021-01-19;4781;15;36248;118;0.9;0.0
FR;69;2021-01-20;4751;11;40999;129;1.1;0.0
FR;69;2021-01-21;5505;11;46504;140;1.2;0.0
FR;69;2021-01-22;4366;11;50870;151;1.3;0.0
FR;69;2021-01-23;1358;4;52228;155;1.3;0.0
FR;69;2021-01-24;446;5;52674;160;1.3;0.0
FR;69;2021-01-25;2718;81;55392;241;1.4;0.0
FR;69;2021-01-26;3343;180;58735;421;1.5;0.0
FR;69;2021-01-27;3664;404;62399;825;1.6;0.0
FR;69;2021-01-28;4310;883;66709;1708;1.7;0.0
FR;69;2021-01-29;3478;1231;70187;2939;1.8;0.1
FR;69;2021-01-30;937;402;71124;3341;1.8;0.1
FR;69;2021-01-31;180;159;71304;3500;1.8;0.1
FR;69;2021-02-01;1803;1521;73107;5021;1.9;0.1
FR;69;2021-02-02;2400;2199;75507;7220;1.9;0.2
FR;69;2021-02-03;2414;2270;77921;9490;2.0;0.2
FR;69;2021-02-04;2967;2920;80888;12410;2.1;0.3
FR;69;2021-02-05;2488;2536;83376;14946;2.1;0.4
FR;69;2021-02-06;720;808;84096;15754;2.2;0.4
FR;69;2021-02-07;162;391;84258;16145;2.2;0.4
FR;69;2021-02-08;1605;2408;85863;18553;2.2;0.5
FR;69;2021-02-09;2398;3410;88261;21963;2.3;0.6
FR;69;2021-02-10;2559;3401;90820;25364;2.3;0.7
FR;69;2021-02-11;3506;4856;94326;30220;2.4;0.8
FR;69;2021-02-12;3141;3414;97467;33634;2.5;0.9
FR;69;2021-02-13;860;1032;98327;34666;2.5;0.9
FR;69;2021-02-14;212;412;98539;35078;2.5;0.9
FR;69;2021-02-15;1325;2774;99864;37852;2.6;1.0
FR;69;2021-02-16;1860;3980;101724;41832;2.6;1.1
FR;69;2021-02-17;2010;3660;103734;45492;2.7;1.2
FR;69;2021-02-18;2988;4550;106722;50042;2.7;1.3
FR;69;2021-02-19;2852;3500;109574;53542;2.8;1.4
FR;69;2021-02-20;752;1025;110326;54567;2.8;1.4
FR;69;2021-02-21;149;233;110475;54800;2.8;1.4
FR;69;2021-02-22;1602;2573;112077;57373;2.9;1.5
FR;69;2021-02-23;2262;2813;114339;60186;2.9;1.5
FR;69;2021-02-24;2655;2904;116994;63090;3.0;1.6
FR;69;2021-02-25;3864;3567;120858;66657;3.1;1.7
FR;69;2021-02-26;4251;2615;125109;69272;3.2;1.8
FR;69;2021-02-27;1795;700;126904;69972;3.3;1.8
FR;69;2021-02-28;309;177;127213;70149;3.3;1.8
FR;69;2021-03-01;2788;1923;130001;72072;3.3;1.8
FR;69;2021-03-02;4700;2428;134701;74500;3.5;1.9
FR;69;2021-03-03;6632;2460;141333;76960;3.6;2.0
FR;69;2021-03-04;11658;2973;152991;79933;3.9;2.0
FR;69;2021-03-05;17355;2631;170346;82564;4.4;2.1
FR;69;2021-03-06;22935;704;193281;83268;5.0;2.1
FR;69;2021-03-07;14673;383;207954;83651;5.3;2.1
FR;69;2021-03-08;9699;2007;217653;85658;5.6;2.2
FR;69;2021-03-09;17384;2435;235037;88093;6.0;2.3
FR;69;2021-03-10;18687;2482;253724;90575;6.5;2.3
FR;69;2021-03-11;28993;3111;282717;93686;7.2;2.4
FR;69;2021-03-12;39646;2790;322363;96476;8.3;2.5
FR;69;2021-03-13;35748;852;358111;97328;9.2;2.5
FR;69;2021-03-14;8160;221;366271;97549;9.4;2.5
FR;69;2021-03-15;16559;1761;382830;99310;9.8;2.5
FR;69;2021-03-16;10701;2156;393531;101466;10.1;2.6
FR;69;2021-03-17;11703;2151;405234;103617;10.4;2.7
FR;69;2021-03-18;13087;2567;418321;106184;10.7;2.7
FR;69;2021-03-19;28674;2351;446995;108535;11.5;2.8
FR;69;2021-03-20;26838;825;473833;109360;12.1;2.8
FR;69;2021-03-21;7107;255;480940;109615;12.3;2.8
FR;69;2021-03-22;21108;2105;502048;111720;12.9;2.9
FR;69;2021-03-23;36045;2706;538093;114426;13.8;2.9
FR;69;2021-03-24;37327;2746;575420;117172;14.7;3.0
FR;69;2021-03-25;54764;2968;630184;120140;16.2;3.1
FR;69;2021-03-26;58929;2848;689113;122988;17.7;3.2
FR;69;2021-03-27;30013;1281;719126;124269;18.4;3.2
FR;69;2021-03-28;7594;361;726720;124630;18.6;3.2
FR;69;2021-03-29;27611;3359;754331;127989;19.3;3.3
FR;69;2021-03-30;42140;4244;796471;132233;20.4;3.4
FR;69;2021-03-31;35277;4306;831748;136539;21.3;3.5
FR;69;2021-04-01;43067;5661;874815;142200;22.4;3.6
FR;69;2021-04-02;41217;5820;916032;148020;23.5;3.8
FR;69;2021-04-03;21630;3894;937662;151914;24.0;3.9
FR;69;2021-04-04;5799;1298;943461;153212;24.2;3.9
FR;69;2021-04-05;7605;1048;951066;154260;24.4;4.0
FR;69;2021-04-06;27705;7111;978771;161371;25.1;4.1
FR;69;2021-04-07;32315;7673;1011086;169044;25.9;4.3
FR;69;2021-04-08;48435;8736;1059521;177780;27.2;4.6
FR;69;2021-04-09;70246;8852;1129767;186632;29.0;4.8
FR;69;2021-04-10;36579;7766;1166346;194398;29.9;5.0
FR;69;2021-04-11;7990;4271;1174336;198669;30.1;5.1
FR;69;2021-04-12;38454;8748;1212790;207417;31.1;5.3
FR;69;2021-04-13;53359;11830;1266149;219247;32.4;5.6
FR;69;2021-04-14;49129;11549;1315278;230796;33.7;5.9
FR;69;2021-04-15;61552;13381;1376830;244177;35.3;6.3
FR;69;2021-04-16;72297;13922;1449127;258099;37.1;6.6
FR;69;2021-04-17;39481;10593;1488608;268692;38.2;6.9
FR;69;2021-04-18;9976;5011;1498584;273703;38.4;7.0
FR;69;2021-04-19;45674;13771;1544258;287474;39.6;7.4
FR;69;2021-04-20;56798;16679;1601056;304153;41.0;7.8
FR;69;2021-04-21;53064;16398;1654120;320551;42.4;8.2
FR;69;2021-04-22;59850;18586;1713970;339137;43.9;8.7
FR;69;2021-04-23;58962;18567;1772932;357704;45.4;9.2
FR;69;2021-04-24;37125;13055;1810057;370759;46.4;9.5
FR;69;2021-04-25;13134;4953;1823191;375712;46.7;9.6
FR;69;2021-04-26;48855;18236;1872046;393948;48.0;10.1
FR;69;2021-04-27;61440;23027;1933486;416975;49.6;10.7
FR;69;2021-04-28;59448;21941;1992934;438916;51.1;11.2
FR;69;2021-04-29;69580;24673;2062514;463589;52.9;11.9
FR;69;2021-04-30;66558;23737;2129072;487326;54.6;12.5
FR;69;2021-05-01;23564;7555;2152636;494881;55.2;12.7
FR;69;2021-05-02;11125;5122;2163761;500003;55.5;12.8
FR;69;2021-05-03;47074;21235;2210835;521238;56.7;13.4
FR;69;2021-05-04;47577;27654;2258412;548892;57.9;14.1
FR;69;2021-05-05;42325;27079;2300737;575971;59.0;14.8
FR;69;2021-05-06;50449;30116;2351186;606087;60.3;15.5
FR;69;2021-05-07;41920;34201;2393106;640288;61.3;16.4
FR;69;2021-05-08;14887;9318;2407993;649606;61.7;16.6
FR;69;2021-05-09;7249;6548;2415242;656154;61.9;16.8
FR;69;2021-05-10;29144;34630;2444386;690784;62.6;17.7
FR;69;2021-05-11;37821;43679;2482207;734463;63.6;18.8
FR;69;2021-05-12;32483;39111;2514690;773574;64.4;19.8
FR;69;2021-05-13;17357;11479;2532047;785053;64.9;20.1
FR;69;2021-05-14;29664;34072;2561711;819125;65.7;21.0
FR;69;2021-05-15;15017;18467;2576728;837592;66.0;21.5
FR;69;2021-05-16;5395;4300;2582123;841892;66.2;21.6
FR;74;2020-12-27;1;0;1;0;0.0;0.0
FR;74;2020-12-28;6;0;7;0;0.0;0.0
FR;74;2020-12-29;5;0;12;0;0.0;0.0
FR;74;2020-12-30;11;0;23;0;0.0;0.0
FR;74;2020-12-31;7;0;30;0;0.0;0.0
FR;74;2021-01-01;5;0;35;0;0.0;0.0
FR;74;2021-01-02;3;0;38;0;0.0;0.0
FR;74;2021-01-03;12;0;50;0;0.0;0.0
FR;74;2021-01-04;85;1;135;1;0.0;0.0
FR;74;2021-01-05;297;0;432;1;0.0;0.0
FR;74;2021-01-06;554;0;986;1;0.0;0.0
FR;74;2021-01-07;1463;0;2449;1;0.1;0.0
FR;74;2021-01-08;1786;3;4235;4;0.1;0.0
FR;74;2021-01-09;794;1;5029;5;0.1;0.0
FR;74;2021-01-10;534;0;5563;5;0.2;0.0
FR;74;2021-01-11;2116;0;7679;5;0.2;0.0
FR;74;2021-01-12;3143;3;10822;8;0.3;0.0
FR;74;2021-01-13;3192;5;14014;13;0.4;0.0
FR;74;2021-01-14;3933;39;17947;52;0.5;0.0
FR;74;2021-01-15;3527;8;21474;60;0.6;0.0
FR;74;2021-01-16;1333;2;22807;62;0.7;0.0
FR;74;2021-01-17;763;3;23570;65;0.7;0.0
FR;74;2021-01-18;4712;11;28282;76;0.8;0.0
FR;74;2021-01-19;6808;11;35090;87;1.0;0.0
FR;74;2021-01-20;7089;9;42179;96;1.2;0.0
FR;74;2021-01-21;8168;20;50347;116;1.4;0.0
FR;74;2021-01-22;6530;15;56877;131;1.6;0.0
FR;74;2021-01-23;2255;1;59132;132;1.7;0.0
FR;74;2021-01-24;608;0;59740;132;1.7;0.0
FR;74;2021-01-25;4529;56;64269;188;1.8;0.0
FR;74;2021-01-26;5614;148;69883;336;2.0;0.0
FR;74;2021-01-27;5969;270;75852;606;2.2;0.0
FR;74;2021-01-28;6950;749;82802;1355;2.4;0.0
FR;74;2021-01-29;5728;896;88530;2251;2.5;0.1
FR;74;2021-01-30;1770;261;90300;2512;2.6;0.1
FR;74;2021-01-31;294;114;90594;2626;2.6;0.1
FR;74;2021-02-01;3274;1060;93868;3686;2.7;0.1
FR;74;2021-02-02;4275;1783;98143;5469;2.8;0.2
FR;74;2021-02-03;4300;1805;102443;7274;2.9;0.2
FR;74;2021-02-04;5162;2466;107605;9740;3.1;0.3
FR;74;2021-02-05;4370;2178;111975;11918;3.2;0.3
FR;74;2021-02-06;1395;694;113370;12612;3.3;0.4
FR;74;2021-02-07;243;351;113613;12963;3.3;0.4
FR;74;2021-02-08;3069;2505;116682;15468;3.4;0.4
FR;74;2021-02-09;4098;3722;120780;19190;3.5;0.6
FR;74;2021-02-10;4406;3814;125186;23004;3.6;0.7
FR;74;2021-02-11;5607;5469;130793;28473;3.8;0.8
FR;74;2021-02-12;5249;3815;136042;32288;3.9;0.9
FR;74;2021-02-13;1646;1218;137688;33506;4.0;1.0
FR;74;2021-02-14;402;471;138090;33977;4.0;1.0
FR;74;2021-02-15;2395;4177;140485;38154;4.0;1.1
FR;74;2021-02-16;3274;5629;143759;43783;4.1;1.3
FR;74;2021-02-17;3391;5448;147150;49231;4.2;1.4
FR;74;2021-02-18;4912;6801;152062;56032;4.4;1.6
FR;74;2021-02-19;4871;5402;156933;61434;4.5;1.8
FR;74;2021-02-20;1546;1736;158479;63170;4.6;1.8
FR;74;2021-02-21;232;415;158711;63585;4.6;1.8
FR;74;2021-02-22;2855;4290;161566;67875;4.6;2.0
FR;74;2021-02-23;4129;4888;165695;72763;4.8;2.1
FR;74;2021-02-24;4515;4837;170210;77600;4.9;2.2
FR;74;2021-02-25;5511;5693;175721;83293;5.1;2.4
FR;74;2021-02-26;5462;4463;181183;87756;5.2;2.5
FR;74;2021-02-27;1999;1364;183182;89120;5.3;2.6
FR;74;2021-02-28;528;293;183710;89413;5.3;2.6
FR;74;2021-03-01;5056;3361;188766;92774;5.4;2.7
FR;74;2021-03-02;7432;4272;196198;97046;5.6;2.8
FR;74;2021-03-03;9636;4248;205834;101294;5.9;2.9
FR;74;2021-03-04;14943;4792;220777;106086;6.3;3.0
FR;74;2021-03-05;21560;4562;242337;110648;7.0;3.2
FR;74;2021-03-06;30947;1339;273284;111987;7.9;3.2
FR;74;2021-03-07;20803;478;294087;112465;8.5;3.2
FR;74;2021-03-08;14156;3639;308243;116104;8.9;3.3
FR;74;2021-03-09;23946;4193;332189;120297;9.6;3.5
FR;74;2021-03-10;26154;4371;358343;124668;10.3;3.6
FR;74;2021-03-11;38137;5235;396480;129903;11.4;3.7
FR;74;2021-03-12;50369;4616;446849;134519;12.8;3.9
FR;74;2021-03-13;47562;1479;494411;135998;14.2;3.9
FR;74;2021-03-14;11924;395;506335;136393;14.6;3.9
FR;74;2021-03-15;25388;3097;531723;139490;15.3;4.0
FR;74;2021-03-16;20007;3819;551730;143309;15.9;4.1
FR;74;2021-03-17;21745;3853;573475;147162;16.5;4.2
FR;74;2021-03-18;24361;4494;597836;151656;17.2;4.4
FR;74;2021-03-19;41225;3920;639061;155576;18.4;4.5
FR;74;2021-03-20;35288;1527;674349;157103;19.4;4.5
FR;74;2021-03-21;9467;390;683816;157493;19.7;4.5
FR;74;2021-03-22;31404;3866;715220;161359;20.6;4.6
FR;74;2021-03-23;50007;4745;765227;166104;22.0;4.8
FR;74;2021-03-24;51958;5125;817185;171229;23.5;4.9
FR;74;2021-03-25;74488;5465;891673;176694;25.6;5.1
FR;74;2021-03-26;80559;5088;972232;181782;28.0;5.2
FR;74;2021-03-27;50896;2337;1023128;184119;29.4;5.3
FR;74;2021-03-28;17780;727;1040908;184846;29.9;5.3
FR;74;2021-03-29;55985;6813;1096893;191659;31.5;5.5
FR;74;2021-03-30;76391;8666;1173284;200325;33.7;5.8
FR;74;2021-03-31;67775;9235;1241059;209560;35.7;6.0
FR;74;2021-04-01;78154;11615;1319213;221175;37.9;6.4
FR;74;2021-04-02;69853;12194;1389066;233369;39.9;6.7
FR;74;2021-04-03;37106;8402;1426172;241771;41.0;7.0
FR;74;2021-04-04;12491;2767;1438663;244538;41.4;7.0
FR;74;2021-04-05;19191;1841;1457854;246379;41.9;7.1
FR;74;2021-04-06;64206;15027;1522060;261406;43.8;7.5
FR;74;2021-04-07;72508;15891;1594568;277297;45.8;8.0
FR;74;2021-04-08;87441;17779;1682009;295076;48.4;8.5
FR;74;2021-04-09;96966;17551;1778975;312627;51.1;9.0
FR;74;2021-04-10;48558;13950;1827533;326577;52.5;9.4
FR;74;2021-04-11;12725;6808;1840258;333385;52.9;9.6
FR;74;2021-04-12;60747;17637;1901005;351022;54.7;10.1
FR;74;2021-04-13;68566;22086;1969571;373108;56.6;10.7
FR;74;2021-04-14;59904;21679;2029475;394787;58.3;11.3
FR;74;2021-04-15;61668;23619;2091143;418406;60.1;12.0
FR;74;2021-04-16;52040;24224;2143183;442630;61.6;12.7
FR;74;2021-04-17;25629;16749;2168812;459379;62.4;13.2
FR;74;2021-04-18;5726;6958;2174538;466337;62.5;13.4
FR;74;2021-04-19;31557;24212;2206095;490549;63.4;14.1
FR;74;2021-04-20;36030;29477;2242125;520026;64.5;15.0
FR;74;2021-04-21;33054;30121;2275179;550147;65.4;15.8
FR;74;2021-04-22;37817;35074;2312996;585221;66.5;16.8
FR;74;2021-04-23;34533;38646;2347529;623867;67.5;17.9
FR;74;2021-04-24;18519;30661;2366048;654528;68.0;18.8
FR;74;2021-04-25;6071;12535;2372119;667063;68.2;19.2
FR;74;2021-04-26;26258;46773;2398377;713836;69.0;20.5
FR;74;2021-04-27;32774;55938;2431151;769774;69.9;22.1
FR;74;2021-04-28;32347;52711;2463498;822485;70.8;23.6
FR;74;2021-04-29;38319;53830;2501817;876315;71.9;25.2
FR;74;2021-04-30;34782;49012;2536599;925327;72.9;26.6
FR;74;2021-05-01;11021;15110;2547620;940437;73.2;27.0
FR;74;2021-05-02;5130;11367;2552750;951804;73.4;27.4
FR;74;2021-05-03;23963;52016;2576713;1003820;74.1;28.9
FR;74;2021-05-04;24826;69147;2601539;1072967;74.8;30.8
FR;74;2021-05-05;22407;64843;2623946;1137810;75.4;32.7
FR;74;2021-05-06;27049;63180;2650995;1200990;76.2;34.5
FR;74;2021-05-07;22972;65920;2673967;1266910;76.9;36.4
FR;74;2021-05-08;7656;14255;2681623;1281165;77.1;36.8
FR;74;2021-05-09;3642;10461;2685265;1291626;77.2;37.1
FR;74;2021-05-10;15740;62987;2701005;1354613;77.7;38.9
FR;74;2021-05-11;20708;64032;2721713;1418645;78.2;40.8
FR;74;2021-05-12;18060;53096;2739773;1471741;78.8;42.3
FR;74;2021-05-13;8986;12067;2748759;1483808;79.0;42.7
FR;74;2021-05-14;16653;37687;2765412;1521495;79.5;43.7
FR;74;2021-05-15;8227;17524;2773639;1539019;79.7;44.2
FR;74;2021-05-16;2953;3484;2776592;1542503;79.8;44.3
FR;79;2020-12-27;1;0;1;0;0.0;0.0
FR;79;2020-12-28;6;0;7;0;0.0;0.0
FR;79;2020-12-29;16;0;23;0;0.0;0.0
FR;79;2020-12-30;11;0;34;0;0.0;0.0
FR;79;2020-12-31;6;0;40;0;0.0;0.0
FR;79;2021-01-01;4;0;44;0;0.0;0.0
FR;79;2021-01-02;4;0;48;0;0.0;0.0
FR;79;2021-01-03;2;0;50;0;0.0;0.0
FR;79;2021-01-04;49;0;99;0;0.0;0.0
FR;79;2021-01-05;171;0;270;0;0.0;0.0
FR;79;2021-01-06;339;0;609;0;0.0;0.0
FR;79;2021-01-07;905;0;1514;0;0.1;0.0
FR;79;2021-01-08;1072;1;2586;1;0.1;0.0
FR;79;2021-01-09;364;0;2950;1;0.1;0.0
FR;79;2021-01-10;191;0;3141;1;0.1;0.0
FR;79;2021-01-11;1144;2;4285;3;0.2;0.0
FR;79;2021-01-12;2202;2;6487;5;0.3;0.0
FR;79;2021-01-13;2744;2;9231;7;0.4;0.0
FR;79;2021-01-14;4430;35;13661;42;0.6;0.0
FR;79;2021-01-15;5246;16;18907;58;0.9;0.0
FR;79;2021-01-16;2818;11;21725;69;1.0;0.0
FR;79;2021-01-17;1305;3;23030;72;1.0;0.0
FR;79;2021-01-18;19644;36;42674;108;1.9;0.0
FR;79;2021-01-19;26022;34;68696;142;3.1;0.0
FR;79;2021-01-20;28016;31;96712;173;4.4;0.0
FR;79;2021-01-21;30040;31;126752;204;5.7;0.0
FR;79;2021-01-22;27884;26;154636;230;7.0;0.0
FR;79;2021-01-23;11660;10;166296;240;7.5;0.0
FR;79;2021-01-24;2172;2;168468;242;7.6;0.0
FR;79;2021-01-25;22545;44;191013;286;8.6;0.0
FR;79;2021-01-26;25719;116;216732;402;9.8;0.0
FR;79;2021-01-27;24996;191;241728;593;10.9;0.0
FR;79;2021-01-28;25177;559;266905;1152;12.0;0.1
FR;79;2021-01-29;22536;562;289441;1714;13.1;0.1
FR;79;2021-01-30;8782;137;298223;1851;13.4;0.1
FR;79;2021-01-31;1230;55;299453;1906;13.5;0.1
FR;79;2021-02-01;16134;642;315587;2548;14.2;0.1
FR;79;2021-02-02;19262;1271;334849;3819;15.1;0.2
FR;79;2021-02-03;18289;1576;353138;5395;15.9;0.2
FR;79;2021-02-04;19168;2531;372306;7926;16.8;0.4
FR;79;2021-02-05;18013;2679;390319;10605;17.6;0.5
FR;79;2021-02-06;6450;1003;396769;11608;17.9;0.5
FR;79;2021-02-07;872;390;397641;11998;17.9;0.5
FR;79;2021-02-08;13082;5810;410723;17808;18.5;0.8
FR;79;2021-02-09;15549;7670;426272;25478;19.2;1.1
FR;79;2021-02-10;15439;8044;441711;33522;19.9;1.5
FR;79;2021-02-11;16526;9601;458237;43123;20.7;1.9
FR;79;2021-02-12;15665;9404;473902;52527;21.4;2.4
FR;79;2021-02-13;5004;4121;478906;56648;21.6;2.6
FR;79;2021-02-14;903;1043;479809;57691;21.6;2.6
FR;79;2021-02-15;7130;19820;486939;77511;22.0;3.5
FR;79;2021-02-16;8349;23625;495288;101136;22.3;4.6
FR;79;2021-02-17;8248;24020;503536;125156;22.7;5.6
FR;79;2021-02-18;10282;24420;513818;149576;23.2;6.7
FR;79;2021-02-19;10310;20761;524128;170337;23.6;7.7
FR;79;2021-02-20;3766;8311;527894;178648;23.8;8.1
FR;79;2021-02-21;548;1555;528442;180203;23.8;8.1
FR;79;2021-02-22;6984;21881;535426;202084;24.1;9.1
FR;79;2021-02-23;9625;23561;545051;225645;24.6;10.2
FR;79;2021-02-24;10022;22201;555073;247846;25.0;11.2
FR;79;2021-02-25;11653;22078;566726;269924;25.6;12.2
FR;79;2021-02-26;12047;19107;578773;289031;26.1;13.0
FR;79;2021-02-27;4418;6733;583191;295764;26.3;13.3
FR;79;2021-02-28;873;1038;584064;296802;26.3;13.4
FR;79;2021-03-01;12110;16441;596174;313243;26.9;14.1
FR;79;2021-03-02;16310;19257;612484;332500;27.6;15.0
FR;79;2021-03-03;17711;18518;630195;351018;28.4;15.8
FR;79;2021-03-04;20877;17659;651072;368677;29.4;16.6
FR;79;2021-03-05;22422;16449;673494;385126;30.4;17.4
FR;79;2021-03-06;28946;5328;702440;390454;31.7;17.6
FR;79;2021-03-07;21036;1006;723476;391460;32.6;17.7
FR;79;2021-03-08;17348;15322;740824;406782;33.4;18.3
FR;79;2021-03-09;25710;16401;766534;423183;34.6;19.1
FR;79;2021-03-10;26832;15560;793366;438743;35.8;19.8
FR;79;2021-03-11;31783;15058;825149;453801;37.2;20.5
FR;79;2021-03-12;33300;12904;858449;466705;38.7;21.0
FR;79;2021-03-13;25245;4198;883694;470903;39.9;21.2
FR;79;2021-03-14;9457;764;893151;471667;40.3;21.3
FR;79;2021-03-15;28410;8654;921561;480321;41.6;21.7
FR;79;2021-03-16;32778;9277;954339;489598;43.0;22.1
FR;79;2021-03-17;33750;9235;988089;498833;44.6;22.5
FR;79;2021-03-18;36634;9715;1024723;508548;46.2;22.9
FR;79;2021-03-19;36662;8843;1061385;517391;47.9;23.3
FR;79;2021-03-20;20654;3265;1082039;520656;48.8;23.5
FR;79;2021-03-21;5874;595;1087913;521251;49.1;23.5
FR;79;2021-03-22;28533;9167;1116446;530418;50.4;23.9
FR;79;2021-03-23;36984;10750;1153430;541168;52.0;24.4
FR;79;2021-03-24;35470;11313;1188900;552481;53.6;24.9
FR;79;2021-03-25;41805;11086;1230705;563567;55.5;25.4
FR;79;2021-03-26;39294;10407;1269999;573974;57.3;25.9
FR;79;2021-03-27;17620;4392;1287619;578366;58.1;26.1
FR;79;2021-03-28;4793;899;1292412;579265;58.3;26.1
FR;79;2021-03-29;22234;14988;1314646;594253;59.3;26.8
FR;79;2021-03-30;27960;18882;1342606;613135;60.6;27.7
FR;79;2021-03-31;24641;19715;1367247;632850;61.7;28.5
FR;79;2021-04-01;27101;23168;1394348;656018;62.9;29.6
FR;79;2021-04-02;22999;24415;1417347;680433;63.9;30.7
FR;79;2021-04-03;9998;17352;1427345;697785;64.4;31.5
FR;79;2021-04-04;2796;5057;1430141;702842;64.5;31.7
FR;79;2021-04-05;4183;2743;1434324;705585;64.7;31.8
FR;79;2021-04-06;18872;28935;1453196;734520;65.5;33.1
FR;79;2021-04-07;20985;29824;1474181;764344;66.5;34.5
FR;79;2021-04-08;24921;29880;1499102;794224;67.6;35.8
FR;79;2021-04-09;26716;28051;1525818;822275;68.8;37.1
FR;79;2021-04-10;13622;18906;1539440;841181;69.4;37.9
FR;79;2021-04-11;3500;6442;1542940;847623;69.6;38.2
FR;79;2021-04-12;16683;28878;1559623;876501;70.3;39.5
FR;79;2021-04-13;19022;34973;1578645;911474;71.2;41.1
FR;79;2021-04-14;18057;33105;1596702;944579;72.0;42.6
FR;79;2021-04-15;18977;33280;1615679;977859;72.9;44.1
FR;79;2021-04-16;16141;31008;1631820;1008867;73.6;45.5
FR;79;2021-04-17;8108;16677;1639928;1025544;74.0;46.3
FR;79;2021-04-18;1761;4829;1641689;1030373;74.0;46.5
FR;79;2021-04-19;9768;29143;1651457;1059516;74.5;47.8
FR;79;2021-04-20;11577;34403;1663034;1093919;75.0;49.3
FR;79;2021-04-21;11155;31163;1674189;1125082;75.5;50.7
FR;79;2021-04-22;12724;31049;1686913;1156131;76.1;52.1
FR;79;2021-04-23;11794;27640;1698707;1183771;76.6;53.4
FR;79;2021-04-24;6107;13696;1704814;1197467;76.9;54.0
FR;79;2021-04-25;1884;3417;1706698;1200884;77.0;54.2
FR;79;2021-04-26;8785;20562;1715483;1221446;77.4;55.1
FR;79;2021-04-27;10956;23628;1726439;1245074;77.9;56.2
FR;79;2021-04-28;11487;20854;1737926;1265928;78.4;57.1
FR;79;2021-04-29;13451;20614;1751377;1286542;79.0;58.0
FR;79;2021-04-30;12682;17537;1764059;1304079;79.6;58.8
FR;79;2021-05-01;3773;3904;1767832;1307983;79.7;59.0
FR;79;2021-05-02;1719;2613;1769551;1310596;79.8;59.1
FR;79;2021-05-03;8488;15069;1778039;1325665;80.2;59.8
FR;79;2021-05-04;8806;20114;1786845;1345779;80.6;60.7
FR;79;2021-05-05;8242;18932;1795087;1364711;81.0;61.5
FR;79;2021-05-06;10084;18727;1805171;1383438;81.4;62.4
FR;79;2021-05-07;8801;19402;1813972;1402840;81.8;63.3
FR;79;2021-05-08;2880;4272;1816852;1407112;81.9;63.5
FR;79;2021-05-09;1375;2983;1818227;1410095;82.0;63.6
FR;79;2021-05-10;5983;17439;1824210;1427534;82.3;64.4
FR;79;2021-05-11;7836;18505;1832046;1446039;82.6;65.2
FR;79;2021-05-12;7044;15733;1839090;1461772;82.9;65.9
FR;79;2021-05-13;3462;3768;1842552;1465540;83.1;66.1
FR;79;2021-05-14;6631;11339;1849183;1476879;83.4;66.6
FR;79;2021-05-15;3217;5077;1852400;1481956;83.5;66.8
FR;79;2021-05-16;1130;1144;1853530;1483100;83.6;66.9
FR;80;2020-12-27;10;2;10;2;0.0;0.0
FR;80;2020-12-28;41;0;51;2;0.0;0.0
FR;80;2020-12-29;78;0;129;2;0.0;0.0
FR;80;2020-12-30;69;0;198;2;0.0;0.0
FR;80;2020-12-31;49;0;247;2;0.0;0.0
FR;80;2021-01-01;8;0;255;2;0.0;0.0
FR;80;2021-01-02;8;0;263;2;0.0;0.0
FR;80;2021-01-03;2;0;265;2;0.0;0.0
FR;80;2021-01-04;297;1;562;3;0.0;0.0
FR;80;2021-01-05;909;0;1471;3;0.0;0.0
FR;80;2021-01-06;1673;0;3144;3;0.1;0.0
FR;80;2021-01-07;6291;2;9435;5;0.2;0.0
FR;80;2021-01-08;5730;2;15165;7;0.4;0.0
FR;80;2021-01-09;979;0;16144;7;0.4;0.0
FR;80;2021-01-10;307;0;16451;7;0.4;0.0
FR;80;2021-01-11;4429;4;20880;11;0.5;0.0
FR;80;2021-01-12;12683;8;33563;19;0.8;0.0
FR;80;2021-01-13;12426;14;45989;33;1.1;0.0
FR;80;2021-01-14;18200;117;64189;150;1.5;0.0
FR;80;2021-01-15;12103;31;76292;181;1.8;0.0
FR;80;2021-01-16;4032;28;80324;209;1.9;0.0
FR;80;2021-01-17;3743;18;84067;227;2.0;0.0
FR;80;2021-01-18;28737;65;112804;292;2.7;0.0
FR;80;2021-01-19;53735;62;166539;354;4.0;0.0
FR;80;2021-01-20;59357;108;225896;462;5.4;0.0
FR;80;2021-01-21;69898;79;295794;541;7.1;0.0
FR;80;2021-01-22;48281;65;344075;606;8.3;0.0
FR;80;2021-01-23;16214;8;360289;614;8.7;0.0
FR;80;2021-01-24;4311;2;364600;616;8.8;0.0
FR;80;2021-01-25;32397;147;396997;763;9.5;0.0
FR;80;2021-01-26;45101;531;442098;1294;10.6;0.0
FR;80;2021-01-27;50853;888;492951;2182;11.9;0.1
FR;80;2021-01-28;59980;3939;552931;6121;13.3;0.1
FR;80;2021-01-29;39321;3275;592252;9396;14.2;0.2
FR;80;2021-01-30;13220;591;605472;9987;14.6;0.2
FR;80;2021-01-31;2333;285;607805;10272;14.6;0.2
FR;80;2021-02-01;22999;2784;630804;13056;15.2;0.3
FR;80;2021-02-02;33451;7427;664255;20483;16.0;0.5
FR;80;2021-02-03;34404;7864;698659;28347;16.8;0.7
FR;80;2021-02-04;38038;12581;736697;40928;17.7;1.0
FR;80;2021-02-05;29776;9525;766473;50453;18.4;1.2
FR;80;2021-02-06;9702;2123;776175;52576;18.7;1.3
FR;80;2021-02-07;1449;1867;777624;54443;18.7;1.3
FR;80;2021-02-08;19337;11136;796961;65579;19.2;1.6
FR;80;2021-02-09;25880;25605;822841;91184;19.8;2.2
FR;80;2021-02-10;26293;28912;849134;120096;20.4;2.9
FR;80;2021-02-11;30469;38114;879603;158210;21.2;3.8
FR;80;2021-02-12;26687;24676;906290;182886;21.8;4.4
FR;80;2021-02-13;7923;6522;914213;189408;22.0;4.6
FR;80;2021-02-14;1507;3099;915720;192507;22.0;4.6
FR;80;2021-02-15;11128;28307;926848;220814;22.3;5.3
FR;80;2021-02-16;15544;38925;942392;259739;22.7;6.2
FR;80;2021-02-17;15924;44486;958316;304225;23.0;7.3
FR;80;2021-02-18;21466;52509;979782;356734;23.6;8.6
FR;80;2021-02-19;19040;37487;998822;394221;24.0;9.5
FR;80;2021-02-20;6299;12322;1005121;406543;24.2;9.8
FR;80;2021-02-21;912;2970;1006033;409513;24.2;9.8
FR;80;2021-02-22;11168;30690;1017201;440203;24.5;10.6
FR;80;2021-02-23;17051;37262;1034252;477465;24.9;11.5
FR;80;2021-02-24;17966;37078;1052218;514543;25.3;12.4
FR;80;2021-02-25;22234;40856;1074452;555399;25.8;13.4
FR;80;2021-02-26;20504;30902;1094956;586301;26.3;14.1
FR;80;2021-02-27;7167;10283;1102123;596584;26.5;14.3
FR;80;2021-02-28;1260;2120;1103383;598704;26.5;14.4
FR;80;2021-03-01;18762;23197;1122145;621901;27.0;15.0
FR;80;2021-03-02;26857;29093;1149002;650994;27.6;15.7
FR;80;2021-03-03;28654;29223;1177656;680217;28.3;16.4
FR;80;2021-03-04;34816;29664;1212472;709881;29.2;17.1
FR;80;2021-03-05;35812;27454;1248284;737335;30.0;17.7
FR;80;2021-03-06;41267;8319;1289551;745654;31.0;17.9
FR;80;2021-03-07;29643;1986;1319194;747640;31.7;18.0
FR;80;2021-03-08;27140;22465;1346334;770105;32.4;18.5
FR;80;2021-03-09;40664;24625;1386998;794730;33.4;19.1
FR;80;2021-03-10;43013;25358;1430011;820088;34.4;19.7
FR;80;2021-03-11;51538;26829;1481549;846917;35.6;20.4
FR;80;2021-03-12;51969;22929;1533518;869846;36.9;20.9
FR;80;2021-03-13;37368;6970;1570886;876816;37.8;21.1
FR;80;2021-03-14;13873;1513;1584759;878329;38.1;21.1
FR;80;2021-03-15;43972;13903;1628731;892232;39.2;21.5
FR;80;2021-03-16;51771;16998;1680502;909230;40.4;21.9
FR;80;2021-03-17;54560;16512;1735062;925742;41.7;22.3
FR;80;2021-03-18;58387;18789;1793449;944531;43.1;22.7
FR;80;2021-03-19;57274;15689;1850723;960220;44.5;23.1
FR;80;2021-03-20;30943;5315;1881666;965535;45.3;23.2
FR;80;2021-03-21;8682;1087;1890348;966622;45.5;23.2
FR;80;2021-03-22;42795;14518;1933143;981140;46.5;23.6
FR;80;2021-03-23;55465;18016;1988608;999156;47.8;24.0
FR;80;2021-03-24;54324;19011;2042932;1018167;49.1;24.5
FR;80;2021-03-25;63794;19536;2106726;1037703;50.7;25.0
FR;80;2021-03-26;60006;18216;2166732;1055919;52.1;25.4
FR;80;2021-03-27;26541;7330;2193273;1063249;52.8;25.6
FR;80;2021-03-28;6922;1447;2200195;1064696;52.9;25.6
FR;80;2021-03-29;32791;23367;2232986;1088063;53.7;26.2
FR;80;2021-03-30;43100;30691;2276086;1118754;54.7;26.9
FR;80;2021-03-31;40420;32069;2316506;1150823;55.7;27.7
FR;80;2021-04-01;45953;37676;2362459;1188499;56.8;28.6
FR;80;2021-04-02;36977;39697;2399436;1228196;57.7;29.5
FR;80;2021-04-03;14485;26077;2413921;1254273;58.1;30.2
FR;80;2021-04-04;3861;7557;2417782;1261830;58.1;30.3
FR;80;2021-04-05;5609;4076;2423391;1265906;58.3;30.4
FR;80;2021-04-06;27466;44916;2450857;1310822;58.9;31.5
FR;80;2021-04-07;33317;48357;2484174;1359179;59.7;32.7
FR;80;2021-04-08;39872;49490;2524046;1408669;60.7;33.9
FR;80;2021-04-09;43253;46274;2567299;1454943;61.7;35.0
FR;80;2021-04-10;19798;28858;2587097;1483801;62.2;35.7
FR;80;2021-04-11;4825;9353;2591922;1493154;62.3;35.9
FR;80;2021-04-12;23406;45120;2615328;1538274;62.9;37.0
FR;80;2021-04-13;30044;54573;2645372;1592847;63.6;38.3
FR;80;2021-04-14;28818;52093;2674190;1644940;64.3;39.6
FR;80;2021-04-15;31113;52610;2705303;1697550;65.1;40.8
FR;80;2021-04-16;26269;48927;2731572;1746477;65.7;42.0
FR;80;2021-04-17;12284;25573;2743856;1772050;66.0;42.6
FR;80;2021-04-18;2523;7614;2746379;1779664;66.1;42.8
FR;80;2021-04-19;14144;43642;2760523;1823306;66.4;43.9
FR;80;2021-04-20;17770;52990;2778293;1876296;66.8;45.1
FR;80;2021-04-21;17738;49739;2796031;1926035;67.2;46.3
FR;80;2021-04-22;20410;51153;2816441;1977188;67.7;47.6
FR;80;2021-04-23;18894;44549;2835335;2021737;68.2;48.6
FR;80;2021-04-24;9330;21167;2844665;2042904;68.4;49.1
FR;80;2021-04-25;2649;5144;2847314;2048048;68.5;49.3
FR;80;2021-04-26;12164;30526;2859478;2078574;68.8;50.0
FR;80;2021-04-27;16552;36352;2876030;2114926;69.2;50.9
FR;80;2021-04-28;17771;34525;2893801;2149451;69.6;51.7
FR;80;2021-04-29;21324;35548;2915125;2184999;70.1;52.6
FR;80;2021-04-30;20138;29511;2935263;2214510;70.6;53.3
FR;80;2021-05-01;5757;5803;2941020;2220313;70.7;53.4
FR;80;2021-05-02;2581;3845;2943601;2224158;70.8;53.5
FR;80;2021-05-03;12328;21299;2955929;2245457;71.1;54.0
FR;80;2021-05-04;13669;29917;2969598;2275374;71.4;54.7
FR;80;2021-05-05;13250;29245;2982848;2304619;71.7;55.4
FR;80;2021-05-06;15593;29443;2998441;2334062;72.1;56.1
FR;80;2021-05-07;14289;29697;3012730;2363759;72.5;56.9
FR;80;2021-05-08;4373;6024;3017103;2369783;72.6;57.0
FR;80;2021-05-09;1900;4139;3019003;2373922;72.6;57.1
FR;80;2021-05-10;8934;24285;3027937;2398207;72.8;57.7
FR;80;2021-05-11;12180;27101;3040117;2425308;73.1;58.3
FR;80;2021-05-12;11065;23498;3051182;2448806;73.4;58.9
FR;80;2021-05-13;4842;5381;3056024;2454187;73.5;59.0
FR;80;2021-05-14;10096;16305;3066120;2470492;73.7;59.4
FR;80;2021-05-15;4715;7299;3070835;2477791;73.9;59.6
FR;80;2021-05-16;1502;1519;3072337;2479310;73.9;59.6
FR;0;2020-12-27;20;2;20;2;0.0;0.0
FR;0;2020-12-28;63;0;83;2;0.0;0.0
FR;0;2020-12-29;108;0;191;2;0.0;0.0
FR;0;2020-12-30;119;0;310;2;0.0;0.0
FR;0;2020-12-31;83;0;393;2;0.0;0.0
FR;0;2021-01-01;65;1;458;3;0.0;0.0
FR;0;2021-01-02;76;0;534;3;0.0;0.0
FR;0;2021-01-03;87;0;621;3;0.0;0.0
FR;0;2021-01-04;1468;5;2089;8;0.0;0.0
FR;0;2021-01-05;5378;7;7467;15;0.0;0.0
FR;0;2021-01-06;11278;13;18745;28;0.0;0.0
FR;0;2021-01-07;28526;41;47271;69;0.1;0.0
FR;0;2021-01-08;36035;35;83306;104;0.1;0.0
FR;0;2021-01-09;10886;8;94192;112;0.1;0.0
FR;0;2021-01-10;5602;3;99794;115;0.1;0.0
FR;0;2021-01-11;38841;44;138635;159;0.2;0.0
FR;0;2021-01-12;60629;63;199264;222;0.3;0.0
FR;0;2021-01-13;63550;101;262814;323;0.4;0.0
FR;0;2021-01-14;79637;636;342451;959;0.5;0.0
FR;0;2021-01-15;67180;205;409631;1164;0.6;0.0
FR;0;2021-01-16;19594;95;429225;1259;0.6;0.0
FR;0;2021-01-17;10453;46;439678;1305;0.7;0.0
FR;0;2021-01-18;84248;220;523926;1525;0.8;0.0
FR;0;2021-01-19;128180;210;652106;1735;1.0;0.0
FR;0;2021-01-20;134780;264;786886;1999;1.2;0.0
FR;0;2021-01-21;154835;227;941721;2226;1.4;0.0
FR;0;2021-01-22;118189;252;1059910;2478;1.6;0.0
FR;0;2021-01-23;37745;60;1097655;2538;1.6;0.0
FR;0;2021-01-24;9332;30;1106987;2568;1.6;0.0
FR;0;2021-01-25;76658;1273;1183645;3841;1.8;0.0
FR;0;2021-01-26;98589;3171;1282234;7012;1.9;0.0
FR;0;2021-01-27;105451;5672;1387685;12684;2.1;0.0
FR;0;2021-01-28;122006;14472;1509691;27156;2.2;0.0
FR;0;2021-01-29;90758;17411;1600449;44567;2.4;0.1
FR;0;2021-01-30;28621;4252;1629070;48819;2.4;0.1
FR;0;2021-01-31;4863;1681;1633933;50500;2.4;0.1
FR;0;2021-02-01;51407;21172;1685340;71672;2.5;0.1
FR;0;2021-02-02;70399;34684;1755739;106356;2.6;0.2
FR;0;2021-02-03;70834;37071;1826573;143427;2.7;0.2
FR;0;2021-02-04;80291;50201;1906864;193628;2.8;0.3
FR;0;2021-02-05;66858;45451;1973722;239079;2.9;0.4
FR;0;2021-02-06;21260;10418;1994982;249497;3.0;0.4
FR;0;2021-02-07;4826;5058;1999808;254555;3.0;0.4
FR;0;2021-02-08;45773;46121;2045581;300676;3.0;0.4
FR;0;2021-02-09;64639;72699;2110220;373375;3.1;0.6
FR;0;2021-02-10;69104;77056;2179324;450431;3.2;0.7
FR;0;2021-02-11;85335;99706;2264659;550137;3.4;0.8
FR;0;2021-02-12;77502;74786;2342161;624923;3.5;0.9
FR;0;2021-02-13;21598;19565;2363759;644488;3.5;1.0
FR;0;2021-02-14;4564;7217;2368323;651705;3.5;1.0
FR;0;2021-02-15;36878;76791;2405201;728496;3.6;1.1
FR;0;2021-02-16;49088;101081;2454289;829577;3.7;1.2
FR;0;2021-02-17;49200;103344;2503489;932921;3.7;1.4
FR;0;2021-02-18;67626;119173;2571115;1052094;3.8;1.6
FR;0;2021-02-19;63477;91269;2634592;1143363;3.9;1.7
FR;0;2021-02-20;17913;28515;2652505;1171878;4.0;1.7
FR;0;2021-02-21;2843;6391;2655348;1178269;4.0;1.8
FR;0;2021-02-22;36277;73438;2691625;1251707;4.0;1.9
FR;0;2021-02-23;52266;84439;2743891;1336146;4.1;2.0
FR;0;2021-02-24;57805;81489;2801696;1417635;4.2;2.1
FR;0;2021-02-25;97899;92232;2899595;1509867;4.3;2.2
FR;0;2021-02-26;111082;71826;3010677;1581693;4.5;2.4
FR;0;2021-02-27;50839;22261;3061516;1603954;4.6;2.4
FR;0;2021-02-28;5638;4472;3067154;1608426;4.6;2.4
FR;0;2021-03-01;63114;53213;3130268;1661639;4.7;2.5
FR;0;2021-03-02;98722;66891;3228990;1728530;4.8;2.6
FR;0;2021-03-03;112752;66392;3341742;1794922;5.0;2.7
FR;0;2021-03-04;158755;70257;3500497;1865179;5.2;2.8
FR;0;2021-03-05;196343;64922;3696840;1930101;5.5;2.9
FR;0;2021-03-06;202863;18838;3899703;1948939;5.8;2.9
FR;0;2021-03-07;118991;5985;4018694;1954924;6.0;2.9
FR;0;2021-03-08;104113;51471;4122807;2006395;6.1;3.0
FR;0;2021-03-09;168558;57888;4291365;2064283;6.4;3.1
FR;0;2021-03-10;174453;58383;4465818;2122666;6.7;3.2
FR;0;2021-03-11;237738;64865;4703556;2187531;7.0;3.3
FR;0;2021-03-12;289122;55513;4992678;2243044;7.4;3.3
FR;0;2021-03-13;226755;16409;5219433;2259453;7.8;3.4
FR;0;2021-03-14;61965;3877;5281398;2263330;7.9;3.4
FR;0;2021-03-15;154916;34206;5436314;2297536;8.1;3.4
FR;0;2021-03-16;139004;41160;5575318;2338696;8.3;3.5
FR;0;2021-03-17;147595;40673;5722913;2379369;8.5;3.5
FR;0;2021-03-18;164573;47255;5887486;2426624;8.8;3.6
FR;0;2021-03-19;225718;40725;6113204;2467349;9.1;3.7
FR;0;2021-03-20;164028;13678;6277232;2481027;9.4;3.7
FR;0;2021-03-21;48676;3341;6325908;2484368;9.4;3.7
FR;0;2021-03-22;166543;36913;6492451;2521281;9.7;3.8
FR;0;2021-03-23;245860;46191;6738311;2567472;10.0;3.8
FR;0;2021-03-24;252370;47632;6990681;2615104;10.4;3.9
FR;0;2021-03-25;336217;49984;7326898;2665088;10.9;4.0
FR;0;2021-03-26;353520;47528;7680418;2712616;11.4;4.0
FR;0;2021-03-27;192353;19658;7872771;2732274;11.7;4.1
FR;0;2021-03-28;58230;4679;7931001;2736953;11.8;4.1
FR;0;2021-03-29;199799;57682;8130800;2794635;12.1;4.2
FR;0;2021-03-30;281010;74924;8411810;2869559;12.5;4.3
FR;0;2021-03-31;258417;78282;8670227;2947841;12.9;4.4
FR;0;2021-04-01;308559;95073;8978786;3042914;13.4;4.5
FR;0;2021-04-02;276754;98318;9255540;3141232;13.8;4.7
FR;0;2021-04-03;138821;64847;9394361;3206079;14.0;4.8
FR;0;2021-04-04;44795;19833;9439156;3225912;14.1;4.8
FR;0;2021-04-05;58669;12612;9497825;3238524;14.2;4.8
FR;0;2021-04-06;212231;112748;9710056;3351272;14.5;5.0
FR;0;2021-04-07;255231;122090;9965287;3473362;14.8;5.2
FR;0;2021-04-08;331327;130621;10296614;3603983;15.3;5.4
FR;0;2021-04-09;402839;126191;10699453;3730174;15.9;5.6
FR;0;2021-04-10;209730;87745;10909183;3817919;16.3;5.7
FR;0;2021-04-11;54869;36234;10964052;3854153;16.3;5.7
FR;0;2021-04-12;232838;121062;11196890;3975215;16.7;5.9
FR;0;2021-04-13;303729;152784;11500619;4127999;17.1;6.2
FR;0;2021-04-14;287806;147751;11788425;4275750;17.6;6.4
FR;0;2021-04-15;329108;157427;12117533;4433177;18.1;6.6
FR;0;2021-04-16;332823;154802;12450356;4587979;18.6;6.8
FR;0;2021-04-17;185324;95138;12635680;4683117;18.8;7.0
FR;0;2021-04-18;50185;37099;12685865;4720216;18.9;7.0
FR;0;2021-04-19;201058;144435;12886923;4864651;19.2;7.2
FR;0;2021-04-20;248383;178510;13135306;5043161;19.6;7.5
FR;0;2021-04-21;245703;176714;13381009;5219875;19.9;7.8
FR;0;2021-04-22;280335;197789;13661344;5417664;20.4;8.1
FR;0;2021-04-23;287628;193638;13948972;5611302;20.8;8.4
FR;0;2021-04-24;186761;119194;14135733;5730496;21.1;8.5
FR;0;2021-04-25;67284;41522;14203017;5772018;21.2;8.6
FR;0;2021-04-26;213515;166150;14416532;5938168;21.5;8.8
FR;0;2021-04-27;278328;206565;14694860;6144733;21.9;9.2
FR;0;2021-04-28;292640;203664;14987500;6348397;22.3;9.5
FR;0;2021-04-29;347810;225508;15335310;6573905;22.8;9.8
FR;0;2021-04-30;363686;218546;15698996;6792451;23.4;10.1
FR;0;2021-05-01;159145;61217;15858141;6853668;23.6;10.2
FR;0;2021-05-02;89197;42193;15947338;6895861;23.8;10.3
FR;0;2021-05-03;279346;186522;16226684;7082383;24.2;10.6
FR;0;2021-05-04;305630;246424;16532314;7328807;24.6;10.9
FR;0;2021-05-05;314088;245540;16846402;7574347;25.1;11.3
FR;0;2021-05-06;367051;268262;17213453;7842609;25.6;11.7
FR;0;2021-05-07;360289;293858;17573742;8136467;26.2;12.1
FR;0;2021-05-08;200303;78345;17774045;8214812;26.5;12.2
FR;0;2021-05-09;127046;54011;17901091;8268823;26.7;12.3
FR;0;2021-05-10;297955;250777;18199046;8519600;27.1;12.7
FR;0;2021-05-11;389914;291858;18588960;8811458;27.7;13.1
FR;0;2021-05-12;410626;263825;18999586;9075283;28.3;13.5
FR;0;2021-05-13;325286;75277;19324872;9150560;28.8;13.6
FR;0;2021-05-14;435815;198210;19760687;9348770;29.4;13.9
FR;0;2021-05-15;359206;116548;20119893;9465318;30.0;14.1
FR;0;2021-05-16;197895;32479;20317788;9497797;30.3;14.2
