fra;clage_vacsi;jour;n_dose1;n_complet;n_cum_dose1;n_cum_complet;couv_dose1;couv_complet
FR;24;2020-12-27;1;0;1;0;0.0;0.0
FR;24;2020-12-28;1;0;2;0;0.0;0.0
FR;24;2020-12-29;0;0;2;0;0.0;0.0
FR;24;2020-12-30;0;0;2;0;0.0;0.0
FR;24;2020-12-31;0;0;2;0;0.0;0.0
FR;24;2021-01-01;1;0;3;0;0.0;0.0
FR;24;2021-01-02;0;0;3;0;0.0;0.0
FR;24;2021-01-03;2;0;5;0;0.0;0.0
FR;24;2021-01-04;4;0;9;0;0.0;0.0
FR;24;2021-01-05;17;0;26;0;0.0;0.0
FR;24;2021-01-06;36;0;62;0;0.0;0.0
FR;24;2021-01-07;179;0;241;0;0.0;0.0
FR;24;2021-01-08;216;0;457;0;0.0;0.0
FR;24;2021-01-09;40;0;497;0;0.0;0.0
FR;24;2021-01-10;35;0;532;0;0.0;0.0
FR;24;2021-01-11;248;1;780;1;0.0;0.0
FR;24;2021-01-12;394;0;1174;1;0.0;0.0
FR;24;2021-01-13;474;1;1648;2;0.0;0.0
FR;24;2021-01-14;607;1;2255;3;0.0;0.0
FR;24;2021-01-15;584;0;2839;3;0.1;0.0
FR;24;2021-01-16;116;5;2955;8;0.1;0.0
FR;24;2021-01-17;94;0;3049;8;0.1;0.0
FR;24;2021-01-18;506;1;3555;9;0.1;0.0
FR;24;2021-01-19;593;1;4148;10;0.1;0.0
FR;24;2021-01-20;648;0;4796;10;0.1;0.0
FR;24;2021-01-21;749;3;5545;13;0.1;0.0
FR;24;2021-01-22;597;4;6142;17;0.1;0.0
FR;24;2021-01-23;116;0;6258;17;0.1;0.0
FR;24;2021-01-24;22;1;6280;18;0.1;0.0
FR;24;2021-01-25;293;4;6573;22;0.1;0.0
FR;24;2021-01-26;359;12;6932;34;0.1;0.0
FR;24;2021-01-27;440;14;7372;48;0.1;0.0
FR;24;2021-01-28;594;55;7966;103;0.1;0.0
FR;24;2021-01-29;466;96;8432;199;0.2;0.0
FR;24;2021-01-30;86;17;8518;216;0.2;0.0
FR;24;2021-01-31;25;13;8543;229;0.2;0.0
FR;24;2021-02-01;155;152;8698;381;0.2;0.0
FR;24;2021-02-02;213;205;8911;586;0.2;0.0
FR;24;2021-02-03;215;228;9126;814;0.2;0.0
FR;24;2021-02-04;357;410;9483;1224;0.2;0.0
FR;24;2021-02-05;343;361;9826;1585;0.2;0.0
FR;24;2021-02-06;82;64;9908;1649;0.2;0.0
FR;24;2021-02-07;169;43;10077;1692;0.2;0.0
FR;24;2021-02-08;388;405;10465;2097;0.2;0.0
FR;24;2021-02-09;740;519;11205;2616;0.2;0.0
FR;24;2021-02-10;1078;681;12283;3297;0.2;0.1
FR;24;2021-02-11;1564;806;13847;4103;0.3;0.1
FR;24;2021-02-12;1604;572;15451;4675;0.3;0.1
FR;24;2021-02-13;289;82;15740;4757;0.3;0.1
FR;24;2021-02-14;58;24;15798;4781;0.3;0.1
FR;24;2021-02-15;1023;370;16821;5151;0.3;0.1
FR;24;2021-02-16;1545;446;18366;5597;0.3;0.1
FR;24;2021-02-17;1477;503;19843;6100;0.4;0.1
FR;24;2021-02-18;1912;665;21755;6765;0.4;0.1
FR;24;2021-02-19;1840;556;23595;7321;0.4;0.1
FR;24;2021-02-20;324;75;23919;7396;0.4;0.1
FR;24;2021-02-21;38;11;23957;7407;0.4;0.1
FR;24;2021-02-22;1145;241;25102;7648;0.5;0.1
FR;24;2021-02-23;1557;336;26659;7984;0.5;0.1
FR;24;2021-02-24;1639;322;28298;8306;0.5;0.2
FR;24;2021-02-25;2241;395;30539;8701;0.6;0.2
FR;24;2021-02-26;2156;335;32695;9036;0.6;0.2
FR;24;2021-02-27;528;85;33223;9121;0.6;0.2
FR;24;2021-02-28;90;13;33313;9134;0.6;0.2
FR;24;2021-03-01;1234;194;34547;9328;0.6;0.2
FR;24;2021-03-02;1634;287;36181;9615;0.7;0.2
FR;24;2021-03-03;1737;308;37918;9923;0.7;0.2
FR;24;2021-03-04;2088;513;40006;10436;0.7;0.2
FR;24;2021-03-05;3253;405;43259;10841;0.8;0.2
FR;24;2021-03-06;1689;87;44948;10928;0.8;0.2
FR;24;2021-03-07;972;17;45920;10945;0.8;0.2
FR;24;2021-03-08;1944;167;47864;11112;0.9;0.2
FR;24;2021-03-09;2588;241;50452;11353;0.9;0.2
FR;24;2021-03-10;2405;299;52857;11652;1.0;0.2
FR;24;2021-03-11;2892;456;55749;12108;1.0;0.2
FR;24;2021-03-12;3800;375;59549;12483;1.1;0.2
FR;24;2021-03-13;1466;72;61015;12555;1.1;0.2
FR;24;2021-03-14;529;23;61544;12578;1.1;0.2
FR;24;2021-03-15;1819;182;63363;12760;1.2;0.2
FR;24;2021-03-16;820;273;64183;13033;1.2;0.2
FR;24;2021-03-17;1066;312;65249;13345;1.2;0.2
FR;24;2021-03-18;1294;401;66543;13746;1.2;0.3
FR;24;2021-03-19;1858;338;68401;14084;1.3;0.3
FR;24;2021-03-20;825;74;69226;14158;1.3;0.3
FR;24;2021-03-21;631;36;69857;14194;1.3;0.3
FR;24;2021-03-22;1495;240;71352;14434;1.3;0.3
FR;24;2021-03-23;1791;365;73143;14799;1.3;0.3
FR;24;2021-03-24;2149;335;75292;15134;1.4;0.3
FR;24;2021-03-25;2553;456;77845;15590;1.4;0.3
FR;24;2021-03-26;3147;451;80992;16041;1.5;0.3
FR;24;2021-03-27;1883;177;82875;16218;1.5;0.3
FR;24;2021-03-28;1008;57;83883;16275;1.5;0.3
FR;24;2021-03-29;2397;322;86280;16597;1.6;0.3
FR;24;2021-03-30;3536;478;89816;17075;1.7;0.3
FR;24;2021-03-31;4038;477;93854;17552;1.7;0.3
FR;24;2021-04-01;5330;692;99184;18244;1.8;0.3
FR;24;2021-04-02;4393;607;103577;18851;1.9;0.3
FR;24;2021-04-03;1724;324;105301;19175;1.9;0.4
FR;24;2021-04-04;954;118;106255;19293;2.0;0.4
FR;24;2021-04-05;1088;127;107343;19420;2.0;0.4
FR;24;2021-04-06;3504;596;110847;20016;2.0;0.4
FR;24;2021-04-07;4718;750;115565;20766;2.1;0.4
FR;24;2021-04-08;6248;1073;121813;21839;2.2;0.4
FR;24;2021-04-09;5663;986;127476;22825;2.4;0.4
FR;24;2021-04-10;2609;531;130085;23356;2.4;0.4
FR;24;2021-04-11;1239;292;131324;23648;2.4;0.4
FR;24;2021-04-12;3357;902;134681;24550;2.5;0.5
FR;24;2021-04-13;4656;1085;139337;25635;2.6;0.5
FR;24;2021-04-14;4779;1299;144116;26934;2.7;0.5
FR;24;2021-04-15;5032;1569;149148;28503;2.7;0.5
FR;24;2021-04-16;4679;1689;153827;30192;2.8;0.6
FR;24;2021-04-17;2086;812;155913;31004;2.9;0.6
FR;24;2021-04-18;713;489;156626;31493;2.9;0.6
FR;24;2021-04-19;2870;1551;159496;33044;2.9;0.6
FR;24;2021-04-20;3051;2245;162547;35289;3.0;0.7
FR;24;2021-04-21;3324;2603;165871;37892;3.1;0.7
FR;24;2021-04-22;3956;3337;169827;41229;3.1;0.8
FR;24;2021-04-23;4082;3436;173909;44665;3.2;0.8
FR;24;2021-04-24;2357;1658;176266;46323;3.2;0.9
FR;24;2021-04-25;1203;862;177469;47185;3.3;0.9
FR;24;2021-04-26;2993;2445;180462;49630;3.3;0.9
FR;24;2021-04-27;3828;3291;184290;52921;3.4;1.0
FR;24;2021-04-28;4179;3691;188469;56612;3.5;1.0
FR;24;2021-04-29;5190;4322;193659;60934;3.6;1.1
FR;24;2021-04-30;5866;4456;199525;65390;3.7;1.2
FR;24;2021-05-01;3617;1026;203142;66416;3.7;1.2
FR;24;2021-05-02;2675;856;205817;67272;3.8;1.2
FR;24;2021-05-03;6005;2918;211822;70190;3.9;1.3
FR;24;2021-05-04;7196;4390;219018;74580;4.0;1.4
FR;24;2021-05-05;8306;4628;227324;79208;4.2;1.5
FR;24;2021-05-06;10256;6271;237580;85479;4.4;1.6
FR;29;2020-12-27;0;0;0;0;0.0;0.0
FR;29;2020-12-28;1;0;1;0;0.0;0.0
FR;29;2020-12-29;0;0;1;0;0.0;0.0
FR;29;2020-12-30;0;0;1;0;0.0;0.0
FR;29;2020-12-31;0;0;1;0;0.0;0.0
FR;29;2021-01-01;2;0;3;0;0.0;0.0
FR;29;2021-01-02;2;0;5;0;0.0;0.0
FR;29;2021-01-03;2;0;7;0;0.0;0.0
FR;29;2021-01-04;10;0;17;0;0.0;0.0
FR;29;2021-01-05;42;0;59;0;0.0;0.0
FR;29;2021-01-06;142;0;201;0;0.0;0.0
FR;29;2021-01-07;305;0;506;0;0.0;0.0
FR;29;2021-01-08;514;0;1020;0;0.0;0.0
FR;29;2021-01-09;113;0;1133;0;0.0;0.0
FR;29;2021-01-10;91;0;1224;0;0.0;0.0
FR;29;2021-01-11;640;1;1864;1;0.1;0.0
FR;29;2021-01-12;922;3;2786;4;0.1;0.0
FR;29;2021-01-13;1202;1;3988;5;0.1;0.0
FR;29;2021-01-14;1550;3;5538;8;0.1;0.0
FR;29;2021-01-15;1298;1;6836;9;0.2;0.0
FR;29;2021-01-16;192;9;7028;18;0.2;0.0
FR;29;2021-01-17;158;0;7186;18;0.2;0.0
FR;29;2021-01-18;1039;2;8225;20;0.2;0.0
FR;29;2021-01-19;1141;5;9366;25;0.3;0.0
FR;29;2021-01-20;1189;2;10555;27;0.3;0.0
FR;29;2021-01-21;1445;4;12000;31;0.3;0.0
FR;29;2021-01-22;1139;3;13139;34;0.4;0.0
FR;29;2021-01-23;166;0;13305;34;0.4;0.0
FR;29;2021-01-24;51;1;13356;35;0.4;0.0
FR;29;2021-01-25;531;12;13887;47;0.4;0.0
FR;29;2021-01-26;655;34;14542;81;0.4;0.0
FR;29;2021-01-27;716;72;15258;153;0.4;0.0
FR;29;2021-01-28;1029;140;16287;293;0.4;0.0
FR;29;2021-01-29;799;178;17086;471;0.5;0.0
FR;29;2021-01-30;140;39;17226;510;0.5;0.0
FR;29;2021-01-31;33;33;17259;543;0.5;0.0
FR;29;2021-02-01;260;321;17519;864;0.5;0.0
FR;29;2021-02-02;402;446;17921;1310;0.5;0.0
FR;29;2021-02-03;452;534;18373;1844;0.5;0.0
FR;29;2021-02-04;604;821;18977;2665;0.5;0.1
FR;29;2021-02-05;528;813;19505;3478;0.5;0.1
FR;29;2021-02-06;140;116;19645;3594;0.5;0.1
FR;29;2021-02-07;304;76;19949;3670;0.5;0.1
FR;29;2021-02-08;599;891;20548;4561;0.6;0.1
FR;29;2021-02-09;1241;1173;21789;5734;0.6;0.2
FR;29;2021-02-10;1702;1351;23491;7085;0.6;0.2
FR;29;2021-02-11;2441;1624;25932;8709;0.7;0.2
FR;29;2021-02-12;2197;1264;28129;9973;0.8;0.3
FR;29;2021-02-13;421;130;28550;10103;0.8;0.3
FR;29;2021-02-14;129;60;28679;10163;0.8;0.3
FR;29;2021-02-15;1547;806;30226;10969;0.8;0.3
FR;29;2021-02-16;1901;926;32127;11895;0.9;0.3
FR;29;2021-02-17;1870;972;33997;12867;0.9;0.3
FR;29;2021-02-18;2365;1214;36362;14081;1.0;0.4
FR;29;2021-02-19;2307;932;38669;15013;1.0;0.4
FR;29;2021-02-20;379;99;39048;15112;1.1;0.4
FR;29;2021-02-21;86;25;39134;15137;1.1;0.4
FR;29;2021-02-22;1339;465;40473;15602;1.1;0.4
FR;29;2021-02-23;1743;627;42216;16229;1.1;0.4
FR;29;2021-02-24;1772;515;43988;16744;1.2;0.5
FR;29;2021-02-25;2366;779;46354;17523;1.2;0.5
FR;29;2021-02-26;2547;591;48901;18114;1.3;0.5
FR;29;2021-02-27;601;97;49502;18211;1.3;0.5
FR;29;2021-02-28;111;28;49613;18239;1.3;0.5
FR;29;2021-03-01;1265;311;50878;18550;1.4;0.5
FR;29;2021-03-02;1773;542;52651;19092;1.4;0.5
FR;29;2021-03-03;1964;510;54615;19602;1.5;0.5
FR;29;2021-03-04;2430;766;57045;20368;1.5;0.5
FR;29;2021-03-05;3579;599;60624;20967;1.6;0.6
FR;29;2021-03-06;1610;100;62234;21067;1.7;0.6
FR;29;2021-03-07;818;36;63052;21103;1.7;0.6
FR;29;2021-03-08;1927;289;64979;21392;1.7;0.6
FR;29;2021-03-09;2624;357;67603;21749;1.8;0.6
FR;29;2021-03-10;2524;446;70127;22195;1.9;0.6
FR;29;2021-03-11;3302;723;73429;22918;2.0;0.6
FR;29;2021-03-12;3934;636;77363;23554;2.1;0.6
FR;29;2021-03-13;1612;92;78975;23646;2.1;0.6
FR;29;2021-03-14;560;30;79535;23676;2.1;0.6
FR;29;2021-03-15;1871;265;81406;23941;2.2;0.6
FR;29;2021-03-16;1110;451;82516;24392;2.2;0.7
FR;29;2021-03-17;1369;491;83885;24883;2.3;0.7
FR;29;2021-03-18;1638;595;85523;25478;2.3;0.7
FR;29;2021-03-19;2215;480;87738;25958;2.4;0.7
FR;29;2021-03-20;987;106;88725;26064;2.4;0.7
FR;29;2021-03-21;724;33;89449;26097;2.4;0.7
FR;29;2021-03-22;1651;335;91100;26432;2.5;0.7
FR;29;2021-03-23;2199;543;93299;26975;2.5;0.7
FR;29;2021-03-24;2519;501;95818;27476;2.6;0.7
FR;29;2021-03-25;3364;630;99182;28106;2.7;0.8
FR;29;2021-03-26;3704;608;102886;28714;2.8;0.8
FR;29;2021-03-27;2140;218;105026;28932;2.8;0.8
FR;29;2021-03-28;962;52;105988;28984;2.9;0.8
FR;29;2021-03-29;2709;460;108697;29444;2.9;0.8
FR;29;2021-03-30;3921;653;112618;30097;3.0;0.8
FR;29;2021-03-31;4404;723;117022;30820;3.1;0.8
FR;29;2021-04-01;5785;947;122807;31767;3.3;0.9
FR;29;2021-04-02;4850;856;127657;32623;3.4;0.9
FR;29;2021-04-03;1746;300;129403;32923;3.5;0.9
FR;29;2021-04-04;896;110;130299;33033;3.5;0.9
FR;29;2021-04-05;914;101;131213;33134;3.5;0.9
FR;29;2021-04-06;3452;772;134665;33906;3.6;0.9
FR;29;2021-04-07;4481;1026;139146;34932;3.7;0.9
FR;29;2021-04-08;6172;1394;145318;36326;3.9;1.0
FR;29;2021-04-09;6184;1236;151502;37562;4.1;1.0
FR;29;2021-04-10;2627;581;154129;38143;4.1;1.0
FR;29;2021-04-11;1154;316;155283;38459;4.2;1.0
FR;29;2021-04-12;3519;980;158802;39439;4.3;1.1
FR;29;2021-04-13;4752;1410;163554;40849;4.4;1.1
FR;29;2021-04-14;4640;1501;168194;42350;4.5;1.1
FR;29;2021-04-15;5437;1842;173631;44192;4.7;1.2
FR;29;2021-04-16;4655;1874;178286;46066;4.8;1.2
FR;29;2021-04-17;2197;918;180483;46984;4.9;1.3
FR;29;2021-04-18;757;537;181240;47521;4.9;1.3
FR;29;2021-04-19;2798;1795;184038;49316;5.0;1.3
FR;29;2021-04-20;3423;2584;187461;51900;5.0;1.4
FR;29;2021-04-21;3348;2957;190809;54857;5.1;1.5
FR;29;2021-04-22;4365;4097;195174;58954;5.3;1.6
FR;29;2021-04-23;4470;3897;199644;62851;5.4;1.7
FR;29;2021-04-24;2660;1804;202304;64655;5.4;1.7
FR;29;2021-04-25;1164;746;203468;65401;5.5;1.8
FR;29;2021-04-26;2873;2736;206341;68137;5.6;1.8
FR;29;2021-04-27;3920;3737;210261;71874;5.7;1.9
FR;29;2021-04-28;4456;3964;214717;75838;5.8;2.0
FR;29;2021-04-29;5578;4864;220295;80702;5.9;2.2
FR;29;2021-04-30;6124;5007;226419;85709;6.1;2.3
FR;29;2021-05-01;3892;1137;230311;86846;6.2;2.3
FR;29;2021-05-02;2550;868;232861;87714;6.3;2.4
FR;29;2021-05-03;6557;2986;239418;90700;6.4;2.4
FR;29;2021-05-04;7830;4760;247248;95460;6.7;2.6
FR;29;2021-05-05;9209;4823;256457;100283;6.9;2.7
FR;29;2021-05-06;10675;6419;267132;106702;7.2;2.9
FR;39;2020-12-27;0;0;0;0;0.0;0.0
FR;39;2020-12-28;0;0;0;0;0.0;0.0
FR;39;2020-12-29;1;0;1;0;0.0;0.0
FR;39;2020-12-30;3;0;4;0;0.0;0.0
FR;39;2020-12-31;1;0;5;0;0.0;0.0
FR;39;2021-01-01;4;0;9;0;0.0;0.0
FR;39;2021-01-02;1;0;10;0;0.0;0.0
FR;39;2021-01-03;2;0;12;0;0.0;0.0
FR;39;2021-01-04;23;0;35;0;0.0;0.0
FR;39;2021-01-05;139;0;174;0;0.0;0.0
FR;39;2021-01-06;384;0;558;0;0.0;0.0
FR;39;2021-01-07;1171;4;1729;4;0.0;0.0
FR;39;2021-01-08;1774;2;3503;6;0.0;0.0
FR;39;2021-01-09;472;0;3975;6;0.0;0.0
FR;39;2021-01-10;307;0;4282;6;0.1;0.0
FR;39;2021-01-11;2193;3;6475;9;0.1;0.0
FR;39;2021-01-12;3378;4;9853;13;0.1;0.0
FR;39;2021-01-13;3464;4;13317;17;0.2;0.0
FR;39;2021-01-14;4749;5;18066;22;0.2;0.0
FR;39;2021-01-15;4351;2;22417;24;0.3;0.0
FR;39;2021-01-16;768;54;23185;78;0.3;0.0
FR;39;2021-01-17;487;2;23672;80;0.3;0.0
FR;39;2021-01-18;3060;13;26732;93;0.3;0.0
FR;39;2021-01-19;3976;14;30708;107;0.4;0.0
FR;39;2021-01-20;3877;7;34585;114;0.4;0.0
FR;39;2021-01-21;5102;15;39687;129;0.5;0.0
FR;39;2021-01-22;3919;15;43606;144;0.5;0.0
FR;39;2021-01-23;589;3;44195;147;0.5;0.0
FR;39;2021-01-24;181;0;44376;147;0.5;0.0
FR;39;2021-01-25;1579;43;45955;190;0.6;0.0
FR;39;2021-01-26;2146;101;48101;291;0.6;0.0
FR;39;2021-01-27;2274;233;50375;524;0.6;0.0
FR;39;2021-01-28;3462;543;53837;1067;0.6;0.0
FR;39;2021-01-29;2664;774;56501;1841;0.7;0.0
FR;39;2021-01-30;393;221;56894;2062;0.7;0.0
FR;39;2021-01-31;89;84;56983;2146;0.7;0.0
FR;39;2021-02-01;745;1178;57728;3324;0.7;0.0
FR;39;2021-02-02;1321;1891;59049;5215;0.7;0.1
FR;39;2021-02-03;1348;1838;60397;7053;0.7;0.1
FR;39;2021-02-04;1961;2953;62358;10006;0.8;0.1
FR;39;2021-02-05;1627;3018;63985;13024;0.8;0.2
FR;39;2021-02-06;393;454;64378;13478;0.8;0.2
FR;39;2021-02-07;553;260;64931;13738;0.8;0.2
FR;39;2021-02-08;1503;2585;66434;16323;0.8;0.2
FR;39;2021-02-09;3156;3826;69590;20149;0.8;0.2
FR;39;2021-02-10;3853;4021;73443;24170;0.9;0.3
FR;39;2021-02-11;6118;5571;79561;29741;1.0;0.4
FR;39;2021-02-12;5757;4199;85318;33940;1.0;0.4
FR;39;2021-02-13;1226;503;86544;34443;1.0;0.4
FR;39;2021-02-14;381;219;86925;34662;1.0;0.4
FR;39;2021-02-15;3363;2343;90288;37005;1.1;0.4
FR;39;2021-02-16;4391;2848;94679;39853;1.1;0.5
FR;39;2021-02-17;3961;2925;98640;42778;1.2;0.5
FR;39;2021-02-18;5916;4134;104556;46912;1.3;0.6
FR;39;2021-02-19;5772;3083;110328;49995;1.3;0.6
FR;39;2021-02-20;1126;410;111454;50405;1.3;0.6
FR;39;2021-02-21;183;78;111637;50483;1.3;0.6
FR;39;2021-02-22;2951;1451;114588;51934;1.4;0.6
FR;39;2021-02-23;3852;1791;118440;53725;1.4;0.6
FR;39;2021-02-24;3680;1664;122120;55389;1.5;0.7
FR;39;2021-02-25;5520;2269;127640;57658;1.5;0.7
FR;39;2021-02-26;6034;1754;133674;59412;1.6;0.7
FR;39;2021-02-27;1646;276;135320;59688;1.6;0.7
FR;39;2021-02-28;239;76;135559;59764;1.6;0.7
FR;39;2021-03-01;2895;889;138454;60653;1.7;0.7
FR;39;2021-03-02;4178;1573;142632;62226;1.7;0.8
FR;39;2021-03-03;4194;1391;146826;63617;1.8;0.8
FR;39;2021-03-04;6197;2470;153023;66087;1.8;0.8
FR;39;2021-03-05;9053;1914;162076;68001;2.0;0.8
FR;39;2021-03-06;4870;294;166946;68295;2.0;0.8
FR;39;2021-03-07;2629;74;169575;68369;2.0;0.8
FR;39;2021-03-08;4646;821;174221;69190;2.1;0.8
FR;39;2021-03-09;6808;1274;181029;70464;2.2;0.8
FR;39;2021-03-10;6014;1400;187043;71864;2.3;0.9
FR;39;2021-03-11;8587;2295;195630;74159;2.4;0.9
FR;39;2021-03-12;11346;1901;206976;76060;2.5;0.9
FR;39;2021-03-13;5192;326;212168;76386;2.6;0.9
FR;39;2021-03-14;1738;63;213906;76449;2.6;0.9
FR;39;2021-03-15;4739;821;218645;77270;2.6;0.9
FR;39;2021-03-16;3343;1261;221988;78531;2.7;0.9
FR;39;2021-03-17;3427;1337;225415;79868;2.7;1.0
FR;39;2021-03-18;4626;1877;230041;81745;2.8;1.0
FR;39;2021-03-19;6218;1419;236259;83164;2.8;1.0
FR;39;2021-03-20;3163;302;239422;83466;2.9;1.0
FR;39;2021-03-21;2068;91;241490;83557;2.9;1.0
FR;39;2021-03-22;4425;932;245915;84489;3.0;1.0
FR;39;2021-03-23;6138;1480;252053;85969;3.0;1.0
FR;39;2021-03-24;6284;1235;258337;87204;3.1;1.1
FR;39;2021-03-25;9013;1633;267350;88837;3.2;1.1
FR;39;2021-03-26;10590;1500;277940;90337;3.4;1.1
FR;39;2021-03-27;5976;583;283916;90920;3.4;1.1
FR;39;2021-03-28;2730;163;286646;91083;3.5;1.1
FR;39;2021-03-29;7070;1093;293716;92176;3.5;1.1
FR;39;2021-03-30;10409;1716;304125;93892;3.7;1.1
FR;39;2021-03-31;10983;1692;315108;95584;3.8;1.2
FR;39;2021-04-01;14832;2549;329940;98133;4.0;1.2
FR;39;2021-04-02;13141;2392;343081;100525;4.1;1.2
FR;39;2021-04-03;5568;993;348649;101518;4.2;1.2
FR;39;2021-04-04;2515;330;351164;101848;4.2;1.2
FR;39;2021-04-05;2524;287;353688;102135;4.3;1.2
FR;39;2021-04-06;9176;2363;362864;104498;4.4;1.3
FR;39;2021-04-07;12060;2625;374924;107123;4.5;1.3
FR;39;2021-04-08;16631;3621;391555;110744;4.7;1.3
FR;39;2021-04-09;16608;3446;408163;114190;4.9;1.4
FR;39;2021-04-10;7368;1871;415531;116061;5.0;1.4
FR;39;2021-04-11;2964;922;418495;116983;5.0;1.4
FR;39;2021-04-12;9469;2677;427964;119660;5.2;1.4
FR;39;2021-04-13;12708;3825;440672;123485;5.3;1.5
FR;39;2021-04-14;12599;3846;453271;127331;5.5;1.5
FR;39;2021-04-15;14395;4867;467666;132198;5.6;1.6
FR;39;2021-04-16;12487;5352;480153;137550;5.8;1.7
FR;39;2021-04-17;6024;2732;486177;140282;5.9;1.7
FR;39;2021-04-18;2229;1583;488406;141865;5.9;1.7
FR;39;2021-04-19;7764;4707;496170;146572;6.0;1.8
FR;39;2021-04-20;9252;6907;505422;153479;6.1;1.9
FR;39;2021-04-21;9992;7509;515414;160988;6.2;1.9
FR;39;2021-04-22;11676;10807;527090;171795;6.4;2.1
FR;39;2021-04-23;11954;10759;539044;182554;6.5;2.2
FR;39;2021-04-24;7733;5024;546777;187578;6.6;2.3
FR;39;2021-04-25;3410;2170;550187;189748;6.6;2.3
FR;39;2021-04-26;8350;7422;558537;197170;6.7;2.4
FR;39;2021-04-27;11661;9687;570198;206857;6.9;2.5
FR;39;2021-04-28;12810;9885;583008;216742;7.0;2.6
FR;39;2021-04-29;16449;12741;599457;229483;7.2;2.8
FR;39;2021-04-30;18945;12994;618402;242477;7.5;2.9
FR;39;2021-05-01;12736;3379;631138;245856;7.6;3.0
FR;39;2021-05-02;9183;2392;640321;248248;7.7;3.0
FR;39;2021-05-03;21660;8609;661981;256857;8.0;3.1
FR;39;2021-05-04;26140;13146;688121;270003;8.3;3.3
FR;39;2021-05-05;29868;13432;717989;283435;8.7;3.4
FR;39;2021-05-06;35688;17474;753677;300909;9.1;3.6
FR;49;2020-12-27;1;0;1;0;0.0;0.0
FR;49;2020-12-28;1;0;2;0;0.0;0.0
FR;49;2020-12-29;1;0;3;0;0.0;0.0
FR;49;2020-12-30;6;0;9;0;0.0;0.0
FR;49;2020-12-31;1;0;10;0;0.0;0.0
FR;49;2021-01-01;3;0;13;0;0.0;0.0
FR;49;2021-01-02;9;0;22;0;0.0;0.0
FR;49;2021-01-03;4;0;26;0;0.0;0.0
FR;49;2021-01-04;85;0;111;0;0.0;0.0
FR;49;2021-01-05;333;1;444;1;0.0;0.0
FR;49;2021-01-06;853;1;1297;2;0.0;0.0
FR;49;2021-01-07;2152;2;3449;4;0.0;0.0
FR;49;2021-01-08;3335;4;6784;8;0.1;0.0
FR;49;2021-01-09;998;0;7782;8;0.1;0.0
FR;49;2021-01-10;473;0;8255;8;0.1;0.0
FR;49;2021-01-11;4143;4;12398;12;0.1;0.0
FR;49;2021-01-12;5823;5;18221;17;0.2;0.0
FR;49;2021-01-13;6120;1;24341;18;0.3;0.0
FR;49;2021-01-14;8302;7;32643;25;0.4;0.0
FR;49;2021-01-15;7561;6;40204;31;0.5;0.0
FR;49;2021-01-16;1415;74;41619;105;0.5;0.0
FR;49;2021-01-17;619;3;42238;108;0.5;0.0
FR;49;2021-01-18;5047;12;47285;120;0.6;0.0
FR;49;2021-01-19;6770;8;54055;128;0.6;0.0
FR;49;2021-01-20;6584;11;60639;139;0.7;0.0
FR;49;2021-01-21;8333;16;68972;155;0.8;0.0
FR;49;2021-01-22;6219;24;75191;179;0.9;0.0
FR;49;2021-01-23;1008;9;76199;188;0.9;0.0
FR;49;2021-01-24;280;3;76479;191;0.9;0.0
FR;49;2021-01-25;2590;105;79069;296;0.9;0.0
FR;49;2021-01-26;3693;240;82762;536;1.0;0.0
FR;49;2021-01-27;3965;445;86727;981;1.0;0.0
FR;49;2021-01-28;5509;1114;92236;2095;1.1;0.0
FR;49;2021-01-29;4382;1724;96618;3819;1.1;0.0
FR;49;2021-01-30;689;394;97307;4213;1.1;0.0
FR;49;2021-01-31;137;143;97444;4356;1.1;0.1
FR;49;2021-02-01;1359;2353;98803;6709;1.1;0.1
FR;49;2021-02-02;2258;3665;101061;10374;1.2;0.1
FR;49;2021-02-03;2285;3675;103346;14049;1.2;0.2
FR;49;2021-02-04;3324;5470;106670;19519;1.2;0.2
FR;49;2021-02-05;2760;5474;109430;24993;1.3;0.3
FR;49;2021-02-06;563;905;109993;25898;1.3;0.3
FR;49;2021-02-07;520;366;110513;26264;1.3;0.3
FR;49;2021-02-08;1927;4385;112440;30649;1.3;0.4
FR;49;2021-02-09;4320;6421;116760;37070;1.4;0.4
FR;49;2021-02-10;5461;6795;122221;43865;1.4;0.5
FR;49;2021-02-11;7933;8953;130154;52818;1.5;0.6
FR;49;2021-02-12;7248;6735;137402;59553;1.6;0.7
FR;49;2021-02-13;1681;915;139083;60468;1.6;0.7
FR;49;2021-02-14;401;351;139484;60819;1.6;0.7
FR;49;2021-02-15;4077;3717;143561;64536;1.7;0.8
FR;49;2021-02-16;5347;4786;148908;69322;1.7;0.8
FR;49;2021-02-17;5104;4868;154012;74190;1.8;0.9
FR;49;2021-02-18;7388;6434;161400;80624;1.9;0.9
FR;49;2021-02-19;6990;4989;168390;85613;2.0;1.0
FR;49;2021-02-20;1470;667;169860;86280;2.0;1.0
FR;49;2021-02-21;275;149;170135;86429;2.0;1.0
FR;49;2021-02-22;3495;2298;173630;88727;2.0;1.0
FR;49;2021-02-23;4793;2990;178423;91717;2.1;1.1
FR;49;2021-02-24;4852;2853;183275;94570;2.1;1.1
FR;49;2021-02-25;7480;3883;190755;98453;2.2;1.1
FR;49;2021-02-26;8190;2940;198945;101393;2.3;1.2
FR;49;2021-02-27;2659;520;201604;101913;2.3;1.2
FR;49;2021-02-28;328;95;201932;102008;2.3;1.2
FR;49;2021-03-01;3746;1440;205678;103448;2.4;1.2
FR;49;2021-03-02;5700;2412;211378;105860;2.5;1.2
FR;49;2021-03-03;5940;2435;217318;108295;2.5;1.3
FR;49;2021-03-04;8788;3643;226106;111938;2.6;1.3
FR;49;2021-03-05;12407;2955;238513;114893;2.8;1.3
FR;49;2021-03-06;8473;457;246986;115350;2.9;1.3
FR;49;2021-03-07;4659;117;251645;115467;2.9;1.3
FR;49;2021-03-08;6329;1244;257974;116711;3.0;1.4
FR;49;2021-03-09;9415;1855;267389;118566;3.1;1.4
FR;49;2021-03-10;8837;2055;276226;120621;3.2;1.4
FR;49;2021-03-11;12633;3101;288859;123722;3.4;1.4
FR;49;2021-03-12;16302;2584;305161;126306;3.6;1.5
FR;49;2021-03-13;9474;476;314635;126782;3.7;1.5
FR;49;2021-03-14;3123;128;317758;126910;3.7;1.5
FR;49;2021-03-15;6811;1140;324569;128050;3.8;1.5
FR;49;2021-03-16;4597;1857;329166;129907;3.8;1.5
FR;49;2021-03-17;5144;1752;334310;131659;3.9;1.5
FR;49;2021-03-18;6508;2557;340818;134216;4.0;1.6
FR;49;2021-03-19;9424;1931;350242;136147;4.1;1.6
FR;49;2021-03-20;5852;492;356094;136639;4.1;1.6
FR;49;2021-03-21;3139;117;359233;136756;4.2;1.6
FR;49;2021-03-22;6257;1230;365490;137986;4.3;1.6
FR;49;2021-03-23;8547;1929;374037;139915;4.4;1.6
FR;49;2021-03-24;9459;1773;383496;141688;4.5;1.6
FR;49;2021-03-25;12271;2248;395767;143936;4.6;1.7
FR;49;2021-03-26;14631;2049;410398;145985;4.8;1.7
FR;49;2021-03-27;9325;749;419723;146734;4.9;1.7
FR;49;2021-03-28;3845;252;423568;146986;4.9;1.7
FR;49;2021-03-29;9754;1580;433322;148566;5.0;1.7
FR;49;2021-03-30;14158;2469;447480;151035;5.2;1.8
FR;49;2021-03-31;15369;2536;462849;153571;5.4;1.8
FR;49;2021-04-01;19573;3632;482422;157203;5.6;1.8
FR;49;2021-04-02;17312;3314;499734;160517;5.8;1.9
FR;49;2021-04-03;9273;1787;509007;162304;5.9;1.9
FR;49;2021-04-04;4104;601;513111;162905;6.0;1.9
FR;49;2021-04-05;4188;449;517299;163354;6.0;1.9
FR;49;2021-04-06;13084;3546;530383;166900;6.2;1.9
FR;49;2021-04-07;17480;4008;547863;170908;6.4;2.0
FR;49;2021-04-08;22141;5065;570004;175973;6.6;2.0
FR;49;2021-04-09;23141;5182;593145;181155;6.9;2.1
FR;49;2021-04-10;12336;3242;605481;184397;7.0;2.1
FR;49;2021-04-11;4435;1579;609916;185976;7.1;2.2
FR;49;2021-04-12;13968;3607;623884;189583;7.3;2.2
FR;49;2021-04-13;18390;5416;642274;194999;7.5;2.3
FR;49;2021-04-14;19067;5951;661341;200950;7.7;2.3
FR;49;2021-04-15;19856;6989;681197;207939;7.9;2.4
FR;49;2021-04-16;17093;7429;698290;215368;8.1;2.5
FR;49;2021-04-17;9736;4638;708026;220006;8.2;2.6
FR;49;2021-04-18;3321;2260;711347;222266;8.3;2.6
FR;49;2021-04-19;11775;6299;723122;228565;8.4;2.7
FR;49;2021-04-20;13881;9172;737003;237737;8.6;2.8
FR;49;2021-04-21;15459;10484;752462;248221;8.8;2.9
FR;49;2021-04-22;17217;13611;769679;261832;9.0;3.0
FR;49;2021-04-23;17616;14284;787295;276116;9.2;3.2
FR;49;2021-04-24;12458;7734;799753;283850;9.3;3.3
FR;49;2021-04-25;5259;3094;805012;286944;9.4;3.3
FR;49;2021-04-26;13154;10357;818166;297301;9.5;3.5
FR;49;2021-04-27;18292;13144;836458;310445;9.7;3.6
FR;49;2021-04-28;21872;14281;858330;324726;10.0;3.8
FR;49;2021-04-29;26232;16996;884562;341722;10.3;4.0
FR;49;2021-04-30;30433;17567;914995;359289;10.6;4.2
FR;49;2021-05-01;23006;5439;938001;364728;10.9;4.2
FR;49;2021-05-02;16311;3746;954312;368474;11.1;4.3
FR;49;2021-05-03;38191;12579;992503;381053;11.6;4.4
FR;49;2021-05-04;45191;19317;1037694;400370;12.1;4.7
FR;49;2021-05-05;54221;20503;1091915;420873;12.7;4.9
FR;49;2021-05-06;60264;24287;1152179;445160;13.4;5.2
FR;59;2020-12-27;2;0;2;0;0.0;0.0
FR;59;2020-12-28;5;0;7;0;0.0;0.0
FR;59;2020-12-29;2;0;9;0;0.0;0.0
FR;59;2020-12-30;5;0;14;0;0.0;0.0
FR;59;2020-12-31;9;0;23;0;0.0;0.0
FR;59;2021-01-01;19;0;42;0;0.0;0.0
FR;59;2021-01-02;25;0;67;0;0.0;0.0
FR;59;2021-01-03;36;0;103;0;0.0;0.0
FR;59;2021-01-04;591;0;694;0;0.0;0.0
FR;59;2021-01-05;2156;0;2850;0;0.0;0.0
FR;59;2021-01-06;4788;4;7638;4;0.1;0.0
FR;59;2021-01-07;10480;8;18118;12;0.2;0.0
FR;59;2021-01-08;14247;3;32365;15;0.4;0.0
FR;59;2021-01-09;4045;2;36410;17;0.4;0.0
FR;59;2021-01-10;1983;0;38393;17;0.4;0.0
FR;59;2021-01-11;15877;7;54270;24;0.6;0.0
FR;59;2021-01-12;21011;11;75281;35;0.9;0.0
FR;59;2021-01-13;22619;16;97900;51;1.1;0.0
FR;59;2021-01-14;24687;16;122587;67;1.4;0.0
FR;59;2021-01-15;21492;12;144079;79;1.6;0.0
FR;59;2021-01-16;5367;274;149446;353;1.7;0.0
FR;59;2021-01-17;1800;6;151246;359;1.7;0.0
FR;59;2021-01-18;13540;47;164786;406;1.9;0.0
FR;59;2021-01-19;17831;37;182617;443;2.1;0.0
FR;59;2021-01-20;16964;43;199581;486;2.3;0.0
FR;59;2021-01-21;18589;33;218170;519;2.5;0.0
FR;59;2021-01-22;13793;65;231963;584;2.6;0.0
FR;59;2021-01-23;2944;28;234907;612;2.7;0.0
FR;59;2021-01-24;821;35;235728;647;2.7;0.0
FR;59;2021-01-25;6672;697;242400;1344;2.8;0.0
FR;59;2021-01-26;8373;1601;250773;2945;2.9;0.0
FR;59;2021-01-27;8778;2688;259551;5633;3.0;0.1
FR;59;2021-01-28;10403;5780;269954;11413;3.1;0.1
FR;59;2021-01-29;7801;7402;277755;18815;3.2;0.2
FR;59;2021-01-30;1755;1674;279510;20489;3.2;0.2
FR;59;2021-01-31;370;610;279880;21099;3.2;0.2
FR;59;2021-02-01;3139;9924;283019;31023;3.2;0.4
FR;59;2021-02-02;4649;13816;287668;44839;3.3;0.5
FR;59;2021-02-03;4795;14750;292463;59589;3.3;0.7
FR;59;2021-02-04;5845;17774;298308;77363;3.4;0.9
FR;59;2021-02-05;4734;16271;303042;93634;3.4;1.1
FR;59;2021-02-06;1140;3333;304182;96967;3.5;1.1
FR;59;2021-02-07;387;1265;304569;98232;3.5;1.1
FR;59;2021-02-08;2743;13215;307312;111447;3.5;1.3
FR;59;2021-02-09;4886;17715;312198;129162;3.6;1.5
FR;59;2021-02-10;5660;18018;317858;147180;3.6;1.7
FR;59;2021-02-11;7607;21029;325465;168209;3.7;1.9
FR;59;2021-02-12;6700;16310;332165;184519;3.8;2.1
FR;59;2021-02-13;1675;3314;333840;187833;3.8;2.1
FR;59;2021-02-14;359;1001;334199;188834;3.8;2.1
FR;59;2021-02-15;3247;10122;337446;198956;3.8;2.3
FR;59;2021-02-16;4704;12267;342150;211223;3.9;2.4
FR;59;2021-02-17;4931;12632;347081;223855;3.9;2.5
FR;59;2021-02-18;6965;14190;354046;238045;4.0;2.7
FR;59;2021-02-19;6410;10832;360456;248877;4.1;2.8
FR;59;2021-02-20;1397;2006;361853;250883;4.1;2.9
FR;59;2021-02-21;280;479;362133;251362;4.1;2.9
FR;59;2021-02-22;3225;5723;365358;257085;4.2;2.9
FR;59;2021-02-23;4765;6792;370123;263877;4.2;3.0
FR;59;2021-02-24;6786;6283;376909;270160;4.3;3.1
FR;59;2021-02-25;20991;7349;397900;277509;4.5;3.2
FR;59;2021-02-26;28025;5701;425925;283210;4.8;3.2
FR;59;2021-02-27;16938;1369;442863;284579;5.0;3.2
FR;59;2021-02-28;1099;299;443962;284878;5.0;3.2
FR;59;2021-03-01;8672;3089;452634;287967;5.1;3.3
FR;59;2021-03-02;16960;4484;469594;292451;5.3;3.3
FR;59;2021-03-03;20373;4447;489967;296898;5.6;3.4
FR;59;2021-03-04;31799;5806;521766;302704;5.9;3.4
FR;59;2021-03-05;40374;4556;562140;307260;6.4;3.5
FR;59;2021-03-06;35366;1042;597506;308302;6.8;3.5
FR;59;2021-03-07;13881;197;611387;308499;7.0;3.5
FR;59;2021-03-08;12117;2258;623504;310757;7.1;3.5
FR;59;2021-03-09;22576;3315;646080;314072;7.3;3.6
FR;59;2021-03-10;22876;3645;668956;317717;7.6;3.6
FR;59;2021-03-11;33889;4728;702845;322445;8.0;3.7
FR;59;2021-03-12;44965;3818;747810;326263;8.5;3.7
FR;59;2021-03-13;35782;971;783592;327234;8.9;3.7
FR;59;2021-03-14;7141;219;790733;327453;9.0;3.7
FR;59;2021-03-15;14322;1808;805055;329261;9.2;3.7
FR;59;2021-03-16;7843;2537;812898;331798;9.2;3.8
FR;59;2021-03-17;8679;2651;821577;334449;9.3;3.8
FR;59;2021-03-18;10345;3381;831922;337830;9.5;3.8
FR;59;2021-03-19;23268;2892;855190;340722;9.7;3.9
FR;59;2021-03-20;20956;878;876146;341600;10.0;3.9
FR;59;2021-03-21;6254;228;882400;341828;10.0;3.9
FR;59;2021-03-22;15341;2121;897741;343949;10.2;3.9
FR;59;2021-03-23;25207;3008;922948;346957;10.5;3.9
FR;59;2021-03-24;27806;3074;950754;350031;10.8;4.0
FR;59;2021-03-25;37631;3519;988385;353550;11.2;4.0
FR;59;2021-03-26;42506;3407;1030891;356957;11.7;4.1
FR;59;2021-03-27;26694;1496;1057585;358453;12.0;4.1
FR;59;2021-03-28;7502;404;1065087;358857;12.1;4.1
FR;59;2021-03-29;21526;2880;1086613;361737;12.4;4.1
FR;59;2021-03-30;31914;3983;1118527;365720;12.7;4.2
FR;59;2021-03-31;31134;4348;1149661;370068;13.1;4.2
FR;59;2021-04-01;37955;5669;1187616;375737;13.5;4.3
FR;59;2021-04-02;36594;5510;1224210;381247;13.9;4.3
FR;59;2021-04-03;21213;3345;1245423;384592;14.2;4.4
FR;59;2021-04-04;7317;1188;1252740;385780;14.2;4.4
FR;59;2021-04-05;8234;745;1260974;386525;14.3;4.4
FR;59;2021-04-06;25480;5982;1286454;392507;14.6;4.5
FR;59;2021-04-07;33587;6766;1320041;399273;15.0;4.5
FR;59;2021-04-08;44543;8177;1364584;407450;15.5;4.6
FR;59;2021-04-09;60086;8641;1424670;416091;16.2;4.7
FR;59;2021-04-10;36199;6815;1460869;422906;16.6;4.8
FR;59;2021-04-11;9697;3380;1470566;426286;16.7;4.8
FR;59;2021-04-12;34916;6976;1505482;433262;17.1;4.9
FR;59;2021-04-13;49311;9341;1554793;442603;17.7;5.0
FR;59;2021-04-14;49635;10032;1604428;452635;18.2;5.1
FR;59;2021-04-15;58725;11276;1663153;463911;18.9;5.3
FR;59;2021-04-16;62524;12102;1725677;476013;19.6;5.4
FR;59;2021-04-17;41142;9474;1766819;485487;20.1;5.5
FR;59;2021-04-18;12218;4575;1779037;490062;20.2;5.6
FR;59;2021-04-19;32841;10948;1811878;501010;20.6;5.7
FR;59;2021-04-20;44083;14744;1855961;515754;21.1;5.9
FR;59;2021-04-21;46113;16478;1902074;532232;21.6;6.1
FR;59;2021-04-22;55079;19692;1957153;551924;22.3;6.3
FR;59;2021-04-23;64006;20561;2021159;572485;23.0;6.5
FR;59;2021-04-24;47183;15308;2068342;587793;23.5;6.7
FR;59;2021-04-25;16377;5340;2084719;593133;23.7;6.7
FR;59;2021-04-26;40501;17644;2125220;610777;24.2;6.9
FR;59;2021-04-27;55987;22942;2181207;633719;24.8;7.2
FR;59;2021-04-28;63330;25388;2244537;659107;25.5;7.5
FR;59;2021-04-29;76449;30985;2320986;690092;26.4;7.8
FR;59;2021-04-30;90934;35775;2411920;725867;27.4;8.3
FR;59;2021-05-01;42126;10595;2454046;736462;27.9;8.4
FR;59;2021-05-02;23236;7050;2477282;743512;28.2;8.5
FR;59;2021-05-03;61302;22816;2538584;766328;28.9;8.7
FR;59;2021-05-04;69587;33070;2608171;799398;29.7;9.1
FR;59;2021-05-05;75955;35985;2684126;835383;30.5;9.5
FR;59;2021-05-06;87023;43069;2771149;878452;31.5;10.0
FR;64;2020-12-27;1;0;1;0;0.0;0.0
FR;64;2020-12-28;0;0;1;0;0.0;0.0
FR;64;2020-12-29;2;0;3;0;0.0;0.0
FR;64;2020-12-30;5;0;8;0;0.0;0.0
FR;64;2020-12-31;5;0;13;0;0.0;0.0
FR;64;2021-01-01;8;0;21;0;0.0;0.0
FR;64;2021-01-02;11;0;32;0;0.0;0.0
FR;64;2021-01-03;17;0;49;0;0.0;0.0
FR;64;2021-01-04;209;1;258;1;0.0;0.0
FR;64;2021-01-05;889;1;1147;2;0.0;0.0
FR;64;2021-01-06;1683;0;2830;2;0.1;0.0
FR;64;2021-01-07;3646;0;6476;2;0.2;0.0
FR;64;2021-01-08;4841;4;11317;6;0.3;0.0
FR;64;2021-01-09;1946;0;13263;6;0.3;0.0
FR;64;2021-01-10;1022;0;14285;6;0.3;0.0
FR;64;2021-01-11;5245;0;19530;6;0.5;0.0
FR;64;2021-01-12;7086;2;26616;8;0.6;0.0
FR;64;2021-01-13;7413;4;34029;12;0.8;0.0
FR;64;2021-01-14;8534;7;42563;19;1.0;0.0
FR;64;2021-01-15;7065;3;49628;22;1.2;0.0
FR;64;2021-01-16;2197;104;51825;126;1.3;0.0
FR;64;2021-01-17;842;4;52667;130;1.3;0.0
FR;64;2021-01-18;4672;12;57339;142;1.4;0.0
FR;64;2021-01-19;6372;9;63711;151;1.6;0.0
FR;64;2021-01-20;6196;16;69907;167;1.7;0.0
FR;64;2021-01-21;6862;16;76769;183;1.9;0.0
FR;64;2021-01-22;5381;27;82150;210;2.0;0.0
FR;64;2021-01-23;1410;15;83560;225;2.0;0.0
FR;64;2021-01-24;430;23;83990;248;2.0;0.0
FR;64;2021-01-25;2761;223;86751;471;2.1;0.0
FR;64;2021-01-26;3506;581;90257;1052;2.2;0.0
FR;64;2021-01-27;3747;992;94004;2044;2.3;0.0
FR;64;2021-01-28;4546;2051;98550;4095;2.4;0.1
FR;64;2021-01-29;3512;2559;102062;6654;2.5;0.2
FR;64;2021-01-30;837;782;102899;7436;2.5;0.2
FR;64;2021-01-31;172;341;103071;7777;2.5;0.2
FR;64;2021-02-01;1508;3253;104579;11030;2.5;0.3
FR;64;2021-02-02;2136;4616;106715;15646;2.6;0.4
FR;64;2021-02-03;2298;4751;109013;20397;2.7;0.5
FR;64;2021-02-04;2780;6147;111793;26544;2.7;0.6
FR;64;2021-02-05;2169;5504;113962;32048;2.8;0.8
FR;64;2021-02-06;652;1546;114614;33594;2.8;0.8
FR;64;2021-02-07;163;678;114777;34272;2.8;0.8
FR;64;2021-02-08;1480;4620;116257;38892;2.8;0.9
FR;64;2021-02-09;2336;6374;118593;45266;2.9;1.1
FR;64;2021-02-10;2562;6477;121155;51743;3.0;1.3
FR;64;2021-02-11;3444;7347;124599;59090;3.0;1.4
FR;64;2021-02-12;3091;5577;127690;64667;3.1;1.6
FR;64;2021-02-13;829;1401;128519;66068;3.1;1.6
FR;64;2021-02-14;192;523;128711;66591;3.1;1.6
FR;64;2021-02-15;1583;3672;130294;70263;3.2;1.7
FR;64;2021-02-16;2077;4542;132371;74805;3.2;1.8
FR;64;2021-02-17;2203;4845;134574;79650;3.3;1.9
FR;64;2021-02-18;3198;5538;137772;85188;3.4;2.1
FR;64;2021-02-19;2970;4205;140742;89393;3.4;2.2
FR;64;2021-02-20;799;983;141541;90376;3.5;2.2
FR;64;2021-02-21;133;222;141674;90598;3.5;2.2
FR;64;2021-02-22;1476;2421;143150;93019;3.5;2.3
FR;64;2021-02-23;2377;2799;145527;95818;3.5;2.3
FR;64;2021-02-24;3841;2864;149368;98682;3.6;2.4
FR;64;2021-02-25;15897;3308;165265;101990;4.0;2.5
FR;64;2021-02-26;21640;2526;186905;104516;4.6;2.5
FR;64;2021-02-27;12941;707;199846;105223;4.9;2.6
FR;64;2021-02-28;789;141;200635;105364;4.9;2.6
FR;64;2021-03-01;6472;1631;207107;106995;5.0;2.6
FR;64;2021-03-02;13042;2281;220149;109276;5.4;2.7
FR;64;2021-03-03;15767;2194;235916;111470;5.8;2.7
FR;64;2021-03-04;24875;3006;260791;114476;6.4;2.8
FR;64;2021-03-05;30194;2325;290985;116801;7.1;2.8
FR;64;2021-03-06;26377;578;317362;117379;7.7;2.9
FR;64;2021-03-07;9766;132;327128;117511;8.0;2.9
FR;64;2021-03-08;8685;1492;335813;119003;8.2;2.9
FR;64;2021-03-09;16673;1726;352486;120729;8.6;2.9
FR;64;2021-03-10;16889;1960;369375;122689;9.0;3.0
FR;64;2021-03-11;25700;2671;395075;125360;9.6;3.1
FR;64;2021-03-12;33204;2151;428279;127511;10.4;3.1
FR;64;2021-03-13;27074;581;455353;128092;11.1;3.1
FR;64;2021-03-14;5407;120;460760;128212;11.2;3.1
FR;64;2021-03-15;10914;1145;471674;129357;11.5;3.2
FR;64;2021-03-16;5969;1585;477643;130942;11.6;3.2
FR;64;2021-03-17;6078;1508;483721;132450;11.8;3.2
FR;64;2021-03-18;7614;1879;491335;134329;12.0;3.3
FR;64;2021-03-19;18787;1717;510122;136046;12.4;3.3
FR;64;2021-03-20;18444;602;528566;136648;12.9;3.3
FR;64;2021-03-21;4715;127;533281;136775;13.0;3.3
FR;64;2021-03-22;13432;1351;546713;138126;13.3;3.4
FR;64;2021-03-23;23375;1793;570088;139919;13.9;3.4
FR;64;2021-03-24;24971;1910;595059;141829;14.5;3.5
FR;64;2021-03-25;36384;2205;631443;144034;15.4;3.5
FR;64;2021-03-26;39933;2081;671376;146115;16.4;3.6
FR;64;2021-03-27;21159;918;692535;147033;16.9;3.6
FR;64;2021-03-28;5062;254;697597;147287;17.0;3.6
FR;64;2021-03-29;17463;1910;715060;149197;17.4;3.6
FR;64;2021-03-30;27193;2674;742253;151871;18.1;3.7
FR;64;2021-03-31;23971;2823;766224;154694;18.7;3.8
FR;64;2021-04-01;30293;3826;796517;158520;19.4;3.9
FR;64;2021-04-02;29036;3570;825553;162090;20.1;4.0
FR;64;2021-04-03;15922;2329;841475;164419;20.5;4.0
FR;64;2021-04-04;4023;806;845498;165225;20.6;4.0
FR;64;2021-04-05;5096;589;850594;165814;20.7;4.0
FR;64;2021-04-06;19031;4390;869625;170204;21.2;4.1
FR;64;2021-04-07;23405;4619;893030;174823;21.8;4.3
FR;64;2021-04-08;34315;5569;927345;180392;22.6;4.4
FR;64;2021-04-09;53054;5853;980399;186245;23.9;4.5
FR;64;2021-04-10;29668;4875;1010067;191120;24.6;4.7
FR;64;2021-04-11;6248;2521;1016315;193641;24.8;4.7
FR;64;2021-04-12;27792;4969;1044107;198610;25.5;4.8
FR;64;2021-04-13;42200;6963;1086307;205573;26.5;5.0
FR;64;2021-04-14;40445;7027;1126752;212600;27.5;5.2
FR;64;2021-04-15;51453;8155;1178205;220755;28.7;5.4
FR;64;2021-04-16;63726;8766;1241931;229521;30.3;5.6
FR;64;2021-04-17;38228;6922;1280159;236443;31.2;5.8
FR;64;2021-04-18;10862;3291;1291021;239734;31.5;5.8
FR;64;2021-04-19;41626;8418;1332647;248152;32.5;6.0
FR;64;2021-04-20;52223;10410;1384870;258562;33.8;6.3
FR;64;2021-04-21;51933;10800;1436803;269362;35.0;6.6
FR;64;2021-04-22;56900;12700;1493703;282062;36.4;6.9
FR;64;2021-04-23;60278;12495;1553981;294557;37.9;7.2
FR;64;2021-04-24;43121;8933;1597102;303490;38.9;7.4
FR;64;2021-04-25;16060;3251;1613162;306741;39.3;7.5
FR;64;2021-04-26;49085;11481;1662247;318222;40.5;7.8
FR;64;2021-04-27;62554;15187;1724801;333409;42.0;8.1
FR;64;2021-04-28;63415;15693;1788216;349102;43.6;8.5
FR;64;2021-04-29;72847;20081;1861063;369183;45.4;9.0
FR;64;2021-04-30;74512;21545;1935575;390728;47.2;9.5
FR;64;2021-05-01;28963;6503;1964538;397231;47.9;9.7
FR;64;2021-05-02;14354;3846;1978892;401077;48.2;9.8
FR;64;2021-05-03;51653;14193;2030545;415270;49.5;10.1
FR;64;2021-05-04;52493;21049;2083038;436319;50.8;10.6
FR;64;2021-05-05;48707;22108;2131745;458427;52.0;11.2
FR;64;2021-05-06;55776;28554;2187521;486981;53.3;11.9
FR;69;2020-12-27;2;0;2;0;0.0;0.0
FR;69;2020-12-28;1;0;3;0;0.0;0.0
FR;69;2020-12-29;3;0;6;0;0.0;0.0
FR;69;2020-12-30;7;0;13;0;0.0;0.0
FR;69;2020-12-31;5;0;18;0;0.0;0.0
FR;69;2021-01-01;6;0;24;0;0.0;0.0
FR;69;2021-01-02;10;0;34;0;0.0;0.0
FR;69;2021-01-03;8;0;42;0;0.0;0.0
FR;69;2021-01-04;114;0;156;0;0.0;0.0
FR;69;2021-01-05;410;0;566;0;0.0;0.0
FR;69;2021-01-06;805;0;1371;0;0.0;0.0
FR;69;2021-01-07;1885;1;3256;1;0.1;0.0
FR;69;2021-01-08;2445;0;5701;1;0.1;0.0
FR;69;2021-01-09;1117;1;6818;2;0.2;0.0
FR;69;2021-01-10;655;0;7473;2;0.2;0.0
FR;69;2021-01-11;2722;1;10195;3;0.3;0.0
FR;69;2021-01-12;3845;1;14040;4;0.4;0.0
FR;69;2021-01-13;3773;2;17813;6;0.5;0.0
FR;69;2021-01-14;4551;6;22364;12;0.6;0.0
FR;69;2021-01-15;3826;1;26190;13;0.7;0.0
FR;69;2021-01-16;1341;60;27531;73;0.7;0.0
FR;69;2021-01-17;633;4;28164;77;0.7;0.0
FR;69;2021-01-18;3247;14;31411;91;0.8;0.0
FR;69;2021-01-19;4771;16;36182;107;0.9;0.0
FR;69;2021-01-20;4750;10;40932;117;1.0;0.0
FR;69;2021-01-21;5501;12;46433;129;1.2;0.0
FR;69;2021-01-22;4361;12;50794;141;1.3;0.0
FR;69;2021-01-23;1357;10;52151;151;1.3;0.0
FR;69;2021-01-24;445;14;52596;165;1.3;0.0
FR;69;2021-01-25;2713;100;55309;265;1.4;0.0
FR;69;2021-01-26;3333;240;58642;505;1.5;0.0
FR;69;2021-01-27;3660;480;62302;985;1.6;0.0
FR;69;2021-01-28;4307;1080;66609;2065;1.7;0.1
FR;69;2021-01-29;3469;1337;70078;3402;1.8;0.1
FR;69;2021-01-30;937;448;71015;3850;1.8;0.1
FR;69;2021-01-31;180;205;71195;4055;1.8;0.1
FR;69;2021-02-01;1803;1715;72998;5770;1.9;0.1
FR;69;2021-02-02;2397;2524;75395;8294;1.9;0.2
FR;69;2021-02-03;2414;2585;77809;10879;2.0;0.3
FR;69;2021-02-04;2938;3392;80747;14271;2.1;0.4
FR;69;2021-02-05;2488;2929;83235;17200;2.1;0.4
FR;69;2021-02-06;719;991;83954;18191;2.2;0.5
FR;69;2021-02-07;162;592;84116;18783;2.2;0.5
FR;69;2021-02-08;1604;2687;85720;21470;2.2;0.6
FR;69;2021-02-09;2393;3956;88113;25426;2.3;0.7
FR;69;2021-02-10;2559;3948;90672;29374;2.3;0.8
FR;69;2021-02-11;3494;4744;94166;34118;2.4;0.9
FR;69;2021-02-12;3130;3586;97296;37704;2.5;1.0
FR;69;2021-02-13;858;961;98154;38665;2.5;1.0
FR;69;2021-02-14;212;459;98366;39124;2.5;1.0
FR;69;2021-02-15;1321;2693;99687;41817;2.6;1.1
FR;69;2021-02-16;1852;3563;101539;45380;2.6;1.2
FR;69;2021-02-17;2008;3896;103547;49276;2.7;1.3
FR;69;2021-02-18;2981;4635;106528;53911;2.7;1.4
FR;69;2021-02-19;2845;3569;109373;57480;2.8;1.5
FR;69;2021-02-20;752;944;110125;58424;2.8;1.5
FR;69;2021-02-21;149;201;110274;58625;2.8;1.5
FR;69;2021-02-22;1601;2453;111875;61078;2.9;1.6
FR;69;2021-02-23;2261;2760;114136;63838;2.9;1.6
FR;69;2021-02-24;2646;2925;116782;66763;3.0;1.7
FR;69;2021-02-25;3855;3206;120637;69969;3.1;1.8
FR;69;2021-02-26;4239;2534;124876;72503;3.2;1.9
FR;69;2021-02-27;1787;716;126663;73219;3.2;1.9
FR;69;2021-02-28;309;128;126972;73347;3.3;1.9
FR;69;2021-03-01;2780;1924;129752;75271;3.3;1.9
FR;69;2021-03-02;4691;2536;134443;77807;3.4;2.0
FR;69;2021-03-03;6607;2429;141050;80236;3.6;2.1
FR;69;2021-03-04;11608;3256;152658;83492;3.9;2.1
FR;69;2021-03-05;17291;2563;169949;86055;4.4;2.2
FR;69;2021-03-06;22853;623;192802;86678;4.9;2.2
FR;69;2021-03-07;14662;139;207464;86817;5.3;2.2
FR;69;2021-03-08;9668;1813;217132;88630;5.6;2.3
FR;69;2021-03-09;17337;2249;234469;90879;6.0;2.3
FR;69;2021-03-10;18661;2420;253130;93299;6.5;2.4
FR;69;2021-03-11;28960;3209;282090;96508;7.2;2.5
FR;69;2021-03-12;39590;2753;321680;99261;8.2;2.5
FR;69;2021-03-13;35683;811;357363;100072;9.2;2.6
FR;69;2021-03-14;8159;166;365522;100238;9.4;2.6
FR;69;2021-03-15;16542;1533;382064;101771;9.8;2.6
FR;69;2021-03-16;10698;2015;392762;103786;10.1;2.7
FR;69;2021-03-17;11684;2012;404446;105798;10.4;2.7
FR;69;2021-03-18;13085;2481;417531;108279;10.7;2.8
FR;69;2021-03-19;28656;2277;446187;110556;11.4;2.8
FR;69;2021-03-20;26815;756;473002;111312;12.1;2.9
FR;69;2021-03-21;7106;149;480108;111461;12.3;2.9
FR;69;2021-03-22;21097;1998;501205;113459;12.8;2.9
FR;69;2021-03-23;36031;2569;537236;116028;13.8;3.0
FR;69;2021-03-24;37320;2667;574556;118695;14.7;3.0
FR;69;2021-03-25;54739;2994;629295;121689;16.1;3.1
FR;69;2021-03-26;58900;2751;688195;124440;17.6;3.2
FR;69;2021-03-27;29996;1250;718191;125690;18.4;3.2
FR;69;2021-03-28;7591;412;725782;126102;18.6;3.2
FR;69;2021-03-29;27603;3172;753385;129274;19.3;3.3
FR;69;2021-03-30;42123;4298;795508;133572;20.4;3.4
FR;69;2021-03-31;35244;4393;830752;137965;21.3;3.5
FR;69;2021-04-01;43017;5966;873769;143931;22.4;3.7
FR;69;2021-04-02;41184;5883;914953;149814;23.4;3.8
FR;69;2021-04-03;21622;3976;936575;153790;24.0;3.9
FR;69;2021-04-04;5793;1362;942368;155152;24.2;4.0
FR;69;2021-04-05;7597;882;949965;156034;24.3;4.0
FR;69;2021-04-06;27662;7457;977627;163491;25.1;4.2
FR;69;2021-04-07;32273;7567;1009900;171058;25.9;4.4
FR;69;2021-04-08;48325;8903;1058225;179961;27.1;4.6
FR;69;2021-04-09;70059;9545;1128284;189506;28.9;4.9
FR;69;2021-04-10;36499;7747;1164783;197253;29.9;5.1
FR;69;2021-04-11;7970;4146;1172753;201399;30.1;5.2
FR;69;2021-04-12;38297;8609;1211050;210008;31.0;5.4
FR;69;2021-04-13;53197;11793;1264247;221801;32.4;5.7
FR;69;2021-04-14;48970;11406;1313217;233207;33.7;6.0
FR;69;2021-04-15;61347;13642;1374564;246849;35.2;6.3
FR;69;2021-04-16;72014;14233;1446578;261082;37.1;6.7
FR;69;2021-04-17;39371;10532;1485949;271614;38.1;7.0
FR;69;2021-04-18;9944;4994;1495893;276608;38.3;7.1
FR;69;2021-04-19;45597;13581;1541490;290189;39.5;7.4
FR;69;2021-04-20;56727;16983;1598217;307172;41.0;7.9
FR;69;2021-04-21;53000;16387;1651217;323559;42.3;8.3
FR;69;2021-04-22;59810;18724;1711027;342283;43.9;8.8
FR;69;2021-04-23;58881;18559;1769908;360842;45.4;9.2
FR;69;2021-04-24;37102;12963;1807010;373805;46.3;9.6
FR;69;2021-04-25;13113;4941;1820123;378746;46.6;9.7
FR;69;2021-04-26;48751;18406;1868874;397152;47.9;10.2
FR;69;2021-04-27;61405;22673;1930279;419825;49.5;10.8
FR;69;2021-04-28;59315;21511;1989594;441336;51.0;11.3
FR;69;2021-04-29;69374;24237;2058968;465573;52.8;11.9
FR;69;2021-04-30;66370;23355;2125338;488928;54.5;12.5
FR;69;2021-05-01;23504;7438;2148842;496366;55.1;12.7
FR;69;2021-05-02;11116;5108;2159958;501474;55.4;12.9
FR;69;2021-05-03;46933;19626;2206891;521100;56.6;13.4
FR;69;2021-05-04;47386;26979;2254277;548079;57.8;14.0
FR;69;2021-05-05;42142;26522;2296419;574601;58.9;14.7
FR;69;2021-05-06;49990;30043;2346409;604644;60.1;15.5
FR;74;2020-12-27;1;0;1;0;0.0;0.0
FR;74;2020-12-28;6;0;7;0;0.0;0.0
FR;74;2020-12-29;5;0;12;0;0.0;0.0
FR;74;2020-12-30;10;0;22;0;0.0;0.0
FR;74;2020-12-31;7;0;29;0;0.0;0.0
FR;74;2021-01-01;5;0;34;0;0.0;0.0
FR;74;2021-01-02;3;0;37;0;0.0;0.0
FR;74;2021-01-03;12;0;49;0;0.0;0.0
FR;74;2021-01-04;85;0;134;0;0.0;0.0
FR;74;2021-01-05;297;0;431;0;0.0;0.0
FR;74;2021-01-06;552;0;983;0;0.0;0.0
FR;74;2021-01-07;1462;0;2445;0;0.1;0.0
FR;74;2021-01-08;1782;2;4227;2;0.1;0.0
FR;74;2021-01-09;793;1;5020;3;0.1;0.0
FR;74;2021-01-10;533;0;5553;3;0.2;0.0
FR;74;2021-01-11;2110;0;7663;3;0.2;0.0
FR;74;2021-01-12;3124;0;10787;3;0.3;0.0
FR;74;2021-01-13;3186;1;13973;4;0.4;0.0
FR;74;2021-01-14;3933;4;17906;8;0.5;0.0
FR;74;2021-01-15;3526;0;21432;8;0.6;0.0
FR;74;2021-01-16;1332;49;22764;57;0.7;0.0
FR;74;2021-01-17;762;2;23526;59;0.7;0.0
FR;74;2021-01-18;4708;19;28234;78;0.8;0.0
FR;74;2021-01-19;6798;17;35032;95;1.0;0.0
FR;74;2021-01-20;7087;8;42119;103;1.2;0.0
FR;74;2021-01-21;8167;17;50286;120;1.4;0.0
FR;74;2021-01-22;6524;17;56810;137;1.6;0.0
FR;74;2021-01-23;2255;4;59065;141;1.7;0.0
FR;74;2021-01-24;605;19;59670;160;1.7;0.0
FR;74;2021-01-25;4526;69;64196;229;1.8;0.0
FR;74;2021-01-26;5602;203;69798;432;2.0;0.0
FR;74;2021-01-27;5966;335;75764;767;2.2;0.0
FR;74;2021-01-28;6942;957;82706;1724;2.4;0.0
FR;74;2021-01-29;5716;987;88422;2711;2.5;0.1
FR;74;2021-01-30;1770;297;90192;3008;2.6;0.1
FR;74;2021-01-31;294;168;90486;3176;2.6;0.1
FR;74;2021-02-01;3271;1262;93757;4438;2.7;0.1
FR;74;2021-02-02;4270;2166;98027;6604;2.8;0.2
FR;74;2021-02-03;4297;2163;102324;8767;2.9;0.3
FR;74;2021-02-04;5147;2954;107471;11721;3.1;0.3
FR;74;2021-02-05;4369;2550;111840;14271;3.2;0.4
FR;74;2021-02-06;1393;874;113233;15145;3.3;0.4
FR;74;2021-02-07;243;566;113476;15711;3.3;0.5
FR;74;2021-02-08;3069;2835;116545;18546;3.4;0.5
FR;74;2021-02-09;4096;4370;120641;22916;3.5;0.7
FR;74;2021-02-10;4400;4488;125041;27404;3.6;0.8
FR;74;2021-02-11;5597;5404;130638;32808;3.8;0.9
FR;74;2021-02-12;5237;4108;135875;36916;3.9;1.1
FR;74;2021-02-13;1645;1157;137520;38073;4.0;1.1
FR;74;2021-02-14;402;483;137922;38556;4.0;1.1
FR;74;2021-02-15;2391;4271;140313;42827;4.0;1.2
FR;74;2021-02-16;3268;5286;143581;48113;4.1;1.4
FR;74;2021-02-17;3391;5848;146972;53961;4.2;1.6
FR;74;2021-02-18;4908;7064;151880;61025;4.4;1.8
FR;74;2021-02-19;4864;5418;156744;66443;4.5;1.9
FR;74;2021-02-20;1546;1714;158290;68157;4.6;2.0
FR;74;2021-02-21;232;369;158522;68526;4.6;2.0
FR;74;2021-02-22;2855;4225;161377;72751;4.6;2.1
FR;74;2021-02-23;4127;4820;165504;77571;4.8;2.2
FR;74;2021-02-24;4512;4947;170016;82518;4.9;2.4
FR;74;2021-02-25;5505;5301;175521;87819;5.0;2.5
FR;74;2021-02-26;5459;4405;180980;92224;5.2;2.7
FR;74;2021-02-27;1993;1372;182973;93596;5.3;2.7
FR;74;2021-02-28;528;215;183501;93811;5.3;2.7
FR;74;2021-03-01;5046;3423;188547;97234;5.4;2.8
FR;74;2021-03-02;7422;4347;195969;101581;5.6;2.9
FR;74;2021-03-03;9623;4240;205592;105821;5.9;3.0
FR;74;2021-03-04;14911;5162;220503;110983;6.3;3.2
FR;74;2021-03-05;21502;4446;242005;115429;7.0;3.3
FR;74;2021-03-06;30857;1223;272862;116652;7.8;3.4
FR;74;2021-03-07;20767;212;293629;116864;8.4;3.4
FR;74;2021-03-08;14140;3408;307769;120272;8.8;3.5
FR;74;2021-03-09;23905;3994;331674;124266;9.5;3.6
FR;74;2021-03-10;26117;4298;357791;128564;10.3;3.7
FR;74;2021-03-11;38083;5283;395874;133847;11.4;3.8
FR;74;2021-03-12;50319;4537;446193;138384;12.8;4.0
FR;74;2021-03-13;47499;1446;493692;139830;14.2;4.0
FR;74;2021-03-14;11917;321;505609;140151;14.5;4.0
FR;74;2021-03-15;25360;2882;530969;143033;15.3;4.1
FR;74;2021-03-16;20001;3618;550970;146651;15.8;4.2
FR;74;2021-03-17;21729;3648;572699;150299;16.5;4.3
FR;74;2021-03-18;24354;4411;597053;154710;17.2;4.4
FR;74;2021-03-19;41204;3767;638257;158477;18.3;4.6
FR;74;2021-03-20;35282;1434;673539;159911;19.4;4.6
FR;74;2021-03-21;9467;241;683006;160152;19.6;4.6
FR;74;2021-03-22;31396;3688;714402;163840;20.5;4.7
FR;74;2021-03-23;49995;4668;764397;168508;22.0;4.8
FR;74;2021-03-24;51945;4980;816342;173488;23.5;5.0
FR;74;2021-03-25;74466;5393;890808;178881;25.6;5.1
FR;74;2021-03-26;80531;5016;971339;183897;27.9;5.3
FR;74;2021-03-27;50879;2307;1022218;186204;29.4;5.4
FR;74;2021-03-28;17774;872;1039992;187076;29.9;5.4
FR;74;2021-03-29;55971;6511;1095963;193587;31.5;5.6
FR;74;2021-03-30;76362;8657;1172325;202244;33.7;5.8
FR;74;2021-03-31;67727;9345;1240052;211589;35.7;6.1
FR;74;2021-04-01;78087;12329;1318139;223918;37.9;6.4
FR;74;2021-04-02;69804;12641;1387943;236559;39.9;6.8
FR;74;2021-04-03;37098;8534;1425041;245093;41.0;7.0
FR;74;2021-04-04;12486;2902;1437527;247995;41.3;7.1
FR;74;2021-04-05;19178;1679;1456705;249674;41.9;7.2
FR;74;2021-04-06;64124;15683;1520829;265357;43.7;7.6
FR;74;2021-04-07;72456;15558;1593285;280915;45.8;8.1
FR;74;2021-04-08;87282;19135;1680567;300050;48.3;8.6
FR;74;2021-04-09;96600;17510;1777167;317560;51.1;9.1
FR;74;2021-04-10;48421;14009;1825588;331569;52.5;9.5
FR;74;2021-04-11;12702;6663;1838290;338232;52.8;9.7
FR;74;2021-04-12;60460;17506;1898750;355738;54.6;10.2
FR;74;2021-04-13;68305;21246;1967055;376984;56.6;10.8
FR;74;2021-04-14;59648;21453;2026703;398437;58.3;11.5
FR;74;2021-04-15;61392;24013;2088095;422450;60.0;12.1
FR;74;2021-04-16;51796;24239;2139891;446689;61.5;12.8
FR;74;2021-04-17;25527;16613;2165418;463302;62.3;13.3
FR;74;2021-04-18;5692;6936;2171110;470238;62.4;13.5
FR;74;2021-04-19;31480;23948;2202590;494186;63.3;14.2
FR;74;2021-04-20;35992;29480;2238582;523666;64.4;15.1
FR;74;2021-04-21;33011;29830;2271593;553496;65.3;15.9
FR;74;2021-04-22;37784;35115;2309377;588611;66.4;16.9
FR;74;2021-04-23;34474;38715;2343851;627326;67.4;18.0
FR;74;2021-04-24;18500;30565;2362351;657891;67.9;18.9
FR;74;2021-04-25;6035;12535;2368386;670426;68.1;19.3
FR;74;2021-04-26;26202;47349;2394588;717775;68.8;20.6
FR;74;2021-04-27;32762;55379;2427350;773154;69.8;22.2
FR;74;2021-04-28;32256;52200;2459606;825354;70.7;23.7
FR;74;2021-04-29;38164;53381;2497770;878735;71.8;25.3
FR;74;2021-04-30;34660;48595;2532430;927330;72.8;26.7
FR;74;2021-05-01;10989;14991;2543419;942321;73.1;27.1
FR;74;2021-05-02;5127;11401;2548546;953722;73.3;27.4
FR;74;2021-05-03;23876;50203;2572422;1003925;74.0;28.9
FR;74;2021-05-04;24685;68562;2597107;1072487;74.7;30.8
FR;74;2021-05-05;22298;64079;2619405;1136566;75.3;32.7
FR;74;2021-05-06;26708;63126;2646113;1199692;76.1;34.5
FR;79;2020-12-27;1;0;1;0;0.0;0.0
FR;79;2020-12-28;6;0;7;0;0.0;0.0
FR;79;2020-12-29;16;0;23;0;0.0;0.0
FR;79;2020-12-30;11;0;34;0;0.0;0.0
FR;79;2020-12-31;6;0;40;0;0.0;0.0
FR;79;2021-01-01;4;0;44;0;0.0;0.0
FR;79;2021-01-02;3;0;47;0;0.0;0.0
FR;79;2021-01-03;2;0;49;0;0.0;0.0
FR;79;2021-01-04;49;0;98;0;0.0;0.0
FR;79;2021-01-05;171;0;269;0;0.0;0.0
FR;79;2021-01-06;339;0;608;0;0.0;0.0
FR;79;2021-01-07;904;0;1512;0;0.1;0.0
FR;79;2021-01-08;1069;0;2581;0;0.1;0.0
FR;79;2021-01-09;364;0;2945;0;0.1;0.0
FR;79;2021-01-10;191;0;3136;0;0.1;0.0
FR;79;2021-01-11;1144;0;4280;0;0.2;0.0
FR;79;2021-01-12;2194;0;6474;0;0.3;0.0
FR;79;2021-01-13;2743;0;9217;0;0.4;0.0
FR;79;2021-01-14;4429;2;13646;2;0.6;0.0
FR;79;2021-01-15;5244;0;18890;2;0.9;0.0
FR;79;2021-01-16;2818;60;21708;62;1.0;0.0
FR;79;2021-01-17;1305;3;23013;65;1.0;0.0
FR;79;2021-01-18;19626;40;42639;105;1.9;0.0
FR;79;2021-01-19;26000;45;68639;150;3.1;0.0
FR;79;2021-01-20;28014;31;96653;181;4.4;0.0
FR;79;2021-01-21;30036;33;126689;214;5.7;0.0
FR;79;2021-01-22;27870;33;154559;247;7.0;0.0
FR;79;2021-01-23;11659;10;166218;257;7.5;0.0
FR;79;2021-01-24;2172;7;168390;264;7.6;0.0
FR;79;2021-01-25;22540;57;190930;321;8.6;0.0
FR;79;2021-01-26;25711;158;216641;479;9.8;0.0
FR;79;2021-01-27;24994;233;241635;712;10.9;0.0
FR;79;2021-01-28;25172;715;266807;1427;12.0;0.1
FR;79;2021-01-29;22522;647;289329;2074;13.0;0.1
FR;79;2021-01-30;8782;152;298111;2226;13.4;0.1
FR;79;2021-01-31;1229;69;299340;2295;13.5;0.1
FR;79;2021-02-01;16131;792;315471;3087;14.2;0.1
FR;79;2021-02-02;19254;1582;334725;4669;15.1;0.2
FR;79;2021-02-03;18282;1897;353007;6566;15.9;0.3
FR;79;2021-02-04;19160;2996;372167;9562;16.8;0.4
FR;79;2021-02-05;18011;2880;390178;12442;17.6;0.6
FR;79;2021-02-06;6449;1087;396627;13529;17.9;0.6
FR;79;2021-02-07;871;502;397498;14031;17.9;0.6
FR;79;2021-02-08;13081;6179;410579;20210;18.5;0.9
FR;79;2021-02-09;15544;8308;426123;28518;19.2;1.3
FR;79;2021-02-10;15438;8734;441561;37252;19.9;1.7
FR;79;2021-02-11;16515;10343;458076;47595;20.7;2.1
FR;79;2021-02-12;15663;9700;473739;57295;21.4;2.6
FR;79;2021-02-13;5003;4254;478742;61549;21.6;2.8
FR;79;2021-02-14;901;1116;479643;62665;21.6;2.8
FR;79;2021-02-15;7126;20294;486769;82959;22.0;3.7
FR;79;2021-02-16;8337;23620;495106;106579;22.3;4.8
FR;79;2021-02-17;8247;24929;503353;131508;22.7;5.9
FR;79;2021-02-18;10269;25414;513622;156922;23.2;7.1
FR;79;2021-02-19;10306;21111;523928;178033;23.6;8.0
FR;79;2021-02-20;3766;8749;527694;186782;23.8;8.4
FR;79;2021-02-21;548;1496;528242;188278;23.8;8.5
FR;79;2021-02-22;6981;22243;535223;210521;24.1;9.5
FR;79;2021-02-23;9625;23864;544848;234385;24.6;10.6
FR;79;2021-02-24;10021;22605;554869;256990;25.0;11.6
FR;79;2021-02-25;11651;21908;566520;278898;25.5;12.6
FR;79;2021-02-26;12045;19072;578565;297970;26.1;13.4
FR;79;2021-02-27;4417;7006;582982;304976;26.3;13.8
FR;79;2021-02-28;873;977;583855;305953;26.3;13.8
FR;79;2021-03-01;12105;16907;595960;322860;26.9;14.6
FR;79;2021-03-02;16290;19384;612250;342244;27.6;15.4
FR;79;2021-03-03;17698;18199;629948;360443;28.4;16.3
FR;79;2021-03-04;20854;18277;650802;378720;29.4;17.1
FR;79;2021-03-05;22410;15987;673212;394707;30.4;17.8
FR;79;2021-03-06;28936;5214;702148;399921;31.7;18.0
FR;79;2021-03-07;21028;739;723176;400660;32.6;18.1
FR;79;2021-03-08;17341;14833;740517;415493;33.4;18.7
FR;79;2021-03-09;25685;16061;766202;431554;34.6;19.5
FR;79;2021-03-10;26821;15330;793023;446884;35.8;20.2
FR;79;2021-03-11;31750;14917;824773;461801;37.2;20.8
FR;79;2021-03-12;33281;12605;858054;474406;38.7;21.4
FR;79;2021-03-13;25228;4148;883282;478554;39.8;21.6
FR;79;2021-03-14;9456;667;892738;479221;40.3;21.6
FR;79;2021-03-15;28405;8230;921143;487451;41.5;22.0
FR;79;2021-03-16;32768;8951;953911;496402;43.0;22.4
FR;79;2021-03-17;33744;8741;987655;505143;44.5;22.8
FR;79;2021-03-18;36632;9321;1024287;514464;46.2;23.2
FR;79;2021-03-19;36649;8416;1060936;522880;47.8;23.6
FR;79;2021-03-20;20643;3038;1081579;525918;48.8;23.7
FR;79;2021-03-21;5871;465;1087450;526383;49.0;23.7
FR;79;2021-03-22;28529;8929;1115979;535312;50.3;24.1
FR;79;2021-03-23;36976;10619;1152955;545931;52.0;24.6
FR;79;2021-03-24;35467;11016;1188422;556947;53.6;25.1
FR;79;2021-03-25;41789;10934;1230211;567881;55.5;25.6
FR;79;2021-03-26;39291;10289;1269502;578170;57.3;26.1
FR;79;2021-03-27;17617;4472;1287119;582642;58.0;26.3
FR;79;2021-03-28;4790;1320;1291909;583962;58.3;26.3
FR;79;2021-03-29;22233;14447;1314142;598409;59.3;27.0
FR;79;2021-03-30;27945;18788;1342087;617197;60.5;27.8
FR;79;2021-03-31;24617;19841;1366704;637038;61.6;28.7
FR;79;2021-04-01;27077;24604;1393781;661642;62.9;29.8
FR;79;2021-04-02;22986;25384;1416767;687026;63.9;31.0
FR;79;2021-04-03;9994;17485;1426761;704511;64.3;31.8
FR;79;2021-04-04;2796;5078;1429557;709589;64.5;32.0
FR;79;2021-04-05;4178;2642;1433735;712231;64.7;32.1
FR;79;2021-04-06;18856;30178;1452591;742409;65.5;33.5
FR;79;2021-04-07;20963;29215;1473554;771624;66.5;34.8
FR;79;2021-04-08;24871;29283;1498425;800907;67.6;36.1
FR;79;2021-04-09;26631;27475;1525056;828382;68.8;37.4
FR;79;2021-04-10;13588;18711;1538644;847093;69.4;38.2
FR;79;2021-04-11;3483;6269;1542127;853362;69.5;38.5
FR;79;2021-04-12;16615;28861;1558742;882223;70.3;39.8
FR;79;2021-04-13;18943;34312;1577685;916535;71.2;41.3
FR;79;2021-04-14;17975;32700;1595660;949235;72.0;42.8
FR;79;2021-04-15;18895;33512;1614555;982747;72.8;44.3
FR;79;2021-04-16;16070;30696;1630625;1013443;73.5;45.7
FR;79;2021-04-17;8070;16260;1638695;1029703;73.9;46.4
FR;79;2021-04-18;1753;4785;1640448;1034488;74.0;46.7
FR;79;2021-04-19;9740;28700;1650188;1063188;74.4;47.9
FR;79;2021-04-20;11568;34046;1661756;1097234;74.9;49.5
FR;79;2021-04-21;11142;30824;1672898;1128058;75.4;50.9
FR;79;2021-04-22;12709;30843;1685607;1158901;76.0;52.3
FR;79;2021-04-23;11754;27394;1697361;1186295;76.6;53.5
FR;79;2021-04-24;6098;13498;1703459;1199793;76.8;54.1
FR;79;2021-04-25;1878;3339;1705337;1203132;76.9;54.3
FR;79;2021-04-26;8758;20640;1714095;1223772;77.3;55.2
FR;79;2021-04-27;10945;23350;1725040;1247122;77.8;56.2
FR;79;2021-04-28;11438;20479;1736478;1267601;78.3;57.2
FR;79;2021-04-29;13386;20272;1749864;1287873;78.9;58.1
FR;79;2021-04-30;12599;17265;1762463;1305138;79.5;58.9
FR;79;2021-05-01;3762;3829;1766225;1308967;79.7;59.0
FR;79;2021-05-02;1719;2597;1767944;1311564;79.7;59.2
FR;79;2021-05-03;8438;14229;1776382;1325793;80.1;59.8
FR;79;2021-05-04;8746;19742;1785128;1345535;80.5;60.7
FR;79;2021-05-05;8181;18581;1793309;1364116;80.9;61.5
FR;79;2021-05-06;9916;18692;1803225;1382808;81.3;62.4
FR;80;2020-12-27;10;0;10;0;0.0;0.0
FR;80;2020-12-28;41;0;51;0;0.0;0.0
FR;80;2020-12-29;78;0;129;0;0.0;0.0
FR;80;2020-12-30;69;0;198;0;0.0;0.0
FR;80;2020-12-31;49;0;247;0;0.0;0.0
FR;80;2021-01-01;8;0;255;0;0.0;0.0
FR;80;2021-01-02;8;0;263;0;0.0;0.0
FR;80;2021-01-03;2;0;265;0;0.0;0.0
FR;80;2021-01-04;297;0;562;0;0.0;0.0
FR;80;2021-01-05;909;0;1471;0;0.0;0.0
FR;80;2021-01-06;1672;0;3143;0;0.1;0.0
FR;80;2021-01-07;6290;1;9433;1;0.2;0.0
FR;80;2021-01-08;5701;0;15134;1;0.4;0.0
FR;80;2021-01-09;979;0;16113;1;0.4;0.0
FR;80;2021-01-10;307;0;16420;1;0.4;0.0
FR;80;2021-01-11;4429;0;20849;1;0.5;0.0
FR;80;2021-01-12;12624;3;33473;4;0.8;0.0
FR;80;2021-01-13;12418;7;45891;11;1.1;0.0
FR;80;2021-01-14;18192;19;64083;30;1.5;0.0
FR;80;2021-01-15;12095;0;76178;30;1.8;0.0
FR;80;2021-01-16;4030;164;80208;194;1.9;0.0
FR;80;2021-01-17;3742;18;83950;212;2.0;0.0
FR;80;2021-01-18;28712;67;112662;279;2.7;0.0
FR;80;2021-01-19;53667;128;166329;407;4.0;0.0
FR;80;2021-01-20;59351;102;225680;509;5.4;0.0
FR;80;2021-01-21;69884;79;295564;588;7.1;0.0
FR;80;2021-01-22;48245;87;343809;675;8.3;0.0
FR;80;2021-01-23;16213;12;360022;687;8.7;0.0
FR;80;2021-01-24;4311;3;364333;690;8.8;0.0
FR;80;2021-01-25;32387;230;396720;920;9.5;0.0
FR;80;2021-01-26;45077;798;441797;1718;10.6;0.0
FR;80;2021-01-27;50845;1363;492642;3081;11.8;0.1
FR;80;2021-01-28;59962;5172;552604;8253;13.3;0.2
FR;80;2021-01-29;39299;4055;591903;12308;14.2;0.3
FR;80;2021-01-30;13221;657;605124;12965;14.6;0.3
FR;80;2021-01-31;2333;243;607457;13208;14.6;0.3
FR;80;2021-02-01;22992;3220;630449;16428;15.2;0.4
FR;80;2021-02-02;33436;9867;663885;26295;16.0;0.6
FR;80;2021-02-03;34393;9644;698278;35939;16.8;0.9
FR;80;2021-02-04;38033;15822;736311;51761;17.7;1.2
FR;80;2021-02-05;29772;9881;766083;61642;18.4;1.5
FR;80;2021-02-06;9702;2044;775785;63686;18.7;1.5
FR;80;2021-02-07;1449;2111;777234;65797;18.7;1.6
FR;80;2021-02-08;19332;12400;796566;78197;19.2;1.9
FR;80;2021-02-09;25874;29926;822440;108123;19.8;2.6
FR;80;2021-02-10;26285;33048;848725;141171;20.4;3.4
FR;80;2021-02-11;30438;44790;879163;185961;21.1;4.5
FR;80;2021-02-12;26682;24015;905845;209976;21.8;5.1
FR;80;2021-02-13;7923;5992;913768;215968;22.0;5.2
FR;80;2021-02-14;1507;2529;915275;218497;22.0;5.3
FR;80;2021-02-15;11124;26958;926399;245455;22.3;5.9
FR;80;2021-02-16;15529;38507;941928;283962;22.7;6.8
FR;80;2021-02-17;15912;46662;957840;330624;23.0;8.0
FR;80;2021-02-18;21444;56620;979284;387244;23.6;9.3
FR;80;2021-02-19;19021;36666;998305;423910;24.0;10.2
FR;80;2021-02-20;6299;12060;1004604;435970;24.2;10.5
FR;80;2021-02-21;912;2365;1005516;438335;24.2;10.5
FR;80;2021-02-22;11164;29427;1016680;467762;24.5;11.3
FR;80;2021-02-23;17040;37074;1033720;504836;24.9;12.1
FR;80;2021-02-24;17958;37853;1051678;542689;25.3;13.1
FR;80;2021-02-25;22232;40859;1073910;583548;25.8;14.0
FR;80;2021-02-26;20490;29726;1094400;613274;26.3;14.7
FR;80;2021-02-27;7167;10204;1101567;623478;26.5;15.0
FR;80;2021-02-28;1259;1643;1102826;625121;26.5;15.0
FR;80;2021-03-01;18721;22912;1121547;648033;27.0;15.6
FR;80;2021-03-02;26822;29031;1148369;677064;27.6;16.3
FR;80;2021-03-03;28627;28766;1176996;705830;28.3;17.0
FR;80;2021-03-04;34784;31279;1211780;737109;29.1;17.7
FR;80;2021-03-05;35802;26526;1247582;763635;30.0;18.4
FR;80;2021-03-06;41240;7804;1288822;771439;31.0;18.6
FR;80;2021-03-07;29636;1077;1318458;772516;31.7;18.6
FR;80;2021-03-08;27126;21011;1345584;793527;32.4;19.1
FR;80;2021-03-09;40603;23800;1386187;817327;33.3;19.7
FR;80;2021-03-10;43002;24703;1429189;842030;34.4;20.3
FR;80;2021-03-11;51486;27023;1480675;869053;35.6;20.9
FR;80;2021-03-12;51937;22109;1532612;891162;36.9;21.4
FR;80;2021-03-13;37337;6633;1569949;897795;37.8;21.6
FR;80;2021-03-14;13873;1051;1583822;898846;38.1;21.6
FR;80;2021-03-15;43968;12700;1627790;911546;39.1;21.9
FR;80;2021-03-16;51746;15980;1679536;927526;40.4;22.3
FR;80;2021-03-17;54547;15108;1734083;942634;41.7;22.7
FR;80;2021-03-18;58382;18241;1792465;960875;43.1;23.1
FR;80;2021-03-19;57263;14709;1849728;975584;44.5;23.5
FR;80;2021-03-20;30937;4915;1880665;980499;45.2;23.6
FR;80;2021-03-21;8680;667;1889345;981166;45.4;23.6
FR;80;2021-03-22;42774;13538;1932119;994704;46.5;23.9
FR;80;2021-03-23;55450;17452;1987569;1012156;47.8;24.3
FR;80;2021-03-24;54310;18272;2041879;1030428;49.1;24.8
FR;80;2021-03-25;63764;19364;2105643;1049792;50.6;25.2
FR;80;2021-03-26;59994;17559;2165637;1067351;52.1;25.7
FR;80;2021-03-27;26535;7284;2192172;1074635;52.7;25.8
FR;80;2021-03-28;6921;1834;2199093;1076469;52.9;25.9
FR;80;2021-03-29;32784;22293;2231877;1098762;53.7;26.4
FR;80;2021-03-30;43066;30225;2274943;1128987;54.7;27.2
FR;80;2021-03-31;40380;32296;2315323;1161283;55.7;27.9
FR;80;2021-04-01;45899;40125;2361222;1201408;56.8;28.9
FR;80;2021-04-02;36949;41074;2398171;1242482;57.7;29.9
FR;80;2021-04-03;14482;26165;2412653;1268647;58.0;30.5
FR;80;2021-04-04;3861;7492;2416514;1276139;58.1;30.7
FR;80;2021-04-05;5603;3820;2422117;1279959;58.3;30.8
FR;80;2021-04-06;27423;46883;2449540;1326842;58.9;31.9
FR;80;2021-04-07;33266;47726;2482806;1374568;59.7;33.1
FR;80;2021-04-08;39764;48707;2522570;1423275;60.7;34.2
FR;80;2021-04-09;43101;45058;2565671;1468333;61.7;35.3
FR;80;2021-04-10;19728;28312;2585399;1496645;62.2;36.0
FR;80;2021-04-11;4812;8955;2590211;1505600;62.3;36.2
FR;80;2021-04-12;23275;44850;2613486;1550450;62.9;37.3
FR;80;2021-04-13;29890;53667;2643376;1604117;63.6;38.6
FR;80;2021-04-14;28689;51479;2672065;1655596;64.3;39.8
FR;80;2021-04-15;30923;53067;2702988;1708663;65.0;41.1
FR;80;2021-04-16;26091;48406;2729079;1757069;65.6;42.3
FR;80;2021-04-17;12239;24827;2741318;1781896;65.9;42.9
FR;80;2021-04-18;2508;7404;2743826;1789300;66.0;43.0
FR;80;2021-04-19;14096;42821;2757922;1832121;66.3;44.1
FR;80;2021-04-20;17739;52404;2775661;1884525;66.8;45.3
FR;80;2021-04-21;17711;49641;2793372;1934166;67.2;46.5
FR;80;2021-04-22;20374;50905;2813746;1985071;67.7;47.7
FR;80;2021-04-23;18832;44094;2832578;2029165;68.1;48.8
FR;80;2021-04-24;9313;20701;2841891;2049866;68.3;49.3
FR;80;2021-04-25;2638;4882;2844529;2054748;68.4;49.4
FR;80;2021-04-26;12113;30132;2856642;2084880;68.7;50.1
FR;80;2021-04-27;16522;35678;2873164;2120558;69.1;51.0
FR;80;2021-04-28;17664;33772;2890828;2154330;69.5;51.8
FR;80;2021-04-29;21158;35130;2911986;2189460;70.0;52.7
FR;80;2021-04-30;20007;28820;2931993;2218280;70.5;53.4
FR;80;2021-05-01;5735;5523;2937728;2223803;70.7;53.5
FR;80;2021-05-02;2577;3650;2940305;2227453;70.7;53.6
FR;80;2021-05-03;12238;19333;2952543;2246786;71.0;54.0
FR;80;2021-05-04;13503;29019;2966046;2275805;71.3;54.7
FR;80;2021-05-05;12971;28158;2979017;2303963;71.6;55.4
FR;80;2021-05-06;15067;29355;2994084;2333318;72.0;56.1
FR;0;2020-12-27;19;0;19;0;0.0;0.0
FR;0;2020-12-28;62;0;81;0;0.0;0.0
FR;0;2020-12-29;108;0;189;0;0.0;0.0
FR;0;2020-12-30;116;0;305;0;0.0;0.0
FR;0;2020-12-31;83;0;388;0;0.0;0.0
FR;0;2021-01-01;60;0;448;0;0.0;0.0
FR;0;2021-01-02;73;0;521;0;0.0;0.0
FR;0;2021-01-03;87;0;608;0;0.0;0.0
FR;0;2021-01-04;1467;1;2075;1;0.0;0.0
FR;0;2021-01-05;5363;2;7438;3;0.0;0.0
FR;0;2021-01-06;11258;5;18696;8;0.0;0.0
FR;0;2021-01-07;28482;16;47178;24;0.1;0.0
FR;0;2021-01-08;35933;15;83111;39;0.1;0.0
FR;0;2021-01-09;10871;4;93982;43;0.1;0.0
FR;0;2021-01-10;5600;0;99582;43;0.1;0.0
FR;0;2021-01-11;38759;17;138341;60;0.2;0.0
FR;0;2021-01-12;60409;29;198750;89;0.3;0.0
FR;0;2021-01-13;63426;37;262176;126;0.4;0.0
FR;0;2021-01-14;79559;70;341735;196;0.5;0.0
FR;0;2021-01-15;67066;25;408801;221;0.6;0.0
FR;0;2021-01-16;19587;853;428388;1074;0.6;0.0
FR;0;2021-01-17;10448;42;438836;1116;0.7;0.0
FR;0;2021-01-18;84167;227;523003;1343;0.8;0.0
FR;0;2021-01-19;127940;280;650943;1623;1.0;0.0
FR;0;2021-01-20;134674;230;785617;1853;1.2;0.0
FR;0;2021-01-21;154698;228;940315;2081;1.4;0.0
FR;0;2021-01-22;118064;287;1058379;2368;1.6;0.0
FR;0;2021-01-23;37733;91;1096112;2459;1.6;0.0
FR;0;2021-01-24;9319;106;1105431;2565;1.6;0.0
FR;0;2021-01-25;76604;1540;1182035;4105;1.8;0.0
FR;0;2021-01-26;98479;3968;1280514;8073;1.9;0.0
FR;0;2021-01-27;105412;6855;1385926;14928;2.1;0.0
FR;0;2021-01-28;121944;17616;1507870;32544;2.2;0.0
FR;0;2021-01-29;90659;19760;1598529;52304;2.4;0.1
FR;0;2021-01-30;28620;4686;1627149;56990;2.4;0.1
FR;0;2021-01-31;4862;1911;1632011;58901;2.4;0.1
FR;0;2021-02-01;51378;24172;1683389;83073;2.5;0.1
FR;0;2021-02-02;70355;40780;1753744;123853;2.6;0.2
FR;0;2021-02-03;70802;42067;1824546;165920;2.7;0.2
FR;0;2021-02-04;80161;58760;1904707;224680;2.8;0.3
FR;0;2021-02-05;66818;49686;1971525;274366;2.9;0.4
FR;0;2021-02-06;21239;11416;1992764;285782;3.0;0.4
FR;0;2021-02-07;4822;6462;1997586;292244;3.0;0.4
FR;0;2021-02-08;45742;50210;2043328;342454;3.0;0.5
FR;0;2021-02-09;64600;82592;2107928;425046;3.1;0.6
FR;0;2021-02-10;69025;87570;2176953;512616;3.2;0.8
FR;0;2021-02-11;85183;110620;2262136;623236;3.4;0.9
FR;0;2021-02-12;77337;76072;2339473;699308;3.5;1.0
FR;0;2021-02-13;21561;18716;2361034;718024;3.5;1.1
FR;0;2021-02-14;4543;6765;2365577;724789;3.5;1.1
FR;0;2021-02-15;36811;75252;2402388;800041;3.6;1.2
FR;0;2021-02-16;48972;96800;2451360;896841;3.7;1.3
FR;0;2021-02-17;49119;108092;2500479;1004933;3.7;1.5
FR;0;2021-02-18;67363;125918;2567842;1130851;3.8;1.7
FR;0;2021-02-19;63354;91381;2631196;1222232;3.9;1.8
FR;0;2021-02-20;17868;27714;2649064;1249946;3.9;1.9
FR;0;2021-02-21;2838;5395;2651902;1255341;4.0;1.9
FR;0;2021-02-22;36237;70958;2688139;1326299;4.0;2.0
FR;0;2021-02-23;52164;83870;2740303;1410169;4.1;2.1
FR;0;2021-02-24;57719;82846;2798022;1493015;4.2;2.2
FR;0;2021-02-25;97767;89280;2895789;1582295;4.3;2.4
FR;0;2021-02-26;110872;69599;3006661;1651894;4.5;2.5
FR;0;2021-02-27;50702;22358;3057363;1674252;4.6;2.5
FR;0;2021-02-28;5633;3617;3062996;1677869;4.6;2.5
FR;0;2021-03-01;62957;52732;3125953;1730601;4.7;2.6
FR;0;2021-03-02;98550;66889;3224503;1797490;4.8;2.7
FR;0;2021-03-03;112557;64947;3337060;1862437;5.0;2.8
FR;0;2021-03-04;158379;74194;3495439;1936631;5.2;2.9
FR;0;2021-03-05;195925;62286;3691364;1998917;5.5;3.0
FR;0;2021-03-06;202340;17426;3893704;2016343;5.8;3.0
FR;0;2021-03-07;118858;2740;4012562;2019083;6.0;3.0
FR;0;2021-03-08;103959;47343;4116521;2066426;6.1;3.1
FR;0;2021-03-09;168263;54876;4284784;2121302;6.4;3.2
FR;0;2021-03-10;174200;56574;4458984;2177876;6.6;3.2
FR;0;2021-03-11;237335;64418;4696319;2242294;7.0;3.3
FR;0;2021-03-12;288775;53479;4985094;2295773;7.4;3.4
FR;0;2021-03-13;226424;15566;5211518;2311339;7.8;3.4
FR;0;2021-03-14;61936;2789;5273454;2314128;7.9;3.4
FR;0;2021-03-15;154799;30710;5428253;2344838;8.1;3.5
FR;0;2021-03-16;138925;38535;5567178;2383373;8.3;3.6
FR;0;2021-03-17;147515;37567;5714693;2420940;8.5;3.6
FR;0;2021-03-18;164521;45160;5879214;2466100;8.8;3.7
FR;0;2021-03-19;225580;37958;6104794;2504058;9.1;3.7
FR;0;2021-03-20;163952;12600;6268746;2516658;9.3;3.7
FR;0;2021-03-21;48661;2154;6317407;2518812;9.4;3.8
FR;0;2021-03-22;166440;34364;6483847;2553176;9.7;3.8
FR;0;2021-03-23;245768;44439;6729615;2597615;10.0;3.9
FR;0;2021-03-24;252278;45773;6981893;2643388;10.4;3.9
FR;0;2021-03-25;336037;49391;7317930;2692779;10.9;4.0
FR;0;2021-03-26;353290;45720;7671220;2738499;11.4;4.1
FR;0;2021-03-27;192266;19458;7863486;2757957;11.7;4.1
FR;0;2021-03-28;58207;5620;7921693;2763577;11.8;4.1
FR;0;2021-03-29;199549;54677;8121242;2818254;12.1;4.2
FR;0;2021-03-30;280697;73959;8401939;2892213;12.5;4.3
FR;0;2021-03-31;257952;78489;8659891;2970702;12.9;4.4
FR;0;2021-04-01;307924;100354;8967815;3071056;13.4;4.6
FR;0;2021-04-02;276328;101255;9244143;3172311;13.8;4.7
FR;0;2021-04-03;138692;65251;9382835;3237562;14.0;4.8
FR;0;2021-04-04;44765;19992;9427600;3257554;14.0;4.9
FR;0;2021-04-05;58614;11328;9486214;3268882;14.1;4.9
FR;0;2021-04-06;211853;117888;9698067;3386770;14.4;5.0
FR;0;2021-04-07;254773;119883;9952840;3506653;14.8;5.2
FR;0;2021-04-08;330379;130950;10283219;3637603;15.3;5.4
FR;0;2021-04-09;401242;124960;10684461;3762563;15.9;5.6
FR;0;2021-04-10;209116;86717;10893577;3849280;16.2;5.7
FR;0;2021-04-11;54715;35057;10948292;3884337;16.3;5.8
FR;0;2021-04-12;231727;119965;11180019;4004302;16.7;6.0
FR;0;2021-04-13;302419;149089;11482438;4153391;17.1;6.2
FR;0;2021-04-14;286531;146726;11768969;4300117;17.5;6.4
FR;0;2021-04-15;327535;158954;12096504;4459071;18.0;6.6
FR;0;2021-04-16;331226;154821;12427730;4613892;18.5;6.9
FR;0;2021-04-17;184671;93764;12612401;4707656;18.8;7.0
FR;0;2021-04-18;50013;36860;12662414;4744516;18.9;7.1
FR;0;2021-04-19;200645;142791;12863059;4887307;19.2;7.3
FR;0;2021-04-20;248001;179022;13111060;5066329;19.5;7.5
FR;0;2021-04-21;245101;177559;13356161;5243888;19.9;7.8
FR;0;2021-04-22;279962;199869;13636123;5443757;20.3;8.1
FR;0;2021-04-23;286444;194248;13922567;5638005;20.7;8.4
FR;0;2021-04-24;186583;118219;14109150;5756224;21.0;8.6
FR;0;2021-04-25;67161;41173;14176311;5797397;21.1;8.6
FR;0;2021-04-26;212845;168634;14389156;5966031;21.4;8.9
FR;0;2021-04-27;277948;205099;14667104;6171130;21.9;9.2
FR;0;2021-04-28;290839;200907;14957943;6372037;22.3;9.5
FR;0;2021-04-29;344933;223056;15302876;6595093;22.8;9.8
FR;0;2021-04-30;360583;215428;15663459;6810521;23.3;10.1
FR;0;2021-05-01;158405;59873;15821864;6870394;23.6;10.2
FR;0;2021-05-02;88877;41526;15910741;6911920;23.7;10.3
FR;0;2021-05-03;276945;167517;16187686;7079437;24.1;10.5
FR;0;2021-05-04;302872;240085;16490558;7319522;24.6;10.9
FR;0;2021-05-05;312026;238892;16802584;7558414;25.0;11.3
FR;0;2021-05-06;361547;267374;17164131;7825788;25.6;11.7
