fra;clage_vacsi;jour;n_dose1;n_complet;n_cum_dose1;n_cum_complet;couv_dose1;couv_complet
FR;24;2020-12-27;1;0;1;0;0.0;0.0
FR;24;2020-12-28;2;0;3;0;0.0;0.0
FR;24;2020-12-29;0;0;3;0;0.0;0.0
FR;24;2020-12-30;0;0;3;0;0.0;0.0
FR;24;2020-12-31;1;0;4;0;0.0;0.0
FR;24;2021-01-01;1;0;5;0;0.0;0.0
FR;24;2021-01-02;1;0;6;0;0.0;0.0
FR;24;2021-01-03;2;0;8;0;0.0;0.0
FR;24;2021-01-04;4;0;12;0;0.0;0.0
FR;24;2021-01-05;17;1;29;1;0.0;0.0
FR;24;2021-01-06;36;0;65;1;0.0;0.0
FR;24;2021-01-07;180;0;245;1;0.0;0.0
FR;24;2021-01-08;216;0;461;1;0.0;0.0
FR;24;2021-01-09;40;0;501;1;0.0;0.0
FR;24;2021-01-10;35;0;536;1;0.0;0.0
FR;24;2021-01-11;251;2;787;3;0.0;0.0
FR;24;2021-01-12;398;5;1185;8;0.0;0.0
FR;24;2021-01-13;478;6;1663;14;0.0;0.0
FR;24;2021-01-14;614;6;2277;20;0.0;0.0
FR;24;2021-01-15;596;2;2873;22;0.1;0.0
FR;24;2021-01-16;118;3;2991;25;0.1;0.0
FR;24;2021-01-17;94;0;3085;25;0.1;0.0
FR;24;2021-01-18;508;3;3593;28;0.1;0.0
FR;24;2021-01-19;598;3;4191;31;0.1;0.0
FR;24;2021-01-20;649;0;4840;31;0.1;0.0
FR;24;2021-01-21;760;4;5600;35;0.1;0.0
FR;24;2021-01-22;602;4;6202;39;0.1;0.0
FR;24;2021-01-23;117;0;6319;39;0.1;0.0
FR;24;2021-01-24;22;0;6341;39;0.1;0.0
FR;24;2021-01-25;294;5;6635;44;0.1;0.0
FR;24;2021-01-26;367;13;7002;57;0.1;0.0
FR;24;2021-01-27;443;14;7445;71;0.1;0.0
FR;24;2021-01-28;596;51;8041;122;0.1;0.0
FR;24;2021-01-29;467;83;8508;205;0.2;0.0
FR;24;2021-01-30;87;16;8595;221;0.2;0.0
FR;24;2021-01-31;25;13;8620;234;0.2;0.0
FR;24;2021-02-01;157;135;8777;369;0.2;0.0
FR;24;2021-02-02;219;182;8996;551;0.2;0.0
FR;24;2021-02-03;218;186;9214;737;0.2;0.0
FR;24;2021-02-04;358;315;9572;1052;0.2;0.0
FR;24;2021-02-05;346;345;9918;1397;0.2;0.0
FR;24;2021-02-06;83;71;10001;1468;0.2;0.0
FR;24;2021-02-07;169;31;10170;1499;0.2;0.0
FR;24;2021-02-08;388;358;10558;1857;0.2;0.0
FR;24;2021-02-09;745;458;11303;2315;0.2;0.0
FR;24;2021-02-10;1093;599;12396;2914;0.2;0.1
FR;24;2021-02-11;1578;724;13974;3638;0.3;0.1
FR;24;2021-02-12;1623;567;15597;4205;0.3;0.1
FR;24;2021-02-13;292;94;15889;4299;0.3;0.1
FR;24;2021-02-14;62;31;15951;4330;0.3;0.1
FR;24;2021-02-15;1040;385;16991;4715;0.3;0.1
FR;24;2021-02-16;1564;585;18555;5300;0.3;0.1
FR;24;2021-02-17;1493;505;20048;5805;0.4;0.1
FR;24;2021-02-18;1946;636;21994;6441;0.4;0.1
FR;24;2021-02-19;1857;569;23851;7010;0.4;0.1
FR;24;2021-02-20;333;89;24184;7099;0.4;0.1
FR;24;2021-02-21;41;19;24225;7118;0.4;0.1
FR;24;2021-02-22;1169;293;25394;7411;0.5;0.1
FR;24;2021-02-23;1588;394;26982;7805;0.5;0.1
FR;24;2021-02-24;1652;340;28634;8145;0.5;0.2
FR;24;2021-02-25;2282;489;30916;8634;0.6;0.2
FR;24;2021-02-26;2200;408;33116;9042;0.6;0.2
FR;24;2021-02-27;533;88;33649;9130;0.6;0.2
FR;24;2021-02-28;92;17;33741;9147;0.6;0.2
FR;24;2021-03-01;1266;243;35007;9390;0.6;0.2
FR;24;2021-03-02;1664;322;36671;9712;0.7;0.2
FR;24;2021-03-03;1760;376;38431;10088;0.7;0.2
FR;24;2021-03-04;2162;539;40593;10627;0.7;0.2
FR;24;2021-03-05;3299;521;43892;11148;0.8;0.2
FR;24;2021-03-06;1720;152;45612;11300;0.8;0.2
FR;24;2021-03-07;985;84;46597;11384;0.9;0.2
FR;24;2021-03-08;1973;261;48570;11645;0.9;0.2
FR;24;2021-03-09;2631;340;51201;11985;0.9;0.2
FR;24;2021-03-10;2445;381;53646;12366;1.0;0.2
FR;24;2021-03-11;2943;533;56589;12899;1.0;0.2
FR;24;2021-03-12;3846;471;60435;13370;1.1;0.2
FR;24;2021-03-13;1494;115;61929;13485;1.1;0.2
FR;24;2021-03-14;533;38;62462;13523;1.2;0.2
FR;24;2021-03-15;1835;266;64297;13789;1.2;0.3
FR;24;2021-03-16;826;316;65123;14105;1.2;0.3
FR;24;2021-03-17;1075;333;66198;14438;1.2;0.3
FR;24;2021-03-18;1300;445;67498;14883;1.2;0.3
FR;24;2021-03-19;1870;378;69368;15261;1.3;0.3
FR;24;2021-03-20;836;90;70204;15351;1.3;0.3
FR;24;2021-03-21;633;74;70837;15425;1.3;0.3
FR;24;2021-03-22;1502;312;72339;15737;1.3;0.3
FR;24;2021-03-23;1800;405;74139;16142;1.4;0.3
FR;24;2021-03-24;2158;372;76297;16514;1.4;0.3
FR;24;2021-03-25;2562;512;78859;17026;1.5;0.3
FR;24;2021-03-26;3163;506;82022;17532;1.5;0.3
FR;24;2021-03-27;1899;211;83921;17743;1.5;0.3
FR;24;2021-03-28;1010;78;84931;17821;1.6;0.3
FR;24;2021-03-29;2448;381;87379;18202;1.6;0.3
FR;24;2021-03-30;3620;538;90999;18740;1.7;0.3
FR;24;2021-03-31;4167;545;95166;19285;1.8;0.4
FR;24;2021-04-01;5415;781;100581;20066;1.9;0.4
FR;24;2021-04-02;4457;650;105038;20716;1.9;0.4
FR;24;2021-04-03;1749;347;106787;21063;2.0;0.4
FR;24;2021-04-04;954;129;107741;21192;2.0;0.4
FR;24;2021-04-05;1099;135;108840;21327;2.0;0.4
FR;24;2021-04-06;3555;597;112395;21924;2.1;0.4
FR;24;2021-04-07;4785;840;117180;22764;2.2;0.4
FR;24;2021-04-08;6376;1130;123556;23894;2.3;0.4
FR;24;2021-04-09;5783;1071;129339;24965;2.4;0.5
FR;24;2021-04-10;2625;571;131964;25536;2.4;0.5
FR;24;2021-04-11;1257;313;133221;25849;2.5;0.5
FR;24;2021-04-12;3444;940;136665;26789;2.5;0.5
FR;24;2021-04-13;4769;1159;141434;27948;2.6;0.5
FR;24;2021-04-14;4960;1319;146394;29267;2.7;0.5
FR;24;2021-04-15;5214;1600;151608;30867;2.8;0.6
FR;24;2021-04-16;4829;1690;156437;32557;2.9;0.6
FR;24;2021-04-17;2138;805;158575;33362;2.9;0.6
FR;24;2021-04-18;724;440;159299;33802;2.9;0.6
FR;24;2021-04-19;2941;1520;162240;35322;3.0;0.7
FR;24;2021-04-20;3118;2136;165358;37458;3.0;0.7
FR;24;2021-04-21;3438;2482;168796;39940;3.1;0.7
FR;24;2021-04-22;4028;3143;172824;43083;3.2;0.8
FR;24;2021-04-23;4201;3300;177025;46383;3.3;0.9
FR;24;2021-04-24;2397;1687;179422;48070;3.3;0.9
FR;24;2021-04-25;1224;802;180646;48872;3.3;0.9
FR;24;2021-04-26;3089;2185;183735;51057;3.4;0.9
FR;24;2021-04-27;3912;3168;187647;54225;3.5;1.0
FR;24;2021-04-28;4423;3747;192070;57972;3.5;1.1
FR;24;2021-04-29;5493;4457;197563;62429;3.6;1.2
FR;24;2021-04-30;6214;4619;203777;67048;3.8;1.2
FR;24;2021-05-01;3980;1085;207757;68133;3.8;1.3
FR;24;2021-05-02;2774;904;210531;69037;3.9;1.3
FR;24;2021-05-03;6317;4139;216848;73176;4.0;1.3
FR;24;2021-05-04;7540;4721;224388;77897;4.1;1.4
FR;24;2021-05-05;8732;4978;233120;82875;4.3;1.5
FR;24;2021-05-06;10863;6391;243983;89266;4.5;1.6
FR;24;2021-05-07;12070;6434;256053;95700;4.7;1.8
FR;24;2021-05-08;9955;2547;266008;98247;4.9;1.8
FR;24;2021-05-09;6871;1938;272879;100185;5.0;1.8
FR;24;2021-05-10;11049;4968;283928;105153;5.2;1.9
FR;24;2021-05-11;15529;5776;299457;110929;5.5;2.0
FR;24;2021-05-12;22759;6169;322216;117098;5.9;2.2
FR;24;2021-05-13;27549;3057;349765;120155;6.4;2.2
FR;24;2021-05-14;32189;5535;381954;125690;7.0;2.3
FR;24;2021-05-15;33811;3975;415765;129665;7.7;2.4
FR;24;2021-05-16;21890;1984;437655;131649;8.1;2.4
FR;24;2021-05-17;29415;5235;467070;136884;8.6;2.5
FR;24;2021-05-18;37690;6041;504760;142925;9.3;2.6
FR;24;2021-05-19;39798;7035;544558;149960;10.0;2.8
FR;24;2021-05-20;45576;7407;590134;157367;10.9;2.9
FR;24;2021-05-21;46804;7169;636938;164536;11.7;3.0
FR;24;2021-05-22;44519;4480;681457;169016;12.6;3.1
FR;24;2021-05-23;23909;2297;705366;171313;13.0;3.2
FR;24;2021-05-24;34311;3570;739677;174883;13.6;3.2
FR;24;2021-05-25;44586;7762;784263;182645;14.5;3.4
FR;24;2021-05-26;45206;7267;829469;189912;15.3;3.5
FR;24;2021-05-27;51567;8432;881036;198344;16.2;3.7
FR;24;2021-05-28;48235;8850;929271;207194;17.1;3.8
FR;24;2021-05-29;43840;5851;973111;213045;17.9;3.9
FR;24;2021-05-30;18269;2220;991380;215265;18.3;4.0
FR;24;2021-05-31;51454;8117;1042834;223382;19.2;4.1
FR;24;2021-06-01;59036;9997;1101870;233379;20.3;4.3
FR;24;2021-06-02;60109;9362;1161979;242741;21.4;4.5
FR;24;2021-06-03;66865;10347;1228844;253088;22.7;4.7
FR;24;2021-06-04;63981;10483;1292825;263571;23.8;4.9
FR;24;2021-06-05;54340;7582;1347165;271153;24.8;5.0
FR;29;2020-12-27;0;0;0;0;0.0;0.0
FR;29;2020-12-28;1;0;1;0;0.0;0.0
FR;29;2020-12-29;0;0;1;0;0.0;0.0
FR;29;2020-12-30;0;0;1;0;0.0;0.0
FR;29;2020-12-31;1;0;2;0;0.0;0.0
FR;29;2021-01-01;2;0;4;0;0.0;0.0
FR;29;2021-01-02;3;0;7;0;0.0;0.0
FR;29;2021-01-03;2;0;9;0;0.0;0.0
FR;29;2021-01-04;10;0;19;0;0.0;0.0
FR;29;2021-01-05;42;0;61;0;0.0;0.0
FR;29;2021-01-06;142;0;203;0;0.0;0.0
FR;29;2021-01-07;307;2;510;2;0.0;0.0
FR;29;2021-01-08;518;4;1028;6;0.0;0.0
FR;29;2021-01-09;113;0;1141;6;0.0;0.0
FR;29;2021-01-10;91;1;1232;7;0.0;0.0
FR;29;2021-01-11;644;4;1876;11;0.1;0.0
FR;29;2021-01-12;933;14;2809;25;0.1;0.0
FR;29;2021-01-13;1216;12;4025;37;0.1;0.0
FR;29;2021-01-14;1565;15;5590;52;0.2;0.0
FR;29;2021-01-15;1314;7;6904;59;0.2;0.0
FR;29;2021-01-16;193;4;7097;63;0.2;0.0
FR;29;2021-01-17;158;0;7255;63;0.2;0.0
FR;29;2021-01-18;1039;11;8294;74;0.2;0.0
FR;29;2021-01-19;1149;6;9443;80;0.3;0.0
FR;29;2021-01-20;1198;7;10641;87;0.3;0.0
FR;29;2021-01-21;1460;7;12101;94;0.3;0.0
FR;29;2021-01-22;1151;11;13252;105;0.4;0.0
FR;29;2021-01-23;170;2;13422;107;0.4;0.0
FR;29;2021-01-24;52;0;13474;107;0.4;0.0
FR;29;2021-01-25;540;17;14014;124;0.4;0.0
FR;29;2021-01-26;666;35;14680;159;0.4;0.0
FR;29;2021-01-27;722;62;15402;221;0.4;0.0
FR;29;2021-01-28;1036;122;16438;343;0.4;0.0
FR;29;2021-01-29;803;171;17241;514;0.5;0.0
FR;29;2021-01-30;141;40;17382;554;0.5;0.0
FR;29;2021-01-31;34;26;17416;580;0.5;0.0
FR;29;2021-02-01;263;293;17679;873;0.5;0.0
FR;29;2021-02-02;410;372;18089;1245;0.5;0.0
FR;29;2021-02-03;456;459;18545;1704;0.5;0.0
FR;29;2021-02-04;610;717;19155;2421;0.5;0.1
FR;29;2021-02-05;533;749;19688;3170;0.5;0.1
FR;29;2021-02-06;141;108;19829;3278;0.5;0.1
FR;29;2021-02-07;304;66;20133;3344;0.5;0.1
FR;29;2021-02-08;604;806;20737;4150;0.6;0.1
FR;29;2021-02-09;1253;1023;21990;5173;0.6;0.1
FR;29;2021-02-10;1714;1137;23704;6310;0.6;0.2
FR;29;2021-02-11;2466;1429;26170;7739;0.7;0.2
FR;29;2021-02-12;2221;1228;28391;8967;0.8;0.2
FR;29;2021-02-13;427;156;28818;9123;0.8;0.2
FR;29;2021-02-14;134;81;28952;9204;0.8;0.2
FR;29;2021-02-15;1571;801;30523;10005;0.8;0.3
FR;29;2021-02-16;1924;1158;32447;11163;0.9;0.3
FR;29;2021-02-17;1888;947;34335;12110;0.9;0.3
FR;29;2021-02-18;2394;1164;36729;13274;1.0;0.4
FR;29;2021-02-19;2321;947;39050;14221;1.1;0.4
FR;29;2021-02-20;383;124;39433;14345;1.1;0.4
FR;29;2021-02-21;86;43;39519;14388;1.1;0.4
FR;29;2021-02-22;1362;533;40881;14921;1.1;0.4
FR;29;2021-02-23;1761;653;42642;15574;1.1;0.4
FR;29;2021-02-24;1788;541;44430;16115;1.2;0.4
FR;29;2021-02-25;2403;943;46833;17058;1.3;0.5
FR;29;2021-02-26;2578;668;49411;17726;1.3;0.5
FR;29;2021-02-27;606;110;50017;17836;1.3;0.5
FR;29;2021-02-28;112;28;50129;17864;1.3;0.5
FR;29;2021-03-01;1307;355;51436;18219;1.4;0.5
FR;29;2021-03-02;1804;601;53240;18820;1.4;0.5
FR;29;2021-03-03;1987;602;55227;19422;1.5;0.5
FR;29;2021-03-04;2493;773;57720;20195;1.6;0.5
FR;29;2021-03-05;3618;721;61338;20916;1.7;0.6
FR;29;2021-03-06;1644;149;62982;21065;1.7;0.6
FR;29;2021-03-07;820;100;63802;21165;1.7;0.6
FR;29;2021-03-08;1957;403;65759;21568;1.8;0.6
FR;29;2021-03-09;2662;499;68421;22067;1.8;0.6
FR;29;2021-03-10;2581;526;71002;22593;1.9;0.6
FR;29;2021-03-11;3358;838;74360;23431;2.0;0.6
FR;29;2021-03-12;3982;745;78342;24176;2.1;0.7
FR;29;2021-03-13;1633;146;79975;24322;2.2;0.7
FR;29;2021-03-14;564;63;80539;24385;2.2;0.7
FR;29;2021-03-15;1890;377;82429;24762;2.2;0.7
FR;29;2021-03-16;1120;506;83549;25268;2.2;0.7
FR;29;2021-03-17;1376;507;84925;25775;2.3;0.7
FR;29;2021-03-18;1647;686;86572;26461;2.3;0.7
FR;29;2021-03-19;2235;570;88807;27031;2.4;0.7
FR;29;2021-03-20;987;131;89794;27162;2.4;0.7
FR;29;2021-03-21;724;63;90518;27225;2.4;0.7
FR;29;2021-03-22;1659;411;92177;27636;2.5;0.7
FR;29;2021-03-23;2211;608;94388;28244;2.5;0.8
FR;29;2021-03-24;2533;575;96921;28819;2.6;0.8
FR;29;2021-03-25;3383;699;100304;29518;2.7;0.8
FR;29;2021-03-26;3730;720;104034;30238;2.8;0.8
FR;29;2021-03-27;2148;267;106182;30505;2.9;0.8
FR;29;2021-03-28;963;70;107145;30575;2.9;0.8
FR;29;2021-03-29;2760;541;109905;31116;3.0;0.8
FR;29;2021-03-30;3992;730;113897;31846;3.1;0.9
FR;29;2021-03-31;4529;824;118426;32670;3.2;0.9
FR;29;2021-04-01;5868;1026;124294;33696;3.3;0.9
FR;29;2021-04-02;4902;935;129196;34631;3.5;0.9
FR;29;2021-04-03;1775;339;130971;34970;3.5;0.9
FR;29;2021-04-04;900;123;131871;35093;3.5;0.9
FR;29;2021-04-05;924;114;132795;35207;3.6;0.9
FR;29;2021-04-06;3503;768;136298;35975;3.7;1.0
FR;29;2021-04-07;4548;1119;140846;37094;3.8;1.0
FR;29;2021-04-08;6276;1476;147122;38570;4.0;1.0
FR;29;2021-04-09;6289;1289;153411;39859;4.1;1.1
FR;29;2021-04-10;2651;628;156062;40487;4.2;1.1
FR;29;2021-04-11;1163;339;157225;40826;4.2;1.1
FR;29;2021-04-12;3598;1045;160823;41871;4.3;1.1
FR;29;2021-04-13;4875;1502;165698;43373;4.5;1.2
FR;29;2021-04-14;4776;1516;170474;44889;4.6;1.2
FR;29;2021-04-15;5609;1825;176083;46714;4.7;1.3
FR;29;2021-04-16;4799;1888;180882;48602;4.9;1.3
FR;29;2021-04-17;2242;918;183124;49520;4.9;1.3
FR;29;2021-04-18;774;519;183898;50039;4.9;1.3
FR;29;2021-04-19;2861;1766;186759;51805;5.0;1.4
FR;29;2021-04-20;3508;2510;190267;54315;5.1;1.5
FR;29;2021-04-21;3480;2787;193747;57102;5.2;1.5
FR;29;2021-04-22;4453;3860;198200;60962;5.3;1.6
FR;29;2021-04-23;4595;3783;202795;64745;5.5;1.7
FR;29;2021-04-24;2699;1829;205494;66574;5.5;1.8
FR;29;2021-04-25;1191;741;206685;67315;5.6;1.8
FR;29;2021-04-26;2976;2468;209661;69783;5.6;1.9
FR;29;2021-04-27;3985;3601;213646;73384;5.7;2.0
FR;29;2021-04-28;4664;4025;218310;77409;5.9;2.1
FR;29;2021-04-29;5894;4972;224204;82381;6.0;2.2
FR;29;2021-04-30;6459;5195;230663;87576;6.2;2.4
FR;29;2021-05-01;4233;1216;234896;88792;6.3;2.4
FR;29;2021-05-02;2624;914;237520;89706;6.4;2.4
FR;29;2021-05-03;6880;4286;244400;93992;6.6;2.5
FR;29;2021-05-04;8163;5194;252563;99186;6.8;2.7
FR;29;2021-05-05;9620;5193;262183;104379;7.1;2.8
FR;29;2021-05-06;11229;6551;273412;110930;7.4;3.0
FR;29;2021-05-07;11716;6621;285128;117551;7.7;3.2
FR;29;2021-05-08;8867;2272;293995;119823;7.9;3.2
FR;29;2021-05-09;5907;1749;299902;121572;8.1;3.3
FR;29;2021-05-10;10659;5305;310561;126877;8.4;3.4
FR;29;2021-05-11;14569;6370;325130;133247;8.7;3.6
FR;29;2021-05-12;19971;6322;345101;139569;9.3;3.8
FR;29;2021-05-13;19826;2362;364927;141931;9.8;3.8
FR;29;2021-05-14;22407;4401;387334;146332;10.4;3.9
FR;29;2021-05-15;21314;2957;408648;149289;11.0;4.0
FR;29;2021-05-16;13398;1344;422046;150633;11.4;4.1
FR;29;2021-05-17;21506;4970;443552;155603;11.9;4.2
FR;29;2021-05-18;28273;5711;471825;161314;12.7;4.3
FR;29;2021-05-19;28825;5960;500650;167274;13.5;4.5
FR;29;2021-05-20;32675;6533;533325;173807;14.3;4.7
FR;29;2021-05-21;31732;6166;565057;179973;15.2;4.8
FR;29;2021-05-22;26096;3027;591153;183000;15.9;4.9
FR;29;2021-05-23;14154;1491;605307;184491;16.3;5.0
FR;29;2021-05-24;22525;2643;627832;187134;16.9;5.0
FR;29;2021-05-25;30511;6562;658343;193696;17.7;5.2
FR;29;2021-05-26;32330;6589;690673;200285;18.6;5.4
FR;29;2021-05-27;35460;7600;726133;207885;19.5;5.6
FR;29;2021-05-28;32980;7878;759113;215763;20.4;5.8
FR;29;2021-05-29;26500;4246;785613;220009;21.1;5.9
FR;29;2021-05-30;11772;1631;797385;221640;21.5;6.0
FR;29;2021-05-31;33381;6781;830766;228421;22.4;6.1
FR;29;2021-06-01;38306;8191;869072;236612;23.4;6.4
FR;29;2021-06-02;38506;7743;907578;244355;24.4;6.6
FR;29;2021-06-03;43610;8775;951188;253130;25.6;6.8
FR;29;2021-06-04;42161;8982;993349;262112;26.7;7.1
FR;29;2021-06-05;31351;5542;1024700;267654;27.6;7.2
FR;39;2020-12-27;0;0;0;0;0.0;0.0
FR;39;2020-12-28;0;0;0;0;0.0;0.0
FR;39;2020-12-29;1;0;1;0;0.0;0.0
FR;39;2020-12-30;4;0;5;0;0.0;0.0
FR;39;2020-12-31;1;0;6;0;0.0;0.0
FR;39;2021-01-01;4;0;10;0;0.0;0.0
FR;39;2021-01-02;2;1;12;1;0.0;0.0
FR;39;2021-01-03;2;0;14;1;0.0;0.0
FR;39;2021-01-04;23;0;37;1;0.0;0.0
FR;39;2021-01-05;140;0;177;1;0.0;0.0
FR;39;2021-01-06;385;0;562;1;0.0;0.0
FR;39;2021-01-07;1176;6;1738;7;0.0;0.0
FR;39;2021-01-08;1787;4;3525;11;0.0;0.0
FR;39;2021-01-09;473;0;3998;11;0.0;0.0
FR;39;2021-01-10;308;2;4306;13;0.1;0.0
FR;39;2021-01-11;2212;11;6518;24;0.1;0.0
FR;39;2021-01-12;3406;21;9924;45;0.1;0.0
FR;39;2021-01-13;3497;17;13421;62;0.2;0.0
FR;39;2021-01-14;4782;56;18203;118;0.2;0.0
FR;39;2021-01-15;4398;24;22601;142;0.3;0.0
FR;39;2021-01-16;769;4;23370;146;0.3;0.0
FR;39;2021-01-17;492;4;23862;150;0.3;0.0
FR;39;2021-01-18;3074;34;26936;184;0.3;0.0
FR;39;2021-01-19;4008;18;30944;202;0.4;0.0
FR;39;2021-01-20;3906;21;34850;223;0.4;0.0
FR;39;2021-01-21;5147;22;39997;245;0.5;0.0
FR;39;2021-01-22;3972;33;43969;278;0.5;0.0
FR;39;2021-01-23;592;3;44561;281;0.5;0.0
FR;39;2021-01-24;184;0;44745;281;0.5;0.0
FR;39;2021-01-25;1595;44;46340;325;0.6;0.0
FR;39;2021-01-26;2168;101;48508;426;0.6;0.0
FR;39;2021-01-27;2284;215;50792;641;0.6;0.0
FR;39;2021-01-28;3480;471;54272;1112;0.7;0.0
FR;39;2021-01-29;2676;696;56948;1808;0.7;0.0
FR;39;2021-01-30;395;215;57343;2023;0.7;0.0
FR;39;2021-01-31;89;78;57432;2101;0.7;0.0
FR;39;2021-02-01;752;1058;58184;3159;0.7;0.0
FR;39;2021-02-02;1334;1648;59518;4807;0.7;0.1
FR;39;2021-02-03;1360;1661;60878;6468;0.7;0.1
FR;39;2021-02-04;1984;2535;62862;9003;0.8;0.1
FR;39;2021-02-05;1644;2704;64506;11707;0.8;0.1
FR;39;2021-02-06;399;433;64905;12140;0.8;0.1
FR;39;2021-02-07;553;209;65458;12349;0.8;0.1
FR;39;2021-02-08;1517;2426;66975;14775;0.8;0.2
FR;39;2021-02-09;3171;3377;70146;18152;0.8;0.2
FR;39;2021-02-10;3889;3528;74035;21680;0.9;0.3
FR;39;2021-02-11;6164;4869;80199;26549;1.0;0.3
FR;39;2021-02-12;5819;4001;86018;30550;1.0;0.4
FR;39;2021-02-13;1240;547;87258;31097;1.1;0.4
FR;39;2021-02-14;387;266;87645;31363;1.1;0.4
FR;39;2021-02-15;3419;2395;91064;33758;1.1;0.4
FR;39;2021-02-16;4419;3361;95483;37119;1.2;0.4
FR;39;2021-02-17;3990;2869;99473;39988;1.2;0.5
FR;39;2021-02-18;5971;3890;105444;43878;1.3;0.5
FR;39;2021-02-19;5851;3091;111295;46969;1.3;0.6
FR;39;2021-02-20;1140;476;112435;47445;1.4;0.6
FR;39;2021-02-21;187;122;112622;47567;1.4;0.6
FR;39;2021-02-22;3006;1670;115628;49237;1.4;0.6
FR;39;2021-02-23;3927;1930;119555;51167;1.4;0.6
FR;39;2021-02-24;3725;1727;123280;52894;1.5;0.6
FR;39;2021-02-25;5615;2552;128895;55446;1.6;0.7
FR;39;2021-02-26;6101;1946;134996;57392;1.6;0.7
FR;39;2021-02-27;1666;316;136662;57708;1.6;0.7
FR;39;2021-02-28;241;124;136903;57832;1.7;0.7
FR;39;2021-03-01;2959;1019;139862;58851;1.7;0.7
FR;39;2021-03-02;4268;1641;144130;60492;1.7;0.7
FR;39;2021-03-03;4260;1555;148390;62047;1.8;0.7
FR;39;2021-03-04;6325;2342;154715;64389;1.9;0.8
FR;39;2021-03-05;9162;2150;163877;66539;2.0;0.8
FR;39;2021-03-06;4962;437;168839;66976;2.0;0.8
FR;39;2021-03-07;2650;270;171489;67246;2.1;0.8
FR;39;2021-03-08;4692;1137;176181;68383;2.1;0.8
FR;39;2021-03-09;6936;1552;183117;69935;2.2;0.8
FR;39;2021-03-10;6128;1567;189245;71502;2.3;0.9
FR;39;2021-03-11;8722;2462;197967;73964;2.4;0.9
FR;39;2021-03-12;11500;2208;209467;76172;2.5;0.9
FR;39;2021-03-13;5246;453;214713;76625;2.6;0.9
FR;39;2021-03-14;1751;172;216464;76797;2.6;0.9
FR;39;2021-03-15;4790;1060;221254;77857;2.7;0.9
FR;39;2021-03-16;3372;1420;224626;79277;2.7;1.0
FR;39;2021-03-17;3450;1515;228076;80792;2.7;1.0
FR;39;2021-03-18;4651;1998;232727;82790;2.8;1.0
FR;39;2021-03-19;6283;1670;239010;84460;2.9;1.0
FR;39;2021-03-20;3174;379;242184;84839;2.9;1.0
FR;39;2021-03-21;2072;173;244256;85012;2.9;1.0
FR;39;2021-03-22;4449;1117;248705;86129;3.0;1.0
FR;39;2021-03-23;6168;1678;254873;87807;3.1;1.1
FR;39;2021-03-24;6322;1386;261195;89193;3.1;1.1
FR;39;2021-03-25;9062;1761;270257;90954;3.3;1.1
FR;39;2021-03-26;10650;1758;280907;92712;3.4;1.1
FR;39;2021-03-27;5996;658;286903;93370;3.5;1.1
FR;39;2021-03-28;2737;187;289640;93557;3.5;1.1
FR;39;2021-03-29;7192;1315;296832;94872;3.6;1.1
FR;39;2021-03-30;10550;1924;307382;96796;3.7;1.2
FR;39;2021-03-31;11205;1893;318587;98689;3.8;1.2
FR;39;2021-04-01;15038;2698;333625;101387;4.0;1.2
FR;39;2021-04-02;13282;2513;346907;103900;4.2;1.3
FR;39;2021-04-03;5605;1026;352512;104926;4.2;1.3
FR;39;2021-04-04;2526;350;355038;105276;4.3;1.3
FR;39;2021-04-05;2537;329;357575;105605;4.3;1.3
FR;39;2021-04-06;9298;2322;366873;107927;4.4;1.3
FR;39;2021-04-07;12198;2781;379071;110708;4.6;1.3
FR;39;2021-04-08;16888;3765;395959;114473;4.8;1.4
FR;39;2021-04-09;16915;3660;412874;118133;5.0;1.4
FR;39;2021-04-10;7413;1954;420287;120087;5.1;1.4
FR;39;2021-04-11;2990;985;423277;121072;5.1;1.5
FR;39;2021-04-12;9624;2771;432901;123843;5.2;1.5
FR;39;2021-04-13;12973;4043;445874;127886;5.4;1.5
FR;39;2021-04-14;12928;3876;458802;131762;5.5;1.6
FR;39;2021-04-15;14838;4853;473640;136615;5.7;1.6
FR;39;2021-04-16;12805;5319;486445;141934;5.9;1.7
FR;39;2021-04-17;6148;2733;492593;144667;5.9;1.7
FR;39;2021-04-18;2272;1559;494865;146226;6.0;1.8
FR;39;2021-04-19;7933;4722;502798;150948;6.1;1.8
FR;39;2021-04-20;9492;6748;512290;157696;6.2;1.9
FR;39;2021-04-21;10331;7218;522621;164914;6.3;2.0
FR;39;2021-04-22;11939;10372;534560;175286;6.4;2.1
FR;39;2021-04-23;12279;10556;546839;185842;6.6;2.2
FR;39;2021-04-24;7854;5107;554693;190949;6.7;2.3
FR;39;2021-04-25;3517;2169;558210;193118;6.7;2.3
FR;39;2021-04-26;8675;6975;566885;200093;6.8;2.4
FR;39;2021-04-27;11871;9586;578756;209679;7.0;2.5
FR;39;2021-04-28;13253;10096;592009;219775;7.1;2.6
FR;39;2021-04-29;17349;12988;609358;232763;7.3;2.8
FR;39;2021-04-30;19873;13297;629231;246060;7.6;3.0
FR;39;2021-05-01;13585;3559;642816;249619;7.7;3.0
FR;39;2021-05-02;9352;2509;652168;252128;7.9;3.0
FR;39;2021-05-03;22539;11330;674707;263458;8.1;3.2
FR;39;2021-05-04;27048;13985;701755;277443;8.5;3.3
FR;39;2021-05-05;30874;14318;732629;291761;8.8;3.5
FR;39;2021-05-06;37194;17741;769823;309502;9.3;3.7
FR;39;2021-05-07;38681;18572;808504;328074;9.7;4.0
FR;39;2021-05-08;28976;5671;837480;333745;10.1;4.0
FR;39;2021-05-09;18775;4313;856255;338058;10.3;4.1
FR;39;2021-05-10;33990;14553;890245;352611;10.7;4.3
FR;39;2021-05-11;44302;17184;934547;369795;11.3;4.5
FR;39;2021-05-12;56472;16281;991019;386076;11.9;4.7
FR;39;2021-05-13;53467;5653;1044486;391729;12.6;4.7
FR;39;2021-05-14;62223;11045;1106709;402774;13.3;4.9
FR;39;2021-05-15;56432;6923;1163141;409697;14.0;4.9
FR;39;2021-05-16;36066;3123;1199207;412820;14.5;5.0
FR;39;2021-05-17;56460;11960;1255667;424780;15.1;5.1
FR;39;2021-05-18;71147;13653;1326814;438433;16.0;5.3
FR;39;2021-05-19;74473;14128;1401287;452561;16.9;5.5
FR;39;2021-05-20;83023;14969;1484310;467530;17.9;5.6
FR;39;2021-05-21;82017;14956;1566327;482486;18.9;5.8
FR;39;2021-05-22;63623;7434;1629950;489920;19.6;5.9
FR;39;2021-05-23;33972;3309;1663922;493229;20.1;5.9
FR;39;2021-05-24;52273;5377;1716195;498606;20.7;6.0
FR;39;2021-05-25;73536;15816;1789731;514422;21.6;6.2
FR;39;2021-05-26;76258;15825;1865989;530247;22.5;6.4
FR;39;2021-05-27;84477;17894;1950466;548141;23.5;6.6
FR;39;2021-05-28;78323;19457;2028789;567598;24.5;6.8
FR;39;2021-05-29;57674;10100;2086463;577698;25.2;7.0
FR;39;2021-05-30;24475;3650;2110938;581348;25.4;7.0
FR;39;2021-05-31;74406;15811;2185344;597159;26.3;7.2
FR;39;2021-06-01;85608;19573;2270952;616732;27.4;7.4
FR;39;2021-06-02;85381;18868;2356333;635600;28.4;7.7
FR;39;2021-06-03;96902;21410;2453235;657010;29.6;7.9
FR;39;2021-06-04;94812;22811;2548047;679821;30.7;8.2
FR;39;2021-06-05;63298;13477;2611345;693298;31.5;8.4
FR;49;2020-12-27;2;0;2;0;0.0;0.0
FR;49;2020-12-28;3;0;5;0;0.0;0.0
FR;49;2020-12-29;1;0;6;0;0.0;0.0
FR;49;2020-12-30;6;0;12;0;0.0;0.0
FR;49;2020-12-31;1;0;13;0;0.0;0.0
FR;49;2021-01-01;3;0;16;0;0.0;0.0
FR;49;2021-01-02;11;0;27;0;0.0;0.0
FR;49;2021-01-03;5;0;32;0;0.0;0.0
FR;49;2021-01-04;86;0;118;0;0.0;0.0
FR;49;2021-01-05;338;1;456;1;0.0;0.0
FR;49;2021-01-06;857;5;1313;6;0.0;0.0
FR;49;2021-01-07;2158;7;3471;13;0.0;0.0
FR;49;2021-01-08;3378;9;6849;22;0.1;0.0
FR;49;2021-01-09;1001;1;7850;23;0.1;0.0
FR;49;2021-01-10;473;2;8323;25;0.1;0.0
FR;49;2021-01-11;4172;17;12495;42;0.1;0.0
FR;49;2021-01-12;5862;17;18357;59;0.2;0.0
FR;49;2021-01-13;6159;20;24516;79;0.3;0.0
FR;49;2021-01-14;8335;78;32851;157;0.4;0.0
FR;49;2021-01-15;7614;32;40465;189;0.5;0.0
FR;49;2021-01-16;1424;9;41889;198;0.5;0.0
FR;49;2021-01-17;621;6;42510;204;0.5;0.0
FR;49;2021-01-18;5058;31;47568;235;0.6;0.0
FR;49;2021-01-19;6823;27;54391;262;0.6;0.0
FR;49;2021-01-20;6629;32;61020;294;0.7;0.0
FR;49;2021-01-21;8410;35;69430;329;0.8;0.0
FR;49;2021-01-22;6266;39;75696;368;0.9;0.0
FR;49;2021-01-23;1016;7;76712;375;0.9;0.0
FR;49;2021-01-24;282;3;76994;378;0.9;0.0
FR;49;2021-01-25;2622;102;79616;480;0.9;0.0
FR;49;2021-01-26;3731;228;83347;708;1.0;0.0
FR;49;2021-01-27;3984;393;87331;1101;1.0;0.0
FR;49;2021-01-28;5547;989;92878;2090;1.1;0.0
FR;49;2021-01-29;4401;1564;97279;3654;1.1;0.0
FR;49;2021-01-30;693;377;97972;4031;1.1;0.0
FR;49;2021-01-31;137;125;98109;4156;1.1;0.0
FR;49;2021-02-01;1371;2090;99480;6246;1.2;0.1
FR;49;2021-02-02;2288;3202;101768;9448;1.2;0.1
FR;49;2021-02-03;2304;3381;104072;12829;1.2;0.1
FR;49;2021-02-04;3373;4778;107445;17607;1.3;0.2
FR;49;2021-02-05;2793;4891;110238;22498;1.3;0.3
FR;49;2021-02-06;570;890;110808;23388;1.3;0.3
FR;49;2021-02-07;519;293;111327;23681;1.3;0.3
FR;49;2021-02-08;1939;4060;113266;27741;1.3;0.3
FR;49;2021-02-09;4344;5756;117610;33497;1.4;0.4
FR;49;2021-02-10;5496;6072;123106;39569;1.4;0.5
FR;49;2021-02-11;7997;7998;131103;47567;1.5;0.6
FR;49;2021-02-12;7303;6474;138406;54041;1.6;0.6
FR;49;2021-02-13;1698;1027;140104;55068;1.6;0.6
FR;49;2021-02-14;408;407;140512;55475;1.6;0.6
FR;49;2021-02-15;4128;3896;144640;59371;1.7;0.7
FR;49;2021-02-16;5383;5351;150023;64722;1.7;0.8
FR;49;2021-02-17;5139;4671;155162;69393;1.8;0.8
FR;49;2021-02-18;7483;6213;162645;75606;1.9;0.9
FR;49;2021-02-19;7070;4905;169715;80511;2.0;0.9
FR;49;2021-02-20;1493;804;171208;81315;2.0;0.9
FR;49;2021-02-21;279;226;171487;81541;2.0;0.9
FR;49;2021-02-22;3532;2663;175019;84204;2.0;1.0
FR;49;2021-02-23;4879;3138;179898;87342;2.1;1.0
FR;49;2021-02-24;4899;2855;184797;90197;2.2;1.0
FR;49;2021-02-25;7565;4198;192362;94395;2.2;1.1
FR;49;2021-02-26;8273;3187;200635;97582;2.3;1.1
FR;49;2021-02-27;2686;573;203321;98155;2.4;1.1
FR;49;2021-02-28;334;137;203655;98292;2.4;1.1
FR;49;2021-03-01;3840;1651;207495;99943;2.4;1.2
FR;49;2021-03-02;5801;2505;213296;102448;2.5;1.2
FR;49;2021-03-03;6028;2539;219324;104987;2.6;1.2
FR;49;2021-03-04;8944;3501;228268;108488;2.7;1.3
FR;49;2021-03-05;12569;3290;240837;111778;2.8;1.3
FR;49;2021-03-06;8622;644;249459;112422;2.9;1.3
FR;49;2021-03-07;4686;412;254145;112834;3.0;1.3
FR;49;2021-03-08;6413;1694;260558;114528;3.0;1.3
FR;49;2021-03-09;9570;2333;270128;116861;3.1;1.4
FR;49;2021-03-10;8993;2367;279121;119228;3.2;1.4
FR;49;2021-03-11;12844;3480;291965;122708;3.4;1.4
FR;49;2021-03-12;16468;2986;308433;125694;3.6;1.5
FR;49;2021-03-13;9553;649;317986;126343;3.7;1.5
FR;49;2021-03-14;3133;250;321119;126593;3.7;1.5
FR;49;2021-03-15;6886;1464;328005;128057;3.8;1.5
FR;49;2021-03-16;4632;2143;332637;130200;3.9;1.5
FR;49;2021-03-17;5177;2020;337814;132220;3.9;1.5
FR;49;2021-03-18;6543;2806;344357;135026;4.0;1.6
FR;49;2021-03-19;9521;2319;353878;137345;4.1;1.6
FR;49;2021-03-20;5871;577;359749;137922;4.2;1.6
FR;49;2021-03-21;3144;219;362893;138141;4.2;1.6
FR;49;2021-03-22;6298;1487;369191;139628;4.3;1.6
FR;49;2021-03-23;8594;2162;377785;141790;4.4;1.7
FR;49;2021-03-24;9514;1990;387299;143780;4.5;1.7
FR;49;2021-03-25;12340;2374;399639;146154;4.7;1.7
FR;49;2021-03-26;14706;2340;414345;148494;4.8;1.7
FR;49;2021-03-27;9355;866;423700;149360;4.9;1.7
FR;49;2021-03-28;3848;302;427548;149662;5.0;1.7
FR;49;2021-03-29;9880;1857;437428;151519;5.1;1.8
FR;49;2021-03-30;14265;2680;451693;154199;5.3;1.8
FR;49;2021-03-31;15549;2799;467242;156998;5.4;1.8
FR;49;2021-04-01;19866;3724;487108;160722;5.7;1.9
FR;49;2021-04-02;17455;3457;504563;164179;5.9;1.9
FR;49;2021-04-03;9325;1826;513888;166005;6.0;1.9
FR;49;2021-04-04;4115;622;518003;166627;6.0;1.9
FR;49;2021-04-05;4206;533;522209;167160;6.1;1.9
FR;49;2021-04-06;13177;3376;535386;170536;6.2;2.0
FR;49;2021-04-07;17658;4257;553044;174793;6.4;2.0
FR;49;2021-04-08;22413;5193;575457;179986;6.7;2.1
FR;49;2021-04-09;23498;5354;598955;185340;7.0;2.2
FR;49;2021-04-10;12415;3398;611370;188738;7.1;2.2
FR;49;2021-04-11;4471;1680;615841;190418;7.2;2.2
FR;49;2021-04-12;14123;3799;629964;194217;7.3;2.3
FR;49;2021-04-13;18711;5790;648675;200007;7.5;2.3
FR;49;2021-04-14;19392;5972;668067;205979;7.8;2.4
FR;49;2021-04-15;20354;7049;688421;213028;8.0;2.5
FR;49;2021-04-16;17447;7329;705868;220357;8.2;2.6
FR;49;2021-04-17;9882;4664;715750;225021;8.3;2.6
FR;49;2021-04-18;3368;2298;719118;227319;8.4;2.6
FR;49;2021-04-19;11987;6392;731105;233711;8.5;2.7
FR;49;2021-04-20;14145;9038;745250;242749;8.7;2.8
FR;49;2021-04-21;15981;10164;761231;252913;8.9;2.9
FR;49;2021-04-22;17539;13171;778770;266084;9.1;3.1
FR;49;2021-04-23;18076;14110;796846;280194;9.3;3.3
FR;49;2021-04-24;12652;7811;809498;288005;9.4;3.4
FR;49;2021-04-25;5482;3133;814980;291138;9.5;3.4
FR;49;2021-04-26;13620;9957;828600;301095;9.6;3.5
FR;49;2021-04-27;18586;13091;847186;314186;9.9;3.7
FR;49;2021-04-28;22476;14564;869662;328750;10.1;3.8
FR;49;2021-04-29;27503;17289;897165;346039;10.4;4.0
FR;49;2021-04-30;31777;18103;928942;364142;10.8;4.2
FR;49;2021-05-01;24144;5742;953086;369884;11.1;4.3
FR;49;2021-05-02;16509;3869;969595;373753;11.3;4.3
FR;49;2021-05-03;39491;15527;1009086;389280;11.7;4.5
FR;49;2021-05-04;46499;20313;1055585;409593;12.3;4.8
FR;49;2021-05-05;55571;21665;1111156;431258;12.9;5.0
FR;49;2021-05-06;62263;24680;1173419;455938;13.7;5.3
FR;49;2021-05-07;65647;26060;1239066;481998;14.4;5.6
FR;49;2021-05-08;51382;9182;1290448;491180;15.0;5.7
FR;49;2021-05-09;32193;6257;1322641;497437;15.4;5.8
FR;49;2021-05-10;57162;20717;1379803;518154;16.1;6.0
FR;49;2021-05-11;71896;23931;1451699;542085;16.9;6.3
FR;49;2021-05-12;89884;24021;1541583;566106;17.9;6.6
FR;49;2021-05-13;80149;7784;1621732;573890;18.9;6.7
FR;49;2021-05-14;96039;15726;1717771;589616;20.0;6.9
FR;49;2021-05-15;86054;10873;1803825;600489;21.0;7.0
FR;49;2021-05-16;53122;4529;1856947;605018;21.6;7.0
FR;49;2021-05-17;81761;16333;1938708;621351;22.6;7.2
FR;49;2021-05-18;98059;17878;2036767;639229;23.7;7.4
FR;49;2021-05-19;109698;19401;2146465;658630;25.0;7.7
FR;49;2021-05-20;113533;19742;2259998;678372;26.3;7.9
FR;49;2021-05-21;112578;19943;2372576;698315;27.6;8.1
FR;49;2021-05-22;87279;10527;2459855;708842;28.6;8.2
FR;49;2021-05-23;42763;3989;2502618;712831;29.1;8.3
FR;49;2021-05-24;66918;6867;2569536;719698;29.9;8.4
FR;49;2021-05-25;94412;20852;2663948;740550;31.0;8.6
FR;49;2021-05-26;100527;22720;2764475;763270;32.2;8.9
FR;49;2021-05-27;103701;23971;2868176;787241;33.4;9.2
FR;49;2021-05-28;99125;26704;2967301;813945;34.5;9.5
FR;49;2021-05-29;73957;15518;3041258;829463;35.4;9.7
FR;49;2021-05-30;26719;4711;3067977;834174;35.7;9.7
FR;49;2021-05-31;87139;21213;3155116;855387;36.7;10.0
FR;49;2021-06-01;99735;26332;3254851;881719;37.9;10.3
FR;49;2021-06-02;100672;26413;3355523;908132;39.1;10.6
FR;49;2021-06-03;108307;27780;3463830;935912;40.3;10.9
FR;49;2021-06-04;107634;31101;3571464;967013;41.6;11.3
FR;49;2021-06-05;73726;20778;3645190;987791;42.4;11.5
FR;59;2020-12-27;2;0;2;0;0.0;0.0
FR;59;2020-12-28;6;0;8;0;0.0;0.0
FR;59;2020-12-29;2;0;10;0;0.0;0.0
FR;59;2020-12-30;6;0;16;0;0.0;0.0
FR;59;2020-12-31;9;0;25;0;0.0;0.0
FR;59;2021-01-01;25;1;50;1;0.0;0.0
FR;59;2021-01-02;30;0;80;1;0.0;0.0
FR;59;2021-01-03;36;0;116;1;0.0;0.0
FR;59;2021-01-04;595;3;711;4;0.0;0.0
FR;59;2021-01-05;2169;7;2880;11;0.0;0.0
FR;59;2021-01-06;4804;14;7684;25;0.1;0.0
FR;59;2021-01-07;10512;32;18196;57;0.2;0.0
FR;59;2021-01-08;14326;29;32522;86;0.4;0.0
FR;59;2021-01-09;4064;11;36586;97;0.4;0.0
FR;59;2021-01-10;1987;2;38573;99;0.4;0.0
FR;59;2021-01-11;15950;34;54523;133;0.6;0.0
FR;59;2021-01-12;21131;53;75654;186;0.9;0.0
FR;59;2021-01-13;22723;64;98377;250;1.1;0.0
FR;59;2021-01-14;24759;237;123136;487;1.4;0.0
FR;59;2021-01-15;21609;109;144745;596;1.6;0.0
FR;59;2021-01-16;5438;26;150183;622;1.7;0.0
FR;59;2021-01-17;1802;11;151985;633;1.7;0.0
FR;59;2021-01-18;13579;78;165564;711;1.9;0.0
FR;59;2021-01-19;17973;94;183537;805;2.1;0.0
FR;59;2021-01-20;17102;82;200639;887;2.3;0.0
FR;59;2021-01-21;18793;76;219432;963;2.5;0.0
FR;59;2021-01-22;13942;97;233374;1060;2.7;0.0
FR;59;2021-01-23;2960;23;236334;1083;2.7;0.0
FR;59;2021-01-24;845;15;237179;1098;2.7;0.0
FR;59;2021-01-25;6713;619;243892;1717;2.8;0.0
FR;59;2021-01-26;8445;1385;252337;3102;2.9;0.0
FR;59;2021-01-27;8832;2409;261169;5511;3.0;0.1
FR;59;2021-01-28;10503;5054;271672;10565;3.1;0.1
FR;59;2021-01-29;7839;6649;279511;17214;3.2;0.2
FR;59;2021-01-30;1762;1513;281273;18727;3.2;0.2
FR;59;2021-01-31;371;547;281644;19274;3.2;0.2
FR;59;2021-02-01;3166;8741;284810;28015;3.2;0.3
FR;59;2021-02-02;4695;12482;289505;40497;3.3;0.5
FR;59;2021-02-03;4816;13551;294321;54048;3.3;0.6
FR;59;2021-02-04;5940;15900;300261;69948;3.4;0.8
FR;59;2021-02-05;4823;14919;305084;84867;3.5;1.0
FR;59;2021-02-06;1159;2996;306243;87863;3.5;1.0
FR;59;2021-02-07;389;984;306632;88847;3.5;1.0
FR;59;2021-02-08;2758;12475;309390;101322;3.5;1.2
FR;59;2021-02-09;4919;16167;314309;117489;3.6;1.3
FR;59;2021-02-10;5689;16057;319998;133546;3.6;1.5
FR;59;2021-02-11;7658;19719;327656;153265;3.7;1.7
FR;59;2021-02-12;6750;16032;334406;169297;3.8;1.9
FR;59;2021-02-13;1689;3447;336095;172744;3.8;2.0
FR;59;2021-02-14;361;982;336456;173726;3.8;2.0
FR;59;2021-02-15;3269;10536;339725;184262;3.9;2.1
FR;59;2021-02-16;4737;13566;344462;197828;3.9;2.2
FR;59;2021-02-17;4964;12323;349426;210151;4.0;2.4
FR;59;2021-02-18;7069;13855;356495;224006;4.1;2.5
FR;59;2021-02-19;6461;10714;362956;234720;4.1;2.7
FR;59;2021-02-20;1417;2486;364373;237206;4.1;2.7
FR;59;2021-02-21;283;570;364656;237776;4.1;2.7
FR;59;2021-02-22;3253;6368;367909;244144;4.2;2.8
FR;59;2021-02-23;4833;7117;372742;251261;4.2;2.9
FR;59;2021-02-24;6851;6412;379593;257673;4.3;2.9
FR;59;2021-02-25;21206;8513;400799;266186;4.6;3.0
FR;59;2021-02-26;28266;6254;429065;272440;4.9;3.1
FR;59;2021-02-27;17100;1515;446165;273955;5.1;3.1
FR;59;2021-02-28;1110;378;447275;274333;5.1;3.1
FR;59;2021-03-01;8810;3526;456085;277859;5.2;3.2
FR;59;2021-03-02;17167;4915;473252;282774;5.4;3.2
FR;59;2021-03-03;20637;5000;493889;287774;5.6;3.3
FR;59;2021-03-04;32281;5883;526170;293657;6.0;3.3
FR;59;2021-03-05;40870;5436;567040;299093;6.4;3.4
FR;59;2021-03-06;35942;1512;602982;300605;6.9;3.4
FR;59;2021-03-07;14056;1045;617038;301650;7.0;3.4
FR;59;2021-03-08;12258;3178;629296;304828;7.2;3.5
FR;59;2021-03-09;22824;4182;652120;309010;7.4;3.5
FR;59;2021-03-10;23107;4247;675227;313257;7.7;3.6
FR;59;2021-03-11;34290;5436;709517;318693;8.1;3.6
FR;59;2021-03-12;45321;4568;754838;323261;8.6;3.7
FR;59;2021-03-13;36096;1361;790934;324622;9.0;3.7
FR;59;2021-03-14;7169;404;798103;325026;9.1;3.7
FR;59;2021-03-15;14453;2547;812556;327573;9.2;3.7
FR;59;2021-03-16;7893;2962;820449;330535;9.3;3.8
FR;59;2021-03-17;8731;3113;829180;333648;9.4;3.8
FR;59;2021-03-18;10399;3985;839579;337633;9.5;3.8
FR;59;2021-03-19;23413;3529;862992;341162;9.8;3.9
FR;59;2021-03-20;21039;1075;884031;342237;10.1;3.9
FR;59;2021-03-21;6272;384;890303;342621;10.1;3.9
FR;59;2021-03-22;15440;2657;905743;345278;10.3;3.9
FR;59;2021-03-23;25332;3464;931075;348742;10.6;4.0
FR;59;2021-03-24;27941;3470;959016;352212;10.9;4.0
FR;59;2021-03-25;37818;3798;996834;356010;11.3;4.0
FR;59;2021-03-26;42738;4041;1039572;360051;11.8;4.1
FR;59;2021-03-27;26806;1726;1066378;361777;12.1;4.1
FR;59;2021-03-28;7522;457;1073900;362234;12.2;4.1
FR;59;2021-03-29;21627;3318;1095527;365552;12.5;4.2
FR;59;2021-03-30;32056;4296;1127583;369848;12.8;4.2
FR;59;2021-03-31;31317;4603;1158900;374451;13.2;4.3
FR;59;2021-04-01;38290;5766;1197190;380217;13.6;4.3
FR;59;2021-04-02;36804;5702;1233994;385919;14.0;4.4
FR;59;2021-04-03;21278;3443;1255272;389362;14.3;4.4
FR;59;2021-04-04;7339;1211;1262611;390573;14.4;4.4
FR;59;2021-04-05;8255;1084;1270866;391657;14.5;4.5
FR;59;2021-04-06;25639;5864;1296505;397521;14.7;4.5
FR;59;2021-04-07;33799;7103;1330304;404624;15.1;4.6
FR;59;2021-04-08;44881;8428;1375185;413052;15.6;4.7
FR;59;2021-04-09;60564;8951;1435749;422003;16.3;4.8
FR;59;2021-04-10;36355;7051;1472104;429054;16.7;4.9
FR;59;2021-04-11;9729;3507;1481833;432561;16.9;4.9
FR;59;2021-04-12;35184;7372;1517017;439933;17.3;5.0
FR;59;2021-04-13;49695;10099;1566712;450032;17.8;5.1
FR;59;2021-04-14;50016;10119;1616728;460151;18.4;5.2
FR;59;2021-04-15;59345;11694;1676073;471845;19.1;5.4
FR;59;2021-04-16;63110;12358;1739183;484203;19.8;5.5
FR;59;2021-04-17;41360;9666;1780543;493869;20.3;5.6
FR;59;2021-04-18;12276;4634;1792819;498503;20.4;5.7
FR;59;2021-04-19;33150;11142;1825969;509645;20.8;5.8
FR;59;2021-04-20;44556;14676;1870525;524321;21.3;6.0
FR;59;2021-04-21;47165;16420;1917690;540741;21.8;6.1
FR;59;2021-04-22;55631;19457;1973321;560198;22.4;6.4
FR;59;2021-04-23;65099;20715;2038420;580913;23.2;6.6
FR;59;2021-04-24;47459;15532;2085879;596445;23.7;6.8
FR;59;2021-04-25;16624;5448;2102503;601893;23.9;6.8
FR;59;2021-04-26;41210;17460;2143713;619353;24.4;7.0
FR;59;2021-04-27;56443;23226;2200156;642579;25.0;7.3
FR;59;2021-04-28;63993;25840;2264149;668419;25.8;7.6
FR;59;2021-04-29;77929;31550;2342078;699969;26.6;8.0
FR;59;2021-04-30;92313;36430;2434391;736399;27.7;8.4
FR;59;2021-05-01;43438;10943;2477829;747342;28.2;8.5
FR;59;2021-05-02;23425;7254;2501254;754596;28.4;8.6
FR;59;2021-05-03;62568;26215;2563822;780811;29.2;8.9
FR;59;2021-05-04;70918;34312;2634740;815123;30.0;9.3
FR;59;2021-05-05;77225;37274;2711965;852397;30.8;9.7
FR;59;2021-05-06;89282;43549;2801247;895946;31.9;10.2
FR;59;2021-05-07;97825;53835;2899072;949781;33.0;10.8
FR;59;2021-05-08;58495;16438;2957567;966219;33.6;11.0
FR;59;2021-05-09;39243;10331;2996810;976550;34.1;11.1
FR;59;2021-05-10;95153;39982;3091963;1016532;35.2;11.6
FR;59;2021-05-11;125458;49174;3217421;1065706;36.6;12.1
FR;59;2021-05-12;122756;46039;3340177;1111745;38.0;12.6
FR;59;2021-05-13;92534;14333;3432711;1126078;39.0;12.8
FR;59;2021-05-14;128773;34134;3561484;1160212;40.5;13.2
FR;59;2021-05-15;114068;25392;3675552;1185604;41.8;13.5
FR;59;2021-05-16;55255;7117;3730807;1192721;42.4;13.6
FR;59;2021-05-17;105270;30518;3836077;1223239;43.6;13.9
FR;59;2021-05-18;117168;33998;3953245;1257237;45.0;14.3
FR;59;2021-05-19;118389;35311;4071634;1292548;46.3;14.7
FR;59;2021-05-20;122121;42119;4193755;1334667;47.7;15.2
FR;59;2021-05-21;121358;48465;4315113;1383132;49.1;15.7
FR;59;2021-05-22;81669;25274;4396782;1408406;50.0;16.0
FR;59;2021-05-23;31191;5108;4427973;1413514;50.4;16.1
FR;59;2021-05-24;51810;9879;4479783;1423393;50.9;16.2
FR;59;2021-05-25;84251;41847;4564034;1465240;51.9;16.7
FR;59;2021-05-26;82692;44105;4646726;1509345;52.8;17.2
FR;59;2021-05-27;89591;52295;4736317;1561640;53.9;17.8
FR;59;2021-05-28;91240;66471;4827557;1628111;54.9;18.5
FR;59;2021-05-29;60199;39978;4887756;1668089;55.6;19.0
FR;59;2021-05-30;16056;7777;4903812;1675866;55.8;19.1
FR;59;2021-05-31;58324;42325;4962136;1718191;56.4;19.5
FR;59;2021-06-01;67891;53613;5030027;1771804;57.2;20.2
FR;59;2021-06-02;61741;52530;5091768;1824334;57.9;20.7
FR;59;2021-06-03;69249;58175;5161017;1882509;58.7;21.4
FR;59;2021-06-04;70976;71469;5231993;1953978;59.5;22.2
FR;59;2021-06-05;45253;48537;5277246;2002515;60.0;22.8
FR;64;2020-12-27;1;0;1;0;0.0;0.0
FR;64;2020-12-28;1;0;2;0;0.0;0.0
FR;64;2020-12-29;2;0;4;0;0.0;0.0
FR;64;2020-12-30;6;0;10;0;0.0;0.0
FR;64;2020-12-31;5;0;15;0;0.0;0.0
FR;64;2021-01-01;8;0;23;0;0.0;0.0
FR;64;2021-01-02;13;0;36;0;0.0;0.0
FR;64;2021-01-03;18;0;54;0;0.0;0.0
FR;64;2021-01-04;209;2;263;2;0.0;0.0
FR;64;2021-01-05;899;4;1162;6;0.0;0.0
FR;64;2021-01-06;1688;3;2850;9;0.1;0.0
FR;64;2021-01-07;3659;10;6509;19;0.2;0.0
FR;64;2021-01-08;4883;11;11392;30;0.3;0.0
FR;64;2021-01-09;1956;1;13348;31;0.3;0.0
FR;64;2021-01-10;1025;1;14373;32;0.4;0.0
FR;64;2021-01-11;5284;6;19657;38;0.5;0.0
FR;64;2021-01-12;7137;12;26794;50;0.7;0.0
FR;64;2021-01-13;7454;17;34248;67;0.8;0.0
FR;64;2021-01-14;8565;84;42813;151;1.0;0.0
FR;64;2021-01-15;7096;35;49909;186;1.2;0.0
FR;64;2021-01-16;2217;18;52126;204;1.3;0.0
FR;64;2021-01-17;844;10;52970;214;1.3;0.0
FR;64;2021-01-18;4682;17;57652;231;1.4;0.0
FR;64;2021-01-19;6404;22;64056;253;1.6;0.0
FR;64;2021-01-20;6229;33;70285;286;1.7;0.0
FR;64;2021-01-21;6905;24;77190;310;1.9;0.0
FR;64;2021-01-22;5425;29;82615;339;2.0;0.0
FR;64;2021-01-23;1413;12;84028;351;2.0;0.0
FR;64;2021-01-24;433;8;84461;359;2.1;0.0
FR;64;2021-01-25;2773;203;87234;562;2.1;0.0
FR;64;2021-01-26;3540;494;90774;1056;2.2;0.0
FR;64;2021-01-27;3770;884;94544;1940;2.3;0.0
FR;64;2021-01-28;4571;1754;99115;3694;2.4;0.1
FR;64;2021-01-29;3529;2328;102644;6022;2.5;0.1
FR;64;2021-01-30;840;707;103484;6729;2.5;0.2
FR;64;2021-01-31;172;279;103656;7008;2.5;0.2
FR;64;2021-02-01;1526;2868;105182;9876;2.6;0.2
FR;64;2021-02-02;2155;4144;107337;14020;2.6;0.3
FR;64;2021-02-03;2306;4364;109643;18384;2.7;0.4
FR;64;2021-02-04;2821;5505;112464;23889;2.7;0.6
FR;64;2021-02-05;2192;4971;114656;28860;2.8;0.7
FR;64;2021-02-06;664;1305;115320;30165;2.8;0.7
FR;64;2021-02-07;164;493;115484;30658;2.8;0.7
FR;64;2021-02-08;1482;4196;116966;34854;2.9;0.8
FR;64;2021-02-09;2364;5665;119330;40519;2.9;1.0
FR;64;2021-02-10;2568;5671;121898;46190;3.0;1.1
FR;64;2021-02-11;3462;7225;125360;53415;3.1;1.3
FR;64;2021-02-12;3113;5446;128473;58861;3.1;1.4
FR;64;2021-02-13;843;1446;129316;60307;3.2;1.5
FR;64;2021-02-14;195;436;129511;60743;3.2;1.5
FR;64;2021-02-15;1592;3885;131103;64628;3.2;1.6
FR;64;2021-02-16;2086;5141;133189;69769;3.2;1.7
FR;64;2021-02-17;2212;4635;135401;74404;3.3;1.8
FR;64;2021-02-18;3237;5450;138638;79854;3.4;1.9
FR;64;2021-02-19;3003;4209;141641;84063;3.5;2.0
FR;64;2021-02-20;808;1201;142449;85264;3.5;2.1
FR;64;2021-02-21;135;255;142584;85519;3.5;2.1
FR;64;2021-02-22;1489;2665;144073;88184;3.5;2.1
FR;64;2021-02-23;2405;2911;146478;91095;3.6;2.2
FR;64;2021-02-24;3868;2851;150346;93946;3.7;2.3
FR;64;2021-02-25;16036;3855;166382;97801;4.1;2.4
FR;64;2021-02-26;21832;2789;188214;100590;4.6;2.5
FR;64;2021-02-27;13078;770;201292;101360;4.9;2.5
FR;64;2021-02-28;796;174;202088;101534;4.9;2.5
FR;64;2021-03-01;6568;1756;208656;103290;5.1;2.5
FR;64;2021-03-02;13148;2350;221804;105640;5.4;2.6
FR;64;2021-03-03;15948;2386;237752;108026;5.8;2.6
FR;64;2021-03-04;25227;2894;262979;110920;6.4;2.7
FR;64;2021-03-05;30506;2696;293485;113616;7.2;2.8
FR;64;2021-03-06;26815;812;320300;114428;7.8;2.8
FR;64;2021-03-07;9877;532;330177;114960;8.0;2.8
FR;64;2021-03-08;8803;1800;338980;116760;8.3;2.8
FR;64;2021-03-09;16826;2047;355806;118807;8.7;2.9
FR;64;2021-03-10;17061;2183;372867;120990;9.1;2.9
FR;64;2021-03-11;25949;2859;398816;123849;9.7;3.0
FR;64;2021-03-12;33478;2444;432294;126293;10.5;3.1
FR;64;2021-03-13;27349;796;459643;127089;11.2;3.1
FR;64;2021-03-14;5429;199;465072;127288;11.3;3.1
FR;64;2021-03-15;11020;1453;476092;128741;11.6;3.1
FR;64;2021-03-16;5990;1775;482082;130516;11.8;3.2
FR;64;2021-03-17;6122;1679;488204;132195;11.9;3.2
FR;64;2021-03-18;7647;2063;495851;134258;12.1;3.3
FR;64;2021-03-19;18888;1925;514739;136183;12.5;3.3
FR;64;2021-03-20;18513;755;533252;136938;13.0;3.3
FR;64;2021-03-21;4721;222;537973;137160;13.1;3.3
FR;64;2021-03-22;13501;1575;551474;138735;13.4;3.4
FR;64;2021-03-23;23482;2025;574956;140760;14.0;3.4
FR;64;2021-03-24;25103;2116;600059;142876;14.6;3.5
FR;64;2021-03-25;36550;2389;636609;145265;15.5;3.5
FR;64;2021-03-26;40110;2346;676719;147611;16.5;3.6
FR;64;2021-03-27;21250;1015;697969;148626;17.0;3.6
FR;64;2021-03-28;5074;259;703043;148885;17.1;3.6
FR;64;2021-03-29;17519;2130;720562;151015;17.6;3.7
FR;64;2021-03-30;27282;2842;747844;153857;18.2;3.8
FR;64;2021-03-31;24086;2903;771930;156760;18.8;3.8
FR;64;2021-04-01;30495;3778;802425;160538;19.6;3.9
FR;64;2021-04-02;29163;3591;831588;164129;20.3;4.0
FR;64;2021-04-03;15967;2368;847555;166497;20.7;4.1
FR;64;2021-04-04;4029;796;851584;167293;20.8;4.1
FR;64;2021-04-05;5104;796;856688;168089;20.9;4.1
FR;64;2021-04-06;19152;4262;875840;172351;21.4;4.2
FR;64;2021-04-07;23507;4795;899347;177146;21.9;4.3
FR;64;2021-04-08;34504;5602;933851;182748;22.8;4.5
FR;64;2021-04-09;53344;6057;987195;188805;24.1;4.6
FR;64;2021-04-10;29781;4993;1016976;193798;24.8;4.7
FR;64;2021-04-11;6266;2600;1023242;196398;24.9;4.8
FR;64;2021-04-12;27993;5179;1051235;201577;25.6;4.9
FR;64;2021-04-13;42417;7366;1093652;208943;26.7;5.1
FR;64;2021-04-14;40669;7128;1134321;216071;27.7;5.3
FR;64;2021-04-15;51838;8360;1186159;224431;28.9;5.5
FR;64;2021-04-16;64096;8876;1250255;233307;30.5;5.7
FR;64;2021-04-17;38415;7103;1288670;240410;31.4;5.9
FR;64;2021-04-18;10922;3336;1299592;243746;31.7;5.9
FR;64;2021-04-19;41866;8582;1341458;252328;32.7;6.2
FR;64;2021-04-20;52530;10416;1393988;262744;34.0;6.4
FR;64;2021-04-21;52413;10866;1446401;273610;35.3;6.7
FR;64;2021-04-22;57274;12754;1503675;286364;36.7;7.0
FR;64;2021-04-23;60775;12700;1564450;299064;38.1;7.3
FR;64;2021-04-24;43335;9091;1607785;308155;39.2;7.5
FR;64;2021-04-25;16196;3347;1623981;311502;39.6;7.6
FR;64;2021-04-26;49671;11491;1673652;322993;40.8;7.9
FR;64;2021-04-27;62810;15486;1736462;338479;42.3;8.3
FR;64;2021-04-28;63719;15937;1800181;354416;43.9;8.6
FR;64;2021-04-29;73476;20374;1873657;374790;45.7;9.1
FR;64;2021-04-30;74981;21911;1948638;396701;47.5;9.7
FR;64;2021-05-01;29243;6625;1977881;403326;48.2;9.8
FR;64;2021-05-02;14442;3966;1992323;407292;48.6;9.9
FR;64;2021-05-03;52044;15800;2044367;423092;49.8;10.3
FR;64;2021-05-04;52975;21597;2097342;444689;51.1;10.8
FR;64;2021-05-05;49213;22663;2146555;467352;52.3;11.4
FR;64;2021-05-06;56659;28782;2203214;496134;53.7;12.1
FR;64;2021-05-07;50792;33957;2254006;530091;54.9;12.9
FR;64;2021-05-08;20215;9293;2274221;539384;55.4;13.1
FR;64;2021-05-09;10000;5482;2284221;544866;55.7;13.3
FR;64;2021-05-10;34304;26738;2318525;571604;56.5;13.9
FR;64;2021-05-11;43914;37094;2362439;608698;57.6;14.8
FR;64;2021-05-12;38914;34927;2401353;643625;58.5;15.7
FR;64;2021-05-13;21968;10034;2423321;653659;59.1;15.9
FR;64;2021-05-14;36242;29006;2459563;682665;60.0;16.6
FR;64;2021-05-15;21192;18978;2480755;701643;60.5;17.1
FR;64;2021-05-16;7958;4301;2488713;705944;60.7;17.2
FR;64;2021-05-17;26799;25369;2515512;731313;61.3;17.8
FR;64;2021-05-18;33419;28277;2548931;759590;62.1;18.5
FR;64;2021-05-19;30346;26351;2579277;785941;62.9;19.2
FR;64;2021-05-20;34913;33219;2614190;819160;63.7;20.0
FR;64;2021-05-21;30073;37336;2644263;856496;64.5;20.9
FR;64;2021-05-22;14783;17686;2659046;874182;64.8;21.3
FR;64;2021-05-23;5094;2821;2664140;877003;64.9;21.4
FR;64;2021-05-24;10731;6484;2674871;883487;65.2;21.5
FR;64;2021-05-25;22642;34314;2697513;917801;65.8;22.4
FR;64;2021-05-26;21240;34912;2718753;952713;66.3;23.2
FR;64;2021-05-27;25833;42941;2744586;995654;66.9;24.3
FR;64;2021-05-28;24297;55697;2768883;1051351;67.5;25.6
FR;64;2021-05-29;11886;33501;2780769;1084852;67.8;26.4
FR;64;2021-05-30;2658;7429;2783427;1092281;67.9;26.6
FR;64;2021-05-31;15742;45958;2799169;1138239;68.2;27.7
FR;64;2021-06-01;20744;56329;2819913;1194568;68.7;29.1
FR;64;2021-06-02;16865;50353;2836778;1244921;69.2;30.3
FR;64;2021-06-03;21032;54961;2857810;1299882;69.7;31.7
FR;64;2021-06-04;19549;66403;2877359;1366285;70.1;33.3
FR;64;2021-06-05;9216;43131;2886575;1409416;70.4;34.4
FR;69;2020-12-27;2;0;2;0;0.0;0.0
FR;69;2020-12-28;2;0;4;0;0.0;0.0
FR;69;2020-12-29;3;0;7;0;0.0;0.0
FR;69;2020-12-30;7;0;14;0;0.0;0.0
FR;69;2020-12-31;5;0;19;0;0.0;0.0
FR;69;2021-01-01;6;0;25;0;0.0;0.0
FR;69;2021-01-02;11;1;36;1;0.0;0.0
FR;69;2021-01-03;8;0;44;1;0.0;0.0
FR;69;2021-01-04;115;0;159;1;0.0;0.0
FR;69;2021-01-05;410;4;569;5;0.0;0.0
FR;69;2021-01-06;809;2;1378;7;0.0;0.0
FR;69;2021-01-07;1892;3;3270;10;0.1;0.0
FR;69;2021-01-08;2459;0;5729;10;0.1;0.0
FR;69;2021-01-09;1124;1;6853;11;0.2;0.0
FR;69;2021-01-10;659;1;7512;12;0.2;0.0
FR;69;2021-01-11;2732;5;10244;17;0.3;0.0
FR;69;2021-01-12;3877;1;14121;18;0.4;0.0
FR;69;2021-01-13;3794;11;17915;29;0.5;0.0
FR;69;2021-01-14;4565;48;22480;77;0.6;0.0
FR;69;2021-01-15;3847;15;26327;92;0.7;0.0
FR;69;2021-01-16;1342;12;27669;104;0.7;0.0
FR;69;2021-01-17;634;3;28303;107;0.7;0.0
FR;69;2021-01-18;3259;18;31562;125;0.8;0.0
FR;69;2021-01-19;4794;22;36356;147;0.9;0.0
FR;69;2021-01-20;4760;17;41116;164;1.1;0.0
FR;69;2021-01-21;5540;17;46656;181;1.2;0.0
FR;69;2021-01-22;4369;18;51025;199;1.3;0.0
FR;69;2021-01-23;1360;5;52385;204;1.3;0.0
FR;69;2021-01-24;447;6;52832;210;1.4;0.0
FR;69;2021-01-25;2728;82;55560;292;1.4;0.0
FR;69;2021-01-26;3356;183;58916;475;1.5;0.0
FR;69;2021-01-27;3670;412;62586;887;1.6;0.0
FR;69;2021-01-28;4329;893;66915;1780;1.7;0.0
FR;69;2021-01-29;3485;1237;70400;3017;1.8;0.1
FR;69;2021-01-30;938;402;71338;3419;1.8;0.1
FR;69;2021-01-31;180;162;71518;3581;1.8;0.1
FR;69;2021-02-01;1819;1521;73337;5102;1.9;0.1
FR;69;2021-02-02;2427;2202;75764;7304;1.9;0.2
FR;69;2021-02-03;2421;2271;78185;9575;2.0;0.2
FR;69;2021-02-04;2984;2926;81169;12501;2.1;0.3
FR;69;2021-02-05;2510;2539;83679;15040;2.1;0.4
FR;69;2021-02-06;726;808;84405;15848;2.2;0.4
FR;69;2021-02-07;162;391;84567;16239;2.2;0.4
FR;69;2021-02-08;1606;2410;86173;18649;2.2;0.5
FR;69;2021-02-09;2440;3413;88613;22062;2.3;0.6
FR;69;2021-02-10;2567;3406;91180;25468;2.3;0.7
FR;69;2021-02-11;3521;4863;94701;30331;2.4;0.8
FR;69;2021-02-12;3156;3421;97857;33752;2.5;0.9
FR;69;2021-02-13;868;1034;98725;34786;2.5;0.9
FR;69;2021-02-14;216;414;98941;35200;2.5;0.9
FR;69;2021-02-15;1334;2778;100275;37978;2.6;1.0
FR;69;2021-02-16;1870;3982;102145;41960;2.6;1.1
FR;69;2021-02-17;2010;3662;104155;45622;2.7;1.2
FR;69;2021-02-18;3000;4562;107155;50184;2.7;1.3
FR;69;2021-02-19;2865;3510;110020;53694;2.8;1.4
FR;69;2021-02-20;754;1027;110774;54721;2.8;1.4
FR;69;2021-02-21;150;235;110924;54956;2.8;1.4
FR;69;2021-02-22;1607;2575;112531;57531;2.9;1.5
FR;69;2021-02-23;2282;2821;114813;60352;2.9;1.5
FR;69;2021-02-24;2659;2911;117472;63263;3.0;1.6
FR;69;2021-02-25;3882;3582;121354;66845;3.1;1.7
FR;69;2021-02-26;4276;2630;125630;69475;3.2;1.8
FR;69;2021-02-27;1810;705;127440;70180;3.3;1.8
FR;69;2021-02-28;312;179;127752;70359;3.3;1.8
FR;69;2021-03-01;2806;1938;130558;72297;3.3;1.9
FR;69;2021-03-02;4724;2443;135282;74740;3.5;1.9
FR;69;2021-03-03;6707;2478;141989;77218;3.6;2.0
FR;69;2021-03-04;11798;3029;153787;80247;3.9;2.1
FR;69;2021-03-05;17514;2707;171301;82954;4.4;2.1
FR;69;2021-03-06;23227;805;194528;83759;5.0;2.1
FR;69;2021-03-07;14781;453;209309;84212;5.4;2.2
FR;69;2021-03-08;9760;2046;219069;86258;5.6;2.2
FR;69;2021-03-09;17501;2499;236570;88757;6.1;2.3
FR;69;2021-03-10;18833;2560;255403;91317;6.5;2.3
FR;69;2021-03-11;29215;3245;284618;94562;7.3;2.4
FR;69;2021-03-12;39942;2969;324560;97531;8.3;2.5
FR;69;2021-03-13;36063;1009;360623;98540;9.2;2.5
FR;69;2021-03-14;8183;255;368806;98795;9.5;2.5
FR;69;2021-03-15;16655;1813;385461;100608;9.9;2.6
FR;69;2021-03-16;10722;2185;396183;102793;10.2;2.6
FR;69;2021-03-17;11747;2181;407930;104974;10.5;2.7
FR;69;2021-03-18;13116;2603;421046;107577;10.8;2.8
FR;69;2021-03-19;28791;2424;449837;110001;11.5;2.8
FR;69;2021-03-20;26925;892;476762;110893;12.2;2.8
FR;69;2021-03-21;7119;274;483881;111167;12.4;2.8
FR;69;2021-03-22;21190;2173;505071;113340;12.9;2.9
FR;69;2021-03-23;36163;2791;541234;116131;13.9;3.0
FR;69;2021-03-24;37447;2835;578681;118966;14.8;3.0
FR;69;2021-03-25;54931;3097;633612;122063;16.2;3.1
FR;69;2021-03-26;59098;2996;692710;125059;17.8;3.2
FR;69;2021-03-27;30115;1378;722825;126437;18.5;3.2
FR;69;2021-03-28;7602;389;730427;126826;18.7;3.3
FR;69;2021-03-29;27661;3454;758088;130280;19.4;3.3
FR;69;2021-03-30;42218;4348;800306;134628;20.5;3.5
FR;69;2021-03-31;35334;4393;835640;139021;21.4;3.6
FR;69;2021-04-01;43213;5760;878853;144781;22.5;3.7
FR;69;2021-04-02;41304;5914;920157;150695;23.6;3.9
FR;69;2021-04-03;21653;3927;941810;154622;24.1;4.0
FR;69;2021-04-04;5810;1307;947620;155929;24.3;4.0
FR;69;2021-04-05;7613;1064;955233;156993;24.5;4.0
FR;69;2021-04-06;27803;7186;983036;164179;25.2;4.2
FR;69;2021-04-07;32369;7733;1015405;171912;26.0;4.4
FR;69;2021-04-08;48498;8845;1063903;180757;27.3;4.6
FR;69;2021-04-09;70487;9015;1134390;189772;29.1;4.9
FR;69;2021-04-10;36630;7839;1171020;197611;30.0;5.1
FR;69;2021-04-11;7993;4281;1179013;201892;30.2;5.2
FR;69;2021-04-12;38533;8829;1217546;210721;31.2;5.4
FR;69;2021-04-13;53464;11944;1271010;222665;32.6;5.7
FR;69;2021-04-14;49249;11640;1320259;234305;33.8;6.0
FR;69;2021-04-15;61766;13511;1382025;247816;35.4;6.4
FR;69;2021-04-16;72504;14048;1454529;261864;37.3;6.7
FR;69;2021-04-17;39577;10680;1494106;272544;38.3;7.0
FR;69;2021-04-18;10013;5025;1504119;277569;38.5;7.1
FR;69;2021-04-19;45842;13876;1549961;291445;39.7;7.5
FR;69;2021-04-20;57054;16798;1607015;308243;41.2;7.9
FR;69;2021-04-21;53433;16539;1660448;324782;42.6;8.3
FR;69;2021-04-22;60172;18721;1720620;343503;44.1;8.8
FR;69;2021-04-23;59338;18756;1779958;362259;45.6;9.3
FR;69;2021-04-24;37274;13147;1817232;375406;46.6;9.6
FR;69;2021-04-25;13238;4981;1830470;380387;46.9;9.7
FR;69;2021-04-26;49409;18344;1879879;398731;48.2;10.2
FR;69;2021-04-27;61639;23161;1941518;421892;49.8;10.8
FR;69;2021-04-28;59607;22039;2001125;443931;51.3;11.4
FR;69;2021-04-29;69910;24803;2071035;468734;53.1;12.0
FR;69;2021-04-30;66740;23852;2137775;492586;54.8;12.6
FR;69;2021-05-01;23795;7597;2161570;500183;55.4;12.8
FR;69;2021-05-02;11163;5138;2172733;505321;55.7;13.0
FR;69;2021-05-03;47279;21308;2220012;526629;56.9;13.5
FR;69;2021-05-04;47804;27709;2267816;554338;58.1;14.2
FR;69;2021-05-05;42570;27132;2310386;581470;59.2;14.9
FR;69;2021-05-06;50726;30209;2361112;611679;60.5;15.7
FR;69;2021-05-07;42256;34298;2403368;645977;61.6;16.6
FR;69;2021-05-08;15266;9367;2418634;655344;62.0;16.8
FR;69;2021-05-09;7277;6560;2425911;661904;62.2;17.0
FR;69;2021-05-10;29538;34698;2455449;696602;62.9;17.9
FR;69;2021-05-11;38125;43739;2493574;740341;63.9;19.0
FR;69;2021-05-12;32936;39189;2526510;779530;64.8;20.0
FR;69;2021-05-13;17465;11502;2543975;791032;65.2;20.3
FR;69;2021-05-14;29974;34147;2573949;825179;66.0;21.1
FR;69;2021-05-15;15209;18516;2589158;843695;66.4;21.6
FR;69;2021-05-16;5430;4313;2594588;848008;66.5;21.7
FR;69;2021-05-17;21777;28780;2616365;876788;67.1;22.5
FR;69;2021-05-18;27881;29607;2644246;906395;67.8;23.2
FR;69;2021-05-19;24282;25207;2668528;931602;68.4;23.9
FR;69;2021-05-20;28317;27809;2696845;959411;69.1;24.6
FR;69;2021-05-21;22912;30717;2719757;990128;69.7;25.4
FR;69;2021-05-22;9647;14370;2729404;1004498;70.0;25.7
FR;69;2021-05-23;3177;2373;2732581;1006871;70.0;25.8
FR;69;2021-05-24;8089;7124;2740670;1013995;70.2;26.0
FR;69;2021-05-25;17835;36199;2758505;1050194;70.7;26.9
FR;69;2021-05-26;16215;34442;2774720;1084636;71.1;27.8
FR;69;2021-05-27;20518;42244;2795238;1126880;71.6;28.9
FR;69;2021-05-28;18172;53828;2813410;1180708;72.1;30.3
FR;69;2021-05-29;7627;31237;2821037;1211945;72.3;31.1
FR;69;2021-05-30;1691;6898;2822728;1218843;72.3;31.2
FR;69;2021-05-31;12267;47490;2834995;1266333;72.7;32.5
FR;69;2021-06-01;16106;57617;2851101;1323950;73.1;33.9
FR;69;2021-06-02;12841;49950;2863942;1373900;73.4;35.2
FR;69;2021-06-03;16212;57604;2880154;1431504;73.8;36.7
FR;69;2021-06-04;14388;67010;2894542;1498514;74.2;38.4
FR;69;2021-06-05;5964;39442;2900506;1537956;74.3;39.4
FR;74;2020-12-27;1;0;1;0;0.0;0.0
FR;74;2020-12-28;7;0;8;0;0.0;0.0
FR;74;2020-12-29;5;0;13;0;0.0;0.0
FR;74;2020-12-30;11;0;24;0;0.0;0.0
FR;74;2020-12-31;7;0;31;0;0.0;0.0
FR;74;2021-01-01;5;0;36;0;0.0;0.0
FR;74;2021-01-02;3;0;39;0;0.0;0.0
FR;74;2021-01-03;13;0;52;0;0.0;0.0
FR;74;2021-01-04;88;1;140;1;0.0;0.0
FR;74;2021-01-05;298;0;438;1;0.0;0.0
FR;74;2021-01-06;554;1;992;2;0.0;0.0
FR;74;2021-01-07;1465;0;2457;2;0.1;0.0
FR;74;2021-01-08;1801;4;4258;6;0.1;0.0
FR;74;2021-01-09;796;0;5054;6;0.1;0.0
FR;74;2021-01-10;537;0;5591;6;0.2;0.0
FR;74;2021-01-11;2126;2;7717;8;0.2;0.0
FR;74;2021-01-12;3154;4;10871;12;0.3;0.0
FR;74;2021-01-13;3204;6;14075;18;0.4;0.0
FR;74;2021-01-14;3950;41;18025;59;0.5;0.0
FR;74;2021-01-15;3538;11;21563;70;0.6;0.0
FR;74;2021-01-16;1334;5;22897;75;0.7;0.0
FR;74;2021-01-17;764;4;23661;79;0.7;0.0
FR;74;2021-01-18;4719;12;28380;91;0.8;0.0
FR;74;2021-01-19;6827;11;35207;102;1.0;0.0
FR;74;2021-01-20;7112;12;42319;114;1.2;0.0
FR;74;2021-01-21;8209;26;50528;140;1.5;0.0
FR;74;2021-01-22;6552;22;57080;162;1.6;0.0
FR;74;2021-01-23;2260;3;59340;165;1.7;0.0
FR;74;2021-01-24;610;2;59950;167;1.7;0.0
FR;74;2021-01-25;4542;56;64492;223;1.9;0.0
FR;74;2021-01-26;5629;149;70121;372;2.0;0.0
FR;74;2021-01-27;5985;271;76106;643;2.2;0.0
FR;74;2021-01-28;6984;750;83090;1393;2.4;0.0
FR;74;2021-01-29;5736;900;88826;2293;2.6;0.1
FR;74;2021-01-30;1770;262;90596;2555;2.6;0.1
FR;74;2021-01-31;295;114;90891;2669;2.6;0.1
FR;74;2021-02-01;3291;1063;94182;3732;2.7;0.1
FR;74;2021-02-02;4310;1785;98492;5517;2.8;0.2
FR;74;2021-02-03;4323;1807;102815;7324;3.0;0.2
FR;74;2021-02-04;5179;2468;107994;9792;3.1;0.3
FR;74;2021-02-05;4394;2180;112388;11972;3.2;0.3
FR;74;2021-02-06;1409;695;113797;12667;3.3;0.4
FR;74;2021-02-07;243;351;114040;13018;3.3;0.4
FR;74;2021-02-08;3073;2507;117113;15525;3.4;0.4
FR;74;2021-02-09;4129;3724;121242;19249;3.5;0.6
FR;74;2021-02-10;4417;3815;125659;23064;3.6;0.7
FR;74;2021-02-11;5632;5475;131291;28539;3.8;0.8
FR;74;2021-02-12;5267;3821;136558;32360;3.9;0.9
FR;74;2021-02-13;1647;1219;138205;33579;4.0;1.0
FR;74;2021-02-14;406;471;138611;34050;4.0;1.0
FR;74;2021-02-15;2406;4182;141017;38232;4.1;1.1
FR;74;2021-02-16;3276;5631;144293;43863;4.1;1.3
FR;74;2021-02-17;3391;5452;147684;49315;4.2;1.4
FR;74;2021-02-18;4932;6811;152616;56126;4.4;1.6
FR;74;2021-02-19;4876;5415;157492;61541;4.5;1.8
FR;74;2021-02-20;1550;1738;159042;63279;4.6;1.8
FR;74;2021-02-21;233;415;159275;63694;4.6;1.8
FR;74;2021-02-22;2865;4293;162140;67987;4.7;2.0
FR;74;2021-02-23;4147;4897;166287;72884;4.8;2.1
FR;74;2021-02-24;4516;4844;170803;77728;4.9;2.2
FR;74;2021-02-25;5525;5699;176328;83427;5.1;2.4
FR;74;2021-02-26;5485;4476;181813;87903;5.2;2.5
FR;74;2021-02-27;2009;1367;183822;89270;5.3;2.6
FR;74;2021-02-28;529;294;184351;89564;5.3;2.6
FR;74;2021-03-01;5069;3368;189420;92932;5.4;2.7
FR;74;2021-03-02;7476;4287;196896;97219;5.7;2.8
FR;74;2021-03-03;9719;4267;206615;101486;5.9;2.9
FR;74;2021-03-04;15097;4834;221712;106320;6.4;3.1
FR;74;2021-03-05;21719;4617;243431;110937;7.0;3.2
FR;74;2021-03-06;31307;1441;274738;112378;7.9;3.2
FR;74;2021-03-07;20986;563;295724;112941;8.5;3.2
FR;74;2021-03-08;14230;3693;309954;116634;8.9;3.4
FR;74;2021-03-09;24082;4260;334036;120894;9.6;3.5
FR;74;2021-03-10;26337;4448;360373;125342;10.4;3.6
FR;74;2021-03-11;38387;5359;398760;130701;11.5;3.8
FR;74;2021-03-12;50706;4780;449466;135481;12.9;3.9
FR;74;2021-03-13;47878;1614;497344;137095;14.3;3.9
FR;74;2021-03-14;11943;437;509287;137532;14.6;4.0
FR;74;2021-03-15;25535;3164;534822;140696;15.4;4.0
FR;74;2021-03-16;20037;3858;554859;144554;16.0;4.2
FR;74;2021-03-17;21807;3887;576666;148441;16.6;4.3
FR;74;2021-03-18;24412;4538;601078;152979;17.3;4.4
FR;74;2021-03-19;41353;4011;642431;156990;18.5;4.5
FR;74;2021-03-20;35393;1590;677824;158580;19.5;4.6
FR;74;2021-03-21;9470;413;687294;158993;19.8;4.6
FR;74;2021-03-22;31481;3915;718775;162908;20.7;4.7
FR;74;2021-03-23;50125;4853;768900;167761;22.1;4.8
FR;74;2021-03-24;52095;5230;820995;172991;23.6;5.0
FR;74;2021-03-25;74705;5610;895700;178601;25.8;5.1
FR;74;2021-03-26;80720;5268;976420;183869;28.1;5.3
FR;74;2021-03-27;51021;2427;1027441;186296;29.5;5.4
FR;74;2021-03-28;17793;746;1045234;187042;30.0;5.4
FR;74;2021-03-29;56039;6918;1101273;193960;31.7;5.6
FR;74;2021-03-30;76499;8786;1177772;202746;33.9;5.8
FR;74;2021-03-31;67849;9342;1245621;212088;35.8;6.1
FR;74;2021-04-01;78286;11730;1323907;223818;38.1;6.4
FR;74;2021-04-02;69934;12316;1393841;236134;40.1;6.8
FR;74;2021-04-03;37144;8455;1430985;244589;41.1;7.0
FR;74;2021-04-04;12498;2789;1443483;247378;41.5;7.1
FR;74;2021-04-05;19199;1872;1462682;249250;42.1;7.2
FR;74;2021-04-06;64321;15105;1527003;264355;43.9;7.6
FR;74;2021-04-07;72599;15975;1599602;280330;46.0;8.1
FR;74;2021-04-08;87540;17893;1687142;298223;48.5;8.6
FR;74;2021-04-09;97172;17697;1784314;315920;51.3;9.1
FR;74;2021-04-10;48592;14017;1832906;329937;52.7;9.5
FR;74;2021-04-11;12738;6815;1845644;336752;53.1;9.7
FR;74;2021-04-12;60868;17701;1906512;354453;54.8;10.2
FR;74;2021-04-13;68662;22184;1975174;376637;56.8;10.8
FR;74;2021-04-14;60055;21755;2035229;398392;58.5;11.5
FR;74;2021-04-15;61898;23708;2097127;422100;60.3;12.1
FR;74;2021-04-16;52191;24297;2149318;446397;61.8;12.8
FR;74;2021-04-17;25678;16786;2174996;463183;62.5;13.3
FR;74;2021-04-18;5740;6960;2180736;470143;62.7;13.5
FR;74;2021-04-19;31702;24282;2212438;494425;63.6;14.2
FR;74;2021-04-20;36239;29559;2248677;523984;64.6;15.1
FR;74;2021-04-21;33348;30189;2282025;554173;65.6;15.9
FR;74;2021-04-22;38029;35151;2320054;589324;66.7;16.9
FR;74;2021-04-23;34797;38756;2354851;628080;67.7;18.1
FR;74;2021-04-24;18631;30704;2373482;658784;68.2;18.9
FR;74;2021-04-25;6129;12548;2379611;671332;68.4;19.3
FR;74;2021-04-26;26593;46833;2406204;718165;69.2;20.6
FR;74;2021-04-27;32980;55990;2439184;774155;70.1;22.3
FR;74;2021-04-28;32517;52777;2471701;826932;71.1;23.8
FR;74;2021-04-29;38626;53886;2510327;880818;72.2;25.3
FR;74;2021-04-30;34941;49081;2545268;929899;73.2;26.7
FR;74;2021-05-01;11061;15121;2556329;945020;73.5;27.2
FR;74;2021-05-02;5166;11374;2561495;956394;73.6;27.5
FR;74;2021-05-03;24094;52063;2585589;1008457;74.3;29.0
FR;74;2021-05-04;25004;69182;2610593;1077639;75.1;31.0
FR;74;2021-05-05;22587;64888;2633180;1142527;75.7;32.8
FR;74;2021-05-06;27268;63241;2660448;1205768;76.5;34.7
FR;74;2021-05-07;23199;65964;2683647;1271732;77.2;36.6
FR;74;2021-05-08;7889;14290;2691536;1286022;77.4;37.0
FR;74;2021-05-09;3657;10468;2695193;1296490;77.5;37.3
FR;74;2021-05-10;15948;63035;2711141;1359525;77.9;39.1
FR;74;2021-05-11;20913;64067;2732054;1423592;78.5;40.9
FR;74;2021-05-12;18332;53142;2750386;1476734;79.1;42.5
FR;74;2021-05-13;9057;12079;2759443;1488813;79.3;42.8
FR;74;2021-05-14;16887;37736;2776330;1526549;79.8;43.9
FR;74;2021-05-15;8347;17557;2784677;1544106;80.1;44.4
FR;74;2021-05-16;2980;3499;2787657;1547605;80.1;44.5
FR;74;2021-05-17;12189;30781;2799846;1578386;80.5;45.4
FR;74;2021-05-18;15389;30458;2815235;1608844;80.9;46.3
FR;74;2021-05-19;13954;25379;2829189;1634223;81.3;47.0
FR;74;2021-05-20;15961;27660;2845150;1661883;81.8;47.8
FR;74;2021-05-21;13288;30670;2858438;1692553;82.2;48.7
FR;74;2021-05-22;5749;14210;2864187;1706763;82.3;49.1
FR;74;2021-05-23;1849;2380;2866036;1709143;82.4;49.1
FR;74;2021-05-24;4626;5723;2870662;1714866;82.5;49.3
FR;74;2021-05-25;10533;35171;2881195;1750037;82.8;50.3
FR;74;2021-05-26;9886;32917;2891081;1782954;83.1;51.3
FR;74;2021-05-27;11793;39417;2902874;1822371;83.5;52.4
FR;74;2021-05-28;11159;45016;2914033;1867387;83.8;53.7
FR;74;2021-05-29;4726;24289;2918759;1891676;83.9;54.4
FR;74;2021-05-30;1038;4238;2919797;1895914;83.9;54.5
FR;74;2021-05-31;7516;29813;2927313;1925727;84.2;55.4
FR;74;2021-06-01;10192;40114;2937505;1965841;84.5;56.5
FR;74;2021-06-02;8338;34023;2945843;1999864;84.7;57.5
FR;74;2021-06-03;10407;42270;2956250;2042134;85.0;58.7
FR;74;2021-06-04;9523;47956;2965773;2090090;85.3;60.1
FR;74;2021-06-05;3967;25091;2969740;2115181;85.4;60.8
FR;79;2020-12-27;1;0;1;0;0.0;0.0
FR;79;2020-12-28;6;0;7;0;0.0;0.0
FR;79;2020-12-29;16;0;23;0;0.0;0.0
FR;79;2020-12-30;12;0;35;0;0.0;0.0
FR;79;2020-12-31;6;0;41;0;0.0;0.0
FR;79;2021-01-01;4;0;45;0;0.0;0.0
FR;79;2021-01-02;4;0;49;0;0.0;0.0
FR;79;2021-01-03;2;0;51;0;0.0;0.0
FR;79;2021-01-04;50;0;101;0;0.0;0.0
FR;79;2021-01-05;172;0;273;0;0.0;0.0
FR;79;2021-01-06;340;1;613;1;0.0;0.0
FR;79;2021-01-07;905;0;1518;1;0.1;0.0
FR;79;2021-01-08;1087;1;2605;2;0.1;0.0
FR;79;2021-01-09;364;0;2969;2;0.1;0.0
FR;79;2021-01-10;191;0;3160;2;0.1;0.0
FR;79;2021-01-11;1153;3;4313;5;0.2;0.0
FR;79;2021-01-12;2208;2;6521;7;0.3;0.0
FR;79;2021-01-13;2749;2;9270;9;0.4;0.0
FR;79;2021-01-14;4438;36;13708;45;0.6;0.0
FR;79;2021-01-15;5267;17;18975;62;0.9;0.0
FR;79;2021-01-16;2823;11;21798;73;1.0;0.0
FR;79;2021-01-17;1307;3;23105;76;1.0;0.0
FR;79;2021-01-18;19666;39;42771;115;1.9;0.0
FR;79;2021-01-19;26053;39;68824;154;3.1;0.0
FR;79;2021-01-20;28071;33;96895;187;4.4;0.0
FR;79;2021-01-21;30086;36;126981;223;5.7;0.0
FR;79;2021-01-22;27950;29;154931;252;7.0;0.0
FR;79;2021-01-23;11673;12;166604;264;7.5;0.0
FR;79;2021-01-24;2172;3;168776;267;7.6;0.0
FR;79;2021-01-25;22570;50;191346;317;8.6;0.0
FR;79;2021-01-26;25745;119;217091;436;9.8;0.0
FR;79;2021-01-27;25029;197;242120;633;10.9;0.0
FR;79;2021-01-28;25217;566;267337;1199;12.1;0.1
FR;79;2021-01-29;22546;565;289883;1764;13.1;0.1
FR;79;2021-01-30;8786;137;298669;1901;13.5;0.1
FR;79;2021-01-31;1232;55;299901;1956;13.5;0.1
FR;79;2021-02-01;16165;648;316066;2604;14.3;0.1
FR;79;2021-02-02;19303;1274;335369;3878;15.1;0.2
FR;79;2021-02-03;18318;1585;353687;5463;16.0;0.2
FR;79;2021-02-04;19197;2537;372884;8000;16.8;0.4
FR;79;2021-02-05;18056;2685;390940;10685;17.6;0.5
FR;79;2021-02-06;6458;1005;397398;11690;17.9;0.5
FR;79;2021-02-07;870;391;398268;12081;18.0;0.5
FR;79;2021-02-08;13088;5816;411356;17897;18.6;0.8
FR;79;2021-02-09;15599;7676;426955;25573;19.3;1.2
FR;79;2021-02-10;15455;8053;442410;33626;20.0;1.5
FR;79;2021-02-11;16534;9611;458944;43237;20.7;1.9
FR;79;2021-02-12;15675;9414;474619;52651;21.4;2.4
FR;79;2021-02-13;5007;4125;479626;56776;21.6;2.6
FR;79;2021-02-14;905;1044;480531;57820;21.7;2.6
FR;79;2021-02-15;7134;19830;487665;77650;22.0;3.5
FR;79;2021-02-16;8354;23630;496019;101280;22.4;4.6
FR;79;2021-02-17;8257;24030;504276;125310;22.7;5.7
FR;79;2021-02-18;10305;24429;514581;149739;23.2;6.8
FR;79;2021-02-19;10319;20769;524900;170508;23.7;7.7
FR;79;2021-02-20;3768;8314;528668;178822;23.8;8.1
FR;79;2021-02-21;549;1557;529217;180379;23.9;8.1
FR;79;2021-02-22;6990;21886;536207;202265;24.2;9.1
FR;79;2021-02-23;9660;23571;545867;225836;24.6;10.2
FR;79;2021-02-24;10031;22211;555898;248047;25.1;11.2
FR;79;2021-02-25;11681;22095;567579;270142;25.6;12.2
FR;79;2021-02-26;12069;19121;579648;289263;26.1;13.0
FR;79;2021-02-27;4423;6738;584071;296001;26.3;13.3
FR;79;2021-02-28;875;1038;584946;297039;26.4;13.4
FR;79;2021-03-01;12120;16463;597066;313502;26.9;14.1
FR;79;2021-03-02;16331;19271;613397;332773;27.7;15.0
FR;79;2021-03-03;17752;18549;631149;351322;28.5;15.8
FR;79;2021-03-04;20948;17684;652097;369006;29.4;16.6
FR;79;2021-03-05;22485;16489;674582;385495;30.4;17.4
FR;79;2021-03-06;29078;5385;703660;390880;31.7;17.6
FR;79;2021-03-07;21092;1051;724752;391931;32.7;17.7
FR;79;2021-03-08;17369;15341;742121;407272;33.5;18.4
FR;79;2021-03-09;25750;16448;767871;423720;34.6;19.1
FR;79;2021-03-10;26887;15615;794758;439335;35.8;19.8
FR;79;2021-03-11;31874;15127;826632;454462;37.3;20.5
FR;79;2021-03-12;33392;12974;860024;467436;38.8;21.1
FR;79;2021-03-13;25301;4248;885325;471684;39.9;21.3
FR;79;2021-03-14;9465;778;894790;472462;40.4;21.3
FR;79;2021-03-15;28472;8711;923262;481173;41.6;21.7
FR;79;2021-03-16;32804;9307;956066;490480;43.1;22.1
FR;79;2021-03-17;33789;9272;989855;499752;44.6;22.5
FR;79;2021-03-18;36679;9767;1026534;509519;46.3;23.0
FR;79;2021-03-19;36698;8883;1063232;518402;48.0;23.4
FR;79;2021-03-20;20667;3291;1083899;521693;48.9;23.5
FR;79;2021-03-21;5874;602;1089773;522295;49.1;23.6
FR;79;2021-03-22;28556;9200;1118329;531495;50.4;24.0
FR;79;2021-03-23;37019;10796;1155348;542291;52.1;24.5
FR;79;2021-03-24;35522;11355;1190870;553646;53.7;25.0
FR;79;2021-03-25;41868;11132;1232738;564778;55.6;25.5
FR;79;2021-03-26;39343;10449;1272081;575227;57.4;25.9
FR;79;2021-03-27;17630;4414;1289711;579641;58.2;26.1
FR;79;2021-03-28;4794;902;1294505;580543;58.4;26.2
FR;79;2021-03-29;22256;15010;1316761;595553;59.4;26.9
FR;79;2021-03-30;27986;18905;1344747;614458;60.6;27.7
FR;79;2021-03-31;24660;19749;1369407;634207;61.8;28.6
FR;79;2021-04-01;27154;23186;1396561;657393;63.0;29.6
FR;79;2021-04-02;23038;24440;1419599;681833;64.0;30.8
FR;79;2021-04-03;10005;17364;1429604;699197;64.5;31.5
FR;79;2021-04-04;2800;5064;1432404;704261;64.6;31.8
FR;79;2021-04-05;4185;2747;1436589;707008;64.8;31.9
FR;79;2021-04-06;18943;28963;1455532;735971;65.6;33.2
FR;79;2021-04-07;21021;29843;1476553;765814;66.6;34.5
FR;79;2021-04-08;24946;29910;1501499;795724;67.7;35.9
FR;79;2021-04-09;26797;28090;1528296;823814;68.9;37.2
FR;79;2021-04-10;13628;18920;1541924;842734;69.5;38.0
FR;79;2021-04-11;3503;6446;1545427;849180;69.7;38.3
FR;79;2021-04-12;16714;28891;1562141;878071;70.5;39.6
FR;79;2021-04-13;19070;34999;1581211;913070;71.3;41.2
FR;79;2021-04-14;18137;33128;1599348;946198;72.1;42.7
FR;79;2021-04-15;19073;33321;1618421;979519;73.0;44.2
FR;79;2021-04-16;16195;31027;1634616;1010546;73.7;45.6
FR;79;2021-04-17;8133;16690;1642749;1027236;74.1;46.3
FR;79;2021-04-18;1766;4830;1644515;1032066;74.2;46.5
FR;79;2021-04-19;9820;29160;1654335;1061226;74.6;47.9
FR;79;2021-04-20;11654;34432;1665989;1095658;75.1;49.4
FR;79;2021-04-21;11271;31200;1677260;1126858;75.6;50.8
FR;79;2021-04-22;12811;31075;1690071;1157933;76.2;52.2
FR;79;2021-04-23;11894;27672;1701965;1185605;76.8;53.5
FR;79;2021-04-24;6149;13711;1708114;1199316;77.0;54.1
FR;79;2021-04-25;1907;3421;1710021;1202737;77.1;54.2
FR;79;2021-04-26;8885;20584;1718906;1223321;77.5;55.2
FR;79;2021-04-27;11035;23646;1729941;1246967;78.0;56.2
FR;79;2021-04-28;11534;20878;1741475;1267845;78.5;57.2
FR;79;2021-04-29;13601;20647;1755076;1288492;79.2;58.1
FR;79;2021-04-30;12770;17586;1767846;1306078;79.7;58.9
FR;79;2021-05-01;3801;3910;1771647;1309988;79.9;59.1
FR;79;2021-05-02;1735;2614;1773382;1312602;80.0;59.2
FR;79;2021-05-03;8547;15080;1781929;1327682;80.4;59.9
FR;79;2021-05-04;8876;20126;1790805;1347808;80.8;60.8
FR;79;2021-05-05;8356;18957;1799161;1366765;81.1;61.6
FR;79;2021-05-06;10187;18759;1809348;1385524;81.6;62.5
FR;79;2021-05-07;8921;19422;1818269;1404946;82.0;63.4
FR;79;2021-05-08;2960;4281;1821229;1409227;82.1;63.6
FR;79;2021-05-09;1377;2986;1822606;1412213;82.2;63.7
FR;79;2021-05-10;6082;17457;1828688;1429670;82.5;64.5
FR;79;2021-05-11;7935;18529;1836623;1448199;82.8;65.3
FR;79;2021-05-12;7206;15762;1843829;1463961;83.2;66.0
FR;79;2021-05-13;3484;3778;1847313;1467739;83.3;66.2
FR;79;2021-05-14;6722;11358;1854035;1479097;83.6;66.7
FR;79;2021-05-15;3274;5089;1857309;1484186;83.8;66.9
FR;79;2021-05-16;1138;1150;1858447;1485336;83.8;67.0
FR;79;2021-05-17;4887;8974;1863334;1494310;84.0;67.4
FR;79;2021-05-18;6044;9118;1869378;1503428;84.3;67.8
FR;79;2021-05-19;5656;7939;1875034;1511367;84.6;68.2
FR;79;2021-05-20;6535;8078;1881569;1519445;84.9;68.5
FR;79;2021-05-21;5559;8712;1887128;1528157;85.1;68.9
FR;79;2021-05-22;2389;3796;1889517;1531953;85.2;69.1
FR;79;2021-05-23;726;786;1890243;1532739;85.2;69.1
FR;79;2021-05-24;1825;1598;1892068;1534337;85.3;69.2
FR;79;2021-05-25;4321;10172;1896389;1544509;85.5;69.7
FR;79;2021-05-26;4224;9485;1900613;1553994;85.7;70.1
FR;79;2021-05-27;5148;10925;1905761;1564919;85.9;70.6
FR;79;2021-05-28;4659;12350;1910420;1577269;86.2;71.1
FR;79;2021-05-29;2027;6648;1912447;1583917;86.3;71.4
FR;79;2021-05-30;432;1251;1912879;1585168;86.3;71.5
FR;79;2021-05-31;3150;9010;1916029;1594178;86.4;71.9
FR;79;2021-06-01;4363;11067;1920392;1605245;86.6;72.4
FR;79;2021-06-02;3779;9676;1924171;1614921;86.8;72.8
FR;79;2021-06-03;4693;11199;1928864;1626120;87.0;73.3
FR;79;2021-06-04;4179;12636;1933043;1638756;87.2;73.9
FR;79;2021-06-05;1851;6407;1934894;1645163;87.3;74.2
FR;80;2020-12-27;10;2;10;2;0.0;0.0
FR;80;2020-12-28;41;0;51;2;0.0;0.0
FR;80;2020-12-29;78;0;129;2;0.0;0.0
FR;80;2020-12-30;69;0;198;2;0.0;0.0
FR;80;2020-12-31;49;0;247;2;0.0;0.0
FR;80;2021-01-01;9;0;256;2;0.0;0.0
FR;80;2021-01-02;8;0;264;2;0.0;0.0
FR;80;2021-01-03;2;0;266;2;0.0;0.0
FR;80;2021-01-04;297;1;563;3;0.0;0.0
FR;80;2021-01-05;909;2;1472;5;0.0;0.0
FR;80;2021-01-06;1675;2;3147;7;0.1;0.0
FR;80;2021-01-07;6292;4;9439;11;0.2;0.0
FR;80;2021-01-08;5769;11;15208;22;0.4;0.0
FR;80;2021-01-09;979;0;16187;22;0.4;0.0
FR;80;2021-01-10;310;0;16497;22;0.4;0.0
FR;80;2021-01-11;4440;8;20937;30;0.5;0.0
FR;80;2021-01-12;12730;18;33667;48;0.8;0.0
FR;80;2021-01-13;12457;19;46124;67;1.1;0.0
FR;80;2021-01-14;18248;118;64372;185;1.5;0.0
FR;80;2021-01-15;12164;34;76536;219;1.8;0.0
FR;80;2021-01-16;4039;28;80575;247;1.9;0.0
FR;80;2021-01-17;3746;20;84321;267;2.0;0.0
FR;80;2021-01-18;28762;72;113083;339;2.7;0.0
FR;80;2021-01-19;53782;109;166865;448;4.0;0.0
FR;80;2021-01-20;59477;116;226342;564;5.4;0.0
FR;80;2021-01-21;69987;82;296329;646;7.1;0.0
FR;80;2021-01-22;48365;72;344694;718;8.3;0.0
FR;80;2021-01-23;16231;9;360925;727;8.7;0.0
FR;80;2021-01-24;4314;2;365239;729;8.8;0.0
FR;80;2021-01-25;32438;152;397677;881;9.6;0.0
FR;80;2021-01-26;45131;536;442808;1417;10.6;0.0
FR;80;2021-01-27;50894;895;493702;2312;11.9;0.1
FR;80;2021-01-28;60036;3949;553738;6261;13.3;0.2
FR;80;2021-01-29;39344;3277;593082;9538;14.3;0.2
FR;80;2021-01-30;13222;592;606304;10130;14.6;0.2
FR;80;2021-01-31;2333;286;608637;10416;14.6;0.3
FR;80;2021-02-01;23020;2788;631657;13204;15.2;0.3
FR;80;2021-02-02;33541;7430;665198;20634;16.0;0.5
FR;80;2021-02-03;34439;7877;699637;28511;16.8;0.7
FR;80;2021-02-04;38077;12584;737714;41095;17.7;1.0
FR;80;2021-02-05;29805;9532;767519;50627;18.5;1.2
FR;80;2021-02-06;9709;2126;777228;52753;18.7;1.3
FR;80;2021-02-07;1449;1867;778677;54620;18.7;1.3
FR;80;2021-02-08;19354;11144;798031;65764;19.2;1.6
FR;80;2021-02-09;25924;25608;823955;91372;19.8;2.2
FR;80;2021-02-10;26317;28926;850272;120298;20.4;2.9
FR;80;2021-02-11;30515;38123;880787;158421;21.2;3.8
FR;80;2021-02-12;26727;24681;907514;183102;21.8;4.4
FR;80;2021-02-13;7935;6527;915449;189629;22.0;4.6
FR;80;2021-02-14;1508;3100;916957;192729;22.1;4.6
FR;80;2021-02-15;11137;28313;928094;221042;22.3;5.3
FR;80;2021-02-16;15554;38934;943648;259976;22.7;6.3
FR;80;2021-02-17;15937;44491;959585;304467;23.1;7.3
FR;80;2021-02-18;21547;52520;981132;356987;23.6;8.6
FR;80;2021-02-19;19052;37498;1000184;394485;24.1;9.5
FR;80;2021-02-20;6302;12326;1006486;406811;24.2;9.8
FR;80;2021-02-21;913;2970;1007399;409781;24.2;9.9
FR;80;2021-02-22;11174;30695;1018573;440476;24.5;10.6
FR;80;2021-02-23;17107;37264;1035680;477740;24.9;11.5
FR;80;2021-02-24;17983;37087;1053663;514827;25.3;12.4
FR;80;2021-02-25;22284;40870;1075947;555697;25.9;13.4
FR;80;2021-02-26;20520;30914;1096467;586611;26.4;14.1
FR;80;2021-02-27;7169;10284;1103636;596895;26.5;14.4
FR;80;2021-02-28;1260;2121;1104896;599016;26.6;14.4
FR;80;2021-03-01;18781;23214;1123677;622230;27.0;15.0
FR;80;2021-03-02;26895;29108;1150572;651338;27.7;15.7
FR;80;2021-03-03;28700;29245;1179272;680583;28.4;16.4
FR;80;2021-03-04;34907;29705;1214179;710288;29.2;17.1
FR;80;2021-03-05;35880;27485;1250059;737773;30.1;17.7
FR;80;2021-03-06;41389;8365;1291448;746138;31.1;17.9
FR;80;2021-03-07;29711;2033;1321159;748171;31.8;18.0
FR;80;2021-03-08;27166;22494;1348325;770665;32.4;18.5
FR;80;2021-03-09;40709;24668;1389034;795333;33.4;19.1
FR;80;2021-03-10;43111;25391;1432145;820724;34.4;19.7
FR;80;2021-03-11;51649;26884;1483794;847608;35.7;20.4
FR;80;2021-03-12;52123;22974;1535917;870582;36.9;20.9
FR;80;2021-03-13;37447;7019;1573364;877601;37.8;21.1
FR;80;2021-03-14;13881;1523;1587245;879124;38.2;21.1
FR;80;2021-03-15;44040;13939;1631285;893063;39.2;21.5
FR;80;2021-03-16;51797;17038;1683082;910101;40.5;21.9
FR;80;2021-03-17;54642;16548;1737724;926649;41.8;22.3
FR;80;2021-03-18;58465;18828;1796189;945477;43.2;22.7
FR;80;2021-03-19;57328;15731;1853517;961208;44.6;23.1
FR;80;2021-03-20;30973;5339;1884490;966547;45.3;23.2
FR;80;2021-03-21;8686;1095;1893176;967642;45.5;23.3
FR;80;2021-03-22;42828;14548;1936004;982190;46.6;23.6
FR;80;2021-03-23;55553;18039;1991557;1000229;47.9;24.1
FR;80;2021-03-24;54390;19058;2045947;1019287;49.2;24.5
FR;80;2021-03-25;63943;19585;2109890;1038872;50.7;25.0
FR;80;2021-03-26;60097;18263;2169987;1057135;52.2;25.4
FR;80;2021-03-27;26556;7349;2196543;1064484;52.8;25.6
FR;80;2021-03-28;6924;1450;2203467;1065934;53.0;25.6
FR;80;2021-03-29;32824;23393;2236291;1089327;53.8;26.2
FR;80;2021-03-30;43154;30723;2279445;1120050;54.8;26.9
FR;80;2021-03-31;40470;32083;2319915;1152133;55.8;27.7
FR;80;2021-04-01;46066;37721;2365981;1189854;56.9;28.6
FR;80;2021-04-02;37054;39717;2403035;1229571;57.8;29.6
FR;80;2021-04-03;14491;26085;2417526;1255656;58.1;30.2
FR;80;2021-04-04;3867;7564;2421393;1263220;58.2;30.4
FR;80;2021-04-05;5615;4082;2427008;1267302;58.4;30.5
FR;80;2021-04-06;27559;44935;2454567;1312237;59.0;31.6
FR;80;2021-04-07;33437;48373;2488004;1360610;59.8;32.7
FR;80;2021-04-08;39987;49513;2527991;1410123;60.8;33.9
FR;80;2021-04-09;43428;46308;2571419;1456431;61.8;35.0
FR;80;2021-04-10;19812;28868;2591231;1485299;62.3;35.7
FR;80;2021-04-11;4832;9357;2596063;1494656;62.4;35.9
FR;80;2021-04-12;23475;45129;2619538;1539785;63.0;37.0
FR;80;2021-04-13;30143;54595;2649681;1594380;63.7;38.3
FR;80;2021-04-14;28955;52128;2678636;1646508;64.4;39.6
FR;80;2021-04-15;31356;52635;2709992;1699143;65.2;40.9
FR;80;2021-04-16;26384;48957;2736376;1748100;65.8;42.0
FR;80;2021-04-17;12319;25586;2748695;1773686;66.1;42.7
FR;80;2021-04-18;2529;7615;2751224;1781301;66.2;42.8
FR;80;2021-04-19;14215;43651;2765439;1824952;66.5;43.9
FR;80;2021-04-20;17885;53018;2783324;1877970;66.9;45.2
FR;80;2021-04-21;17905;49760;2801229;1927730;67.4;46.4
FR;80;2021-04-22;20600;51181;2821829;1978911;67.9;47.6
FR;80;2021-04-23;19043;44573;2840872;2023484;68.3;48.7
FR;80;2021-04-24;9390;21187;2850262;2044671;68.6;49.2
FR;80;2021-04-25;2674;5148;2852936;2049819;68.6;49.3
FR;80;2021-04-26;12307;30555;2865243;2080374;68.9;50.0
FR;80;2021-04-27;16701;36388;2881944;2116762;69.3;50.9
FR;80;2021-04-28;17894;34558;2899838;2151320;69.7;51.7
FR;80;2021-04-29;21674;35617;2921512;2186937;70.3;52.6
FR;80;2021-04-30;20308;29540;2941820;2216477;70.8;53.3
FR;80;2021-05-01;5790;5809;2947610;2222286;70.9;53.4
FR;80;2021-05-02;2598;3850;2950208;2226136;71.0;53.5
FR;80;2021-05-03;12426;21317;2962634;2247453;71.3;54.1
FR;80;2021-05-04;13806;29940;2976440;2277393;71.6;54.8
FR;80;2021-05-05;13502;29279;2989942;2306672;71.9;55.5
FR;80;2021-05-06;15838;29489;3005780;2336161;72.3;56.2
FR;80;2021-05-07;14536;29738;3020316;2365899;72.6;56.9
FR;80;2021-05-08;4508;6035;3024824;2371934;72.7;57.0
FR;80;2021-05-09;1912;4141;3026736;2376075;72.8;57.1
FR;80;2021-05-10;9138;24336;3035874;2400411;73.0;57.7
FR;80;2021-05-11;12529;27162;3048403;2427573;73.3;58.4
FR;80;2021-05-12;11455;23553;3059858;2451126;73.6;59.0
FR;80;2021-05-13;4879;5394;3064737;2456520;73.7;59.1
FR;80;2021-05-14;10350;16350;3075087;2472870;74.0;59.5
FR;80;2021-05-15;4813;7331;3079900;2480201;74.1;59.7
FR;80;2021-05-16;1533;1525;3081433;2481726;74.1;59.7
FR;80;2021-05-17;7029;13095;3088462;2494821;74.3;60.0
FR;80;2021-05-18;9494;13468;3097956;2508289;74.5;60.3
FR;80;2021-05-19;8873;12066;3106829;2520355;74.7;60.6
FR;80;2021-05-20;10615;12651;3117444;2533006;75.0;60.9
FR;80;2021-05-21;8742;13042;3126186;2546048;75.2;61.2
FR;80;2021-05-22;3824;5185;3130010;2551233;75.3;61.4
FR;80;2021-05-23;1007;1132;3131017;2552365;75.3;61.4
FR;80;2021-05-24;2570;2222;3133587;2554587;75.4;61.4
FR;80;2021-05-25;6540;14189;3140127;2568776;75.5;61.8
FR;80;2021-05-26;6646;14182;3146773;2582958;75.7;62.1
FR;80;2021-05-27;8513;16764;3155286;2599722;75.9;62.5
FR;80;2021-05-28;8148;18017;3163434;2617739;76.1;63.0
FR;80;2021-05-29;3404;8798;3166838;2626537;76.2;63.2
FR;80;2021-05-30;634;1594;3167472;2628131;76.2;63.2
FR;80;2021-05-31;4910;12667;3172382;2640798;76.3;63.5
FR;80;2021-06-01;7166;16564;3179548;2657362;76.5;63.9
FR;80;2021-06-02;6180;14803;3185728;2672165;76.6;64.3
FR;80;2021-06-03;8138;16858;3193866;2689023;76.8;64.7
FR;80;2021-06-04;7249;18746;3201115;2707769;77.0;65.1
FR;80;2021-06-05;3136;9090;3204251;2716859;77.1;65.3
FR;0;2020-12-27;20;2;20;2;0.0;0.0
FR;0;2020-12-28;69;0;89;2;0.0;0.0
FR;0;2020-12-29;108;0;197;2;0.0;0.0
FR;0;2020-12-30;121;0;318;2;0.0;0.0
FR;0;2020-12-31;85;0;403;2;0.0;0.0
FR;0;2021-01-01;68;1;471;3;0.0;0.0
FR;0;2021-01-02;87;2;558;5;0.0;0.0
FR;0;2021-01-03;90;0;648;5;0.0;0.0
FR;0;2021-01-04;1477;7;2125;12;0.0;0.0
FR;0;2021-01-05;5394;19;7519;31;0.0;0.0
FR;0;2021-01-06;11294;28;18813;59;0.0;0.0
FR;0;2021-01-07;28554;64;47367;123;0.1;0.0
FR;0;2021-01-08;36233;73;83600;196;0.1;0.0
FR;0;2021-01-09;10914;14;94514;210;0.1;0.0
FR;0;2021-01-10;5619;9;100133;219;0.1;0.0
FR;0;2021-01-11;38972;92;139105;311;0.2;0.0
FR;0;2021-01-12;60844;147;199949;458;0.3;0.0
FR;0;2021-01-13;63745;174;263694;632;0.4;0.0
FR;0;2021-01-14;79846;719;343540;1351;0.5;0.0
FR;0;2021-01-15;67468;286;411008;1637;0.6;0.0
FR;0;2021-01-16;19708;120;430716;1757;0.6;0.0
FR;0;2021-01-17;10468;61;441184;1818;0.7;0.0
FR;0;2021-01-18;84356;315;525540;2133;0.8;0.0
FR;0;2021-01-19;128432;351;653972;2484;1.0;0.0
FR;0;2021-01-20;135147;353;789119;2837;1.2;0.0
FR;0;2021-01-21;155328;330;944447;3167;1.4;0.0
FR;0;2021-01-22;118610;354;1063057;3521;1.6;0.0
FR;0;2021-01-23;37808;76;1100865;3597;1.6;0.0
FR;0;2021-01-24;9362;39;1110227;3636;1.7;0.0
FR;0;2021-01-25;76828;1330;1187055;4966;1.8;0.0
FR;0;2021-01-26;98802;3243;1285857;8209;1.9;0.0
FR;0;2021-01-27;105640;5752;1391497;13961;2.1;0.0
FR;0;2021-01-28;122317;14603;1513814;28564;2.3;0.0
FR;0;2021-01-29;90855;17471;1604669;46035;2.4;0.1
FR;0;2021-01-30;28644;4264;1633313;50299;2.4;0.1
FR;0;2021-01-31;4868;1686;1638181;51985;2.4;0.1
FR;0;2021-02-01;51545;21207;1689726;73192;2.5;0.1
FR;0;2021-02-02;70701;34727;1760427;107919;2.6;0.2
FR;0;2021-02-03;70984;37146;1831411;145065;2.7;0.2
FR;0;2021-02-04;80535;50274;1911946;195339;2.8;0.3
FR;0;2021-02-05;67113;45517;1979059;240856;2.9;0.4
FR;0;2021-02-06;21325;10438;2000384;251294;3.0;0.4
FR;0;2021-02-07;4823;5078;2005207;256372;3.0;0.4
FR;0;2021-02-08;45826;46205;2051033;302577;3.1;0.5
FR;0;2021-02-09;64902;72869;2115935;375446;3.2;0.6
FR;0;2021-02-10;69231;77269;2185166;452715;3.3;0.7
FR;0;2021-02-11;85560;100043;2270726;552758;3.4;0.8
FR;0;2021-02-12;77683;75089;2348409;627847;3.5;0.9
FR;0;2021-02-13;21657;19628;2370066;647475;3.5;1.0
FR;0;2021-02-14;4583;7232;2374649;654707;3.5;1.0
FR;0;2021-02-15;37039;77009;2411688;731716;3.6;1.1
FR;0;2021-02-16;49190;101350;2460878;833066;3.7;1.2
FR;0;2021-02-17;49296;103596;2510174;936662;3.7;1.4
FR;0;2021-02-18;67902;119540;2578076;1056202;3.8;1.6
FR;0;2021-02-19;63704;91641;2641780;1147843;3.9;1.7
FR;0;2021-02-20;17959;28594;2659739;1176437;4.0;1.8
FR;0;2021-02-21;2858;6412;2662597;1182849;4.0;1.8
FR;0;2021-02-22;36452;73650;2699049;1256499;4.0;1.9
FR;0;2021-02-23;52614;84711;2751663;1341210;4.1;2.0
FR;0;2021-02-24;57985;81789;2809648;1422999;4.2;2.1
FR;0;2021-02-25;98510;92823;2908158;1515822;4.3;2.3
FR;0;2021-02-26;111653;72407;3019811;1588229;4.5;2.4
FR;0;2021-02-27;51106;22474;3070917;1610703;4.6;2.4
FR;0;2021-02-28;5669;4491;3076586;1615194;4.6;2.4
FR;0;2021-03-01;63550;53545;3140136;1668739;4.7;2.5
FR;0;2021-03-02;99316;67457;3239452;1736196;4.8;2.6
FR;0;2021-03-03;113525;67022;3352977;1803218;5.0;2.7
FR;0;2021-03-04;160228;71197;3513205;1874415;5.2;2.8
FR;0;2021-03-05;197687;66122;3710892;1940537;5.5;2.9
FR;0;2021-03-06;204778;19709;3915670;1960246;5.8;2.9
FR;0;2021-03-07;119691;6544;4035361;1966790;6.0;2.9
FR;0;2021-03-08;104658;52062;4140019;2018852;6.2;3.0
FR;0;2021-03-09;169544;58833;4309563;2077685;6.4;3.1
FR;0;2021-03-10;175539;59301;4485102;2136986;6.7;3.2
FR;0;2021-03-11;239288;66235;4724390;2203221;7.0;3.3
FR;0;2021-03-12;290860;57130;5015250;2260351;7.5;3.4
FR;0;2021-03-13;228139;17420;5243389;2277771;7.8;3.4
FR;0;2021-03-14;62085;4121;5305474;2281892;7.9;3.4
FR;0;2021-03-15;155626;34803;5461100;2316695;8.1;3.5
FR;0;2021-03-16;139225;41521;5600325;2358216;8.3;3.5
FR;0;2021-03-17;147968;41067;5748293;2399283;8.6;3.6
FR;0;2021-03-18;164902;47736;5913195;2447019;8.8;3.6
FR;0;2021-03-19;226419;41451;6139614;2488470;9.1;3.7
FR;0;2021-03-20;164427;14121;6304041;2502591;9.4;3.7
FR;0;2021-03-21;48721;3519;6352762;2506110;9.5;3.7
FR;0;2021-03-22;166947;37403;6519709;2543513;9.7;3.8
FR;0;2021-03-23;246506;46833;6766215;2590346;10.1;3.9
FR;0;2021-03-24;253075;48399;7019290;2638745;10.5;3.9
FR;0;2021-03-25;337230;50972;7356520;2689717;11.0;4.0
FR;0;2021-03-26;354419;48698;7710939;2738415;11.5;4.1
FR;0;2021-03-27;192839;20315;7903778;2758730;11.8;4.1
FR;0;2021-03-28;58289;4840;7962067;2763570;11.9;4.1
FR;0;2021-03-29;200246;58325;8162313;2821895;12.2;4.2
FR;0;2021-03-30;281693;75789;8444006;2897684;12.6;4.3
FR;0;2021-03-31;259252;79147;8703258;2976831;13.0;4.4
FR;0;2021-04-01;309769;96180;9013027;3073011;13.4;4.6
FR;0;2021-04-02;277472;99262;9290499;3172273;13.8;4.7
FR;0;2021-04-03;139042;65191;9429541;3237464;14.0;4.8
FR;0;2021-04-04;44858;19960;9474399;3257424;14.1;4.9
FR;0;2021-04-05;58752;12761;9533151;3270185;14.2;4.9
FR;0;2021-04-06;213013;113418;9746164;3383603;14.5;5.0
FR;0;2021-04-07;256007;122853;10002171;3506456;14.9;5.2
FR;0;2021-04-08;332398;131774;10334569;3638230;15.4;5.4
FR;0;2021-04-09;404399;127524;10738968;3765754;16.0;5.6
FR;0;2021-04-10;209977;88262;10948945;3854016;16.3;5.7
FR;0;2021-04-11;54956;36338;11003901;3890354;16.4;5.8
FR;0;2021-04-12;233621;121686;11237522;4012040;16.7;6.0
FR;0;2021-04-13;304848;153711;11542370;4165751;17.2;6.2
FR;0;2021-04-14;289225;148611;11831595;4314362;17.6;6.4
FR;0;2021-04-15;331375;158580;12162970;4472942;18.1;6.7
FR;0;2021-04-16;334460;155822;12497430;4628764;18.6;6.9
FR;0;2021-04-17;185947;95673;12683377;4724437;18.9;7.0
FR;0;2021-04-18;50401;37221;12733778;4761658;19.0;7.1
FR;0;2021-04-19;202382;145116;12936160;4906774;19.3;7.3
FR;0;2021-04-20;250250;179381;13186410;5086155;19.6;7.6
FR;0;2021-04-21;248839;177667;13435249;5263822;20.0;7.8
FR;0;2021-04-22;282573;198920;13717822;5462742;20.4;8.1
FR;0;2021-04-23;290208;194974;14008030;5657716;20.9;8.4
FR;0;2021-04-24;187905;119835;14195935;5777551;21.2;8.6
FR;0;2021-04-25;68208;41749;14264143;5819300;21.3;8.7
FR;0;2021-04-26;216507;166881;14480650;5986181;21.6;8.9
FR;0;2021-04-27;280037;207379;14760687;6193560;22.0;9.2
FR;0;2021-04-28;294187;204506;15054874;6398066;22.4;9.5
FR;0;2021-04-29;351565;226629;15406439;6624695;23.0;9.9
FR;0;2021-04-30;366518;219668;15772957;6844363;23.5;10.2
FR;0;2021-05-01;163147;61620;15936104;6905983;23.7;10.3
FR;0;2021-05-02;89820;42409;16025924;6948392;23.9;10.4
FR;0;2021-05-03;282287;187094;16308211;7135486;24.3;10.6
FR;0;2021-05-04;308758;247139;16616969;7382625;24.8;11.0
FR;0;2021-05-05;318423;246421;16935392;7629046;25.2;11.4
FR;0;2021-05-06;371702;269476;17307094;7898522;25.8;11.8
FR;0;2021-05-07;365920;294996;17673014;8193518;26.3;12.2
FR;0;2021-05-08;208851;79417;17881865;8272935;26.6;12.3
FR;0;2021-05-09;127417;54248;18009282;8327183;26.8;12.4
FR;0;2021-05-10;303340;251833;18312622;8579016;27.3;12.8
FR;0;2021-05-11;395654;293095;18708276;8872111;27.9;13.2
FR;0;2021-05-12;421351;265501;19129627;9137612;28.5;13.6
FR;0;2021-05-13;331031;76030;19460658;9213642;29.0;13.7
FR;0;2021-05-14;442613;199512;19903271;9413154;29.7;14.0
FR;0;2021-05-15;365348;117662;20268619;9530816;30.2;14.2
FR;0;2021-05-16;199303;32927;20467922;9563743;30.5;14.2
FR;0;2021-05-17;367629;176072;20835551;9739815;31.0;14.5
FR;0;2021-05-18;445274;188272;21280825;9928087;31.7;14.8
FR;0;2021-05-19;455397;178895;21736222;10106982;32.4;15.1
FR;0;2021-05-20;494248;200285;22230470;10307267;33.1;15.4
FR;0;2021-05-21;476169;217296;22706639;10524563;33.8;15.7
FR;0;2021-05-22;340863;106083;23047502;10630646;34.3;15.8
FR;0;2021-05-23;158419;25731;23205921;10656377;34.6;15.9
FR;0;2021-05-24;256637;51563;23462558;10707940;35.0;16.0
FR;0;2021-05-25;390191;223014;23852749;10930954;35.5;16.3
FR;0;2021-05-26;396793;222594;24249542;11153548;36.1;16.6
FR;0;2021-05-27;437944;262634;24687486;11416182;36.8;17.0
FR;0;2021-05-28;417757;314440;25105243;11730622;37.4;17.5
FR;0;2021-05-29;293506;180327;25398749;11910949;37.8;17.7
FR;0;2021-05-30;104339;41451;25503088;11952400;38.0;17.8
FR;0;2021-05-31;349509;239321;25852597;12191721;38.5;18.2
FR;0;2021-06-01;410590;299557;26263187;12491278;39.1;18.6
FR;0;2021-06-02;396549;273923;26659736;12765201;39.7;19.0
FR;0;2021-06-03;447400;309604;27107136;13074805;40.4;19.5
FR;0;2021-06-04;436619;357852;27543755;13432657;41.0;20.0
FR;0;2021-06-05;294575;219348;27838330;13652005;41.5;20.3
