reg;jour;n_dose1;n_complet;n_cum_dose1;n_cum_complet;couv_dose1;couv_complet
01;2020-12-27;0;0;0;0;0.0;0.0
01;2020-12-28;0;0;0;0;0.0;0.0
01;2020-12-29;0;0;0;0;0.0;0.0
01;2020-12-30;0;0;0;0;0.0;0.0
01;2020-12-31;0;0;0;0;0.0;0.0
01;2021-01-01;1;0;1;0;0.0;0.0
01;2021-01-02;0;0;1;0;0.0;0.0
01;2021-01-03;0;0;1;0;0.0;0.0
01;2021-01-04;1;0;2;0;0.0;0.0
01;2021-01-05;0;0;2;0;0.0;0.0
01;2021-01-06;0;0;2;0;0.0;0.0
01;2021-01-07;0;0;2;0;0.0;0.0
01;2021-01-08;33;0;35;0;0.0;0.0
01;2021-01-09;14;0;49;0;0.0;0.0
01;2021-01-10;0;0;49;0;0.0;0.0
01;2021-01-11;48;0;97;0;0.0;0.0
01;2021-01-12;33;0;130;0;0.0;0.0
01;2021-01-13;45;0;175;0;0.0;0.0
01;2021-01-14;60;0;235;0;0.1;0.0
01;2021-01-15;75;0;310;0;0.1;0.0
01;2021-01-16;0;0;310;0;0.1;0.0
01;2021-01-17;0;0;310;0;0.1;0.0
01;2021-01-18;75;0;385;0;0.1;0.0
01;2021-01-19;137;0;522;0;0.1;0.0
01;2021-01-20;130;0;652;0;0.2;0.0
01;2021-01-21;146;1;798;1;0.2;0.0
01;2021-01-22;127;0;925;1;0.2;0.0
01;2021-01-23;1;0;926;1;0.2;0.0
01;2021-01-24;0;0;926;1;0.2;0.0
01;2021-01-25;200;0;1126;1;0.3;0.0
01;2021-01-26;197;1;1323;2;0.4;0.0
01;2021-01-27;229;0;1552;2;0.4;0.0
01;2021-01-28;218;3;1770;5;0.5;0.0
01;2021-01-29;192;1;1962;6;0.5;0.0
01;2021-01-30;10;0;1972;6;0.5;0.0
01;2021-01-31;1;0;1973;6;0.5;0.0
01;2021-02-01;217;4;2190;10;0.6;0.0
01;2021-02-02;236;25;2426;35;0.6;0.0
01;2021-02-03;191;2;2617;37;0.7;0.0
01;2021-02-04;296;20;2913;57;0.8;0.0
01;2021-02-05;212;32;3125;89;0.8;0.0
01;2021-02-06;45;1;3170;90;0.8;0.0
01;2021-02-07;0;0;3170;90;0.8;0.0
01;2021-02-08;178;23;3348;113;0.9;0.0
01;2021-02-09;308;28;3656;141;1.0;0.0
01;2021-02-10;187;29;3843;170;1.0;0.0
01;2021-02-11;288;109;4131;279;1.1;0.1
01;2021-02-12;280;24;4411;303;1.2;0.1
01;2021-02-13;48;7;4459;310;1.2;0.1
01;2021-02-14;18;36;4477;346;1.2;0.1
01;2021-02-15;58;45;4535;391;1.2;0.1
01;2021-02-16;15;1;4550;392;1.2;0.1
01;2021-02-17;16;1;4566;393;1.2;0.1
01;2021-02-18;195;17;4761;410;1.3;0.1
01;2021-02-19;216;20;4977;430;1.3;0.1
01;2021-02-20;46;0;5023;430;1.3;0.1
01;2021-02-21;1;0;5024;430;1.3;0.1
01;2021-02-22;137;61;5161;491;1.4;0.1
01;2021-02-23;180;73;5341;564;1.4;0.1
01;2021-02-24;295;124;5636;688;1.5;0.2
01;2021-02-25;356;79;5992;767;1.6;0.2
01;2021-02-26;154;83;6146;850;1.6;0.2
01;2021-02-27;63;0;6209;850;1.6;0.2
01;2021-02-28;1;0;6210;850;1.6;0.2
01;2021-03-01;122;81;6332;931;1.7;0.2
01;2021-03-02;234;131;6566;1062;1.7;0.3
01;2021-03-03;193;118;6759;1180;1.8;0.3
01;2021-03-04;293;82;7052;1262;1.9;0.3
01;2021-03-05;303;142;7355;1404;2.0;0.4
01;2021-03-06;570;2;7925;1406;2.1;0.4
01;2021-03-07;1;0;7926;1406;2.1;0.4
01;2021-03-08;258;137;8184;1543;2.2;0.4
01;2021-03-09;279;150;8463;1693;2.2;0.4
01;2021-03-10;306;158;8769;1851;2.3;0.5
01;2021-03-11;119;44;8888;1895;2.4;0.5
01;2021-03-12;260;212;9148;2107;2.4;0.6
01;2021-03-13;63;2;9211;2109;2.4;0.6
01;2021-03-14;13;23;9224;2132;2.4;0.6
01;2021-03-15;251;42;9475;2174;2.5;0.6
01;2021-03-16;323;78;9798;2252;2.6;0.6
01;2021-03-17;323;83;10121;2335;2.7;0.6
01;2021-03-18;395;106;10516;2441;2.8;0.6
01;2021-03-19;381;98;10897;2539;2.9;0.7
01;2021-03-20;85;44;10982;2583;2.9;0.7
01;2021-03-21;8;0;10990;2583;2.9;0.7
01;2021-03-22;324;86;11314;2669;3.0;0.7
01;2021-03-23;452;156;11766;2825;3.1;0.7
01;2021-03-24;445;106;12211;2931;3.2;0.8
01;2021-03-25;680;177;12891;3108;3.4;0.8
01;2021-03-26;619;120;13510;3228;3.6;0.9
01;2021-03-27;252;46;13762;3274;3.7;0.9
01;2021-03-28;4;0;13766;3274;3.7;0.9
01;2021-03-29;356;80;14122;3354;3.7;0.9
01;2021-03-30;589;161;14711;3515;3.9;0.9
01;2021-03-31;506;124;15217;3639;4.0;1.0
01;2021-04-01;600;200;15817;3839;4.2;1.0
01;2021-04-02;40;34;15857;3873;4.2;1.0
01;2021-04-03;40;2;15897;3875;4.2;1.0
01;2021-04-04;4;18;15901;3893;4.2;1.0
01;2021-04-05;3;0;15904;3893;4.2;1.0
01;2021-04-06;399;186;16303;4079;4.3;1.1
01;2021-04-07;553;114;16856;4193;4.5;1.1
01;2021-04-08;462;159;17318;4352;4.6;1.2
01;2021-04-09;450;209;17768;4561;4.7;1.2
01;2021-04-10;95;4;17863;4565;4.7;1.2
01;2021-04-11;2;25;17865;4590;4.7;1.2
01;2021-04-12;261;257;18126;4847;4.8;1.3
01;2021-04-13;512;318;18638;5165;4.9;1.4
01;2021-04-14;395;219;19033;5384;5.1;1.4
01;2021-04-15;527;315;19560;5699;5.2;1.5
01;2021-04-16;536;265;20096;5964;5.3;1.6
01;2021-04-17;161;2;20257;5966;5.4;1.6
01;2021-04-18;4;14;20261;5980;5.4;1.6
01;2021-04-19;369;236;20630;6216;5.5;1.6
01;2021-04-20;698;342;21328;6558;5.7;1.7
01;2021-04-21;603;309;21931;6867;5.8;1.8
01;2021-04-22;779;328;22710;7195;6.0;1.9
01;2021-04-23;833;246;23543;7441;6.2;2.0
01;2021-04-24;315;71;23858;7512;6.3;2.0
01;2021-04-25;596;64;24454;7576;6.5;2.0
01;2021-04-26;911;208;25365;7784;6.7;2.1
01;2021-04-27;602;224;25967;8008;6.9;2.1
01;2021-04-28;824;261;26791;8269;7.1;2.2
01;2021-04-29;1184;183;27975;8452;7.4;2.2
01;2021-04-30;1245;162;29220;8614;7.8;2.3
01;2021-05-01;588;38;29808;8652;7.9;2.3
01;2021-05-02;338;15;30146;8667;8.0;2.3
01;2021-05-03;899;165;31045;8832;8.2;2.3
01;2021-05-04;916;194;31961;9026;8.5;2.4
01;2021-05-05;933;239;32894;9265;8.7;2.5
01;2021-05-06;1088;163;33982;9428;9.0;2.5
01;2021-05-07;1151;252;35133;9680;9.3;2.6
01;2021-05-08;307;29;35440;9709;9.4;2.6
01;2021-05-09;177;9;35617;9718;9.5;2.6
01;2021-05-10;813;205;36430;9923;9.7;2.6
01;2021-05-11;917;305;37347;10228;9.9;2.7
01;2021-05-12;878;319;38225;10547;10.1;2.8
01;2021-05-13;206;78;38431;10625;10.2;2.8
01;2021-05-14;818;268;39249;10893;10.4;2.9
01;2021-05-15;431;13;39680;10906;10.5;2.9
01;2021-05-16;179;34;39859;10940;10.6;2.9
01;2021-05-17;614;267;40473;11207;10.7;3.0
01;2021-05-18;643;388;41116;11595;10.9;3.1
01;2021-05-19;665;518;41781;12113;11.1;3.2
01;2021-05-20;735;364;42516;12477;11.3;3.3
01;2021-05-21;756;396;43272;12873;11.5;3.4
01;2021-05-22;471;217;43743;13090;11.6;3.5
01;2021-05-23;195;115;43938;13205;11.7;3.5
01;2021-05-24;193;176;44131;13381;11.7;3.6
01;2021-05-25;475;662;44606;14043;11.8;3.7
01;2021-05-26;541;491;45147;14534;12.0;3.9
01;2021-05-27;127;185;45274;14719;12.0;3.9
01;2021-05-28;470;520;45744;15239;12.1;4.0
01;2021-05-29;219;138;45963;15377;12.2;4.1
01;2021-05-30;71;111;46034;15488;12.2;4.1
01;2021-05-31;409;536;46443;16024;12.3;4.3
01;2021-06-01;476;713;46919;16737;12.4;4.4
01;2021-06-02;474;708;47393;17445;12.6;4.6
01;2021-06-03;406;561;47799;18006;12.7;4.8
01;2021-06-04;591;795;48390;18801;12.8;5.0
01;2021-06-05;262;640;48652;19441;12.9;5.2
01;2021-06-06;121;530;48773;19971;12.9;5.3
01;2021-06-07;375;782;49148;20753;13.0;5.5
01;2021-06-08;783;624;49931;21377;13.2;5.7
01;2021-06-09;445;795;50376;22172;13.4;5.9
01;2021-06-10;474;823;50850;22995;13.5;6.1
01;2021-06-11;392;1227;51242;24222;13.6;6.4
01;2021-06-12;276;660;51518;24882;13.7;6.6
01;2021-06-13;129;314;51647;25196;13.7;6.7
02;2020-12-27;0;0;0;0;0.0;0.0
02;2020-12-28;0;0;0;0;0.0;0.0
02;2020-12-29;0;0;0;0;0.0;0.0
02;2020-12-30;0;0;0;0;0.0;0.0
02;2020-12-31;0;0;0;0;0.0;0.0
02;2021-01-01;0;0;0;0;0.0;0.0
02;2021-01-02;0;0;0;0;0.0;0.0
02;2021-01-03;0;0;0;0;0.0;0.0
02;2021-01-04;0;0;0;0;0.0;0.0
02;2021-01-05;0;0;0;0;0.0;0.0
02;2021-01-06;5;0;5;0;0.0;0.0
02;2021-01-07;31;0;36;0;0.0;0.0
02;2021-01-08;80;1;116;1;0.0;0.0
02;2021-01-09;20;0;136;1;0.0;0.0
02;2021-01-10;0;0;136;1;0.0;0.0
02;2021-01-11;122;0;258;1;0.1;0.0
02;2021-01-12;78;0;336;1;0.1;0.0
02;2021-01-13;64;0;400;1;0.1;0.0
02;2021-01-14;87;0;487;1;0.1;0.0
02;2021-01-15;136;0;623;1;0.2;0.0
02;2021-01-16;51;0;674;1;0.2;0.0
02;2021-01-17;0;0;674;1;0.2;0.0
02;2021-01-18;157;0;831;1;0.2;0.0
02;2021-01-19;167;0;998;1;0.3;0.0
02;2021-01-20;163;0;1161;1;0.3;0.0
02;2021-01-21;181;1;1342;2;0.4;0.0
02;2021-01-22;156;0;1498;2;0.4;0.0
02;2021-01-23;58;0;1556;2;0.4;0.0
02;2021-01-24;0;0;1556;2;0.4;0.0
02;2021-01-25;159;0;1715;2;0.5;0.0
02;2021-01-26;137;0;1852;2;0.5;0.0
02;2021-01-27;161;5;2013;7;0.6;0.0
02;2021-01-28;143;12;2156;19;0.6;0.0
02;2021-01-29;142;41;2298;60;0.6;0.0
02;2021-01-30;96;16;2394;76;0.7;0.0
02;2021-01-31;0;0;2394;76;0.7;0.0
02;2021-02-01;119;74;2513;150;0.7;0.0
02;2021-02-02;184;95;2697;245;0.8;0.1
02;2021-02-03;130;80;2827;325;0.8;0.1
02;2021-02-04;158;73;2985;398;0.8;0.1
02;2021-02-05;120;97;3105;495;0.9;0.1
02;2021-02-06;62;26;3167;521;0.9;0.1
02;2021-02-07;1;0;3168;521;0.9;0.1
02;2021-02-08;136;78;3304;599;0.9;0.2
02;2021-02-09;175;78;3479;677;1.0;0.2
02;2021-02-10;138;90;3617;767;1.0;0.2
02;2021-02-11;149;103;3766;870;1.0;0.2
02;2021-02-12;124;128;3890;998;1.1;0.3
02;2021-02-13;38;37;3928;1035;1.1;0.3
02;2021-02-14;0;0;3928;1035;1.1;0.3
02;2021-02-15;51;67;3979;1102;1.1;0.3
02;2021-02-16;0;1;3979;1103;1.1;0.3
02;2021-02-17;1;3;3980;1106;1.1;0.3
02;2021-02-18;68;128;4048;1234;1.1;0.3
02;2021-02-19;69;131;4117;1365;1.1;0.4
02;2021-02-20;48;69;4165;1434;1.2;0.4
02;2021-02-21;0;0;4165;1434;1.2;0.4
02;2021-02-22;99;60;4264;1494;1.2;0.4
02;2021-02-23;113;238;4377;1732;1.2;0.5
02;2021-02-24;106;223;4483;1955;1.2;0.5
02;2021-02-25;89;151;4572;2106;1.3;0.6
02;2021-02-26;126;169;4698;2275;1.3;0.6
02;2021-02-27;69;52;4767;2327;1.3;0.6
02;2021-02-28;0;0;4767;2327;1.3;0.6
02;2021-03-01;138;144;4905;2471;1.4;0.7
02;2021-03-02;158;78;5063;2549;1.4;0.7
02;2021-03-03;178;145;5241;2694;1.5;0.8
02;2021-03-04;146;134;5387;2828;1.5;0.8
02;2021-03-05;238;127;5625;2955;1.6;0.8
02;2021-03-06;119;59;5744;3014;1.6;0.8
02;2021-03-07;100;1;5844;3015;1.6;0.8
02;2021-03-08;196;132;6040;3147;1.7;0.9
02;2021-03-09;269;102;6309;3249;1.8;0.9
02;2021-03-10;324;134;6633;3383;1.8;0.9
02;2021-03-11;331;83;6964;3466;1.9;1.0
02;2021-03-12;398;53;7362;3519;2.1;1.0
02;2021-03-13;155;21;7517;3540;2.1;1.0
02;2021-03-14;4;1;7521;3541;2.1;1.0
02;2021-03-15;276;92;7797;3633;2.2;1.0
02;2021-03-16;305;55;8102;3688;2.3;1.0
02;2021-03-17;387;49;8489;3737;2.4;1.0
02;2021-03-18;435;44;8924;3781;2.5;1.1
02;2021-03-19;396;61;9320;3842;2.6;1.1
02;2021-03-20;149;47;9469;3889;2.6;1.1
02;2021-03-21;25;1;9494;3890;2.6;1.1
02;2021-03-22;362;116;9856;4006;2.7;1.1
02;2021-03-23;401;123;10257;4129;2.9;1.2
02;2021-03-24;425;104;10682;4233;3.0;1.2
02;2021-03-25;470;99;11152;4332;3.1;1.2
02;2021-03-26;632;100;11784;4432;3.3;1.2
02;2021-03-27;152;71;11936;4503;3.3;1.3
02;2021-03-28;81;2;12017;4505;3.3;1.3
02;2021-03-29;420;165;12437;4670;3.5;1.3
02;2021-03-30;468;244;12905;4914;3.6;1.4
02;2021-03-31;1141;187;14046;5101;3.9;1.4
02;2021-04-01;951;167;14997;5268;4.2;1.5
02;2021-04-02;894;7;15891;5275;4.4;1.5
02;2021-04-03;787;48;16678;5323;4.6;1.5
02;2021-04-04;750;10;17428;5333;4.9;1.5
02;2021-04-05;828;39;18256;5372;5.1;1.5
02;2021-04-06;883;132;19139;5504;5.3;1.5
02;2021-04-07;1429;323;20568;5827;5.7;1.6
02;2021-04-08;1303;267;21871;6094;6.1;1.7
02;2021-04-09;1238;317;23109;6411;6.4;1.8
02;2021-04-10;837;161;23946;6572;6.7;1.8
02;2021-04-11;621;12;24567;6584;6.8;1.8
02;2021-04-12;866;313;25433;6897;7.1;1.9
02;2021-04-13;865;325;26298;7222;7.3;2.0
02;2021-04-14;957;323;27255;7545;7.6;2.1
02;2021-04-15;957;291;28212;7836;7.9;2.2
02;2021-04-16;991;298;29203;8134;8.1;2.3
02;2021-04-17;525;161;29728;8295;8.3;2.3
02;2021-04-18;339;56;30067;8351;8.4;2.3
02;2021-04-19;668;347;30735;8698;8.6;2.4
02;2021-04-20;869;309;31604;9007;8.8;2.5
02;2021-04-21;997;358;32601;9365;9.1;2.6
02;2021-04-22;602;313;33203;9678;9.3;2.7
02;2021-04-23;604;464;33807;10142;9.4;2.8
02;2021-04-24;360;197;34167;10339;9.5;2.9
02;2021-04-25;168;200;34335;10539;9.6;2.9
02;2021-04-26;514;543;34849;11082;9.7;3.1
02;2021-04-27;557;609;35406;11691;9.9;3.3
02;2021-04-28;449;692;35855;12383;10.0;3.5
02;2021-04-29;647;642;36502;13025;10.2;3.6
02;2021-04-30;770;688;37272;13713;10.4;3.8
02;2021-05-01;243;245;37515;13958;10.5;3.9
02;2021-05-02;226;513;37741;14471;10.5;4.0
02;2021-05-03;567;771;38308;15242;10.7;4.2
02;2021-05-04;514;677;38822;15919;10.8;4.4
02;2021-05-05;538;898;39360;16817;11.0;4.7
02;2021-05-06;543;780;39903;17597;11.1;4.9
02;2021-05-07;627;1017;40530;18614;11.3;5.2
02;2021-05-08;222;526;40752;19140;11.4;5.3
02;2021-05-09;174;506;40926;19646;11.4;5.5
02;2021-05-10;518;861;41444;20507;11.6;5.7
02;2021-05-11;470;874;41914;21381;11.7;6.0
02;2021-05-12;552;913;42466;22294;11.8;6.2
02;2021-05-13;268;533;42734;22827;11.9;6.4
02;2021-05-14;382;753;43116;23580;12.0;6.6
02;2021-05-15;230;579;43346;24159;12.1;6.7
02;2021-05-16;155;442;43501;24601;12.1;6.9
02;2021-05-17;463;755;43964;25356;12.3;7.1
02;2021-05-18;439;675;44403;26031;12.4;7.3
02;2021-05-19;435;740;44838;26771;12.5;7.5
02;2021-05-20;587;501;45425;27272;12.7;7.6
02;2021-05-21;541;704;45966;27976;12.8;7.8
02;2021-05-22;182;365;46148;28341;12.9;7.9
02;2021-05-23;109;181;46257;28522;12.9;8.0
02;2021-05-24;131;242;46388;28764;12.9;8.0
02;2021-05-25;344;705;46732;29469;13.0;8.2
02;2021-05-26;371;713;47103;30182;13.1;8.4
02;2021-05-27;260;648;47363;30830;13.2;8.6
02;2021-05-28;264;820;47627;31650;13.3;8.8
02;2021-05-29;149;512;47776;32162;13.3;9.0
02;2021-05-30;15;33;47791;32195;13.3;9.0
02;2021-05-31;342;686;48133;32881;13.4;9.2
02;2021-06-01;289;548;48422;33429;13.5;9.3
02;2021-06-02;306;573;48728;34002;13.6;9.5
02;2021-06-03;246;432;48974;34434;13.7;9.6
02;2021-06-04;348;651;49322;35085;13.7;9.8
02;2021-06-05;234;362;49556;35447;13.8;9.9
02;2021-06-06;21;31;49577;35478;13.8;9.9
02;2021-06-07;257;741;49834;36219;13.9;10.1
02;2021-06-08;268;587;50102;36806;14.0;10.3
02;2021-06-09;511;485;50613;37291;14.1;10.4
02;2021-06-10;440;311;51053;37602;14.2;10.5
02;2021-06-11;320;543;51373;38145;14.3;10.6
02;2021-06-12;230;320;51603;38465;14.4;10.7
02;2021-06-13;30;29;51633;38494;14.4;10.7
03;2020-12-27;0;0;0;0;0.0;0.0
03;2020-12-28;0;0;0;0;0.0;0.0
03;2020-12-29;0;0;0;0;0.0;0.0
03;2020-12-30;0;0;0;0;0.0;0.0
03;2020-12-31;0;0;0;0;0.0;0.0
03;2021-01-01;0;0;0;0;0.0;0.0
03;2021-01-02;0;0;0;0;0.0;0.0
03;2021-01-03;0;0;0;0;0.0;0.0
03;2021-01-04;0;0;0;0;0.0;0.0
03;2021-01-05;0;0;0;0;0.0;0.0
03;2021-01-06;0;0;0;0;0.0;0.0
03;2021-01-07;0;0;0;0;0.0;0.0
03;2021-01-08;0;0;0;0;0.0;0.0
03;2021-01-09;0;0;0;0;0.0;0.0
03;2021-01-10;0;0;0;0;0.0;0.0
03;2021-01-11;0;0;0;0;0.0;0.0
03;2021-01-12;0;0;0;0;0.0;0.0
03;2021-01-13;30;0;30;0;0.0;0.0
03;2021-01-14;46;0;76;0;0.0;0.0
03;2021-01-15;34;0;110;0;0.0;0.0
03;2021-01-16;18;0;128;0;0.0;0.0
03;2021-01-17;0;0;128;0;0.0;0.0
03;2021-01-18;62;0;190;0;0.1;0.0
03;2021-01-19;149;1;339;1;0.1;0.0
03;2021-01-20;132;0;471;1;0.2;0.0
03;2021-01-21;118;0;589;1;0.2;0.0
03;2021-01-22;76;0;665;1;0.2;0.0
03;2021-01-23;0;0;665;1;0.2;0.0
03;2021-01-24;0;0;665;1;0.2;0.0
03;2021-01-25;56;0;721;1;0.2;0.0
03;2021-01-26;100;0;821;1;0.3;0.0
03;2021-01-27;109;0;930;1;0.3;0.0
03;2021-01-28;96;2;1026;3;0.4;0.0
03;2021-01-29;104;3;1130;6;0.4;0.0
03;2021-01-30;0;0;1130;6;0.4;0.0
03;2021-01-31;0;0;1130;6;0.4;0.0
03;2021-02-01;54;0;1184;6;0.4;0.0
03;2021-02-02;122;4;1306;10;0.4;0.0
03;2021-02-03;116;7;1422;17;0.5;0.0
03;2021-02-04;79;26;1501;43;0.5;0.0
03;2021-02-05;65;8;1566;51;0.5;0.0
03;2021-02-06;0;0;1566;51;0.5;0.0
03;2021-02-07;0;0;1566;51;0.5;0.0
03;2021-02-08;51;13;1617;64;0.6;0.0
03;2021-02-09;92;39;1709;103;0.6;0.0
03;2021-02-10;101;42;1810;145;0.6;0.0
03;2021-02-11;102;93;1912;238;0.7;0.1
03;2021-02-12;86;65;1998;303;0.7;0.1
03;2021-02-13;0;0;1998;303;0.7;0.1
03;2021-02-14;0;0;1998;303;0.7;0.1
03;2021-02-15;27;65;2025;368;0.7;0.1
03;2021-02-16;123;52;2148;420;0.7;0.1
03;2021-02-17;145;117;2293;537;0.8;0.2
03;2021-02-18;102;143;2395;680;0.8;0.2
03;2021-02-19;121;72;2516;752;0.9;0.3
03;2021-02-20;0;0;2516;752;0.9;0.3
03;2021-02-21;0;0;2516;752;0.9;0.3
03;2021-02-22;78;48;2594;800;0.9;0.3
03;2021-02-23;158;99;2752;899;0.9;0.3
03;2021-02-24;190;120;2942;1019;1.0;0.4
03;2021-02-25;258;87;3200;1106;1.1;0.4
03;2021-02-26;264;69;3464;1175;1.2;0.4
03;2021-02-27;121;1;3585;1176;1.2;0.4
03;2021-02-28;0;0;3585;1176;1.2;0.4
03;2021-03-01;180;85;3765;1261;1.3;0.4
03;2021-03-02;255;108;4020;1369;1.4;0.5
03;2021-03-03;255;129;4275;1498;1.5;0.5
03;2021-03-04;281;81;4556;1579;1.6;0.5
03;2021-03-05;270;42;4826;1621;1.7;0.6
03;2021-03-06;116;1;4942;1622;1.7;0.6
03;2021-03-07;0;0;4942;1622;1.7;0.6
03;2021-03-08;187;41;5129;1663;1.8;0.6
03;2021-03-09;349;90;5478;1753;1.9;0.6
03;2021-03-10;356;97;5834;1850;2.0;0.6
03;2021-03-11;269;118;6103;1968;2.1;0.7
03;2021-03-12;285;91;6388;2059;2.2;0.7
03;2021-03-13;110;2;6498;2061;2.2;0.7
03;2021-03-14;0;0;6498;2061;2.2;0.7
03;2021-03-15;180;26;6678;2087;2.3;0.7
03;2021-03-16;241;139;6919;2226;2.4;0.8
03;2021-03-17;272;128;7191;2354;2.5;0.8
03;2021-03-18;250;153;7441;2507;2.6;0.9
03;2021-03-19;284;126;7725;2633;2.7;0.9
03;2021-03-20;255;14;7980;2647;2.7;0.9
03;2021-03-21;119;0;8099;2647;2.8;0.9
03;2021-03-22;219;112;8318;2759;2.9;0.9
03;2021-03-23;259;185;8577;2944;3.0;1.0
03;2021-03-24;224;208;8801;3152;3.0;1.1
03;2021-03-25;167;176;8968;3328;3.1;1.1
03;2021-03-26;188;306;9156;3634;3.1;1.3
03;2021-03-27;55;93;9211;3727;3.2;1.3
03;2021-03-28;0;0;9211;3727;3.2;1.3
03;2021-03-29;174;244;9385;3971;3.2;1.4
03;2021-03-30;445;234;9830;4205;3.4;1.4
03;2021-03-31;314;289;10144;4494;3.5;1.5
03;2021-04-01;410;254;10554;4748;3.6;1.6
03;2021-04-02;279;278;10833;5026;3.7;1.7
03;2021-04-03;109;119;10942;5145;3.8;1.8
03;2021-04-04;0;0;10942;5145;3.8;1.8
03;2021-04-05;118;14;11060;5159;3.8;1.8
03;2021-04-06;418;322;11478;5481;3.9;1.9
03;2021-04-07;485;333;11963;5814;4.1;2.0
03;2021-04-08;493;254;12456;6068;4.3;2.1
03;2021-04-09;469;224;12925;6292;4.4;2.2
03;2021-04-10;146;91;13071;6383;4.5;2.2
03;2021-04-11;2;0;13073;6383;4.5;2.2
03;2021-04-12;497;262;13570;6645;4.7;2.3
03;2021-04-13;624;237;14194;6882;4.9;2.4
03;2021-04-14;665;306;14859;7188;5.1;2.5
03;2021-04-15;720;242;15579;7430;5.4;2.6
03;2021-04-16;709;297;16288;7727;5.6;2.7
03;2021-04-17;476;124;16764;7851;5.8;2.7
03;2021-04-18;489;36;17253;7887;5.9;2.7
03;2021-04-19;682;247;17935;8134;6.2;2.8
03;2021-04-20;550;268;18485;8402;6.4;2.9
03;2021-04-21;771;234;19256;8636;6.6;3.0
03;2021-04-22;652;216;19908;8852;6.8;3.0
03;2021-04-23;662;219;20570;9071;7.1;3.1
03;2021-04-24;523;94;21093;9165;7.3;3.2
03;2021-04-25;602;40;21695;9205;7.5;3.2
03;2021-04-26;734;223;22429;9428;7.7;3.2
03;2021-04-27;765;336;23194;9764;8.0;3.4
03;2021-04-28;659;318;23853;10082;8.2;3.5
03;2021-04-29;605;273;24458;10355;8.4;3.6
03;2021-04-30;671;251;25129;10606;8.6;3.6
03;2021-05-01;209;26;25338;10632;8.7;3.7
03;2021-05-02;594;75;25932;10707;8.9;3.7
03;2021-05-03;553;388;26485;11095;9.1;3.8
03;2021-05-04;537;308;27022;11403;9.3;3.9
03;2021-05-05;575;439;27597;11842;9.5;4.1
03;2021-05-06;588;461;28185;12303;9.7;4.2
03;2021-05-07;528;461;28713;12764;9.9;4.4
03;2021-05-08;336;57;29049;12821;10.0;4.4
03;2021-05-09;262;72;29311;12893;10.1;4.4
03;2021-05-10;415;612;29726;13505;10.2;4.6
03;2021-05-11;365;491;30091;13996;10.4;4.8
03;2021-05-12;415;627;30506;14623;10.5;5.0
03;2021-05-13;330;98;30836;14721;10.6;5.1
03;2021-05-14;422;547;31258;15268;10.8;5.3
03;2021-05-15;250;344;31508;15612;10.8;5.4
03;2021-05-16;204;209;31712;15821;10.9;5.4
03;2021-05-17;388;591;32100;16412;11.0;5.6
03;2021-05-18;490;559;32590;16971;11.2;5.8
03;2021-05-19;467;543;33057;17514;11.4;6.0
03;2021-05-20;569;445;33626;17959;11.6;6.2
03;2021-05-21;467;599;34093;18558;11.7;6.4
03;2021-05-22;161;500;34254;19058;11.8;6.6
03;2021-05-23;254;469;34508;19527;11.9;6.7
03;2021-05-24;541;242;35049;19769;12.1;6.8
03;2021-05-25;489;740;35538;20509;12.2;7.1
03;2021-05-26;366;680;35904;21189;12.4;7.3
03;2021-05-27;645;516;36549;21705;12.6;7.5
03;2021-05-28;463;545;37012;22250;12.7;7.7
03;2021-05-29;230;361;37242;22611;12.8;7.8
03;2021-05-30;146;401;37388;23012;12.9;7.9
03;2021-05-31;335;571;37723;23583;13.0;8.1
03;2021-06-01;382;465;38105;24048;13.1;8.3
03;2021-06-02;455;548;38560;24596;13.3;8.5
03;2021-06-03;392;466;38952;25062;13.4;8.6
03;2021-06-04;503;487;39455;25549;13.6;8.8
03;2021-06-05;269;291;39724;25840;13.7;8.9
03;2021-06-06;208;299;39932;26139;13.7;9.0
03;2021-06-07;454;448;40386;26587;13.9;9.1
03;2021-06-08;520;283;40906;26870;14.1;9.2
03;2021-06-09;460;372;41366;27242;14.2;9.4
03;2021-06-10;345;288;41711;27530;14.3;9.5
03;2021-06-11;385;468;42096;27998;14.5;9.6
03;2021-06-12;163;285;42259;28283;14.5;9.7
03;2021-06-13;198;267;42457;28550;14.6;9.8
04;2020-12-27;0;0;0;0;0.0;0.0
04;2020-12-28;0;0;0;0;0.0;0.0
04;2020-12-29;0;0;0;0;0.0;0.0
04;2020-12-30;0;0;0;0;0.0;0.0
04;2020-12-31;0;0;0;0;0.0;0.0
04;2021-01-01;1;0;1;0;0.0;0.0
04;2021-01-02;0;0;1;0;0.0;0.0
04;2021-01-03;0;0;1;0;0.0;0.0
04;2021-01-04;0;0;1;0;0.0;0.0
04;2021-01-05;2;0;3;0;0.0;0.0
04;2021-01-06;0;0;3;0;0.0;0.0
04;2021-01-07;0;0;3;0;0.0;0.0
04;2021-01-08;0;0;3;0;0.0;0.0
04;2021-01-09;1;0;4;0;0.0;0.0
04;2021-01-10;0;0;4;0;0.0;0.0
04;2021-01-11;0;0;4;0;0.0;0.0
04;2021-01-12;0;0;4;0;0.0;0.0
04;2021-01-13;0;0;4;0;0.0;0.0
04;2021-01-14;0;0;4;0;0.0;0.0
04;2021-01-15;332;0;336;0;0.0;0.0
04;2021-01-16;27;0;363;0;0.0;0.0
04;2021-01-17;0;0;363;0;0.0;0.0
04;2021-01-18;49;1;412;1;0.0;0.0
04;2021-01-19;393;0;805;1;0.1;0.0
04;2021-01-20;482;1;1287;2;0.1;0.0
04;2021-01-21;614;1;1901;3;0.2;0.0
04;2021-01-22;409;0;2310;3;0.3;0.0
04;2021-01-23;75;0;2385;3;0.3;0.0
04;2021-01-24;0;0;2385;3;0.3;0.0
04;2021-01-25;272;0;2657;3;0.3;0.0
04;2021-01-26;429;0;3086;3;0.4;0.0
04;2021-01-27;317;0;3403;3;0.4;0.0
04;2021-01-28;406;0;3809;3;0.4;0.0
04;2021-01-29;421;3;4230;6;0.5;0.0
04;2021-01-30;419;0;4649;6;0.5;0.0
04;2021-01-31;0;0;4649;6;0.5;0.0
04;2021-02-01;372;3;5021;9;0.6;0.0
04;2021-02-02;498;4;5519;13;0.6;0.0
04;2021-02-03;601;14;6120;27;0.7;0.0
04;2021-02-04;626;22;6746;49;0.8;0.0
04;2021-02-05;564;98;7310;147;0.9;0.0
04;2021-02-06;501;4;7811;151;0.9;0.0
04;2021-02-07;0;8;7811;159;0.9;0.0
04;2021-02-08;472;34;8283;193;1.0;0.0
04;2021-02-09;783;90;9066;283;1.1;0.0
04;2021-02-10;820;85;9886;368;1.1;0.0
04;2021-02-11;796;86;10682;454;1.2;0.1
04;2021-02-12;636;95;11318;549;1.3;0.1
04;2021-02-13;650;74;11968;623;1.4;0.1
04;2021-02-14;1;0;11969;623;1.4;0.1
04;2021-02-15;524;126;12493;749;1.5;0.1
04;2021-02-16;649;535;13142;1284;1.5;0.1
04;2021-02-17;592;329;13734;1613;1.6;0.2
04;2021-02-18;493;414;14227;2027;1.7;0.2
04;2021-02-19;496;321;14723;2348;1.7;0.3
04;2021-02-20;576;117;15299;2465;1.8;0.3
04;2021-02-21;0;0;15299;2465;1.8;0.3
04;2021-02-22;401;238;15700;2703;1.8;0.3
04;2021-02-23;607;238;16307;2941;1.9;0.3
04;2021-02-24;581;253;16888;3194;2.0;0.4
04;2021-02-25;645;297;17533;3491;2.0;0.4
04;2021-02-26;483;472;18016;3963;2.1;0.5
04;2021-02-27;385;471;18401;4434;2.1;0.5
04;2021-02-28;0;0;18401;4434;2.1;0.5
04;2021-03-01;289;391;18690;4825;2.2;0.6
04;2021-03-02;487;504;19177;5329;2.2;0.6
04;2021-03-03;755;558;19932;5887;2.3;0.7
04;2021-03-04;775;542;20707;6429;2.4;0.7
04;2021-03-05;727;540;21434;6969;2.5;0.8
04;2021-03-06;812;530;22246;7499;2.6;0.9
04;2021-03-07;0;0;22246;7499;2.6;0.9
04;2021-03-08;436;591;22682;8090;2.6;0.9
04;2021-03-09;670;777;23352;8867;2.7;1.0
04;2021-03-10;644;849;23996;9716;2.8;1.1
04;2021-03-11;699;647;24695;10363;2.9;1.2
04;2021-03-12;729;663;25424;11026;3.0;1.3
04;2021-03-13;667;610;26091;11636;3.0;1.4
04;2021-03-14;2;0;26093;11636;3.0;1.4
04;2021-03-15;503;506;26596;12142;3.1;1.4
04;2021-03-16;680;711;27276;12853;3.2;1.5
04;2021-03-17;847;538;28123;13391;3.3;1.6
04;2021-03-18;1021;556;29144;13947;3.4;1.6
04;2021-03-19;784;543;29928;14490;3.5;1.7
04;2021-03-20;576;599;30504;15089;3.5;1.8
04;2021-03-21;0;0;30504;15089;3.5;1.8
04;2021-03-22;565;482;31069;15571;3.6;1.8
04;2021-03-23;780;640;31849;16211;3.7;1.9
04;2021-03-24;792;671;32641;16882;3.8;2.0
04;2021-03-25;928;555;33569;17437;3.9;2.0
04;2021-03-26;921;448;34490;17885;4.0;2.1
04;2021-03-27;782;340;35272;18225;4.1;2.1
04;2021-03-28;1;0;35273;18225;4.1;2.1
04;2021-03-29;960;271;36233;18496;4.2;2.2
04;2021-03-30;883;501;37116;18997;4.3;2.2
04;2021-03-31;733;672;37849;19669;4.4;2.3
04;2021-04-01;716;709;38565;20378;4.5;2.4
04;2021-04-02;687;762;39252;21140;4.6;2.5
04;2021-04-03;699;707;39951;21847;4.6;2.5
04;2021-04-04;0;0;39951;21847;4.6;2.5
04;2021-04-05;0;2;39951;21849;4.6;2.5
04;2021-04-06;796;642;40747;22491;4.7;2.6
04;2021-04-07;1369;789;42116;23280;4.9;2.7
04;2021-04-08;1792;780;43908;24060;5.1;2.8
04;2021-04-09;1506;785;45414;24845;5.3;2.9
04;2021-04-10;1137;651;46551;25496;5.4;3.0
04;2021-04-11;2;0;46553;25496;5.4;3.0
04;2021-04-12;1238;553;47791;26049;5.6;3.0
04;2021-04-13;1438;754;49229;26803;5.7;3.1
04;2021-04-14;2065;777;51294;27580;6.0;3.2
04;2021-04-15;2504;954;53798;28534;6.3;3.3
04;2021-04-16;1931;785;55729;29319;6.5;3.4
04;2021-04-17;1288;604;57017;29923;6.6;3.5
04;2021-04-18;0;0;57017;29923;6.6;3.5
04;2021-04-19;1378;565;58395;30488;6.8;3.5
04;2021-04-20;1646;807;60041;31295;7.0;3.6
04;2021-04-21;2128;606;62169;31901;7.2;3.7
04;2021-04-22;2944;802;65113;32703;7.6;3.8
04;2021-04-23;2309;813;67422;33516;7.8;3.9
04;2021-04-24;1102;797;68524;34313;8.0;4.0
04;2021-04-25;2;0;68526;34313;8.0;4.0
04;2021-04-26;1163;920;69689;35233;8.1;4.1
04;2021-04-27;1681;1025;71370;36258;8.3;4.2
04;2021-04-28;2893;753;74263;37011;8.6;4.3
04;2021-04-29;3945;812;78208;37823;9.1;4.4
04;2021-04-30;3429;906;81637;38729;9.5;4.5
04;2021-05-01;2106;220;83743;38949;9.7;4.5
04;2021-05-02;2;0;83745;38949;9.7;4.5
04;2021-05-03;1865;570;85610;39519;10.0;4.6
04;2021-05-04;2126;1095;87736;40614;10.2;4.7
04;2021-05-05;3116;1640;90852;42254;10.6;4.9
04;2021-05-06;4000;1589;94852;43843;11.0;5.1
04;2021-05-07;3227;1527;98079;45370;11.4;5.3
04;2021-05-08;1566;501;99645;45871;11.6;5.3
04;2021-05-09;1;0;99646;45871;11.6;5.3
04;2021-05-10;2410;994;102056;46865;11.9;5.4
04;2021-05-11;3650;1642;105706;48507;12.3;5.6
04;2021-05-12;4714;2395;110420;50902;12.8;5.9
04;2021-05-13;3551;583;113971;51485;13.3;6.0
04;2021-05-14;5259;2509;119230;53994;13.9;6.3
04;2021-05-15;3152;1535;122382;55529;14.2;6.5
04;2021-05-16;14;18;122396;55547;14.2;6.5
04;2021-05-17;2985;1479;125381;57026;14.6;6.6
04;2021-05-18;3669;1773;129050;58799;15.0;6.8
04;2021-05-19;4640;2328;133690;61127;15.5;7.1
04;2021-05-20;5103;2802;138793;63929;16.1;7.4
04;2021-05-21;4953;2628;143746;66557;16.7;7.7
04;2021-05-22;3318;1251;147064;67808;17.1;7.9
04;2021-05-23;4;3;147068;67811;17.1;7.9
04;2021-05-24;3565;1075;150633;68886;17.5;8.0
04;2021-05-25;4185;1909;154818;70795;18.0;8.2
04;2021-05-26;4875;2958;159693;73753;18.6;8.6
04;2021-05-27;4573;4088;164266;77841;19.1;9.1
04;2021-05-28;4353;3825;168619;81666;19.6;9.5
04;2021-05-29;2528;2460;171147;84126;19.9;9.8
04;2021-05-30;6;14;171153;84140;19.9;9.8
04;2021-05-31;2339;2247;173492;86387;20.2;10.0
04;2021-06-01;3262;2721;176754;89108;20.6;10.4
04;2021-06-02;3901;3348;180655;92456;21.0;10.8
04;2021-06-03;4004;3662;184659;96118;21.5;11.2
04;2021-06-04;3801;3746;188460;99864;21.9;11.6
04;2021-06-05;2192;1923;190652;101787;22.2;11.8
04;2021-06-06;1060;129;191712;101916;22.3;11.9
04;2021-06-07;1999;2530;193711;104446;22.5;12.1
04;2021-06-08;3457;2406;197168;106852;22.9;12.4
04;2021-06-09;2912;4752;200080;111604;23.3;13.0
04;2021-06-10;3325;4435;203405;116039;23.7;13.5
04;2021-06-11;2775;4605;206180;120644;24.0;14.0
04;2021-06-12;1678;3354;207858;123998;24.2;14.4
04;2021-06-13;1311;241;209169;124239;24.3;14.4
05;2020-12-27;0;0;0;0;0.0;0.0
05;2020-12-28;0;0;0;0;0.0;0.0
05;2020-12-29;0;0;0;0;0.0;0.0
05;2020-12-30;0;0;0;0;0.0;0.0
05;2020-12-31;0;0;0;0;0.0;0.0
05;2021-01-01;0;0;0;0;0.0;0.0
05;2021-01-02;0;0;0;0;0.0;0.0
05;2021-01-03;0;0;0;0;0.0;0.0
05;2021-01-04;0;0;0;0;0.0;0.0
05;2021-01-05;0;0;0;0;0.0;0.0
05;2021-01-06;0;0;0;0;0.0;0.0
05;2021-01-07;0;0;0;0;0.0;0.0
05;2021-01-08;0;0;0;0;0.0;0.0
05;2021-01-09;0;0;0;0;0.0;0.0
05;2021-01-10;0;0;0;0;0.0;0.0
05;2021-01-11;0;0;0;0;0.0;0.0
05;2021-01-12;0;0;0;0;0.0;0.0
05;2021-01-13;0;0;0;0;0.0;0.0
05;2021-01-14;0;0;0;0;0.0;0.0
05;2021-01-15;0;0;0;0;0.0;0.0
05;2021-01-16;0;0;0;0;0.0;0.0
05;2021-01-17;0;0;0;0;0.0;0.0
05;2021-01-18;0;0;0;0;0.0;0.0
05;2021-01-19;0;0;0;0;0.0;0.0
05;2021-01-20;0;0;0;0;0.0;0.0
05;2021-01-21;0;0;0;0;0.0;0.0
05;2021-01-22;0;0;0;0;0.0;0.0
05;2021-01-23;0;0;0;0;0.0;0.0
05;2021-01-24;0;0;0;0;0.0;0.0
05;2021-01-25;0;0;0;0;0.0;0.0
05;2021-01-26;0;0;0;0;0.0;0.0
05;2021-01-27;0;0;0;0;0.0;0.0
05;2021-01-28;0;0;0;0;0.0;0.0
05;2021-01-29;0;0;0;0;0.0;0.0
05;2021-01-30;0;0;0;0;0.0;0.0
05;2021-01-31;0;0;0;0;0.0;0.0
05;2021-02-01;0;0;0;0;0.0;0.0
05;2021-02-02;0;0;0;0;0.0;0.0
05;2021-02-03;0;0;0;0;0.0;0.0
05;2021-02-04;0;0;0;0;0.0;0.0
05;2021-02-05;0;0;0;0;0.0;0.0
05;2021-02-06;0;0;0;0;0.0;0.0
05;2021-02-07;0;0;0;0;0.0;0.0
05;2021-02-08;0;0;0;0;0.0;0.0
05;2021-02-09;0;0;0;0;0.0;0.0
05;2021-02-10;0;0;0;0;0.0;0.0
05;2021-02-11;0;0;0;0;0.0;0.0
05;2021-02-12;0;0;0;0;0.0;0.0
05;2021-02-13;0;0;0;0;0.0;0.0
05;2021-02-14;0;0;0;0;0.0;0.0
05;2021-02-15;0;0;0;0;0.0;0.0
05;2021-02-16;0;0;0;0;0.0;0.0
05;2021-02-17;0;0;0;0;0.0;0.0
05;2021-02-18;0;0;0;0;0.0;0.0
05;2021-02-19;0;0;0;0;0.0;0.0
05;2021-02-20;0;0;0;0;0.0;0.0
05;2021-02-21;0;0;0;0;0.0;0.0
05;2021-02-22;0;0;0;0;0.0;0.0
05;2021-02-23;0;0;0;0;0.0;0.0
05;2021-02-24;0;0;0;0;0.0;0.0
05;2021-02-25;0;0;0;0;0.0;0.0
05;2021-02-26;0;0;0;0;0.0;0.0
05;2021-02-27;0;0;0;0;0.0;0.0
05;2021-02-28;0;0;0;0;0.0;0.0
05;2021-03-01;0;0;0;0;0.0;0.0
05;2021-03-02;0;0;0;0;0.0;0.0
05;2021-03-03;0;0;0;0;0.0;0.0
05;2021-03-04;0;0;0;0;0.0;0.0
05;2021-03-05;0;0;0;0;0.0;0.0
05;2021-03-06;0;0;0;0;0.0;0.0
05;2021-03-07;0;0;0;0;0.0;0.0
05;2021-03-08;0;0;0;0;0.0;0.0
05;2021-03-09;0;0;0;0;0.0;0.0
05;2021-03-10;0;0;0;0;0.0;0.0
05;2021-03-11;0;0;0;0;0.0;0.0
05;2021-03-12;0;0;0;0;0.0;0.0
05;2021-03-13;0;0;0;0;0.0;0.0
05;2021-03-14;0;0;0;0;0.0;0.0
05;2021-03-15;0;0;0;0;0.0;0.0
05;2021-03-16;0;0;0;0;0.0;0.0
05;2021-03-17;0;0;0;0;0.0;0.0
05;2021-03-18;0;0;0;0;0.0;0.0
05;2021-03-19;0;0;0;0;0.0;0.0
05;2021-03-20;0;0;0;0;0.0;0.0
05;2021-03-21;0;0;0;0;0.0;0.0
05;2021-03-22;0;0;0;0;0.0;0.0
05;2021-03-23;0;0;0;0;0.0;0.0
05;2021-03-24;0;0;0;0;0.0;0.0
05;2021-03-25;0;0;0;0;0.0;0.0
05;2021-03-26;0;0;0;0;0.0;0.0
05;2021-03-27;0;0;0;0;0.0;0.0
05;2021-03-28;0;0;0;0;0.0;0.0
05;2021-03-29;2;0;2;0;0.0;0.0
05;2021-03-30;0;0;2;0;0.0;0.0
05;2021-03-31;0;0;2;0;0.0;0.0
05;2021-04-01;0;0;2;0;0.0;0.0
05;2021-04-02;0;0;2;0;0.0;0.0
05;2021-04-03;0;0;2;0;0.0;0.0
05;2021-04-04;0;0;2;0;0.0;0.0
05;2021-04-05;0;0;2;0;0.0;0.0
05;2021-04-06;0;0;2;0;0.0;0.0
05;2021-04-07;0;0;2;0;0.0;0.0
05;2021-04-08;1;0;3;0;0.1;0.0
05;2021-04-09;0;0;3;0;0.1;0.0
05;2021-04-10;0;0;3;0;0.1;0.0
05;2021-04-11;0;0;3;0;0.1;0.0
05;2021-04-12;0;0;3;0;0.1;0.0
05;2021-04-13;0;0;3;0;0.1;0.0
05;2021-04-14;0;0;3;0;0.1;0.0
05;2021-04-15;0;0;3;0;0.1;0.0
05;2021-04-16;0;0;3;0;0.1;0.0
05;2021-04-17;0;0;3;0;0.1;0.0
05;2021-04-18;0;0;3;0;0.1;0.0
05;2021-04-19;0;0;3;0;0.1;0.0
05;2021-04-20;0;0;3;0;0.1;0.0
05;2021-04-21;0;0;3;0;0.1;0.0
05;2021-04-22;0;0;3;0;0.1;0.0
05;2021-04-23;0;0;3;0;0.1;0.0
05;2021-04-24;0;0;3;0;0.1;0.0
05;2021-04-25;0;0;3;0;0.1;0.0
05;2021-04-26;0;0;3;0;0.1;0.0
05;2021-04-27;0;0;3;0;0.1;0.0
05;2021-04-28;0;0;3;0;0.1;0.0
05;2021-04-29;0;0;3;0;0.1;0.0
05;2021-04-30;0;0;3;0;0.1;0.0
05;2021-05-01;0;0;3;0;0.1;0.0
05;2021-05-02;0;0;3;0;0.1;0.0
05;2021-05-03;0;0;3;0;0.1;0.0
05;2021-05-04;0;0;3;0;0.1;0.0
05;2021-05-05;0;0;3;0;0.1;0.0
05;2021-05-06;0;0;3;0;0.1;0.0
05;2021-05-07;0;0;3;0;0.1;0.0
05;2021-05-08;0;0;3;0;0.1;0.0
05;2021-05-09;0;0;3;0;0.1;0.0
05;2021-05-10;0;0;3;0;0.1;0.0
05;2021-05-11;0;0;3;0;0.1;0.0
05;2021-05-12;0;0;3;0;0.1;0.0
05;2021-05-13;0;0;3;0;0.1;0.0
05;2021-05-14;0;0;3;0;0.1;0.0
05;2021-05-15;0;0;3;0;0.1;0.0
05;2021-05-16;0;0;3;0;0.1;0.0
05;2021-05-17;0;0;3;0;0.1;0.0
05;2021-05-18;0;0;3;0;0.1;0.0
05;2021-05-19;0;0;3;0;0.1;0.0
05;2021-05-20;0;0;3;0;0.1;0.0
05;2021-05-21;0;0;3;0;0.1;0.0
05;2021-05-22;0;0;3;0;0.1;0.0
05;2021-05-23;0;0;3;0;0.1;0.0
05;2021-05-24;0;0;3;0;0.1;0.0
05;2021-05-25;0;0;3;0;0.1;0.0
05;2021-05-26;0;0;3;0;0.1;0.0
05;2021-05-27;0;0;3;0;0.1;0.0
05;2021-05-28;0;0;3;0;0.1;0.0
05;2021-05-29;0;2;3;2;0.1;0.0
05;2021-05-30;0;0;3;2;0.1;0.0
05;2021-05-31;0;0;3;2;0.1;0.0
05;2021-06-01;0;0;3;2;0.1;0.0
05;2021-06-02;0;0;3;2;0.1;0.0
05;2021-06-03;0;0;3;2;0.1;0.0
05;2021-06-04;0;0;3;2;0.1;0.0
05;2021-06-05;0;0;3;2;0.1;0.0
05;2021-06-06;0;0;3;2;0.1;0.0
05;2021-06-07;0;0;3;2;0.1;0.0
05;2021-06-08;0;0;3;2;0.1;0.0
05;2021-06-09;0;0;3;2;0.1;0.0
05;2021-06-10;0;0;3;2;0.1;0.0
05;2021-06-11;0;0;3;2;0.1;0.0
05;2021-06-12;0;0;3;2;0.1;0.0
05;2021-06-13;0;0;3;2;0.1;0.0
06;2020-12-27;0;0;0;0;0.0;0.0
06;2020-12-28;0;0;0;0;0.0;0.0
06;2020-12-29;0;0;0;0;0.0;0.0
06;2020-12-30;0;0;0;0;0.0;0.0
06;2020-12-31;0;0;0;0;0.0;0.0
06;2021-01-01;0;0;0;0;0.0;0.0
06;2021-01-02;0;0;0;0;0.0;0.0
06;2021-01-03;0;0;0;0;0.0;0.0
06;2021-01-04;0;0;0;0;0.0;0.0
06;2021-01-05;0;0;0;0;0.0;0.0
06;2021-01-06;0;0;0;0;0.0;0.0
06;2021-01-07;0;0;0;0;0.0;0.0
06;2021-01-08;0;0;0;0;0.0;0.0
06;2021-01-09;0;0;0;0;0.0;0.0
06;2021-01-10;0;0;0;0;0.0;0.0
06;2021-01-11;9;0;9;0;0.0;0.0
06;2021-01-12;0;0;9;0;0.0;0.0
06;2021-01-13;0;0;9;0;0.0;0.0
06;2021-01-14;0;0;9;0;0.0;0.0
06;2021-01-15;1;0;10;0;0.0;0.0
06;2021-01-16;1;0;11;0;0.0;0.0
06;2021-01-17;0;0;11;0;0.0;0.0
06;2021-01-18;1;0;12;0;0.0;0.0
06;2021-01-19;0;0;12;0;0.0;0.0
06;2021-01-20;0;0;12;0;0.0;0.0
06;2021-01-21;0;0;12;0;0.0;0.0
06;2021-01-22;0;0;12;0;0.0;0.0
06;2021-01-23;1;0;13;0;0.0;0.0
06;2021-01-24;0;0;13;0;0.0;0.0
06;2021-01-25;140;1;153;1;0.1;0.0
06;2021-01-26;166;3;319;4;0.1;0.0
06;2021-01-27;250;1;569;5;0.2;0.0
06;2021-01-28;101;5;670;10;0.2;0.0
06;2021-01-29;230;2;900;12;0.3;0.0
06;2021-01-30;285;5;1185;17;0.4;0.0
06;2021-01-31;1;0;1186;17;0.4;0.0
06;2021-02-01;160;0;1346;17;0.5;0.0
06;2021-02-02;329;3;1675;20;0.6;0.0
06;2021-02-03;228;1;1903;21;0.7;0.0
06;2021-02-04;215;5;2118;26;0.8;0.0
06;2021-02-05;214;1;2332;27;0.8;0.0
06;2021-02-06;83;10;2415;37;0.9;0.0
06;2021-02-07;0;0;2415;37;0.9;0.0
06;2021-02-08;82;3;2497;40;0.9;0.0
06;2021-02-09;193;0;2690;40;1.0;0.0
06;2021-02-10;187;1;2877;41;1.0;0.0
06;2021-02-11;235;1;3112;42;1.1;0.0
06;2021-02-12;287;4;3399;46;1.2;0.0
06;2021-02-13;56;0;3455;46;1.2;0.0
06;2021-02-14;1;0;3456;46;1.2;0.0
06;2021-02-15;359;2;3815;48;1.4;0.0
06;2021-02-16;266;5;4081;53;1.5;0.0
06;2021-02-17;167;1;4248;54;1.5;0.0
06;2021-02-18;216;11;4464;65;1.6;0.0
06;2021-02-19;235;21;4699;86;1.7;0.0
06;2021-02-20;138;6;4837;92;1.7;0.0
06;2021-02-21;0;0;4837;92;1.7;0.0
06;2021-02-22;131;120;4968;212;1.8;0.1
06;2021-02-23;186;151;5154;363;1.8;0.1
06;2021-02-24;175;142;5329;505;1.9;0.2
06;2021-02-25;227;283;5556;788;2.0;0.3
06;2021-02-26;242;257;5798;1045;2.1;0.4
06;2021-02-27;0;0;5798;1045;2.1;0.4
06;2021-02-28;0;0;5798;1045;2.1;0.4
06;2021-03-01;144;259;5942;1304;2.1;0.5
06;2021-03-02;228;257;6170;1561;2.2;0.6
06;2021-03-03;201;186;6371;1747;2.3;0.6
06;2021-03-04;205;138;6576;1885;2.4;0.7
06;2021-03-05;224;113;6800;1998;2.4;0.7
06;2021-03-06;1;0;6801;1998;2.4;0.7
06;2021-03-07;0;0;6801;1998;2.4;0.7
06;2021-03-08;189;125;6990;2123;2.5;0.8
06;2021-03-09;390;147;7380;2270;2.6;0.8
06;2021-03-10;179;177;7559;2447;2.7;0.9
06;2021-03-11;167;207;7726;2654;2.8;0.9
06;2021-03-12;238;287;7964;2941;2.8;1.1
06;2021-03-13;1;0;7965;2941;2.9;1.1
06;2021-03-14;0;0;7965;2941;2.9;1.1
06;2021-03-15;156;292;8121;3233;2.9;1.2
06;2021-03-16;236;222;8357;3455;3.0;1.2
06;2021-03-17;264;139;8621;3594;3.1;1.3
06;2021-03-18;172;233;8793;3827;3.1;1.4
06;2021-03-19;172;296;8965;4123;3.2;1.5
06;2021-03-20;0;0;8965;4123;3.2;1.5
06;2021-03-21;0;0;8965;4123;3.2;1.5
06;2021-03-22;97;136;9062;4259;3.2;1.5
06;2021-03-23;136;240;9198;4499;3.3;1.6
06;2021-03-24;160;146;9358;4645;3.3;1.7
06;2021-03-25;186;206;9544;4851;3.4;1.7
06;2021-03-26;160;211;9704;5062;3.5;1.8
06;2021-03-27;18;0;9722;5062;3.5;1.8
06;2021-03-28;0;0;9722;5062;3.5;1.8
06;2021-03-29;0;2;9722;5064;3.5;1.8
06;2021-03-30;272;333;9994;5397;3.6;1.9
06;2021-03-31;225;125;10219;5522;3.7;2.0
06;2021-04-01;243;105;10462;5627;3.7;2.0
06;2021-04-02;285;262;10747;5889;3.8;2.1
06;2021-04-03;906;307;11653;6196;4.2;2.2
06;2021-04-04;1;0;11654;6196;4.2;2.2
06;2021-04-05;1;0;11655;6196;4.2;2.2
06;2021-04-06;158;281;11813;6477;4.2;2.3
06;2021-04-07;237;264;12050;6741;4.3;2.4
06;2021-04-08;286;140;12336;6881;4.4;2.5
06;2021-04-09;247;171;12583;7052;4.5;2.5
06;2021-04-10;181;114;12764;7166;4.6;2.6
06;2021-04-11;7;0;12771;7166;4.6;2.6
06;2021-04-12;0;19;12771;7185;4.6;2.6
06;2021-04-13;393;344;13164;7529;4.7;2.7
06;2021-04-14;239;205;13403;7734;4.8;2.8
06;2021-04-15;206;118;13609;7852;4.9;2.8
06;2021-04-16;214;127;13823;7979;4.9;2.9
06;2021-04-17;226;132;14049;8111;5.0;2.9
06;2021-04-18;1;0;14050;8111;5.0;2.9
06;2021-04-19;6;1;14056;8112;5.0;2.9
06;2021-04-20;368;224;14424;8336;5.2;3.0
06;2021-04-21;410;149;14834;8485;5.3;3.0
06;2021-04-22;410;150;15244;8635;5.5;3.1
06;2021-04-23;367;166;15611;8801;5.6;3.1
06;2021-04-24;413;127;16024;8928;5.7;3.2
06;2021-04-25;2;0;16026;8928;5.7;3.2
06;2021-04-26;54;8;16080;8936;5.8;3.2
06;2021-04-27;350;293;16430;9229;5.9;3.3
06;2021-04-28;354;514;16784;9743;6.0;3.5
06;2021-04-29;555;342;17339;10085;6.2;3.6
06;2021-04-30;400;238;17739;10323;6.3;3.7
06;2021-05-01;669;285;18408;10608;6.6;3.8
06;2021-05-02;0;0;18408;10608;6.6;3.8
06;2021-05-03;134;6;18542;10614;6.6;3.8
06;2021-05-04;352;426;18894;11040;6.8;4.0
06;2021-05-05;443;317;19337;11357;6.9;4.1
06;2021-05-06;319;199;19656;11556;7.0;4.1
06;2021-05-07;341;134;19997;11690;7.2;4.2
06;2021-05-08;298;140;20295;11830;7.3;4.2
06;2021-05-09;0;0;20295;11830;7.3;4.2
06;2021-05-10;7;9;20302;11839;7.3;4.2
06;2021-05-11;357;488;20659;12327;7.4;4.4
06;2021-05-12;329;310;20988;12637;7.5;4.5
06;2021-05-13;126;97;21114;12734;7.6;4.6
06;2021-05-14;0;0;21114;12734;7.6;4.6
06;2021-05-15;484;283;21598;13017;7.7;4.7
06;2021-05-16;0;0;21598;13017;7.7;4.7
06;2021-05-17;118;49;21716;13066;7.8;4.7
06;2021-05-18;495;429;22211;13495;7.9;4.8
06;2021-05-19;642;660;22853;14155;8.2;5.1
06;2021-05-20;1035;495;23888;14650;8.5;5.2
06;2021-05-21;1029;315;24917;14965;8.9;5.4
06;2021-05-22;1214;293;26131;15258;9.4;5.5
06;2021-05-23;0;0;26131;15258;9.4;5.5
06;2021-05-24;1;0;26132;15258;9.4;5.5
06;2021-05-25;850;620;26982;15878;9.7;5.7
06;2021-05-26;1021;840;28003;16718;10.0;6.0
06;2021-05-27;1287;505;29290;17223;10.5;6.2
06;2021-05-28;935;371;30225;17594;10.8;6.3
06;2021-05-29;1111;388;31336;17982;11.2;6.4
06;2021-05-30;0;1;31336;17983;11.2;6.4
06;2021-05-31;99;6;31435;17989;11.2;6.4
06;2021-06-01;1126;648;32561;18637;11.7;6.7
06;2021-06-02;1069;478;33630;19115;12.0;6.8
06;2021-06-03;794;331;34424;19446;12.3;7.0
06;2021-06-04;977;320;35401;19766;12.7;7.1
06;2021-06-05;562;295;35963;20061;12.9;7.2
06;2021-06-06;0;0;35963;20061;12.9;7.2
06;2021-06-07;49;8;36012;20069;12.9;7.2
06;2021-06-08;739;433;36751;20502;13.2;7.3
06;2021-06-09;929;532;37680;21034;13.5;7.5
06;2021-06-10;648;221;38328;21255;13.7;7.6
06;2021-06-11;819;366;39147;21621;14.0;7.7
06;2021-06-12;563;273;39710;21894;14.2;7.8
06;2021-06-13;0;0;39710;21894;14.2;7.8
07;2020-12-27;0;0;0;0;0.0;0.0
07;2020-12-28;0;0;0;0;0.0;0.0
07;2020-12-29;0;0;0;0;0.0;0.0
07;2020-12-30;0;0;0;0;0.0;0.0
07;2020-12-31;0;0;0;0;0.0;0.0
07;2021-01-01;0;0;0;0;0.0;0.0
07;2021-01-02;0;0;0;0;0.0;0.0
07;2021-01-03;0;0;0;0;0.0;0.0
07;2021-01-04;0;0;0;0;0.0;0.0
07;2021-01-05;0;0;0;0;0.0;0.0
07;2021-01-06;0;0;0;0;0.0;0.0
07;2021-01-07;0;0;0;0;0.0;0.0
07;2021-01-08;0;0;0;0;0.0;0.0
07;2021-01-09;0;0;0;0;0.0;0.0
07;2021-01-10;0;0;0;0;0.0;0.0
07;2021-01-11;0;0;0;0;0.0;0.0
07;2021-01-12;0;0;0;0;0.0;0.0
07;2021-01-13;0;0;0;0;0.0;0.0
07;2021-01-14;0;0;0;0;0.0;0.0
07;2021-01-15;0;0;0;0;0.0;0.0
07;2021-01-16;0;0;0;0;0.0;0.0
07;2021-01-17;0;0;0;0;0.0;0.0
07;2021-01-18;1;0;1;0;0.0;0.0
07;2021-01-19;0;0;1;0;0.0;0.0
07;2021-01-20;0;0;1;0;0.0;0.0
07;2021-01-21;12;0;13;0;0.1;0.0
07;2021-01-22;12;0;25;0;0.3;0.0
07;2021-01-23;0;0;25;0;0.3;0.0
07;2021-01-24;0;0;25;0;0.3;0.0
07;2021-01-25;0;0;25;0;0.3;0.0
07;2021-01-26;0;0;25;0;0.3;0.0
07;2021-01-27;12;0;37;0;0.4;0.0
07;2021-01-28;1;0;38;0;0.4;0.0
07;2021-01-29;6;0;44;0;0.4;0.0
07;2021-01-30;0;0;44;0;0.4;0.0
07;2021-01-31;0;0;44;0;0.4;0.0
07;2021-02-01;0;0;44;0;0.4;0.0
07;2021-02-02;0;0;44;0;0.4;0.0
07;2021-02-03;11;0;55;0;0.6;0.0
07;2021-02-04;12;0;67;0;0.7;0.0
07;2021-02-05;11;0;78;0;0.8;0.0
07;2021-02-06;0;0;78;0;0.8;0.0
07;2021-02-07;0;0;78;0;0.8;0.0
07;2021-02-08;0;0;78;0;0.8;0.0
07;2021-02-09;13;0;91;0;0.9;0.0
07;2021-02-10;0;0;91;0;0.9;0.0
07;2021-02-11;16;0;107;0;1.1;0.0
07;2021-02-12;44;0;151;0;1.5;0.0
07;2021-02-13;0;0;151;0;1.5;0.0
07;2021-02-14;0;0;151;0;1.5;0.0
07;2021-02-15;0;0;151;0;1.5;0.0
07;2021-02-16;0;0;151;0;1.5;0.0
07;2021-02-17;0;0;151;0;1.5;0.0
07;2021-02-18;18;0;169;0;1.7;0.0
07;2021-02-19;34;0;203;0;2.0;0.0
07;2021-02-20;0;0;203;0;2.0;0.0
07;2021-02-21;0;0;203;0;2.0;0.0
07;2021-02-22;0;0;203;0;2.0;0.0
07;2021-02-23;0;22;203;22;2.0;0.2
07;2021-02-24;0;0;203;22;2.0;0.2
07;2021-02-25;15;10;218;32;2.2;0.3
07;2021-02-26;33;21;251;53;2.5;0.5
07;2021-02-27;0;0;251;53;2.5;0.5
07;2021-02-28;0;0;251;53;2.5;0.5
07;2021-03-01;0;0;251;53;2.5;0.5
07;2021-03-02;17;11;268;64;2.7;0.6
07;2021-03-03;0;0;268;64;2.7;0.6
07;2021-03-04;16;11;284;75;2.9;0.8
07;2021-03-05;33;19;317;94;3.2;0.9
07;2021-03-06;0;0;317;94;3.2;0.9
07;2021-03-07;0;0;317;94;3.2;0.9
07;2021-03-08;0;0;317;94;3.2;0.9
07;2021-03-09;1;0;318;94;3.2;0.9
07;2021-03-10;0;0;318;94;3.2;0.9
07;2021-03-11;20;30;338;124;3.4;1.2
07;2021-03-12;62;42;400;166;4.0;1.7
07;2021-03-13;0;0;400;166;4.0;1.7
07;2021-03-14;0;0;400;166;4.0;1.7
07;2021-03-15;0;0;400;166;4.0;1.7
07;2021-03-16;30;9;430;175;4.3;1.8
07;2021-03-17;0;0;430;175;4.3;1.8
07;2021-03-18;29;16;459;191;4.6;1.9
07;2021-03-19;55;31;514;222;5.2;2.2
07;2021-03-20;0;0;514;222;5.2;2.2
07;2021-03-21;0;0;514;222;5.2;2.2
07;2021-03-22;0;0;514;222;5.2;2.2
07;2021-03-23;0;0;514;222;5.2;2.2
07;2021-03-24;0;0;514;222;5.2;2.2
07;2021-03-25;65;16;579;238;5.8;2.4
07;2021-03-26;73;26;652;264;6.5;2.7
07;2021-03-27;0;0;652;264;6.5;2.7
07;2021-03-28;0;0;652;264;6.5;2.7
07;2021-03-29;0;0;652;264;6.5;2.7
07;2021-03-30;40;18;692;282;6.9;2.8
07;2021-03-31;26;15;718;297;7.2;3.0
07;2021-04-01;25;32;743;329;7.5;3.3
07;2021-04-02;0;0;743;329;7.5;3.3
07;2021-04-03;0;0;743;329;7.5;3.3
07;2021-04-04;0;0;743;329;7.5;3.3
07;2021-04-05;9;0;752;329;7.5;3.3
07;2021-04-06;0;0;752;329;7.5;3.3
07;2021-04-07;0;0;752;329;7.5;3.3
07;2021-04-08;57;46;809;375;8.1;3.8
07;2021-04-09;59;31;868;406;8.7;4.1
07;2021-04-10;0;0;868;406;8.7;4.1
07;2021-04-11;0;0;868;406;8.7;4.1
07;2021-04-12;0;0;868;406;8.7;4.1
07;2021-04-13;0;0;868;406;8.7;4.1
07;2021-04-14;5;6;873;412;8.8;4.1
07;2021-04-15;56;71;929;483;9.3;4.8
07;2021-04-16;90;35;1019;518;10.2;5.2
07;2021-04-17;0;1;1019;519;10.2;5.2
07;2021-04-18;0;0;1019;519;10.2;5.2
07;2021-04-19;1;0;1020;519;10.2;5.2
07;2021-04-20;335;66;1355;585;13.6;5.9
07;2021-04-21;337;30;1692;615;17.0;6.2
07;2021-04-22;284;49;1976;664;19.8;6.7
07;2021-04-23;258;41;2234;705;22.4;7.1
07;2021-04-24;231;1;2465;706;24.7;7.1
07;2021-04-25;0;0;2465;706;24.7;7.1
07;2021-04-26;283;20;2748;726;27.6;7.3
07;2021-04-27;224;69;2972;795;29.8;8.0
07;2021-04-28;192;26;3164;821;31.8;8.2
07;2021-04-29;170;22;3334;843;33.5;8.5
07;2021-04-30;172;15;3506;858;35.2;8.6
07;2021-05-01;200;12;3706;870;37.2;8.7
07;2021-05-02;0;0;3706;870;37.2;8.7
07;2021-05-03;134;10;3840;880;38.6;8.8
07;2021-05-04;161;54;4001;934;40.2;9.4
07;2021-05-05;221;30;4222;964;42.4;9.7
07;2021-05-06;175;31;4397;995;44.1;10.0
07;2021-05-07;149;31;4546;1026;45.6;10.3
07;2021-05-08;0;0;4546;1026;45.6;10.3
07;2021-05-09;0;2;4546;1028;45.6;10.3
07;2021-05-10;0;0;4546;1028;45.6;10.3
07;2021-05-11;2;41;4548;1069;45.7;10.7
07;2021-05-12;6;36;4554;1105;45.7;11.1
07;2021-05-13;0;0;4554;1105;45.7;11.1
07;2021-05-14;28;98;4582;1203;46.0;12.1
07;2021-05-15;0;0;4582;1203;46.0;12.1
07;2021-05-16;0;0;4582;1203;46.0;12.1
07;2021-05-17;1;14;4583;1217;46.0;12.2
07;2021-05-18;17;32;4600;1249;46.2;12.5
07;2021-05-19;0;1;4600;1250;46.2;12.5
07;2021-05-20;0;8;4600;1258;46.2;12.6
07;2021-05-21;12;32;4612;1290;46.3;13.0
07;2021-05-22;0;0;4612;1290;46.3;13.0
07;2021-05-23;0;0;4612;1290;46.3;13.0
07;2021-05-24;0;0;4612;1290;46.3;13.0
07;2021-05-25;50;334;4662;1624;46.8;16.3
07;2021-05-26;54;359;4716;1983;47.3;19.9
07;2021-05-27;34;317;4750;2300;47.7;23.1
07;2021-05-28;27;256;4777;2556;48.0;25.7
07;2021-05-29;35;376;4812;2932;48.3;29.4
07;2021-05-30;0;0;4812;2932;48.3;29.4
07;2021-05-31;45;218;4857;3150;48.8;31.6
07;2021-06-01;46;226;4903;3376;49.2;33.9
07;2021-06-02;69;273;4972;3649;49.9;36.6
07;2021-06-03;41;252;5013;3901;50.3;39.2
07;2021-06-04;70;269;5083;4170;51.0;41.9
07;2021-06-05;1;0;5084;4170;51.0;41.9
07;2021-06-06;0;0;5084;4170;51.0;41.9
07;2021-06-07;0;1;5084;4171;51.0;41.9
07;2021-06-08;4;2;5088;4173;51.1;41.9
07;2021-06-09;0;3;5088;4176;51.1;41.9
07;2021-06-10;8;4;5096;4180;51.2;42.0
07;2021-06-11;3;8;5099;4188;51.2;42.0
07;2021-06-12;15;59;5114;4247;51.3;42.6
07;2021-06-13;0;0;5114;4247;51.3;42.6
08;2020-12-27;0;0;0;0;0.0;0.0
08;2020-12-28;0;0;0;0;0.0;0.0
08;2020-12-29;0;0;0;0;0.0;0.0
08;2020-12-30;0;0;0;0;0.0;0.0
08;2020-12-31;0;0;0;0;0.0;0.0
08;2021-01-01;0;0;0;0;0.0;0.0
08;2021-01-02;0;0;0;0;0.0;0.0
08;2021-01-03;0;0;0;0;0.0;0.0
08;2021-01-04;0;0;0;0;0.0;0.0
08;2021-01-05;0;0;0;0;0.0;0.0
08;2021-01-06;0;0;0;0;0.0;0.0
08;2021-01-07;0;0;0;0;0.0;0.0
08;2021-01-08;0;0;0;0;0.0;0.0
08;2021-01-09;0;0;0;0;0.0;0.0
08;2021-01-10;0;0;0;0;0.0;0.0
08;2021-01-11;0;0;0;0;0.0;0.0
08;2021-01-12;0;0;0;0;0.0;0.0
08;2021-01-13;10;0;10;0;0.0;0.0
08;2021-01-14;11;0;21;0;0.1;0.0
08;2021-01-15;7;0;28;0;0.1;0.0
08;2021-01-16;0;0;28;0;0.1;0.0
08;2021-01-17;0;0;28;0;0.1;0.0
08;2021-01-18;0;0;28;0;0.1;0.0
08;2021-01-19;12;0;40;0;0.1;0.0
08;2021-01-20;12;0;52;0;0.1;0.0
08;2021-01-21;6;0;58;0;0.2;0.0
08;2021-01-22;0;0;58;0;0.2;0.0
08;2021-01-23;0;0;58;0;0.2;0.0
08;2021-01-24;0;0;58;0;0.2;0.0
08;2021-01-25;0;0;58;0;0.2;0.0
08;2021-01-26;9;0;67;0;0.2;0.0
08;2021-01-27;10;0;77;0;0.2;0.0
08;2021-01-28;6;0;83;0;0.2;0.0
08;2021-01-29;0;0;83;0;0.2;0.0
08;2021-01-30;0;0;83;0;0.2;0.0
08;2021-01-31;0;0;83;0;0.2;0.0
08;2021-02-01;0;0;83;0;0.2;0.0
08;2021-02-02;38;0;121;0;0.3;0.0
08;2021-02-03;10;0;131;0;0.4;0.0
08;2021-02-04;29;0;160;0;0.5;0.0
08;2021-02-05;7;0;167;0;0.5;0.0
08;2021-02-06;0;0;167;0;0.5;0.0
08;2021-02-07;0;0;167;0;0.5;0.0
08;2021-02-08;0;0;167;0;0.5;0.0
08;2021-02-09;38;0;205;0;0.6;0.0
08;2021-02-10;27;1;232;1;0.7;0.0
08;2021-02-11;0;0;232;1;0.7;0.0
08;2021-02-12;35;0;267;1;0.8;0.0
08;2021-02-13;0;0;267;1;0.8;0.0
08;2021-02-14;0;0;267;1;0.8;0.0
08;2021-02-15;50;0;317;1;0.9;0.0
08;2021-02-16;0;0;317;1;0.9;0.0
08;2021-02-17;0;0;317;1;0.9;0.0
08;2021-02-18;27;0;344;1;1.0;0.0
08;2021-02-19;44;0;388;1;1.1;0.0
08;2021-02-20;0;0;388;1;1.1;0.0
08;2021-02-21;0;0;388;1;1.1;0.0
08;2021-02-22;46;4;434;5;1.2;0.0
08;2021-02-23;39;29;473;34;1.3;0.1
08;2021-02-24;35;1;508;35;1.4;0.1
08;2021-02-25;55;36;563;71;1.6;0.2
08;2021-02-26;39;5;602;76;1.7;0.2
08;2021-02-27;0;0;602;76;1.7;0.2
08;2021-02-28;0;0;602;76;1.7;0.2
08;2021-03-01;48;5;650;81;1.8;0.2
08;2021-03-02;7;27;657;108;1.9;0.3
08;2021-03-03;38;27;695;135;2.0;0.4
08;2021-03-04;30;26;725;161;2.1;0.5
08;2021-03-05;46;11;771;172;2.2;0.5
08;2021-03-06;0;0;771;172;2.2;0.5
08;2021-03-07;0;0;771;172;2.2;0.5
08;2021-03-08;29;7;800;179;2.3;0.5
08;2021-03-09;19;27;819;206;2.3;0.6
08;2021-03-10;32;28;851;234;2.4;0.7
08;2021-03-11;2;0;853;234;2.4;0.7
08;2021-03-12;52;21;905;255;2.6;0.7
08;2021-03-13;11;0;916;255;2.6;0.7
08;2021-03-14;0;0;916;255;2.6;0.7
08;2021-03-15;31;43;947;298;2.7;0.8
08;2021-03-16;73;6;1020;304;2.9;0.9
08;2021-03-17;67;13;1087;317;3.1;0.9
08;2021-03-18;82;39;1169;356;3.3;1.0
08;2021-03-19;30;51;1199;407;3.4;1.2
08;2021-03-20;0;0;1199;407;3.4;1.2
08;2021-03-21;0;0;1199;407;3.4;1.2
08;2021-03-22;33;45;1232;452;3.5;1.3
08;2021-03-23;32;45;1264;497;3.6;1.4
08;2021-03-24;38;42;1302;539;3.7;1.5
08;2021-03-25;90;34;1392;573;3.9;1.6
08;2021-03-26;45;33;1437;606;4.1;1.7
08;2021-03-27;93;3;1530;609;4.3;1.7
08;2021-03-28;0;0;1530;609;4.3;1.7
08;2021-03-29;69;49;1599;658;4.5;1.9
08;2021-03-30;98;24;1697;682;4.8;1.9
08;2021-03-31;89;46;1786;728;5.1;2.1
08;2021-04-01;56;48;1842;776;5.2;2.2
08;2021-04-02;0;0;1842;776;5.2;2.2
08;2021-04-03;0;0;1842;776;5.2;2.2
08;2021-04-04;0;0;1842;776;5.2;2.2
08;2021-04-05;0;0;1842;776;5.2;2.2
08;2021-04-06;49;63;1891;839;5.4;2.4
08;2021-04-07;91;32;1982;871;5.6;2.5
08;2021-04-08;120;8;2102;879;5.9;2.5
08;2021-04-09;89;39;2191;918;6.2;2.6
08;2021-04-10;160;7;2351;925;6.7;2.6
08;2021-04-11;0;0;2351;925;6.7;2.6
08;2021-04-12;41;76;2392;1001;6.8;2.8
08;2021-04-13;46;71;2438;1072;6.9;3.0
08;2021-04-14;80;45;2518;1117;7.1;3.2
08;2021-04-15;92;25;2610;1142;7.4;3.2
08;2021-04-16;77;42;2687;1184;7.6;3.4
08;2021-04-17;165;4;2852;1188;8.1;3.4
08;2021-04-18;0;0;2852;1188;8.1;3.4
08;2021-04-19;51;67;2903;1255;8.2;3.6
08;2021-04-20;83;27;2986;1282;8.5;3.6
08;2021-04-21;90;29;3076;1311;8.7;3.7
08;2021-04-22;101;20;3177;1331;9.0;3.8
08;2021-04-23;44;66;3221;1397;9.1;4.0
08;2021-04-24;99;78;3320;1475;9.4;4.2
08;2021-04-25;0;0;3320;1475;9.4;4.2
08;2021-04-26;28;93;3348;1568;9.5;4.4
08;2021-04-27;58;63;3406;1631;9.6;4.6
08;2021-04-28;88;39;3494;1670;9.9;4.7
08;2021-04-29;90;34;3584;1704;10.1;4.8
08;2021-04-30;104;15;3688;1719;10.4;4.9
08;2021-05-01;0;8;3688;1727;10.4;4.9
08;2021-05-02;0;0;3688;1727;10.4;4.9
08;2021-05-03;24;102;3712;1829;10.5;5.2
08;2021-05-04;147;102;3859;1931;10.9;5.5
08;2021-05-05;138;59;3997;1990;11.3;5.6
08;2021-05-06;188;49;4185;2039;11.8;5.8
08;2021-05-07;126;71;4311;2110;12.2;6.0
08;2021-05-08;67;122;4378;2232;12.4;6.3
08;2021-05-09;0;0;4378;2232;12.4;6.3
08;2021-05-10;123;101;4501;2333;12.7;6.6
08;2021-05-11;130;77;4631;2410;13.1;6.8
08;2021-05-12;154;75;4785;2485;13.5;7.0
08;2021-05-13;74;8;4859;2493;13.8;7.1
08;2021-05-14;129;61;4988;2554;14.1;7.2
08;2021-05-15;85;4;5073;2558;14.4;7.2
08;2021-05-16;0;0;5073;2558;14.4;7.2
08;2021-05-17;144;112;5217;2670;14.8;7.6
08;2021-05-18;148;95;5365;2765;15.2;7.8
08;2021-05-19;83;70;5448;2835;15.4;8.0
08;2021-05-20;103;26;5551;2861;15.7;8.1
08;2021-05-21;97;52;5648;2913;16.0;8.2
08;2021-05-22;99;11;5747;2924;16.3;8.3
08;2021-05-23;0;0;5747;2924;16.3;8.3
08;2021-05-24;33;7;5780;2931;16.4;8.3
08;2021-05-25;119;77;5899;3008;16.7;8.5
08;2021-05-26;106;49;6005;3057;17.0;8.7
08;2021-05-27;109;42;6114;3099;17.3;8.8
08;2021-05-28;33;1;6147;3100;17.4;8.8
08;2021-05-29;59;215;6206;3315;17.6;9.4
08;2021-05-30;0;0;6206;3315;17.6;9.4
08;2021-05-31;108;65;6314;3380;17.9;9.6
08;2021-06-01;112;63;6426;3443;18.2;9.7
08;2021-06-02;130;32;6556;3475;18.6;9.8
08;2021-06-03;100;38;6656;3513;18.8;9.9
08;2021-06-04;126;71;6782;3584;19.2;10.1
08;2021-06-05;81;21;6863;3605;19.4;10.2
08;2021-06-06;0;0;6863;3605;19.4;10.2
08;2021-06-07;96;95;6959;3700;19.7;10.5
08;2021-06-08;108;63;7067;3763;20.0;10.6
08;2021-06-09;98;74;7165;3837;20.3;10.9
08;2021-06-10;110;64;7275;3901;20.6;11.0
08;2021-06-11;116;108;7391;4009;20.9;11.3
08;2021-06-12;56;30;7447;4039;21.1;11.4
08;2021-06-13;0;0;7447;4039;21.1;11.4
11;2020-12-27;13;2;13;2;0.0;0.0
11;2020-12-28;11;0;24;2;0.0;0.0
11;2020-12-29;56;0;80;2;0.0;0.0
11;2020-12-30;91;0;171;2;0.0;0.0
11;2020-12-31;39;0;210;2;0.0;0.0
11;2021-01-01;28;1;238;3;0.0;0.0
11;2021-01-02;64;1;302;4;0.0;0.0
11;2021-01-03;78;0;380;4;0.0;0.0
11;2021-01-04;551;5;931;9;0.0;0.0
11;2021-01-05;2061;17;2992;26;0.0;0.0
11;2021-01-06;3012;20;6004;46;0.0;0.0
11;2021-01-07;5366;37;11370;83;0.1;0.0
11;2021-01-08;7103;46;18473;129;0.2;0.0
11;2021-01-09;1880;5;20353;134;0.2;0.0
11;2021-01-10;1740;7;22093;141;0.2;0.0
11;2021-01-11;7981;58;30074;199;0.2;0.0
11;2021-01-12;10321;93;40395;292;0.3;0.0
11;2021-01-13;9991;89;50386;381;0.4;0.0
11;2021-01-14;10065;129;60451;510;0.5;0.0
11;2021-01-15;8882;80;69333;590;0.6;0.0
11;2021-01-16;2392;30;71725;620;0.6;0.0
11;2021-01-17;1082;19;72807;639;0.6;0.0
11;2021-01-18;12204;123;85011;762;0.7;0.0
11;2021-01-19;15782;115;100793;877;0.8;0.0
11;2021-01-20;18338;112;119131;989;1.0;0.0
11;2021-01-21;22232;133;141363;1122;1.2;0.0
11;2021-01-22;17001;158;158364;1280;1.3;0.0
11;2021-01-23;4956;19;163320;1299;1.3;0.0
11;2021-01-24;1276;6;164596;1305;1.3;0.0
11;2021-01-25;8846;184;173442;1489;1.4;0.0
11;2021-01-26;12319;375;185761;1864;1.5;0.0
11;2021-01-27;16215;686;201976;2550;1.6;0.0
11;2021-01-28;20282;1185;222258;3735;1.8;0.0
11;2021-01-29;15379;1369;237637;5104;1.9;0.0
11;2021-01-30;4454;101;242091;5205;2.0;0.0
11;2021-01-31;582;22;242673;5227;2.0;0.0
11;2021-02-01;7376;1953;250049;7180;2.0;0.1
11;2021-02-02;8347;2817;258396;9997;2.1;0.1
11;2021-02-03;8117;3808;266513;13805;2.2;0.1
11;2021-02-04;8776;4591;275289;18396;2.2;0.1
11;2021-02-05;8943;4424;284232;22820;2.3;0.2
11;2021-02-06;3265;748;287497;23568;2.3;0.2
11;2021-02-07;588;540;288085;24108;2.3;0.2
11;2021-02-08;6227;5914;294312;30022;2.4;0.2
11;2021-02-09;8424;9672;302736;39694;2.5;0.3
11;2021-02-10;9946;11183;312682;50877;2.5;0.4
11;2021-02-11;12353;16494;325035;67371;2.6;0.5
11;2021-02-12;11841;10570;336876;77941;2.7;0.6
11;2021-02-13;2587;2583;339463;80524;2.8;0.7
11;2021-02-14;309;559;339772;81083;2.8;0.7
11;2021-02-15;4437;12010;344209;93093;2.8;0.8
11;2021-02-16;5654;18473;349863;111566;2.8;0.9
11;2021-02-17;5660;15599;355523;127165;2.9;1.0
11;2021-02-18;8622;20768;364145;147933;3.0;1.2
11;2021-02-19;9023;15407;373168;163340;3.0;1.3
11;2021-02-20;1687;4842;374855;168182;3.1;1.4
11;2021-02-21;396;832;375251;169014;3.1;1.4
11;2021-02-22;4217;9911;379468;178925;3.1;1.5
11;2021-02-23;4936;10529;384404;189454;3.1;1.5
11;2021-02-24;5388;9871;389792;199325;3.2;1.6
11;2021-02-25;8574;14109;398366;213434;3.2;1.7
11;2021-02-26;11149;10159;409515;223593;3.3;1.8
11;2021-02-27;5058;3314;414573;226907;3.4;1.8
11;2021-02-28;736;657;415309;227564;3.4;1.9
11;2021-03-01;8821;7958;424130;235522;3.5;1.9
11;2021-03-02;14350;9615;438480;245137;3.6;2.0
11;2021-03-03;18608;10037;457088;255174;3.7;2.1
11;2021-03-04;28154;11024;485242;266198;4.0;2.2
11;2021-03-05;36368;10990;521610;277188;4.2;2.3
11;2021-03-06;46339;3452;567949;280640;4.6;2.3
11;2021-03-07;34250;2694;602199;283334;4.9;2.3
11;2021-03-08;17699;7329;619898;290663;5.0;2.4
11;2021-03-09;26775;7645;646673;298308;5.3;2.4
11;2021-03-10;27547;8277;674220;306585;5.5;2.5
11;2021-03-11;36916;9750;711136;316335;5.8;2.6
11;2021-03-12;44655;9276;755791;325611;6.2;2.7
11;2021-03-13;39813;2585;795604;328196;6.5;2.7
11;2021-03-14;14251;767;809855;328963;6.6;2.7
11;2021-03-15;29139;3953;838994;332916;6.8;2.7
11;2021-03-16;23705;3815;862699;336731;7.0;2.7
11;2021-03-17;24336;3633;887035;340364;7.2;2.8
11;2021-03-18;28960;4068;915995;344432;7.5;2.8
11;2021-03-19;39560;4244;955555;348676;7.8;2.8
11;2021-03-20;25792;1537;981347;350213;8.0;2.9
11;2021-03-21;5617;1310;986964;351523;8.0;2.9
11;2021-03-22;32061;4192;1019025;355715;8.3;2.9
11;2021-03-23;43164;5354;1062189;361069;8.7;2.9
11;2021-03-24;42511;4976;1104700;366045;9.0;3.0
11;2021-03-25;57679;5122;1162379;371167;9.5;3.0
11;2021-03-26;57511;5872;1219890;377039;9.9;3.1
11;2021-03-27;34409;2035;1254299;379074;10.2;3.1
11;2021-03-28;10145;465;1264444;379539;10.3;3.1
11;2021-03-29;32952;8119;1297396;387658;10.6;3.2
11;2021-03-30;44718;11485;1342114;399143;10.9;3.3
11;2021-03-31;39719;13843;1381833;412986;11.3;3.4
11;2021-04-01;45140;21706;1426973;434692;11.6;3.5
11;2021-04-02;39182;23975;1466155;458667;11.9;3.7
11;2021-04-03;18331;21128;1484486;479795;12.1;3.9
11;2021-04-04;6084;7324;1490570;487119;12.1;4.0
11;2021-04-05;5935;2149;1496505;489268;12.2;4.0
11;2021-04-06;29884;18380;1526389;507648;12.4;4.1
11;2021-04-07;37413;19960;1563802;527608;12.7;4.3
11;2021-04-08;46546;21057;1610348;548665;13.1;4.5
11;2021-04-09;53613;21478;1663961;570143;13.6;4.6
11;2021-04-10;28878;19676;1692839;589819;13.8;4.8
11;2021-04-11;6539;7205;1699378;597024;13.8;4.9
11;2021-04-12;30214;19222;1729592;616246;14.1;5.0
11;2021-04-13;37136;27544;1766728;643790;14.4;5.2
11;2021-04-14;34814;24314;1801542;668104;14.7;5.4
11;2021-04-15;39004;28430;1840546;696534;15.0;5.7
11;2021-04-16;40893;27768;1881439;724302;15.3;5.9
11;2021-04-17;22714;14953;1904153;739255;15.5;6.0
11;2021-04-18;5272;3730;1909425;742985;15.6;6.1
11;2021-04-19;25029;23190;1934454;766175;15.8;6.2
11;2021-04-20;30486;27867;1964940;794042;16.0;6.5
11;2021-04-21;32120;28205;1997060;822247;16.3;6.7
11;2021-04-22;34399;34721;2031459;856968;16.5;7.0
11;2021-04-23;37813;32278;2069272;889246;16.9;7.2
11;2021-04-24;37919;23176;2107191;912422;17.2;7.4
11;2021-04-25;20503;8000;2127694;920422;17.3;7.5
11;2021-04-26;33799;25227;2161493;945649;17.6;7.7
11;2021-04-27;45620;30088;2207113;975737;18.0;7.9
11;2021-04-28;48312;29824;2255425;1005561;18.4;8.2
11;2021-04-29;57617;32280;2313042;1037841;18.8;8.5
11;2021-04-30;61173;31065;2374215;1068906;19.3;8.7
11;2021-05-01;24050;6025;2398265;1074931;19.5;8.8
11;2021-05-02;14608;5000;2412873;1079931;19.7;8.8
11;2021-05-03;53986;35212;2466859;1115143;20.1;9.1
11;2021-05-04;59279;33803;2526138;1148946;20.6;9.4
11;2021-05-05;59314;34053;2585452;1182999;21.1;9.6
11;2021-05-06;66687;37959;2652139;1220958;21.6;9.9
11;2021-05-07;65074;39891;2717213;1260849;22.1;10.3
11;2021-05-08;49584;16811;2766797;1277660;22.5;10.4
11;2021-05-09;32977;10126;2799774;1287786;22.8;10.5
11;2021-05-10;69699;30410;2869473;1318196;23.4;10.7
11;2021-05-11;80975;37980;2950448;1356176;24.0;11.0
11;2021-05-12;82379;32314;3032827;1388490;24.7;11.3
11;2021-05-13;67480;9940;3100307;1398430;25.3;11.4
11;2021-05-14;83828;22005;3184135;1420435;25.9;11.6
11;2021-05-15;66147;15322;3250282;1435757;26.5;11.7
11;2021-05-16;36253;5112;3286535;1440869;26.8;11.7
11;2021-05-17;82010;16807;3368545;1457676;27.4;11.9
11;2021-05-18;97726;19734;3466271;1477410;28.2;12.0
11;2021-05-19;97339;27677;3563610;1505087;29.0;12.3
11;2021-05-20;106107;28700;3669717;1533787;29.9;12.5
11;2021-05-21;100476;25879;3770193;1559666;30.7;12.7
11;2021-05-22;79240;14782;3849433;1574448;31.4;12.8
11;2021-05-23;41501;5990;3890934;1580438;31.7;12.9
11;2021-05-24;59474;8752;3950408;1589190;32.2;12.9
11;2021-05-25;85003;32128;4035411;1621318;32.9;13.2
11;2021-05-26;83430;32414;4118841;1653732;33.5;13.5
11;2021-05-27;91628;40474;4210469;1694206;34.3;13.8
11;2021-05-28;86420;45505;4296889;1739711;35.0;14.2
11;2021-05-29;67883;27486;4364772;1767197;35.5;14.4
11;2021-05-30;35821;8476;4400593;1775673;35.8;14.5
11;2021-05-31;77662;39854;4478255;1815527;36.5;14.8
11;2021-06-01;86523;50834;4564778;1866361;37.2;15.2
11;2021-06-02;82390;45365;4647168;1911726;37.8;15.6
11;2021-06-03;88271;53543;4735439;1965269;38.6;16.0
11;2021-06-04;84277;58632;4819716;2023901;39.3;16.5
11;2021-06-05;63408;49835;4883124;2073736;39.8;16.9
11;2021-06-06;37804;17528;4920928;2091264;40.1;17.0
11;2021-06-07;68721;53512;4989649;2144776;40.6;17.5
11;2021-06-08;72901;61773;5062550;2206549;41.2;18.0
11;2021-06-09;84548;48329;5147098;2254878;41.9;18.4
11;2021-06-10;89130;60905;5236228;2315783;42.6;18.9
11;2021-06-11;64587;71756;5300815;2387539;43.2;19.4
11;2021-06-12;62860;47280;5363675;2434819;43.7;19.8
11;2021-06-13;29292;22730;5392967;2457549;43.9;20.0
24;2020-12-27;0;0;0;0;0.0;0.0
24;2020-12-28;17;0;17;0;0.0;0.0
24;2020-12-29;10;0;27;0;0.0;0.0
24;2020-12-30;1;0;28;0;0.0;0.0
24;2020-12-31;0;0;28;0;0.0;0.0
24;2021-01-01;1;0;29;0;0.0;0.0
24;2021-01-02;0;0;29;0;0.0;0.0
24;2021-01-03;0;0;29;0;0.0;0.0
24;2021-01-04;24;0;53;0;0.0;0.0
24;2021-01-05;163;0;216;0;0.0;0.0
24;2021-01-06;328;0;544;0;0.0;0.0
24;2021-01-07;492;0;1036;0;0.0;0.0
24;2021-01-08;951;1;1987;1;0.1;0.0
24;2021-01-09;504;0;2491;1;0.1;0.0
24;2021-01-10;395;0;2886;1;0.1;0.0
24;2021-01-11;1280;0;4166;1;0.2;0.0
24;2021-01-12;2575;8;6741;9;0.3;0.0
24;2021-01-13;2189;6;8930;15;0.3;0.0
24;2021-01-14;2500;51;11430;66;0.4;0.0
24;2021-01-15;2114;7;13544;73;0.5;0.0
24;2021-01-16;857;5;14401;78;0.6;0.0
24;2021-01-17;322;3;14723;81;0.6;0.0
24;2021-01-18;3214;17;17937;98;0.7;0.0
24;2021-01-19;6320;17;24257;115;0.9;0.0
24;2021-01-20;7165;9;31422;124;1.2;0.0
24;2021-01-21;7414;3;38836;127;1.5;0.0
24;2021-01-22;5117;2;43953;129;1.7;0.0
24;2021-01-23;1272;1;45225;130;1.8;0.0
24;2021-01-24;225;1;45450;131;1.8;0.0
24;2021-01-25;3111;24;48561;155;1.9;0.0
24;2021-01-26;4845;88;53406;243;2.1;0.0
24;2021-01-27;5044;182;58450;425;2.3;0.0
24;2021-01-28;5634;506;64084;931;2.5;0.0
24;2021-01-29;3421;731;67505;1662;2.6;0.1
24;2021-01-30;1207;398;68712;2060;2.7;0.1
24;2021-01-31;251;368;68963;2428;2.7;0.1
24;2021-02-01;2170;927;71133;3355;2.8;0.1
24;2021-02-02;3032;1891;74165;5246;2.9;0.2
24;2021-02-03;3110;1768;77275;7014;3.0;0.3
24;2021-02-04;3234;1617;80509;8631;3.1;0.3
24;2021-02-05;2393;1370;82902;10001;3.2;0.4
24;2021-02-06;707;262;83609;10263;3.3;0.4
24;2021-02-07;134;32;83743;10295;3.3;0.4
24;2021-02-08;1967;1570;85710;11865;3.3;0.5
24;2021-02-09;3412;3310;89122;15175;3.5;0.6
24;2021-02-10;4085;3752;93207;18927;3.6;0.7
24;2021-02-11;4652;4774;97859;23701;3.8;0.9
24;2021-02-12;3481;3270;101340;26971;4.0;1.1
24;2021-02-13;839;769;102179;27740;4.0;1.1
24;2021-02-14;426;255;102605;27995;4.0;1.1
24;2021-02-15;1962;2858;104567;30853;4.1;1.2
24;2021-02-16;2849;4493;107416;35346;4.2;1.4
24;2021-02-17;2692;5101;110108;40447;4.3;1.6
24;2021-02-18;3520;5167;113628;45614;4.4;1.8
24;2021-02-19;3195;3553;116823;49167;4.6;1.9
24;2021-02-20;1288;984;118111;50151;4.6;2.0
24;2021-02-21;433;239;118544;50390;4.6;2.0
24;2021-02-22;1649;3060;120193;53450;4.7;2.1
24;2021-02-23;2339;3138;122532;56588;4.8;2.2
24;2021-02-24;2093;3466;124625;60054;4.9;2.3
24;2021-02-25;3621;3161;128246;63215;5.0;2.5
24;2021-02-26;4465;2617;132711;65832;5.2;2.6
24;2021-02-27;1877;995;134588;66827;5.3;2.6
24;2021-02-28;97;219;134685;67046;5.3;2.6
24;2021-03-01;2170;2022;136855;69068;5.3;2.7
24;2021-03-02;3429;2890;140284;71958;5.5;2.8
24;2021-03-03;3547;3408;143831;75366;5.6;2.9
24;2021-03-04;5335;3686;149166;79052;5.8;3.1
24;2021-03-05;7036;3146;156202;82198;6.1;3.2
24;2021-03-06;7375;744;163577;82942;6.4;3.2
24;2021-03-07;2426;286;166003;83228;6.5;3.3
24;2021-03-08;2689;2621;168692;85849;6.6;3.4
24;2021-03-09;5777;2843;174469;88692;6.8;3.5
24;2021-03-10;6404;3517;180873;92209;7.1;3.6
24;2021-03-11;7799;3496;188672;95705;7.4;3.7
24;2021-03-12;10781;2671;199453;98376;7.8;3.8
24;2021-03-13;7108;713;206561;99089;8.1;3.9
24;2021-03-14;1550;270;208111;99359;8.1;3.9
24;2021-03-15;4558;1971;212669;101330;8.3;4.0
24;2021-03-16;4594;2368;217263;103698;8.5;4.1
24;2021-03-17;4462;1983;221725;105681;8.7;4.1
24;2021-03-18;5064;2089;226789;107770;8.9;4.2
24;2021-03-19;7772;1673;234561;109443;9.2;4.3
24;2021-03-20;4428;876;238989;110319;9.3;4.3
24;2021-03-21;557;347;239546;110666;9.4;4.3
24;2021-03-22;4858;1715;244404;112381;9.6;4.4
24;2021-03-23;8031;2291;252435;114672;9.9;4.5
24;2021-03-24;8788;2000;261223;116672;10.2;4.6
24;2021-03-25;12132;1956;273355;118628;10.7;4.6
24;2021-03-26;13261;1965;286616;120593;11.2;4.7
24;2021-03-27;5764;668;292380;121261;11.4;4.7
24;2021-03-28;520;97;292900;121358;11.4;4.7
24;2021-03-29;6756;1864;299656;123222;11.7;4.8
24;2021-03-30;10166;2777;309822;125999;12.1;4.9
24;2021-03-31;9886;2330;319708;128329;12.5;5.0
24;2021-04-01;12031;3378;331739;131707;13.0;5.1
24;2021-04-02;10604;3324;342343;135031;13.4;5.3
24;2021-04-03;3401;1709;345744;136740;13.5;5.3
24;2021-04-04;393;341;346137;137081;13.5;5.4
24;2021-04-05;395;50;346532;137131;13.5;5.4
24;2021-04-06;8311;3399;354843;140530;13.9;5.5
24;2021-04-07;11060;4537;365903;145067;14.3;5.7
24;2021-04-08;14170;4722;380073;149789;14.9;5.9
24;2021-04-09;17730;3698;397803;153487;15.5;6.0
24;2021-04-10;9367;2071;407170;155558;15.9;6.1
24;2021-04-11;2908;1244;410078;156802;16.0;6.1
24;2021-04-12;10835;3428;420913;160230;16.4;6.3
24;2021-04-13;14988;4805;435901;165035;17.0;6.4
24;2021-04-14;13448;4907;449349;169942;17.6;6.6
24;2021-04-15;15332;5109;464681;175051;18.2;6.8
24;2021-04-16;15654;4312;480335;179363;18.8;7.0
24;2021-04-17;8185;1308;488520;180671;19.1;7.1
24;2021-04-18;1099;286;489619;180957;19.1;7.1
24;2021-04-19;9434;4131;499053;185088;19.5;7.2
24;2021-04-20;12720;5959;511773;191047;20.0;7.5
24;2021-04-21;12315;5979;524088;197026;20.5;7.7
24;2021-04-22;13857;7521;537945;204547;21.0;8.0
24;2021-04-23;13692;7035;551637;211582;21.6;8.3
24;2021-04-24;10236;3239;561873;214821;22.0;8.4
24;2021-04-25;3047;427;564920;215248;22.1;8.4
24;2021-04-26;10200;5416;575120;220664;22.5;8.6
24;2021-04-27;13868;7740;588988;228404;23.0;8.9
24;2021-04-28;13012;8431;602000;236835;23.5;9.3
24;2021-04-29;16576;8573;618576;245408;24.2;9.6
24;2021-04-30;17475;7212;636051;252620;24.9;9.9
24;2021-05-01;2912;669;638963;253289;25.0;9.9
24;2021-05-02;2139;316;641102;253605;25.1;9.9
24;2021-05-03;11263;6101;652365;259706;25.5;10.1
24;2021-05-04;12761;10278;665126;269984;26.0;10.6
24;2021-05-05;13817;9561;678943;279545;26.5;10.9
24;2021-05-06;17439;9653;696382;289198;27.2;11.3
24;2021-05-07;14502;11955;710884;301153;27.8;11.8
24;2021-05-08;3545;2366;714429;303519;27.9;11.9
24;2021-05-09;2320;3728;716749;307247;28.0;12.0
24;2021-05-10;11393;12171;728142;319418;28.5;12.5
24;2021-05-11;16330;14187;744472;333605;29.1;13.0
24;2021-05-12;18146;13116;762618;346721;29.8;13.5
24;2021-05-13;6914;3150;769532;349871;30.1;13.7
24;2021-05-14;14477;9158;784009;359029;30.6;14.0
24;2021-05-15;10457;5041;794466;364070;31.0;14.2
24;2021-05-16;3151;1177;797617;365247;31.2;14.3
24;2021-05-17;13286;7647;810903;372894;31.7;14.6
24;2021-05-18;18359;8192;829262;381086;32.4;14.9
24;2021-05-19;18993;7466;848255;388552;33.1;15.2
24;2021-05-20;21277;8429;869532;396981;34.0;15.5
24;2021-05-21;18351;9070;887883;406051;34.7;15.9
24;2021-05-22;7614;4183;895497;410234;35.0;16.0
24;2021-05-23;2976;941;898473;411175;35.1;16.1
24;2021-05-24;8328;1589;906801;412764;35.4;16.1
24;2021-05-25;17713;8835;924514;421599;36.1;16.5
24;2021-05-26;19150;8274;943664;429873;36.9;16.8
24;2021-05-27;20811;10022;964475;439895;37.7;17.2
24;2021-05-28;20427;12246;984902;452141;38.5;17.7
24;2021-05-29;12394;5891;997296;458032;39.0;17.9
24;2021-05-30;2031;1485;999327;459517;39.1;18.0
24;2021-05-31;14569;8896;1013896;468413;39.6;18.3
24;2021-06-01;19661;12004;1033557;480417;40.4;18.8
24;2021-06-02;17666;10783;1051223;491200;41.1;19.2
24;2021-06-03;20818;11883;1072041;503083;41.9;19.7
24;2021-06-04;19892;13833;1091933;516916;42.7;20.2
24;2021-06-05;9852;8836;1101785;525752;43.1;20.5
24;2021-06-06;1990;3020;1103775;528772;43.1;20.7
24;2021-06-07;14411;12001;1118186;540773;43.7;21.1
24;2021-06-08;16306;14919;1134492;555692;44.3;21.7
24;2021-06-09;19718;9307;1154210;564999;45.1;22.1
24;2021-06-10;20814;8815;1175024;573814;45.9;22.4
24;2021-06-11;17030;15252;1192054;589066;46.6;23.0
24;2021-06-12;10038;7308;1202092;596374;47.0;23.3
24;2021-06-13;886;1307;1202978;597681;47.0;23.4
27;2020-12-27;4;0;4;0;0.0;0.0
27;2020-12-28;0;0;4;0;0.0;0.0
27;2020-12-29;19;0;23;0;0.0;0.0
27;2020-12-30;20;0;43;0;0.0;0.0
27;2020-12-31;2;0;45;0;0.0;0.0
27;2021-01-01;0;0;45;0;0.0;0.0
27;2021-01-02;1;0;46;0;0.0;0.0
27;2021-01-03;1;0;47;0;0.0;0.0
27;2021-01-04;27;0;74;0;0.0;0.0
27;2021-01-05;263;0;337;0;0.0;0.0
27;2021-01-06;718;1;1055;1;0.0;0.0
27;2021-01-07;1554;3;2609;4;0.1;0.0
27;2021-01-08;1894;3;4503;7;0.2;0.0
27;2021-01-09;689;0;5192;7;0.2;0.0
27;2021-01-10;3;0;5195;7;0.2;0.0
27;2021-01-11;2420;3;7615;10;0.3;0.0
27;2021-01-12;3821;5;11436;15;0.4;0.0
27;2021-01-13;3846;8;15282;23;0.5;0.0
27;2021-01-14;4750;47;20032;70;0.7;0.0
27;2021-01-15;3591;20;23623;90;0.8;0.0
27;2021-01-16;793;9;24416;99;0.9;0.0
27;2021-01-17;116;1;24532;100;0.9;0.0
27;2021-01-18;6241;18;30773;118;1.1;0.0
27;2021-01-19;8392;23;39165;141;1.4;0.0
27;2021-01-20;7898;56;47063;197;1.7;0.0
27;2021-01-21;9450;16;56513;213;2.0;0.0
27;2021-01-22;7702;17;64215;230;2.3;0.0
27;2021-01-23;2978;6;67193;236;2.4;0.0
27;2021-01-24;347;0;67540;236;2.4;0.0
27;2021-01-25;5217;30;72757;266;2.6;0.0
27;2021-01-26;7388;227;80145;493;2.9;0.0
27;2021-01-27;7091;346;87236;839;3.1;0.0
27;2021-01-28;6330;893;93566;1732;3.4;0.1
27;2021-01-29;5895;1264;99461;2996;3.6;0.1
27;2021-01-30;2469;347;101930;3343;3.7;0.1
27;2021-01-31;252;22;102182;3365;3.7;0.1
27;2021-02-01;3358;1403;105540;4768;3.8;0.2
27;2021-02-02;4040;2223;109580;6991;3.9;0.3
27;2021-02-03;3618;2396;113198;9387;4.1;0.3
27;2021-02-04;3703;3151;116901;12538;4.2;0.5
27;2021-02-05;3241;2588;120142;15126;4.3;0.5
27;2021-02-06;1609;671;121751;15797;4.4;0.6
27;2021-02-07;5;87;121756;15884;4.4;0.6
27;2021-02-08;2911;2685;124667;18569;4.5;0.7
27;2021-02-09;3015;3656;127682;22225;4.6;0.8
27;2021-02-10;3055;3410;130737;25635;4.7;0.9
27;2021-02-11;3315;4647;134052;30282;4.8;1.1
27;2021-02-12;2725;4460;136777;34742;4.9;1.2
27;2021-02-13;985;1466;137762;36208;5.0;1.3
27;2021-02-14;258;298;138020;36506;5.0;1.3
27;2021-02-15;1241;5758;139261;42264;5.0;1.5
27;2021-02-16;1507;7435;140768;49699;5.1;1.8
27;2021-02-17;1807;6916;142575;56615;5.1;2.0
27;2021-02-18;2142;6468;144717;63083;5.2;2.3
27;2021-02-19;1732;5667;146449;68750;5.3;2.5
27;2021-02-20;707;2180;147156;70930;5.3;2.5
27;2021-02-21;2;280;147158;71210;5.3;2.6
27;2021-02-22;978;4901;148136;76111;5.3;2.7
27;2021-02-23;1203;5446;149339;81557;5.4;2.9
27;2021-02-24;1499;4866;150838;86423;5.4;3.1
27;2021-02-25;2910;5057;153748;91480;5.5;3.3
27;2021-02-26;3683;4212;157431;95692;5.7;3.4
27;2021-02-27;1908;1956;159339;97648;5.7;3.5
27;2021-02-28;107;282;159446;97930;5.7;3.5
27;2021-03-01;3662;3505;163108;101435;5.9;3.6
27;2021-03-02;5409;4331;168517;105766;6.1;3.8
27;2021-03-03;5959;3566;174476;109332;6.3;3.9
27;2021-03-04;7697;3554;182173;112886;6.5;4.1
27;2021-03-05;9686;3171;191859;116057;6.9;4.2
27;2021-03-06;6223;1076;198082;117133;7.1;4.2
27;2021-03-07;870;185;198952;117318;7.1;4.2
27;2021-03-08;4542;3417;203494;120735;7.3;4.3
27;2021-03-09;8420;3383;211914;124118;7.6;4.5
27;2021-03-10;8707;2796;220621;126914;7.9;4.6
27;2021-03-11;10261;3189;230882;130103;8.3;4.7
27;2021-03-12;11878;2440;242760;132543;8.7;4.8
27;2021-03-13;7040;686;249800;133229;9.0;4.8
27;2021-03-14;210;60;250010;133289;9.0;4.8
27;2021-03-15;7316;1376;257326;134665;9.2;4.8
27;2021-03-16;8246;1079;265572;135744;9.5;4.9
27;2021-03-17;8531;1167;274103;136911;9.8;4.9
27;2021-03-18;8625;1400;282728;138311;10.2;5.0
27;2021-03-19;9425;1084;292153;139395;10.5;5.0
27;2021-03-20;5666;390;297819;139785;10.7;5.0
27;2021-03-21;238;11;298057;139796;10.7;5.0
27;2021-03-22;9327;953;307384;140749;11.0;5.1
27;2021-03-23;14685;1172;322069;141921;11.6;5.1
27;2021-03-24;15162;1233;337231;143154;12.1;5.1
27;2021-03-25;18362;1435;355593;144589;12.8;5.2
27;2021-03-26;18369;1228;373962;145817;13.4;5.2
27;2021-03-27;7683;400;381645;146217;13.7;5.3
27;2021-03-28;492;124;382137;146341;13.7;5.3
27;2021-03-29;10025;3388;392162;149729;14.1;5.4
27;2021-03-30;12951;3986;405113;153715;14.6;5.5
27;2021-03-31;12834;4178;417947;157893;15.0;5.7
27;2021-04-01;14540;4114;432487;162007;15.5;5.8
27;2021-04-02;12936;4033;445423;166040;16.0;6.0
27;2021-04-03;4471;1134;449894;167174;16.2;6.0
27;2021-04-04;67;35;449961;167209;16.2;6.0
27;2021-04-05;345;6;450306;167215;16.2;6.0
27;2021-04-06;9549;6153;459855;173368;16.5;6.2
27;2021-04-07;10188;6452;470043;179820;16.9;6.5
27;2021-04-08;15709;6114;485752;185934;17.5;6.7
27;2021-04-09;17816;5962;503568;191896;18.1;6.9
27;2021-04-10;6059;1936;509627;193832;18.3;7.0
27;2021-04-11;419;83;510046;193915;18.3;7.0
27;2021-04-12;9055;6786;519101;200701;18.7;7.2
27;2021-04-13;11726;8486;530827;209187;19.1;7.5
27;2021-04-14;10274;7828;541101;217015;19.4;7.8
27;2021-04-15;12947;7635;554048;224650;19.9;8.1
27;2021-04-16;12744;6416;566792;231066;20.4;8.3
27;2021-04-17;5913;3016;572705;234082;20.6;8.4
27;2021-04-18;351;189;573056;234271;20.6;8.4
27;2021-04-19;6968;8851;580024;243122;20.8;8.7
27;2021-04-20;8473;10521;588497;253643;21.1;9.1
27;2021-04-21;8322;10122;596819;263765;21.4;9.5
27;2021-04-22;9850;11508;606669;275273;21.8;9.9
27;2021-04-23;11327;10274;617996;285547;22.2;10.3
27;2021-04-24;5159;3946;623155;289493;22.4;10.4
27;2021-04-25;440;294;623595;289787;22.4;10.4
27;2021-04-26;9536;8731;633131;298518;22.7;10.7
27;2021-04-27;13455;10211;646586;308729;23.2;11.1
27;2021-04-28;14187;10333;660773;319062;23.7;11.5
27;2021-04-29;17868;11496;678641;330558;24.4;11.9
27;2021-04-30;18714;9486;697355;340044;25.1;12.2
27;2021-05-01;5424;1535;702779;341579;25.3;12.3
27;2021-05-02;601;73;703380;341652;25.3;12.3
27;2021-05-03;14865;6287;718245;347939;25.8;12.5
27;2021-05-04;13906;10766;732151;358705;26.3;12.9
27;2021-05-05;15525;9981;747676;368686;26.9;13.2
27;2021-05-06;18211;12301;765887;380987;27.5;13.7
27;2021-05-07;17171;11710;783058;392697;28.1;14.1
27;2021-05-08;5854;1491;788912;394188;28.3;14.2
27;2021-05-09;532;437;789444;394625;28.4;14.2
27;2021-05-10;15141;9823;804585;404448;28.9;14.5
27;2021-05-11;20692;12815;825277;417263;29.7;15.0
27;2021-05-12;19504;11682;844781;428945;30.4;15.4
27;2021-05-13;12260;2003;857041;430948;30.8;15.5
27;2021-05-14;22848;8325;879889;439273;31.6;15.8
27;2021-05-15;15358;3380;895247;442653;32.2;15.9
27;2021-05-16;1881;232;897128;442885;32.2;15.9
27;2021-05-17;18914;6752;916042;449637;32.9;16.2
27;2021-05-18;20476;9234;936518;458871;33.7;16.5
27;2021-05-19;22192;7253;958710;466124;34.4;16.7
27;2021-05-20;23162;8141;981872;474265;35.3;17.0
27;2021-05-21;21048;10010;1002920;484275;36.0;17.4
27;2021-05-22;8252;3588;1011172;487863;36.3;17.5
27;2021-05-23;901;302;1012073;488165;36.4;17.5
27;2021-05-24;4223;1079;1016296;489244;36.5;17.6
27;2021-05-25;14835;11595;1031131;500839;37.1;18.0
27;2021-05-26;15300;10604;1046431;511443;37.6;18.4
27;2021-05-27;18302;11757;1064733;523200;38.3;18.8
27;2021-05-28;16046;14087;1080779;537287;38.8;19.3
27;2021-05-29;6801;5144;1087580;542431;39.1;19.5
27;2021-05-30;385;255;1087965;542686;39.1;19.5
27;2021-05-31;13296;10916;1101261;553602;39.6;19.9
27;2021-06-01;16477;13399;1117738;567001;40.2;20.4
27;2021-06-02;16119;11419;1133857;578420;40.7;20.8
27;2021-06-03;17709;11837;1151566;590257;41.4;21.2
27;2021-06-04;16148;14589;1167714;604846;42.0;21.7
27;2021-06-05;8293;6734;1176007;611580;42.3;22.0
27;2021-06-06;1709;640;1177716;612220;42.3;22.0
27;2021-06-07;17361;13069;1195077;625289;42.9;22.5
27;2021-06-08;19840;15323;1214917;640612;43.7;23.0
27;2021-06-09;22059;9304;1236976;649916;44.4;23.4
27;2021-06-10;22270;10276;1259246;660192;45.2;23.7
27;2021-06-11;18024;17037;1277270;677229;45.9;24.3
27;2021-06-12;9422;7807;1286692;685036;46.2;24.6
27;2021-06-13;921;934;1287613;685970;46.3;24.6
28;2020-12-27;0;0;0;0;0.0;0.0
28;2020-12-28;1;0;1;0;0.0;0.0
28;2020-12-29;2;0;3;0;0.0;0.0
28;2020-12-30;0;0;3;0;0.0;0.0
28;2020-12-31;1;0;4;0;0.0;0.0
28;2021-01-01;2;0;6;0;0.0;0.0
28;2021-01-02;1;0;7;0;0.0;0.0
28;2021-01-03;1;0;8;0;0.0;0.0
28;2021-01-04;16;0;24;0;0.0;0.0
28;2021-01-05;169;0;193;0;0.0;0.0
28;2021-01-06;1393;2;1586;2;0.0;0.0
28;2021-01-07;2597;9;4183;11;0.1;0.0
28;2021-01-08;3427;3;7610;14;0.2;0.0
28;2021-01-09;1331;3;8941;17;0.3;0.0
28;2021-01-10;704;1;9645;18;0.3;0.0
28;2021-01-11;3178;3;12823;21;0.4;0.0
28;2021-01-12;3971;3;16794;24;0.5;0.0
28;2021-01-13;4302;6;21096;30;0.6;0.0
28;2021-01-14;8094;73;29190;103;0.9;0.0
28;2021-01-15;6218;24;35408;127;1.1;0.0
28;2021-01-16;2085;9;37493;136;1.1;0.0
28;2021-01-17;4071;21;41564;157;1.3;0.0
28;2021-01-18;8781;11;50345;168;1.5;0.0
28;2021-01-19;7140;13;57485;181;1.7;0.0
28;2021-01-20;6504;9;63989;190;1.9;0.0
28;2021-01-21;5990;9;69979;199;2.1;0.0
28;2021-01-22;5438;12;75417;211;2.3;0.0
28;2021-01-23;2018;7;77435;218;2.3;0.0
28;2021-01-24;1447;11;78882;229;2.4;0.0
28;2021-01-25;6238;179;85120;408;2.6;0.0
28;2021-01-26;4574;393;89694;801;2.7;0.0
28;2021-01-27;4034;765;93728;1566;2.8;0.0
28;2021-01-28;3753;1048;97481;2614;3.0;0.1
28;2021-01-29;3487;1305;100968;3919;3.1;0.1
28;2021-01-30;1386;517;102354;4436;3.1;0.1
28;2021-01-31;195;126;102549;4562;3.1;0.1
28;2021-02-01;2780;1661;105329;6223;3.2;0.2
28;2021-02-02;2984;2391;108313;8614;3.3;0.3
28;2021-02-03;2946;2670;111259;11284;3.4;0.3
28;2021-02-04;3723;5208;114982;16492;3.5;0.5
28;2021-02-05;3885;4391;118867;20883;3.6;0.6
28;2021-02-06;1139;1548;120006;22431;3.6;0.7
28;2021-02-07;715;1975;120721;24406;3.7;0.7
28;2021-02-08;3800;6857;124521;31263;3.8;0.9
28;2021-02-09;3461;6030;127982;37293;3.9;1.1
28;2021-02-10;3455;5074;131437;42367;4.0;1.3
28;2021-02-11;4208;4893;135645;47260;4.1;1.4
28;2021-02-12;4044;4611;139689;51871;4.2;1.6
28;2021-02-13;1122;1581;140811;53452;4.3;1.6
28;2021-02-14;285;1388;141096;54840;4.3;1.7
28;2021-02-15;2212;6277;143308;61117;4.3;1.9
28;2021-02-16;2654;5662;145962;66779;4.4;2.0
28;2021-02-17;1950;4556;147912;71335;4.5;2.2
28;2021-02-18;2567;4309;150479;75644;4.6;2.3
28;2021-02-19;2548;3719;153027;79363;4.6;2.4
28;2021-02-20;945;1259;153972;80622;4.7;2.4
28;2021-02-21;102;416;154074;81038;4.7;2.5
28;2021-02-22;1667;4233;155741;85271;4.7;2.6
28;2021-02-23;2173;3840;157914;89111;4.8;2.7
28;2021-02-24;2371;3895;160285;93006;4.9;2.8
28;2021-02-25;4770;4191;165055;97197;5.0;2.9
28;2021-02-26;5960;3729;171015;100926;5.2;3.1
28;2021-02-27;3006;1030;174021;101956;5.3;3.1
28;2021-02-28;340;387;174361;102343;5.3;3.1
28;2021-03-01;2523;4650;176884;106993;5.4;3.2
28;2021-03-02;3896;4091;180780;111084;5.5;3.4
28;2021-03-03;4785;3478;185565;114562;5.6;3.5
28;2021-03-04;7295;2856;192860;117418;5.8;3.6
28;2021-03-05;10144;2480;203004;119898;6.1;3.6
28;2021-03-06;9803;777;212807;120675;6.4;3.7
28;2021-03-07;3771;126;216578;120801;6.6;3.7
28;2021-03-08;5864;3270;222442;124071;6.7;3.8
28;2021-03-09;9283;2804;231725;126875;7.0;3.8
28;2021-03-10;9798;2437;241523;129312;7.3;3.9
28;2021-03-11;13947;1991;255470;131303;7.7;4.0
28;2021-03-12;17961;1529;273431;132832;8.3;4.0
28;2021-03-13;11138;518;284569;133350;8.6;4.0
28;2021-03-14;2258;97;286827;133447;8.7;4.0
28;2021-03-15;8641;860;295468;134307;8.9;4.1
28;2021-03-16;7483;1186;302951;135493;9.2;4.1
28;2021-03-17;7706;1184;310657;136677;9.4;4.1
28;2021-03-18;8161;1362;318818;138039;9.7;4.2
28;2021-03-19;11553;1450;330371;139489;10.0;4.2
28;2021-03-20;9665;534;340036;140023;10.3;4.2
28;2021-03-21;2409;19;342445;140042;10.4;4.2
28;2021-03-22;9383;1627;351828;141669;10.7;4.3
28;2021-03-23;12467;1490;364295;143159;11.0;4.3
28;2021-03-24;13236;1580;377531;144739;11.4;4.4
28;2021-03-25;17598;1786;395129;146525;12.0;4.4
28;2021-03-26;20795;1847;415924;148372;12.6;4.5
28;2021-03-27;11478;1114;427402;149486;12.9;4.5
28;2021-03-28;2964;84;430366;149570;13.0;4.5
28;2021-03-29;11750;2948;442116;152518;13.4;4.6
28;2021-03-30;14398;3050;456514;155568;13.8;4.7
28;2021-03-31;14356;3546;470870;159114;14.3;4.8
28;2021-04-01;17980;5519;488850;164633;14.8;5.0
28;2021-04-02;16779;6363;505629;170996;15.3;5.2
28;2021-04-03;6994;3955;512623;174951;15.5;5.3
28;2021-04-04;1776;794;514399;175745;15.6;5.3
28;2021-04-05;3287;734;517686;176479;15.7;5.3
28;2021-04-06;10795;7360;528481;183839;16.0;5.6
28;2021-04-07;12674;6932;541155;190771;16.4;5.8
28;2021-04-08;17635;7515;558790;198286;16.9;6.0
28;2021-04-09;23788;7809;582578;206095;17.6;6.2
28;2021-04-10;13816;4110;596394;210205;18.1;6.4
28;2021-04-11;3026;1192;599420;211397;18.1;6.4
28;2021-04-12;13758;8017;613178;219414;18.6;6.6
28;2021-04-13;16166;8025;629344;227439;19.1;6.9
28;2021-04-14;14282;7999;643626;235438;19.5;7.1
28;2021-04-15;17206;8378;660832;243816;20.0;7.4
28;2021-04-16;20214;7800;681046;251616;20.6;7.6
28;2021-04-17;12730;5010;693776;256626;21.0;7.8
28;2021-04-18;2289;1238;696065;257864;21.1;7.8
28;2021-04-19;10859;8863;706924;266727;21.4;8.1
28;2021-04-20;13890;9756;720814;276483;21.8;8.4
28;2021-04-21;13273;9982;734087;286465;22.2;8.7
28;2021-04-22;15270;11884;749357;298349;22.7;9.0
28;2021-04-23;16417;12302;765774;310651;23.2;9.4
28;2021-04-24;12574;7249;778348;317900;23.6;9.6
28;2021-04-25;3291;1905;781639;319805;23.7;9.7
28;2021-04-26;12531;10176;794170;329981;24.0;10.0
28;2021-04-27;14845;11732;809015;341713;24.5;10.3
28;2021-04-28;15042;10693;824057;352406;24.9;10.7
28;2021-04-29;18430;11744;842487;364150;25.5;11.0
28;2021-04-30;20366;11871;862853;376021;26.1;11.4
28;2021-05-01;12803;2962;875656;378983;26.5;11.5
28;2021-05-02;5983;1831;881639;380814;26.7;11.5
28;2021-05-03;12832;9980;894471;390794;27.1;11.8
28;2021-05-04;13754;13113;908225;403907;27.5;12.2
28;2021-05-05;13912;14442;922137;418349;27.9;12.7
28;2021-05-06;18271;15074;940408;433423;28.5;13.1
28;2021-05-07;17778;17359;958186;450782;29.0;13.6
28;2021-05-08;12180;4667;970366;455449;29.4;13.8
28;2021-05-09;7122;1813;977488;457262;29.6;13.8
28;2021-05-10;14105;14777;991593;472039;30.0;14.3
28;2021-05-11;18036;15307;1009629;487346;30.6;14.8
28;2021-05-12;18667;13932;1028296;501278;31.1;15.2
28;2021-05-13;19597;3692;1047893;504970;31.7;15.3
28;2021-05-14;26267;12482;1074160;517452;32.5;15.7
28;2021-05-15;26856;7049;1101016;524501;33.3;15.9
28;2021-05-16;14098;1556;1115114;526057;33.8;15.9
28;2021-05-17;16133;9401;1131247;535458;34.2;16.2
28;2021-05-18;20979;8740;1152226;544198;34.9;16.5
28;2021-05-19;20839;8444;1173065;552642;35.5;16.7
28;2021-05-20;23053;9624;1196118;562266;36.2;17.0
28;2021-05-21;21346;12054;1217464;574320;36.9;17.4
28;2021-05-22;17527;5954;1234991;580274;37.4;17.6
28;2021-05-23;9103;914;1244094;581188;37.7;17.6
28;2021-05-24;13386;3156;1257480;584344;38.1;17.7
28;2021-05-25;19094;11571;1276574;595915;38.6;18.0
28;2021-05-26;19208;9985;1295782;605900;39.2;18.3
28;2021-05-27;21681;12351;1317463;618251;39.9;18.7
28;2021-05-28;21547;16488;1339010;634739;40.5;19.2
28;2021-05-29;17539;10148;1356549;644887;41.1;19.5
28;2021-05-30;6264;1261;1362813;646148;41.3;19.6
28;2021-05-31;19810;11916;1382623;658064;41.9;19.9
28;2021-06-01;23664;13815;1406287;671879;42.6;20.3
28;2021-06-02;20706;12293;1426993;684172;43.2;20.7
28;2021-06-03;26425;14640;1453418;698812;44.0;21.2
28;2021-06-04;24486;18891;1477904;717703;44.7;21.7
28;2021-06-05;18160;12044;1496064;729747;45.3;22.1
28;2021-06-06;7464;2394;1503528;732141;45.5;22.2
28;2021-06-07;19203;14148;1522731;746289;46.1;22.6
28;2021-06-08;27135;11195;1549866;757484;46.9;22.9
28;2021-06-09;19823;14429;1569689;771913;47.5;23.4
28;2021-06-10;21277;14574;1590966;786487;48.2;23.8
28;2021-06-11;20905;21079;1611871;807566;48.8;24.4
28;2021-06-12;17863;17087;1629734;824653;49.3;25.0
28;2021-06-13;6325;5857;1636059;830510;49.5;25.1
32;2020-12-27;1;0;1;0;0.0;0.0
32;2020-12-28;26;0;27;0;0.0;0.0
32;2020-12-29;12;0;39;0;0.0;0.0
32;2020-12-30;0;0;39;0;0.0;0.0
32;2020-12-31;0;0;39;0;0.0;0.0
32;2021-01-01;1;0;40;0;0.0;0.0
32;2021-01-02;6;0;46;0;0.0;0.0
32;2021-01-03;4;0;50;0;0.0;0.0
32;2021-01-04;82;0;132;0;0.0;0.0
32;2021-01-05;300;0;432;0;0.0;0.0
32;2021-01-06;786;2;1218;2;0.0;0.0
32;2021-01-07;2431;3;3649;5;0.1;0.0
32;2021-01-08;3162;9;6811;14;0.1;0.0
32;2021-01-09;957;3;7768;17;0.1;0.0
32;2021-01-10;639;0;8407;17;0.1;0.0
32;2021-01-11;3266;6;11673;23;0.2;0.0
32;2021-01-12;5000;6;16673;29;0.3;0.0
32;2021-01-13;4938;9;21611;38;0.4;0.0
32;2021-01-14;5721;44;27332;82;0.5;0.0
32;2021-01-15;5218;21;32550;103;0.5;0.0
32;2021-01-16;1637;10;34187;113;0.6;0.0
32;2021-01-17;859;4;35046;117;0.6;0.0
32;2021-01-18;7229;20;42275;137;0.7;0.0
32;2021-01-19;9892;34;52167;171;0.9;0.0
32;2021-01-20;10341;28;62508;199;1.0;0.0
32;2021-01-21;12694;41;75202;240;1.3;0.0
32;2021-01-22;9868;22;85070;262;1.4;0.0
32;2021-01-23;3408;4;88478;266;1.5;0.0
32;2021-01-24;1119;2;89597;268;1.5;0.0
32;2021-01-25;6863;80;96460;348;1.6;0.0
32;2021-01-26;7445;178;103905;526;1.7;0.0
32;2021-01-27;4828;511;108733;1037;1.8;0.0
32;2021-01-28;8562;1686;117295;2723;2.0;0.0
32;2021-01-29;5369;1856;122664;4579;2.1;0.1
32;2021-01-30;534;413;123198;4992;2.1;0.1
32;2021-01-31;67;74;123265;5066;2.1;0.1
32;2021-02-01;191;1815;123456;6881;2.1;0.1
32;2021-02-02;786;3170;124242;10051;2.1;0.2
32;2021-02-03;4069;3190;128311;13241;2.2;0.2
32;2021-02-04;3683;3619;131994;16860;2.2;0.3
32;2021-02-05;1962;3279;133956;20139;2.2;0.3
32;2021-02-06;516;874;134472;21013;2.3;0.4
32;2021-02-07;539;96;135011;21109;2.3;0.4
32;2021-02-08;1866;3683;136877;24792;2.3;0.4
32;2021-02-09;2550;4368;139427;29160;2.3;0.5
32;2021-02-10;2983;5345;142410;34505;2.4;0.6
32;2021-02-11;4772;6188;147182;40693;2.5;0.7
32;2021-02-12;5085;4657;152267;45350;2.6;0.8
32;2021-02-13;938;1893;153205;47243;2.6;0.8
32;2021-02-14;116;711;153321;47954;2.6;0.8
32;2021-02-15;3612;6920;156933;54874;2.6;0.9
32;2021-02-16;4027;8233;160960;63107;2.7;1.1
32;2021-02-17;4279;8681;165239;71788;2.8;1.2
32;2021-02-18;7020;11424;172259;83212;2.9;1.4
32;2021-02-19;7079;8299;179338;91511;3.0;1.5
32;2021-02-20;2515;3014;181853;94525;3.0;1.6
32;2021-02-21;434;489;182287;95014;3.1;1.6
32;2021-02-22;3260;5330;185547;100344;3.1;1.7
32;2021-02-23;5500;5914;191047;106258;3.2;1.8
32;2021-02-24;7440;6049;198487;112307;3.3;1.9
32;2021-02-25;12822;5001;211309;117308;3.5;2.0
32;2021-02-26;12534;2868;223843;120176;3.8;2.0
32;2021-02-27;6482;299;230325;120475;3.9;2.0
32;2021-02-28;363;134;230688;120609;3.9;2.0
32;2021-03-01;7241;846;237929;121455;4.0;2.0
32;2021-03-02;10958;975;248887;122430;4.2;2.1
32;2021-03-03;11972;1714;260859;124144;4.4;2.1
32;2021-03-04;15087;2411;275946;126555;4.6;2.1
32;2021-03-05;17113;2080;293059;128635;4.9;2.2
32;2021-03-06;28063;998;321122;129633;5.4;2.2
32;2021-03-07;19861;465;340983;130098;5.7;2.2
32;2021-03-08;8910;2547;349893;132645;5.9;2.2
32;2021-03-09;14277;3277;364170;135922;6.1;2.3
32;2021-03-10;15738;3185;379908;139107;6.4;2.3
32;2021-03-11;20906;4659;400814;143766;6.7;2.4
32;2021-03-12;26035;4159;426849;147925;7.2;2.5
32;2021-03-13;41551;1935;468400;149860;7.9;2.5
32;2021-03-14;20094;550;488494;150410;8.2;2.5
32;2021-03-15;12999;3567;501493;153977;8.4;2.6
32;2021-03-16;9759;3469;511252;157446;8.6;2.6
32;2021-03-17;9688;4117;520940;161563;8.7;2.7
32;2021-03-18;10011;5020;530951;166583;8.9;2.8
32;2021-03-19;17930;3786;548881;170369;9.2;2.9
32;2021-03-20;36449;1916;585330;172285;9.8;2.9
32;2021-03-21;19832;747;605162;173032;10.1;2.9
32;2021-03-22;12124;4264;617286;177296;10.4;3.0
32;2021-03-23;18893;5892;636179;183188;10.7;3.1
32;2021-03-24;17870;6117;654049;189305;11.0;3.2
32;2021-03-25;25242;5659;679291;194964;11.4;3.3
32;2021-03-26;28958;5842;708249;200806;11.9;3.4
32;2021-03-27;36612;2086;744861;202892;12.5;3.4
32;2021-03-28;18634;584;763495;203476;12.8;3.4
32;2021-03-29;14559;7019;778054;210495;13.0;3.5
32;2021-03-30;18849;8624;796903;219119;13.4;3.7
32;2021-03-31;15747;9261;812650;228380;13.6;3.8
32;2021-04-01;18177;10995;830827;239375;13.9;4.0
32;2021-04-02;19925;12518;850752;251893;14.3;4.2
32;2021-04-03;29998;10112;880750;262005;14.8;4.4
32;2021-04-04;11647;4702;892397;266707;15.0;4.5
32;2021-04-05;9585;2305;901982;269012;15.1;4.5
32;2021-04-06;14234;10846;916216;279858;15.4;4.7
32;2021-04-07;18021;12499;934237;292357;15.7;4.9
32;2021-04-08;23448;12904;957685;305261;16.1;5.1
32;2021-04-09;29829;13049;987514;318310;16.6;5.3
32;2021-04-10;26048;18727;1013562;337037;17.0;5.7
32;2021-04-11;9129;11986;1022691;349023;17.2;5.9
32;2021-04-12;15372;9470;1038063;358493;17.4;6.0
32;2021-04-13;21762;11509;1059825;370002;17.8;6.2
32;2021-04-14;22411;11080;1082236;381082;18.2;6.4
32;2021-04-15;25672;11069;1107908;392151;18.6;6.6
32;2021-04-16;25243;12378;1133151;404529;19.0;6.8
32;2021-04-17;17897;22943;1151048;427472;19.3;7.2
32;2021-04-18;6388;14025;1157436;441497;19.4;7.4
32;2021-04-19;11630;9776;1169066;451273;19.6;7.6
32;2021-04-20;16397;12266;1185463;463539;19.9;7.8
32;2021-04-21;15768;12539;1201231;476078;20.1;8.0
32;2021-04-22;18994;14953;1220225;491031;20.5;8.2
32;2021-04-23;19608;15924;1239833;506955;20.8;8.5
32;2021-04-24;15418;20994;1255251;527949;21.1;8.9
32;2021-04-25;6947;12281;1262198;540230;21.2;9.1
32;2021-04-26;13202;10688;1275400;550918;21.4;9.2
32;2021-04-27;18668;14082;1294068;565000;21.7;9.5
32;2021-04-28;20148;15994;1314216;580994;22.0;9.7
32;2021-04-29;22367;19878;1336583;600872;22.4;10.1
32;2021-04-30;24965;21518;1361548;622390;22.8;10.4
32;2021-05-01;23017;13892;1384565;636282;23.2;10.7
32;2021-05-02;20938;10294;1405503;646576;23.6;10.8
32;2021-05-03;21908;11221;1427411;657797;23.9;11.0
32;2021-05-04;23737;16219;1451148;674016;24.3;11.3
32;2021-05-05;23884;17364;1475032;691380;24.7;11.6
32;2021-05-06;25682;19841;1500714;711221;25.2;11.9
32;2021-05-07;30670;21433;1531384;732654;25.7;12.3
32;2021-05-08;33279;8897;1564663;741551;26.2;12.4
32;2021-05-09;26700;6425;1591363;747976;26.7;12.5
32;2021-05-10;24074;16013;1615437;763989;27.1;12.8
32;2021-05-11;31214;18940;1646651;782929;27.6;13.1
32;2021-05-12;36946;18677;1683597;801606;28.2;13.4
32;2021-05-13;40417;7229;1724014;808835;28.9;13.6
32;2021-05-14;41665;14515;1765679;823350;29.6;13.8
32;2021-05-15;59460;12021;1825139;835371;30.6;14.0
32;2021-05-16;47747;4741;1872886;840112;31.4;14.1
32;2021-05-17;31369;10872;1904255;850984;31.9;14.3
32;2021-05-18;36473;12401;1940728;863385;32.5;14.5
32;2021-05-19;38696;11480;1979424;874865;33.2;14.7
32;2021-05-20;39655;14853;2019079;889718;33.9;14.9
32;2021-05-21;42234;16890;2061313;906608;34.6;15.2
32;2021-05-22;57626;12994;2118939;919602;35.5;15.4
32;2021-05-23;38849;4344;2157788;923946;36.2;15.5
32;2021-05-24;28411;3802;2186199;927748;36.7;15.6
32;2021-05-25;31019;14826;2217218;942574;37.2;15.8
32;2021-05-26;33912;16714;2251130;959288;37.8;16.1
32;2021-05-27;34553;20619;2285683;979907;38.3;16.4
32;2021-05-28;34217;25114;2319900;1005021;38.9;16.9
32;2021-05-29;37366;19564;2357266;1024585;39.5;17.2
32;2021-05-30;16076;3500;2373342;1028085;39.8;17.2
32;2021-05-31;27859;16483;2401201;1044568;40.3;17.5
32;2021-06-01;32707;23965;2433908;1068533;40.8;17.9
32;2021-06-02;32097;21590;2466005;1090123;41.4;18.3
32;2021-06-03;34243;25002;2500248;1115125;41.9;18.7
32;2021-06-04;35797;27659;2536045;1142784;42.5;19.2
32;2021-06-05;34283;22714;2570328;1165498;43.1;19.5
32;2021-06-06;16503;5687;2586831;1171185;43.4;19.6
32;2021-06-07;21153;19298;2607984;1190483;43.7;20.0
32;2021-06-08;26544;24331;2634528;1214814;44.2;20.4
32;2021-06-09;31261;17223;2665789;1232037;44.7;20.7
32;2021-06-10;32370;18661;2698159;1250698;45.3;21.0
32;2021-06-11;26155;35930;2724314;1286628;45.7;21.6
32;2021-06-12;25846;31413;2750160;1318041;46.1;22.1
32;2021-06-13;11784;14759;2761944;1332800;46.3;22.4
44;2020-12-27;0;0;0;0;0.0;0.0
44;2020-12-28;0;0;0;0;0.0;0.0
44;2020-12-29;0;0;0;0;0.0;0.0
44;2020-12-30;0;0;0;0;0.0;0.0
44;2020-12-31;11;0;11;0;0.0;0.0
44;2021-01-01;1;0;12;0;0.0;0.0
44;2021-01-02;3;0;15;0;0.0;0.0
44;2021-01-03;3;0;18;0;0.0;0.0
44;2021-01-04;243;0;261;0;0.0;0.0
44;2021-01-05;769;0;1030;0;0.0;0.0
44;2021-01-06;1242;2;2272;2;0.0;0.0
44;2021-01-07;2422;3;4694;5;0.1;0.0
44;2021-01-08;3130;7;7824;12;0.1;0.0
44;2021-01-09;938;1;8762;13;0.2;0.0
44;2021-01-10;234;0;8996;13;0.2;0.0
44;2021-01-11;2977;8;11973;21;0.2;0.0
44;2021-01-12;5273;6;17246;27;0.3;0.0
44;2021-01-13;7660;18;24906;45;0.5;0.0
44;2021-01-14;9539;81;34445;126;0.6;0.0
44;2021-01-15;6693;27;41138;153;0.7;0.0
44;2021-01-16;1917;9;43055;162;0.8;0.0
44;2021-01-17;902;1;43957;163;0.8;0.0
44;2021-01-18;8709;25;52666;188;1.0;0.0
44;2021-01-19;10650;16;63316;204;1.1;0.0
44;2021-01-20;11024;42;74340;246;1.3;0.0
44;2021-01-21;11722;23;86062;269;1.6;0.0
44;2021-01-22;9631;26;95693;295;1.7;0.0
44;2021-01-23;3286;20;98979;315;1.8;0.0
44;2021-01-24;1567;3;100546;318;1.8;0.0
44;2021-01-25;6617;302;107163;620;1.9;0.0
44;2021-01-26;5641;434;112804;1054;2.0;0.0
44;2021-01-27;7372;599;120176;1653;2.2;0.0
44;2021-01-28;8791;1247;128967;2900;2.3;0.1
44;2021-01-29;6756;1798;135723;4698;2.5;0.1
44;2021-01-30;2547;494;138270;5192;2.5;0.1
44;2021-01-31;1250;54;139520;5246;2.5;0.1
44;2021-02-01;6374;2381;145894;7627;2.6;0.1
44;2021-02-02;6214;3811;152108;11438;2.8;0.2
44;2021-02-03;5593;4547;157701;15985;2.9;0.3
44;2021-02-04;6436;6968;164137;22953;3.0;0.4
44;2021-02-05;6387;5235;170524;28188;3.1;0.5
44;2021-02-06;1972;1207;172496;29395;3.1;0.5
44;2021-02-07;406;593;172902;29988;3.1;0.5
44;2021-02-08;3821;4468;176723;34456;3.2;0.6
44;2021-02-09;5715;5835;182438;40291;3.3;0.7
44;2021-02-10;6249;6040;188687;46331;3.4;0.8
44;2021-02-11;7048;6562;195735;52893;3.6;1.0
44;2021-02-12;7276;5544;203011;58437;3.7;1.1
44;2021-02-13;2543;1255;205554;59692;3.7;1.1
44;2021-02-14;1612;824;207166;60516;3.8;1.1
44;2021-02-15;3997;7207;211163;67723;3.8;1.2
44;2021-02-16;4563;7976;215726;75699;3.9;1.4
44;2021-02-17;4704;8539;220430;84238;4.0;1.5
44;2021-02-18;6003;9268;226433;93506;4.1;1.7
44;2021-02-19;5538;7495;231971;101001;4.2;1.8
44;2021-02-20;2337;2843;234308;103844;4.3;1.9
44;2021-02-21;541;1399;234849;105243;4.3;1.9
44;2021-02-22;4484;7027;239333;112270;4.3;2.0
44;2021-02-23;6027;7255;245360;119525;4.5;2.2
44;2021-02-24;6600;5936;251960;125461;4.6;2.3
44;2021-02-25;10510;7554;262470;133015;4.8;2.4
44;2021-02-26;12361;6324;274831;139339;5.0;2.5
44;2021-02-27;7886;2158;282717;141497;5.1;2.6
44;2021-02-28;2116;519;284833;142016;5.2;2.6
44;2021-03-01;6077;4662;290910;146678;5.3;2.7
44;2021-03-02;9385;5648;300295;152326;5.4;2.8
44;2021-03-03;11262;5570;311557;157896;5.7;2.9
44;2021-03-04;13250;5759;324807;163655;5.9;3.0
44;2021-03-05;17864;5655;342671;169310;6.2;3.1
44;2021-03-06;21321;2126;363992;171436;6.6;3.1
44;2021-03-07;12194;719;376186;172155;6.8;3.1
44;2021-03-08;9397;4249;385583;176404;7.0;3.2
44;2021-03-09;15176;4926;400759;181330;7.3;3.3
44;2021-03-10;16591;5148;417350;186478;7.6;3.4
44;2021-03-11;20330;5619;437680;192097;7.9;3.5
44;2021-03-12;26769;5461;464449;197558;8.4;3.6
44;2021-03-13;24157;2362;488606;199920;8.9;3.6
44;2021-03-14;6759;869;495365;200789;9.0;3.6
44;2021-03-15;12949;3450;508314;204239;9.2;3.7
44;2021-03-16;12824;3967;521138;208206;9.5;3.8
44;2021-03-17;14183;3622;535321;211828;9.7;3.8
44;2021-03-18;15391;3746;550712;215574;10.0;3.9
44;2021-03-19;21392;3854;572104;219428;10.4;4.0
44;2021-03-20;15538;1919;587642;221347;10.7;4.0
44;2021-03-21;4617;278;592259;221625;10.7;4.0
44;2021-03-22;12510;3890;604769;225515;11.0;4.1
44;2021-03-23;19385;5043;624154;230558;11.3;4.2
44;2021-03-24;22033;5138;646187;235696;11.7;4.3
44;2021-03-25;28155;5709;674342;241405;12.2;4.4
44;2021-03-26;30299;5420;704641;246825;12.8;4.5
44;2021-03-27;16171;4650;720812;251475;13.1;4.6
44;2021-03-28;4077;1969;724889;253444;13.2;4.6
44;2021-03-29;14292;6089;739181;259533;13.4;4.7
44;2021-03-30;21369;7752;760550;267285;13.8;4.8
44;2021-03-31;20079;7966;780629;275251;14.2;5.0
44;2021-04-01;23503;9295;804132;284546;14.6;5.2
44;2021-04-02;16216;6855;820348;291401;14.9;5.3
44;2021-04-03;10178;5755;830526;297156;15.1;5.4
44;2021-04-04;3129;1647;833655;298803;15.1;5.4
44;2021-04-05;4423;1403;838078;300206;15.2;5.4
44;2021-04-06;13403;10528;851481;310734;15.4;5.6
44;2021-04-07;17617;12068;869098;322802;15.8;5.9
44;2021-04-08;25956;12338;895054;335140;16.2;6.1
44;2021-04-09;32164;12651;927218;347791;16.8;6.3
44;2021-04-10;18209;10007;945427;357798;17.2;6.5
44;2021-04-11;3027;5961;948454;363759;17.2;6.6
44;2021-04-12;16941;11205;965395;374964;17.5;6.8
44;2021-04-13;21933;13728;987328;388692;17.9;7.1
44;2021-04-14;23047;14024;1010375;402716;18.3;7.3
44;2021-04-15;26216;15306;1036591;418022;18.8;7.6
44;2021-04-16;28050;15147;1064641;433169;19.3;7.9
44;2021-04-17;19790;8995;1084431;442164;19.7;8.0
44;2021-04-18;5044;4621;1089475;446785;19.8;8.1
44;2021-04-19;16915;11706;1106390;458491;20.1;8.3
44;2021-04-20;19070;14254;1125460;472745;20.4;8.6
44;2021-04-21;21104;14910;1146564;487655;20.8;8.8
44;2021-04-22;23663;15829;1170227;503484;21.2;9.1
44;2021-04-23;27761;16500;1197988;519984;21.7;9.4
44;2021-04-24;16956;9126;1214944;529110;22.0;9.6
44;2021-04-25;4818;3554;1219762;532664;22.1;9.7
44;2021-04-26;16687;11986;1236449;544650;22.4;9.9
44;2021-04-27;21134;14584;1257583;559234;22.8;10.1
44;2021-04-28;23750;14742;1281333;573976;23.2;10.4
44;2021-04-29;28095;16879;1309428;590855;23.8;10.7
44;2021-04-30;33082;15939;1342510;606794;24.4;11.0
44;2021-05-01;14839;6986;1357349;613780;24.6;11.1
44;2021-05-02;7889;3982;1365238;617762;24.8;11.2
44;2021-05-03;23947;12305;1389185;630067;25.2;11.4
44;2021-05-04;26881;17203;1416066;647270;25.7;11.7
44;2021-05-05;30670;19052;1446736;666322;26.2;12.1
44;2021-05-06;37808;20969;1484544;687291;26.9;12.5
44;2021-05-07;35995;24697;1520539;711988;27.6;12.9
44;2021-05-08;18746;6606;1539285;718594;27.9;13.0
44;2021-05-09;11060;2868;1550345;721462;28.1;13.1
44;2021-05-10;24171;20658;1574516;742120;28.6;13.5
44;2021-05-11;34159;22779;1608675;764899;29.2;13.9
44;2021-05-12;36723;23860;1645398;788759;29.9;14.3
44;2021-05-13;27739;6306;1673137;795065;30.4;14.4
44;2021-05-14;43950;18705;1717087;813770;31.2;14.8
44;2021-05-15;33854;13996;1750941;827766;31.8;15.0
44;2021-05-16;15518;3468;1766459;831234;32.0;15.1
44;2021-05-17;27030;14422;1793489;845656;32.5;15.3
44;2021-05-18;34948;15162;1828437;860818;33.2;15.6
44;2021-05-19;36716;16250;1865153;877068;33.8;15.9
44;2021-05-20;40607;16323;1905760;893391;34.6;16.2
44;2021-05-21;42676;20782;1948436;914173;35.4;16.6
44;2021-05-22;27615;11497;1976051;925670;35.9;16.8
44;2021-05-23;8642;1705;1984693;927375;36.0;16.8
44;2021-05-24;17855;4617;2002548;931992;36.3;16.9
44;2021-05-25;30111;17523;2032659;949515;36.9;17.2
44;2021-05-26;32248;19411;2064907;968926;37.5;17.6
44;2021-05-27;34464;20754;2099371;989680;38.1;18.0
44;2021-05-28;37401;27708;2136772;1017388;38.8;18.5
44;2021-05-29;26719;20068;2163491;1037456;39.3;18.8
44;2021-05-30;6111;4203;2169602;1041659;39.4;18.9
44;2021-05-31;26939;19622;2196541;1061281;39.9;19.3
44;2021-06-01;31425;22815;2227966;1084096;40.4;19.7
44;2021-06-02;33425;22825;2261391;1106921;41.0;20.1
44;2021-06-03;34473;25188;2295864;1132109;41.7;20.5
44;2021-06-04;39837;32074;2335701;1164183;42.4;21.1
44;2021-06-05;22871;20056;2358572;1184239;42.8;21.5
44;2021-06-06;8296;4446;2366868;1188685;42.9;21.6
44;2021-06-07;27861;21974;2394729;1210659;43.4;22.0
44;2021-06-08;33317;26630;2428046;1237289;44.1;22.4
44;2021-06-09;42047;18022;2470093;1255311;44.8;22.8
44;2021-06-10;41203;18440;2511296;1273751;45.6;23.1
44;2021-06-11;31900;35217;2543196;1308968;46.1;23.7
44;2021-06-12;25451;23329;2568647;1332297;46.6;24.2
44;2021-06-13;6738;6039;2575385;1338336;46.7;24.3
52;2020-12-27;0;0;0;0;0.0;0.0
52;2020-12-28;1;0;1;0;0.0;0.0
52;2020-12-29;0;0;1;0;0.0;0.0
52;2020-12-30;0;0;1;0;0.0;0.0
52;2020-12-31;0;0;1;0;0.0;0.0
52;2021-01-01;5;0;6;0;0.0;0.0
52;2021-01-02;1;0;7;0;0.0;0.0
52;2021-01-03;1;0;8;0;0.0;0.0
52;2021-01-04;34;0;42;0;0.0;0.0
52;2021-01-05;168;0;210;0;0.0;0.0
52;2021-01-06;384;1;594;1;0.0;0.0
52;2021-01-07;963;0;1557;1;0.0;0.0
52;2021-01-08;1664;2;3221;3;0.1;0.0
52;2021-01-09;1049;1;4270;4;0.1;0.0
52;2021-01-10;643;1;4913;5;0.1;0.0
52;2021-01-11;2197;0;7110;5;0.2;0.0
52;2021-01-12;3167;4;10277;9;0.3;0.0
52;2021-01-13;2984;3;13261;12;0.3;0.0
52;2021-01-14;3302;24;16563;36;0.4;0.0
52;2021-01-15;3013;9;19576;45;0.5;0.0
52;2021-01-16;894;5;20470;50;0.5;0.0
52;2021-01-17;499;3;20969;53;0.6;0.0
52;2021-01-18;3198;6;24167;59;0.6;0.0
52;2021-01-19;6553;7;30720;66;0.8;0.0
52;2021-01-20;8328;10;39048;76;1.0;0.0
52;2021-01-21;12166;10;51214;86;1.3;0.0
52;2021-01-22;7272;26;58486;112;1.5;0.0
52;2021-01-23;1678;4;60164;116;1.6;0.0
52;2021-01-24;174;0;60338;116;1.6;0.0
52;2021-01-25;3006;10;63344;126;1.7;0.0
52;2021-01-26;6734;152;70078;278;1.8;0.0
52;2021-01-27;7284;150;77362;428;2.0;0.0
52;2021-01-28;9725;462;87087;890;2.3;0.0
52;2021-01-29;5957;909;93044;1799;2.4;0.0
52;2021-01-30;1258;271;94302;2070;2.5;0.1
52;2021-01-31;79;314;94381;2384;2.5;0.1
52;2021-02-01;2521;1191;96902;3575;2.5;0.1
52;2021-02-02;2970;1859;99872;5434;2.6;0.1
52;2021-02-03;2685;2161;102557;7595;2.7;0.2
52;2021-02-04;2961;2115;105518;9710;2.8;0.3
52;2021-02-05;2965;2206;108483;11916;2.9;0.3
52;2021-02-06;1075;661;109558;12577;2.9;0.3
52;2021-02-07;151;297;109709;12874;2.9;0.3
52;2021-02-08;1930;2116;111639;14990;2.9;0.4
52;2021-02-09;3175;3716;114814;18706;3.0;0.5
52;2021-02-10;3319;4762;118133;23468;3.1;0.6
52;2021-02-11;6099;9295;124232;32763;3.3;0.9
52;2021-02-12;4704;5145;128936;37908;3.4;1.0
52;2021-02-13;1151;1243;130087;39151;3.4;1.0
52;2021-02-14;22;541;130109;39692;3.4;1.0
52;2021-02-15;2030;3533;132139;43225;3.5;1.1
52;2021-02-16;4111;6755;136250;49980;3.6;1.3
52;2021-02-17;3853;6947;140103;56927;3.7;1.5
52;2021-02-18;6136;9279;146239;66206;3.8;1.7
52;2021-02-19;5328;5825;151567;72031;4.0;1.9
52;2021-02-20;1027;1475;152594;73506;4.0;1.9
52;2021-02-21;6;274;152600;73780;4.0;1.9
52;2021-02-22;2630;3489;155230;77269;4.1;2.0
52;2021-02-23;3424;3699;158654;80968;4.2;2.1
52;2021-02-24;3292;3038;161946;84006;4.3;2.2
52;2021-02-25;6342;3212;168288;87218;4.4;2.3
52;2021-02-26;6201;2922;174489;90140;4.6;2.4
52;2021-02-27;2216;1044;176705;91184;4.6;2.4
52;2021-02-28;76;88;176781;91272;4.6;2.4
52;2021-03-01;3112;2328;179893;93600;4.7;2.5
52;2021-03-02;4722;3434;184615;97034;4.9;2.6
52;2021-03-03;5277;3406;189892;100440;5.0;2.6
52;2021-03-04;7785;4767;197677;105207;5.2;2.8
52;2021-03-05;9005;3921;206682;109128;5.4;2.9
52;2021-03-06;5635;1142;212317;110270;5.6;2.9
52;2021-03-07;2661;129;214978;110399;5.7;2.9
52;2021-03-08;5835;2419;220813;112818;5.8;3.0
52;2021-03-09;9544;3316;230357;116134;6.1;3.1
52;2021-03-10;9377;3387;239734;119521;6.3;3.1
52;2021-03-11;13567;5026;253301;124547;6.7;3.3
52;2021-03-12;15325;3737;268626;128284;7.1;3.4
52;2021-03-13;8272;753;276898;129037;7.3;3.4
52;2021-03-14;624;72;277522;129109;7.3;3.4
52;2021-03-15;8831;1914;286353;131023;7.5;3.4
52;2021-03-16;7571;2614;293924;133637;7.7;3.5
52;2021-03-17;6439;2379;300363;136016;7.9;3.6
52;2021-03-18;8299;2510;308662;138526;8.1;3.6
52;2021-03-19;11872;2123;320534;140649;8.4;3.7
52;2021-03-20;7083;749;327617;141398;8.6;3.7
52;2021-03-21;1688;46;329305;141444;8.7;3.7
52;2021-03-22;9000;2003;338305;143447;8.9;3.8
52;2021-03-23;13154;2585;351459;146032;9.2;3.8
52;2021-03-24;13244;2021;364703;148053;9.6;3.9
52;2021-03-25;18141;2785;382844;150838;10.1;4.0
52;2021-03-26;18880;2359;401724;153197;10.6;4.0
52;2021-03-27;7534;645;409258;153842;10.8;4.0
52;2021-03-28;2193;66;411451;153908;10.8;4.0
52;2021-03-29;10951;2710;422402;156618;11.1;4.1
52;2021-03-30;15648;3592;438050;160210;11.5;4.2
52;2021-03-31;13674;3235;451724;163445;11.9;4.3
52;2021-04-01;18853;3664;470577;167109;12.4;4.4
52;2021-04-02;17060;3490;487637;170599;12.8;4.5
52;2021-04-03;5511;1191;493148;171790;13.0;4.5
52;2021-04-04;1323;50;494471;171840;13.0;4.5
52;2021-04-05;1780;535;496251;172375;13.1;4.5
52;2021-04-06;11777;5233;508028;177608;13.4;4.7
52;2021-04-07;15178;5652;523206;183260;13.8;4.8
52;2021-04-08;21193;6363;544399;189623;14.3;5.0
52;2021-04-09;26579;5261;570978;194884;15.0;5.1
52;2021-04-10;10108;2352;581086;197236;15.3;5.2
52;2021-04-11;2566;433;583652;197669;15.4;5.2
52;2021-04-12;16326;6571;599978;204240;15.8;5.4
52;2021-04-13;20715;8143;620693;212383;16.3;5.6
52;2021-04-14;17630;6900;638323;219283;16.8;5.8
52;2021-04-15;21111;8001;659434;227284;17.3;6.0
52;2021-04-16;22569;7432;682003;234716;17.9;6.2
52;2021-04-17;9959;3023;691962;237739;18.2;6.3
52;2021-04-18;3036;1301;694998;239040;18.3;6.3
52;2021-04-19;14169;7803;709167;246843;18.7;6.5
52;2021-04-20;18255;9372;727422;256215;19.1;6.7
52;2021-04-21;15967;9138;743389;265353;19.6;7.0
52;2021-04-22;19387;10143;762776;275496;20.1;7.2
52;2021-04-23;20497;9946;783273;285442;20.6;7.5
52;2021-04-24;10008;4968;793281;290410;20.9;7.6
52;2021-04-25;3976;1940;797257;292350;21.0;7.7
52;2021-04-26;16813;9894;814070;302244;21.4;8.0
52;2021-04-27;21047;12527;835117;314771;22.0;8.3
52;2021-04-28;22749;10628;857866;325399;22.6;8.6
52;2021-04-29;24998;12645;882864;338044;23.2;8.9
52;2021-04-30;25628;12454;908492;350498;23.9;9.2
52;2021-05-01;8613;2470;917105;352968;24.1;9.3
52;2021-05-02;4297;1269;921402;354237;24.2;9.3
52;2021-05-03;19052;10598;940454;364835;24.7;9.6
52;2021-05-04;20033;14352;960487;379187;25.3;10.0
52;2021-05-05;20825;12745;981312;391932;25.8;10.3
52;2021-05-06;22434;13792;1003746;405724;26.4;10.7
52;2021-05-07;20651;17989;1024397;423713;26.9;11.1
52;2021-05-08;11096;2054;1035493;425767;27.2;11.2
52;2021-05-09;5386;2214;1040879;427981;27.4;11.3
52;2021-05-10;20613;17251;1061492;445232;27.9;11.7
52;2021-05-11;24808;19513;1086300;464745;28.6;12.2
52;2021-05-12;24582;17043;1110882;481788;29.2;12.7
52;2021-05-13;18543;2682;1129425;484470;29.7;12.7
52;2021-05-14;22656;12372;1152081;496842;30.3;13.1
52;2021-05-15;15613;5165;1167694;502007;30.7;13.2
52;2021-05-16;10270;1136;1177964;503143;31.0;13.2
52;2021-05-17;21070;14622;1199034;517765;31.5;13.6
52;2021-05-18;24644;14971;1223678;532736;32.2;14.0
52;2021-05-19;26675;11394;1250353;544130;32.9;14.3
52;2021-05-20;29248;11967;1279601;556097;33.7;14.6
52;2021-05-21;27298;13811;1306899;569908;34.4;15.0
52;2021-05-22;15402;4694;1322301;574602;34.8;15.1
52;2021-05-23;4470;1137;1326771;575739;34.9;15.1
52;2021-05-24;15985;2741;1342756;578480;35.3;15.2
52;2021-05-25;24405;14515;1367161;592995;36.0;15.6
52;2021-05-26;25117;12640;1392278;605635;36.6;15.9
52;2021-05-27;29043;14783;1421321;620418;37.4;16.3
52;2021-05-28;27888;17837;1449209;638255;38.1;16.8
52;2021-05-29;18305;7761;1467514;646016;38.6;17.0
52;2021-05-30;4229;1717;1471743;647733;38.7;17.0
52;2021-05-31;24387;15850;1496130;663583;39.4;17.5
52;2021-06-01;28791;17777;1524921;681360;40.1;17.9
52;2021-06-02;27385;15179;1552306;696539;40.8;18.3
52;2021-06-03;31691;16244;1583997;712783;41.7;18.7
52;2021-06-04;29189;20691;1613186;733474;42.4;19.3
52;2021-06-05;14524;11787;1627710;745261;42.8;19.6
52;2021-06-06;4770;3529;1632480;748790;42.9;19.7
52;2021-06-07;21690;20855;1654170;769645;43.5;20.2
52;2021-06-08;32446;16491;1686616;786136;44.4;20.7
52;2021-06-09;25732;18396;1712348;804532;45.0;21.2
52;2021-06-10;28698;17443;1741046;821975;45.8;21.6
52;2021-06-11;26880;24259;1767926;846234;46.5;22.3
52;2021-06-12;14543;11809;1782469;858043;46.9;22.6
52;2021-06-13;4379;4512;1786848;862555;47.0;22.7
53;2020-12-27;0;0;0;0;0.0;0.0
53;2020-12-28;0;0;0;0;0.0;0.0
53;2020-12-29;0;0;0;0;0.0;0.0
53;2020-12-30;0;0;0;0;0.0;0.0
53;2020-12-31;0;0;0;0;0.0;0.0
53;2021-01-01;3;0;3;0;0.0;0.0
53;2021-01-02;4;0;7;0;0.0;0.0
53;2021-01-03;0;0;7;0;0.0;0.0
53;2021-01-04;43;0;50;0;0.0;0.0
53;2021-01-05;200;0;250;0;0.0;0.0
53;2021-01-06;331;1;581;1;0.0;0.0
53;2021-01-07;834;0;1415;1;0.0;0.0
53;2021-01-08;1213;0;2628;1;0.1;0.0
53;2021-01-09;34;0;2662;1;0.1;0.0
53;2021-01-10;4;0;2666;1;0.1;0.0
53;2021-01-11;1661;3;4327;4;0.1;0.0
53;2021-01-12;3379;1;7706;5;0.2;0.0
53;2021-01-13;3354;4;11060;9;0.3;0.0
53;2021-01-14;3810;30;14870;39;0.4;0.0
53;2021-01-15;3298;15;18168;54;0.5;0.0
53;2021-01-16;683;4;18851;58;0.6;0.0
53;2021-01-17;180;1;19031;59;0.6;0.0
53;2021-01-18;3361;7;22392;66;0.7;0.0
53;2021-01-19;8164;4;30556;70;0.9;0.0
53;2021-01-20;7049;4;37605;74;1.1;0.0
53;2021-01-21;11463;5;49068;79;1.5;0.0
53;2021-01-22;7800;9;56868;88;1.7;0.0
53;2021-01-23;1492;2;58360;90;1.7;0.0
53;2021-01-24;255;1;58615;91;1.8;0.0
53;2021-01-25;3055;35;61670;126;1.8;0.0
53;2021-01-26;4111;232;65781;358;2.0;0.0
53;2021-01-27;7236;326;73017;684;2.2;0.0
53;2021-01-28;7132;638;80149;1322;2.4;0.0
53;2021-01-29;4230;730;84379;2052;2.5;0.1
53;2021-01-30;844;43;85223;2095;2.6;0.1
53;2021-01-31;79;3;85302;2098;2.6;0.1
53;2021-02-01;2209;1027;87511;3125;2.6;0.1
53;2021-02-02;3438;2014;90949;5139;2.7;0.2
53;2021-02-03;3173;2184;94122;7323;2.8;0.2
53;2021-02-04;7094;2271;101216;9594;3.0;0.3
53;2021-02-05;5584;2135;106800;11729;3.2;0.4
53;2021-02-06;1201;277;108001;12006;3.2;0.4
53;2021-02-07;214;132;108215;12138;3.2;0.4
53;2021-02-08;1651;1532;109866;13670;3.3;0.4
53;2021-02-09;3973;5255;113839;18925;3.4;0.6
53;2021-02-10;3791;4648;117630;23573;3.5;0.7
53;2021-02-11;5732;8790;123362;32363;3.7;1.0
53;2021-02-12;5658;5248;129020;37611;3.9;1.1
53;2021-02-13;1232;851;130252;38462;3.9;1.2
53;2021-02-14;25;348;130277;38810;3.9;1.2
53;2021-02-15;2325;3583;132602;42393;4.0;1.3
53;2021-02-16;4049;3542;136651;45935;4.1;1.4
53;2021-02-17;4073;5375;140724;51310;4.2;1.5
53;2021-02-18;5949;5738;146673;57048;4.4;1.7
53;2021-02-19;5354;4849;152027;61897;4.6;1.9
53;2021-02-20;1189;889;153216;62786;4.6;1.9
53;2021-02-21;165;218;153381;63004;4.6;1.9
53;2021-02-22;2318;2826;155699;65830;4.7;2.0
53;2021-02-23;3947;3673;159646;69503;4.8;2.1
53;2021-02-24;4467;3780;164113;73283;4.9;2.2
53;2021-02-25;7947;7140;172060;80423;5.2;2.4
53;2021-02-26;8676;4400;180736;84823;5.4;2.5
53;2021-02-27;3447;1104;184183;85927;5.5;2.6
53;2021-02-28;228;194;184411;86121;5.5;2.6
53;2021-03-01;3477;2264;187888;88385;5.6;2.6
53;2021-03-02;5617;4457;193505;92842;5.8;2.8
53;2021-03-03;6436;3784;199941;96626;6.0;2.9
53;2021-03-04;9277;4920;209218;101546;6.3;3.0
53;2021-03-05;11901;5213;221119;106759;6.6;3.2
53;2021-03-06;5630;1013;226749;107772;6.8;3.2
53;2021-03-07;913;145;227662;107917;6.8;3.2
53;2021-03-08;5162;2208;232824;110125;7.0;3.3
53;2021-03-09;9657;2925;242481;113050;7.3;3.4
53;2021-03-10;9273;3365;251754;116415;7.5;3.5
53;2021-03-11;14294;4043;266048;120458;8.0;3.6
53;2021-03-12;18591;3228;284639;123686;8.5;3.7
53;2021-03-13;8793;943;293432;124629;8.8;3.7
53;2021-03-14;811;50;294243;124679;8.8;3.7
53;2021-03-15;6881;2026;301124;126705;9.0;3.8
53;2021-03-16;6977;3404;308101;130109;9.2;3.9
53;2021-03-17;8226;2820;316327;132929;9.5;4.0
53;2021-03-18;8712;4656;325039;137585;9.7;4.1
53;2021-03-19;12989;3641;338028;141226;10.1;4.2
53;2021-03-20;7121;809;345149;142035;10.3;4.3
53;2021-03-21;381;32;345530;142067;10.3;4.3
53;2021-03-22;7328;2160;352858;144227;10.6;4.3
53;2021-03-23;12963;3662;365821;147889;11.0;4.4
53;2021-03-24;14363;3225;380184;151114;11.4;4.5
53;2021-03-25;18239;3359;398423;154473;11.9;4.6
53;2021-03-26;20268;3185;418691;157658;12.5;4.7
53;2021-03-27;7394;1012;426085;158670;12.8;4.8
53;2021-03-28;526;86;426611;158756;12.8;4.8
53;2021-03-29;9785;3161;436396;161917;13.1;4.8
53;2021-03-30;15288;4588;451684;166505;13.5;5.0
53;2021-03-31;14105;4257;465789;170762;13.9;5.1
53;2021-04-01;18161;4263;483950;175025;14.5;5.2
53;2021-04-02;17852;4344;501802;179369;15.0;5.4
53;2021-04-03;6414;1423;508216;180792;15.2;5.4
53;2021-04-04;412;32;508628;180824;15.2;5.4
53;2021-04-05;1226;334;509854;181158;15.3;5.4
53;2021-04-06;12510;5668;522364;186826;15.6;5.6
53;2021-04-07;15002;5331;537366;192157;16.1;5.8
53;2021-04-08;20577;6081;557943;198238;16.7;5.9
53;2021-04-09;26608;5552;584551;203790;17.5;6.1
53;2021-04-10;10312;1717;594863;205507;17.8;6.2
53;2021-04-11;813;213;595676;205720;17.8;6.2
53;2021-04-12;15817;4906;611493;210626;18.3;6.3
53;2021-04-13;22666;7215;634159;217841;19.0;6.5
53;2021-04-14;19327;7914;653486;225755;19.6;6.8
53;2021-04-15;25318;8046;678804;233801;20.3;7.0
53;2021-04-16;26148;7527;704952;241328;21.1;7.2
53;2021-04-17;10383;3570;715335;244898;21.4;7.3
53;2021-04-18;1033;148;716368;245046;21.4;7.3
53;2021-04-19;15397;6526;731765;251572;21.9;7.5
53;2021-04-20;16912;9506;748677;261078;22.4;7.8
53;2021-04-21;16734;9431;765411;270509;22.9;8.1
53;2021-04-22;21717;10161;787128;280670;23.6;8.4
53;2021-04-23;21630;10060;808758;290730;24.2;8.7
53;2021-04-24;9983;4160;818741;294890;24.5;8.8
53;2021-04-25;904;331;819645;295221;24.5;8.8
53;2021-04-26;18212;8467;837857;303688;25.1;9.1
53;2021-04-27;19850;12058;857707;315746;25.7;9.5
53;2021-04-28;19936;10796;877643;326542;26.3;9.8
53;2021-04-29;23527;12253;901170;338795;27.0;10.1
53;2021-04-30;23887;12425;925057;351220;27.7;10.5
53;2021-05-01;5114;1625;930171;352845;27.8;10.6
53;2021-05-02;2791;519;932962;353364;27.9;10.6
53;2021-05-03;15646;9366;948608;362730;28.4;10.9
53;2021-05-04;15505;15775;964113;378505;28.9;11.3
53;2021-05-05;14825;14671;978938;393176;29.3;11.8
53;2021-05-06;19198;17830;998136;411006;29.9;12.3
53;2021-05-07;18554;18209;1016690;429215;30.4;12.8
53;2021-05-08;5403;1117;1022093;430332;30.6;12.9
53;2021-05-09;3502;855;1025595;431187;30.7;12.9
53;2021-05-10;16465;15204;1042060;446391;31.2;13.4
53;2021-05-11;18512;18724;1060572;465115;31.8;13.9
53;2021-05-12;20985;15608;1081557;480723;32.4;14.4
53;2021-05-13;9002;3943;1090559;484666;32.6;14.5
53;2021-05-14;21633;13719;1112192;498385;33.3;14.9
53;2021-05-15;13365;5323;1125557;503708;33.7;15.1
53;2021-05-16;3213;873;1128770;504581;33.8;15.1
53;2021-05-17;18096;11152;1146866;515733;34.3;15.4
53;2021-05-18;20859;12373;1167725;528106;35.0;15.8
53;2021-05-19;21502;10610;1189227;538716;35.6;16.1
53;2021-05-20;23798;14707;1213025;553423;36.3;16.6
53;2021-05-21;22811;15227;1235836;568650;37.0;17.0
53;2021-05-22;13127;5834;1248963;574484;37.4;17.2
53;2021-05-23;2969;310;1251932;574794;37.5;17.2
53;2021-05-24;13923;2487;1265855;577281;37.9;17.3
53;2021-05-25;19903;12803;1285758;590084;38.5;17.7
53;2021-05-26;19229;13779;1304987;603863;39.1;18.1
53;2021-05-27;22018;17396;1327005;621259;39.7;18.6
53;2021-05-28;21732;20392;1348737;641651;40.4;19.2
53;2021-05-29;12132;7323;1360869;648974;40.7;19.4
53;2021-05-30;2303;472;1363172;649446;40.8;19.4
53;2021-05-31;20669;14078;1383841;663524;41.4;19.9
53;2021-06-01;22890;16465;1406731;679989;42.1;20.4
53;2021-06-02;21653;14209;1428384;694198;42.8;20.8
53;2021-06-03;25005;16835;1453389;711033;43.5;21.3
53;2021-06-04;23041;22546;1476430;733579;44.2;22.0
53;2021-06-05;17275;8979;1493705;742558;44.7;22.2
53;2021-06-06;4997;1320;1498702;743878;44.9;22.3
53;2021-06-07;18335;17780;1517037;761658;45.4;22.8
53;2021-06-08;23612;18023;1540649;779681;46.1;23.3
53;2021-06-09;27530;11879;1568179;791560;46.9;23.7
53;2021-06-10;31099;12345;1599278;803905;47.9;24.1
53;2021-06-11;26074;21388;1625352;825293;48.7;24.7
53;2021-06-12;18473;7478;1643825;832771;49.2;24.9
53;2021-06-13;7792;3114;1651617;835885;49.4;25.0
75;2020-12-27;1;0;1;0;0.0;0.0
75;2020-12-28;2;0;3;0;0.0;0.0
75;2020-12-29;3;0;6;0;0.0;0.0
75;2020-12-30;2;0;8;0;0.0;0.0
75;2020-12-31;0;0;8;0;0.0;0.0
75;2021-01-01;4;0;12;0;0.0;0.0
75;2021-01-02;2;0;14;0;0.0;0.0
75;2021-01-03;0;0;14;0;0.0;0.0
75;2021-01-04;90;0;104;0;0.0;0.0
75;2021-01-05;124;0;228;0;0.0;0.0
75;2021-01-06;736;1;964;1;0.0;0.0
75;2021-01-07;4922;2;5886;3;0.1;0.0
75;2021-01-08;5461;4;11347;7;0.2;0.0
75;2021-01-09;845;1;12192;8;0.2;0.0
75;2021-01-10;479;0;12671;8;0.2;0.0
75;2021-01-11;3578;1;16249;9;0.3;0.0
75;2021-01-12;5945;4;22194;13;0.4;0.0
75;2021-01-13;6550;13;28744;26;0.5;0.0
75;2021-01-14;8120;62;36864;88;0.6;0.0
75;2021-01-15;7622;26;44486;114;0.7;0.0
75;2021-01-16;1607;14;46093;128;0.8;0.0
75;2021-01-17;425;5;46518;133;0.8;0.0
75;2021-01-18;6886;30;53404;163;0.9;0.0
75;2021-01-19;14043;12;67447;175;1.1;0.0
75;2021-01-20;15535;13;82982;188;1.4;0.0
75;2021-01-21;16949;19;99931;207;1.7;0.0
75;2021-01-22;12970;22;112901;229;1.9;0.0
75;2021-01-23;4420;3;117321;232;2.0;0.0
75;2021-01-24;700;1;118021;233;2.0;0.0
75;2021-01-25;8865;216;126886;449;2.1;0.0
75;2021-01-26;11721;449;138607;898;2.3;0.0
75;2021-01-27;12272;769;150879;1667;2.5;0.0
75;2021-01-28;12940;2658;163819;4325;2.7;0.1
75;2021-01-29;10000;2986;173819;7311;2.9;0.1
75;2021-01-30;3379;516;177198;7827;3.0;0.1
75;2021-01-31;646;420;177844;8247;3.0;0.1
75;2021-02-01;5713;2639;183557;10886;3.1;0.2
75;2021-02-02;9600;4355;193157;15241;3.2;0.3
75;2021-02-03;9580;4369;202737;19610;3.4;0.3
75;2021-02-04;10753;5681;213490;25291;3.6;0.4
75;2021-02-05;7487;5636;220977;30927;3.7;0.5
75;2021-02-06;2377;1106;223354;32033;3.7;0.5
75;2021-02-07;673;251;224027;32284;3.7;0.5
75;2021-02-08;5133;3653;229160;35937;3.8;0.6
75;2021-02-09;7309;8077;236469;44014;3.9;0.7
75;2021-02-10;7540;8733;244009;52747;4.1;0.9
75;2021-02-11;8847;10267;252856;63014;4.2;1.1
75;2021-02-12;7401;8833;260257;71847;4.3;1.2
75;2021-02-13;1951;1759;262208;73606;4.4;1.2
75;2021-02-14;274;364;262482;73970;4.4;1.2
75;2021-02-15;3150;7835;265632;81805;4.4;1.4
75;2021-02-16;4607;10520;270239;92325;4.5;1.5
75;2021-02-17;4757;11301;274996;103626;4.6;1.7
75;2021-02-18;5449;12839;280445;116465;4.7;1.9
75;2021-02-19;5417;9626;285862;126091;4.8;2.1
75;2021-02-20;987;2632;286849;128723;4.8;2.1
75;2021-02-21;186;667;287035;129390;4.8;2.2
75;2021-02-22;3649;8513;290684;137903;4.8;2.3
75;2021-02-23;5355;10940;296039;148843;4.9;2.5
75;2021-02-24;6127;10283;302166;159126;5.0;2.7
75;2021-02-25;9986;11716;312152;170842;5.2;2.8
75;2021-02-26;12232;8852;324384;179694;5.4;3.0
75;2021-02-27;5783;2485;330167;182179;5.5;3.0
75;2021-02-28;312;694;330479;182873;5.5;3.0
75;2021-03-01;5090;7010;335569;189883;5.6;3.2
75;2021-03-02;9344;8156;344913;198039;5.7;3.3
75;2021-03-03;10810;7755;355723;205794;5.9;3.4
75;2021-03-04;16731;8159;372454;213953;6.2;3.6
75;2021-03-05;20779;7443;393233;221396;6.6;3.7
75;2021-03-06;13407;2215;406640;223611;6.8;3.7
75;2021-03-07;3714;461;410354;224072;6.8;3.7
75;2021-03-08;9983;5377;420337;229449;7.0;3.8
75;2021-03-09;16843;6470;437180;235919;7.3;3.9
75;2021-03-10;18243;6299;455423;242218;7.6;4.0
75;2021-03-11;26421;6650;481844;248868;8.0;4.1
75;2021-03-12;31272;5213;513116;254081;8.6;4.2
75;2021-03-13;17845;1184;530961;255265;8.8;4.3
75;2021-03-14;1698;244;532659;255509;8.9;4.3
75;2021-03-15;14063;3411;546722;258920;9.1;4.3
75;2021-03-16;13682;3704;560404;262624;9.3;4.4
75;2021-03-17;14740;3871;575144;266495;9.6;4.4
75;2021-03-18;16367;4685;591511;271180;9.9;4.5
75;2021-03-19;22422;4267;613933;275447;10.2;4.6
75;2021-03-20;14015;812;627948;276259;10.5;4.6
75;2021-03-21;2459;106;630407;276365;10.5;4.6
75;2021-03-22;16779;3446;647186;279811;10.8;4.7
75;2021-03-23;25231;3869;672417;283680;11.2;4.7
75;2021-03-24;27117;4290;699534;287970;11.7;4.8
75;2021-03-25;35591;4605;735125;292575;12.3;4.9
75;2021-03-26;38552;4154;773677;296729;12.9;4.9
75;2021-03-27;15690;1265;789367;297994;13.2;5.0
75;2021-03-28;2720;387;792087;298381;13.2;5.0
75;2021-03-29;22818;4116;814905;302497;13.6;5.0
75;2021-03-30;31603;5941;846508;308438;14.1;5.1
75;2021-03-31;29720;5908;876228;314346;14.6;5.2
75;2021-04-01;34971;6909;911199;321255;15.2;5.4
75;2021-04-02;32306;6854;943505;328109;15.7;5.5
75;2021-04-03;12811;2628;956316;330737;15.9;5.5
75;2021-04-04;2135;338;958451;331075;16.0;5.5
75;2021-04-05;6365;596;964816;331671;16.1;5.5
75;2021-04-06;26358;10809;991174;342480;16.5;5.7
75;2021-04-07;32348;10991;1023522;353471;17.1;5.9
75;2021-04-08;39532;12328;1063054;365799;17.7;6.1
75;2021-04-09;49207;10947;1112261;376746;18.5;6.3
75;2021-04-10;24412;4954;1136673;381700;18.9;6.4
75;2021-04-11;4969;713;1141642;382413;19.0;6.4
75;2021-04-12;27353;11821;1168995;394234;19.5;6.6
75;2021-04-13;35664;14304;1204659;408538;20.1;6.8
75;2021-04-14;35371;14451;1240030;422989;20.7;7.0
75;2021-04-15;37639;15028;1277669;438017;21.3;7.3
75;2021-04-16;37104;15098;1314773;453115;21.9;7.6
75;2021-04-17;19544;7367;1334317;460482;22.2;7.7
75;2021-04-18;4071;2050;1338388;462532;22.3;7.7
75;2021-04-19;20883;14935;1359271;477467;22.7;8.0
75;2021-04-20;28480;19094;1387751;496561;23.1;8.3
75;2021-04-21;27801;18059;1415552;514620;23.6;8.6
75;2021-04-22;30345;19648;1445897;534268;24.1;8.9
75;2021-04-23;29017;20196;1474914;554464;24.6;9.2
75;2021-04-24;16995;9118;1491909;563582;24.9;9.4
75;2021-04-25;4596;1498;1496505;565080;24.9;9.4
75;2021-04-26;22303;19269;1518808;584349;25.3;9.7
75;2021-04-27;29176;24291;1547984;608640;25.8;10.1
75;2021-04-28;31126;23994;1579110;632634;26.3;10.5
75;2021-04-29;37237;26609;1616347;659243;26.9;11.0
75;2021-04-30;37735;25853;1654082;685096;27.6;11.4
75;2021-05-01;15677;5734;1669759;690830;27.8;11.5
75;2021-05-02;7253;2594;1677012;693424;28.0;11.6
75;2021-05-03;27213;21158;1704225;714582;28.4;11.9
75;2021-05-04;30204;29262;1734429;743844;28.9;12.4
75;2021-05-05;31339;30951;1765768;774795;29.4;12.9
75;2021-05-06;35829;32357;1801597;807152;30.0;13.5
75;2021-05-07;37349;34334;1838946;841486;30.6;14.0
75;2021-05-08;17338;8050;1856284;849536;30.9;14.2
75;2021-05-09;7290;4140;1863574;853676;31.1;14.2
75;2021-05-10;24982;28990;1888556;882666;31.5;14.7
75;2021-05-11;35423;32936;1923979;915602;32.1;15.3
75;2021-05-12;35372;30114;1959351;945716;32.7;15.8
75;2021-05-13;22603;7494;1981954;953210;33.0;15.9
75;2021-05-14;33728;20820;2015682;974030;33.6;16.2
75;2021-05-15;22860;11074;2038542;985104;34.0;16.4
75;2021-05-16;7370;2059;2045912;987163;34.1;16.5
75;2021-05-17;33780;19184;2079692;1006347;34.7;16.8
75;2021-05-18;42526;19887;2122218;1026234;35.4;17.1
75;2021-05-19;42569;17572;2164787;1043806;36.1;17.4
75;2021-05-20;45809;20319;2210596;1064125;36.8;17.7
75;2021-05-21;42766;21354;2253362;1085479;37.6;18.1
75;2021-05-22;23218;9774;2276580;1095253;37.9;18.3
75;2021-05-23;7798;1419;2284378;1096672;38.1;18.3
75;2021-05-24;18773;4052;2303151;1100724;38.4;18.3
75;2021-05-25;36780;20938;2339931;1121662;39.0;18.7
75;2021-05-26;38214;21451;2378145;1143113;39.6;19.1
75;2021-05-27;42847;27040;2420992;1170153;40.3;19.5
75;2021-05-28;38801;32247;2459793;1202400;41.0;20.0
75;2021-05-29;19629;18088;2479422;1220488;41.3;20.3
75;2021-05-30;5769;2282;2485191;1222770;41.4;20.4
75;2021-05-31;31589;23106;2516780;1245876;41.9;20.8
75;2021-06-01;40923;29574;2557703;1275450;42.6;21.3
75;2021-06-02;41277;28189;2598980;1303639;43.3;21.7
75;2021-06-03;47545;31168;2646525;1334807;44.1;22.2
75;2021-06-04;44326;36911;2690851;1371718;44.8;22.9
75;2021-06-05;24353;18490;2715204;1390208;45.3;23.2
75;2021-06-06;8727;4312;2723931;1394520;45.4;23.2
75;2021-06-07;31344;31492;2755275;1426012;45.9;23.8
75;2021-06-08;47934;27098;2803209;1453110;46.7;24.2
75;2021-06-09;39449;32606;2842658;1485716;47.4;24.8
75;2021-06-10;42938;31541;2885596;1517257;48.1;25.3
75;2021-06-11;40025;40221;2925621;1557478;48.8;26.0
75;2021-06-12;23091;21471;2948712;1578949;49.1;26.3
75;2021-06-13;8047;5627;2956759;1584576;49.3;26.4
76;2020-12-27;0;0;0;0;0.0;0.0
76;2020-12-28;4;0;4;0;0.0;0.0
76;2020-12-29;0;0;4;0;0.0;0.0
76;2020-12-30;0;0;4;0;0.0;0.0
76;2020-12-31;1;0;5;0;0.0;0.0
76;2021-01-01;3;0;8;0;0.0;0.0
76;2021-01-02;2;0;10;0;0.0;0.0
76;2021-01-03;2;0;12;0;0.0;0.0
76;2021-01-04;59;1;71;1;0.0;0.0
76;2021-01-05;473;1;544;2;0.0;0.0
76;2021-01-06;784;1;1328;3;0.0;0.0
76;2021-01-07;2537;3;3865;6;0.1;0.0
76;2021-01-08;3214;1;7079;7;0.1;0.0
76;2021-01-09;1537;0;8616;7;0.1;0.0
76;2021-01-10;517;0;9133;7;0.2;0.0
76;2021-01-11;3523;7;12656;14;0.2;0.0
76;2021-01-12;5740;8;18396;22;0.3;0.0
76;2021-01-13;6474;8;24870;30;0.4;0.0
76;2021-01-14;8995;83;33865;113;0.6;0.0
76;2021-01-15;7250;28;41115;141;0.7;0.0
76;2021-01-16;1952;20;43067;161;0.7;0.0
76;2021-01-17;709;3;43776;164;0.7;0.0
76;2021-01-18;7699;20;51475;184;0.9;0.0
76;2021-01-19;11192;23;62667;207;1.1;0.0
76;2021-01-20;13689;20;76356;227;1.3;0.0
76;2021-01-21;16687;17;93043;244;1.6;0.0
76;2021-01-22;11862;28;104905;272;1.8;0.0
76;2021-01-23;3880;7;108785;279;1.8;0.0
76;2021-01-24;766;11;109551;290;1.8;0.0
76;2021-01-25;7825;97;117376;387;2.0;0.0
76;2021-01-26;10345;279;127721;666;2.2;0.0
76;2021-01-27;10843;480;138564;1146;2.3;0.0
76;2021-01-28;10136;1694;148700;2840;2.5;0.0
76;2021-01-29;8084;1988;156784;4828;2.6;0.1
76;2021-01-30;3184;772;159968;5600;2.7;0.1
76;2021-01-31;517;267;160485;5867;2.7;0.1
76;2021-02-01;5851;2603;166336;8470;2.8;0.1
76;2021-02-02;10052;3995;176388;12465;3.0;0.2
76;2021-02-03;9515;4064;185903;16529;3.1;0.3
76;2021-02-04;10096;5958;195999;22487;3.3;0.4
76;2021-02-05;7771;5026;203770;27513;3.4;0.5
76;2021-02-06;2691;1050;206461;28563;3.5;0.5
76;2021-02-07;542;496;207003;29059;3.5;0.5
76;2021-02-08;4840;4528;211843;33587;3.6;0.6
76;2021-02-09;6313;6817;218156;40404;3.7;0.7
76;2021-02-10;7168;9233;225324;49637;3.8;0.8
76;2021-02-11;9123;10733;234447;60370;4.0;1.0
76;2021-02-12;8044;7682;242491;68052;4.1;1.1
76;2021-02-13;2646;2270;245137;70322;4.1;1.2
76;2021-02-14;356;994;245493;71316;4.1;1.2
76;2021-02-15;3382;6465;248875;77781;4.2;1.3
76;2021-02-16;4240;8691;253115;86472;4.3;1.5
76;2021-02-17;4372;9651;257487;96123;4.3;1.6
76;2021-02-18;5869;9986;263356;106109;4.4;1.8
76;2021-02-19;4839;8125;268195;114234;4.5;1.9
76;2021-02-20;1529;3036;269724;117270;4.6;2.0
76;2021-02-21;262;594;269986;117864;4.6;2.0
76;2021-02-22;3271;7661;273257;125525;4.6;2.1
76;2021-02-23;4915;10242;278172;135767;4.7;2.3
76;2021-02-24;4644;10417;282816;146184;4.8;2.5
76;2021-02-25;8307;9902;291123;156086;4.9;2.6
76;2021-02-26;9632;8384;300755;164470;5.1;2.8
76;2021-02-27;3716;3092;304471;167562;5.1;2.8
76;2021-02-28;430;452;304901;168014;5.1;2.8
76;2021-03-01;5298;6127;310199;174141;5.2;2.9
76;2021-03-02;8212;7562;318411;181703;5.4;3.1
76;2021-03-03;9224;7461;327635;189164;5.5;3.2
76;2021-03-04;14308;7860;341943;197024;5.8;3.3
76;2021-03-05;16856;7092;358799;204116;6.1;3.4
76;2021-03-06;15875;2134;374674;206250;6.3;3.5
76;2021-03-07;11369;450;386043;206700;6.5;3.5
76;2021-03-08;9931;5493;395974;212193;6.7;3.6
76;2021-03-09;16217;6444;412191;218637;7.0;3.7
76;2021-03-10;16397;6464;428588;225101;7.2;3.8
76;2021-03-11;22581;6362;451169;231463;7.6;3.9
76;2021-03-12;26375;5225;477544;236688;8.1;4.0
76;2021-03-13;14887;2144;492431;238832;8.3;4.0
76;2021-03-14;2318;355;494749;239187;8.4;4.0
76;2021-03-15;13498;3283;508247;242470;8.6;4.1
76;2021-03-16;11754;4516;520001;246986;8.8;4.2
76;2021-03-17;12826;3967;532827;250953;9.0;4.2
76;2021-03-18;13688;4975;546515;255928;9.2;4.3
76;2021-03-19;18635;3988;565150;259916;9.5;4.4
76;2021-03-20;10650;1112;575800;261028;9.7;4.4
76;2021-03-21;3193;218;578993;261246;9.8;4.4
76;2021-03-22;14644;3567;593637;264813;10.0;4.5
76;2021-03-23;22202;4304;615839;269117;10.4;4.5
76;2021-03-24;23561;4157;639400;273274;10.8;4.6
76;2021-03-25;31927;4576;671327;277850;11.3;4.7
76;2021-03-26;30758;4034;702085;281884;11.8;4.8
76;2021-03-27;16190;1394;718275;283278;12.1;4.8
76;2021-03-28;4863;188;723138;283466;12.2;4.8
76;2021-03-29;22269;4860;745407;288326;12.6;4.9
76;2021-03-30;29629;5667;775036;293993;13.1;5.0
76;2021-03-31;26820;5542;801856;299535;13.5;5.1
76;2021-04-01;34399;5846;836255;305381;14.1;5.2
76;2021-04-02;29280;5719;865535;311100;14.6;5.3
76;2021-04-03;12119;2838;877654;313938;14.8;5.3
76;2021-04-04;4348;651;882002;314589;14.9;5.3
76;2021-04-05;4281;670;886283;315259;15.0;5.3
76;2021-04-06;22803;9713;909086;324972;15.3;5.5
76;2021-04-07;25213;9829;934299;334801;15.8;5.7
76;2021-04-08;33061;10190;967360;344991;16.3;5.8
76;2021-04-09;38830;9564;1006190;354555;17.0;6.0
76;2021-04-10;22673;5126;1028863;359681;17.4;6.1
76;2021-04-11;8854;1416;1037717;361097;17.5;6.1
76;2021-04-12;25970;10470;1063687;371567;18.0;6.3
76;2021-04-13;35711;12799;1099398;384366;18.6;6.5
76;2021-04-14;32809;13213;1132207;397579;19.1;6.7
76;2021-04-15;37366;13785;1169573;411364;19.7;6.9
76;2021-04-16;34352;13085;1203925;424449;20.3;7.2
76;2021-04-17;21345;6621;1225270;431070;20.7;7.3
76;2021-04-18;7706;2676;1232976;433746;20.8;7.3
76;2021-04-19;22031;12895;1255007;446641;21.2;7.5
76;2021-04-20;27947;16690;1282954;463331;21.7;7.8
76;2021-04-21;27000;16899;1309954;480230;22.1;8.1
76;2021-04-22;30323;17883;1340277;498113;22.6;8.4
76;2021-04-23;28641;16354;1368918;514467;23.1;8.7
76;2021-04-24;18455;10382;1387373;524849;23.4;8.9
76;2021-04-25;6910;4190;1394283;529039;23.5;8.9
76;2021-04-26;19914;18377;1414197;547416;23.9;9.2
76;2021-04-27;26701;21377;1440898;568793;24.3;9.6
76;2021-04-28;25854;20933;1466752;589726;24.8;10.0
76;2021-04-29;29694;23168;1496446;612894;25.3;10.3
76;2021-04-30;30737;20101;1527183;632995;25.8;10.7
76;2021-05-01;17414;7000;1544597;639995;26.1;10.8
76;2021-05-02;9471;4772;1554068;644767;26.2;10.9
76;2021-05-03;26446;16749;1580514;661516;26.7;11.2
76;2021-05-04;29868;25775;1610382;687291;27.2;11.6
76;2021-05-05;28004;26366;1638386;713657;27.7;12.0
76;2021-05-06;30841;30812;1669227;744469;28.2;12.6
76;2021-05-07;31506;30747;1700733;775216;28.7;13.1
76;2021-05-08;16877;10508;1717610;785724;29.0;13.3
76;2021-05-09;9673;8663;1727283;794387;29.2;13.4
76;2021-05-10;23908;28010;1751191;822397;29.6;13.9
76;2021-05-11;31400;33024;1782591;855421;30.1;14.4
76;2021-05-12;32973;29339;1815564;884760;30.6;14.9
76;2021-05-13;25798;9677;1841362;894437;31.1;15.1
76;2021-05-14;34358;21250;1875720;915687;31.7;15.5
76;2021-05-15;24387;12153;1900107;927840;32.1;15.7
76;2021-05-16;15375;3770;1915482;931610;32.3;15.7
76;2021-05-17;27716;19198;1943198;950808;32.8;16.0
76;2021-05-18;34973;19426;1978171;970234;33.4;16.4
76;2021-05-19;36638;16779;2014809;987013;34.0;16.7
76;2021-05-20;40774;18601;2055583;1005614;34.7;17.0
76;2021-05-21;37586;19909;2093169;1025523;35.3;17.3
76;2021-05-22;26899;9232;2120068;1034755;35.8;17.5
76;2021-05-23;13255;1789;2133323;1036544;36.0;17.5
76;2021-05-24;15358;4089;2148681;1040633;36.3;17.6
76;2021-05-25;31455;20710;2180136;1061343;36.8;17.9
76;2021-05-26;33222;19161;2213358;1080504;37.4;18.2
76;2021-05-27;36180;24368;2249538;1104872;38.0;18.6
76;2021-05-28;32352;28212;2281890;1133084;38.5;19.1
76;2021-05-29;19373;16714;2301263;1149798;38.8;19.4
76;2021-05-30;6089;6307;2307352;1156105;38.9;19.5
76;2021-05-31;25673;22841;2333025;1178946;39.4;19.9
76;2021-06-01;31081;29769;2364106;1208715;39.9;20.4
76;2021-06-02;30623;27997;2394729;1236712;40.4;20.9
76;2021-06-03;34024;33041;2428753;1269753;41.0;21.4
76;2021-06-04;34908;34171;2463661;1303924;41.6;22.0
76;2021-06-05;25951;19689;2489612;1323613;42.0;22.3
76;2021-06-06;14064;6442;2503676;1330055;42.3;22.4
76;2021-06-07;25687;27619;2529363;1357674;42.7;22.9
76;2021-06-08;33027;31491;2562390;1389165;43.2;23.4
76;2021-06-09;32303;28798;2594693;1417963;43.8;23.9
76;2021-06-10;31842;29188;2626535;1447151;44.3;24.4
76;2021-06-11;33231;35994;2659766;1483145;44.9;25.0
76;2021-06-12;23100;21824;2682866;1504969;45.3;25.4
76;2021-06-13;11866;7090;2694732;1512059;45.5;25.5
84;2020-12-27;1;0;1;0;0.0;0.0
84;2020-12-28;7;0;8;0;0.0;0.0
84;2020-12-29;5;0;13;0;0.0;0.0
84;2020-12-30;5;0;18;0;0.0;0.0
84;2020-12-31;12;0;30;0;0.0;0.0
84;2021-01-01;10;0;40;0;0.0;0.0
84;2021-01-02;2;1;42;1;0.0;0.0
84;2021-01-03;0;0;42;1;0.0;0.0
84;2021-01-04;174;0;216;1;0.0;0.0
84;2021-01-05;458;1;674;2;0.0;0.0
84;2021-01-06;1135;0;1809;2;0.0;0.0
84;2021-01-07;2845;3;4654;5;0.1;0.0
84;2021-01-08;3073;2;7727;7;0.1;0.0
84;2021-01-09;511;1;8238;8;0.1;0.0
84;2021-01-10;160;0;8398;8;0.1;0.0
84;2021-01-11;4277;8;12675;16;0.2;0.0
84;2021-01-12;6354;15;19029;31;0.2;0.0
84;2021-01-13;6836;13;25865;44;0.3;0.0
84;2021-01-14;9047;56;34912;100;0.4;0.0
84;2021-01-15;7751;28;42663;128;0.5;0.0
84;2021-01-16;2953;7;45616;135;0.6;0.0
84;2021-01-17;919;2;46535;137;0.6;0.0
84;2021-01-18;8952;33;55487;170;0.7;0.0
84;2021-01-19;15043;79;70530;249;0.9;0.0
84;2021-01-20;15485;33;86015;282;1.1;0.0
84;2021-01-21;14566;44;100581;326;1.3;0.0
84;2021-01-22;12394;39;112975;365;1.4;0.0
84;2021-01-23;4757;3;117732;368;1.5;0.0
84;2021-01-24;810;1;118542;369;1.5;0.0
84;2021-01-25;8752;143;127294;512;1.6;0.0
84;2021-01-26;11879;314;139173;826;1.7;0.0
84;2021-01-27;12044;611;151217;1437;1.9;0.0
84;2021-01-28;13794;1536;165011;2973;2.1;0.0
84;2021-01-29;10790;1309;175801;4282;2.2;0.1
84;2021-01-30;4138;146;179939;4428;2.2;0.1
84;2021-01-31;498;1;180437;4429;2.2;0.1
84;2021-02-01;6532;1879;186969;6308;2.3;0.1
84;2021-02-02;10581;3513;197550;9821;2.5;0.1
84;2021-02-03;11520;3916;209070;13737;2.6;0.2
84;2021-02-04;12543;5522;221613;19259;2.8;0.2
84;2021-02-05;8607;4692;230220;23951;2.9;0.3
84;2021-02-06;2650;956;232870;24907;2.9;0.3
84;2021-02-07;452;440;233322;25347;2.9;0.3
84;2021-02-08;6218;4966;239540;30313;3.0;0.4
84;2021-02-09;9334;8248;248874;38561;3.1;0.5
84;2021-02-10;9672;8611;258546;47172;3.2;0.6
84;2021-02-11;10681;9892;269227;57064;3.4;0.7
84;2021-02-12;9703;7928;278930;64992;3.5;0.8
84;2021-02-13;3497;2335;282427;67327;3.5;0.8
84;2021-02-14;622;456;283049;67783;3.5;0.8
84;2021-02-15;4867;8352;287916;76135;3.6;0.9
84;2021-02-16;6089;10757;294005;86892;3.7;1.1
84;2021-02-17;6041;11561;300046;98453;3.7;1.2
84;2021-02-18;7083;11758;307129;110211;3.8;1.4
84;2021-02-19;6641;9341;313770;119552;3.9;1.5
84;2021-02-20;1836;3268;315606;122820;3.9;1.5
84;2021-02-21;180;504;315786;123324;3.9;1.5
84;2021-02-22;4288;8836;320074;132160;4.0;1.6
84;2021-02-23;7274;11410;327348;143570;4.1;1.8
84;2021-02-24;7785;12016;335133;155586;4.2;1.9
84;2021-02-25;12721;13764;347854;169350;4.3;2.1
84;2021-02-26;14870;10332;362724;179682;4.5;2.2
84;2021-02-27;5555;2911;368279;182593;4.6;2.3
84;2021-02-28;500;513;368779;183106;4.6;2.3
84;2021-03-01;9280;6402;378059;189508;4.7;2.4
84;2021-03-02;14951;8786;393010;198294;4.9;2.5
84;2021-03-03;14781;8628;407791;206922;5.1;2.6
84;2021-03-04;20971;8397;428762;215319;5.3;2.7
84;2021-03-05;25758;7631;454520;222950;5.7;2.8
84;2021-03-06;19484;2346;474004;225296;5.9;2.8
84;2021-03-07;8413;447;482417;225743;6.0;2.8
84;2021-03-08;12196;6771;494613;232514;6.2;2.9
84;2021-03-09;20642;7656;515255;240170;6.4;3.0
84;2021-03-10;20212;7493;535467;247663;6.7;3.1
84;2021-03-11;29416;8072;564883;255735;7.0;3.2
84;2021-03-12;36148;7607;601031;263342;7.5;3.3
84;2021-03-13;21417;1845;622448;265187;7.7;3.3
84;2021-03-14;4680;459;627128;265646;7.8;3.3
84;2021-03-15;18838;4756;645966;270402;8.0;3.4
84;2021-03-16;17038;6079;663004;276481;8.3;3.4
84;2021-03-17;17563;6443;680567;282924;8.5;3.5
84;2021-03-18;21475;6914;702042;289838;8.7;3.6
84;2021-03-19;28952;5466;730994;295304;9.1;3.7
84;2021-03-20;14531;1378;745525;296682;9.3;3.7
84;2021-03-21;3236;266;748761;296948;9.3;3.7
84;2021-03-22;19722;5112;768483;302060;9.6;3.8
84;2021-03-23;30738;5912;799221;307972;9.9;3.8
84;2021-03-24;29921;5815;829142;313787;10.3;3.9
84;2021-03-25;41493;6424;870635;320211;10.8;4.0
84;2021-03-26;42886;6697;913521;326908;11.4;4.1
84;2021-03-27;18176;2892;931697;329800;11.6;4.1
84;2021-03-28;6500;582;938197;330382;11.7;4.1
84;2021-03-29;22919;7889;961116;338271;12.0;4.2
84;2021-03-30;34891;10110;996007;348381;12.4;4.3
84;2021-03-31;29540;10954;1025547;359335;12.8;4.5
84;2021-04-01;37181;11355;1062728;370690;13.2;4.6
84;2021-04-02;34820;11289;1097548;381979;13.7;4.8
84;2021-04-03;14780;6215;1112328;388194;13.8;4.8
84;2021-04-04;9928;1993;1122256;390187;14.0;4.9
84;2021-04-05;13518;1657;1135774;391844;14.1;4.9
84;2021-04-06;26241;13169;1162015;405013;14.5;5.0
84;2021-04-07;29461;14642;1191476;419655;14.8;5.2
84;2021-04-08;39592;15398;1231068;435053;15.3;5.4
84;2021-04-09;49326;14997;1280394;450050;15.9;5.6
84;2021-04-10;20432;8112;1300826;458162;16.2;5.7
84;2021-04-11;7209;2692;1308035;460854;16.3;5.7
84;2021-04-12;27262;15555;1335297;476409;16.6;5.9
84;2021-04-13;36048;19329;1371345;495738;17.1;6.2
84;2021-04-14;34548;18201;1405893;513939;17.5;6.4
84;2021-04-15;40021;19643;1445914;533582;18.0;6.6
84;2021-04-16;38133;20022;1484047;553604;18.5;6.9
84;2021-04-17;20447;9010;1504494;562614;18.7;7.0
84;2021-04-18;6836;2703;1511330;565317;18.8;7.0
84;2021-04-19;26186;18561;1537516;583878;19.1;7.3
84;2021-04-20;31166;22468;1568682;606346;19.5;7.5
84;2021-04-21;28015;21445;1596697;627791;19.9;7.8
84;2021-04-22;32182;22595;1628879;650386;20.3;8.1
84;2021-04-23;32663;23047;1661542;673433;20.7;8.4
84;2021-04-24;17842;11891;1679384;685324;20.9;8.5
84;2021-04-25;7132;4270;1686516;689594;21.0;8.6
84;2021-04-26;23682;20029;1710198;709623;21.3;8.8
84;2021-04-27;31735;25235;1741933;734858;21.7;9.1
84;2021-04-28;32449;24820;1774382;759678;22.1;9.5
84;2021-04-29;39609;26534;1813991;786212;22.6;9.8
84;2021-04-30;38116;27834;1852107;814046;23.1;10.1
84;2021-05-01;17152;5365;1869259;819411;23.3;10.2
84;2021-05-02;7957;8580;1877216;827991;23.4;10.3
84;2021-05-03;30172;27473;1907388;855464;23.7;10.7
84;2021-05-04;37001;33718;1944389;889182;24.2;11.1
84;2021-05-05;40053;30152;1984442;919334;24.7;11.4
84;2021-05-06;46418;32576;2030860;951910;25.3;11.9
84;2021-05-07;46762;36774;2077622;988684;25.9;12.3
84;2021-05-08;19847;7581;2097469;996265;26.1;12.4
84;2021-05-09;15813;8888;2113282;1005153;26.3;12.5
84;2021-05-10;35705;31949;2148987;1037102;26.8;12.9
84;2021-05-11;52424;36184;2201411;1073286;27.4;13.4
84;2021-05-12;56132;31799;2257543;1105085;28.1;13.8
84;2021-05-13;47103;10464;2304646;1115549;28.7;13.9
84;2021-05-14;57087;24930;2361733;1140479;29.4;14.2
84;2021-05-15;43798;13565;2405531;1154044;29.9;14.4
84;2021-05-16;30275;5090;2435806;1159134;30.3;14.4
84;2021-05-17;48062;24879;2483868;1184013;30.9;14.7
84;2021-05-18;58711;27292;2542579;1211305;31.7;15.1
84;2021-05-19;58108;23492;2600687;1234797;32.4;15.4
84;2021-05-20;61208;26987;2661895;1261784;33.1;15.7
84;2021-05-21;60691;29347;2722586;1291131;33.9;16.1
84;2021-05-22;40305;12871;2762891;1304002;34.4;16.2
84;2021-05-23;21305;3955;2784196;1307957;34.7;16.3
84;2021-05-24;39480;8500;2823676;1316457;35.2;16.4
84;2021-05-25;50121;31596;2873797;1348053;35.8;16.8
84;2021-05-26;49587;28874;2923384;1376927;36.4;17.1
84;2021-05-27;55539;31769;2978923;1408696;37.1;17.5
84;2021-05-28;54645;40452;3033568;1449148;37.8;18.0
84;2021-05-29;37550;22333;3071118;1471481;38.2;18.3
84;2021-05-30;16110;7250;3087228;1478731;38.4;18.4
84;2021-05-31;44230;29340;3131458;1508071;39.0;18.8
84;2021-06-01;48193;36559;3179651;1544630;39.6;19.2
84;2021-06-02;47627;31111;3227278;1575741;40.2;19.6
84;2021-06-03;55894;36475;3283172;1612216;40.9;20.1
84;2021-06-04;54514;42250;3337686;1654466;41.6;20.6
84;2021-06-05;38003;21584;3375689;1676050;42.0;20.9
84;2021-06-06;15876;6214;3391565;1682264;42.2;20.9
84;2021-06-07;41265;35039;3432830;1717303;42.7;21.4
84;2021-06-08;45653;37844;3478483;1755147;43.3;21.9
84;2021-06-09;40656;33434;3519139;1788581;43.8;22.3
84;2021-06-10;40964;33580;3560103;1822161;44.3;22.7
84;2021-06-11;43031;46154;3603134;1868315;44.9;23.3
84;2021-06-12;27917;22777;3631051;1891092;45.2;23.5
84;2021-06-13;8517;7062;3639568;1898154;45.3;23.6
93;2020-12-27;0;0;0;0;0.0;0.0
93;2020-12-28;1;0;1;0;0.0;0.0
93;2020-12-29;1;0;2;0;0.0;0.0
93;2020-12-30;3;0;5;0;0.0;0.0
93;2020-12-31;19;0;24;0;0.0;0.0
93;2021-01-01;13;0;37;0;0.0;0.0
93;2021-01-02;2;0;39;0;0.0;0.0
93;2021-01-03;2;0;41;0;0.0;0.0
93;2021-01-04;133;1;174;1;0.0;0.0
93;2021-01-05;250;1;424;2;0.0;0.0
93;2021-01-06;409;0;833;2;0.0;0.0
93;2021-01-07;1245;2;2078;4;0.0;0.0
93;2021-01-08;1561;2;3639;6;0.1;0.0
93;2021-01-09;540;0;4179;6;0.1;0.0
93;2021-01-10;73;0;4252;6;0.1;0.0
93;2021-01-11;2406;1;6658;7;0.1;0.0
93;2021-01-12;5085;6;11743;13;0.2;0.0
93;2021-01-13;4410;14;16153;27;0.3;0.0
93;2021-01-14;5528;49;21681;76;0.4;0.0
93;2021-01-15;4918;14;26599;90;0.5;0.0
93;2021-01-16;1674;2;28273;92;0.6;0.0
93;2021-01-17;299;1;28572;93;0.6;0.0
93;2021-01-18;7146;29;35718;122;0.7;0.0
93;2021-01-19;13518;31;49236;153;1.0;0.0
93;2021-01-20;12235;31;61471;184;1.2;0.0
93;2021-01-21;12298;41;73769;225;1.5;0.0
93;2021-01-22;10162;24;83931;249;1.7;0.0
93;2021-01-23;3325;6;87256;255;1.7;0.0
93;2021-01-24;537;4;87793;259;1.7;0.0
93;2021-01-25;7238;37;95031;296;1.9;0.0
93;2021-01-26;10062;134;105093;430;2.1;0.0
93;2021-01-27;9678;287;114771;717;2.3;0.0
93;2021-01-28;13660;826;128431;1543;2.5;0.0
93;2021-01-29;9840;975;138271;2518;2.7;0.0
93;2021-01-30;2239;159;140510;2677;2.8;0.1
93;2021-01-31;303;5;140813;2682;2.8;0.1
93;2021-02-01;5159;1514;145972;4196;2.9;0.1
93;2021-02-02;6641;2379;152613;6575;3.0;0.1
93;2021-02-03;5018;1818;157631;8393;3.1;0.2
93;2021-02-04;5532;3159;163163;11552;3.2;0.2
93;2021-02-05;6105;4125;169268;15677;3.3;0.3
93;2021-02-06;1245;970;170513;16647;3.4;0.3
93;2021-02-07;280;81;170793;16728;3.4;0.3
93;2021-02-08;4300;3745;175093;20473;3.5;0.4
93;2021-02-09;5885;7101;180978;27574;3.6;0.5
93;2021-02-10;5947;5883;186925;33457;3.7;0.7
93;2021-02-11;6594;6713;193519;40170;3.8;0.8
93;2021-02-12;5715;6478;199234;46648;3.9;0.9
93;2021-02-13;1127;1446;200361;48094;4.0;1.0
93;2021-02-14;73;384;200434;48478;4.0;1.0
93;2021-02-15;2409;5636;202843;54114;4.0;1.1
93;2021-02-16;3190;7700;206033;61814;4.1;1.2
93;2021-02-17;3604;8523;209637;70337;4.1;1.4
93;2021-02-18;5998;11414;215635;81751;4.3;1.6
93;2021-02-19;5632;8670;221267;90421;4.4;1.8
93;2021-02-20;877;1800;222144;92221;4.4;1.8
93;2021-02-21;68;417;222212;92638;4.4;1.8
93;2021-02-22;3027;6993;225239;99631;4.5;2.0
93;2021-02-23;3955;7239;229194;106870;4.5;2.1
93;2021-02-24;4745;6795;233939;113665;4.6;2.2
93;2021-02-25;8232;6658;242171;120323;4.8;2.4
93;2021-02-26;8257;6161;250428;126484;5.0;2.5
93;2021-02-27;3283;1478;253711;127962;5.0;2.5
93;2021-02-28;303;237;254014;128199;5.0;2.5
93;2021-03-01;5633;4479;259647;132678;5.1;2.6
93;2021-03-02;7208;5925;266855;138603;5.3;2.7
93;2021-03-03;8970;6538;275825;145141;5.5;2.9
93;2021-03-04;12025;6433;287850;151574;5.7;3.0
93;2021-03-05;12176;6079;300026;157653;5.9;3.1
93;2021-03-06;22487;1260;322513;158913;6.4;3.1
93;2021-03-07;17895;572;340408;159485;6.7;3.2
93;2021-03-08;10228;5246;350636;164731;6.9;3.3
93;2021-03-09;13940;5542;364576;170273;7.2;3.4
93;2021-03-10;14465;5252;379041;175525;7.5;3.5
93;2021-03-11;20353;6112;399394;181637;7.9;3.6
93;2021-03-12;21886;5255;421280;186892;8.3;3.7
93;2021-03-13;24547;1181;445827;188073;8.8;3.7
93;2021-03-14;6460;254;452287;188327;8.9;3.7
93;2021-03-15;15921;3093;468208;191420;9.3;3.8
93;2021-03-16;12703;3622;480911;195042;9.5;3.9
93;2021-03-17;15977;4616;496888;199658;9.8;3.9
93;2021-03-18;17020;4874;513908;204532;10.2;4.0
93;2021-03-19;20998;4662;534906;209194;10.6;4.1
93;2021-03-20;10987;1308;545893;210502;10.8;4.2
93;2021-03-21;3254;127;549147;210629;10.9;4.2
93;2021-03-22;17041;3536;566188;214165;11.2;4.2
93;2021-03-23;22619;3843;588807;218008;11.6;4.3
93;2021-03-24;21932;6597;610739;224605;12.1;4.4
93;2021-03-25;28935;6468;639674;231073;12.7;4.6
93;2021-03-26;29837;4979;669511;236052;13.2;4.7
93;2021-03-27;12422;1618;681933;237670;13.5;4.7
93;2021-03-28;3560;98;685493;237768;13.6;4.7
93;2021-03-29;18466;5302;703959;243070;13.9;4.8
93;2021-03-30;28436;6632;732395;249702;14.5;4.9
93;2021-03-31;28736;6573;761131;256275;15.1;5.1
93;2021-04-01;30670;7428;791801;263703;15.7;5.2
93;2021-04-02;26877;8426;818678;272129;16.2;5.4
93;2021-04-03;9740;4968;828418;277097;16.4;5.5
93;2021-04-04;2113;1250;830531;278347;16.4;5.5
93;2021-04-05;6049;1548;836580;279895;16.5;5.5
93;2021-04-06;23375;9975;859955;289870;17.0;5.7
93;2021-04-07;26034;11629;885989;301499;17.5;6.0
93;2021-04-08;28780;14925;914769;316424;18.1;6.3
93;2021-04-09;33408;14540;948177;330964;18.8;6.5
93;2021-04-10;14798;8150;962975;339114;19.0;6.7
93;2021-04-11;3624;2954;966599;342068;19.1;6.8
93;2021-04-12;20553;12165;987152;354233;19.5;7.0
93;2021-04-13;25436;15174;1012588;369407;20.0;7.3
93;2021-04-14;25143;15195;1037731;384602;20.5;7.6
93;2021-04-15;26937;15586;1064668;400188;21.1;7.9
93;2021-04-16;27676;16413;1092344;416601;21.6;8.2
93;2021-04-17;12802;7709;1105146;424310;21.9;8.4
93;2021-04-18;5245;2957;1110391;427267;22.0;8.5
93;2021-04-19;19053;15916;1129444;443183;22.3;8.8
93;2021-04-20;21283;18703;1150727;461886;22.8;9.1
93;2021-04-21;23756;18246;1174483;480132;23.2;9.5
93;2021-04-22;25762;19175;1200245;499307;23.7;9.9
93;2021-04-23;24903;18097;1225148;517404;24.2;10.2
93;2021-04-24;11518;8686;1236666;526090;24.5;10.4
93;2021-04-25;3201;2137;1239867;528227;24.5;10.4
93;2021-04-26;16357;15834;1256224;544061;24.8;10.8
93;2021-04-27;19363;20136;1275587;564197;25.2;11.2
93;2021-04-28;21261;20068;1296848;584265;25.7;11.6
93;2021-04-29;27792;21715;1324640;605980;26.2;12.0
93;2021-04-30;27063;20552;1351703;626532;26.7;12.4
93;2021-05-01;11528;5260;1363231;631792;27.0;12.5
93;2021-05-02;4054;1884;1367285;633676;27.0;12.5
93;2021-05-03;20221;18133;1387506;651809;27.4;12.9
93;2021-05-04;20549;22680;1408055;674489;27.9;13.3
93;2021-05-05;19265;21463;1427320;695952;28.2;13.8
93;2021-05-06;24561;21574;1451881;717526;28.7;14.2
93;2021-05-07;22246;24952;1474127;742478;29.2;14.7
93;2021-05-08;12959;6822;1487086;749300;29.4;14.8
93;2021-05-09;3450;2307;1490536;751607;29.5;14.9
93;2021-05-10;18333;22561;1508869;774168;29.8;15.3
93;2021-05-11;25133;25566;1534002;799734;30.3;15.8
93;2021-05-12;31594;22435;1565596;822169;31.0;16.3
93;2021-05-13;27566;7807;1593162;829976;31.5;16.4
93;2021-05-14;34867;16307;1628029;846283;32.2;16.7
93;2021-05-15;29178;10195;1657207;856478;32.8;16.9
93;2021-05-16;12683;2495;1669890;858973;33.0;17.0
93;2021-05-17;25029;17248;1694919;876221;33.5;17.3
93;2021-05-18;29232;16586;1724151;892807;34.1;17.7
93;2021-05-19;29229;15104;1753380;907911;34.7;18.0
93;2021-05-20;32240;16602;1785620;924513;35.3;18.3
93;2021-05-21;33482;17790;1819102;942303;36.0;18.6
93;2021-05-22;18502;7653;1837604;949956;36.3;18.8
93;2021-05-23;5891;2003;1843495;951959;36.5;18.8
93;2021-05-24;17420;4970;1860915;956929;36.8;18.9
93;2021-05-25;23318;20396;1884233;977325;37.3;19.3
93;2021-05-26;23887;21807;1908120;999132;37.7;19.8
93;2021-05-27;25798;23219;1933918;1022351;38.3;20.2
93;2021-05-28;22183;26549;1956101;1048900;38.7;20.7
93;2021-05-29;13120;14344;1969221;1063244;39.0;21.0
93;2021-05-30;2580;3179;1971801;1066423;39.0;21.1
93;2021-05-31;20609;21225;1992410;1087648;39.4;21.5
93;2021-06-01;23747;26041;2016157;1113689;39.9;22.0
93;2021-06-02;22099;26042;2038256;1139731;40.3;22.5
93;2021-06-03;27222;27163;2065478;1166894;40.9;23.1
93;2021-06-04;27228;28213;2092706;1195107;41.4;23.6
93;2021-06-05;15987;14177;2108693;1209284;41.7;23.9
93;2021-06-06;4854;2787;2113547;1212071;41.8;24.0
93;2021-06-07;16014;24133;2129561;1236204;42.1;24.5
93;2021-06-08;19968;23923;2149529;1260127;42.5;24.9
93;2021-06-09;19821;25374;2169350;1285501;42.9;25.4
93;2021-06-10;20540;24304;2189890;1309805;43.3;25.9
93;2021-06-11;18651;30526;2208541;1340331;43.7;26.5
93;2021-06-12;12173;15131;2220714;1355462;43.9;26.8
93;2021-06-13;2518;3296;2223232;1358758;44.0;26.9
94;2020-12-27;0;0;0;0;0.0;0.0
94;2020-12-28;0;0;0;0;0.0;0.0
94;2020-12-29;0;0;0;0;0.0;0.0
94;2020-12-30;0;0;0;0;0.0;0.0
94;2020-12-31;0;0;0;0;0.0;0.0
94;2021-01-01;0;0;0;0;0.0;0.0
94;2021-01-02;0;0;0;0;0.0;0.0
94;2021-01-03;0;0;0;0;0.0;0.0
94;2021-01-04;2;0;2;0;0.0;0.0
94;2021-01-05;0;0;2;0;0.0;0.0
94;2021-01-06;53;0;55;0;0.0;0.0
94;2021-01-07;333;1;388;1;0.1;0.0
94;2021-01-08;310;0;698;1;0.2;0.0
94;2021-01-09;78;0;776;1;0.2;0.0
94;2021-01-10;34;0;810;1;0.2;0.0
94;2021-01-11;152;2;962;3;0.3;0.0
94;2021-01-12;209;1;1171;4;0.3;0.0
94;2021-01-13;203;0;1374;4;0.4;0.0
94;2021-01-14;264;1;1638;5;0.5;0.0
94;2021-01-15;403;0;2041;5;0.6;0.0
94;2021-01-16;200;1;2241;6;0.7;0.0
94;2021-01-17;89;1;2330;7;0.7;0.0
94;2021-01-18;471;2;2801;9;0.8;0.0
94;2021-01-19;981;0;3782;9;1.1;0.0
94;2021-01-20;808;0;4590;9;1.3;0.0
94;2021-01-21;807;1;5397;10;1.6;0.0
94;2021-01-22;722;0;6119;10;1.8;0.0
94;2021-01-23;243;0;6362;10;1.8;0.0
94;2021-01-24;147;0;6509;10;1.9;0.0
94;2021-01-25;422;2;6931;12;2.0;0.0
94;2021-01-26;789;7;7720;19;2.2;0.0
94;2021-01-27;664;55;8384;74;2.4;0.0
94;2021-01-28;699;230;9083;304;2.6;0.1
94;2021-01-29;620;229;9703;533;2.8;0.2
94;2021-01-30;204;74;9907;607;2.9;0.2
94;2021-01-31;150;12;10057;619;2.9;0.2
94;2021-02-01;456;147;10513;766;3.1;0.2
94;2021-02-02;643;196;11156;962;3.2;0.3
94;2021-02-03;783;166;11939;1128;3.5;0.3
94;2021-02-04;714;298;12653;1426;3.7;0.4
94;2021-02-05;647;201;13300;1627;3.9;0.5
94;2021-02-06;206;75;13506;1702;3.9;0.5
94;2021-02-07;126;58;13632;1760;4.0;0.5
94;2021-02-08;322;366;13954;2126;4.0;0.6
94;2021-02-09;713;616;14667;2742;4.3;0.8
94;2021-02-10;643;430;15310;3172;4.4;0.9
94;2021-02-11;679;497;15989;3669;4.6;1.1
94;2021-02-12;635;428;16624;4097;4.8;1.2
94;2021-02-13;301;72;16925;4169;4.9;1.2
94;2021-02-14;195;78;17120;4247;5.0;1.2
94;2021-02-15;377;310;17497;4557;5.1;1.3
94;2021-02-16;634;604;18131;5161;5.3;1.5
94;2021-02-17;592;482;18723;5643;5.4;1.6
94;2021-02-18;550;545;19273;6188;5.6;1.8
94;2021-02-19;309;611;19582;6799;5.7;2.0
94;2021-02-20;275;199;19857;6998;5.8;2.0
94;2021-02-21;84;84;19941;7082;5.8;2.1
94;2021-02-22;211;406;20152;7488;5.8;2.2
94;2021-02-23;352;648;20504;8136;5.9;2.4
94;2021-02-24;298;609;20802;8745;6.0;2.5
94;2021-02-25;348;608;21150;9353;6.1;2.7
94;2021-02-26;419;555;21569;9908;6.3;2.9
94;2021-02-27;368;152;21937;10060;6.4;2.9
94;2021-02-28;70;123;22007;10183;6.4;3.0
94;2021-03-01;359;413;22366;10596;6.5;3.1
94;2021-03-02;549;654;22915;11250;6.6;3.3
94;2021-03-03;528;691;23443;11941;6.8;3.5
94;2021-03-04;950;635;24393;12576;7.1;3.6
94;2021-03-05;1584;672;25977;13248;7.5;3.8
94;2021-03-06;1843;164;27820;13412;8.1;3.9
94;2021-03-07;1379;100;29199;13512;8.5;3.9
94;2021-03-08;1228;323;30427;13835;8.8;4.0
94;2021-03-09;1312;653;31739;14488;9.2;4.2
94;2021-03-10;1259;576;32998;15064;9.6;4.4
94;2021-03-11;1307;632;34305;15696;10.0;4.6
94;2021-03-12;1515;539;35820;16235;10.4;4.7
94;2021-03-13;1114;303;36934;16538;10.7;4.8
94;2021-03-14;537;184;37471;16722;10.9;4.9
94;2021-03-15;886;399;38357;17121;11.1;5.0
94;2021-03-16;1064;639;39421;17760;11.4;5.2
94;2021-03-17;1225;529;40646;18289;11.8;5.3
94;2021-03-18;993;529;41639;18818;12.1;5.5
94;2021-03-19;1284;338;42923;19156;12.5;5.6
94;2021-03-20;1729;288;44652;19444;13.0;5.6
94;2021-03-21;1126;81;45778;19525;13.3;5.7
94;2021-03-22;888;187;46666;19712;13.5;5.7
94;2021-03-23;1302;319;47968;20031;13.9;5.8
94;2021-03-24;1681;303;49649;20334;14.4;5.9
94;2021-03-25;1750;291;51399;20625;14.9;6.0
94;2021-03-26;2020;342;53419;20967;15.5;6.1
94;2021-03-27;2270;226;55689;21193;16.2;6.1
94;2021-03-28;1069;216;56758;21409;16.5;6.2
94;2021-03-29;1021;312;57779;21721;16.8;6.3
94;2021-03-30;1350;556;59129;22277;17.2;6.5
94;2021-03-31;1425;485;60554;22762;17.6;6.6
94;2021-04-01;1633;678;62187;23440;18.0;6.8
94;2021-04-02;1858;1186;64045;24626;18.6;7.1
94;2021-04-03;1891;1125;65936;25751;19.1;7.5
94;2021-04-04;771;838;66707;26589;19.4;7.7
94;2021-04-05;628;806;67335;27395;19.5;7.9
94;2021-04-06;1576;907;68911;28302;20.0;8.2
94;2021-04-07;2003;847;70914;29149;20.6;8.5
94;2021-04-08;2173;753;73087;29902;21.2;8.7
94;2021-04-09;2093;945;75180;30847;21.8;8.9
94;2021-04-10;2400;620;77580;31467;22.5;9.1
94;2021-04-11;1173;312;78753;31779;22.8;9.2
94;2021-04-12;1517;894;80270;32673;23.3;9.5
94;2021-04-13;1384;1007;81654;33680;23.7;9.8
94;2021-04-14;2084;1073;83738;34753;24.3;10.1
94;2021-04-15;1909;1023;85647;35776;24.8;10.4
94;2021-04-16;1775;1036;87422;36812;25.4;10.7
94;2021-04-17;1748;1368;89170;38180;25.9;11.1
94;2021-04-18;1232;1275;90402;39455;26.2;11.4
94;2021-04-19;1088;769;91490;40224;26.5;11.7
94;2021-04-20;1249;1189;92739;41413;26.9;12.0
94;2021-04-21;1780;1331;94519;42744;27.4;12.4
94;2021-04-22;1821;1372;96340;44116;28.0;12.8
94;2021-04-23;1644;1400;97984;45516;28.4;13.2
94;2021-04-24;2031;1743;100015;47259;29.0;13.7
94;2021-04-25;1260;775;101275;48034;29.4;13.9
94;2021-04-26;1015;1144;102290;49178;29.7;14.3
94;2021-04-27;1307;1216;103597;50394;30.1;14.6
94;2021-04-28;2587;1263;106184;51657;30.8;15.0
94;2021-04-29;1966;1217;108150;52874;31.4;15.3
94;2021-04-30;2261;1876;110411;54750;32.0;15.9
94;2021-05-01;1422;1686;111833;56436;32.4;16.4
94;2021-05-02;1007;945;112840;57381;32.7;16.6
94;2021-05-03;1591;1065;114431;58446;33.2;17.0
94;2021-05-04;1550;1683;115981;60129;33.6;17.4
94;2021-05-05;1793;2352;117774;62481;34.2;18.1
94;2021-05-06;2175;1804;119949;64285;34.8;18.7
94;2021-05-07;2187;1811;122136;66096;35.4;19.2
94;2021-05-08;847;1348;122983;67444;35.7;19.6
94;2021-05-09;1157;1317;124140;68761;36.0;19.9
94;2021-05-10;1334;1532;125474;70293;36.4;20.4
94;2021-05-11;1559;1571;127033;71864;36.9;20.8
94;2021-05-12;1724;1365;128757;73229;37.4;21.2
94;2021-05-13;1901;497;130658;73726;37.9;21.4
94;2021-05-14;1501;1248;132159;74974;38.3;21.8
94;2021-05-15;1447;992;133606;75966;38.8;22.0
94;2021-05-16;999;664;134605;76630;39.1;22.2
94;2021-05-17;1566;963;136171;77593;39.5;22.5
94;2021-05-18;1534;851;137705;78444;40.0;22.8
94;2021-05-19;1524;891;139229;79335;40.4;23.0
94;2021-05-20;1325;885;140554;80220;40.8;23.3
94;2021-05-21;1198;976;141752;81196;41.1;23.6
94;2021-05-22;996;694;142748;81890;41.4;23.8
94;2021-05-23;680;327;143428;82217;41.6;23.9
94;2021-05-24;161;146;143589;82363;41.7;23.9
94;2021-05-25;942;856;144531;83219;41.9;24.1
94;2021-05-26;937;1953;145468;85172;42.2;24.7
94;2021-05-27;819;2236;146287;87408;42.4;25.4
94;2021-05-28;813;1818;147100;89226;42.7;25.9
94;2021-05-29;637;1252;147737;90478;42.9;26.2
94;2021-05-30;222;548;147959;91026;42.9;26.4
94;2021-05-31;547;1241;148506;92267;43.1;26.8
94;2021-06-01;729;1765;149235;94032;43.3;27.3
94;2021-06-02;609;1925;149844;95957;43.5;27.8
94;2021-06-03;773;1642;150617;97599;43.7;28.3
94;2021-06-04;601;2343;151218;99942;43.9;29.0
94;2021-06-05;552;1931;151770;101873;44.0;29.6
94;2021-06-06;213;1040;151983;102913;44.1;29.9
94;2021-06-07;436;1605;152419;104518;44.2;30.3
94;2021-06-08;750;1865;153169;106383;44.4;30.9
94;2021-06-09;816;2463;153985;108846;44.7;31.6
94;2021-06-10;675;1780;154660;110626;44.9;32.1
94;2021-06-11;686;2290;155346;112916;45.1;32.8
94;2021-06-12;345;1200;155691;114116;45.2;33.1
94;2021-06-13;198;853;155889;114969;45.2;33.4
