fra;clage_vacsi;jour;n_dose1;n_complet;n_cum_dose1;n_cum_complet;couv_dose1;couv_complet
FR;24;2020-12-27;1;0;1;0;0.0;0.0
FR;24;2020-12-28;2;0;3;0;0.0;0.0
FR;24;2020-12-29;0;0;3;0;0.0;0.0
FR;24;2020-12-30;0;0;3;0;0.0;0.0
FR;24;2020-12-31;0;0;3;0;0.0;0.0
FR;24;2021-01-01;1;0;4;0;0.0;0.0
FR;24;2021-01-02;0;0;4;0;0.0;0.0
FR;24;2021-01-03;2;0;6;0;0.0;0.0
FR;24;2021-01-04;4;0;10;0;0.0;0.0
FR;24;2021-01-05;17;0;27;0;0.0;0.0
FR;24;2021-01-06;36;0;63;0;0.0;0.0
FR;24;2021-01-07;180;0;243;0;0.0;0.0
FR;24;2021-01-08;216;0;459;0;0.0;0.0
FR;24;2021-01-09;40;0;499;0;0.0;0.0
FR;24;2021-01-10;35;0;534;0;0.0;0.0
FR;24;2021-01-11;251;2;785;2;0.0;0.0
FR;24;2021-01-12;395;1;1180;3;0.0;0.0
FR;24;2021-01-13;477;3;1657;6;0.0;0.0
FR;24;2021-01-14;607;5;2264;11;0.0;0.0
FR;24;2021-01-15;589;1;2853;12;0.1;0.0
FR;24;2021-01-16;116;3;2969;15;0.1;0.0
FR;24;2021-01-17;94;0;3063;15;0.1;0.0
FR;24;2021-01-18;506;1;3569;16;0.1;0.0
FR;24;2021-01-19;595;2;4164;18;0.1;0.0
FR;24;2021-01-20;649;0;4813;18;0.1;0.0
FR;24;2021-01-21;753;3;5566;21;0.1;0.0
FR;24;2021-01-22;599;3;6165;24;0.1;0.0
FR;24;2021-01-23;116;0;6281;24;0.1;0.0
FR;24;2021-01-24;22;0;6303;24;0.1;0.0
FR;24;2021-01-25;294;3;6597;27;0.1;0.0
FR;24;2021-01-26;365;11;6962;38;0.1;0.0
FR;24;2021-01-27;440;14;7402;52;0.1;0.0
FR;24;2021-01-28;595;50;7997;102;0.1;0.0
FR;24;2021-01-29;466;82;8463;184;0.2;0.0
FR;24;2021-01-30;87;16;8550;200;0.2;0.0
FR;24;2021-01-31;25;13;8575;213;0.2;0.0
FR;24;2021-02-01;155;134;8730;347;0.2;0.0
FR;24;2021-02-02;215;182;8945;529;0.2;0.0
FR;24;2021-02-03;216;185;9161;714;0.2;0.0
FR;24;2021-02-04;358;315;9519;1029;0.2;0.0
FR;24;2021-02-05;344;342;9863;1371;0.2;0.0
FR;24;2021-02-06;83;71;9946;1442;0.2;0.0
FR;24;2021-02-07;169;29;10115;1471;0.2;0.0
FR;24;2021-02-08;388;357;10503;1828;0.2;0.0
FR;24;2021-02-09;744;455;11247;2283;0.2;0.0
FR;24;2021-02-10;1085;593;12332;2876;0.2;0.1
FR;24;2021-02-11;1567;699;13899;3575;0.3;0.1
FR;24;2021-02-12;1618;554;15517;4129;0.3;0.1
FR;24;2021-02-13;290;90;15807;4219;0.3;0.1
FR;24;2021-02-14;62;30;15869;4249;0.3;0.1
FR;24;2021-02-15;1030;371;16899;4620;0.3;0.1
FR;24;2021-02-16;1560;563;18459;5183;0.3;0.1
FR;24;2021-02-17;1490;484;19949;5667;0.4;0.1
FR;24;2021-02-18;1941;614;21890;6281;0.4;0.1
FR;24;2021-02-19;1850;542;23740;6823;0.4;0.1
FR;24;2021-02-20;330;85;24070;6908;0.4;0.1
FR;24;2021-02-21;40;18;24110;6926;0.4;0.1
FR;24;2021-02-22;1150;276;25260;7202;0.5;0.1
FR;24;2021-02-23;1583;372;26843;7574;0.5;0.1
FR;24;2021-02-24;1644;320;28487;7894;0.5;0.1
FR;24;2021-02-25;2252;451;30739;8345;0.6;0.2
FR;24;2021-02-26;2171;366;32910;8711;0.6;0.2
FR;24;2021-02-27;528;77;33438;8788;0.6;0.2
FR;24;2021-02-28;92;15;33530;8803;0.6;0.2
FR;24;2021-03-01;1242;219;34772;9022;0.6;0.2
FR;24;2021-03-02;1640;279;36412;9301;0.7;0.2
FR;24;2021-03-03;1740;323;38152;9624;0.7;0.2
FR;24;2021-03-04;2099;472;40251;10096;0.7;0.2
FR;24;2021-03-05;3267;447;43518;10543;0.8;0.2
FR;24;2021-03-06;1699;120;45217;10663;0.8;0.2
FR;24;2021-03-07;975;54;46192;10717;0.9;0.2
FR;24;2021-03-08;1946;228;48138;10945;0.9;0.2
FR;24;2021-03-09;2597;272;50735;11217;0.9;0.2
FR;24;2021-03-10;2425;331;53160;11548;1.0;0.2
FR;24;2021-03-11;2906;469;56066;12017;1.0;0.2
FR;24;2021-03-12;3806;402;59872;12419;1.1;0.2
FR;24;2021-03-13;1474;85;61346;12504;1.1;0.2
FR;24;2021-03-14;530;33;61876;12537;1.1;0.2
FR;24;2021-03-15;1825;232;63701;12769;1.2;0.2
FR;24;2021-03-16;822;305;64523;13074;1.2;0.2
FR;24;2021-03-17;1066;316;65589;13390;1.2;0.2
FR;24;2021-03-18;1296;428;66885;13818;1.2;0.3
FR;24;2021-03-19;1860;352;68745;14170;1.3;0.3
FR;24;2021-03-20;831;85;69576;14255;1.3;0.3
FR;24;2021-03-21;632;51;70208;14306;1.3;0.3
FR;24;2021-03-22;1501;280;71709;14586;1.3;0.3
FR;24;2021-03-23;1793;390;73502;14976;1.4;0.3
FR;24;2021-03-24;2153;348;75655;15324;1.4;0.3
FR;24;2021-03-25;2554;487;78209;15811;1.4;0.3
FR;24;2021-03-26;3157;471;81366;16282;1.5;0.3
FR;24;2021-03-27;1895;190;83261;16472;1.5;0.3
FR;24;2021-03-28;1009;69;84270;16541;1.6;0.3
FR;24;2021-03-29;2427;352;86697;16893;1.6;0.3
FR;24;2021-03-30;3586;506;90283;17399;1.7;0.3
FR;24;2021-03-31;4107;506;94390;17905;1.7;0.3
FR;24;2021-04-01;5380;726;99770;18631;1.8;0.3
FR;24;2021-04-02;4440;606;104210;19237;1.9;0.4
FR;24;2021-04-03;1740;333;105950;19570;2.0;0.4
FR;24;2021-04-04;954;124;106904;19694;2.0;0.4
FR;24;2021-04-05;1092;127;107996;19821;2.0;0.4
FR;24;2021-04-06;3537;567;111533;20388;2.1;0.4
FR;24;2021-04-07;4756;786;116289;21174;2.1;0.4
FR;24;2021-04-08;6325;1081;122614;22255;2.3;0.4
FR;24;2021-04-09;5747;1022;128361;23277;2.4;0.4
FR;24;2021-04-10;2624;558;130985;23835;2.4;0.4
FR;24;2021-04-11;1253;306;132238;24141;2.4;0.4
FR;24;2021-04-12;3416;907;135654;25048;2.5;0.5
FR;24;2021-04-13;4723;1130;140377;26178;2.6;0.5
FR;24;2021-04-14;4887;1282;145264;27460;2.7;0.5
FR;24;2021-04-15;5132;1542;150396;29002;2.8;0.5
FR;24;2021-04-16;4765;1649;155161;30651;2.9;0.6
FR;24;2021-04-17;2110;789;157271;31440;2.9;0.6
FR;24;2021-04-18;720;429;157991;31869;2.9;0.6
FR;24;2021-04-19;2896;1502;160887;33371;3.0;0.6
FR;24;2021-04-20;3076;2105;163963;35476;3.0;0.7
FR;24;2021-04-21;3372;2439;167335;37915;3.1;0.7
FR;24;2021-04-22;3980;3098;171315;41013;3.2;0.8
FR;24;2021-04-23;4120;3258;175435;44271;3.2;0.8
FR;24;2021-04-24;2360;1665;177795;45936;3.3;0.8
FR;24;2021-04-25;1202;797;178997;46733;3.3;0.9
FR;24;2021-04-26;3031;2163;182028;48896;3.4;0.9
FR;24;2021-04-27;3856;3144;185884;52040;3.4;1.0
FR;24;2021-04-28;4337;3715;190221;55755;3.5;1.0
FR;24;2021-04-29;5394;4412;195615;60167;3.6;1.1
FR;24;2021-04-30;6121;4579;201736;64746;3.7;1.2
FR;24;2021-05-01;3693;1066;205429;65812;3.8;1.2
FR;24;2021-05-02;2733;894;208162;66706;3.8;1.2
FR;24;2021-05-03;6166;4118;214328;70824;4.0;1.3
FR;24;2021-05-04;7417;4693;221745;75517;4.1;1.4
FR;24;2021-05-05;8526;4905;230271;80422;4.2;1.5
FR;24;2021-05-06;10692;6326;240963;86748;4.4;1.6
FR;24;2021-05-07;11898;6356;252861;93104;4.7;1.7
FR;24;2021-05-08;9439;2475;262300;95579;4.8;1.8
FR;24;2021-05-09;6857;1921;269157;97500;5.0;1.8
FR;24;2021-05-10;10853;4901;280010;102401;5.2;1.9
FR;24;2021-05-11;15302;5695;295312;108096;5.4;2.0
FR;24;2021-05-12;22232;6046;317544;114142;5.9;2.1
FR;24;2021-05-13;26804;2942;344348;117084;6.3;2.2
FR;24;2021-05-14;31680;5410;376028;122494;6.9;2.3
FR;24;2021-05-15;33112;3852;409140;126346;7.5;2.3
FR;24;2021-05-16;21854;1940;430994;128286;7.9;2.4
FR;24;2021-05-17;29073;5120;460067;133406;8.5;2.5
FR;24;2021-05-18;36724;5917;496791;139323;9.2;2.6
FR;24;2021-05-19;38842;6906;535633;146229;9.9;2.7
FR;29;2020-12-27;0;0;0;0;0.0;0.0
FR;29;2020-12-28;1;0;1;0;0.0;0.0
FR;29;2020-12-29;0;0;1;0;0.0;0.0
FR;29;2020-12-30;0;0;1;0;0.0;0.0
FR;29;2020-12-31;0;0;1;0;0.0;0.0
FR;29;2021-01-01;2;0;3;0;0.0;0.0
FR;29;2021-01-02;2;0;5;0;0.0;0.0
FR;29;2021-01-03;2;0;7;0;0.0;0.0
FR;29;2021-01-04;10;0;17;0;0.0;0.0
FR;29;2021-01-05;42;0;59;0;0.0;0.0
FR;29;2021-01-06;142;0;201;0;0.0;0.0
FR;29;2021-01-07;306;1;507;1;0.0;0.0
FR;29;2021-01-08;517;2;1024;3;0.0;0.0
FR;29;2021-01-09;113;0;1137;3;0.0;0.0
FR;29;2021-01-10;91;0;1228;3;0.0;0.0
FR;29;2021-01-11;642;1;1870;4;0.1;0.0
FR;29;2021-01-12;929;4;2799;8;0.1;0.0
FR;29;2021-01-13;1210;2;4009;10;0.1;0.0
FR;29;2021-01-14;1557;9;5566;19;0.1;0.0
FR;29;2021-01-15;1304;2;6870;21;0.2;0.0
FR;29;2021-01-16;192;3;7062;24;0.2;0.0
FR;29;2021-01-17;158;0;7220;24;0.2;0.0
FR;29;2021-01-18;1039;3;8259;27;0.2;0.0
FR;29;2021-01-19;1144;4;9403;31;0.3;0.0
FR;29;2021-01-20;1192;2;10595;33;0.3;0.0
FR;29;2021-01-21;1449;5;12044;38;0.3;0.0
FR;29;2021-01-22;1144;4;13188;42;0.4;0.0
FR;29;2021-01-23;167;2;13355;44;0.4;0.0
FR;29;2021-01-24;51;0;13406;44;0.4;0.0
FR;29;2021-01-25;535;14;13941;58;0.4;0.0
FR;29;2021-01-26;660;35;14601;93;0.4;0.0
FR;29;2021-01-27;719;60;15320;153;0.4;0.0
FR;29;2021-01-28;1033;120;16353;273;0.4;0.0
FR;29;2021-01-29;801;170;17154;443;0.5;0.0
FR;29;2021-01-30;140;39;17294;482;0.5;0.0
FR;29;2021-01-31;33;26;17327;508;0.5;0.0
FR;29;2021-02-01;260;291;17587;799;0.5;0.0
FR;29;2021-02-02;403;372;17990;1171;0.5;0.0
FR;29;2021-02-03;453;458;18443;1629;0.5;0.0
FR;29;2021-02-04;606;716;19049;2345;0.5;0.1
FR;29;2021-02-05;530;746;19579;3091;0.5;0.1
FR;29;2021-02-06;141;106;19720;3197;0.5;0.1
FR;29;2021-02-07;304;61;20024;3258;0.5;0.1
FR;29;2021-02-08;600;800;20624;4058;0.6;0.1
FR;29;2021-02-09;1244;1006;21868;5064;0.6;0.1
FR;29;2021-02-10;1707;1125;23575;6189;0.6;0.2
FR;29;2021-02-11;2456;1396;26031;7585;0.7;0.2
FR;29;2021-02-12;2209;1202;28240;8787;0.8;0.2
FR;29;2021-02-13;423;155;28663;8942;0.8;0.2
FR;29;2021-02-14;133;81;28796;9023;0.8;0.2
FR;29;2021-02-15;1567;773;30363;9796;0.8;0.3
FR;29;2021-02-16;1909;1132;32272;10928;0.9;0.3
FR;29;2021-02-17;1882;926;34154;11854;0.9;0.3
FR;29;2021-02-18;2385;1137;36539;12991;1.0;0.3
FR;29;2021-02-19;2314;923;38853;13914;1.0;0.4
FR;29;2021-02-20;383;120;39236;14034;1.1;0.4
FR;29;2021-02-21;86;42;39322;14076;1.1;0.4
FR;29;2021-02-22;1347;513;40669;14589;1.1;0.4
FR;29;2021-02-23;1751;632;42420;15221;1.1;0.4
FR;29;2021-02-24;1780;520;44200;15741;1.2;0.4
FR;29;2021-02-25;2381;896;46581;16637;1.3;0.4
FR;29;2021-02-26;2559;627;49140;17264;1.3;0.5
FR;29;2021-02-27;606;103;49746;17367;1.3;0.5
FR;29;2021-02-28;112;27;49858;17394;1.3;0.5
FR;29;2021-03-01;1280;327;51138;17721;1.4;0.5
FR;29;2021-03-02;1787;562;52925;18283;1.4;0.5
FR;29;2021-03-03;1966;557;54891;18840;1.5;0.5
FR;29;2021-03-04;2441;711;57332;19551;1.5;0.5
FR;29;2021-03-05;3589;666;60921;20217;1.6;0.5
FR;29;2021-03-06;1620;129;62541;20346;1.7;0.5
FR;29;2021-03-07;819;98;63360;20444;1.7;0.6
FR;29;2021-03-08;1937;363;65297;20807;1.8;0.6
FR;29;2021-03-09;2632;437;67929;21244;1.8;0.6
FR;29;2021-03-10;2548;467;70477;21711;1.9;0.6
FR;29;2021-03-11;3321;759;73798;22470;2.0;0.6
FR;29;2021-03-12;3946;676;77744;23146;2.1;0.6
FR;29;2021-03-13;1618;123;79362;23269;2.1;0.6
FR;29;2021-03-14;562;57;79924;23326;2.2;0.6
FR;29;2021-03-15;1880;334;81804;23660;2.2;0.6
FR;29;2021-03-16;1116;486;82920;24146;2.2;0.6
FR;29;2021-03-17;1373;490;84293;24636;2.3;0.7
FR;29;2021-03-18;1639;658;85932;25294;2.3;0.7
FR;29;2021-03-19;2220;536;88152;25830;2.4;0.7
FR;29;2021-03-20;987;122;89139;25952;2.4;0.7
FR;29;2021-03-21;725;58;89864;26010;2.4;0.7
FR;29;2021-03-22;1655;397;91519;26407;2.5;0.7
FR;29;2021-03-23;2204;586;93723;26993;2.5;0.7
FR;29;2021-03-24;2525;551;96248;27544;2.6;0.7
FR;29;2021-03-25;3368;658;99616;28202;2.7;0.8
FR;29;2021-03-26;3726;659;103342;28861;2.8;0.8
FR;29;2021-03-27;2143;238;105485;29099;2.8;0.8
FR;29;2021-03-28;963;58;106448;29157;2.9;0.8
FR;29;2021-03-29;2748;500;109196;29657;2.9;0.8
FR;29;2021-03-30;3975;686;113171;30343;3.0;0.8
FR;29;2021-03-31;4480;766;117651;31109;3.2;0.8
FR;29;2021-04-01;5829;966;123480;32075;3.3;0.9
FR;29;2021-04-02;4875;886;128355;32961;3.5;0.9
FR;29;2021-04-03;1763;325;130118;33286;3.5;0.9
FR;29;2021-04-04;897;115;131015;33401;3.5;0.9
FR;29;2021-04-05;915;111;131930;33512;3.5;0.9
FR;29;2021-04-06;3485;732;135415;34244;3.6;0.9
FR;29;2021-04-07;4521;1080;139936;35324;3.8;1.0
FR;29;2021-04-08;6233;1399;146169;36723;3.9;1.0
FR;29;2021-04-09;6257;1236;152426;37959;4.1;1.0
FR;29;2021-04-10;2644;608;155070;38567;4.2;1.0
FR;29;2021-04-11;1161;331;156231;38898;4.2;1.0
FR;29;2021-04-12;3559;1017;159790;39915;4.3;1.1
FR;29;2021-04-13;4822;1464;164612;41379;4.4;1.1
FR;29;2021-04-14;4725;1483;169337;42862;4.6;1.2
FR;29;2021-04-15;5529;1780;174866;44642;4.7;1.2
FR;29;2021-04-16;4735;1853;179601;46495;4.8;1.3
FR;29;2021-04-17;2220;905;181821;47400;4.9;1.3
FR;29;2021-04-18;766;516;182587;47916;4.9;1.3
FR;29;2021-04-19;2830;1739;185417;49655;5.0;1.3
FR;29;2021-04-20;3445;2468;188862;52123;5.1;1.4
FR;29;2021-04-21;3413;2755;192275;54878;5.2;1.5
FR;29;2021-04-22;4389;3799;196664;58677;5.3;1.6
FR;29;2021-04-23;4516;3728;201180;62405;5.4;1.7
FR;29;2021-04-24;2664;1809;203844;64214;5.5;1.7
FR;29;2021-04-25;1165;731;205009;64945;5.5;1.7
FR;29;2021-04-26;2915;2447;207924;67392;5.6;1.8
FR;29;2021-04-27;3947;3576;211871;70968;5.7;1.9
FR;29;2021-04-28;4588;3991;216459;74959;5.8;2.0
FR;29;2021-04-29;5794;4938;222253;79897;6.0;2.1
FR;29;2021-04-30;6384;5154;228637;85051;6.2;2.3
FR;29;2021-05-01;3984;1199;232621;86250;6.3;2.3
FR;29;2021-05-02;2591;905;235212;87155;6.3;2.3
FR;29;2021-05-03;6723;4268;241935;91423;6.5;2.5
FR;29;2021-05-04;7990;5150;249925;96573;6.7;2.6
FR;29;2021-05-05;9414;5137;259339;101710;7.0;2.7
FR;29;2021-05-06;11068;6479;270407;108189;7.3;2.9
FR;29;2021-05-07;11529;6550;281936;114739;7.6;3.1
FR;29;2021-05-08;8389;2213;290325;116952;7.8;3.1
FR;29;2021-05-09;5899;1736;296224;118688;8.0;3.2
FR;29;2021-05-10;10478;5232;306702;123920;8.3;3.3
FR;29;2021-05-11;14391;6303;321093;130223;8.6;3.5
FR;29;2021-05-12;19468;6210;340561;136433;9.2;3.7
FR;29;2021-05-13;19341;2285;359902;138718;9.7;3.7
FR;29;2021-05-14;22046;4311;381948;143029;10.3;3.8
FR;29;2021-05-15;20837;2891;402785;145920;10.8;3.9
FR;29;2021-05-16;13370;1312;416155;147232;11.2;4.0
FR;29;2021-05-17;21235;4884;437390;152116;11.8;4.1
FR;29;2021-05-18;27553;5617;464943;157733;12.5;4.2
FR;29;2021-05-19;28023;5880;492966;163613;13.3;4.4
FR;39;2020-12-27;0;0;0;0;0.0;0.0
FR;39;2020-12-28;0;0;0;0;0.0;0.0
FR;39;2020-12-29;1;0;1;0;0.0;0.0
FR;39;2020-12-30;3;0;4;0;0.0;0.0
FR;39;2020-12-31;1;0;5;0;0.0;0.0
FR;39;2021-01-01;4;0;9;0;0.0;0.0
FR;39;2021-01-02;2;1;11;1;0.0;0.0
FR;39;2021-01-03;2;0;13;1;0.0;0.0
FR;39;2021-01-04;23;0;36;1;0.0;0.0
FR;39;2021-01-05;139;0;175;1;0.0;0.0
FR;39;2021-01-06;384;0;559;1;0.0;0.0
FR;39;2021-01-07;1174;5;1733;6;0.0;0.0
FR;39;2021-01-08;1782;3;3515;9;0.0;0.0
FR;39;2021-01-09;473;0;3988;9;0.0;0.0
FR;39;2021-01-10;307;1;4295;10;0.1;0.0
FR;39;2021-01-11;2204;6;6499;16;0.1;0.0
FR;39;2021-01-12;3391;11;9890;27;0.1;0.0
FR;39;2021-01-13;3482;7;13372;34;0.2;0.0
FR;39;2021-01-14;4762;44;18134;78;0.2;0.0
FR;39;2021-01-15;4379;13;22513;91;0.3;0.0
FR;39;2021-01-16;768;4;23281;95;0.3;0.0
FR;39;2021-01-17;488;2;23769;97;0.3;0.0
FR;39;2021-01-18;3062;21;26831;118;0.3;0.0
FR;39;2021-01-19;3993;14;30824;132;0.4;0.0
FR;39;2021-01-20;3892;11;34716;143;0.4;0.0
FR;39;2021-01-21;5118;16;39834;159;0.5;0.0
FR;39;2021-01-22;3938;20;43772;179;0.5;0.0
FR;39;2021-01-23;590;3;44362;182;0.5;0.0
FR;39;2021-01-24;184;0;44546;182;0.5;0.0
FR;39;2021-01-25;1587;39;46133;221;0.6;0.0
FR;39;2021-01-26;2159;96;48292;317;0.6;0.0
FR;39;2021-01-27;2277;207;50569;524;0.6;0.0
FR;39;2021-01-28;3467;464;54036;988;0.7;0.0
FR;39;2021-01-29;2671;693;56707;1681;0.7;0.0
FR;39;2021-01-30;393;214;57100;1895;0.7;0.0
FR;39;2021-01-31;89;78;57189;1973;0.7;0.0
FR;39;2021-02-01;747;1057;57936;3030;0.7;0.0
FR;39;2021-02-02;1326;1646;59262;4676;0.7;0.1
FR;39;2021-02-03;1353;1652;60615;6328;0.7;0.1
FR;39;2021-02-04;1970;2531;62585;8859;0.8;0.1
FR;39;2021-02-05;1633;2701;64218;11560;0.8;0.1
FR;39;2021-02-06;397;430;64615;11990;0.8;0.1
FR;39;2021-02-07;553;206;65168;12196;0.8;0.1
FR;39;2021-02-08;1513;2412;66681;14608;0.8;0.2
FR;39;2021-02-09;3158;3351;69839;17959;0.8;0.2
FR;39;2021-02-10;3873;3488;73712;21447;0.9;0.3
FR;39;2021-02-11;6144;4809;79856;26256;1.0;0.3
FR;39;2021-02-12;5799;3951;85655;30207;1.0;0.4
FR;39;2021-02-13;1237;539;86892;30746;1.0;0.4
FR;39;2021-02-14;386;262;87278;31008;1.1;0.4
FR;39;2021-02-15;3410;2363;90688;33371;1.1;0.4
FR;39;2021-02-16;4411;3311;95099;36682;1.1;0.4
FR;39;2021-02-17;3979;2834;99078;39516;1.2;0.5
FR;39;2021-02-18;5964;3843;105042;43359;1.3;0.5
FR;39;2021-02-19;5800;3035;110842;46394;1.3;0.6
FR;39;2021-02-20;1134;464;111976;46858;1.3;0.6
FR;39;2021-02-21;185;118;112161;46976;1.4;0.6
FR;39;2021-02-22;2972;1636;115133;48612;1.4;0.6
FR;39;2021-02-23;3891;1889;119024;50501;1.4;0.6
FR;39;2021-02-24;3708;1685;122732;52186;1.5;0.6
FR;39;2021-02-25;5566;2482;128298;54668;1.5;0.7
FR;39;2021-02-26;6054;1873;134352;56541;1.6;0.7
FR;39;2021-02-27;1653;299;136005;56840;1.6;0.7
FR;39;2021-02-28;240;119;136245;56959;1.6;0.7
FR;39;2021-03-01;2916;976;139161;57935;1.7;0.7
FR;39;2021-03-02;4203;1580;143364;59515;1.7;0.7
FR;39;2021-03-03;4207;1487;147571;61002;1.8;0.7
FR;39;2021-03-04;6226;2250;153797;63252;1.9;0.8
FR;39;2021-03-05;9085;2028;162882;65280;2.0;0.8
FR;39;2021-03-06;4897;388;167779;65668;2.0;0.8
FR;39;2021-03-07;2633;232;170412;65900;2.1;0.8
FR;39;2021-03-08;4655;1080;175067;66980;2.1;0.8
FR;39;2021-03-09;6828;1445;181895;68425;2.2;0.8
FR;39;2021-03-10;6064;1480;187959;69905;2.3;0.8
FR;39;2021-03-11;8617;2319;196576;72224;2.4;0.9
FR;39;2021-03-12;11383;2035;207959;74259;2.5;0.9
FR;39;2021-03-13;5205;395;213164;74654;2.6;0.9
FR;39;2021-03-14;1745;147;214909;74801;2.6;0.9
FR;39;2021-03-15;4748;1012;219657;75813;2.6;0.9
FR;39;2021-03-16;3358;1387;223015;77200;2.7;0.9
FR;39;2021-03-17;3430;1478;226445;78678;2.7;0.9
FR;39;2021-03-18;4635;1953;231080;80631;2.8;1.0
FR;39;2021-03-19;6241;1606;237321;82237;2.9;1.0
FR;39;2021-03-20;3167;353;240488;82590;2.9;1.0
FR;39;2021-03-21;2069;162;242557;82752;2.9;1.0
FR;39;2021-03-22;4438;1071;246995;83823;3.0;1.0
FR;39;2021-03-23;6151;1633;253146;85456;3.1;1.0
FR;39;2021-03-24;6294;1336;259440;86792;3.1;1.0
FR;39;2021-03-25;9035;1702;268475;88494;3.2;1.1
FR;39;2021-03-26;10621;1655;279096;90149;3.4;1.1
FR;39;2021-03-27;5988;590;285084;90739;3.4;1.1
FR;39;2021-03-28;2730;175;287814;90914;3.5;1.1
FR;39;2021-03-29;7176;1258;294990;92172;3.6;1.1
FR;39;2021-03-30;10490;1835;305480;94007;3.7;1.1
FR;39;2021-03-31;11123;1800;316603;95807;3.8;1.2
FR;39;2021-04-01;14939;2562;331542;98369;4.0;1.2
FR;39;2021-04-02;13230;2393;344772;100762;4.2;1.2
FR;39;2021-04-03;5600;1000;350372;101762;4.2;1.2
FR;39;2021-04-04;2520;337;352892;102099;4.3;1.2
FR;39;2021-04-05;2529;318;355421;102417;4.3;1.2
FR;39;2021-04-06;9241;2251;364662;104668;4.4;1.3
FR;39;2021-04-07;12144;2697;376806;107365;4.5;1.3
FR;39;2021-04-08;16773;3621;393579;110986;4.7;1.3
FR;39;2021-04-09;16814;3553;410393;114539;4.9;1.4
FR;39;2021-04-10;7406;1922;417799;116461;5.0;1.4
FR;39;2021-04-11;2980;976;420779;117437;5.1;1.4
FR;39;2021-04-12;9564;2731;430343;120168;5.2;1.4
FR;39;2021-04-13;12879;3956;443222;124124;5.3;1.5
FR;39;2021-04-14;12789;3801;456011;127925;5.5;1.5
FR;39;2021-04-15;14608;4752;470619;132677;5.7;1.6
FR;39;2021-04-16;12648;5243;483267;137920;5.8;1.7
FR;39;2021-04-17;6093;2703;489360;140623;5.9;1.7
FR;39;2021-04-18;2250;1554;491610;142177;5.9;1.7
FR;39;2021-04-19;7830;4668;499440;146845;6.0;1.8
FR;39;2021-04-20;9316;6694;508756;153539;6.1;1.9
FR;39;2021-04-21;10136;7137;518892;160676;6.3;1.9
FR;39;2021-04-22;11752;10260;530644;170936;6.4;2.1
FR;39;2021-04-23;12073;10448;542717;181384;6.5;2.2
FR;39;2021-04-24;7753;5055;550470;186439;6.6;2.2
FR;39;2021-04-25;3413;2147;553883;188586;6.7;2.3
FR;39;2021-04-26;8471;6935;562354;195521;6.8;2.4
FR;39;2021-04-27;11724;9517;574078;205038;6.9;2.5
FR;39;2021-04-28;13088;10009;587166;215047;7.1;2.6
FR;39;2021-04-29;17011;12895;604177;227942;7.3;2.7
FR;39;2021-04-30;19642;13209;623819;241151;7.5;2.9
FR;39;2021-05-01;12898;3519;636717;244670;7.7;2.9
FR;39;2021-05-02;9275;2484;645992;247154;7.8;3.0
FR;39;2021-05-03;22065;11280;668057;258434;8.1;3.1
FR;39;2021-05-04;26612;13910;694669;272344;8.4;3.3
FR;39;2021-05-05;30367;14210;725036;286554;8.7;3.5
FR;39;2021-05-06;36779;17608;761815;304162;9.2;3.7
FR;39;2021-05-07;38133;18448;799948;322610;9.6;3.9
FR;39;2021-05-08;27719;5516;827667;328126;10.0;4.0
FR;39;2021-05-09;18765;4282;846432;332408;10.2;4.0
FR;39;2021-05-10;33543;14420;879975;346828;10.6;4.2
FR;39;2021-05-11;43757;17018;923732;363846;11.1;4.4
FR;39;2021-05-12;55347;16074;979079;379920;11.8;4.6
FR;39;2021-05-13;52366;5538;1031445;385458;12.4;4.6
FR;39;2021-05-14;61330;10882;1092775;396340;13.2;4.8
FR;39;2021-05-15;55457;6766;1148232;403106;13.8;4.9
FR;39;2021-05-16;36034;3070;1184266;406176;14.3;4.9
FR;39;2021-05-17;55781;11807;1240047;417983;14.9;5.0
FR;39;2021-05-18;69462;13432;1309509;431415;15.8;5.2
FR;39;2021-05-19;72905;13937;1382414;445352;16.7;5.4
FR;49;2020-12-27;2;0;2;0;0.0;0.0
FR;49;2020-12-28;2;0;4;0;0.0;0.0
FR;49;2020-12-29;1;0;5;0;0.0;0.0
FR;49;2020-12-30;6;0;11;0;0.0;0.0
FR;49;2020-12-31;1;0;12;0;0.0;0.0
FR;49;2021-01-01;3;0;15;0;0.0;0.0
FR;49;2021-01-02;9;0;24;0;0.0;0.0
FR;49;2021-01-03;4;0;28;0;0.0;0.0
FR;49;2021-01-04;86;0;114;0;0.0;0.0
FR;49;2021-01-05;333;1;447;1;0.0;0.0
FR;49;2021-01-06;855;3;1302;4;0.0;0.0
FR;49;2021-01-07;2158;6;3460;10;0.0;0.0
FR;49;2021-01-08;3356;6;6816;16;0.1;0.0
FR;49;2021-01-09;1000;1;7816;17;0.1;0.0
FR;49;2021-01-10;472;1;8288;18;0.1;0.0
FR;49;2021-01-11;4165;8;12453;26;0.1;0.0
FR;49;2021-01-12;5842;10;18295;36;0.2;0.0
FR;49;2021-01-13;6137;12;24432;48;0.3;0.0
FR;49;2021-01-14;8313;65;32745;113;0.4;0.0
FR;49;2021-01-15;7590;18;40335;131;0.5;0.0
FR;49;2021-01-16;1415;8;41750;139;0.5;0.0
FR;49;2021-01-17;619;4;42369;143;0.5;0.0
FR;49;2021-01-18;5052;16;47421;159;0.6;0.0
FR;49;2021-01-19;6796;12;54217;171;0.6;0.0
FR;49;2021-01-20;6609;19;60826;190;0.7;0.0
FR;49;2021-01-21;8362;21;69188;211;0.8;0.0
FR;49;2021-01-22;6231;29;75419;240;0.9;0.0
FR;49;2021-01-23;1013;6;76432;246;0.9;0.0
FR;49;2021-01-24;282;3;76714;249;0.9;0.0
FR;49;2021-01-25;2603;95;79317;344;0.9;0.0
FR;49;2021-01-26;3717;218;83034;562;1.0;0.0
FR;49;2021-01-27;3970;386;87004;948;1.0;0.0
FR;49;2021-01-28;5526;964;92530;1912;1.1;0.0
FR;49;2021-01-29;4391;1554;96921;3466;1.1;0.0
FR;49;2021-01-30;689;377;97610;3843;1.1;0.0
FR;49;2021-01-31;137;125;97747;3968;1.1;0.0
FR;49;2021-02-01;1362;2086;99109;6054;1.2;0.1
FR;49;2021-02-02;2262;3195;101371;9249;1.2;0.1
FR;49;2021-02-03;2291;3375;103662;12624;1.2;0.1
FR;49;2021-02-04;3345;4764;107007;17388;1.2;0.2
FR;49;2021-02-05;2778;4881;109785;22269;1.3;0.3
FR;49;2021-02-06;565;885;110350;23154;1.3;0.3
FR;49;2021-02-07;520;290;110870;23444;1.3;0.3
FR;49;2021-02-08;1933;4048;112803;27492;1.3;0.3
FR;49;2021-02-09;4326;5722;117129;33214;1.4;0.4
FR;49;2021-02-10;5485;6028;122614;39242;1.4;0.5
FR;49;2021-02-11;7965;7928;130579;47170;1.5;0.5
FR;49;2021-02-12;7283;6412;137862;53582;1.6;0.6
FR;49;2021-02-13;1692;1010;139554;54592;1.6;0.6
FR;49;2021-02-14;405;405;139959;54997;1.6;0.6
FR;49;2021-02-15;4106;3853;144065;58850;1.7;0.7
FR;49;2021-02-16;5369;5302;149434;64152;1.7;0.7
FR;49;2021-02-17;5128;4631;154562;68783;1.8;0.8
FR;49;2021-02-18;7462;6152;162024;74935;1.9;0.9
FR;49;2021-02-19;7024;4842;169048;79777;2.0;0.9
FR;49;2021-02-20;1488;785;170536;80562;2.0;0.9
FR;49;2021-02-21;276;224;170812;80786;2.0;0.9
FR;49;2021-02-22;3517;2633;174329;83419;2.0;1.0
FR;49;2021-02-23;4836;3102;179165;86521;2.1;1.0
FR;49;2021-02-24;4878;2811;184043;89332;2.1;1.0
FR;49;2021-02-25;7516;4115;191559;93447;2.2;1.1
FR;49;2021-02-26;8228;3114;199787;96561;2.3;1.1
FR;49;2021-02-27;2666;553;202453;97114;2.4;1.1
FR;49;2021-02-28;330;135;202783;97249;2.4;1.1
FR;49;2021-03-01;3779;1605;206562;98854;2.4;1.2
FR;49;2021-03-02;5733;2425;212295;101279;2.5;1.2
FR;49;2021-03-03;5955;2445;218250;103724;2.5;1.2
FR;49;2021-03-04;8825;3379;227075;107103;2.6;1.2
FR;49;2021-03-05;12455;3111;239530;110214;2.8;1.3
FR;49;2021-03-06;8522;567;248052;110781;2.9;1.3
FR;49;2021-03-07;4666;376;252718;111157;2.9;1.3
FR;49;2021-03-08;6350;1606;259068;112763;3.0;1.3
FR;49;2021-03-09;9440;2215;268508;114978;3.1;1.3
FR;49;2021-03-10;8880;2262;277388;117240;3.2;1.4
FR;49;2021-03-11;12702;3297;290090;120537;3.4;1.4
FR;49;2021-03-12;16344;2788;306434;123325;3.6;1.4
FR;49;2021-03-13;9497;569;315931;123894;3.7;1.4
FR;49;2021-03-14;3124;225;319055;124119;3.7;1.4
FR;49;2021-03-15;6836;1417;325891;125536;3.8;1.5
FR;49;2021-03-16;4612;2100;330503;127636;3.8;1.5
FR;49;2021-03-17;5151;1974;335654;129610;3.9;1.5
FR;49;2021-03-18;6525;2735;342179;132345;4.0;1.5
FR;49;2021-03-19;9455;2246;351634;134591;4.1;1.6
FR;49;2021-03-20;5861;547;357495;135138;4.2;1.6
FR;49;2021-03-21;3141;198;360636;135336;4.2;1.6
FR;49;2021-03-22;6277;1448;366913;136784;4.3;1.6
FR;49;2021-03-23;8567;2115;375480;138899;4.4;1.6
FR;49;2021-03-24;9480;1926;384960;140825;4.5;1.6
FR;49;2021-03-25;12302;2295;397262;143120;4.6;1.7
FR;49;2021-03-26;14671;2246;411933;145366;4.8;1.7
FR;49;2021-03-27;9343;797;421276;146163;4.9;1.7
FR;49;2021-03-28;3847;288;425123;146451;4.9;1.7
FR;49;2021-03-29;9840;1792;434963;148243;5.1;1.7
FR;49;2021-03-30;14227;2600;449190;150843;5.2;1.8
FR;49;2021-03-31;15487;2671;464677;153514;5.4;1.8
FR;49;2021-04-01;19732;3565;484409;157079;5.6;1.8
FR;49;2021-04-02;17403;3333;501812;160412;5.8;1.9
FR;49;2021-04-03;9316;1800;511128;162212;5.9;1.9
FR;49;2021-04-04;4110;614;515238;162826;6.0;1.9
FR;49;2021-04-05;4197;514;519435;163340;6.0;1.9
FR;49;2021-04-06;13135;3310;532570;166650;6.2;1.9
FR;49;2021-04-07;17573;4157;550143;170807;6.4;2.0
FR;49;2021-04-08;22277;5042;572420;175849;6.7;2.0
FR;49;2021-04-09;23367;5213;595787;181062;6.9;2.1
FR;49;2021-04-10;12405;3345;608192;184407;7.1;2.1
FR;49;2021-04-11;4459;1667;612651;186074;7.1;2.2
FR;49;2021-04-12;14073;3723;626724;189797;7.3;2.2
FR;49;2021-04-13;18595;5675;645319;195472;7.5;2.3
FR;49;2021-04-14;19264;5871;664583;201343;7.7;2.3
FR;49;2021-04-15;20113;6916;684696;208259;8.0;2.4
FR;49;2021-04-16;17273;7235;701969;215494;8.2;2.5
FR;49;2021-04-17;9803;4618;711772;220112;8.3;2.6
FR;49;2021-04-18;3342;2277;715114;222389;8.3;2.6
FR;49;2021-04-19;11854;6333;726968;228722;8.5;2.7
FR;49;2021-04-20;13969;8947;740937;237669;8.6;2.8
FR;49;2021-04-21;15689;10058;756626;247727;8.8;2.9
FR;49;2021-04-22;17296;13037;773922;260764;9.0;3.0
FR;49;2021-04-23;17794;13973;791716;274737;9.2;3.2
FR;49;2021-04-24;12490;7764;804206;282501;9.4;3.3
FR;49;2021-04-25;5273;3106;809479;285607;9.4;3.3
FR;49;2021-04-26;13369;9886;822848;295493;9.6;3.4
FR;49;2021-04-27;18383;13013;841231;308506;9.8;3.6
FR;49;2021-04-28;22272;14455;863503;322961;10.0;3.8
FR;49;2021-04-29;26999;17151;890502;340112;10.4;4.0
FR;49;2021-04-30;31454;17962;921956;358074;10.7;4.2
FR;49;2021-05-01;23205;5657;945161;363731;11.0;4.2
FR;49;2021-05-02;16378;3837;961539;367568;11.2;4.3
FR;49;2021-05-03;38799;15451;1000338;383019;11.6;4.5
FR;49;2021-05-04;45931;20205;1046269;403224;12.2;4.7
FR;49;2021-05-05;54917;21524;1101186;424748;12.8;4.9
FR;49;2021-05-06;61750;24472;1162936;449220;13.5;5.2
FR;49;2021-05-07;64863;25874;1227799;475094;14.3;5.5
FR;49;2021-05-08;49502;8957;1277301;484051;14.9;5.6
FR;49;2021-05-09;32154;6214;1309455;490265;15.2;5.7
FR;49;2021-05-10;56577;20547;1366032;510812;15.9;5.9
FR;49;2021-05-11;71163;23736;1437195;534548;16.7;6.2
FR;49;2021-05-12;88467;23738;1525662;558286;17.8;6.5
FR;49;2021-05-13;79037;7634;1604699;565920;18.7;6.6
FR;49;2021-05-14;95093;15536;1699792;581456;19.8;6.8
FR;49;2021-05-15;85034;10656;1784826;592112;20.8;6.9
FR;49;2021-05-16;53076;4459;1837902;596571;21.4;6.9
FR;49;2021-05-17;81076;16161;1918978;612732;22.3;7.1
FR;49;2021-05-18;96047;17599;2015025;630331;23.4;7.3
FR;49;2021-05-19;107938;19130;2122963;649461;24.7;7.6
FR;59;2020-12-27;2;0;2;0;0.0;0.0
FR;59;2020-12-28;6;0;8;0;0.0;0.0
FR;59;2020-12-29;2;0;10;0;0.0;0.0
FR;59;2020-12-30;6;0;16;0;0.0;0.0
FR;59;2020-12-31;9;0;25;0;0.0;0.0
FR;59;2021-01-01;24;1;49;1;0.0;0.0
FR;59;2021-01-02;26;0;75;1;0.0;0.0
FR;59;2021-01-03;36;0;111;1;0.0;0.0
FR;59;2021-01-04;592;1;703;2;0.0;0.0
FR;59;2021-01-05;2165;1;2868;3;0.0;0.0
FR;59;2021-01-06;4800;8;7668;11;0.1;0.0
FR;59;2021-01-07;10503;21;18171;32;0.2;0.0
FR;59;2021-01-08;14279;15;32450;47;0.4;0.0
FR;59;2021-01-09;4054;7;36504;54;0.4;0.0
FR;59;2021-01-10;1984;1;38488;55;0.4;0.0
FR;59;2021-01-11;15908;19;54396;74;0.6;0.0
FR;59;2021-01-12;21080;26;75476;100;0.9;0.0
FR;59;2021-01-13;22669;34;98145;134;1.1;0.0
FR;59;2021-01-14;24719;209;122864;343;1.4;0.0
FR;59;2021-01-15;21552;83;144416;426;1.6;0.0
FR;59;2021-01-16;5371;16;149787;442;1.7;0.0
FR;59;2021-01-17;1801;7;151588;449;1.7;0.0
FR;59;2021-01-18;13562;49;165150;498;1.9;0.0
FR;59;2021-01-19;17915;61;183065;559;2.1;0.0
FR;59;2021-01-20;17024;60;200089;619;2.3;0.0
FR;59;2021-01-21;18689;42;218778;661;2.5;0.0
FR;59;2021-01-22;13849;68;232627;729;2.6;0.0
FR;59;2021-01-23;2947;19;235574;748;2.7;0.0
FR;59;2021-01-24;825;12;236399;760;2.7;0.0
FR;59;2021-01-25;6693;603;243092;1363;2.8;0.0
FR;59;2021-01-26;8386;1366;251478;2729;2.9;0.0
FR;59;2021-01-27;8790;2384;260268;5113;3.0;0.1
FR;59;2021-01-28;10427;5018;270695;10131;3.1;0.1
FR;59;2021-01-29;7825;6637;278520;16768;3.2;0.2
FR;59;2021-01-30;1755;1509;280275;18277;3.2;0.2
FR;59;2021-01-31;370;546;280645;18823;3.2;0.2
FR;59;2021-02-01;3144;8736;283789;27559;3.2;0.3
FR;59;2021-02-02;4655;12475;288444;40034;3.3;0.5
FR;59;2021-02-03;4799;13532;293243;53566;3.3;0.6
FR;59;2021-02-04;5885;15880;299128;69446;3.4;0.8
FR;59;2021-02-05;4761;14907;303889;84353;3.5;1.0
FR;59;2021-02-06;1150;2996;305039;87349;3.5;1.0
FR;59;2021-02-07;389;981;305428;88330;3.5;1.0
FR;59;2021-02-08;2752;12455;308180;100785;3.5;1.1
FR;59;2021-02-09;4895;16138;313075;116923;3.6;1.3
FR;59;2021-02-10;5677;16018;318752;132941;3.6;1.5
FR;59;2021-02-11;7629;19654;326381;152595;3.7;1.7
FR;59;2021-02-12;6726;15977;333107;168572;3.8;1.9
FR;59;2021-02-13;1683;3441;334790;172013;3.8;2.0
FR;59;2021-02-14;360;982;335150;172995;3.8;2.0
FR;59;2021-02-15;3257;10501;338407;183496;3.8;2.1
FR;59;2021-02-16;4725;13517;343132;197013;3.9;2.2
FR;59;2021-02-17;4959;12266;348091;209279;4.0;2.4
FR;59;2021-02-18;7046;13791;355137;223070;4.0;2.5
FR;59;2021-02-19;6437;10649;361574;233719;4.1;2.7
FR;59;2021-02-20;1412;2473;362986;236192;4.1;2.7
FR;59;2021-02-21;281;568;363267;236760;4.1;2.7
FR;59;2021-02-22;3242;6340;366509;243100;4.2;2.8
FR;59;2021-02-23;4782;7072;371291;250172;4.2;2.8
FR;59;2021-02-24;6823;6361;378114;256533;4.3;2.9
FR;59;2021-02-25;21079;8378;399193;264911;4.5;3.0
FR;59;2021-02-26;28131;6115;427324;271026;4.9;3.1
FR;59;2021-02-27;17013;1449;444337;272475;5.1;3.1
FR;59;2021-02-28;1102;373;445439;272848;5.1;3.1
FR;59;2021-03-01;8725;3466;454164;276314;5.2;3.1
FR;59;2021-03-02;17022;4790;471186;281104;5.4;3.2
FR;59;2021-03-03;20459;4850;491645;285954;5.6;3.3
FR;59;2021-03-04;31948;5670;523593;291624;6.0;3.3
FR;59;2021-03-05;40523;5161;564116;296785;6.4;3.4
FR;59;2021-03-06;35516;1311;599632;298096;6.8;3.4
FR;59;2021-03-07;13928;928;613560;299024;7.0;3.4
FR;59;2021-03-08;12172;3063;625732;302087;7.1;3.4
FR;59;2021-03-09;22652;4024;648384;306111;7.4;3.5
FR;59;2021-03-10;22955;4069;671339;310180;7.6;3.5
FR;59;2021-03-11;34008;5206;705347;315386;8.0;3.6
FR;59;2021-03-12;45066;4273;750413;319659;8.5;3.6
FR;59;2021-03-13;35865;1149;786278;320808;8.9;3.6
FR;59;2021-03-14;7151;360;793429;321168;9.0;3.7
FR;59;2021-03-15;14372;2452;807801;323620;9.2;3.7
FR;59;2021-03-16;7854;2899;815655;326519;9.3;3.7
FR;59;2021-03-17;8699;3052;824354;329571;9.4;3.7
FR;59;2021-03-18;10365;3918;834719;333489;9.5;3.8
FR;59;2021-03-19;23306;3391;858025;336880;9.8;3.8
FR;59;2021-03-20;20968;984;878993;337864;10.0;3.8
FR;59;2021-03-21;6260;355;885253;338219;10.1;3.8
FR;59;2021-03-22;15371;2588;900624;340807;10.2;3.9
FR;59;2021-03-23;25243;3340;925867;344147;10.5;3.9
FR;59;2021-03-24;27822;3337;953689;347484;10.8;4.0
FR;59;2021-03-25;37670;3628;991359;351112;11.3;4.0
FR;59;2021-03-26;42581;3833;1033940;354945;11.8;4.0
FR;59;2021-03-27;26721;1594;1060661;356539;12.1;4.1
FR;59;2021-03-28;7508;427;1068169;356966;12.1;4.1
FR;59;2021-03-29;21569;3234;1089738;360200;12.4;4.1
FR;59;2021-03-30;31982;4150;1121720;364350;12.8;4.1
FR;59;2021-03-31;31222;4475;1152942;368825;13.1;4.2
FR;59;2021-04-01;38110;5573;1191052;374398;13.5;4.3
FR;59;2021-04-02;36692;5536;1227744;379934;14.0;4.3
FR;59;2021-04-03;21246;3361;1248990;383295;14.2;4.4
FR;59;2021-04-04;7325;1184;1256315;384479;14.3;4.4
FR;59;2021-04-05;8245;1059;1264560;385538;14.4;4.4
FR;59;2021-04-06;25545;5748;1290105;391286;14.7;4.5
FR;59;2021-04-07;33696;6949;1323801;398235;15.1;4.5
FR;59;2021-04-08;44699;8206;1368500;406441;15.6;4.6
FR;59;2021-04-09;60375;8699;1428875;415140;16.3;4.7
FR;59;2021-04-10;36311;6942;1465186;422082;16.7;4.8
FR;59;2021-04-11;9721;3479;1474907;425561;16.8;4.8
FR;59;2021-04-12;35098;7263;1510005;432824;17.2;4.9
FR;59;2021-04-13;49560;9909;1559565;442733;17.7;5.0
FR;59;2021-04-14;49858;9931;1609423;452664;18.3;5.1
FR;59;2021-04-15;59089;11436;1668512;464100;19.0;5.3
FR;59;2021-04-16;62835;12106;1731347;476206;19.7;5.4
FR;59;2021-04-17;41261;9525;1772608;485731;20.2;5.5
FR;59;2021-04-18;12246;4604;1784854;490335;20.3;5.6
FR;59;2021-04-19;32954;11017;1817808;501352;20.7;5.7
FR;59;2021-04-20;44250;14525;1862058;515877;21.2;5.9
FR;59;2021-04-21;46610;16241;1908668;532118;21.7;6.1
FR;59;2021-04-22;55189;19218;1963857;551336;22.3;6.3
FR;59;2021-04-23;64598;20417;2028455;571753;23.1;6.5
FR;59;2021-04-24;47244;15359;2075699;587112;23.6;6.7
FR;59;2021-04-25;16394;5391;2092093;592503;23.8;6.7
FR;59;2021-04-26;40742;17301;2132835;609804;24.3;6.9
FR;59;2021-04-27;56138;23060;2188973;632864;24.9;7.2
FR;59;2021-04-28;63731;25677;2252704;658541;25.6;7.5
FR;59;2021-04-29;77289;31310;2329993;689851;26.5;7.8
FR;59;2021-04-30;91954;36191;2421947;726042;27.5;8.3
FR;59;2021-05-01;42355;10837;2464302;736879;28.0;8.4
FR;59;2021-05-02;23287;7198;2487589;744077;28.3;8.5
FR;59;2021-05-03;61869;26096;2549458;770173;29.0;8.8
FR;59;2021-05-04;70334;34157;2619792;804330;29.8;9.1
FR;59;2021-05-05;76652;37102;2696444;841432;30.7;9.6
FR;59;2021-05-06;88720;43344;2785164;884776;31.7;10.1
FR;59;2021-05-07;97123;53599;2882287;938375;32.8;10.7
FR;59;2021-05-08;56994;16233;2939281;954608;33.4;10.9
FR;59;2021-05-09;39196;10262;2978477;964870;33.9;11.0
FR;59;2021-05-10;94378;39782;3072855;1004652;34.9;11.4
FR;59;2021-05-11;124677;48935;3197532;1053587;36.4;12.0
FR;59;2021-05-12;121559;45794;3319091;1099381;37.7;12.5
FR;59;2021-05-13;92065;14235;3411156;1113616;38.8;12.7
FR;59;2021-05-14;128045;33917;3539201;1147533;40.3;13.1
FR;59;2021-05-15;113511;25185;3652712;1172718;41.5;13.3
FR;59;2021-05-16;55209;7030;3707921;1179748;42.2;13.4
FR;59;2021-05-17;104715;30360;3812636;1210108;43.4;13.8
FR;59;2021-05-18;115336;33674;3927972;1243782;44.7;14.1
FR;59;2021-05-19;116971;35012;4044943;1278794;46.0;14.5
FR;64;2020-12-27;1;0;1;0;0.0;0.0
FR;64;2020-12-28;1;0;2;0;0.0;0.0
FR;64;2020-12-29;2;0;4;0;0.0;0.0
FR;64;2020-12-30;6;0;10;0;0.0;0.0
FR;64;2020-12-31;5;0;15;0;0.0;0.0
FR;64;2021-01-01;8;0;23;0;0.0;0.0
FR;64;2021-01-02;11;0;34;0;0.0;0.0
FR;64;2021-01-03;17;0;51;0;0.0;0.0
FR;64;2021-01-04;209;2;260;2;0.0;0.0
FR;64;2021-01-05;896;3;1156;5;0.0;0.0
FR;64;2021-01-06;1688;2;2844;7;0.1;0.0
FR;64;2021-01-07;3653;4;6497;11;0.2;0.0
FR;64;2021-01-08;4857;7;11354;18;0.3;0.0
FR;64;2021-01-09;1950;0;13304;18;0.3;0.0
FR;64;2021-01-10;1023;0;14327;18;0.3;0.0
FR;64;2021-01-11;5264;1;19591;19;0.5;0.0
FR;64;2021-01-12;7116;6;26707;25;0.7;0.0
FR;64;2021-01-13;7431;13;34138;38;0.8;0.0
FR;64;2021-01-14;8545;77;42683;115;1.0;0.0
FR;64;2021-01-15;7078;29;49761;144;1.2;0.0
FR;64;2021-01-16;2198;13;51959;157;1.3;0.0
FR;64;2021-01-17;842;8;52801;165;1.3;0.0
FR;64;2021-01-18;4678;11;57479;176;1.4;0.0
FR;64;2021-01-19;6393;12;63872;188;1.6;0.0
FR;64;2021-01-20;6210;26;70082;214;1.7;0.0
FR;64;2021-01-21;6876;18;76958;232;1.9;0.0
FR;64;2021-01-22;5393;21;82351;253;2.0;0.0
FR;64;2021-01-23;1412;8;83763;261;2.0;0.0
FR;64;2021-01-24;430;7;84193;268;2.1;0.0
FR;64;2021-01-25;2767;196;86960;464;2.1;0.0
FR;64;2021-01-26;3520;485;90480;949;2.2;0.0
FR;64;2021-01-27;3760;879;94240;1828;2.3;0.0
FR;64;2021-01-28;4560;1741;98800;3569;2.4;0.1
FR;64;2021-01-29;3520;2317;102320;5886;2.5;0.1
FR;64;2021-01-30;837;706;103157;6592;2.5;0.2
FR;64;2021-01-31;172;279;103329;6871;2.5;0.2
FR;64;2021-02-01;1512;2860;104841;9731;2.6;0.2
FR;64;2021-02-02;2140;4140;106981;13871;2.6;0.3
FR;64;2021-02-03;2301;4358;109282;18229;2.7;0.4
FR;64;2021-02-04;2807;5502;112089;23731;2.7;0.6
FR;64;2021-02-05;2174;4963;114263;28694;2.8;0.7
FR;64;2021-02-06;655;1303;114918;29997;2.8;0.7
FR;64;2021-02-07;164;493;115082;30490;2.8;0.7
FR;64;2021-02-08;1483;4195;116565;34685;2.8;0.8
FR;64;2021-02-09;2338;5655;118903;40340;2.9;1.0
FR;64;2021-02-10;2565;5663;121468;46003;3.0;1.1
FR;64;2021-02-11;3451;7212;124919;53215;3.0;1.3
FR;64;2021-02-12;3106;5428;128025;58643;3.1;1.4
FR;64;2021-02-13;833;1444;128858;60087;3.1;1.5
FR;64;2021-02-14;194;434;129052;60521;3.1;1.5
FR;64;2021-02-15;1586;3874;130638;64395;3.2;1.6
FR;64;2021-02-16;2082;5120;132720;69515;3.2;1.7
FR;64;2021-02-17;2207;4626;134927;74141;3.3;1.8
FR;64;2021-02-18;3219;5431;138146;79572;3.4;1.9
FR;64;2021-02-19;2986;4196;141132;83768;3.4;2.0
FR;64;2021-02-20;802;1193;141934;84961;3.5;2.1
FR;64;2021-02-21;134;254;142068;85215;3.5;2.1
FR;64;2021-02-22;1487;2662;143555;87877;3.5;2.1
FR;64;2021-02-23;2386;2904;145941;90781;3.6;2.2
FR;64;2021-02-24;3862;2839;149803;93620;3.7;2.3
FR;64;2021-02-25;15948;3807;165751;97427;4.0;2.4
FR;64;2021-02-26;21727;2733;187478;100160;4.6;2.4
FR;64;2021-02-27;13002;735;200480;100895;4.9;2.5
FR;64;2021-02-28;790;174;201270;101069;4.9;2.5
FR;64;2021-03-01;6503;1735;207773;102804;5.1;2.5
FR;64;2021-03-02;13075;2291;220848;105095;5.4;2.6
FR;64;2021-03-03;15826;2325;236674;107420;5.8;2.6
FR;64;2021-03-04;24973;2789;261647;110209;6.4;2.7
FR;64;2021-03-05;30298;2555;291945;112764;7.1;2.7
FR;64;2021-03-06;26501;700;318446;113464;7.8;2.8
FR;64;2021-03-07;9791;479;328237;113943;8.0;2.8
FR;64;2021-03-08;8725;1752;336962;115695;8.2;2.8
FR;64;2021-03-09;16738;1970;353700;117665;8.6;2.9
FR;64;2021-03-10;16954;2094;370654;119759;9.0;2.9
FR;64;2021-03-11;25764;2734;396418;122493;9.7;3.0
FR;64;2021-03-12;33266;2264;429684;124757;10.5;3.0
FR;64;2021-03-13;27152;664;456836;125421;11.1;3.1
FR;64;2021-03-14;5414;176;462250;125597;11.3;3.1
FR;64;2021-03-15;10951;1400;473201;126997;11.5;3.1
FR;64;2021-03-16;5973;1750;479174;128747;11.7;3.1
FR;64;2021-03-17;6089;1658;485263;130405;11.8;3.2
FR;64;2021-03-18;7626;2037;492889;132442;12.0;3.2
FR;64;2021-03-19;18806;1867;511695;134309;12.5;3.3
FR;64;2021-03-20;18453;685;530148;134994;12.9;3.3
FR;64;2021-03-21;4716;206;534864;135200;13.0;3.3
FR;64;2021-03-22;13457;1522;548321;136722;13.4;3.3
FR;64;2021-03-23;23389;1951;571710;138673;13.9;3.4
FR;64;2021-03-24;24988;2006;596698;140679;14.5;3.4
FR;64;2021-03-25;36417;2258;633115;142937;15.4;3.5
FR;64;2021-03-26;39987;2222;673102;145159;16.4;3.5
FR;64;2021-03-27;21174;943;694276;146102;16.9;3.6
FR;64;2021-03-28;5063;244;699339;146346;17.0;3.6
FR;64;2021-03-29;17472;2084;716811;148430;17.5;3.6
FR;64;2021-03-30;27228;2741;744039;151171;18.1;3.7
FR;64;2021-03-31;24013;2812;768052;153983;18.7;3.8
FR;64;2021-04-01;30372;3673;798424;157656;19.5;3.8
FR;64;2021-04-02;29091;3512;827515;161168;20.2;3.9
FR;64;2021-04-03;15950;2327;843465;163495;20.6;4.0
FR;64;2021-04-04;4023;784;847488;164279;20.7;4.0
FR;64;2021-04-05;5098;781;852586;165060;20.8;4.0
FR;64;2021-04-06;19072;4205;871658;169265;21.2;4.1
FR;64;2021-04-07;23448;4726;895106;173991;21.8;4.2
FR;64;2021-04-08;34418;5506;929524;179497;22.7;4.4
FR;64;2021-04-09;53240;5889;982764;185386;24.0;4.5
FR;64;2021-04-10;29749;4918;1012513;190304;24.7;4.6
FR;64;2021-04-11;6261;2592;1018774;192896;24.8;4.7
FR;64;2021-04-12;27915;5091;1046689;197987;25.5;4.8
FR;64;2021-04-13;42336;7260;1089025;205247;26.5;5.0
FR;64;2021-04-14;40569;7032;1129594;212279;27.5;5.2
FR;64;2021-04-15;51697;8239;1181291;220518;28.8;5.4
FR;64;2021-04-16;63957;8743;1245248;229261;30.4;5.6
FR;64;2021-04-17;38332;7011;1283580;236272;31.3;5.8
FR;64;2021-04-18;10897;3312;1294477;239584;31.6;5.8
FR;64;2021-04-19;41717;8489;1336194;248073;32.6;6.0
FR;64;2021-04-20;52326;10289;1388520;258362;33.8;6.3
FR;64;2021-04-21;52151;10720;1440671;269082;35.1;6.6
FR;64;2021-04-22;56993;12581;1497664;281663;36.5;6.9
FR;64;2021-04-23;60432;12484;1558096;294147;38.0;7.2
FR;64;2021-04-24;43159;8981;1601255;303128;39.0;7.4
FR;64;2021-04-25;16084;3306;1617339;306434;39.4;7.5
FR;64;2021-04-26;49218;11365;1666557;317799;40.6;7.7
FR;64;2021-04-27;62628;15353;1729185;333152;42.2;8.1
FR;64;2021-04-28;63596;15828;1792781;348980;43.7;8.5
FR;64;2021-04-29;73189;20241;1865970;369221;45.5;9.0
FR;64;2021-04-30;74827;21787;1940797;391008;47.3;9.5
FR;64;2021-05-01;29054;6592;1969851;397600;48.0;9.7
FR;64;2021-05-02;14366;3939;1984217;401539;48.4;9.8
FR;64;2021-05-03;51830;15735;2036047;417274;49.6;10.2
FR;64;2021-05-04;52741;21532;2088788;438806;50.9;10.7
FR;64;2021-05-05;49006;22578;2137794;461384;52.1;11.2
FR;64;2021-05-06;56463;28677;2194257;490061;53.5;11.9
FR;64;2021-05-07;50560;33874;2244817;523935;54.7;12.8
FR;64;2021-05-08;19820;9225;2264637;533160;55.2;13.0
FR;64;2021-05-09;9987;5471;2274624;538631;55.4;13.1
FR;64;2021-05-10;34003;26676;2308627;565307;56.3;13.8
FR;64;2021-05-11;43711;37025;2352338;602332;57.3;14.7
FR;64;2021-05-12;38612;34863;2390950;637195;58.3;15.5
FR;64;2021-05-13;21887;10017;2412837;647212;58.8;15.8
FR;64;2021-05-14;36053;28955;2448890;676167;59.7;16.5
FR;64;2021-05-15;21066;18938;2469956;695105;60.2;16.9
FR;64;2021-05-16;7949;4286;2477905;699391;60.4;17.0
FR;64;2021-05-17;26640;25299;2504545;724690;61.1;17.7
FR;64;2021-05-18;32945;28163;2537490;752853;61.9;18.4
FR;64;2021-05-19;29930;26276;2567420;779129;62.6;19.0
FR;69;2020-12-27;2;0;2;0;0.0;0.0
FR;69;2020-12-28;2;0;4;0;0.0;0.0
FR;69;2020-12-29;3;0;7;0;0.0;0.0
FR;69;2020-12-30;7;0;14;0;0.0;0.0
FR;69;2020-12-31;5;0;19;0;0.0;0.0
FR;69;2021-01-01;6;0;25;0;0.0;0.0
FR;69;2021-01-02;10;0;35;0;0.0;0.0
FR;69;2021-01-03;8;0;43;0;0.0;0.0
FR;69;2021-01-04;114;0;157;0;0.0;0.0
FR;69;2021-01-05;410;2;567;2;0.0;0.0
FR;69;2021-01-06;806;2;1373;4;0.0;0.0
FR;69;2021-01-07;1889;3;3262;7;0.1;0.0
FR;69;2021-01-08;2448;0;5710;7;0.1;0.0
FR;69;2021-01-09;1123;1;6833;8;0.2;0.0
FR;69;2021-01-10;657;0;7490;8;0.2;0.0
FR;69;2021-01-11;2729;3;10219;11;0.3;0.0
FR;69;2021-01-12;3862;1;14081;12;0.4;0.0
FR;69;2021-01-13;3780;9;17861;21;0.5;0.0
FR;69;2021-01-14;4559;45;22420;66;0.6;0.0
FR;69;2021-01-15;3831;13;26251;79;0.7;0.0
FR;69;2021-01-16;1341;8;27592;87;0.7;0.0
FR;69;2021-01-17;634;3;28226;90;0.7;0.0
FR;69;2021-01-18;3254;14;31480;104;0.8;0.0
FR;69;2021-01-19;4784;16;36264;120;0.9;0.0
FR;69;2021-01-20;4752;11;41016;131;1.1;0.0
FR;69;2021-01-21;5513;12;46529;143;1.2;0.0
FR;69;2021-01-22;4367;12;50896;155;1.3;0.0
FR;69;2021-01-23;1359;4;52255;159;1.3;0.0
FR;69;2021-01-24;446;5;52701;164;1.4;0.0
FR;69;2021-01-25;2719;81;55420;245;1.4;0.0
FR;69;2021-01-26;3343;180;58763;425;1.5;0.0
FR;69;2021-01-27;3667;405;62430;830;1.6;0.0
FR;69;2021-01-28;4319;885;66749;1715;1.7;0.0
FR;69;2021-01-29;3481;1232;70230;2947;1.8;0.1
FR;69;2021-01-30;937;402;71167;3349;1.8;0.1
FR;69;2021-01-31;180;159;71347;3508;1.8;0.1
FR;69;2021-02-01;1803;1521;73150;5029;1.9;0.1
FR;69;2021-02-02;2400;2201;75550;7230;1.9;0.2
FR;69;2021-02-03;2415;2271;77965;9501;2.0;0.2
FR;69;2021-02-04;2975;2921;80940;12422;2.1;0.3
FR;69;2021-02-05;2500;2536;83440;14958;2.1;0.4
FR;69;2021-02-06;722;808;84162;15766;2.2;0.4
FR;69;2021-02-07;162;391;84324;16157;2.2;0.4
FR;69;2021-02-08;1606;2408;85930;18565;2.2;0.5
FR;69;2021-02-09;2398;3410;88328;21975;2.3;0.6
FR;69;2021-02-10;2559;3402;90887;25377;2.3;0.7
FR;69;2021-02-11;3509;4857;94396;30234;2.4;0.8
FR;69;2021-02-12;3145;3415;97541;33649;2.5;0.9
FR;69;2021-02-13;864;1032;98405;34681;2.5;0.9
FR;69;2021-02-14;213;412;98618;35093;2.5;0.9
FR;69;2021-02-15;1325;2775;99943;37868;2.6;1.0
FR;69;2021-02-16;1862;3980;101805;41848;2.6;1.1
FR;69;2021-02-17;2010;3661;103815;45509;2.7;1.2
FR;69;2021-02-18;2990;4552;106805;50061;2.7;1.3
FR;69;2021-02-19;2852;3500;109657;53561;2.8;1.4
FR;69;2021-02-20;752;1025;110409;54586;2.8;1.4
FR;69;2021-02-21;149;235;110558;54821;2.8;1.4
FR;69;2021-02-22;1602;2574;112160;57395;2.9;1.5
FR;69;2021-02-23;2265;2813;114425;60208;2.9;1.5
FR;69;2021-02-24;2656;2907;117081;63115;3.0;1.6
FR;69;2021-02-25;3867;3569;120948;66684;3.1;1.7
FR;69;2021-02-26;4257;2621;125205;69305;3.2;1.8
FR;69;2021-02-27;1799;703;127004;70008;3.3;1.8
FR;69;2021-02-28;309;177;127313;70185;3.3;1.8
FR;69;2021-03-01;2791;1923;130104;72108;3.3;1.8
FR;69;2021-03-02;4707;2428;134811;74536;3.5;1.9
FR;69;2021-03-03;6640;2463;141451;76999;3.6;2.0
FR;69;2021-03-04;11674;2979;153125;79978;3.9;2.0
FR;69;2021-03-05;17378;2645;170503;82623;4.4;2.1
FR;69;2021-03-06;22954;715;193457;83338;5.0;2.1
FR;69;2021-03-07;14695;392;208152;83730;5.3;2.1
FR;69;2021-03-08;9709;2011;217861;85741;5.6;2.2
FR;69;2021-03-09;17409;2447;235270;88188;6.0;2.3
FR;69;2021-03-10;18705;2494;253975;90682;6.5;2.3
FR;69;2021-03-11;29011;3136;282986;93818;7.3;2.4
FR;69;2021-03-12;39669;2819;322655;96637;8.3;2.5
FR;69;2021-03-13;35780;875;358435;97512;9.2;2.5
FR;69;2021-03-14;8160;225;366595;97737;9.4;2.5
FR;69;2021-03-15;16589;1769;383184;99506;9.8;2.6
FR;69;2021-03-16;10705;2159;393889;101665;10.1;2.6
FR;69;2021-03-17;11704;2156;405593;103821;10.4;2.7
FR;69;2021-03-18;13097;2570;418690;106391;10.7;2.7
FR;69;2021-03-19;28680;2359;447370;108750;11.5;2.8
FR;69;2021-03-20;26842;834;474212;109584;12.2;2.8
FR;69;2021-03-21;7107;260;481319;109844;12.3;2.8
FR;69;2021-03-22;21113;2116;502432;111960;12.9;2.9
FR;69;2021-03-23;36052;2724;538484;114684;13.8;2.9
FR;69;2021-03-24;37342;2755;575826;117439;14.8;3.0
FR;69;2021-03-25;54776;2986;630602;120425;16.2;3.1
FR;69;2021-03-26;58933;2863;689535;123288;17.7;3.2
FR;69;2021-03-27;30018;1292;719553;124580;18.4;3.2
FR;69;2021-03-28;7595;363;727148;124943;18.6;3.2
FR;69;2021-03-29;27614;3370;754762;128313;19.3;3.3
FR;69;2021-03-30;42157;4258;796919;132571;20.4;3.4
FR;69;2021-03-31;35287;4313;832206;136884;21.3;3.5
FR;69;2021-04-01;43089;5680;875295;142564;22.4;3.7
FR;69;2021-04-02;41222;5833;916517;148397;23.5;3.8
FR;69;2021-04-03;21633;3895;938150;152292;24.0;3.9
FR;69;2021-04-04;5801;1298;943951;153590;24.2;3.9
FR;69;2021-04-05;7605;1051;951556;154641;24.4;4.0
FR;69;2021-04-06;27710;7116;979266;161757;25.1;4.1
FR;69;2021-04-07;32322;7682;1011588;169439;25.9;4.3
FR;69;2021-04-08;48455;8744;1060043;178183;27.2;4.6
FR;69;2021-04-09;70366;8879;1130409;187062;29.0;4.8
FR;69;2021-04-10;36587;7779;1166996;194841;29.9;5.0
FR;69;2021-04-11;7992;4271;1174988;199112;30.1;5.1
FR;69;2021-04-12;38471;8764;1213459;207876;31.1;5.3
FR;69;2021-04-13;53382;11852;1266841;219728;32.5;5.6
FR;69;2021-04-14;49151;11557;1315992;231285;33.7;5.9
FR;69;2021-04-15;61616;13403;1377608;244688;35.3;6.3
FR;69;2021-04-16;72323;13941;1449931;258629;37.2;6.6
FR;69;2021-04-17;39490;10606;1489421;269235;38.2;6.9
FR;69;2021-04-18;9990;5012;1499411;274247;38.4;7.0
FR;69;2021-04-19;45729;13792;1545140;288039;39.6;7.4
FR;69;2021-04-20;56859;16702;1601999;304741;41.1;7.8
FR;69;2021-04-21;53204;16431;1655203;321172;42.4;8.2
FR;69;2021-04-22;59906;18616;1715109;339788;44.0;8.7
FR;69;2021-04-23;59012;18604;1774121;358392;45.5;9.2
FR;69;2021-04-24;37138;13068;1811259;371460;46.4;9.5
FR;69;2021-04-25;13136;4956;1824395;376416;46.8;9.6
FR;69;2021-04-26;48900;18252;1873295;394668;48.0;10.1
FR;69;2021-04-27;61465;23047;1934760;417715;49.6;10.7
FR;69;2021-04-28;59456;21953;1994216;439668;51.1;11.3
FR;69;2021-04-29;69649;24698;2063865;464366;52.9;11.9
FR;69;2021-04-30;66613;23756;2130478;488122;54.6;12.5
FR;69;2021-05-01;23591;7559;2154069;495681;55.2;12.7
FR;69;2021-05-02;11126;5126;2165195;500807;55.5;12.8
FR;69;2021-05-03;47082;21251;2212277;522058;56.7;13.4
FR;69;2021-05-04;47607;27668;2259884;549726;57.9;14.1
FR;69;2021-05-05;42419;27090;2302303;576816;59.0;14.8
FR;69;2021-05-06;50554;30128;2352857;606944;60.3;15.6
FR;69;2021-05-07;42053;34218;2394910;641162;61.4;16.4
FR;69;2021-05-08;14995;9330;2409905;650492;61.8;16.7
FR;69;2021-05-09;7260;6550;2417165;657042;61.9;16.8
FR;69;2021-05-10;29294;34644;2446459;691686;62.7;17.7
FR;69;2021-05-11;37962;43696;2484421;735382;63.7;18.8
FR;69;2021-05-12;32705;39138;2517126;774520;64.5;19.8
FR;69;2021-05-13;17421;11490;2534547;786010;65.0;20.1
FR;69;2021-05-14;29809;34102;2564356;820112;65.7;21.0
FR;69;2021-05-15;15118;18489;2579474;838601;66.1;21.5
FR;69;2021-05-16;5427;4304;2584901;842905;66.2;21.6
FR;69;2021-05-17;21618;28734;2606519;871639;66.8;22.3
FR;69;2021-05-18;27511;29504;2634030;901143;67.5;23.1
FR;69;2021-05-19;23943;25159;2657973;926302;68.1;23.7
FR;74;2020-12-27;1;0;1;0;0.0;0.0
FR;74;2020-12-28;7;0;8;0;0.0;0.0
FR;74;2020-12-29;5;0;13;0;0.0;0.0
FR;74;2020-12-30;11;0;24;0;0.0;0.0
FR;74;2020-12-31;7;0;31;0;0.0;0.0
FR;74;2021-01-01;5;0;36;0;0.0;0.0
FR;74;2021-01-02;3;0;39;0;0.0;0.0
FR;74;2021-01-03;12;0;51;0;0.0;0.0
FR;74;2021-01-04;85;1;136;1;0.0;0.0
FR;74;2021-01-05;297;0;433;1;0.0;0.0
FR;74;2021-01-06;554;0;987;1;0.0;0.0
FR;74;2021-01-07;1463;0;2450;1;0.1;0.0
FR;74;2021-01-08;1789;3;4239;4;0.1;0.0
FR;74;2021-01-09;794;1;5033;5;0.1;0.0
FR;74;2021-01-10;534;0;5567;5;0.2;0.0
FR;74;2021-01-11;2120;0;7687;5;0.2;0.0
FR;74;2021-01-12;3143;3;10830;8;0.3;0.0
FR;74;2021-01-13;3193;5;14023;13;0.4;0.0
FR;74;2021-01-14;3935;39;17958;52;0.5;0.0
FR;74;2021-01-15;3529;9;21487;61;0.6;0.0
FR;74;2021-01-16;1333;2;22820;63;0.7;0.0
FR;74;2021-01-17;764;3;23584;66;0.7;0.0
FR;74;2021-01-18;4715;11;28299;77;0.8;0.0
FR;74;2021-01-19;6811;11;35110;88;1.0;0.0
FR;74;2021-01-20;7092;10;42202;98;1.2;0.0
FR;74;2021-01-21;8171;20;50373;118;1.4;0.0
FR;74;2021-01-22;6532;16;56905;134;1.6;0.0
FR;74;2021-01-23;2258;1;59163;135;1.7;0.0
FR;74;2021-01-24;608;0;59771;135;1.7;0.0
FR;74;2021-01-25;4529;56;64300;191;1.8;0.0
FR;74;2021-01-26;5620;148;69920;339;2.0;0.0
FR;74;2021-01-27;5977;271;75897;610;2.2;0.0
FR;74;2021-01-28;6962;749;82859;1359;2.4;0.0
FR;74;2021-01-29;5730;896;88589;2255;2.5;0.1
FR;74;2021-01-30;1769;261;90358;2516;2.6;0.1
FR;74;2021-01-31;294;114;90652;2630;2.6;0.1
FR;74;2021-02-01;3275;1060;93927;3690;2.7;0.1
FR;74;2021-02-02;4275;1783;98202;5473;2.8;0.2
FR;74;2021-02-03;4301;1805;102503;7278;2.9;0.2
FR;74;2021-02-04;5170;2467;107673;9745;3.1;0.3
FR;74;2021-02-05;4382;2178;112055;11923;3.2;0.3
FR;74;2021-02-06;1395;694;113450;12617;3.3;0.4
FR;74;2021-02-07;243;351;113693;12968;3.3;0.4
FR;74;2021-02-08;3071;2505;116764;15473;3.4;0.4
FR;74;2021-02-09;4100;3722;120864;19195;3.5;0.6
FR;74;2021-02-10;4409;3814;125273;23009;3.6;0.7
FR;74;2021-02-11;5611;5469;130884;28478;3.8;0.8
FR;74;2021-02-12;5251;3816;136135;32294;3.9;0.9
FR;74;2021-02-13;1646;1218;137781;33512;4.0;1.0
FR;74;2021-02-14;404;471;138185;33983;4.0;1.0
FR;74;2021-02-15;2396;4177;140581;38160;4.0;1.1
FR;74;2021-02-16;3276;5630;143857;43790;4.1;1.3
FR;74;2021-02-17;3392;5448;147249;49238;4.2;1.4
FR;74;2021-02-18;4920;6802;152169;56040;4.4;1.6
FR;74;2021-02-19;4871;5403;157040;61443;4.5;1.8
FR;74;2021-02-20;1547;1736;158587;63179;4.6;1.8
FR;74;2021-02-21;232;415;158819;63594;4.6;1.8
FR;74;2021-02-22;2858;4291;161677;67885;4.6;2.0
FR;74;2021-02-23;4130;4890;165807;72775;4.8;2.1
FR;74;2021-02-24;4515;4837;170322;77612;4.9;2.2
FR;74;2021-02-25;5516;5694;175838;83306;5.1;2.4
FR;74;2021-02-26;5467;4464;181305;87770;5.2;2.5
FR;74;2021-02-27;2000;1364;183305;89134;5.3;2.6
FR;74;2021-02-28;528;293;183833;89427;5.3;2.6
FR;74;2021-03-01;5057;3362;188890;92789;5.4;2.7
FR;74;2021-03-02;7436;4273;196326;97062;5.6;2.8
FR;74;2021-03-03;9643;4251;205969;101313;5.9;2.9
FR;74;2021-03-04;14961;4797;220930;106110;6.4;3.1
FR;74;2021-03-05;21584;4566;242514;110676;7.0;3.2
FR;74;2021-03-06;30983;1345;273497;112021;7.9;3.2
FR;74;2021-03-07;20830;485;294327;112506;8.5;3.2
FR;74;2021-03-08;14166;3645;308493;116151;8.9;3.3
FR;74;2021-03-09;23973;4207;332466;120358;9.6;3.5
FR;74;2021-03-10;26182;4380;358648;124738;10.3;3.6
FR;74;2021-03-11;38159;5252;396807;129990;11.4;3.7
FR;74;2021-03-12;50400;4648;447207;134638;12.9;3.9
FR;74;2021-03-13;47589;1493;494796;136131;14.2;3.9
FR;74;2021-03-14;11925;399;506721;136530;14.6;3.9
FR;74;2021-03-15;25437;3108;532158;139638;15.3;4.0
FR;74;2021-03-16;20012;3828;552170;143466;15.9;4.1
FR;74;2021-03-17;21746;3854;573916;147320;16.5;4.2
FR;74;2021-03-18;24371;4502;598287;151822;17.2;4.4
FR;74;2021-03-19;41230;3937;639517;155759;18.4;4.5
FR;74;2021-03-20;35292;1534;674809;157293;19.4;4.5
FR;74;2021-03-21;9468;393;684277;157686;19.7;4.5
FR;74;2021-03-22;31413;3873;715690;161559;20.6;4.6
FR;74;2021-03-23;50019;4756;765709;166315;22.0;4.8
FR;74;2021-03-24;51973;5133;817682;171448;23.5;4.9
FR;74;2021-03-25;74511;5486;892193;176934;25.7;5.1
FR;74;2021-03-26;80563;5112;972756;182046;28.0;5.2
FR;74;2021-03-27;50902;2348;1023658;184394;29.4;5.3
FR;74;2021-03-28;17780;729;1041438;185123;29.9;5.3
FR;74;2021-03-29;55988;6827;1097426;191950;31.6;5.5
FR;74;2021-03-30;76413;8685;1173839;200635;33.7;5.8
FR;74;2021-03-31;67784;9248;1241623;209883;35.7;6.0
FR;74;2021-04-01;78174;11623;1319797;221506;37.9;6.4
FR;74;2021-04-02;69860;12206;1389657;233712;40.0;6.7
FR;74;2021-04-03;37110;8405;1426767;242117;41.0;7.0
FR;74;2021-04-04;12495;2769;1439262;244886;41.4;7.0
FR;74;2021-04-05;19192;1844;1458454;246730;41.9;7.1
FR;74;2021-04-06;64216;15039;1522670;261769;43.8;7.5
FR;74;2021-04-07;72526;15911;1595196;277680;45.9;8.0
FR;74;2021-04-08;87459;17792;1682655;295472;48.4;8.5
FR;74;2021-04-09;97071;17570;1779726;313042;51.2;9.0
FR;74;2021-04-10;48562;13961;1828288;327003;52.6;9.4
FR;74;2021-04-11;12726;6808;1841014;333811;52.9;9.6
FR;74;2021-04-12;60781;17647;1901795;351458;54.7;10.1
FR;74;2021-04-13;68585;22101;1970380;373559;56.6;10.7
FR;74;2021-04-14;59926;21692;2030306;395251;58.4;11.4
FR;74;2021-04-15;61749;23629;2092055;418880;60.1;12.0
FR;74;2021-04-16;52079;24239;2144134;443119;61.6;12.7
FR;74;2021-04-17;25639;16755;2169773;459874;62.4;13.2
FR;74;2021-04-18;5734;6957;2175507;466831;62.5;13.4
FR;74;2021-04-19;31620;24233;2207127;491064;63.5;14.1
FR;74;2021-04-20;36101;29493;2243228;520557;64.5;15.0
FR;74;2021-04-21;33175;30140;2276403;550697;65.4;15.8
FR;74;2021-04-22;37875;35092;2314278;585789;66.5;16.8
FR;74;2021-04-23;34582;38663;2348860;624452;67.5;18.0
FR;74;2021-04-24;18532;30665;2367392;655117;68.1;18.8
FR;74;2021-04-25;6071;12537;2373463;667654;68.2;19.2
FR;74;2021-04-26;26285;46784;2399748;714438;69.0;20.5
FR;74;2021-04-27;32783;55946;2432531;770384;69.9;22.1
FR;74;2021-04-28;32350;52722;2464881;823106;70.9;23.7
FR;74;2021-04-29;38389;53842;2503270;876948;72.0;25.2
FR;74;2021-04-30;34819;49023;2538089;925971;73.0;26.6
FR;74;2021-05-01;11021;15110;2549110;941081;73.3;27.1
FR;74;2021-05-02;5129;11368;2554239;952449;73.4;27.4
FR;74;2021-05-03;23967;52020;2578206;1004469;74.1;28.9
FR;74;2021-05-04;24850;69155;2603056;1073624;74.8;30.9
FR;74;2021-05-05;22475;64851;2625531;1138475;75.5;32.7
FR;74;2021-05-06;27120;63188;2652651;1201663;76.3;34.5
FR;74;2021-05-07;23055;65926;2675706;1267589;76.9;36.4
FR;74;2021-05-08;7728;14261;2683434;1281850;77.1;36.9
FR;74;2021-05-09;3647;10463;2687081;1292313;77.3;37.2
FR;74;2021-05-10;15816;62997;2702897;1355310;77.7;39.0
FR;74;2021-05-11;20811;64050;2723708;1419360;78.3;40.8
FR;74;2021-05-12;18191;53113;2741899;1472473;78.8;42.3
FR;74;2021-05-13;9025;12071;2750924;1484544;79.1;42.7
FR;74;2021-05-14;16763;37705;2767687;1522249;79.6;43.8
FR;74;2021-05-15;8288;17538;2775975;1539787;79.8;44.3
FR;74;2021-05-16;2974;3492;2778949;1543279;79.9;44.4
FR;74;2021-05-17;12083;30744;2791032;1574023;80.2;45.3
FR;74;2021-05-18;15136;30400;2806168;1604423;80.7;46.1
FR;74;2021-05-19;13716;25327;2819884;1629750;81.1;46.9
FR;79;2020-12-27;1;0;1;0;0.0;0.0
FR;79;2020-12-28;6;0;7;0;0.0;0.0
FR;79;2020-12-29;16;0;23;0;0.0;0.0
FR;79;2020-12-30;11;0;34;0;0.0;0.0
FR;79;2020-12-31;6;0;40;0;0.0;0.0
FR;79;2021-01-01;4;0;44;0;0.0;0.0
FR;79;2021-01-02;4;0;48;0;0.0;0.0
FR;79;2021-01-03;2;0;50;0;0.0;0.0
FR;79;2021-01-04;49;0;99;0;0.0;0.0
FR;79;2021-01-05;171;0;270;0;0.0;0.0
FR;79;2021-01-06;339;0;609;0;0.0;0.0
FR;79;2021-01-07;905;0;1514;0;0.1;0.0
FR;79;2021-01-08;1076;1;2590;1;0.1;0.0
FR;79;2021-01-09;364;0;2954;1;0.1;0.0
FR;79;2021-01-10;191;0;3145;1;0.1;0.0
FR;79;2021-01-11;1148;2;4293;3;0.2;0.0
FR;79;2021-01-12;2202;2;6495;5;0.3;0.0
FR;79;2021-01-13;2745;2;9240;7;0.4;0.0
FR;79;2021-01-14;4431;35;13671;42;0.6;0.0
FR;79;2021-01-15;5250;16;18921;58;0.9;0.0
FR;79;2021-01-16;2820;11;21741;69;1.0;0.0
FR;79;2021-01-17;1305;3;23046;72;1.0;0.0
FR;79;2021-01-18;19645;36;42691;108;1.9;0.0
FR;79;2021-01-19;26026;35;68717;143;3.1;0.0
FR;79;2021-01-20;28018;31;96735;174;4.4;0.0
FR;79;2021-01-21;30045;31;126780;205;5.7;0.0
FR;79;2021-01-22;27889;26;154669;231;7.0;0.0
FR;79;2021-01-23;11661;10;166330;241;7.5;0.0
FR;79;2021-01-24;2172;2;168502;243;7.6;0.0
FR;79;2021-01-25;22548;44;191050;287;8.6;0.0
FR;79;2021-01-26;25721;117;216771;404;9.8;0.0
FR;79;2021-01-27;25001;192;241772;596;10.9;0.0
FR;79;2021-01-28;25192;559;266964;1155;12.0;0.1
FR;79;2021-01-29;22538;562;289502;1717;13.1;0.1
FR;79;2021-01-30;8782;137;298284;1854;13.5;0.1
FR;79;2021-01-31;1230;55;299514;1909;13.5;0.1
FR;79;2021-02-01;16136;643;315650;2552;14.2;0.1
FR;79;2021-02-02;19262;1271;334912;3823;15.1;0.2
FR;79;2021-02-03;18290;1576;353202;5399;15.9;0.2
FR;79;2021-02-04;19171;2531;372373;7930;16.8;0.4
FR;79;2021-02-05;18018;2679;390391;10609;17.6;0.5
FR;79;2021-02-06;6451;1004;396842;11613;17.9;0.5
FR;79;2021-02-07;872;391;397714;12004;17.9;0.5
FR;79;2021-02-08;13083;5810;410797;17814;18.5;0.8
FR;79;2021-02-09;15549;7670;426346;25484;19.2;1.1
FR;79;2021-02-10;15440;8044;441786;33528;19.9;1.5
FR;79;2021-02-11;16526;9603;458312;43131;20.7;1.9
FR;79;2021-02-12;15666;9404;473978;52535;21.4;2.4
FR;79;2021-02-13;5005;4122;478983;56657;21.6;2.6
FR;79;2021-02-14;905;1043;479888;57700;21.6;2.6
FR;79;2021-02-15;7131;19821;487019;77521;22.0;3.5
FR;79;2021-02-16;8351;23625;495370;101146;22.3;4.6
FR;79;2021-02-17;8249;24022;503619;125168;22.7;5.6
FR;79;2021-02-18;10286;24422;513905;149590;23.2;6.7
FR;79;2021-02-19;10310;20762;524215;170352;23.6;7.7
FR;79;2021-02-20;3766;8311;527981;178663;23.8;8.1
FR;79;2021-02-21;548;1555;528529;180218;23.8;8.1
FR;79;2021-02-22;6986;21882;535515;202100;24.2;9.1
FR;79;2021-02-23;9627;23564;545142;225664;24.6;10.2
FR;79;2021-02-24;10022;22202;555164;247866;25.0;11.2
FR;79;2021-02-25;11670;22081;566834;269947;25.6;12.2
FR;79;2021-02-26;12048;19108;578882;289055;26.1;13.0
FR;79;2021-02-27;4418;6733;583300;295788;26.3;13.3
FR;79;2021-02-28;873;1038;584173;296826;26.3;13.4
FR;79;2021-03-01;12114;16444;596287;313270;26.9;14.1
FR;79;2021-03-02;16312;19260;612599;332530;27.6;15.0
FR;79;2021-03-03;17712;18523;630311;351053;28.4;15.8
FR;79;2021-03-04;20882;17663;651193;368716;29.4;16.6
FR;79;2021-03-05;22431;16453;673624;385169;30.4;17.4
FR;79;2021-03-06;28952;5331;702576;390500;31.7;17.6
FR;79;2021-03-07;21049;1008;723625;391508;32.6;17.7
FR;79;2021-03-08;17351;15321;740976;406829;33.4;18.3
FR;79;2021-03-09;25719;16404;766695;423233;34.6;19.1
FR;79;2021-03-10;26839;15575;793534;438808;35.8;19.8
FR;79;2021-03-11;31789;15065;825323;453873;37.2;20.5
FR;79;2021-03-12;33309;12914;858632;466787;38.7;21.1
FR;79;2021-03-13;25248;4202;883880;470989;39.9;21.2
FR;79;2021-03-14;9461;765;893341;471754;40.3;21.3
FR;79;2021-03-15;28426;8665;921767;480419;41.6;21.7
FR;79;2021-03-16;32781;9281;954548;489700;43.0;22.1
FR;79;2021-03-17;33751;9237;988299;498937;44.6;22.5
FR;79;2021-03-18;36642;9722;1024941;508659;46.2;22.9
FR;79;2021-03-19;36662;8848;1061603;517507;47.9;23.3
FR;79;2021-03-20;20656;3270;1082259;520777;48.8;23.5
FR;79;2021-03-21;5874;596;1088133;521373;49.1;23.5
FR;79;2021-03-22;28534;9167;1116667;530540;50.4;23.9
FR;79;2021-03-23;36987;10753;1153654;541293;52.0;24.4
FR;79;2021-03-24;35484;11321;1189138;552614;53.6;24.9
FR;79;2021-03-25;41818;11093;1230956;563707;55.5;25.4
FR;79;2021-03-26;39296;10413;1270252;574120;57.3;25.9
FR;79;2021-03-27;17621;4397;1287873;578517;58.1;26.1
FR;79;2021-03-28;4793;900;1292666;579417;58.3;26.1
FR;79;2021-03-29;22236;14990;1314902;594407;59.3;26.8
FR;79;2021-03-30;27971;18885;1342873;613292;60.6;27.7
FR;79;2021-03-31;24643;19720;1367516;633012;61.7;28.5
FR;79;2021-04-01;27109;23170;1394625;656182;62.9;29.6
FR;79;2021-04-02;23001;24420;1417626;680602;63.9;30.7
FR;79;2021-04-03;9998;17355;1427624;697957;64.4;31.5
FR;79;2021-04-04;2797;5058;1430421;703015;64.5;31.7
FR;79;2021-04-05;4184;2744;1434605;705759;64.7;31.8
FR;79;2021-04-06;18879;28938;1453484;734697;65.6;33.1
FR;79;2021-04-07;20991;29828;1474475;764525;66.5;34.5
FR;79;2021-04-08;24928;29887;1499403;794412;67.6;35.8
FR;79;2021-04-09;26747;28061;1526150;822473;68.8;37.1
FR;79;2021-04-10;13625;18908;1539775;841381;69.4;37.9
FR;79;2021-04-11;3500;6443;1543275;847824;69.6;38.2
FR;79;2021-04-12;16689;28881;1559964;876705;70.4;39.5
FR;79;2021-04-13;19032;34975;1578996;911680;71.2;41.1
FR;79;2021-04-14;18068;33107;1597064;944787;72.0;42.6
FR;79;2021-04-15;19013;33285;1616077;978072;72.9;44.1
FR;79;2021-04-16;16154;31014;1632231;1009086;73.6;45.5
FR;79;2021-04-17;8111;16677;1640342;1025763;74.0;46.3
FR;79;2021-04-18;1764;4829;1642106;1030592;74.1;46.5
FR;79;2021-04-19;9795;29148;1651901;1059740;74.5;47.8
FR;79;2021-04-20;11600;34413;1663501;1094153;75.0;49.3
FR;79;2021-04-21;11209;31176;1674710;1125329;75.5;50.8
FR;79;2021-04-22;12743;31048;1687453;1156377;76.1;52.2
FR;79;2021-04-23;11808;27643;1699261;1184020;76.6;53.4
FR;79;2021-04-24;6114;13703;1705375;1197723;76.9;54.0
FR;79;2021-04-25;1884;3417;1707259;1201140;77.0;54.2
FR;79;2021-04-26;8793;20562;1716052;1221702;77.4;55.1
FR;79;2021-04-27;10973;23630;1727025;1245332;77.9;56.2
FR;79;2021-04-28;11490;20859;1738515;1266191;78.4;57.1
FR;79;2021-04-29;13483;20619;1751998;1286810;79.0;58.0
FR;79;2021-04-30;12711;17543;1764709;1304353;79.6;58.8
FR;79;2021-05-01;3772;3904;1768481;1308257;79.8;59.0
FR;79;2021-05-02;1719;2613;1770200;1310870;79.8;59.1
FR;79;2021-05-03;8490;15071;1778690;1325941;80.2;59.8
FR;79;2021-05-04;8818;20116;1787508;1346057;80.6;60.7
FR;79;2021-05-05;8274;18935;1795782;1364992;81.0;61.6
FR;79;2021-05-06;10128;18733;1805910;1383725;81.4;62.4
FR;79;2021-05-07;8849;19409;1814759;1403134;81.8;63.3
FR;79;2021-05-08;2898;4277;1817657;1407411;82.0;63.5
FR;79;2021-05-09;1377;2984;1819034;1410395;82.0;63.6
FR;79;2021-05-10;6035;17443;1825069;1427838;82.3;64.4
FR;79;2021-05-11;7868;18510;1832937;1446348;82.7;65.2
FR;79;2021-05-12;7110;15745;1840047;1462093;83.0;65.9
FR;79;2021-05-13;3474;3772;1843521;1465865;83.1;66.1
FR;79;2021-05-14;6671;11347;1850192;1477212;83.4;66.6
FR;79;2021-05-15;3247;5083;1853439;1482295;83.6;66.9
FR;79;2021-05-16;1138;1148;1854577;1483443;83.6;66.9
FR;79;2021-05-17;4828;8962;1859405;1492405;83.9;67.3
FR;79;2021-05-18;5926;9089;1865331;1501494;84.1;67.7
FR;79;2021-05-19;5511;7912;1870842;1509406;84.4;68.1
FR;80;2020-12-27;10;2;10;2;0.0;0.0
FR;80;2020-12-28;41;0;51;2;0.0;0.0
FR;80;2020-12-29;78;0;129;2;0.0;0.0
FR;80;2020-12-30;69;0;198;2;0.0;0.0
FR;80;2020-12-31;49;0;247;2;0.0;0.0
FR;80;2021-01-01;8;0;255;2;0.0;0.0
FR;80;2021-01-02;8;0;263;2;0.0;0.0
FR;80;2021-01-03;2;0;265;2;0.0;0.0
FR;80;2021-01-04;297;1;562;3;0.0;0.0
FR;80;2021-01-05;909;0;1471;3;0.0;0.0
FR;80;2021-01-06;1673;0;3144;3;0.1;0.0
FR;80;2021-01-07;6291;2;9435;5;0.2;0.0
FR;80;2021-01-08;5734;2;15169;7;0.4;0.0
FR;80;2021-01-09;979;0;16148;7;0.4;0.0
FR;80;2021-01-10;307;0;16455;7;0.4;0.0
FR;80;2021-01-11;4438;4;20893;11;0.5;0.0
FR;80;2021-01-12;12683;8;33576;19;0.8;0.0
FR;80;2021-01-13;12433;14;46009;33;1.1;0.0
FR;80;2021-01-14;18212;117;64221;150;1.5;0.0
FR;80;2021-01-15;12107;32;76328;182;1.8;0.0
FR;80;2021-01-16;4032;28;80360;210;1.9;0.0
FR;80;2021-01-17;3744;18;84104;228;2.0;0.0
FR;80;2021-01-18;28740;65;112844;293;2.7;0.0
FR;80;2021-01-19;53748;62;166592;355;4.0;0.0
FR;80;2021-01-20;59368;110;225960;465;5.4;0.0
FR;80;2021-01-21;69907;79;295867;544;7.1;0.0
FR;80;2021-01-22;48285;66;344152;610;8.3;0.0
FR;80;2021-01-23;16214;8;360366;618;8.7;0.0
FR;80;2021-01-24;4311;2;364677;620;8.8;0.0
FR;80;2021-01-25;32398;147;397075;767;9.5;0.0
FR;80;2021-01-26;45108;530;442183;1297;10.6;0.0
FR;80;2021-01-27;50864;889;493047;2186;11.9;0.1
FR;80;2021-01-28;59993;3939;553040;6125;13.3;0.1
FR;80;2021-01-29;39324;3275;592364;9400;14.2;0.2
FR;80;2021-01-30;13220;591;605584;9991;14.6;0.2
FR;80;2021-01-31;2333;285;607917;10276;14.6;0.2
FR;80;2021-02-01;23000;2784;630917;13060;15.2;0.3
FR;80;2021-02-02;33452;7427;664369;20487;16.0;0.5
FR;80;2021-02-03;34404;7865;698773;28352;16.8;0.7
FR;80;2021-02-04;38058;12582;736831;40934;17.7;1.0
FR;80;2021-02-05;29784;9525;766615;50459;18.4;1.2
FR;80;2021-02-06;9703;2123;776318;52582;18.7;1.3
FR;80;2021-02-07;1449;1867;777767;54449;18.7;1.3
FR;80;2021-02-08;19338;11137;797105;65586;19.2;1.6
FR;80;2021-02-09;25890;25606;822995;91192;19.8;2.2
FR;80;2021-02-10;26296;28913;849291;120105;20.4;2.9
FR;80;2021-02-11;30483;38114;879774;158219;21.2;3.8
FR;80;2021-02-12;26694;24676;906468;182895;21.8;4.4
FR;80;2021-02-13;7925;6522;914393;189417;22.0;4.6
FR;80;2021-02-14;1507;3099;915900;192516;22.0;4.6
FR;80;2021-02-15;11132;28308;927032;220824;22.3;5.3
FR;80;2021-02-16;15547;38925;942579;259749;22.7;6.2
FR;80;2021-02-17;15927;44486;958506;304235;23.1;7.3
FR;80;2021-02-18;21472;52510;979978;356745;23.6;8.6
FR;80;2021-02-19;19042;37488;999020;394233;24.0;9.5
FR;80;2021-02-20;6299;12321;1005319;406554;24.2;9.8
FR;80;2021-02-21;912;2970;1006231;409524;24.2;9.8
FR;80;2021-02-22;11168;30691;1017399;440215;24.5;10.6
FR;80;2021-02-23;17059;37262;1034458;477477;24.9;11.5
FR;80;2021-02-24;17969;37079;1052427;514556;25.3;12.4
FR;80;2021-02-25;22248;40856;1074675;555412;25.8;13.4
FR;80;2021-02-26;20508;30903;1095183;586315;26.3;14.1
FR;80;2021-02-27;7168;10283;1102351;596598;26.5;14.3
FR;80;2021-02-28;1260;2120;1103611;598718;26.5;14.4
FR;80;2021-03-01;18764;23200;1122375;621918;27.0;15.0
FR;80;2021-03-02;26862;29097;1149237;651015;27.6;15.7
FR;80;2021-03-03;28657;29229;1177894;680244;28.3;16.4
FR;80;2021-03-04;34838;29666;1212732;709910;29.2;17.1
FR;80;2021-03-05;35834;27465;1248566;737375;30.0;17.7
FR;80;2021-03-06;41281;8325;1289847;745700;31.0;17.9
FR;80;2021-03-07;29649;1999;1319496;747699;31.7;18.0
FR;80;2021-03-08;27144;22466;1346640;770165;32.4;18.5
FR;80;2021-03-09;40669;24634;1387309;794799;33.4;19.1
FR;80;2021-03-10;43019;25364;1430328;820163;34.4;19.7
FR;80;2021-03-11;51554;26839;1481882;847002;35.6;20.4
FR;80;2021-03-12;51987;22935;1533869;869937;36.9;20.9
FR;80;2021-03-13;37372;6973;1571241;876910;37.8;21.1
FR;80;2021-03-14;13875;1513;1585116;878423;38.1;21.1
FR;80;2021-03-15;43995;13912;1629111;892335;39.2;21.5
FR;80;2021-03-16;51775;17005;1680886;909340;40.4;21.9
FR;80;2021-03-17;54565;16518;1735451;925858;41.7;22.3
FR;80;2021-03-18;58423;18797;1793874;944655;43.1;22.7
FR;80;2021-03-19;57286;15694;1851160;960349;44.5;23.1
FR;80;2021-03-20;30945;5321;1882105;965670;45.3;23.2
FR;80;2021-03-21;8682;1089;1890787;966759;45.5;23.3
FR;80;2021-03-22;42800;14530;1933587;981289;46.5;23.6
FR;80;2021-03-23;55475;18020;1989062;999309;47.8;24.0
FR;80;2021-03-24;54348;19013;2043410;1018322;49.1;24.5
FR;80;2021-03-25;63834;19540;2107244;1037862;50.7;25.0
FR;80;2021-03-26;60010;18220;2167254;1056082;52.1;25.4
FR;80;2021-03-27;26540;7333;2193794;1063415;52.8;25.6
FR;80;2021-03-28;6923;1447;2200717;1064862;52.9;25.6
FR;80;2021-03-29;32792;23371;2233509;1088233;53.7;26.2
FR;80;2021-03-30;43117;30694;2276626;1118927;54.8;26.9
FR;80;2021-03-31;40427;32073;2317053;1151000;55.7;27.7
FR;80;2021-04-01;45984;37679;2363037;1188679;56.8;28.6
FR;80;2021-04-02;36984;39700;2400021;1228379;57.7;29.5
FR;80;2021-04-03;14486;26078;2414507;1254457;58.1;30.2
FR;80;2021-04-04;3861;7557;2418368;1262014;58.2;30.4
FR;80;2021-04-05;5609;4076;2423977;1266090;58.3;30.5
FR;80;2021-04-06;27485;44917;2451462;1311007;59.0;31.5
FR;80;2021-04-07;33336;48361;2484798;1359368;59.8;32.7
FR;80;2021-04-08;39912;49487;2524710;1408855;60.7;33.9
FR;80;2021-04-09;43321;46283;2568031;1455138;61.8;35.0
FR;80;2021-04-10;19799;28861;2587830;1483999;62.2;35.7
FR;80;2021-04-11;4830;9354;2592660;1493353;62.4;35.9
FR;80;2021-04-12;23416;45124;2616076;1538477;62.9;37.0
FR;80;2021-04-13;30057;54579;2646133;1593056;63.6;38.3
FR;80;2021-04-14;28845;52095;2674978;1645151;64.3;39.6
FR;80;2021-04-15;31183;52616;2706161;1697767;65.1;40.8
FR;80;2021-04-16;26293;48931;2732454;1746698;65.7;42.0
FR;80;2021-04-17;12294;25575;2744748;1772273;66.0;42.6
FR;80;2021-04-18;2527;7614;2747275;1779887;66.1;42.8
FR;80;2021-04-19;14171;43647;2761446;1823534;66.4;43.9
FR;80;2021-04-20;17806;52997;2779252;1876531;66.8;45.1
FR;80;2021-04-21;17821;49741;2797073;1926272;67.3;46.3
FR;80;2021-04-22;20441;51156;2817514;1977428;67.8;47.6
FR;80;2021-04-23;18915;44557;2836429;2021985;68.2;48.6
FR;80;2021-04-24;9342;21168;2845771;2043153;68.4;49.1
FR;80;2021-04-25;2651;5144;2848422;2048297;68.5;49.3
FR;80;2021-04-26;12173;30531;2860595;2078828;68.8;50.0
FR;80;2021-04-27;16568;36359;2877163;2115187;69.2;50.9
FR;80;2021-04-28;17788;34530;2894951;2149717;69.6;51.7
FR;80;2021-04-29;21367;35552;2916318;2185269;70.1;52.6
FR;80;2021-04-30;20173;29512;2936491;2214781;70.6;53.3
FR;80;2021-05-01;5757;5804;2942248;2220585;70.8;53.4
FR;80;2021-05-02;2581;3845;2944829;2224430;70.8;53.5
FR;80;2021-05-03;12333;21305;2957162;2245735;71.1;54.0
FR;80;2021-05-04;13695;29927;2970857;2275662;71.5;54.7
FR;80;2021-05-05;13320;29254;2984177;2304916;71.8;55.4
FR;80;2021-05-06;15680;29452;2999857;2334368;72.1;56.1
FR;80;2021-05-07;14382;29708;3014239;2364076;72.5;56.9
FR;80;2021-05-08;4388;6025;3018627;2370101;72.6;57.0
FR;80;2021-05-09;1905;4139;3020532;2374240;72.6;57.1
FR;80;2021-05-10;9019;24298;3029551;2398538;72.9;57.7
FR;80;2021-05-11;12321;27126;3041872;2425664;73.2;58.3
FR;80;2021-05-12;11247;23531;3053119;2449195;73.4;58.9
FR;80;2021-05-13;4863;5383;3057982;2454578;73.5;59.0
FR;80;2021-05-14;10228;16335;3068210;2470913;73.8;59.4
FR;80;2021-05-15;4779;7316;3072989;2478229;73.9;59.6
FR;80;2021-05-16;1529;1524;3074518;2479753;73.9;59.6
FR;80;2021-05-17;6909;13072;3081427;2492825;74.1;60.0
FR;80;2021-05-18;9204;13393;3090631;2506218;74.3;60.3
FR;80;2021-05-19;8485;11990;3099116;2518208;74.5;60.6
FR;0;2020-12-27;20;2;20;2;0.0;0.0
FR;0;2020-12-28;68;0;88;2;0.0;0.0
FR;0;2020-12-29;108;0;196;2;0.0;0.0
FR;0;2020-12-30;119;0;315;2;0.0;0.0
FR;0;2020-12-31;83;0;398;2;0.0;0.0
FR;0;2021-01-01;65;1;463;3;0.0;0.0
FR;0;2021-01-02;76;1;539;4;0.0;0.0
FR;0;2021-01-03;87;0;626;4;0.0;0.0
FR;0;2021-01-04;1469;5;2095;9;0.0;0.0
FR;0;2021-01-05;5379;7;7474;16;0.0;0.0
FR;0;2021-01-06;11281;15;18755;31;0.0;0.0
FR;0;2021-01-07;28530;42;47285;73;0.1;0.0
FR;0;2021-01-08;36063;39;83348;112;0.1;0.0
FR;0;2021-01-09;10894;10;94242;122;0.1;0.0
FR;0;2021-01-10;5604;3;99846;125;0.1;0.0
FR;0;2021-01-11;38877;46;138723;171;0.2;0.0
FR;0;2021-01-12;60651;72;199374;243;0.3;0.0
FR;0;2021-01-13;63571;101;262945;344;0.4;0.0
FR;0;2021-01-14;79665;645;342610;989;0.5;0.0
FR;0;2021-01-15;67233;216;409843;1205;0.6;0.0
FR;0;2021-01-16;19597;96;429440;1301;0.6;0.0
FR;0;2021-01-17;10455;48;439895;1349;0.7;0.0
FR;0;2021-01-18;84263;227;524158;1576;0.8;0.0
FR;0;2021-01-19;128226;229;652384;1805;1.0;0.0
FR;0;2021-01-20;134820;280;787204;2085;1.2;0.0
FR;0;2021-01-21;154913;247;942117;2332;1.4;0.0
FR;0;2021-01-22;118243;265;1060360;2597;1.6;0.0
FR;0;2021-01-23;37753;61;1098113;2658;1.6;0.0
FR;0;2021-01-24;9332;31;1107445;2689;1.7;0.0
FR;0;2021-01-25;76685;1278;1184130;3967;1.8;0.0
FR;0;2021-01-26;98623;3186;1282753;7153;1.9;0.0
FR;0;2021-01-27;105492;5687;1388245;12840;2.1;0.0
FR;0;2021-01-28;122092;14493;1510337;27333;2.3;0.0
FR;0;2021-01-29;90776;17419;1601113;44752;2.4;0.1
FR;0;2021-01-30;28619;4255;1629732;49007;2.4;0.1
FR;0;2021-01-31;4863;1681;1634595;50688;2.4;0.1
FR;0;2021-02-01;51409;21174;1686004;71862;2.5;0.1
FR;0;2021-02-02;70409;34698;1756413;106560;2.6;0.2
FR;0;2021-02-03;70846;37081;1827259;143641;2.7;0.2
FR;0;2021-02-04;80357;50218;1907616;193859;2.8;0.3
FR;0;2021-02-05;66921;45460;1974537;239319;2.9;0.4
FR;0;2021-02-06;21268;10421;1995805;249740;3.0;0.4
FR;0;2021-02-07;4826;5062;2000631;254802;3.0;0.4
FR;0;2021-02-08;45783;46134;2046414;300936;3.0;0.4
FR;0;2021-02-09;64656;72737;2111070;373673;3.1;0.6
FR;0;2021-02-10;69123;77093;2180193;450766;3.2;0.7
FR;0;2021-02-11;85373;99748;2265566;550514;3.4;0.8
FR;0;2021-02-12;77526;74839;2343092;625353;3.5;0.9
FR;0;2021-02-13;21609;19579;2364701;644932;3.5;1.0
FR;0;2021-02-14;4570;7219;2369271;652151;3.5;1.0
FR;0;2021-02-15;36949;76824;2406220;728975;3.6;1.1
FR;0;2021-02-16;49115;101116;2455335;830091;3.7;1.2
FR;0;2021-02-17;49238;103395;2504573;933486;3.7;1.4
FR;0;2021-02-18;67703;119264;2572276;1052750;3.8;1.6
FR;0;2021-02-19;63515;91354;2635791;1144104;3.9;1.7
FR;0;2021-02-20;17924;28522;2653715;1172626;4.0;1.7
FR;0;2021-02-21;2845;6399;2656560;1179025;4.0;1.8
FR;0;2021-02-22;36334;73507;2692894;1252532;4.0;1.9
FR;0;2021-02-23;52335;84515;2745229;1337047;4.1;2.0
FR;0;2021-02-24;57869;81571;2803098;1418618;4.2;2.1
FR;0;2021-02-25;98074;92356;2901172;1510974;4.3;2.3
FR;0;2021-02-26;111199;71938;3012371;1582912;4.5;2.4
FR;0;2021-02-27;50878;22307;3063249;1605219;4.6;2.4
FR;0;2021-02-28;5644;4472;3068893;1609691;4.6;2.4
FR;0;2021-03-01;63194;53269;3132087;1662960;4.7;2.5
FR;0;2021-03-02;98815;66999;3230902;1729959;4.8;2.6
FR;0;2021-03-03;112832;66477;3343734;1796436;5.0;2.7
FR;0;2021-03-04;158912;70389;3502646;1866825;5.2;2.8
FR;0;2021-03-05;196506;65107;3699152;1931932;5.5;2.9
FR;0;2021-03-06;202995;18938;3902147;1950870;5.8;2.9
FR;0;2021-03-07;119078;6052;4021225;1956922;6.0;2.9
FR;0;2021-03-08;104192;51550;4125417;2008472;6.1;3.0
FR;0;2021-03-09;168708;58060;4294125;2066532;6.4;3.1
FR;0;2021-03-10;174625;58532;4468750;2125064;6.7;3.2
FR;0;2021-03-11;237884;65088;4706634;2190152;7.0;3.3
FR;0;2021-03-12;289275;55765;4995909;2245917;7.4;3.3
FR;0;2021-03-13;226878;16538;5222787;2262455;7.8;3.4
FR;0;2021-03-14;61981;3902;5284768;2266357;7.9;3.4
FR;0;2021-03-15;155108;34310;5439876;2300667;8.1;3.4
FR;0;2021-03-16;139038;41209;5578914;2341876;8.3;3.5
FR;0;2021-03-17;147623;40745;5726537;2382621;8.5;3.6
FR;0;2021-03-18;164662;47337;5891199;2429958;8.8;3.6
FR;0;2021-03-19;225784;40847;6116983;2470805;9.1;3.7
FR;0;2021-03-20;164050;13737;6281033;2484542;9.4;3.7
FR;0;2021-03-21;48680;3368;6329713;2487910;9.4;3.7
FR;0;2021-03-22;166602;37000;6496315;2524910;9.7;3.8
FR;0;2021-03-23;245939;46280;6742254;2571190;10.0;3.8
FR;0;2021-03-24;252458;47737;6994712;2618927;10.4;3.9
FR;0;2021-03-25;336351;50148;7331063;2669075;10.9;4.0
FR;0;2021-03-26;353608;47705;7684671;2716780;11.5;4.0
FR;0;2021-03-27;192408;19726;7877079;2736506;11.7;4.1
FR;0;2021-03-28;58233;4700;7935312;2741206;11.8;4.1
FR;0;2021-03-29;199900;57786;8135212;2798992;12.1;4.2
FR;0;2021-03-30;281216;75057;8416428;2874049;12.5;4.3
FR;0;2021-03-31;258659;78398;8675087;2952447;12.9;4.4
FR;0;2021-04-01;308795;95226;8983882;3047673;13.4;4.5
FR;0;2021-04-02;276877;98452;9260759;3146125;13.8;4.7
FR;0;2021-04-03;138892;64890;9399651;3211015;14.0;4.8
FR;0;2021-04-04;44803;19845;9444454;3230860;14.1;4.8
FR;0;2021-04-05;58680;12630;9503134;3243490;14.2;4.8
FR;0;2021-04-06;212366;112863;9715500;3356353;14.5;5.0
FR;0;2021-04-07;255398;122209;9970898;3478562;14.9;5.2
FR;0;2021-04-08;331567;130784;10302465;3609346;15.4;5.4
FR;0;2021-04-09;403426;126437;10705891;3735783;16.0;5.6
FR;0;2021-04-10;209787;87825;10915678;3823608;16.3;5.7
FR;0;2021-04-11;54897;36242;10970575;3859850;16.3;5.8
FR;0;2021-04-12;233046;121178;11203621;3981028;16.7;5.9
FR;0;2021-04-13;304039;152931;11507660;4133959;17.1;6.2
FR;0;2021-04-14;288169;147881;11795829;4281840;17.6;6.4
FR;0;2021-04-15;329812;157621;12125641;4439461;18.1;6.6
FR;0;2021-04-16;333160;154986;12458801;4594447;18.6;6.8
FR;0;2021-04-17;185405;95206;12644206;4689653;18.8;7.0
FR;0;2021-04-18;50252;37109;12694458;4726762;18.9;7.0
FR;0;2021-04-19;201459;144591;12895917;4871353;19.2;7.3
FR;0;2021-04-20;248811;178682;13144728;5050035;19.6;7.5
FR;0;2021-04-21;246849;176880;13391577;5226915;20.0;7.8
FR;0;2021-04-22;280656;197939;13672233;5424854;20.4;8.1
FR;0;2021-04-23;287953;193827;13960186;5618681;20.8;8.4
FR;0;2021-04-24;186855;119266;14147041;5737947;21.1;8.5
FR;0;2021-04-25;67298;41543;14214339;5779490;21.2;8.6
FR;0;2021-04-26;213963;166252;14428302;5945742;21.5;8.9
FR;0;2021-04-27;278538;206681;14706840;6152423;21.9;9.2
FR;0;2021-04-28;292801;203784;14999641;6356207;22.3;9.5
FR;0;2021-04-29;348673;225704;15348314;6581911;22.9;9.8
FR;0;2021-04-30;364833;218768;15713147;6800679;23.4;10.1
FR;0;2021-05-01;159404;61260;15872551;6861939;23.6;10.2
FR;0;2021-05-02;89214;42225;15961765;6904164;23.8;10.3
FR;0;2021-05-03;279421;186624;16241186;7090788;24.2;10.6
FR;0;2021-05-04;306111;246573;16547297;7337361;24.7;10.9
FR;0;2021-05-05;315541;245659;16862838;7583020;25.1;11.3
FR;0;2021-05-06;369144;268491;17231982;7851511;25.7;11.7
FR;0;2021-05-07;362718;294055;17594700;8145566;26.2;12.1
FR;0;2021-05-08;202195;78553;17796895;8224119;26.5;12.3
FR;0;2021-05-09;127251;54044;17924146;8278163;26.7;12.3
FR;0;2021-05-10;300307;250984;18224453;8529147;27.2;12.7
FR;0;2021-05-11;392442;292162;18616895;8821309;27.7;13.1
FR;0;2021-05-12;415597;264346;19032492;9085655;28.4;13.5
FR;0;2021-05-13;326921;75419;19359413;9161074;28.8;13.6
FR;0;2021-05-14;438509;198572;19797922;9359646;29.5;13.9
FR;0;2021-05-15;361277;116782;20159199;9476428;30.0;14.1
FR;0;2021-05-16;199093;32606;20358292;9509034;30.3;14.2
FR;0;2021-05-17;364491;175200;20722783;9684234;30.9;14.4
FR;0;2021-05-18;436531;186848;21159314;9871082;31.5;14.7
FR;0;2021-05-19;447342;177646;21606656;10048728;32.2;15.0
