fra;vaccin;jour;n_dose1;n_dose2;n_cum_dose1;n_cum_dose2
FR;1;2020-12-27;17;0;17;0
FR;1;2020-12-28;59;0;76;0
FR;1;2020-12-29;107;0;183;0
FR;1;2020-12-30;115;0;298;0
FR;1;2020-12-31;83;0;381;0
FR;1;2021-01-01;55;0;436;0
FR;1;2021-01-02;72;0;508;0
FR;1;2021-01-03;87;0;595;0
FR;1;2021-01-04;1462;0;2057;0
FR;1;2021-01-05;5352;0;7409;0
FR;1;2021-01-06;11250;0;18659;0
FR;1;2021-01-07;28451;0;47110;0
FR;1;2021-01-08;35881;0;82991;0
FR;1;2021-01-09;10865;0;93856;0
FR;1;2021-01-10;5599;0;99455;0
FR;1;2021-01-11;38711;0;138166;0
FR;1;2021-01-12;60308;0;198474;0
FR;1;2021-01-13;63352;0;261826;0
FR;1;2021-01-14;79298;0;341124;0
FR;1;2021-01-15;66711;0;407835;0
FR;1;2021-01-16;19386;849;427221;849
FR;1;2021-01-17;10443;40;437664;889
FR;1;2021-01-18;81170;187;518834;1076
FR;1;2021-01-19;123285;227;642119;1303
FR;1;2021-01-20;129610;154;771729;1457
FR;1;2021-01-21;149471;156;921200;1613
FR;1;2021-01-22;113027;222;1034227;1835
FR;1;2021-01-23;35988;82;1070215;1917
FR;1;2021-01-24;9234;104;1079449;2021
FR;1;2021-01-25;72929;1498;1152378;3519
FR;1;2021-01-26;94568;3923;1246946;7442
FR;1;2021-01-27;101918;6795;1348864;14237
FR;1;2021-01-28;118296;17507;1467160;31744
FR;1;2021-01-29;87531;19618;1554691;51362
FR;1;2021-01-30;27540;4660;1582231;56022
FR;1;2021-01-31;4855;1907;1587086;57929
FR;1;2021-02-01;48101;24113;1635187;82042
FR;1;2021-02-02;65984;40625;1701171;122667
FR;1;2021-02-03;65723;41864;1766894;164531
FR;1;2021-02-04;75393;58543;1842287;223074
FR;1;2021-02-05;62186;49448;1904473;272522
FR;1;2021-02-06;19022;11373;1923495;283895
FR;1;2021-02-07;3426;6447;1926921;290342
FR;1;2021-02-08;35688;50009;1962609;340351
FR;1;2021-02-09;49704;82178;2012313;422529
FR;1;2021-02-10;50710;87100;2063023;509629
FR;1;2021-02-11;61870;109860;2124893;619489
FR;1;2021-02-12;54655;75345;2179548;694834
FR;1;2021-02-13;15088;18446;2194636;713280
FR;1;2021-02-14;3403;6746;2198039;720026
FR;1;2021-02-15;23473;71839;2221512;791865
FR;1;2021-02-16;31930;92213;2253442;884078
FR;1;2021-02-17;34272;103158;2287714;987236
FR;1;2021-02-18;47820;120099;2335534;1107335
FR;1;2021-02-19;44249;86316;2379783;1193651
FR;1;2021-02-20;12997;26138;2392780;1219789
FR;1;2021-02-21;2108;5294;2394888;1225083
FR;1;2021-02-22;23941;66920;2418829;1292003
FR;1;2021-02-23;36441;79824;2455270;1371827
FR;1;2021-02-24;39220;78929;2494490;1450756
FR;1;2021-02-25;48611;85097;2543101;1535853
FR;1;2021-02-26;45897;65832;2588998;1601685
FR;1;2021-02-27;15154;20990;2604152;1622675
FR;1;2021-02-28;3226;3569;2607378;1626244
FR;1;2021-03-01;38583;48650;2645961;1674894
FR;1;2021-03-02;54452;61627;2700413;1736521
FR;1;2021-03-03;59249;59271;2759662;1795792
FR;1;2021-03-04;70603;68855;2830265;1864647
FR;1;2021-03-05;72839;57065;2903104;1921712
FR;1;2021-03-06;81211;14998;2984315;1936710
FR;1;2021-03-07;62911;2337;3047226;1939047
FR;1;2021-03-08;58557;38392;3105783;1977439
FR;1;2021-03-09;84060;45317;3189843;2022756
FR;1;2021-03-10;88634;46338;3278477;2069094
FR;1;2021-03-11;102667;53512;3381144;2122606
FR;1;2021-03-12;101757;43492;3482901;2166098
FR;1;2021-03-13;87440;12079;3570341;2178177
FR;1;2021-03-14;43597;2097;3613938;2180274
FR;1;2021-03-15;93519;25849;3707457;2206123
FR;1;2021-03-16;121550;32272;3829007;2238395
FR;1;2021-03-17;126986;31799;3955993;2270194
FR;1;2021-03-18;140354;37522;4096347;2307716
FR;1;2021-03-19;133788;30219;4230135;2337935
FR;1;2021-03-20;74811;9204;4304946;2347139
FR;1;2021-03-21;25744;1338;4330690;2348477
FR;1;2021-03-22;112571;28527;4443261;2377004
FR;1;2021-03-23;140309;36425;4583570;2413429
FR;1;2021-03-24;139421;36947;4722991;2450376
FR;1;2021-03-25;162010;38865;4885001;2489241
FR;1;2021-03-26;163440;36024;5048441;2525265
FR;1;2021-03-27;109587;15112;5158028;2540377
FR;1;2021-03-28;41632;4558;5199660;2544935
FR;1;2021-03-29;127218;47068;5326878;2592003
FR;1;2021-03-30;162906;62731;5489784;2654734
FR;1;2021-03-31;166300;67367;5656084;2722101
FR;1;2021-04-01;186484;84658;5842568;2806759
FR;1;2021-04-02;160031;87357;6002599;2894116
FR;1;2021-04-03;86370;57759;6088969;2951875
FR;1;2021-04-04;32096;17463;6121065;2969338
FR;1;2021-04-05;42094;9007;6163159;2978345
FR;1;2021-04-06;151852;105341;6315011;3083686
FR;1;2021-04-07;190396;106358;6505407;3190044
FR;1;2021-04-08;213673;113081;6719080;3303125
FR;1;2021-04-09;206729;106888;6925809;3410013
FR;1;2021-04-10;115063;72204;7040872;3482217
FR;1;2021-04-11;39864;29206;7080736;3511423
FR;1;2021-04-12;163982;102361;7244718;3613784
FR;1;2021-04-13;197368;124243;7442086;3738027
FR;1;2021-04-14;201753;120436;7643839;3858463
FR;1;2021-04-15;213202;125708;7857041;3984171
FR;1;2021-04-16;198975;123024;8056016;4107195
FR;1;2021-04-17;119562;66005;8175578;4173200
FR;1;2021-04-18;34834;20659;8210412;4193859
FR;1;2021-04-19;158424;119098;8368836;4312957
FR;1;2021-04-20;182245;146267;8551081;4459224
FR;1;2021-04-21;186880;144633;8737961;4603857
FR;1;2021-04-22;198703;160638;8936664;4764495
FR;1;2021-04-23;187322;153822;9123986;4918317
FR;1;2021-04-24;122718;93841;9246704;5012158
FR;1;2021-04-25;51469;29161;9298173;5041319
FR;1;2021-04-26;168504;134728;9466677;5176047
FR;2;2020-12-27;0;0;0;0
FR;2;2020-12-28;0;0;0;0
FR;2;2020-12-29;0;0;0;0
FR;2;2020-12-30;0;0;0;0
FR;2;2020-12-31;0;0;0;0
FR;2;2021-01-01;0;0;0;0
FR;2;2021-01-02;0;0;0;0
FR;2;2021-01-03;0;0;0;0
FR;2;2021-01-04;0;0;0;0
FR;2;2021-01-05;0;0;0;0
FR;2;2021-01-06;0;0;0;0
FR;2;2021-01-07;0;0;0;0
FR;2;2021-01-08;0;0;0;0
FR;2;2021-01-09;0;0;0;0
FR;2;2021-01-10;0;0;0;0
FR;2;2021-01-11;0;0;0;0
FR;2;2021-01-12;0;0;0;0
FR;2;2021-01-13;0;0;0;0
FR;2;2021-01-14;140;0;140;0
FR;2;2021-01-15;218;0;358;0
FR;2;2021-01-16;185;0;543;0
FR;2;2021-01-17;3;0;546;0
FR;2;2021-01-18;2900;0;3446;0
FR;2;2021-01-19;4480;0;7926;0
FR;2;2021-01-20;4903;0;12829;0
FR;2;2021-01-21;5060;0;17889;0
FR;2;2021-01-22;4852;0;22741;0
FR;2;2021-01-23;1726;0;24467;0
FR;2;2021-01-24;81;0;24548;0
FR;2;2021-01-25;3628;0;28176;0
FR;2;2021-01-26;3687;0;31863;0
FR;2;2021-01-27;3401;0;35264;0
FR;2;2021-01-28;3479;0;38743;0
FR;2;2021-01-29;3071;0;41814;0
FR;2;2021-01-30;1054;0;42868;0
FR;2;2021-01-31;0;0;42868;0
FR;2;2021-02-01;3245;0;46113;0
FR;2;2021-02-02;4300;0;50413;0
FR;2;2021-02-03;5029;0;55442;0
FR;2;2021-02-04;4653;43;60095;43
FR;2;2021-02-05;4549;6;64644;49
FR;2;2021-02-06;1929;2;66573;51
FR;2;2021-02-07;41;0;66614;51
FR;2;2021-02-08;7413;11;74027;62
FR;2;2021-02-09;8249;15;82276;77
FR;2;2021-02-10;9131;50;91407;127
FR;2;2021-02-11;10043;121;101450;248
FR;2;2021-02-12;9755;256;111205;504
FR;2;2021-02-13;3008;205;114213;709
FR;2;2021-02-14;296;1;114509;710
FR;2;2021-02-15;3352;3120;117861;3830
FR;2;2021-02-16;4900;4211;122761;8041
FR;2;2021-02-17;4085;4581;126846;12622
FR;2;2021-02-18;5216;5141;132062;17763
FR;2;2021-02-19;5093;4483;137155;22246
FR;2;2021-02-20;1763;1498;138918;23744
FR;2;2021-02-21;197;86;139115;23830
FR;2;2021-02-22;3505;3775;142620;27605
FR;2;2021-02-23;4783;3697;147403;31302
FR;2;2021-02-24;4734;3519;152137;34821
FR;2;2021-02-25;5260;3401;157397;38222
FR;2;2021-02-26;4189;3096;161586;41318
FR;2;2021-02-27;1500;1059;163086;42377
FR;2;2021-02-28;99;3;163185;42380
FR;2;2021-03-01;4943;3722;168128;46102
FR;2;2021-03-02;6284;4644;174412;50746
FR;2;2021-03-03;6238;4916;180650;55662
FR;2;2021-03-04;8054;4136;188704;59798
FR;2;2021-03-05;7752;3913;196456;63711
FR;2;2021-03-06;4617;1661;201073;65372
FR;2;2021-03-07;2279;23;203352;65395
FR;2;2021-03-08;3967;8334;207319;73729
FR;2;2021-03-09;7248;8546;214567;82275
FR;2;2021-03-10;6836;9160;221403;91435
FR;2;2021-03-11;8993;9346;230396;100781
FR;2;2021-03-12;7681;8261;238077;109042
FR;2;2021-03-13;9840;2569;247917;111611
FR;2;2021-03-14;4751;343;252668;111954
FR;2;2021-03-15;10616;3408;263284;115362
FR;2;2021-03-16;16391;4715;279675;120077
FR;2;2021-03-17;19731;3983;299406;124060
FR;2;2021-03-18;22817;5128;322223;129188
FR;2;2021-03-19;22748;4620;344971;133808
FR;2;2021-03-20;25124;1593;370095;135401
FR;2;2021-03-21;17457;146;387552;135547
FR;2;2021-03-22;17318;3308;404870;138855
FR;2;2021-03-23;22241;4311;427111;143166
FR;2;2021-03-24;23480;5052;450591;148218
FR;2;2021-03-25;26190;5220;476781;153438
FR;2;2021-03-26;26513;4162;503294;157600
FR;2;2021-03-27;15618;1398;518912;158998
FR;2;2021-03-28;10382;143;529294;159141
FR;2;2021-03-29;18532;4289;547826;163430
FR;2;2021-03-30;23951;6058;571777;169488
FR;2;2021-03-31;27713;5810;599490;175298
FR;2;2021-04-01;33314;8405;632804;183703
FR;2;2021-04-02;28975;7700;661779;191403
FR;2;2021-04-03;16368;4470;678147;195873
FR;2;2021-04-04;9093;1375;687240;197248
FR;2;2021-04-05;12025;738;699265;197986
FR;2;2021-04-06;26149;7451;725414;205437
FR;2;2021-04-07;30160;6947;755574;212384
FR;2;2021-04-08;35992;8380;791566;220764
FR;2;2021-04-09;33068;8151;824634;228915
FR;2;2021-04-10;19358;9317;843992;238232
FR;2;2021-04-11;7784;4215;851776;242447
FR;2;2021-04-12;16637;10786;868413;253233
FR;2;2021-04-13;18828;15770;887241;269003
FR;2;2021-04-14;17469;16352;904710;285355
FR;2;2021-04-15;21623;20340;926333;305695
FR;2;2021-04-16;19675;20097;946008;325792
FR;2;2021-04-17;12933;22354;958941;348146
FR;2;2021-04-18;5753;14343;964694;362489
FR;2;2021-04-19;16308;16169;981002;378658
FR;2;2021-04-20;18712;21769;999714;400427
FR;2;2021-04-21;17930;21516;1017644;421943
FR;2;2021-04-22;23000;24469;1040644;446412
FR;2;2021-04-23;23857;25124;1064501;471536
FR;2;2021-04-24;24824;14646;1089325;486182
FR;2;2021-04-25;9308;8575;1098633;494757
FR;2;2021-04-26;16200;16852;1114833;511609
FR;3;2020-12-27;0;0;0;0
FR;3;2020-12-28;0;0;0;0
FR;3;2020-12-29;0;0;0;0
FR;3;2020-12-30;0;0;0;0
FR;3;2020-12-31;0;0;0;0
FR;3;2021-01-01;0;0;0;0
FR;3;2021-01-02;0;0;0;0
FR;3;2021-01-03;0;0;0;0
FR;3;2021-01-04;0;0;0;0
FR;3;2021-01-05;0;0;0;0
FR;3;2021-01-06;0;0;0;0
FR;3;2021-01-07;0;0;0;0
FR;3;2021-01-08;0;0;0;0
FR;3;2021-01-09;0;0;0;0
FR;3;2021-01-10;0;0;0;0
FR;3;2021-01-11;0;0;0;0
FR;3;2021-01-12;0;0;0;0
FR;3;2021-01-13;0;0;0;0
FR;3;2021-01-14;0;0;0;0
FR;3;2021-01-15;0;0;0;0
FR;3;2021-01-16;0;0;0;0
FR;3;2021-01-17;0;0;0;0
FR;3;2021-01-18;0;0;0;0
FR;3;2021-01-19;0;0;0;0
FR;3;2021-01-20;0;0;0;0
FR;3;2021-01-21;0;0;0;0
FR;3;2021-01-22;0;0;0;0
FR;3;2021-01-23;0;0;0;0
FR;3;2021-01-24;0;0;0;0
FR;3;2021-01-25;0;0;0;0
FR;3;2021-01-26;0;0;0;0
FR;3;2021-01-27;0;0;0;0
FR;3;2021-01-28;0;0;0;0
FR;3;2021-01-29;0;0;0;0
FR;3;2021-01-30;0;0;0;0
FR;3;2021-01-31;0;0;0;0
FR;3;2021-02-01;0;0;0;0
FR;3;2021-02-02;0;0;0;0
FR;3;2021-02-03;0;0;0;0
FR;3;2021-02-04;0;0;0;0
FR;3;2021-02-05;0;0;0;0
FR;3;2021-02-06;256;0;256;0
FR;3;2021-02-07;1343;0;1599;0
FR;3;2021-02-08;2593;0;4192;0
FR;3;2021-02-09;6549;0;10741;0
FR;3;2021-02-10;8992;0;19733;0
FR;3;2021-02-11;13089;0;32822;0
FR;3;2021-02-12;12763;0;45585;0
FR;3;2021-02-13;3440;0;49025;0
FR;3;2021-02-14;840;0;49865;0
FR;3;2021-02-15;9913;0;59778;0
FR;3;2021-02-16;11966;0;71744;0
FR;3;2021-02-17;10658;0;82402;0
FR;3;2021-02-18;14149;0;96551;0
FR;3;2021-02-19;13872;0;110423;0
FR;3;2021-02-20;3091;0;113514;0
FR;3;2021-02-21;531;0;114045;0
FR;3;2021-02-22;8689;0;122734;0
FR;3;2021-02-23;10857;0;133591;0
FR;3;2021-02-24;13588;0;147179;0
FR;3;2021-02-25;43640;0;190819;0
FR;3;2021-02-26;60575;0;251394;0
FR;3;2021-02-27;33953;105;285347;105
FR;3;2021-02-28;2300;0;287647;105
FR;3;2021-03-01;19336;28;306983;133
FR;3;2021-03-02;37670;12;344653;145
FR;3;2021-03-03;46819;21;391472;166
FR;3;2021-03-04;79142;26;470614;192
FR;3;2021-03-05;114931;70;585545;262
FR;3;2021-03-06;116133;56;701678;318
FR;3;2021-03-07;53623;30;755301;348
FR;3;2021-03-08;41260;24;796561;372
FR;3;2021-03-09;76701;39;873262;411
FR;3;2021-03-10;78476;45;951738;456
FR;3;2021-03-11;125285;59;1077023;515
FR;3;2021-03-12;178807;74;1255830;589
FR;3;2021-03-13;128972;54;1384802;643
FR;3;2021-03-14;13564;5;1398366;648
FR;3;2021-03-15;50540;43;1448906;691
FR;3;2021-03-16;827;10;1449733;701
FR;3;2021-03-17;549;5;1450282;706
FR;3;2021-03-18;1075;3;1451357;709
FR;3;2021-03-19;68705;43;1520062;752
FR;3;2021-03-20;63917;36;1583979;788
FR;3;2021-03-21;5433;5;1589412;793
FR;3;2021-03-22;36328;30;1625740;823
FR;3;2021-03-23;82944;51;1708684;874
FR;3;2021-03-24;89166;76;1797850;950
FR;3;2021-03-25;147358;122;1945208;1072
FR;3;2021-03-26;162824;161;2108032;1233
FR;3;2021-03-27;66910;87;2174942;1320
FR;3;2021-03-28;6093;17;2181035;1337
FR;3;2021-03-29;53115;61;2234150;1398
FR;3;2021-03-30;91664;89;2325814;1487
FR;3;2021-03-31;62110;79;2387924;1566
FR;3;2021-04-01;84215;109;2472139;1675
FR;3;2021-04-02;85427;154;2557566;1829
FR;3;2021-04-03;35071;121;2592637;1950
FR;3;2021-04-04;3331;15;2595968;1965
FR;3;2021-04-05;4182;21;2600150;1986
FR;3;2021-04-06;28749;66;2628899;2052
FR;3;2021-04-07;31413;52;2660312;2104
FR;3;2021-04-08;77209;240;2737521;2344
FR;3;2021-04-09;159186;417;2896707;2761
FR;3;2021-04-10;74147;337;2970854;3098
FR;3;2021-04-11;6986;44;2977840;3142
FR;3;2021-04-12;50311;186;3028151;3328
FR;3;2021-04-13;84672;344;3112823;3672
FR;3;2021-04-14;66231;328;3179054;4000
FR;3;2021-04-15;91167;380;3270221;4380
FR;3;2021-04-16;110270;586;3380491;4966
FR;3;2021-04-17;51884;342;3432375;5308
FR;3;2021-04-18;9381;39;3441756;5347
FR;3;2021-04-19;24285;236;3466041;5583
FR;3;2021-04-20;44565;400;3510606;5983
FR;3;2021-04-21;37740;462;3548346;6445
FR;3;2021-04-22;53074;811;3601420;7256
FR;3;2021-04-23;68527;1021;3669947;8277
FR;3;2021-04-24;36045;1015;3705992;9292
FR;3;2021-04-25;5860;137;3711852;9429
FR;3;2021-04-26;18385;670;3730237;10099
FR;4;2020-12-27;0;0;0;0
FR;4;2020-12-28;0;0;0;0
FR;4;2020-12-29;0;0;0;0
FR;4;2020-12-30;0;0;0;0
FR;4;2020-12-31;0;0;0;0
FR;4;2021-01-01;0;0;0;0
FR;4;2021-01-02;0;0;0;0
FR;4;2021-01-03;0;0;0;0
FR;4;2021-01-04;0;0;0;0
FR;4;2021-01-05;0;0;0;0
FR;4;2021-01-06;0;0;0;0
FR;4;2021-01-07;0;0;0;0
FR;4;2021-01-08;0;0;0;0
FR;4;2021-01-09;0;0;0;0
FR;4;2021-01-10;0;0;0;0
FR;4;2021-01-11;0;0;0;0
FR;4;2021-01-12;0;0;0;0
FR;4;2021-01-13;0;0;0;0
FR;4;2021-01-14;0;0;0;0
FR;4;2021-01-15;0;0;0;0
FR;4;2021-01-16;0;0;0;0
FR;4;2021-01-17;0;0;0;0
FR;4;2021-01-18;0;0;0;0
FR;4;2021-01-19;0;0;0;0
FR;4;2021-01-20;0;0;0;0
FR;4;2021-01-21;0;0;0;0
FR;4;2021-01-22;0;0;0;0
FR;4;2021-01-23;0;0;0;0
FR;4;2021-01-24;0;0;0;0
FR;4;2021-01-25;0;0;0;0
FR;4;2021-01-26;0;0;0;0
FR;4;2021-01-27;0;0;0;0
FR;4;2021-01-28;0;0;0;0
FR;4;2021-01-29;0;0;0;0
FR;4;2021-01-30;0;0;0;0
FR;4;2021-01-31;0;0;0;0
FR;4;2021-02-01;0;0;0;0
FR;4;2021-02-02;0;0;0;0
FR;4;2021-02-03;0;0;0;0
FR;4;2021-02-04;0;0;0;0
FR;4;2021-02-05;0;0;0;0
FR;4;2021-02-06;0;0;0;0
FR;4;2021-02-07;0;0;0;0
FR;4;2021-02-08;0;0;0;0
FR;4;2021-02-09;0;0;0;0
FR;4;2021-02-10;0;0;0;0
FR;4;2021-02-11;0;0;0;0
FR;4;2021-02-12;0;0;0;0
FR;4;2021-02-13;0;0;0;0
FR;4;2021-02-14;0;0;0;0
FR;4;2021-02-15;0;0;0;0
FR;4;2021-02-16;0;0;0;0
FR;4;2021-02-17;0;0;0;0
FR;4;2021-02-18;0;0;0;0
FR;4;2021-02-19;0;0;0;0
FR;4;2021-02-20;0;0;0;0
FR;4;2021-02-21;0;0;0;0
FR;4;2021-02-22;0;0;0;0
FR;4;2021-02-23;0;0;0;0
FR;4;2021-02-24;0;0;0;0
FR;4;2021-02-25;0;0;0;0
FR;4;2021-02-26;0;0;0;0
FR;4;2021-02-27;0;0;0;0
FR;4;2021-02-28;0;0;0;0
FR;4;2021-03-01;0;0;0;0
FR;4;2021-03-02;0;0;0;0
FR;4;2021-03-03;0;0;0;0
FR;4;2021-03-04;0;0;0;0
FR;4;2021-03-05;0;0;0;0
FR;4;2021-03-06;0;0;0;0
FR;4;2021-03-07;0;0;0;0
FR;4;2021-03-08;0;0;0;0
FR;4;2021-03-09;0;0;0;0
FR;4;2021-03-10;0;0;0;0
FR;4;2021-03-11;0;0;0;0
FR;4;2021-03-12;0;0;0;0
FR;4;2021-03-13;0;0;0;0
FR;4;2021-03-14;0;0;0;0
FR;4;2021-03-15;0;0;0;0
FR;4;2021-03-16;0;0;0;0
FR;4;2021-03-17;0;0;0;0
FR;4;2021-03-18;0;0;0;0
FR;4;2021-03-19;0;0;0;0
FR;4;2021-03-20;0;0;0;0
FR;4;2021-03-21;0;0;0;0
FR;4;2021-03-22;0;0;0;0
FR;4;2021-03-23;0;0;0;0
FR;4;2021-03-24;0;0;0;0
FR;4;2021-03-25;0;0;0;0
FR;4;2021-03-26;0;0;0;0
FR;4;2021-03-27;0;0;0;0
FR;4;2021-03-28;0;0;0;0
FR;4;2021-03-29;0;0;0;0
FR;4;2021-03-30;0;0;0;0
FR;4;2021-03-31;0;0;0;0
FR;4;2021-04-01;0;0;0;0
FR;4;2021-04-02;0;0;0;0
FR;4;2021-04-03;0;0;0;0
FR;4;2021-04-04;0;0;0;0
FR;4;2021-04-05;0;0;0;0
FR;4;2021-04-06;0;0;0;0
FR;4;2021-04-07;0;0;0;0
FR;4;2021-04-08;0;0;0;0
FR;4;2021-04-09;0;0;0;0
FR;4;2021-04-10;0;0;0;0
FR;4;2021-04-11;0;0;0;0
FR;4;2021-04-12;0;0;0;0
FR;4;2021-04-13;0;0;0;0
FR;4;2021-04-14;0;0;0;0
FR;4;2021-04-15;0;0;0;0
FR;4;2021-04-16;0;0;0;0
FR;4;2021-04-17;0;0;0;0
FR;4;2021-04-18;0;0;0;0
FR;4;2021-04-19;0;0;0;0
FR;4;2021-04-20;0;0;0;0
FR;4;2021-04-21;0;0;0;0
FR;4;2021-04-22;0;0;0;0
FR;4;2021-04-23;399;0;399;0
FR;4;2021-04-24;1535;0;1934;0
FR;4;2021-04-25;109;0;2043;0
FR;4;2021-04-26;2711;0;4754;0
FR;0;2020-12-27;17;0;17;0
FR;0;2020-12-28;59;0;76;0
FR;0;2020-12-29;107;0;183;0
FR;0;2020-12-30;115;0;298;0
FR;0;2020-12-31;83;0;381;0
FR;0;2021-01-01;55;0;436;0
FR;0;2021-01-02;72;0;508;0
FR;0;2021-01-03;87;0;595;0
FR;0;2021-01-04;1462;0;2057;0
FR;0;2021-01-05;5352;0;7409;0
FR;0;2021-01-06;11250;0;18659;0
FR;0;2021-01-07;28451;0;47110;0
FR;0;2021-01-08;35881;0;82991;0
FR;0;2021-01-09;10865;0;93856;0
FR;0;2021-01-10;5599;0;99455;0
FR;0;2021-01-11;38711;0;138166;0
FR;0;2021-01-12;60308;0;198474;0
FR;0;2021-01-13;63352;0;261826;0
FR;0;2021-01-14;79438;0;341264;0
FR;0;2021-01-15;66929;0;408193;0
FR;0;2021-01-16;19571;849;427764;849
FR;0;2021-01-17;10446;40;438210;889
FR;0;2021-01-18;84070;187;522280;1076
FR;0;2021-01-19;127765;227;650045;1303
FR;0;2021-01-20;134513;154;784558;1457
FR;0;2021-01-21;154531;156;939089;1613
FR;0;2021-01-22;117879;222;1056968;1835
FR;0;2021-01-23;37714;82;1094682;1917
FR;0;2021-01-24;9315;104;1103997;2021
FR;0;2021-01-25;76557;1498;1180554;3519
FR;0;2021-01-26;98255;3923;1278809;7442
FR;0;2021-01-27;105319;6795;1384128;14237
FR;0;2021-01-28;121775;17507;1505903;31744
FR;0;2021-01-29;90602;19618;1596505;51362
FR;0;2021-01-30;28594;4660;1625099;56022
FR;0;2021-01-31;4855;1907;1629954;57929
FR;0;2021-02-01;51346;24113;1681300;82042
FR;0;2021-02-02;70284;40625;1751584;122667
FR;0;2021-02-03;70752;41864;1822336;164531
FR;0;2021-02-04;80046;58586;1902382;223117
FR;0;2021-02-05;66735;49454;1969117;272571
FR;0;2021-02-06;21207;11375;1990324;283946
FR;0;2021-02-07;4810;6447;1995134;290393
FR;0;2021-02-08;45694;50020;2040828;340413
FR;0;2021-02-09;64502;82193;2105330;422606
FR;0;2021-02-10;68833;87150;2174163;509756
FR;0;2021-02-11;85002;109981;2259165;619737
FR;0;2021-02-12;77173;75601;2336338;695338
FR;0;2021-02-13;21536;18651;2357874;713989
FR;0;2021-02-14;4539;6747;2362413;720736
FR;0;2021-02-15;36738;74959;2399151;795695
FR;0;2021-02-16;48796;96424;2447947;892119
FR;0;2021-02-17;49015;107739;2496962;999858
FR;0;2021-02-18;67185;125240;2564147;1125098
FR;0;2021-02-19;63214;90799;2627361;1215897
FR;0;2021-02-20;17851;27636;2645212;1243533
FR;0;2021-02-21;2836;5380;2648048;1248913
FR;0;2021-02-22;36135;70695;2684183;1319608
FR;0;2021-02-23;52081;83521;2736264;1403129
FR;0;2021-02-24;57542;82448;2793806;1485577
FR;0;2021-02-25;97511;88498;2891317;1574075
FR;0;2021-02-26;110661;68928;3001978;1643003
FR;0;2021-02-27;50607;22154;3052585;1665157
FR;0;2021-02-28;5625;3572;3058210;1668729
FR;0;2021-03-01;62862;52400;3121072;1721129
FR;0;2021-03-02;98406;66283;3219478;1787412
FR;0;2021-03-03;112306;64208;3331784;1851620
FR;0;2021-03-04;157799;73017;3489583;1924637
FR;0;2021-03-05;195522;61048;3685105;1985685
FR;0;2021-03-06;201961;16715;3887066;2002400
FR;0;2021-03-07;118813;2390;4005879;2004790
FR;0;2021-03-08;103784;46750;4109663;2051540
FR;0;2021-03-09;168009;53902;4277672;2105442
FR;0;2021-03-10;173946;55543;4451618;2160985
FR;0;2021-03-11;236945;62917;4688563;2223902
FR;0;2021-03-12;288245;51827;4976808;2275729
FR;0;2021-03-13;226252;14702;5203060;2290431
FR;0;2021-03-14;61912;2445;5264972;2292876
FR;0;2021-03-15;154675;29300;5419647;2322176
FR;0;2021-03-16;138768;36997;5558415;2359173
FR;0;2021-03-17;147266;35787;5705681;2394960
FR;0;2021-03-18;164246;42653;5869927;2437613
FR;0;2021-03-19;225241;34882;6095168;2472495
FR;0;2021-03-20;163852;10833;6259020;2483328
FR;0;2021-03-21;48634;1489;6307654;2484817
FR;0;2021-03-22;166217;31865;6473871;2516682
FR;0;2021-03-23;245494;40787;6719365;2557469
FR;0;2021-03-24;252067;42075;6971432;2599544
FR;0;2021-03-25;335558;44207;7306990;2643751
FR;0;2021-03-26;352777;40347;7659767;2684098
FR;0;2021-03-27;192115;16597;7851882;2700695
FR;0;2021-03-28;58107;4718;7909989;2705413
FR;0;2021-03-29;198865;51418;8108854;2756831
FR;0;2021-03-30;278521;68878;8387375;2825709
FR;0;2021-03-31;256123;73256;8643498;2898965
FR;0;2021-04-01;304013;93172;8947511;2992137
FR;0;2021-04-02;274433;95211;9221944;3087348
FR;0;2021-04-03;137809;62350;9359753;3149698
FR;0;2021-04-04;44520;18853;9404273;3168551
FR;0;2021-04-05;58301;9766;9462574;3178317
FR;0;2021-04-06;206750;112858;9669324;3291175
FR;0;2021-04-07;251969;113357;9921293;3404532
FR;0;2021-04-08;326874;121701;10248167;3526233
FR;0;2021-04-09;398983;115456;10647150;3641689
FR;0;2021-04-10;208568;81858;10855718;3723547
FR;0;2021-04-11;54634;33465;10910352;3757012
FR;0;2021-04-12;230930;113333;11141282;3870345
FR;0;2021-04-13;300868;140357;11442150;4010702
FR;0;2021-04-14;285453;137116;11727603;4147818
FR;0;2021-04-15;325992;146428;12053595;4294246
FR;0;2021-04-16;328920;143707;12382515;4437953
FR;0;2021-04-17;184379;88701;12566894;4526654
FR;0;2021-04-18;49968;35041;12616862;4561695
FR;0;2021-04-19;199017;135503;12815879;4697198
FR;0;2021-04-20;245522;168436;13061401;4865634
FR;0;2021-04-21;242550;166611;13303951;5032245
FR;0;2021-04-22;274777;185918;13578728;5218163
FR;0;2021-04-23;280105;179967;13858833;5398130
FR;0;2021-04-24;185122;109502;14043955;5507632
FR;0;2021-04-25;66746;37873;14110701;5545505
FR;0;2021-04-26;205800;152250;14316501;5697755
