fra;clage_vacsi;jour;n_dose1;n_complet;n_cum_dose1;n_cum_complet;couv_dose1;couv_complet
FR;24;2020-12-27;1;0;1;0;0.0;0.0
FR;24;2020-12-28;2;0;3;0;0.0;0.0
FR;24;2020-12-29;0;0;3;0;0.0;0.0
FR;24;2020-12-30;0;0;3;0;0.0;0.0
FR;24;2020-12-31;1;0;4;0;0.0;0.0
FR;24;2021-01-01;1;0;5;0;0.0;0.0
FR;24;2021-01-02;1;0;6;0;0.0;0.0
FR;24;2021-01-03;2;0;8;0;0.0;0.0
FR;24;2021-01-04;4;0;12;0;0.0;0.0
FR;24;2021-01-05;17;1;29;1;0.0;0.0
FR;24;2021-01-06;36;0;65;1;0.0;0.0
FR;24;2021-01-07;180;0;245;1;0.0;0.0
FR;24;2021-01-08;216;0;461;1;0.0;0.0
FR;24;2021-01-09;40;0;501;1;0.0;0.0
FR;24;2021-01-10;35;0;536;1;0.0;0.0
FR;24;2021-01-11;251;2;787;3;0.0;0.0
FR;24;2021-01-12;397;5;1184;8;0.0;0.0
FR;24;2021-01-13;477;4;1661;12;0.0;0.0
FR;24;2021-01-14;612;6;2273;18;0.0;0.0
FR;24;2021-01-15;594;1;2867;19;0.1;0.0
FR;24;2021-01-16;117;3;2984;22;0.1;0.0
FR;24;2021-01-17;94;0;3078;22;0.1;0.0
FR;24;2021-01-18;508;3;3586;25;0.1;0.0
FR;24;2021-01-19;596;3;4182;28;0.1;0.0
FR;24;2021-01-20;649;0;4831;28;0.1;0.0
FR;24;2021-01-21;758;4;5589;32;0.1;0.0
FR;24;2021-01-22;601;4;6190;36;0.1;0.0
FR;24;2021-01-23;116;0;6306;36;0.1;0.0
FR;24;2021-01-24;22;0;6328;36;0.1;0.0
FR;24;2021-01-25;294;3;6622;39;0.1;0.0
FR;24;2021-01-26;367;12;6989;51;0.1;0.0
FR;24;2021-01-27;441;14;7430;65;0.1;0.0
FR;24;2021-01-28;596;51;8026;116;0.1;0.0
FR;24;2021-01-29;467;82;8493;198;0.2;0.0
FR;24;2021-01-30;87;16;8580;214;0.2;0.0
FR;24;2021-01-31;25;13;8605;227;0.2;0.0
FR;24;2021-02-01;157;134;8762;361;0.2;0.0
FR;24;2021-02-02;216;182;8978;543;0.2;0.0
FR;24;2021-02-03;218;185;9196;728;0.2;0.0
FR;24;2021-02-04;358;316;9554;1044;0.2;0.0
FR;24;2021-02-05;346;344;9900;1388;0.2;0.0
FR;24;2021-02-06;83;71;9983;1459;0.2;0.0
FR;24;2021-02-07;169;32;10152;1491;0.2;0.0
FR;24;2021-02-08;388;358;10540;1849;0.2;0.0
FR;24;2021-02-09;745;458;11285;2307;0.2;0.0
FR;24;2021-02-10;1091;596;12376;2903;0.2;0.1
FR;24;2021-02-11;1575;711;13951;3614;0.3;0.1
FR;24;2021-02-12;1622;563;15573;4177;0.3;0.1
FR;24;2021-02-13;292;93;15865;4270;0.3;0.1
FR;24;2021-02-14;62;30;15927;4300;0.3;0.1
FR;24;2021-02-15;1039;383;16966;4683;0.3;0.1
FR;24;2021-02-16;1563;580;18529;5263;0.3;0.1
FR;24;2021-02-17;1493;498;20022;5761;0.4;0.1
FR;24;2021-02-18;1945;629;21967;6390;0.4;0.1
FR;24;2021-02-19;1854;557;23821;6947;0.4;0.1
FR;24;2021-02-20;333;88;24154;7035;0.4;0.1
FR;24;2021-02-21;41;18;24195;7053;0.4;0.1
FR;24;2021-02-22;1168;287;25363;7340;0.5;0.1
FR;24;2021-02-23;1588;387;26951;7727;0.5;0.1
FR;24;2021-02-24;1650;331;28601;8058;0.5;0.1
FR;24;2021-02-25;2276;469;30877;8527;0.6;0.2
FR;24;2021-02-26;2198;392;33075;8919;0.6;0.2
FR;24;2021-02-27;533;84;33608;9003;0.6;0.2
FR;24;2021-02-28;92;15;33700;9018;0.6;0.2
FR;24;2021-03-01;1260;230;34960;9248;0.6;0.2
FR;24;2021-03-02;1663;299;36623;9547;0.7;0.2
FR;24;2021-03-03;1757;353;38380;9900;0.7;0.2
FR;24;2021-03-04;2149;509;40529;10409;0.7;0.2
FR;24;2021-03-05;3292;491;43821;10900;0.8;0.2
FR;24;2021-03-06;1709;142;45530;11042;0.8;0.2
FR;24;2021-03-07;983;68;46513;11110;0.9;0.2
FR;24;2021-03-08;1965;240;48478;11350;0.9;0.2
FR;24;2021-03-09;2606;308;51084;11658;0.9;0.2
FR;24;2021-03-10;2437;351;53521;12009;1.0;0.2
FR;24;2021-03-11;2923;493;56444;12502;1.0;0.2
FR;24;2021-03-12;3825;429;60269;12931;1.1;0.2
FR;24;2021-03-13;1484;93;61753;13024;1.1;0.2
FR;24;2021-03-14;532;35;62285;13059;1.1;0.2
FR;24;2021-03-15;1833;242;64118;13301;1.2;0.2
FR;24;2021-03-16;823;313;64941;13614;1.2;0.3
FR;24;2021-03-17;1072;320;66013;13934;1.2;0.3
FR;24;2021-03-18;1299;438;67312;14372;1.2;0.3
FR;24;2021-03-19;1868;360;69180;14732;1.3;0.3
FR;24;2021-03-20;831;90;70011;14822;1.3;0.3
FR;24;2021-03-21;633;53;70644;14875;1.3;0.3
FR;24;2021-03-22;1502;292;72146;15167;1.3;0.3
FR;24;2021-03-23;1797;398;73943;15565;1.4;0.3
FR;24;2021-03-24;2154;360;76097;15925;1.4;0.3
FR;24;2021-03-25;2561;497;78658;16422;1.5;0.3
FR;24;2021-03-26;3161;482;81819;16904;1.5;0.3
FR;24;2021-03-27;1897;196;83716;17100;1.5;0.3
FR;24;2021-03-28;1010;75;84726;17175;1.6;0.3
FR;24;2021-03-29;2439;374;87165;17549;1.6;0.3
FR;24;2021-03-30;3613;523;90778;18072;1.7;0.3
FR;24;2021-03-31;4139;531;94917;18603;1.7;0.3
FR;24;2021-04-01;5406;757;100323;19360;1.8;0.4
FR;24;2021-04-02;4452;634;104775;19994;1.9;0.4
FR;24;2021-04-03;1748;343;106523;20337;2.0;0.4
FR;24;2021-04-04;954;124;107477;20461;2.0;0.4
FR;24;2021-04-05;1096;134;108573;20595;2.0;0.4
FR;24;2021-04-06;3545;583;112118;21178;2.1;0.4
FR;24;2021-04-07;4779;814;116897;21992;2.2;0.4
FR;24;2021-04-08;6362;1110;123259;23102;2.3;0.4
FR;24;2021-04-09;5771;1055;129030;24157;2.4;0.4
FR;24;2021-04-10;2625;563;131655;24720;2.4;0.5
FR;24;2021-04-11;1255;309;132910;25029;2.5;0.5
FR;24;2021-04-12;3440;934;136350;25963;2.5;0.5
FR;24;2021-04-13;4761;1148;141111;27111;2.6;0.5
FR;24;2021-04-14;4948;1308;146059;28419;2.7;0.5
FR;24;2021-04-15;5197;1577;151256;29996;2.8;0.6
FR;24;2021-04-16;4806;1680;156062;31676;2.9;0.6
FR;24;2021-04-17;2130;797;158192;32473;2.9;0.6
FR;24;2021-04-18;724;439;158916;32912;2.9;0.6
FR;24;2021-04-19;2928;1518;161844;34430;3.0;0.6
FR;24;2021-04-20;3103;2117;164947;36547;3.0;0.7
FR;24;2021-04-21;3416;2471;168363;39018;3.1;0.7
FR;24;2021-04-22;4000;3116;172363;42134;3.2;0.8
FR;24;2021-04-23;4167;3281;176530;45415;3.3;0.8
FR;24;2021-04-24;2387;1681;178917;47096;3.3;0.9
FR;24;2021-04-25;1221;804;180138;47900;3.3;0.9
FR;24;2021-04-26;3063;2175;183201;50075;3.4;0.9
FR;24;2021-04-27;3885;3161;187086;53236;3.4;1.0
FR;24;2021-04-28;4398;3741;191484;56977;3.5;1.1
FR;24;2021-04-29;5461;4448;196945;61425;3.6;1.1
FR;24;2021-04-30;6170;4609;203115;66034;3.7;1.2
FR;24;2021-05-01;3963;1076;207078;67110;3.8;1.2
FR;24;2021-05-02;2742;903;209820;68013;3.9;1.3
FR;24;2021-05-03;6263;4145;216083;72158;4.0;1.3
FR;24;2021-05-04;7500;4712;223583;76870;4.1;1.4
FR;24;2021-05-05;8692;4967;232275;81837;4.3;1.5
FR;24;2021-05-06;10833;6383;243108;88220;4.5;1.6
FR;24;2021-05-07;12001;6428;255109;94648;4.7;1.7
FR;24;2021-05-08;9905;2531;265014;97179;4.9;1.8
FR;24;2021-05-09;6869;1935;271883;99114;5.0;1.8
FR;24;2021-05-10;11033;4974;282916;104088;5.2;1.9
FR;24;2021-05-11;15491;5751;298407;109839;5.5;2.0
FR;24;2021-05-12;22637;6145;321044;115984;5.9;2.1
FR;24;2021-05-13;27470;3027;348514;119011;6.4;2.2
FR;24;2021-05-14;31887;5491;380401;124502;7.0;2.3
FR;24;2021-05-15;33289;3903;413690;128405;7.6;2.4
FR;24;2021-05-16;21880;1961;435570;130366;8.0;2.4
FR;24;2021-05-17;29259;5173;464829;135539;8.6;2.5
FR;24;2021-05-18;37535;5992;502364;141531;9.3;2.6
FR;24;2021-05-19;39637;7020;542001;148551;10.0;2.7
FR;24;2021-05-20;45540;7382;587541;155933;10.8;2.9
FR;24;2021-05-21;46703;7128;634244;163061;11.7;3.0
FR;24;2021-05-22;44439;4449;678683;167510;12.5;3.1
FR;24;2021-05-23;23904;2286;702587;169796;13.0;3.1
FR;24;2021-05-24;34295;3554;736882;173350;13.6;3.2
FR;24;2021-05-25;44435;7742;781317;181092;14.4;3.3
FR;24;2021-05-26;44973;7381;826290;188473;15.2;3.5
FR;24;2021-05-27;51455;8008;877745;196481;16.2;3.6
FR;24;2021-05-28;48113;8808;925858;205289;17.1;3.8
FR;24;2021-05-29;43766;5817;969624;211106;17.9;3.9
FR;24;2021-05-30;18222;2203;987846;213309;18.2;3.9
FR;24;2021-05-31;51027;8033;1038873;221342;19.2;4.1
FR;29;2020-12-27;0;0;0;0;0.0;0.0
FR;29;2020-12-28;1;0;1;0;0.0;0.0
FR;29;2020-12-29;0;0;1;0;0.0;0.0
FR;29;2020-12-30;0;0;1;0;0.0;0.0
FR;29;2020-12-31;1;0;2;0;0.0;0.0
FR;29;2021-01-01;2;0;4;0;0.0;0.0
FR;29;2021-01-02;2;0;6;0;0.0;0.0
FR;29;2021-01-03;2;0;8;0;0.0;0.0
FR;29;2021-01-04;10;0;18;0;0.0;0.0
FR;29;2021-01-05;42;0;60;0;0.0;0.0
FR;29;2021-01-06;142;0;202;0;0.0;0.0
FR;29;2021-01-07;306;1;508;1;0.0;0.0
FR;29;2021-01-08;518;2;1026;3;0.0;0.0
FR;29;2021-01-09;113;0;1139;3;0.0;0.0
FR;29;2021-01-10;91;0;1230;3;0.0;0.0
FR;29;2021-01-11;643;2;1873;5;0.1;0.0
FR;29;2021-01-12;933;7;2806;12;0.1;0.0
FR;29;2021-01-13;1213;6;4019;18;0.1;0.0
FR;29;2021-01-14;1562;10;5581;28;0.2;0.0
FR;29;2021-01-15;1310;2;6891;30;0.2;0.0
FR;29;2021-01-16;193;3;7084;33;0.2;0.0
FR;29;2021-01-17;158;0;7242;33;0.2;0.0
FR;29;2021-01-18;1039;4;8281;37;0.2;0.0
FR;29;2021-01-19;1147;5;9428;42;0.3;0.0
FR;29;2021-01-20;1194;3;10622;45;0.3;0.0
FR;29;2021-01-21;1455;5;12077;50;0.3;0.0
FR;29;2021-01-22;1150;9;13227;59;0.4;0.0
FR;29;2021-01-23;170;2;13397;61;0.4;0.0
FR;29;2021-01-24;52;0;13449;61;0.4;0.0
FR;29;2021-01-25;538;16;13987;77;0.4;0.0
FR;29;2021-01-26;665;35;14652;112;0.4;0.0
FR;29;2021-01-27;720;62;15372;174;0.4;0.0
FR;29;2021-01-28;1033;121;16405;295;0.4;0.0
FR;29;2021-01-29;803;170;17208;465;0.5;0.0
FR;29;2021-01-30;140;40;17348;505;0.5;0.0
FR;29;2021-01-31;34;26;17382;531;0.5;0.0
FR;29;2021-02-01;263;291;17645;822;0.5;0.0
FR;29;2021-02-02;405;372;18050;1194;0.5;0.0
FR;29;2021-02-03;456;458;18506;1652;0.5;0.0
FR;29;2021-02-04;609;716;19115;2368;0.5;0.1
FR;29;2021-02-05;533;749;19648;3117;0.5;0.1
FR;29;2021-02-06;141;107;19789;3224;0.5;0.1
FR;29;2021-02-07;304;64;20093;3288;0.5;0.1
FR;29;2021-02-08;604;804;20697;4092;0.6;0.1
FR;29;2021-02-09;1248;1020;21945;5112;0.6;0.1
FR;29;2021-02-10;1712;1132;23657;6244;0.6;0.2
FR;29;2021-02-11;2462;1416;26119;7660;0.7;0.2
FR;29;2021-02-12;2218;1220;28337;8880;0.8;0.2
FR;29;2021-02-13;426;156;28763;9036;0.8;0.2
FR;29;2021-02-14;134;81;28897;9117;0.8;0.2
FR;29;2021-02-15;1570;791;30467;9908;0.8;0.3
FR;29;2021-02-16;1921;1150;32388;11058;0.9;0.3
FR;29;2021-02-17;1884;938;34272;11996;0.9;0.3
FR;29;2021-02-18;2389;1155;36661;13151;1.0;0.4
FR;29;2021-02-19;2321;936;38982;14087;1.0;0.4
FR;29;2021-02-20;383;122;39365;14209;1.1;0.4
FR;29;2021-02-21;86;42;39451;14251;1.1;0.4
FR;29;2021-02-22;1362;523;40813;14774;1.1;0.4
FR;29;2021-02-23;1758;651;42571;15425;1.1;0.4
FR;29;2021-02-24;1784;538;44355;15963;1.2;0.4
FR;29;2021-02-25;2399;924;46754;16887;1.3;0.5
FR;29;2021-02-26;2573;654;49327;17541;1.3;0.5
FR;29;2021-02-27;607;109;49934;17650;1.3;0.5
FR;29;2021-02-28;112;28;50046;17678;1.3;0.5
FR;29;2021-03-01;1305;345;51351;18023;1.4;0.5
FR;29;2021-03-02;1802;586;53153;18609;1.4;0.5
FR;29;2021-03-03;1983;587;55136;19196;1.5;0.5
FR;29;2021-03-04;2482;751;57618;19947;1.6;0.5
FR;29;2021-03-05;3613;703;61231;20650;1.6;0.6
FR;29;2021-03-06;1636;140;62867;20790;1.7;0.6
FR;29;2021-03-07;820;95;63687;20885;1.7;0.6
FR;29;2021-03-08;1948;384;65635;21269;1.8;0.6
FR;29;2021-03-09;2638;463;68273;21732;1.8;0.6
FR;29;2021-03-10;2563;496;70836;22228;1.9;0.6
FR;29;2021-03-11;3333;801;74169;23029;2.0;0.6
FR;29;2021-03-12;3962;709;78131;23738;2.1;0.6
FR;29;2021-03-13;1625;130;79756;23868;2.1;0.6
FR;29;2021-03-14;564;62;80320;23930;2.2;0.6
FR;29;2021-03-15;1885;354;82205;24284;2.2;0.7
FR;29;2021-03-16;1118;498;83323;24782;2.2;0.7
FR;29;2021-03-17;1377;496;84700;25278;2.3;0.7
FR;29;2021-03-18;1643;670;86343;25948;2.3;0.7
FR;29;2021-03-19;2232;552;88575;26500;2.4;0.7
FR;29;2021-03-20;987;129;89562;26629;2.4;0.7
FR;29;2021-03-21;725;59;90287;26688;2.4;0.7
FR;29;2021-03-22;1658;405;91945;27093;2.5;0.7
FR;29;2021-03-23;2207;599;94152;27692;2.5;0.7
FR;29;2021-03-24;2531;568;96683;28260;2.6;0.8
FR;29;2021-03-25;3380;680;100063;28940;2.7;0.8
FR;29;2021-03-26;3729;698;103792;29638;2.8;0.8
FR;29;2021-03-27;2145;249;105937;29887;2.9;0.8
FR;29;2021-03-28;963;65;106900;29952;2.9;0.8
FR;29;2021-03-29;2759;522;109659;30474;3.0;0.8
FR;29;2021-03-30;3989;711;113648;31185;3.1;0.8
FR;29;2021-03-31;4503;799;118151;31984;3.2;0.9
FR;29;2021-04-01;5857;1000;124008;32984;3.3;0.9
FR;29;2021-04-02;4896;913;128904;33897;3.5;0.9
FR;29;2021-04-03;1773;333;130677;34230;3.5;0.9
FR;29;2021-04-04;898;120;131575;34350;3.5;0.9
FR;29;2021-04-05;919;112;132494;34462;3.6;0.9
FR;29;2021-04-06;3496;755;135990;35217;3.7;0.9
FR;29;2021-04-07;4543;1104;140533;36321;3.8;1.0
FR;29;2021-04-08;6269;1454;146802;37775;3.9;1.0
FR;29;2021-04-09;6281;1272;153083;39047;4.1;1.1
FR;29;2021-04-10;2649;621;155732;39668;4.2;1.1
FR;29;2021-04-11;1163;337;156895;40005;4.2;1.1
FR;29;2021-04-12;3584;1034;160479;41039;4.3;1.1
FR;29;2021-04-13;4859;1485;165338;42524;4.4;1.1
FR;29;2021-04-14;4762;1511;170100;44035;4.6;1.2
FR;29;2021-04-15;5599;1813;175699;45848;4.7;1.2
FR;29;2021-04-16;4783;1872;180482;47720;4.9;1.3
FR;29;2021-04-17;2238;911;182720;48631;4.9;1.3
FR;29;2021-04-18;774;518;183494;49149;4.9;1.3
FR;29;2021-04-19;2852;1755;186346;50904;5.0;1.4
FR;29;2021-04-20;3482;2490;189828;53394;5.1;1.4
FR;29;2021-04-21;3461;2774;193289;56168;5.2;1.5
FR;29;2021-04-22;4421;3837;197710;60005;5.3;1.6
FR;29;2021-04-23;4568;3765;202278;63770;5.4;1.7
FR;29;2021-04-24;2690;1822;204968;65592;5.5;1.8
FR;29;2021-04-25;1185;737;206153;66329;5.5;1.8
FR;29;2021-04-26;2944;2462;209097;68791;5.6;1.9
FR;29;2021-04-27;3973;3593;213070;72384;5.7;1.9
FR;29;2021-04-28;4650;4018;217720;76402;5.9;2.1
FR;29;2021-04-29;5869;4968;223589;81370;6.0;2.2
FR;29;2021-04-30;6420;5190;230009;86560;6.2;2.3
FR;29;2021-05-01;4224;1209;234233;87769;6.3;2.4
FR;29;2021-05-02;2596;908;236829;88677;6.4;2.4
FR;29;2021-05-03;6808;4284;243637;92961;6.6;2.5
FR;29;2021-05-04;8101;5180;251738;98141;6.8;2.6
FR;29;2021-05-05;9583;5181;261321;103322;7.0;2.8
FR;29;2021-05-06;11191;6549;272512;109871;7.3;3.0
FR;29;2021-05-07;11619;6619;284131;116490;7.6;3.1
FR;29;2021-05-08;8798;2256;292929;118746;7.9;3.2
FR;29;2021-05-09;5906;1744;298835;120490;8.0;3.2
FR;29;2021-05-10;10642;5309;309477;125799;8.3;3.4
FR;29;2021-05-11;14532;6354;324009;132153;8.7;3.6
FR;29;2021-05-12;19849;6298;343858;138451;9.3;3.7
FR;29;2021-05-13;19766;2341;363624;140792;9.8;3.8
FR;29;2021-05-14;22205;4365;385829;145157;10.4;3.9
FR;29;2021-05-15;20965;2915;406794;148072;10.9;4.0
FR;29;2021-05-16;13383;1327;420177;149399;11.3;4.0
FR;29;2021-05-17;21410;4932;441587;154331;11.9;4.2
FR;29;2021-05-18;28191;5688;469778;160019;12.6;4.3
FR;29;2021-05-19;28725;5973;498503;165992;13.4;4.5
FR;29;2021-05-20;32644;6522;531147;172514;14.3;4.6
FR;29;2021-05-21;31641;6149;562788;178663;15.1;4.8
FR;29;2021-05-22;26033;3005;588821;181668;15.8;4.9
FR;29;2021-05-23;14151;1486;602972;183154;16.2;4.9
FR;29;2021-05-24;22517;2638;625489;185792;16.8;5.0
FR;29;2021-05-25;30382;6550;655871;192342;17.6;5.2
FR;29;2021-05-26;32163;6713;688034;199055;18.5;5.4
FR;29;2021-05-27;35386;7174;723420;206229;19.5;5.5
FR;29;2021-05-28;32900;7847;756320;214076;20.3;5.8
FR;29;2021-05-29;26464;4232;782784;218308;21.1;5.9
FR;29;2021-05-30;11754;1622;794538;219930;21.4;5.9
FR;29;2021-05-31;33104;6735;827642;226665;22.3;6.1
FR;39;2020-12-27;0;0;0;0;0.0;0.0
FR;39;2020-12-28;0;0;0;0;0.0;0.0
FR;39;2020-12-29;1;0;1;0;0.0;0.0
FR;39;2020-12-30;3;0;4;0;0.0;0.0
FR;39;2020-12-31;1;0;5;0;0.0;0.0
FR;39;2021-01-01;4;0;9;0;0.0;0.0
FR;39;2021-01-02;2;1;11;1;0.0;0.0
FR;39;2021-01-03;2;0;13;1;0.0;0.0
FR;39;2021-01-04;23;0;36;1;0.0;0.0
FR;39;2021-01-05;139;0;175;1;0.0;0.0
FR;39;2021-01-06;385;0;560;1;0.0;0.0
FR;39;2021-01-07;1175;6;1735;7;0.0;0.0
FR;39;2021-01-08;1785;4;3520;11;0.0;0.0
FR;39;2021-01-09;473;0;3993;11;0.0;0.0
FR;39;2021-01-10;308;2;4301;13;0.1;0.0
FR;39;2021-01-11;2207;8;6508;21;0.1;0.0
FR;39;2021-01-12;3402;15;9910;36;0.1;0.0
FR;39;2021-01-13;3496;12;13406;48;0.2;0.0
FR;39;2021-01-14;4780;45;18186;93;0.2;0.0
FR;39;2021-01-15;4394;15;22580;108;0.3;0.0
FR;39;2021-01-16;768;4;23348;112;0.3;0.0
FR;39;2021-01-17;491;2;23839;114;0.3;0.0
FR;39;2021-01-18;3065;24;26904;138;0.3;0.0
FR;39;2021-01-19;4000;19;30904;157;0.4;0.0
FR;39;2021-01-20;3903;17;34807;174;0.4;0.0
FR;39;2021-01-21;5141;20;39948;194;0.5;0.0
FR;39;2021-01-22;3962;23;43910;217;0.5;0.0
FR;39;2021-01-23;590;3;44500;220;0.5;0.0
FR;39;2021-01-24;184;0;44684;220;0.5;0.0
FR;39;2021-01-25;1595;43;46279;263;0.6;0.0
FR;39;2021-01-26;2166;100;48445;363;0.6;0.0
FR;39;2021-01-27;2278;213;50723;576;0.6;0.0
FR;39;2021-01-28;3475;468;54198;1044;0.7;0.0
FR;39;2021-01-29;2675;695;56873;1739;0.7;0.0
FR;39;2021-01-30;395;215;57268;1954;0.7;0.0
FR;39;2021-01-31;89;78;57357;2032;0.7;0.0
FR;39;2021-02-01;750;1058;58107;3090;0.7;0.0
FR;39;2021-02-02;1331;1647;59438;4737;0.7;0.1
FR;39;2021-02-03;1360;1659;60798;6396;0.7;0.1
FR;39;2021-02-04;1978;2536;62776;8932;0.8;0.1
FR;39;2021-02-05;1642;2703;64418;11635;0.8;0.1
FR;39;2021-02-06;397;431;64815;12066;0.8;0.1
FR;39;2021-02-07;553;209;65368;12275;0.8;0.1
FR;39;2021-02-08;1516;2424;66884;14699;0.8;0.2
FR;39;2021-02-09;3163;3375;70047;18074;0.8;0.2
FR;39;2021-02-10;3886;3517;73933;21591;0.9;0.3
FR;39;2021-02-11;6160;4843;80093;26434;1.0;0.3
FR;39;2021-02-12;5814;3984;85907;30418;1.0;0.4
FR;39;2021-02-13;1239;544;87146;30962;1.1;0.4
FR;39;2021-02-14;386;265;87532;31227;1.1;0.4
FR;39;2021-02-15;3418;2387;90950;33614;1.1;0.4
FR;39;2021-02-16;4418;3347;95368;36961;1.1;0.4
FR;39;2021-02-17;3989;2857;99357;39818;1.2;0.5
FR;39;2021-02-18;5968;3870;105325;43688;1.3;0.5
FR;39;2021-02-19;5834;3064;111159;46752;1.3;0.6
FR;39;2021-02-20;1139;473;112298;47225;1.4;0.6
FR;39;2021-02-21;187;118;112485;47343;1.4;0.6
FR;39;2021-02-22;3003;1664;115488;49007;1.4;0.6
FR;39;2021-02-23;3917;1915;119405;50922;1.4;0.6
FR;39;2021-02-24;3718;1709;123123;52631;1.5;0.6
FR;39;2021-02-25;5605;2531;128728;55162;1.6;0.7
FR;39;2021-02-26;6090;1925;134818;57087;1.6;0.7
FR;39;2021-02-27;1663;311;136481;57398;1.6;0.7
FR;39;2021-02-28;240;121;136721;57519;1.6;0.7
FR;39;2021-03-01;2950;1004;139671;58523;1.7;0.7
FR;39;2021-03-02;4255;1619;143926;60142;1.7;0.7
FR;39;2021-03-03;4242;1521;148168;61663;1.8;0.7
FR;39;2021-03-04;6304;2311;154472;63974;1.9;0.8
FR;39;2021-03-05;9150;2097;163622;66071;2.0;0.8
FR;39;2021-03-06;4932;425;168554;66496;2.0;0.8
FR;39;2021-03-07;2649;254;171203;66750;2.1;0.8
FR;39;2021-03-08;4682;1112;175885;67862;2.1;0.8
FR;39;2021-03-09;6859;1497;182744;69359;2.2;0.8
FR;39;2021-03-10;6088;1520;188832;70879;2.3;0.9
FR;39;2021-03-11;8655;2386;197487;73265;2.4;0.9
FR;39;2021-03-12;11426;2135;208913;75400;2.5;0.9
FR;39;2021-03-13;5224;422;214137;75822;2.6;0.9
FR;39;2021-03-14;1750;165;215887;75987;2.6;0.9
FR;39;2021-03-15;4774;1037;220661;77024;2.7;0.9
FR;39;2021-03-16;3365;1408;224026;78432;2.7;0.9
FR;39;2021-03-17;3444;1494;227470;79926;2.7;1.0
FR;39;2021-03-18;4649;1978;232119;81904;2.8;1.0
FR;39;2021-03-19;6275;1639;238394;83543;2.9;1.0
FR;39;2021-03-20;3170;366;241564;83909;2.9;1.0
FR;39;2021-03-21;2072;167;243636;84076;2.9;1.0
FR;39;2021-03-22;4442;1093;248078;85169;3.0;1.0
FR;39;2021-03-23;6160;1657;254238;86826;3.1;1.0
FR;39;2021-03-24;6317;1376;260555;88202;3.1;1.1
FR;39;2021-03-25;9054;1742;269609;89944;3.3;1.1
FR;39;2021-03-26;10643;1718;280252;91662;3.4;1.1
FR;39;2021-03-27;5990;621;286242;92283;3.5;1.1
FR;39;2021-03-28;2737;182;288979;92465;3.5;1.1
FR;39;2021-03-29;7185;1287;296164;93752;3.6;1.1
FR;39;2021-03-30;10535;1875;306699;95627;3.7;1.2
FR;39;2021-03-31;11160;1851;317859;97478;3.8;1.2
FR;39;2021-04-01;15010;2648;332869;100126;4.0;1.2
FR;39;2021-04-02;13263;2459;346132;102585;4.2;1.2
FR;39;2021-04-03;5604;1012;351736;103597;4.2;1.2
FR;39;2021-04-04;2523;347;354259;103944;4.3;1.3
FR;39;2021-04-05;2535;324;356794;104268;4.3;1.3
FR;39;2021-04-06;9276;2299;366070;106567;4.4;1.3
FR;39;2021-04-07;12188;2755;378258;109322;4.6;1.3
FR;39;2021-04-08;16856;3719;395114;113041;4.8;1.4
FR;39;2021-04-09;16873;3628;411987;116669;5.0;1.4
FR;39;2021-04-10;7414;1941;419401;118610;5.1;1.4
FR;39;2021-04-11;2987;985;422388;119595;5.1;1.4
FR;39;2021-04-12;9606;2754;431994;122349;5.2;1.5
FR;39;2021-04-13;12955;4010;444949;126359;5.4;1.5
FR;39;2021-04-14;12909;3852;457858;130211;5.5;1.6
FR;39;2021-04-15;14802;4838;472660;135049;5.7;1.6
FR;39;2021-04-16;12747;5303;485407;140352;5.9;1.7
FR;39;2021-04-17;6136;2722;491543;143074;5.9;1.7
FR;39;2021-04-18;2269;1558;493812;144632;6.0;1.7
FR;39;2021-04-19;7900;4707;501712;149339;6.0;1.8
FR;39;2021-04-20;9423;6737;511135;156076;6.2;1.9
FR;39;2021-04-21;10278;7194;521413;163270;6.3;2.0
FR;39;2021-04-22;11862;10320;533275;173590;6.4;2.1
FR;39;2021-04-23;12188;10521;545463;184111;6.6;2.2
FR;39;2021-04-24;7820;5083;553283;189194;6.7;2.3
FR;39;2021-04-25;3491;2159;556774;191353;6.7;2.3
FR;39;2021-04-26;8590;6958;565364;198311;6.8;2.4
FR;39;2021-04-27;11796;9568;577160;207879;7.0;2.5
FR;39;2021-04-28;13198;10075;590358;217954;7.1;2.6
FR;39;2021-04-29;17239;12963;607597;230917;7.3;2.8
FR;39;2021-04-30;19764;13274;627361;244191;7.6;2.9
FR;39;2021-05-01;13554;3545;640915;247736;7.7;3.0
FR;39;2021-05-02;9284;2495;650199;250231;7.8;3.0
FR;39;2021-05-03;22374;11331;672573;261562;8.1;3.2
FR;39;2021-05-04;26915;13964;699488;275526;8.4;3.3
FR;39;2021-05-05;30768;14297;730256;289823;8.8;3.5
FR;39;2021-05-06;37113;17722;767369;307545;9.3;3.7
FR;39;2021-05-07;38374;18591;805743;326136;9.7;3.9
FR;39;2021-05-08;28806;5642;834549;331778;10.1;4.0
FR;39;2021-05-09;18770;4304;853319;336082;10.3;4.1
FR;39;2021-05-10;33945;14539;887264;350621;10.7;4.2
FR;39;2021-05-11;44191;17149;931455;367770;11.2;4.4
FR;39;2021-05-12;56221;16239;987676;384009;11.9;4.6
FR;39;2021-05-13;53348;5628;1041024;389637;12.5;4.7
FR;39;2021-05-14;61777;10990;1102801;400627;13.3;4.8
FR;39;2021-05-15;55751;6829;1158552;407456;14.0;4.9
FR;39;2021-05-16;36057;3091;1194609;410547;14.4;4.9
FR;39;2021-05-17;56210;11901;1250819;422448;15.1;5.1
FR;39;2021-05-18;70915;13595;1321734;436043;15.9;5.3
FR;39;2021-05-19;74207;14129;1395941;450172;16.8;5.4
FR;39;2021-05-20;82928;14962;1478869;465134;17.8;5.6
FR;39;2021-05-21;81789;14935;1560658;480069;18.8;5.8
FR;39;2021-05-22;63498;7393;1624156;487462;19.6;5.9
FR;39;2021-05-23;33966;3297;1658122;490759;20.0;5.9
FR;39;2021-05-24;52253;5350;1710375;496109;20.6;6.0
FR;39;2021-05-25;73231;15836;1783606;511945;21.5;6.2
FR;39;2021-05-26;75843;16029;1859449;527974;22.4;6.4
FR;39;2021-05-27;84298;16935;1943747;544909;23.4;6.6
FR;39;2021-05-28;78110;19368;2021857;564277;24.4;6.8
FR;39;2021-05-29;57590;10070;2079447;574347;25.1;6.9
FR;39;2021-05-30;24418;3631;2103865;577978;25.4;7.0
FR;39;2021-05-31;73718;15716;2177583;593694;26.3;7.2
FR;49;2020-12-27;2;0;2;0;0.0;0.0
FR;49;2020-12-28;3;0;5;0;0.0;0.0
FR;49;2020-12-29;1;0;6;0;0.0;0.0
FR;49;2020-12-30;6;0;12;0;0.0;0.0
FR;49;2020-12-31;1;0;13;0;0.0;0.0
FR;49;2021-01-01;3;0;16;0;0.0;0.0
FR;49;2021-01-02;9;0;25;0;0.0;0.0
FR;49;2021-01-03;5;0;30;0;0.0;0.0
FR;49;2021-01-04;86;0;116;0;0.0;0.0
FR;49;2021-01-05;334;1;450;1;0.0;0.0
FR;49;2021-01-06;857;4;1307;5;0.0;0.0
FR;49;2021-01-07;2158;7;3465;12;0.0;0.0
FR;49;2021-01-08;3374;8;6839;20;0.1;0.0
FR;49;2021-01-09;1001;1;7840;21;0.1;0.0
FR;49;2021-01-10;472;2;8312;23;0.1;0.0
FR;49;2021-01-11;4169;12;12481;35;0.1;0.0
FR;49;2021-01-12;5855;11;18336;46;0.2;0.0
FR;49;2021-01-13;6154;16;24490;62;0.3;0.0
FR;49;2021-01-14;8331;72;32821;134;0.4;0.0
FR;49;2021-01-15;7607;26;40428;160;0.5;0.0
FR;49;2021-01-16;1424;9;41852;169;0.5;0.0
FR;49;2021-01-17;620;5;42472;174;0.5;0.0
FR;49;2021-01-18;5056;18;47528;192;0.6;0.0
FR;49;2021-01-19;6809;18;54337;210;0.6;0.0
FR;49;2021-01-20;6622;26;60959;236;0.7;0.0
FR;49;2021-01-21;8400;31;69359;267;0.8;0.0
FR;49;2021-01-22;6253;34;75612;301;0.9;0.0
FR;49;2021-01-23;1016;6;76628;307;0.9;0.0
FR;49;2021-01-24;282;3;76910;310;0.9;0.0
FR;49;2021-01-25;2614;100;79524;410;0.9;0.0
FR;49;2021-01-26;3728;225;83252;635;1.0;0.0
FR;49;2021-01-27;3977;389;87229;1024;1.0;0.0
FR;49;2021-01-28;5545;980;92774;2004;1.1;0.0
FR;49;2021-01-29;4400;1558;97174;3562;1.1;0.0
FR;49;2021-01-30;693;377;97867;3939;1.1;0.0
FR;49;2021-01-31;137;125;98004;4064;1.1;0.0
FR;49;2021-02-01;1370;2090;99374;6154;1.2;0.1
FR;49;2021-02-02;2274;3200;101648;9354;1.2;0.1
FR;49;2021-02-03;2301;3380;103949;12734;1.2;0.1
FR;49;2021-02-04;3363;4770;107312;17504;1.2;0.2
FR;49;2021-02-05;2791;4886;110103;22390;1.3;0.3
FR;49;2021-02-06;569;887;110672;23277;1.3;0.3
FR;49;2021-02-07;520;293;111192;23570;1.3;0.3
FR;49;2021-02-08;1937;4056;113129;27626;1.3;0.3
FR;49;2021-02-09;4334;5748;117463;33374;1.4;0.4
FR;49;2021-02-10;5490;6058;122953;39432;1.4;0.5
FR;49;2021-02-11;7990;7977;130943;47409;1.5;0.6
FR;49;2021-02-12;7298;6451;138241;53860;1.6;0.6
FR;49;2021-02-13;1698;1023;139939;54883;1.6;0.6
FR;49;2021-02-14;408;406;140347;55289;1.6;0.6
FR;49;2021-02-15;4127;3884;144474;59173;1.7;0.7
FR;49;2021-02-16;5377;5334;149851;64507;1.7;0.8
FR;49;2021-02-17;5138;4657;154989;69164;1.8;0.8
FR;49;2021-02-18;7475;6196;162464;75360;1.9;0.9
FR;49;2021-02-19;7045;4890;169509;80250;2.0;0.9
FR;49;2021-02-20;1493;800;171002;81050;2.0;0.9
FR;49;2021-02-21;279;224;171281;81274;2.0;0.9
FR;49;2021-02-22;3530;2651;174811;83925;2.0;1.0
FR;49;2021-02-23;4863;3132;179674;87057;2.1;1.0
FR;49;2021-02-24;4895;2841;184569;89898;2.1;1.0
FR;49;2021-02-25;7553;4173;192122;94071;2.2;1.1
FR;49;2021-02-26;8264;3163;200386;97234;2.3;1.1
FR;49;2021-02-27;2680;567;203066;97801;2.4;1.1
FR;49;2021-02-28;333;137;203399;97938;2.4;1.1
FR;49;2021-03-01;3834;1632;207233;99570;2.4;1.2
FR;49;2021-03-02;5781;2473;213014;102043;2.5;1.2
FR;49;2021-03-03;6016;2508;219030;104551;2.5;1.2
FR;49;2021-03-04;8905;3454;227935;108005;2.7;1.3
FR;49;2021-03-05;12546;3226;240481;111231;2.8;1.3
FR;49;2021-03-06;8584;618;249065;111849;2.9;1.3
FR;49;2021-03-07;4680;394;253745;112243;3.0;1.3
FR;49;2021-03-08;6399;1655;260144;113898;3.0;1.3
FR;49;2021-03-09;9488;2291;269632;116189;3.1;1.4
FR;49;2021-03-10;8926;2319;278558;118508;3.2;1.4
FR;49;2021-03-11;12757;3407;291315;121915;3.4;1.4
FR;49;2021-03-12;16387;2887;307702;124802;3.6;1.5
FR;49;2021-03-13;9526;620;317228;125422;3.7;1.5
FR;49;2021-03-14;3128;239;320356;125661;3.7;1.5
FR;49;2021-03-15;6864;1451;327220;127112;3.8;1.5
FR;49;2021-03-16;4622;2129;331842;129241;3.9;1.5
FR;49;2021-03-17;5167;2004;337009;131245;3.9;1.5
FR;49;2021-03-18;6537;2777;343546;134022;4.0;1.6
FR;49;2021-03-19;9507;2283;353053;136305;4.1;1.6
FR;49;2021-03-20;5868;556;358921;136861;4.2;1.6
FR;49;2021-03-21;3142;207;362063;137068;4.2;1.6
FR;49;2021-03-22;6291;1470;368354;138538;4.3;1.6
FR;49;2021-03-23;8585;2135;376939;140673;4.4;1.6
FR;49;2021-03-24;9505;1967;386444;142640;4.5;1.7
FR;49;2021-03-25;12325;2332;398769;144972;4.6;1.7
FR;49;2021-03-26;14690;2308;413459;147280;4.8;1.7
FR;49;2021-03-27;9351;834;422810;148114;4.9;1.7
FR;49;2021-03-28;3847;293;426657;148407;5.0;1.7
FR;49;2021-03-29;9861;1827;436518;150234;5.1;1.7
FR;49;2021-03-30;14252;2645;450770;152879;5.2;1.8
FR;49;2021-03-31;15522;2754;466292;155633;5.4;1.8
FR;49;2021-04-01;19820;3670;486112;159303;5.7;1.9
FR;49;2021-04-02;17431;3405;503543;162708;5.9;1.9
FR;49;2021-04-03;9321;1812;512864;164520;6.0;1.9
FR;49;2021-04-04;4110;617;516974;165137;6.0;1.9
FR;49;2021-04-05;4203;529;521177;165666;6.1;1.9
FR;49;2021-04-06;13155;3347;534332;169013;6.2;2.0
FR;49;2021-04-07;17647;4224;551979;173237;6.4;2.0
FR;49;2021-04-08;22373;5138;574352;178375;6.7;2.1
FR;49;2021-04-09;23455;5318;597807;183693;7.0;2.1
FR;49;2021-04-10;12411;3382;610218;187075;7.1;2.2
FR;49;2021-04-11;4467;1675;614685;188750;7.2;2.2
FR;49;2021-04-12;14104;3771;628789;192521;7.3;2.2
FR;49;2021-04-13;18679;5749;647468;198270;7.5;2.3
FR;49;2021-04-14;19369;5939;666837;204209;7.8;2.4
FR;49;2021-04-15;20304;7008;687141;211217;8.0;2.5
FR;49;2021-04-16;17381;7300;704522;218517;8.2;2.5
FR;49;2021-04-17;9868;4646;714390;223163;8.3;2.6
FR;49;2021-04-18;3368;2295;717758;225458;8.4;2.6
FR;49;2021-04-19;11943;6375;729701;231833;8.5;2.7
FR;49;2021-04-20;14061;9007;743762;240840;8.7;2.8
FR;49;2021-04-21;15903;10121;759665;250961;8.8;2.9
FR;49;2021-04-22;17421;13115;777086;264076;9.0;3.1
FR;49;2021-04-23;17938;14067;795024;278143;9.3;3.2
FR;49;2021-04-24;12570;7790;807594;285933;9.4;3.3
FR;49;2021-04-25;5433;3123;813027;289056;9.5;3.4
FR;49;2021-04-26;13475;9917;826502;298973;9.6;3.5
FR;49;2021-04-27;18486;13068;844988;312041;9.8;3.6
FR;49;2021-04-28;22417;14537;867405;326578;10.1;3.8
FR;49;2021-04-29;27317;17262;894722;343840;10.4;4.0
FR;49;2021-04-30;31602;18061;926324;361901;10.8;4.2
FR;49;2021-05-01;24090;5706;950414;367607;11.1;4.3
FR;49;2021-05-02;16402;3857;966816;371464;11.3;4.3
FR;49;2021-05-03;39245;15516;1006061;386980;11.7;4.5
FR;49;2021-05-04;46335;20271;1052396;407251;12.2;4.7
FR;49;2021-05-05;55458;21642;1107854;428893;12.9;5.0
FR;49;2021-05-06;62186;24642;1170040;453535;13.6;5.3
FR;49;2021-05-07;65255;26078;1235295;479613;14.4;5.6
FR;49;2021-05-08;51134;9124;1286429;488737;15.0;5.7
FR;49;2021-05-09;32184;6243;1318613;494980;15.3;5.8
FR;49;2021-05-10;57089;20695;1375702;515675;16.0;6.0
FR;49;2021-05-11;71766;23876;1447468;539551;16.8;6.3
FR;49;2021-05-12;89535;23957;1537003;563508;17.9;6.6
FR;49;2021-05-13;80016;7740;1617019;571248;18.8;6.6
FR;49;2021-05-14;95575;15660;1712594;586908;19.9;6.8
FR;49;2021-05-15;85347;10753;1797941;597661;20.9;7.0
FR;49;2021-05-16;53105;4497;1851046;602158;21.5;7.0
FR;49;2021-05-17;81521;16258;1932567;618416;22.5;7.2
FR;49;2021-05-18;97772;17820;2030339;636236;23.6;7.4
FR;49;2021-05-19;109451;19387;2139790;655623;24.9;7.6
FR;49;2021-05-20;113440;19707;2253230;675330;26.2;7.9
FR;49;2021-05-21;112367;19897;2365597;695227;27.5;8.1
FR;49;2021-05-22;87164;10489;2452761;705716;28.5;8.2
FR;49;2021-05-23;42761;3971;2495522;709687;29.0;8.3
FR;49;2021-05-24;66888;6846;2562410;716533;29.8;8.3
FR;49;2021-05-25;94131;20868;2656541;737401;30.9;8.6
FR;49;2021-05-26;100016;23082;2756557;760483;32.1;8.9
FR;49;2021-05-27;103487;22687;2860044;783170;33.3;9.1
FR;49;2021-05-28;98894;26573;2958938;809743;34.4;9.4
FR;49;2021-05-29;73847;15463;3032785;825206;35.3;9.6
FR;49;2021-05-30;26657;4692;3059442;829898;35.6;9.7
FR;49;2021-05-31;86442;21068;3145884;850966;36.6;9.9
FR;59;2020-12-27;2;0;2;0;0.0;0.0
FR;59;2020-12-28;6;0;8;0;0.0;0.0
FR;59;2020-12-29;2;0;10;0;0.0;0.0
FR;59;2020-12-30;6;0;16;0;0.0;0.0
FR;59;2020-12-31;9;0;25;0;0.0;0.0
FR;59;2021-01-01;25;1;50;1;0.0;0.0
FR;59;2021-01-02;26;0;76;1;0.0;0.0
FR;59;2021-01-03;36;0;112;1;0.0;0.0
FR;59;2021-01-04;593;3;705;4;0.0;0.0
FR;59;2021-01-05;2168;4;2873;8;0.0;0.0
FR;59;2021-01-06;4802;11;7675;19;0.1;0.0
FR;59;2021-01-07;10508;22;18183;41;0.2;0.0
FR;59;2021-01-08;14312;18;32495;59;0.4;0.0
FR;59;2021-01-09;4058;8;36553;67;0.4;0.0
FR;59;2021-01-10;1986;1;38539;68;0.4;0.0
FR;59;2021-01-11;15940;24;54479;92;0.6;0.0
FR;59;2021-01-12;21108;37;75587;129;0.9;0.0
FR;59;2021-01-13;22712;51;98299;180;1.1;0.0
FR;59;2021-01-14;24746;225;123045;405;1.4;0.0
FR;59;2021-01-15;21591;92;144636;497;1.6;0.0
FR;59;2021-01-16;5436;20;150072;517;1.7;0.0
FR;59;2021-01-17;1801;9;151873;526;1.7;0.0
FR;59;2021-01-18;13570;58;165443;584;1.9;0.0
FR;59;2021-01-19;17951;79;183394;663;2.1;0.0
FR;59;2021-01-20;17086;67;200480;730;2.3;0.0
FR;59;2021-01-21;18772;57;219252;787;2.5;0.0
FR;59;2021-01-22;13913;77;233165;864;2.7;0.0
FR;59;2021-01-23;2956;20;236121;884;2.7;0.0
FR;59;2021-01-24;844;13;236965;897;2.7;0.0
FR;59;2021-01-25;6710;610;243675;1507;2.8;0.0
FR;59;2021-01-26;8433;1374;252108;2881;2.9;0.0
FR;59;2021-01-27;8824;2394;260932;5275;3.0;0.1
FR;59;2021-01-28;10482;5032;271414;10307;3.1;0.1
FR;59;2021-01-29;7839;6643;279253;16950;3.2;0.2
FR;59;2021-01-30;1760;1512;281013;18462;3.2;0.2
FR;59;2021-01-31;370;547;281383;19009;3.2;0.2
FR;59;2021-02-01;3162;8739;284545;27748;3.2;0.3
FR;59;2021-02-02;4676;12482;289221;40230;3.3;0.5
FR;59;2021-02-03;4811;13548;294032;53778;3.3;0.6
FR;59;2021-02-04;5932;15896;299964;69674;3.4;0.8
FR;59;2021-02-05;4811;14918;304775;84592;3.5;1.0
FR;59;2021-02-06;1152;2996;305927;87588;3.5;1.0
FR;59;2021-02-07;389;985;306316;88573;3.5;1.0
FR;59;2021-02-08;2755;12470;309071;101043;3.5;1.1
FR;59;2021-02-09;4900;16158;313971;117201;3.6;1.3
FR;59;2021-02-10;5683;16048;319654;133249;3.6;1.5
FR;59;2021-02-11;7650;19702;327304;152951;3.7;1.7
FR;59;2021-02-12;6747;16015;334051;168966;3.8;1.9
FR;59;2021-02-13;1687;3445;335738;172411;3.8;2.0
FR;59;2021-02-14;361;983;336099;173394;3.8;2.0
FR;59;2021-02-15;3267;10531;339366;183925;3.9;2.1
FR;59;2021-02-16;4731;13558;344097;197483;3.9;2.2
FR;59;2021-02-17;4963;12300;349060;209783;4.0;2.4
FR;59;2021-02-18;7060;13850;356120;223633;4.1;2.5
FR;59;2021-02-19;6454;10690;362574;234323;4.1;2.7
FR;59;2021-02-20;1416;2483;363990;236806;4.1;2.7
FR;59;2021-02-21;282;573;364272;237379;4.1;2.7
FR;59;2021-02-22;3249;6358;367521;243737;4.2;2.8
FR;59;2021-02-23;4812;7120;372333;250857;4.2;2.9
FR;59;2021-02-24;6843;6405;379176;257262;4.3;2.9
FR;59;2021-02-25;21191;8453;400367;265715;4.6;3.0
FR;59;2021-02-26;28255;6236;428622;271951;4.9;3.1
FR;59;2021-02-27;17092;1497;445714;273448;5.1;3.1
FR;59;2021-02-28;1110;375;446824;273823;5.1;3.1
FR;59;2021-03-01;8789;3503;455613;277326;5.2;3.2
FR;59;2021-03-02;17135;4899;472748;282225;5.4;3.2
FR;59;2021-03-03;20585;4930;493333;287155;5.6;3.3
FR;59;2021-03-04;32204;5804;525537;292959;6.0;3.3
FR;59;2021-03-05;40814;5355;566351;298314;6.4;3.4
FR;59;2021-03-06;35819;1434;602170;299748;6.8;3.4
FR;59;2021-03-07;14029;995;616199;300743;7.0;3.4
FR;59;2021-03-08;12236;3124;628435;303867;7.1;3.5
FR;59;2021-03-09;22726;4109;651161;307976;7.4;3.5
FR;59;2021-03-10;23027;4165;674188;312141;7.7;3.6
FR;59;2021-03-11;34145;5342;708333;317483;8.1;3.6
FR;59;2021-03-12;45194;4438;753527;321921;8.6;3.7
FR;59;2021-03-13;35980;1272;789507;323193;9.0;3.7
FR;59;2021-03-14;7164;387;796671;323580;9.1;3.7
FR;59;2021-03-15;14422;2507;811093;326087;9.2;3.7
FR;59;2021-03-16;7876;2943;818969;329030;9.3;3.7
FR;59;2021-03-17;8715;3078;827684;332108;9.4;3.8
FR;59;2021-03-18;10386;3956;838070;336064;9.5;3.8
FR;59;2021-03-19;23382;3477;861452;339541;9.8;3.9
FR;59;2021-03-20;21008;1029;882460;340570;10.0;3.9
FR;59;2021-03-21;6266;375;888726;340945;10.1;3.9
FR;59;2021-03-22;15420;2622;904146;343567;10.3;3.9
FR;59;2021-03-23;25303;3417;929449;346984;10.6;3.9
FR;59;2021-03-24;27899;3410;957348;350394;10.9;4.0
FR;59;2021-03-25;37756;3720;995104;354114;11.3;4.0
FR;59;2021-03-26;42673;3972;1037777;358086;11.8;4.1
FR;59;2021-03-27;26774;1658;1064551;359744;12.1;4.1
FR;59;2021-03-28;7518;449;1072069;360193;12.2;4.1
FR;59;2021-03-29;21607;3285;1093676;363478;12.4;4.1
FR;59;2021-03-30;32010;4225;1125686;367703;12.8;4.2
FR;59;2021-03-31;31269;4543;1156955;372246;13.2;4.2
FR;59;2021-04-01;38207;5689;1195162;377935;13.6;4.3
FR;59;2021-04-02;36751;5615;1231913;383550;14.0;4.4
FR;59;2021-04-03;21261;3401;1253174;386951;14.3;4.4
FR;59;2021-04-04;7328;1197;1260502;388148;14.3;4.4
FR;59;2021-04-05;8248;1067;1268750;389215;14.4;4.4
FR;59;2021-04-06;25575;5818;1294325;395033;14.7;4.5
FR;59;2021-04-07;33776;7035;1328101;402068;15.1;4.6
FR;59;2021-04-08;44827;8333;1372928;410401;15.6;4.7
FR;59;2021-04-09;60481;8859;1433409;419260;16.3;4.8
FR;59;2021-04-10;36328;7017;1469737;426277;16.7;4.8
FR;59;2021-04-11;9726;3494;1479463;429771;16.8;4.9
FR;59;2021-04-12;35155;7333;1514618;437104;17.2;5.0
FR;59;2021-04-13;49655;10025;1564273;447129;17.8;5.1
FR;59;2021-04-14;49981;10053;1614254;457182;18.4;5.2
FR;59;2021-04-15;59300;11590;1673554;468772;19.0;5.3
FR;59;2021-04-16;63026;12270;1736580;481042;19.8;5.5
FR;59;2021-04-17;41341;9614;1777921;490656;20.2;5.6
FR;59;2021-04-18;12273;4625;1790194;495281;20.4;5.6
FR;59;2021-04-19;33089;11091;1823283;506372;20.7;5.8
FR;59;2021-04-20;44381;14620;1867664;520992;21.2;5.9
FR;59;2021-04-21;47039;16358;1914703;537350;21.8;6.1
FR;59;2021-04-22;55405;19347;1970108;556697;22.4;6.3
FR;59;2021-04-23;64821;20604;2034929;577301;23.1;6.6
FR;59;2021-04-24;47313;15430;2082242;592731;23.7;6.7
FR;59;2021-04-25;16529;5414;2098771;598145;23.9;6.8
FR;59;2021-04-26;40960;17387;2139731;615532;24.3;7.0
FR;59;2021-04-27;56318;23152;2196049;638684;25.0;7.3
FR;59;2021-04-28;63909;25783;2259958;664467;25.7;7.6
FR;59;2021-04-29;77761;31474;2337719;695941;26.6;7.9
FR;59;2021-04-30;92117;36355;2429836;732296;27.6;8.3
FR;59;2021-05-01;43393;10912;2473229;743208;28.1;8.5
FR;59;2021-05-02;23325;7231;2496554;750439;28.4;8.5
FR;59;2021-05-03;62311;26167;2558865;776606;29.1;8.8
FR;59;2021-05-04;70726;34256;2629591;810862;29.9;9.2
FR;59;2021-05-05;77106;37226;2706697;848088;30.8;9.6
FR;59;2021-05-06;89180;43519;2795877;891607;31.8;10.1
FR;59;2021-05-07;97433;53796;2893310;945403;32.9;10.8
FR;59;2021-05-08;58230;16415;2951540;961818;33.6;10.9
FR;59;2021-05-09;39232;10296;2990772;972114;34.0;11.1
FR;59;2021-05-10;94935;39932;3085707;1012046;35.1;11.5
FR;59;2021-05-11;125288;49106;3210995;1061152;36.5;12.1
FR;59;2021-05-12;122437;45993;3333432;1107145;37.9;12.6
FR;59;2021-05-13;92488;14310;3425920;1121455;39.0;12.8
FR;59;2021-05-14;128502;34056;3554422;1155511;40.4;13.1
FR;59;2021-05-15;113719;25310;3668141;1180821;41.7;13.4
FR;59;2021-05-16;55243;7081;3723384;1187902;42.3;13.5
FR;59;2021-05-17;105119;30461;3828503;1218363;43.5;13.9
FR;59;2021-05-18;116921;33919;3945424;1252282;44.9;14.2
FR;59;2021-05-19;118222;35296;4063646;1287578;46.2;14.6
FR;59;2021-05-20;122035;42113;4185681;1329691;47.6;15.1
FR;59;2021-05-21;121218;48459;4306899;1378150;49.0;15.7
FR;59;2021-05-22;81596;25256;4388495;1403406;49.9;16.0
FR;59;2021-05-23;31190;5103;4419685;1408509;50.3;16.0
FR;59;2021-05-24;51762;9855;4471447;1418364;50.9;16.1
FR;59;2021-05-25;84003;41944;4555450;1460308;51.8;16.6
FR;59;2021-05-26;82272;44819;4637722;1505127;52.7;17.1
FR;59;2021-05-27;89364;50374;4727086;1555501;53.8;17.7
FR;59;2021-05-28;90987;66317;4818073;1621818;54.8;18.4
FR;59;2021-05-29;60093;39899;4878166;1661717;55.5;18.9
FR;59;2021-05-30;16027;7759;4894193;1669476;55.7;19.0
FR;59;2021-05-31;57796;42199;4951989;1711675;56.3;19.5
FR;64;2020-12-27;1;0;1;0;0.0;0.0
FR;64;2020-12-28;1;0;2;0;0.0;0.0
FR;64;2020-12-29;2;0;4;0;0.0;0.0
FR;64;2020-12-30;6;0;10;0;0.0;0.0
FR;64;2020-12-31;5;0;15;0;0.0;0.0
FR;64;2021-01-01;8;0;23;0;0.0;0.0
FR;64;2021-01-02;11;0;34;0;0.0;0.0
FR;64;2021-01-03;18;0;52;0;0.0;0.0
FR;64;2021-01-04;209;2;261;2;0.0;0.0
FR;64;2021-01-05;898;4;1159;6;0.0;0.0
FR;64;2021-01-06;1688;2;2847;8;0.1;0.0
FR;64;2021-01-07;3657;7;6504;15;0.2;0.0
FR;64;2021-01-08;4874;7;11378;22;0.3;0.0
FR;64;2021-01-09;1953;1;13331;23;0.3;0.0
FR;64;2021-01-10;1025;1;14356;24;0.3;0.0
FR;64;2021-01-11;5274;2;19630;26;0.5;0.0
FR;64;2021-01-12;7130;10;26760;36;0.7;0.0
FR;64;2021-01-13;7444;16;34204;52;0.8;0.0
FR;64;2021-01-14;8559;81;42763;133;1.0;0.0
FR;64;2021-01-15;7091;31;49854;164;1.2;0.0
FR;64;2021-01-16;2212;17;52066;181;1.3;0.0
FR;64;2021-01-17;844;9;52910;190;1.3;0.0
FR;64;2021-01-18;4680;12;57590;202;1.4;0.0
FR;64;2021-01-19;6399;15;63989;217;1.6;0.0
FR;64;2021-01-20;6220;29;70209;246;1.7;0.0
FR;64;2021-01-21;6895;20;77104;266;1.9;0.0
FR;64;2021-01-22;5408;25;82512;291;2.0;0.0
FR;64;2021-01-23;1413;9;83925;300;2.0;0.0
FR;64;2021-01-24;433;8;84358;308;2.1;0.0
FR;64;2021-01-25;2770;198;87128;506;2.1;0.0
FR;64;2021-01-26;3533;488;90661;994;2.2;0.0
FR;64;2021-01-27;3766;881;94427;1875;2.3;0.0
FR;64;2021-01-28;4566;1747;98993;3622;2.4;0.1
FR;64;2021-01-29;3526;2322;102519;5944;2.5;0.1
FR;64;2021-01-30;840;706;103359;6650;2.5;0.2
FR;64;2021-01-31;172;280;103531;6930;2.5;0.2
FR;64;2021-02-01;1524;2865;105055;9795;2.6;0.2
FR;64;2021-02-02;2150;4144;107205;13939;2.6;0.3
FR;64;2021-02-03;2304;4362;109509;18301;2.7;0.4
FR;64;2021-02-04;2815;5506;112324;23807;2.7;0.6
FR;64;2021-02-05;2184;4970;114508;28777;2.8;0.7
FR;64;2021-02-06;657;1303;115165;30080;2.8;0.7
FR;64;2021-02-07;164;493;115329;30573;2.8;0.7
FR;64;2021-02-08;1481;4196;116810;34769;2.8;0.8
FR;64;2021-02-09;2341;5663;119151;40432;2.9;1.0
FR;64;2021-02-10;2569;5667;121720;46099;3.0;1.1
FR;64;2021-02-11;3458;7222;125178;53321;3.1;1.3
FR;64;2021-02-12;3111;5440;128289;58761;3.1;1.4
FR;64;2021-02-13;838;1445;129127;60206;3.1;1.5
FR;64;2021-02-14;195;438;129322;60644;3.2;1.5
FR;64;2021-02-15;1592;3881;130914;64525;3.2;1.6
FR;64;2021-02-16;2085;5135;132999;69660;3.2;1.7
FR;64;2021-02-17;2208;4632;135207;74292;3.3;1.8
FR;64;2021-02-18;3235;5450;138442;79742;3.4;1.9
FR;64;2021-02-19;2998;4204;141440;83946;3.4;2.0
FR;64;2021-02-20;808;1196;142248;85142;3.5;2.1
FR;64;2021-02-21;135;255;142383;85397;3.5;2.1
FR;64;2021-02-22;1489;2665;143872;88062;3.5;2.1
FR;64;2021-02-23;2396;2920;146268;90982;3.6;2.2
FR;64;2021-02-24;3867;2848;150135;93830;3.7;2.3
FR;64;2021-02-25;16024;3841;166159;97671;4.1;2.4
FR;64;2021-02-26;21822;2772;187981;100443;4.6;2.4
FR;64;2021-02-27;13070;758;201051;101201;4.9;2.5
FR;64;2021-02-28;794;173;201845;101374;4.9;2.5
FR;64;2021-03-01;6553;1748;208398;103122;5.1;2.5
FR;64;2021-03-02;13128;2324;221526;105446;5.4;2.6
FR;64;2021-03-03;15905;2365;237431;107811;5.8;2.6
FR;64;2021-03-04;25171;2861;262602;110672;6.4;2.7
FR;64;2021-03-05;30467;2643;293069;113315;7.1;2.8
FR;64;2021-03-06;26713;767;319782;114082;7.8;2.8
FR;64;2021-03-07;9862;506;329644;114588;8.0;2.8
FR;64;2021-03-08;8781;1780;338425;116368;8.2;2.8
FR;64;2021-03-09;16784;2004;355209;118372;8.7;2.9
FR;64;2021-03-10;17000;2149;372209;120521;9.1;2.9
FR;64;2021-03-11;25863;2811;398072;123332;9.7;3.0
FR;64;2021-03-12;33381;2371;431453;125703;10.5;3.1
FR;64;2021-03-13;27259;740;458712;126443;11.2;3.1
FR;64;2021-03-14;5424;190;464136;126633;11.3;3.1
FR;64;2021-03-15;10996;1435;475132;128068;11.6;3.1
FR;64;2021-03-16;5982;1764;481114;129832;11.7;3.2
FR;64;2021-03-17;6113;1672;487227;131504;11.9;3.2
FR;64;2021-03-18;7637;2044;494864;133548;12.1;3.3
FR;64;2021-03-19;18856;1907;513720;135455;12.5;3.3
FR;64;2021-03-20;18482;724;532202;136179;13.0;3.3
FR;64;2021-03-21;4720;218;536922;136397;13.1;3.3
FR;64;2021-03-22;13488;1554;550410;137951;13.4;3.4
FR;64;2021-03-23;23464;1998;573874;139949;14.0;3.4
FR;64;2021-03-24;25069;2074;598943;142023;14.6;3.5
FR;64;2021-03-25;36493;2345;635436;144368;15.5;3.5
FR;64;2021-03-26;40057;2286;675493;146654;16.5;3.6
FR;64;2021-03-27;21224;988;696717;147642;17.0;3.6
FR;64;2021-03-28;5069;254;701786;147896;17.1;3.6
FR;64;2021-03-29;17500;2113;719286;150009;17.5;3.7
FR;64;2021-03-30;27251;2794;746537;152803;18.2;3.7
FR;64;2021-03-31;24043;2857;770580;155660;18.8;3.8
FR;64;2021-04-01;30417;3733;800997;159393;19.5;3.9
FR;64;2021-04-02;29124;3553;830121;162946;20.2;4.0
FR;64;2021-04-03;15953;2351;846074;165297;20.6;4.0
FR;64;2021-04-04;4026;788;850100;166085;20.7;4.0
FR;64;2021-04-05;5098;789;855198;166874;20.8;4.1
FR;64;2021-04-06;19096;4237;874294;171111;21.3;4.2
FR;64;2021-04-07;23478;4764;897772;175875;21.9;4.3
FR;64;2021-04-08;34467;5564;932239;181439;22.7;4.4
FR;64;2021-04-09;53299;5988;985538;187427;24.0;4.6
FR;64;2021-04-10;29763;4963;1015301;192390;24.8;4.7
FR;64;2021-04-11;6265;2594;1021566;194984;24.9;4.8
FR;64;2021-04-12;27960;5146;1049526;200130;25.6;4.9
FR;64;2021-04-13;42384;7316;1091910;207446;26.6;5.1
FR;64;2021-04-14;40649;7092;1132559;214538;27.6;5.2
FR;64;2021-04-15;51810;8311;1184369;222849;28.9;5.4
FR;64;2021-04-16;64067;8834;1248436;231683;30.4;5.6
FR;64;2021-04-17;38407;7067;1286843;238750;31.4;5.8
FR;64;2021-04-18;10923;3328;1297766;242078;31.6;5.9
FR;64;2021-04-19;41831;8555;1339597;250633;32.7;6.1
FR;64;2021-04-20;52427;10367;1392024;261000;33.9;6.4
FR;64;2021-04-21;52318;10807;1444342;271807;35.2;6.6
FR;64;2021-04-22;57130;12671;1501472;284478;36.6;6.9
FR;64;2021-04-23;60572;12589;1562044;297067;38.1;7.2
FR;64;2021-04-24;43207;9029;1605251;306096;39.1;7.5
FR;64;2021-04-25;16145;3317;1621396;309413;39.5;7.5
FR;64;2021-04-26;49402;11431;1670798;320844;40.7;7.8
FR;64;2021-04-27;62753;15426;1733551;336270;42.3;8.2
FR;64;2021-04-28;63701;15891;1797252;352161;43.8;8.6
FR;64;2021-04-29;73379;20323;1870631;372484;45.6;9.1
FR;64;2021-04-30;74914;21871;1945545;394355;47.4;9.6
FR;64;2021-05-01;29231;6613;1974776;400968;48.1;9.8
FR;64;2021-05-02;14390;3955;1989166;404923;48.5;9.9
FR;64;2021-05-03;51978;15778;2041144;420701;49.8;10.3
FR;64;2021-05-04;52892;21571;2094036;442272;51.0;10.8
FR;64;2021-05-05;49159;22639;2143195;464911;52.2;11.3
FR;64;2021-05-06;56617;28742;2199812;493653;53.6;12.0
FR;64;2021-05-07;50681;34019;2250493;527672;54.9;12.9
FR;64;2021-05-08;20131;9294;2270624;536966;55.4;13.1
FR;64;2021-05-09;9995;5480;2280619;542446;55.6;13.2
FR;64;2021-05-10;34212;26722;2314831;569168;56.4;13.9
FR;64;2021-05-11;43851;37078;2358682;606246;57.5;14.8
FR;64;2021-05-12;38864;34928;2397546;641174;58.4;15.6
FR;64;2021-05-13;21961;10035;2419507;651209;59.0;15.9
FR;64;2021-05-14;36180;28993;2455687;680202;59.9;16.6
FR;64;2021-05-15;21111;18965;2476798;699167;60.4;17.0
FR;64;2021-05-16;7954;4290;2484752;703457;60.6;17.1
FR;64;2021-05-17;26757;25350;2511509;728807;61.2;17.8
FR;64;2021-05-18;33339;28237;2544848;757044;62.0;18.5
FR;64;2021-05-19;30284;26365;2575132;783409;62.8;19.1
FR;64;2021-05-20;34877;33224;2610009;816633;63.6;19.9
FR;64;2021-05-21;30027;37390;2640036;854023;64.4;20.8
FR;64;2021-05-22;14762;17686;2654798;871709;64.7;21.2
FR;64;2021-05-23;5093;2819;2659891;874528;64.8;21.3
FR;64;2021-05-24;10713;6482;2670604;881010;65.1;21.5
FR;64;2021-05-25;22552;34400;2693156;915410;65.7;22.3
FR;64;2021-05-26;21126;35406;2714282;950816;66.2;23.2
FR;64;2021-05-27;25765;41808;2740047;992624;66.8;24.2
FR;64;2021-05-28;24186;55623;2764233;1048247;67.4;25.6
FR;64;2021-05-29;11836;33456;2776069;1081703;67.7;26.4
FR;64;2021-05-30;2640;7422;2778709;1089125;67.7;26.5
FR;64;2021-05-31;15562;45883;2794271;1135008;68.1;27.7
FR;69;2020-12-27;2;0;2;0;0.0;0.0
FR;69;2020-12-28;2;0;4;0;0.0;0.0
FR;69;2020-12-29;3;0;7;0;0.0;0.0
FR;69;2020-12-30;7;0;14;0;0.0;0.0
FR;69;2020-12-31;5;0;19;0;0.0;0.0
FR;69;2021-01-01;6;0;25;0;0.0;0.0
FR;69;2021-01-02;11;1;36;1;0.0;0.0
FR;69;2021-01-03;8;0;44;1;0.0;0.0
FR;69;2021-01-04;114;0;158;1;0.0;0.0
FR;69;2021-01-05;410;4;568;5;0.0;0.0
FR;69;2021-01-06;808;2;1376;7;0.0;0.0
FR;69;2021-01-07;1891;3;3267;10;0.1;0.0
FR;69;2021-01-08;2453;0;5720;10;0.1;0.0
FR;69;2021-01-09;1124;1;6844;11;0.2;0.0
FR;69;2021-01-10;658;1;7502;12;0.2;0.0
FR;69;2021-01-11;2732;3;10234;15;0.3;0.0
FR;69;2021-01-12;3871;2;14105;17;0.4;0.0
FR;69;2021-01-13;3788;9;17893;26;0.5;0.0
FR;69;2021-01-14;4563;46;22456;72;0.6;0.0
FR;69;2021-01-15;3844;14;26300;86;0.7;0.0
FR;69;2021-01-16;1342;10;27642;96;0.7;0.0
FR;69;2021-01-17;634;3;28276;99;0.7;0.0
FR;69;2021-01-18;3257;17;31533;116;0.8;0.0
FR;69;2021-01-19;4789;20;36322;136;0.9;0.0
FR;69;2021-01-20;4756;13;41078;149;1.1;0.0
FR;69;2021-01-21;5522;14;46600;163;1.2;0.0
FR;69;2021-01-22;4367;14;50967;177;1.3;0.0
FR;69;2021-01-23;1359;4;52326;181;1.3;0.0
FR;69;2021-01-24;446;5;52772;186;1.4;0.0
FR;69;2021-01-25;2723;82;55495;268;1.4;0.0
FR;69;2021-01-26;3350;181;58845;449;1.5;0.0
FR;69;2021-01-27;3669;410;62514;859;1.6;0.0
FR;69;2021-01-28;4324;891;66838;1750;1.7;0.0
FR;69;2021-01-29;3484;1234;70322;2984;1.8;0.1
FR;69;2021-01-30;938;402;71260;3386;1.8;0.1
FR;69;2021-01-31;180;160;71440;3546;1.8;0.1
FR;69;2021-02-01;1817;1523;73257;5069;1.9;0.1
FR;69;2021-02-02;2416;2206;75673;7275;1.9;0.2
FR;69;2021-02-03;2416;2276;78089;9551;2.0;0.2
FR;69;2021-02-04;2978;2926;81067;12477;2.1;0.3
FR;69;2021-02-05;2504;2540;83571;15017;2.1;0.4
FR;69;2021-02-06;721;809;84292;15826;2.2;0.4
FR;69;2021-02-07;162;392;84454;16218;2.2;0.4
FR;69;2021-02-08;1606;2410;86060;18628;2.2;0.5
FR;69;2021-02-09;2402;3413;88462;22041;2.3;0.6
FR;69;2021-02-10;2565;3404;91027;25445;2.3;0.7
FR;69;2021-02-11;3516;4861;94543;30306;2.4;0.8
FR;69;2021-02-12;3156;3418;97699;33724;2.5;0.9
FR;69;2021-02-13;865;1034;98564;34758;2.5;0.9
FR;69;2021-02-14;215;414;98779;35172;2.5;0.9
FR;69;2021-02-15;1333;2775;100112;37947;2.6;1.0
FR;69;2021-02-16;1868;3981;101980;41928;2.6;1.1
FR;69;2021-02-17;2010;3661;103990;45589;2.7;1.2
FR;69;2021-02-18;2998;4561;106988;50150;2.7;1.3
FR;69;2021-02-19;2864;3508;109852;53658;2.8;1.4
FR;69;2021-02-20;753;1027;110605;54685;2.8;1.4
FR;69;2021-02-21;150;235;110755;54920;2.8;1.4
FR;69;2021-02-22;1607;2574;112362;57494;2.9;1.5
FR;69;2021-02-23;2273;2826;114635;60320;2.9;1.5
FR;69;2021-02-24;2658;2910;117293;63230;3.0;1.6
FR;69;2021-02-25;3879;3579;121172;66809;3.1;1.7
FR;69;2021-02-26;4275;2628;125447;69437;3.2;1.8
FR;69;2021-02-27;1810;705;127257;70142;3.3;1.8
FR;69;2021-02-28;312;179;127569;70321;3.3;1.8
FR;69;2021-03-01;2799;1931;130368;72252;3.3;1.9
FR;69;2021-03-02;4718;2439;135086;74691;3.5;1.9
FR;69;2021-03-03;6678;2470;141764;77161;3.6;2.0
FR;69;2021-03-04;11762;3008;153526;80169;3.9;2.1
FR;69;2021-03-05;17477;2680;171003;82849;4.4;2.1
FR;69;2021-03-06;23151;764;194154;83613;5.0;2.1
FR;69;2021-03-07;14765;432;208919;84045;5.4;2.2
FR;69;2021-03-08;9742;2029;218661;86074;5.6;2.2
FR;69;2021-03-09;17462;2476;236123;88550;6.1;2.3
FR;69;2021-03-10;18770;2535;254893;91085;6.5;2.3
FR;69;2021-03-11;29135;3201;284028;94286;7.3;2.4
FR;69;2021-03-12;39827;2905;323855;97191;8.3;2.5
FR;69;2021-03-13;35939;959;359794;98150;9.2;2.5
FR;69;2021-03-14;8174;246;367968;98396;9.4;2.5
FR;69;2021-03-15;16632;1793;384600;100189;9.9;2.6
FR;69;2021-03-16;10713;2175;395313;102364;10.1;2.6
FR;69;2021-03-17;11727;2170;407040;104534;10.4;2.7
FR;69;2021-03-18;13109;2586;420149;107120;10.8;2.7
FR;69;2021-03-19;28739;2397;448888;109517;11.5;2.8
FR;69;2021-03-20;26884;866;475772;110383;12.2;2.8
FR;69;2021-03-21;7117;270;482889;110653;12.4;2.8
FR;69;2021-03-22;21163;2150;504052;112803;12.9;2.9
FR;69;2021-03-23;36120;2767;540172;115570;13.8;3.0
FR;69;2021-03-24;37406;2796;577578;118366;14.8;3.0
FR;69;2021-03-25;54875;3056;632453;121422;16.2;3.1
FR;69;2021-03-26;59026;2945;691479;124367;17.7;3.2
FR;69;2021-03-27;30087;1334;721566;125701;18.5;3.2
FR;69;2021-03-28;7602;374;729168;126075;18.7;3.2
FR;69;2021-03-29;27639;3418;756807;129493;19.4;3.3
FR;69;2021-03-30;42176;4302;798983;133795;20.5;3.4
FR;69;2021-03-31;35305;4357;834288;138152;21.4;3.5
FR;69;2021-04-01;43124;5717;877412;143869;22.5;3.7
FR;69;2021-04-02;41255;5877;918667;149746;23.5;3.8
FR;69;2021-04-03;21637;3916;940304;153662;24.1;3.9
FR;69;2021-04-04;5803;1302;946107;154964;24.2;4.0
FR;69;2021-04-05;7608;1061;953715;156025;24.4;4.0
FR;69;2021-04-06;27732;7158;981447;163183;25.2;4.2
FR;69;2021-04-07;32353;7712;1013800;170895;26.0;4.4
FR;69;2021-04-08;48481;8805;1062281;179700;27.2;4.6
FR;69;2021-04-09;70427;8957;1132708;188657;29.0;4.8
FR;69;2021-04-10;36603;7810;1169311;196467;30.0;5.0
FR;69;2021-04-11;7995;4279;1177306;200746;30.2;5.1
FR;69;2021-04-12;38516;8802;1215822;209548;31.2;5.4
FR;69;2021-04-13;53443;11904;1269265;221452;32.5;5.7
FR;69;2021-04-14;49230;11615;1318495;233067;33.8;6.0
FR;69;2021-04-15;61735;13480;1380230;246547;35.4;6.3
FR;69;2021-04-16;72460;13994;1452690;260541;37.2;6.7
FR;69;2021-04-17;39563;10660;1492253;271201;38.2;7.0
FR;69;2021-04-18;10013;5017;1502266;276218;38.5;7.1
FR;69;2021-04-19;45824;13843;1548090;290061;39.7;7.4
FR;69;2021-04-20;56953;16762;1605043;306823;41.1;7.9
FR;69;2021-04-21;53326;16486;1658369;323309;42.5;8.3
FR;69;2021-04-22;60051;18665;1718420;341974;44.0;8.8
FR;69;2021-04-23;59161;18710;1777581;360684;45.6;9.2
FR;69;2021-04-24;37166;13105;1814747;373789;46.5;9.6
FR;69;2021-04-25;13192;4971;1827939;378760;46.8;9.7
FR;69;2021-04-26;49125;18312;1877064;397072;48.1;10.2
FR;69;2021-04-27;61583;23111;1938647;420183;49.7;10.8
FR;69;2021-04-28;59578;22018;1998225;442201;51.2;11.3
FR;69;2021-04-29;69836;24766;2068061;466967;53.0;12.0
FR;69;2021-04-30;66683;23825;2134744;490792;54.7;12.6
FR;69;2021-05-01;23781;7582;2158525;498374;55.3;12.8
FR;69;2021-05-02;11135;5130;2169660;503504;55.6;12.9
FR;69;2021-05-03;47188;21279;2216848;524783;56.8;13.4
FR;69;2021-05-04;47732;27699;2264580;552482;58.0;14.2
FR;69;2021-05-05;42534;27123;2307114;579605;59.1;14.9
FR;69;2021-05-06;50687;30192;2357801;609797;60.4;15.6
FR;69;2021-05-07;42150;34289;2399951;644086;61.5;16.5
FR;69;2021-05-08;15191;9382;2415142;653468;61.9;16.7
FR;69;2021-05-09;7268;6557;2422410;660025;62.1;16.9
FR;69;2021-05-10;29467;34695;2451877;694720;62.8;17.8
FR;69;2021-05-11;38078;43731;2489955;738451;63.8;18.9
FR;69;2021-05-12;32892;39189;2522847;777640;64.7;19.9
FR;69;2021-05-13;17463;11501;2540310;789141;65.1;20.2
FR;69;2021-05-14;29924;34144;2570234;823285;65.9;21.1
FR;69;2021-05-15;15159;18512;2585393;841797;66.3;21.6
FR;69;2021-05-16;5427;4310;2590820;846107;66.4;21.7
FR;69;2021-05-17;21745;28761;2612565;874868;67.0;22.4
FR;69;2021-05-18;27834;29591;2640399;904459;67.7;23.2
FR;69;2021-05-19;24240;25208;2664639;929667;68.3;23.8
FR;69;2021-05-20;28290;27805;2692929;957472;69.0;24.5
FR;69;2021-05-21;22884;30726;2715813;988198;69.6;25.3
FR;69;2021-05-22;9636;14379;2725449;1002577;69.8;25.7
FR;69;2021-05-23;3177;2375;2728626;1004952;69.9;25.8
FR;69;2021-05-24;8077;7126;2736703;1012078;70.1;25.9
FR;69;2021-05-25;17776;36256;2754479;1048334;70.6;26.9
FR;69;2021-05-26;16137;34980;2770616;1083314;71.0;27.8
FR;69;2021-05-27;20467;41237;2791083;1124551;71.5;28.8
FR;69;2021-05-28;18098;53797;2809181;1178348;72.0;30.2
FR;69;2021-05-29;7595;31220;2816776;1209568;72.2;31.0
FR;69;2021-05-30;1681;6893;2818457;1216461;72.2;31.2
FR;69;2021-05-31;12117;47430;2830574;1263891;72.5;32.4
FR;74;2020-12-27;1;0;1;0;0.0;0.0
FR;74;2020-12-28;7;0;8;0;0.0;0.0
FR;74;2020-12-29;5;0;13;0;0.0;0.0
FR;74;2020-12-30;11;0;24;0;0.0;0.0
FR;74;2020-12-31;7;0;31;0;0.0;0.0
FR;74;2021-01-01;5;0;36;0;0.0;0.0
FR;74;2021-01-02;3;0;39;0;0.0;0.0
FR;74;2021-01-03;12;0;51;0;0.0;0.0
FR;74;2021-01-04;86;1;137;1;0.0;0.0
FR;74;2021-01-05;298;0;435;1;0.0;0.0
FR;74;2021-01-06;554;1;989;2;0.0;0.0
FR;74;2021-01-07;1464;0;2453;2;0.1;0.0
FR;74;2021-01-08;1793;3;4246;5;0.1;0.0
FR;74;2021-01-09;794;1;5040;6;0.1;0.0
FR;74;2021-01-10;535;0;5575;6;0.2;0.0
FR;74;2021-01-11;2122;0;7697;6;0.2;0.0
FR;74;2021-01-12;3151;4;10848;10;0.3;0.0
FR;74;2021-01-13;3196;6;14044;16;0.4;0.0
FR;74;2021-01-14;3943;39;17987;55;0.5;0.0
FR;74;2021-01-15;3533;10;21520;65;0.6;0.0
FR;74;2021-01-16;1334;2;22854;67;0.7;0.0
FR;74;2021-01-17;764;3;23618;70;0.7;0.0
FR;74;2021-01-18;4718;11;28336;81;0.8;0.0
FR;74;2021-01-19;6824;11;35160;92;1.0;0.0
FR;74;2021-01-20;7097;12;42257;104;1.2;0.0
FR;74;2021-01-21;8186;23;50443;127;1.5;0.0
FR;74;2021-01-22;6542;18;56985;145;1.6;0.0
FR;74;2021-01-23;2258;1;59243;146;1.7;0.0
FR;74;2021-01-24;609;2;59852;148;1.7;0.0
FR;74;2021-01-25;4535;56;64387;204;1.9;0.0
FR;74;2021-01-26;5626;149;70013;353;2.0;0.0
FR;74;2021-01-27;5982;271;75995;624;2.2;0.0
FR;74;2021-01-28;6976;749;82971;1373;2.4;0.0
FR;74;2021-01-29;5732;899;88703;2272;2.6;0.1
FR;74;2021-01-30;1769;261;90472;2533;2.6;0.1
FR;74;2021-01-31;295;114;90767;2647;2.6;0.1
FR;74;2021-02-01;3290;1061;94057;3708;2.7;0.1
FR;74;2021-02-02;4298;1785;98355;5493;2.8;0.2
FR;74;2021-02-03;4308;1811;102663;7304;3.0;0.2
FR;74;2021-02-04;5175;2469;107838;9773;3.1;0.3
FR;74;2021-02-05;4385;2178;112223;11951;3.2;0.3
FR;74;2021-02-06;1397;696;113620;12647;3.3;0.4
FR;74;2021-02-07;243;351;113863;12998;3.3;0.4
FR;74;2021-02-08;3073;2506;116936;15504;3.4;0.4
FR;74;2021-02-09;4101;3725;121037;19229;3.5;0.6
FR;74;2021-02-10;4417;3814;125454;23043;3.6;0.7
FR;74;2021-02-11;5626;5472;131080;28515;3.8;0.8
FR;74;2021-02-12;5261;3823;136341;32338;3.9;0.9
FR;74;2021-02-13;1647;1220;137988;33558;4.0;1.0
FR;74;2021-02-14;405;471;138393;34029;4.0;1.0
FR;74;2021-02-15;2402;4182;140795;38211;4.0;1.1
FR;74;2021-02-16;3276;5632;144071;43843;4.1;1.3
FR;74;2021-02-17;3390;5451;147461;49294;4.2;1.4
FR;74;2021-02-18;4930;6811;152391;56105;4.4;1.6
FR;74;2021-02-19;4875;5410;157266;61515;4.5;1.8
FR;74;2021-02-20;1550;1737;158816;63252;4.6;1.8
FR;74;2021-02-21;233;415;159049;63667;4.6;1.8
FR;74;2021-02-22;2863;4292;161912;67959;4.7;2.0
FR;74;2021-02-23;4138;4898;166050;72857;4.8;2.1
FR;74;2021-02-24;4516;4841;170566;77698;4.9;2.2
FR;74;2021-02-25;5524;5695;176090;83393;5.1;2.4
FR;74;2021-02-26;5482;4471;181572;87864;5.2;2.5
FR;74;2021-02-27;2008;1364;183580;89228;5.3;2.6
FR;74;2021-02-28;528;294;184108;89522;5.3;2.6
FR;74;2021-03-01;5062;3364;189170;92886;5.4;2.7
FR;74;2021-03-02;7454;4280;196624;97166;5.7;2.8
FR;74;2021-03-03;9689;4264;206313;101430;5.9;2.9
FR;74;2021-03-04;15049;4813;221362;106243;6.4;3.1
FR;74;2021-03-05;21674;4596;243036;110839;7.0;3.2
FR;74;2021-03-06;31233;1403;274269;112242;7.9;3.2
FR;74;2021-03-07;20963;543;295232;112785;8.5;3.2
FR;74;2021-03-08;14207;3676;309439;116461;8.9;3.3
FR;74;2021-03-09;24034;4236;333473;120697;9.6;3.5
FR;74;2021-03-10;26273;4419;359746;125116;10.3;3.6
FR;74;2021-03-11;38284;5315;398030;130431;11.4;3.7
FR;74;2021-03-12;50559;4721;448589;135152;12.9;3.9
FR;74;2021-03-13;47747;1576;496336;136728;14.3;3.9
FR;74;2021-03-14;11935;420;508271;137148;14.6;3.9
FR;74;2021-03-15;25502;3142;533773;140290;15.3;4.0
FR;74;2021-03-16;20030;3845;553803;144135;15.9;4.1
FR;74;2021-03-17;21792;3876;575595;148011;16.5;4.3
FR;74;2021-03-18;24395;4515;599990;152526;17.2;4.4
FR;74;2021-03-19;41305;3978;641295;156504;18.4;4.5
FR;74;2021-03-20;35345;1573;676640;158077;19.5;4.5
FR;74;2021-03-21;9470;404;686110;158481;19.7;4.6
FR;74;2021-03-22;31455;3898;717565;162379;20.6;4.7
FR;74;2021-03-23;50086;4808;767651;167187;22.1;4.8
FR;74;2021-03-24;52057;5191;819708;172378;23.6;5.0
FR;74;2021-03-25;74625;5563;894333;177941;25.7;5.1
FR;74;2021-03-26;80645;5201;974978;183142;28.0;5.3
FR;74;2021-03-27;50975;2389;1025953;185531;29.5;5.3
FR;74;2021-03-28;17785;741;1043738;186272;30.0;5.4
FR;74;2021-03-29;56026;6882;1099764;193154;31.6;5.6
FR;74;2021-03-30;76447;8744;1176211;201898;33.8;5.8
FR;74;2021-03-31;67810;9292;1244021;211190;35.8;6.1
FR;74;2021-04-01;78220;11679;1322241;222869;38.0;6.4
FR;74;2021-04-02;69887;12258;1392128;235127;40.0;6.8
FR;74;2021-04-03;37126;8436;1429254;243563;41.1;7.0
FR;74;2021-04-04;12496;2777;1441750;246340;41.4;7.1
FR;74;2021-04-05;19196;1857;1460946;248197;42.0;7.1
FR;74;2021-04-06;64255;15071;1525201;263268;43.8;7.6
FR;74;2021-04-07;72584;15943;1597785;279211;45.9;8.0
FR;74;2021-04-08;87522;17846;1685307;297057;48.5;8.5
FR;74;2021-04-09;97124;17636;1782431;314693;51.2;9.0
FR;74;2021-04-10;48577;13987;1831008;328680;52.6;9.4
FR;74;2021-04-11;12734;6811;1843742;335491;53.0;9.6
FR;74;2021-04-12;60848;17677;1904590;353168;54.8;10.2
FR;74;2021-04-13;68639;22151;1973229;375319;56.7;10.8
FR;74;2021-04-14;60036;21731;2033265;397050;58.5;11.4
FR;74;2021-04-15;61860;23682;2095125;420732;60.2;12.1
FR;74;2021-04-16;52171;24280;2147296;445012;61.7;12.8
FR;74;2021-04-17;25673;16783;2172969;461795;62.5;13.3
FR;74;2021-04-18;5740;6959;2178709;468754;62.6;13.5
FR;74;2021-04-19;31686;24274;2210395;493028;63.5;14.2
FR;74;2021-04-20;36176;29534;2246571;522562;64.6;15.0
FR;74;2021-04-21;33291;30169;2279862;552731;65.5;15.9
FR;74;2021-04-22;37976;35127;2317838;587858;66.6;16.9
FR;74;2021-04-23;34706;38736;2352544;626594;67.6;18.0
FR;74;2021-04-24;18569;30675;2371113;657269;68.2;18.9
FR;74;2021-04-25;6109;12545;2377222;669814;68.3;19.3
FR;74;2021-04-26;26487;46814;2403709;716628;69.1;20.6
FR;74;2021-04-27;32950;55973;2436659;772601;70.1;22.2
FR;74;2021-04-28;32503;52768;2469162;825369;71.0;23.7
FR;74;2021-04-29;38569;53872;2507731;879241;72.1;25.3
FR;74;2021-04-30;34911;49064;2542642;928305;73.1;26.7
FR;74;2021-05-01;11056;15114;2553698;943419;73.4;27.1
FR;74;2021-05-02;5145;11372;2558843;954791;73.6;27.4
FR;74;2021-05-03;24061;52055;2582904;1006846;74.3;28.9
FR;74;2021-05-04;24936;69175;2607840;1076021;75.0;30.9
FR;74;2021-05-05;22564;64881;2630404;1140902;75.6;32.8
FR;74;2021-05-06;27221;63235;2657625;1204137;76.4;34.6
FR;74;2021-05-07;23130;65956;2680755;1270093;77.1;36.5
FR;74;2021-05-08;7845;14326;2688600;1284419;77.3;36.9
FR;74;2021-05-09;3649;10469;2692249;1294888;77.4;37.2
FR;74;2021-05-10;15910;63060;2708159;1357948;77.9;39.0
FR;74;2021-05-11;20882;64082;2729041;1422030;78.5;40.9
FR;74;2021-05-12;18297;53141;2747338;1475171;79.0;42.4
FR;74;2021-05-13;9056;12078;2756394;1487249;79.2;42.8
FR;74;2021-05-14;16857;37734;2773251;1524983;79.7;43.8
FR;74;2021-05-15;8320;17554;2781571;1542537;80.0;44.3
FR;74;2021-05-16;2979;3498;2784550;1546035;80.1;44.4
FR;74;2021-05-17;12160;30771;2796710;1576806;80.4;45.3
FR;74;2021-05-18;15346;30456;2812056;1607262;80.8;46.2
FR;74;2021-05-19;13923;25383;2825979;1632645;81.2;46.9
FR;74;2021-05-20;15942;27683;2841921;1660328;81.7;47.7
FR;74;2021-05-21;13272;30689;2855193;1691017;82.1;48.6
FR;74;2021-05-22;5740;14214;2860933;1705231;82.3;49.0
FR;74;2021-05-23;1849;2384;2862782;1707615;82.3;49.1
FR;74;2021-05-24;4614;5722;2867396;1713337;82.4;49.3
FR;74;2021-05-25;10482;35232;2877878;1748569;82.7;50.3
FR;74;2021-05-26;9823;33400;2887701;1781969;83.0;51.2
FR;74;2021-05-27;11767;38431;2899468;1820400;83.4;52.3
FR;74;2021-05-28;11090;44981;2910558;1865381;83.7;53.6
FR;74;2021-05-29;4700;24265;2915258;1889646;83.8;54.3
FR;74;2021-05-30;1036;4234;2916294;1893880;83.8;54.4
FR;74;2021-05-31;7429;29767;2923723;1923647;84.1;55.3
FR;79;2020-12-27;1;0;1;0;0.0;0.0
FR;79;2020-12-28;6;0;7;0;0.0;0.0
FR;79;2020-12-29;16;0;23;0;0.0;0.0
FR;79;2020-12-30;12;0;35;0;0.0;0.0
FR;79;2020-12-31;6;0;41;0;0.0;0.0
FR;79;2021-01-01;4;0;45;0;0.0;0.0
FR;79;2021-01-02;4;0;49;0;0.0;0.0
FR;79;2021-01-03;2;0;51;0;0.0;0.0
FR;79;2021-01-04;50;0;101;0;0.0;0.0
FR;79;2021-01-05;171;0;272;0;0.0;0.0
FR;79;2021-01-06;340;0;612;0;0.0;0.0
FR;79;2021-01-07;905;0;1517;0;0.1;0.0
FR;79;2021-01-08;1082;1;2599;1;0.1;0.0
FR;79;2021-01-09;364;0;2963;1;0.1;0.0
FR;79;2021-01-10;191;0;3154;1;0.1;0.0
FR;79;2021-01-11;1151;2;4305;3;0.2;0.0
FR;79;2021-01-12;2207;2;6512;5;0.3;0.0
FR;79;2021-01-13;2747;2;9259;7;0.4;0.0
FR;79;2021-01-14;4435;35;13694;42;0.6;0.0
FR;79;2021-01-15;5260;16;18954;58;0.9;0.0
FR;79;2021-01-16;2821;11;21775;69;1.0;0.0
FR;79;2021-01-17;1307;3;23082;72;1.0;0.0
FR;79;2021-01-18;19653;38;42735;110;1.9;0.0
FR;79;2021-01-19;26045;36;68780;146;3.1;0.0
FR;79;2021-01-20;28036;32;96816;178;4.4;0.0
FR;79;2021-01-21;30052;32;126868;210;5.7;0.0
FR;79;2021-01-22;27917;28;154785;238;7.0;0.0
FR;79;2021-01-23;11662;10;166447;248;7.5;0.0
FR;79;2021-01-24;2172;3;168619;251;7.6;0.0
FR;79;2021-01-25;22551;48;191170;299;8.6;0.0
FR;79;2021-01-26;25735;118;216905;417;9.8;0.0
FR;79;2021-01-27;25013;195;241918;612;10.9;0.0
FR;79;2021-01-28;25209;561;267127;1173;12.0;0.1
FR;79;2021-01-29;22542;564;289669;1737;13.1;0.1
FR;79;2021-01-30;8784;137;298453;1874;13.5;0.1
FR;79;2021-01-31;1230;55;299683;1929;13.5;0.1
FR;79;2021-02-01;16157;644;315840;2573;14.2;0.1
FR;79;2021-02-02;19284;1273;335124;3846;15.1;0.2
FR;79;2021-02-03;18293;1584;353417;5430;15.9;0.2
FR;79;2021-02-04;19179;2537;372596;7967;16.8;0.4
FR;79;2021-02-05;18027;2682;390623;10649;17.6;0.5
FR;79;2021-02-06;6453;1005;397076;11654;17.9;0.5
FR;79;2021-02-07;870;391;397946;12045;17.9;0.5
FR;79;2021-02-08;13085;5815;411031;17860;18.5;0.8
FR;79;2021-02-09;15554;7674;426585;25534;19.2;1.2
FR;79;2021-02-10;15451;8050;442036;33584;19.9;1.5
FR;79;2021-02-11;16533;9610;458569;43194;20.7;1.9
FR;79;2021-02-12;15670;9409;474239;52603;21.4;2.4
FR;79;2021-02-13;5007;4124;479246;56727;21.6;2.6
FR;79;2021-02-14;905;1043;480151;57770;21.7;2.6
FR;79;2021-02-15;7135;19826;487286;77596;22.0;3.5
FR;79;2021-02-16;8352;23629;495638;101225;22.4;4.6
FR;79;2021-02-17;8253;24028;503891;125253;22.7;5.6
FR;79;2021-02-18;10296;24431;514187;149684;23.2;6.8
FR;79;2021-02-19;10317;20767;524504;170451;23.7;7.7
FR;79;2021-02-20;3768;8313;528272;178764;23.8;8.1
FR;79;2021-02-21;549;1558;528821;180322;23.8;8.1
FR;79;2021-02-22;6987;21885;535808;202207;24.2;9.1
FR;79;2021-02-23;9646;23575;545454;225782;24.6;10.2
FR;79;2021-02-24;10029;22210;555483;247992;25.1;11.2
FR;79;2021-02-25;11680;22092;567163;270084;25.6;12.2
FR;79;2021-02-26;12066;19117;579229;289201;26.1;13.0
FR;79;2021-02-27;4422;6733;583651;295934;26.3;13.3
FR;79;2021-02-28;875;1038;584526;296972;26.4;13.4
FR;79;2021-03-01;12119;16459;596645;313431;26.9;14.1
FR;79;2021-03-02;16322;19269;612967;332700;27.6;15.0
FR;79;2021-03-03;17734;18538;630701;351238;28.4;15.8
FR;79;2021-03-04;20918;17672;651619;368910;29.4;16.6
FR;79;2021-03-05;22455;16467;674074;385377;30.4;17.4
FR;79;2021-03-06;29034;5361;703108;390738;31.7;17.6
FR;79;2021-03-07;21087;1036;724195;391774;32.7;17.7
FR;79;2021-03-08;17365;15333;741560;407107;33.4;18.4
FR;79;2021-03-09;25736;16432;767296;423539;34.6;19.1
FR;79;2021-03-10;26864;15597;794160;439136;35.8;19.8
FR;79;2021-03-11;31829;15098;825989;454234;37.3;20.5
FR;79;2021-03-12;33354;12940;859343;467174;38.8;21.1
FR;79;2021-03-13;25282;4230;884625;471404;39.9;21.3
FR;79;2021-03-14;9462;774;894087;472178;40.3;21.3
FR;79;2021-03-15;28446;8693;922533;480871;41.6;21.7
FR;79;2021-03-16;32794;9296;955327;490167;43.1;22.1
FR;79;2021-03-17;33771;9249;989098;499416;44.6;22.5
FR;79;2021-03-18;36661;9737;1025759;509153;46.3;23.0
FR;79;2021-03-19;36688;8874;1062447;518027;47.9;23.4
FR;79;2021-03-20;20665;3279;1083112;521306;48.8;23.5
FR;79;2021-03-21;5874;600;1088986;521906;49.1;23.5
FR;79;2021-03-22;28549;9182;1117535;531088;50.4;24.0
FR;79;2021-03-23;37009;10776;1154544;541864;52.1;24.4
FR;79;2021-03-24;35509;11338;1190053;553202;53.7;24.9
FR;79;2021-03-25;41858;11117;1231911;564319;55.6;25.5
FR;79;2021-03-26;39325;10433;1271236;574752;57.3;25.9
FR;79;2021-03-27;17629;4406;1288865;579158;58.1;26.1
FR;79;2021-03-28;4793;902;1293658;580060;58.3;26.2
FR;79;2021-03-29;22248;15007;1315906;595067;59.3;26.8
FR;79;2021-03-30;27977;18891;1343883;613958;60.6;27.7
FR;79;2021-03-31;24650;19735;1368533;633693;61.7;28.6
FR;79;2021-04-01;27130;23181;1395663;656874;62.9;29.6
FR;79;2021-04-02;23017;24432;1418680;681306;64.0;30.7
FR;79;2021-04-03;10001;17359;1428681;698665;64.4;31.5
FR;79;2021-04-04;2798;5061;1431479;703726;64.6;31.7
FR;79;2021-04-05;4184;2745;1435663;706471;64.7;31.9
FR;79;2021-04-06;18905;28956;1454568;735427;65.6;33.2
FR;79;2021-04-07;21013;29833;1475581;765260;66.5;34.5
FR;79;2021-04-08;24939;29901;1500520;795161;67.7;35.9
FR;79;2021-04-09;26778;28085;1527298;823246;68.9;37.1
FR;79;2021-04-10;13627;18917;1540925;842163;69.5;38.0
FR;79;2021-04-11;3502;6445;1544427;848608;69.7;38.3
FR;79;2021-04-12;16708;28885;1561135;877493;70.4;39.6
FR;79;2021-04-13;19064;34997;1580199;912490;71.3;41.2
FR;79;2021-04-14;18124;33122;1598323;945612;72.1;42.6
FR;79;2021-04-15;19052;33310;1617375;978922;72.9;44.1
FR;79;2021-04-16;16185;31027;1633560;1009949;73.7;45.5
FR;79;2021-04-17;8133;16687;1641693;1026636;74.0;46.3
FR;79;2021-04-18;1766;4830;1643459;1031466;74.1;46.5
FR;79;2021-04-19;9818;29166;1653277;1060632;74.6;47.8
FR;79;2021-04-20;11630;34426;1664907;1095058;75.1;49.4
FR;79;2021-04-21;11249;31193;1676156;1126251;75.6;50.8
FR;79;2021-04-22;12790;31064;1688946;1157315;76.2;52.2
FR;79;2021-04-23;11851;27666;1700797;1184981;76.7;53.4
FR;79;2021-04-24;6125;13705;1706922;1198686;77.0;54.1
FR;79;2021-04-25;1896;3418;1708818;1202104;77.1;54.2
FR;79;2021-04-26;8848;20581;1717666;1222685;77.5;55.1
FR;79;2021-04-27;11015;23636;1728681;1246321;78.0;56.2
FR;79;2021-04-28;11529;20876;1740210;1267197;78.5;57.2
FR;79;2021-04-29;13582;20636;1753792;1287833;79.1;58.1
FR;79;2021-04-30;12752;17569;1766544;1305402;79.7;58.9
FR;79;2021-05-01;3800;3908;1770344;1309310;79.8;59.0
FR;79;2021-05-02;1727;2615;1772071;1311925;79.9;59.2
FR;79;2021-05-03;8530;15077;1780601;1327002;80.3;59.8
FR;79;2021-05-04;8847;20125;1789448;1347127;80.7;60.8
FR;79;2021-05-05;8326;18959;1797774;1366086;81.1;61.6
FR;79;2021-05-06;10163;18754;1807937;1384840;81.5;62.5
FR;79;2021-05-07;8884;19424;1816821;1404264;81.9;63.3
FR;79;2021-05-08;2943;4293;1819764;1408557;82.1;63.5
FR;79;2021-05-09;1377;2985;1821141;1411542;82.1;63.7
FR;79;2021-05-10;6061;17455;1827202;1428997;82.4;64.4
FR;79;2021-05-11;7916;18530;1835118;1447527;82.8;65.3
FR;79;2021-05-12;7184;15761;1842302;1463288;83.1;66.0
FR;79;2021-05-13;3483;3777;1845785;1467065;83.2;66.2
FR;79;2021-05-14;6707;11365;1852492;1478430;83.5;66.7
FR;79;2021-05-15;3260;5091;1855752;1483521;83.7;66.9
FR;79;2021-05-16;1138;1150;1856890;1484671;83.7;67.0
FR;79;2021-05-17;4873;8968;1861763;1493639;84.0;67.4
FR;79;2021-05-18;6021;9117;1867784;1502756;84.2;67.8
FR;79;2021-05-19;5640;7941;1873424;1510697;84.5;68.1
FR;79;2021-05-20;6520;8084;1879944;1518781;84.8;68.5
FR;79;2021-05-21;5531;8715;1885475;1527496;85.0;68.9
FR;79;2021-05-22;2383;3801;1887858;1531297;85.1;69.1
FR;79;2021-05-23;726;784;1888584;1532081;85.2;69.1
FR;79;2021-05-24;1822;1598;1890406;1533679;85.3;69.2
FR;79;2021-05-25;4297;10191;1894703;1543870;85.5;69.6
FR;79;2021-05-26;4190;9659;1898893;1553529;85.6;70.1
FR;79;2021-05-27;5125;10457;1904018;1563986;85.9;70.5
FR;79;2021-05-28;4628;12338;1908646;1576324;86.1;71.1
FR;79;2021-05-29;2019;6644;1910665;1582968;86.2;71.4
FR;79;2021-05-30;431;1249;1911096;1584217;86.2;71.4
FR;79;2021-05-31;3087;8980;1914183;1593197;86.3;71.9
FR;80;2020-12-27;10;2;10;2;0.0;0.0
FR;80;2020-12-28;41;0;51;2;0.0;0.0
FR;80;2020-12-29;78;0;129;2;0.0;0.0
FR;80;2020-12-30;69;0;198;2;0.0;0.0
FR;80;2020-12-31;49;0;247;2;0.0;0.0
FR;80;2021-01-01;9;0;256;2;0.0;0.0
FR;80;2021-01-02;8;0;264;2;0.0;0.0
FR;80;2021-01-03;2;0;266;2;0.0;0.0
FR;80;2021-01-04;297;1;563;3;0.0;0.0
FR;80;2021-01-05;909;0;1472;3;0.0;0.0
FR;80;2021-01-06;1675;0;3147;3;0.1;0.0
FR;80;2021-01-07;6292;2;9439;5;0.2;0.0
FR;80;2021-01-08;5752;2;15191;7;0.4;0.0
FR;80;2021-01-09;979;0;16170;7;0.4;0.0
FR;80;2021-01-10;310;0;16480;7;0.4;0.0
FR;80;2021-01-11;4439;4;20919;11;0.5;0.0
FR;80;2021-01-12;12719;9;33638;20;0.8;0.0
FR;80;2021-01-13;12443;15;46081;35;1.1;0.0
FR;80;2021-01-14;18246;118;64327;153;1.5;0.0
FR;80;2021-01-15;12136;32;76463;185;1.8;0.0
FR;80;2021-01-16;4034;28;80497;213;1.9;0.0
FR;80;2021-01-17;3746;18;84243;231;2.0;0.0
FR;80;2021-01-18;28750;67;112993;298;2.7;0.0
FR;80;2021-01-19;53776;105;166769;403;4.0;0.0
FR;80;2021-01-20;59432;114;226201;517;5.4;0.0
FR;80;2021-01-21;69945;81;296146;598;7.1;0.0
FR;80;2021-01-22;48322;67;344468;665;8.3;0.0
FR;80;2021-01-23;16216;9;360684;674;8.7;0.0
FR;80;2021-01-24;4314;2;364998;676;8.8;0.0
FR;80;2021-01-25;32411;149;397409;825;9.6;0.0
FR;80;2021-01-26;45111;533;442520;1358;10.6;0.0
FR;80;2021-01-27;50884;892;493404;2250;11.9;0.1
FR;80;2021-01-28;60022;3946;553426;6196;13.3;0.1
FR;80;2021-01-29;39338;3276;592764;9472;14.3;0.2
FR;80;2021-01-30;13222;592;605986;10064;14.6;0.2
FR;80;2021-01-31;2333;285;608319;10349;14.6;0.2
FR;80;2021-02-01;23017;2783;631336;13132;15.2;0.3
FR;80;2021-02-02;33533;7437;664869;20569;16.0;0.5
FR;80;2021-02-03;34430;7882;699299;28451;16.8;0.7
FR;80;2021-02-04;38062;12589;737361;41040;17.7;1.0
FR;80;2021-02-05;29794;9527;767155;50567;18.5;1.2
FR;80;2021-02-06;9704;2123;776859;52690;18.7;1.3
FR;80;2021-02-07;1449;1867;778308;54557;18.7;1.3
FR;80;2021-02-08;19349;11142;797657;65699;19.2;1.6
FR;80;2021-02-09;25896;25610;823553;91309;19.8;2.2
FR;80;2021-02-10;26309;28925;849862;120234;20.4;2.9
FR;80;2021-02-11;30508;38126;880370;158360;21.2;3.8
FR;80;2021-02-12;26719;24679;907089;183039;21.8;4.4
FR;80;2021-02-13;7934;6526;915023;189565;22.0;4.6
FR;80;2021-02-14;1508;3100;916531;192665;22.0;4.6
FR;80;2021-02-15;11136;28312;927667;220977;22.3;5.3
FR;80;2021-02-16;15553;38928;943220;259905;22.7;6.3
FR;80;2021-02-17;15938;44490;959158;304395;23.1;7.3
FR;80;2021-02-18;21512;52523;980670;356918;23.6;8.6
FR;80;2021-02-19;19050;37505;999720;394423;24.0;9.5
FR;80;2021-02-20;6302;12325;1006022;406748;24.2;9.8
FR;80;2021-02-21;913;2970;1006935;409718;24.2;9.9
FR;80;2021-02-22;11172;30693;1018107;440411;24.5;10.6
FR;80;2021-02-23;17094;37291;1035201;477702;24.9;11.5
FR;80;2021-02-24;17981;37086;1053182;514788;25.3;12.4
FR;80;2021-02-25;22282;40863;1075464;555651;25.9;13.4
FR;80;2021-02-26;20516;30910;1095980;586561;26.4;14.1
FR;80;2021-02-27;7169;10283;1103149;596844;26.5;14.4
FR;80;2021-02-28;1260;2120;1104409;598964;26.6;14.4
FR;80;2021-03-01;18776;23211;1123185;622175;27.0;15.0
FR;80;2021-03-02;26885;29106;1150070;651281;27.7;15.7
FR;80;2021-03-03;28685;29240;1178755;680521;28.4;16.4
FR;80;2021-03-04;34866;29683;1213621;710204;29.2;17.1
FR;80;2021-03-05;35858;27476;1249479;737680;30.1;17.7
FR;80;2021-03-06;41356;8341;1290835;746021;31.0;17.9
FR;80;2021-03-07;29702;2015;1320537;748036;31.8;18.0
FR;80;2021-03-08;27161;22480;1347698;770516;32.4;18.5
FR;80;2021-03-09;40695;24652;1388393;795168;33.4;19.1
FR;80;2021-03-10;43067;25379;1431460;820547;34.4;19.7
FR;80;2021-03-11;51611;26875;1483071;847422;35.7;20.4
FR;80;2021-03-12;52066;22961;1535137;870383;36.9;20.9
FR;80;2021-03-13;37414;7001;1572551;877384;37.8;21.1
FR;80;2021-03-14;13879;1521;1586430;878905;38.2;21.1
FR;80;2021-03-15;44017;13927;1630447;892832;39.2;21.5
FR;80;2021-03-16;51790;17029;1682237;909861;40.5;21.9
FR;80;2021-03-17;54616;16541;1736853;926402;41.8;22.3
FR;80;2021-03-18;58453;18814;1795306;945216;43.2;22.7
FR;80;2021-03-19;57311;15710;1852617;960926;44.6;23.1
FR;80;2021-03-20;30965;5329;1883582;966255;45.3;23.2
FR;80;2021-03-21;8685;1089;1892267;967344;45.5;23.3
FR;80;2021-03-22;42817;14542;1935084;981886;46.5;23.6
FR;80;2021-03-23;55508;18032;1990592;999918;47.9;24.0
FR;80;2021-03-24;54377;19033;2044969;1018951;49.2;24.5
FR;80;2021-03-25;63918;19569;2108887;1038520;50.7;25.0
FR;80;2021-03-26;60074;18246;2168961;1056766;52.2;25.4
FR;80;2021-03-27;26552;7338;2195513;1064104;52.8;25.6
FR;80;2021-03-28;6924;1449;2202437;1065553;53.0;25.6
FR;80;2021-03-29;32814;23385;2235251;1088938;53.8;26.2
FR;80;2021-03-30;43138;30709;2278389;1119647;54.8;26.9
FR;80;2021-03-31;40452;32081;2318841;1151728;55.8;27.7
FR;80;2021-04-01;46037;37697;2364878;1189425;56.9;28.6
FR;80;2021-04-02;37015;39709;2401893;1229134;57.8;29.6
FR;80;2021-04-03;14487;26083;2416380;1255217;58.1;30.2
FR;80;2021-04-04;3862;7558;2420242;1262775;58.2;30.4
FR;80;2021-04-05;5611;4080;2425853;1266855;58.3;30.5
FR;80;2021-04-06;27520;44936;2453373;1311791;59.0;31.5
FR;80;2021-04-07;33404;48370;2486777;1360161;59.8;32.7
FR;80;2021-04-08;39950;49501;2526727;1409662;60.8;33.9
FR;80;2021-04-09;43378;46307;2570105;1455969;61.8;35.0
FR;80;2021-04-10;19809;28864;2589914;1484833;62.3;35.7
FR;80;2021-04-11;4833;9355;2594747;1494188;62.4;35.9
FR;80;2021-04-12;23447;45128;2618194;1539316;63.0;37.0
FR;80;2021-04-13;30138;54601;2648332;1593917;63.7;38.3
FR;80;2021-04-14;28933;52121;2677265;1646038;64.4;39.6
FR;80;2021-04-15;31294;52633;2708559;1698671;65.1;40.9
FR;80;2021-04-16;26372;48958;2734931;1747629;65.8;42.0
FR;80;2021-04-17;12317;25586;2747248;1773215;66.1;42.6
FR;80;2021-04-18;2529;7615;2749777;1780830;66.1;42.8
FR;80;2021-04-19;14206;43692;2763983;1824522;66.5;43.9
FR;80;2021-04-20;17846;53014;2781829;1877536;66.9;45.2
FR;80;2021-04-21;17876;49765;2799705;1927301;67.3;46.4
FR;80;2021-04-22;20563;51179;2820268;1978480;67.8;47.6
FR;80;2021-04-23;18989;44584;2839257;2023064;68.3;48.7
FR;80;2021-04-24;9355;21179;2848612;2044243;68.5;49.2
FR;80;2021-04-25;2663;5144;2851275;2049387;68.6;49.3
FR;80;2021-04-26;12266;30550;2863541;2079937;68.9;50.0
FR;80;2021-04-27;16682;36380;2880223;2116317;69.3;50.9
FR;80;2021-04-28;17884;34562;2898107;2150879;69.7;51.7
FR;80;2021-04-29;21587;35606;2919694;2186485;70.2;52.6
FR;80;2021-04-30;20282;29539;2939976;2216024;70.7;53.3
FR;80;2021-05-01;5788;5810;2945764;2221834;70.8;53.4
FR;80;2021-05-02;2593;3846;2948357;2225680;70.9;53.5
FR;80;2021-05-03;12397;21315;2960754;2246995;71.2;54.0
FR;80;2021-05-04;13768;29938;2974522;2276933;71.5;54.8
FR;80;2021-05-05;13426;29305;2987948;2306238;71.9;55.5
FR;80;2021-05-06;15793;29497;3003741;2335735;72.2;56.2
FR;80;2021-05-07;14491;29752;3018232;2365487;72.6;56.9
FR;80;2021-05-08;4475;6048;3022707;2371535;72.7;57.0
FR;80;2021-05-09;1907;4142;3024614;2375677;72.7;57.1
FR;80;2021-05-10;9115;24340;3033729;2400017;73.0;57.7
FR;80;2021-05-11;12453;27161;3046182;2427178;73.3;58.4
FR;80;2021-05-12;11411;23559;3057593;2450737;73.5;58.9
FR;80;2021-05-13;4877;5394;3062470;2456131;73.7;59.1
FR;80;2021-05-14;10321;16363;3072791;2472494;73.9;59.5
FR;80;2021-05-15;4802;7326;3077593;2479820;74.0;59.6
FR;80;2021-05-16;1533;1526;3079126;2481346;74.1;59.7
FR;80;2021-05-17;7004;13086;3086130;2494432;74.2;60.0
FR;80;2021-05-18;9422;13447;3095552;2507879;74.5;60.3
FR;80;2021-05-19;8839;12084;3104391;2519963;74.7;60.6
FR;80;2021-05-20;10573;12665;3114964;2532628;74.9;60.9
FR;80;2021-05-21;8715;13050;3123679;2545678;75.1;61.2
FR;80;2021-05-22;3812;5184;3127491;2550862;75.2;61.4
FR;80;2021-05-23;1010;1134;3128501;2551996;75.2;61.4
FR;80;2021-05-24;2562;2219;3131063;2554215;75.3;61.4
FR;80;2021-05-25;6484;14243;3137547;2568458;75.5;61.8
FR;80;2021-05-26;6554;14601;3144101;2583059;75.6;62.1
FR;80;2021-05-27;8431;15682;3152532;2598741;75.8;62.5
FR;80;2021-05-28;7998;17965;3160530;2616706;76.0;62.9
FR;80;2021-05-29;3370;8772;3163900;2625478;76.1;63.1
FR;80;2021-05-30;629;1590;3164529;2627068;76.1;63.2
FR;80;2021-05-31;4768;12600;3169297;2639668;76.2;63.5
FR;0;2020-12-27;20;2;20;2;0.0;0.0
FR;0;2020-12-28;69;0;89;2;0.0;0.0
FR;0;2020-12-29;108;0;197;2;0.0;0.0
FR;0;2020-12-30;120;0;317;2;0.0;0.0
FR;0;2020-12-31;85;0;402;2;0.0;0.0
FR;0;2021-01-01;67;1;469;3;0.0;0.0
FR;0;2021-01-02;78;2;547;5;0.0;0.0
FR;0;2021-01-03;89;0;636;5;0.0;0.0
FR;0;2021-01-04;1472;7;2108;12;0.0;0.0
FR;0;2021-01-05;5386;14;7494;26;0.0;0.0
FR;0;2021-01-06;11291;20;18785;46;0.0;0.0
FR;0;2021-01-07;28544;48;47329;94;0.1;0.0
FR;0;2021-01-08;36168;45;83497;139;0.1;0.0
FR;0;2021-01-09;10903;12;94400;151;0.1;0.0
FR;0;2021-01-10;5614;7;100014;158;0.1;0.0
FR;0;2021-01-11;38936;59;138950;217;0.2;0.0
FR;0;2021-01-12;60781;102;199731;319;0.3;0.0
FR;0;2021-01-13;63684;137;263415;456;0.4;0.0
FR;0;2021-01-14;79802;677;343217;1133;0.5;0.0
FR;0;2021-01-15;67385;239;410602;1372;0.6;0.0
FR;0;2021-01-16;19692;107;430294;1479;0.6;0.0
FR;0;2021-01-17;10465;52;440759;1531;0.7;0.0
FR;0;2021-01-18;84306;252;525065;1783;0.8;0.0
FR;0;2021-01-19;128357;311;653422;2094;1.0;0.0
FR;0;2021-01-20;135009;313;788431;2407;1.2;0.0
FR;0;2021-01-21;155157;288;943588;2695;1.4;0.0
FR;0;2021-01-22;118451;299;1062039;2994;1.6;0.0
FR;0;2021-01-23;37772;64;1099811;3058;1.6;0.0
FR;0;2021-01-24;9359;36;1109170;3094;1.7;0.0
FR;0;2021-01-25;76754;1305;1185924;4399;1.8;0.0
FR;0;2021-01-26;98738;3215;1284662;7614;1.9;0.0
FR;0;2021-01-27;105581;5721;1390243;13335;2.1;0.0
FR;0;2021-01-28;122246;14550;1512489;27885;2.3;0.0
FR;0;2021-01-29;90835;17444;1603324;45329;2.4;0.1
FR;0;2021-01-30;28638;4261;1631962;49590;2.4;0.1
FR;0;2021-01-31;4865;1684;1636827;51274;2.4;0.1
FR;0;2021-02-01;51522;21190;1688349;72464;2.5;0.1
FR;0;2021-02-02;70602;34734;1758951;107198;2.6;0.2
FR;0;2021-02-03;70920;37149;1829871;144347;2.7;0.2
FR;0;2021-02-04;80461;50270;1910332;194617;2.8;0.3
FR;0;2021-02-05;67034;45499;1977366;240116;2.9;0.4
FR;0;2021-02-06;21280;10429;1998646;250545;3.0;0.4
FR;0;2021-02-07;4824;5079;2003470;255624;3.0;0.4
FR;0;2021-02-08;45810;46188;2049280;301812;3.1;0.4
FR;0;2021-02-09;64698;72846;2113978;374658;3.1;0.6
FR;0;2021-02-10;69200;77216;2183178;451874;3.3;0.7
FR;0;2021-02-11;85511;99947;2268689;551821;3.4;0.8
FR;0;2021-02-12;77645;75006;2346334;626827;3.5;0.9
FR;0;2021-02-13;21644;19616;2367978;646443;3.5;1.0
FR;0;2021-02-14;4580;7231;2372558;653674;3.5;1.0
FR;0;2021-02-15;37028;76960;2409586;730634;3.6;1.1
FR;0;2021-02-16;49167;101285;2458753;831919;3.7;1.2
FR;0;2021-02-17;49281;103524;2508034;935443;3.7;1.4
FR;0;2021-02-18;67826;119486;2575860;1054929;3.8;1.6
FR;0;2021-02-19;63641;91545;2639501;1146474;3.9;1.7
FR;0;2021-02-20;17956;28573;2657457;1175047;4.0;1.8
FR;0;2021-02-21;2857;6408;2660314;1181455;4.0;1.8
FR;0;2021-02-22;36435;73601;2696749;1255056;4.0;1.9
FR;0;2021-02-23;52510;84730;2749259;1339786;4.1;2.0
FR;0;2021-02-24;57954;81729;2807213;1421515;4.2;2.1
FR;0;2021-02-25;98444;92647;2905657;1514162;4.3;2.3
FR;0;2021-02-26;111592;72282;3017249;1586444;4.5;2.4
FR;0;2021-02-27;51080;22419;3068329;1608863;4.6;2.4
FR;0;2021-02-28;5664;4481;3073993;1613344;4.6;2.4
FR;0;2021-03-01;63471;53439;3137464;1666783;4.7;2.5
FR;0;2021-03-02;99181;67308;3236645;1734091;4.8;2.6
FR;0;2021-03-03;113301;66801;3349946;1800892;5.0;2.7
FR;0;2021-03-04;159856;70879;3509802;1871771;5.2;2.8
FR;0;2021-03-05;197411;65744;3707213;1937515;5.5;2.9
FR;0;2021-03-06;204240;19402;3911453;1956917;5.8;2.9
FR;0;2021-03-07;119586;6339;4031039;1963256;6.0;2.9
FR;0;2021-03-08;104523;51828;4135562;2015084;6.2;3.0
FR;0;2021-03-09;169080;58473;4304642;2073557;6.4;3.1
FR;0;2021-03-10;175070;58946;4479712;2132503;6.7;3.2
FR;0;2021-03-11;238590;65741;4718302;2198244;7.0;3.3
FR;0;2021-03-12;290082;56507;5008384;2254751;7.5;3.4
FR;0;2021-03-13;227558;17053;5235942;2271804;7.8;3.4
FR;0;2021-03-14;62046;4041;5297988;2275845;7.9;3.4
FR;0;2021-03-15;155421;34590;5453409;2310435;8.1;3.4
FR;0;2021-03-16;139144;41410;5592553;2351845;8.3;3.5
FR;0;2021-03-17;147846;40912;5740399;2392757;8.6;3.6
FR;0;2021-03-18;164812;47532;5905211;2440289;8.8;3.6
FR;0;2021-03-19;226202;41188;6131413;2481477;9.1;3.7
FR;0;2021-03-20;164254;13943;6295667;2495420;9.4;3.7
FR;0;2021-03-21;48710;3442;6344377;2498862;9.5;3.7
FR;0;2021-03-22;166828;37216;6511205;2536078;9.7;3.8
FR;0;2021-03-23;246298;46599;6757503;2582677;10.1;3.8
FR;0;2021-03-24;252874;48125;7010377;2630802;10.4;3.9
FR;0;2021-03-25;336912;50636;7347289;2681438;10.9;4.0
FR;0;2021-03-26;354087;48300;7701376;2729738;11.5;4.1
FR;0;2021-03-27;192687;20017;7894063;2749755;11.8;4.1
FR;0;2021-03-28;58270;4784;7952333;2754539;11.8;4.1
FR;0;2021-03-29;200118;58108;8152451;2812647;12.1;4.2
FR;0;2021-03-30;281458;75436;8433909;2888083;12.6;4.3
FR;0;2021-03-31;258939;78813;8692848;2966896;13.0;4.4
FR;0;2021-04-01;309306;95781;9002154;3062677;13.4;4.6
FR;0;2021-04-02;277170;98882;9279324;3161559;13.8;4.7
FR;0;2021-04-03;138961;65057;9418285;3226616;14.0;4.8
FR;0;2021-04-04;44818;19896;9463103;3246512;14.1;4.8
FR;0;2021-04-05;58713;12703;9521816;3259215;14.2;4.9
FR;0;2021-04-06;212616;113201;9734432;3372416;14.5;5.0
FR;0;2021-04-07;255851;122588;9990283;3495004;14.9;5.2
FR;0;2021-04-08;332134;131390;10322417;3626394;15.4;5.4
FR;0;2021-04-09;403988;127137;10726405;3753531;16.0;5.6
FR;0;2021-04-10;209881;88088;10936286;3841619;16.3;5.7
FR;0;2021-04-11;54941;36299;10991227;3877918;16.4;5.8
FR;0;2021-04-12;233433;121494;11224660;3999412;16.7;6.0
FR;0;2021-04-13;304646;153416;11529306;4152828;17.2;6.2
FR;0;2021-04-14;289030;148374;11818336;4301202;17.6;6.4
FR;0;2021-04-15;331037;158266;12149373;4459468;18.1;6.6
FR;0;2021-04-16;334098;155550;12483471;4615018;18.6;6.9
FR;0;2021-04-17;185860;95515;12669331;4710533;18.9;7.0
FR;0;2021-04-18;50396;37189;12719727;4747722;19.0;7.1
FR;0;2021-04-19;202142;144999;12921869;4892721;19.3;7.3
FR;0;2021-04-20;249548;179123;13171417;5071844;19.6;7.6
FR;0;2021-04-21;248229;177380;13419646;5249224;20.0;7.8
FR;0;2021-04-22;281713;198475;13701359;5447699;20.4;8.1
FR;0;2021-04-23;289070;194576;13990429;5642275;20.8;8.4
FR;0;2021-04-24;187266;119528;14177695;5761803;21.1;8.6
FR;0;2021-04-25;67890;41643;14245585;5803446;21.2;8.6
FR;0;2021-04-26;215229;166615;14460814;5970061;21.5;8.9
FR;0;2021-04-27;279514;207104;14740328;6177165;22.0;9.2
FR;0;2021-04-28;293874;204314;15034202;6381479;22.4;9.5
FR;0;2021-04-29;350709;226364;15384911;6607843;22.9;9.8
FR;0;2021-04-30;365754;219411;15750665;6827254;23.5;10.2
FR;0;2021-05-01;162955;61488;15913620;6888742;23.7;10.3
FR;0;2021-05-02;89371;42329;16002991;6931071;23.8;10.3
FR;0;2021-05-03;281255;186976;16284246;7118047;24.3;10.6
FR;0;2021-05-04;307874;246951;16592120;7364998;24.7;11.0
FR;0;2021-05-05;317787;246293;16909907;7611291;25.2;11.3
FR;0;2021-05-06;371176;269319;17281083;7880610;25.7;11.7
FR;0;2021-05-07;364294;295046;17645377;8175656;26.3;12.2
FR;0;2021-05-08;207791;79352;17853168;8255008;26.6;12.3
FR;0;2021-05-09;127361;54177;17980529;8309185;26.8;12.4
FR;0;2021-05-10;302724;251765;18283253;8560950;27.2;12.8
FR;0;2021-05-11;394930;292887;18678183;8853837;27.8;13.2
FR;0;2021-05-12;419993;265306;19098176;9119143;28.5;13.6
FR;0;2021-05-13;330579;75884;19428755;9195027;28.9;13.7
FR;0;2021-05-14;440737;199235;19869492;9394262;29.6;14.0
FR;0;2021-05-15;362556;117229;20232048;9511491;30.1;14.2
FR;0;2021-05-16;199233;32773;20431281;9544264;30.4;14.2
FR;0;2021-05-17;366593;175718;20797874;9719982;31.0;14.5
FR;0;2021-05-18;444005;187924;21241879;9907906;31.6;14.8
FR;0;2021-05-19;454267;178904;21696146;10086810;32.3;15.0
FR;0;2021-05-20;493767;200244;22189913;10287054;33.1;15.3
FR;0;2021-05-21;475250;217257;22665163;10504311;33.8;15.7
FR;0;2021-05-22;340345;105950;23005508;10610261;34.3;15.8
FR;0;2021-05-23;158405;25684;23163913;10635945;34.5;15.8
FR;0;2021-05-24;256458;51466;23420371;10687411;34.9;15.9
FR;0;2021-05-25;388793;223392;23809164;10910803;35.5;16.3
FR;0;2021-05-26;394649;226216;24203813;11137019;36.1;16.6
FR;0;2021-05-27;436879;252939;24640692;11389958;36.7;17.0
FR;0;2021-05-28;416413;313787;25057105;11703745;37.3;17.4
FR;0;2021-05-29;292942;179996;25350047;11883741;37.8;17.7
FR;0;2021-05-30;104085;41346;25454132;11925087;37.9;17.8
FR;0;2021-05-31;346251;238546;25800383;12163633;38.4;18.1
