fra;clage_vacsi;jour;n_dose1;n_complet;n_cum_dose1;n_cum_complet;couv_dose1;couv_complet
FR;24;2020-12-27;1;0;1;0;0.0;0.0
FR;24;2020-12-28;3;0;4;0;0.0;0.0
FR;24;2020-12-29;0;0;4;0;0.0;0.0
FR;24;2020-12-30;0;0;4;0;0.0;0.0
FR;24;2020-12-31;1;0;5;0;0.0;0.0
FR;24;2021-01-01;1;0;6;0;0.0;0.0
FR;24;2021-01-02;1;0;7;0;0.0;0.0
FR;24;2021-01-03;2;0;9;0;0.0;0.0
FR;24;2021-01-04;4;0;13;0;0.0;0.0
FR;24;2021-01-05;17;1;30;1;0.0;0.0
FR;24;2021-01-06;36;0;66;1;0.0;0.0
FR;24;2021-01-07;180;0;246;1;0.0;0.0
FR;24;2021-01-08;216;0;462;1;0.0;0.0
FR;24;2021-01-09;40;0;502;1;0.0;0.0
FR;24;2021-01-10;35;0;537;1;0.0;0.0
FR;24;2021-01-11;252;2;789;3;0.0;0.0
FR;24;2021-01-12;398;5;1187;8;0.0;0.0
FR;24;2021-01-13;480;6;1667;14;0.0;0.0
FR;24;2021-01-14;615;6;2282;20;0.0;0.0
FR;24;2021-01-15;596;2;2878;22;0.1;0.0
FR;24;2021-01-16;118;3;2996;25;0.1;0.0
FR;24;2021-01-17;94;0;3090;25;0.1;0.0
FR;24;2021-01-18;508;4;3598;29;0.1;0.0
FR;24;2021-01-19;598;3;4196;32;0.1;0.0
FR;24;2021-01-20;651;0;4847;32;0.1;0.0
FR;24;2021-01-21;760;4;5607;36;0.1;0.0
FR;24;2021-01-22;603;4;6210;40;0.1;0.0
FR;24;2021-01-23;117;0;6327;40;0.1;0.0
FR;24;2021-01-24;22;0;6349;40;0.1;0.0
FR;24;2021-01-25;294;5;6643;45;0.1;0.0
FR;24;2021-01-26;367;13;7010;58;0.1;0.0
FR;24;2021-01-27;446;14;7456;72;0.1;0.0
FR;24;2021-01-28;597;51;8053;123;0.1;0.0
FR;24;2021-01-29;468;84;8521;207;0.2;0.0
FR;24;2021-01-30;87;16;8608;223;0.2;0.0
FR;24;2021-01-31;25;13;8633;236;0.2;0.0
FR;24;2021-02-01;157;135;8790;371;0.2;0.0
FR;24;2021-02-02;219;182;9009;553;0.2;0.0
FR;24;2021-02-03;218;186;9227;739;0.2;0.0
FR;24;2021-02-04;359;315;9586;1054;0.2;0.0
FR;24;2021-02-05;347;345;9933;1399;0.2;0.0
FR;24;2021-02-06;83;71;10016;1470;0.2;0.0
FR;24;2021-02-07;169;31;10185;1501;0.2;0.0
FR;24;2021-02-08;388;359;10573;1860;0.2;0.0
FR;24;2021-02-09;746;459;11319;2319;0.2;0.0
FR;24;2021-02-10;1094;600;12413;2919;0.2;0.1
FR;24;2021-02-11;1580;725;13993;3644;0.3;0.1
FR;24;2021-02-12;1623;570;15616;4214;0.3;0.1
FR;24;2021-02-13;292;95;15908;4309;0.3;0.1
FR;24;2021-02-14;62;31;15970;4340;0.3;0.1
FR;24;2021-02-15;1040;386;17010;4726;0.3;0.1
FR;24;2021-02-16;1567;586;18577;5312;0.3;0.1
FR;24;2021-02-17;1493;505;20070;5817;0.4;0.1
FR;24;2021-02-18;1948;636;22018;6453;0.4;0.1
FR;24;2021-02-19;1861;570;23879;7023;0.4;0.1
FR;24;2021-02-20;333;89;24212;7112;0.4;0.1
FR;24;2021-02-21;41;19;24253;7131;0.4;0.1
FR;24;2021-02-22;1170;296;25423;7427;0.5;0.1
FR;24;2021-02-23;1588;397;27011;7824;0.5;0.1
FR;24;2021-02-24;1655;343;28666;8167;0.5;0.2
FR;24;2021-02-25;2283;493;30949;8660;0.6;0.2
FR;24;2021-02-26;2200;415;33149;9075;0.6;0.2
FR;24;2021-02-27;533;89;33682;9164;0.6;0.2
FR;24;2021-02-28;92;17;33774;9181;0.6;0.2
FR;24;2021-03-01;1268;247;35042;9428;0.6;0.2
FR;24;2021-03-02;1665;326;36707;9754;0.7;0.2
FR;24;2021-03-03;1767;381;38474;10135;0.7;0.2
FR;24;2021-03-04;2175;541;40649;10676;0.7;0.2
FR;24;2021-03-05;3317;534;43966;11210;0.8;0.2
FR;24;2021-03-06;1721;156;45687;11366;0.8;0.2
FR;24;2021-03-07;987;87;46674;11453;0.9;0.2
FR;24;2021-03-08;1978;265;48652;11718;0.9;0.2
FR;24;2021-03-09;2634;348;51286;12066;0.9;0.2
FR;24;2021-03-10;2450;386;53736;12452;1.0;0.2
FR;24;2021-03-11;2950;541;56686;12993;1.0;0.2
FR;24;2021-03-12;3852;478;60538;13471;1.1;0.2
FR;24;2021-03-13;1495;117;62033;13588;1.1;0.3
FR;24;2021-03-14;534;40;62567;13628;1.2;0.3
FR;24;2021-03-15;1841;275;64408;13903;1.2;0.3
FR;24;2021-03-16;828;316;65236;14219;1.2;0.3
FR;24;2021-03-17;1078;332;66314;14551;1.2;0.3
FR;24;2021-03-18;1308;451;67622;15002;1.2;0.3
FR;24;2021-03-19;1873;381;69495;15383;1.3;0.3
FR;24;2021-03-20;836;92;70331;15475;1.3;0.3
FR;24;2021-03-21;635;75;70966;15550;1.3;0.3
FR;24;2021-03-22;1504;314;72470;15864;1.3;0.3
FR;24;2021-03-23;1804;410;74274;16274;1.4;0.3
FR;24;2021-03-24;2161;375;76435;16649;1.4;0.3
FR;24;2021-03-25;2564;514;78999;17163;1.5;0.3
FR;24;2021-03-26;3170;512;82169;17675;1.5;0.3
FR;24;2021-03-27;1900;214;84069;17889;1.5;0.3
FR;24;2021-03-28;1010;81;85079;17970;1.6;0.3
FR;24;2021-03-29;2453;382;87532;18352;1.6;0.3
FR;24;2021-03-30;3638;545;91170;18897;1.7;0.3
FR;24;2021-03-31;4182;548;95352;19445;1.8;0.4
FR;24;2021-04-01;5428;790;100780;20235;1.9;0.4
FR;24;2021-04-02;4466;654;105246;20889;1.9;0.4
FR;24;2021-04-03;1749;349;106995;21238;2.0;0.4
FR;24;2021-04-04;955;130;107950;21368;2.0;0.4
FR;24;2021-04-05;1101;138;109051;21506;2.0;0.4
FR;24;2021-04-06;3560;609;112611;22115;2.1;0.4
FR;24;2021-04-07;4790;857;117401;22972;2.2;0.4
FR;24;2021-04-08;6390;1148;123791;24120;2.3;0.4
FR;24;2021-04-09;5791;1090;129582;25210;2.4;0.5
FR;24;2021-04-10;2627;576;132209;25786;2.4;0.5
FR;24;2021-04-11;1258;314;133467;26100;2.5;0.5
FR;24;2021-04-12;3446;948;136913;27048;2.5;0.5
FR;24;2021-04-13;4774;1166;141687;28214;2.6;0.5
FR;24;2021-04-14;4967;1333;146654;29547;2.7;0.5
FR;24;2021-04-15;5220;1607;151874;31154;2.8;0.6
FR;24;2021-04-16;4834;1697;156708;32851;2.9;0.6
FR;24;2021-04-17;2140;810;158848;33661;2.9;0.6
FR;24;2021-04-18;724;442;159572;34103;2.9;0.6
FR;24;2021-04-19;2946;1524;162518;35627;3.0;0.7
FR;24;2021-04-20;3123;2136;165641;37763;3.1;0.7
FR;24;2021-04-21;3440;2490;169081;40253;3.1;0.7
FR;24;2021-04-22;4034;3145;173115;43398;3.2;0.8
FR;24;2021-04-23;4207;3308;177322;46706;3.3;0.9
FR;24;2021-04-24;2399;1689;179721;48395;3.3;0.9
FR;24;2021-04-25;1231;802;180952;49197;3.3;0.9
FR;24;2021-04-26;3116;2195;184068;51392;3.4;0.9
FR;24;2021-04-27;3936;3185;188004;54577;3.5;1.0
FR;24;2021-04-28;4440;3756;192444;58333;3.5;1.1
FR;24;2021-04-29;5509;4468;197953;62801;3.6;1.2
FR;24;2021-04-30;6226;4633;204179;67434;3.8;1.2
FR;24;2021-05-01;3987;1089;208166;68523;3.8;1.3
FR;24;2021-05-02;2774;906;210940;69429;3.9;1.3
FR;24;2021-05-03;6338;4152;217278;73581;4.0;1.4
FR;24;2021-05-04;7564;4726;224842;78307;4.1;1.4
FR;24;2021-05-05;8749;4984;233591;83291;4.3;1.5
FR;24;2021-05-06;10895;6397;244486;89688;4.5;1.7
FR;24;2021-05-07;12087;6442;256573;96130;4.7;1.8
FR;24;2021-05-08;9987;2552;266560;98682;4.9;1.8
FR;24;2021-05-09;6879;1939;273439;100621;5.0;1.9
FR;24;2021-05-10;11080;4974;284519;105595;5.2;1.9
FR;24;2021-05-11;15568;5778;300087;111373;5.5;2.1
FR;24;2021-05-12;22844;6193;322931;117566;6.0;2.2
FR;24;2021-05-13;27557;3081;350488;120647;6.5;2.2
FR;24;2021-05-14;32477;5564;382965;126211;7.1;2.3
FR;24;2021-05-15;34045;4004;417010;130215;7.7;2.4
FR;24;2021-05-16;21892;1990;438902;132205;8.1;2.4
FR;24;2021-05-17;29543;5260;468445;137465;8.6;2.5
FR;24;2021-05-18;37896;6071;506341;143536;9.3;2.6
FR;24;2021-05-19;39986;7062;546327;150598;10.1;2.8
FR;24;2021-05-20;45705;7440;592032;158038;10.9;2.9
FR;24;2021-05-21;46916;7213;638948;165251;11.8;3.0
FR;24;2021-05-22;44546;4505;683494;169756;12.6;3.1
FR;24;2021-05-23;23911;2325;707405;172081;13.0;3.2
FR;24;2021-05-24;34312;3581;741717;175662;13.7;3.2
FR;24;2021-05-25;44627;7783;786344;183445;14.5;3.4
FR;24;2021-05-26;45340;7311;831684;190756;15.3;3.5
FR;24;2021-05-27;51629;8463;883313;199219;16.3;3.7
FR;24;2021-05-28;48258;8881;931571;208100;17.2;3.8
FR;24;2021-05-29;43866;5873;975437;213973;18.0;3.9
FR;24;2021-05-30;18272;2227;993709;216200;18.3;4.0
FR;24;2021-05-31;51554;8148;1045263;224348;19.3;4.1
FR;24;2021-06-01;59148;10036;1104411;234384;20.4;4.3
FR;24;2021-06-02;60350;9433;1164761;243817;21.5;4.5
FR;24;2021-06-03;66995;10391;1231756;254208;22.7;4.7
FR;24;2021-06-04;64225;10539;1295981;264747;23.9;4.9
FR;24;2021-06-05;54609;7649;1350590;272396;24.9;5.0
FR;24;2021-06-06;26588;3559;1377178;275955;25.4;5.1
FR;24;2021-06-07;56495;9731;1433673;285686;26.4;5.3
FR;24;2021-06-08;60774;10596;1494447;296282;27.6;5.5
FR;29;2020-12-27;0;0;0;0;0.0;0.0
FR;29;2020-12-28;1;0;1;0;0.0;0.0
FR;29;2020-12-29;0;0;1;0;0.0;0.0
FR;29;2020-12-30;0;0;1;0;0.0;0.0
FR;29;2020-12-31;1;0;2;0;0.0;0.0
FR;29;2021-01-01;2;0;4;0;0.0;0.0
FR;29;2021-01-02;3;0;7;0;0.0;0.0
FR;29;2021-01-03;2;0;9;0;0.0;0.0
FR;29;2021-01-04;10;0;19;0;0.0;0.0
FR;29;2021-01-05;42;0;61;0;0.0;0.0
FR;29;2021-01-06;142;0;203;0;0.0;0.0
FR;29;2021-01-07;307;2;510;2;0.0;0.0
FR;29;2021-01-08;518;4;1028;6;0.0;0.0
FR;29;2021-01-09;113;0;1141;6;0.0;0.0
FR;29;2021-01-10;91;1;1232;7;0.0;0.0
FR;29;2021-01-11;644;4;1876;11;0.1;0.0
FR;29;2021-01-12;937;14;2813;25;0.1;0.0
FR;29;2021-01-13;1220;12;4033;37;0.1;0.0
FR;29;2021-01-14;1567;15;5600;52;0.2;0.0
FR;29;2021-01-15;1316;7;6916;59;0.2;0.0
FR;29;2021-01-16;193;4;7109;63;0.2;0.0
FR;29;2021-01-17;158;0;7267;63;0.2;0.0
FR;29;2021-01-18;1039;13;8306;76;0.2;0.0
FR;29;2021-01-19;1149;6;9455;82;0.3;0.0
FR;29;2021-01-20;1198;7;10653;89;0.3;0.0
FR;29;2021-01-21;1462;9;12115;98;0.3;0.0
FR;29;2021-01-22;1153;11;13268;109;0.4;0.0
FR;29;2021-01-23;170;2;13438;111;0.4;0.0
FR;29;2021-01-24;52;0;13490;111;0.4;0.0
FR;29;2021-01-25;541;18;14031;129;0.4;0.0
FR;29;2021-01-26;666;35;14697;164;0.4;0.0
FR;29;2021-01-27;729;63;15426;227;0.4;0.0
FR;29;2021-01-28;1037;123;16463;350;0.4;0.0
FR;29;2021-01-29;803;171;17266;521;0.5;0.0
FR;29;2021-01-30;141;40;17407;561;0.5;0.0
FR;29;2021-01-31;34;26;17441;587;0.5;0.0
FR;29;2021-02-01;263;295;17704;882;0.5;0.0
FR;29;2021-02-02;410;372;18114;1254;0.5;0.0
FR;29;2021-02-03;457;461;18571;1715;0.5;0.0
FR;29;2021-02-04;612;717;19183;2432;0.5;0.1
FR;29;2021-02-05;533;749;19716;3181;0.5;0.1
FR;29;2021-02-06;142;109;19858;3290;0.5;0.1
FR;29;2021-02-07;304;66;20162;3356;0.5;0.1
FR;29;2021-02-08;604;807;20766;4163;0.6;0.1
FR;29;2021-02-09;1254;1025;22020;5188;0.6;0.1
FR;29;2021-02-10;1714;1140;23734;6328;0.6;0.2
FR;29;2021-02-11;2471;1431;26205;7759;0.7;0.2
FR;29;2021-02-12;2222;1234;28427;8993;0.8;0.2
FR;29;2021-02-13;428;157;28855;9150;0.8;0.2
FR;29;2021-02-14;134;81;28989;9231;0.8;0.2
FR;29;2021-02-15;1571;804;30560;10035;0.8;0.3
FR;29;2021-02-16;1924;1164;32484;11199;0.9;0.3
FR;29;2021-02-17;1889;956;34373;12155;0.9;0.3
FR;29;2021-02-18;2397;1174;36770;13329;1.0;0.4
FR;29;2021-02-19;2321;954;39091;14283;1.1;0.4
FR;29;2021-02-20;383;124;39474;14407;1.1;0.4
FR;29;2021-02-21;86;43;39560;14450;1.1;0.4
FR;29;2021-02-22;1362;536;40922;14986;1.1;0.4
FR;29;2021-02-23;1762;660;42684;15646;1.1;0.4
FR;29;2021-02-24;1789;545;44473;16191;1.2;0.4
FR;29;2021-02-25;2407;947;46880;17138;1.3;0.5
FR;29;2021-02-26;2580;673;49460;17811;1.3;0.5
FR;29;2021-02-27;606;111;50066;17922;1.3;0.5
FR;29;2021-02-28;112;28;50178;17950;1.4;0.5
FR;29;2021-03-01;1310;357;51488;18307;1.4;0.5
FR;29;2021-03-02;1805;605;53293;18912;1.4;0.5
FR;29;2021-03-03;1994;609;55287;19521;1.5;0.5
FR;29;2021-03-04;2510;780;57797;20301;1.6;0.5
FR;29;2021-03-05;3635;736;61432;21037;1.7;0.6
FR;29;2021-03-06;1644;151;63076;21188;1.7;0.6
FR;29;2021-03-07;820;103;63896;21291;1.7;0.6
FR;29;2021-03-08;1967;413;65863;21704;1.8;0.6
FR;29;2021-03-09;2667;506;68530;22210;1.8;0.6
FR;29;2021-03-10;2586;530;71116;22740;1.9;0.6
FR;29;2021-03-11;3365;857;74481;23597;2.0;0.6
FR;29;2021-03-12;3987;758;78468;24355;2.1;0.7
FR;29;2021-03-13;1636;150;80104;24505;2.2;0.7
FR;29;2021-03-14;565;64;80669;24569;2.2;0.7
FR;29;2021-03-15;1893;382;82562;24951;2.2;0.7
FR;29;2021-03-16;1122;507;83684;25458;2.3;0.7
FR;29;2021-03-17;1377;508;85061;25966;2.3;0.7
FR;29;2021-03-18;1652;691;86713;26657;2.3;0.7
FR;29;2021-03-19;2238;575;88951;27232;2.4;0.7
FR;29;2021-03-20;987;134;89938;27366;2.4;0.7
FR;29;2021-03-21;725;66;90663;27432;2.4;0.7
FR;29;2021-03-22;1667;420;92330;27852;2.5;0.7
FR;29;2021-03-23;2219;611;94549;28463;2.5;0.8
FR;29;2021-03-24;2539;578;97088;29041;2.6;0.8
FR;29;2021-03-25;3388;704;100476;29745;2.7;0.8
FR;29;2021-03-26;3738;727;104214;30472;2.8;0.8
FR;29;2021-03-27;2148;270;106362;30742;2.9;0.8
FR;29;2021-03-28;965;75;107327;30817;2.9;0.8
FR;29;2021-03-29;2768;545;110095;31362;3.0;0.8
FR;29;2021-03-30;4001;736;114096;32098;3.1;0.9
FR;29;2021-03-31;4540;836;118636;32934;3.2;0.9
FR;29;2021-04-01;5876;1034;124512;33968;3.4;0.9
FR;29;2021-04-02;4911;948;129423;34916;3.5;0.9
FR;29;2021-04-03;1776;340;131199;35256;3.5;0.9
FR;29;2021-04-04;900;126;132099;35382;3.6;1.0
FR;29;2021-04-05;925;115;133024;35497;3.6;1.0
FR;29;2021-04-06;3515;776;136539;36273;3.7;1.0
FR;29;2021-04-07;4552;1129;141091;37402;3.8;1.0
FR;29;2021-04-08;6287;1494;147378;38896;4.0;1.0
FR;29;2021-04-09;6297;1302;153675;40198;4.1;1.1
FR;29;2021-04-10;2651;635;156326;40833;4.2;1.1
FR;29;2021-04-11;1163;342;157489;41175;4.2;1.1
FR;29;2021-04-12;3601;1054;161090;42229;4.3;1.1
FR;29;2021-04-13;4878;1512;165968;43741;4.5;1.2
FR;29;2021-04-14;4777;1521;170745;45262;4.6;1.2
FR;29;2021-04-15;5616;1834;176361;47096;4.7;1.3
FR;29;2021-04-16;4803;1894;181164;48990;4.9;1.3
FR;29;2021-04-17;2243;919;183407;49909;4.9;1.3
FR;29;2021-04-18;774;519;184181;50428;5.0;1.4
FR;29;2021-04-19;2865;1773;187046;52201;5.0;1.4
FR;29;2021-04-20;3517;2515;190563;54716;5.1;1.5
FR;29;2021-04-21;3489;2793;194052;57509;5.2;1.5
FR;29;2021-04-22;4463;3864;198515;61373;5.3;1.7
FR;29;2021-04-23;4608;3796;203123;65169;5.5;1.8
FR;29;2021-04-24;2702;1833;205825;67002;5.5;1.8
FR;29;2021-04-25;1193;741;207018;67743;5.6;1.8
FR;29;2021-04-26;3006;2476;210024;70219;5.7;1.9
FR;29;2021-04-27;4003;3610;214027;73829;5.8;2.0
FR;29;2021-04-28;4692;4036;218719;77865;5.9;2.1
FR;29;2021-04-29;5911;4985;224630;82850;6.0;2.2
FR;29;2021-04-30;6490;5212;231120;88062;6.2;2.4
FR;29;2021-05-01;4245;1220;235365;89282;6.3;2.4
FR;29;2021-05-02;2625;920;237990;90202;6.4;2.4
FR;29;2021-05-03;6899;4294;244889;94496;6.6;2.5
FR;29;2021-05-04;8187;5204;253076;99700;6.8;2.7
FR;29;2021-05-05;9648;5198;262724;104898;7.1;2.8
FR;29;2021-05-06;11269;6560;273993;111458;7.4;3.0
FR;29;2021-05-07;11730;6628;285723;118086;7.7;3.2
FR;29;2021-05-08;8920;2282;294643;120368;7.9;3.2
FR;29;2021-05-09;5910;1750;300553;122118;8.1;3.3
FR;29;2021-05-10;10678;5313;311231;127431;8.4;3.4
FR;29;2021-05-11;14596;6377;325827;133808;8.8;3.6
FR;29;2021-05-12;20049;6341;345876;140149;9.3;3.8
FR;29;2021-05-13;19829;2368;365705;142517;9.8;3.8
FR;29;2021-05-14;22599;4427;388304;146944;10.4;4.0
FR;29;2021-05-15;21471;2977;409775;149921;11.0;4.0
FR;29;2021-05-16;13401;1354;423176;151275;11.4;4.1
FR;29;2021-05-17;21585;4986;444761;156261;12.0;4.2
FR;29;2021-05-18;28437;5737;473198;161998;12.7;4.4
FR;29;2021-05-19;28954;5984;502152;167982;13.5;4.5
FR;29;2021-05-20;32752;6551;534904;174533;14.4;4.7
FR;29;2021-05-21;31826;6186;566730;180719;15.2;4.9
FR;29;2021-05-22;26118;3038;592848;183757;16.0;4.9
FR;29;2021-05-23;14155;1501;607003;185258;16.3;5.0
FR;29;2021-05-24;22530;2652;629533;187910;16.9;5.1
FR;29;2021-05-25;30553;6574;660086;194484;17.8;5.2
FR;29;2021-05-26;32414;6606;692500;201090;18.6;5.4
FR;29;2021-05-27;35513;7613;728013;208703;19.6;5.6
FR;29;2021-05-28;32998;7893;761011;216596;20.5;5.8
FR;29;2021-05-29;26510;4258;787521;220854;21.2;5.9
FR;29;2021-05-30;11774;1634;799295;222488;21.5;6.0
FR;29;2021-05-31;33437;6794;832732;229282;22.4;6.2
FR;29;2021-06-01;38364;8224;871096;237506;23.4;6.4
FR;29;2021-06-02;38652;7792;909748;245298;24.5;6.6
FR;29;2021-06-03;43695;8813;953443;254111;25.7;6.8
FR;29;2021-06-04;42323;9029;995766;263140;26.8;7.1
FR;29;2021-06-05;31514;5596;1027280;268736;27.6;7.2
FR;29;2021-06-06;16779;2544;1044059;271280;28.1;7.3
FR;29;2021-06-07;36968;8173;1081027;279453;29.1;7.5
FR;29;2021-06-08;40004;8921;1121031;288374;30.2;7.8
FR;39;2020-12-27;0;0;0;0;0.0;0.0
FR;39;2020-12-28;0;0;0;0;0.0;0.0
FR;39;2020-12-29;1;0;1;0;0.0;0.0
FR;39;2020-12-30;4;0;5;0;0.0;0.0
FR;39;2020-12-31;1;0;6;0;0.0;0.0
FR;39;2021-01-01;4;0;10;0;0.0;0.0
FR;39;2021-01-02;2;1;12;1;0.0;0.0
FR;39;2021-01-03;2;0;14;1;0.0;0.0
FR;39;2021-01-04;23;0;37;1;0.0;0.0
FR;39;2021-01-05;140;0;177;1;0.0;0.0
FR;39;2021-01-06;385;0;562;1;0.0;0.0
FR;39;2021-01-07;1176;6;1738;7;0.0;0.0
FR;39;2021-01-08;1788;4;3526;11;0.0;0.0
FR;39;2021-01-09;475;0;4001;11;0.0;0.0
FR;39;2021-01-10;308;1;4309;12;0.1;0.0
FR;39;2021-01-11;2214;10;6523;22;0.1;0.0
FR;39;2021-01-12;3414;21;9937;43;0.1;0.0
FR;39;2021-01-13;3503;17;13440;60;0.2;0.0
FR;39;2021-01-14;4782;57;18222;117;0.2;0.0
FR;39;2021-01-15;4400;24;22622;141;0.3;0.0
FR;39;2021-01-16;769;4;23391;145;0.3;0.0
FR;39;2021-01-17;492;4;23883;149;0.3;0.0
FR;39;2021-01-18;3076;36;26959;185;0.3;0.0
FR;39;2021-01-19;4011;18;30970;203;0.4;0.0
FR;39;2021-01-20;3911;21;34881;224;0.4;0.0
FR;39;2021-01-21;5152;23;40033;247;0.5;0.0
FR;39;2021-01-22;3973;34;44006;281;0.5;0.0
FR;39;2021-01-23;592;4;44598;285;0.5;0.0
FR;39;2021-01-24;184;0;44782;285;0.5;0.0
FR;39;2021-01-25;1597;45;46379;330;0.6;0.0
FR;39;2021-01-26;2169;101;48548;431;0.6;0.0
FR;39;2021-01-27;2286;216;50834;647;0.6;0.0
FR;39;2021-01-28;3481;474;54315;1121;0.7;0.0
FR;39;2021-01-29;2677;697;56992;1818;0.7;0.0
FR;39;2021-01-30;396;215;57388;2033;0.7;0.0
FR;39;2021-01-31;89;78;57477;2111;0.7;0.0
FR;39;2021-02-01;753;1058;58230;3169;0.7;0.0
FR;39;2021-02-02;1336;1650;59566;4819;0.7;0.1
FR;39;2021-02-03;1361;1661;60927;6480;0.7;0.1
FR;39;2021-02-04;1986;2537;62913;9017;0.8;0.1
FR;39;2021-02-05;1645;2706;64558;11723;0.8;0.1
FR;39;2021-02-06;400;433;64958;12156;0.8;0.1
FR;39;2021-02-07;553;209;65511;12365;0.8;0.1
FR;39;2021-02-08;1520;2429;67031;14794;0.8;0.2
FR;39;2021-02-09;3171;3383;70202;18177;0.8;0.2
FR;39;2021-02-10;3891;3531;74093;21708;0.9;0.3
FR;39;2021-02-11;6168;4873;80261;26581;1.0;0.3
FR;39;2021-02-12;5821;4011;86082;30592;1.0;0.4
FR;39;2021-02-13;1242;548;87324;31140;1.1;0.4
FR;39;2021-02-14;387;266;87711;31406;1.1;0.4
FR;39;2021-02-15;3421;2396;91132;33802;1.1;0.4
FR;39;2021-02-16;4420;3371;95552;37173;1.2;0.4
FR;39;2021-02-17;3991;2876;99543;40049;1.2;0.5
FR;39;2021-02-18;5973;3909;105516;43958;1.3;0.5
FR;39;2021-02-19;5853;3095;111369;47053;1.3;0.6
FR;39;2021-02-20;1140;479;112509;47532;1.4;0.6
FR;39;2021-02-21;187;122;112696;47654;1.4;0.6
FR;39;2021-02-22;3011;1677;115707;49331;1.4;0.6
FR;39;2021-02-23;3928;1940;119635;51271;1.4;0.6
FR;39;2021-02-24;3730;1731;123365;53002;1.5;0.6
FR;39;2021-02-25;5617;2565;128982;55567;1.6;0.7
FR;39;2021-02-26;6103;1954;135085;57521;1.6;0.7
FR;39;2021-02-27;1666;315;136751;57836;1.6;0.7
FR;39;2021-02-28;241;125;136992;57961;1.7;0.7
FR;39;2021-03-01;2961;1021;139953;58982;1.7;0.7
FR;39;2021-03-02;4270;1646;144223;60628;1.7;0.7
FR;39;2021-03-03;4265;1560;148488;62188;1.8;0.7
FR;39;2021-03-04;6350;2357;154838;64545;1.9;0.8
FR;39;2021-03-05;9198;2168;164036;66713;2.0;0.8
FR;39;2021-03-06;4966;447;169002;67160;2.0;0.8
FR;39;2021-03-07;2652;278;171654;67438;2.1;0.8
FR;39;2021-03-08;4697;1148;176351;68586;2.1;0.8
FR;39;2021-03-09;6941;1566;183292;70152;2.2;0.8
FR;39;2021-03-10;6138;1574;189430;71726;2.3;0.9
FR;39;2021-03-11;8737;2482;198167;74208;2.4;0.9
FR;39;2021-03-12;11507;2229;209674;76437;2.5;0.9
FR;39;2021-03-13;5250;458;214924;76895;2.6;0.9
FR;39;2021-03-14;1752;176;216676;77071;2.6;0.9
FR;39;2021-03-15;4801;1076;221477;78147;2.7;0.9
FR;39;2021-03-16;3375;1426;224852;79573;2.7;1.0
FR;39;2021-03-17;3455;1520;228307;81093;2.8;1.0
FR;39;2021-03-18;4666;2007;232973;83100;2.8;1.0
FR;39;2021-03-19;6288;1683;239261;84783;2.9;1.0
FR;39;2021-03-20;3174;385;242435;85168;2.9;1.0
FR;39;2021-03-21;2071;173;244506;85341;2.9;1.0
FR;39;2021-03-22;4455;1126;248961;86467;3.0;1.0
FR;39;2021-03-23;6180;1687;255141;88154;3.1;1.1
FR;39;2021-03-24;6328;1395;261469;89549;3.2;1.1
FR;39;2021-03-25;9075;1775;270544;91324;3.3;1.1
FR;39;2021-03-26;10663;1767;281207;93091;3.4;1.1
FR;39;2021-03-27;5997;664;287204;93755;3.5;1.1
FR;39;2021-03-28;2738;190;289942;93945;3.5;1.1
FR;39;2021-03-29;7215;1323;297157;95268;3.6;1.1
FR;39;2021-03-30;10566;1945;307723;97213;3.7;1.2
FR;39;2021-03-31;11216;1905;318939;99118;3.8;1.2
FR;39;2021-04-01;15059;2719;333998;101837;4.0;1.2
FR;39;2021-04-02;13302;2530;347300;104367;4.2;1.3
FR;39;2021-04-03;5610;1030;352910;105397;4.3;1.3
FR;39;2021-04-04;2529;350;355439;105747;4.3;1.3
FR;39;2021-04-05;2538;329;357977;106076;4.3;1.3
FR;39;2021-04-06;9315;2340;367292;108416;4.4;1.3
FR;39;2021-04-07;12219;2798;379511;111214;4.6;1.3
FR;39;2021-04-08;16908;3790;396419;115004;4.8;1.4
FR;39;2021-04-09;16932;3682;413351;118686;5.0;1.4
FR;39;2021-04-10;7415;1966;420766;120652;5.1;1.5
FR;39;2021-04-11;2989;989;423755;121641;5.1;1.5
FR;39;2021-04-12;9632;2779;433387;124420;5.2;1.5
FR;39;2021-04-13;12984;4066;446371;128486;5.4;1.5
FR;39;2021-04-14;12943;3889;459314;132375;5.5;1.6
FR;39;2021-04-15;14860;4878;474174;137253;5.7;1.7
FR;39;2021-04-16;12828;5333;487002;142586;5.9;1.7
FR;39;2021-04-17;6148;2738;493150;145324;5.9;1.8
FR;39;2021-04-18;2275;1561;495425;146885;6.0;1.8
FR;39;2021-04-19;7948;4728;503373;151613;6.1;1.8
FR;39;2021-04-20;9514;6752;512887;158365;6.2;1.9
FR;39;2021-04-21;10348;7228;523235;165593;6.3;2.0
FR;39;2021-04-22;11968;10386;535203;175979;6.5;2.1
FR;39;2021-04-23;12312;10569;547515;186548;6.6;2.2
FR;39;2021-04-24;7869;5108;555384;191656;6.7;2.3
FR;39;2021-04-25;3535;2177;558919;193833;6.7;2.3
FR;39;2021-04-26;8734;6987;567653;200820;6.8;2.4
FR;39;2021-04-27;11938;9609;579591;210429;7.0;2.5
FR;39;2021-04-28;13322;10121;592913;220550;7.1;2.7
FR;39;2021-04-29;17394;13018;610307;233568;7.4;2.8
FR;39;2021-04-30;19923;13323;630230;246891;7.6;3.0
FR;39;2021-05-01;13606;3566;643836;250457;7.8;3.0
FR;39;2021-05-02;9357;2520;653193;252977;7.9;3.0
FR;39;2021-05-03;22591;11353;675784;264330;8.1;3.2
FR;39;2021-05-04;27127;13999;702911;278329;8.5;3.4
FR;39;2021-05-05;30921;14335;733832;292664;8.8;3.5
FR;39;2021-05-06;37256;17758;771088;310422;9.3;3.7
FR;39;2021-05-07;38722;18586;809810;329008;9.8;4.0
FR;39;2021-05-08;29079;5687;838889;334695;10.1;4.0
FR;39;2021-05-09;18792;4316;857681;339011;10.3;4.1
FR;39;2021-05-10;34067;14565;891748;353576;10.7;4.3
FR;39;2021-05-11;44377;17206;936125;370782;11.3;4.5
FR;39;2021-05-12;56651;16309;992776;387091;12.0;4.7
FR;39;2021-05-13;53478;5671;1046254;392762;12.6;4.7
FR;39;2021-05-14;62713;11089;1108967;403851;13.4;4.9
FR;39;2021-05-15;56722;6956;1165689;410807;14.1;5.0
FR;39;2021-05-16;36072;3133;1201761;413940;14.5;5.0
FR;39;2021-05-17;56616;11994;1258377;425934;15.2;5.1
FR;39;2021-05-18;71488;13693;1329865;439627;16.0;5.3
FR;39;2021-05-19;74744;14159;1404609;453786;16.9;5.5
FR;39;2021-05-20;83180;15010;1487789;468796;17.9;5.7
FR;39;2021-05-21;82219;15003;1570008;483799;18.9;5.8
FR;39;2021-05-22;63665;7465;1633673;491264;19.7;5.9
FR;39;2021-05-23;33973;3326;1667646;494590;20.1;6.0
FR;39;2021-05-24;52283;5395;1719929;499985;20.7;6.0
FR;39;2021-05-25;73585;15841;1793514;515826;21.6;6.2
FR;39;2021-05-26;76493;15875;1870007;531701;22.5;6.4
FR;39;2021-05-27;84596;17938;1954603;549639;23.6;6.6
FR;39;2021-05-28;78372;19493;2032975;569132;24.5;6.9
FR;39;2021-05-29;57697;10115;2090672;579247;25.2;7.0
FR;39;2021-05-30;24479;3655;2115151;582902;25.5;7.0
FR;39;2021-05-31;74500;15850;2189651;598752;26.4;7.2
FR;39;2021-06-01;85743;19633;2275394;618385;27.4;7.5
FR;39;2021-06-02;85700;18960;2361094;637345;28.5;7.7
FR;39;2021-06-03;97096;21485;2458190;658830;29.6;7.9
FR;39;2021-06-04;95167;22919;2553357;681749;30.8;8.2
FR;39;2021-06-05;63634;13569;2616991;695318;31.5;8.4
FR;39;2021-06-06;31668;5733;2648659;701051;31.9;8.5
FR;39;2021-06-07;74352;20285;2723011;721336;32.8;8.7
FR;39;2021-06-08;83331;22244;2806342;743580;33.8;9.0
FR;49;2020-12-27;2;0;2;0;0.0;0.0
FR;49;2020-12-28;3;0;5;0;0.0;0.0
FR;49;2020-12-29;1;0;6;0;0.0;0.0
FR;49;2020-12-30;6;0;12;0;0.0;0.0
FR;49;2020-12-31;1;0;13;0;0.0;0.0
FR;49;2021-01-01;3;0;16;0;0.0;0.0
FR;49;2021-01-02;11;0;27;0;0.0;0.0
FR;49;2021-01-03;5;0;32;0;0.0;0.0
FR;49;2021-01-04;87;0;119;0;0.0;0.0
FR;49;2021-01-05;338;1;457;1;0.0;0.0
FR;49;2021-01-06;859;5;1316;6;0.0;0.0
FR;49;2021-01-07;2159;7;3475;13;0.0;0.0
FR;49;2021-01-08;3379;9;6854;22;0.1;0.0
FR;49;2021-01-09;1003;1;7857;23;0.1;0.0
FR;49;2021-01-10;473;2;8330;25;0.1;0.0
FR;49;2021-01-11;4174;17;12504;42;0.1;0.0
FR;49;2021-01-12;5867;18;18371;60;0.2;0.0
FR;49;2021-01-13;6165;21;24536;81;0.3;0.0
FR;49;2021-01-14;8337;80;32873;161;0.4;0.0
FR;49;2021-01-15;7621;33;40494;194;0.5;0.0
FR;49;2021-01-16;1426;9;41920;203;0.5;0.0
FR;49;2021-01-17;621;6;42541;209;0.5;0.0
FR;49;2021-01-18;5061;31;47602;240;0.6;0.0
FR;49;2021-01-19;6824;28;54426;268;0.6;0.0
FR;49;2021-01-20;6634;32;61060;300;0.7;0.0
FR;49;2021-01-21;8416;36;69476;336;0.8;0.0
FR;49;2021-01-22;6268;41;75744;377;0.9;0.0
FR;49;2021-01-23;1016;7;76760;384;0.9;0.0
FR;49;2021-01-24;282;3;77042;387;0.9;0.0
FR;49;2021-01-25;2622;102;79664;489;0.9;0.0
FR;49;2021-01-26;3736;228;83400;717;1.0;0.0
FR;49;2021-01-27;3986;395;87386;1112;1.0;0.0
FR;49;2021-01-28;5553;989;92939;2101;1.1;0.0
FR;49;2021-01-29;4406;1566;97345;3667;1.1;0.0
FR;49;2021-01-30;693;377;98038;4044;1.1;0.0
FR;49;2021-01-31;137;125;98175;4169;1.1;0.0
FR;49;2021-02-01;1374;2091;99549;6260;1.2;0.1
FR;49;2021-02-02;2291;3203;101840;9463;1.2;0.1
FR;49;2021-02-03;2305;3382;104145;12845;1.2;0.1
FR;49;2021-02-04;3379;4780;107524;17625;1.3;0.2
FR;49;2021-02-05;2798;4891;110322;22516;1.3;0.3
FR;49;2021-02-06;571;890;110893;23406;1.3;0.3
FR;49;2021-02-07;519;294;111412;23700;1.3;0.3
FR;49;2021-02-08;1940;4064;113352;27764;1.3;0.3
FR;49;2021-02-09;4344;5764;117696;33528;1.4;0.4
FR;49;2021-02-10;5502;6080;123198;39608;1.4;0.5
FR;49;2021-02-11;8004;8010;131202;47618;1.5;0.6
FR;49;2021-02-12;7309;6479;138511;54097;1.6;0.6
FR;49;2021-02-13;1701;1028;140212;55125;1.6;0.6
FR;49;2021-02-14;408;407;140620;55532;1.6;0.6
FR;49;2021-02-15;4129;3898;144749;59430;1.7;0.7
FR;49;2021-02-16;5384;5356;150133;64786;1.7;0.8
FR;49;2021-02-17;5139;4674;155272;69460;1.8;0.8
FR;49;2021-02-18;7488;6222;162760;75682;1.9;0.9
FR;49;2021-02-19;7077;4914;169837;80596;2.0;0.9
FR;49;2021-02-20;1493;805;171330;81401;2.0;0.9
FR;49;2021-02-21;279;226;171609;81627;2.0;0.9
FR;49;2021-02-22;3535;2667;175144;84294;2.0;1.0
FR;49;2021-02-23;4883;3150;180027;87444;2.1;1.0
FR;49;2021-02-24;4904;2861;184931;90305;2.2;1.1
FR;49;2021-02-25;7571;4213;192502;94518;2.2;1.1
FR;49;2021-02-26;8277;3194;200779;97712;2.3;1.1
FR;49;2021-02-27;2689;576;203468;98288;2.4;1.1
FR;49;2021-02-28;335;137;203803;98425;2.4;1.1
FR;49;2021-03-01;3844;1653;207647;100078;2.4;1.2
FR;49;2021-03-02;5804;2513;213451;102591;2.5;1.2
FR;49;2021-03-03;6046;2550;219497;105141;2.6;1.2
FR;49;2021-03-04;8960;3512;228457;108653;2.7;1.3
FR;49;2021-03-05;12585;3309;241042;111962;2.8;1.3
FR;49;2021-03-06;8625;647;249667;112609;2.9;1.3
FR;49;2021-03-07;4690;420;254357;113029;3.0;1.3
FR;49;2021-03-08;6428;1711;260785;114740;3.0;1.3
FR;49;2021-03-09;9579;2358;270364;117098;3.1;1.4
FR;49;2021-03-10;9005;2393;279369;119491;3.3;1.4
FR;49;2021-03-11;12859;3504;292228;122995;3.4;1.4
FR;49;2021-03-12;16485;3017;308713;126012;3.6;1.5
FR;49;2021-03-13;9556;657;318269;126669;3.7;1.5
FR;49;2021-03-14;3137;252;321406;126921;3.7;1.5
FR;49;2021-03-15;6902;1474;328308;128395;3.8;1.5
FR;49;2021-03-16;4632;2153;332940;130548;3.9;1.5
FR;49;2021-03-17;5180;2030;338120;132578;3.9;1.5
FR;49;2021-03-18;6554;2816;344674;135394;4.0;1.6
FR;49;2021-03-19;9530;2336;354204;137730;4.1;1.6
FR;49;2021-03-20;5876;583;360080;138313;4.2;1.6
FR;49;2021-03-21;3144;222;363224;138535;4.2;1.6
FR;49;2021-03-22;6309;1499;369533;140034;4.3;1.6
FR;49;2021-03-23;8600;2172;378133;142206;4.4;1.7
FR;49;2021-03-24;9524;2000;387657;144206;4.5;1.7
FR;49;2021-03-25;12350;2394;400007;146600;4.7;1.7
FR;49;2021-03-26;14719;2355;414726;148955;4.8;1.7
FR;49;2021-03-27;9360;876;424086;149831;4.9;1.7
FR;49;2021-03-28;3848;306;427934;150137;5.0;1.7
FR;49;2021-03-29;9886;1868;437820;152005;5.1;1.8
FR;49;2021-03-30;14281;2716;452101;154721;5.3;1.8
FR;49;2021-03-31;15561;2813;467662;157534;5.4;1.8
FR;49;2021-04-01;19888;3752;487550;161286;5.7;1.9
FR;49;2021-04-02;17474;3487;505024;164773;5.9;1.9
FR;49;2021-04-03;9328;1837;514352;166610;6.0;1.9
FR;49;2021-04-04;4117;626;518469;167236;6.0;1.9
FR;49;2021-04-05;4209;535;522678;167771;6.1;2.0
FR;49;2021-04-06;13200;3396;535878;171167;6.2;2.0
FR;49;2021-04-07;17675;4270;553553;175437;6.4;2.0
FR;49;2021-04-08;22444;5218;575997;180655;6.7;2.1
FR;49;2021-04-09;23527;5389;599524;186044;7.0;2.2
FR;49;2021-04-10;12418;3408;611942;189452;7.1;2.2
FR;49;2021-04-11;4471;1685;616413;191137;7.2;2.2
FR;49;2021-04-12;14135;3807;630548;194944;7.3;2.3
FR;49;2021-04-13;18725;5807;649273;200751;7.6;2.3
FR;49;2021-04-14;19405;5985;668678;206736;7.8;2.4
FR;49;2021-04-15;20373;7069;689051;213805;8.0;2.5
FR;49;2021-04-16;17466;7349;706517;221154;8.2;2.6
FR;49;2021-04-17;9886;4674;716403;225828;8.3;2.6
FR;49;2021-04-18;3370;2304;719773;228132;8.4;2.7
FR;49;2021-04-19;12000;6405;731773;234537;8.5;2.7
FR;49;2021-04-20;14190;9049;745963;243586;8.7;2.8
FR;49;2021-04-21;16008;10176;761971;253762;8.9;3.0
FR;49;2021-04-22;17568;13185;779539;266947;9.1;3.1
FR;49;2021-04-23;18109;14137;797648;281084;9.3;3.3
FR;49;2021-04-24;12660;7819;810308;288903;9.4;3.4
FR;49;2021-04-25;5500;3144;815808;292047;9.5;3.4
FR;49;2021-04-26;13715;9986;829523;302033;9.7;3.5
FR;49;2021-04-27;18684;13131;848207;315164;9.9;3.7
FR;49;2021-04-28;22548;14602;870755;329766;10.1;3.8
FR;49;2021-04-29;27564;17326;898319;347092;10.5;4.0
FR;49;2021-04-30;31832;18152;930151;365244;10.8;4.3
FR;49;2021-05-01;24157;5758;954308;371002;11.1;4.3
FR;49;2021-05-02;16515;3884;970823;374886;11.3;4.4
FR;49;2021-05-03;39555;15558;1010378;390444;11.8;4.5
FR;49;2021-05-04;46587;20337;1056965;410781;12.3;4.8
FR;49;2021-05-05;55624;21697;1112589;432478;12.9;5.0
FR;49;2021-05-06;62327;24710;1174916;457188;13.7;5.3
FR;49;2021-05-07;65688;26079;1240604;483267;14.4;5.6
FR;49;2021-05-08;51479;9202;1292083;492469;15.0;5.7
FR;49;2021-05-09;32202;6266;1324285;498735;15.4;5.8
FR;49;2021-05-10;57235;20734;1381520;519469;16.1;6.0
FR;49;2021-05-11;71954;23953;1453474;543422;16.9;6.3
FR;49;2021-05-12;90050;24056;1543524;567478;18.0;6.6
FR;49;2021-05-13;80166;7812;1623690;575290;18.9;6.7
FR;49;2021-05-14;96525;15782;1720215;591072;20.0;6.9
FR;49;2021-05-15;86418;10918;1806633;601990;21.0;7.0
FR;49;2021-05-16;53124;4545;1859757;606535;21.6;7.1
FR;49;2021-05-17;81922;16363;1941679;622898;22.6;7.2
FR;49;2021-05-18;98414;17944;2040093;640842;23.7;7.5
FR;49;2021-05-19;110027;19447;2150120;660289;25.0;7.7
FR;49;2021-05-20;113665;19796;2263785;680085;26.3;7.9
FR;49;2021-05-21;112854;20004;2376639;700089;27.7;8.1
FR;49;2021-05-22;87308;10557;2463947;710646;28.7;8.3
FR;49;2021-05-23;42766;4013;2506713;714659;29.2;8.3
FR;49;2021-05-24;66932;6887;2573645;721546;30.0;8.4
FR;49;2021-05-25;94449;20875;2668094;742421;31.1;8.6
FR;49;2021-05-26;100757;22762;2768851;765183;32.2;8.9
FR;49;2021-05-27;103807;24000;2872658;789183;33.4;9.2
FR;49;2021-05-28;99169;26732;2971827;815915;34.6;9.5
FR;49;2021-05-29;73980;15540;3045807;831455;35.4;9.7
FR;49;2021-05-30;26720;4719;3072527;836174;35.8;9.7
FR;49;2021-05-31;87239;21242;3159766;857416;36.8;10.0
FR;49;2021-06-01;99897;26381;3259663;883797;37.9;10.3
FR;49;2021-06-02;101017;26497;3360680;910294;39.1;10.6
FR;49;2021-06-03;108514;27851;3469194;938145;40.4;10.9
FR;49;2021-06-04;108036;31231;3577230;969376;41.6;11.3
FR;49;2021-06-05;74115;20869;3651345;990245;42.5;11.5
FR;49;2021-06-06;31719;7550;3683064;997795;42.9;11.6
FR;49;2021-06-07;76977;27681;3760041;1025476;43.8;11.9
FR;49;2021-06-08;85970;30509;3846011;1055985;44.8;12.3
FR;59;2020-12-27;2;0;2;0;0.0;0.0
FR;59;2020-12-28;6;0;8;0;0.0;0.0
FR;59;2020-12-29;2;0;10;0;0.0;0.0
FR;59;2020-12-30;6;0;16;0;0.0;0.0
FR;59;2020-12-31;9;0;25;0;0.0;0.0
FR;59;2021-01-01;25;1;50;1;0.0;0.0
FR;59;2021-01-02;30;0;80;1;0.0;0.0
FR;59;2021-01-03;36;0;116;1;0.0;0.0
FR;59;2021-01-04;595;4;711;5;0.0;0.0
FR;59;2021-01-05;2169;8;2880;13;0.0;0.0
FR;59;2021-01-06;4807;16;7687;29;0.1;0.0
FR;59;2021-01-07;10515;32;18202;61;0.2;0.0
FR;59;2021-01-08;14339;30;32541;91;0.4;0.0
FR;59;2021-01-09;4066;11;36607;102;0.4;0.0
FR;59;2021-01-10;1987;2;38594;104;0.4;0.0
FR;59;2021-01-11;15963;35;54557;139;0.6;0.0
FR;59;2021-01-12;21164;54;75721;193;0.9;0.0
FR;59;2021-01-13;22743;67;98464;260;1.1;0.0
FR;59;2021-01-14;24769;240;123233;500;1.4;0.0
FR;59;2021-01-15;21621;112;144854;612;1.6;0.0
FR;59;2021-01-16;5439;27;150293;639;1.7;0.0
FR;59;2021-01-17;1802;12;152095;651;1.7;0.0
FR;59;2021-01-18;13589;85;165684;736;1.9;0.0
FR;59;2021-01-19;17982;99;183666;835;2.1;0.0
FR;59;2021-01-20;17112;85;200778;920;2.3;0.0
FR;59;2021-01-21;18810;81;219588;1001;2.5;0.0
FR;59;2021-01-22;13943;100;233531;1101;2.7;0.0
FR;59;2021-01-23;2960;24;236491;1125;2.7;0.0
FR;59;2021-01-24;845;15;237336;1140;2.7;0.0
FR;59;2021-01-25;6713;622;244049;1762;2.8;0.0
FR;59;2021-01-26;8450;1388;252499;3150;2.9;0.0
FR;59;2021-01-27;8837;2410;261336;5560;3.0;0.1
FR;59;2021-01-28;10513;5058;271849;10618;3.1;0.1
FR;59;2021-01-29;7843;6654;279692;17272;3.2;0.2
FR;59;2021-01-30;1763;1514;281455;18786;3.2;0.2
FR;59;2021-01-31;372;547;281827;19333;3.2;0.2
FR;59;2021-02-01;3173;8743;285000;28076;3.2;0.3
FR;59;2021-02-02;4696;12486;289696;40562;3.3;0.5
FR;59;2021-02-03;4818;13551;294514;54113;3.3;0.6
FR;59;2021-02-04;5953;15903;300467;70016;3.4;0.8
FR;59;2021-02-05;4821;14923;305288;84939;3.5;1.0
FR;59;2021-02-06;1159;2998;306447;87937;3.5;1.0
FR;59;2021-02-07;389;986;306836;88923;3.5;1.0
FR;59;2021-02-08;2761;12480;309597;101403;3.5;1.2
FR;59;2021-02-09;4920;16174;314517;117577;3.6;1.3
FR;59;2021-02-10;5691;16061;320208;133638;3.6;1.5
FR;59;2021-02-11;7669;19727;327877;153365;3.7;1.7
FR;59;2021-02-12;6758;16034;334635;169399;3.8;1.9
FR;59;2021-02-13;1694;3447;336329;172846;3.8;2.0
FR;59;2021-02-14;362;982;336691;173828;3.8;2.0
FR;59;2021-02-15;3270;10538;339961;184366;3.9;2.1
FR;59;2021-02-16;4739;13570;344700;197936;3.9;2.3
FR;59;2021-02-17;4964;12334;349664;210270;4.0;2.4
FR;59;2021-02-18;7071;13868;356735;224138;4.1;2.5
FR;59;2021-02-19;6475;10722;363210;234860;4.1;2.7
FR;59;2021-02-20;1417;2489;364627;237349;4.1;2.7
FR;59;2021-02-21;284;570;364911;237919;4.2;2.7
FR;59;2021-02-22;3256;6375;368167;244294;4.2;2.8
FR;59;2021-02-23;4835;7132;373002;251426;4.2;2.9
FR;59;2021-02-24;6856;6419;379858;257845;4.3;2.9
FR;59;2021-02-25;21209;8537;401067;266382;4.6;3.0
FR;59;2021-02-26;28273;6275;429340;272657;4.9;3.1
FR;59;2021-02-27;17106;1528;446446;274185;5.1;3.1
FR;59;2021-02-28;1111;380;447557;274565;5.1;3.1
FR;59;2021-03-01;8819;3540;456376;278105;5.2;3.2
FR;59;2021-03-02;17175;4931;473551;283036;5.4;3.2
FR;59;2021-03-03;20655;5016;494206;288052;5.6;3.3
FR;59;2021-03-04;32311;5911;526517;293963;6.0;3.3
FR;59;2021-03-05;40923;5479;567440;299442;6.5;3.4
FR;59;2021-03-06;35983;1561;603423;301003;6.9;3.4
FR;59;2021-03-07;14061;1062;617484;302065;7.0;3.4
FR;59;2021-03-08;12290;3202;629774;305267;7.2;3.5
FR;59;2021-03-09;22843;4202;652617;309469;7.4;3.5
FR;59;2021-03-10;23134;4279;675751;313748;7.7;3.6
FR;59;2021-03-11;34327;5485;710078;319233;8.1;3.6
FR;59;2021-03-12;45337;4628;755415;323861;8.6;3.7
FR;59;2021-03-13;36124;1387;791539;325248;9.0;3.7
FR;59;2021-03-14;7179;417;798718;325665;9.1;3.7
FR;59;2021-03-15;14482;2559;813200;328224;9.2;3.7
FR;59;2021-03-16;7898;2975;821098;331199;9.3;3.8
FR;59;2021-03-17;8735;3122;829833;334321;9.4;3.8
FR;59;2021-03-18;10420;4004;840253;338325;9.6;3.8
FR;59;2021-03-19;23438;3552;863691;341877;9.8;3.9
FR;59;2021-03-20;21050;1093;884741;342970;10.1;3.9
FR;59;2021-03-21;6275;389;891016;343359;10.1;3.9
FR;59;2021-03-22;15460;2677;906476;346036;10.3;3.9
FR;59;2021-03-23;25357;3492;931833;349528;10.6;4.0
FR;59;2021-03-24;27968;3500;959801;353028;10.9;4.0
FR;59;2021-03-25;37846;3836;997647;356864;11.3;4.1
FR;59;2021-03-26;42760;4093;1040407;360957;11.8;4.1
FR;59;2021-03-27;26810;1740;1067217;362697;12.1;4.1
FR;59;2021-03-28;7526;464;1074743;363161;12.2;4.1
FR;59;2021-03-29;21638;3336;1096381;366497;12.5;4.2
FR;59;2021-03-30;32079;4344;1128460;370841;12.8;4.2
FR;59;2021-03-31;31334;4632;1159794;375473;13.2;4.3
FR;59;2021-04-01;38328;5799;1198122;381272;13.6;4.3
FR;59;2021-04-02;36826;5735;1234948;387007;14.0;4.4
FR;59;2021-04-03;21284;3453;1256232;390460;14.3;4.4
FR;59;2021-04-04;7339;1222;1263571;391682;14.4;4.5
FR;59;2021-04-05;8257;1096;1271828;392778;14.5;4.5
FR;59;2021-04-06;25675;5906;1297503;398684;14.8;4.5
FR;59;2021-04-07;33837;7128;1331340;405812;15.1;4.6
FR;59;2021-04-08;44908;8475;1376248;414287;15.7;4.7
FR;59;2021-04-09;60591;9021;1436839;423308;16.3;4.8
FR;59;2021-04-10;36369;7078;1473208;430386;16.8;4.9
FR;59;2021-04-11;9730;3520;1482938;433906;16.9;4.9
FR;59;2021-04-12;35210;7415;1518148;441321;17.3;5.0
FR;59;2021-04-13;49712;10141;1567860;451462;17.8;5.1
FR;59;2021-04-14;50043;10160;1617903;461622;18.4;5.3
FR;59;2021-04-15;59387;11736;1677290;473358;19.1;5.4
FR;59;2021-04-16;63148;12420;1740438;485778;19.8;5.5
FR;59;2021-04-17;41387;9699;1781825;495477;20.3;5.6
FR;59;2021-04-18;12279;4646;1794104;500123;20.4;5.7
FR;59;2021-04-19;33171;11169;1827275;511292;20.8;5.8
FR;59;2021-04-20;44630;14706;1871905;525998;21.3;6.0
FR;59;2021-04-21;47244;16444;1919149;542442;21.8;6.2
FR;59;2021-04-22;55724;19487;1974873;561929;22.5;6.4
FR;59;2021-04-23;65154;20774;2040027;582703;23.2;6.6
FR;59;2021-04-24;47487;15552;2087514;598255;23.7;6.8
FR;59;2021-04-25;16659;5473;2104173;603728;23.9;6.9
FR;59;2021-04-26;41417;17503;2145590;621231;24.4;7.1
FR;59;2021-04-27;56573;23300;2202163;644531;25.0;7.3
FR;59;2021-04-28;64107;25913;2266270;670444;25.8;7.6
FR;59;2021-04-29;78034;31610;2344304;702054;26.7;8.0
FR;59;2021-04-30;92397;36502;2436701;738556;27.7;8.4
FR;59;2021-05-01;43446;10977;2480147;749533;28.2;8.5
FR;59;2021-05-02;23430;7276;2503577;756809;28.5;8.6
FR;59;2021-05-03;62620;26257;2566197;783066;29.2;8.9
FR;59;2021-05-04;71044;34350;2637241;817416;30.0;9.3
FR;59;2021-05-05;77296;37312;2714537;854728;30.9;9.7
FR;59;2021-05-06;89337;43578;2803874;898306;31.9;10.2
FR;59;2021-05-07;97851;53872;2901725;952178;33.0;10.8
FR;59;2021-05-08;58560;16474;2960285;968652;33.7;11.0
FR;59;2021-05-09;39251;10344;2999536;978996;34.1;11.1
FR;59;2021-05-10;95271;40028;3094807;1019024;35.2;11.6
FR;59;2021-05-11;125534;49223;3220341;1068247;36.6;12.1
FR;59;2021-05-12;122901;46085;3343242;1114332;38.0;12.7
FR;59;2021-05-13;92538;14353;3435780;1128685;39.1;12.8
FR;59;2021-05-14;129000;34185;3564780;1162870;40.5;13.2
FR;59;2021-05-15;114277;25420;3679057;1188290;41.8;13.5
FR;59;2021-05-16;55257;7134;3734314;1195424;42.5;13.6
FR;59;2021-05-17;105394;30573;3839708;1225997;43.7;13.9
FR;59;2021-05-18;117405;34051;3957113;1260048;45.0;14.3
FR;59;2021-05-19;118607;35354;4075720;1295402;46.4;14.7
FR;59;2021-05-20;122225;42156;4197945;1337558;47.7;15.2
FR;59;2021-05-21;121532;48512;4319477;1386070;49.1;15.8
FR;59;2021-05-22;81694;25302;4401171;1411372;50.1;16.1
FR;59;2021-05-23;31196;5126;4432367;1416498;50.4;16.1
FR;59;2021-05-24;51819;9892;4484186;1426390;51.0;16.2
FR;59;2021-05-25;84285;41870;4568471;1468260;52.0;16.7
FR;59;2021-05-26;82855;44146;4651326;1512406;52.9;17.2
FR;59;2021-05-27;89668;52318;4740994;1564724;53.9;17.8
FR;59;2021-05-28;91285;66506;4832279;1631230;55.0;18.6
FR;59;2021-05-29;60211;39999;4892490;1671229;55.6;19.0
FR;59;2021-05-30;16060;7780;4908550;1679009;55.8;19.1
FR;59;2021-05-31;58412;42352;4966962;1721361;56.5;19.6
FR;59;2021-06-01;68039;53668;5035001;1775029;57.3;20.2
FR;59;2021-06-02;62004;52622;5097005;1827651;58.0;20.8
FR;59;2021-06-03;69431;58258;5166436;1885909;58.8;21.4
FR;59;2021-06-04;71340;71606;5237776;1957515;59.6;22.3
FR;59;2021-06-05;45552;48678;5283328;2006193;60.1;22.8
FR;59;2021-06-06;14206;12560;5297534;2018753;60.2;23.0
FR;59;2021-06-07;43591;54693;5341125;2073446;60.7;23.6
FR;59;2021-06-08;51841;61139;5392966;2134585;61.3;24.3
FR;64;2020-12-27;1;0;1;0;0.0;0.0
FR;64;2020-12-28;1;0;2;0;0.0;0.0
FR;64;2020-12-29;2;0;4;0;0.0;0.0
FR;64;2020-12-30;6;0;10;0;0.0;0.0
FR;64;2020-12-31;5;0;15;0;0.0;0.0
FR;64;2021-01-01;8;0;23;0;0.0;0.0
FR;64;2021-01-02;13;0;36;0;0.0;0.0
FR;64;2021-01-03;18;0;54;0;0.0;0.0
FR;64;2021-01-04;209;2;263;2;0.0;0.0
FR;64;2021-01-05;899;4;1162;6;0.0;0.0
FR;64;2021-01-06;1688;3;2850;9;0.1;0.0
FR;64;2021-01-07;3661;10;6511;19;0.2;0.0
FR;64;2021-01-08;4887;12;11398;31;0.3;0.0
FR;64;2021-01-09;1959;1;13357;32;0.3;0.0
FR;64;2021-01-10;1025;1;14382;33;0.4;0.0
FR;64;2021-01-11;5288;9;19670;42;0.5;0.0
FR;64;2021-01-12;7145;13;26815;55;0.7;0.0
FR;64;2021-01-13;7462;17;34277;72;0.8;0.0
FR;64;2021-01-14;8572;84;42849;156;1.0;0.0
FR;64;2021-01-15;7100;35;49949;191;1.2;0.0
FR;64;2021-01-16;2217;18;52166;209;1.3;0.0
FR;64;2021-01-17;844;10;53010;219;1.3;0.0
FR;64;2021-01-18;4683;17;57693;236;1.4;0.0
FR;64;2021-01-19;6407;23;64100;259;1.6;0.0
FR;64;2021-01-20;6231;33;70331;292;1.7;0.0
FR;64;2021-01-21;6913;26;77244;318;1.9;0.0
FR;64;2021-01-22;5429;31;82673;349;2.0;0.0
FR;64;2021-01-23;1414;12;84087;361;2.0;0.0
FR;64;2021-01-24;434;9;84521;370;2.1;0.0
FR;64;2021-01-25;2774;204;87295;574;2.1;0.0
FR;64;2021-01-26;3542;494;90837;1068;2.2;0.0
FR;64;2021-01-27;3770;885;94607;1953;2.3;0.0
FR;64;2021-01-28;4574;1754;99181;3707;2.4;0.1
FR;64;2021-01-29;3531;2328;102712;6035;2.5;0.1
FR;64;2021-01-30;840;708;103552;6743;2.5;0.2
FR;64;2021-01-31;172;279;103724;7022;2.5;0.2
FR;64;2021-02-01;1527;2868;105251;9890;2.6;0.2
FR;64;2021-02-02;2154;4144;107405;14034;2.6;0.3
FR;64;2021-02-03;2308;4365;109713;18399;2.7;0.4
FR;64;2021-02-04;2826;5507;112539;23906;2.7;0.6
FR;64;2021-02-05;2192;4972;114731;28878;2.8;0.7
FR;64;2021-02-06;666;1305;115397;30183;2.8;0.7
FR;64;2021-02-07;165;493;115562;30676;2.8;0.7
FR;64;2021-02-08;1487;4196;117049;34872;2.9;0.9
FR;64;2021-02-09;2364;5668;119413;40540;2.9;1.0
FR;64;2021-02-10;2571;5672;121984;46212;3.0;1.1
FR;64;2021-02-11;3465;7227;125449;53439;3.1;1.3
FR;64;2021-02-12;3113;5448;128562;58887;3.1;1.4
FR;64;2021-02-13;844;1448;129406;60335;3.2;1.5
FR;64;2021-02-14;195;436;129601;60771;3.2;1.5
FR;64;2021-02-15;1592;3885;131193;64656;3.2;1.6
FR;64;2021-02-16;2086;5141;133279;69797;3.2;1.7
FR;64;2021-02-17;2212;4638;135491;74435;3.3;1.8
FR;64;2021-02-18;3239;5455;138730;79890;3.4;1.9
FR;64;2021-02-19;3013;4210;141743;84100;3.5;2.1
FR;64;2021-02-20;808;1202;142551;85302;3.5;2.1
FR;64;2021-02-21;135;255;142686;85557;3.5;2.1
FR;64;2021-02-22;1490;2666;144176;88223;3.5;2.2
FR;64;2021-02-23;2405;2911;146581;91134;3.6;2.2
FR;64;2021-02-24;3868;2854;150449;93988;3.7;2.3
FR;64;2021-02-25;16042;3864;166491;97852;4.1;2.4
FR;64;2021-02-26;21837;2801;188328;100653;4.6;2.5
FR;64;2021-02-27;13084;780;201412;101433;4.9;2.5
FR;64;2021-02-28;799;174;202211;101607;4.9;2.5
FR;64;2021-03-01;6572;1760;208783;103367;5.1;2.5
FR;64;2021-03-02;13154;2364;221937;105731;5.4;2.6
FR;64;2021-03-03;15953;2406;237890;108137;5.8;2.6
FR;64;2021-03-04;25246;2903;263136;111040;6.4;2.7
FR;64;2021-03-05;30545;2717;293681;113757;7.2;2.8
FR;64;2021-03-06;26830;837;320511;114594;7.8;2.8
FR;64;2021-03-07;9882;537;330393;115131;8.1;2.8
FR;64;2021-03-08;8830;1813;339223;116944;8.3;2.9
FR;64;2021-03-09;16845;2061;356068;119005;8.7;2.9
FR;64;2021-03-10;17079;2199;373147;121204;9.1;3.0
FR;64;2021-03-11;25966;2886;399113;124090;9.7;3.0
FR;64;2021-03-12;33491;2471;432604;126561;10.5;3.1
FR;64;2021-03-13;27369;826;459973;127387;11.2;3.1
FR;64;2021-03-14;5437;209;465410;127596;11.3;3.1
FR;64;2021-03-15;11037;1467;476447;129063;11.6;3.1
FR;64;2021-03-16;5994;1782;482441;130845;11.8;3.2
FR;64;2021-03-17;6131;1685;488572;132530;11.9;3.2
FR;64;2021-03-18;7657;2073;496229;134603;12.1;3.3
FR;64;2021-03-19;18906;1941;515135;136544;12.6;3.3
FR;64;2021-03-20;18519;763;533654;137307;13.0;3.3
FR;64;2021-03-21;4721;226;538375;137533;13.1;3.4
FR;64;2021-03-22;13520;1580;551895;139113;13.5;3.4
FR;64;2021-03-23;23496;2042;575391;141155;14.0;3.4
FR;64;2021-03-24;25114;2129;600505;143284;14.6;3.5
FR;64;2021-03-25;36570;2405;637075;145689;15.5;3.6
FR;64;2021-03-26;40138;2367;677213;148056;16.5;3.6
FR;64;2021-03-27;21258;1032;698471;149088;17.0;3.6
FR;64;2021-03-28;5080;261;703551;149349;17.2;3.6
FR;64;2021-03-29;17527;2148;721078;151497;17.6;3.7
FR;64;2021-03-30;27300;2868;748378;154365;18.2;3.8
FR;64;2021-03-31;24098;2918;772476;157283;18.8;3.8
FR;64;2021-04-01;30513;3794;802989;161077;19.6;3.9
FR;64;2021-04-02;29174;3610;832163;164687;20.3;4.0
FR;64;2021-04-03;15968;2381;848131;167068;20.7;4.1
FR;64;2021-04-04;4029;799;852160;167867;20.8;4.1
FR;64;2021-04-05;5104;799;857264;168666;20.9;4.1
FR;64;2021-04-06;19182;4279;876446;172945;21.4;4.2
FR;64;2021-04-07;23527;4808;899973;177753;21.9;4.3
FR;64;2021-04-08;34532;5637;934505;183390;22.8;4.5
FR;64;2021-04-09;53362;6096;987867;189486;24.1;4.6
FR;64;2021-04-10;29789;5011;1017656;194497;24.8;4.7
FR;64;2021-04-11;6267;2606;1023923;197103;25.0;4.8
FR;64;2021-04-12;28015;5195;1051938;202298;25.6;4.9
FR;64;2021-04-13;42428;7396;1094366;209694;26.7;5.1
FR;64;2021-04-14;40688;7147;1135054;216841;27.7;5.3
FR;64;2021-04-15;51867;8389;1186921;225230;28.9;5.5
FR;64;2021-04-16;64135;8908;1251056;234138;30.5;5.7
FR;64;2021-04-17;38442;7125;1289498;241263;31.4;5.9
FR;64;2021-04-18;10921;3343;1300419;244606;31.7;6.0
FR;64;2021-04-19;41902;8596;1342321;253202;32.7;6.2
FR;64;2021-04-20;52569;10433;1394890;263635;34.0;6.4
FR;64;2021-04-21;52455;10883;1447345;274518;35.3;6.7
FR;64;2021-04-22;57313;12776;1504658;287294;36.7;7.0
FR;64;2021-04-23;60808;12738;1565466;300032;38.2;7.3
FR;64;2021-04-24;43364;9114;1608830;309146;39.2;7.5
FR;64;2021-04-25;16225;3368;1625055;312514;39.6;7.6
FR;64;2021-04-26;50003;11532;1675058;324046;40.8;7.9
FR;64;2021-04-27;62963;15544;1738021;339590;42.4;8.3
FR;64;2021-04-28;63855;15988;1801876;355578;43.9;8.7
FR;64;2021-04-29;73577;20429;1875453;376007;45.7;9.2
FR;64;2021-04-30;75056;21954;1950509;397961;47.5;9.7
FR;64;2021-05-01;29246;6647;1979755;404608;48.3;9.9
FR;64;2021-05-02;14443;3973;1994198;408581;48.6;10.0
FR;64;2021-05-03;52082;15826;2046280;424407;49.9;10.3
FR;64;2021-05-04;53020;21608;2099300;446015;51.2;10.9
FR;64;2021-05-05;49246;22675;2148546;468690;52.4;11.4
FR;64;2021-05-06;56690;28798;2205236;497488;53.8;12.1
FR;64;2021-05-07;50802;33972;2256038;531460;55.0;13.0
FR;64;2021-05-08;20247;9300;2276285;540760;55.5;13.2
FR;64;2021-05-09;10000;5484;2286285;546244;55.7;13.3
FR;64;2021-05-10;34357;26751;2320642;572995;56.6;14.0
FR;64;2021-05-11;43941;37103;2364583;610098;57.6;14.9
FR;64;2021-05-12;38945;34943;2403528;645041;58.6;15.7
FR;64;2021-05-13;21974;10043;2425502;655084;59.1;16.0
FR;64;2021-05-14;36288;29022;2461790;684106;60.0;16.7
FR;64;2021-05-15;21232;18984;2483022;703090;60.5;17.1
FR;64;2021-05-16;7959;4302;2490981;707392;60.7;17.2
FR;64;2021-05-17;26841;25381;2517822;732773;61.4;17.9
FR;64;2021-05-18;33492;28312;2551314;761085;62.2;18.6
FR;64;2021-05-19;30399;26364;2581713;787449;62.9;19.2
FR;64;2021-05-20;34945;33223;2616658;820672;63.8;20.0
FR;64;2021-05-21;30126;37356;2646784;858028;64.5;20.9
FR;64;2021-05-22;14790;17687;2661574;875715;64.9;21.3
FR;64;2021-05-23;5095;2824;2666669;878539;65.0;21.4
FR;64;2021-05-24;10733;6488;2677402;885027;65.3;21.6
FR;64;2021-05-25;22656;34320;2700058;919347;65.8;22.4
FR;64;2021-05-26;21291;34930;2721349;954277;66.3;23.3
FR;64;2021-05-27;25865;42947;2747214;997224;67.0;24.3
FR;64;2021-05-28;24312;55714;2771526;1052938;67.6;25.7
FR;64;2021-05-29;11889;33502;2783415;1086440;67.9;26.5
FR;64;2021-05-30;2661;7428;2786076;1093868;67.9;26.7
FR;64;2021-05-31;15766;45960;2801842;1139828;68.3;27.8
FR;64;2021-06-01;20786;56349;2822628;1196177;68.8;29.2
FR;64;2021-06-02;16924;50374;2839552;1246551;69.2;30.4
FR;64;2021-06-03;21093;54987;2860645;1301538;69.7;31.7
FR;64;2021-06-04;19694;66480;2880339;1368018;70.2;33.3
FR;64;2021-06-05;9317;43196;2889656;1411214;70.4;34.4
FR;64;2021-06-06;2649;10950;2892305;1422164;70.5;34.7
FR;64;2021-06-07;12207;60791;2904512;1482955;70.8;36.2
FR;64;2021-06-08;16081;66492;2920593;1549447;71.2;37.8
FR;69;2020-12-27;2;0;2;0;0.0;0.0
FR;69;2020-12-28;2;0;4;0;0.0;0.0
FR;69;2020-12-29;3;0;7;0;0.0;0.0
FR;69;2020-12-30;7;0;14;0;0.0;0.0
FR;69;2020-12-31;5;0;19;0;0.0;0.0
FR;69;2021-01-01;6;0;25;0;0.0;0.0
FR;69;2021-01-02;11;1;36;1;0.0;0.0
FR;69;2021-01-03;8;0;44;1;0.0;0.0
FR;69;2021-01-04;115;0;159;1;0.0;0.0
FR;69;2021-01-05;411;4;570;5;0.0;0.0
FR;69;2021-01-06;810;2;1380;7;0.0;0.0
FR;69;2021-01-07;1892;3;3272;10;0.1;0.0
FR;69;2021-01-08;2460;0;5732;10;0.1;0.0
FR;69;2021-01-09;1124;1;6856;11;0.2;0.0
FR;69;2021-01-10;659;1;7515;12;0.2;0.0
FR;69;2021-01-11;2735;6;10250;18;0.3;0.0
FR;69;2021-01-12;3881;1;14131;19;0.4;0.0
FR;69;2021-01-13;3796;12;17927;31;0.5;0.0
FR;69;2021-01-14;4566;48;22493;79;0.6;0.0
FR;69;2021-01-15;3852;14;26345;93;0.7;0.0
FR;69;2021-01-16;1343;12;27688;105;0.7;0.0
FR;69;2021-01-17;634;3;28322;108;0.7;0.0
FR;69;2021-01-18;3260;18;31582;126;0.8;0.0
FR;69;2021-01-19;4796;22;36378;148;0.9;0.0
FR;69;2021-01-20;4764;17;41142;165;1.1;0.0
FR;69;2021-01-21;5543;18;46685;183;1.2;0.0
FR;69;2021-01-22;4369;19;51054;202;1.3;0.0
FR;69;2021-01-23;1361;5;52415;207;1.3;0.0
FR;69;2021-01-24;448;6;52863;213;1.4;0.0
FR;69;2021-01-25;2729;82;55592;295;1.4;0.0
FR;69;2021-01-26;3356;183;58948;478;1.5;0.0
FR;69;2021-01-27;3670;412;62618;890;1.6;0.0
FR;69;2021-01-28;4331;894;66949;1784;1.7;0.0
FR;69;2021-01-29;3489;1237;70438;3021;1.8;0.1
FR;69;2021-01-30;938;403;71376;3424;1.8;0.1
FR;69;2021-01-31;180;162;71556;3586;1.8;0.1
FR;69;2021-02-01;1827;1522;73383;5108;1.9;0.1
FR;69;2021-02-02;2427;2202;75810;7310;1.9;0.2
FR;69;2021-02-03;2422;2272;78232;9582;2.0;0.2
FR;69;2021-02-04;2986;2926;81218;12508;2.1;0.3
FR;69;2021-02-05;2511;2539;83729;15047;2.1;0.4
FR;69;2021-02-06;726;808;84455;15855;2.2;0.4
FR;69;2021-02-07;162;391;84617;16246;2.2;0.4
FR;69;2021-02-08;1610;2410;86227;18656;2.2;0.5
FR;69;2021-02-09;2441;3416;88668;22072;2.3;0.6
FR;69;2021-02-10;2568;3406;91236;25478;2.3;0.7
FR;69;2021-02-11;3530;4863;94766;30341;2.4;0.8
FR;69;2021-02-12;3159;3421;97925;33762;2.5;0.9
FR;69;2021-02-13;868;1034;98793;34796;2.5;0.9
FR;69;2021-02-14;216;414;99009;35210;2.5;0.9
FR;69;2021-02-15;1334;2779;100343;37989;2.6;1.0
FR;69;2021-02-16;1871;3983;102214;41972;2.6;1.1
FR;69;2021-02-17;2009;3663;104223;45635;2.7;1.2
FR;69;2021-02-18;3003;4562;107226;50197;2.7;1.3
FR;69;2021-02-19;2876;3512;110102;53709;2.8;1.4
FR;69;2021-02-20;754;1027;110856;54736;2.8;1.4
FR;69;2021-02-21;150;235;111006;54971;2.8;1.4
FR;69;2021-02-22;1610;2577;112616;57548;2.9;1.5
FR;69;2021-02-23;2282;2823;114898;60371;2.9;1.5
FR;69;2021-02-24;2661;2911;117559;63282;3.0;1.6
FR;69;2021-02-25;3884;3584;121443;66866;3.1;1.7
FR;69;2021-02-26;4278;2630;125721;69496;3.2;1.8
FR;69;2021-02-27;1812;706;127533;70202;3.3;1.8
FR;69;2021-02-28;312;179;127845;70381;3.3;1.8
FR;69;2021-03-01;2808;1938;130653;72319;3.3;1.9
FR;69;2021-03-02;4726;2445;135379;74764;3.5;1.9
FR;69;2021-03-03;6717;2481;142096;77245;3.6;2.0
FR;69;2021-03-04;11812;3035;153908;80280;3.9;2.1
FR;69;2021-03-05;17530;2718;171438;82998;4.4;2.1
FR;69;2021-03-06;23250;821;194688;83819;5.0;2.1
FR;69;2021-03-07;14789;465;209477;84284;5.4;2.2
FR;69;2021-03-08;9787;2055;219264;86339;5.6;2.2
FR;69;2021-03-09;17519;2512;236783;88851;6.1;2.3
FR;69;2021-03-10;18857;2565;255640;91416;6.6;2.3
FR;69;2021-03-11;29233;3259;284873;94675;7.3;2.4
FR;69;2021-03-12;39964;3002;324837;97677;8.3;2.5
FR;69;2021-03-13;36088;1030;360925;98707;9.3;2.5
FR;69;2021-03-14;8192;262;369117;98969;9.5;2.5
FR;69;2021-03-15;16693;1822;385810;100791;9.9;2.6
FR;69;2021-03-16;10725;2186;396535;102977;10.2;2.6
FR;69;2021-03-17;11747;2194;408282;105171;10.5;2.7
FR;69;2021-03-18;13123;2614;421405;107785;10.8;2.8
FR;69;2021-03-19;28811;2448;450216;110233;11.5;2.8
FR;69;2021-03-20;26937;904;477153;111137;12.2;2.8
FR;69;2021-03-21;7123;278;484276;111415;12.4;2.9
FR;69;2021-03-22;21209;2193;505485;113608;13.0;2.9
FR;69;2021-03-23;36188;2813;541673;116421;13.9;3.0
FR;69;2021-03-24;37458;2848;579131;119269;14.8;3.1
FR;69;2021-03-25;54954;3124;634085;122393;16.3;3.1
FR;69;2021-03-26;59122;3025;693207;125418;17.8;3.2
FR;69;2021-03-27;30124;1393;723331;126811;18.5;3.2
FR;69;2021-03-28;7606;394;730937;127205;18.7;3.3
FR;69;2021-03-29;27673;3473;758610;130678;19.4;3.3
FR;69;2021-03-30;42242;4379;800852;135057;20.5;3.5
FR;69;2021-03-31;35341;4402;836193;139459;21.4;3.6
FR;69;2021-04-01;43241;5790;879434;145249;22.5;3.7
FR;69;2021-04-02;41319;5928;920753;151177;23.6;3.9
FR;69;2021-04-03;21653;3933;942406;155110;24.2;4.0
FR;69;2021-04-04;5809;1308;948215;156418;24.3;4.0
FR;69;2021-04-05;7616;1068;955831;157486;24.5;4.0
FR;69;2021-04-06;27883;7202;983714;164688;25.2;4.2
FR;69;2021-04-07;32401;7751;1016115;172439;26.0;4.4
FR;69;2021-04-08;48521;8869;1064636;181308;27.3;4.6
FR;69;2021-04-09;70509;9050;1135145;190358;29.1;4.9
FR;69;2021-04-10;36636;7859;1171781;198217;30.0;5.1
FR;69;2021-04-11;7993;4290;1179774;202507;30.2;5.2
FR;69;2021-04-12;38555;8844;1218329;211351;31.2;5.4
FR;69;2021-04-13;53482;11965;1271811;223316;32.6;5.7
FR;69;2021-04-14;49273;11662;1321084;234978;33.9;6.0
FR;69;2021-04-15;61798;13537;1382882;248515;35.4;6.4
FR;69;2021-04-16;72539;14069;1455421;262584;37.3;6.7
FR;69;2021-04-17;39595;10696;1495016;273280;38.3;7.0
FR;69;2021-04-18;10019;5031;1505035;278311;38.6;7.1
FR;69;2021-04-19;45867;13892;1550902;292203;39.7;7.5
FR;69;2021-04-20;57109;16819;1608011;309022;41.2;7.9
FR;69;2021-04-21;53473;16561;1661484;325583;42.6;8.3
FR;69;2021-04-22;60201;18735;1721685;344318;44.1;8.8
FR;69;2021-04-23;59372;18780;1781057;363098;45.6;9.3
FR;69;2021-04-24;37308;13161;1818365;376259;46.6;9.6
FR;69;2021-04-25;13272;5005;1831637;381264;46.9;9.8
FR;69;2021-04-26;49689;18382;1881326;399646;48.2;10.2
FR;69;2021-04-27;61776;23212;1943102;422858;49.8;10.8
FR;69;2021-04-28;59725;22077;2002827;444935;51.3;11.4
FR;69;2021-04-29;70017;24834;2072844;469769;53.1;12.0
FR;69;2021-04-30;66803;23896;2139647;493665;54.8;12.7
FR;69;2021-05-01;23798;7600;2163445;501265;55.4;12.8
FR;69;2021-05-02;11169;5142;2174614;506407;55.7;13.0
FR;69;2021-05-03;47305;21323;2221919;527730;56.9;13.5
FR;69;2021-05-04;47856;27723;2269775;555453;58.2;14.2
FR;69;2021-05-05;42593;27141;2312368;582594;59.3;14.9
FR;69;2021-05-06;50763;30221;2363131;612815;60.6;15.7
FR;69;2021-05-07;42267;34307;2405398;647122;61.6;16.6
FR;69;2021-05-08;15291;9372;2420689;656494;62.0;16.8
FR;69;2021-05-09;7280;6565;2427969;663059;62.2;17.0
FR;69;2021-05-10;29585;34703;2457554;697762;63.0;17.9
FR;69;2021-05-11;38154;43751;2495708;741513;64.0;19.0
FR;69;2021-05-12;32968;39201;2528676;780714;64.8;20.0
FR;69;2021-05-13;17469;11507;2546145;792221;65.3;20.3
FR;69;2021-05-14;30012;34149;2576157;826370;66.0;21.2
FR;69;2021-05-15;15234;18524;2591391;844894;66.4;21.7
FR;69;2021-05-16;5430;4314;2596821;849208;66.6;21.8
FR;69;2021-05-17;21812;28791;2618633;877999;67.1;22.5
FR;69;2021-05-18;27943;29621;2646576;907620;67.8;23.3
FR;69;2021-05-19;24329;25221;2670905;932841;68.5;23.9
FR;69;2021-05-20;28342;27821;2699247;960662;69.2;24.6
FR;69;2021-05-21;22939;30728;2722186;991390;69.8;25.4
FR;69;2021-05-22;9654;14370;2731840;1005760;70.0;25.8
FR;69;2021-05-23;3177;2377;2735017;1008137;70.1;25.8
FR;69;2021-05-24;8093;7128;2743110;1015265;70.3;26.0
FR;69;2021-05-25;17849;36202;2760959;1051467;70.8;26.9
FR;69;2021-05-26;16256;34453;2777215;1085920;71.2;27.8
FR;69;2021-05-27;20534;42250;2797749;1128170;71.7;28.9
FR;69;2021-05-28;18185;53840;2815934;1182010;72.2;30.3
FR;69;2021-05-29;7630;31242;2823564;1213252;72.4;31.1
FR;69;2021-05-30;1690;6901;2825254;1220153;72.4;31.3
FR;69;2021-05-31;12280;47494;2837534;1267647;72.7;32.5
FR;69;2021-06-01;16147;57637;2853681;1325284;73.1;34.0
FR;69;2021-06-02;12888;49969;2866569;1375253;73.5;35.2
FR;69;2021-06-03;16293;57643;2882862;1432896;73.9;36.7
FR;69;2021-06-04;14493;67061;2897355;1499957;74.3;38.4
FR;69;2021-06-05;6032;39484;2903387;1539441;74.4;39.5
FR;69;2021-06-06;1560;9068;2904947;1548509;74.4;39.7
FR;69;2021-06-07;9660;59473;2914607;1607982;74.7;41.2
FR;69;2021-06-08;13019;66273;2927626;1674255;75.0;42.9
FR;74;2020-12-27;1;0;1;0;0.0;0.0
FR;74;2020-12-28;7;0;8;0;0.0;0.0
FR;74;2020-12-29;5;0;13;0;0.0;0.0
FR;74;2020-12-30;11;0;24;0;0.0;0.0
FR;74;2020-12-31;7;0;31;0;0.0;0.0
FR;74;2021-01-01;5;0;36;0;0.0;0.0
FR;74;2021-01-02;3;0;39;0;0.0;0.0
FR;74;2021-01-03;13;0;52;0;0.0;0.0
FR;74;2021-01-04;88;1;140;1;0.0;0.0
FR;74;2021-01-05;298;0;438;1;0.0;0.0
FR;74;2021-01-06;555;1;993;2;0.0;0.0
FR;74;2021-01-07;1465;0;2458;2;0.1;0.0
FR;74;2021-01-08;1802;4;4260;6;0.1;0.0
FR;74;2021-01-09;798;0;5058;6;0.1;0.0
FR;74;2021-01-10;537;0;5595;6;0.2;0.0
FR;74;2021-01-11;2126;2;7721;8;0.2;0.0
FR;74;2021-01-12;3154;4;10875;12;0.3;0.0
FR;74;2021-01-13;3206;6;14081;18;0.4;0.0
FR;74;2021-01-14;3955;41;18036;59;0.5;0.0
FR;74;2021-01-15;3541;11;21577;70;0.6;0.0
FR;74;2021-01-16;1336;5;22913;75;0.7;0.0
FR;74;2021-01-17;765;4;23678;79;0.7;0.0
FR;74;2021-01-18;4722;13;28400;92;0.8;0.0
FR;74;2021-01-19;6828;11;35228;103;1.0;0.0
FR;74;2021-01-20;7112;11;42340;114;1.2;0.0
FR;74;2021-01-21;8213;26;50553;140;1.5;0.0
FR;74;2021-01-22;6554;22;57107;162;1.6;0.0
FR;74;2021-01-23;2261;4;59368;166;1.7;0.0
FR;74;2021-01-24;611;2;59979;168;1.7;0.0
FR;74;2021-01-25;4543;56;64522;224;1.9;0.0
FR;74;2021-01-26;5629;151;70151;375;2.0;0.0
FR;74;2021-01-27;5985;272;76136;647;2.2;0.0
FR;74;2021-01-28;6985;750;83121;1397;2.4;0.0
FR;74;2021-01-29;5739;900;88860;2297;2.6;0.1
FR;74;2021-01-30;1770;262;90630;2559;2.6;0.1
FR;74;2021-01-31;296;114;90926;2673;2.6;0.1
FR;74;2021-02-01;3299;1064;94225;3737;2.7;0.1
FR;74;2021-02-02;4311;1785;98536;5522;2.8;0.2
FR;74;2021-02-03;4322;1807;102858;7329;3.0;0.2
FR;74;2021-02-04;5185;2469;108043;9798;3.1;0.3
FR;74;2021-02-05;4396;2180;112439;11978;3.2;0.3
FR;74;2021-02-06;1412;695;113851;12673;3.3;0.4
FR;74;2021-02-07;243;351;114094;13024;3.3;0.4
FR;74;2021-02-08;3082;2507;117176;15531;3.4;0.4
FR;74;2021-02-09;4129;3724;121305;19255;3.5;0.6
FR;74;2021-02-10;4418;3816;125723;23071;3.6;0.7
FR;74;2021-02-11;5643;5475;131366;28546;3.8;0.8
FR;74;2021-02-12;5271;3821;136637;32367;3.9;0.9
FR;74;2021-02-13;1647;1219;138284;33586;4.0;1.0
FR;74;2021-02-14;406;471;138690;34057;4.0;1.0
FR;74;2021-02-15;2406;4182;141096;38239;4.1;1.1
FR;74;2021-02-16;3275;5632;144371;43871;4.2;1.3
FR;74;2021-02-17;3392;5454;147763;49325;4.2;1.4
FR;74;2021-02-18;4934;6813;152697;56138;4.4;1.6
FR;74;2021-02-19;4881;5417;157578;61555;4.5;1.8
FR;74;2021-02-20;1551;1738;159129;63293;4.6;1.8
FR;74;2021-02-21;233;415;159362;63708;4.6;1.8
FR;74;2021-02-22;2866;4294;162228;68002;4.7;2.0
FR;74;2021-02-23;4147;4898;166375;72900;4.8;2.1
FR;74;2021-02-24;4520;4847;170895;77747;4.9;2.2
FR;74;2021-02-25;5528;5702;176423;83449;5.1;2.4
FR;74;2021-02-26;5488;4481;181911;87930;5.2;2.5
FR;74;2021-02-27;2011;1367;183922;89297;5.3;2.6
FR;74;2021-02-28;529;294;184451;89591;5.3;2.6
FR;74;2021-03-01;5080;3372;189531;92963;5.4;2.7
FR;74;2021-03-02;7480;4289;197011;97252;5.7;2.8
FR;74;2021-03-03;9730;4270;206741;101522;5.9;2.9
FR;74;2021-03-04;15117;4846;221858;106368;6.4;3.1
FR;74;2021-03-05;21735;4630;243593;110998;7.0;3.2
FR;74;2021-03-06;31320;1457;274913;112455;7.9;3.2
FR;74;2021-03-07;20995;573;295908;113028;8.5;3.2
FR;74;2021-03-08;14266;3702;310174;116730;8.9;3.4
FR;74;2021-03-09;24094;4267;334268;120997;9.6;3.5
FR;74;2021-03-10;26352;4462;360620;125459;10.4;3.6
FR;74;2021-03-11;38407;5381;399027;130840;11.5;3.8
FR;74;2021-03-12;50722;4809;449749;135649;12.9;3.9
FR;74;2021-03-13;47910;1632;497659;137281;14.3;3.9
FR;74;2021-03-14;11954;445;509613;137726;14.7;4.0
FR;74;2021-03-15;25563;3183;535176;140909;15.4;4.1
FR;74;2021-03-16;20040;3868;555216;144777;16.0;4.2
FR;74;2021-03-17;21814;3904;577030;148681;16.6;4.3
FR;74;2021-03-18;24431;4553;601461;153234;17.3;4.4
FR;74;2021-03-19;41384;4031;642845;157265;18.5;4.5
FR;74;2021-03-20;35399;1608;678244;158873;19.5;4.6
FR;74;2021-03-21;9472;416;687716;159289;19.8;4.6
FR;74;2021-03-22;31499;3938;719215;163227;20.7;4.7
FR;74;2021-03-23;50156;4871;769371;168098;22.1;4.8
FR;74;2021-03-24;52107;5242;821478;173340;23.6;5.0
FR;74;2021-03-25;74724;5643;896202;178983;25.8;5.1
FR;74;2021-03-26;80743;5291;976945;184274;28.1;5.3
FR;74;2021-03-27;51033;2445;1027978;186719;29.6;5.4
FR;74;2021-03-28;17801;754;1045779;187473;30.1;5.4
FR;74;2021-03-29;56054;6938;1101833;194411;31.7;5.6
FR;74;2021-03-30;76513;8817;1178346;203228;33.9;5.8
FR;74;2021-03-31;67866;9366;1246212;212594;35.8;6.1
FR;74;2021-04-01;78313;11751;1324525;224345;38.1;6.4
FR;74;2021-04-02;69950;12336;1394475;236681;40.1;6.8
FR;74;2021-04-03;37149;8461;1431624;245142;41.2;7.0
FR;74;2021-04-04;12499;2792;1444123;247934;41.5;7.1
FR;74;2021-04-05;19200;1884;1463323;249818;42.1;7.2
FR;74;2021-04-06;64387;15129;1527710;264947;43.9;7.6
FR;74;2021-04-07;72621;16000;1600331;280947;46.0;8.1
FR;74;2021-04-08;87571;17926;1687902;298873;48.5;8.6
FR;74;2021-04-09;97195;17731;1785097;316604;51.3;9.1
FR;74;2021-04-10;48616;14035;1833713;330639;52.7;9.5
FR;74;2021-04-11;12737;6823;1846450;337462;53.1;9.7
FR;74;2021-04-12;60879;17714;1907329;355176;54.8;10.2
FR;74;2021-04-13;68679;22194;1976008;377370;56.8;10.8
FR;74;2021-04-14;60082;21770;2036090;399140;58.5;11.5
FR;74;2021-04-15;61922;23722;2098012;422862;60.3;12.2
FR;74;2021-04-16;52213;24313;2150225;447175;61.8;12.9
FR;74;2021-04-17;25687;16791;2175912;463966;62.6;13.3
FR;74;2021-04-18;5741;6964;2181653;470930;62.7;13.5
FR;74;2021-04-19;31721;24287;2213374;495217;63.6;14.2
FR;74;2021-04-20;36279;29569;2249653;524786;64.7;15.1
FR;74;2021-04-21;33368;30196;2283021;554982;65.6;16.0
FR;74;2021-04-22;38062;35162;2321083;590144;66.7;17.0
FR;74;2021-04-23;34820;38762;2355903;628906;67.7;18.1
FR;74;2021-04-24;18645;30714;2374548;659620;68.3;19.0
FR;74;2021-04-25;6146;12557;2380694;672177;68.4;19.3
FR;74;2021-04-26;26747;46843;2407441;719020;69.2;20.7
FR;74;2021-04-27;33056;56009;2440497;775029;70.2;22.3
FR;74;2021-04-28;32567;52784;2473064;827813;71.1;23.8
FR;74;2021-04-29;38669;53907;2511733;881720;72.2;25.3
FR;74;2021-04-30;34982;49100;2546715;930820;73.2;26.8
FR;74;2021-05-01;11065;15124;2557780;945944;73.5;27.2
FR;74;2021-05-02;5166;11380;2562946;957324;73.7;27.5
FR;74;2021-05-03;24118;52072;2587064;1009396;74.4;29.0
FR;74;2021-05-04;25033;69188;2612097;1078584;75.1;31.0
FR;74;2021-05-05;22602;64891;2634699;1143475;75.7;32.9
FR;74;2021-05-06;27291;63246;2661990;1206721;76.5;34.7
FR;74;2021-05-07;23210;65970;2685200;1272691;77.2;36.6
FR;74;2021-05-08;7911;14294;2693111;1286985;77.4;37.0
FR;74;2021-05-09;3661;10471;2696772;1297456;77.5;37.3
FR;74;2021-05-10;15987;63041;2712759;1360497;78.0;39.1
FR;74;2021-05-11;20937;64078;2733696;1424575;78.6;41.0
FR;74;2021-05-12;18349;53145;2752045;1477720;79.1;42.5
FR;74;2021-05-13;9057;12080;2761102;1489800;79.4;42.8
FR;74;2021-05-14;16911;37738;2778013;1527538;79.9;43.9
FR;74;2021-05-15;8361;17560;2786374;1545098;80.1;44.4
FR;74;2021-05-16;2980;3499;2789354;1548597;80.2;44.5
FR;74;2021-05-17;12209;30780;2801563;1579377;80.5;45.4
FR;74;2021-05-18;15422;30471;2816985;1609848;81.0;46.3
FR;74;2021-05-19;13988;25380;2830973;1635228;81.4;47.0
FR;74;2021-05-20;15984;27666;2846957;1662894;81.8;47.8
FR;74;2021-05-21;13312;30672;2860269;1693566;82.2;48.7
FR;74;2021-05-22;5754;14215;2866023;1707781;82.4;49.1
FR;74;2021-05-23;1849;2381;2867872;1710162;82.4;49.2
FR;74;2021-05-24;4626;5723;2872498;1715885;82.6;49.3
FR;74;2021-05-25;10548;35175;2883046;1751060;82.9;50.3
FR;74;2021-05-26;9927;32930;2892973;1783990;83.2;51.3
FR;74;2021-05-27;11805;39425;2904778;1823415;83.5;52.4
FR;74;2021-05-28;11171;45024;2915949;1868439;83.8;53.7
FR;74;2021-05-29;4729;24293;2920678;1892732;84.0;54.4
FR;74;2021-05-30;1038;4238;2921716;1896970;84.0;54.5
FR;74;2021-05-31;7521;29817;2929237;1926787;84.2;55.4
FR;74;2021-06-01;10221;40135;2939458;1966922;84.5;56.5
FR;74;2021-06-02;8377;34044;2947835;2000966;84.7;57.5
FR;74;2021-06-03;10462;42289;2958297;2043255;85.0;58.7
FR;74;2021-06-04;9618;48004;2967915;2091259;85.3;60.1
FR;74;2021-06-05;4022;25122;2971937;2116381;85.4;60.8
FR;74;2021-06-06;925;4676;2972862;2121057;85.5;61.0
FR;74;2021-06-07;6080;31603;2978942;2152660;85.6;61.9
FR;74;2021-06-08;8420;38002;2987362;2190662;85.9;63.0
FR;79;2020-12-27;1;0;1;0;0.0;0.0
FR;79;2020-12-28;6;0;7;0;0.0;0.0
FR;79;2020-12-29;16;0;23;0;0.0;0.0
FR;79;2020-12-30;12;0;35;0;0.0;0.0
FR;79;2020-12-31;6;0;41;0;0.0;0.0
FR;79;2021-01-01;4;0;45;0;0.0;0.0
FR;79;2021-01-02;4;0;49;0;0.0;0.0
FR;79;2021-01-03;2;0;51;0;0.0;0.0
FR;79;2021-01-04;50;0;101;0;0.0;0.0
FR;79;2021-01-05;172;0;273;0;0.0;0.0
FR;79;2021-01-06;341;1;614;1;0.0;0.0
FR;79;2021-01-07;905;0;1519;1;0.1;0.0
FR;79;2021-01-08;1084;1;2603;2;0.1;0.0
FR;79;2021-01-09;364;0;2967;2;0.1;0.0
FR;79;2021-01-10;192;0;3159;2;0.1;0.0
FR;79;2021-01-11;1156;3;4315;5;0.2;0.0
FR;79;2021-01-12;2209;2;6524;7;0.3;0.0
FR;79;2021-01-13;2751;2;9275;9;0.4;0.0
FR;79;2021-01-14;4440;36;13715;45;0.6;0.0
FR;79;2021-01-15;5270;18;18985;63;0.9;0.0
FR;79;2021-01-16;2824;12;21809;75;1.0;0.0
FR;79;2021-01-17;1308;3;23117;78;1.0;0.0
FR;79;2021-01-18;19674;39;42791;117;1.9;0.0
FR;79;2021-01-19;26062;39;68853;156;3.1;0.0
FR;79;2021-01-20;28076;34;96929;190;4.4;0.0
FR;79;2021-01-21;30100;38;127029;228;5.7;0.0
FR;79;2021-01-22;27954;32;154983;260;7.0;0.0
FR;79;2021-01-23;11675;12;166658;272;7.5;0.0
FR;79;2021-01-24;2173;3;168831;275;7.6;0.0
FR;79;2021-01-25;22575;50;191406;325;8.6;0.0
FR;79;2021-01-26;25748;121;217154;446;9.8;0.0
FR;79;2021-01-27;25035;198;242189;644;10.9;0.0
FR;79;2021-01-28;25229;566;267418;1210;12.1;0.1
FR;79;2021-01-29;22552;565;289970;1775;13.1;0.1
FR;79;2021-01-30;8787;138;298757;1913;13.5;0.1
FR;79;2021-01-31;1233;55;299990;1968;13.5;0.1
FR;79;2021-02-01;16182;648;316172;2616;14.3;0.1
FR;79;2021-02-02;19307;1276;335479;3892;15.1;0.2
FR;79;2021-02-03;18323;1586;353802;5478;16.0;0.2
FR;79;2021-02-04;19209;2537;373011;8015;16.8;0.4
FR;79;2021-02-05;18059;2686;391070;10701;17.6;0.5
FR;79;2021-02-06;6460;1005;397530;11706;17.9;0.5
FR;79;2021-02-07;870;391;398400;12097;18.0;0.5
FR;79;2021-02-08;13114;5816;411514;17913;18.6;0.8
FR;79;2021-02-09;15600;7677;427114;25590;19.3;1.2
FR;79;2021-02-10;15458;8055;442572;33645;20.0;1.5
FR;79;2021-02-11;16546;9613;459118;43258;20.7;2.0
FR;79;2021-02-12;15678;9417;474796;52675;21.4;2.4
FR;79;2021-02-13;5007;4125;479803;56800;21.6;2.6
FR;79;2021-02-14;905;1044;480708;57844;21.7;2.6
FR;79;2021-02-15;7133;19830;487841;77674;22.0;3.5
FR;79;2021-02-16;8354;23635;496195;101309;22.4;4.6
FR;79;2021-02-17;8256;24031;504451;125340;22.8;5.7
FR;79;2021-02-18;10309;24432;514760;149772;23.2;6.8
FR;79;2021-02-19;10325;20770;525085;170542;23.7;7.7
FR;79;2021-02-20;3768;8314;528853;178856;23.9;8.1
FR;79;2021-02-21;549;1557;529402;180413;23.9;8.1
FR;79;2021-02-22;6993;21889;536395;202302;24.2;9.1
FR;79;2021-02-23;9658;23574;546053;225876;24.6;10.2
FR;79;2021-02-24;10031;22212;556084;248088;25.1;11.2
FR;79;2021-02-25;11687;22096;567771;270184;25.6;12.2
FR;79;2021-02-26;12073;19125;579844;289309;26.2;13.0
FR;79;2021-02-27;4423;6738;584267;296047;26.4;13.4
FR;79;2021-02-28;876;1038;585143;297085;26.4;13.4
FR;79;2021-03-01;12129;16465;597272;313550;26.9;14.1
FR;79;2021-03-02;16335;19276;613607;332826;27.7;15.0
FR;79;2021-03-03;17762;18555;631369;351381;28.5;15.8
FR;79;2021-03-04;20957;17694;652326;369075;29.4;16.6
FR;79;2021-03-05;22496;16503;674822;385578;30.4;17.4
FR;79;2021-03-06;29084;5407;703906;390985;31.7;17.6
FR;79;2021-03-07;21093;1057;724999;392042;32.7;17.7
FR;79;2021-03-08;17388;15347;742387;407389;33.5;18.4
FR;79;2021-03-09;25752;16459;768139;423848;34.6;19.1
FR;79;2021-03-10;26896;15625;795035;439473;35.9;19.8
FR;79;2021-03-11;31885;15144;826920;454617;37.3;20.5
FR;79;2021-03-12;33403;12985;860323;467602;38.8;21.1
FR;79;2021-03-13;25308;4259;885631;471861;39.9;21.3
FR;79;2021-03-14;9466;783;895097;472644;40.4;21.3
FR;79;2021-03-15;28480;8723;923577;481367;41.7;21.7
FR;79;2021-03-16;32809;9313;956386;490680;43.1;22.1
FR;79;2021-03-17;33799;9284;990185;499964;44.7;22.5
FR;79;2021-03-18;36695;9780;1026880;509744;46.3;23.0
FR;79;2021-03-19;36712;8888;1063592;518632;48.0;23.4
FR;79;2021-03-20;20667;3294;1084259;521926;48.9;23.5
FR;79;2021-03-21;5875;606;1090134;522532;49.2;23.6
FR;79;2021-03-22;28579;9210;1118713;531742;50.5;24.0
FR;79;2021-03-23;37021;10805;1155734;542547;52.1;24.5
FR;79;2021-03-24;35527;11362;1191261;553909;53.7;25.0
FR;79;2021-03-25;41865;11138;1233126;565047;55.6;25.5
FR;79;2021-03-26;39347;10457;1272473;575504;57.4;26.0
FR;79;2021-03-27;17628;4416;1290101;579920;58.2;26.2
FR;79;2021-03-28;4797;904;1294898;580824;58.4;26.2
FR;79;2021-03-29;22261;15017;1317159;595841;59.4;26.9
FR;79;2021-03-30;28003;18910;1345162;614751;60.7;27.7
FR;79;2021-03-31;24665;19747;1369827;634498;61.8;28.6
FR;79;2021-04-01;27158;23192;1396985;657690;63.0;29.7
FR;79;2021-04-02;23044;24444;1420029;682134;64.0;30.8
FR;79;2021-04-03;10006;17364;1430035;699498;64.5;31.5
FR;79;2021-04-04;2800;5064;1432835;704562;64.6;31.8
FR;79;2021-04-05;4186;2750;1437021;707312;64.8;31.9
FR;79;2021-04-06;18985;28970;1456006;736282;65.7;33.2
FR;79;2021-04-07;21038;29850;1477044;766132;66.6;34.6
FR;79;2021-04-08;24964;29915;1502008;796047;67.7;35.9
FR;79;2021-04-09;26800;28094;1528808;824141;68.9;37.2
FR;79;2021-04-10;13635;18923;1542443;843064;69.6;38.0
FR;79;2021-04-11;3504;6447;1545947;849511;69.7;38.3
FR;79;2021-04-12;16721;28890;1562668;878401;70.5;39.6
FR;79;2021-04-13;19079;35001;1581747;913402;71.3;41.2
FR;79;2021-04-14;18151;33140;1599898;946542;72.2;42.7
FR;79;2021-04-15;19083;33327;1618981;979869;73.0;44.2
FR;79;2021-04-16;16211;31029;1635192;1010898;73.7;45.6
FR;79;2021-04-17;8141;16692;1643333;1027590;74.1;46.3
FR;79;2021-04-18;1766;4831;1645099;1032421;74.2;46.6
FR;79;2021-04-19;9832;29160;1654931;1061581;74.6;47.9
FR;79;2021-04-20;11684;34431;1666615;1096012;75.2;49.4
FR;79;2021-04-21;11279;31202;1677894;1127214;75.7;50.8
FR;79;2021-04-22;12830;31080;1690724;1158294;76.3;52.2
FR;79;2021-04-23;11897;27676;1702621;1185970;76.8;53.5
FR;79;2021-04-24;6156;13714;1708777;1199684;77.1;54.1
FR;79;2021-04-25;1911;3424;1710688;1203108;77.2;54.3
FR;79;2021-04-26;8938;20593;1719626;1223701;77.6;55.2
FR;79;2021-04-27;11063;23659;1730689;1247360;78.1;56.3
FR;79;2021-04-28;11557;20890;1742246;1268250;78.6;57.2
FR;79;2021-04-29;13624;20663;1755870;1288913;79.2;58.1
FR;79;2021-04-30;12789;17588;1768659;1306501;79.8;58.9
FR;79;2021-05-01;3804;3911;1772463;1310412;79.9;59.1
FR;79;2021-05-02;1738;2614;1774201;1313026;80.0;59.2
FR;79;2021-05-03;8561;15083;1782762;1328109;80.4;59.9
FR;79;2021-05-04;8899;20127;1791661;1348236;80.8;60.8
FR;79;2021-05-05;8360;18958;1800021;1367194;81.2;61.7
FR;79;2021-05-06;10202;18760;1810223;1385954;81.6;62.5
FR;79;2021-05-07;8924;19424;1819147;1405378;82.0;63.4
FR;79;2021-05-08;2963;4283;1822110;1409661;82.2;63.6
FR;79;2021-05-09;1377;2986;1823487;1412647;82.2;63.7
FR;79;2021-05-10;6104;17458;1829591;1430105;82.5;64.5
FR;79;2021-05-11;7945;18534;1837536;1448639;82.9;65.3
FR;79;2021-05-12;7213;15767;1844749;1464406;83.2;66.0
FR;79;2021-05-13;3486;3779;1848235;1468185;83.4;66.2
FR;79;2021-05-14;6735;11358;1854970;1479543;83.7;66.7
FR;79;2021-05-15;3287;5089;1858257;1484632;83.8;67.0
FR;79;2021-05-16;1138;1150;1859395;1485782;83.9;67.0
FR;79;2021-05-17;4898;8976;1864293;1494758;84.1;67.4
FR;79;2021-05-18;6058;9122;1870351;1503880;84.4;67.8
FR;79;2021-05-19;5675;7941;1876026;1511821;84.6;68.2
FR;79;2021-05-20;6542;8079;1882568;1519900;84.9;68.5
FR;79;2021-05-21;5566;8714;1888134;1528614;85.2;68.9
FR;79;2021-05-22;2390;3796;1890524;1532410;85.3;69.1
FR;79;2021-05-23;727;786;1891251;1533196;85.3;69.1
FR;79;2021-05-24;1826;1599;1893077;1534795;85.4;69.2
FR;79;2021-05-25;4326;10174;1897403;1544969;85.6;69.7
FR;79;2021-05-26;4238;9487;1901641;1554456;85.8;70.1
FR;79;2021-05-27;5156;10929;1906797;1565385;86.0;70.6
FR;79;2021-05-28;4664;12354;1911461;1577739;86.2;71.2
FR;79;2021-05-29;2027;6650;1913488;1584389;86.3;71.5
FR;79;2021-05-30;433;1252;1913921;1585641;86.3;71.5
FR;79;2021-05-31;3152;9012;1917073;1594653;86.5;71.9
FR;79;2021-06-01;4376;11078;1921449;1605731;86.7;72.4
FR;79;2021-06-02;3794;9683;1925243;1615414;86.8;72.9
FR;79;2021-06-03;4717;11206;1929960;1626620;87.0;73.4
FR;79;2021-06-04;4221;12657;1934181;1639277;87.2;73.9
FR;79;2021-06-05;1896;6437;1936077;1645714;87.3;74.2
FR;79;2021-06-06;430;1437;1936507;1647151;87.3;74.3
FR;79;2021-06-07;2645;10007;1939152;1657158;87.5;74.7
FR;79;2021-06-08;3604;11621;1942756;1668779;87.6;75.3
FR;80;2020-12-27;10;2;10;2;0.0;0.0
FR;80;2020-12-28;41;0;51;2;0.0;0.0
FR;80;2020-12-29;78;0;129;2;0.0;0.0
FR;80;2020-12-30;69;0;198;2;0.0;0.0
FR;80;2020-12-31;49;0;247;2;0.0;0.0
FR;80;2021-01-01;9;0;256;2;0.0;0.0
FR;80;2021-01-02;9;0;265;2;0.0;0.0
FR;80;2021-01-03;2;0;267;2;0.0;0.0
FR;80;2021-01-04;297;1;564;3;0.0;0.0
FR;80;2021-01-05;909;2;1473;5;0.0;0.0
FR;80;2021-01-06;1675;2;3148;7;0.1;0.0
FR;80;2021-01-07;6294;4;9442;11;0.2;0.0
FR;80;2021-01-08;5769;11;15211;22;0.4;0.0
FR;80;2021-01-09;979;0;16190;22;0.4;0.0
FR;80;2021-01-10;310;0;16500;22;0.4;0.0
FR;80;2021-01-11;4442;8;20942;30;0.5;0.0
FR;80;2021-01-12;12733;18;33675;48;0.8;0.0
FR;80;2021-01-13;12463;19;46138;67;1.1;0.0
FR;80;2021-01-14;18262;119;64400;186;1.5;0.0
FR;80;2021-01-15;12166;34;76566;220;1.8;0.0
FR;80;2021-01-16;4041;28;80607;248;1.9;0.0
FR;80;2021-01-17;3746;20;84353;268;2.0;0.0
FR;80;2021-01-18;28768;72;113121;340;2.7;0.0
FR;80;2021-01-19;53798;112;166919;452;4.0;0.0
FR;80;2021-01-20;59483;116;226402;568;5.4;0.0
FR;80;2021-01-21;70004;83;296406;651;7.1;0.0
FR;80;2021-01-22;48377;72;344783;723;8.3;0.0
FR;80;2021-01-23;16233;11;361016;734;8.7;0.0
FR;80;2021-01-24;4314;2;365330;736;8.8;0.0
FR;80;2021-01-25;32442;151;397772;887;9.6;0.0
FR;80;2021-01-26;45134;537;442906;1424;10.7;0.0
FR;80;2021-01-27;50901;896;493807;2320;11.9;0.1
FR;80;2021-01-28;60046;3950;553853;6270;13.3;0.2
FR;80;2021-01-29;39354;3278;593207;9548;14.3;0.2
FR;80;2021-01-30;13223;592;606430;10140;14.6;0.2
FR;80;2021-01-31;2333;286;608763;10426;14.6;0.3
FR;80;2021-02-01;23026;2789;631789;13215;15.2;0.3
FR;80;2021-02-02;33542;7433;665331;20648;16.0;0.5
FR;80;2021-02-03;34440;7878;699771;28526;16.8;0.7
FR;80;2021-02-04;38102;12584;737873;41110;17.7;1.0
FR;80;2021-02-05;29806;9536;767679;50646;18.5;1.2
FR;80;2021-02-06;9711;2126;777390;52772;18.7;1.3
FR;80;2021-02-07;1449;1867;778839;54639;18.7;1.3
FR;80;2021-02-08;19368;11145;798207;65784;19.2;1.6
FR;80;2021-02-09;25925;25609;824132;91393;19.8;2.2
FR;80;2021-02-10;26323;28927;850455;120320;20.5;2.9
FR;80;2021-02-11;30537;38127;880992;158447;21.2;3.8
FR;80;2021-02-12;26732;24682;907724;183129;21.8;4.4
FR;80;2021-02-13;7937;6527;915661;189656;22.0;4.6
FR;80;2021-02-14;1508;3100;917169;192756;22.1;4.6
FR;80;2021-02-15;11139;28313;928308;221069;22.3;5.3
FR;80;2021-02-16;15557;38938;943865;260007;22.7;6.3
FR;80;2021-02-17;15937;44493;959802;304500;23.1;7.3
FR;80;2021-02-18;21550;52522;981352;357022;23.6;8.6
FR;80;2021-02-19;19051;37501;1000403;394523;24.1;9.5
FR;80;2021-02-20;6302;12326;1006705;406849;24.2;9.8
FR;80;2021-02-21;913;2970;1007618;409819;24.2;9.9
FR;80;2021-02-22;11175;30698;1018793;440517;24.5;10.6
FR;80;2021-02-23;17105;37266;1035898;477783;24.9;11.5
FR;80;2021-02-24;17987;37088;1053885;514871;25.3;12.4
FR;80;2021-02-25;22289;40873;1076174;555744;25.9;13.4
FR;80;2021-02-26;20523;30918;1096697;586662;26.4;14.1
FR;80;2021-02-27;7169;10286;1103866;596948;26.5;14.4
FR;80;2021-02-28;1261;2121;1105127;599069;26.6;14.4
FR;80;2021-03-01;18789;23217;1123916;622286;27.0;15.0
FR;80;2021-03-02;26904;29112;1150820;651398;27.7;15.7
FR;80;2021-03-03;28715;29250;1179535;680648;28.4;16.4
FR;80;2021-03-04;34925;29713;1214460;710361;29.2;17.1
FR;80;2021-03-05;35896;27494;1250356;737855;30.1;17.7
FR;80;2021-03-06;41394;8373;1291750;746228;31.1;17.9
FR;80;2021-03-07;29715;2042;1321465;748270;31.8;18.0
FR;80;2021-03-08;27183;22502;1348648;770772;32.4;18.5
FR;80;2021-03-09;40717;24672;1389365;795444;33.4;19.1
FR;80;2021-03-10;43124;25398;1432489;820842;34.5;19.7
FR;80;2021-03-11;51662;26890;1484151;847732;35.7;20.4
FR;80;2021-03-12;52135;22984;1536286;870716;36.9;20.9
FR;80;2021-03-13;37455;7027;1573741;877743;37.8;21.1
FR;80;2021-03-14;13883;1526;1587624;879269;38.2;21.1
FR;80;2021-03-15;44055;13945;1631679;893214;39.2;21.5
FR;80;2021-03-16;51801;17048;1683480;910262;40.5;21.9
FR;80;2021-03-17;54650;16559;1738130;926821;41.8;22.3
FR;80;2021-03-18;58479;18845;1796609;945666;43.2;22.7
FR;80;2021-03-19;57361;15738;1853970;961404;44.6;23.1
FR;80;2021-03-20;30975;5343;1884945;966747;45.3;23.3
FR;80;2021-03-21;8686;1097;1893631;967844;45.5;23.3
FR;80;2021-03-22;42851;14552;1936482;982396;46.6;23.6
FR;80;2021-03-23;55572;18046;1992054;1000442;47.9;24.1
FR;80;2021-03-24;54411;19070;2046465;1019512;49.2;24.5
FR;80;2021-03-25;63956;19598;2110421;1039110;50.8;25.0
FR;80;2021-03-26;60115;18271;2170536;1057381;52.2;25.4
FR;80;2021-03-27;26558;7353;2197094;1064734;52.8;25.6
FR;80;2021-03-28;6924;1452;2204018;1066186;53.0;25.6
FR;80;2021-03-29;32831;23397;2236849;1089583;53.8;26.2
FR;80;2021-03-30;43185;30740;2280034;1120323;54.8;26.9
FR;80;2021-03-31;40480;32096;2320514;1152419;55.8;27.7
FR;80;2021-04-01;46078;37732;2366592;1190151;56.9;28.6
FR;80;2021-04-02;37066;39726;2403658;1229877;57.8;29.6
FR;80;2021-04-03;14494;26093;2418152;1255970;58.2;30.2
FR;80;2021-04-04;3868;7569;2422020;1263539;58.3;30.4
FR;80;2021-04-05;5616;4083;2427636;1267622;58.4;30.5
FR;80;2021-04-06;27617;44943;2455253;1312565;59.1;31.6
FR;80;2021-04-07;33451;48378;2488704;1360943;59.9;32.7
FR;80;2021-04-08;40014;49517;2528718;1410460;60.8;33.9
FR;80;2021-04-09;43442;46323;2572160;1456783;61.9;35.0
FR;80;2021-04-10;19823;28876;2591983;1485659;62.3;35.7
FR;80;2021-04-11;4832;9362;2596815;1495021;62.5;36.0
FR;80;2021-04-12;23473;45142;2620288;1540163;63.0;37.0
FR;80;2021-04-13;30151;54610;2650439;1594773;63.7;38.4
FR;80;2021-04-14;28984;52134;2679423;1646907;64.4;39.6
FR;80;2021-04-15;31360;52640;2710783;1699547;65.2;40.9
FR;80;2021-04-16;26385;48964;2737168;1748511;65.8;42.1
FR;80;2021-04-17;12325;25591;2749493;1774102;66.1;42.7
FR;80;2021-04-18;2530;7618;2752023;1781720;66.2;42.9
FR;80;2021-04-19;14230;43660;2766253;1825380;66.5;43.9
FR;80;2021-04-20;17903;53027;2784156;1878407;67.0;45.2
FR;80;2021-04-21;17925;49764;2802081;1928171;67.4;46.4
FR;80;2021-04-22;20611;51185;2822692;1979356;67.9;47.6
FR;80;2021-04-23;19054;44576;2841746;2023932;68.3;48.7
FR;80;2021-04-24;9402;21189;2851148;2045121;68.6;49.2
FR;80;2021-04-25;2683;5150;2853831;2050271;68.6;49.3
FR;80;2021-04-26;12361;30566;2866192;2080837;68.9;50.0
FR;80;2021-04-27;16736;36400;2882928;2117237;69.3;50.9
FR;80;2021-04-28;17934;34564;2900862;2151801;69.8;51.8
FR;80;2021-04-29;21698;35623;2922560;2187424;70.3;52.6
FR;80;2021-04-30;20335;29551;2942895;2216975;70.8;53.3
FR;80;2021-05-01;5793;5811;2948688;2222786;70.9;53.5
FR;80;2021-05-02;2599;3853;2951287;2226639;71.0;53.6
FR;80;2021-05-03;12440;21316;2963727;2247955;71.3;54.1
FR;80;2021-05-04;13825;29942;2977552;2277897;71.6;54.8
FR;80;2021-05-05;13515;29282;2991067;2307179;71.9;55.5
FR;80;2021-05-06;15866;29495;3006933;2336674;72.3;56.2
FR;80;2021-05-07;14548;29739;3021481;2366413;72.7;56.9
FR;80;2021-05-08;4511;6036;3025992;2372449;72.8;57.1
FR;80;2021-05-09;1913;4142;3027905;2376591;72.8;57.2
FR;80;2021-05-10;9168;24340;3037073;2400931;73.0;57.7
FR;80;2021-05-11;12547;27169;3049620;2428100;73.3;58.4
FR;80;2021-05-12;11476;23557;3061096;2451657;73.6;59.0
FR;80;2021-05-13;4879;5396;3065975;2457053;73.7;59.1
FR;80;2021-05-14;10372;16355;3076347;2473408;74.0;59.5
FR;80;2021-05-15;4826;7332;3081173;2480740;74.1;59.7
FR;80;2021-05-16;1533;1525;3082706;2482265;74.1;59.7
FR;80;2021-05-17;7045;13096;3089751;2495361;74.3;60.0
FR;80;2021-05-18;9516;13475;3099267;2508836;74.5;60.3
FR;80;2021-05-19;8896;12067;3108163;2520903;74.8;60.6
FR;80;2021-05-20;10639;12655;3118802;2533558;75.0;60.9
FR;80;2021-05-21;8772;13047;3127574;2546605;75.2;61.2
FR;80;2021-05-22;3828;5186;3131402;2551791;75.3;61.4
FR;80;2021-05-23;1008;1132;3132410;2552923;75.3;61.4
FR;80;2021-05-24;2570;2222;3134980;2555145;75.4;61.5
FR;80;2021-05-25;6548;14199;3141528;2569344;75.6;61.8
FR;80;2021-05-26;6672;14193;3148200;2583537;75.7;62.1
FR;80;2021-05-27;8544;16770;3156744;2600307;75.9;62.5
FR;80;2021-05-28;8185;18033;3164929;2618340;76.1;63.0
FR;80;2021-05-29;3407;8800;3168336;2627140;76.2;63.2
FR;80;2021-05-30;635;1595;3168971;2628735;76.2;63.2
FR;80;2021-05-31;4926;12672;3173897;2641407;76.3;63.5
FR;80;2021-06-01;7205;16585;3181102;2657992;76.5;63.9
FR;80;2021-06-02;6241;14819;3187343;2672811;76.7;64.3
FR;80;2021-06-03;8235;16883;3195578;2689694;76.9;64.7
FR;80;2021-06-04;7400;18836;3202978;2708530;77.0;65.1
FR;80;2021-06-05;3284;9177;3206262;2717707;77.1;65.4
FR;80;2021-06-06;630;2037;3206892;2719744;77.1;65.4
FR;80;2021-06-07;4165;14048;3211057;2733792;77.2;65.7
FR;80;2021-06-08;5730;17148;3216787;2750940;77.4;66.2
FR;0;2020-12-27;20;2;20;2;0.0;0.0
FR;0;2020-12-28;70;0;90;2;0.0;0.0
FR;0;2020-12-29;108;0;198;2;0.0;0.0
FR;0;2020-12-30;121;0;319;2;0.0;0.0
FR;0;2020-12-31;85;0;404;2;0.0;0.0
FR;0;2021-01-01;68;1;472;3;0.0;0.0
FR;0;2021-01-02;88;2;560;5;0.0;0.0
FR;0;2021-01-03;90;0;650;5;0.0;0.0
FR;0;2021-01-04;1478;8;2128;13;0.0;0.0
FR;0;2021-01-05;5395;20;7523;33;0.0;0.0
FR;0;2021-01-06;11302;30;18825;63;0.0;0.0
FR;0;2021-01-07;28562;64;47387;127;0.1;0.0
FR;0;2021-01-08;36251;75;83638;202;0.1;0.0
FR;0;2021-01-09;10925;14;94563;216;0.1;0.0
FR;0;2021-01-10;5620;8;100183;224;0.1;0.0
FR;0;2021-01-11;39003;96;139186;320;0.2;0.0
FR;0;2021-01-12;60910;150;200096;470;0.3;0.0
FR;0;2021-01-13;63803;179;263899;649;0.4;0.0
FR;0;2021-01-14;79890;726;343789;1375;0.5;0.0
FR;0;2021-01-15;67508;290;411297;1665;0.6;0.0
FR;0;2021-01-16;19717;122;431014;1787;0.6;0.0
FR;0;2021-01-17;10470;62;441484;1849;0.7;0.0
FR;0;2021-01-18;84390;328;525874;2177;0.8;0.0
FR;0;2021-01-19;128476;361;654350;2538;1.0;0.0
FR;0;2021-01-20;135186;356;789536;2894;1.2;0.0
FR;0;2021-01-21;155404;345;944940;3239;1.4;0.0
FR;0;2021-01-22;118639;366;1063579;3605;1.6;0.0
FR;0;2021-01-23;37815;81;1101394;3686;1.6;0.0
FR;0;2021-01-24;9366;40;1110760;3726;1.7;0.0
FR;0;2021-01-25;76843;1335;1187603;5061;1.8;0.0
FR;0;2021-01-26;98821;3251;1286424;8312;1.9;0.0
FR;0;2021-01-27;105672;5761;1392096;14073;2.1;0.0
FR;0;2021-01-28;122364;14613;1514460;28686;2.3;0.0
FR;0;2021-01-29;90891;17481;1605351;46167;2.4;0.1
FR;0;2021-01-30;28648;4268;1633999;50435;2.4;0.1
FR;0;2021-01-31;4871;1686;1638870;52121;2.4;0.1
FR;0;2021-02-01;51596;21215;1690466;73336;2.5;0.1
FR;0;2021-02-02;70712;34739;1761178;108075;2.6;0.2
FR;0;2021-02-03;70997;37153;1832175;145228;2.7;0.2
FR;0;2021-02-04;80609;50284;1912784;195512;2.9;0.3
FR;0;2021-02-05;67125;45529;1979909;241041;3.0;0.4
FR;0;2021-02-06;21337;10441;2001246;251482;3.0;0.4
FR;0;2021-02-07;4824;5081;2006070;256563;3.0;0.4
FR;0;2021-02-08;45891;46220;2051961;302783;3.1;0.5
FR;0;2021-02-09;64908;72901;2116869;375684;3.2;0.6
FR;0;2021-02-10;69256;77293;2186125;452977;3.3;0.7
FR;0;2021-02-11;85646;100078;2271771;553055;3.4;0.8
FR;0;2021-02-12;77715;75121;2349486;628176;3.5;0.9
FR;0;2021-02-13;21671;19634;2371157;647810;3.5;1.0
FR;0;2021-02-14;4584;7232;2375741;655042;3.5;1.0
FR;0;2021-02-15;37044;77019;2412785;732061;3.6;1.1
FR;0;2021-02-16;49200;101387;2461985;833448;3.7;1.2
FR;0;2021-02-17;49297;103635;2511282;937083;3.7;1.4
FR;0;2021-02-18;67930;119603;2579212;1056686;3.8;1.6
FR;0;2021-02-19;63762;91679;2642974;1148365;3.9;1.7
FR;0;2021-02-20;17960;28602;2660934;1176967;4.0;1.8
FR;0;2021-02-21;2859;6412;2663793;1183379;4.0;1.8
FR;0;2021-02-22;36473;73684;2700266;1257063;4.0;1.9
FR;0;2021-02-23;52618;84766;2752884;1341829;4.1;2.0
FR;0;2021-02-24;58014;81821;2810898;1423650;4.2;2.1
FR;0;2021-02-25;98548;92901;2909446;1516551;4.3;2.3
FR;0;2021-02-26;111685;72480;3021131;1589031;4.5;2.4
FR;0;2021-02-27;51125;22504;3072256;1611535;4.6;2.4
FR;0;2021-02-28;5676;4494;3077932;1616029;4.6;2.4
FR;0;2021-03-01;63604;53582;3141536;1669611;4.7;2.5
FR;0;2021-03-02;99356;67521;3240892;1737132;4.8;2.6
FR;0;2021-03-03;113634;67103;3354526;1804235;5.0;2.7
FR;0;2021-03-04;160409;71305;3514935;1875540;5.2;2.8
FR;0;2021-03-05;197925;66298;3712860;1941838;5.5;2.9
FR;0;2021-03-06;204889;19864;3917749;1961702;5.8;2.9
FR;0;2021-03-07;119731;6625;4037480;1968327;6.0;2.9
FR;0;2021-03-08;104851;52173;4142331;2020500;6.2;3.0
FR;0;2021-03-09;169646;58956;4311977;2079456;6.4;3.1
FR;0;2021-03-10;175679;59427;4487656;2138883;6.7;3.2
FR;0;2021-03-11;239448;66441;4727104;2205324;7.0;3.3
FR;0;2021-03-12;290985;57372;5018089;2262696;7.5;3.4
FR;0;2021-03-13;228270;17552;5246359;2280248;7.8;3.4
FR;0;2021-03-14;62133;4176;5308492;2284424;7.9;3.4
FR;0;2021-03-15;155797;34915;5464289;2319339;8.1;3.5
FR;0;2021-03-16;139256;41585;5603545;2360924;8.3;3.5
FR;0;2021-03-17;148018;41150;5751563;2402074;8.6;3.6
FR;0;2021-03-18;165028;47851;5916591;2449925;8.8;3.7
FR;0;2021-03-19;226580;41584;6143171;2491509;9.2;3.7
FR;0;2021-03-20;164470;14201;6307641;2505710;9.4;3.7
FR;0;2021-03-21;48733;3548;6356374;2509258;9.5;3.7
FR;0;2021-03-22;167096;37516;6523470;2546774;9.7;3.8
FR;0;2021-03-23;246652;46961;6770122;2593735;10.1;3.9
FR;0;2021-03-24;253187;48511;7023309;2642246;10.5;3.9
FR;0;2021-03-25;337362;51147;7360671;2693393;11.0;4.0
FR;0;2021-03-26;354579;48876;7715250;2742269;11.5;4.1
FR;0;2021-03-27;192880;20407;7908130;2762676;11.8;4.1
FR;0;2021-03-28;58317;4881;7966447;2767557;11.9;4.1
FR;0;2021-03-29;200346;58435;8166793;2825992;12.2;4.2
FR;0;2021-03-30;281879;76017;8448672;2902009;12.6;4.3
FR;0;2021-03-31;259369;79276;8708041;2981285;13.0;4.4
FR;0;2021-04-01;309960;96363;9018001;3077648;13.4;4.6
FR;0;2021-04-02;277611;99425;9295612;3177073;13.9;4.7
FR;0;2021-04-03;139067;65252;9434679;3242325;14.1;4.8
FR;0;2021-04-04;44865;19991;9479544;3262316;14.1;4.9
FR;0;2021-04-05;58767;12802;9538311;3275118;14.2;4.9
FR;0;2021-04-06;213382;113590;9751693;3388708;14.5;5.0
FR;0;2021-04-07;256197;123003;10007890;3511711;14.9;5.2
FR;0;2021-04-08;332628;132008;10340518;3643719;15.4;5.4
FR;0;2021-04-09;404569;127809;10745087;3771528;16.0;5.6
FR;0;2021-04-10;210054;88390;10955141;3859918;16.3;5.8
FR;0;2021-04-11;54959;36393;11010100;3896311;16.4;5.8
FR;0;2021-04-12;233732;121818;11243832;4018129;16.8;6.0
FR;0;2021-04-13;304962;153889;11548794;4172018;17.2;6.2
FR;0;2021-04-14;289401;148771;11838195;4320789;17.6;6.4
FR;0;2021-04-15;331570;158763;12169765;4479552;18.1;6.7
FR;0;2021-04-16;334662;156009;12504427;4635561;18.6;6.9
FR;0;2021-04-17;186049;95777;12690476;4731338;18.9;7.0
FR;0;2021-04-18;50416;37264;12740892;4768602;19.0;7.1
FR;0;2021-04-19;202547;145217;12943439;4913819;19.3;7.3
FR;0;2021-04-20;250587;179487;13194026;5093306;19.7;7.6
FR;0;2021-04-21;249102;177779;13443128;5271085;20.0;7.9
FR;0;2021-04-22;282872;199040;13726000;5470125;20.5;8.2
FR;0;2021-04-23;290452;195169;14016452;5665294;20.9;8.4
FR;0;2021-04-24;188057;119922;14204509;5785216;21.2;8.6
FR;0;2021-04-25;68381;41852;14272890;5827068;21.3;8.7
FR;0;2021-04-26;217801;167092;14490691;5994160;21.6;8.9
FR;0;2021-04-27;280805;207695;14771496;6201855;22.0;9.2
FR;0;2021-04-28;294856;204776;15066352;6406631;22.4;9.5
FR;0;2021-04-29;352108;226909;15418460;6633540;23.0;9.9
FR;0;2021-04-30;366977;219965;15785437;6853505;23.5;10.2
FR;0;2021-05-01;163224;61716;15948661;6915221;23.8;10.3
FR;0;2021-05-02;89848;42485;16038509;6957706;23.9;10.4
FR;0;2021-05-03;282612;187263;16321121;7144969;24.3;10.6
FR;0;2021-05-04;309267;247264;16630388;7392233;24.8;11.0
FR;0;2021-05-05;318727;246547;16949115;7638780;25.3;11.4
FR;0;2021-05-06;372090;269608;17321205;7908388;25.8;11.8
FR;0;2021-05-07;366106;295114;17687311;8203502;26.4;12.2
FR;0;2021-05-08;209289;79523;17896600;8283025;26.7;12.3
FR;0;2021-05-09;127471;54287;18024071;8337312;26.9;12.4
FR;0;2021-05-10;303850;251951;18327921;8589263;27.3;12.8
FR;0;2021-05-11;396038;293241;18723959;8882504;27.9;13.2
FR;0;2021-05-12;422116;265693;19146075;9148197;28.5;13.6
FR;0;2021-05-13;331086;76144;19477161;9224341;29.0;13.7
FR;0;2021-05-14;444444;199743;19921605;9424084;29.7;14.0
FR;0;2021-05-15;366710;117836;20288315;9541920;30.2;14.2
FR;0;2021-05-16;199319;32989;20487634;9574909;30.5;14.3
FR;0;2021-05-17;368402;176257;20856036;9751166;31.1;14.5
FR;0;2021-05-18;446783;188561;21302819;9939727;31.7;14.8
FR;0;2021-05-19;456710;179097;21759529;10118824;32.4;15.1
FR;0;2021-05-20;494962;200495;22254491;10319319;33.2;15.4
FR;0;2021-05-21;477171;217556;22731662;10536875;33.9;15.7
FR;0;2021-05-22;341034;106215;23072696;10643090;34.4;15.9
FR;0;2021-05-23;158434;25836;23231130;10668926;34.6;15.9
FR;0;2021-05-24;256683;51643;23487813;10720569;35.0;16.0
FR;0;2021-05-25;390455;223143;23878268;10943712;35.6;16.3
FR;0;2021-05-26;397814;222843;24276082;11166555;36.2;16.6
FR;0;2021-05-27;438463;262804;24714545;11429359;36.8;17.0
FR;0;2021-05-28;418025;314643;25132570;11744002;37.4;17.5
FR;0;2021-05-29;293613;180434;25426183;11924436;37.9;17.8
FR;0;2021-05-30;104360;41481;25530543;11965917;38.0;17.8
FR;0;2021-05-31;350011;239479;25880554;12205396;38.6;18.2
FR;0;2021-06-01;411373;299890;26291927;12505286;39.2;18.6
FR;0;2021-06-02;398090;274395;26690017;12779681;39.8;19.0
FR;0;2021-06-03;448527;310032;27138544;13089713;40.4;19.5
FR;0;2021-06-04;438718;358620;27577262;13448333;41.1;20.0
FR;0;2021-06-05;296473;220053;27873735;13668386;41.5;20.4
FR;0;2021-06-06;128447;60249;28002182;13728635;41.7;20.5
FR;0;2021-06-07;325553;296699;28327735;14025334;42.2;20.9
FR;0;2021-06-08;371697;333244;28699432;14358578;42.8;21.4
