fra;clage_vacsi;jour;n_dose1;n_complet;n_cum_dose1;n_cum_complet;couv_dose1;couv_complet
FR;24;2020-12-27;1;0;1;0;0.0;0.0
FR;24;2020-12-28;2;0;3;0;0.0;0.0
FR;24;2020-12-29;0;0;3;0;0.0;0.0
FR;24;2020-12-30;0;0;3;0;0.0;0.0
FR;24;2020-12-31;0;0;3;0;0.0;0.0
FR;24;2021-01-01;1;0;4;0;0.0;0.0
FR;24;2021-01-02;0;0;4;0;0.0;0.0
FR;24;2021-01-03;2;0;6;0;0.0;0.0
FR;24;2021-01-04;4;0;10;0;0.0;0.0
FR;24;2021-01-05;17;0;27;0;0.0;0.0
FR;24;2021-01-06;36;0;63;0;0.0;0.0
FR;24;2021-01-07;180;0;243;0;0.0;0.0
FR;24;2021-01-08;216;0;459;0;0.0;0.0
FR;24;2021-01-09;40;0;499;0;0.0;0.0
FR;24;2021-01-10;35;0;534;0;0.0;0.0
FR;24;2021-01-11;251;2;785;2;0.0;0.0
FR;24;2021-01-12;397;3;1182;5;0.0;0.0
FR;24;2021-01-13;477;3;1659;8;0.0;0.0
FR;24;2021-01-14;612;5;2271;13;0.0;0.0
FR;24;2021-01-15;592;1;2863;14;0.1;0.0
FR;24;2021-01-16;117;3;2980;17;0.1;0.0
FR;24;2021-01-17;94;0;3074;17;0.1;0.0
FR;24;2021-01-18;508;3;3582;20;0.1;0.0
FR;24;2021-01-19;595;3;4177;23;0.1;0.0
FR;24;2021-01-20;649;0;4826;23;0.1;0.0
FR;24;2021-01-21;756;4;5582;27;0.1;0.0
FR;24;2021-01-22;600;4;6182;31;0.1;0.0
FR;24;2021-01-23;116;0;6298;31;0.1;0.0
FR;24;2021-01-24;22;0;6320;31;0.1;0.0
FR;24;2021-01-25;294;3;6614;34;0.1;0.0
FR;24;2021-01-26;366;12;6980;46;0.1;0.0
FR;24;2021-01-27;441;14;7421;60;0.1;0.0
FR;24;2021-01-28;595;51;8016;111;0.1;0.0
FR;24;2021-01-29;467;82;8483;193;0.2;0.0
FR;24;2021-01-30;87;16;8570;209;0.2;0.0
FR;24;2021-01-31;25;13;8595;222;0.2;0.0
FR;24;2021-02-01;157;134;8752;356;0.2;0.0
FR;24;2021-02-02;215;182;8967;538;0.2;0.0
FR;24;2021-02-03;217;185;9184;723;0.2;0.0
FR;24;2021-02-04;358;316;9542;1039;0.2;0.0
FR;24;2021-02-05;345;343;9887;1382;0.2;0.0
FR;24;2021-02-06;83;71;9970;1453;0.2;0.0
FR;24;2021-02-07;169;32;10139;1485;0.2;0.0
FR;24;2021-02-08;388;358;10527;1843;0.2;0.0
FR;24;2021-02-09;744;457;11271;2300;0.2;0.0
FR;24;2021-02-10;1091;595;12362;2895;0.2;0.1
FR;24;2021-02-11;1573;701;13935;3596;0.3;0.1
FR;24;2021-02-12;1622;563;15557;4159;0.3;0.1
FR;24;2021-02-13;292;92;15849;4251;0.3;0.1
FR;24;2021-02-14;62;30;15911;4281;0.3;0.1
FR;24;2021-02-15;1038;375;16949;4656;0.3;0.1
FR;24;2021-02-16;1562;576;18511;5232;0.3;0.1
FR;24;2021-02-17;1492;494;20003;5726;0.4;0.1
FR;24;2021-02-18;1944;628;21947;6354;0.4;0.1
FR;24;2021-02-19;1854;554;23801;6908;0.4;0.1
FR;24;2021-02-20;333;87;24134;6995;0.4;0.1
FR;24;2021-02-21;40;18;24174;7013;0.4;0.1
FR;24;2021-02-22;1167;280;25341;7293;0.5;0.1
FR;24;2021-02-23;1587;385;26928;7678;0.5;0.1
FR;24;2021-02-24;1649;327;28577;8005;0.5;0.1
FR;24;2021-02-25;2274;462;30851;8467;0.6;0.2
FR;24;2021-02-26;2193;389;33044;8856;0.6;0.2
FR;24;2021-02-27;532;83;33576;8939;0.6;0.2
FR;24;2021-02-28;93;15;33669;8954;0.6;0.2
FR;24;2021-03-01;1257;226;34926;9180;0.6;0.2
FR;24;2021-03-02;1659;292;36585;9472;0.7;0.2
FR;24;2021-03-03;1756;345;38341;9817;0.7;0.2
FR;24;2021-03-04;2139;497;40480;10314;0.7;0.2
FR;24;2021-03-05;3288;474;43768;10788;0.8;0.2
FR;24;2021-03-06;1703;132;45471;10920;0.8;0.2
FR;24;2021-03-07;979;62;46450;10982;0.9;0.2
FR;24;2021-03-08;1957;233;48407;11215;0.9;0.2
FR;24;2021-03-09;2601;292;51008;11507;0.9;0.2
FR;24;2021-03-10;2429;341;53437;11848;1.0;0.2
FR;24;2021-03-11;2916;486;56353;12334;1.0;0.2
FR;24;2021-03-12;3812;419;60165;12753;1.1;0.2
FR;24;2021-03-13;1481;92;61646;12845;1.1;0.2
FR;24;2021-03-14;532;35;62178;12880;1.1;0.2
FR;24;2021-03-15;1830;239;64008;13119;1.2;0.2
FR;24;2021-03-16;823;310;64831;13429;1.2;0.2
FR;24;2021-03-17;1072;319;65903;13748;1.2;0.3
FR;24;2021-03-18;1299;435;67202;14183;1.2;0.3
FR;24;2021-03-19;1868;357;69070;14540;1.3;0.3
FR;24;2021-03-20;831;87;69901;14627;1.3;0.3
FR;24;2021-03-21;633;52;70534;14679;1.3;0.3
FR;24;2021-03-22;1502;288;72036;14967;1.3;0.3
FR;24;2021-03-23;1795;396;73831;15363;1.4;0.3
FR;24;2021-03-24;2155;353;75986;15716;1.4;0.3
FR;24;2021-03-25;2557;492;78543;16208;1.4;0.3
FR;24;2021-03-26;3158;480;81701;16688;1.5;0.3
FR;24;2021-03-27;1896;194;83597;16882;1.5;0.3
FR;24;2021-03-28;1010;73;84607;16955;1.6;0.3
FR;24;2021-03-29;2438;370;87045;17325;1.6;0.3
FR;24;2021-03-30;3609;518;90654;17843;1.7;0.3
FR;24;2021-03-31;4134;524;94788;18367;1.7;0.3
FR;24;2021-04-01;5402;748;100190;19115;1.8;0.4
FR;24;2021-04-02;4451;627;104641;19742;1.9;0.4
FR;24;2021-04-03;1748;342;106389;20084;2.0;0.4
FR;24;2021-04-04;954;123;107343;20207;2.0;0.4
FR;24;2021-04-05;1094;128;108437;20335;2.0;0.4
FR;24;2021-04-06;3540;580;111977;20915;2.1;0.4
FR;24;2021-04-07;4773;804;116750;21719;2.2;0.4
FR;24;2021-04-08;6355;1103;123105;22822;2.3;0.4
FR;24;2021-04-09;5766;1043;128871;23865;2.4;0.4
FR;24;2021-04-10;2625;557;131496;24422;2.4;0.5
FR;24;2021-04-11;1255;307;132751;24729;2.4;0.5
FR;24;2021-04-12;3435;923;136186;25652;2.5;0.5
FR;24;2021-04-13;4749;1142;140935;26794;2.6;0.5
FR;24;2021-04-14;4936;1304;145871;28098;2.7;0.5
FR;24;2021-04-15;5188;1568;151059;29666;2.8;0.5
FR;24;2021-04-16;4788;1674;155847;31340;2.9;0.6
FR;24;2021-04-17;2118;796;157965;32136;2.9;0.6
FR;24;2021-04-18;724;436;158689;32572;2.9;0.6
FR;24;2021-04-19;2910;1512;161599;34084;3.0;0.6
FR;24;2021-04-20;3094;2115;164693;36199;3.0;0.7
FR;24;2021-04-21;3414;2462;168107;38661;3.1;0.7
FR;24;2021-04-22;3995;3114;172102;41775;3.2;0.8
FR;24;2021-04-23;4158;3277;176260;45052;3.2;0.8
FR;24;2021-04-24;2381;1676;178641;46728;3.3;0.9
FR;24;2021-04-25;1217;802;179858;47530;3.3;0.9
FR;24;2021-04-26;3060;2171;182918;49701;3.4;0.9
FR;24;2021-04-27;3880;3158;186798;52859;3.4;1.0
FR;24;2021-04-28;4381;3730;191179;56589;3.5;1.0
FR;24;2021-04-29;5443;4435;196622;61024;3.6;1.1
FR;24;2021-04-30;6153;4599;202775;65623;3.7;1.2
FR;24;2021-05-01;3943;1072;206718;66695;3.8;1.2
FR;24;2021-05-02;2736;901;209454;67596;3.9;1.2
FR;24;2021-05-03;6253;4138;215707;71734;4.0;1.3
FR;24;2021-05-04;7488;4704;223195;76438;4.1;1.4
FR;24;2021-05-05;8658;4933;231853;81371;4.3;1.5
FR;24;2021-05-06;10798;6356;242651;87727;4.5;1.6
FR;24;2021-05-07;11958;6397;254609;94124;4.7;1.7
FR;24;2021-05-08;9676;2511;264285;96635;4.9;1.8
FR;24;2021-05-09;6862;1927;271147;98562;5.0;1.8
FR;24;2021-05-10;10890;4937;282037;103499;5.2;1.9
FR;24;2021-05-11;15372;5718;297409;109217;5.5;2.0
FR;24;2021-05-12;22352;6100;319761;115317;5.9;2.1
FR;24;2021-05-13;26942;2972;346703;118289;6.4;2.2
FR;24;2021-05-14;31852;5457;378555;123746;7.0;2.3
FR;24;2021-05-15;33276;3890;411831;127636;7.6;2.4
FR;24;2021-05-16;21878;1957;433709;129593;8.0;2.4
FR;24;2021-05-17;29245;5158;462954;134751;8.5;2.5
FR;24;2021-05-18;37392;5964;500346;140715;9.2;2.6
FR;24;2021-05-19;39566;6998;539912;147713;10.0;2.7
FR;24;2021-05-20;45380;7364;585292;155077;10.8;2.9
FR;24;2021-05-21;46578;7099;631870;162176;11.6;3.0
FR;24;2021-05-22;44401;4435;676271;166611;12.5;3.1
FR;24;2021-05-23;23899;2283;700170;168894;12.9;3.1
FR;24;2021-05-24;34277;3537;734447;172431;13.5;3.2
FR;24;2021-05-25;44380;7715;778827;180146;14.4;3.3
FR;24;2021-05-26;44615;7329;823442;187475;15.2;3.5
FR;24;2021-05-27;51034;7958;874476;195433;16.1;3.6
FR;29;2020-12-27;0;0;0;0;0.0;0.0
FR;29;2020-12-28;1;0;1;0;0.0;0.0
FR;29;2020-12-29;0;0;1;0;0.0;0.0
FR;29;2020-12-30;0;0;1;0;0.0;0.0
FR;29;2020-12-31;0;0;1;0;0.0;0.0
FR;29;2021-01-01;2;0;3;0;0.0;0.0
FR;29;2021-01-02;2;0;5;0;0.0;0.0
FR;29;2021-01-03;2;0;7;0;0.0;0.0
FR;29;2021-01-04;10;0;17;0;0.0;0.0
FR;29;2021-01-05;42;0;59;0;0.0;0.0
FR;29;2021-01-06;142;0;201;0;0.0;0.0
FR;29;2021-01-07;306;1;507;1;0.0;0.0
FR;29;2021-01-08;518;2;1025;3;0.0;0.0
FR;29;2021-01-09;113;0;1138;3;0.0;0.0
FR;29;2021-01-10;91;0;1229;3;0.0;0.0
FR;29;2021-01-11;643;1;1872;4;0.1;0.0
FR;29;2021-01-12;931;7;2803;11;0.1;0.0
FR;29;2021-01-13;1212;6;4015;17;0.1;0.0
FR;29;2021-01-14;1561;10;5576;27;0.2;0.0
FR;29;2021-01-15;1306;2;6882;29;0.2;0.0
FR;29;2021-01-16;192;3;7074;32;0.2;0.0
FR;29;2021-01-17;158;0;7232;32;0.2;0.0
FR;29;2021-01-18;1039;4;8271;36;0.2;0.0
FR;29;2021-01-19;1147;5;9418;41;0.3;0.0
FR;29;2021-01-20;1193;3;10611;44;0.3;0.0
FR;29;2021-01-21;1454;5;12065;49;0.3;0.0
FR;29;2021-01-22;1148;5;13213;54;0.4;0.0
FR;29;2021-01-23;170;2;13383;56;0.4;0.0
FR;29;2021-01-24;52;0;13435;56;0.4;0.0
FR;29;2021-01-25;537;16;13972;72;0.4;0.0
FR;29;2021-01-26;663;35;14635;107;0.4;0.0
FR;29;2021-01-27;720;62;15355;169;0.4;0.0
FR;29;2021-01-28;1033;120;16388;289;0.4;0.0
FR;29;2021-01-29;802;170;17190;459;0.5;0.0
FR;29;2021-01-30;140;40;17330;499;0.5;0.0
FR;29;2021-01-31;33;26;17363;525;0.5;0.0
FR;29;2021-02-01;263;291;17626;816;0.5;0.0
FR;29;2021-02-02;406;372;18032;1188;0.5;0.0
FR;29;2021-02-03;455;458;18487;1646;0.5;0.0
FR;29;2021-02-04;609;716;19096;2362;0.5;0.1
FR;29;2021-02-05;532;748;19628;3110;0.5;0.1
FR;29;2021-02-06;141;106;19769;3216;0.5;0.1
FR;29;2021-02-07;304;64;20073;3280;0.5;0.1
FR;29;2021-02-08;603;801;20676;4081;0.6;0.1
FR;29;2021-02-09;1246;1012;21922;5093;0.6;0.1
FR;29;2021-02-10;1711;1129;23633;6222;0.6;0.2
FR;29;2021-02-11;2461;1411;26094;7633;0.7;0.2
FR;29;2021-02-12;2218;1215;28312;8848;0.8;0.2
FR;29;2021-02-13;426;155;28738;9003;0.8;0.2
FR;29;2021-02-14;133;81;28871;9084;0.8;0.2
FR;29;2021-02-15;1570;788;30441;9872;0.8;0.3
FR;29;2021-02-16;1918;1143;32359;11015;0.9;0.3
FR;29;2021-02-17;1883;933;34242;11948;0.9;0.3
FR;29;2021-02-18;2389;1149;36631;13097;1.0;0.4
FR;29;2021-02-19;2320;935;38951;14032;1.0;0.4
FR;29;2021-02-20;383;121;39334;14153;1.1;0.4
FR;29;2021-02-21;86;42;39420;14195;1.1;0.4
FR;29;2021-02-22;1362;521;40782;14716;1.1;0.4
FR;29;2021-02-23;1758;648;42540;15364;1.1;0.4
FR;29;2021-02-24;1784;537;44324;15901;1.2;0.4
FR;29;2021-02-25;2398;920;46722;16821;1.3;0.5
FR;29;2021-02-26;2571;647;49293;17468;1.3;0.5
FR;29;2021-02-27;607;108;49900;17576;1.3;0.5
FR;29;2021-02-28;112;28;50012;17604;1.3;0.5
FR;29;2021-03-01;1304;344;51316;17948;1.4;0.5
FR;29;2021-03-02;1800;578;53116;18526;1.4;0.5
FR;29;2021-03-03;1983;581;55099;19107;1.5;0.5
FR;29;2021-03-04;2477;737;57576;19844;1.5;0.5
FR;29;2021-03-05;3606;690;61182;20534;1.6;0.6
FR;29;2021-03-06;1629;135;62811;20669;1.7;0.6
FR;29;2021-03-07;819;94;63630;20763;1.7;0.6
FR;29;2021-03-08;1941;376;65571;21139;1.8;0.6
FR;29;2021-03-09;2635;457;68206;21596;1.8;0.6
FR;29;2021-03-10;2555;486;70761;22082;1.9;0.6
FR;29;2021-03-11;3331;789;74092;22871;2.0;0.6
FR;29;2021-03-12;3954;702;78046;23573;2.1;0.6
FR;29;2021-03-13;1625;127;79671;23700;2.1;0.6
FR;29;2021-03-14;564;61;80235;23761;2.2;0.6
FR;29;2021-03-15;1882;348;82117;24109;2.2;0.6
FR;29;2021-03-16;1117;491;83234;24600;2.2;0.7
FR;29;2021-03-17;1376;496;84610;25096;2.3;0.7
FR;29;2021-03-18;1642;667;86252;25763;2.3;0.7
FR;29;2021-03-19;2229;546;88481;26309;2.4;0.7
FR;29;2021-03-20;987;127;89468;26436;2.4;0.7
FR;29;2021-03-21;725;58;90193;26494;2.4;0.7
FR;29;2021-03-22;1656;404;91849;26898;2.5;0.7
FR;29;2021-03-23;2207;597;94056;27495;2.5;0.7
FR;29;2021-03-24;2529;560;96585;28055;2.6;0.8
FR;29;2021-03-25;3377;672;99962;28727;2.7;0.8
FR;29;2021-03-26;3728;681;103690;29408;2.8;0.8
FR;29;2021-03-27;2144;243;105834;29651;2.8;0.8
FR;29;2021-03-28;963;64;106797;29715;2.9;0.8
FR;29;2021-03-29;2758;514;109555;30229;2.9;0.8
FR;29;2021-03-30;3983;701;113538;30930;3.1;0.8
FR;29;2021-03-31;4501;796;118039;31726;3.2;0.9
FR;29;2021-04-01;5853;990;123892;32716;3.3;0.9
FR;29;2021-04-02;4888;905;128780;33621;3.5;0.9
FR;29;2021-04-03;1772;331;130552;33952;3.5;0.9
FR;29;2021-04-04;898;118;131450;34070;3.5;0.9
FR;29;2021-04-05;917;111;132367;34181;3.6;0.9
FR;29;2021-04-06;3492;748;135859;34929;3.7;0.9
FR;29;2021-04-07;4539;1097;140398;36026;3.8;1.0
FR;29;2021-04-08;6264;1436;146662;37462;3.9;1.0
FR;29;2021-04-09;6274;1259;152936;38721;4.1;1.0
FR;29;2021-04-10;2644;612;155580;39333;4.2;1.1
FR;29;2021-04-11;1162;333;156742;39666;4.2;1.1
FR;29;2021-04-12;3583;1029;160325;40695;4.3;1.1
FR;29;2021-04-13;4852;1481;165177;42176;4.4;1.1
FR;29;2021-04-14;4757;1504;169934;43680;4.6;1.2
FR;29;2021-04-15;5585;1806;175519;45486;4.7;1.2
FR;29;2021-04-16;4763;1866;180282;47352;4.9;1.3
FR;29;2021-04-17;2229;909;182511;48261;4.9;1.3
FR;29;2021-04-18;769;516;183280;48777;4.9;1.3
FR;29;2021-04-19;2840;1751;186120;50528;5.0;1.4
FR;29;2021-04-20;3474;2482;189594;53010;5.1;1.4
FR;29;2021-04-21;3447;2768;193041;55778;5.2;1.5
FR;29;2021-04-22;4412;3826;197453;59604;5.3;1.6
FR;29;2021-04-23;4554;3753;202007;63357;5.4;1.7
FR;29;2021-04-24;2683;1817;204690;65174;5.5;1.8
FR;29;2021-04-25;1178;736;205868;65910;5.5;1.8
FR;29;2021-04-26;2941;2459;208809;68369;5.6;1.8
FR;29;2021-04-27;3967;3587;212776;71956;5.7;1.9
FR;29;2021-04-28;4636;4010;217412;75966;5.8;2.0
FR;29;2021-04-29;5850;4959;223262;80925;6.0;2.2
FR;29;2021-04-30;6406;5176;229668;86101;6.2;2.3
FR;29;2021-05-01;4204;1208;233872;87309;6.3;2.3
FR;29;2021-05-02;2592;906;236464;88215;6.4;2.4
FR;29;2021-05-03;6803;4283;243267;92498;6.5;2.5
FR;29;2021-05-04;8087;5169;251354;97667;6.8;2.6
FR;29;2021-05-05;9557;5156;260911;102823;7.0;2.8
FR;29;2021-05-06;11159;6516;272070;109339;7.3;2.9
FR;29;2021-05-07;11577;6592;283647;115931;7.6;3.1
FR;29;2021-05-08;8584;2240;292231;118171;7.9;3.2
FR;29;2021-05-09;5902;1740;298133;119911;8.0;3.2
FR;29;2021-05-10;10514;5260;308647;125171;8.3;3.4
FR;29;2021-05-11;14445;6327;323092;131498;8.7;3.5
FR;29;2021-05-12;19576;6247;342668;137745;9.2;3.7
FR;29;2021-05-13;19454;2303;362122;140048;9.7;3.8
FR;29;2021-05-14;22176;4332;384298;144380;10.3;3.9
FR;29;2021-05-15;20957;2906;405255;147286;10.9;4.0
FR;29;2021-05-16;13383;1324;418638;148610;11.3;4.0
FR;29;2021-05-17;21403;4917;440041;153527;11.8;4.1
FR;29;2021-05-18;28116;5673;468157;159200;12.6;4.3
FR;29;2021-05-19;28670;5962;496827;165162;13.4;4.4
FR;29;2021-05-20;32509;6506;529336;171668;14.2;4.6
FR;29;2021-05-21;31561;6141;560897;177809;15.1;4.8
FR;29;2021-05-22;26008;2998;586905;180807;15.8;4.9
FR;29;2021-05-23;14151;1484;601056;182291;16.2;4.9
FR;29;2021-05-24;22502;2634;623558;184925;16.8;5.0
FR;29;2021-05-25;30353;6536;653911;191461;17.6;5.2
FR;29;2021-05-26;31887;6666;685798;198127;18.5;5.3
FR;29;2021-05-27;35076;7116;720874;205243;19.4;5.5
FR;39;2020-12-27;0;0;0;0;0.0;0.0
FR;39;2020-12-28;0;0;0;0;0.0;0.0
FR;39;2020-12-29;1;0;1;0;0.0;0.0
FR;39;2020-12-30;3;0;4;0;0.0;0.0
FR;39;2020-12-31;1;0;5;0;0.0;0.0
FR;39;2021-01-01;4;0;9;0;0.0;0.0
FR;39;2021-01-02;2;1;11;1;0.0;0.0
FR;39;2021-01-03;2;0;13;1;0.0;0.0
FR;39;2021-01-04;23;0;36;1;0.0;0.0
FR;39;2021-01-05;139;0;175;1;0.0;0.0
FR;39;2021-01-06;385;0;560;1;0.0;0.0
FR;39;2021-01-07;1175;5;1735;6;0.0;0.0
FR;39;2021-01-08;1785;4;3520;10;0.0;0.0
FR;39;2021-01-09;473;0;3993;10;0.0;0.0
FR;39;2021-01-10;307;2;4300;12;0.1;0.0
FR;39;2021-01-11;2207;7;6507;19;0.1;0.0
FR;39;2021-01-12;3402;14;9909;33;0.1;0.0
FR;39;2021-01-13;3495;11;13404;44;0.2;0.0
FR;39;2021-01-14;4773;45;18177;89;0.2;0.0
FR;39;2021-01-15;4389;14;22566;103;0.3;0.0
FR;39;2021-01-16;768;4;23334;107;0.3;0.0
FR;39;2021-01-17;490;2;23824;109;0.3;0.0
FR;39;2021-01-18;3063;23;26887;132;0.3;0.0
FR;39;2021-01-19;3999;18;30886;150;0.4;0.0
FR;39;2021-01-20;3895;14;34781;164;0.4;0.0
FR;39;2021-01-21;5139;19;39920;183;0.5;0.0
FR;39;2021-01-22;3958;23;43878;206;0.5;0.0
FR;39;2021-01-23;590;3;44468;209;0.5;0.0
FR;39;2021-01-24;184;0;44652;209;0.5;0.0
FR;39;2021-01-25;1595;40;46247;249;0.6;0.0
FR;39;2021-01-26;2165;100;48412;349;0.6;0.0
FR;39;2021-01-27;2278;211;50690;560;0.6;0.0
FR;39;2021-01-28;3474;467;54164;1027;0.7;0.0
FR;39;2021-01-29;2675;694;56839;1721;0.7;0.0
FR;39;2021-01-30;395;215;57234;1936;0.7;0.0
FR;39;2021-01-31;89;78;57323;2014;0.7;0.0
FR;39;2021-02-01;748;1058;58071;3072;0.7;0.0
FR;39;2021-02-02;1328;1647;59399;4719;0.7;0.1
FR;39;2021-02-03;1358;1654;60757;6373;0.7;0.1
FR;39;2021-02-04;1976;2535;62733;8908;0.8;0.1
FR;39;2021-02-05;1641;2703;64374;11611;0.8;0.1
FR;39;2021-02-06;396;431;64770;12042;0.8;0.1
FR;39;2021-02-07;553;208;65323;12250;0.8;0.1
FR;39;2021-02-08;1516;2421;66839;14671;0.8;0.2
FR;39;2021-02-09;3160;3369;69999;18040;0.8;0.2
FR;39;2021-02-10;3881;3510;73880;21550;0.9;0.3
FR;39;2021-02-11;6160;4835;80040;26385;1.0;0.3
FR;39;2021-02-12;5810;3973;85850;30358;1.0;0.4
FR;39;2021-02-13;1239;543;87089;30901;1.0;0.4
FR;39;2021-02-14;386;265;87475;31166;1.1;0.4
FR;39;2021-02-15;3418;2379;90893;33545;1.1;0.4
FR;39;2021-02-16;4417;3339;95310;36884;1.1;0.4
FR;39;2021-02-17;3989;2849;99299;39733;1.2;0.5
FR;39;2021-02-18;5967;3864;105266;43597;1.3;0.5
FR;39;2021-02-19;5832;3056;111098;46653;1.3;0.6
FR;39;2021-02-20;1138;469;112236;47122;1.4;0.6
FR;39;2021-02-21;186;118;112422;47240;1.4;0.6
FR;39;2021-02-22;2997;1656;115419;48896;1.4;0.6
FR;39;2021-02-23;3911;1909;119330;50805;1.4;0.6
FR;39;2021-02-24;3715;1693;123045;52498;1.5;0.6
FR;39;2021-02-25;5600;2521;128645;55019;1.6;0.7
FR;39;2021-02-26;6084;1919;134729;56938;1.6;0.7
FR;39;2021-02-27;1660;306;136389;57244;1.6;0.7
FR;39;2021-02-28;240;121;136629;57365;1.6;0.7
FR;39;2021-03-01;2945;998;139574;58363;1.7;0.7
FR;39;2021-03-02;4254;1614;143828;59977;1.7;0.7
FR;39;2021-03-03;4235;1516;148063;61493;1.8;0.7
FR;39;2021-03-04;6284;2297;154347;63790;1.9;0.8
FR;39;2021-03-05;9119;2079;163466;65869;2.0;0.8
FR;39;2021-03-06;4916;410;168382;66279;2.0;0.8
FR;39;2021-03-07;2639;242;171021;66521;2.1;0.8
FR;39;2021-03-08;4666;1101;175687;67622;2.1;0.8
FR;39;2021-03-09;6847;1482;182534;69104;2.2;0.8
FR;39;2021-03-10;6077;1508;188611;70612;2.3;0.9
FR;39;2021-03-11;8640;2361;197251;72973;2.4;0.9
FR;39;2021-03-12;11405;2105;208656;75078;2.5;0.9
FR;39;2021-03-13;5215;413;213871;75491;2.6;0.9
FR;39;2021-03-14;1747;158;215618;75649;2.6;0.9
FR;39;2021-03-15;4766;1029;220384;76678;2.7;0.9
FR;39;2021-03-16;3364;1402;223748;78080;2.7;0.9
FR;39;2021-03-17;3441;1488;227189;79568;2.7;1.0
FR;39;2021-03-18;4648;1972;231837;81540;2.8;1.0
FR;39;2021-03-19;6266;1629;238103;83169;2.9;1.0
FR;39;2021-03-20;3170;364;241273;83533;2.9;1.0
FR;39;2021-03-21;2071;164;243344;83697;2.9;1.0
FR;39;2021-03-22;4441;1086;247785;84783;3.0;1.0
FR;39;2021-03-23;6159;1647;253944;86430;3.1;1.0
FR;39;2021-03-24;6306;1368;260250;87798;3.1;1.1
FR;39;2021-03-25;9052;1730;269302;89528;3.2;1.1
FR;39;2021-03-26;10636;1697;279938;91225;3.4;1.1
FR;39;2021-03-27;5989;612;285927;91837;3.4;1.1
FR;39;2021-03-28;2733;178;288660;92015;3.5;1.1
FR;39;2021-03-29;7185;1277;295845;93292;3.6;1.1
FR;39;2021-03-30;10515;1867;306360;95159;3.7;1.1
FR;39;2021-03-31;11153;1844;317513;97003;3.8;1.2
FR;39;2021-04-01;14994;2618;332507;99621;4.0;1.2
FR;39;2021-04-02;13255;2439;345762;102060;4.2;1.2
FR;39;2021-04-03;5603;1011;351365;103071;4.2;1.2
FR;39;2021-04-04;2522;344;353887;103415;4.3;1.2
FR;39;2021-04-05;2534;320;356421;103735;4.3;1.3
FR;39;2021-04-06;9269;2286;365690;106021;4.4;1.3
FR;39;2021-04-07;12178;2731;377868;108752;4.6;1.3
FR;39;2021-04-08;16844;3700;394712;112452;4.8;1.4
FR;39;2021-04-09;16865;3602;411577;116054;5.0;1.4
FR;39;2021-04-10;7411;1933;418988;117987;5.1;1.4
FR;39;2021-04-11;2987;982;421975;118969;5.1;1.4
FR;39;2021-04-12;9599;2743;431574;121712;5.2;1.5
FR;39;2021-04-13;12937;3995;444511;125707;5.4;1.5
FR;39;2021-04-14;12882;3842;457393;129549;5.5;1.6
FR;39;2021-04-15;14780;4819;472173;134368;5.7;1.6
FR;39;2021-04-16;12710;5278;484883;139646;5.8;1.7
FR;39;2021-04-17;6114;2714;490997;142360;5.9;1.7
FR;39;2021-04-18;2263;1558;493260;143918;5.9;1.7
FR;39;2021-04-19;7862;4696;501122;148614;6.0;1.8
FR;39;2021-04-20;9394;6731;510516;155345;6.2;1.9
FR;39;2021-04-21;10243;7184;520759;162529;6.3;2.0
FR;39;2021-04-22;11833;10301;532592;172830;6.4;2.1
FR;39;2021-04-23;12170;10500;544762;183330;6.6;2.2
FR;39;2021-04-24;7809;5081;552571;188411;6.7;2.3
FR;39;2021-04-25;3469;2153;556040;190564;6.7;2.3
FR;39;2021-04-26;8568;6949;564608;197513;6.8;2.4
FR;39;2021-04-27;11777;9551;576385;207064;6.9;2.5
FR;39;2021-04-28;13162;10052;589547;217116;7.1;2.6
FR;39;2021-04-29;17202;12943;606749;230059;7.3;2.8
FR;39;2021-04-30;19715;13256;626464;243315;7.6;2.9
FR;39;2021-05-01;13500;3538;639964;246853;7.7;3.0
FR;39;2021-05-02;9282;2491;649246;249344;7.8;3.0
FR;39;2021-05-03;22346;11320;671592;260664;8.1;3.1
FR;39;2021-05-04;26886;13942;698478;274606;8.4;3.3
FR;39;2021-05-05;30708;14254;729186;288860;8.8;3.5
FR;39;2021-05-06;37056;17681;766242;306541;9.2;3.7
FR;39;2021-05-07;38309;18543;804551;325084;9.7;3.9
FR;39;2021-05-08;28245;5596;832796;330680;10.0;4.0
FR;39;2021-05-09;18771;4298;851567;334978;10.3;4.0
FR;39;2021-05-10;33627;14484;885194;349462;10.7;4.2
FR;39;2021-05-11;43933;17071;929127;366533;11.2;4.4
FR;39;2021-05-12;55662;16143;984789;382676;11.9;4.6
FR;39;2021-05-13;52658;5577;1037447;388253;12.5;4.7
FR;39;2021-05-14;61732;10942;1099179;399195;13.3;4.8
FR;39;2021-05-15;55737;6812;1154916;406007;13.9;4.9
FR;39;2021-05-16;36054;3085;1190970;409092;14.4;4.9
FR;39;2021-05-17;56190;11887;1247160;420979;15.0;5.1
FR;39;2021-05-18;70684;13561;1317844;434540;15.9;5.2
FR;39;2021-05-19;74118;14105;1391962;448645;16.8;5.4
FR;39;2021-05-20;82572;14917;1474534;463562;17.8;5.6
FR;39;2021-05-21;81569;14903;1556103;478465;18.8;5.8
FR;39;2021-05-22;63431;7376;1619534;485841;19.5;5.9
FR;39;2021-05-23;33960;3284;1653494;489125;19.9;5.9
FR;39;2021-05-24;52228;5336;1705722;494461;20.6;6.0
FR;39;2021-05-25;73108;15793;1778830;510254;21.4;6.2
FR;39;2021-05-26;75162;15949;1853992;526203;22.3;6.3
FR;39;2021-05-27;83655;16838;1937647;543041;23.4;6.5
FR;49;2020-12-27;2;0;2;0;0.0;0.0
FR;49;2020-12-28;3;0;5;0;0.0;0.0
FR;49;2020-12-29;1;0;6;0;0.0;0.0
FR;49;2020-12-30;6;0;12;0;0.0;0.0
FR;49;2020-12-31;1;0;13;0;0.0;0.0
FR;49;2021-01-01;3;0;16;0;0.0;0.0
FR;49;2021-01-02;9;0;25;0;0.0;0.0
FR;49;2021-01-03;5;0;30;0;0.0;0.0
FR;49;2021-01-04;86;0;116;0;0.0;0.0
FR;49;2021-01-05;334;1;450;1;0.0;0.0
FR;49;2021-01-06;856;4;1306;5;0.0;0.0
FR;49;2021-01-07;2158;6;3464;11;0.0;0.0
FR;49;2021-01-08;3371;7;6835;18;0.1;0.0
FR;49;2021-01-09;1000;1;7835;19;0.1;0.0
FR;49;2021-01-10;472;1;8307;20;0.1;0.0
FR;49;2021-01-11;4169;9;12476;29;0.1;0.0
FR;49;2021-01-12;5854;11;18330;40;0.2;0.0
FR;49;2021-01-13;6152;16;24482;56;0.3;0.0
FR;49;2021-01-14;8326;69;32808;125;0.4;0.0
FR;49;2021-01-15;7600;25;40408;150;0.5;0.0
FR;49;2021-01-16;1415;9;41823;159;0.5;0.0
FR;49;2021-01-17;620;5;42443;164;0.5;0.0
FR;49;2021-01-18;5055;17;47498;181;0.6;0.0
FR;49;2021-01-19;6805;17;54303;198;0.6;0.0
FR;49;2021-01-20;6615;23;60918;221;0.7;0.0
FR;49;2021-01-21;8393;30;69311;251;0.8;0.0
FR;49;2021-01-22;6247;32;75558;283;0.9;0.0
FR;49;2021-01-23;1015;6;76573;289;0.9;0.0
FR;49;2021-01-24;282;3;76855;292;0.9;0.0
FR;49;2021-01-25;2612;98;79467;390;0.9;0.0
FR;49;2021-01-26;3724;223;83191;613;1.0;0.0
FR;49;2021-01-27;3974;386;87165;999;1.0;0.0
FR;49;2021-01-28;5538;975;92703;1974;1.1;0.0
FR;49;2021-01-29;4396;1555;97099;3529;1.1;0.0
FR;49;2021-01-30;690;377;97789;3906;1.1;0.0
FR;49;2021-01-31;137;125;97926;4031;1.1;0.0
FR;49;2021-02-01;1368;2089;99294;6120;1.2;0.1
FR;49;2021-02-02;2270;3199;101564;9319;1.2;0.1
FR;49;2021-02-03;2293;3377;103857;12696;1.2;0.1
FR;49;2021-02-04;3360;4769;107217;17465;1.2;0.2
FR;49;2021-02-05;2788;4885;110005;22350;1.3;0.3
FR;49;2021-02-06;568;886;110573;23236;1.3;0.3
FR;49;2021-02-07;520;292;111093;23528;1.3;0.3
FR;49;2021-02-08;1934;4051;113027;27579;1.3;0.3
FR;49;2021-02-09;4332;5737;117359;33316;1.4;0.4
FR;49;2021-02-10;5488;6047;122847;39363;1.4;0.5
FR;49;2021-02-11;7987;7963;130834;47326;1.5;0.6
FR;49;2021-02-12;7298;6440;138132;53766;1.6;0.6
FR;49;2021-02-13;1697;1016;139829;54782;1.6;0.6
FR;49;2021-02-14;407;405;140236;55187;1.6;0.6
FR;49;2021-02-15;4123;3877;144359;59064;1.7;0.7
FR;49;2021-02-16;5375;5329;149734;64393;1.7;0.7
FR;49;2021-02-17;5137;4650;154871;69043;1.8;0.8
FR;49;2021-02-18;7471;6188;162342;75231;1.9;0.9
FR;49;2021-02-19;7045;4870;169387;80101;2.0;0.9
FR;49;2021-02-20;1493;795;170880;80896;2.0;0.9
FR;49;2021-02-21;278;224;171158;81120;2.0;0.9
FR;49;2021-02-22;3527;2648;174685;83768;2.0;1.0
FR;49;2021-02-23;4856;3126;179541;86894;2.1;1.0
FR;49;2021-02-24;4893;2830;184434;89724;2.1;1.0
FR;49;2021-02-25;7551;4157;191985;93881;2.2;1.1
FR;49;2021-02-26;8261;3147;200246;97028;2.3;1.1
FR;49;2021-02-27;2676;565;202922;97593;2.4;1.1
FR;49;2021-02-28;333;137;203255;97730;2.4;1.1
FR;49;2021-03-01;3824;1627;207079;99357;2.4;1.2
FR;49;2021-03-02;5778;2459;212857;101816;2.5;1.2
FR;49;2021-03-03;6008;2499;218865;104315;2.5;1.2
FR;49;2021-03-04;8890;3443;227755;107758;2.7;1.3
FR;49;2021-03-05;12509;3191;240264;110949;2.8;1.3
FR;49;2021-03-06;8559;593;248823;111542;2.9;1.3
FR;49;2021-03-07;4670;385;253493;111927;3.0;1.3
FR;49;2021-03-08;6379;1632;259872;113559;3.0;1.3
FR;49;2021-03-09;9464;2260;269336;115819;3.1;1.3
FR;49;2021-03-10;8910;2293;278246;118112;3.2;1.4
FR;49;2021-03-11;12736;3373;290982;121485;3.4;1.4
FR;49;2021-03-12;16370;2862;307352;124347;3.6;1.4
FR;49;2021-03-13;9518;595;316870;124942;3.7;1.5
FR;49;2021-03-14;3127;232;319997;125174;3.7;1.5
FR;49;2021-03-15;6860;1433;326857;126607;3.8;1.5
FR;49;2021-03-16;4621;2124;331478;128731;3.9;1.5
FR;49;2021-03-17;5166;1998;336644;130729;3.9;1.5
FR;49;2021-03-18;6534;2770;343178;133499;4.0;1.6
FR;49;2021-03-19;9485;2268;352663;135767;4.1;1.6
FR;49;2021-03-20;5865;552;358528;136319;4.2;1.6
FR;49;2021-03-21;3142;205;361670;136524;4.2;1.6
FR;49;2021-03-22;6285;1459;367955;137983;4.3;1.6
FR;49;2021-03-23;8579;2129;376534;140112;4.4;1.6
FR;49;2021-03-24;9499;1954;386033;142066;4.5;1.7
FR;49;2021-03-25;12321;2316;398354;144382;4.6;1.7
FR;49;2021-03-26;14684;2285;413038;146667;4.8;1.7
FR;49;2021-03-27;9347;819;422385;147486;4.9;1.7
FR;49;2021-03-28;3847;291;426232;147777;5.0;1.7
FR;49;2021-03-29;9855;1817;436087;149594;5.1;1.7
FR;49;2021-03-30;14252;2634;450339;152228;5.2;1.8
FR;49;2021-03-31;15514;2735;465853;154963;5.4;1.8
FR;49;2021-04-01;19806;3641;485659;158604;5.7;1.8
FR;49;2021-04-02;17421;3385;503080;161989;5.9;1.9
FR;49;2021-04-03;9319;1806;512399;163795;6.0;1.9
FR;49;2021-04-04;4110;616;516509;164411;6.0;1.9
FR;49;2021-04-05;4200;524;520709;164935;6.1;1.9
FR;49;2021-04-06;13145;3335;533854;168270;6.2;2.0
FR;49;2021-04-07;17625;4198;551479;172468;6.4;2.0
FR;49;2021-04-08;22353;5118;573832;177586;6.7;2.1
FR;49;2021-04-09;23440;5280;597272;182866;7.0;2.1
FR;49;2021-04-10;12409;3375;609681;186241;7.1;2.2
FR;49;2021-04-11;4465;1672;614146;187913;7.1;2.2
FR;49;2021-04-12;14097;3754;628243;191667;7.3;2.2
FR;49;2021-04-13;18652;5732;646895;197399;7.5;2.3
FR;49;2021-04-14;19337;5924;666232;203323;7.8;2.4
FR;49;2021-04-15;20271;6984;686503;210307;8.0;2.4
FR;49;2021-04-16;17336;7285;703839;217592;8.2;2.5
FR;49;2021-04-17;9833;4634;713672;222226;8.3;2.6
FR;49;2021-04-18;3356;2290;717028;224516;8.3;2.6
FR;49;2021-04-19;11885;6362;728913;230878;8.5;2.7
FR;49;2021-04-20;14022;8977;742935;239855;8.6;2.8
FR;49;2021-04-21;15852;10098;758787;249953;8.8;2.9
FR;49;2021-04-22;17381;13085;776168;263038;9.0;3.1
FR;49;2021-04-23;17909;14055;794077;277093;9.2;3.2
FR;49;2021-04-24;12554;7783;806631;284876;9.4;3.3
FR;49;2021-04-25;5405;3119;812036;287995;9.5;3.4
FR;49;2021-04-26;13461;9910;825497;297905;9.6;3.5
FR;49;2021-04-27;18466;13057;843963;310962;9.8;3.6
FR;49;2021-04-28;22391;14517;866354;325479;10.1;3.8
FR;49;2021-04-29;27245;17234;893599;342713;10.4;4.0
FR;49;2021-04-30;31549;18024;925148;360737;10.8;4.2
FR;49;2021-05-01;23969;5690;949117;366427;11.0;4.3
FR;49;2021-05-02;16392;3849;965509;370276;11.2;4.3
FR;49;2021-05-03;39225;15497;1004734;385773;11.7;4.5
FR;49;2021-05-04;46309;20247;1051043;406020;12.2;4.7
FR;49;2021-05-05;55404;21599;1106447;427619;12.9;5.0
FR;49;2021-05-06;62104;24584;1168551;452203;13.6;5.3
FR;49;2021-05-07;65182;26027;1233733;478230;14.4;5.6
FR;49;2021-05-08;50337;9062;1284070;487292;14.9;5.7
FR;49;2021-05-09;32174;6228;1316244;493520;15.3;5.7
FR;49;2021-05-10;56712;20628;1372956;514148;16.0;6.0
FR;49;2021-05-11;71454;23802;1444410;537950;16.8;6.3
FR;49;2021-05-12;88970;23872;1533380;561822;17.8;6.5
FR;49;2021-05-13;79252;7691;1612632;569513;18.8;6.6
FR;49;2021-05-14;95544;15616;1708176;585129;19.9;6.8
FR;49;2021-05-15;85335;10724;1793511;595853;20.9;6.9
FR;49;2021-05-16;53102;4485;1846613;600338;21.5;7.0
FR;49;2021-05-17;81510;16243;1928123;616581;22.4;7.2
FR;49;2021-05-18;97412;17776;2025535;634357;23.6;7.4
FR;49;2021-05-19;109340;19341;2134875;653698;24.8;7.6
FR;49;2021-05-20;113080;19666;2247955;673364;26.2;7.8
FR;49;2021-05-21;112148;19867;2360103;693231;27.5;8.1
FR;49;2021-05-22;87084;10458;2447187;703689;28.5;8.2
FR;49;2021-05-23;42752;3961;2489939;707650;29.0;8.2
FR;49;2021-05-24;66844;6830;2556783;714480;29.8;8.3
FR;49;2021-05-25;94006;20822;2650789;735302;30.8;8.6
FR;49;2021-05-26;99222;22983;2750011;758285;32.0;8.8
FR;49;2021-05-27;102670;22564;2852681;780849;33.2;9.1
FR;59;2020-12-27;2;0;2;0;0.0;0.0
FR;59;2020-12-28;6;0;8;0;0.0;0.0
FR;59;2020-12-29;2;0;10;0;0.0;0.0
FR;59;2020-12-30;6;0;16;0;0.0;0.0
FR;59;2020-12-31;9;0;25;0;0.0;0.0
FR;59;2021-01-01;24;1;49;1;0.0;0.0
FR;59;2021-01-02;26;0;75;1;0.0;0.0
FR;59;2021-01-03;36;0;111;1;0.0;0.0
FR;59;2021-01-04;593;2;704;3;0.0;0.0
FR;59;2021-01-05;2166;1;2870;4;0.0;0.0
FR;59;2021-01-06;4801;10;7671;14;0.1;0.0
FR;59;2021-01-07;10508;22;18179;36;0.2;0.0
FR;59;2021-01-08;14310;17;32489;53;0.4;0.0
FR;59;2021-01-09;4056;8;36545;61;0.4;0.0
FR;59;2021-01-10;1984;1;38529;62;0.4;0.0
FR;59;2021-01-11;15935;23;54464;85;0.6;0.0
FR;59;2021-01-12;21104;32;75568;117;0.9;0.0
FR;59;2021-01-13;22701;48;98269;165;1.1;0.0
FR;59;2021-01-14;24742;218;123011;383;1.4;0.0
FR;59;2021-01-15;21578;91;144589;474;1.6;0.0
FR;59;2021-01-16;5371;20;149960;494;1.7;0.0
FR;59;2021-01-17;1801;8;151761;502;1.7;0.0
FR;59;2021-01-18;13569;56;165330;558;1.9;0.0
FR;59;2021-01-19;17931;75;183261;633;2.1;0.0
FR;59;2021-01-20;17046;65;200307;698;2.3;0.0
FR;59;2021-01-21;18739;54;219046;752;2.5;0.0
FR;59;2021-01-22;13894;72;232940;824;2.6;0.0
FR;59;2021-01-23;2950;20;235890;844;2.7;0.0
FR;59;2021-01-24;839;12;236729;856;2.7;0.0
FR;59;2021-01-25;6699;609;243428;1465;2.8;0.0
FR;59;2021-01-26;8402;1373;251830;2838;2.9;0.0
FR;59;2021-01-27;8811;2392;260641;5230;3.0;0.1
FR;59;2021-01-28;10457;5025;271098;10255;3.1;0.1
FR;59;2021-01-29;7831;6640;278929;16895;3.2;0.2
FR;59;2021-01-30;1757;1512;280686;18407;3.2;0.2
FR;59;2021-01-31;370;547;281056;18954;3.2;0.2
FR;59;2021-02-01;3159;8738;284215;27692;3.2;0.3
FR;59;2021-02-02;4671;12480;288886;40172;3.3;0.5
FR;59;2021-02-03;4808;13543;293694;53715;3.3;0.6
FR;59;2021-02-04;5926;15891;299620;69606;3.4;0.8
FR;59;2021-02-05;4811;14916;304431;84522;3.5;1.0
FR;59;2021-02-06;1152;2996;305583;87518;3.5;1.0
FR;59;2021-02-07;389;985;305972;88503;3.5;1.0
FR;59;2021-02-08;2755;12465;308727;100968;3.5;1.1
FR;59;2021-02-09;4897;16152;313624;117120;3.6;1.3
FR;59;2021-02-10;5682;16043;319306;133163;3.6;1.5
FR;59;2021-02-11;7649;19692;326955;152855;3.7;1.7
FR;59;2021-02-12;6744;15998;333699;168853;3.8;1.9
FR;59;2021-02-13;1687;3444;335386;172297;3.8;2.0
FR;59;2021-02-14;361;983;335747;173280;3.8;2.0
FR;59;2021-02-15;3262;10522;339009;183802;3.9;2.1
FR;59;2021-02-16;4728;13548;343737;197350;3.9;2.2
FR;59;2021-02-17;4962;12292;348699;209642;4.0;2.4
FR;59;2021-02-18;7059;13835;355758;223477;4.0;2.5
FR;59;2021-02-19;6451;10679;362209;234156;4.1;2.7
FR;59;2021-02-20;1416;2482;363625;236638;4.1;2.7
FR;59;2021-02-21;282;573;363907;237211;4.1;2.7
FR;59;2021-02-22;3247;6355;367154;243566;4.2;2.8
FR;59;2021-02-23;4806;7113;371960;250679;4.2;2.9
FR;59;2021-02-24;6839;6394;378799;257073;4.3;2.9
FR;59;2021-02-25;21181;8435;399980;265508;4.5;3.0
FR;59;2021-02-26;28221;6211;428201;271719;4.9;3.1
FR;59;2021-02-27;17085;1483;445286;273202;5.1;3.1
FR;59;2021-02-28;1109;374;446395;273576;5.1;3.1
FR;59;2021-03-01;8779;3490;455174;277066;5.2;3.2
FR;59;2021-03-02;17118;4871;472292;281937;5.4;3.2
FR;59;2021-03-03;20551;4913;492843;286850;5.6;3.3
FR;59;2021-03-04;32151;5755;524994;292605;6.0;3.3
FR;59;2021-03-05;40689;5293;565683;297898;6.4;3.4
FR;59;2021-03-06;35674;1388;601357;299286;6.8;3.4
FR;59;2021-03-07;13974;964;615331;300250;7.0;3.4
FR;59;2021-03-08;12204;3101;627535;303351;7.1;3.5
FR;59;2021-03-09;22702;4090;650237;307441;7.4;3.5
FR;59;2021-03-10;23003;4131;673240;311572;7.7;3.5
FR;59;2021-03-11;34105;5299;707345;316871;8.0;3.6
FR;59;2021-03-12;45149;4386;752494;321257;8.6;3.7
FR;59;2021-03-13;35945;1229;788439;322486;9.0;3.7
FR;59;2021-03-14;7158;373;795597;322859;9.0;3.7
FR;59;2021-03-15;14411;2492;810008;325351;9.2;3.7
FR;59;2021-03-16;7873;2926;817881;328277;9.3;3.7
FR;59;2021-03-17;8713;3069;826594;331346;9.4;3.8
FR;59;2021-03-18;10383;3951;836977;335297;9.5;3.8
FR;59;2021-03-19;23359;3446;860336;338743;9.8;3.9
FR;59;2021-03-20;20989;1009;881325;339752;10.0;3.9
FR;59;2021-03-21;6264;364;887589;340116;10.1;3.9
FR;59;2021-03-22;15410;2608;902999;342724;10.3;3.9
FR;59;2021-03-23;25279;3392;928278;346116;10.6;3.9
FR;59;2021-03-24;27879;3382;956157;349498;10.9;4.0
FR;59;2021-03-25;37733;3688;993890;353186;11.3;4.0
FR;59;2021-03-26;42629;3920;1036519;357106;11.8;4.1
FR;59;2021-03-27;26732;1632;1063251;358738;12.1;4.1
FR;59;2021-03-28;7512;439;1070763;359177;12.2;4.1
FR;59;2021-03-29;21595;3269;1092358;362446;12.4;4.1
FR;59;2021-03-30;32000;4189;1124358;366635;12.8;4.2
FR;59;2021-03-31;31254;4522;1155612;371157;13.1;4.2
FR;59;2021-04-01;38179;5650;1193791;376807;13.6;4.3
FR;59;2021-04-02;36736;5591;1230527;382398;14.0;4.3
FR;59;2021-04-03;21256;3382;1251783;385780;14.2;4.4
FR;59;2021-04-04;7328;1190;1259111;386970;14.3;4.4
FR;59;2021-04-05;8245;1062;1267356;388032;14.4;4.4
FR;59;2021-04-06;25564;5791;1292920;393823;14.7;4.5
FR;59;2021-04-07;33735;7004;1326655;400827;15.1;4.6
FR;59;2021-04-08;44797;8297;1371452;409124;15.6;4.7
FR;59;2021-04-09;60455;8804;1431907;417928;16.3;4.8
FR;59;2021-04-10;36323;6976;1468230;424904;16.7;4.8
FR;59;2021-04-11;9725;3489;1477955;428393;16.8;4.9
FR;59;2021-04-12;35142;7309;1513097;435702;17.2;5.0
FR;59;2021-04-13;49625;9985;1562722;445687;17.8;5.1
FR;59;2021-04-14;49952;10007;1612674;455694;18.3;5.2
FR;59;2021-04-15;59260;11548;1671934;467242;19.0;5.3
FR;59;2021-04-16;62921;12210;1734855;479452;19.7;5.5
FR;59;2021-04-17;41302;9569;1776157;489021;20.2;5.6
FR;59;2021-04-18;12258;4617;1788415;493638;20.3;5.6
FR;59;2021-04-19;33003;11048;1821418;504686;20.7;5.7
FR;59;2021-04-20;44326;14587;1865744;519273;21.2;5.9
FR;59;2021-04-21;46963;16318;1912707;535591;21.8;6.1
FR;59;2021-04-22;55353;19311;1968060;554902;22.4;6.3
FR;59;2021-04-23;64787;20560;2032847;575462;23.1;6.5
FR;59;2021-04-24;47300;15406;2080147;590868;23.7;6.7
FR;59;2021-04-25;16508;5406;2096655;596274;23.8;6.8
FR;59;2021-04-26;40924;17351;2137579;613625;24.3;7.0
FR;59;2021-04-27;56286;23121;2193865;636746;25.0;7.2
FR;59;2021-04-28;63866;25757;2257731;662503;25.7;7.5
FR;59;2021-04-29;77679;31432;2335410;693935;26.6;7.9
FR;59;2021-04-30;92066;36295;2427476;730230;27.6;8.3
FR;59;2021-05-01;43240;10878;2470716;741108;28.1;8.4
FR;59;2021-05-02;23306;7215;2494022;748323;28.4;8.5
FR;59;2021-05-03;62285;26143;2556307;774466;29.1;8.8
FR;59;2021-05-04;70687;34222;2626994;808688;29.9;9.2
FR;59;2021-05-05;77060;37180;2704054;845868;30.8;9.6
FR;59;2021-05-06;89085;43460;2793139;889328;31.8;10.1
FR;59;2021-05-07;97401;53741;2890540;943069;32.9;10.7
FR;59;2021-05-08;57765;16368;2948305;959437;33.5;10.9
FR;59;2021-05-09;39220;10279;2987525;969716;34.0;11.0
FR;59;2021-05-10;94538;39874;3082063;1009590;35.1;11.5
FR;59;2021-05-11;124939;49033;3207002;1058623;36.5;12.0
FR;59;2021-05-12;122080;45932;3329082;1104555;37.9;12.6
FR;59;2021-05-13;92196;14280;3421278;1118835;38.9;12.7
FR;59;2021-05-14;128465;34021;3549743;1152856;40.4;13.1
FR;59;2021-05-15;113707;25277;3663450;1178133;41.7;13.4
FR;59;2021-05-16;55239;7068;3718689;1185201;42.3;13.5
FR;59;2021-05-17;105106;30440;3823795;1215641;43.5;13.8
FR;59;2021-05-18;116605;33884;3940400;1249525;44.8;14.2
FR;59;2021-05-19;118135;35250;4058535;1284775;46.2;14.6
FR;59;2021-05-20;121814;42070;4180349;1326845;47.5;15.1
FR;59;2021-05-21;120998;48398;4301347;1375243;48.9;15.6
FR;59;2021-05-22;81536;25240;4382883;1400483;49.8;15.9
FR;59;2021-05-23;31188;5096;4414071;1405579;50.2;16.0
FR;59;2021-05-24;51706;9835;4465777;1415414;50.8;16.1
FR;59;2021-05-25;83867;41891;4549644;1457305;51.7;16.6
FR;59;2021-05-26;81623;44685;4631267;1501990;52.7;17.1
FR;59;2021-05-27;88547;50181;4719814;1552171;53.7;17.7
FR;64;2020-12-27;1;0;1;0;0.0;0.0
FR;64;2020-12-28;1;0;2;0;0.0;0.0
FR;64;2020-12-29;2;0;4;0;0.0;0.0
FR;64;2020-12-30;6;0;10;0;0.0;0.0
FR;64;2020-12-31;5;0;15;0;0.0;0.0
FR;64;2021-01-01;8;0;23;0;0.0;0.0
FR;64;2021-01-02;11;0;34;0;0.0;0.0
FR;64;2021-01-03;18;0;52;0;0.0;0.0
FR;64;2021-01-04;209;2;261;2;0.0;0.0
FR;64;2021-01-05;898;4;1159;6;0.0;0.0
FR;64;2021-01-06;1688;2;2847;8;0.1;0.0
FR;64;2021-01-07;3655;5;6502;13;0.2;0.0
FR;64;2021-01-08;4868;7;11370;20;0.3;0.0
FR;64;2021-01-09;1953;0;13323;20;0.3;0.0
FR;64;2021-01-10;1023;0;14346;20;0.3;0.0
FR;64;2021-01-11;5268;2;19614;22;0.5;0.0
FR;64;2021-01-12;7126;10;26740;32;0.7;0.0
FR;64;2021-01-13;7440;15;34180;47;0.8;0.0
FR;64;2021-01-14;8555;81;42735;128;1.0;0.0
FR;64;2021-01-15;7085;30;49820;158;1.2;0.0
FR;64;2021-01-16;2199;16;52019;174;1.3;0.0
FR;64;2021-01-17;843;9;52862;183;1.3;0.0
FR;64;2021-01-18;4679;11;57541;194;1.4;0.0
FR;64;2021-01-19;6398;15;63939;209;1.6;0.0
FR;64;2021-01-20;6217;28;70156;237;1.7;0.0
FR;64;2021-01-21;6890;20;77046;257;1.9;0.0
FR;64;2021-01-22;5402;22;82448;279;2.0;0.0
FR;64;2021-01-23;1413;8;83861;287;2.0;0.0
FR;64;2021-01-24;433;7;84294;294;2.1;0.0
FR;64;2021-01-25;2769;198;87063;492;2.1;0.0
FR;64;2021-01-26;3521;488;90584;980;2.2;0.0
FR;64;2021-01-27;3762;881;94346;1861;2.3;0.0
FR;64;2021-01-28;4564;1745;98910;3606;2.4;0.1
FR;64;2021-01-29;3522;2318;102432;5924;2.5;0.1
FR;64;2021-01-30;837;706;103269;6630;2.5;0.2
FR;64;2021-01-31;172;280;103441;6910;2.5;0.2
FR;64;2021-02-01;1521;2864;104962;9774;2.6;0.2
FR;64;2021-02-02;2151;4143;107113;13917;2.6;0.3
FR;64;2021-02-03;2303;4361;109416;18278;2.7;0.4
FR;64;2021-02-04;2813;5505;112229;23783;2.7;0.6
FR;64;2021-02-05;2182;4969;114411;28752;2.8;0.7
FR;64;2021-02-06;657;1303;115068;30055;2.8;0.7
FR;64;2021-02-07;164;493;115232;30548;2.8;0.7
FR;64;2021-02-08;1482;4196;116714;34744;2.8;0.8
FR;64;2021-02-09;2339;5658;119053;40402;2.9;1.0
FR;64;2021-02-10;2567;5665;121620;46067;3.0;1.1
FR;64;2021-02-11;3458;7220;125078;53287;3.0;1.3
FR;64;2021-02-12;3111;5436;128189;58723;3.1;1.4
FR;64;2021-02-13;838;1444;129027;60167;3.1;1.5
FR;64;2021-02-14;195;437;129222;60604;3.2;1.5
FR;64;2021-02-15;1591;3880;130813;64484;3.2;1.6
FR;64;2021-02-16;2083;5129;132896;69613;3.2;1.7
FR;64;2021-02-17;2209;4631;135105;74244;3.3;1.8
FR;64;2021-02-18;3231;5449;138336;79693;3.4;1.9
FR;64;2021-02-19;2993;4202;141329;83895;3.4;2.0
FR;64;2021-02-20;807;1195;142136;85090;3.5;2.1
FR;64;2021-02-21;134;255;142270;85345;3.5;2.1
FR;64;2021-02-22;1489;2665;143759;88010;3.5;2.1
FR;64;2021-02-23;2395;2917;146154;90927;3.6;2.2
FR;64;2021-02-24;3866;2846;150020;93773;3.7;2.3
FR;64;2021-02-25;16022;3828;166042;97601;4.0;2.4
FR;64;2021-02-26;21801;2754;187843;100355;4.6;2.4
FR;64;2021-02-27;13059;754;200902;101109;4.9;2.5
FR;64;2021-02-28;791;173;201693;101282;4.9;2.5
FR;64;2021-03-01;6542;1742;208235;103024;5.1;2.5
FR;64;2021-03-02;13117;2318;221352;105342;5.4;2.6
FR;64;2021-03-03;15880;2353;237232;107695;5.8;2.6
FR;64;2021-03-04;25133;2840;262365;110535;6.4;2.7
FR;64;2021-03-05;30387;2613;292752;113148;7.1;2.8
FR;64;2021-03-06;26614;743;319366;113891;7.8;2.8
FR;64;2021-03-07;9817;493;329183;114384;8.0;2.8
FR;64;2021-03-08;8750;1771;337933;116155;8.2;2.8
FR;64;2021-03-09;16774;1992;354707;118147;8.6;2.9
FR;64;2021-03-10;16982;2130;371689;120277;9.1;2.9
FR;64;2021-03-11;25835;2789;397524;123066;9.7;3.0
FR;64;2021-03-12;33337;2331;430861;125397;10.5;3.1
FR;64;2021-03-13;27221;711;458082;126108;11.2;3.1
FR;64;2021-03-14;5417;182;463499;126290;11.3;3.1
FR;64;2021-03-15;10982;1425;474481;127715;11.6;3.1
FR;64;2021-03-16;5979;1758;480460;129473;11.7;3.2
FR;64;2021-03-17;6110;1667;486570;131140;11.9;3.2
FR;64;2021-03-18;7634;2041;494204;133181;12.0;3.2
FR;64;2021-03-19;18841;1889;513045;135070;12.5;3.3
FR;64;2021-03-20;18467;709;531512;135779;13.0;3.3
FR;64;2021-03-21;4720;212;536232;135991;13.1;3.3
FR;64;2021-03-22;13476;1544;549708;137535;13.4;3.4
FR;64;2021-03-23;23439;1978;573147;139513;14.0;3.4
FR;64;2021-03-24;25051;2050;598198;141563;14.6;3.5
FR;64;2021-03-25;36472;2325;634670;143888;15.5;3.5
FR;64;2021-03-26;40012;2259;674682;146147;16.4;3.6
FR;64;2021-03-27;21191;972;695873;147119;17.0;3.6
FR;64;2021-03-28;5067;249;700940;147368;17.1;3.6
FR;64;2021-03-29;17486;2104;718426;149472;17.5;3.6
FR;64;2021-03-30;27246;2777;745672;152249;18.2;3.7
FR;64;2021-03-31;24031;2840;769703;155089;18.8;3.8
FR;64;2021-04-01;30406;3705;800109;158794;19.5;3.9
FR;64;2021-04-02;29112;3533;829221;162327;20.2;4.0
FR;64;2021-04-03;15952;2344;845173;164671;20.6;4.0
FR;64;2021-04-04;4024;786;849197;165457;20.7;4.0
FR;64;2021-04-05;5098;786;854295;166243;20.8;4.1
FR;64;2021-04-06;19094;4225;873389;170468;21.3;4.2
FR;64;2021-04-07;23465;4748;896854;175216;21.9;4.3
FR;64;2021-04-08;34455;5542;931309;180758;22.7;4.4
FR;64;2021-04-09;53287;5950;984596;186708;24.0;4.6
FR;64;2021-04-10;29757;4947;1014353;191655;24.7;4.7
FR;64;2021-04-11;6264;2594;1020617;194249;24.9;4.7
FR;64;2021-04-12;27950;5126;1048567;199375;25.6;4.9
FR;64;2021-04-13;42370;7294;1090937;206669;26.6;5.0
FR;64;2021-04-14;40638;7066;1131575;213735;27.6;5.2
FR;64;2021-04-15;51776;8286;1183351;222021;28.8;5.4
FR;64;2021-04-16;64015;8799;1247366;230820;30.4;5.6
FR;64;2021-04-17;38361;7044;1285727;237864;31.3;5.8
FR;64;2021-04-18;10903;3318;1296630;241182;31.6;5.9
FR;64;2021-04-19;41740;8517;1338370;249699;32.6;6.1
FR;64;2021-04-20;52359;10332;1390729;260031;33.9;6.3
FR;64;2021-04-21;52279;10779;1443008;270810;35.2;6.6
FR;64;2021-04-22;57087;12631;1500095;283441;36.6;6.9
FR;64;2021-04-23;60541;12563;1560636;296004;38.0;7.2
FR;64;2021-04-24;43196;9008;1603832;305012;39.1;7.4
FR;64;2021-04-25;16125;3310;1619957;308322;39.5;7.5
FR;64;2021-04-26;49384;11407;1669341;319729;40.7;7.8
FR;64;2021-04-27;62730;15405;1732071;335134;42.2;8.2
FR;64;2021-04-28;63677;15875;1795748;351009;43.8;8.6
FR;64;2021-04-29;73345;20304;1869093;371313;45.6;9.1
FR;64;2021-04-30;74882;21840;1943975;393153;47.4;9.6
FR;64;2021-05-01;29192;6603;1973167;399756;48.1;9.7
FR;64;2021-05-02;14381;3946;1987548;403702;48.5;9.8
FR;64;2021-05-03;51969;15763;2039517;419465;49.7;10.2
FR;64;2021-05-04;52872;21560;2092389;441025;51.0;10.8
FR;64;2021-05-05;49137;22611;2141526;463636;52.2;11.3
FR;64;2021-05-06;56596;28725;2198122;492361;53.6;12.0
FR;64;2021-05-07;50663;33993;2248785;526354;54.8;12.8
FR;64;2021-05-08;20021;9275;2268806;535629;55.3;13.1
FR;64;2021-05-09;9993;5475;2278799;541104;55.6;13.2
FR;64;2021-05-10;34104;26703;2312903;567807;56.4;13.8
FR;64;2021-05-11;43777;37060;2356680;604867;57.4;14.7
FR;64;2021-05-12;38766;34910;2395446;639777;58.4;15.6
FR;64;2021-05-13;21919;10029;2417365;649806;58.9;15.8
FR;64;2021-05-14;36174;28985;2453539;678791;59.8;16.5
FR;64;2021-05-15;21109;18957;2474648;697748;60.3;17.0
FR;64;2021-05-16;7953;4288;2482601;702036;60.5;17.1
FR;64;2021-05-17;26749;25339;2509350;727375;61.2;17.7
FR;64;2021-05-18;33289;28222;2542639;755597;62.0;18.4
FR;64;2021-05-19;30250;26357;2572889;781954;62.7;19.1
FR;64;2021-05-20;34807;33211;2607696;815165;63.6;19.9
FR;64;2021-05-21;29963;37373;2637659;852538;64.3;20.8
FR;64;2021-05-22;14742;17677;2652401;870215;64.7;21.2
FR;64;2021-05-23;5088;2816;2657489;873031;64.8;21.3
FR;64;2021-05-24;10704;6476;2668193;879507;65.0;21.4
FR;64;2021-05-25;22511;34384;2690704;913891;65.6;22.3
FR;64;2021-05-26;20921;35363;2711625;949254;66.1;23.1
FR;64;2021-05-27;25507;41706;2737132;990960;66.7;24.2
FR;69;2020-12-27;2;0;2;0;0.0;0.0
FR;69;2020-12-28;2;0;4;0;0.0;0.0
FR;69;2020-12-29;3;0;7;0;0.0;0.0
FR;69;2020-12-30;7;0;14;0;0.0;0.0
FR;69;2020-12-31;5;0;19;0;0.0;0.0
FR;69;2021-01-01;6;0;25;0;0.0;0.0
FR;69;2021-01-02;10;0;35;0;0.0;0.0
FR;69;2021-01-03;8;0;43;0;0.0;0.0
FR;69;2021-01-04;114;0;157;0;0.0;0.0
FR;69;2021-01-05;410;3;567;3;0.0;0.0
FR;69;2021-01-06;808;2;1375;5;0.0;0.0
FR;69;2021-01-07;1890;3;3265;8;0.1;0.0
FR;69;2021-01-08;2451;0;5716;8;0.1;0.0
FR;69;2021-01-09;1124;1;6840;9;0.2;0.0
FR;69;2021-01-10;658;0;7498;9;0.2;0.0
FR;69;2021-01-11;2731;3;10229;12;0.3;0.0
FR;69;2021-01-12;3870;2;14099;14;0.4;0.0
FR;69;2021-01-13;3787;9;17886;23;0.5;0.0
FR;69;2021-01-14;4562;46;22448;69;0.6;0.0
FR;69;2021-01-15;3841;14;26289;83;0.7;0.0
FR;69;2021-01-16;1341;9;27630;92;0.7;0.0
FR;69;2021-01-17;634;3;28264;95;0.7;0.0
FR;69;2021-01-18;3256;16;31520;111;0.8;0.0
FR;69;2021-01-19;4788;19;36308;130;0.9;0.0
FR;69;2021-01-20;4754;13;41062;143;1.1;0.0
FR;69;2021-01-21;5520;14;46582;157;1.2;0.0
FR;69;2021-01-22;4367;14;50949;171;1.3;0.0
FR;69;2021-01-23;1359;4;52308;175;1.3;0.0
FR;69;2021-01-24;446;5;52754;180;1.4;0.0
FR;69;2021-01-25;2721;81;55475;261;1.4;0.0
FR;69;2021-01-26;3345;181;58820;442;1.5;0.0
FR;69;2021-01-27;3667;410;62487;852;1.6;0.0
FR;69;2021-01-28;4321;887;66808;1739;1.7;0.0
FR;69;2021-01-29;3483;1232;70291;2971;1.8;0.1
FR;69;2021-01-30;938;402;71229;3373;1.8;0.1
FR;69;2021-01-31;180;160;71409;3533;1.8;0.1
FR;69;2021-02-01;1817;1523;73226;5056;1.9;0.1
FR;69;2021-02-02;2411;2206;75637;7262;1.9;0.2
FR;69;2021-02-03;2415;2276;78052;9538;2.0;0.2
FR;69;2021-02-04;2977;2925;81029;12463;2.1;0.3
FR;69;2021-02-05;2503;2539;83532;15002;2.1;0.4
FR;69;2021-02-06;721;809;84253;15811;2.2;0.4
FR;69;2021-02-07;162;392;84415;16203;2.2;0.4
FR;69;2021-02-08;1605;2408;86020;18611;2.2;0.5
FR;69;2021-02-09;2400;3412;88420;22023;2.3;0.6
FR;69;2021-02-10;2561;3403;90981;25426;2.3;0.7
FR;69;2021-02-11;3513;4861;94494;30287;2.4;0.8
FR;69;2021-02-12;3154;3418;97648;33705;2.5;0.9
FR;69;2021-02-13;865;1034;98513;34739;2.5;0.9
FR;69;2021-02-14;215;413;98728;35152;2.5;0.9
FR;69;2021-02-15;1330;2775;100058;37927;2.6;1.0
FR;69;2021-02-16;1868;3981;101926;41908;2.6;1.1
FR;69;2021-02-17;2010;3661;103936;45569;2.7;1.2
FR;69;2021-02-18;2997;4559;106933;50128;2.7;1.3
FR;69;2021-02-19;2861;3506;109794;53634;2.8;1.4
FR;69;2021-02-20;753;1026;110547;54660;2.8;1.4
FR;69;2021-02-21;150;235;110697;54895;2.8;1.4
FR;69;2021-02-22;1607;2573;112304;57468;2.9;1.5
FR;69;2021-02-23;2268;2825;114572;60293;2.9;1.5
FR;69;2021-02-24;2657;2910;117229;63203;3.0;1.6
FR;69;2021-02-25;3877;3576;121106;66779;3.1;1.7
FR;69;2021-02-26;4272;2624;125378;69403;3.2;1.8
FR;69;2021-02-27;1810;705;127188;70108;3.3;1.8
FR;69;2021-02-28;311;179;127499;70287;3.3;1.8
FR;69;2021-03-01;2795;1929;130294;72216;3.3;1.9
FR;69;2021-03-02;4715;2431;135009;74647;3.5;1.9
FR;69;2021-03-03;6664;2469;141673;77116;3.6;2.0
FR;69;2021-03-04;11740;2999;153413;80115;3.9;2.1
FR;69;2021-03-05;17437;2669;170850;82784;4.4;2.1
FR;69;2021-03-06;23058;747;193908;83531;5.0;2.1
FR;69;2021-03-07;14727;409;208635;83940;5.3;2.2
FR;69;2021-03-08;9724;2022;218359;85962;5.6;2.2
FR;69;2021-03-09;17449;2467;235808;88429;6.0;2.3
FR;69;2021-03-10;18749;2516;254557;90945;6.5;2.3
FR;69;2021-03-11;29110;3178;283667;94123;7.3;2.4
FR;69;2021-03-12;39773;2870;323440;96993;8.3;2.5
FR;69;2021-03-13;35883;921;359323;97914;9.2;2.5
FR;69;2021-03-14;8168;234;367491;98148;9.4;2.5
FR;69;2021-03-15;16615;1784;384106;99932;9.8;2.6
FR;69;2021-03-16;10710;2167;394816;102099;10.1;2.6
FR;69;2021-03-17;11721;2162;406537;104261;10.4;2.7
FR;69;2021-03-18;13109;2579;419646;106840;10.8;2.7
FR;69;2021-03-19;28709;2374;448355;109214;11.5;2.8
FR;69;2021-03-20;26865;851;475220;110065;12.2;2.8
FR;69;2021-03-21;7112;268;482332;110333;12.4;2.8
FR;69;2021-03-22;21141;2138;503473;112471;12.9;2.9
FR;69;2021-03-23;36099;2749;539572;115220;13.8;3.0
FR;69;2021-03-24;37392;2782;576964;118002;14.8;3.0
FR;69;2021-03-25;54843;3031;631807;121033;16.2;3.1
FR;69;2021-03-26;58972;2910;690779;123943;17.7;3.2
FR;69;2021-03-27;30037;1315;720816;125258;18.5;3.2
FR;69;2021-03-28;7598;370;728414;125628;18.7;3.2
FR;69;2021-03-29;27627;3392;756041;129020;19.4;3.3
FR;69;2021-03-30;42172;4286;798213;133306;20.5;3.4
FR;69;2021-03-31;35302;4334;833515;137640;21.4;3.5
FR;69;2021-04-01;43115;5700;876630;143340;22.5;3.7
FR;69;2021-04-02;41246;5852;917876;149192;23.5;3.8
FR;69;2021-04-03;21637;3908;939513;153100;24.1;3.9
FR;69;2021-04-04;5803;1300;945316;154400;24.2;4.0
FR;69;2021-04-05;7608;1053;952924;155453;24.4;4.0
FR;69;2021-04-06;27726;7139;980650;162592;25.1;4.2
FR;69;2021-04-07;32334;7700;1012984;170292;26.0;4.4
FR;69;2021-04-08;48470;8780;1061454;179072;27.2;4.6
FR;69;2021-04-09;70416;8931;1131870;188003;29.0;4.8
FR;69;2021-04-10;36597;7797;1168467;195800;29.9;5.0
FR;69;2021-04-11;7994;4274;1176461;200074;30.2;5.1
FR;69;2021-04-12;38508;8787;1214969;208861;31.1;5.4
FR;69;2021-04-13;53425;11884;1268394;220745;32.5;5.7
FR;69;2021-04-14;49220;11588;1317614;232333;33.8;6.0
FR;69;2021-04-15;61718;13456;1379332;245789;35.4;6.3
FR;69;2021-04-16;72386;13981;1451718;259770;37.2;6.7
FR;69;2021-04-17;39522;10643;1491240;270413;38.2;6.9
FR;69;2021-04-18;9997;5016;1501237;275429;38.5;7.1
FR;69;2021-04-19;45743;13820;1546980;289249;39.6;7.4
FR;69;2021-04-20;56886;16732;1603866;305981;41.1;7.8
FR;69;2021-04-21;53288;16461;1657154;322442;42.5;8.3
FR;69;2021-04-22;60012;18647;1717166;341089;44.0;8.7
FR;69;2021-04-23;59132;18690;1776298;359779;45.5;9.2
FR;69;2021-04-24;37162;13091;1813460;372870;46.5;9.6
FR;69;2021-04-25;13174;4966;1826634;377836;46.8;9.7
FR;69;2021-04-26;49106;18292;1875740;396128;48.1;10.2
FR;69;2021-04-27;61569;23095;1937309;419223;49.7;10.7
FR;69;2021-04-28;59562;22001;1996871;441224;51.2;11.3
FR;69;2021-04-29;69785;24742;2066656;465966;53.0;11.9
FR;69;2021-04-30;66661;23800;2133317;489766;54.7;12.6
FR;69;2021-05-01;23745;7577;2157062;497343;55.3;12.7
FR;69;2021-05-02;11135;5129;2168197;502472;55.6;12.9
FR;69;2021-05-03;47176;21269;2215373;523741;56.8;13.4
FR;69;2021-05-04;47719;27688;2263092;551429;58.0;14.1
FR;69;2021-05-05;42516;27109;2305608;578538;59.1;14.8
FR;69;2021-05-06;50653;30161;2356261;608699;60.4;15.6
FR;69;2021-05-07;42134;34269;2398395;642968;61.5;16.5
FR;69;2021-05-08;15140;9375;2413535;652343;61.9;16.7
FR;69;2021-05-09;7267;6554;2420802;658897;62.0;16.9
FR;69;2021-05-10;29367;34680;2450169;693577;62.8;17.8
FR;69;2021-05-11;38020;43719;2488189;737296;63.8;18.9
FR;69;2021-05-12;32821;39178;2521010;776474;64.6;19.9
FR;69;2021-05-13;17439;11499;2538449;787973;65.1;20.2
FR;69;2021-05-14;29916;34135;2568365;822108;65.8;21.1
FR;69;2021-05-15;15154;18505;2583519;840613;66.2;21.5
FR;69;2021-05-16;5427;4309;2588946;844922;66.4;21.7
FR;69;2021-05-17;21746;28760;2610692;873682;66.9;22.4
FR;69;2021-05-18;27800;29580;2638492;903262;67.6;23.1
FR;69;2021-05-19;24211;25203;2662703;928465;68.2;23.8
FR;69;2021-05-20;28244;27789;2690947;956254;69.0;24.5
FR;69;2021-05-21;22826;30713;2713773;986967;69.6;25.3
FR;69;2021-05-22;9620;14370;2723393;1001337;69.8;25.7
FR;69;2021-05-23;3176;2370;2726569;1003707;69.9;25.7
FR;69;2021-05-24;8073;7124;2734642;1010831;70.1;25.9
FR;69;2021-05-25;17733;36240;2752375;1047071;70.5;26.8
FR;69;2021-05-26;16008;34954;2768383;1082025;70.9;27.7
FR;69;2021-05-27;20273;41171;2788656;1123196;71.5;28.8
FR;74;2020-12-27;1;0;1;0;0.0;0.0
FR;74;2020-12-28;7;0;8;0;0.0;0.0
FR;74;2020-12-29;5;0;13;0;0.0;0.0
FR;74;2020-12-30;11;0;24;0;0.0;0.0
FR;74;2020-12-31;7;0;31;0;0.0;0.0
FR;74;2021-01-01;5;0;36;0;0.0;0.0
FR;74;2021-01-02;3;0;39;0;0.0;0.0
FR;74;2021-01-03;12;0;51;0;0.0;0.0
FR;74;2021-01-04;86;1;137;1;0.0;0.0
FR;74;2021-01-05;298;0;435;1;0.0;0.0
FR;74;2021-01-06;554;1;989;2;0.0;0.0
FR;74;2021-01-07;1464;0;2453;2;0.1;0.0
FR;74;2021-01-08;1793;3;4246;5;0.1;0.0
FR;74;2021-01-09;794;1;5040;6;0.1;0.0
FR;74;2021-01-10;534;0;5574;6;0.2;0.0
FR;74;2021-01-11;2121;0;7695;6;0.2;0.0
FR;74;2021-01-12;3149;4;10844;10;0.3;0.0
FR;74;2021-01-13;3196;6;14040;16;0.4;0.0
FR;74;2021-01-14;3942;39;17982;55;0.5;0.0
FR;74;2021-01-15;3531;10;21513;65;0.6;0.0
FR;74;2021-01-16;1334;2;22847;67;0.7;0.0
FR;74;2021-01-17;764;3;23611;70;0.7;0.0
FR;74;2021-01-18;4716;11;28327;81;0.8;0.0
FR;74;2021-01-19;6822;11;35149;92;1.0;0.0
FR;74;2021-01-20;7094;11;42243;103;1.2;0.0
FR;74;2021-01-21;8178;22;50421;125;1.4;0.0
FR;74;2021-01-22;6535;18;56956;143;1.6;0.0
FR;74;2021-01-23;2258;1;59214;144;1.7;0.0
FR;74;2021-01-24;608;0;59822;144;1.7;0.0
FR;74;2021-01-25;4532;56;64354;200;1.9;0.0
FR;74;2021-01-26;5625;149;69979;349;2.0;0.0
FR;74;2021-01-27;5982;271;75961;620;2.2;0.0
FR;74;2021-01-28;6974;749;82935;1369;2.4;0.0
FR;74;2021-01-29;5732;898;88667;2267;2.5;0.1
FR;74;2021-01-30;1769;261;90436;2528;2.6;0.1
FR;74;2021-01-31;294;114;90730;2642;2.6;0.1
FR;74;2021-02-01;3290;1061;94020;3703;2.7;0.1
FR;74;2021-02-02;4287;1784;98307;5487;2.8;0.2
FR;74;2021-02-03;4306;1811;102613;7298;3.0;0.2
FR;74;2021-02-04;5174;2469;107787;9767;3.1;0.3
FR;74;2021-02-05;4382;2178;112169;11945;3.2;0.3
FR;74;2021-02-06;1395;695;113564;12640;3.3;0.4
FR;74;2021-02-07;243;351;113807;12991;3.3;0.4
FR;74;2021-02-08;3072;2506;116879;15497;3.4;0.4
FR;74;2021-02-09;4101;3725;120980;19222;3.5;0.6
FR;74;2021-02-10;4411;3814;125391;23036;3.6;0.7
FR;74;2021-02-11;5621;5470;131012;28506;3.8;0.8
FR;74;2021-02-12;5258;3821;136270;32327;3.9;0.9
FR;74;2021-02-13;1647;1220;137917;33547;4.0;1.0
FR;74;2021-02-14;405;471;138322;34018;4.0;1.0
FR;74;2021-02-15;2399;4182;140721;38200;4.0;1.1
FR;74;2021-02-16;3276;5632;143997;43832;4.1;1.3
FR;74;2021-02-17;3391;5450;147388;49282;4.2;1.4
FR;74;2021-02-18;4928;6810;152316;56092;4.4;1.6
FR;74;2021-02-19;4873;5407;157189;61499;4.5;1.8
FR;74;2021-02-20;1549;1736;158738;63235;4.6;1.8
FR;74;2021-02-21;232;415;158970;63650;4.6;1.8
FR;74;2021-02-22;2860;4292;161830;67942;4.7;2.0
FR;74;2021-02-23;4136;4898;165966;72840;4.8;2.1
FR;74;2021-02-24;4516;4840;170482;77680;4.9;2.2
FR;74;2021-02-25;5525;5695;176007;83375;5.1;2.4
FR;74;2021-02-26;5482;4466;181489;87841;5.2;2.5
FR;74;2021-02-27;2006;1364;183495;89205;5.3;2.6
FR;74;2021-02-28;528;294;184023;89499;5.3;2.6
FR;74;2021-03-01;5060;3363;189083;92862;5.4;2.7
FR;74;2021-03-02;7445;4276;196528;97138;5.7;2.8
FR;74;2021-03-03;9677;4262;206205;101400;5.9;2.9
FR;74;2021-03-04;15036;4806;221241;106206;6.4;3.1
FR;74;2021-03-05;21632;4583;242873;110789;7.0;3.2
FR;74;2021-03-06;31125;1379;273998;112168;7.9;3.2
FR;74;2021-03-07;20897;509;294895;112677;8.5;3.2
FR;74;2021-03-08;14190;3666;309085;116343;8.9;3.3
FR;74;2021-03-09;24020;4230;333105;120573;9.6;3.5
FR;74;2021-03-10;26238;4403;359343;124976;10.3;3.6
FR;74;2021-03-11;38245;5297;397588;130273;11.4;3.7
FR;74;2021-03-12;50501;4686;448089;134959;12.9;3.9
FR;74;2021-03-13;47679;1547;495768;136506;14.3;3.9
FR;74;2021-03-14;11930;418;507698;136924;14.6;3.9
FR;74;2021-03-15;25479;3129;533177;140053;15.3;4.0
FR;74;2021-03-16;20025;3835;553202;143888;15.9;4.1
FR;74;2021-03-17;21786;3871;574988;147759;16.5;4.2
FR;74;2021-03-18;24389;4509;599377;152268;17.2;4.4
FR;74;2021-03-19;41275;3960;640652;156228;18.4;4.5
FR;74;2021-03-20;35324;1554;675976;157782;19.4;4.5
FR;74;2021-03-21;9470;397;685446;158179;19.7;4.5
FR;74;2021-03-22;31435;3889;716881;162068;20.6;4.7
FR;74;2021-03-23;50064;4791;766945;166859;22.0;4.8
FR;74;2021-03-24;52042;5174;818987;172033;23.5;4.9
FR;74;2021-03-25;74594;5545;893581;177578;25.7;5.1
FR;74;2021-03-26;80588;5164;974169;182742;28.0;5.3
FR;74;2021-03-27;50927;2370;1025096;185112;29.5;5.3
FR;74;2021-03-28;17782;734;1042878;185846;30.0;5.3
FR;74;2021-03-29;56010;6858;1098888;192704;31.6;5.5
FR;74;2021-03-30;76439;8720;1175327;201424;33.8;5.8
FR;74;2021-03-31;67798;9275;1243125;210699;35.7;6.1
FR;74;2021-04-01;78205;11654;1321330;222353;38.0;6.4
FR;74;2021-04-02;69876;12237;1391206;234590;40.0;6.7
FR;74;2021-04-03;37118;8426;1428324;243016;41.1;7.0
FR;74;2021-04-04;12497;2776;1440821;245792;41.4;7.1
FR;74;2021-04-05;19193;1847;1460014;247639;42.0;7.1
FR;74;2021-04-06;64243;15062;1524257;262701;43.8;7.6
FR;74;2021-04-07;72559;15929;1596816;278630;45.9;8.0
FR;74;2021-04-08;87514;17825;1684330;296455;48.4;8.5
FR;74;2021-04-09;97116;17609;1781446;314064;51.2;9.0
FR;74;2021-04-10;48573;13978;1830019;328042;52.6;9.4
FR;74;2021-04-11;12733;6808;1842752;334850;53.0;9.6
FR;74;2021-04-12;60840;17667;1903592;352517;54.7;10.1
FR;74;2021-04-13;68625;22126;1972217;374643;56.7;10.8
FR;74;2021-04-14;60024;21717;2032241;396360;58.4;11.4
FR;74;2021-04-15;61839;23668;2094080;420028;60.2;12.1
FR;74;2021-04-16;52127;24263;2146207;444291;61.7;12.8
FR;74;2021-04-17;25650;16773;2171857;461064;62.4;13.3
FR;74;2021-04-18;5738;6958;2177595;468022;62.6;13.5
FR;74;2021-04-19;31637;24255;2209232;492277;63.5;14.2
FR;74;2021-04-20;36138;29514;2245370;521791;64.6;15.0
FR;74;2021-04-21;33268;30163;2278638;551954;65.5;15.9
FR;74;2021-04-22;37951;35121;2316589;587075;66.6;16.9
FR;74;2021-04-23;34676;38724;2351265;625799;67.6;18.0
FR;74;2021-04-24;18559;30671;2369824;656470;68.1;18.9
FR;74;2021-04-25;6102;12544;2375926;669014;68.3;19.2
FR;74;2021-04-26;26455;46810;2402381;715824;69.1;20.6
FR;74;2021-04-27;32913;55965;2435294;771789;70.0;22.2
FR;74;2021-04-28;32488;52765;2467782;824554;70.9;23.7
FR;74;2021-04-29;38518;53866;2506300;878420;72.1;25.3
FR;74;2021-04-30;34886;49045;2541186;927465;73.1;26.7
FR;74;2021-05-01;11046;15113;2552232;942578;73.4;27.1
FR;74;2021-05-02;5137;11368;2557369;953946;73.5;27.4
FR;74;2021-05-03;24038;52041;2581407;1005987;74.2;28.9
FR;74;2021-05-04;24927;69169;2606334;1075156;74.9;30.9
FR;74;2021-05-05;22540;64872;2628874;1140028;75.6;32.8
FR;74;2021-05-06;27195;63215;2656069;1203243;76.4;34.6
FR;74;2021-05-07;23120;65948;2679189;1269191;77.0;36.5
FR;74;2021-05-08;7804;14311;2686993;1283502;77.2;36.9
FR;74;2021-05-09;3649;10469;2690642;1293971;77.4;37.2
FR;74;2021-05-10;15856;63058;2706498;1357029;77.8;39.0
FR;74;2021-05-11;20846;64077;2727344;1421106;78.4;40.9
FR;74;2021-05-12;18259;53133;2745603;1474239;78.9;42.4
FR;74;2021-05-13;9047;12077;2754650;1486316;79.2;42.7
FR;74;2021-05-14;16852;37728;2771502;1524044;79.7;43.8
FR;74;2021-05-15;8320;17551;2779822;1541595;79.9;44.3
FR;74;2021-05-16;2977;3496;2782799;1545091;80.0;44.4
FR;74;2021-05-17;12159;30765;2794958;1575856;80.4;45.3
FR;74;2021-05-18;15319;30451;2810277;1606307;80.8;46.2
FR;74;2021-05-19;13907;25373;2824184;1631680;81.2;46.9
FR;74;2021-05-20;15913;27676;2840097;1659356;81.7;47.7
FR;74;2021-05-21;13233;30685;2853330;1690041;82.0;48.6
FR;74;2021-05-22;5731;14211;2859061;1704252;82.2;49.0
FR;74;2021-05-23;1848;2383;2860909;1706635;82.2;49.1
FR;74;2021-05-24;4609;5718;2865518;1712353;82.4;49.2
FR;74;2021-05-25;10456;35225;2875974;1747578;82.7;50.2
FR;74;2021-05-26;9751;33380;2885725;1780958;83.0;51.2
FR;74;2021-05-27;11620;38385;2897345;1819343;83.3;52.3
FR;79;2020-12-27;1;0;1;0;0.0;0.0
FR;79;2020-12-28;6;0;7;0;0.0;0.0
FR;79;2020-12-29;16;0;23;0;0.0;0.0
FR;79;2020-12-30;12;0;35;0;0.0;0.0
FR;79;2020-12-31;6;0;41;0;0.0;0.0
FR;79;2021-01-01;4;0;45;0;0.0;0.0
FR;79;2021-01-02;4;0;49;0;0.0;0.0
FR;79;2021-01-03;2;0;51;0;0.0;0.0
FR;79;2021-01-04;50;0;101;0;0.0;0.0
FR;79;2021-01-05;171;0;272;0;0.0;0.0
FR;79;2021-01-06;340;0;612;0;0.0;0.0
FR;79;2021-01-07;905;0;1517;0;0.1;0.0
FR;79;2021-01-08;1082;1;2599;1;0.1;0.0
FR;79;2021-01-09;364;0;2963;1;0.1;0.0
FR;79;2021-01-10;191;0;3154;1;0.1;0.0
FR;79;2021-01-11;1149;2;4303;3;0.2;0.0
FR;79;2021-01-12;2207;2;6510;5;0.3;0.0
FR;79;2021-01-13;2746;2;9256;7;0.4;0.0
FR;79;2021-01-14;4435;35;13691;42;0.6;0.0
FR;79;2021-01-15;5257;16;18948;58;0.9;0.0
FR;79;2021-01-16;2821;11;21769;69;1.0;0.0
FR;79;2021-01-17;1307;3;23076;72;1.0;0.0
FR;79;2021-01-18;19645;36;42721;108;1.9;0.0
FR;79;2021-01-19;26042;36;68763;144;3.1;0.0
FR;79;2021-01-20;28027;32;96790;176;4.4;0.0
FR;79;2021-01-21;30047;32;126837;208;5.7;0.0
FR;79;2021-01-22;27898;27;154735;235;7.0;0.0
FR;79;2021-01-23;11661;10;166396;245;7.5;0.0
FR;79;2021-01-24;2172;3;168568;248;7.6;0.0
FR;79;2021-01-25;22550;46;191118;294;8.6;0.0
FR;79;2021-01-26;25727;118;216845;412;9.8;0.0
FR;79;2021-01-27;25009;195;241854;607;10.9;0.0
FR;79;2021-01-28;25205;559;267059;1166;12.0;0.1
FR;79;2021-01-29;22540;562;289599;1728;13.1;0.1
FR;79;2021-01-30;8783;137;298382;1865;13.5;0.1
FR;79;2021-01-31;1230;55;299612;1920;13.5;0.1
FR;79;2021-02-01;16155;643;315767;2563;14.2;0.1
FR;79;2021-02-02;19275;1273;335042;3836;15.1;0.2
FR;79;2021-02-03;18290;1582;353332;5418;15.9;0.2
FR;79;2021-02-04;19175;2534;372507;7952;16.8;0.4
FR;79;2021-02-05;18021;2681;390528;10633;17.6;0.5
FR;79;2021-02-06;6451;1005;396979;11638;17.9;0.5
FR;79;2021-02-07;870;391;397849;12029;17.9;0.5
FR;79;2021-02-08;13083;5813;410932;17842;18.5;0.8
FR;79;2021-02-09;15553;7674;426485;25516;19.2;1.2
FR;79;2021-02-10;15446;8049;441931;33565;19.9;1.5
FR;79;2021-02-11;16532;9609;458463;43174;20.7;1.9
FR;79;2021-02-12;15670;9408;474133;52582;21.4;2.4
FR;79;2021-02-13;5005;4123;479138;56705;21.6;2.6
FR;79;2021-02-14;905;1043;480043;57748;21.6;2.6
FR;79;2021-02-15;7135;19825;487178;77573;22.0;3.5
FR;79;2021-02-16;8352;23628;495530;101201;22.3;4.6
FR;79;2021-02-17;8252;24028;503782;125229;22.7;5.6
FR;79;2021-02-18;10292;24429;514074;149658;23.2;6.7
FR;79;2021-02-19;10314;20766;524388;170424;23.6;7.7
FR;79;2021-02-20;3767;8313;528155;178737;23.8;8.1
FR;79;2021-02-21;549;1558;528704;180295;23.8;8.1
FR;79;2021-02-22;6986;21885;535690;202180;24.2;9.1
FR;79;2021-02-23;9638;23572;545328;225752;24.6;10.2
FR;79;2021-02-24;10027;22206;555355;247958;25.0;11.2
FR;79;2021-02-25;11680;22088;567035;270046;25.6;12.2
FR;79;2021-02-26;12064;19114;579099;289160;26.1;13.0
FR;79;2021-02-27;4421;6733;583520;295893;26.3;13.3
FR;79;2021-02-28;874;1038;584394;296931;26.4;13.4
FR;79;2021-03-01;12117;16457;596511;313388;26.9;14.1
FR;79;2021-03-02;16314;19268;612825;332656;27.6;15.0
FR;79;2021-03-03;17728;18533;630553;351189;28.4;15.8
FR;79;2021-03-04;20896;17669;651449;368858;29.4;16.6
FR;79;2021-03-05;22447;16460;673896;385318;30.4;17.4
FR;79;2021-03-06;28996;5351;702892;390669;31.7;17.6
FR;79;2021-03-07;21062;1023;723954;391692;32.7;17.7
FR;79;2021-03-08;17362;15324;741316;407016;33.4;18.4
FR;79;2021-03-09;25733;16421;767049;423437;34.6;19.1
FR;79;2021-03-10;26860;15587;793909;439024;35.8;19.8
FR;79;2021-03-11;31822;15085;825731;454109;37.2;20.5
FR;79;2021-03-12;33334;12933;859065;467042;38.7;21.1
FR;79;2021-03-13;25269;4217;884334;471259;39.9;21.3
FR;79;2021-03-14;9462;770;893796;472029;40.3;21.3
FR;79;2021-03-15;28445;8684;922241;480713;41.6;21.7
FR;79;2021-03-16;32791;9290;955032;490003;43.1;22.1
FR;79;2021-03-17;33771;9245;988803;499248;44.6;22.5
FR;79;2021-03-18;36659;9733;1025462;508981;46.2;23.0
FR;79;2021-03-19;36681;8863;1062143;517844;47.9;23.4
FR;79;2021-03-20;20663;3277;1082806;521121;48.8;23.5
FR;79;2021-03-21;5874;598;1088680;521719;49.1;23.5
FR;79;2021-03-22;28541;9176;1117221;530895;50.4;23.9
FR;79;2021-03-23;37006;10770;1154227;541665;52.1;24.4
FR;79;2021-03-24;35505;11335;1189732;553000;53.7;24.9
FR;79;2021-03-25;41841;11109;1231573;564109;55.5;25.4
FR;79;2021-03-26;39309;10424;1270882;574533;57.3;25.9
FR;79;2021-03-27;17624;4403;1288506;578936;58.1;26.1
FR;79;2021-03-28;4795;901;1293301;579837;58.3;26.2
FR;79;2021-03-29;22242;15002;1315543;594839;59.3;26.8
FR;79;2021-03-30;27975;18889;1343518;613728;60.6;27.7
FR;79;2021-03-31;24645;19730;1368163;633458;61.7;28.6
FR;79;2021-04-01;27127;23176;1395290;656634;62.9;29.6
FR;79;2021-04-02;23010;24429;1418300;681063;64.0;30.7
FR;79;2021-04-03;10001;17357;1428301;698420;64.4;31.5
FR;79;2021-04-04;2798;5061;1431099;703481;64.5;31.7
FR;79;2021-04-05;4184;2744;1435283;706225;64.7;31.9
FR;79;2021-04-06;18897;28951;1454180;735176;65.6;33.2
FR;79;2021-04-07;21002;29830;1475182;765006;66.5;34.5
FR;79;2021-04-08;24934;29897;1500116;794903;67.7;35.8
FR;79;2021-04-09;26771;28077;1526887;822980;68.9;37.1
FR;79;2021-04-10;13625;18916;1540512;841896;69.5;38.0
FR;79;2021-04-11;3502;6444;1544014;848340;69.6;38.3
FR;79;2021-04-12;16705;28881;1560719;877221;70.4;39.6
FR;79;2021-04-13;19054;34991;1579773;912212;71.2;41.1
FR;79;2021-04-14;18120;33121;1597893;945333;72.1;42.6
FR;79;2021-04-15;19044;33299;1616937;978632;72.9;44.1
FR;79;2021-04-16;16171;31024;1633108;1009656;73.7;45.5
FR;79;2021-04-17;8122;16686;1641230;1026342;74.0;46.3
FR;79;2021-04-18;1764;4830;1642994;1031172;74.1;46.5
FR;79;2021-04-19;9799;29159;1652793;1060331;74.5;47.8
FR;79;2021-04-20;11613;34421;1664406;1094752;75.1;49.4
FR;79;2021-04-21;11239;31189;1675645;1125941;75.6;50.8
FR;79;2021-04-22;12771;31060;1688416;1157001;76.1;52.2
FR;79;2021-04-23;11834;27665;1700250;1184666;76.7;53.4
FR;79;2021-04-24;6123;13703;1706373;1198369;77.0;54.0
FR;79;2021-04-25;1894;3419;1708267;1201788;77.0;54.2
FR;79;2021-04-26;8835;20578;1717102;1222366;77.4;55.1
FR;79;2021-04-27;11006;23634;1728108;1246000;77.9;56.2
FR;79;2021-04-28;11525;20873;1739633;1266873;78.5;57.1
FR;79;2021-04-29;13543;20629;1753176;1287502;79.1;58.1
FR;79;2021-04-30;12739;17556;1765915;1305058;79.6;58.9
FR;79;2021-05-01;3790;3908;1769705;1308966;79.8;59.0
FR;79;2021-05-02;1727;2615;1771432;1311581;79.9;59.2
FR;79;2021-05-03;8526;15077;1779958;1326658;80.3;59.8
FR;79;2021-05-04;8847;20123;1788805;1346781;80.7;60.7
FR;79;2021-05-05;8313;18951;1797118;1365732;81.0;61.6
FR;79;2021-05-06;10158;18749;1807276;1384481;81.5;62.4
FR;79;2021-05-07;8877;19422;1816153;1403903;81.9;63.3
FR;79;2021-05-08;2931;4293;1819084;1408196;82.0;63.5
FR;79;2021-05-09;1377;2985;1820461;1411181;82.1;63.6
FR;79;2021-05-10;6044;17454;1826505;1428635;82.4;64.4
FR;79;2021-05-11;7893;18525;1834398;1447160;82.7;65.3
FR;79;2021-05-12;7156;15759;1841554;1462919;83.1;66.0
FR;79;2021-05-13;3477;3776;1845031;1466695;83.2;66.1
FR;79;2021-05-14;6704;11361;1851735;1478056;83.5;66.7
FR;79;2021-05-15;3260;5090;1854995;1483146;83.7;66.9
FR;79;2021-05-16;1138;1150;1856133;1484296;83.7;66.9
FR;79;2021-05-17;4869;8966;1861002;1493262;83.9;67.3
FR;79;2021-05-18;6008;9116;1867010;1502378;84.2;67.8
FR;79;2021-05-19;5633;7938;1872643;1510316;84.5;68.1
FR;79;2021-05-20;6500;8081;1879143;1518397;84.7;68.5
FR;79;2021-05-21;5512;8711;1884655;1527108;85.0;68.9
FR;79;2021-05-22;2381;3798;1887036;1530906;85.1;69.0
FR;79;2021-05-23;725;784;1887761;1531690;85.1;69.1
FR;79;2021-05-24;1819;1596;1889580;1533286;85.2;69.2
FR;79;2021-05-25;4287;10189;1893867;1543475;85.4;69.6
FR;79;2021-05-26;4141;9649;1898008;1553124;85.6;70.0
FR;79;2021-05-27;5036;10430;1903044;1563554;85.8;70.5
FR;80;2020-12-27;10;2;10;2;0.0;0.0
FR;80;2020-12-28;41;0;51;2;0.0;0.0
FR;80;2020-12-29;78;0;129;2;0.0;0.0
FR;80;2020-12-30;69;0;198;2;0.0;0.0
FR;80;2020-12-31;49;0;247;2;0.0;0.0
FR;80;2021-01-01;9;0;256;2;0.0;0.0
FR;80;2021-01-02;8;0;264;2;0.0;0.0
FR;80;2021-01-03;2;0;266;2;0.0;0.0
FR;80;2021-01-04;297;1;563;3;0.0;0.0
FR;80;2021-01-05;909;0;1472;3;0.0;0.0
FR;80;2021-01-06;1675;0;3147;3;0.1;0.0
FR;80;2021-01-07;6292;2;9439;5;0.2;0.0
FR;80;2021-01-08;5743;2;15182;7;0.4;0.0
FR;80;2021-01-09;979;0;16161;7;0.4;0.0
FR;80;2021-01-10;308;0;16469;7;0.4;0.0
FR;80;2021-01-11;4439;4;20908;11;0.5;0.0
FR;80;2021-01-12;12716;9;33624;20;0.8;0.0
FR;80;2021-01-13;12442;14;46066;34;1.1;0.0
FR;80;2021-01-14;18247;118;64313;152;1.5;0.0
FR;80;2021-01-15;12127;32;76440;184;1.8;0.0
FR;80;2021-01-16;4033;28;80473;212;1.9;0.0
FR;80;2021-01-17;3745;18;84218;230;2.0;0.0
FR;80;2021-01-18;28748;66;112966;296;2.7;0.0
FR;80;2021-01-19;53772;105;166738;401;4.0;0.0
FR;80;2021-01-20;59385;113;226123;514;5.4;0.0
FR;80;2021-01-21;69930;81;296053;595;7.1;0.0
FR;80;2021-01-22;48297;66;344350;661;8.3;0.0
FR;80;2021-01-23;16216;9;360566;670;8.7;0.0
FR;80;2021-01-24;4311;2;364877;672;8.8;0.0
FR;80;2021-01-25;32407;149;397284;821;9.6;0.0
FR;80;2021-01-26;45110;532;442394;1353;10.6;0.0
FR;80;2021-01-27;50883;892;493277;2245;11.9;0.1
FR;80;2021-01-28;60014;3943;553291;6188;13.3;0.1
FR;80;2021-01-29;39333;3276;592624;9464;14.3;0.2
FR;80;2021-01-30;13221;592;605845;10056;14.6;0.2
FR;80;2021-01-31;2333;285;608178;10341;14.6;0.2
FR;80;2021-02-01;23011;2783;631189;13124;15.2;0.3
FR;80;2021-02-02;33512;7435;664701;20559;16.0;0.5
FR;80;2021-02-03;34418;7880;699119;28439;16.8;0.7
FR;80;2021-02-04;38060;12589;737179;41028;17.7;1.0
FR;80;2021-02-05;29791;9526;766970;50554;18.4;1.2
FR;80;2021-02-06;9703;2123;776673;52677;18.7;1.3
FR;80;2021-02-07;1449;1867;778122;54544;18.7;1.3
FR;80;2021-02-08;19345;11139;797467;65683;19.2;1.6
FR;80;2021-02-09;25893;25610;823360;91293;19.8;2.2
FR;80;2021-02-10;26302;28923;849662;120216;20.4;2.9
FR;80;2021-02-11;30504;38125;880166;158341;21.2;3.8
FR;80;2021-02-12;26714;24678;906880;183019;21.8;4.4
FR;80;2021-02-13;7933;6525;914813;189544;22.0;4.6
FR;80;2021-02-14;1508;3100;916321;192644;22.0;4.6
FR;80;2021-02-15;11136;28310;927457;220954;22.3;5.3
FR;80;2021-02-16;15551;38928;943008;259882;22.7;6.3
FR;80;2021-02-17;15937;44490;958945;304372;23.1;7.3
FR;80;2021-02-18;21508;52519;980453;356891;23.6;8.6
FR;80;2021-02-19;19050;37504;999503;394395;24.0;9.5
FR;80;2021-02-20;6302;12325;1005805;406720;24.2;9.8
FR;80;2021-02-21;913;2970;1006718;409690;24.2;9.9
FR;80;2021-02-22;11170;30692;1017888;440382;24.5;10.6
FR;80;2021-02-23;17082;37287;1034970;477669;24.9;11.5
FR;80;2021-02-24;17976;37082;1052946;514751;25.3;12.4
FR;80;2021-02-25;22278;40860;1075224;555611;25.9;13.4
FR;80;2021-02-26;20516;30905;1095740;586516;26.4;14.1
FR;80;2021-02-27;7168;10283;1102908;596799;26.5;14.4
FR;80;2021-02-28;1260;2120;1104168;598919;26.6;14.4
FR;80;2021-03-01;18770;23206;1122938;622125;27.0;15.0
FR;80;2021-03-02;26867;29103;1149805;651228;27.7;15.7
FR;80;2021-03-03;28673;29237;1178478;680465;28.3;16.4
FR;80;2021-03-04;34854;29680;1213332;710145;29.2;17.1
FR;80;2021-03-05;35851;27475;1249183;737620;30.0;17.7
FR;80;2021-03-06;41317;8336;1290500;745956;31.0;17.9
FR;80;2021-03-07;29672;2008;1320172;747964;31.8;18.0
FR;80;2021-03-08;27152;22474;1347324;770438;32.4;18.5
FR;80;2021-03-09;40683;24649;1388007;795087;33.4;19.1
FR;80;2021-03-10;43061;25378;1431068;820465;34.4;19.7
FR;80;2021-03-11;51594;26867;1482662;847332;35.7;20.4
FR;80;2021-03-12;52036;22958;1534698;870290;36.9;20.9
FR;80;2021-03-13;37401;6992;1572099;877282;37.8;21.1
FR;80;2021-03-14;13877;1520;1585976;878802;38.1;21.1
FR;80;2021-03-15;44014;13923;1629990;892725;39.2;21.5
FR;80;2021-03-16;51790;17012;1681780;909737;40.4;21.9
FR;80;2021-03-17;54612;16531;1736392;926268;41.8;22.3
FR;80;2021-03-18;58450;18807;1794842;945075;43.2;22.7
FR;80;2021-03-19;57303;15707;1852145;960782;44.5;23.1
FR;80;2021-03-20;30958;5328;1883103;966110;45.3;23.2
FR;80;2021-03-21;8685;1089;1891788;967199;45.5;23.3
FR;80;2021-03-22;42811;14539;1934599;981738;46.5;23.6
FR;80;2021-03-23;55502;18028;1990101;999766;47.9;24.0
FR;80;2021-03-24;54373;19025;2044474;1018791;49.2;24.5
FR;80;2021-03-25;63880;19562;2108354;1038353;50.7;25.0
FR;80;2021-03-26;60022;18235;2168376;1056588;52.2;25.4
FR;80;2021-03-27;26544;7333;2194920;1063921;52.8;25.6
FR;80;2021-03-28;6924;1448;2201844;1065369;53.0;25.6
FR;80;2021-03-29;32801;23382;2234645;1088751;53.7;26.2
FR;80;2021-03-30;43133;30706;2277778;1119457;54.8;26.9
FR;80;2021-03-31;40444;32078;2318222;1151535;55.8;27.7
FR;80;2021-04-01;46034;37690;2364256;1189225;56.9;28.6
FR;80;2021-04-02;36999;39706;2401255;1228931;57.8;29.6
FR;80;2021-04-03;14487;26083;2415742;1255014;58.1;30.2
FR;80;2021-04-04;3862;7558;2419604;1262572;58.2;30.4
FR;80;2021-04-05;5611;4079;2425215;1266651;58.3;30.5
FR;80;2021-04-06;27515;44932;2452730;1311583;59.0;31.5
FR;80;2021-04-07;33364;48364;2486094;1359947;59.8;32.7
FR;80;2021-04-08;39939;49494;2526033;1409441;60.8;33.9
FR;80;2021-04-09;43367;46301;2569400;1455742;61.8;35.0
FR;80;2021-04-10;19808;28863;2589208;1484605;62.3;35.7
FR;80;2021-04-11;4833;9354;2594041;1493959;62.4;35.9
FR;80;2021-04-12;23446;45125;2617487;1539084;63.0;37.0
FR;80;2021-04-13;30121;54599;2647608;1593683;63.7;38.3
FR;80;2021-04-14;28925;52115;2676533;1645798;64.4;39.6
FR;80;2021-04-15;31279;52629;2707812;1698427;65.1;40.8
FR;80;2021-04-16;26345;48945;2734157;1747372;65.8;42.0
FR;80;2021-04-17;12306;25583;2746463;1772955;66.1;42.6
FR;80;2021-04-18;2528;7615;2748991;1780570;66.1;42.8
FR;80;2021-04-19;14177;43689;2763168;1824259;66.5;43.9
FR;80;2021-04-20;17832;53008;2781000;1877267;66.9;45.1
FR;80;2021-04-21;17865;49757;2798865;1927024;67.3;46.3
FR;80;2021-04-22;20537;51172;2819402;1978196;67.8;47.6
FR;80;2021-04-23;18955;44584;2838357;2022780;68.3;48.6
FR;80;2021-04-24;9352;21177;2847709;2043957;68.5;49.2
FR;80;2021-04-25;2661;5144;2850370;2049101;68.6;49.3
FR;80;2021-04-26;12247;30545;2862617;2079646;68.8;50.0
FR;80;2021-04-27;16649;36378;2879266;2116024;69.2;50.9
FR;80;2021-04-28;17861;34558;2897127;2150582;69.7;51.7
FR;80;2021-04-29;21487;35565;2918614;2186147;70.2;52.6
FR;80;2021-04-30;20229;29536;2938843;2215683;70.7;53.3
FR;80;2021-05-01;5780;5808;2944623;2221491;70.8;53.4
FR;80;2021-05-02;2590;3846;2947213;2225337;70.9;53.5
FR;80;2021-05-03;12386;21313;2959599;2246650;71.2;54.0
FR;80;2021-05-04;13758;29935;2973357;2276585;71.5;54.8
FR;80;2021-05-05;13410;29298;2986767;2305883;71.8;55.5
FR;80;2021-05-06;15766;29493;3002533;2335376;72.2;56.2
FR;80;2021-05-07;14460;29748;3016993;2365124;72.6;56.9
FR;80;2021-05-08;4455;6047;3021448;2371171;72.7;57.0
FR;80;2021-05-09;1906;4141;3023354;2375312;72.7;57.1
FR;80;2021-05-10;9047;24333;3032401;2399645;72.9;57.7
FR;80;2021-05-11;12408;27154;3044809;2426799;73.2;58.4
FR;80;2021-05-12;11359;23553;3056168;2450352;73.5;58.9
FR;80;2021-05-13;4872;5390;3061040;2455742;73.6;59.1
FR;80;2021-05-14;10311;16357;3071351;2472099;73.9;59.5
FR;80;2021-05-15;4800;7323;3076151;2479422;74.0;59.6
FR;80;2021-05-16;1533;1526;3077684;2480948;74.0;59.7
FR;80;2021-05-17;7003;13082;3084687;2494030;74.2;60.0
FR;80;2021-05-18;9392;13445;3094079;2507475;74.4;60.3
FR;80;2021-05-19;8810;12080;3102889;2519555;74.6;60.6
FR;80;2021-05-20;10484;12656;3113373;2532211;74.9;60.9
FR;80;2021-05-21;8654;13035;3122027;2545246;75.1;61.2
FR;80;2021-05-22;3800;5182;3125827;2550428;75.2;61.3
FR;80;2021-05-23;1010;1134;3126837;2551562;75.2;61.4
FR;80;2021-05-24;2556;2219;3129393;2553781;75.3;61.4
FR;80;2021-05-25;6437;14227;3135830;2568008;75.4;61.8
FR;80;2021-05-26;6442;14577;3142272;2582585;75.6;62.1
FR;80;2021-05-27;8103;15589;3150375;2598174;75.8;62.5
FR;0;2020-12-27;20;2;20;2;0.0;0.0
FR;0;2020-12-28;69;0;89;2;0.0;0.0
FR;0;2020-12-29;108;0;197;2;0.0;0.0
FR;0;2020-12-30;120;0;317;2;0.0;0.0
FR;0;2020-12-31;83;0;400;2;0.0;0.0
FR;0;2021-01-01;66;1;466;3;0.0;0.0
FR;0;2021-01-02;76;1;542;4;0.0;0.0
FR;0;2021-01-03;89;0;631;4;0.0;0.0
FR;0;2021-01-04;1472;6;2103;10;0.0;0.0
FR;0;2021-01-05;5384;9;7487;19;0.0;0.0
FR;0;2021-01-06;11289;19;18776;38;0.0;0.0
FR;0;2021-01-07;28541;44;47317;82;0.1;0.0
FR;0;2021-01-08;36146;43;83463;125;0.1;0.0
FR;0;2021-01-09;10900;11;94363;136;0.1;0.0
FR;0;2021-01-10;5606;4;99969;140;0.1;0.0
FR;0;2021-01-11;38921;53;138890;193;0.2;0.0
FR;0;2021-01-12;60764;94;199654;287;0.3;0.0
FR;0;2021-01-13;63662;130;263316;417;0.4;0.0
FR;0;2021-01-14;79780;666;343096;1083;0.5;0.0
FR;0;2021-01-15;67331;235;410427;1318;0.6;0.0
FR;0;2021-01-16;19602;105;430029;1423;0.6;0.0
FR;0;2021-01-17;10462;51;440491;1474;0.7;0.0
FR;0;2021-01-18;84288;243;524779;1717;0.8;0.0
FR;0;2021-01-19;128320;304;653099;2021;1.0;0.0
FR;0;2021-01-20;134889;302;787988;2323;1.2;0.0
FR;0;2021-01-21;155077;282;943065;2605;1.4;0.0
FR;0;2021-01-22;118362;283;1061427;2888;1.6;0.0
FR;0;2021-01-23;37764;63;1099191;2951;1.6;0.0
FR;0;2021-01-24;9350;32;1108541;2983;1.7;0.0
FR;0;2021-01-25;76729;1296;1185270;4279;1.8;0.0
FR;0;2021-01-26;98672;3211;1283942;7490;1.9;0.0
FR;0;2021-01-27;105554;5714;1389496;13204;2.1;0.0
FR;0;2021-01-28;122193;14525;1511689;27729;2.3;0.0
FR;0;2021-01-29;90810;17428;1602499;45157;2.4;0.1
FR;0;2021-01-30;28627;4261;1631126;49418;2.4;0.1
FR;0;2021-01-31;4863;1684;1635989;51102;2.4;0.1
FR;0;2021-02-01;51504;21186;1687493;72288;2.5;0.1
FR;0;2021-02-02;70545;34727;1758038;107015;2.6;0.2
FR;0;2021-02-03;70886;37131;1828924;144146;2.7;0.2
FR;0;2021-02-04;80440;50258;1909364;194404;2.8;0.3
FR;0;2021-02-05;67013;45490;1976377;239894;2.9;0.4
FR;0;2021-02-06;21273;10426;1997650;250320;3.0;0.4
FR;0;2021-02-07;4824;5077;2002474;255397;3.0;0.4
FR;0;2021-02-08;45799;46165;2048273;301562;3.1;0.4
FR;0;2021-02-09;64679;72808;2112952;374370;3.1;0.6
FR;0;2021-02-10;69167;77183;2182119;451553;3.3;0.7
FR;0;2021-02-11;85491;99894;2267610;551447;3.4;0.8
FR;0;2021-02-12;77628;74954;2345238;626401;3.5;0.9
FR;0;2021-02-13;21640;19602;2366878;646003;3.5;1.0
FR;0;2021-02-14;4578;7228;2371456;653231;3.5;1.0
FR;0;2021-02-15;37011;76921;2408467;730152;3.6;1.1
FR;0;2021-02-16;49153;101244;2457620;831396;3.7;1.2
FR;0;2021-02-17;49277;103490;2506897;934886;3.7;1.4
FR;0;2021-02-18;67804;119440;2574701;1054326;3.8;1.6
FR;0;2021-02-19;63622;91493;2638323;1145819;3.9;1.7
FR;0;2021-02-20;17952;28558;2656275;1174377;4.0;1.7
FR;0;2021-02-21;2852;6408;2659127;1180785;4.0;1.8
FR;0;2021-02-22;36417;73576;2695544;1254361;4.0;1.9
FR;0;2021-02-23;52462;84695;2748006;1339056;4.1;2.0
FR;0;2021-02-24;57935;81675;2805941;1420731;4.2;2.1
FR;0;2021-02-25;98417;92569;2904358;1513300;4.3;2.3
FR;0;2021-02-26;111516;72190;3015874;1585490;4.5;2.4
FR;0;2021-02-27;51050;22392;3066924;1607882;4.6;2.4
FR;0;2021-02-28;5659;4480;3072583;1612362;4.6;2.4
FR;0;2021-03-01;63417;53394;3136000;1665756;4.7;2.5
FR;0;2021-03-02;99105;67224;3235105;1732980;4.8;2.6
FR;0;2021-03-03;113182;66733;3348287;1799713;5.0;2.7
FR;0;2021-03-04;159645;70736;3507932;1870449;5.2;2.8
FR;0;2021-03-05;197028;65537;3704960;1935986;5.5;2.9
FR;0;2021-03-06;203663;19221;3908623;1955207;5.8;2.9
FR;0;2021-03-07;119299;6190;4027922;1961397;6.0;2.9
FR;0;2021-03-08;104362;51715;4132284;2013112;6.2;3.0
FR;0;2021-03-09;168960;58345;4301244;2071457;6.4;3.1
FR;0;2021-03-10;174918;58789;4476162;2130246;6.7;3.2
FR;0;2021-03-11;238387;65536;4714549;2195782;7.0;3.3
FR;0;2021-03-12;289772;56263;5004321;2252045;7.5;3.4
FR;0;2021-03-13;227315;16854;5231636;2268899;7.8;3.4
FR;0;2021-03-14;62016;3985;5293652;2272884;7.9;3.4
FR;0;2021-03-15;155334;34495;5448986;2307379;8.1;3.4
FR;0;2021-03-16;139124;41325;5588110;2348704;8.3;3.5
FR;0;2021-03-17;147819;40858;5735929;2389562;8.5;3.6
FR;0;2021-03-18;164790;47481;5900719;2437043;8.8;3.6
FR;0;2021-03-19;226055;41050;6126774;2478093;9.1;3.7
FR;0;2021-03-20;164168;13860;6290942;2491953;9.4;3.7
FR;0;2021-03-21;48702;3407;6339644;2495360;9.4;3.7
FR;0;2021-03-22;166741;37139;6506385;2532499;9.7;3.8
FR;0;2021-03-23;246188;46489;6752573;2578988;10.1;3.8
FR;0;2021-03-24;252780;47995;7005353;2626983;10.4;3.9
FR;0;2021-03-25;336736;50485;7342089;2677468;10.9;4.0
FR;0;2021-03-26;353801;48066;7695890;2725534;11.5;4.1
FR;0;2021-03-27;192494;19897;7888384;2745431;11.8;4.1
FR;0;2021-03-28;58253;4747;7946637;2750178;11.8;4.1
FR;0;2021-03-29;200036;57993;8146673;2808171;12.1;4.2
FR;0;2021-03-30;281394;75304;8428067;2883475;12.6;4.3
FR;0;2021-03-31;258862;78691;8686929;2962166;12.9;4.4
FR;0;2021-04-01;309198;95581;8996127;3057747;13.4;4.6
FR;0;2021-04-02;277073;98731;9273200;3156478;13.8;4.7
FR;0;2021-04-03;138943;65001;9412143;3221479;14.0;4.8
FR;0;2021-04-04;44816;19877;9456959;3241356;14.1;4.8
FR;0;2021-04-05;58698;12659;9515657;3254015;14.2;4.8
FR;0;2021-04-06;212546;113090;9728203;3367105;14.5;5.0
FR;0;2021-04-07;255659;122439;9983862;3489544;14.9;5.2
FR;0;2021-04-08;332013;131211;10315875;3620755;15.4;5.4
FR;0;2021-04-09;403878;126888;10719753;3747643;16.0;5.6
FR;0;2021-04-10;209847;87977;10929600;3835620;16.3;5.7
FR;0;2021-04-11;54934;36272;10984534;3871892;16.4;5.8
FR;0;2021-04-12;233370;121374;11217904;3993266;16.7;5.9
FR;0;2021-04-13;304479;153259;11522383;4146525;17.2;6.2
FR;0;2021-04-14;288880;148218;11811263;4294743;17.6;6.4
FR;0;2021-04-15;330824;158086;12142087;4452829;18.1;6.6
FR;0;2021-04-16;333662;155357;12475749;4608186;18.6;6.9
FR;0;2021-04-17;185610;95393;12661359;4703579;18.9;7.0
FR;0;2021-04-18;50316;37159;12711675;4740738;18.9;7.1
FR;0;2021-04-19;201659;144832;12913334;4885570;19.2;7.3
FR;0;2021-04-20;249202;178948;13162536;5064518;19.6;7.5
FR;0;2021-04-21;247929;177221;13410465;5241739;20.0;7.8
FR;0;2021-04-22;281426;198302;13691891;5440041;20.4;8.1
FR;0;2021-04-23;288824;194424;13980715;5634465;20.8;8.4
FR;0;2021-04-24;187181;119442;14167896;5753907;21.1;8.6
FR;0;2021-04-25;67758;41610;14235654;5795517;21.2;8.6
FR;0;2021-04-26;215050;166500;14450704;5962017;21.5;8.9
FR;0;2021-04-27;279316;206987;14730020;6169004;21.9;9.2
FR;0;2021-04-28;293656;204183;15023676;6373187;22.4;9.5
FR;0;2021-04-29;350206;226155;15373882;6599342;22.9;9.8
FR;0;2021-04-30;365423;219180;15739305;6818522;23.5;10.2
FR;0;2021-05-01;162484;61408;15901789;6879930;23.7;10.3
FR;0;2021-05-02;89308;42282;15991097;6922212;23.8;10.3
FR;0;2021-05-03;281107;186873;16272204;7109085;24.2;10.6
FR;0;2021-05-04;307700;246819;16579904;7355904;24.7;11.0
FR;0;2021-05-05;317474;246036;16897378;7601940;25.2;11.3
FR;0;2021-05-06;370762;269024;17268140;7870964;25.7;11.7
FR;0;2021-05-07;363954;294773;17632094;8165737;26.3;12.2
FR;0;2021-05-08;205290;79119;17837384;8244856;26.6;12.3
FR;0;2021-05-09;127325;54118;17964709;8298974;26.8;12.4
FR;0;2021-05-10;301011;251455;18265720;8550429;27.2;12.7
FR;0;2021-05-11;393569;292555;18659289;8842984;27.8;13.2
FR;0;2021-05-12;417663;264922;19076952;9107906;28.4;13.6
FR;0;2021-05-13;327897;75647;19404849;9183553;28.9;13.7
FR;0;2021-05-14;440523;199008;19845372;9382561;29.6;14.0
FR;0;2021-05-15;362487;117106;20207859;9499667;30.1;14.2
FR;0;2021-05-16;199218;32730;20407077;9532397;30.4;14.2
FR;0;2021-05-17;366515;175614;20773592;9708011;31.0;14.5
FR;0;2021-05-18;442724;187733;21216316;9895744;31.6;14.7
FR;0;2021-05-19;453738;178725;21670054;10074469;32.3;15.0
FR;0;2021-05-20;492278;200033;22162332;10274502;33.0;15.3
FR;0;2021-05-21;474136;217045;22636468;10491547;33.7;15.6
FR;0;2021-05-22;340011;105839;22976479;10597386;34.2;15.8
FR;0;2021-05-23;158374;25639;23134853;10623025;34.5;15.8
FR;0;2021-05-24;256273;51381;23391126;10674406;34.9;15.9
FR;0;2021-05-25;388153;223151;23779279;10897557;35.4;16.2
FR;0;2021-05-26;391296;225676;24170575;11123233;36.0;16.6
FR;0;2021-05-27;432839;252082;24603414;11375315;36.7;16.9
