fra;clage_vacsi;jour;n_dose1;n_complet;n_cum_dose1;n_cum_complet;couv_dose1;couv_complet
FR;24;2020-12-27;1;0;1;0;0.0;0.0
FR;24;2020-12-28;1;0;2;0;0.0;0.0
FR;24;2020-12-29;0;0;2;0;0.0;0.0
FR;24;2020-12-30;0;0;2;0;0.0;0.0
FR;24;2020-12-31;0;0;2;0;0.0;0.0
FR;24;2021-01-01;1;0;3;0;0.0;0.0
FR;24;2021-01-02;0;0;3;0;0.0;0.0
FR;24;2021-01-03;2;0;5;0;0.0;0.0
FR;24;2021-01-04;4;0;9;0;0.0;0.0
FR;24;2021-01-05;17;0;26;0;0.0;0.0
FR;24;2021-01-06;36;0;62;0;0.0;0.0
FR;24;2021-01-07;179;0;241;0;0.0;0.0
FR;24;2021-01-08;216;0;457;0;0.0;0.0
FR;24;2021-01-09;40;0;497;0;0.0;0.0
FR;24;2021-01-10;35;0;532;0;0.0;0.0
FR;24;2021-01-11;250;2;782;2;0.0;0.0
FR;24;2021-01-12;395;0;1177;2;0.0;0.0
FR;24;2021-01-13;475;3;1652;5;0.0;0.0
FR;24;2021-01-14;607;5;2259;10;0.0;0.0
FR;24;2021-01-15;586;1;2845;11;0.1;0.0
FR;24;2021-01-16;116;3;2961;14;0.1;0.0
FR;24;2021-01-17;94;0;3055;14;0.1;0.0
FR;24;2021-01-18;506;1;3561;15;0.1;0.0
FR;24;2021-01-19;594;1;4155;16;0.1;0.0
FR;24;2021-01-20;648;0;4803;16;0.1;0.0
FR;24;2021-01-21;750;3;5553;19;0.1;0.0
FR;24;2021-01-22;597;3;6150;22;0.1;0.0
FR;24;2021-01-23;116;0;6266;22;0.1;0.0
FR;24;2021-01-24;22;0;6288;22;0.1;0.0
FR;24;2021-01-25;293;3;6581;25;0.1;0.0
FR;24;2021-01-26;363;11;6944;36;0.1;0.0
FR;24;2021-01-27;440;14;7384;50;0.1;0.0
FR;24;2021-01-28;594;50;7978;100;0.1;0.0
FR;24;2021-01-29;466;82;8444;182;0.2;0.0
FR;24;2021-01-30;86;16;8530;198;0.2;0.0
FR;24;2021-01-31;25;13;8555;211;0.2;0.0
FR;24;2021-02-01;155;134;8710;345;0.2;0.0
FR;24;2021-02-02;214;182;8924;527;0.2;0.0
FR;24;2021-02-03;215;185;9139;712;0.2;0.0
FR;24;2021-02-04;357;315;9496;1027;0.2;0.0
FR;24;2021-02-05;345;342;9841;1369;0.2;0.0
FR;24;2021-02-06;82;71;9923;1440;0.2;0.0
FR;24;2021-02-07;169;28;10092;1468;0.2;0.0
FR;24;2021-02-08;388;356;10480;1824;0.2;0.0
FR;24;2021-02-09;742;454;11222;2278;0.2;0.0
FR;24;2021-02-10;1084;589;12306;2867;0.2;0.1
FR;24;2021-02-11;1568;693;13874;3560;0.3;0.1
FR;24;2021-02-12;1616;551;15490;4111;0.3;0.1
FR;24;2021-02-13;289;90;15779;4201;0.3;0.1
FR;24;2021-02-14;62;30;15841;4231;0.3;0.1
FR;24;2021-02-15;1025;367;16866;4598;0.3;0.1
FR;24;2021-02-16;1555;559;18421;5157;0.3;0.1
FR;24;2021-02-17;1486;476;19907;5633;0.4;0.1
FR;24;2021-02-18;1928;604;21835;6237;0.4;0.1
FR;24;2021-02-19;1848;534;23683;6771;0.4;0.1
FR;24;2021-02-20;328;80;24011;6851;0.4;0.1
FR;24;2021-02-21;38;18;24049;6869;0.4;0.1
FR;24;2021-02-22;1148;269;25197;7138;0.5;0.1
FR;24;2021-02-23;1566;366;26763;7504;0.5;0.1
FR;24;2021-02-24;1644;314;28407;7818;0.5;0.1
FR;24;2021-02-25;2243;440;30650;8258;0.6;0.2
FR;24;2021-02-26;2162;359;32812;8617;0.6;0.2
FR;24;2021-02-27;528;75;33340;8692;0.6;0.2
FR;24;2021-02-28;90;15;33430;8707;0.6;0.2
FR;24;2021-03-01;1239;209;34669;8916;0.6;0.2
FR;24;2021-03-02;1636;275;36305;9191;0.7;0.2
FR;24;2021-03-03;1737;313;38042;9504;0.7;0.2
FR;24;2021-03-04;2093;461;40135;9965;0.7;0.2
FR;24;2021-03-05;3261;430;43396;10395;0.8;0.2
FR;24;2021-03-06;1697;113;45093;10508;0.8;0.2
FR;24;2021-03-07;974;50;46067;10558;0.8;0.2
FR;24;2021-03-08;1946;215;48013;10773;0.9;0.2
FR;24;2021-03-09;2592;257;50605;11030;0.9;0.2
FR;24;2021-03-10;2415;322;53020;11352;1.0;0.2
FR;24;2021-03-11;2901;460;55921;11812;1.0;0.2
FR;24;2021-03-12;3804;392;59725;12204;1.1;0.2
FR;24;2021-03-13;1471;76;61196;12280;1.1;0.2
FR;24;2021-03-14;530;33;61726;12313;1.1;0.2
FR;24;2021-03-15;1820;230;63546;12543;1.2;0.2
FR;24;2021-03-16;821;304;64367;12847;1.2;0.2
FR;24;2021-03-17;1066;311;65433;13158;1.2;0.2
FR;24;2021-03-18;1294;423;66727;13581;1.2;0.3
FR;24;2021-03-19;1860;351;68587;13932;1.3;0.3
FR;24;2021-03-20;828;82;69415;14014;1.3;0.3
FR;24;2021-03-21;631;46;70046;14060;1.3;0.3
FR;24;2021-03-22;1497;271;71543;14331;1.3;0.3
FR;24;2021-03-23;1791;386;73334;14717;1.4;0.3
FR;24;2021-03-24;2151;338;75485;15055;1.4;0.3
FR;24;2021-03-25;2553;478;78038;15533;1.4;0.3
FR;24;2021-03-26;3152;455;81190;15988;1.5;0.3
FR;24;2021-03-27;1889;180;83079;16168;1.5;0.3
FR;24;2021-03-28;1009;68;84088;16236;1.6;0.3
FR;24;2021-03-29;2420;344;86508;16580;1.6;0.3
FR;24;2021-03-30;3554;496;90062;17076;1.7;0.3
FR;24;2021-03-31;4060;499;94122;17575;1.7;0.3
FR;24;2021-04-01;5363;710;99485;18285;1.8;0.3
FR;24;2021-04-02;4420;601;103905;18886;1.9;0.3
FR;24;2021-04-03;1728;330;105633;19216;1.9;0.4
FR;24;2021-04-04;954;122;106587;19338;2.0;0.4
FR;24;2021-04-05;1091;127;107678;19465;2.0;0.4
FR;24;2021-04-06;3524;560;111202;20025;2.1;0.4
FR;24;2021-04-07;4734;775;115936;20800;2.1;0.4
FR;24;2021-04-08;6303;1061;122239;21861;2.3;0.4
FR;24;2021-04-09;5722;997;127961;22858;2.4;0.4
FR;24;2021-04-10;2620;551;130581;23409;2.4;0.4
FR;24;2021-04-11;1249;304;131830;23713;2.4;0.4
FR;24;2021-04-12;3401;899;135231;24612;2.5;0.5
FR;24;2021-04-13;4702;1117;139933;25729;2.6;0.5
FR;24;2021-04-14;4833;1273;144766;27002;2.7;0.5
FR;24;2021-04-15;5085;1532;149851;28534;2.8;0.5
FR;24;2021-04-16;4718;1630;154569;30164;2.8;0.6
FR;24;2021-04-17;2097;787;156666;30951;2.9;0.6
FR;24;2021-04-18;714;429;157380;31380;2.9;0.6
FR;24;2021-04-19;2877;1492;160257;32872;3.0;0.6
FR;24;2021-04-20;3061;2097;163318;34969;3.0;0.6
FR;24;2021-04-21;3342;2433;166660;37402;3.1;0.7
FR;24;2021-04-22;3969;3088;170629;40490;3.1;0.7
FR;24;2021-04-23;4104;3251;174733;43741;3.2;0.8
FR;24;2021-04-24;2359;1659;177092;45400;3.3;0.8
FR;24;2021-04-25;1203;798;178295;46198;3.3;0.9
FR;24;2021-04-26;3012;2157;181307;48355;3.3;0.9
FR;24;2021-04-27;3848;3143;185155;51498;3.4;0.9
FR;24;2021-04-28;4195;3708;189350;55206;3.5;1.0
FR;24;2021-04-29;5230;4403;194580;59609;3.6;1.1
FR;24;2021-04-30;5888;4561;200468;64170;3.7;1.2
FR;24;2021-05-01;3616;1064;204084;65234;3.8;1.2
FR;24;2021-05-02;2678;891;206762;66125;3.8;1.2
FR;24;2021-05-03;6026;4114;212788;70239;3.9;1.3
FR;24;2021-05-04;7250;4683;220038;74922;4.1;1.4
FR;24;2021-05-05;8381;4896;228419;79818;4.2;1.5
FR;24;2021-05-06;10470;6304;238889;86122;4.4;1.6
FR;24;2021-05-07;11667;6345;250556;92467;4.6;1.7
FR;24;2021-05-08;9081;2437;259637;94904;4.8;1.7
FR;24;2021-05-09;6831;1915;266468;96819;4.9;1.8
FR;24;2021-05-10;10616;4882;277084;101701;5.1;1.9
FR;24;2021-05-11;14972;5658;292056;107359;5.4;2.0
FR;24;2021-05-12;21078;5948;313134;113307;5.8;2.1
FR;29;2020-12-27;0;0;0;0;0.0;0.0
FR;29;2020-12-28;1;0;1;0;0.0;0.0
FR;29;2020-12-29;0;0;1;0;0.0;0.0
FR;29;2020-12-30;0;0;1;0;0.0;0.0
FR;29;2020-12-31;0;0;1;0;0.0;0.0
FR;29;2021-01-01;2;0;3;0;0.0;0.0
FR;29;2021-01-02;2;0;5;0;0.0;0.0
FR;29;2021-01-03;2;0;7;0;0.0;0.0
FR;29;2021-01-04;10;0;17;0;0.0;0.0
FR;29;2021-01-05;42;0;59;0;0.0;0.0
FR;29;2021-01-06;142;0;201;0;0.0;0.0
FR;29;2021-01-07;306;1;507;1;0.0;0.0
FR;29;2021-01-08;516;2;1023;3;0.0;0.0
FR;29;2021-01-09;113;0;1136;3;0.0;0.0
FR;29;2021-01-10;91;0;1227;3;0.0;0.0
FR;29;2021-01-11;641;1;1868;4;0.1;0.0
FR;29;2021-01-12;927;4;2795;8;0.1;0.0
FR;29;2021-01-13;1207;2;4002;10;0.1;0.0
FR;29;2021-01-14;1555;8;5557;18;0.1;0.0
FR;29;2021-01-15;1301;2;6858;20;0.2;0.0
FR;29;2021-01-16;192;2;7050;22;0.2;0.0
FR;29;2021-01-17;158;0;7208;22;0.2;0.0
FR;29;2021-01-18;1039;2;8247;24;0.2;0.0
FR;29;2021-01-19;1142;3;9389;27;0.3;0.0
FR;29;2021-01-20;1190;2;10579;29;0.3;0.0
FR;29;2021-01-21;1446;3;12025;32;0.3;0.0
FR;29;2021-01-22;1142;4;13167;36;0.4;0.0
FR;29;2021-01-23;167;2;13334;38;0.4;0.0
FR;29;2021-01-24;51;0;13385;38;0.4;0.0
FR;29;2021-01-25;532;12;13917;50;0.4;0.0
FR;29;2021-01-26;659;35;14576;85;0.4;0.0
FR;29;2021-01-27;718;60;15294;145;0.4;0.0
FR;29;2021-01-28;1032;118;16326;263;0.4;0.0
FR;29;2021-01-29;800;170;17126;433;0.5;0.0
FR;29;2021-01-30;140;39;17266;472;0.5;0.0
FR;29;2021-01-31;33;26;17299;498;0.5;0.0
FR;29;2021-02-01;260;291;17559;789;0.5;0.0
FR;29;2021-02-02;402;372;17961;1161;0.5;0.0
FR;29;2021-02-03;452;456;18413;1617;0.5;0.0
FR;29;2021-02-04;604;715;19017;2332;0.5;0.1
FR;29;2021-02-05;529;744;19546;3076;0.5;0.1
FR;29;2021-02-06;141;106;19687;3182;0.5;0.1
FR;29;2021-02-07;304;61;19991;3243;0.5;0.1
FR;29;2021-02-08;600;799;20591;4042;0.6;0.1
FR;29;2021-02-09;1244;1003;21835;5045;0.6;0.1
FR;29;2021-02-10;1702;1121;23537;6166;0.6;0.2
FR;29;2021-02-11;2454;1392;25991;7558;0.7;0.2
FR;29;2021-02-12;2207;1194;28198;8752;0.8;0.2
FR;29;2021-02-13;422;152;28620;8904;0.8;0.2
FR;29;2021-02-14;133;81;28753;8985;0.8;0.2
FR;29;2021-02-15;1551;764;30304;9749;0.8;0.3
FR;29;2021-02-16;1905;1124;32209;10873;0.9;0.3
FR;29;2021-02-17;1878;916;34087;11789;0.9;0.3
FR;29;2021-02-18;2378;1124;36465;12913;1.0;0.3
FR;29;2021-02-19;2310;912;38775;13825;1.0;0.4
FR;29;2021-02-20;382;118;39157;13943;1.1;0.4
FR;29;2021-02-21;86;42;39243;13985;1.1;0.4
FR;29;2021-02-22;1343;502;40586;14487;1.1;0.4
FR;29;2021-02-23;1746;619;42332;15106;1.1;0.4
FR;29;2021-02-24;1774;512;44106;15618;1.2;0.4
FR;29;2021-02-25;2370;877;46476;16495;1.3;0.4
FR;29;2021-02-26;2549;617;49025;17112;1.3;0.5
FR;29;2021-02-27;604;101;49629;17213;1.3;0.5
FR;29;2021-02-28;111;26;49740;17239;1.3;0.5
FR;29;2021-03-01;1271;317;51011;17556;1.4;0.5
FR;29;2021-03-02;1778;559;52789;18115;1.4;0.5
FR;29;2021-03-03;1965;549;54754;18664;1.5;0.5
FR;29;2021-03-04;2437;694;57191;19358;1.5;0.5
FR;29;2021-03-05;3584;642;60775;20000;1.6;0.5
FR;29;2021-03-06;1619;117;62394;20117;1.7;0.5
FR;29;2021-03-07;819;92;63213;20209;1.7;0.5
FR;29;2021-03-08;1931;358;65144;20567;1.8;0.6
FR;29;2021-03-09;2625;423;67769;20990;1.8;0.6
FR;29;2021-03-10;2534;457;70303;21447;1.9;0.6
FR;29;2021-03-11;3311;745;73614;22192;2.0;0.6
FR;29;2021-03-12;3938;658;77552;22850;2.1;0.6
FR;29;2021-03-13;1616;116;79168;22966;2.1;0.6
FR;29;2021-03-14;562;55;79730;23021;2.1;0.6
FR;29;2021-03-15;1874;325;81604;23346;2.2;0.6
FR;29;2021-03-16;1113;481;82717;23827;2.2;0.6
FR;29;2021-03-17;1371;481;84088;24308;2.3;0.7
FR;29;2021-03-18;1639;650;85727;24958;2.3;0.7
FR;29;2021-03-19;2218;520;87945;25478;2.4;0.7
FR;29;2021-03-20;987;119;88932;25597;2.4;0.7
FR;29;2021-03-21;724;58;89656;25655;2.4;0.7
FR;29;2021-03-22;1652;385;91308;26040;2.5;0.7
FR;29;2021-03-23;2200;579;93508;26619;2.5;0.7
FR;29;2021-03-24;2523;542;96031;27161;2.6;0.7
FR;29;2021-03-25;3368;645;99399;27806;2.7;0.7
FR;29;2021-03-26;3716;647;103115;28453;2.8;0.8
FR;29;2021-03-27;2140;230;105255;28683;2.8;0.8
FR;29;2021-03-28;963;57;106218;28740;2.9;0.8
FR;29;2021-03-29;2737;494;108955;29234;2.9;0.8
FR;29;2021-03-30;3945;675;112900;29909;3.0;0.8
FR;29;2021-03-31;4440;760;117340;30669;3.2;0.8
FR;29;2021-04-01;5815;955;123155;31624;3.3;0.9
FR;29;2021-04-02;4865;872;128020;32496;3.4;0.9
FR;29;2021-04-03;1755;319;129775;32815;3.5;0.9
FR;29;2021-04-04;896;115;130671;32930;3.5;0.9
FR;29;2021-04-05;915;110;131586;33040;3.5;0.9
FR;29;2021-04-06;3472;721;135058;33761;3.6;0.9
FR;29;2021-04-07;4503;1070;139561;34831;3.8;0.9
FR;29;2021-04-08;6208;1382;145769;36213;3.9;1.0
FR;29;2021-04-09;6236;1220;152005;37433;4.1;1.0
FR;29;2021-04-10;2638;602;154643;38035;4.2;1.0
FR;29;2021-04-11;1160;330;155803;38365;4.2;1.0
FR;29;2021-04-12;3549;1007;159352;39372;4.3;1.1
FR;29;2021-04-13;4798;1457;164150;40829;4.4;1.1
FR;29;2021-04-14;4678;1471;168828;42300;4.5;1.1
FR;29;2021-04-15;5488;1770;174316;44070;4.7;1.2
FR;29;2021-04-16;4688;1842;179004;45912;4.8;1.2
FR;29;2021-04-17;2204;899;181208;46811;4.9;1.3
FR;29;2021-04-18;757;513;181965;47324;4.9;1.3
FR;29;2021-04-19;2805;1735;184770;49059;5.0;1.3
FR;29;2021-04-20;3435;2465;188205;51524;5.1;1.4
FR;29;2021-04-21;3373;2747;191578;54271;5.2;1.5
FR;29;2021-04-22;4384;3795;195962;58066;5.3;1.6
FR;29;2021-04-23;4502;3714;200464;61780;5.4;1.7
FR;29;2021-04-24;2664;1809;203128;63589;5.5;1.7
FR;29;2021-04-25;1165;731;204293;64320;5.5;1.7
FR;29;2021-04-26;2901;2440;207194;66760;5.6;1.8
FR;29;2021-04-27;3935;3570;211129;70330;5.7;1.9
FR;29;2021-04-28;4477;3983;215606;74313;5.8;2.0
FR;29;2021-04-29;5616;4925;221222;79238;6.0;2.1
FR;29;2021-04-30;6155;5144;227377;84382;6.1;2.3
FR;29;2021-05-01;3893;1196;231270;85578;6.2;2.3
FR;29;2021-05-02;2555;902;233825;86480;6.3;2.3
FR;29;2021-05-03;6594;4263;240419;90743;6.5;2.4
FR;29;2021-05-04;7898;5140;248317;95883;6.7;2.6
FR;29;2021-05-05;9297;5129;257614;101012;6.9;2.7
FR;29;2021-05-06;10883;6460;268497;107472;7.2;2.9
FR;29;2021-05-07;11335;6538;279832;114010;7.5;3.1
FR;29;2021-05-08;8080;2187;287912;116197;7.7;3.1
FR;29;2021-05-09;5880;1732;293792;117929;7.9;3.2
FR;29;2021-05-10;10254;5211;304046;123140;8.2;3.3
FR;29;2021-05-11;14090;6276;318136;129416;8.6;3.5
FR;29;2021-05-12;18466;6134;336602;135550;9.1;3.6
FR;39;2020-12-27;0;0;0;0;0.0;0.0
FR;39;2020-12-28;0;0;0;0;0.0;0.0
FR;39;2020-12-29;1;0;1;0;0.0;0.0
FR;39;2020-12-30;3;0;4;0;0.0;0.0
FR;39;2020-12-31;1;0;5;0;0.0;0.0
FR;39;2021-01-01;4;0;9;0;0.0;0.0
FR;39;2021-01-02;2;0;11;0;0.0;0.0
FR;39;2021-01-03;2;0;13;0;0.0;0.0
FR;39;2021-01-04;23;0;36;0;0.0;0.0
FR;39;2021-01-05;139;0;175;0;0.0;0.0
FR;39;2021-01-06;384;0;559;0;0.0;0.0
FR;39;2021-01-07;1173;5;1732;5;0.0;0.0
FR;39;2021-01-08;1781;3;3513;8;0.0;0.0
FR;39;2021-01-09;472;0;3985;8;0.0;0.0
FR;39;2021-01-10;307;1;4292;9;0.1;0.0
FR;39;2021-01-11;2199;6;6491;15;0.1;0.0
FR;39;2021-01-12;3385;8;9876;23;0.1;0.0
FR;39;2021-01-13;3478;7;13354;30;0.2;0.0
FR;39;2021-01-14;4757;44;18111;74;0.2;0.0
FR;39;2021-01-15;4370;12;22481;86;0.3;0.0
FR;39;2021-01-16;768;4;23249;90;0.3;0.0
FR;39;2021-01-17;487;2;23736;92;0.3;0.0
FR;39;2021-01-18;3062;16;26798;108;0.3;0.0
FR;39;2021-01-19;3989;12;30787;120;0.4;0.0
FR;39;2021-01-20;3884;9;34671;129;0.4;0.0
FR;39;2021-01-21;5111;14;39782;143;0.5;0.0
FR;39;2021-01-22;3928;13;43710;156;0.5;0.0
FR;39;2021-01-23;589;3;44299;159;0.5;0.0
FR;39;2021-01-24;184;0;44483;159;0.5;0.0
FR;39;2021-01-25;1583;38;46066;197;0.6;0.0
FR;39;2021-01-26;2155;92;48221;289;0.6;0.0
FR;39;2021-01-27;2277;203;50498;492;0.6;0.0
FR;39;2021-01-28;3464;457;53962;949;0.7;0.0
FR;39;2021-01-29;2666;693;56628;1642;0.7;0.0
FR;39;2021-01-30;393;214;57021;1856;0.7;0.0
FR;39;2021-01-31;89;78;57110;1934;0.7;0.0
FR;39;2021-02-01;746;1057;57856;2991;0.7;0.0
FR;39;2021-02-02;1323;1643;59179;4634;0.7;0.1
FR;39;2021-02-03;1350;1651;60529;6285;0.7;0.1
FR;39;2021-02-04;1964;2527;62493;8812;0.8;0.1
FR;39;2021-02-05;1629;2699;64122;11511;0.8;0.1
FR;39;2021-02-06;396;430;64518;11941;0.8;0.1
FR;39;2021-02-07;553;204;65071;12145;0.8;0.1
FR;39;2021-02-08;1510;2410;66581;14555;0.8;0.2
FR;39;2021-02-09;3158;3342;69739;17897;0.8;0.2
FR;39;2021-02-10;3871;3479;73610;21376;0.9;0.3
FR;39;2021-02-11;6141;4793;79751;26169;1.0;0.3
FR;39;2021-02-12;5791;3930;85542;30099;1.0;0.4
FR;39;2021-02-13;1233;535;86775;30634;1.0;0.4
FR;39;2021-02-14;385;260;87160;30894;1.1;0.4
FR;39;2021-02-15;3375;2356;90535;33250;1.1;0.4
FR;39;2021-02-16;4406;3295;94941;36545;1.1;0.4
FR;39;2021-02-17;3972;2821;98913;39366;1.2;0.5
FR;39;2021-02-18;5939;3817;104852;43183;1.3;0.5
FR;39;2021-02-19;5789;3009;110641;46192;1.3;0.6
FR;39;2021-02-20;1133;462;111774;46654;1.3;0.6
FR;39;2021-02-21;185;118;111959;46772;1.3;0.6
FR;39;2021-02-22;2955;1618;114914;48390;1.4;0.6
FR;39;2021-02-23;3871;1865;118785;50255;1.4;0.6
FR;39;2021-02-24;3696;1669;122481;51924;1.5;0.6
FR;39;2021-02-25;5532;2463;128013;54387;1.5;0.7
FR;39;2021-02-26;6041;1856;134054;56243;1.6;0.7
FR;39;2021-02-27;1650;291;135704;56534;1.6;0.7
FR;39;2021-02-28;240;119;135944;56653;1.6;0.7
FR;39;2021-03-01;2902;960;138846;57613;1.7;0.7
FR;39;2021-03-02;4193;1557;143039;59170;1.7;0.7
FR;39;2021-03-03;4199;1472;147238;60642;1.8;0.7
FR;39;2021-03-04;6214;2219;153452;62861;1.8;0.8
FR;39;2021-03-05;9073;1993;162525;64854;2.0;0.8
FR;39;2021-03-06;4892;372;167417;65226;2.0;0.8
FR;39;2021-03-07;2632;221;170049;65447;2.0;0.8
FR;39;2021-03-08;4649;1057;174698;66504;2.1;0.8
FR;39;2021-03-09;6813;1425;181511;67929;2.2;0.8
FR;39;2021-03-10;6046;1454;187557;69383;2.3;0.8
FR;39;2021-03-11;8604;2279;196161;71662;2.4;0.9
FR;39;2021-03-12;11368;1991;207529;73653;2.5;0.9
FR;39;2021-03-13;5200;382;212729;74035;2.6;0.9
FR;39;2021-03-14;1744;141;214473;74176;2.6;0.9
FR;39;2021-03-15;4742;998;219215;75174;2.6;0.9
FR;39;2021-03-16;3352;1377;222567;76551;2.7;0.9
FR;39;2021-03-17;3430;1464;225997;78015;2.7;0.9
FR;39;2021-03-18;4631;1940;230628;79955;2.8;1.0
FR;39;2021-03-19;6233;1592;236861;81547;2.9;1.0
FR;39;2021-03-20;3164;345;240025;81892;2.9;1.0
FR;39;2021-03-21;2069;157;242094;82049;2.9;1.0
FR;39;2021-03-22;4432;1055;246526;83104;3.0;1.0
FR;39;2021-03-23;6144;1614;252670;84718;3.0;1.0
FR;39;2021-03-24;6293;1313;258963;86031;3.1;1.0
FR;39;2021-03-25;9026;1675;267989;87706;3.2;1.1
FR;39;2021-03-26;10603;1628;278592;89334;3.4;1.1
FR;39;2021-03-27;5979;576;284571;89910;3.4;1.1
FR;39;2021-03-28;2730;172;287301;90082;3.5;1.1
FR;39;2021-03-29;7149;1237;294450;91319;3.5;1.1
FR;39;2021-03-30;10453;1808;304903;93127;3.7;1.1
FR;39;2021-03-31;11048;1777;315951;94904;3.8;1.1
FR;39;2021-04-01;14903;2524;330854;97428;4.0;1.2
FR;39;2021-04-02;13197;2361;344051;99789;4.1;1.2
FR;39;2021-04-03;5582;993;349633;100782;4.2;1.2
FR;39;2021-04-04;2517;334;352150;101116;4.2;1.2
FR;39;2021-04-05;2527;315;354677;101431;4.3;1.2
FR;39;2021-04-06;9209;2222;363886;103653;4.4;1.2
FR;39;2021-04-07;12112;2678;375998;106331;4.5;1.3
FR;39;2021-04-08;16727;3587;392725;109918;4.7;1.3
FR;39;2021-04-09;16757;3509;409482;113427;4.9;1.4
FR;39;2021-04-10;7395;1914;416877;115341;5.0;1.4
FR;39;2021-04-11;2974;975;419851;116316;5.1;1.4
FR;39;2021-04-12;9527;2709;429378;119025;5.2;1.4
FR;39;2021-04-13;12811;3926;442189;122951;5.3;1.5
FR;39;2021-04-14;12699;3790;454888;126741;5.5;1.5
FR;39;2021-04-15;14514;4719;469402;131460;5.7;1.6
FR;39;2021-04-16;12569;5210;481971;136670;5.8;1.6
FR;39;2021-04-17;6045;2698;488016;139368;5.9;1.7
FR;39;2021-04-18;2234;1554;490250;140922;5.9;1.7
FR;39;2021-04-19;7781;4645;498031;145567;6.0;1.8
FR;39;2021-04-20;9272;6676;507303;152243;6.1;1.8
FR;39;2021-04-21;10032;7115;517335;159358;6.2;1.9
FR;39;2021-04-22;11713;10239;529048;169597;6.4;2.0
FR;39;2021-04-23;12049;10423;541097;180020;6.5;2.2
FR;39;2021-04-24;7737;5048;548834;185068;6.6;2.2
FR;39;2021-04-25;3413;2144;552247;187212;6.7;2.3
FR;39;2021-04-26;8397;6926;560644;194138;6.8;2.3
FR;39;2021-04-27;11704;9509;572348;203647;6.9;2.5
FR;39;2021-04-28;12854;9993;585202;213640;7.1;2.6
FR;39;2021-04-29;16562;12874;601764;226514;7.3;2.7
FR;39;2021-04-30;19080;13174;620844;239688;7.5;2.9
FR;39;2021-05-01;12739;3509;633583;243197;7.6;2.9
FR;39;2021-05-02;9191;2480;642774;245677;7.7;3.0
FR;39;2021-05-03;21774;11261;664548;256938;8.0;3.1
FR;39;2021-05-04;26299;13880;690847;270818;8.3;3.3
FR;39;2021-05-05;30076;14187;720923;285005;8.7;3.4
FR;39;2021-05-06;36289;17565;757212;302570;9.1;3.6
FR;39;2021-05-07;37652;18404;794864;320974;9.6;3.9
FR;39;2021-05-08;26771;5442;821635;326416;9.9;3.9
FR;39;2021-05-09;18736;4265;840371;330681;10.1;4.0
FR;39;2021-05-10;32888;14376;873259;345057;10.5;4.2
FR;39;2021-05-11;43096;16949;916355;362006;11.0;4.4
FR;39;2021-05-12;53105;15927;969460;377933;11.7;4.6
FR;49;2020-12-27;2;0;2;0;0.0;0.0
FR;49;2020-12-28;1;0;3;0;0.0;0.0
FR;49;2020-12-29;1;0;4;0;0.0;0.0
FR;49;2020-12-30;6;0;10;0;0.0;0.0
FR;49;2020-12-31;1;0;11;0;0.0;0.0
FR;49;2021-01-01;3;0;14;0;0.0;0.0
FR;49;2021-01-02;9;0;23;0;0.0;0.0
FR;49;2021-01-03;4;0;27;0;0.0;0.0
FR;49;2021-01-04;85;0;112;0;0.0;0.0
FR;49;2021-01-05;333;1;445;1;0.0;0.0
FR;49;2021-01-06;854;2;1299;3;0.0;0.0
FR;49;2021-01-07;2155;6;3454;9;0.0;0.0
FR;49;2021-01-08;3349;5;6803;14;0.1;0.0
FR;49;2021-01-09;999;0;7802;14;0.1;0.0
FR;49;2021-01-10;473;1;8275;15;0.1;0.0
FR;49;2021-01-11;4156;7;12431;22;0.1;0.0
FR;49;2021-01-12;5835;7;18266;29;0.2;0.0
FR;49;2021-01-13;6132;11;24398;40;0.3;0.0
FR;49;2021-01-14;8310;62;32708;102;0.4;0.0
FR;49;2021-01-15;7572;16;40280;118;0.5;0.0
FR;49;2021-01-16;1415;8;41695;126;0.5;0.0
FR;49;2021-01-17;619;4;42314;130;0.5;0.0
FR;49;2021-01-18;5049;14;47363;144;0.6;0.0
FR;49;2021-01-19;6790;8;54153;152;0.6;0.0
FR;49;2021-01-20;6599;15;60752;167;0.7;0.0
FR;49;2021-01-21;8346;17;69098;184;0.8;0.0
FR;49;2021-01-22;6224;27;75322;211;0.9;0.0
FR;49;2021-01-23;1010;6;76332;217;0.9;0.0
FR;49;2021-01-24;282;2;76614;219;0.9;0.0
FR;49;2021-01-25;2595;91;79209;310;0.9;0.0
FR;49;2021-01-26;3707;211;82916;521;1.0;0.0
FR;49;2021-01-27;3967;384;86883;905;1.0;0.0
FR;49;2021-01-28;5517;961;92400;1866;1.1;0.0
FR;49;2021-01-29;4386;1550;96786;3416;1.1;0.0
FR;49;2021-01-30;689;377;97475;3793;1.1;0.0
FR;49;2021-01-31;137;125;97612;3918;1.1;0.0
FR;49;2021-02-01;1363;2086;98975;6004;1.2;0.1
FR;49;2021-02-02;2260;3193;101235;9197;1.2;0.1
FR;49;2021-02-03;2289;3372;103524;12569;1.2;0.1
FR;49;2021-02-04;3329;4762;106853;17331;1.2;0.2
FR;49;2021-02-05;2767;4881;109620;22212;1.3;0.3
FR;49;2021-02-06;565;884;110185;23096;1.3;0.3
FR;49;2021-02-07;520;290;110705;23386;1.3;0.3
FR;49;2021-02-08;1932;4042;112637;27428;1.3;0.3
FR;49;2021-02-09;4323;5709;116960;33137;1.4;0.4
FR;49;2021-02-10;5481;6012;122441;39149;1.4;0.5
FR;49;2021-02-11;7958;7908;130399;47057;1.5;0.5
FR;49;2021-02-12;7275;6399;137674;53456;1.6;0.6
FR;49;2021-02-13;1691;1006;139365;54462;1.6;0.6
FR;49;2021-02-14;404;404;139769;54866;1.6;0.6
FR;49;2021-02-15;4092;3844;143861;58710;1.7;0.7
FR;49;2021-02-16;5362;5290;149223;64000;1.7;0.7
FR;49;2021-02-17;5124;4618;154347;68618;1.8;0.8
FR;49;2021-02-18;7425;6124;161772;74742;1.9;0.9
FR;49;2021-02-19;7008;4818;168780;79560;2.0;0.9
FR;49;2021-02-20;1482;782;170262;80342;2.0;0.9
FR;49;2021-02-21;275;220;170537;80562;2.0;0.9
FR;49;2021-02-22;3500;2615;174037;83177;2.0;1.0
FR;49;2021-02-23;4822;3079;178859;86256;2.1;1.0
FR;49;2021-02-24;4865;2787;183724;89043;2.1;1.0
FR;49;2021-02-25;7493;4080;191217;93123;2.2;1.1
FR;49;2021-02-26;8206;3084;199423;96207;2.3;1.1
FR;49;2021-02-27;2661;548;202084;96755;2.4;1.1
FR;49;2021-02-28;329;134;202413;96889;2.4;1.1
FR;49;2021-03-01;3764;1595;206177;98484;2.4;1.1
FR;49;2021-03-02;5715;2399;211892;100883;2.5;1.2
FR;49;2021-03-03;5949;2422;217841;103305;2.5;1.2
FR;49;2021-03-04;8813;3348;226654;106653;2.6;1.2
FR;49;2021-03-05;12434;3068;239088;109721;2.8;1.3
FR;49;2021-03-06;8513;546;247601;110267;2.9;1.3
FR;49;2021-03-07;4664;361;252265;110628;2.9;1.3
FR;49;2021-03-08;6340;1587;258605;112215;3.0;1.3
FR;49;2021-03-09;9425;2180;268030;114395;3.1;1.3
FR;49;2021-03-10;8858;2226;276888;116621;3.2;1.4
FR;49;2021-03-11;12678;3249;289566;119870;3.4;1.4
FR;49;2021-03-12;16328;2717;305894;122587;3.6;1.4
FR;49;2021-03-13;9482;551;315376;123138;3.7;1.4
FR;49;2021-03-14;3123;213;318499;123351;3.7;1.4
FR;49;2021-03-15;6827;1402;325326;124753;3.8;1.5
FR;49;2021-03-16;4605;2089;329931;126842;3.8;1.5
FR;49;2021-03-17;5146;1957;335077;128799;3.9;1.5
FR;49;2021-03-18;6514;2709;341591;131508;4.0;1.5
FR;49;2021-03-19;9435;2215;351026;133723;4.1;1.6
FR;49;2021-03-20;5857;540;356883;134263;4.2;1.6
FR;49;2021-03-21;3139;194;360022;134457;4.2;1.6
FR;49;2021-03-22;6268;1421;366290;135878;4.3;1.6
FR;49;2021-03-23;8554;2101;374844;137979;4.4;1.6
FR;49;2021-03-24;9476;1907;384320;139886;4.5;1.6
FR;49;2021-03-25;12291;2263;396611;142149;4.6;1.7
FR;49;2021-03-26;14659;2203;411270;144352;4.8;1.7
FR;49;2021-03-27;9330;772;420600;145124;4.9;1.7
FR;49;2021-03-28;3847;287;424447;145411;4.9;1.7
FR;49;2021-03-29;9808;1766;434255;147177;5.1;1.7
FR;49;2021-03-30;14198;2578;448453;149755;5.2;1.7
FR;49;2021-03-31;15439;2647;463892;152402;5.4;1.8
FR;49;2021-04-01;19653;3525;483545;155927;5.6;1.8
FR;49;2021-04-02;17365;3292;500910;159219;5.8;1.9
FR;49;2021-04-03;9300;1785;510210;161004;5.9;1.9
FR;49;2021-04-04;4107;608;514317;161612;6.0;1.9
FR;49;2021-04-05;4193;510;518510;162122;6.0;1.9
FR;49;2021-04-06;13112;3285;531622;165407;6.2;1.9
FR;49;2021-04-07;17540;4131;549162;169538;6.4;2.0
FR;49;2021-04-08;22237;4996;571399;174534;6.6;2.0
FR;49;2021-04-09;23290;5184;594689;179718;6.9;2.1
FR;49;2021-04-10;12393;3335;607082;183053;7.1;2.1
FR;49;2021-04-11;4451;1663;611533;184716;7.1;2.1
FR;49;2021-04-12;14044;3706;625577;188422;7.3;2.2
FR;49;2021-04-13;18516;5654;644093;194076;7.5;2.3
FR;49;2021-04-14;19176;5839;663269;199915;7.7;2.3
FR;49;2021-04-15;19997;6870;683266;206785;8.0;2.4
FR;49;2021-04-16;17184;7206;700450;213991;8.2;2.5
FR;49;2021-04-17;9758;4605;710208;218596;8.3;2.5
FR;49;2021-04-18;3322;2270;713530;220866;8.3;2.6
FR;49;2021-04-19;11792;6305;725322;227171;8.4;2.6
FR;49;2021-04-20;13912;8919;739234;236090;8.6;2.7
FR;49;2021-04-21;15519;10035;754753;246125;8.8;2.9
FR;49;2021-04-22;17251;13009;772004;259134;9.0;3.0
FR;49;2021-04-23;17745;13937;789749;273071;9.2;3.2
FR;49;2021-04-24;12465;7749;802214;280820;9.3;3.3
FR;49;2021-04-25;5266;3097;807480;283917;9.4;3.3
FR;49;2021-04-26;13254;9871;820734;293788;9.6;3.4
FR;49;2021-04-27;18345;13000;839079;306788;9.8;3.6
FR;49;2021-04-28;21966;14428;861045;321216;10.0;3.7
FR;49;2021-04-29;26417;17112;887462;338328;10.3;3.9
FR;49;2021-04-30;30640;17910;918102;356238;10.7;4.1
FR;49;2021-05-01;23013;5650;941115;361888;11.0;4.2
FR;49;2021-05-02;16326;3831;957441;365719;11.1;4.3
FR;49;2021-05-03;38408;15429;995849;381148;11.6;4.4
FR;49;2021-05-04;45505;20173;1041354;401321;12.1;4.7
FR;49;2021-05-05;54514;21493;1095868;422814;12.8;4.9
FR;49;2021-05-06;61061;24404;1156929;447218;13.5;5.2
FR;49;2021-05-07;64186;25820;1221115;473038;14.2;5.5
FR;49;2021-05-08;47772;8829;1268887;481867;14.8;5.6
FR;49;2021-05-09;32110;6205;1300997;488072;15.1;5.7
FR;49;2021-05-10;55712;20472;1356709;508544;15.8;5.9
FR;49;2021-05-11;70303;23646;1427012;532190;16.6;6.2
FR;49;2021-05-12;85547;23526;1512559;555716;17.6;6.5
FR;59;2020-12-27;2;0;2;0;0.0;0.0
FR;59;2020-12-28;5;0;7;0;0.0;0.0
FR;59;2020-12-29;2;0;9;0;0.0;0.0
FR;59;2020-12-30;6;0;15;0;0.0;0.0
FR;59;2020-12-31;9;0;24;0;0.0;0.0
FR;59;2021-01-01;24;0;48;0;0.0;0.0
FR;59;2021-01-02;25;0;73;0;0.0;0.0
FR;59;2021-01-03;36;0;109;0;0.0;0.0
FR;59;2021-01-04;592;1;701;1;0.0;0.0
FR;59;2021-01-05;2162;1;2863;2;0.0;0.0
FR;59;2021-01-06;4796;7;7659;9;0.1;0.0
FR;59;2021-01-07;10496;20;18155;29;0.2;0.0
FR;59;2021-01-08;14266;13;32421;42;0.4;0.0
FR;59;2021-01-09;4049;6;36470;48;0.4;0.0
FR;59;2021-01-10;1984;1;38454;49;0.4;0.0
FR;59;2021-01-11;15896;17;54350;66;0.6;0.0
FR;59;2021-01-12;21069;23;75419;89;0.9;0.0
FR;59;2021-01-13;22662;32;98081;121;1.1;0.0
FR;59;2021-01-14;24707;203;122788;324;1.4;0.0
FR;59;2021-01-15;21523;76;144311;400;1.6;0.0
FR;59;2021-01-16;5370;16;149681;416;1.7;0.0
FR;59;2021-01-17;1800;7;151481;423;1.7;0.0
FR;59;2021-01-18;13557;47;165038;470;1.9;0.0
FR;59;2021-01-19;17883;52;182921;522;2.1;0.0
FR;59;2021-01-20;17009;54;199930;576;2.3;0.0
FR;59;2021-01-21;18655;33;218585;609;2.5;0.0
FR;59;2021-01-22;13827;65;232412;674;2.6;0.0
FR;59;2021-01-23;2947;18;235359;692;2.7;0.0
FR;59;2021-01-24;825;12;236184;704;2.7;0.0
FR;59;2021-01-25;6682;602;242866;1306;2.8;0.0
FR;59;2021-01-26;8382;1362;251248;2668;2.9;0.0
FR;59;2021-01-27;8785;2379;260033;5047;3.0;0.1
FR;59;2021-01-28;10411;5008;270444;10055;3.1;0.1
FR;59;2021-01-29;7809;6631;278253;16686;3.2;0.2
FR;59;2021-01-30;1755;1506;280008;18192;3.2;0.2
FR;59;2021-01-31;370;546;280378;18738;3.2;0.2
FR;59;2021-02-01;3145;8735;283523;27473;3.2;0.3
FR;59;2021-02-02;4653;12469;288176;39942;3.3;0.5
FR;59;2021-02-03;4797;13531;292973;53473;3.3;0.6
FR;59;2021-02-04;5849;15872;298822;69345;3.4;0.8
FR;59;2021-02-05;4746;14902;303568;84247;3.5;1.0
FR;59;2021-02-06;1144;2994;304712;87241;3.5;1.0
FR;59;2021-02-07;389;980;305101;88221;3.5;1.0
FR;59;2021-02-08;2751;12451;307852;100672;3.5;1.1
FR;59;2021-02-09;4892;16125;312744;116797;3.6;1.3
FR;59;2021-02-10;5675;16009;318419;132806;3.6;1.5
FR;59;2021-02-11;7619;19643;326038;152449;3.7;1.7
FR;59;2021-02-12;6715;15961;332753;168410;3.8;1.9
FR;59;2021-02-13;1678;3436;334431;171846;3.8;2.0
FR;59;2021-02-14;360;981;334791;172827;3.8;2.0
FR;59;2021-02-15;3253;10495;338044;183322;3.8;2.1
FR;59;2021-02-16;4720;13499;342764;196821;3.9;2.2
FR;59;2021-02-17;4945;12252;347709;209073;4.0;2.4
FR;59;2021-02-18;7003;13763;354712;222836;4.0;2.5
FR;59;2021-02-19;6420;10613;361132;233449;4.1;2.7
FR;59;2021-02-20;1408;2468;362540;235917;4.1;2.7
FR;59;2021-02-21;281;566;362821;236483;4.1;2.7
FR;59;2021-02-22;3230;6322;366051;242805;4.2;2.8
FR;59;2021-02-23;4772;7058;370823;249863;4.2;2.8
FR;59;2021-02-24;6799;6332;377622;256195;4.3;2.9
FR;59;2021-02-25;21028;8330;398650;264525;4.5;3.0
FR;59;2021-02-26;28087;6067;426737;270592;4.9;3.1
FR;59;2021-02-27;16968;1420;443705;272012;5.0;3.1
FR;59;2021-02-28;1100;371;444805;272383;5.1;3.1
FR;59;2021-03-01;8703;3441;453508;275824;5.2;3.1
FR;59;2021-03-02;16990;4746;470498;280570;5.4;3.2
FR;59;2021-03-03;20422;4819;490920;285389;5.6;3.2
FR;59;2021-03-04;31884;5611;522804;291000;5.9;3.3
FR;59;2021-03-05;40459;5095;563263;296095;6.4;3.4
FR;59;2021-03-06;35450;1250;598713;297345;6.8;3.4
FR;59;2021-03-07;13911;903;612624;298248;7.0;3.4
FR;59;2021-03-08;12145;3033;624769;301281;7.1;3.4
FR;59;2021-03-09;22619;3969;647388;305250;7.4;3.5
FR;59;2021-03-10;22912;4024;670300;309274;7.6;3.5
FR;59;2021-03-11;33951;5139;704251;314413;8.0;3.6
FR;59;2021-03-12;45013;4199;749264;318612;8.5;3.6
FR;59;2021-03-13;35801;1080;785065;319692;8.9;3.6
FR;59;2021-03-14;7145;349;792210;320041;9.0;3.6
FR;59;2021-03-15;14336;2421;806546;322462;9.2;3.7
FR;59;2021-03-16;7847;2879;814393;325341;9.3;3.7
FR;59;2021-03-17;8690;3029;823083;328370;9.4;3.7
FR;59;2021-03-18;10356;3897;833439;332267;9.5;3.8
FR;59;2021-03-19;23285;3349;856724;335616;9.7;3.8
FR;59;2021-03-20;20962;965;877686;336581;10.0;3.8
FR;59;2021-03-21;6257;348;883943;336929;10.1;3.8
FR;59;2021-03-22;15358;2556;899301;339485;10.2;3.9
FR;59;2021-03-23;25221;3315;924522;342800;10.5;3.9
FR;59;2021-03-24;27818;3311;952340;346111;10.8;3.9
FR;59;2021-03-25;37648;3583;989988;349694;11.3;4.0
FR;59;2021-03-26;42550;3774;1032538;353468;11.7;4.0
FR;59;2021-03-27;26703;1566;1059241;355034;12.0;4.0
FR;59;2021-03-28;7507;417;1066748;355451;12.1;4.0
FR;59;2021-03-29;21549;3217;1088297;358668;12.4;4.1
FR;59;2021-03-30;31953;4117;1120250;362785;12.7;4.1
FR;59;2021-03-31;31188;4445;1151438;367230;13.1;4.2
FR;59;2021-04-01;38024;5514;1189462;372744;13.5;4.2
FR;59;2021-04-02;36664;5495;1226126;378239;13.9;4.3
FR;59;2021-04-03;21228;3339;1247354;381578;14.2;4.3
FR;59;2021-04-04;7323;1180;1254677;382758;14.3;4.4
FR;59;2021-04-05;8242;1048;1262919;383806;14.4;4.4
FR;59;2021-04-06;25523;5712;1288442;389518;14.7;4.4
FR;59;2021-04-07;33656;6921;1322098;396439;15.0;4.5
FR;59;2021-04-08;44659;8155;1366757;404594;15.5;4.6
FR;59;2021-04-09;60287;8597;1427044;413191;16.2;4.7
FR;59;2021-04-10;36289;6913;1463333;420104;16.6;4.8
FR;59;2021-04-11;9719;3479;1473052;423583;16.8;4.8
FR;59;2021-04-12;35054;7234;1508106;430817;17.2;4.9
FR;59;2021-04-13;49482;9865;1557588;440682;17.7;5.0
FR;59;2021-04-14;49790;9895;1607378;450577;18.3;5.1
FR;59;2021-04-15;58936;11357;1666314;461934;19.0;5.3
FR;59;2021-04-16;62714;12036;1729028;473970;19.7;5.4
FR;59;2021-04-17;41186;9480;1770214;483450;20.1;5.5
FR;59;2021-04-18;12232;4598;1782446;488048;20.3;5.6
FR;59;2021-04-19;32869;10982;1815315;499030;20.6;5.7
FR;59;2021-04-20;44125;14472;1859440;513502;21.1;5.8
FR;59;2021-04-21;46269;16203;1905709;529705;21.7;6.0
FR;59;2021-04-22;55131;19182;1960840;548887;22.3;6.2
FR;59;2021-04-23;64501;20351;2025341;569238;23.0;6.5
FR;59;2021-04-24;47208;15339;2072549;584577;23.6;6.6
FR;59;2021-04-25;16388;5384;2088937;589961;23.8;6.7
FR;59;2021-04-26;40617;17276;2129554;607237;24.2;6.9
FR;59;2021-04-27;56055;23018;2185609;630255;24.9;7.2
FR;59;2021-04-28;63433;25646;2249042;655901;25.6;7.5
FR;59;2021-04-29;76692;31232;2325734;687133;26.5;7.8
FR;59;2021-04-30;91193;36099;2416927;723232;27.5;8.2
FR;59;2021-05-01;42163;10810;2459090;734042;28.0;8.3
FR;59;2021-05-02;23255;7179;2482345;741221;28.2;8.4
FR;59;2021-05-03;61520;26062;2543865;767283;28.9;8.7
FR;59;2021-05-04;69889;34093;2613754;801376;29.7;9.1
FR;59;2021-05-05;76289;37065;2690043;838441;30.6;9.5
FR;59;2021-05-06;88116;43248;2778159;881689;31.6;10.0
FR;59;2021-05-07;96529;53516;2874688;935205;32.7;10.6
FR;59;2021-05-08;55049;16100;2929737;951305;33.3;10.8
FR;59;2021-05-09;39112;10241;2968849;961546;33.8;10.9
FR;59;2021-05-10;93532;39683;3062381;1001229;34.8;11.4
FR;59;2021-05-11;123870;48799;3186251;1050028;36.2;11.9
FR;59;2021-05-12;118448;45472;3304699;1095500;37.6;12.5
FR;64;2020-12-27;1;0;1;0;0.0;0.0
FR;64;2020-12-28;0;0;1;0;0.0;0.0
FR;64;2020-12-29;2;0;3;0;0.0;0.0
FR;64;2020-12-30;6;0;9;0;0.0;0.0
FR;64;2020-12-31;5;0;14;0;0.0;0.0
FR;64;2021-01-01;8;0;22;0;0.0;0.0
FR;64;2021-01-02;11;0;33;0;0.0;0.0
FR;64;2021-01-03;17;0;50;0;0.0;0.0
FR;64;2021-01-04;209;1;259;1;0.0;0.0
FR;64;2021-01-05;894;3;1153;4;0.0;0.0
FR;64;2021-01-06;1686;1;2839;5;0.1;0.0
FR;64;2021-01-07;3649;4;6488;9;0.2;0.0
FR;64;2021-01-08;4845;5;11333;14;0.3;0.0
FR;64;2021-01-09;1946;0;13279;14;0.3;0.0
FR;64;2021-01-10;1022;0;14301;14;0.3;0.0
FR;64;2021-01-11;5259;1;19560;15;0.5;0.0
FR;64;2021-01-12;7107;5;26667;20;0.7;0.0
FR;64;2021-01-13;7425;13;34092;33;0.8;0.0
FR;64;2021-01-14;8541;76;42633;109;1.0;0.0
FR;64;2021-01-15;7071;27;49704;136;1.2;0.0
FR;64;2021-01-16;2198;13;51902;149;1.3;0.0
FR;64;2021-01-17;842;5;52744;154;1.3;0.0
FR;64;2021-01-18;4678;11;57422;165;1.4;0.0
FR;64;2021-01-19;6388;9;63810;174;1.6;0.0
FR;64;2021-01-20;6204;23;70014;197;1.7;0.0
FR;64;2021-01-21;6870;15;76884;212;1.9;0.0
FR;64;2021-01-22;5386;19;82270;231;2.0;0.0
FR;64;2021-01-23;1412;8;83682;239;2.0;0.0
FR;64;2021-01-24;430;7;84112;246;2.1;0.0
FR;64;2021-01-25;2764;195;86876;441;2.1;0.0
FR;64;2021-01-26;3513;482;90389;923;2.2;0.0
FR;64;2021-01-27;3753;877;94142;1800;2.3;0.0
FR;64;2021-01-28;4552;1739;98694;3539;2.4;0.1
FR;64;2021-01-29;3513;2316;102207;5855;2.5;0.1
FR;64;2021-01-30;837;706;103044;6561;2.5;0.2
FR;64;2021-01-31;172;279;103216;6840;2.5;0.2
FR;64;2021-02-01;1511;2860;104727;9700;2.6;0.2
FR;64;2021-02-02;2140;4138;106867;13838;2.6;0.3
FR;64;2021-02-03;2301;4354;109168;18192;2.7;0.4
FR;64;2021-02-04;2783;5501;111951;23693;2.7;0.6
FR;64;2021-02-05;2170;4962;114121;28655;2.8;0.7
FR;64;2021-02-06;655;1303;114776;29958;2.8;0.7
FR;64;2021-02-07;164;493;114940;30451;2.8;0.7
FR;64;2021-02-08;1483;4193;116423;34644;2.8;0.8
FR;64;2021-02-09;2338;5653;118761;40297;2.9;1.0
FR;64;2021-02-10;2565;5658;121326;45955;3.0;1.1
FR;64;2021-02-11;3448;7208;124774;53163;3.0;1.3
FR;64;2021-02-12;3100;5425;127874;58588;3.1;1.4
FR;64;2021-02-13;832;1441;128706;60029;3.1;1.5
FR;64;2021-02-14;194;434;128900;60463;3.1;1.5
FR;64;2021-02-15;1584;3868;130484;64331;3.2;1.6
FR;64;2021-02-16;2081;5115;132565;69446;3.2;1.7
FR;64;2021-02-17;2203;4621;134768;74067;3.3;1.8
FR;64;2021-02-18;3206;5420;137974;79487;3.4;1.9
FR;64;2021-02-19;2974;4189;140948;83676;3.4;2.0
FR;64;2021-02-20;800;1192;141748;84868;3.5;2.1
FR;64;2021-02-21;133;252;141881;85120;3.5;2.1
FR;64;2021-02-22;1479;2655;143360;87775;3.5;2.1
FR;64;2021-02-23;2383;2898;145743;90673;3.6;2.2
FR;64;2021-02-24;3850;2829;149593;93502;3.6;2.3
FR;64;2021-02-25;15915;3791;165508;97293;4.0;2.4
FR;64;2021-02-26;21687;2706;187195;99999;4.6;2.4
FR;64;2021-02-27;12965;720;200160;100719;4.9;2.5
FR;64;2021-02-28;789;176;200949;100895;4.9;2.5
FR;64;2021-03-01;6485;1725;207434;102620;5.1;2.5
FR;64;2021-03-02;13057;2274;220491;104894;5.4;2.6
FR;64;2021-03-03;15802;2311;236293;107205;5.8;2.6
FR;64;2021-03-04;24930;2764;261223;109969;6.4;2.7
FR;64;2021-03-05;30247;2520;291470;112489;7.1;2.7
FR;64;2021-03-06;26451;665;317921;113154;7.8;2.8
FR;64;2021-03-07;9781;464;327702;113618;8.0;2.8
FR;64;2021-03-08;8706;1744;336408;115362;8.2;2.8
FR;64;2021-03-09;16709;1943;353117;117305;8.6;2.9
FR;64;2021-03-10;16920;2075;370037;119380;9.0;2.9
FR;64;2021-03-11;25726;2702;395763;122082;9.6;3.0
FR;64;2021-03-12;33237;2234;429000;124316;10.5;3.0
FR;64;2021-03-13;27090;628;456090;124944;11.1;3.0
FR;64;2021-03-14;5408;173;461498;125117;11.3;3.0
FR;64;2021-03-15;10927;1381;472425;126498;11.5;3.1
FR;64;2021-03-16;5971;1741;478396;128239;11.7;3.1
FR;64;2021-03-17;6083;1647;484479;129886;11.8;3.2
FR;64;2021-03-18;7620;2020;492099;131906;12.0;3.2
FR;64;2021-03-19;18796;1840;510895;133746;12.5;3.3
FR;64;2021-03-20;18448;660;529343;134406;12.9;3.3
FR;64;2021-03-21;4716;203;534059;134609;13.0;3.3
FR;64;2021-03-22;13444;1513;547503;136122;13.3;3.3
FR;64;2021-03-23;23378;1924;570881;138046;13.9;3.4
FR;64;2021-03-24;24977;1997;595858;140043;14.5;3.4
FR;64;2021-03-25;36397;2234;632255;142277;15.4;3.5
FR;64;2021-03-26;39957;2183;672212;144460;16.4;3.5
FR;64;2021-03-27;21163;933;693375;145393;16.9;3.5
FR;64;2021-03-28;5063;236;698438;145629;17.0;3.6
FR;64;2021-03-29;17468;2074;715906;147703;17.5;3.6
FR;64;2021-03-30;27212;2712;743118;150415;18.1;3.7
FR;64;2021-03-31;23998;2796;767116;153211;18.7;3.7
FR;64;2021-04-01;30327;3655;797443;156866;19.4;3.8
FR;64;2021-04-02;29075;3492;826518;160358;20.1;3.9
FR;64;2021-04-03;15934;2315;842452;162673;20.5;4.0
FR;64;2021-04-04;4024;781;846476;163454;20.6;4.0
FR;64;2021-04-05;5098;778;851574;164232;20.8;4.0
FR;64;2021-04-06;19060;4194;870634;168426;21.2;4.1
FR;64;2021-04-07;23431;4717;894065;173143;21.8;4.2
FR;64;2021-04-08;34388;5476;928453;178619;22.6;4.4
FR;64;2021-04-09;53174;5852;981627;184471;23.9;4.5
FR;64;2021-04-10;29732;4900;1011359;189371;24.7;4.6
FR;64;2021-04-11;6256;2593;1017615;191964;24.8;4.7
FR;64;2021-04-12;27883;5072;1045498;197036;25.5;4.8
FR;64;2021-04-13;42307;7244;1087805;204280;26.5;5.0
FR;64;2021-04-14;40530;7000;1128335;211280;27.5;5.2
FR;64;2021-04-15;51569;8204;1179904;219484;28.8;5.4
FR;64;2021-04-16;63873;8684;1243777;228168;30.3;5.6
FR;64;2021-04-17;38266;6987;1282043;235155;31.3;5.7
FR;64;2021-04-18;10873;3302;1292916;238457;31.5;5.8
FR;64;2021-04-19;41639;8458;1334555;246915;32.5;6.0
FR;64;2021-04-20;52239;10245;1386794;257160;33.8;6.3
FR;64;2021-04-21;51977;10694;1438771;267854;35.1;6.5
FR;64;2021-04-22;56925;12553;1495696;280407;36.5;6.8
FR;64;2021-04-23;60364;12455;1556060;292862;37.9;7.1
FR;64;2021-04-24;43145;8964;1599205;301826;39.0;7.4
FR;64;2021-04-25;16075;3298;1615280;305124;39.4;7.4
FR;64;2021-04-26;49153;11348;1664433;316472;40.6;7.7
FR;64;2021-04-27;62595;15322;1727028;331794;42.1;8.1
FR;64;2021-04-28;63477;15809;1790505;347603;43.6;8.5
FR;64;2021-04-29;72946;20189;1863451;367792;45.4;9.0
FR;64;2021-04-30;74607;21742;1938058;389534;47.2;9.5
FR;64;2021-05-01;28978;6583;1967036;396117;48.0;9.7
FR;64;2021-05-02;14360;3936;1981396;400053;48.3;9.8
FR;64;2021-05-03;51718;15708;2033114;415761;49.6;10.1
FR;64;2021-05-04;52604;21499;2085718;437260;50.8;10.7
FR;64;2021-05-05;48858;22551;2134576;459811;52.0;11.2
FR;64;2021-05-06;56267;28637;2190843;488448;53.4;11.9
FR;64;2021-05-07;50368;33838;2241211;522286;54.6;12.7
FR;64;2021-05-08;19171;9195;2260382;531481;55.1;13.0
FR;64;2021-05-09;9965;5459;2270347;536940;55.3;13.1
FR;64;2021-05-10;33697;26641;2304044;563581;56.2;13.7
FR;64;2021-05-11;43486;36983;2347530;600564;57.2;14.6
FR;64;2021-05-12;37817;34739;2385347;635303;58.1;15.5
FR;69;2020-12-27;2;0;2;0;0.0;0.0
FR;69;2020-12-28;1;0;3;0;0.0;0.0
FR;69;2020-12-29;3;0;6;0;0.0;0.0
FR;69;2020-12-30;7;0;13;0;0.0;0.0
FR;69;2020-12-31;5;0;18;0;0.0;0.0
FR;69;2021-01-01;6;0;24;0;0.0;0.0
FR;69;2021-01-02;10;0;34;0;0.0;0.0
FR;69;2021-01-03;8;0;42;0;0.0;0.0
FR;69;2021-01-04;114;0;156;0;0.0;0.0
FR;69;2021-01-05;410;2;566;2;0.0;0.0
FR;69;2021-01-06;806;2;1372;4;0.0;0.0
FR;69;2021-01-07;1888;3;3260;7;0.1;0.0
FR;69;2021-01-08;2447;0;5707;7;0.1;0.0
FR;69;2021-01-09;1119;1;6826;8;0.2;0.0
FR;69;2021-01-10;655;0;7481;8;0.2;0.0
FR;69;2021-01-11;2723;2;10204;10;0.3;0.0
FR;69;2021-01-12;3856;1;14060;11;0.4;0.0
FR;69;2021-01-13;3777;9;17837;20;0.5;0.0
FR;69;2021-01-14;4557;44;22394;64;0.6;0.0
FR;69;2021-01-15;3829;13;26223;77;0.7;0.0
FR;69;2021-01-16;1341;8;27564;85;0.7;0.0
FR;69;2021-01-17;634;3;28198;88;0.7;0.0
FR;69;2021-01-18;3250;14;31448;102;0.8;0.0
FR;69;2021-01-19;4778;15;36226;117;0.9;0.0
FR;69;2021-01-20;4751;10;40977;127;1.1;0.0
FR;69;2021-01-21;5505;11;46482;138;1.2;0.0
FR;69;2021-01-22;4366;9;50848;147;1.3;0.0
FR;69;2021-01-23;1358;4;52206;151;1.3;0.0
FR;69;2021-01-24;446;5;52652;156;1.3;0.0
FR;69;2021-01-25;2717;81;55369;237;1.4;0.0
FR;69;2021-01-26;3342;180;58711;417;1.5;0.0
FR;69;2021-01-27;3663;404;62374;821;1.6;0.0
FR;69;2021-01-28;4310;883;66684;1704;1.7;0.0
FR;69;2021-01-29;3470;1230;70154;2934;1.8;0.1
FR;69;2021-01-30;937;402;71091;3336;1.8;0.1
FR;69;2021-01-31;180;159;71271;3495;1.8;0.1
FR;69;2021-02-01;1803;1521;73074;5016;1.9;0.1
FR;69;2021-02-02;2400;2199;75474;7215;1.9;0.2
FR;69;2021-02-03;2414;2270;77888;9485;2.0;0.2
FR;69;2021-02-04;2942;2919;80830;12404;2.1;0.3
FR;69;2021-02-05;2488;2535;83318;14939;2.1;0.4
FR;69;2021-02-06;720;808;84038;15747;2.2;0.4
FR;69;2021-02-07;162;391;84200;16138;2.2;0.4
FR;69;2021-02-08;1605;2408;85805;18546;2.2;0.5
FR;69;2021-02-09;2397;3410;88202;21956;2.3;0.6
FR;69;2021-02-10;2560;3399;90762;25355;2.3;0.6
FR;69;2021-02-11;3501;4856;94263;30211;2.4;0.8
FR;69;2021-02-12;3136;3414;97399;33625;2.5;0.9
FR;69;2021-02-13;860;1032;98259;34657;2.5;0.9
FR;69;2021-02-14;212;412;98471;35069;2.5;0.9
FR;69;2021-02-15;1325;2774;99796;37843;2.6;1.0
FR;69;2021-02-16;1860;3980;101656;41823;2.6;1.1
FR;69;2021-02-17;2010;3659;103666;45482;2.7;1.2
FR;69;2021-02-18;2985;4549;106651;50031;2.7;1.3
FR;69;2021-02-19;2848;3498;109499;53529;2.8;1.4
FR;69;2021-02-20;752;1025;110251;54554;2.8;1.4
FR;69;2021-02-21;149;233;110400;54787;2.8;1.4
FR;69;2021-02-22;1602;2571;112002;57358;2.9;1.5
FR;69;2021-02-23;2261;2812;114263;60170;2.9;1.5
FR;69;2021-02-24;2652;2904;116915;63074;3.0;1.6
FR;69;2021-02-25;3862;3565;120777;66639;3.1;1.7
FR;69;2021-02-26;4249;2613;125026;69252;3.2;1.8
FR;69;2021-02-27;1792;699;126818;69951;3.3;1.8
FR;69;2021-02-28;309;177;127127;70128;3.3;1.8
FR;69;2021-03-01;2787;1923;129914;72051;3.3;1.8
FR;69;2021-03-02;4699;2427;134613;74478;3.4;1.9
FR;69;2021-03-03;6631;2457;141244;76935;3.6;2.0
FR;69;2021-03-04;11651;2969;152895;79904;3.9;2.0
FR;69;2021-03-05;17333;2624;170228;82528;4.4;2.1
FR;69;2021-03-06;22908;700;193136;83228;4.9;2.1
FR;69;2021-03-07;14673;381;207809;83609;5.3;2.1
FR;69;2021-03-08;9694;2001;217503;85610;5.6;2.2
FR;69;2021-03-09;17374;2431;234877;88041;6.0;2.3
FR;69;2021-03-10;18682;2475;253559;90516;6.5;2.3
FR;69;2021-03-11;28973;3107;282532;93623;7.2;2.4
FR;69;2021-03-12;39620;2778;322152;96401;8.3;2.5
FR;69;2021-03-13;35701;834;357853;97235;9.2;2.5
FR;69;2021-03-14;8158;217;366011;97452;9.4;2.5
FR;69;2021-03-15;16554;1760;382565;99212;9.8;2.5
FR;69;2021-03-16;10701;2151;393266;101363;10.1;2.6
FR;69;2021-03-17;11701;2149;404967;103512;10.4;2.7
FR;69;2021-03-18;13087;2559;418054;106071;10.7;2.7
FR;69;2021-03-19;28666;2345;446720;108416;11.4;2.8
FR;69;2021-03-20;26824;818;473544;109234;12.1;2.8
FR;69;2021-03-21;7107;252;480651;109486;12.3;2.8
FR;69;2021-03-22;21106;2103;501757;111589;12.9;2.9
FR;69;2021-03-23;36042;2698;537799;114287;13.8;2.9
FR;69;2021-03-24;37329;2743;575128;117030;14.7;3.0
FR;69;2021-03-25;54760;2959;629888;119989;16.1;3.1
FR;69;2021-03-26;58923;2836;688811;122825;17.7;3.1
FR;69;2021-03-27;30004;1274;718815;124099;18.4;3.2
FR;69;2021-03-28;7594;358;726409;124457;18.6;3.2
FR;69;2021-03-29;27608;3355;754017;127812;19.3;3.3
FR;69;2021-03-30;42135;4241;796152;132053;20.4;3.4
FR;69;2021-03-31;35268;4304;831420;136357;21.3;3.5
FR;69;2021-04-01;43041;5655;874461;142012;22.4;3.6
FR;69;2021-04-02;41209;5817;915670;147829;23.5;3.8
FR;69;2021-04-03;21628;3892;937298;151721;24.0;3.9
FR;69;2021-04-04;5798;1298;943096;153019;24.2;3.9
FR;69;2021-04-05;7604;1047;950700;154066;24.4;3.9
FR;69;2021-04-06;27693;7108;978393;161174;25.1;4.1
FR;69;2021-04-07;32308;7667;1010701;168841;25.9;4.3
FR;69;2021-04-08;48423;8730;1059124;177571;27.1;4.6
FR;69;2021-04-09;70225;8846;1129349;186417;28.9;4.8
FR;69;2021-04-10;36560;7763;1165909;194180;29.9;5.0
FR;69;2021-04-11;7988;4271;1173897;198451;30.1;5.1
FR;69;2021-04-12;38446;8746;1212343;207197;31.1;5.3
FR;69;2021-04-13;53347;11824;1265690;219021;32.4;5.6
FR;69;2021-04-14;49111;11540;1314801;230561;33.7;5.9
FR;69;2021-04-15;61500;13374;1376301;243935;35.3;6.3
FR;69;2021-04-16;72191;13901;1448492;257836;37.1;6.6
FR;69;2021-04-17;39407;10583;1487899;268419;38.1;6.9
FR;69;2021-04-18;9958;5004;1497857;273423;38.4;7.0
FR;69;2021-04-19;45621;13762;1543478;287185;39.6;7.4
FR;69;2021-04-20;56735;16674;1600213;303859;41.0;7.8
FR;69;2021-04-21;53031;16393;1653244;320252;42.4;8.2
FR;69;2021-04-22;59833;18581;1713077;338833;43.9;8.7
FR;69;2021-04-23;58937;18556;1772014;357389;45.4;9.2
FR;69;2021-04-24;37119;13053;1809133;370442;46.4;9.5
FR;69;2021-04-25;13133;4951;1822266;375393;46.7;9.6
FR;69;2021-04-26;48841;18231;1871107;393624;48.0;10.1
FR;69;2021-04-27;61430;23015;1932537;416639;49.5;10.7
FR;69;2021-04-28;59355;21938;1991892;438577;51.0;11.2
FR;69;2021-04-29;69457;24666;2061349;463243;52.8;11.9
FR;69;2021-04-30;66452;23720;2127801;486963;54.5;12.5
FR;69;2021-05-01;23531;7555;2151332;494518;55.1;12.7
FR;69;2021-05-02;11122;5120;2162454;499638;55.4;12.8
FR;69;2021-05-03;46997;21228;2209451;520866;56.6;13.3
FR;69;2021-05-04;47498;27650;2256949;548516;57.8;14.1
FR;69;2021-05-05;42286;27074;2299235;575590;58.9;14.8
FR;69;2021-05-06;50403;30108;2349638;605698;60.2;15.5
FR;69;2021-05-07;41868;34190;2391506;639888;61.3;16.4
FR;69;2021-05-08;14490;9307;2405996;649195;61.7;16.6
FR;69;2021-05-09;7245;6544;2413241;655739;61.8;16.8
FR;69;2021-05-10;29008;34614;2442249;690353;62.6;17.7
FR;69;2021-05-11;37742;43657;2479991;734010;63.6;18.8
FR;69;2021-05-12;32113;39071;2512104;773081;64.4;19.8
FR;74;2020-12-27;1;0;1;0;0.0;0.0
FR;74;2020-12-28;6;0;7;0;0.0;0.0
FR;74;2020-12-29;5;0;12;0;0.0;0.0
FR;74;2020-12-30;11;0;23;0;0.0;0.0
FR;74;2020-12-31;7;0;30;0;0.0;0.0
FR;74;2021-01-01;5;0;35;0;0.0;0.0
FR;74;2021-01-02;3;0;38;0;0.0;0.0
FR;74;2021-01-03;12;0;50;0;0.0;0.0
FR;74;2021-01-04;85;1;135;1;0.0;0.0
FR;74;2021-01-05;297;0;432;1;0.0;0.0
FR;74;2021-01-06;552;0;984;1;0.0;0.0
FR;74;2021-01-07;1463;0;2447;1;0.1;0.0
FR;74;2021-01-08;1786;3;4233;4;0.1;0.0
FR;74;2021-01-09;793;1;5026;5;0.1;0.0
FR;74;2021-01-10;533;0;5559;5;0.2;0.0
FR;74;2021-01-11;2116;0;7675;5;0.2;0.0
FR;74;2021-01-12;3140;3;10815;8;0.3;0.0
FR;74;2021-01-13;3190;5;14005;13;0.4;0.0
FR;74;2021-01-14;3933;39;17938;52;0.5;0.0
FR;74;2021-01-15;3526;8;21464;60;0.6;0.0
FR;74;2021-01-16;1332;2;22796;62;0.7;0.0
FR;74;2021-01-17;762;3;23558;65;0.7;0.0
FR;74;2021-01-18;4709;11;28267;76;0.8;0.0
FR;74;2021-01-19;6807;11;35074;87;1.0;0.0
FR;74;2021-01-20;7089;9;42163;96;1.2;0.0
FR;74;2021-01-21;8168;20;50331;116;1.4;0.0
FR;74;2021-01-22;6528;15;56859;131;1.6;0.0
FR;74;2021-01-23;2255;1;59114;132;1.7;0.0
FR;74;2021-01-24;606;0;59720;132;1.7;0.0
FR;74;2021-01-25;4528;56;64248;188;1.8;0.0
FR;74;2021-01-26;5611;148;69859;336;2.0;0.0
FR;74;2021-01-27;5968;270;75827;606;2.2;0.0
FR;74;2021-01-28;6949;749;82776;1355;2.4;0.0
FR;74;2021-01-29;5719;896;88495;2251;2.5;0.1
FR;74;2021-01-30;1770;261;90265;2512;2.6;0.1
FR;74;2021-01-31;294;114;90559;2626;2.6;0.1
FR;74;2021-02-01;3274;1060;93833;3686;2.7;0.1
FR;74;2021-02-02;4275;1783;98108;5469;2.8;0.2
FR;74;2021-02-03;4298;1805;102406;7274;2.9;0.2
FR;74;2021-02-04;5147;2465;107553;9739;3.1;0.3
FR;74;2021-02-05;4370;2178;111923;11917;3.2;0.3
FR;74;2021-02-06;1394;693;113317;12610;3.3;0.4
FR;74;2021-02-07;243;351;113560;12961;3.3;0.4
FR;74;2021-02-08;3069;2505;116629;15466;3.4;0.4
FR;74;2021-02-09;4097;3722;120726;19188;3.5;0.6
FR;74;2021-02-10;4406;3814;125132;23002;3.6;0.7
FR;74;2021-02-11;5603;5468;130735;28470;3.8;0.8
FR;74;2021-02-12;5241;3815;135976;32285;3.9;0.9
FR;74;2021-02-13;1646;1218;137622;33503;4.0;1.0
FR;74;2021-02-14;402;471;138024;33974;4.0;1.0
FR;74;2021-02-15;2393;4176;140417;38150;4.0;1.1
FR;74;2021-02-16;3273;5629;143690;43779;4.1;1.3
FR;74;2021-02-17;3391;5448;147081;49227;4.2;1.4
FR;74;2021-02-18;4907;6800;151988;56027;4.4;1.6
FR;74;2021-02-19;4867;5401;156855;61428;4.5;1.8
FR;74;2021-02-20;1546;1736;158401;63164;4.6;1.8
FR;74;2021-02-21;232;415;158633;63579;4.6;1.8
FR;74;2021-02-22;2855;4290;161488;67869;4.6;2.0
FR;74;2021-02-23;4129;4888;165617;72757;4.8;2.1
FR;74;2021-02-24;4514;4836;170131;77593;4.9;2.2
FR;74;2021-02-25;5509;5692;175640;83285;5.0;2.4
FR;74;2021-02-26;5462;4462;181102;87747;5.2;2.5
FR;74;2021-02-27;1995;1364;183097;89111;5.3;2.6
FR;74;2021-02-28;528;293;183625;89404;5.3;2.6
FR;74;2021-03-01;5051;3360;188676;92764;5.4;2.7
FR;74;2021-03-02;7432;4271;196108;97035;5.6;2.8
FR;74;2021-03-03;9632;4248;205740;101283;5.9;2.9
FR;74;2021-03-04;14930;4789;220670;106072;6.3;3.0
FR;74;2021-03-05;21547;4556;242217;110628;7.0;3.2
FR;74;2021-03-06;30925;1336;273142;111964;7.9;3.2
FR;74;2021-03-07;20793;475;293935;112439;8.5;3.2
FR;74;2021-03-08;14152;3629;308087;116068;8.9;3.3
FR;74;2021-03-09;23932;4188;332019;120256;9.5;3.5
FR;74;2021-03-10;26145;4363;358164;124619;10.3;3.6
FR;74;2021-03-11;38116;5225;396280;129844;11.4;3.7
FR;74;2021-03-12;50348;4607;446628;134451;12.8;3.9
FR;74;2021-03-13;47516;1470;494144;135921;14.2;3.9
FR;74;2021-03-14;11922;392;506066;136313;14.5;3.9
FR;74;2021-03-15;25386;3089;531452;139402;15.3;4.0
FR;74;2021-03-16;20004;3816;551456;143218;15.9;4.1
FR;74;2021-03-17;21745;3852;573201;147070;16.5;4.2
FR;74;2021-03-18;24359;4486;597560;151556;17.2;4.4
FR;74;2021-03-19;41214;3911;638774;155467;18.4;4.5
FR;74;2021-03-20;35284;1517;674058;156984;19.4;4.5
FR;74;2021-03-21;9467;389;683525;157373;19.7;4.5
FR;74;2021-03-22;31403;3865;714928;161238;20.6;4.6
FR;74;2021-03-23;50005;4740;764933;165978;22.0;4.8
FR;74;2021-03-24;51959;5124;816892;171102;23.5;4.9
FR;74;2021-03-25;74487;5457;891379;176559;25.6;5.1
FR;74;2021-03-26;80549;5079;971928;181638;27.9;5.2
FR;74;2021-03-27;50887;2329;1022815;183967;29.4;5.3
FR;74;2021-03-28;17779;727;1040594;184694;29.9;5.3
FR;74;2021-03-29;55982;6808;1096576;191502;31.5;5.5
FR;74;2021-03-30;76384;8662;1172960;200164;33.7;5.8
FR;74;2021-03-31;67761;9229;1240721;209393;35.7;6.0
FR;74;2021-04-01;78134;11610;1318855;221003;37.9;6.4
FR;74;2021-04-02;69848;12188;1388703;233191;39.9;6.7
FR;74;2021-04-03;37104;8399;1425807;241590;41.0;6.9
FR;74;2021-04-04;12491;2768;1438298;244358;41.4;7.0
FR;74;2021-04-05;19190;1839;1457488;246197;41.9;7.1
FR;74;2021-04-06;64198;15022;1521686;261219;43.7;7.5
FR;74;2021-04-07;72494;15880;1594180;277099;45.8;8.0
FR;74;2021-04-08;87428;17776;1681608;294875;48.3;8.5
FR;74;2021-04-09;96955;17543;1778563;312418;51.1;9.0
FR;74;2021-04-10;48544;13947;1827107;326365;52.5;9.4
FR;74;2021-04-11;12725;6808;1839832;333173;52.9;9.6
FR;74;2021-04-12;60741;17632;1900573;350805;54.6;10.1
FR;74;2021-04-13;68549;22078;1969122;372883;56.6;10.7
FR;74;2021-04-14;59873;21679;2028995;394562;58.3;11.3
FR;74;2021-04-15;61606;23606;2090601;418168;60.1;12.0
FR;74;2021-04-16;51931;24206;2142532;442374;61.6;12.7
FR;74;2021-04-17;25570;16737;2168102;459111;62.3;13.2
FR;74;2021-04-18;5702;6956;2173804;466067;62.5;13.4
FR;74;2021-04-19;31505;24206;2205309;490273;63.4;14.1
FR;74;2021-04-20;36000;29469;2241309;519742;64.4;14.9
FR;74;2021-04-21;33035;30118;2274344;549860;65.4;15.8
FR;74;2021-04-22;37805;35072;2312149;584932;66.5;16.8
FR;74;2021-04-23;34514;38642;2346663;623574;67.5;17.9
FR;74;2021-04-24;18515;30658;2365178;654232;68.0;18.8
FR;74;2021-04-25;6070;12535;2371248;666767;68.2;19.2
FR;74;2021-04-26;26248;46771;2397496;713538;68.9;20.5
FR;74;2021-04-27;32770;55934;2430266;769472;69.9;22.1
FR;74;2021-04-28;32281;52708;2462547;822180;70.8;23.6
FR;74;2021-04-29;38223;53824;2500770;876004;71.9;25.2
FR;74;2021-04-30;34699;49006;2535469;925010;72.9;26.6
FR;74;2021-05-01;11003;15108;2546472;940118;73.2;27.0
FR;74;2021-05-02;5129;11365;2551601;951483;73.4;27.4
FR;74;2021-05-03;23911;52013;2575512;1003496;74.0;28.8
FR;74;2021-05-04;24774;69142;2600286;1072638;74.8;30.8
FR;74;2021-05-05;22381;64840;2622667;1137478;75.4;32.7
FR;74;2021-05-06;27008;63173;2649675;1200651;76.2;34.5
FR;74;2021-05-07;22945;65916;2672620;1266567;76.8;36.4
FR;74;2021-05-08;7464;14248;2680084;1280815;77.1;36.8
FR;74;2021-05-09;3640;10461;2683724;1291276;77.2;37.1
FR;74;2021-05-10;15629;62980;2699353;1354256;77.6;38.9
FR;74;2021-05-11;20637;64015;2719990;1418271;78.2;40.8
FR;74;2021-05-12;17826;53056;2737816;1471327;78.7;42.3
FR;79;2020-12-27;1;0;1;0;0.0;0.0
FR;79;2020-12-28;6;0;7;0;0.0;0.0
FR;79;2020-12-29;16;0;23;0;0.0;0.0
FR;79;2020-12-30;11;0;34;0;0.0;0.0
FR;79;2020-12-31;6;0;40;0;0.0;0.0
FR;79;2021-01-01;4;0;44;0;0.0;0.0
FR;79;2021-01-02;4;0;48;0;0.0;0.0
FR;79;2021-01-03;2;0;50;0;0.0;0.0
FR;79;2021-01-04;49;0;99;0;0.0;0.0
FR;79;2021-01-05;171;0;270;0;0.0;0.0
FR;79;2021-01-06;339;0;609;0;0.0;0.0
FR;79;2021-01-07;905;0;1514;0;0.1;0.0
FR;79;2021-01-08;1072;1;2586;1;0.1;0.0
FR;79;2021-01-09;364;0;2950;1;0.1;0.0
FR;79;2021-01-10;191;0;3141;1;0.1;0.0
FR;79;2021-01-11;1144;2;4285;3;0.2;0.0
FR;79;2021-01-12;2198;2;6483;5;0.3;0.0
FR;79;2021-01-13;2744;2;9227;7;0.4;0.0
FR;79;2021-01-14;4430;35;13657;42;0.6;0.0
FR;79;2021-01-15;5245;16;18902;58;0.9;0.0
FR;79;2021-01-16;2818;11;21720;69;1.0;0.0
FR;79;2021-01-17;1305;3;23025;72;1.0;0.0
FR;79;2021-01-18;19637;36;42662;108;1.9;0.0
FR;79;2021-01-19;26009;34;68671;142;3.1;0.0
FR;79;2021-01-20;28016;32;96687;174;4.4;0.0
FR;79;2021-01-21;30039;30;126726;204;5.7;0.0
FR;79;2021-01-22;27883;26;154609;230;7.0;0.0
FR;79;2021-01-23;11660;10;166269;240;7.5;0.0
FR;79;2021-01-24;2172;2;168441;242;7.6;0.0
FR;79;2021-01-25;22543;44;190984;286;8.6;0.0
FR;79;2021-01-26;25717;116;216701;402;9.8;0.0
FR;79;2021-01-27;24995;191;241696;593;10.9;0.0
FR;79;2021-01-28;25175;559;266871;1152;12.0;0.1
FR;79;2021-01-29;22527;561;289398;1713;13.1;0.1
FR;79;2021-01-30;8782;137;298180;1850;13.4;0.1
FR;79;2021-01-31;1229;55;299409;1905;13.5;0.1
FR;79;2021-02-01;16133;642;315542;2547;14.2;0.1
FR;79;2021-02-02;19261;1271;334803;3818;15.1;0.2
FR;79;2021-02-03;18287;1576;353090;5394;15.9;0.2
FR;79;2021-02-04;19161;2531;372251;7925;16.8;0.4
FR;79;2021-02-05;18011;2677;390262;10602;17.6;0.5
FR;79;2021-02-06;6450;1003;396712;11605;17.9;0.5
FR;79;2021-02-07;872;390;397584;11995;17.9;0.5
FR;79;2021-02-08;13082;5810;410666;17805;18.5;0.8
FR;79;2021-02-09;15548;7669;426214;25474;19.2;1.1
FR;79;2021-02-10;15439;8043;441653;33517;19.9;1.5
FR;79;2021-02-11;16524;9601;458177;43118;20.7;1.9
FR;79;2021-02-12;15664;9404;473841;52522;21.4;2.4
FR;79;2021-02-13;5004;4121;478845;56643;21.6;2.6
FR;79;2021-02-14;903;1043;479748;57686;21.6;2.6
FR;79;2021-02-15;7129;19819;486877;77505;22.0;3.5
FR;79;2021-02-16;8349;23624;495226;101129;22.3;4.6
FR;79;2021-02-17;8248;24020;503474;125149;22.7;5.6
FR;79;2021-02-18;10279;24420;513753;149569;23.2;6.7
FR;79;2021-02-19;10306;20761;524059;170330;23.6;7.7
FR;79;2021-02-20;3766;8311;527825;178641;23.8;8.1
FR;79;2021-02-21;548;1555;528373;180196;23.8;8.1
FR;79;2021-02-22;6984;21880;535357;202076;24.1;9.1
FR;79;2021-02-23;9624;23561;544981;225637;24.6;10.2
FR;79;2021-02-24;10022;22200;555003;247837;25.0;11.2
FR;79;2021-02-25;11653;22078;566656;269915;25.6;12.2
FR;79;2021-02-26;12047;19106;578703;289021;26.1;13.0
FR;79;2021-02-27;4417;6732;583120;295753;26.3;13.3
FR;79;2021-02-28;873;1037;583993;296790;26.3;13.4
FR;79;2021-03-01;12108;16440;596101;313230;26.9;14.1
FR;79;2021-03-02;16309;19255;612410;332485;27.6;15.0
FR;79;2021-03-03;17701;18516;630111;351001;28.4;15.8
FR;79;2021-03-04;20863;17655;650974;368656;29.4;16.6
FR;79;2021-03-05;22417;16444;673391;385100;30.4;17.4
FR;79;2021-03-06;28942;5321;702333;390421;31.7;17.6
FR;79;2021-03-07;21035;1002;723368;391423;32.6;17.7
FR;79;2021-03-08;17346;15320;740714;406743;33.4;18.3
FR;79;2021-03-09;25698;16399;766412;423142;34.6;19.1
FR;79;2021-03-10;26831;15559;793243;438701;35.8;19.8
FR;79;2021-03-11;31779;15052;825022;453753;37.2;20.5
FR;79;2021-03-12;33293;12902;858315;466655;38.7;21.0
FR;79;2021-03-13;25235;4193;883550;470848;39.8;21.2
FR;79;2021-03-14;9457;762;893007;471610;40.3;21.3
FR;79;2021-03-15;28410;8646;921417;480256;41.6;21.7
FR;79;2021-03-16;32774;9271;954191;489527;43.0;22.1
FR;79;2021-03-17;33750;9234;987941;498761;44.6;22.5
FR;79;2021-03-18;36632;9713;1024573;508474;46.2;22.9
FR;79;2021-03-19;36656;8838;1061229;517312;47.9;23.3
FR;79;2021-03-20;20645;3259;1081874;520571;48.8;23.5
FR;79;2021-03-21;5874;595;1087748;521166;49.1;23.5
FR;79;2021-03-22;28533;9162;1116281;530328;50.3;23.9
FR;79;2021-03-23;36982;10748;1153263;541076;52.0;24.4
FR;79;2021-03-24;35470;11313;1188733;552389;53.6;24.9
FR;79;2021-03-25;41803;11083;1230536;563472;55.5;25.4
FR;79;2021-03-26;39292;10405;1269828;573877;57.3;25.9
FR;79;2021-03-27;17618;4389;1287446;578266;58.1;26.1
FR;79;2021-03-28;4792;899;1292238;579165;58.3;26.1
FR;79;2021-03-29;22234;14988;1314472;594153;59.3;26.8
FR;79;2021-03-30;27959;18879;1342431;613032;60.5;27.6
FR;79;2021-03-31;24634;19715;1367065;632747;61.7;28.5
FR;79;2021-04-01;27091;23166;1394156;655913;62.9;29.6
FR;79;2021-04-02;22996;24413;1417152;680326;63.9;30.7
FR;79;2021-04-03;9996;17352;1427148;697678;64.4;31.5
FR;79;2021-04-04;2796;5057;1429944;702735;64.5;31.7
FR;79;2021-04-05;4181;2742;1434125;705477;64.7;31.8
FR;79;2021-04-06;18871;28934;1452996;734411;65.5;33.1
FR;79;2021-04-07;20975;29822;1473971;764233;66.5;34.5
FR;79;2021-04-08;24911;29879;1498882;794112;67.6;35.8
FR;79;2021-04-09;26709;28048;1525591;822160;68.8;37.1
FR;79;2021-04-10;13616;18905;1539207;841065;69.4;37.9
FR;79;2021-04-11;3499;6442;1542706;847507;69.6;38.2
FR;79;2021-04-12;16681;28877;1559387;876384;70.3;39.5
FR;79;2021-04-13;19021;34971;1578408;911355;71.2;41.1
FR;79;2021-04-14;18049;33104;1596457;944459;72.0;42.6
FR;79;2021-04-15;18961;33276;1615418;977735;72.9;44.1
FR;79;2021-04-16;16109;31004;1631527;1008739;73.6;45.5
FR;79;2021-04-17;8085;16672;1639612;1025411;73.9;46.2
FR;79;2021-04-18;1758;4829;1641370;1030240;74.0;46.5
FR;79;2021-04-19;9747;29139;1651117;1059379;74.5;47.8
FR;79;2021-04-20;11571;34403;1662688;1093782;75.0;49.3
FR;79;2021-04-21;11148;31162;1673836;1124944;75.5;50.7
FR;79;2021-04-22;12721;31048;1686557;1155992;76.1;52.1
FR;79;2021-04-23;11776;27637;1698333;1183629;76.6;53.4
FR;79;2021-04-24;6101;13696;1704434;1197325;76.9;54.0
FR;79;2021-04-25;1884;3417;1706318;1200742;77.0;54.2
FR;79;2021-04-26;8780;20562;1715098;1221304;77.4;55.1
FR;79;2021-04-27;10953;23626;1726051;1244930;77.8;56.1
FR;79;2021-04-28;11462;20852;1737513;1265782;78.4;57.1
FR;79;2021-04-29;13411;20612;1750924;1286394;79.0;58.0
FR;79;2021-04-30;12649;17537;1763573;1303931;79.5;58.8
FR;79;2021-05-01;3771;3903;1767344;1307834;79.7;59.0
FR;79;2021-05-02;1719;2613;1769063;1310447;79.8;59.1
FR;79;2021-05-03;8468;15069;1777531;1325516;80.2;59.8
FR;79;2021-05-04;8777;20111;1786308;1345627;80.6;60.7
FR;79;2021-05-05;8232;18929;1794540;1364556;80.9;61.5
FR;79;2021-05-06;10067;18724;1804607;1383280;81.4;62.4
FR;79;2021-05-07;8786;19399;1813393;1402679;81.8;63.3
FR;79;2021-05-08;2828;4269;1816221;1406948;81.9;63.5
FR;79;2021-05-09;1374;2982;1817595;1409930;82.0;63.6
FR;79;2021-05-10;5933;17434;1823528;1427364;82.2;64.4
FR;79;2021-05-11;7798;18497;1831326;1445861;82.6;65.2
FR;79;2021-05-12;6943;15710;1838269;1461571;82.9;65.9
FR;80;2020-12-27;10;0;10;0;0.0;0.0
FR;80;2020-12-28;41;0;51;0;0.0;0.0
FR;80;2020-12-29;78;0;129;0;0.0;0.0
FR;80;2020-12-30;69;0;198;0;0.0;0.0
FR;80;2020-12-31;49;0;247;0;0.0;0.0
FR;80;2021-01-01;8;0;255;0;0.0;0.0
FR;80;2021-01-02;8;0;263;0;0.0;0.0
FR;80;2021-01-03;2;0;265;0;0.0;0.0
FR;80;2021-01-04;297;1;562;1;0.0;0.0
FR;80;2021-01-05;909;0;1471;1;0.0;0.0
FR;80;2021-01-06;1673;0;3144;1;0.1;0.0
FR;80;2021-01-07;6290;2;9434;3;0.2;0.0
FR;80;2021-01-08;5730;2;15164;5;0.4;0.0
FR;80;2021-01-09;979;0;16143;5;0.4;0.0
FR;80;2021-01-10;307;0;16450;5;0.4;0.0
FR;80;2021-01-11;4429;4;20879;9;0.5;0.0
FR;80;2021-01-12;12658;8;33537;17;0.8;0.0
FR;80;2021-01-13;12424;14;45961;31;1.1;0.0
FR;80;2021-01-14;18199;117;64160;148;1.5;0.0
FR;80;2021-01-15;12099;31;76259;179;1.8;0.0
FR;80;2021-01-16;4032;28;80291;207;1.9;0.0
FR;80;2021-01-17;3742;18;84033;225;2.0;0.0
FR;80;2021-01-18;28722;65;112755;290;2.7;0.0
FR;80;2021-01-19;53721;62;166476;352;4.0;0.0
FR;80;2021-01-20;59354;108;225830;460;5.4;0.0
FR;80;2021-01-21;69893;78;295723;538;7.1;0.0
FR;80;2021-01-22;48280;65;344003;603;8.3;0.0
FR;80;2021-01-23;16214;8;360217;611;8.7;0.0
FR;80;2021-01-24;4311;2;364528;613;8.8;0.0
FR;80;2021-01-25;32390;147;396918;760;9.5;0.0
FR;80;2021-01-26;45091;531;442009;1291;10.6;0.0
FR;80;2021-01-27;50850;888;492859;2179;11.9;0.1
FR;80;2021-01-28;59977;3939;552836;6118;13.3;0.1
FR;80;2021-01-29;39317;3274;592153;9392;14.2;0.2
FR;80;2021-01-30;13220;591;605373;9983;14.6;0.2
FR;80;2021-01-31;2333;285;607706;10268;14.6;0.2
FR;80;2021-02-01;22997;2784;630703;13052;15.2;0.3
FR;80;2021-02-02;33450;7427;664153;20479;16.0;0.5
FR;80;2021-02-03;34402;7864;698555;28343;16.8;0.7
FR;80;2021-02-04;38034;12581;736589;40924;17.7;1.0
FR;80;2021-02-05;29778;9525;766367;50449;18.4;1.2
FR;80;2021-02-06;9703;2123;776070;52572;18.7;1.3
FR;80;2021-02-07;1449;1867;777519;54439;18.7;1.3
FR;80;2021-02-08;19334;11136;796853;65575;19.2;1.6
FR;80;2021-02-09;25878;25603;822731;91178;19.8;2.2
FR;80;2021-02-10;26293;28912;849024;120090;20.4;2.9
FR;80;2021-02-11;30447;38114;879471;158204;21.2;3.8
FR;80;2021-02-12;26685;24672;906156;182876;21.8;4.4
FR;80;2021-02-13;7923;6521;914079;189397;22.0;4.6
FR;80;2021-02-14;1507;3099;915586;192496;22.0;4.6
FR;80;2021-02-15;11128;28307;926714;220803;22.3;5.3
FR;80;2021-02-16;15542;38925;942256;259728;22.7;6.2
FR;80;2021-02-17;15917;44486;958173;304214;23.0;7.3
FR;80;2021-02-18;21461;52508;979634;356722;23.6;8.6
FR;80;2021-02-19;19023;37486;998657;394208;24.0;9.5
FR;80;2021-02-20;6299;12321;1004956;406529;24.2;9.8
FR;80;2021-02-21;912;2970;1005868;409499;24.2;9.8
FR;80;2021-02-22;11168;30690;1017036;440189;24.5;10.6
FR;80;2021-02-23;17048;37262;1034084;477451;24.9;11.5
FR;80;2021-02-24;17959;37078;1052043;514529;25.3;12.4
FR;80;2021-02-25;22234;40856;1074277;555385;25.8;13.4
FR;80;2021-02-26;20503;30900;1094780;586285;26.3;14.1
FR;80;2021-02-27;7166;10283;1101946;596568;26.5;14.3
FR;80;2021-02-28;1259;2119;1103205;598687;26.5;14.4
FR;80;2021-03-01;18741;23194;1121946;621881;27.0;15.0
FR;80;2021-03-02;26854;29092;1148800;650973;27.6;15.7
FR;80;2021-03-03;28637;29223;1177437;680196;28.3;16.4
FR;80;2021-03-04;34802;29663;1212239;709859;29.2;17.1
FR;80;2021-03-05;35810;27451;1248049;737310;30.0;17.7
FR;80;2021-03-06;41254;8318;1289303;745628;31.0;17.9
FR;80;2021-03-07;29641;1981;1318944;747609;31.7;18.0
FR;80;2021-03-08;27138;22463;1346082;770072;32.4;18.5
FR;80;2021-03-09;40645;24619;1386727;794691;33.4;19.1
FR;80;2021-03-10;43014;25355;1429741;820046;34.4;19.7
FR;80;2021-03-11;51535;26820;1481276;846866;35.6;20.4
FR;80;2021-03-12;51959;22927;1533235;869793;36.9;20.9
FR;80;2021-03-13;37347;6966;1570582;876759;37.8;21.1
FR;80;2021-03-14;13872;1511;1584454;878270;38.1;21.1
FR;80;2021-03-15;43973;13898;1628427;892168;39.2;21.5
FR;80;2021-03-16;51762;16995;1680189;909163;40.4;21.9
FR;80;2021-03-17;54557;16508;1734746;925671;41.7;22.3
FR;80;2021-03-18;58387;18787;1793133;944458;43.1;22.7
FR;80;2021-03-19;57270;15685;1850403;960143;44.5;23.1
FR;80;2021-03-20;30939;5316;1881342;965459;45.2;23.2
FR;80;2021-03-21;8681;1087;1890023;966546;45.5;23.2
FR;80;2021-03-22;42793;14515;1932816;981061;46.5;23.6
FR;80;2021-03-23;55464;18015;1988280;999076;47.8;24.0
FR;80;2021-03-24;54324;19008;2042604;1018084;49.1;24.5
FR;80;2021-03-25;63788;19536;2106392;1037620;50.7;25.0
FR;80;2021-03-26;60004;18212;2166396;1055832;52.1;25.4
FR;80;2021-03-27;26538;7328;2192934;1063160;52.7;25.6
FR;80;2021-03-28;6922;1447;2199856;1064607;52.9;25.6
FR;80;2021-03-29;32790;23366;2232646;1087973;53.7;26.2
FR;80;2021-03-30;43096;30689;2275742;1118662;54.7;26.9
FR;80;2021-03-31;40404;32068;2316146;1150730;55.7;27.7
FR;80;2021-04-01;45940;37676;2362086;1188406;56.8;28.6
FR;80;2021-04-02;36973;39695;2399059;1228101;57.7;29.5
FR;80;2021-04-03;14482;26077;2413541;1254178;58.0;30.2
FR;80;2021-04-04;3861;7557;2417402;1261735;58.1;30.3
FR;80;2021-04-05;5609;4076;2423011;1265811;58.3;30.4
FR;80;2021-04-06;27463;44915;2450474;1310726;58.9;31.5
FR;80;2021-04-07;33300;48354;2483774;1359080;59.7;32.7
FR;80;2021-04-08;39865;49490;2523639;1408570;60.7;33.9
FR;80;2021-04-09;43233;46272;2566872;1454842;61.7;35.0
FR;80;2021-04-10;19791;28855;2586663;1483697;62.2;35.7
FR;80;2021-04-11;4824;9353;2591487;1493050;62.3;35.9
FR;80;2021-04-12;23402;45115;2614889;1538165;62.9;37.0
FR;80;2021-04-13;30028;54573;2644917;1592738;63.6;38.3
FR;80;2021-04-14;28800;52090;2673717;1644828;64.3;39.6
FR;80;2021-04-15;31080;52607;2704797;1697435;65.1;40.8
FR;80;2021-04-16;26197;48922;2730994;1746357;65.7;42.0
FR;80;2021-04-17;12252;25567;2743246;1771924;66.0;42.6
FR;80;2021-04-18;2516;7611;2745762;1779535;66.0;42.8
FR;80;2021-04-19;14113;43640;2759875;1823175;66.4;43.8
FR;80;2021-04-20;17750;52989;2777625;1876164;66.8;45.1
FR;80;2021-04-21;17725;49739;2795350;1925903;67.2;46.3
FR;80;2021-04-22;20405;51148;2815755;1977051;67.7;47.5
FR;80;2021-04-23;18871;44549;2834626;2021600;68.2;48.6
FR;80;2021-04-24;9319;21165;2843945;2042765;68.4;49.1
FR;80;2021-04-25;2647;5142;2846592;2047907;68.5;49.3
FR;80;2021-04-26;12155;30525;2858747;2078432;68.8;50.0
FR;80;2021-04-27;16543;36351;2875290;2114783;69.2;50.9
FR;80;2021-04-28;17715;34524;2893005;2149307;69.6;51.7
FR;80;2021-04-29;21252;35543;2914257;2184850;70.1;52.5
FR;80;2021-04-30;20093;29507;2934350;2214357;70.6;53.3
FR;80;2021-05-01;5751;5803;2940101;2220160;70.7;53.4
FR;80;2021-05-02;2581;3845;2942682;2224005;70.8;53.5
FR;80;2021-05-03;12279;21299;2954961;2245304;71.1;54.0
FR;80;2021-05-04;13629;29914;2968590;2275218;71.4;54.7
FR;80;2021-05-05;13216;29234;2981806;2304452;71.7;55.4
FR;80;2021-05-06;15554;29436;2997360;2333888;72.1;56.1
FR;80;2021-05-07;14219;29691;3011579;2363579;72.4;56.8
FR;80;2021-05-08;4281;6017;3015860;2369596;72.5;57.0
FR;80;2021-05-09;1897;4136;3017757;2373732;72.6;57.1
FR;80;2021-05-10;8838;24279;3026595;2398011;72.8;57.7
FR;80;2021-05-11;12084;27084;3038679;2425095;73.1;58.3
FR;80;2021-05-12;10794;23453;3049473;2448548;73.3;58.9
FR;0;2020-12-27;20;0;20;0;0.0;0.0
FR;0;2020-12-28;62;0;82;0;0.0;0.0
FR;0;2020-12-29;108;0;190;0;0.0;0.0
FR;0;2020-12-30;119;0;309;0;0.0;0.0
FR;0;2020-12-31;83;0;392;0;0.0;0.0
FR;0;2021-01-01;65;0;457;0;0.0;0.0
FR;0;2021-01-02;75;0;532;0;0.0;0.0
FR;0;2021-01-03;87;0;619;0;0.0;0.0
FR;0;2021-01-04;1468;4;2087;4;0.0;0.0
FR;0;2021-01-05;5374;7;7461;11;0.0;0.0
FR;0;2021-01-06;11272;12;18733;23;0.0;0.0
FR;0;2021-01-07;28512;41;47245;64;0.1;0.0
FR;0;2021-01-08;36017;34;83262;98;0.1;0.0
FR;0;2021-01-09;10878;8;94140;106;0.1;0.0
FR;0;2021-01-10;5601;3;99741;109;0.1;0.0
FR;0;2021-01-11;38821;42;138562;151;0.2;0.0
FR;0;2021-01-12;60578;61;199140;212;0.3;0.0
FR;0;2021-01-13;63528;98;262668;310;0.4;0.0
FR;0;2021-01-14;79621;633;342289;943;0.5;0.0
FR;0;2021-01-15;67146;202;409435;1145;0.6;0.0
FR;0;2021-01-16;19593;95;429028;1240;0.6;0.0
FR;0;2021-01-17;10449;45;439477;1285;0.7;0.0
FR;0;2021-01-18;84219;217;523696;1502;0.8;0.0
FR;0;2021-01-19;128122;207;651818;1709;1.0;0.0
FR;0;2021-01-20;134758;262;786576;1971;1.2;0.0
FR;0;2021-01-21;154813;224;941389;2195;1.4;0.0
FR;0;2021-01-22;118177;246;1059566;2441;1.6;0.0
FR;0;2021-01-23;37744;60;1097310;2501;1.6;0.0
FR;0;2021-01-24;9330;30;1106640;2531;1.6;0.0
FR;0;2021-01-25;76639;1269;1183279;3800;1.8;0.0
FR;0;2021-01-26;98564;3168;1281843;6968;1.9;0.0
FR;0;2021-01-27;105443;5670;1387286;12638;2.1;0.0
FR;0;2021-01-28;121999;14467;1509285;27105;2.2;0.0
FR;0;2021-01-29;90702;17404;1599987;44509;2.4;0.1
FR;0;2021-01-30;28619;4252;1628606;48761;2.4;0.1
FR;0;2021-01-31;4862;1681;1633468;50442;2.4;0.1
FR;0;2021-02-01;51402;21172;1684870;71614;2.5;0.1
FR;0;2021-02-02;70397;34683;1755267;106297;2.6;0.2
FR;0;2021-02-03;70828;37068;1826095;143365;2.7;0.2
FR;0;2021-02-04;80182;50197;1906277;193562;2.8;0.3
FR;0;2021-02-05;66850;45447;1973127;239009;2.9;0.4
FR;0;2021-02-06;21256;10416;1994383;249425;3.0;0.4
FR;0;2021-02-07;4826;5057;1999209;254482;3.0;0.4
FR;0;2021-02-08;45770;46117;2044979;300599;3.0;0.4
FR;0;2021-02-09;64631;72692;2109610;373291;3.1;0.6
FR;0;2021-02-10;69103;77041;2178713;450332;3.2;0.7
FR;0;2021-02-11;85295;99683;2264008;550015;3.4;0.8
FR;0;2021-02-12;77459;74769;2341467;624784;3.5;0.9
FR;0;2021-02-13;21589;19558;2363056;644342;3.5;1.0
FR;0;2021-02-14;4563;7215;2367619;651557;3.5;1.0
FR;0;2021-02-15;36864;76778;2404483;728335;3.6;1.1
FR;0;2021-02-16;49076;101051;2453559;829386;3.7;1.2
FR;0;2021-02-17;49189;103328;2502748;932714;3.7;1.4
FR;0;2021-02-18;67528;119139;2570276;1051853;3.8;1.6
FR;0;2021-02-19;63422;91235;2633698;1143088;3.9;1.7
FR;0;2021-02-20;17906;28504;2651604;1171592;4.0;1.7
FR;0;2021-02-21;2841;6389;2654445;1177981;4.0;1.8
FR;0;2021-02-22;36269;73421;2690714;1251402;4.0;1.9
FR;0;2021-02-23;52246;84423;2742960;1335825;4.1;2.0
FR;0;2021-02-24;57787;81471;2800747;1417296;4.2;2.1
FR;0;2021-02-25;97868;92199;2898615;1509495;4.3;2.2
FR;0;2021-02-26;111040;71784;3009655;1581279;4.5;2.4
FR;0;2021-02-27;50771;22241;3060426;1603520;4.6;2.4
FR;0;2021-02-28;5636;4468;3066062;1607988;4.6;2.4
FR;0;2021-03-01;63074;53176;3129136;1661164;4.7;2.5
FR;0;2021-03-02;98701;66869;3227837;1728033;4.8;2.6
FR;0;2021-03-03;112702;66354;3340539;1794387;5.0;2.7
FR;0;2021-03-04;158662;70186;3499201;1864573;5.2;2.8
FR;0;2021-03-05;196226;64833;3695427;1929406;5.5;2.9
FR;0;2021-03-06;202721;18745;3898148;1948151;5.8;2.9
FR;0;2021-03-07;118965;5931;4017113;1954082;6.0;2.9
FR;0;2021-03-08;104083;51421;4121196;2005503;6.1;3.0
FR;0;2021-03-09;168483;57839;4289679;2063342;6.4;3.1
FR;0;2021-03-10;174411;58326;4464090;2121668;6.7;3.2
FR;0;2021-03-11;237627;64790;4701717;2186458;7.0;3.3
FR;0;2021-03-12;289005;55416;4990722;2241874;7.4;3.3
FR;0;2021-03-13;226536;16306;5217258;2258180;7.8;3.4
FR;0;2021-03-14;61955;3848;5279213;2262028;7.9;3.4
FR;0;2021-03-15;154897;34159;5434110;2296187;8.1;3.4
FR;0;2021-03-16;138980;41113;5573090;2337300;8.3;3.5
FR;0;2021-03-17;147587;40643;5720677;2377943;8.5;3.5
FR;0;2021-03-18;164562;47201;5885239;2425144;8.8;3.6
FR;0;2021-03-19;225671;40657;6110910;2465801;9.1;3.7
FR;0;2021-03-20;163986;13623;6274896;2479424;9.3;3.7
FR;0;2021-03-21;48671;3329;6323567;2482753;9.4;3.7
FR;0;2021-03-22;166529;36854;6490096;2519607;9.7;3.8
FR;0;2021-03-23;245840;46132;6735936;2565739;10.0;3.8
FR;0;2021-03-24;252368;47606;6988304;2613345;10.4;3.9
FR;0;2021-03-25;336186;49928;7324490;2663273;10.9;4.0
FR;0;2021-03-26;353468;47433;7677958;2710706;11.4;4.0
FR;0;2021-03-27;192314;19581;7870272;2730287;11.7;4.1
FR;0;2021-03-28;58228;4668;7928500;2734955;11.8;4.1
FR;0;2021-03-29;199784;57658;8128284;2792613;12.1;4.2
FR;0;2021-03-30;280959;74874;8409243;2867487;12.5;4.3
FR;0;2021-03-31;258325;78254;8667568;2945741;12.9;4.4
FR;0;2021-04-01;308367;94999;8975935;3040740;13.4;4.5
FR;0;2021-04-02;276691;98253;9252626;3138993;13.8;4.7
FR;0;2021-04-03;138787;64812;9391413;3203805;14.0;4.8
FR;0;2021-04-04;44787;19825;9436200;3223630;14.1;4.8
FR;0;2021-04-05;58664;12597;9494864;3236227;14.1;4.8
FR;0;2021-04-06;212186;112713;9707050;3348940;14.5;5.0
FR;0;2021-04-07;255138;122047;9962188;3470987;14.8;5.2
FR;0;2021-04-08;331237;130551;10293425;3601538;15.3;5.4
FR;0;2021-04-09;402708;126100;10696133;3727638;15.9;5.6
FR;0;2021-04-10;209652;87707;10905785;3815345;16.2;5.7
FR;0;2021-04-11;54859;36233;10960644;3851578;16.3;5.7
FR;0;2021-04-12;232791;121026;11193435;3972604;16.7;5.9
FR;0;2021-04-13;303628;152739;11497063;4125343;17.1;6.1
FR;0;2021-04-14;287626;147711;11784689;4273054;17.6;6.4
FR;0;2021-04-15;328818;157338;12113507;4430392;18.0;6.6
FR;0;2021-04-16;332267;154673;12445774;4585065;18.5;6.8
FR;0;2021-04-17;184922;95057;12630696;4680122;18.8;7.0
FR;0;2021-04-18;50082;37071;12680778;4717193;18.9;7.0
FR;0;2021-04-19;200809;144387;12881587;4861580;19.2;7.2
FR;0;2021-04-20;248162;178458;13129749;5040038;19.6;7.5
FR;0;2021-04-21;245520;176681;13375269;5216719;19.9;7.8
FR;0;2021-04-22;280229;197749;13655498;5414468;20.3;8.1
FR;0;2021-04-23;287464;193567;13942962;5608035;20.8;8.4
FR;0;2021-04-24;186690;119169;14129652;5727204;21.1;8.5
FR;0;2021-04-25;67268;41508;14196920;5768712;21.2;8.6
FR;0;2021-04-26;213424;166133;14410344;5934845;21.5;8.8
FR;0;2021-04-27;278250;206524;14688594;6141369;21.9;9.2
FR;0;2021-04-28;291319;203634;14979913;6345003;22.3;9.5
FR;0;2021-04-29;345913;225426;15325826;6570429;22.8;9.8
FR;0;2021-04-30;361589;218451;15687415;6788880;23.4;10.1
FR;0;2021-05-01;158532;61194;15845947;6850074;23.6;10.2
FR;0;2021-05-02;88945;42178;15934892;6892252;23.7;10.3
FR;0;2021-05-03;277788;186475;16212680;7078727;24.2;10.5
FR;0;2021-05-04;304239;246345;16516919;7325072;24.6;10.9
FR;0;2021-05-05;313698;245471;16830617;7570543;25.1;11.3
FR;0;2021-05-06;366305;268143;17196922;7838686;25.6;11.7
FR;0;2021-05-07;359825;293750;17556747;8132436;26.2;12.1
FR;0;2021-05-08;195300;78071;17752047;8210507;26.5;12.2
FR;0;2021-05-09;126993;53962;17879040;8264469;26.6;12.3
FR;0;2021-05-10;296413;250616;18175453;8515085;27.1;12.7
FR;0;2021-05-11;388551;291631;18564004;8806716;27.7;13.1
FR;0;2021-05-12;402767;263123;18966771;9069839;28.3;13.5
