reg;jour;n_dose1;n_complet;n_cum_dose1;n_cum_complet;couv_dose1;couv_complet
01;2020-12-27;0;0;0;0;0.0;0.0
01;2020-12-28;0;0;0;0;0.0;0.0
01;2020-12-29;0;0;0;0;0.0;0.0
01;2020-12-30;0;0;0;0;0.0;0.0
01;2020-12-31;0;0;0;0;0.0;0.0
01;2021-01-01;0;0;0;0;0.0;0.0
01;2021-01-02;0;0;0;0;0.0;0.0
01;2021-01-03;0;0;0;0;0.0;0.0
01;2021-01-04;1;0;1;0;0.0;0.0
01;2021-01-05;0;0;1;0;0.0;0.0
01;2021-01-06;0;0;1;0;0.0;0.0
01;2021-01-07;0;0;1;0;0.0;0.0
01;2021-01-08;30;0;31;0;0.0;0.0
01;2021-01-09;13;0;44;0;0.0;0.0
01;2021-01-10;0;0;44;0;0.0;0.0
01;2021-01-11;26;0;70;0;0.0;0.0
01;2021-01-12;31;0;101;0;0.0;0.0
01;2021-01-13;54;0;155;0;0.0;0.0
01;2021-01-14;70;0;225;0;0.1;0.0
01;2021-01-15;81;0;306;0;0.1;0.0
01;2021-01-16;0;0;306;0;0.1;0.0
01;2021-01-17;0;0;306;0;0.1;0.0
01;2021-01-18;73;0;379;0;0.1;0.0
01;2021-01-19;148;0;527;0;0.1;0.0
01;2021-01-20;139;0;666;0;0.2;0.0
01;2021-01-21;155;0;821;0;0.2;0.0
01;2021-01-22;132;0;953;0;0.3;0.0
01;2021-01-23;1;0;954;0;0.3;0.0
01;2021-01-24;0;0;954;0;0.3;0.0
01;2021-01-25;198;0;1152;0;0.3;0.0
01;2021-01-26;206;1;1358;1;0.4;0.0
01;2021-01-27;238;0;1596;1;0.4;0.0
01;2021-01-28;212;2;1808;3;0.5;0.0
01;2021-01-29;192;1;2000;4;0.5;0.0
01;2021-01-30;7;0;2007;4;0.5;0.0
01;2021-01-31;1;0;2008;4;0.5;0.0
01;2021-02-01;217;4;2225;8;0.6;0.0
01;2021-02-02;267;24;2492;32;0.7;0.0
01;2021-02-03;208;2;2700;34;0.7;0.0
01;2021-02-04;267;20;2967;54;0.8;0.0
01;2021-02-05;209;32;3176;86;0.8;0.0
01;2021-02-06;44;0;3220;86;0.9;0.0
01;2021-02-07;0;0;3220;86;0.9;0.0
01;2021-02-08;171;22;3391;108;0.9;0.0
01;2021-02-09;396;27;3787;135;1.0;0.0
01;2021-02-10;160;30;3947;165;1.0;0.0
01;2021-02-11;287;109;4234;274;1.1;0.1
01;2021-02-12;298;24;4532;298;1.2;0.1
01;2021-02-13;9;7;4541;305;1.2;0.1
01;2021-02-14;12;36;4553;341;1.2;0.1
01;2021-02-15;100;45;4653;386;1.2;0.1
01;2021-02-16;14;1;4667;387;1.2;0.1
01;2021-02-17;15;1;4682;388;1.2;0.1
01;2021-02-18;177;15;4859;403;1.3;0.1
01;2021-02-19;224;19;5083;422;1.3;0.1
01;2021-02-20;3;0;5086;422;1.3;0.1
01;2021-02-21;1;0;5087;422;1.3;0.1
01;2021-02-22;127;65;5214;487;1.4;0.1
01;2021-02-23;180;124;5394;611;1.4;0.2
01;2021-02-24;213;125;5607;736;1.5;0.2
01;2021-02-25;271;114;5878;850;1.6;0.2
01;2021-02-26;162;95;6040;945;1.6;0.3
01;2021-02-27;2;0;6042;945;1.6;0.3
01;2021-02-28;1;0;6043;945;1.6;0.3
01;2021-03-01;118;81;6161;1026;1.6;0.3
01;2021-03-02;232;131;6393;1157;1.7;0.3
01;2021-03-03;192;117;6585;1274;1.7;0.3
01;2021-03-04;288;81;6873;1355;1.8;0.4
01;2021-03-05;311;152;7184;1507;1.9;0.4
01;2021-03-06;566;2;7750;1509;2.1;0.4
01;2021-03-07;1;0;7751;1509;2.1;0.4
01;2021-03-08;257;137;8008;1646;2.1;0.4
01;2021-03-09;274;149;8282;1795;2.2;0.5
01;2021-03-10;310;154;8592;1949;2.3;0.5
01;2021-03-11;125;57;8717;2006;2.3;0.5
01;2021-03-12;281;234;8998;2240;2.4;0.6
01;2021-03-13;63;1;9061;2241;2.4;0.6
01;2021-03-14;5;23;9066;2264;2.4;0.6
01;2021-03-15;242;41;9308;2305;2.5;0.6
01;2021-03-16;320;78;9628;2383;2.6;0.6
01;2021-03-17;318;82;9946;2465;2.6;0.7
01;2021-03-18;378;106;10324;2571;2.7;0.7
01;2021-03-19;402;111;10726;2682;2.8;0.7
01;2021-03-20;34;44;10760;2726;2.9;0.7
01;2021-03-21;0;0;10760;2726;2.9;0.7
01;2021-03-22;241;86;11001;2812;2.9;0.7
01;2021-03-23;353;155;11354;2967;3.0;0.8
01;2021-03-24;364;105;11718;3072;3.1;0.8
01;2021-03-25;563;177;12281;3249;3.3;0.9
01;2021-03-26;521;129;12802;3378;3.4;0.9
01;2021-03-27;252;48;13054;3426;3.5;0.9
01;2021-03-28;4;0;13058;3426;3.5;0.9
01;2021-03-29;280;80;13338;3506;3.5;0.9
01;2021-03-30;547;161;13885;3667;3.7;1.0
01;2021-03-31;466;138;14351;3805;3.8;1.0
01;2021-04-01;590;200;14941;4005;4.0;1.1
01;2021-04-02;39;35;14980;4040;4.0;1.1
01;2021-04-03;40;2;15020;4042;4.0;1.1
01;2021-04-04;4;18;15024;4060;4.0;1.1
01;2021-04-05;9;1;15033;4061;4.0;1.1
01;2021-04-06;393;186;15426;4247;4.1;1.1
01;2021-04-07;539;113;15965;4360;4.2;1.2
01;2021-04-08;456;175;16421;4535;4.4;1.2
01;2021-04-09;386;219;16807;4754;4.5;1.3
01;2021-04-10;90;8;16897;4762;4.5;1.3
01;2021-04-11;2;25;16899;4787;4.5;1.3
01;2021-04-12;171;256;17070;5043;4.5;1.3
01;2021-04-13;413;318;17483;5361;4.6;1.4
01;2021-04-14;321;224;17804;5585;4.7;1.5
01;2021-04-15;436;330;18240;5915;4.8;1.6
01;2021-04-16;453;273;18693;6188;5.0;1.6
01;2021-04-17;251;6;18944;6194;5.0;1.6
01;2021-04-18;3;14;18947;6208;5.0;1.6
01;2021-04-19;267;236;19214;6444;5.1;1.7
01;2021-04-20;580;361;19794;6805;5.3;1.8
01;2021-04-21;501;310;20295;7115;5.4;1.9
01;2021-04-22;641;328;20936;7443;5.6;2.0
01;2021-04-23;773;244;21709;7687;5.8;2.0
01;2021-04-24;332;147;22041;7834;5.8;2.1
01;2021-04-25;593;63;22634;7897;6.0;2.1
01;2021-04-26;850;206;23484;8103;6.2;2.2
01;2021-04-27;534;241;24018;8344;6.4;2.2
01;2021-04-28;621;259;24639;8603;6.5;2.3
01;2021-04-29;999;176;25638;8779;6.8;2.3
01;2021-04-30;1123;161;26761;8940;7.1;2.4
01;2021-05-01;553;45;27314;8985;7.2;2.4
01;2021-05-02;327;14;27641;8999;7.3;2.4
01;2021-05-03;891;167;28532;9166;7.6;2.4
01;2021-05-04;1001;220;29533;9386;7.8;2.5
01;2021-05-05;961;246;30494;9632;8.1;2.6
01;2021-05-06;1134;163;31628;9795;8.4;2.6
01;2021-05-07;1025;249;32653;10044;8.7;2.7
01;2021-05-08;310;30;32963;10074;8.7;2.7
01;2021-05-09;177;9;33140;10083;8.8;2.7
01;2021-05-10;733;204;33873;10287;9.0;2.7
01;2021-05-11;857;302;34730;10589;9.2;2.8
01;2021-05-12;878;352;35608;10941;9.4;2.9
01;2021-05-13;203;77;35811;11018;9.5;2.9
01;2021-05-14;776;301;36587;11319;9.7;3.0
01;2021-05-15;427;13;37014;11332;9.8;3.0
01;2021-05-16;179;34;37193;11366;9.9;3.0
01;2021-05-17;606;269;37799;11635;10.0;3.1
01;2021-05-18;639;387;38438;12022;10.2;3.2
01;2021-05-19;647;518;39085;12540;10.4;3.3
01;2021-05-20;714;369;39799;12909;10.6;3.4
01;2021-05-21;740;378;40539;13287;10.8;3.5
01;2021-05-22;393;217;40932;13504;10.9;3.6
01;2021-05-23;195;113;41127;13617;10.9;3.6
01;2021-05-24;193;176;41320;13793;11.0;3.7
01;2021-05-25;475;657;41795;14450;11.1;3.8
01;2021-05-26;504;488;42299;14938;11.2;4.0
01;2021-05-27;132;198;42431;15136;11.3;4.0
01;2021-05-28;423;514;42854;15650;11.4;4.2
01;2021-05-29;158;135;43012;15785;11.4;4.2
01;2021-05-30;70;110;43082;15895;11.4;4.2
01;2021-05-31;360;527;43442;16422;11.5;4.4
01;2021-06-01;476;711;43918;17133;11.7;4.5
01;2021-06-02;466;704;44384;17837;11.8;4.7
01;2021-06-03;397;563;44781;18400;11.9;4.9
01;2021-06-04;583;750;45364;19150;12.0;5.1
01;2021-06-05;257;639;45621;19789;12.1;5.3
01;2021-06-06;121;528;45742;20317;12.1;5.4
01;2021-06-07;489;778;46231;21095;12.3;5.6
02;2020-12-27;0;0;0;0;0.0;0.0
02;2020-12-28;0;0;0;0;0.0;0.0
02;2020-12-29;0;0;0;0;0.0;0.0
02;2020-12-30;0;0;0;0;0.0;0.0
02;2020-12-31;0;0;0;0;0.0;0.0
02;2021-01-01;0;0;0;0;0.0;0.0
02;2021-01-02;0;0;0;0;0.0;0.0
02;2021-01-03;0;0;0;0;0.0;0.0
02;2021-01-04;0;0;0;0;0.0;0.0
02;2021-01-05;0;0;0;0;0.0;0.0
02;2021-01-06;5;0;5;0;0.0;0.0
02;2021-01-07;31;0;36;0;0.0;0.0
02;2021-01-08;80;1;116;1;0.0;0.0
02;2021-01-09;20;0;136;1;0.0;0.0
02;2021-01-10;0;0;136;1;0.0;0.0
02;2021-01-11;122;0;258;1;0.1;0.0
02;2021-01-12;78;0;336;1;0.1;0.0
02;2021-01-13;65;0;401;1;0.1;0.0
02;2021-01-14;87;0;488;1;0.1;0.0
02;2021-01-15;136;0;624;1;0.2;0.0
02;2021-01-16;51;0;675;1;0.2;0.0
02;2021-01-17;0;0;675;1;0.2;0.0
02;2021-01-18;158;0;833;1;0.2;0.0
02;2021-01-19;167;0;1000;1;0.3;0.0
02;2021-01-20;163;0;1163;1;0.3;0.0
02;2021-01-21;181;1;1344;2;0.4;0.0
02;2021-01-22;156;0;1500;2;0.4;0.0
02;2021-01-23;58;0;1558;2;0.4;0.0
02;2021-01-24;0;0;1558;2;0.4;0.0
02;2021-01-25;159;0;1717;2;0.5;0.0
02;2021-01-26;137;0;1854;2;0.5;0.0
02;2021-01-27;161;5;2015;7;0.6;0.0
02;2021-01-28;143;12;2158;19;0.6;0.0
02;2021-01-29;142;41;2300;60;0.6;0.0
02;2021-01-30;96;16;2396;76;0.7;0.0
02;2021-01-31;0;0;2396;76;0.7;0.0
02;2021-02-01;119;74;2515;150;0.7;0.0
02;2021-02-02;184;95;2699;245;0.8;0.1
02;2021-02-03;129;80;2828;325;0.8;0.1
02;2021-02-04;158;73;2986;398;0.8;0.1
02;2021-02-05;120;97;3106;495;0.9;0.1
02;2021-02-06;62;26;3168;521;0.9;0.1
02;2021-02-07;1;0;3169;521;0.9;0.1
02;2021-02-08;136;78;3305;599;0.9;0.2
02;2021-02-09;175;78;3480;677;1.0;0.2
02;2021-02-10;138;90;3618;767;1.0;0.2
02;2021-02-11;149;103;3767;870;1.1;0.2
02;2021-02-12;124;128;3891;998;1.1;0.3
02;2021-02-13;38;37;3929;1035;1.1;0.3
02;2021-02-14;0;0;3929;1035;1.1;0.3
02;2021-02-15;51;67;3980;1102;1.1;0.3
02;2021-02-16;0;1;3980;1103;1.1;0.3
02;2021-02-17;1;3;3981;1106;1.1;0.3
02;2021-02-18;68;128;4049;1234;1.1;0.3
02;2021-02-19;69;131;4118;1365;1.1;0.4
02;2021-02-20;48;69;4166;1434;1.2;0.4
02;2021-02-21;0;0;4166;1434;1.2;0.4
02;2021-02-22;99;60;4265;1494;1.2;0.4
02;2021-02-23;113;238;4378;1732;1.2;0.5
02;2021-02-24;106;223;4484;1955;1.2;0.5
02;2021-02-25;89;149;4573;2104;1.3;0.6
02;2021-02-26;126;169;4699;2273;1.3;0.6
02;2021-02-27;69;52;4768;2325;1.3;0.6
02;2021-02-28;0;0;4768;2325;1.3;0.6
02;2021-03-01;138;144;4906;2469;1.4;0.7
02;2021-03-02;158;78;5064;2547;1.4;0.7
02;2021-03-03;178;144;5242;2691;1.5;0.8
02;2021-03-04;145;133;5387;2824;1.5;0.8
02;2021-03-05;238;127;5625;2951;1.6;0.8
02;2021-03-06;119;59;5744;3010;1.6;0.8
02;2021-03-07;100;1;5844;3011;1.6;0.8
02;2021-03-08;196;132;6040;3143;1.7;0.9
02;2021-03-09;269;102;6309;3245;1.8;0.9
02;2021-03-10;321;133;6630;3378;1.8;0.9
02;2021-03-11;327;83;6957;3461;1.9;1.0
02;2021-03-12;398;52;7355;3513;2.1;1.0
02;2021-03-13;155;21;7510;3534;2.1;1.0
02;2021-03-14;4;1;7514;3535;2.1;1.0
02;2021-03-15;276;92;7790;3627;2.2;1.0
02;2021-03-16;305;55;8095;3682;2.3;1.0
02;2021-03-17;385;49;8480;3731;2.4;1.0
02;2021-03-18;435;44;8915;3775;2.5;1.1
02;2021-03-19;396;61;9311;3836;2.6;1.1
02;2021-03-20;149;47;9460;3883;2.6;1.1
02;2021-03-21;25;1;9485;3884;2.6;1.1
02;2021-03-22;362;116;9847;4000;2.7;1.1
02;2021-03-23;401;123;10248;4123;2.9;1.1
02;2021-03-24;424;104;10672;4227;3.0;1.2
02;2021-03-25;464;96;11136;4323;3.1;1.2
02;2021-03-26;632;100;11768;4423;3.3;1.2
02;2021-03-27;152;71;11920;4494;3.3;1.3
02;2021-03-28;81;2;12001;4496;3.3;1.3
02;2021-03-29;420;165;12421;4661;3.5;1.3
02;2021-03-30;466;244;12887;4905;3.6;1.4
02;2021-03-31;1139;184;14026;5089;3.9;1.4
02;2021-04-01;950;167;14976;5256;4.2;1.5
02;2021-04-02;893;6;15869;5262;4.4;1.5
02;2021-04-03;787;47;16656;5309;4.6;1.5
02;2021-04-04;750;10;17406;5319;4.9;1.5
02;2021-04-05;828;39;18234;5358;5.1;1.5
02;2021-04-06;883;131;19117;5489;5.3;1.5
02;2021-04-07;1424;321;20541;5810;5.7;1.6
02;2021-04-08;1301;266;21842;6076;6.1;1.7
02;2021-04-09;1233;317;23075;6393;6.4;1.8
02;2021-04-10;837;160;23912;6553;6.7;1.8
02;2021-04-11;621;12;24533;6565;6.8;1.8
02;2021-04-12;866;313;25399;6878;7.1;1.9
02;2021-04-13;865;325;26264;7203;7.3;2.0
02;2021-04-14;957;322;27221;7525;7.6;2.1
02;2021-04-15;956;291;28177;7816;7.9;2.2
02;2021-04-16;990;298;29167;8114;8.1;2.3
02;2021-04-17;524;161;29691;8275;8.3;2.3
02;2021-04-18;339;56;30030;8331;8.4;2.3
02;2021-04-19;668;347;30698;8678;8.6;2.4
02;2021-04-20;869;309;31567;8987;8.8;2.5
02;2021-04-21;997;358;32564;9345;9.1;2.6
02;2021-04-22;602;312;33166;9657;9.2;2.7
02;2021-04-23;604;464;33770;10121;9.4;2.8
02;2021-04-24;360;197;34130;10318;9.5;2.9
02;2021-04-25;168;200;34298;10518;9.6;2.9
02;2021-04-26;514;543;34812;11061;9.7;3.1
02;2021-04-27;556;609;35368;11670;9.9;3.3
02;2021-04-28;449;692;35817;12362;10.0;3.4
02;2021-04-29;641;642;36458;13004;10.2;3.6
02;2021-04-30;769;688;37227;13692;10.4;3.8
02;2021-05-01;243;245;37470;13937;10.4;3.9
02;2021-05-02;226;514;37696;14451;10.5;4.0
02;2021-05-03;563;771;38259;15222;10.7;4.2
02;2021-05-04;507;677;38766;15899;10.8;4.4
02;2021-05-05;537;898;39303;16797;11.0;4.7
02;2021-05-06;543;778;39846;17575;11.1;4.9
02;2021-05-07;626;1016;40472;18591;11.3;5.2
02;2021-05-08;213;526;40685;19117;11.3;5.3
02;2021-05-09;171;506;40856;19623;11.4;5.5
02;2021-05-10;515;860;41371;20483;11.5;5.7
02;2021-05-11;463;870;41834;21353;11.7;6.0
02;2021-05-12;550;913;42384;22266;11.8;6.2
02;2021-05-13;267;533;42651;22799;11.9;6.4
02;2021-05-14;381;753;43032;23552;12.0;6.6
02;2021-05-15;230;579;43262;24131;12.1;6.7
02;2021-05-16;155;442;43417;24573;12.1;6.8
02;2021-05-17;462;755;43879;25328;12.2;7.1
02;2021-05-18;439;675;44318;26003;12.4;7.2
02;2021-05-19;435;740;44753;26743;12.5;7.5
02;2021-05-20;587;501;45340;27244;12.6;7.6
02;2021-05-21;541;704;45881;27948;12.8;7.8
02;2021-05-22;182;365;46063;28313;12.8;7.9
02;2021-05-23;109;181;46172;28494;12.9;7.9
02;2021-05-24;131;242;46303;28736;12.9;8.0
02;2021-05-25;344;705;46647;29441;13.0;8.2
02;2021-05-26;371;713;47018;30154;13.1;8.4
02;2021-05-27;260;648;47278;30802;13.2;8.6
02;2021-05-28;264;819;47542;31621;13.3;8.8
02;2021-05-29;149;512;47691;32133;13.3;9.0
02;2021-05-30;15;33;47706;32166;13.3;9.0
02;2021-05-31;342;686;48048;32852;13.4;9.2
02;2021-06-01;289;548;48337;33400;13.5;9.3
02;2021-06-02;304;571;48641;33971;13.6;9.5
02;2021-06-03;244;430;48885;34401;13.6;9.6
02;2021-06-04;346;649;49231;35050;13.7;9.8
02;2021-06-05;222;350;49453;35400;13.8;9.9
02;2021-06-06;21;31;49474;35431;13.8;9.9
02;2021-06-07;242;739;49716;36170;13.9;10.1
03;2020-12-27;0;0;0;0;0.0;0.0
03;2020-12-28;0;0;0;0;0.0;0.0
03;2020-12-29;0;0;0;0;0.0;0.0
03;2020-12-30;0;0;0;0;0.0;0.0
03;2020-12-31;0;0;0;0;0.0;0.0
03;2021-01-01;0;0;0;0;0.0;0.0
03;2021-01-02;0;0;0;0;0.0;0.0
03;2021-01-03;0;0;0;0;0.0;0.0
03;2021-01-04;0;0;0;0;0.0;0.0
03;2021-01-05;0;0;0;0;0.0;0.0
03;2021-01-06;0;0;0;0;0.0;0.0
03;2021-01-07;0;0;0;0;0.0;0.0
03;2021-01-08;0;0;0;0;0.0;0.0
03;2021-01-09;0;0;0;0;0.0;0.0
03;2021-01-10;0;0;0;0;0.0;0.0
03;2021-01-11;0;0;0;0;0.0;0.0
03;2021-01-12;0;0;0;0;0.0;0.0
03;2021-01-13;30;0;30;0;0.0;0.0
03;2021-01-14;46;0;76;0;0.0;0.0
03;2021-01-15;34;0;110;0;0.0;0.0
03;2021-01-16;18;0;128;0;0.0;0.0
03;2021-01-17;0;0;128;0;0.0;0.0
03;2021-01-18;62;0;190;0;0.1;0.0
03;2021-01-19;149;1;339;1;0.1;0.0
03;2021-01-20;132;0;471;1;0.2;0.0
03;2021-01-21;118;0;589;1;0.2;0.0
03;2021-01-22;75;0;664;1;0.2;0.0
03;2021-01-23;0;0;664;1;0.2;0.0
03;2021-01-24;0;0;664;1;0.2;0.0
03;2021-01-25;56;0;720;1;0.2;0.0
03;2021-01-26;100;0;820;1;0.3;0.0
03;2021-01-27;109;0;929;1;0.3;0.0
03;2021-01-28;96;2;1025;3;0.4;0.0
03;2021-01-29;104;3;1129;6;0.4;0.0
03;2021-01-30;0;0;1129;6;0.4;0.0
03;2021-01-31;0;0;1129;6;0.4;0.0
03;2021-02-01;54;0;1183;6;0.4;0.0
03;2021-02-02;122;4;1305;10;0.4;0.0
03;2021-02-03;116;7;1421;17;0.5;0.0
03;2021-02-04;79;26;1500;43;0.5;0.0
03;2021-02-05;65;8;1565;51;0.5;0.0
03;2021-02-06;0;0;1565;51;0.5;0.0
03;2021-02-07;0;0;1565;51;0.5;0.0
03;2021-02-08;50;13;1615;64;0.6;0.0
03;2021-02-09;92;39;1707;103;0.6;0.0
03;2021-02-10;101;42;1808;145;0.6;0.0
03;2021-02-11;102;93;1910;238;0.7;0.1
03;2021-02-12;86;64;1996;302;0.7;0.1
03;2021-02-13;0;0;1996;302;0.7;0.1
03;2021-02-14;0;0;1996;302;0.7;0.1
03;2021-02-15;27;65;2023;367;0.7;0.1
03;2021-02-16;123;52;2146;419;0.7;0.1
03;2021-02-17;145;117;2291;536;0.8;0.2
03;2021-02-18;102;143;2393;679;0.8;0.2
03;2021-02-19;121;72;2514;751;0.9;0.3
03;2021-02-20;0;0;2514;751;0.9;0.3
03;2021-02-21;0;0;2514;751;0.9;0.3
03;2021-02-22;78;48;2592;799;0.9;0.3
03;2021-02-23;157;98;2749;897;0.9;0.3
03;2021-02-24;190;120;2939;1017;1.0;0.3
03;2021-02-25;258;87;3197;1104;1.1;0.4
03;2021-02-26;264;69;3461;1173;1.2;0.4
03;2021-02-27;121;1;3582;1174;1.2;0.4
03;2021-02-28;0;0;3582;1174;1.2;0.4
03;2021-03-01;174;85;3756;1259;1.3;0.4
03;2021-03-02;255;108;4011;1367;1.4;0.5
03;2021-03-03;254;129;4265;1496;1.5;0.5
03;2021-03-04;281;81;4546;1577;1.6;0.5
03;2021-03-05;270;41;4816;1618;1.7;0.6
03;2021-03-06;116;1;4932;1619;1.7;0.6
03;2021-03-07;0;0;4932;1619;1.7;0.6
03;2021-03-08;187;40;5119;1659;1.8;0.6
03;2021-03-09;349;90;5468;1749;1.9;0.6
03;2021-03-10;356;96;5824;1845;2.0;0.6
03;2021-03-11;269;116;6093;1961;2.1;0.7
03;2021-03-12;284;91;6377;2052;2.2;0.7
03;2021-03-13;110;2;6487;2054;2.2;0.7
03;2021-03-14;0;0;6487;2054;2.2;0.7
03;2021-03-15;180;26;6667;2080;2.3;0.7
03;2021-03-16;241;139;6908;2219;2.4;0.8
03;2021-03-17;272;128;7180;2347;2.5;0.8
03;2021-03-18;250;153;7430;2500;2.6;0.9
03;2021-03-19;284;123;7714;2623;2.7;0.9
03;2021-03-20;255;14;7969;2637;2.7;0.9
03;2021-03-21;119;0;8088;2637;2.8;0.9
03;2021-03-22;219;112;8307;2749;2.9;0.9
03;2021-03-23;259;184;8566;2933;2.9;1.0
03;2021-03-24;224;207;8790;3140;3.0;1.1
03;2021-03-25;167;176;8957;3316;3.1;1.1
03;2021-03-26;188;306;9145;3622;3.1;1.2
03;2021-03-27;55;92;9200;3714;3.2;1.3
03;2021-03-28;0;0;9200;3714;3.2;1.3
03;2021-03-29;174;244;9374;3958;3.2;1.4
03;2021-03-30;445;234;9819;4192;3.4;1.4
03;2021-03-31;314;289;10133;4481;3.5;1.5
03;2021-04-01;410;255;10543;4736;3.6;1.6
03;2021-04-02;279;278;10822;5014;3.7;1.7
03;2021-04-03;109;119;10931;5133;3.8;1.8
03;2021-04-04;0;0;10931;5133;3.8;1.8
03;2021-04-05;118;14;11049;5147;3.8;1.8
03;2021-04-06;418;322;11467;5469;3.9;1.9
03;2021-04-07;485;331;11952;5800;4.1;2.0
03;2021-04-08;492;253;12444;6053;4.3;2.1
03;2021-04-09;469;224;12913;6277;4.4;2.2
03;2021-04-10;146;91;13059;6368;4.5;2.2
03;2021-04-11;1;0;13060;6368;4.5;2.2
03;2021-04-12;493;261;13553;6629;4.7;2.3
03;2021-04-13;622;236;14175;6865;4.9;2.4
03;2021-04-14;664;305;14839;7170;5.1;2.5
03;2021-04-15;720;242;15559;7412;5.4;2.5
03;2021-04-16;707;292;16266;7704;5.6;2.7
03;2021-04-17;476;123;16742;7827;5.8;2.7
03;2021-04-18;489;36;17231;7863;5.9;2.7
03;2021-04-19;682;245;17913;8108;6.2;2.8
03;2021-04-20;549;267;18462;8375;6.4;2.9
03;2021-04-21;769;234;19231;8609;6.6;3.0
03;2021-04-22;652;216;19883;8825;6.8;3.0
03;2021-04-23;656;217;20539;9042;7.1;3.1
03;2021-04-24;522;92;21061;9134;7.2;3.1
03;2021-04-25;601;38;21662;9172;7.5;3.2
03;2021-04-26;733;221;22395;9393;7.7;3.2
03;2021-04-27;765;336;23160;9729;8.0;3.3
03;2021-04-28;645;315;23805;10044;8.2;3.5
03;2021-04-29;601;273;24406;10317;8.4;3.5
03;2021-04-30;670;251;25076;10568;8.6;3.6
03;2021-05-01;209;25;25285;10593;8.7;3.6
03;2021-05-02;594;76;25879;10669;8.9;3.7
03;2021-05-03;553;388;26432;11057;9.1;3.8
03;2021-05-04;524;308;26956;11365;9.3;3.9
03;2021-05-05;567;440;27523;11805;9.5;4.1
03;2021-05-06;556;457;28079;12262;9.7;4.2
03;2021-05-07;516;455;28595;12717;9.8;4.4
03;2021-05-08;335;57;28930;12774;10.0;4.4
03;2021-05-09;261;71;29191;12845;10.0;4.4
03;2021-05-10;414;611;29605;13456;10.2;4.6
03;2021-05-11;338;489;29943;13945;10.3;4.8
03;2021-05-12;390;628;30333;14573;10.4;5.0
03;2021-05-13;323;97;30656;14670;10.5;5.0
03;2021-05-14;417;545;31073;15215;10.7;5.2
03;2021-05-15;249;343;31322;15558;10.8;5.4
03;2021-05-16;203;208;31525;15766;10.8;5.4
03;2021-05-17;387;591;31912;16357;11.0;5.6
03;2021-05-18;468;553;32380;16910;11.1;5.8
03;2021-05-19;441;541;32821;17451;11.3;6.0
03;2021-05-20;540;445;33361;17896;11.5;6.2
03;2021-05-21;442;599;33803;18495;11.6;6.4
03;2021-05-22;161;500;33964;18995;11.7;6.5
03;2021-05-23;254;469;34218;19464;11.8;6.7
03;2021-05-24;541;242;34759;19706;12.0;6.8
03;2021-05-25;489;740;35248;20446;12.1;7.0
03;2021-05-26;351;680;35599;21126;12.2;7.3
03;2021-05-27;630;515;36229;21641;12.5;7.4
03;2021-05-28;449;545;36678;22186;12.6;7.6
03;2021-05-29;230;360;36908;22546;12.7;7.8
03;2021-05-30;146;401;37054;22947;12.7;7.9
03;2021-05-31;335;571;37389;23518;12.9;8.1
03;2021-06-01;369;465;37758;23983;13.0;8.3
03;2021-06-02;444;548;38202;24531;13.1;8.4
03;2021-06-03;392;465;38594;24996;13.3;8.6
03;2021-06-04;501;485;39095;25481;13.4;8.8
03;2021-06-05;269;290;39364;25771;13.5;8.9
03;2021-06-06;208;299;39572;26070;13.6;9.0
03;2021-06-07;414;445;39986;26515;13.8;9.1
04;2020-12-27;0;0;0;0;0.0;0.0
04;2020-12-28;0;0;0;0;0.0;0.0
04;2020-12-29;0;0;0;0;0.0;0.0
04;2020-12-30;0;0;0;0;0.0;0.0
04;2020-12-31;0;0;0;0;0.0;0.0
04;2021-01-01;1;0;1;0;0.0;0.0
04;2021-01-02;0;0;1;0;0.0;0.0
04;2021-01-03;0;0;1;0;0.0;0.0
04;2021-01-04;0;0;1;0;0.0;0.0
04;2021-01-05;2;0;3;0;0.0;0.0
04;2021-01-06;0;0;3;0;0.0;0.0
04;2021-01-07;0;0;3;0;0.0;0.0
04;2021-01-08;0;0;3;0;0.0;0.0
04;2021-01-09;1;0;4;0;0.0;0.0
04;2021-01-10;0;0;4;0;0.0;0.0
04;2021-01-11;0;0;4;0;0.0;0.0
04;2021-01-12;0;0;4;0;0.0;0.0
04;2021-01-13;0;0;4;0;0.0;0.0
04;2021-01-14;0;0;4;0;0.0;0.0
04;2021-01-15;332;0;336;0;0.0;0.0
04;2021-01-16;27;0;363;0;0.0;0.0
04;2021-01-17;0;0;363;0;0.0;0.0
04;2021-01-18;49;1;412;1;0.0;0.0
04;2021-01-19;393;0;805;1;0.1;0.0
04;2021-01-20;482;1;1287;2;0.1;0.0
04;2021-01-21;612;1;1899;3;0.2;0.0
04;2021-01-22;409;0;2308;3;0.3;0.0
04;2021-01-23;75;0;2383;3;0.3;0.0
04;2021-01-24;0;0;2383;3;0.3;0.0
04;2021-01-25;272;0;2655;3;0.3;0.0
04;2021-01-26;429;0;3084;3;0.4;0.0
04;2021-01-27;317;0;3401;3;0.4;0.0
04;2021-01-28;406;0;3807;3;0.4;0.0
04;2021-01-29;421;3;4228;6;0.5;0.0
04;2021-01-30;419;0;4647;6;0.5;0.0
04;2021-01-31;0;0;4647;6;0.5;0.0
04;2021-02-01;372;3;5019;9;0.6;0.0
04;2021-02-02;498;4;5517;13;0.6;0.0
04;2021-02-03;594;14;6111;27;0.7;0.0
04;2021-02-04;626;22;6737;49;0.8;0.0
04;2021-02-05;564;97;7301;146;0.8;0.0
04;2021-02-06;501;4;7802;150;0.9;0.0
04;2021-02-07;0;8;7802;158;0.9;0.0
04;2021-02-08;463;34;8265;192;1.0;0.0
04;2021-02-09;771;90;9036;282;1.1;0.0
04;2021-02-10;749;85;9785;367;1.1;0.0
04;2021-02-11;780;86;10565;453;1.2;0.1
04;2021-02-12;636;95;11201;548;1.3;0.1
04;2021-02-13;544;74;11745;622;1.4;0.1
04;2021-02-14;1;0;11746;622;1.4;0.1
04;2021-02-15;524;125;12270;747;1.4;0.1
04;2021-02-16;648;534;12918;1281;1.5;0.1
04;2021-02-17;526;328;13444;1609;1.6;0.2
04;2021-02-18;493;414;13937;2023;1.6;0.2
04;2021-02-19;496;320;14433;2343;1.7;0.3
04;2021-02-20;576;116;15009;2459;1.7;0.3
04;2021-02-21;0;0;15009;2459;1.7;0.3
04;2021-02-22;400;238;15409;2697;1.8;0.3
04;2021-02-23;607;236;16016;2933;1.9;0.3
04;2021-02-24;581;253;16597;3186;1.9;0.4
04;2021-02-25;645;296;17242;3482;2.0;0.4
04;2021-02-26;483;472;17725;3954;2.1;0.5
04;2021-02-27;345;430;18070;4384;2.1;0.5
04;2021-02-28;0;0;18070;4384;2.1;0.5
04;2021-03-01;288;391;18358;4775;2.1;0.6
04;2021-03-02;487;502;18845;5277;2.2;0.6
04;2021-03-03;755;557;19600;5834;2.3;0.7
04;2021-03-04;760;532;20360;6366;2.4;0.7
04;2021-03-05;727;540;21087;6906;2.5;0.8
04;2021-03-06;812;530;21899;7436;2.5;0.9
04;2021-03-07;0;0;21899;7436;2.5;0.9
04;2021-03-08;435;591;22334;8027;2.6;0.9
04;2021-03-09;670;776;23004;8803;2.7;1.0
04;2021-03-10;644;849;23648;9652;2.7;1.1
04;2021-03-11;693;645;24341;10297;2.8;1.2
04;2021-03-12;728;663;25069;10960;2.9;1.3
04;2021-03-13;667;610;25736;11570;3.0;1.3
04;2021-03-14;2;0;25738;11570;3.0;1.3
04;2021-03-15;503;506;26241;12076;3.1;1.4
04;2021-03-16;680;711;26921;12787;3.1;1.5
04;2021-03-17;846;535;27767;13322;3.2;1.5
04;2021-03-18;1046;572;28813;13894;3.4;1.6
04;2021-03-19;784;543;29597;14437;3.4;1.7
04;2021-03-20;576;597;30173;15034;3.5;1.7
04;2021-03-21;0;0;30173;15034;3.5;1.7
04;2021-03-22;565;481;30738;15515;3.6;1.8
04;2021-03-23;780;640;31518;16155;3.7;1.9
04;2021-03-24;792;671;32310;16826;3.8;2.0
04;2021-03-25;944;547;33254;17373;3.9;2.0
04;2021-03-26;921;448;34175;17821;4.0;2.1
04;2021-03-27;782;340;34957;18161;4.1;2.1
04;2021-03-28;1;0;34958;18161;4.1;2.1
04;2021-03-29;960;271;35918;18432;4.2;2.1
04;2021-03-30;883;501;36801;18933;4.3;2.2
04;2021-03-31;726;671;37527;19604;4.4;2.3
04;2021-04-01;679;709;38206;20313;4.4;2.4
04;2021-04-02;680;762;38886;21075;4.5;2.5
04;2021-04-03;685;707;39571;21782;4.6;2.5
04;2021-04-04;0;0;39571;21782;4.6;2.5
04;2021-04-05;0;2;39571;21784;4.6;2.5
04;2021-04-06;795;642;40366;22426;4.7;2.6
04;2021-04-07;1317;789;41683;23215;4.8;2.7
04;2021-04-08;1722;779;43405;23994;5.0;2.8
04;2021-04-09;1454;785;44859;24779;5.2;2.9
04;2021-04-10;1130;651;45989;25430;5.3;3.0
04;2021-04-11;2;0;45991;25430;5.3;3.0
04;2021-04-12;1238;552;47229;25982;5.5;3.0
04;2021-04-13;1435;754;48664;26736;5.7;3.1
04;2021-04-14;2002;774;50666;27510;5.9;3.2
04;2021-04-15;2349;947;53015;28457;6.2;3.3
04;2021-04-16;1842;785;54857;29242;6.4;3.4
04;2021-04-17;1274;604;56131;29846;6.5;3.5
04;2021-04-18;0;0;56131;29846;6.5;3.5
04;2021-04-19;1377;565;57508;30411;6.7;3.5
04;2021-04-20;1646;806;59154;31217;6.9;3.6
04;2021-04-21;2043;606;61197;31823;7.1;3.7
04;2021-04-22;2763;801;63960;32624;7.4;3.8
04;2021-04-23;2233;813;66193;33437;7.7;3.9
04;2021-04-24;1081;797;67274;34234;7.8;4.0
04;2021-04-25;2;0;67276;34234;7.8;4.0
04;2021-04-26;1163;920;68439;35154;8.0;4.1
04;2021-04-27;1678;1026;70117;36180;8.2;4.2
04;2021-04-28;2757;746;72874;36926;8.5;4.3
04;2021-04-29;3702;763;76576;37689;8.9;4.4
04;2021-04-30;3223;890;79799;38579;9.3;4.5
04;2021-05-01;2098;212;81897;38791;9.5;4.5
04;2021-05-02;1;0;81898;38791;9.5;4.5
04;2021-05-03;1861;570;83759;39361;9.7;4.6
04;2021-05-04;2099;1094;85858;40455;10.0;4.7
04;2021-05-05;2959;1608;88817;42063;10.3;4.9
04;2021-05-06;3709;1492;92526;43555;10.8;5.1
04;2021-05-07;3079;1457;95605;45012;11.1;5.2
04;2021-05-08;1563;501;97168;45513;11.3;5.3
04;2021-05-09;0;0;97168;45513;11.3;5.3
04;2021-05-10;2402;994;99570;46507;11.6;5.4
04;2021-05-11;3587;1637;103157;48144;12.0;5.6
04;2021-05-12;4486;2291;107643;50435;12.5;5.9
04;2021-05-13;3528;581;111171;51016;12.9;5.9
04;2021-05-14;5013;2370;116184;53386;13.5;6.2
04;2021-05-15;3054;1495;119238;54881;13.9;6.4
04;2021-05-16;14;18;119252;54899;13.9;6.4
04;2021-05-17;2977;1473;122229;56372;14.2;6.6
04;2021-05-18;3603;1749;125832;58121;14.6;6.8
04;2021-05-19;4496;2201;130328;60322;15.2;7.0
04;2021-05-20;4882;2653;135210;62975;15.7;7.3
04;2021-05-21;4708;2516;139918;65491;16.3;7.6
04;2021-05-22;3272;1232;143190;66723;16.7;7.8
04;2021-05-23;4;3;143194;66726;16.7;7.8
04;2021-05-24;3560;1070;146754;67796;17.1;7.9
04;2021-05-25;4093;1858;150847;69654;17.5;8.1
04;2021-05-26;4675;2788;155522;72442;18.1;8.4
04;2021-05-27;4362;3876;159884;76318;18.6;8.9
04;2021-05-28;4142;3615;164026;79933;19.1;9.3
04;2021-05-29;2455;2417;166481;82350;19.4;9.6
04;2021-05-30;6;14;166487;82364;19.4;9.6
04;2021-05-31;2313;2214;168800;84578;19.6;9.8
04;2021-06-01;3177;2655;171977;87233;20.0;10.1
04;2021-06-02;3690;3219;175667;90452;20.4;10.5
04;2021-06-03;3796;3375;179463;93827;20.9;10.9
04;2021-06-04;3567;3580;183030;97407;21.3;11.3
04;2021-06-05;2091;1888;185121;99295;21.5;11.5
04;2021-06-06;1059;128;186180;99423;21.6;11.6
04;2021-06-07;1973;2529;188153;101952;21.9;11.9
05;2020-12-27;0;0;0;0;0.0;0.0
05;2020-12-28;0;0;0;0;0.0;0.0
05;2020-12-29;0;0;0;0;0.0;0.0
05;2020-12-30;0;0;0;0;0.0;0.0
05;2020-12-31;0;0;0;0;0.0;0.0
05;2021-01-01;0;0;0;0;0.0;0.0
05;2021-01-02;0;0;0;0;0.0;0.0
05;2021-01-03;0;0;0;0;0.0;0.0
05;2021-01-04;0;0;0;0;0.0;0.0
05;2021-01-05;0;0;0;0;0.0;0.0
05;2021-01-06;0;0;0;0;0.0;0.0
05;2021-01-07;0;0;0;0;0.0;0.0
05;2021-01-08;0;0;0;0;0.0;0.0
05;2021-01-09;0;0;0;0;0.0;0.0
05;2021-01-10;0;0;0;0;0.0;0.0
05;2021-01-11;0;0;0;0;0.0;0.0
05;2021-01-12;0;0;0;0;0.0;0.0
05;2021-01-13;0;0;0;0;0.0;0.0
05;2021-01-14;0;0;0;0;0.0;0.0
05;2021-01-15;0;0;0;0;0.0;0.0
05;2021-01-16;0;0;0;0;0.0;0.0
05;2021-01-17;0;0;0;0;0.0;0.0
05;2021-01-18;0;0;0;0;0.0;0.0
05;2021-01-19;0;0;0;0;0.0;0.0
05;2021-01-20;0;0;0;0;0.0;0.0
05;2021-01-21;0;0;0;0;0.0;0.0
05;2021-01-22;0;0;0;0;0.0;0.0
05;2021-01-23;0;0;0;0;0.0;0.0
05;2021-01-24;0;0;0;0;0.0;0.0
05;2021-01-25;0;0;0;0;0.0;0.0
05;2021-01-26;0;0;0;0;0.0;0.0
05;2021-01-27;0;0;0;0;0.0;0.0
05;2021-01-28;0;0;0;0;0.0;0.0
05;2021-01-29;0;0;0;0;0.0;0.0
05;2021-01-30;0;0;0;0;0.0;0.0
05;2021-01-31;0;0;0;0;0.0;0.0
05;2021-02-01;0;0;0;0;0.0;0.0
05;2021-02-02;0;0;0;0;0.0;0.0
05;2021-02-03;0;0;0;0;0.0;0.0
05;2021-02-04;0;0;0;0;0.0;0.0
05;2021-02-05;0;0;0;0;0.0;0.0
05;2021-02-06;0;0;0;0;0.0;0.0
05;2021-02-07;0;0;0;0;0.0;0.0
05;2021-02-08;0;0;0;0;0.0;0.0
05;2021-02-09;0;0;0;0;0.0;0.0
05;2021-02-10;0;0;0;0;0.0;0.0
05;2021-02-11;0;0;0;0;0.0;0.0
05;2021-02-12;0;0;0;0;0.0;0.0
05;2021-02-13;0;0;0;0;0.0;0.0
05;2021-02-14;0;0;0;0;0.0;0.0
05;2021-02-15;0;0;0;0;0.0;0.0
05;2021-02-16;0;0;0;0;0.0;0.0
05;2021-02-17;0;0;0;0;0.0;0.0
05;2021-02-18;0;0;0;0;0.0;0.0
05;2021-02-19;0;0;0;0;0.0;0.0
05;2021-02-20;0;0;0;0;0.0;0.0
05;2021-02-21;0;0;0;0;0.0;0.0
05;2021-02-22;0;0;0;0;0.0;0.0
05;2021-02-23;0;0;0;0;0.0;0.0
05;2021-02-24;0;0;0;0;0.0;0.0
05;2021-02-25;0;0;0;0;0.0;0.0
05;2021-02-26;0;0;0;0;0.0;0.0
05;2021-02-27;0;0;0;0;0.0;0.0
05;2021-02-28;0;0;0;0;0.0;0.0
05;2021-03-01;0;0;0;0;0.0;0.0
05;2021-03-02;0;0;0;0;0.0;0.0
05;2021-03-03;0;0;0;0;0.0;0.0
05;2021-03-04;0;0;0;0;0.0;0.0
05;2021-03-05;0;0;0;0;0.0;0.0
05;2021-03-06;0;0;0;0;0.0;0.0
05;2021-03-07;0;0;0;0;0.0;0.0
05;2021-03-08;0;0;0;0;0.0;0.0
05;2021-03-09;0;0;0;0;0.0;0.0
05;2021-03-10;0;0;0;0;0.0;0.0
05;2021-03-11;0;0;0;0;0.0;0.0
05;2021-03-12;0;0;0;0;0.0;0.0
05;2021-03-13;0;0;0;0;0.0;0.0
05;2021-03-14;0;0;0;0;0.0;0.0
05;2021-03-15;0;0;0;0;0.0;0.0
05;2021-03-16;0;0;0;0;0.0;0.0
05;2021-03-17;0;0;0;0;0.0;0.0
05;2021-03-18;0;0;0;0;0.0;0.0
05;2021-03-19;0;0;0;0;0.0;0.0
05;2021-03-20;0;0;0;0;0.0;0.0
05;2021-03-21;0;0;0;0;0.0;0.0
05;2021-03-22;0;0;0;0;0.0;0.0
05;2021-03-23;0;0;0;0;0.0;0.0
05;2021-03-24;0;0;0;0;0.0;0.0
05;2021-03-25;0;0;0;0;0.0;0.0
05;2021-03-26;0;0;0;0;0.0;0.0
05;2021-03-27;0;0;0;0;0.0;0.0
05;2021-03-28;0;0;0;0;0.0;0.0
05;2021-03-29;0;0;0;0;0.0;0.0
05;2021-03-30;0;0;0;0;0.0;0.0
05;2021-03-31;0;0;0;0;0.0;0.0
05;2021-04-01;0;0;0;0;0.0;0.0
05;2021-04-02;0;0;0;0;0.0;0.0
05;2021-04-03;0;0;0;0;0.0;0.0
05;2021-04-04;0;0;0;0;0.0;0.0
05;2021-04-05;0;0;0;0;0.0;0.0
05;2021-04-06;0;0;0;0;0.0;0.0
05;2021-04-07;0;0;0;0;0.0;0.0
05;2021-04-08;1;0;1;0;0.0;0.0
05;2021-04-09;0;0;1;0;0.0;0.0
05;2021-04-10;0;0;1;0;0.0;0.0
05;2021-04-11;0;0;1;0;0.0;0.0
05;2021-04-12;0;0;1;0;0.0;0.0
05;2021-04-13;0;0;1;0;0.0;0.0
05;2021-04-14;0;0;1;0;0.0;0.0
05;2021-04-15;0;0;1;0;0.0;0.0
05;2021-04-16;0;0;1;0;0.0;0.0
05;2021-04-17;0;0;1;0;0.0;0.0
05;2021-04-18;0;0;1;0;0.0;0.0
05;2021-04-19;0;0;1;0;0.0;0.0
05;2021-04-20;0;0;1;0;0.0;0.0
05;2021-04-21;0;0;1;0;0.0;0.0
05;2021-04-22;0;0;1;0;0.0;0.0
05;2021-04-23;0;0;1;0;0.0;0.0
05;2021-04-24;0;0;1;0;0.0;0.0
05;2021-04-25;0;0;1;0;0.0;0.0
05;2021-04-26;0;0;1;0;0.0;0.0
05;2021-04-27;0;0;1;0;0.0;0.0
05;2021-04-28;0;0;1;0;0.0;0.0
05;2021-04-29;0;0;1;0;0.0;0.0
05;2021-04-30;0;0;1;0;0.0;0.0
05;2021-05-01;0;0;1;0;0.0;0.0
05;2021-05-02;0;0;1;0;0.0;0.0
05;2021-05-03;0;0;1;0;0.0;0.0
05;2021-05-04;0;0;1;0;0.0;0.0
05;2021-05-05;0;0;1;0;0.0;0.0
05;2021-05-06;0;0;1;0;0.0;0.0
05;2021-05-07;0;0;1;0;0.0;0.0
05;2021-05-08;0;0;1;0;0.0;0.0
05;2021-05-09;0;0;1;0;0.0;0.0
05;2021-05-10;0;0;1;0;0.0;0.0
05;2021-05-11;0;0;1;0;0.0;0.0
05;2021-05-12;0;0;1;0;0.0;0.0
05;2021-05-13;0;0;1;0;0.0;0.0
05;2021-05-14;0;0;1;0;0.0;0.0
05;2021-05-15;0;0;1;0;0.0;0.0
05;2021-05-16;0;0;1;0;0.0;0.0
05;2021-05-17;0;0;1;0;0.0;0.0
05;2021-05-18;0;0;1;0;0.0;0.0
05;2021-05-19;0;0;1;0;0.0;0.0
05;2021-05-20;0;0;1;0;0.0;0.0
05;2021-05-21;0;0;1;0;0.0;0.0
05;2021-05-22;0;0;1;0;0.0;0.0
05;2021-05-23;0;0;1;0;0.0;0.0
05;2021-05-24;0;0;1;0;0.0;0.0
05;2021-05-25;0;0;1;0;0.0;0.0
05;2021-05-26;0;0;1;0;0.0;0.0
05;2021-05-27;0;0;1;0;0.0;0.0
05;2021-05-28;0;0;1;0;0.0;0.0
05;2021-05-29;0;0;1;0;0.0;0.0
05;2021-05-30;0;0;1;0;0.0;0.0
05;2021-05-31;0;0;1;0;0.0;0.0
05;2021-06-01;0;0;1;0;0.0;0.0
05;2021-06-02;0;0;1;0;0.0;0.0
05;2021-06-03;0;0;1;0;0.0;0.0
05;2021-06-04;0;0;1;0;0.0;0.0
05;2021-06-05;0;0;1;0;0.0;0.0
05;2021-06-06;0;0;1;0;0.0;0.0
05;2021-06-07;0;0;1;0;0.0;0.0
06;2020-12-27;0;0;0;0;0.0;0.0
06;2020-12-28;0;0;0;0;0.0;0.0
06;2020-12-29;0;0;0;0;0.0;0.0
06;2020-12-30;0;0;0;0;0.0;0.0
06;2020-12-31;0;0;0;0;0.0;0.0
06;2021-01-01;0;0;0;0;0.0;0.0
06;2021-01-02;0;0;0;0;0.0;0.0
06;2021-01-03;0;0;0;0;0.0;0.0
06;2021-01-04;0;0;0;0;0.0;0.0
06;2021-01-05;0;0;0;0;0.0;0.0
06;2021-01-06;0;0;0;0;0.0;0.0
06;2021-01-07;0;0;0;0;0.0;0.0
06;2021-01-08;0;0;0;0;0.0;0.0
06;2021-01-09;0;0;0;0;0.0;0.0
06;2021-01-10;0;0;0;0;0.0;0.0
06;2021-01-11;9;0;9;0;0.0;0.0
06;2021-01-12;0;0;9;0;0.0;0.0
06;2021-01-13;0;0;9;0;0.0;0.0
06;2021-01-14;0;0;9;0;0.0;0.0
06;2021-01-15;1;0;10;0;0.0;0.0
06;2021-01-16;1;0;11;0;0.0;0.0
06;2021-01-17;0;0;11;0;0.0;0.0
06;2021-01-18;0;0;11;0;0.0;0.0
06;2021-01-19;0;0;11;0;0.0;0.0
06;2021-01-20;0;0;11;0;0.0;0.0
06;2021-01-21;0;0;11;0;0.0;0.0
06;2021-01-22;0;0;11;0;0.0;0.0
06;2021-01-23;1;0;12;0;0.0;0.0
06;2021-01-24;0;0;12;0;0.0;0.0
06;2021-01-25;140;1;152;1;0.1;0.0
06;2021-01-26;165;2;317;3;0.1;0.0
06;2021-01-27;250;1;567;4;0.2;0.0
06;2021-01-28;102;5;669;9;0.2;0.0
06;2021-01-29;230;2;899;11;0.3;0.0
06;2021-01-30;285;4;1184;15;0.4;0.0
06;2021-01-31;1;0;1185;15;0.4;0.0
06;2021-02-01;103;0;1288;15;0.5;0.0
06;2021-02-02;328;3;1616;18;0.6;0.0
06;2021-02-03;214;1;1830;19;0.7;0.0
06;2021-02-04;213;5;2043;24;0.7;0.0
06;2021-02-05;211;1;2254;25;0.8;0.0
06;2021-02-06;83;10;2337;35;0.8;0.0
06;2021-02-07;0;0;2337;35;0.8;0.0
06;2021-02-08;81;3;2418;38;0.9;0.0
06;2021-02-09;160;0;2578;38;0.9;0.0
06;2021-02-10;152;1;2730;39;1.0;0.0
06;2021-02-11;224;1;2954;40;1.1;0.0
06;2021-02-12;269;4;3223;44;1.2;0.0
06;2021-02-13;56;0;3279;44;1.2;0.0
06;2021-02-14;1;0;3280;44;1.2;0.0
06;2021-02-15;272;1;3552;45;1.3;0.0
06;2021-02-16;252;5;3804;50;1.4;0.0
06;2021-02-17;166;1;3970;51;1.4;0.0
06;2021-02-18;213;11;4183;62;1.5;0.0
06;2021-02-19;235;21;4418;83;1.6;0.0
06;2021-02-20;138;6;4556;89;1.6;0.0
06;2021-02-21;0;0;4556;89;1.6;0.0
06;2021-02-22;131;119;4687;208;1.7;0.1
06;2021-02-23;186;151;4873;359;1.7;0.1
06;2021-02-24;175;142;5048;501;1.8;0.2
06;2021-02-25;202;225;5250;726;1.9;0.3
06;2021-02-26;238;257;5488;983;2.0;0.4
06;2021-02-27;0;0;5488;983;2.0;0.4
06;2021-02-28;0;0;5488;983;2.0;0.4
06;2021-03-01;137;258;5625;1241;2.0;0.4
06;2021-03-02;206;255;5831;1496;2.1;0.5
06;2021-03-03;163;125;5994;1621;2.1;0.6
06;2021-03-04;177;91;6171;1712;2.2;0.6
06;2021-03-05;105;67;6276;1779;2.2;0.6
06;2021-03-06;1;0;6277;1779;2.2;0.6
06;2021-03-07;0;0;6277;1779;2.2;0.6
06;2021-03-08;125;62;6402;1841;2.3;0.7
06;2021-03-09;328;38;6730;1879;2.4;0.7
06;2021-03-10;109;125;6839;2004;2.4;0.7
06;2021-03-11;107;73;6946;2077;2.5;0.7
06;2021-03-12;170;92;7116;2169;2.5;0.8
06;2021-03-13;1;0;7117;2169;2.5;0.8
06;2021-03-14;0;0;7117;2169;2.5;0.8
06;2021-03-15;142;274;7259;2443;2.6;0.9
06;2021-03-16;211;171;7470;2614;2.7;0.9
06;2021-03-17;234;90;7704;2704;2.8;1.0
06;2021-03-18;166;196;7870;2900;2.8;1.0
06;2021-03-19;147;246;8017;3146;2.9;1.1
06;2021-03-20;0;0;8017;3146;2.9;1.1
06;2021-03-21;0;0;8017;3146;2.9;1.1
06;2021-03-22;97;135;8114;3281;2.9;1.2
06;2021-03-23;136;240;8250;3521;3.0;1.3
06;2021-03-24;160;146;8410;3667;3.0;1.3
06;2021-03-25;182;205;8592;3872;3.1;1.4
06;2021-03-26;128;151;8720;4023;3.1;1.4
06;2021-03-27;18;0;8738;4023;3.1;1.4
06;2021-03-28;0;0;8738;4023;3.1;1.4
06;2021-03-29;0;2;8738;4025;3.1;1.4
06;2021-03-30;272;326;9010;4351;3.2;1.6
06;2021-03-31;224;125;9234;4476;3.3;1.6
06;2021-04-01;243;105;9477;4581;3.4;1.6
06;2021-04-02;215;185;9692;4766;3.5;1.7
06;2021-04-03;674;217;10366;4983;3.7;1.8
06;2021-04-04;1;0;10367;4983;3.7;1.8
06;2021-04-05;1;0;10368;4983;3.7;1.8
06;2021-04-06;130;216;10498;5199;3.8;1.9
06;2021-04-07;176;214;10674;5413;3.8;1.9
06;2021-04-08;240;131;10914;5544;3.9;2.0
06;2021-04-09;245;168;11159;5712;4.0;2.0
06;2021-04-10;107;58;11266;5770;4.0;2.1
06;2021-04-11;7;0;11273;5770;4.0;2.1
06;2021-04-12;0;19;11273;5789;4.0;2.1
06;2021-04-13;239;219;11512;6008;4.1;2.1
06;2021-04-14;135;143;11647;6151;4.2;2.2
06;2021-04-15;104;61;11751;6212;4.2;2.2
06;2021-04-16;101;69;11852;6281;4.2;2.2
06;2021-04-17;53;51;11905;6332;4.3;2.3
06;2021-04-18;0;0;11905;6332;4.3;2.3
06;2021-04-19;5;1;11910;6333;4.3;2.3
06;2021-04-20;302;148;12212;6481;4.4;2.3
06;2021-04-21;323;97;12535;6578;4.5;2.4
06;2021-04-22;384;131;12919;6709;4.6;2.4
06;2021-04-23;264;137;13183;6846;4.7;2.4
06;2021-04-24;284;50;13467;6896;4.8;2.5
06;2021-04-25;2;0;13469;6896;4.8;2.5
06;2021-04-26;54;8;13523;6904;4.8;2.5
06;2021-04-27;289;225;13812;7129;4.9;2.6
06;2021-04-28;329;473;14141;7602;5.1;2.7
06;2021-04-29;555;342;14696;7944;5.3;2.8
06;2021-04-30;400;238;15096;8182;5.4;2.9
06;2021-05-01;668;285;15764;8467;5.6;3.0
06;2021-05-02;0;0;15764;8467;5.6;3.0
06;2021-05-03;134;6;15898;8473;5.7;3.0
06;2021-05-04;332;426;16230;8899;5.8;3.2
06;2021-05-05;406;286;16636;9185;6.0;3.3
06;2021-05-06;318;199;16954;9384;6.1;3.4
06;2021-05-07;295;126;17249;9510;6.2;3.4
06;2021-05-08;242;110;17491;9620;6.3;3.4
06;2021-05-09;0;0;17491;9620;6.3;3.4
06;2021-05-10;7;9;17498;9629;6.3;3.4
06;2021-05-11;294;417;17792;10046;6.4;3.6
06;2021-05-12;195;228;17987;10274;6.4;3.7
06;2021-05-13;91;79;18078;10353;6.5;3.7
06;2021-05-14;0;0;18078;10353;6.5;3.7
06;2021-05-15;355;233;18433;10586;6.6;3.8
06;2021-05-16;0;0;18433;10586;6.6;3.8
06;2021-05-17;78;37;18511;10623;6.6;3.8
06;2021-05-18;234;163;18745;10786;6.7;3.9
06;2021-05-19;404;442;19149;11228;6.9;4.0
06;2021-05-20;673;306;19822;11534;7.1;4.1
06;2021-05-21;441;141;20263;11675;7.3;4.2
06;2021-05-22;737;170;21000;11845;7.5;4.2
06;2021-05-23;0;0;21000;11845;7.5;4.2
06;2021-05-24;1;0;21001;11845;7.5;4.2
06;2021-05-25;849;620;21850;12465;7.8;4.5
06;2021-05-26;1021;840;22871;13305;8.2;4.8
06;2021-05-27;1287;505;24158;13810;8.6;4.9
06;2021-05-28;935;369;25093;14179;9.0;5.1
06;2021-05-29;1110;388;26203;14567;9.4;5.2
06;2021-05-30;0;1;26203;14568;9.4;5.2
06;2021-05-31;98;6;26301;14574;9.4;5.2
06;2021-06-01;1123;646;27424;15220;9.8;5.4
06;2021-06-02;888;453;28312;15673;10.1;5.6
06;2021-06-03;760;325;29072;15998;10.4;5.7
06;2021-06-04;870;317;29942;16315;10.7;5.8
06;2021-06-05;467;223;30409;16538;10.9;5.9
06;2021-06-06;0;0;30409;16538;10.9;5.9
06;2021-06-07;10;7;30419;16545;10.9;5.9
07;2020-12-27;0;0;0;0;0.0;0.0
07;2020-12-28;0;0;0;0;0.0;0.0
07;2020-12-29;0;0;0;0;0.0;0.0
07;2020-12-30;0;0;0;0;0.0;0.0
07;2020-12-31;0;0;0;0;0.0;0.0
07;2021-01-01;0;0;0;0;0.0;0.0
07;2021-01-02;0;0;0;0;0.0;0.0
07;2021-01-03;0;0;0;0;0.0;0.0
07;2021-01-04;0;0;0;0;0.0;0.0
07;2021-01-05;0;0;0;0;0.0;0.0
07;2021-01-06;0;0;0;0;0.0;0.0
07;2021-01-07;0;0;0;0;0.0;0.0
07;2021-01-08;0;0;0;0;0.0;0.0
07;2021-01-09;0;0;0;0;0.0;0.0
07;2021-01-10;0;0;0;0;0.0;0.0
07;2021-01-11;1;0;1;0;0.0;0.0
07;2021-01-12;1;0;2;0;0.0;0.0
07;2021-01-13;0;0;2;0;0.0;0.0
07;2021-01-14;0;0;2;0;0.0;0.0
07;2021-01-15;1;0;3;0;0.0;0.0
07;2021-01-16;0;0;3;0;0.0;0.0
07;2021-01-17;0;0;3;0;0.0;0.0
07;2021-01-18;1;0;4;0;0.0;0.0
07;2021-01-19;1;0;5;0;0.1;0.0
07;2021-01-20;0;0;5;0;0.1;0.0
07;2021-01-21;2;0;7;0;0.1;0.0
07;2021-01-22;0;0;7;0;0.1;0.0
07;2021-01-23;0;0;7;0;0.1;0.0
07;2021-01-24;0;0;7;0;0.1;0.0
07;2021-01-25;1;0;8;0;0.1;0.0
07;2021-01-26;0;0;8;0;0.1;0.0
07;2021-01-27;0;0;8;0;0.1;0.0
07;2021-01-28;2;0;10;0;0.1;0.0
07;2021-01-29;0;0;10;0;0.1;0.0
07;2021-01-30;0;0;10;0;0.1;0.0
07;2021-01-31;0;0;10;0;0.1;0.0
07;2021-02-01;0;0;10;0;0.1;0.0
07;2021-02-02;0;0;10;0;0.1;0.0
07;2021-02-03;7;0;17;0;0.2;0.0
07;2021-02-04;12;0;29;0;0.3;0.0
07;2021-02-05;11;1;40;1;0.4;0.0
07;2021-02-06;0;1;40;2;0.4;0.0
07;2021-02-07;0;0;40;2;0.4;0.0
07;2021-02-08;11;0;51;2;0.5;0.0
07;2021-02-09;26;0;77;2;0.8;0.0
07;2021-02-10;18;0;95;2;1.0;0.0
07;2021-02-11;31;0;126;2;1.3;0.0
07;2021-02-12;21;0;147;2;1.5;0.0
07;2021-02-13;0;0;147;2;1.5;0.0
07;2021-02-14;0;0;147;2;1.5;0.0
07;2021-02-15;0;0;147;2;1.5;0.0
07;2021-02-16;1;0;148;2;1.5;0.0
07;2021-02-17;0;1;148;3;1.5;0.0
07;2021-02-18;19;0;167;3;1.7;0.0
07;2021-02-19;23;1;190;4;1.9;0.0
07;2021-02-20;0;1;190;5;1.9;0.1
07;2021-02-21;0;0;190;5;1.9;0.1
07;2021-02-22;0;0;190;5;1.9;0.1
07;2021-02-23;0;0;190;5;1.9;0.1
07;2021-02-24;20;0;210;5;2.1;0.1
07;2021-02-25;15;10;225;15;2.3;0.2
07;2021-02-26;20;10;245;25;2.5;0.3
07;2021-02-27;0;0;245;25;2.5;0.3
07;2021-02-28;0;0;245;25;2.5;0.3
07;2021-03-01;0;0;245;25;2.5;0.3
07;2021-03-02;17;13;262;38;2.6;0.4
07;2021-03-03;0;0;262;38;2.6;0.4
07;2021-03-04;24;20;286;58;2.9;0.6
07;2021-03-05;19;9;305;67;3.1;0.7
07;2021-03-06;0;0;305;67;3.1;0.7
07;2021-03-07;0;0;305;67;3.1;0.7
07;2021-03-08;1;0;306;67;3.1;0.7
07;2021-03-09;1;0;307;67;3.1;0.7
07;2021-03-10;0;0;307;67;3.1;0.7
07;2021-03-11;16;16;323;83;3.2;0.8
07;2021-03-12;30;21;353;104;3.5;1.0
07;2021-03-13;0;0;353;104;3.5;1.0
07;2021-03-14;8;0;361;104;3.6;1.0
07;2021-03-15;1;0;362;104;3.6;1.0
07;2021-03-16;30;9;392;113;3.9;1.1
07;2021-03-17;0;3;392;116;3.9;1.2
07;2021-03-18;29;16;421;132;4.2;1.3
07;2021-03-19;26;18;447;150;4.5;1.5
07;2021-03-20;0;2;447;152;4.5;1.5
07;2021-03-21;8;0;455;152;4.6;1.5
07;2021-03-22;0;0;455;152;4.6;1.5
07;2021-03-23;0;0;455;152;4.6;1.5
07;2021-03-24;0;0;455;152;4.6;1.5
07;2021-03-25;81;24;536;176;5.4;1.8
07;2021-03-26;50;15;586;191;5.9;1.9
07;2021-03-27;0;0;586;191;5.9;1.9
07;2021-03-28;0;0;586;191;5.9;1.9
07;2021-03-29;0;0;586;191;5.9;1.9
07;2021-03-30;40;17;626;208;6.3;2.1
07;2021-03-31;7;0;633;208;6.4;2.1
07;2021-04-01;60;32;693;240;7.0;2.4
07;2021-04-02;7;0;700;240;7.0;2.4
07;2021-04-03;14;0;714;240;7.2;2.4
07;2021-04-04;0;0;714;240;7.2;2.4
07;2021-04-05;0;0;714;240;7.2;2.4
07;2021-04-06;1;0;715;240;7.2;2.4
07;2021-04-07;53;0;768;240;7.7;2.4
07;2021-04-08;102;30;870;270;8.7;2.7
07;2021-04-09;92;21;962;291;9.7;2.9
07;2021-04-10;7;0;969;291;9.7;2.9
07;2021-04-11;0;0;969;291;9.7;2.9
07;2021-04-12;0;0;969;291;9.7;2.9
07;2021-04-13;0;0;969;291;9.7;2.9
07;2021-04-14;61;3;1030;294;10.3;3.0
07;2021-04-15;213;62;1243;356;12.5;3.6
07;2021-04-16;152;27;1395;383;14.0;3.8
07;2021-04-17;15;1;1410;384;14.2;3.9
07;2021-04-18;0;0;1410;384;14.2;3.9
07;2021-04-19;4;0;1414;384;14.2;3.9
07;2021-04-20;317;46;1731;430;17.4;4.3
07;2021-04-21;422;29;2153;459;21.6;4.6
07;2021-04-22;468;49;2621;508;26.3;5.1
07;2021-04-23;335;41;2956;549;29.7;5.5
07;2021-04-24;252;1;3208;550;32.2;5.5
07;2021-04-25;0;0;3208;550;32.2;5.5
07;2021-04-26;296;20;3504;570;35.2;5.7
07;2021-04-27;204;52;3708;622;37.2;6.2
07;2021-04-28;327;29;4035;651;40.5;6.5
07;2021-04-29;413;70;4448;721;44.7;7.2
07;2021-04-30;376;31;4824;752;48.4;7.5
07;2021-05-01;207;19;5031;771;50.5;7.7
07;2021-05-02;0;0;5031;771;50.5;7.7
07;2021-05-03;134;9;5165;780;51.9;7.8
07;2021-05-04;172;35;5337;815;53.6;8.2
07;2021-05-05;358;56;5695;871;57.2;8.7
07;2021-05-06;463;128;6158;999;61.8;10.0
07;2021-05-07;319;101;6477;1100;65.0;11.0
07;2021-05-08;0;0;6477;1100;65.0;11.0
07;2021-05-09;0;2;6477;1102;65.0;11.1
07;2021-05-10;0;0;6477;1102;65.0;11.1
07;2021-05-11;33;41;6510;1143;65.4;11.5
07;2021-05-12;193;99;6703;1242;67.3;12.5
07;2021-05-13;0;0;6703;1242;67.3;12.5
07;2021-05-14;275;194;6978;1436;70.1;14.4
07;2021-05-15;66;38;7044;1474;70.7;14.8
07;2021-05-16;0;0;7044;1474;70.7;14.8
07;2021-05-17;6;17;7050;1491;70.8;15.0
07;2021-05-18;80;54;7130;1545;71.6;15.5
07;2021-05-19;133;123;7263;1668;72.9;16.7
07;2021-05-20;212;148;7475;1816;75.0;18.2
07;2021-05-21;268;159;7743;1975;77.7;19.8
07;2021-05-22;45;19;7788;1994;78.2;20.0
07;2021-05-23;0;1;7788;1995;78.2;20.0
07;2021-05-24;5;5;7793;2000;78.2;20.1
07;2021-05-25;142;388;7935;2388;79.7;24.0
07;2021-05-26;234;520;8169;2908;82.0;29.2
07;2021-05-27;238;516;8407;3424;84.4;34.4
07;2021-05-28;239;465;8646;3889;86.8;39.0
07;2021-05-29;108;417;8754;4306;87.9;43.2
07;2021-05-30;0;1;8754;4307;87.9;43.2
07;2021-05-31;70;252;8824;4559;88.6;45.8
07;2021-06-01;126;289;8950;4848;89.9;48.7
07;2021-06-02;264;396;9214;5244;92.5;52.6
07;2021-06-03;238;531;9452;5775;94.9;58.0
07;2021-06-04;297;479;9749;6254;97.9;62.8
07;2021-06-05;75;31;9824;6285;98.6;63.1
07;2021-06-06;1;2;9825;6287;98.6;63.1
07;2021-06-07;0;1;9825;6288;98.6;63.1
08;2020-12-27;0;0;0;0;0.0;0.0
08;2020-12-28;0;0;0;0;0.0;0.0
08;2020-12-29;0;0;0;0;0.0;0.0
08;2020-12-30;0;0;0;0;0.0;0.0
08;2020-12-31;0;0;0;0;0.0;0.0
08;2021-01-01;0;0;0;0;0.0;0.0
08;2021-01-02;0;0;0;0;0.0;0.0
08;2021-01-03;0;0;0;0;0.0;0.0
08;2021-01-04;0;0;0;0;0.0;0.0
08;2021-01-05;0;0;0;0;0.0;0.0
08;2021-01-06;0;0;0;0;0.0;0.0
08;2021-01-07;0;0;0;0;0.0;0.0
08;2021-01-08;0;0;0;0;0.0;0.0
08;2021-01-09;0;0;0;0;0.0;0.0
08;2021-01-10;0;0;0;0;0.0;0.0
08;2021-01-11;0;0;0;0;0.0;0.0
08;2021-01-12;0;0;0;0;0.0;0.0
08;2021-01-13;0;0;0;0;0.0;0.0
08;2021-01-14;1;0;1;0;0.0;0.0
08;2021-01-15;0;0;1;0;0.0;0.0
08;2021-01-16;0;0;1;0;0.0;0.0
08;2021-01-17;0;0;1;0;0.0;0.0
08;2021-01-18;0;0;1;0;0.0;0.0
08;2021-01-19;0;0;1;0;0.0;0.0
08;2021-01-20;0;0;1;0;0.0;0.0
08;2021-01-21;0;0;1;0;0.0;0.0
08;2021-01-22;0;0;1;0;0.0;0.0
08;2021-01-23;0;0;1;0;0.0;0.0
08;2021-01-24;0;0;1;0;0.0;0.0
08;2021-01-25;0;0;1;0;0.0;0.0
08;2021-01-26;0;0;1;0;0.0;0.0
08;2021-01-27;0;0;1;0;0.0;0.0
08;2021-01-28;0;0;1;0;0.0;0.0
08;2021-01-29;0;0;1;0;0.0;0.0
08;2021-01-30;0;0;1;0;0.0;0.0
08;2021-01-31;0;0;1;0;0.0;0.0
08;2021-02-01;0;0;1;0;0.0;0.0
08;2021-02-02;4;0;5;0;0.0;0.0
08;2021-02-03;0;0;5;0;0.0;0.0
08;2021-02-04;27;0;32;0;0.1;0.0
08;2021-02-05;0;0;32;0;0.1;0.0
08;2021-02-06;0;0;32;0;0.1;0.0
08;2021-02-07;0;0;32;0;0.1;0.0
08;2021-02-08;0;0;32;0;0.1;0.0
08;2021-02-09;4;0;36;0;0.1;0.0
08;2021-02-10;3;0;39;0;0.1;0.0
08;2021-02-11;0;0;39;0;0.1;0.0
08;2021-02-12;1;0;40;0;0.1;0.0
08;2021-02-13;0;0;40;0;0.1;0.0
08;2021-02-14;0;0;40;0;0.1;0.0
08;2021-02-15;6;0;46;0;0.1;0.0
08;2021-02-16;0;0;46;0;0.1;0.0
08;2021-02-17;0;0;46;0;0.1;0.0
08;2021-02-18;0;0;46;0;0.1;0.0
08;2021-02-19;4;0;50;0;0.1;0.0
08;2021-02-20;0;0;50;0;0.1;0.0
08;2021-02-21;0;0;50;0;0.1;0.0
08;2021-02-22;4;0;54;0;0.2;0.0
08;2021-02-23;5;0;59;0;0.2;0.0
08;2021-02-24;33;0;92;0;0.3;0.0
08;2021-02-25;51;1;143;1;0.4;0.0
08;2021-02-26;36;3;179;4;0.5;0.0
08;2021-02-27;0;0;179;4;0.5;0.0
08;2021-02-28;0;0;179;4;0.5;0.0
08;2021-03-01;48;5;227;9;0.6;0.0
08;2021-03-02;6;27;233;36;0.7;0.1
08;2021-03-03;38;27;271;63;0.8;0.2
08;2021-03-04;30;26;301;89;0.9;0.3
08;2021-03-05;46;10;347;99;1.0;0.3
08;2021-03-06;0;0;347;99;1.0;0.3
08;2021-03-07;0;0;347;99;1.0;0.3
08;2021-03-08;29;7;376;106;1.1;0.3
08;2021-03-09;19;27;395;133;1.1;0.4
08;2021-03-10;21;28;416;161;1.2;0.5
08;2021-03-11;0;0;416;161;1.2;0.5
08;2021-03-12;50;21;466;182;1.3;0.5
08;2021-03-13;0;0;466;182;1.3;0.5
08;2021-03-14;0;0;466;182;1.3;0.5
08;2021-03-15;31;43;497;225;1.4;0.6
08;2021-03-16;73;6;570;231;1.6;0.7
08;2021-03-17;67;13;637;244;1.8;0.7
08;2021-03-18;57;23;694;267;2.0;0.8
08;2021-03-19;30;51;724;318;2.0;0.9
08;2021-03-20;0;0;724;318;2.0;0.9
08;2021-03-21;0;0;724;318;2.0;0.9
08;2021-03-22;33;45;757;363;2.1;1.0
08;2021-03-23;32;45;789;408;2.2;1.2
08;2021-03-24;38;42;827;450;2.3;1.3
08;2021-03-25;44;33;871;483;2.5;1.4
08;2021-03-26;44;33;915;516;2.6;1.5
08;2021-03-27;0;0;915;516;2.6;1.5
08;2021-03-28;0;0;915;516;2.6;1.5
08;2021-03-29;61;49;976;565;2.8;1.6
08;2021-03-30;93;24;1069;589;3.0;1.7
08;2021-03-31;73;46;1142;635;3.2;1.8
08;2021-04-01;55;48;1197;683;3.4;1.9
08;2021-04-02;0;0;1197;683;3.4;1.9
08;2021-04-03;0;0;1197;683;3.4;1.9
08;2021-04-04;0;0;1197;683;3.4;1.9
08;2021-04-05;0;0;1197;683;3.4;1.9
08;2021-04-06;49;63;1246;746;3.5;2.1
08;2021-04-07;91;32;1337;778;3.8;2.2
08;2021-04-08;120;8;1457;786;4.1;2.2
08;2021-04-09;89;39;1546;825;4.4;2.3
08;2021-04-10;94;3;1640;828;4.6;2.3
08;2021-04-11;0;0;1640;828;4.6;2.3
08;2021-04-12;41;76;1681;904;4.8;2.6
08;2021-04-13;46;71;1727;975;4.9;2.8
08;2021-04-14;73;45;1800;1020;5.1;2.9
08;2021-04-15;89;25;1889;1045;5.3;3.0
08;2021-04-16;75;42;1964;1087;5.6;3.1
08;2021-04-17;1;0;1965;1087;5.6;3.1
08;2021-04-18;0;0;1965;1087;5.6;3.1
08;2021-04-19;48;67;2013;1154;5.7;3.3
08;2021-04-20;80;27;2093;1181;5.9;3.3
08;2021-04-21;90;30;2183;1211;6.2;3.4
08;2021-04-22;100;20;2283;1231;6.5;3.5
08;2021-04-23;44;66;2327;1297;6.6;3.7
08;2021-04-24;1;0;2328;1297;6.6;3.7
08;2021-04-25;0;0;2328;1297;6.6;3.7
08;2021-04-26;28;93;2356;1390;6.7;3.9
08;2021-04-27;58;63;2414;1453;6.8;4.1
08;2021-04-28;87;38;2501;1491;7.1;4.2
08;2021-04-29;91;34;2592;1525;7.3;4.3
08;2021-04-30;103;15;2695;1540;7.6;4.4
08;2021-05-01;0;0;2695;1540;7.6;4.4
08;2021-05-02;0;0;2695;1540;7.6;4.4
08;2021-05-03;21;98;2716;1638;7.7;4.6
08;2021-05-04;33;92;2749;1730;7.8;4.9
08;2021-05-05;68;52;2817;1782;8.0;5.0
08;2021-05-06;104;42;2921;1824;8.3;5.2
08;2021-05-07;126;71;3047;1895;8.6;5.4
08;2021-05-08;66;122;3113;2017;8.8;5.7
08;2021-05-09;0;0;3113;2017;8.8;5.7
08;2021-05-10;123;101;3236;2118;9.2;6.0
08;2021-05-11;129;77;3365;2195;9.5;6.2
08;2021-05-12;153;75;3518;2270;10.0;6.4
08;2021-05-13;74;8;3592;2278;10.2;6.4
08;2021-05-14;129;61;3721;2339;10.5;6.6
08;2021-05-15;85;4;3806;2343;10.8;6.6
08;2021-05-16;0;0;3806;2343;10.8;6.6
08;2021-05-17;144;111;3950;2454;11.2;6.9
08;2021-05-18;148;95;4098;2549;11.6;7.2
08;2021-05-19;83;70;4181;2619;11.8;7.4
08;2021-05-20;103;26;4284;2645;12.1;7.5
08;2021-05-21;93;50;4377;2695;12.4;7.6
08;2021-05-22;98;10;4475;2705;12.7;7.7
08;2021-05-23;0;0;4475;2705;12.7;7.7
08;2021-05-24;33;7;4508;2712;12.8;7.7
08;2021-05-25;119;77;4627;2789;13.1;7.9
08;2021-05-26;106;50;4733;2839;13.4;8.0
08;2021-05-27;109;42;4842;2881;13.7;8.2
08;2021-05-28;33;1;4875;2882;13.8;8.2
08;2021-05-29;59;215;4934;3097;14.0;8.8
08;2021-05-30;0;0;4934;3097;14.0;8.8
08;2021-05-31;108;65;5042;3162;14.3;8.9
08;2021-06-01;112;63;5154;3225;14.6;9.1
08;2021-06-02;130;32;5284;3257;15.0;9.2
08;2021-06-03;100;35;5384;3292;15.2;9.3
08;2021-06-04;125;69;5509;3361;15.6;9.5
08;2021-06-05;81;20;5590;3381;15.8;9.6
08;2021-06-06;0;0;5590;3381;15.8;9.6
08;2021-06-07;96;95;5686;3476;16.1;9.8
11;2020-12-27;13;2;13;2;0.0;0.0
11;2020-12-28;11;0;24;2;0.0;0.0
11;2020-12-29;56;0;80;2;0.0;0.0
11;2020-12-30;90;0;170;2;0.0;0.0
11;2020-12-31;39;0;209;2;0.0;0.0
11;2021-01-01;27;1;236;3;0.0;0.0
11;2021-01-02;64;1;300;4;0.0;0.0
11;2021-01-03;78;0;378;4;0.0;0.0
11;2021-01-04;550;5;928;9;0.0;0.0
11;2021-01-05;2057;16;2985;25;0.0;0.0
11;2021-01-06;2996;19;5981;44;0.0;0.0
11;2021-01-07;5360;37;11341;81;0.1;0.0
11;2021-01-08;7084;47;18425;128;0.2;0.0
11;2021-01-09;1875;4;20300;132;0.2;0.0
11;2021-01-10;1738;7;22038;139;0.2;0.0
11;2021-01-11;7947;58;29985;197;0.2;0.0
11;2021-01-12;10279;88;40264;285;0.3;0.0
11;2021-01-13;9950;92;50214;377;0.4;0.0
11;2021-01-14;10036;129;60250;506;0.5;0.0
11;2021-01-15;8862;82;69112;588;0.6;0.0
11;2021-01-16;2381;28;71493;616;0.6;0.0
11;2021-01-17;1082;16;72575;632;0.6;0.0
11;2021-01-18;12177;122;84752;754;0.7;0.0
11;2021-01-19;15756;110;100508;864;0.8;0.0
11;2021-01-20;18309;108;118817;972;1.0;0.0
11;2021-01-21;22177;120;140994;1092;1.1;0.0
11;2021-01-22;16987;150;157981;1242;1.3;0.0
11;2021-01-23;4940;18;162921;1260;1.3;0.0
11;2021-01-24;1272;6;164193;1266;1.3;0.0
11;2021-01-25;8834;184;173027;1450;1.4;0.0
11;2021-01-26;12310;368;185337;1818;1.5;0.0
11;2021-01-27;16226;685;201563;2503;1.6;0.0
11;2021-01-28;20266;1188;221829;3691;1.8;0.0
11;2021-01-29;15362;1363;237191;5054;1.9;0.0
11;2021-01-30;4452;99;241643;5153;2.0;0.0
11;2021-01-31;582;22;242225;5175;2.0;0.0
11;2021-02-01;7363;1955;249588;7130;2.0;0.1
11;2021-02-02;8345;2814;257933;9944;2.1;0.1
11;2021-02-03;8114;3806;266047;13750;2.2;0.1
11;2021-02-04;8769;4584;274816;18334;2.2;0.1
11;2021-02-05;8941;4421;283757;22755;2.3;0.2
11;2021-02-06;3262;748;287019;23503;2.3;0.2
11;2021-02-07;588;541;287607;24044;2.3;0.2
11;2021-02-08;6225;5912;293832;29956;2.4;0.2
11;2021-02-09;8415;9663;302247;39619;2.5;0.3
11;2021-02-10;10011;11157;312258;50776;2.5;0.4
11;2021-02-11;12335;16476;324593;67252;2.6;0.5
11;2021-02-12;11817;10551;336410;77803;2.7;0.6
11;2021-02-13;2690;2578;339100;80381;2.8;0.7
11;2021-02-14;308;558;339408;80939;2.8;0.7
11;2021-02-15;4427;12001;343835;92940;2.8;0.8
11;2021-02-16;5639;18459;349474;111399;2.8;0.9
11;2021-02-17;5724;15585;355198;126984;2.9;1.0
11;2021-02-18;8600;20745;363798;147729;3.0;1.2
11;2021-02-19;9009;15385;372807;163114;3.0;1.3
11;2021-02-20;1686;4840;374493;167954;3.1;1.4
11;2021-02-21;396;832;374889;168786;3.1;1.4
11;2021-02-22;4213;9905;379102;178691;3.1;1.5
11;2021-02-23;4928;10518;384030;189209;3.1;1.5
11;2021-02-24;5382;9857;389412;199066;3.2;1.6
11;2021-02-25;8541;14088;397953;213154;3.2;1.7
11;2021-02-26;11135;10125;409088;223279;3.3;1.8
11;2021-02-27;5098;3348;414186;226627;3.4;1.8
11;2021-02-28;736;657;414922;227284;3.4;1.9
11;2021-03-01;8810;7943;423732;235227;3.5;1.9
11;2021-03-02;14320;9587;438052;244814;3.6;2.0
11;2021-03-03;18511;10015;456563;254829;3.7;2.1
11;2021-03-04;28043;10988;484606;265817;3.9;2.2
11;2021-03-05;36211;10906;520817;276723;4.2;2.3
11;2021-03-06;46302;3370;567119;280093;4.6;2.3
11;2021-03-07;34225;2623;601344;282716;4.9;2.3
11;2021-03-08;17635;7290;618979;290006;5.0;2.4
11;2021-03-09;26698;7586;645677;297592;5.3;2.4
11;2021-03-10;27463;8206;673140;305798;5.5;2.5
11;2021-03-11;36795;9634;709935;315432;5.8;2.6
11;2021-03-12;44593;9169;754528;324601;6.1;2.6
11;2021-03-13;39781;2490;794309;327091;6.5;2.7
11;2021-03-14;14242;739;808551;327830;6.6;2.7
11;2021-03-15;29104;3925;837655;331755;6.8;2.7
11;2021-03-16;23687;3779;861342;335534;7.0;2.7
11;2021-03-17;24301;3595;885643;339129;7.2;2.8
11;2021-03-18;28891;4040;914534;343169;7.4;2.8
11;2021-03-19;39463;4162;953997;347331;7.8;2.8
11;2021-03-20;25761;1498;979758;348829;8.0;2.8
11;2021-03-21;5599;1294;985357;350123;8.0;2.9
11;2021-03-22;31990;4159;1017347;354282;8.3;2.9
11;2021-03-23;43065;5293;1060412;359575;8.6;2.9
11;2021-03-24;42406;4905;1102818;364480;9.0;3.0
11;2021-03-25;57615;5032;1160433;369512;9.5;3.0
11;2021-03-26;57385;5785;1217818;375297;9.9;3.1
11;2021-03-27;34388;1988;1252206;377285;10.2;3.1
11;2021-03-28;10132;438;1262338;377723;10.3;3.1
11;2021-03-29;32882;8061;1295220;385784;10.5;3.1
11;2021-03-30;44642;11370;1339862;397154;10.9;3.2
11;2021-03-31;39639;13770;1379501;410924;11.2;3.3
11;2021-04-01;45050;21623;1424551;432547;11.6;3.5
11;2021-04-02;39082;23891;1463633;456438;11.9;3.7
11;2021-04-03;18303;21106;1481936;477544;12.1;3.9
11;2021-04-04;6077;7314;1488013;484858;12.1;3.9
11;2021-04-05;5933;2136;1493946;486994;12.2;4.0
11;2021-04-06;29806;18317;1523752;505311;12.4;4.1
11;2021-04-07;37332;19898;1561084;525209;12.7;4.3
11;2021-04-08;46444;20982;1607528;546191;13.1;4.4
11;2021-04-09;53507;21375;1661035;567566;13.5;4.6
11;2021-04-10;28834;19621;1689869;587187;13.8;4.8
11;2021-04-11;6533;7188;1696402;594375;13.8;4.8
11;2021-04-12;30164;19180;1726566;613555;14.1;5.0
11;2021-04-13;37066;27479;1763632;641034;14.4;5.2
11;2021-04-14;34745;24280;1798377;665314;14.6;5.4
11;2021-04-15;38914;28347;1837291;693661;15.0;5.6
11;2021-04-16;40809;27710;1878100;721371;15.3;5.9
11;2021-04-17;22684;14917;1900784;736288;15.5;6.0
11;2021-04-18;5260;3714;1906044;740002;15.5;6.0
11;2021-04-19;24980;23152;1931024;763154;15.7;6.2
11;2021-04-20;30431;27834;1961455;790988;16.0;6.4
11;2021-04-21;32034;28160;1993489;819148;16.2;6.7
11;2021-04-22;34331;34669;2027820;853817;16.5;7.0
11;2021-04-23;37742;32225;2065562;886042;16.8;7.2
11;2021-04-24;37860;23141;2103422;909183;17.1;7.4
11;2021-04-25;20497;7983;2123919;917166;17.3;7.5
11;2021-04-26;33738;25171;2157657;942337;17.6;7.7
11;2021-04-27;45452;29965;2203109;972302;17.9;7.9
11;2021-04-28;48034;29670;2251143;1001972;18.3;8.2
11;2021-04-29;57414;32142;2308557;1034114;18.8;8.4
11;2021-04-30;60895;30883;2369452;1064997;19.3;8.7
11;2021-05-01;23931;5955;2393383;1070952;19.5;8.7
11;2021-05-02;14554;4940;2407937;1075892;19.6;8.8
11;2021-05-03;53782;35083;2461719;1110975;20.0;9.0
11;2021-05-04;59086;33730;2520805;1144705;20.5;9.3
11;2021-05-05;59142;33996;2579947;1178701;21.0;9.6
11;2021-05-06;66562;37916;2646509;1216617;21.6;9.9
11;2021-05-07;64909;39838;2711418;1256455;22.1;10.2
11;2021-05-08;49313;16760;2760731;1273215;22.5;10.4
11;2021-05-09;32901;10092;2793632;1283307;22.8;10.5
11;2021-05-10;69502;30351;2863134;1313658;23.3;10.7
11;2021-05-11;80754;37924;2943888;1351582;24.0;11.0
11;2021-05-12;82120;32226;3026008;1383808;24.6;11.3
11;2021-05-13;67246;9895;3093254;1393703;25.2;11.4
11;2021-05-14;83668;21952;3176922;1415655;25.9;11.5
11;2021-05-15;66092;15281;3243014;1430936;26.4;11.7
11;2021-05-16;36229;5088;3279243;1436024;26.7;11.7
11;2021-05-17;81842;16753;3361085;1452777;27.4;11.8
11;2021-05-18;97561;19647;3458646;1472424;28.2;12.0
11;2021-05-19;96609;27588;3555255;1500012;29.0;12.2
11;2021-05-20;105552;28633;3660807;1528645;29.8;12.5
11;2021-05-21;99565;25804;3760372;1554449;30.6;12.7
11;2021-05-22;78620;14717;3838992;1569166;31.3;12.8
11;2021-05-23;41036;5947;3880028;1575113;31.6;12.8
11;2021-05-24;58966;8719;3938994;1583832;32.1;12.9
11;2021-05-25;84392;32053;4023386;1615885;32.8;13.2
11;2021-05-26;81732;32319;4105118;1648204;33.4;13.4
11;2021-05-27;90205;40411;4195323;1688615;34.2;13.8
11;2021-05-28;84834;45393;4280157;1734008;34.9;14.1
11;2021-05-29;67339;27434;4347496;1761442;35.4;14.3
11;2021-05-30;35445;8444;4382941;1769886;35.7;14.4
11;2021-05-31;76887;39781;4459828;1809667;36.3;14.7
11;2021-06-01;85771;50708;4545599;1860375;37.0;15.2
11;2021-06-02;81366;45174;4626965;1905549;37.7;15.5
11;2021-06-03;87274;53402;4714239;1958951;38.4;16.0
11;2021-06-04;83498;58438;4797737;2017389;39.1;16.4
11;2021-06-05;63017;49714;4860754;2067103;39.6;16.8
11;2021-06-06;37524;17448;4898278;2084551;39.9;17.0
11;2021-06-07;67783;53278;4966061;2137829;40.4;17.4
24;2020-12-27;0;0;0;0;0.0;0.0
24;2020-12-28;17;0;17;0;0.0;0.0
24;2020-12-29;10;0;27;0;0.0;0.0
24;2020-12-30;1;0;28;0;0.0;0.0
24;2020-12-31;0;0;28;0;0.0;0.0
24;2021-01-01;1;0;29;0;0.0;0.0
24;2021-01-02;0;0;29;0;0.0;0.0
24;2021-01-03;0;0;29;0;0.0;0.0
24;2021-01-04;24;0;53;0;0.0;0.0
24;2021-01-05;163;0;216;0;0.0;0.0
24;2021-01-06;328;0;544;0;0.0;0.0
24;2021-01-07;492;0;1036;0;0.0;0.0
24;2021-01-08;951;1;1987;1;0.1;0.0
24;2021-01-09;503;0;2490;1;0.1;0.0
24;2021-01-10;395;0;2885;1;0.1;0.0
24;2021-01-11;1280;0;4165;1;0.2;0.0
24;2021-01-12;2575;8;6740;9;0.3;0.0
24;2021-01-13;2187;6;8927;15;0.3;0.0
24;2021-01-14;2500;51;11427;66;0.4;0.0
24;2021-01-15;2114;7;13541;73;0.5;0.0
24;2021-01-16;857;4;14398;77;0.6;0.0
24;2021-01-17;322;3;14720;80;0.6;0.0
24;2021-01-18;3214;16;17934;96;0.7;0.0
24;2021-01-19;6320;15;24254;111;0.9;0.0
24;2021-01-20;7163;8;31417;119;1.2;0.0
24;2021-01-21;7413;3;38830;122;1.5;0.0
24;2021-01-22;5117;2;43947;124;1.7;0.0
24;2021-01-23;1272;1;45219;125;1.8;0.0
24;2021-01-24;225;1;45444;126;1.8;0.0
24;2021-01-25;3111;24;48555;150;1.9;0.0
24;2021-01-26;4843;87;53398;237;2.1;0.0
24;2021-01-27;5044;180;58442;417;2.3;0.0
24;2021-01-28;5634;504;64076;921;2.5;0.0
24;2021-01-29;3421;729;67497;1650;2.6;0.1
24;2021-01-30;1207;398;68704;2048;2.7;0.1
24;2021-01-31;251;368;68955;2416;2.7;0.1
24;2021-02-01;2170;927;71125;3343;2.8;0.1
24;2021-02-02;3029;1890;74154;5233;2.9;0.2
24;2021-02-03;3110;1768;77264;7001;3.0;0.3
24;2021-02-04;3234;1615;80498;8616;3.1;0.3
24;2021-02-05;2394;1369;82892;9985;3.2;0.4
24;2021-02-06;707;262;83599;10247;3.3;0.4
24;2021-02-07;134;31;83733;10278;3.3;0.4
24;2021-02-08;1967;1569;85700;11847;3.3;0.5
24;2021-02-09;3411;3308;89111;15155;3.5;0.6
24;2021-02-10;4087;3752;93198;18907;3.6;0.7
24;2021-02-11;4651;4771;97849;23678;3.8;0.9
24;2021-02-12;3480;3268;101329;26946;4.0;1.1
24;2021-02-13;839;769;102168;27715;4.0;1.1
24;2021-02-14;426;255;102594;27970;4.0;1.1
24;2021-02-15;1961;2857;104555;30827;4.1;1.2
24;2021-02-16;2848;4491;107403;35318;4.2;1.4
24;2021-02-17;2692;5097;110095;40415;4.3;1.6
24;2021-02-18;3518;5157;113613;45572;4.4;1.8
24;2021-02-19;3195;3551;116808;49123;4.6;1.9
24;2021-02-20;1288;984;118096;50107;4.6;2.0
24;2021-02-21;433;239;118529;50346;4.6;2.0
24;2021-02-22;1649;3060;120178;53406;4.7;2.1
24;2021-02-23;2339;3138;122517;56544;4.8;2.2
24;2021-02-24;2093;3465;124610;60009;4.9;2.3
24;2021-02-25;3621;3161;128231;63170;5.0;2.5
24;2021-02-26;4464;2615;132695;65785;5.2;2.6
24;2021-02-27;1877;992;134572;66777;5.3;2.6
24;2021-02-28;97;219;134669;66996;5.3;2.6
24;2021-03-01;2161;2020;136830;69016;5.3;2.7
24;2021-03-02;3429;2887;140259;71903;5.5;2.8
24;2021-03-03;3546;3408;143805;75311;5.6;2.9
24;2021-03-04;5334;3682;149139;78993;5.8;3.1
24;2021-03-05;7034;3140;156173;82133;6.1;3.2
24;2021-03-06;7371;733;163544;82866;6.4;3.2
24;2021-03-07;2426;283;165970;83149;6.5;3.2
24;2021-03-08;2689;2617;168659;85766;6.6;3.4
24;2021-03-09;5778;2841;174437;88607;6.8;3.5
24;2021-03-10;6401;3511;180838;92118;7.1;3.6
24;2021-03-11;7797;3489;188635;95607;7.4;3.7
24;2021-03-12;10777;2661;199412;98268;7.8;3.8
24;2021-03-13;7106;709;206518;98977;8.1;3.9
24;2021-03-14;1548;270;208066;99247;8.1;3.9
24;2021-03-15;4558;1970;212624;101217;8.3;4.0
24;2021-03-16;4594;2365;217218;103582;8.5;4.0
24;2021-03-17;4461;1982;221679;105564;8.7;4.1
24;2021-03-18;5063;2084;226742;107648;8.9;4.2
24;2021-03-19;7761;1664;234503;109312;9.2;4.3
24;2021-03-20;4415;875;238918;110187;9.3;4.3
24;2021-03-21;557;346;239475;110533;9.4;4.3
24;2021-03-22;4854;1684;244329;112217;9.5;4.4
24;2021-03-23;8027;2286;252356;114503;9.9;4.5
24;2021-03-24;8783;1994;261139;116497;10.2;4.6
24;2021-03-25;12117;1949;273256;118446;10.7;4.6
24;2021-03-26;13240;1960;286496;120406;11.2;4.7
24;2021-03-27;5763;665;292259;121071;11.4;4.7
24;2021-03-28;520;97;292779;121168;11.4;4.7
24;2021-03-29;6755;1862;299534;123030;11.7;4.8
24;2021-03-30;10162;2772;309696;125802;12.1;4.9
24;2021-03-31;9882;2325;319578;128127;12.5;5.0
24;2021-04-01;12013;3369;331591;131496;13.0;5.1
24;2021-04-02;10598;3318;342189;134814;13.4;5.3
24;2021-04-03;3391;1705;345580;136519;13.5;5.3
24;2021-04-04;393;340;345973;136859;13.5;5.3
24;2021-04-05;393;49;346366;136908;13.5;5.3
24;2021-04-06;8309;3391;354675;140299;13.9;5.5
24;2021-04-07;11057;4529;365732;144828;14.3;5.7
24;2021-04-08;14156;4710;379888;149538;14.8;5.8
24;2021-04-09;17722;3670;397610;153208;15.5;6.0
24;2021-04-10;9366;2060;406976;155268;15.9;6.1
24;2021-04-11;2908;1244;409884;156512;16.0;6.1
24;2021-04-12;10835;3424;420719;159936;16.4;6.2
24;2021-04-13;14987;4799;435706;164735;17.0;6.4
24;2021-04-14;13445;4896;449151;169631;17.6;6.6
24;2021-04-15;15332;5095;464483;174726;18.2;6.8
24;2021-04-16;15654;4302;480137;179028;18.8;7.0
24;2021-04-17;8183;1303;488320;180331;19.1;7.0
24;2021-04-18;1099;286;489419;180617;19.1;7.1
24;2021-04-19;9430;4116;498849;184733;19.5;7.2
24;2021-04-20;12717;5947;511566;190680;20.0;7.5
24;2021-04-21;12308;5974;523874;196654;20.5;7.7
24;2021-04-22;13847;7505;537721;204159;21.0;8.0
24;2021-04-23;13691;7017;551412;211176;21.5;8.3
24;2021-04-24;10233;3231;561645;214407;21.9;8.4
24;2021-04-25;3047;426;564692;214833;22.1;8.4
24;2021-04-26;10194;5411;574886;220244;22.5;8.6
24;2021-04-27;13862;7729;588748;227973;23.0;8.9
24;2021-04-28;13000;8411;601748;236384;23.5;9.2
24;2021-04-29;16559;8556;618307;244940;24.2;9.6
24;2021-04-30;17452;7177;635759;252117;24.8;9.9
24;2021-05-01;2906;667;638665;252784;25.0;9.9
24;2021-05-02;2137;315;640802;253099;25.0;9.9
24;2021-05-03;11252;6089;652054;259188;25.5;10.1
24;2021-05-04;12748;10273;664802;269461;26.0;10.5
24;2021-05-05;13809;9552;678611;279013;26.5;10.9
24;2021-05-06;17438;9643;696049;288656;27.2;11.3
24;2021-05-07;14500;11948;710549;300604;27.8;11.7
24;2021-05-08;3537;2367;714086;302971;27.9;11.8
24;2021-05-09;2320;3725;716406;306696;28.0;12.0
24;2021-05-10;11389;12169;727795;318865;28.4;12.5
24;2021-05-11;16317;14175;744112;333040;29.1;13.0
24;2021-05-12;18129;13090;762241;346130;29.8;13.5
24;2021-05-13;6911;3146;769152;349276;30.1;13.6
24;2021-05-14;14472;9141;783624;358417;30.6;14.0
24;2021-05-15;10457;5032;794081;363449;31.0;14.2
24;2021-05-16;3150;1177;797231;364626;31.2;14.2
24;2021-05-17;13278;7644;810509;372270;31.7;14.5
24;2021-05-18;18324;8182;828833;380452;32.4;14.9
24;2021-05-19;18987;7460;847820;387912;33.1;15.2
24;2021-05-20;21270;8418;869090;396330;34.0;15.5
24;2021-05-21;18338;9049;887428;405379;34.7;15.8
24;2021-05-22;7614;4181;895042;409560;35.0;16.0
24;2021-05-23;2975;940;898017;410500;35.1;16.0
24;2021-05-24;8328;1585;906345;412085;35.4;16.1
24;2021-05-25;17706;8826;924051;420911;36.1;16.4
24;2021-05-26;19120;8261;943171;429172;36.9;16.8
24;2021-05-27;20797;10006;963968;439178;37.7;17.2
24;2021-05-28;20410;12229;984378;451407;38.5;17.6
24;2021-05-29;12368;5884;996746;457291;38.9;17.9
24;2021-05-30;2031;1484;998777;458775;39.0;17.9
24;2021-05-31;14562;8891;1013339;467666;39.6;18.3
24;2021-06-01;19623;11982;1032962;479648;40.4;18.7
24;2021-06-02;17600;10773;1050562;490421;41.1;19.2
24;2021-06-03;20730;11869;1071292;502290;41.9;19.6
24;2021-06-04;19853;13806;1091145;516096;42.6;20.2
24;2021-06-05;9826;8806;1100971;524902;43.0;20.5
24;2021-06-06;1987;3017;1102958;527919;43.1;20.6
24;2021-06-07;14341;11973;1117299;539892;43.7;21.1
27;2020-12-27;4;0;4;0;0.0;0.0
27;2020-12-28;0;0;4;0;0.0;0.0
27;2020-12-29;19;0;23;0;0.0;0.0
27;2020-12-30;20;0;43;0;0.0;0.0
27;2020-12-31;2;0;45;0;0.0;0.0
27;2021-01-01;0;0;45;0;0.0;0.0
27;2021-01-02;1;0;46;0;0.0;0.0
27;2021-01-03;1;0;47;0;0.0;0.0
27;2021-01-04;27;0;74;0;0.0;0.0
27;2021-01-05;263;0;337;0;0.0;0.0
27;2021-01-06;717;1;1054;1;0.0;0.0
27;2021-01-07;1554;2;2608;3;0.1;0.0
27;2021-01-08;1894;1;4502;4;0.2;0.0
27;2021-01-09;689;0;5191;4;0.2;0.0
27;2021-01-10;3;0;5194;4;0.2;0.0
27;2021-01-11;2403;1;7597;5;0.3;0.0
27;2021-01-12;3818;4;11415;9;0.4;0.0
27;2021-01-13;3846;8;15261;17;0.5;0.0
27;2021-01-14;4750;47;20011;64;0.7;0.0
27;2021-01-15;3591;20;23602;84;0.8;0.0
27;2021-01-16;793;9;24395;93;0.9;0.0
27;2021-01-17;116;1;24511;94;0.9;0.0
27;2021-01-18;6236;17;30747;111;1.1;0.0
27;2021-01-19;8390;22;39137;133;1.4;0.0
27;2021-01-20;7898;56;47035;189;1.7;0.0
27;2021-01-21;9449;15;56484;204;2.0;0.0
27;2021-01-22;7701;17;64185;221;2.3;0.0
27;2021-01-23;2978;6;67163;227;2.4;0.0
27;2021-01-24;347;0;67510;227;2.4;0.0
27;2021-01-25;5216;28;72726;255;2.6;0.0
27;2021-01-26;7387;226;80113;481;2.9;0.0
27;2021-01-27;7091;346;87204;827;3.1;0.0
27;2021-01-28;6326;893;93530;1720;3.4;0.1
27;2021-01-29;5894;1264;99424;2984;3.6;0.1
27;2021-01-30;2468;347;101892;3331;3.7;0.1
27;2021-01-31;252;22;102144;3353;3.7;0.1
27;2021-02-01;3357;1403;105501;4756;3.8;0.2
27;2021-02-02;4038;2223;109539;6979;3.9;0.3
27;2021-02-03;3618;2396;113157;9375;4.1;0.3
27;2021-02-04;3703;3151;116860;12526;4.2;0.5
27;2021-02-05;3241;2587;120101;15113;4.3;0.5
27;2021-02-06;1609;670;121710;15783;4.4;0.6
27;2021-02-07;5;87;121715;15870;4.4;0.6
27;2021-02-08;2911;2684;124626;18554;4.5;0.7
27;2021-02-09;3014;3653;127640;22207;4.6;0.8
27;2021-02-10;3051;3408;130691;25615;4.7;0.9
27;2021-02-11;3312;4644;134003;30259;4.8;1.1
27;2021-02-12;2725;4460;136728;34719;4.9;1.2
27;2021-02-13;985;1465;137713;36184;4.9;1.3
27;2021-02-14;258;297;137971;36481;5.0;1.3
27;2021-02-15;1240;5756;139211;42237;5.0;1.5
27;2021-02-16;1506;7435;140717;49672;5.1;1.8
27;2021-02-17;1807;6913;142524;56585;5.1;2.0
27;2021-02-18;2137;6463;144661;63048;5.2;2.3
27;2021-02-19;1731;5663;146392;68711;5.3;2.5
27;2021-02-20;707;2180;147099;70891;5.3;2.5
27;2021-02-21;2;280;147101;71171;5.3;2.6
27;2021-02-22;978;4901;148079;76072;5.3;2.7
27;2021-02-23;1202;5445;149281;81517;5.4;2.9
27;2021-02-24;1490;4863;150771;86380;5.4;3.1
27;2021-02-25;2909;5054;153680;91434;5.5;3.3
27;2021-02-26;3682;4207;157362;95641;5.7;3.4
27;2021-02-27;1905;1956;159267;97597;5.7;3.5
27;2021-02-28;107;282;159374;97879;5.7;3.5
27;2021-03-01;3662;3503;163036;101382;5.9;3.6
27;2021-03-02;5408;4321;168444;105703;6.1;3.8
27;2021-03-03;5947;3561;174391;109264;6.3;3.9
27;2021-03-04;7674;3546;182065;112810;6.5;4.1
27;2021-03-05;9686;3155;191751;115965;6.9;4.2
27;2021-03-06;6219;1067;197970;117032;7.1;4.2
27;2021-03-07;870;185;198840;117217;7.1;4.2
27;2021-03-08;4541;3410;203381;120627;7.3;4.3
27;2021-03-09;8410;3366;211791;123993;7.6;4.5
27;2021-03-10;8706;2775;220497;126768;7.9;4.6
27;2021-03-11;10254;3172;230751;129940;8.3;4.7
27;2021-03-12;11869;2421;242620;132361;8.7;4.8
27;2021-03-13;7036;678;249656;133039;9.0;4.8
27;2021-03-14;209;60;249865;133099;9.0;4.8
27;2021-03-15;7314;1369;257179;134468;9.2;4.8
27;2021-03-16;8243;1075;265422;135543;9.5;4.9
27;2021-03-17;8528;1144;273950;136687;9.8;4.9
27;2021-03-18;8618;1383;282568;138070;10.2;5.0
27;2021-03-19;9400;1075;291968;139145;10.5;5.0
27;2021-03-20;5664;386;297632;139531;10.7;5.0
27;2021-03-21;235;11;297867;139542;10.7;5.0
27;2021-03-22;9324;944;307191;140486;11.0;5.0
27;2021-03-23;14674;1150;321865;141636;11.6;5.1
27;2021-03-24;15154;1223;337019;142859;12.1;5.1
27;2021-03-25;18351;1421;355370;144280;12.8;5.2
27;2021-03-26;18364;1212;373734;145492;13.4;5.2
27;2021-03-27;7681;394;381415;145886;13.7;5.2
27;2021-03-28;492;124;381907;146010;13.7;5.2
27;2021-03-29;10023;3386;391930;149396;14.1;5.4
27;2021-03-30;12948;3965;404878;153361;14.5;5.5
27;2021-03-31;12832;4163;417710;157524;15.0;5.7
27;2021-04-01;14528;4098;432238;161622;15.5;5.8
27;2021-04-02;12928;4024;445166;165646;16.0;6.0
27;2021-04-03;4468;1128;449634;166774;16.2;6.0
27;2021-04-04;67;35;449701;166809;16.2;6.0
27;2021-04-05;345;6;450046;166815;16.2;6.0
27;2021-04-06;9541;6145;459587;172960;16.5;6.2
27;2021-04-07;10188;6441;469775;179401;16.9;6.4
27;2021-04-08;15704;6093;485479;185494;17.4;6.7
27;2021-04-09;17809;5937;503288;191431;18.1;6.9
27;2021-04-10;6056;1930;509344;193361;18.3;6.9
27;2021-04-11;418;83;509762;193444;18.3;7.0
27;2021-04-12;9053;6778;518815;200222;18.6;7.2
27;2021-04-13;11782;8531;530597;208753;19.1;7.5
27;2021-04-14;10326;7825;540923;216578;19.4;7.8
27;2021-04-15;12976;7642;553899;224220;19.9;8.1
27;2021-04-16;12778;6423;566677;230643;20.4;8.3
27;2021-04-17;5949;3050;572626;233693;20.6;8.4
27;2021-04-18;351;189;572977;233882;20.6;8.4
27;2021-04-19;6967;8846;579944;242728;20.8;8.7
27;2021-04-20;8512;10535;588456;253263;21.1;9.1
27;2021-04-21;8360;10142;596816;263405;21.4;9.5
27;2021-04-22;9849;11496;606665;274901;21.8;9.9
27;2021-04-23;11320;10251;617985;285152;22.2;10.2
27;2021-04-24;5194;3960;623179;289112;22.4;10.4
27;2021-04-25;441;294;623620;289406;22.4;10.4
27;2021-04-26;9533;8715;633153;298121;22.8;10.7
27;2021-04-27;13432;10194;646585;308315;23.2;11.1
27;2021-04-28;14153;10316;660738;318631;23.7;11.4
27;2021-04-29;17842;11470;678580;330101;24.4;11.9
27;2021-04-30;18673;9441;697253;339542;25.1;12.2
27;2021-05-01;5407;1520;702660;341062;25.2;12.3
27;2021-05-02;600;71;703260;341133;25.3;12.3
27;2021-05-03;14791;6260;718051;347393;25.8;12.5
27;2021-05-04;13929;10752;731980;358145;26.3;12.9
27;2021-05-05;15550;9974;747530;368119;26.9;13.2
27;2021-05-06;18239;12290;765769;380409;27.5;13.7
27;2021-05-07;17165;11695;782934;392104;28.1;14.1
27;2021-05-08;5852;1490;788786;393594;28.3;14.1
27;2021-05-09;530;436;789316;394030;28.4;14.2
27;2021-05-10;15135;9814;804451;403844;28.9;14.5
27;2021-05-11;20661;12789;825112;416633;29.6;15.0
27;2021-05-12;19466;11663;844578;428296;30.3;15.4
27;2021-05-13;12258;2000;856836;430296;30.8;15.5
27;2021-05-14;22840;8304;879676;438600;31.6;15.8
27;2021-05-15;15356;3375;895032;441975;32.2;15.9
27;2021-05-16;1879;229;896911;442204;32.2;15.9
27;2021-05-17;18912;6741;915823;448945;32.9;16.1
27;2021-05-18;20466;9222;936289;458167;33.6;16.5
27;2021-05-19;22188;7244;958477;465411;34.4;16.7
27;2021-05-20;23144;8124;981621;473535;35.3;17.0
27;2021-05-21;21032;10000;1002653;483535;36.0;17.4
27;2021-05-22;8250;3582;1010903;487117;36.3;17.5
27;2021-05-23;901;301;1011804;487418;36.4;17.5
27;2021-05-24;4225;1079;1016029;488497;36.5;17.6
27;2021-05-25;14786;11588;1030815;500085;37.0;18.0
27;2021-05-26;15275;10596;1046090;510681;37.6;18.3
27;2021-05-27;18235;11731;1064325;522412;38.2;18.8
27;2021-05-28;15992;14080;1080317;536492;38.8;19.3
27;2021-05-29;6798;5135;1087115;541627;39.1;19.5
27;2021-05-30;384;255;1087499;541882;39.1;19.5
27;2021-05-31;13292;10910;1100791;552792;39.6;19.9
27;2021-06-01;16409;13388;1117200;566180;40.1;20.3
27;2021-06-02;16029;11393;1133229;577573;40.7;20.8
27;2021-06-03;17630;11815;1150859;589388;41.4;21.2
27;2021-06-04;16038;14554;1166897;603942;41.9;21.7
27;2021-06-05;8211;6711;1175108;610653;42.2;21.9
27;2021-06-06;1704;639;1176812;611292;42.3;22.0
27;2021-06-07;17285;13032;1194097;624324;42.9;22.4
28;2020-12-27;0;0;0;0;0.0;0.0
28;2020-12-28;1;0;1;0;0.0;0.0
28;2020-12-29;2;0;3;0;0.0;0.0
28;2020-12-30;0;0;3;0;0.0;0.0
28;2020-12-31;1;0;4;0;0.0;0.0
28;2021-01-01;1;0;5;0;0.0;0.0
28;2021-01-02;1;0;6;0;0.0;0.0
28;2021-01-03;1;0;7;0;0.0;0.0
28;2021-01-04;16;0;23;0;0.0;0.0
28;2021-01-05;169;0;192;0;0.0;0.0
28;2021-01-06;1393;1;1585;1;0.0;0.0
28;2021-01-07;2597;8;4182;9;0.1;0.0
28;2021-01-08;3427;3;7609;12;0.2;0.0
28;2021-01-09;1331;3;8940;15;0.3;0.0
28;2021-01-10;704;1;9644;16;0.3;0.0
28;2021-01-11;3178;2;12822;18;0.4;0.0
28;2021-01-12;3970;3;16792;21;0.5;0.0
28;2021-01-13;4302;5;21094;26;0.6;0.0
28;2021-01-14;8092;73;29186;99;0.9;0.0
28;2021-01-15;6215;24;35401;123;1.1;0.0
28;2021-01-16;2083;9;37484;132;1.1;0.0
28;2021-01-17;4071;21;41555;153;1.3;0.0
28;2021-01-18;8779;11;50334;164;1.5;0.0
28;2021-01-19;7138;13;57472;177;1.7;0.0
28;2021-01-20;6503;8;63975;185;1.9;0.0
28;2021-01-21;5990;7;69965;192;2.1;0.0
28;2021-01-22;5438;11;75403;203;2.3;0.0
28;2021-01-23;2018;7;77421;210;2.3;0.0
28;2021-01-24;1447;11;78868;221;2.4;0.0
28;2021-01-25;6238;178;85106;399;2.6;0.0
28;2021-01-26;4574;393;89680;792;2.7;0.0
28;2021-01-27;4034;765;93714;1557;2.8;0.0
28;2021-01-28;3752;1048;97466;2605;3.0;0.1
28;2021-01-29;3487;1305;100953;3910;3.1;0.1
28;2021-01-30;1386;516;102339;4426;3.1;0.1
28;2021-01-31;195;124;102534;4550;3.1;0.1
28;2021-02-01;2779;1661;105313;6211;3.2;0.2
28;2021-02-02;2981;2391;108294;8602;3.3;0.3
28;2021-02-03;2946;2670;111240;11272;3.4;0.3
28;2021-02-04;3722;5208;114962;16480;3.5;0.5
28;2021-02-05;3866;4390;118828;20870;3.6;0.6
28;2021-02-06;1139;1548;119967;22418;3.6;0.7
28;2021-02-07;715;1975;120682;24393;3.7;0.7
28;2021-02-08;3801;6856;124483;31249;3.8;0.9
28;2021-02-09;3461;6027;127944;37276;3.9;1.1
28;2021-02-10;3454;5070;131398;42346;4.0;1.3
28;2021-02-11;4207;4888;135605;47234;4.1;1.4
28;2021-02-12;4044;4610;139649;51844;4.2;1.6
28;2021-02-13;1123;1580;140772;53424;4.3;1.6
28;2021-02-14;285;1388;141057;54812;4.3;1.7
28;2021-02-15;2212;6277;143269;61089;4.3;1.8
28;2021-02-16;2654;5659;145923;66748;4.4;2.0
28;2021-02-17;1950;4555;147873;71303;4.5;2.2
28;2021-02-18;2566;4307;150439;75610;4.6;2.3
28;2021-02-19;2546;3718;152985;79328;4.6;2.4
28;2021-02-20;945;1259;153930;80587;4.7;2.4
28;2021-02-21;102;416;154032;81003;4.7;2.5
28;2021-02-22;1668;4231;155700;85234;4.7;2.6
28;2021-02-23;2173;3838;157873;89072;4.8;2.7
28;2021-02-24;2371;3893;160244;92965;4.9;2.8
28;2021-02-25;4769;4183;165013;97148;5.0;2.9
28;2021-02-26;5959;3727;170972;100875;5.2;3.1
28;2021-02-27;3006;1030;173978;101905;5.3;3.1
28;2021-02-28;340;386;174318;102291;5.3;3.1
28;2021-03-01;2522;4648;176840;106939;5.4;3.2
28;2021-03-02;3897;4086;180737;111025;5.5;3.4
28;2021-03-03;4778;3475;185515;114500;5.6;3.5
28;2021-03-04;7294;2855;192809;117355;5.8;3.6
28;2021-03-05;10143;2474;202952;119829;6.1;3.6
28;2021-03-06;9787;773;212739;120602;6.4;3.7
28;2021-03-07;3771;124;216510;120726;6.6;3.7
28;2021-03-08;5863;3266;222373;123992;6.7;3.8
28;2021-03-09;9281;2799;231654;126791;7.0;3.8
28;2021-03-10;9785;2434;241439;129225;7.3;3.9
28;2021-03-11;13939;1977;255378;131202;7.7;4.0
28;2021-03-12;17960;1513;273338;132715;8.3;4.0
28;2021-03-13;11100;509;284438;133224;8.6;4.0
28;2021-03-14;2257;95;286695;133319;8.7;4.0
28;2021-03-15;8640;859;295335;134178;8.9;4.1
28;2021-03-16;7483;1186;302818;135364;9.2;4.1
28;2021-03-17;7703;1182;310521;136546;9.4;4.1
28;2021-03-18;8162;1359;318683;137905;9.6;4.2
28;2021-03-19;11547;1437;330230;139342;10.0;4.2
28;2021-03-20;9660;532;339890;139874;10.3;4.2
28;2021-03-21;2409;16;342299;139890;10.4;4.2
28;2021-03-22;9382;1620;351681;141510;10.6;4.3
28;2021-03-23;12463;1488;364144;142998;11.0;4.3
28;2021-03-24;13228;1571;377372;144569;11.4;4.4
28;2021-03-25;17588;1772;394960;146341;12.0;4.4
28;2021-03-26;20778;1836;415738;148177;12.6;4.5
28;2021-03-27;11473;1104;427211;149281;12.9;4.5
28;2021-03-28;2964;81;430175;149362;13.0;4.5
28;2021-03-29;11745;2945;441920;152307;13.4;4.6
28;2021-03-30;14385;3029;456305;155336;13.8;4.7
28;2021-03-31;14342;3536;470647;158872;14.2;4.8
28;2021-04-01;17970;5497;488617;164369;14.8;5.0
28;2021-04-02;16821;6425;505438;170794;15.3;5.2
28;2021-04-03;7222;4043;512660;174837;15.5;5.3
28;2021-04-04;1776;793;514436;175630;15.6;5.3
28;2021-04-05;3287;732;517723;176362;15.7;5.3
28;2021-04-06;10818;7404;528541;183766;16.0;5.6
28;2021-04-07;12699;6952;541240;190718;16.4;5.8
28;2021-04-08;17667;7514;558907;198232;16.9;6.0
28;2021-04-09;23763;7788;582670;206020;17.6;6.2
28;2021-04-10;13873;4159;596543;210179;18.1;6.4
28;2021-04-11;3026;1189;599569;211368;18.1;6.4
28;2021-04-12;13757;8010;613326;219378;18.6;6.6
28;2021-04-13;16164;8017;629490;227395;19.1;6.9
28;2021-04-14;14276;7990;643766;235385;19.5;7.1
28;2021-04-15;17218;8361;660984;243746;20.0;7.4
28;2021-04-16;20218;7788;681202;251534;20.6;7.6
28;2021-04-17;12739;5004;693941;256538;21.0;7.8
28;2021-04-18;2289;1238;696230;257776;21.1;7.8
28;2021-04-19;10858;8855;707088;266631;21.4;8.1
28;2021-04-20;13887;9749;720975;276380;21.8;8.4
28;2021-04-21;13263;9971;734238;286351;22.2;8.7
28;2021-04-22;15268;11879;749506;298230;22.7;9.0
28;2021-04-23;16415;12287;765921;310517;23.2;9.4
28;2021-04-24;12565;7241;778486;317758;23.6;9.6
28;2021-04-25;3287;1902;781773;319660;23.7;9.7
28;2021-04-26;12526;10169;794299;329829;24.0;10.0
28;2021-04-27;14823;11718;809122;341547;24.5;10.3
28;2021-04-28;15009;10678;824131;352225;24.9;10.7
28;2021-04-29;18411;11721;842542;363946;25.5;11.0
28;2021-04-30;20329;11846;862871;375792;26.1;11.4
28;2021-05-01;12772;2936;875643;378728;26.5;11.5
28;2021-05-02;5954;1812;881597;380540;26.7;11.5
28;2021-05-03;12819;9966;894416;390506;27.1;11.8
28;2021-05-04;13748;13100;908164;403606;27.5;12.2
28;2021-05-05;13898;14438;922062;418044;27.9;12.7
28;2021-05-06;18271;15068;940333;433112;28.5;13.1
28;2021-05-07;17775;17349;958108;450461;29.0;13.6
28;2021-05-08;11887;4654;969995;455115;29.4;13.8
28;2021-05-09;7120;1810;977115;456925;29.6;13.8
28;2021-05-10;14096;14768;991211;471693;30.0;14.3
28;2021-05-11;18051;15311;1009262;487004;30.6;14.7
28;2021-05-12;18694;13959;1027956;500963;31.1;15.2
28;2021-05-13;19593;3679;1047549;504642;31.7;15.3
28;2021-05-14;26266;12467;1073815;517109;32.5;15.7
28;2021-05-15;26852;7030;1100667;524139;33.3;15.9
28;2021-05-16;14093;1548;1114760;525687;33.7;15.9
28;2021-05-17;16123;9389;1130883;535076;34.2;16.2
28;2021-05-18;20969;8730;1151852;543806;34.9;16.5
28;2021-05-19;20852;8458;1172704;552264;35.5;16.7
28;2021-05-20;23108;9645;1195812;561909;36.2;17.0
28;2021-05-21;21351;12053;1217163;573962;36.8;17.4
28;2021-05-22;17673;5974;1234836;579936;37.4;17.6
28;2021-05-23;9103;913;1243939;580849;37.7;17.6
28;2021-05-24;13385;3153;1257324;584002;38.1;17.7
28;2021-05-25;19082;11564;1276406;595566;38.6;18.0
28;2021-05-26;19181;9975;1295587;605541;39.2;18.3
28;2021-05-27;21681;12343;1317268;617884;39.9;18.7
28;2021-05-28;21518;16476;1338786;634360;40.5;19.2
28;2021-05-29;17532;10140;1356318;644500;41.1;19.5
28;2021-05-30;6259;1260;1362577;645760;41.2;19.5
28;2021-05-31;19810;11901;1382387;657661;41.8;19.9
28;2021-06-01;23654;13803;1406041;671464;42.6;20.3
28;2021-06-02;20638;12281;1426679;683745;43.2;20.7
28;2021-06-03;26383;14620;1453062;698365;44.0;21.1
28;2021-06-04;24374;18864;1477436;717229;44.7;21.7
28;2021-06-05;18094;12027;1495530;729256;45.3;22.1
28;2021-06-06;7312;2382;1502842;731638;45.5;22.1
28;2021-06-07;19150;14122;1521992;745760;46.1;22.6
32;2020-12-27;1;0;1;0;0.0;0.0
32;2020-12-28;26;0;27;0;0.0;0.0
32;2020-12-29;12;0;39;0;0.0;0.0
32;2020-12-30;0;0;39;0;0.0;0.0
32;2020-12-31;0;0;39;0;0.0;0.0
32;2021-01-01;1;0;40;0;0.0;0.0
32;2021-01-02;6;0;46;0;0.0;0.0
32;2021-01-03;2;0;48;0;0.0;0.0
32;2021-01-04;82;0;130;0;0.0;0.0
32;2021-01-05;300;0;430;0;0.0;0.0
32;2021-01-06;786;1;1216;1;0.0;0.0
32;2021-01-07;2428;3;3644;4;0.1;0.0
32;2021-01-08;3159;7;6803;11;0.1;0.0
32;2021-01-09;957;3;7760;14;0.1;0.0
32;2021-01-10;639;0;8399;14;0.1;0.0
32;2021-01-11;3263;6;11662;20;0.2;0.0
32;2021-01-12;4995;6;16657;26;0.3;0.0
32;2021-01-13;4934;8;21591;34;0.4;0.0
32;2021-01-14;5720;43;27311;77;0.5;0.0
32;2021-01-15;5211;19;32522;96;0.5;0.0
32;2021-01-16;1633;10;34155;106;0.6;0.0
32;2021-01-17;858;4;35013;110;0.6;0.0
32;2021-01-18;7229;19;42242;129;0.7;0.0
32;2021-01-19;9888;33;52130;162;0.9;0.0
32;2021-01-20;10335;27;62465;189;1.0;0.0
32;2021-01-21;12684;40;75149;229;1.3;0.0
32;2021-01-22;9859;19;85008;248;1.4;0.0
32;2021-01-23;3391;3;88399;251;1.5;0.0
32;2021-01-24;1119;2;89518;253;1.5;0.0
32;2021-01-25;6846;79;96364;332;1.6;0.0
32;2021-01-26;7401;177;103765;509;1.7;0.0
32;2021-01-27;4828;511;108593;1020;1.8;0.0
32;2021-01-28;8558;1682;117151;2702;2.0;0.0
32;2021-01-29;5370;1853;122521;4555;2.1;0.1
32;2021-01-30;534;413;123055;4968;2.1;0.1
32;2021-01-31;67;74;123122;5042;2.1;0.1
32;2021-02-01;192;1815;123314;6857;2.1;0.1
32;2021-02-02;786;3170;124100;10027;2.1;0.2
32;2021-02-03;4068;3190;128168;13217;2.1;0.2
32;2021-02-04;3682;3616;131850;16833;2.2;0.3
32;2021-02-05;1965;3278;133815;20111;2.2;0.3
32;2021-02-06;516;874;134331;20985;2.3;0.4
32;2021-02-07;538;94;134869;21079;2.3;0.4
32;2021-02-08;1866;3682;136735;24761;2.3;0.4
32;2021-02-09;2550;4365;139285;29126;2.3;0.5
32;2021-02-10;2982;5343;142267;34469;2.4;0.6
32;2021-02-11;4771;6183;147038;40652;2.5;0.7
32;2021-02-12;5083;4650;152121;45302;2.6;0.8
32;2021-02-13;938;1893;153059;47195;2.6;0.8
32;2021-02-14;116;711;153175;47906;2.6;0.8
32;2021-02-15;3611;6914;156786;54820;2.6;0.9
32;2021-02-16;4027;8229;160813;63049;2.7;1.1
32;2021-02-17;4276;8672;165089;71721;2.8;1.2
32;2021-02-18;7016;11415;172105;83136;2.9;1.4
32;2021-02-19;7074;8286;179179;91422;3.0;1.5
32;2021-02-20;2514;3010;181693;94432;3.0;1.6
32;2021-02-21;434;488;182127;94920;3.1;1.6
32;2021-02-22;3261;5325;185388;100245;3.1;1.7
32;2021-02-23;5485;5907;190873;106152;3.2;1.8
32;2021-02-24;7417;6041;198290;112193;3.3;1.9
32;2021-02-25;12796;4983;211086;117176;3.5;2.0
32;2021-02-26;12492;2847;223578;120023;3.7;2.0
32;2021-02-27;6471;286;230049;120309;3.9;2.0
32;2021-02-28;362;134;230411;120443;3.9;2.0
32;2021-03-01;7225;837;237636;121280;4.0;2.0
32;2021-03-02;10943;957;248579;122237;4.2;2.1
32;2021-03-03;11944;1702;260523;123939;4.4;2.1
32;2021-03-04;15079;2377;275602;126316;4.6;2.1
32;2021-03-05;17109;2043;292711;128359;4.9;2.2
32;2021-03-06;28051;968;320762;129327;5.4;2.2
32;2021-03-07;19857;440;340619;129767;5.7;2.2
32;2021-03-08;8892;2524;349511;132291;5.9;2.2
32;2021-03-09;14229;3239;363740;135530;6.1;2.3
32;2021-03-10;15722;3161;379462;138691;6.4;2.3
32;2021-03-11;20892;4625;400354;143316;6.7;2.4
32;2021-03-12;26016;4114;426370;147430;7.2;2.5
32;2021-03-13;41530;1891;467900;149321;7.8;2.5
32;2021-03-14;20093;517;487993;149838;8.2;2.5
32;2021-03-15;12979;3536;500972;153374;8.4;2.6
32;2021-03-16;9754;3461;510726;156835;8.6;2.6
32;2021-03-17;9688;4110;520414;160945;8.7;2.7
32;2021-03-18;10009;5009;530423;165954;8.9;2.8
32;2021-03-19;17896;3759;548319;169713;9.2;2.8
32;2021-03-20;36429;1862;584748;171575;9.8;2.9
32;2021-03-21;19829;727;604577;172302;10.1;2.9
32;2021-03-22;12106;4245;616683;176547;10.3;3.0
32;2021-03-23;18880;5882;635563;182429;10.7;3.1
32;2021-03-24;17864;6095;653427;188524;11.0;3.2
32;2021-03-25;25224;5617;678651;194141;11.4;3.3
32;2021-03-26;28943;5797;707594;199938;11.9;3.4
32;2021-03-27;36571;2040;744165;201978;12.5;3.4
32;2021-03-28;18626;559;762791;202537;12.8;3.4
32;2021-03-29;14550;6997;777341;209534;13.0;3.5
32;2021-03-30;18839;8591;796180;218125;13.4;3.7
32;2021-03-31;15740;9237;811920;227362;13.6;3.8
32;2021-04-01;18153;10966;830073;238328;13.9;4.0
32;2021-04-02;19875;12479;849948;250807;14.3;4.2
32;2021-04-03;29952;10070;879900;260877;14.8;4.4
32;2021-04-04;11645;4687;891545;265564;15.0;4.5
32;2021-04-05;9583;2293;901128;267857;15.1;4.5
32;2021-04-06;14225;10836;915353;278693;15.4;4.7
32;2021-04-07;18013;12474;933366;291167;15.7;4.9
32;2021-04-08;23433;12855;956799;304022;16.0;5.1
32;2021-04-09;29812;12993;986611;317015;16.5;5.3
32;2021-04-10;26040;18688;1012651;335703;17.0;5.6
32;2021-04-11;9129;11973;1021780;347676;17.1;5.8
32;2021-04-12;15371;9452;1037151;357128;17.4;6.0
32;2021-04-13;21760;11479;1058911;368607;17.8;6.2
32;2021-04-14;22393;11053;1081304;379660;18.1;6.4
32;2021-04-15;25654;11031;1106958;390691;18.6;6.6
32;2021-04-16;25230;12341;1132188;403032;19.0;6.8
32;2021-04-17;17886;22916;1150074;425948;19.3;7.1
32;2021-04-18;6387;14016;1156461;439964;19.4;7.4
32;2021-04-19;11626;9763;1168087;449727;19.6;7.5
32;2021-04-20;16394;12242;1184481;461969;19.9;7.7
32;2021-04-21;15760;12526;1200241;474495;20.1;8.0
32;2021-04-22;18982;14925;1219223;489420;20.4;8.2
32;2021-04-23;19586;15891;1238809;505311;20.8;8.5
32;2021-04-24;15434;20981;1254243;526292;21.0;8.8
32;2021-04-25;6944;12277;1261187;538569;21.2;9.0
32;2021-04-26;13192;10670;1274379;549239;21.4;9.2
32;2021-04-27;18640;14059;1293019;563298;21.7;9.4
32;2021-04-28;20098;15962;1313117;579260;22.0;9.7
32;2021-04-29;22328;19852;1335445;599112;22.4;10.0
32;2021-04-30;24911;21473;1360356;620585;22.8;10.4
32;2021-05-01;22964;13829;1383320;634414;23.2;10.6
32;2021-05-02;20894;10245;1404214;644659;23.6;10.8
32;2021-05-03;21887;11186;1426101;655845;23.9;11.0
32;2021-05-04;23709;16188;1449810;672033;24.3;11.3
32;2021-05-05;23870;17333;1473680;689366;24.7;11.6
32;2021-05-06;25675;19812;1499355;709178;25.1;11.9
32;2021-05-07;30660;21405;1530015;730583;25.7;12.3
32;2021-05-08;33222;8856;1563237;739439;26.2;12.4
32;2021-05-09;26695;6397;1589932;745836;26.7;12.5
32;2021-05-10;24057;15988;1613989;761824;27.1;12.8
32;2021-05-11;31205;18916;1645194;780740;27.6;13.1
32;2021-05-12;36906;18655;1682100;799395;28.2;13.4
32;2021-05-13;40408;7212;1722508;806607;28.9;13.5
32;2021-05-14;41657;14495;1764165;821102;29.6;13.8
32;2021-05-15;59449;11994;1823614;833096;30.6;14.0
32;2021-05-16;47742;4720;1871356;837816;31.4;14.1
32;2021-05-17;31357;10853;1902713;848669;31.9;14.2
32;2021-05-18;36381;12372;1939094;861041;32.5;14.4
32;2021-05-19;38692;11469;1977786;872510;33.2;14.6
32;2021-05-20;39633;14843;2017419;887353;33.8;14.9
32;2021-05-21;42228;16867;2059647;904220;34.5;15.2
32;2021-05-22;57624;12961;2117271;917181;35.5;15.4
32;2021-05-23;38845;4328;2156116;921509;36.2;15.5
32;2021-05-24;28408;3787;2184524;925296;36.6;15.5
32;2021-05-25;31013;14810;2215537;940106;37.2;15.8
32;2021-05-26;33864;16689;2249401;956795;37.7;16.0
32;2021-05-27;34521;20603;2283922;977398;38.3;16.4
32;2021-05-28;34193;25081;2318115;1002479;38.9;16.8
32;2021-05-29;37351;19531;2355466;1022010;39.5;17.1
32;2021-05-30;16076;3493;2371542;1025503;39.8;17.2
32;2021-05-31;27843;16465;2399385;1041968;40.2;17.5
32;2021-06-01;32678;23919;2432063;1065887;40.8;17.9
32;2021-06-02;31945;21551;2464008;1087438;41.3;18.2
32;2021-06-03;34124;24936;2498132;1112374;41.9;18.7
32;2021-06-04;35668;27586;2533800;1139960;42.5;19.1
32;2021-06-05;34218;22640;2568018;1162600;43.1;19.5
32;2021-06-06;16476;5666;2584494;1168266;43.3;19.6
32;2021-06-07;21017;19218;2605511;1187484;43.7;19.9
44;2020-12-27;0;0;0;0;0.0;0.0
44;2020-12-28;0;0;0;0;0.0;0.0
44;2020-12-29;0;0;0;0;0.0;0.0
44;2020-12-30;0;0;0;0;0.0;0.0
44;2020-12-31;11;0;11;0;0.0;0.0
44;2021-01-01;1;0;12;0;0.0;0.0
44;2021-01-02;3;0;15;0;0.0;0.0
44;2021-01-03;3;0;18;0;0.0;0.0
44;2021-01-04;243;0;261;0;0.0;0.0
44;2021-01-05;769;0;1030;0;0.0;0.0
44;2021-01-06;1241;2;2271;2;0.0;0.0
44;2021-01-07;2422;2;4693;4;0.1;0.0
44;2021-01-08;3130;5;7823;9;0.1;0.0
44;2021-01-09;938;1;8761;10;0.2;0.0
44;2021-01-10;231;0;8992;10;0.2;0.0
44;2021-01-11;2973;6;11965;16;0.2;0.0
44;2021-01-12;5273;4;17238;20;0.3;0.0
44;2021-01-13;7654;17;24892;37;0.5;0.0
44;2021-01-14;9533;80;34425;117;0.6;0.0
44;2021-01-15;6687;25;41112;142;0.7;0.0
44;2021-01-16;1910;9;43022;151;0.8;0.0
44;2021-01-17;902;1;43924;152;0.8;0.0
44;2021-01-18;8704;23;52628;175;1.0;0.0
44;2021-01-19;10645;15;63273;190;1.1;0.0
44;2021-01-20;11000;42;74273;232;1.3;0.0
44;2021-01-21;11721;23;85994;255;1.6;0.0
44;2021-01-22;9629;25;95623;280;1.7;0.0
44;2021-01-23;3286;19;98909;299;1.8;0.0
44;2021-01-24;1567;3;100476;302;1.8;0.0
44;2021-01-25;6616;302;107092;604;1.9;0.0
44;2021-01-26;5642;432;112734;1036;2.0;0.0
44;2021-01-27;7371;596;120105;1632;2.2;0.0
44;2021-01-28;8788;1246;128893;2878;2.3;0.1
44;2021-01-29;6756;1796;135649;4674;2.5;0.1
44;2021-01-30;2547;493;138196;5167;2.5;0.1
44;2021-01-31;1250;54;139446;5221;2.5;0.1
44;2021-02-01;6374;2380;145820;7601;2.6;0.1
44;2021-02-02;6213;3810;152033;11411;2.8;0.2
44;2021-02-03;5590;4543;157623;15954;2.9;0.3
44;2021-02-04;6435;6965;164058;22919;3.0;0.4
44;2021-02-05;6386;5233;170444;28152;3.1;0.5
44;2021-02-06;1972;1207;172416;29359;3.1;0.5
44;2021-02-07;406;593;172822;29952;3.1;0.5
44;2021-02-08;3820;4468;176642;34420;3.2;0.6
44;2021-02-09;5714;5830;182356;40250;3.3;0.7
44;2021-02-10;6241;6031;188597;46281;3.4;0.8
44;2021-02-11;7045;6552;195642;52833;3.5;1.0
44;2021-02-12;7275;5535;202917;58368;3.7;1.1
44;2021-02-13;2537;1255;205454;59623;3.7;1.1
44;2021-02-14;1611;823;207065;60446;3.8;1.1
44;2021-02-15;3996;7201;211061;67647;3.8;1.2
44;2021-02-16;4562;7965;215623;75612;3.9;1.4
44;2021-02-17;4704;8533;220327;84145;4.0;1.5
44;2021-02-18;5999;9258;226326;93403;4.1;1.7
44;2021-02-19;5533;7486;231859;100889;4.2;1.8
44;2021-02-20;2336;2839;234195;103728;4.2;1.9
44;2021-02-21;541;1399;234736;105127;4.3;1.9
44;2021-02-22;4483;7021;239219;112148;4.3;2.0
44;2021-02-23;6026;7246;245245;119394;4.4;2.2
44;2021-02-24;6599;5928;251844;125322;4.6;2.3
44;2021-02-25;10500;7536;262344;132858;4.8;2.4
44;2021-02-26;12357;6310;274701;139168;5.0;2.5
44;2021-02-27;7883;2143;282584;141311;5.1;2.6
44;2021-02-28;2115;517;284699;141828;5.2;2.6
44;2021-03-01;6074;4656;290773;146484;5.3;2.7
44;2021-03-02;9384;5635;300157;152119;5.4;2.8
44;2021-03-03;11260;5546;311417;157665;5.7;2.9
44;2021-03-04;13241;5739;324658;163404;5.9;3.0
44;2021-03-05;17836;5623;342494;169027;6.2;3.1
44;2021-03-06;21300;2099;363794;171126;6.6;3.1
44;2021-03-07;12190;704;375984;171830;6.8;3.1
44;2021-03-08;9391;4238;385375;176068;7.0;3.2
44;2021-03-09;15167;4907;400542;180975;7.3;3.3
44;2021-03-10;16577;5128;417119;186103;7.6;3.4
44;2021-03-11;20300;5590;437419;191693;7.9;3.5
44;2021-03-12;26738;5410;464157;197103;8.4;3.6
44;2021-03-13;24131;2334;488288;199437;8.9;3.6
44;2021-03-14;6754;857;495042;200294;9.0;3.6
44;2021-03-15;12942;3434;507984;203728;9.2;3.7
44;2021-03-16;12821;3960;520805;207688;9.4;3.8
44;2021-03-17;14175;3603;534980;211291;9.7;3.8
44;2021-03-18;15387;3728;550367;215019;10.0;3.9
44;2021-03-19;21361;3839;571728;218858;10.4;4.0
44;2021-03-20;15505;1907;587233;220765;10.7;4.0
44;2021-03-21;4614;278;591847;221043;10.7;4.0
44;2021-03-22;12501;3879;604348;224922;11.0;4.1
44;2021-03-23;19378;5019;623726;229941;11.3;4.2
44;2021-03-24;21986;5116;645712;235057;11.7;4.3
44;2021-03-25;28115;5684;673827;240741;12.2;4.4
44;2021-03-26;30265;5394;704092;246135;12.8;4.5
44;2021-03-27;16166;4629;720258;250764;13.1;4.5
44;2021-03-28;4077;1965;724335;252729;13.1;4.6
44;2021-03-29;14282;6076;738617;258805;13.4;4.7
44;2021-03-30;21347;7720;759964;266525;13.8;4.8
44;2021-03-31;20045;7942;780009;274467;14.2;5.0
44;2021-04-01;23483;9257;803492;283724;14.6;5.1
44;2021-04-02;16206;6825;819698;290549;14.9;5.3
44;2021-04-03;10171;5747;829869;296296;15.1;5.4
44;2021-04-04;3128;1645;832997;297941;15.1;5.4
44;2021-04-05;4424;1395;837421;299336;15.2;5.4
44;2021-04-06;13357;10508;850778;309844;15.4;5.6
44;2021-04-07;17581;12057;868359;321901;15.8;5.8
44;2021-04-08;25936;12284;894295;334185;16.2;6.1
44;2021-04-09;32130;12593;926425;346778;16.8;6.3
44;2021-04-10;18195;9981;944620;356759;17.1;6.5
44;2021-04-11;3024;5955;947644;362714;17.2;6.6
44;2021-04-12;16936;11182;964580;373896;17.5;6.8
44;2021-04-13;21923;13706;986503;387602;17.9;7.0
44;2021-04-14;23030;13985;1009533;401587;18.3;7.3
44;2021-04-15;26211;15283;1035744;416870;18.8;7.6
44;2021-04-16;28035;15106;1063779;431976;19.3;7.8
44;2021-04-17;19781;8971;1083560;440947;19.7;8.0
44;2021-04-18;5043;4618;1088603;445565;19.8;8.1
44;2021-04-19;16907;11687;1105510;457252;20.1;8.3
44;2021-04-20;19045;14236;1124555;471488;20.4;8.6
44;2021-04-21;21097;14885;1145652;486373;20.8;8.8
44;2021-04-22;23651;15802;1169303;502175;21.2;9.1
44;2021-04-23;27741;16458;1197044;518633;21.7;9.4
44;2021-04-24;16953;9112;1213997;527745;22.0;9.6
44;2021-04-25;4823;3549;1218820;531294;22.1;9.6
44;2021-04-26;16675;11964;1235495;543258;22.4;9.9
44;2021-04-27;21102;14557;1256597;557815;22.8;10.1
44;2021-04-28;23676;14702;1280273;572517;23.2;10.4
44;2021-04-29;28037;16823;1308310;589340;23.7;10.7
44;2021-04-30;33008;15874;1341318;605214;24.3;11.0
44;2021-05-01;14787;6948;1356105;612162;24.6;11.1
44;2021-05-02;7871;3964;1363976;616126;24.7;11.2
44;2021-05-03;23847;12260;1387823;628386;25.2;11.4
44;2021-05-04;26809;17174;1414632;645560;25.7;11.7
44;2021-05-05;30629;19010;1445261;664570;26.2;12.1
44;2021-05-06;37762;20935;1483023;685505;26.9;12.4
44;2021-05-07;35952;24652;1518975;710157;27.6;12.9
44;2021-05-08;18692;6579;1537667;716736;27.9;13.0
44;2021-05-09;11042;2858;1548709;719594;28.1;13.1
44;2021-05-10;24157;20635;1572866;740229;28.5;13.4
44;2021-05-11;34122;22747;1606988;762976;29.2;13.8
44;2021-05-12;36673;23829;1643661;786805;29.8;14.3
44;2021-05-13;27730;6297;1671391;793102;30.3;14.4
44;2021-05-14;43944;18665;1715335;811767;31.1;14.7
44;2021-05-15;33842;13962;1749177;825729;31.7;15.0
44;2021-05-16;15515;3461;1764692;829190;32.0;15.0
44;2021-05-17;27022;14406;1791714;843596;32.5;15.3
44;2021-05-18;34857;15131;1826571;858727;33.1;15.6
44;2021-05-19;36431;16227;1863002;874954;33.8;15.9
44;2021-05-20;40414;16275;1903416;891229;34.5;16.2
44;2021-05-21;42666;20741;1946082;911970;35.3;16.5
44;2021-05-22;27613;11476;1973695;923446;35.8;16.8
44;2021-05-23;8639;1698;1982334;925144;36.0;16.8
44;2021-05-24;17854;4609;2000188;929753;36.3;16.9
44;2021-05-25;30105;17503;2030293;947256;36.8;17.2
44;2021-05-26;32147;19379;2062440;966635;37.4;17.5
44;2021-05-27;34466;20731;2096906;987366;38.0;17.9
44;2021-05-28;37389;27671;2134295;1015037;38.7;18.4
44;2021-05-29;26692;20048;2160987;1035085;39.2;18.8
44;2021-05-30;6108;4202;2167095;1039287;39.3;18.9
44;2021-05-31;26873;19597;2193968;1058884;39.8;19.2
44;2021-06-01;31321;22780;2225289;1081664;40.4;19.6
44;2021-06-02;33164;22772;2258453;1104436;41.0;20.0
44;2021-06-03;34280;25148;2292733;1129584;41.6;20.5
44;2021-06-04;39562;32001;2332295;1161585;42.3;21.1
44;2021-06-05;22806;20027;2355101;1181612;42.7;21.4
44;2021-06-06;8284;4443;2363385;1186055;42.9;21.5
44;2021-06-07;27613;21895;2390998;1207950;43.4;21.9
52;2020-12-27;0;0;0;0;0.0;0.0
52;2020-12-28;1;0;1;0;0.0;0.0
52;2020-12-29;0;0;1;0;0.0;0.0
52;2020-12-30;0;0;1;0;0.0;0.0
52;2020-12-31;0;0;1;0;0.0;0.0
52;2021-01-01;3;0;4;0;0.0;0.0
52;2021-01-02;1;0;5;0;0.0;0.0
52;2021-01-03;1;0;6;0;0.0;0.0
52;2021-01-04;34;0;40;0;0.0;0.0
52;2021-01-05;168;0;208;0;0.0;0.0
52;2021-01-06;384;1;592;1;0.0;0.0
52;2021-01-07;963;0;1555;1;0.0;0.0
52;2021-01-08;1664;2;3219;3;0.1;0.0
52;2021-01-09;1049;1;4268;4;0.1;0.0
52;2021-01-10;643;1;4911;5;0.1;0.0
52;2021-01-11;2197;0;7108;5;0.2;0.0
52;2021-01-12;3147;4;10255;9;0.3;0.0
52;2021-01-13;2962;2;13217;11;0.3;0.0
52;2021-01-14;3302;24;16519;35;0.4;0.0
52;2021-01-15;3011;9;19530;44;0.5;0.0
52;2021-01-16;894;5;20424;49;0.5;0.0
52;2021-01-17;499;3;20923;52;0.6;0.0
52;2021-01-18;3198;6;24121;58;0.6;0.0
52;2021-01-19;6553;7;30674;65;0.8;0.0
52;2021-01-20;8320;9;38994;74;1.0;0.0
52;2021-01-21;12165;9;51159;83;1.3;0.0
52;2021-01-22;7271;26;58430;109;1.5;0.0
52;2021-01-23;1678;4;60108;113;1.6;0.0
52;2021-01-24;174;0;60282;113;1.6;0.0
52;2021-01-25;3004;10;63286;123;1.7;0.0
52;2021-01-26;6734;151;70020;274;1.8;0.0
52;2021-01-27;7284;150;77304;424;2.0;0.0
52;2021-01-28;9724;462;87028;886;2.3;0.0
52;2021-01-29;5956;909;92984;1795;2.4;0.0
52;2021-01-30;1258;271;94242;2066;2.5;0.1
52;2021-01-31;79;314;94321;2380;2.5;0.1
52;2021-02-01;2521;1189;96842;3569;2.5;0.1
52;2021-02-02;2970;1859;99812;5428;2.6;0.1
52;2021-02-03;2685;2161;102497;7589;2.7;0.2
52;2021-02-04;2961;2115;105458;9704;2.8;0.3
52;2021-02-05;2965;2205;108423;11909;2.9;0.3
52;2021-02-06;1074;661;109497;12570;2.9;0.3
52;2021-02-07;151;297;109648;12867;2.9;0.3
52;2021-02-08;1930;2111;111578;14978;2.9;0.4
52;2021-02-09;3175;3710;114753;18688;3.0;0.5
52;2021-02-10;3319;4760;118072;23448;3.1;0.6
52;2021-02-11;6094;9291;124166;32739;3.3;0.9
52;2021-02-12;4704;5144;128870;37883;3.4;1.0
52;2021-02-13;1151;1243;130021;39126;3.4;1.0
52;2021-02-14;22;541;130043;39667;3.4;1.0
52;2021-02-15;2029;3532;132072;43199;3.5;1.1
52;2021-02-16;4110;6755;136182;49954;3.6;1.3
52;2021-02-17;3853;6942;140035;56896;3.7;1.5
52;2021-02-18;6134;9277;146169;66173;3.8;1.7
52;2021-02-19;5328;5821;151497;71994;4.0;1.9
52;2021-02-20;1027;1475;152524;73469;4.0;1.9
52;2021-02-21;6;274;152530;73743;4.0;1.9
52;2021-02-22;2628;3488;155158;77231;4.1;2.0
52;2021-02-23;3423;3697;158581;80928;4.2;2.1
52;2021-02-24;3283;3034;161864;83962;4.3;2.2
52;2021-02-25;6338;3208;168202;87170;4.4;2.3
52;2021-02-26;6199;2916;174401;90086;4.6;2.4
52;2021-02-27;2215;1044;176616;91130;4.6;2.4
52;2021-02-28;76;88;176692;91218;4.6;2.4
52;2021-03-01;3111;2325;179803;93543;4.7;2.5
52;2021-03-02;4721;3432;184524;96975;4.9;2.6
52;2021-03-03;5276;3403;189800;100378;5.0;2.6
52;2021-03-04;7777;4759;197577;105137;5.2;2.8
52;2021-03-05;8997;3909;206574;109046;5.4;2.9
52;2021-03-06;5633;1136;212207;110182;5.6;2.9
52;2021-03-07;2661;129;214868;110311;5.7;2.9
52;2021-03-08;5832;2409;220700;112720;5.8;3.0
52;2021-03-09;9535;3302;230235;116022;6.1;3.1
52;2021-03-10;9353;3381;239588;119403;6.3;3.1
52;2021-03-11;13560;5010;253148;124413;6.7;3.3
52;2021-03-12;15300;3727;268448;128140;7.1;3.4
52;2021-03-13;8267;743;276715;128883;7.3;3.4
52;2021-03-14;624;72;277339;128955;7.3;3.4
52;2021-03-15;8824;1909;286163;130864;7.5;3.4
52;2021-03-16;7571;2610;293734;133474;7.7;3.5
52;2021-03-17;6438;2373;300172;135847;7.9;3.6
52;2021-03-18;8299;2500;308471;138347;8.1;3.6
52;2021-03-19;11839;2114;320310;140461;8.4;3.7
52;2021-03-20;7071;744;327381;141205;8.6;3.7
52;2021-03-21;1688;46;329069;141251;8.7;3.7
52;2021-03-22;8997;1997;338066;143248;8.9;3.8
52;2021-03-23;13150;2579;351216;145827;9.2;3.8
52;2021-03-24;13240;2016;364456;147843;9.6;3.9
52;2021-03-25;18120;2770;382576;150613;10.1;4.0
52;2021-03-26;18871;2351;401447;152964;10.6;4.0
52;2021-03-27;7530;642;408977;153606;10.8;4.0
52;2021-03-28;2189;65;411166;153671;10.8;4.0
52;2021-03-29;10951;2705;422117;156376;11.1;4.1
52;2021-03-30;15644;3574;437761;159950;11.5;4.2
52;2021-03-31;13670;3230;451431;163180;11.9;4.3
52;2021-04-01;18840;3653;470271;166833;12.4;4.4
52;2021-04-02;17046;3471;487317;170304;12.8;4.5
52;2021-04-03;5509;1189;492826;171493;13.0;4.5
52;2021-04-04;1323;50;494149;171543;13.0;4.5
52;2021-04-05;1780;534;495929;172077;13.0;4.5
52;2021-04-06;11776;5227;507705;177304;13.4;4.7
52;2021-04-07;15178;5621;522883;182925;13.8;4.8
52;2021-04-08;21178;6338;544061;189263;14.3;5.0
52;2021-04-09;26574;5238;570635;194501;15.0;5.1
52;2021-04-10;10107;2346;580742;196847;15.3;5.2
52;2021-04-11;2566;432;583308;197279;15.3;5.2
52;2021-04-12;16315;6555;599623;203834;15.8;5.4
52;2021-04-13;20713;8131;620336;211965;16.3;5.6
52;2021-04-14;17607;6890;637943;218855;16.8;5.8
52;2021-04-15;21117;7991;659060;226846;17.3;6.0
52;2021-04-16;22567;7417;681627;234263;17.9;6.2
52;2021-04-17;9959;3020;691586;237283;18.2;6.2
52;2021-04-18;3036;1300;694622;238583;18.3;6.3
52;2021-04-19;14169;7801;708791;246384;18.6;6.5
52;2021-04-20;18255;9364;727046;255748;19.1;6.7
52;2021-04-21;15949;9121;742995;264869;19.5;7.0
52;2021-04-22;19384;10133;762379;275002;20.1;7.2
52;2021-04-23;20495;9930;782874;284932;20.6;7.5
52;2021-04-24;10006;4967;792880;289899;20.9;7.6
52;2021-04-25;3977;1936;796857;291835;21.0;7.7
52;2021-04-26;16808;9886;813665;301721;21.4;7.9
52;2021-04-27;21030;12516;834695;314237;22.0;8.3
52;2021-04-28;22716;10605;857411;324842;22.6;8.5
52;2021-04-29;24976;12615;882387;337457;23.2;8.9
52;2021-04-30;25593;12434;907980;349891;23.9;9.2
52;2021-05-01;8610;2464;916590;352355;24.1;9.3
52;2021-05-02;4294;1259;920884;353614;24.2;9.3
52;2021-05-03;19025;10577;939909;364191;24.7;9.6
52;2021-05-04;20011;14342;959920;378533;25.2;10.0
52;2021-05-05;20800;12734;980720;391267;25.8;10.3
52;2021-05-06;22423;13780;1003143;405047;26.4;10.7
52;2021-05-07;20645;17985;1023788;423032;26.9;11.1
52;2021-05-08;11084;2048;1034872;425080;27.2;11.2
52;2021-05-09;5386;2210;1040258;427290;27.4;11.2
52;2021-05-10;20598;17239;1060856;444529;27.9;11.7
52;2021-05-11;24835;19559;1085691;464088;28.6;12.2
52;2021-05-12;24585;17056;1110276;481144;29.2;12.7
52;2021-05-13;18554;2681;1128830;483825;29.7;12.7
52;2021-05-14;22654;12364;1151484;496189;30.3;13.1
52;2021-05-15;15654;5166;1167138;501355;30.7;13.2
52;2021-05-16;10269;1134;1177407;502489;31.0;13.2
52;2021-05-17;21070;14618;1198477;517107;31.5;13.6
52;2021-05-18;24732;15042;1223209;532149;32.2;14.0
52;2021-05-19;26683;11391;1249892;543540;32.9;14.3
52;2021-05-20;29330;12030;1279222;555570;33.6;14.6
52;2021-05-21;27432;13877;1306654;569447;34.4;15.0
52;2021-05-22;15535;4742;1322189;574189;34.8;15.1
52;2021-05-23;4470;1135;1326659;575324;34.9;15.1
52;2021-05-24;15984;2736;1342643;578060;35.3;15.2
52;2021-05-25;24390;14495;1367033;592555;36.0;15.6
52;2021-05-26;25111;12632;1392144;605187;36.6;15.9
52;2021-05-27;29037;14779;1421181;619966;37.4;16.3
52;2021-05-28;27885;17824;1449066;637790;38.1;16.8
52;2021-05-29;18304;7756;1467370;645546;38.6;17.0
52;2021-05-30;4228;1716;1471598;647262;38.7;17.0
52;2021-05-31;24378;15840;1495976;663102;39.3;17.4
52;2021-06-01;28772;17759;1524748;680861;40.1;17.9
52;2021-06-02;27276;15155;1552024;696016;40.8;18.3
52;2021-06-03;31664;16232;1583688;712248;41.7;18.7
52;2021-06-04;29157;20672;1612845;732920;42.4;19.3
52;2021-06-05;14425;11776;1627270;744696;42.8;19.6
52;2021-06-06;4767;3526;1632037;748222;42.9;19.7
52;2021-06-07;21623;20793;1653660;769015;43.5;20.2
53;2020-12-27;0;0;0;0;0.0;0.0
53;2020-12-28;0;0;0;0;0.0;0.0
53;2020-12-29;0;0;0;0;0.0;0.0
53;2020-12-30;0;0;0;0;0.0;0.0
53;2020-12-31;0;0;0;0;0.0;0.0
53;2021-01-01;3;0;3;0;0.0;0.0
53;2021-01-02;4;0;7;0;0.0;0.0
53;2021-01-03;0;0;7;0;0.0;0.0
53;2021-01-04;43;0;50;0;0.0;0.0
53;2021-01-05;200;0;250;0;0.0;0.0
53;2021-01-06;331;1;581;1;0.0;0.0
53;2021-01-07;834;0;1415;1;0.0;0.0
53;2021-01-08;1209;0;2624;1;0.1;0.0
53;2021-01-09;34;0;2658;1;0.1;0.0
53;2021-01-10;4;0;2662;1;0.1;0.0
53;2021-01-11;1660;3;4322;4;0.1;0.0
53;2021-01-12;3377;1;7699;5;0.2;0.0
53;2021-01-13;3326;3;11025;8;0.3;0.0
53;2021-01-14;3807;27;14832;35;0.4;0.0
53;2021-01-15;3298;15;18130;50;0.5;0.0
53;2021-01-16;683;4;18813;54;0.6;0.0
53;2021-01-17;180;1;18993;55;0.6;0.0
53;2021-01-18;3361;5;22354;60;0.7;0.0
53;2021-01-19;8154;4;30508;64;0.9;0.0
53;2021-01-20;7005;4;37513;68;1.1;0.0
53;2021-01-21;11458;5;48971;73;1.5;0.0
53;2021-01-22;7796;7;56767;80;1.7;0.0
53;2021-01-23;1492;2;58259;82;1.7;0.0
53;2021-01-24;255;1;58514;83;1.8;0.0
53;2021-01-25;3055;35;61569;118;1.8;0.0
53;2021-01-26;4111;232;65680;350;2.0;0.0
53;2021-01-27;7233;325;72913;675;2.2;0.0
53;2021-01-28;7129;638;80042;1313;2.4;0.0
53;2021-01-29;4229;728;84271;2041;2.5;0.1
53;2021-01-30;846;43;85117;2084;2.5;0.1
53;2021-01-31;79;3;85196;2087;2.6;0.1
53;2021-02-01;2208;1026;87404;3113;2.6;0.1
53;2021-02-02;3438;2014;90842;5127;2.7;0.2
53;2021-02-03;3173;2184;94015;7311;2.8;0.2
53;2021-02-04;7093;2271;101108;9582;3.0;0.3
53;2021-02-05;5578;2134;106686;11716;3.2;0.4
53;2021-02-06;1201;277;107887;11993;3.2;0.4
53;2021-02-07;213;132;108100;12125;3.2;0.4
53;2021-02-08;1651;1531;109751;13656;3.3;0.4
53;2021-02-09;3972;5253;113723;18909;3.4;0.6
53;2021-02-10;3791;4645;117514;23554;3.5;0.7
53;2021-02-11;5729;8785;123243;32339;3.7;1.0
53;2021-02-12;5657;5247;128900;37586;3.9;1.1
53;2021-02-13;1232;851;130132;38437;3.9;1.2
53;2021-02-14;25;348;130157;38785;3.9;1.2
53;2021-02-15;2325;3583;132482;42368;4.0;1.3
53;2021-02-16;4047;3540;136529;45908;4.1;1.4
53;2021-02-17;4073;5374;140602;51282;4.2;1.5
53;2021-02-18;5948;5737;146550;57019;4.4;1.7
53;2021-02-19;5354;4846;151904;61865;4.5;1.9
53;2021-02-20;1189;889;153093;62754;4.6;1.9
53;2021-02-21;165;218;153258;62972;4.6;1.9
53;2021-02-22;2317;2826;155575;65798;4.7;2.0
53;2021-02-23;3947;3670;159522;69468;4.8;2.1
53;2021-02-24;4467;3775;163989;73243;4.9;2.2
53;2021-02-25;7947;7137;171936;80380;5.1;2.4
53;2021-02-26;8675;4396;180611;84776;5.4;2.5
53;2021-02-27;3446;1103;184057;85879;5.5;2.6
53;2021-02-28;228;194;184285;86073;5.5;2.6
53;2021-03-01;3477;2263;187762;88336;5.6;2.6
53;2021-03-02;5614;4456;193376;92792;5.8;2.8
53;2021-03-03;6436;3784;199812;96576;6.0;2.9
53;2021-03-04;9272;4918;209084;101494;6.3;3.0
53;2021-03-05;11901;5202;220985;106696;6.6;3.2
53;2021-03-06;5628;1011;226613;107707;6.8;3.2
53;2021-03-07;913;141;227526;107848;6.8;3.2
53;2021-03-08;5160;2203;232686;110051;7.0;3.3
53;2021-03-09;9652;2917;242338;112968;7.3;3.4
53;2021-03-10;9265;3357;251603;116325;7.5;3.5
53;2021-03-11;14282;4033;265885;120358;8.0;3.6
53;2021-03-12;18580;3212;284465;123570;8.5;3.7
53;2021-03-13;8785;934;293250;124504;8.8;3.7
53;2021-03-14;811;50;294061;124554;8.8;3.7
53;2021-03-15;6878;2024;300939;126578;9.0;3.8
53;2021-03-16;6978;3400;307917;129978;9.2;3.9
53;2021-03-17;8223;2815;316140;132793;9.5;4.0
53;2021-03-18;8710;4652;324850;137445;9.7;4.1
53;2021-03-19;12971;3641;337821;141086;10.1;4.2
53;2021-03-20;7111;806;344932;141892;10.3;4.2
53;2021-03-21;381;32;345313;141924;10.3;4.2
53;2021-03-22;7327;2158;352640;144082;10.6;4.3
53;2021-03-23;12958;3658;365598;147740;10.9;4.4
53;2021-03-24;14358;3218;379956;150958;11.4;4.5
53;2021-03-25;18232;3351;398188;154309;11.9;4.6
53;2021-03-26;20236;3176;418424;157485;12.5;4.7
53;2021-03-27;7393;1010;425817;158495;12.7;4.7
53;2021-03-28;526;86;426343;158581;12.8;4.7
53;2021-03-29;9785;3160;436128;161741;13.1;4.8
53;2021-03-30;15284;4585;451412;166326;13.5;5.0
53;2021-03-31;14095;4249;465507;170575;13.9;5.1
53;2021-04-01;18150;4258;483657;174833;14.5;5.2
53;2021-04-02;17847;4343;501504;179176;15.0;5.4
53;2021-04-03;6414;1419;507918;180595;15.2;5.4
53;2021-04-04;412;31;508330;180626;15.2;5.4
53;2021-04-05;1225;334;509555;180960;15.3;5.4
53;2021-04-06;12500;5679;522055;186639;15.6;5.6
53;2021-04-07;15019;5346;537074;191985;16.1;5.7
53;2021-04-08;20567;6075;557641;198060;16.7;5.9
53;2021-04-09;26579;5544;584220;203604;17.5;6.1
53;2021-04-10;10310;1710;594530;205314;17.8;6.1
53;2021-04-11;811;213;595341;205527;17.8;6.2
53;2021-04-12;15816;4902;611157;210429;18.3;6.3
53;2021-04-13;22661;7209;633818;217638;19.0;6.5
53;2021-04-14;19323;7912;653141;225550;19.6;6.8
53;2021-04-15;25309;8033;678450;233583;20.3;7.0
53;2021-04-16;26206;7544;704656;241127;21.1;7.2
53;2021-04-17;10455;3601;715111;244728;21.4;7.3
53;2021-04-18;1033;147;716144;244875;21.4;7.3
53;2021-04-19;15393;6522;731537;251397;21.9;7.5
53;2021-04-20;16935;9559;748472;260956;22.4;7.8
53;2021-04-21;16761;9449;765233;270405;22.9;8.1
53;2021-04-22;21737;10170;786970;280575;23.6;8.4
53;2021-04-23;21672;10059;808642;290634;24.2;8.7
53;2021-04-24;10012;4179;818654;294813;24.5;8.8
53;2021-04-25;904;331;819558;295144;24.5;8.8
53;2021-04-26;18195;8458;837753;303602;25.1;9.1
53;2021-04-27;19807;12041;857560;315643;25.7;9.4
53;2021-04-28;19898;10783;877458;326426;26.3;9.8
53;2021-04-29;23421;12235;900879;338661;27.0;10.1
53;2021-04-30;23808;12410;924687;351071;27.7;10.5
53;2021-05-01;5094;1621;929781;352692;27.8;10.6
53;2021-05-02;2784;515;932565;353207;27.9;10.6
53;2021-05-03;15630;9362;948195;362569;28.4;10.9
53;2021-05-04;15490;15773;963685;378342;28.8;11.3
53;2021-05-05;14821;14667;978506;393009;29.3;11.8
53;2021-05-06;19189;17821;997695;410830;29.9;12.3
53;2021-05-07;18544;18199;1016239;429029;30.4;12.8
53;2021-05-08;5399;1114;1021638;430143;30.6;12.9
53;2021-05-09;3501;855;1025139;430998;30.7;12.9
53;2021-05-10;16461;15198;1041600;446196;31.2;13.4
53;2021-05-11;18508;18716;1060108;464912;31.7;13.9
53;2021-05-12;20978;15597;1081086;480509;32.4;14.4
53;2021-05-13;9002;3943;1090088;484452;32.6;14.5
53;2021-05-14;21631;13709;1111719;498161;33.3;14.9
53;2021-05-15;13361;5320;1125080;503481;33.7;15.1
53;2021-05-16;3213;873;1128293;504354;33.8;15.1
53;2021-05-17;18092;11146;1146385;515500;34.3;15.4
53;2021-05-18;20785;12366;1167170;527866;34.9;15.8
53;2021-05-19;21498;10605;1188668;538471;35.6;16.1
53;2021-05-20;23797;14700;1212465;553171;36.3;16.6
53;2021-05-21;22805;15221;1235270;568392;37.0;17.0
53;2021-05-22;13125;5830;1248395;574222;37.4;17.2
53;2021-05-23;2969;309;1251364;574531;37.5;17.2
53;2021-05-24;13922;2483;1265286;577014;37.9;17.3
53;2021-05-25;19901;12798;1285187;589812;38.5;17.7
53;2021-05-26;19215;13768;1304402;603580;39.0;18.1
53;2021-05-27;22012;17382;1326414;620962;39.7;18.6
53;2021-05-28;21726;20387;1348140;641349;40.4;19.2
53;2021-05-29;12131;7320;1360271;648669;40.7;19.4
53;2021-05-30;2303;472;1362574;649141;40.8;19.4
53;2021-05-31;20666;14066;1383240;663207;41.4;19.9
53;2021-06-01;22881;16457;1406121;679664;42.1;20.3
53;2021-06-02;21618;14197;1427739;693861;42.7;20.8
53;2021-06-03;24991;16825;1452730;710686;43.5;21.3
53;2021-06-04;23007;22529;1475737;733215;44.2;22.0
53;2021-06-05;17227;8955;1492964;742170;44.7;22.2
53;2021-06-06;4997;1320;1497961;743490;44.8;22.3
53;2021-06-07;18286;17753;1516247;761243;45.4;22.8
75;2020-12-27;1;0;1;0;0.0;0.0
75;2020-12-28;2;0;3;0;0.0;0.0
75;2020-12-29;3;0;6;0;0.0;0.0
75;2020-12-30;2;0;8;0;0.0;0.0
75;2020-12-31;0;0;8;0;0.0;0.0
75;2021-01-01;4;0;12;0;0.0;0.0
75;2021-01-02;2;0;14;0;0.0;0.0
75;2021-01-03;0;0;14;0;0.0;0.0
75;2021-01-04;90;0;104;0;0.0;0.0
75;2021-01-05;124;0;228;0;0.0;0.0
75;2021-01-06;736;1;964;1;0.0;0.0
75;2021-01-07;4920;3;5884;4;0.1;0.0
75;2021-01-08;5455;3;11339;7;0.2;0.0
75;2021-01-09;845;1;12184;8;0.2;0.0
75;2021-01-10;479;0;12663;8;0.2;0.0
75;2021-01-11;3575;1;16238;9;0.3;0.0
75;2021-01-12;5945;4;22183;13;0.4;0.0
75;2021-01-13;6551;10;28734;23;0.5;0.0
75;2021-01-14;8118;71;36852;94;0.6;0.0
75;2021-01-15;7606;25;44458;119;0.7;0.0
75;2021-01-16;1607;14;46065;133;0.8;0.0
75;2021-01-17;425;4;46490;137;0.8;0.0
75;2021-01-18;6883;28;53373;165;0.9;0.0
75;2021-01-19;14036;10;67409;175;1.1;0.0
75;2021-01-20;15536;11;82945;186;1.4;0.0
75;2021-01-21;16948;18;99893;204;1.7;0.0
75;2021-01-22;12970;20;112863;224;1.9;0.0
75;2021-01-23;4419;3;117282;227;2.0;0.0
75;2021-01-24;700;1;117982;228;2.0;0.0
75;2021-01-25;8862;216;126844;444;2.1;0.0
75;2021-01-26;11715;449;138559;893;2.3;0.0
75;2021-01-27;12269;768;150828;1661;2.5;0.0
75;2021-01-28;12939;2653;163767;4314;2.7;0.1
75;2021-01-29;9999;2985;173766;7299;2.9;0.1
75;2021-01-30;3378;516;177144;7815;3.0;0.1
75;2021-01-31;646;420;177790;8235;3.0;0.1
75;2021-02-01;5769;2639;183559;10874;3.1;0.2
75;2021-02-02;9596;4354;193155;15228;3.2;0.3
75;2021-02-03;9594;4368;202749;19596;3.4;0.3
75;2021-02-04;10749;5679;213498;25275;3.6;0.4
75;2021-02-05;7486;5634;220984;30909;3.7;0.5
75;2021-02-06;2377;1105;223361;32014;3.7;0.5
75;2021-02-07;673;250;224034;32264;3.7;0.5
75;2021-02-08;5134;3651;229168;35915;3.8;0.6
75;2021-02-09;7307;8077;236475;43992;3.9;0.7
75;2021-02-10;7570;8729;244045;52721;4.1;0.9
75;2021-02-11;8840;10264;252885;62985;4.2;1.0
75;2021-02-12;7405;8828;260290;71813;4.3;1.2
75;2021-02-13;1951;1759;262241;73572;4.4;1.2
75;2021-02-14;274;364;262515;73936;4.4;1.2
75;2021-02-15;3235;7835;265750;81771;4.4;1.4
75;2021-02-16;4619;10517;270369;92288;4.5;1.5
75;2021-02-17;4756;11300;275125;103588;4.6;1.7
75;2021-02-18;5448;12834;280573;116422;4.7;1.9
75;2021-02-19;5417;9622;285990;126044;4.8;2.1
75;2021-02-20;987;2632;286977;128676;4.8;2.1
75;2021-02-21;186;667;287163;129343;4.8;2.2
75;2021-02-22;3647;8509;290810;137852;4.8;2.3
75;2021-02-23;5350;10930;296160;148782;4.9;2.5
75;2021-02-24;6127;10273;302287;159055;5.0;2.7
75;2021-02-25;10010;11767;312297;170822;5.2;2.8
75;2021-02-26;12220;8840;324517;179662;5.4;3.0
75;2021-02-27;5782;2482;330299;182144;5.5;3.0
75;2021-02-28;311;694;330610;182838;5.5;3.0
75;2021-03-01;5087;7004;335697;189842;5.6;3.2
75;2021-03-02;9364;8146;345061;197988;5.8;3.3
75;2021-03-03;10843;7807;355904;205795;5.9;3.4
75;2021-03-04;16728;8153;372632;213948;6.2;3.6
75;2021-03-05;20830;7415;393462;221363;6.6;3.7
75;2021-03-06;13404;2207;406866;223570;6.8;3.7
75;2021-03-07;3712;457;410578;224027;6.8;3.7
75;2021-03-08;9973;5369;420551;229396;7.0;3.8
75;2021-03-09;16833;6460;437384;235856;7.3;3.9
75;2021-03-10;18233;6285;455617;242141;7.6;4.0
75;2021-03-11;26420;6642;482037;248783;8.0;4.1
75;2021-03-12;31284;5332;513321;254115;8.6;4.2
75;2021-03-13;17813;1169;531134;255284;8.9;4.3
75;2021-03-14;1693;237;532827;255521;8.9;4.3
75;2021-03-15;14054;3404;546881;258925;9.1;4.3
75;2021-03-16;13679;3697;560560;262622;9.3;4.4
75;2021-03-17;14735;3866;575295;266488;9.6;4.4
75;2021-03-18;16321;4676;591616;271164;9.9;4.5
75;2021-03-19;22401;4253;614017;275417;10.2;4.6
75;2021-03-20;13990;809;628007;276226;10.5;4.6
75;2021-03-21;2458;106;630465;276332;10.5;4.6
75;2021-03-22;16770;3435;647235;279767;10.8;4.7
75;2021-03-23;25204;3856;672439;283623;11.2;4.7
75;2021-03-24;27096;4282;699535;287905;11.7;4.8
75;2021-03-25;35534;4585;735069;292490;12.3;4.9
75;2021-03-26;38528;4132;773597;296622;12.9;4.9
75;2021-03-27;15678;1257;789275;297879;13.2;5.0
75;2021-03-28;2720;384;791995;298263;13.2;5.0
75;2021-03-29;22809;4106;814804;302369;13.6;5.0
75;2021-03-30;31576;5921;846380;308290;14.1;5.1
75;2021-03-31;29703;5884;876083;314174;14.6;5.2
75;2021-04-01;34959;6891;911042;321065;15.2;5.4
75;2021-04-02;32277;6829;943319;327894;15.7;5.5
75;2021-04-03;12808;2619;956127;330513;15.9;5.5
75;2021-04-04;2134;335;958261;330848;16.0;5.5
75;2021-04-05;6363;593;964624;331441;16.1;5.5
75;2021-04-06;26329;10781;990953;342222;16.5;5.7
75;2021-04-07;32332;10977;1023285;353199;17.1;5.9
75;2021-04-08;39507;12292;1062792;365491;17.7;6.1
75;2021-04-09;49170;10912;1111962;376403;18.5;6.3
75;2021-04-10;24349;4942;1136311;381345;18.9;6.4
75;2021-04-11;4966;712;1141277;382057;19.0;6.4
75;2021-04-12;27346;11798;1168623;393855;19.5;6.6
75;2021-04-13;35655;14273;1204278;408128;20.1;6.8
75;2021-04-14;35366;14418;1239644;422546;20.7;7.0
75;2021-04-15;37628;15016;1277272;437562;21.3;7.3
75;2021-04-16;37088;15083;1314360;452645;21.9;7.5
75;2021-04-17;19524;7348;1333884;459993;22.2;7.7
75;2021-04-18;4071;2046;1337955;462039;22.3;7.7
75;2021-04-19;20879;14917;1358834;476956;22.6;7.9
75;2021-04-20;28466;19075;1387300;496031;23.1;8.3
75;2021-04-21;27795;18008;1415095;514039;23.6;8.6
75;2021-04-22;30325;19626;1445420;533665;24.1;8.9
75;2021-04-23;29005;20168;1474425;553833;24.6;9.2
75;2021-04-24;16987;9107;1491412;562940;24.9;9.4
75;2021-04-25;4596;1495;1496008;564435;24.9;9.4
75;2021-04-26;22287;19252;1518295;583687;25.3;9.7
75;2021-04-27;29101;24259;1547396;607946;25.8;10.1
75;2021-04-28;31029;23966;1578425;631912;26.3;10.5
75;2021-04-29;37124;26568;1615549;658480;26.9;11.0
75;2021-04-30;37600;25792;1653149;684272;27.6;11.4
75;2021-05-01;15637;5713;1668786;689985;27.8;11.5
75;2021-05-02;7216;2590;1676002;692575;27.9;11.5
75;2021-05-03;27120;21038;1703122;713613;28.4;11.9
75;2021-05-04;30174;29238;1733296;742851;28.9;12.4
75;2021-05-05;31302;30914;1764598;773765;29.4;12.9
75;2021-05-06;35786;32329;1800384;806094;30.0;13.4
75;2021-05-07;37341;34306;1837725;840400;30.6;14.0
75;2021-05-08;17319;8029;1855044;848429;30.9;14.1
75;2021-05-09;7288;4138;1862332;852567;31.0;14.2
75;2021-05-10;24975;28971;1887307;881538;31.5;14.7
75;2021-05-11;35405;32910;1922712;914448;32.0;15.2
75;2021-05-12;35334;30087;1958046;944535;32.6;15.7
75;2021-05-13;22593;7476;1980639;952011;33.0;15.9
75;2021-05-14;33717;20804;2014356;972815;33.6;16.2
75;2021-05-15;22856;11054;2037212;983869;34.0;16.4
75;2021-05-16;7365;2056;2044577;985925;34.1;16.4
75;2021-05-17;33773;19172;2078350;1005097;34.6;16.8
75;2021-05-18;42510;19861;2120860;1024958;35.3;17.1
75;2021-05-19;42547;17560;2163407;1042518;36.1;17.4
75;2021-05-20;45799;20300;2209206;1062818;36.8;17.7
75;2021-05-21;42701;21327;2251907;1084145;37.5;18.1
75;2021-05-22;23215;9764;2275122;1093909;37.9;18.2
75;2021-05-23;7798;1419;2282920;1095328;38.0;18.3
75;2021-05-24;18677;4037;2301597;1099365;38.4;18.3
75;2021-05-25;36775;20924;2338372;1120289;39.0;18.7
75;2021-05-26;38188;21423;2376560;1141712;39.6;19.0
75;2021-05-27;42817;27018;2419377;1168730;40.3;19.5
75;2021-05-28;38789;32226;2458166;1200956;41.0;20.0
75;2021-05-29;19624;18075;2477790;1219031;41.3;20.3
75;2021-05-30;5769;2282;2483559;1221313;41.4;20.4
75;2021-05-31;31585;23092;2515144;1244405;41.9;20.7
75;2021-06-01;40903;29551;2556047;1273956;42.6;21.2
75;2021-06-02;41196;28143;2597243;1302099;43.3;21.7
75;2021-06-03;47511;31131;2644754;1333230;44.1;22.2
75;2021-06-04;44215;36859;2688969;1370089;44.8;22.8
75;2021-06-05;24294;18455;2713263;1388544;45.2;23.1
75;2021-06-06;8721;4305;2721984;1392849;45.4;23.2
75;2021-06-07;31098;31432;2753082;1424281;45.9;23.7
76;2020-12-27;0;0;0;0;0.0;0.0
76;2020-12-28;3;0;3;0;0.0;0.0
76;2020-12-29;0;0;3;0;0.0;0.0
76;2020-12-30;0;0;3;0;0.0;0.0
76;2020-12-31;1;0;4;0;0.0;0.0
76;2021-01-01;3;0;7;0;0.0;0.0
76;2021-01-02;2;0;9;0;0.0;0.0
76;2021-01-03;2;0;11;0;0.0;0.0
76;2021-01-04;59;1;70;1;0.0;0.0
76;2021-01-05;473;1;543;2;0.0;0.0
76;2021-01-06;784;1;1327;3;0.0;0.0
76;2021-01-07;2537;3;3864;6;0.1;0.0
76;2021-01-08;3212;1;7076;7;0.1;0.0
76;2021-01-09;1537;0;8613;7;0.1;0.0
76;2021-01-10;517;0;9130;7;0.2;0.0
76;2021-01-11;3523;7;12653;14;0.2;0.0
76;2021-01-12;5736;6;18389;20;0.3;0.0
76;2021-01-13;6474;9;24863;29;0.4;0.0
76;2021-01-14;8985;79;33848;108;0.6;0.0
76;2021-01-15;7250;28;41098;136;0.7;0.0
76;2021-01-16;1951;20;43049;156;0.7;0.0
76;2021-01-17;708;3;43757;159;0.7;0.0
76;2021-01-18;7700;19;51457;178;0.9;0.0
76;2021-01-19;11189;23;62646;201;1.1;0.0
76;2021-01-20;13687;19;76333;220;1.3;0.0
76;2021-01-21;16672;17;93005;237;1.6;0.0
76;2021-01-22;11855;28;104860;265;1.8;0.0
76;2021-01-23;3879;7;108739;272;1.8;0.0
76;2021-01-24;766;11;109505;283;1.8;0.0
76;2021-01-25;7825;95;117330;378;2.0;0.0
76;2021-01-26;10340;279;127670;657;2.2;0.0
76;2021-01-27;10838;476;138508;1133;2.3;0.0
76;2021-01-28;10136;1691;148644;2824;2.5;0.0
76;2021-01-29;8084;1988;156728;4812;2.6;0.1
76;2021-01-30;3183;771;159911;5583;2.7;0.1
76;2021-01-31;517;267;160428;5850;2.7;0.1
76;2021-02-01;5850;2602;166278;8452;2.8;0.1
76;2021-02-02;10051;3994;176329;12446;3.0;0.2
76;2021-02-03;9515;4064;185844;16510;3.1;0.3
76;2021-02-04;10090;5956;195934;22466;3.3;0.4
76;2021-02-05;7772;5024;203706;27490;3.4;0.5
76;2021-02-06;2689;1050;206395;28540;3.5;0.5
76;2021-02-07;541;494;206936;29034;3.5;0.5
76;2021-02-08;4838;4526;211774;33560;3.6;0.6
76;2021-02-09;6313;6817;218087;40377;3.7;0.7
76;2021-02-10;7167;9230;225254;49607;3.8;0.8
76;2021-02-11;9120;10731;234374;60338;4.0;1.0
76;2021-02-12;8043;7678;242417;68016;4.1;1.1
76;2021-02-13;2645;2269;245062;70285;4.1;1.2
76;2021-02-14;356;994;245418;71279;4.1;1.2
76;2021-02-15;3380;6462;248798;77741;4.2;1.3
76;2021-02-16;4240;8688;253038;86429;4.3;1.5
76;2021-02-17;4372;9643;257410;96072;4.3;1.6
76;2021-02-18;5868;9983;263278;106055;4.4;1.8
76;2021-02-19;4837;8123;268115;114178;4.5;1.9
76;2021-02-20;1529;3034;269644;117212;4.6;2.0
76;2021-02-21;262;594;269906;117806;4.6;2.0
76;2021-02-22;3271;7657;273177;125463;4.6;2.1
76;2021-02-23;4915;10228;278092;135691;4.7;2.3
76;2021-02-24;4644;10412;282736;146103;4.8;2.5
76;2021-02-25;8303;9882;291039;155985;4.9;2.6
76;2021-02-26;9629;8376;300668;164361;5.1;2.8
76;2021-02-27;3709;3089;304377;167450;5.1;2.8
76;2021-02-28;430;452;304807;167902;5.1;2.8
76;2021-03-01;5295;6121;310102;174023;5.2;2.9
76;2021-03-02;8212;7554;318314;181577;5.4;3.1
76;2021-03-03;9207;7456;327521;189033;5.5;3.2
76;2021-03-04;14311;7884;341832;196917;5.8;3.3
76;2021-03-05;16906;7117;358738;204034;6.1;3.4
76;2021-03-06;15840;2121;374578;206155;6.3;3.5
76;2021-03-07;11364;442;385942;206597;6.5;3.5
76;2021-03-08;9915;5502;395857;212099;6.7;3.6
76;2021-03-09;16181;6437;412038;218536;7.0;3.7
76;2021-03-10;16400;6464;428438;225000;7.2;3.8
76;2021-03-11;22534;6345;450972;231345;7.6;3.9
76;2021-03-12;26360;5223;477332;236568;8.1;4.0
76;2021-03-13;14877;2131;492209;238699;8.3;4.0
76;2021-03-14;2316;350;494525;239049;8.3;4.0
76;2021-03-15;13465;3265;507990;242314;8.6;4.1
76;2021-03-16;11753;4510;519743;246824;8.8;4.2
76;2021-03-17;12826;3955;532569;250779;9.0;4.2
76;2021-03-18;13686;4962;546255;255741;9.2;4.3
76;2021-03-19;18609;3973;564864;259714;9.5;4.4
76;2021-03-20;10630;1107;575494;260821;9.7;4.4
76;2021-03-21;3192;216;578686;261037;9.8;4.4
76;2021-03-22;14631;3557;593317;264594;10.0;4.5
76;2021-03-23;22182;4291;615499;268885;10.4;4.5
76;2021-03-24;23527;4139;639026;273024;10.8;4.6
76;2021-03-25;31883;4543;670909;277567;11.3;4.7
76;2021-03-26;30728;4009;701637;281576;11.8;4.8
76;2021-03-27;16170;1378;717807;282954;12.1;4.8
76;2021-03-28;4862;180;722669;283134;12.2;4.8
76;2021-03-29;22243;4836;744912;287970;12.6;4.9
76;2021-03-30;29579;5645;774491;293615;13.1;5.0
76;2021-03-31;26800;5516;801291;299131;13.5;5.0
76;2021-04-01;34362;5810;835653;304941;14.1;5.1
76;2021-04-02;29257;5689;864910;310630;14.6;5.2
76;2021-04-03;12109;2823;877019;313453;14.8;5.3
76;2021-04-04;4348;645;881367;314098;14.9;5.3
76;2021-04-05;4280;662;885647;314760;14.9;5.3
76;2021-04-06;22786;9689;908433;324449;15.3;5.5
76;2021-04-07;25202;9809;933635;334258;15.8;5.6
76;2021-04-08;33039;10158;966674;344416;16.3;5.8
76;2021-04-09;38788;9525;1005462;353941;17.0;6.0
76;2021-04-10;22668;5103;1028130;359044;17.4;6.1
76;2021-04-11;8847;1411;1036977;360455;17.5;6.1
76;2021-04-12;25964;10450;1062941;370905;17.9;6.3
76;2021-04-13;35693;12768;1098634;383673;18.5;6.5
76;2021-04-14;32793;13187;1131427;396860;19.1;6.7
76;2021-04-15;37356;13743;1168783;410603;19.7;6.9
76;2021-04-16;34347;13045;1203130;423648;20.3;7.2
76;2021-04-17;21342;6598;1224472;430246;20.7;7.3
76;2021-04-18;7701;2671;1232173;432917;20.8;7.3
76;2021-04-19;22026;12882;1254199;445799;21.2;7.5
76;2021-04-20;27940;16662;1282139;462461;21.6;7.8
76;2021-04-21;26993;16879;1309132;479340;22.1;8.1
76;2021-04-22;30320;17855;1339452;497195;22.6;8.4
76;2021-04-23;28636;16341;1368088;513536;23.1;8.7
76;2021-04-24;18457;10361;1386545;523897;23.4;8.8
76;2021-04-25;6908;4182;1393453;528079;23.5;8.9
76;2021-04-26;19896;18352;1413349;546431;23.9;9.2
76;2021-04-27;26617;21337;1439966;567768;24.3;9.6
76;2021-04-28;25765;20904;1465731;588672;24.7;9.9
76;2021-04-29;29618;23124;1495349;611796;25.2;10.3
76;2021-04-30;30642;20067;1525991;631863;25.8;10.7
76;2021-05-01;17369;6969;1543360;638832;26.0;10.8
76;2021-05-02;9441;4760;1552801;643592;26.2;10.9
76;2021-05-03;26382;16720;1579183;660312;26.7;11.1
76;2021-05-04;29841;25754;1609024;686066;27.2;11.6
76;2021-05-05;27973;26341;1636997;712407;27.6;12.0
76;2021-05-06;30827;30791;1667824;743198;28.1;12.5
76;2021-05-07;31470;30708;1699294;773906;28.7;13.1
76;2021-05-08;16846;10496;1716140;784402;29.0;13.2
76;2021-05-09;9669;8659;1725809;793061;29.1;13.4
76;2021-05-10;23897;27998;1749706;821059;29.5;13.9
76;2021-05-11;31335;32994;1781041;854053;30.1;14.4
76;2021-05-12;32982;29328;1814023;883381;30.6;14.9
76;2021-05-13;25796;9671;1839819;893052;31.1;15.1
76;2021-05-14;34342;21231;1874161;914283;31.6;15.4
76;2021-05-15;24470;12180;1898631;926463;32.0;15.6
76;2021-05-16;15371;3764;1914002;930227;32.3;15.7
76;2021-05-17;27713;19180;1941715;949407;32.8;16.0
76;2021-05-18;35014;19513;1976729;968920;33.4;16.4
76;2021-05-19;36754;16873;2013483;985793;34.0;16.6
76;2021-05-20;40881;18614;2054364;1004407;34.7;17.0
76;2021-05-21;37811;19957;2092175;1024364;35.3;17.3
76;2021-05-22;26897;9221;2119072;1033585;35.8;17.4
76;2021-05-23;13255;1789;2132327;1035374;36.0;17.5
76;2021-05-24;15358;4085;2147685;1039459;36.2;17.5
76;2021-05-25;31419;20687;2179104;1060146;36.8;17.9
76;2021-05-26;33175;19142;2212279;1079288;37.3;18.2
76;2021-05-27;36036;24334;2248315;1103622;37.9;18.6
76;2021-05-28;32321;28195;2280636;1131817;38.5;19.1
76;2021-05-29;19363;16702;2299999;1148519;38.8;19.4
76;2021-05-30;6079;6298;2306078;1154817;38.9;19.5
76;2021-05-31;25655;22815;2331733;1177632;39.4;19.9
76;2021-06-01;31027;29745;2362760;1207377;39.9;20.4
76;2021-06-02;30479;27940;2393239;1235317;40.4;20.8
76;2021-06-03;33981;33006;2427220;1268323;41.0;21.4
76;2021-06-04;34800;34111;2462020;1302434;41.6;22.0
76;2021-06-05;25907;19642;2487927;1322076;42.0;22.3
76;2021-06-06;14018;6422;2501945;1328498;42.2;22.4
76;2021-06-07;25455;27546;2527400;1356044;42.7;22.9
84;2020-12-27;1;0;1;0;0.0;0.0
84;2020-12-28;7;0;8;0;0.0;0.0
84;2020-12-29;5;0;13;0;0.0;0.0
84;2020-12-30;5;0;18;0;0.0;0.0
84;2020-12-31;12;0;30;0;0.0;0.0
84;2021-01-01;10;0;40;0;0.0;0.0
84;2021-01-02;2;1;42;1;0.0;0.0
84;2021-01-03;0;0;42;1;0.0;0.0
84;2021-01-04;174;0;216;1;0.0;0.0
84;2021-01-05;458;1;674;2;0.0;0.0
84;2021-01-06;1135;0;1809;2;0.0;0.0
84;2021-01-07;2845;3;4654;5;0.1;0.0
84;2021-01-08;3069;1;7723;6;0.1;0.0
84;2021-01-09;512;1;8235;7;0.1;0.0
84;2021-01-10;160;0;8395;7;0.1;0.0
84;2021-01-11;4274;8;12669;15;0.2;0.0
84;2021-01-12;6350;14;19019;29;0.2;0.0
84;2021-01-13;6833;11;25852;40;0.3;0.0
84;2021-01-14;9038;54;34890;94;0.4;0.0
84;2021-01-15;7742;26;42632;120;0.5;0.0
84;2021-01-16;2953;6;45585;126;0.6;0.0
84;2021-01-17;918;2;46503;128;0.6;0.0
84;2021-01-18;8944;31;55447;159;0.7;0.0
84;2021-01-19;15037;74;70484;233;0.9;0.0
84;2021-01-20;15463;31;85947;264;1.1;0.0
84;2021-01-21;14537;41;100484;305;1.3;0.0
84;2021-01-22;12385;34;112869;339;1.4;0.0
84;2021-01-23;4757;2;117626;341;1.5;0.0
84;2021-01-24;810;1;118436;342;1.5;0.0
84;2021-01-25;8748;143;127184;485;1.6;0.0
84;2021-01-26;11879;313;139063;798;1.7;0.0
84;2021-01-27;12033;608;151096;1406;1.9;0.0
84;2021-01-28;13785;1532;164881;2938;2.1;0.0
84;2021-01-29;10787;1306;175668;4244;2.2;0.1
84;2021-01-30;4138;146;179806;4390;2.2;0.1
84;2021-01-31;498;1;180304;4391;2.2;0.1
84;2021-02-01;6531;1875;186835;6266;2.3;0.1
84;2021-02-02;10577;3509;197412;9775;2.5;0.1
84;2021-02-03;11515;3913;208927;13688;2.6;0.2
84;2021-02-04;12529;5517;221456;19205;2.8;0.2
84;2021-02-05;8596;4690;230052;23895;2.9;0.3
84;2021-02-06;2648;952;232700;24847;2.9;0.3
84;2021-02-07;452;438;233152;25285;2.9;0.3
84;2021-02-08;6211;4963;239363;30248;3.0;0.4
84;2021-02-09;9353;8236;248716;38484;3.1;0.5
84;2021-02-10;9657;8600;258373;47084;3.2;0.6
84;2021-02-11;10683;9871;269056;56955;3.3;0.7
84;2021-02-12;9691;7919;278747;64874;3.5;0.8
84;2021-02-13;3496;2334;282243;67208;3.5;0.8
84;2021-02-14;622;455;282865;67663;3.5;0.8
84;2021-02-15;4863;8349;287728;76012;3.6;0.9
84;2021-02-16;6080;10742;293808;86754;3.7;1.1
84;2021-02-17;6043;11552;299851;98306;3.7;1.2
84;2021-02-18;7075;11739;306926;110045;3.8;1.4
84;2021-02-19;6637;9325;313563;119370;3.9;1.5
84;2021-02-20;1836;3265;315399;122635;3.9;1.5
84;2021-02-21;179;504;315578;123139;3.9;1.5
84;2021-02-22;4283;8820;319861;131959;4.0;1.6
84;2021-02-23;7270;11396;327131;143355;4.1;1.8
84;2021-02-24;7773;11994;334904;155349;4.2;1.9
84;2021-02-25;12705;13733;347609;169082;4.3;2.1
84;2021-02-26;14864;10304;362473;179386;4.5;2.2
84;2021-02-27;5552;2905;368025;182291;4.6;2.3
84;2021-02-28;500;511;368525;182802;4.6;2.3
84;2021-03-01;9277;6396;377802;189198;4.7;2.4
84;2021-03-02;14940;8751;392742;197949;4.9;2.5
84;2021-03-03;14771;8605;407513;206554;5.1;2.6
84;2021-03-04;20923;8353;428436;214907;5.3;2.7
84;2021-03-05;25740;7576;454176;222483;5.7;2.8
84;2021-03-06;19471;2318;473647;224801;5.9;2.8
84;2021-03-07;8408;420;482055;225221;6.0;2.8
84;2021-03-08;12240;6777;494295;231998;6.2;2.9
84;2021-03-09;20687;7680;514982;239678;6.4;3.0
84;2021-03-10;20257;7480;535239;247158;6.7;3.1
84;2021-03-11;29422;8117;564661;255275;7.0;3.2
84;2021-03-12;36141;7550;600802;262825;7.5;3.3
84;2021-03-13;21407;1808;622209;264633;7.7;3.3
84;2021-03-14;4675;452;626884;265085;7.8;3.3
84;2021-03-15;18836;4727;645720;269812;8.0;3.4
84;2021-03-16;17056;6099;662776;275911;8.3;3.4
84;2021-03-17;17586;6452;680362;282363;8.5;3.5
84;2021-03-18;21468;6913;701830;289276;8.7;3.6
84;2021-03-19;28940;5468;730770;294744;9.1;3.7
84;2021-03-20;14514;1352;745284;296096;9.3;3.7
84;2021-03-21;3236;260;748520;296356;9.3;3.7
84;2021-03-22;19716;5096;768236;301452;9.6;3.8
84;2021-03-23;30710;5869;798946;307321;9.9;3.8
84;2021-03-24;29906;5769;828852;313090;10.3;3.9
84;2021-03-25;41444;6366;870296;319456;10.8;4.0
84;2021-03-26;42884;6670;913180;326126;11.4;4.1
84;2021-03-27;18121;2875;931301;329001;11.6;4.1
84;2021-03-28;6497;569;937798;329570;11.7;4.1
84;2021-03-29;22903;7861;960701;337431;12.0;4.2
84;2021-03-30;34862;10056;995563;347487;12.4;4.3
84;2021-03-31;29520;10906;1025083;358393;12.8;4.5
84;2021-04-01;37145;11296;1062228;369689;13.2;4.6
84;2021-04-02;34780;11214;1097008;380903;13.7;4.7
84;2021-04-03;14778;6197;1111786;387100;13.8;4.8
84;2021-04-04;9927;1990;1121713;389090;14.0;4.8
84;2021-04-05;13518;1637;1135231;390727;14.1;4.9
84;2021-04-06;26197;13094;1161428;403821;14.5;5.0
84;2021-04-07;29431;14576;1190859;418397;14.8;5.2
84;2021-04-08;39565;15296;1230424;433693;15.3;5.4
84;2021-04-09;49271;14875;1279695;448568;15.9;5.6
84;2021-04-10;20414;8058;1300109;456626;16.2;5.7
84;2021-04-11;7206;2658;1307315;459284;16.3;5.7
84;2021-04-12;27248;15512;1334563;474796;16.6;5.9
84;2021-04-13;36101;19328;1370664;494124;17.1;6.2
84;2021-04-14;34575;18199;1405239;512323;17.5;6.4
84;2021-04-15;40054;19588;1445293;531911;18.0;6.6
84;2021-04-16;38116;19953;1483409;551864;18.5;6.9
84;2021-04-17;20468;8990;1503877;560854;18.7;7.0
84;2021-04-18;6836;2681;1510713;563535;18.8;7.0
84;2021-04-19;26175;18500;1536888;582035;19.1;7.2
84;2021-04-20;31154;22416;1568042;604451;19.5;7.5
84;2021-04-21;28005;21404;1596047;625855;19.9;7.8
84;2021-04-22;32126;22557;1628173;648412;20.3;8.1
84;2021-04-23;32693;23004;1660866;671416;20.7;8.4
84;2021-04-24;17894;11900;1678760;683316;20.9;8.5
84;2021-04-25;7130;4248;1685890;687564;21.0;8.6
84;2021-04-26;23666;20006;1709556;707570;21.3;8.8
84;2021-04-27;31711;25188;1741267;732758;21.7;9.1
84;2021-04-28;32333;24771;1773600;757529;22.1;9.4
84;2021-04-29;39478;26464;1813078;783993;22.6;9.8
84;2021-04-30;38021;27737;1851099;811730;23.0;10.1
84;2021-05-01;17010;5311;1868109;817041;23.3;10.2
84;2021-05-02;7899;8556;1876008;825597;23.4;10.3
84;2021-05-03;30121;27440;1906129;853037;23.7;10.6
84;2021-05-04;36949;33685;1943078;886722;24.2;11.0
84;2021-05-05;39965;30121;1983043;916843;24.7;11.4
84;2021-05-06;46316;32549;2029359;949392;25.3;11.8
84;2021-05-07;46624;36747;2075983;986139;25.8;12.3
84;2021-05-08;19504;7558;2095487;993697;26.1;12.4
84;2021-05-09;15800;8882;2111287;1002579;26.3;12.5
84;2021-05-10;35634;31918;2146921;1034497;26.7;12.9
84;2021-05-11;52344;36154;2199265;1070651;27.4;13.3
84;2021-05-12;56047;31765;2255312;1102416;28.1;13.7
84;2021-05-13;47068;10441;2302380;1112857;28.7;13.9
84;2021-05-14;57019;24869;2359399;1137726;29.4;14.2
84;2021-05-15;43778;13530;2403177;1151256;29.9;14.3
84;2021-05-16;30259;5053;2433436;1156309;30.3;14.4
84;2021-05-17;48054;24839;2481490;1181148;30.9;14.7
84;2021-05-18;58697;27238;2540187;1208386;31.6;15.0
84;2021-05-19;58094;23448;2598281;1231834;32.3;15.3
84;2021-05-20;61162;26915;2659443;1258749;33.1;15.7
84;2021-05-21;60651;29244;2720094;1287993;33.9;16.0
84;2021-05-22;40297;12813;2760391;1300806;34.4;16.2
84;2021-05-23;21302;3886;2781693;1304692;34.6;16.2
84;2021-05-24;39486;8458;2821179;1313150;35.1;16.3
84;2021-05-25;50101;31563;2871280;1344713;35.7;16.7
84;2021-05-26;49573;28810;2920853;1373523;36.4;17.1
84;2021-05-27;55507;31728;2976360;1405251;37.1;17.5
84;2021-05-28;54637;40381;3030997;1445632;37.7;18.0
84;2021-05-29;37546;22316;3068543;1467948;38.2;18.3
84;2021-05-30;16110;7242;3084653;1475190;38.4;18.4
84;2021-05-31;44217;29312;3128870;1504502;39.0;18.7
84;2021-06-01;48145;36519;3177015;1541021;39.6;19.2
84;2021-06-02;47542;31053;3224557;1572074;40.1;19.6
84;2021-06-03;55817;36419;3280374;1608493;40.8;20.0
84;2021-06-04;54341;42168;3334715;1650661;41.5;20.6
84;2021-06-05;37869;21530;3372584;1672191;42.0;20.8
84;2021-06-06;15871;6190;3388455;1678381;42.2;20.9
84;2021-06-07;40813;34921;3429268;1713302;42.7;21.3
93;2020-12-27;0;0;0;0;0.0;0.0
93;2020-12-28;1;0;1;0;0.0;0.0
93;2020-12-29;1;0;2;0;0.0;0.0
93;2020-12-30;3;0;5;0;0.0;0.0
93;2020-12-31;19;0;24;0;0.0;0.0
93;2021-01-01;13;0;37;0;0.0;0.0
93;2021-01-02;2;0;39;0;0.0;0.0
93;2021-01-03;2;0;41;0;0.0;0.0
93;2021-01-04;133;1;174;1;0.0;0.0
93;2021-01-05;249;1;423;2;0.0;0.0
93;2021-01-06;408;0;831;2;0.0;0.0
93;2021-01-07;1243;2;2074;4;0.0;0.0
93;2021-01-08;1561;2;3635;6;0.1;0.0
93;2021-01-09;540;0;4175;6;0.1;0.0
93;2021-01-10;73;0;4248;6;0.1;0.0
93;2021-01-11;2406;1;6654;7;0.1;0.0
93;2021-01-12;5083;5;11737;12;0.2;0.0
93;2021-01-13;4390;14;16127;26;0.3;0.0
93;2021-01-14;5518;48;21645;74;0.4;0.0
93;2021-01-15;4916;12;26561;86;0.5;0.0
93;2021-01-16;1670;2;28231;88;0.6;0.0
93;2021-01-17;299;1;28530;89;0.6;0.0
93;2021-01-18;7141;27;35671;116;0.7;0.0
93;2021-01-19;13500;31;49171;147;1.0;0.0
93;2021-01-20;12228;30;61399;177;1.2;0.0
93;2021-01-21;12295;39;73694;216;1.5;0.0
93;2021-01-22;10129;21;83823;237;1.7;0.0
93;2021-01-23;3322;5;87145;242;1.7;0.0
93;2021-01-24;536;3;87681;245;1.7;0.0
93;2021-01-25;7231;36;94912;281;1.9;0.0
93;2021-01-26;10051;132;104963;413;2.1;0.0
93;2021-01-27;9676;285;114639;698;2.3;0.0
93;2021-01-28;13653;823;128292;1521;2.5;0.0
93;2021-01-29;9834;969;138126;2490;2.7;0.0
93;2021-01-30;2239;158;140365;2648;2.8;0.1
93;2021-01-31;303;5;140668;2653;2.8;0.1
93;2021-02-01;5156;1513;145824;4166;2.9;0.1
93;2021-02-02;6638;2377;152462;6543;3.0;0.1
93;2021-02-03;5015;1817;157477;8360;3.1;0.2
93;2021-02-04;5529;3158;163006;11518;3.2;0.2
93;2021-02-05;6102;4123;169108;15641;3.3;0.3
93;2021-02-06;1244;970;170352;16611;3.4;0.3
93;2021-02-07;280;81;170632;16692;3.4;0.3
93;2021-02-08;4301;3744;174933;20436;3.5;0.4
93;2021-02-09;5885;7100;180818;27536;3.6;0.5
93;2021-02-10;5944;5881;186762;33417;3.7;0.7
93;2021-02-11;6591;6710;193353;40127;3.8;0.8
93;2021-02-12;5706;6477;199059;46604;3.9;0.9
93;2021-02-13;1127;1446;200186;48050;4.0;1.0
93;2021-02-14;73;384;200259;48434;4.0;1.0
93;2021-02-15;2405;5634;202664;54068;4.0;1.1
93;2021-02-16;3188;7696;205852;61764;4.1;1.2
93;2021-02-17;3602;8518;209454;70282;4.1;1.4
93;2021-02-18;5993;11410;215447;81692;4.3;1.6
93;2021-02-19;5612;8661;221059;90353;4.4;1.8
93;2021-02-20;876;1800;221935;92153;4.4;1.8
93;2021-02-21;68;417;222003;92570;4.4;1.8
93;2021-02-22;3021;6990;225024;99560;4.5;2.0
93;2021-02-23;3955;7239;228979;106799;4.5;2.1
93;2021-02-24;4741;6793;233720;113592;4.6;2.2
93;2021-02-25;8218;6642;241938;120234;4.8;2.4
93;2021-02-26;8253;6156;250191;126390;4.9;2.5
93;2021-02-27;3273;1476;253464;127866;5.0;2.5
93;2021-02-28;302;237;253766;128103;5.0;2.5
93;2021-03-01;5625;4472;259391;132575;5.1;2.6
93;2021-03-02;7196;5914;266587;138489;5.3;2.7
93;2021-03-03;8958;6531;275545;145020;5.5;2.9
93;2021-03-04;11998;6419;287543;151439;5.7;3.0
93;2021-03-05;12139;6066;299682;157505;5.9;3.1
93;2021-03-06;22386;1235;322068;158740;6.4;3.1
93;2021-03-07;17840;549;339908;159289;6.7;3.2
93;2021-03-08;10215;5233;350123;164522;6.9;3.3
93;2021-03-09;13917;5523;364040;170045;7.2;3.4
93;2021-03-10;14438;5238;378478;175283;7.5;3.5
93;2021-03-11;20336;6086;398814;181369;7.9;3.6
93;2021-03-12;21864;5224;420678;186593;8.3;3.7
93;2021-03-13;24289;1154;444967;187747;8.8;3.7
93;2021-03-14;6343;245;451310;187992;8.9;3.7
93;2021-03-15;15900;3072;467210;191064;9.2;3.8
93;2021-03-16;12702;3609;479912;194673;9.5;3.9
93;2021-03-17;15989;4602;495901;199275;9.8;3.9
93;2021-03-18;17016;4859;512917;204134;10.1;4.0
93;2021-03-19;20972;4651;533889;208785;10.6;4.1
93;2021-03-20;10964;1300;544853;210085;10.8;4.2
93;2021-03-21;3251;126;548104;210211;10.8;4.2
93;2021-03-22;17034;3523;565138;213734;11.2;4.2
93;2021-03-23;22597;3822;587735;217556;11.6;4.3
93;2021-03-24;21895;6569;609630;224125;12.1;4.4
93;2021-03-25;28890;6430;638520;230555;12.6;4.6
93;2021-03-26;29772;4951;668292;235506;13.2;4.7
93;2021-03-27;12404;1610;680696;237116;13.5;4.7
93;2021-03-28;3554;97;684250;237213;13.5;4.7
93;2021-03-29;18452;5282;702702;242495;13.9;4.8
93;2021-03-30;28403;6591;731105;249086;14.5;4.9
93;2021-03-31;28677;6529;759782;255615;15.0;5.1
93;2021-04-01;30633;7399;790415;263014;15.6;5.2
93;2021-04-02;26852;8390;817267;271404;16.2;5.4
93;2021-04-03;9737;4955;827004;276359;16.4;5.5
93;2021-04-04;2107;1249;829111;277608;16.4;5.5
93;2021-04-05;6049;1545;835160;279153;16.5;5.5
93;2021-04-06;23353;9948;858513;289101;17.0;5.7
93;2021-04-07;26016;11607;884529;300708;17.5;5.9
93;2021-04-08;28746;14884;913275;315592;18.1;6.2
93;2021-04-09;33313;14500;946588;330092;18.7;6.5
93;2021-04-10;14972;8140;961560;338232;19.0;6.7
93;2021-04-11;3717;2950;965277;341182;19.1;6.7
93;2021-04-12;20533;12148;985810;353330;19.5;7.0
93;2021-04-13;25382;15144;1011192;368474;20.0;7.3
93;2021-04-14;25101;15171;1036293;383645;20.5;7.6
93;2021-04-15;26910;15559;1063203;399204;21.0;7.9
93;2021-04-16;27372;16377;1090575;415581;21.6;8.2
93;2021-04-17;12657;7698;1103232;423279;21.8;8.4
93;2021-04-18;5245;2953;1108477;426232;21.9;8.4
93;2021-04-19;18873;15891;1127350;442123;22.3;8.7
93;2021-04-20;20987;18666;1148337;460789;22.7;9.1
93;2021-04-21;23668;18218;1172005;479007;23.2;9.5
93;2021-04-22;25423;19139;1197428;498146;23.7;9.9
93;2021-04-23;24789;18062;1222217;516208;24.2;10.2
93;2021-04-24;11510;8676;1233727;524884;24.4;10.4
93;2021-04-25;3200;2134;1236927;527018;24.5;10.4
93;2021-04-26;16334;15818;1253261;542836;24.8;10.7
93;2021-04-27;19359;20174;1272620;563010;25.2;11.1
93;2021-04-28;21018;20066;1293638;583076;25.6;11.5
93;2021-04-29;27644;21679;1321282;604755;26.1;12.0
93;2021-04-30;26764;20492;1348046;625247;26.7;12.4
93;2021-05-01;11300;5222;1359346;630469;26.9;12.5
93;2021-05-02;4049;1873;1363395;632342;27.0;12.5
93;2021-05-03;20106;18108;1383501;650450;27.4;12.9
93;2021-05-04;20281;22654;1403782;673104;27.8;13.3
93;2021-05-05;19263;21474;1423045;694578;28.1;13.7
93;2021-05-06;24496;21554;1447541;716132;28.6;14.2
93;2021-05-07;22264;24941;1469805;741073;29.1;14.7
93;2021-05-08;12967;6838;1482772;747911;29.3;14.8
93;2021-05-09;3447;2305;1486219;750216;29.4;14.8
93;2021-05-10;18298;22549;1504517;772765;29.8;15.3
93;2021-05-11;25066;25549;1529583;798314;30.3;15.8
93;2021-05-12;31418;22400;1561001;820714;30.9;16.2
93;2021-05-13;27510;7781;1588511;828495;31.4;16.4
93;2021-05-14;31958;16113;1620469;844608;32.1;16.7
93;2021-05-15;27761;10134;1648230;854742;32.6;16.9
93;2021-05-16;12671;2485;1660901;857227;32.9;17.0
93;2021-05-17;24780;17214;1685681;874441;33.3;17.3
93;2021-05-18;29129;16598;1714810;891039;33.9;17.6
93;2021-05-19;28428;15104;1743238;906143;34.5;17.9
93;2021-05-20;31306;16541;1774544;922684;35.1;18.3
93;2021-05-21;31343;17651;1805887;940335;35.7;18.6
93;2021-05-22;18568;7677;1824455;948012;36.1;18.8
93;2021-05-23;5890;1998;1830345;950010;36.2;18.8
93;2021-05-24;17419;4967;1847764;954977;36.5;18.9
93;2021-05-25;23250;20378;1871014;975355;37.0;19.3
93;2021-05-26;22853;21715;1893867;997070;37.5;19.7
93;2021-05-27;25111;23132;1918978;1020202;38.0;20.2
93;2021-05-28;20903;26439;1939881;1046641;38.4;20.7
93;2021-05-29;12935;14321;1952816;1060962;38.6;21.0
93;2021-05-30;2578;3176;1955394;1064138;38.7;21.0
93;2021-05-31;19873;21201;1975267;1085339;39.1;21.5
93;2021-06-01;23383;25976;1998650;1111315;39.5;22.0
93;2021-06-02;21745;25949;2020395;1137264;40.0;22.5
93;2021-06-03;27055;27084;2047450;1164348;40.5;23.0
93;2021-06-04;26796;28096;2074246;1192444;41.0;23.6
93;2021-06-05;16040;14212;2090286;1206656;41.3;23.9
93;2021-06-06;4850;2781;2095136;1209437;41.4;23.9
93;2021-06-07;15851;24031;2110987;1233468;41.8;24.4
94;2020-12-27;0;0;0;0;0.0;0.0
94;2020-12-28;0;0;0;0;0.0;0.0
94;2020-12-29;0;0;0;0;0.0;0.0
94;2020-12-30;0;0;0;0;0.0;0.0
94;2020-12-31;0;0;0;0;0.0;0.0
94;2021-01-01;0;0;0;0;0.0;0.0
94;2021-01-02;0;0;0;0;0.0;0.0
94;2021-01-03;0;0;0;0;0.0;0.0
94;2021-01-04;2;0;2;0;0.0;0.0
94;2021-01-05;0;0;2;0;0.0;0.0
94;2021-01-06;53;0;55;0;0.0;0.0
94;2021-01-07;333;1;388;1;0.1;0.0
94;2021-01-08;310;0;698;1;0.2;0.0
94;2021-01-09;78;0;776;1;0.2;0.0
94;2021-01-10;34;0;810;1;0.2;0.0
94;2021-01-11;152;2;962;3;0.3;0.0
94;2021-01-12;207;1;1169;4;0.3;0.0
94;2021-01-13;203;0;1372;4;0.4;0.0
94;2021-01-14;264;1;1636;5;0.5;0.0
94;2021-01-15;402;0;2038;5;0.6;0.0
94;2021-01-16;198;1;2236;6;0.6;0.0
94;2021-01-17;89;1;2325;7;0.7;0.0
94;2021-01-18;471;2;2796;9;0.8;0.0
94;2021-01-19;980;0;3776;9;1.1;0.0
94;2021-01-20;808;0;4584;9;1.3;0.0
94;2021-01-21;807;1;5391;10;1.6;0.0
94;2021-01-22;717;0;6108;10;1.8;0.0
94;2021-01-23;243;0;6351;10;1.8;0.0
94;2021-01-24;147;0;6498;10;1.9;0.0
94;2021-01-25;422;2;6920;12;2.0;0.0
94;2021-01-26;789;7;7709;19;2.2;0.0
94;2021-01-27;664;55;8373;74;2.4;0.0
94;2021-01-28;699;230;9072;304;2.6;0.1
94;2021-01-29;616;229;9688;533;2.8;0.2
94;2021-01-30;204;74;9892;607;2.9;0.2
94;2021-01-31;150;12;10042;619;2.9;0.2
94;2021-02-01;455;147;10497;766;3.0;0.2
94;2021-02-02;643;196;11140;962;3.2;0.3
94;2021-02-03;783;166;11923;1128;3.5;0.3
94;2021-02-04;714;298;12637;1426;3.7;0.4
94;2021-02-05;647;201;13284;1627;3.9;0.5
94;2021-02-06;206;75;13490;1702;3.9;0.5
94;2021-02-07;126;58;13616;1760;4.0;0.5
94;2021-02-08;322;366;13938;2126;4.0;0.6
94;2021-02-09;713;616;14651;2742;4.3;0.8
94;2021-02-10;643;430;15294;3172;4.4;0.9
94;2021-02-11;679;497;15973;3669;4.6;1.1
94;2021-02-12;635;428;16608;4097;4.8;1.2
94;2021-02-13;301;72;16909;4169;4.9;1.2
94;2021-02-14;193;78;17102;4247;5.0;1.2
94;2021-02-15;377;309;17479;4556;5.1;1.3
94;2021-02-16;635;603;18114;5159;5.3;1.5
94;2021-02-17;592;482;18706;5641;5.4;1.6
94;2021-02-18;550;545;19256;6186;5.6;1.8
94;2021-02-19;309;611;19565;6797;5.7;2.0
94;2021-02-20;275;199;19840;6996;5.8;2.0
94;2021-02-21;84;84;19924;7080;5.8;2.1
94;2021-02-22;211;406;20135;7486;5.8;2.2
94;2021-02-23;352;648;20487;8134;5.9;2.4
94;2021-02-24;298;609;20785;8743;6.0;2.5
94;2021-02-25;348;608;21133;9351;6.1;2.7
94;2021-02-26;418;555;21551;9906;6.3;2.9
94;2021-02-27;368;152;21919;10058;6.4;2.9
94;2021-02-28;70;123;21989;10181;6.4;3.0
94;2021-03-01;359;412;22348;10593;6.5;3.1
94;2021-03-02;549;654;22897;11247;6.6;3.3
94;2021-03-03;525;690;23422;11937;6.8;3.5
94;2021-03-04;949;635;24371;12572;7.1;3.6
94;2021-03-05;1584;668;25955;13240;7.5;3.8
94;2021-03-06;1843;163;27798;13403;8.1;3.9
94;2021-03-07;1378;98;29176;13501;8.5;3.9
94;2021-03-08;1227;323;30403;13824;8.8;4.0
94;2021-03-09;1311;653;31714;14477;9.2;4.2
94;2021-03-10;1258;574;32972;15051;9.6;4.4
94;2021-03-11;1304;632;34276;15683;9.9;4.6
94;2021-03-12;1515;538;35791;16221;10.4;4.7
94;2021-03-13;1112;302;36903;16523;10.7;4.8
94;2021-03-14;537;184;37440;16707;10.9;4.8
94;2021-03-15;885;399;38325;17106;11.1;5.0
94;2021-03-16;1064;638;39389;17744;11.4;5.1
94;2021-03-17;1225;529;40614;18273;11.8;5.3
94;2021-03-18;992;527;41606;18800;12.1;5.5
94;2021-03-19;1284;335;42890;19135;12.4;5.6
94;2021-03-20;1728;288;44618;19423;12.9;5.6
94;2021-03-21;1126;78;45744;19501;13.3;5.7
94;2021-03-22;888;187;46632;19688;13.5;5.7
94;2021-03-23;1301;319;47933;20007;13.9;5.8
94;2021-03-24;1680;301;49613;20308;14.4;5.9
94;2021-03-25;1749;288;51362;20596;14.9;6.0
94;2021-03-26;2016;340;53378;20936;15.5;6.1
94;2021-03-27;2269;224;55647;21160;16.1;6.1
94;2021-03-28;1069;214;56716;21374;16.5;6.2
94;2021-03-29;1019;312;57735;21686;16.8;6.3
94;2021-03-30;1349;555;59084;22241;17.1;6.5
94;2021-03-31;1424;484;60508;22725;17.6;6.6
94;2021-04-01;1632;676;62140;23401;18.0;6.8
94;2021-04-02;1856;1186;63996;24587;18.6;7.1
94;2021-04-03;1891;1125;65887;25712;19.1;7.5
94;2021-04-04;771;838;66658;26550;19.3;7.7
94;2021-04-05;627;800;67285;27350;19.5;7.9
94;2021-04-06;1576;905;68861;28255;20.0;8.2
94;2021-04-07;2003;845;70864;29100;20.6;8.4
94;2021-04-08;2172;751;73036;29851;21.2;8.7
94;2021-04-09;2081;942;75117;30793;21.8;8.9
94;2021-04-10;2398;616;77515;31409;22.5;9.1
94;2021-04-11;1173;312;78688;31721;22.8;9.2
94;2021-04-12;1517;892;80205;32613;23.3;9.5
94;2021-04-13;1384;1007;81589;33620;23.7;9.8
94;2021-04-14;2084;1070;83673;34690;24.3;10.1
94;2021-04-15;1908;1021;85581;35711;24.8;10.4
94;2021-04-16;1775;1034;87356;36745;25.3;10.7
94;2021-04-17;1747;1363;89103;38108;25.9;11.1
94;2021-04-18;1229;1273;90332;39381;26.2;11.4
94;2021-04-19;1088;768;91420;40149;26.5;11.6
94;2021-04-20;1249;1187;92669;41336;26.9;12.0
94;2021-04-21;1780;1329;94449;42665;27.4;12.4
94;2021-04-22;1819;1372;96268;44037;27.9;12.8
94;2021-04-23;1645;1396;97913;45433;28.4;13.2
94;2021-04-24;2026;1740;99939;47173;29.0;13.7
94;2021-04-25;1260;773;101199;47946;29.4;13.9
94;2021-04-26;1015;1144;102214;49090;29.7;14.2
94;2021-04-27;1306;1214;103520;50304;30.0;14.6
94;2021-04-28;2578;1257;106098;51561;30.8;15.0
94;2021-04-29;1958;1212;108056;52773;31.3;15.3
94;2021-04-30;2250;1864;110306;54637;32.0;15.9
94;2021-05-01;1410;1679;111716;56316;32.4;16.3
94;2021-05-02;1000;943;112716;57259;32.7;16.6
94;2021-05-03;1581;1062;114297;58321;33.2;16.9
94;2021-05-04;1539;1683;115836;60004;33.6;17.4
94;2021-05-05;1788;2352;117624;62356;34.1;18.1
94;2021-05-06;2171;1800;119795;64156;34.8;18.6
94;2021-05-07;2180;1810;121975;65966;35.4;19.1
94;2021-05-08;846;1347;122821;67313;35.6;19.5
94;2021-05-09;1157;1315;123978;68628;36.0;19.9
94;2021-05-10;1330;1531;125308;70159;36.4;20.4
94;2021-05-11;1553;1571;126861;71730;36.8;20.8
94;2021-05-12;1710;1363;128571;73093;37.3;21.2
94;2021-05-13;1899;495;130470;73588;37.9;21.3
94;2021-05-14;1501;1247;131971;74835;38.3;21.7
94;2021-05-15;1447;992;133418;75827;38.7;22.0
94;2021-05-16;1000;663;134418;76490;39.0;22.2
94;2021-05-17;1566;962;135984;77452;39.5;22.5
94;2021-05-18;1534;851;137518;78303;39.9;22.7
94;2021-05-19;1524;891;139042;79194;40.3;23.0
94;2021-05-20;1324;885;140366;80079;40.7;23.2
94;2021-05-21;1197;975;141563;81054;41.1;23.5
94;2021-05-22;996;694;142559;81748;41.4;23.7
94;2021-05-23;680;326;143239;82074;41.6;23.8
94;2021-05-24;161;146;143400;82220;41.6;23.9
94;2021-05-25;942;854;144342;83074;41.9;24.1
94;2021-05-26;934;1951;145276;85025;42.1;24.7
94;2021-05-27;820;2234;146096;87259;42.4;25.3
94;2021-05-28;812;1816;146908;89075;42.6;25.8
94;2021-05-29;637;1251;147545;90326;42.8;26.2
94;2021-05-30;222;548;147767;90874;42.9;26.4
94;2021-05-31;547;1238;148314;92112;43.0;26.7
94;2021-06-01;728;1763;149042;93875;43.2;27.2
94;2021-06-02;603;1923;149645;95798;43.4;27.8
94;2021-06-03;772;1640;150417;97438;43.6;28.3
94;2021-06-04;599;2342;151016;99780;43.8;28.9
94;2021-06-05;547;1929;151563;101709;44.0;29.5
94;2021-06-06;212;1040;151775;102749;44.0;29.8
94;2021-06-07;432;1602;152207;104351;44.2;30.3
