fra;clage_vacsi;jour;n_dose1;n_complet;n_cum_dose1;n_cum_complet;couv_dose1;couv_complet
FR;24;2020-12-27;1;0;1;0;0.0;0.0
FR;24;2020-12-28;2;0;3;0;0.0;0.0
FR;24;2020-12-29;0;0;3;0;0.0;0.0
FR;24;2020-12-30;0;0;3;0;0.0;0.0
FR;24;2020-12-31;0;0;3;0;0.0;0.0
FR;24;2021-01-01;1;0;4;0;0.0;0.0
FR;24;2021-01-02;0;0;4;0;0.0;0.0
FR;24;2021-01-03;2;0;6;0;0.0;0.0
FR;24;2021-01-04;4;0;10;0;0.0;0.0
FR;24;2021-01-05;17;0;27;0;0.0;0.0
FR;24;2021-01-06;36;0;63;0;0.0;0.0
FR;24;2021-01-07;179;0;242;0;0.0;0.0
FR;24;2021-01-08;216;0;458;0;0.0;0.0
FR;24;2021-01-09;40;0;498;0;0.0;0.0
FR;24;2021-01-10;35;0;533;0;0.0;0.0
FR;24;2021-01-11;251;2;784;2;0.0;0.0
FR;24;2021-01-12;395;1;1179;3;0.0;0.0
FR;24;2021-01-13;475;3;1654;6;0.0;0.0
FR;24;2021-01-14;607;5;2261;11;0.0;0.0
FR;24;2021-01-15;586;1;2847;12;0.1;0.0
FR;24;2021-01-16;116;3;2963;15;0.1;0.0
FR;24;2021-01-17;94;0;3057;15;0.1;0.0
FR;24;2021-01-18;506;1;3563;16;0.1;0.0
FR;24;2021-01-19;594;1;4157;17;0.1;0.0
FR;24;2021-01-20;648;0;4805;17;0.1;0.0
FR;24;2021-01-21;750;3;5555;20;0.1;0.0
FR;24;2021-01-22;597;3;6152;23;0.1;0.0
FR;24;2021-01-23;116;0;6268;23;0.1;0.0
FR;24;2021-01-24;22;0;6290;23;0.1;0.0
FR;24;2021-01-25;293;3;6583;26;0.1;0.0
FR;24;2021-01-26;363;11;6946;37;0.1;0.0
FR;24;2021-01-27;440;14;7386;51;0.1;0.0
FR;24;2021-01-28;594;50;7980;101;0.1;0.0
FR;24;2021-01-29;466;82;8446;183;0.2;0.0
FR;24;2021-01-30;87;16;8533;199;0.2;0.0
FR;24;2021-01-31;25;13;8558;212;0.2;0.0
FR;24;2021-02-01;155;134;8713;346;0.2;0.0
FR;24;2021-02-02;214;182;8927;528;0.2;0.0
FR;24;2021-02-03;215;185;9142;713;0.2;0.0
FR;24;2021-02-04;357;315;9499;1028;0.2;0.0
FR;24;2021-02-05;345;342;9844;1370;0.2;0.0
FR;24;2021-02-06;82;71;9926;1441;0.2;0.0
FR;24;2021-02-07;169;28;10095;1469;0.2;0.0
FR;24;2021-02-08;388;357;10483;1826;0.2;0.0
FR;24;2021-02-09;742;454;11225;2280;0.2;0.0
FR;24;2021-02-10;1084;589;12309;2869;0.2;0.1
FR;24;2021-02-11;1568;695;13877;3564;0.3;0.1
FR;24;2021-02-12;1616;551;15493;4115;0.3;0.1
FR;24;2021-02-13;290;90;15783;4205;0.3;0.1
FR;24;2021-02-14;62;30;15845;4235;0.3;0.1
FR;24;2021-02-15;1025;367;16870;4602;0.3;0.1
FR;24;2021-02-16;1555;560;18425;5162;0.3;0.1
FR;24;2021-02-17;1486;476;19911;5638;0.4;0.1
FR;24;2021-02-18;1930;605;21841;6243;0.4;0.1
FR;24;2021-02-19;1848;534;23689;6777;0.4;0.1
FR;24;2021-02-20;328;80;24017;6857;0.4;0.1
FR;24;2021-02-21;38;18;24055;6875;0.4;0.1
FR;24;2021-02-22;1148;269;25203;7144;0.5;0.1
FR;24;2021-02-23;1566;366;26769;7510;0.5;0.1
FR;24;2021-02-24;1644;314;28413;7824;0.5;0.1
FR;24;2021-02-25;2243;440;30656;8264;0.6;0.2
FR;24;2021-02-26;2162;359;32818;8623;0.6;0.2
FR;24;2021-02-27;528;75;33346;8698;0.6;0.2
FR;24;2021-02-28;90;15;33436;8713;0.6;0.2
FR;24;2021-03-01;1239;209;34675;8922;0.6;0.2
FR;24;2021-03-02;1636;275;36311;9197;0.7;0.2
FR;24;2021-03-03;1737;313;38048;9510;0.7;0.2
FR;24;2021-03-04;2093;462;40141;9972;0.7;0.2
FR;24;2021-03-05;3261;430;43402;10402;0.8;0.2
FR;24;2021-03-06;1697;113;45099;10515;0.8;0.2
FR;24;2021-03-07;974;50;46073;10565;0.8;0.2
FR;24;2021-03-08;1946;215;48019;10780;0.9;0.2
FR;24;2021-03-09;2592;257;50611;11037;0.9;0.2
FR;24;2021-03-10;2415;322;53026;11359;1.0;0.2
FR;24;2021-03-11;2901;460;55927;11819;1.0;0.2
FR;24;2021-03-12;3805;392;59732;12211;1.1;0.2
FR;24;2021-03-13;1471;77;61203;12288;1.1;0.2
FR;24;2021-03-14;530;33;61733;12321;1.1;0.2
FR;24;2021-03-15;1820;230;63553;12551;1.2;0.2
FR;24;2021-03-16;821;305;64374;12856;1.2;0.2
FR;24;2021-03-17;1066;311;65440;13167;1.2;0.2
FR;24;2021-03-18;1295;423;66735;13590;1.2;0.3
FR;24;2021-03-19;1860;351;68595;13941;1.3;0.3
FR;24;2021-03-20;828;82;69423;14023;1.3;0.3
FR;24;2021-03-21;631;46;70054;14069;1.3;0.3
FR;24;2021-03-22;1497;271;71551;14340;1.3;0.3
FR;24;2021-03-23;1791;386;73342;14726;1.4;0.3
FR;24;2021-03-24;2151;339;75493;15065;1.4;0.3
FR;24;2021-03-25;2553;478;78046;15543;1.4;0.3
FR;24;2021-03-26;3153;456;81199;15999;1.5;0.3
FR;24;2021-03-27;1889;181;83088;16180;1.5;0.3
FR;24;2021-03-28;1009;68;84097;16248;1.6;0.3
FR;24;2021-03-29;2420;344;86517;16592;1.6;0.3
FR;24;2021-03-30;3554;496;90071;17088;1.7;0.3
FR;24;2021-03-31;4060;499;94131;17587;1.7;0.3
FR;24;2021-04-01;5370;715;99501;18302;1.8;0.3
FR;24;2021-04-02;4420;601;103921;18903;1.9;0.3
FR;24;2021-04-03;1729;330;105650;19233;1.9;0.4
FR;24;2021-04-04;954;123;106604;19356;2.0;0.4
FR;24;2021-04-05;1091;127;107695;19483;2.0;0.4
FR;24;2021-04-06;3524;561;111219;20044;2.1;0.4
FR;24;2021-04-07;4734;775;115953;20819;2.1;0.4
FR;24;2021-04-08;6304;1063;122257;21882;2.3;0.4
FR;24;2021-04-09;5722;998;127979;22880;2.4;0.4
FR;24;2021-04-10;2620;553;130599;23433;2.4;0.4
FR;24;2021-04-11;1249;303;131848;23736;2.4;0.4
FR;24;2021-04-12;3402;900;135250;24636;2.5;0.5
FR;24;2021-04-13;4702;1117;139952;25753;2.6;0.5
FR;24;2021-04-14;4834;1273;144786;27026;2.7;0.5
FR;24;2021-04-15;5090;1532;149876;28558;2.8;0.5
FR;24;2021-04-16;4720;1630;154596;30188;2.9;0.6
FR;24;2021-04-17;2098;787;156694;30975;2.9;0.6
FR;24;2021-04-18;715;429;157409;31404;2.9;0.6
FR;24;2021-04-19;2877;1492;160286;32896;3.0;0.6
FR;24;2021-04-20;3061;2098;163347;34994;3.0;0.6
FR;24;2021-04-21;3342;2434;166689;37428;3.1;0.7
FR;24;2021-04-22;3969;3088;170658;40516;3.1;0.7
FR;24;2021-04-23;4104;3251;174762;43767;3.2;0.8
FR;24;2021-04-24;2359;1659;177121;45426;3.3;0.8
FR;24;2021-04-25;1203;798;178324;46224;3.3;0.9
FR;24;2021-04-26;3012;2157;181336;48381;3.3;0.9
FR;24;2021-04-27;3848;3143;185184;51524;3.4;0.9
FR;24;2021-04-28;4200;3708;189384;55232;3.5;1.0
FR;24;2021-04-29;5237;4405;194621;59637;3.6;1.1
FR;24;2021-04-30;5889;4563;200510;64200;3.7;1.2
FR;24;2021-05-01;3616;1064;204126;65264;3.8;1.2
FR;24;2021-05-02;2678;891;206804;66155;3.8;1.2
FR;24;2021-05-03;6030;4116;212834;70271;3.9;1.3
FR;24;2021-05-04;7255;4683;220089;74954;4.1;1.4
FR;24;2021-05-05;8383;4896;228472;79850;4.2;1.5
FR;24;2021-05-06;10476;6306;238948;86156;4.4;1.6
FR;24;2021-05-07;11670;6347;250618;92503;4.6;1.7
FR;24;2021-05-08;9165;2441;259783;94944;4.8;1.8
FR;24;2021-05-09;6833;1916;266616;96860;4.9;1.8
FR;24;2021-05-10;10633;4884;277249;101744;5.1;1.9
FR;24;2021-05-11;14984;5666;292233;107410;5.4;2.0
FR;24;2021-05-12;21455;5972;313688;113382;5.8;2.1
FR;24;2021-05-13;26189;2905;339877;116287;6.3;2.1
FR;29;2020-12-27;0;0;0;0;0.0;0.0
FR;29;2020-12-28;1;0;1;0;0.0;0.0
FR;29;2020-12-29;0;0;1;0;0.0;0.0
FR;29;2020-12-30;0;0;1;0;0.0;0.0
FR;29;2020-12-31;0;0;1;0;0.0;0.0
FR;29;2021-01-01;2;0;3;0;0.0;0.0
FR;29;2021-01-02;2;0;5;0;0.0;0.0
FR;29;2021-01-03;2;0;7;0;0.0;0.0
FR;29;2021-01-04;10;0;17;0;0.0;0.0
FR;29;2021-01-05;42;0;59;0;0.0;0.0
FR;29;2021-01-06;142;0;201;0;0.0;0.0
FR;29;2021-01-07;306;1;507;1;0.0;0.0
FR;29;2021-01-08;516;2;1023;3;0.0;0.0
FR;29;2021-01-09;113;0;1136;3;0.0;0.0
FR;29;2021-01-10;91;0;1227;3;0.0;0.0
FR;29;2021-01-11;641;1;1868;4;0.1;0.0
FR;29;2021-01-12;928;4;2796;8;0.1;0.0
FR;29;2021-01-13;1207;2;4003;10;0.1;0.0
FR;29;2021-01-14;1555;8;5558;18;0.1;0.0
FR;29;2021-01-15;1301;2;6859;20;0.2;0.0
FR;29;2021-01-16;192;2;7051;22;0.2;0.0
FR;29;2021-01-17;158;0;7209;22;0.2;0.0
FR;29;2021-01-18;1039;2;8248;24;0.2;0.0
FR;29;2021-01-19;1142;3;9390;27;0.3;0.0
FR;29;2021-01-20;1190;2;10580;29;0.3;0.0
FR;29;2021-01-21;1446;3;12026;32;0.3;0.0
FR;29;2021-01-22;1142;4;13168;36;0.4;0.0
FR;29;2021-01-23;167;2;13335;38;0.4;0.0
FR;29;2021-01-24;51;0;13386;38;0.4;0.0
FR;29;2021-01-25;532;12;13918;50;0.4;0.0
FR;29;2021-01-26;659;35;14577;85;0.4;0.0
FR;29;2021-01-27;718;60;15295;145;0.4;0.0
FR;29;2021-01-28;1032;118;16327;263;0.4;0.0
FR;29;2021-01-29;801;170;17128;433;0.5;0.0
FR;29;2021-01-30;140;39;17268;472;0.5;0.0
FR;29;2021-01-31;33;26;17301;498;0.5;0.0
FR;29;2021-02-01;260;291;17561;789;0.5;0.0
FR;29;2021-02-02;402;372;17963;1161;0.5;0.0
FR;29;2021-02-03;452;456;18415;1617;0.5;0.0
FR;29;2021-02-04;604;715;19019;2332;0.5;0.1
FR;29;2021-02-05;529;744;19548;3076;0.5;0.1
FR;29;2021-02-06;141;106;19689;3182;0.5;0.1
FR;29;2021-02-07;304;61;19993;3243;0.5;0.1
FR;29;2021-02-08;600;799;20593;4042;0.6;0.1
FR;29;2021-02-09;1244;1003;21837;5045;0.6;0.1
FR;29;2021-02-10;1703;1123;23540;6168;0.6;0.2
FR;29;2021-02-11;2454;1392;25994;7560;0.7;0.2
FR;29;2021-02-12;2207;1193;28201;8753;0.8;0.2
FR;29;2021-02-13;422;152;28623;8905;0.8;0.2
FR;29;2021-02-14;133;81;28756;8986;0.8;0.2
FR;29;2021-02-15;1551;765;30307;9751;0.8;0.3
FR;29;2021-02-16;1905;1125;32212;10876;0.9;0.3
FR;29;2021-02-17;1879;917;34091;11793;0.9;0.3
FR;29;2021-02-18;2380;1126;36471;12919;1.0;0.3
FR;29;2021-02-19;2310;912;38781;13831;1.0;0.4
FR;29;2021-02-20;382;118;39163;13949;1.1;0.4
FR;29;2021-02-21;86;42;39249;13991;1.1;0.4
FR;29;2021-02-22;1343;502;40592;14493;1.1;0.4
FR;29;2021-02-23;1746;619;42338;15112;1.1;0.4
FR;29;2021-02-24;1774;514;44112;15626;1.2;0.4
FR;29;2021-02-25;2370;877;46482;16503;1.3;0.4
FR;29;2021-02-26;2550;617;49032;17120;1.3;0.5
FR;29;2021-02-27;604;101;49636;17221;1.3;0.5
FR;29;2021-02-28;111;26;49747;17247;1.3;0.5
FR;29;2021-03-01;1271;317;51018;17564;1.4;0.5
FR;29;2021-03-02;1778;559;52796;18123;1.4;0.5
FR;29;2021-03-03;1965;549;54761;18672;1.5;0.5
FR;29;2021-03-04;2437;694;57198;19366;1.5;0.5
FR;29;2021-03-05;3584;645;60782;20011;1.6;0.5
FR;29;2021-03-06;1619;118;62401;20129;1.7;0.5
FR;29;2021-03-07;819;92;63220;20221;1.7;0.5
FR;29;2021-03-08;1931;358;65151;20579;1.8;0.6
FR;29;2021-03-09;2625;424;67776;21003;1.8;0.6
FR;29;2021-03-10;2534;457;70310;21460;1.9;0.6
FR;29;2021-03-11;3311;745;73621;22205;2.0;0.6
FR;29;2021-03-12;3938;658;77559;22863;2.1;0.6
FR;29;2021-03-13;1616;116;79175;22979;2.1;0.6
FR;29;2021-03-14;562;55;79737;23034;2.1;0.6
FR;29;2021-03-15;1874;325;81611;23359;2.2;0.6
FR;29;2021-03-16;1113;481;82724;23840;2.2;0.6
FR;29;2021-03-17;1371;482;84095;24322;2.3;0.7
FR;29;2021-03-18;1639;650;85734;24972;2.3;0.7
FR;29;2021-03-19;2218;521;87952;25493;2.4;0.7
FR;29;2021-03-20;987;120;88939;25613;2.4;0.7
FR;29;2021-03-21;725;57;89664;25670;2.4;0.7
FR;29;2021-03-22;1652;386;91316;26056;2.5;0.7
FR;29;2021-03-23;2200;579;93516;26635;2.5;0.7
FR;29;2021-03-24;2524;542;96040;27177;2.6;0.7
FR;29;2021-03-25;3368;645;99408;27822;2.7;0.7
FR;29;2021-03-26;3716;648;103124;28470;2.8;0.8
FR;29;2021-03-27;2140;231;105264;28701;2.8;0.8
FR;29;2021-03-28;963;57;106227;28758;2.9;0.8
FR;29;2021-03-29;2737;494;108964;29252;2.9;0.8
FR;29;2021-03-30;3946;676;112910;29928;3.0;0.8
FR;29;2021-03-31;4440;760;117350;30688;3.2;0.8
FR;29;2021-04-01;5816;955;123166;31643;3.3;0.9
FR;29;2021-04-02;4865;872;128031;32515;3.4;0.9
FR;29;2021-04-03;1755;319;129786;32834;3.5;0.9
FR;29;2021-04-04;896;115;130682;32949;3.5;0.9
FR;29;2021-04-05;915;110;131597;33059;3.5;0.9
FR;29;2021-04-06;3472;721;135069;33780;3.6;0.9
FR;29;2021-04-07;4503;1069;139572;34849;3.8;0.9
FR;29;2021-04-08;6208;1383;145780;36232;3.9;1.0
FR;29;2021-04-09;6238;1222;152018;37454;4.1;1.0
FR;29;2021-04-10;2638;603;154656;38057;4.2;1.0
FR;29;2021-04-11;1160;330;155816;38387;4.2;1.0
FR;29;2021-04-12;3549;1007;159365;39394;4.3;1.1
FR;29;2021-04-13;4799;1456;164164;40850;4.4;1.1
FR;29;2021-04-14;4683;1471;168847;42321;4.5;1.1
FR;29;2021-04-15;5489;1771;174336;44092;4.7;1.2
FR;29;2021-04-16;4688;1843;179024;45935;4.8;1.2
FR;29;2021-04-17;2211;900;181235;46835;4.9;1.3
FR;29;2021-04-18;758;513;181993;47348;4.9;1.3
FR;29;2021-04-19;2806;1735;184799;49083;5.0;1.3
FR;29;2021-04-20;3435;2465;188234;51548;5.1;1.4
FR;29;2021-04-21;3373;2747;191607;54295;5.2;1.5
FR;29;2021-04-22;4384;3795;195991;58090;5.3;1.6
FR;29;2021-04-23;4501;3715;200492;61805;5.4;1.7
FR;29;2021-04-24;2664;1809;203156;63614;5.5;1.7
FR;29;2021-04-25;1165;731;204321;64345;5.5;1.7
FR;29;2021-04-26;2901;2440;207222;66785;5.6;1.8
FR;29;2021-04-27;3935;3570;211157;70355;5.7;1.9
FR;29;2021-04-28;4480;3983;215637;74338;5.8;2.0
FR;29;2021-04-29;5633;4925;221270;79263;6.0;2.1
FR;29;2021-04-30;6158;5144;227428;84407;6.1;2.3
FR;29;2021-05-01;3893;1196;231321;85603;6.2;2.3
FR;29;2021-05-02;2556;903;233877;86506;6.3;2.3
FR;29;2021-05-03;6600;4263;240477;90769;6.5;2.4
FR;29;2021-05-04;7906;5140;248383;95909;6.7;2.6
FR;29;2021-05-05;9304;5129;257687;101038;6.9;2.7
FR;29;2021-05-06;10893;6463;268580;107501;7.2;2.9
FR;29;2021-05-07;11341;6538;279921;114039;7.5;3.1
FR;29;2021-05-08;8151;2191;288072;116230;7.8;3.1
FR;29;2021-05-09;5883;1732;293955;117962;7.9;3.2
FR;29;2021-05-10;10274;5216;304229;123178;8.2;3.3
FR;29;2021-05-11;14098;6277;318327;129455;8.6;3.5
FR;29;2021-05-12;18772;6150;337099;135605;9.1;3.6
FR;29;2021-05-13;18929;2257;356028;137862;9.6;3.7
FR;39;2020-12-27;0;0;0;0;0.0;0.0
FR;39;2020-12-28;0;0;0;0;0.0;0.0
FR;39;2020-12-29;1;0;1;0;0.0;0.0
FR;39;2020-12-30;3;0;4;0;0.0;0.0
FR;39;2020-12-31;1;0;5;0;0.0;0.0
FR;39;2021-01-01;4;0;9;0;0.0;0.0
FR;39;2021-01-02;2;0;11;0;0.0;0.0
FR;39;2021-01-03;2;0;13;0;0.0;0.0
FR;39;2021-01-04;23;0;36;0;0.0;0.0
FR;39;2021-01-05;139;0;175;0;0.0;0.0
FR;39;2021-01-06;384;0;559;0;0.0;0.0
FR;39;2021-01-07;1173;5;1732;5;0.0;0.0
FR;39;2021-01-08;1782;3;3514;8;0.0;0.0
FR;39;2021-01-09;473;0;3987;8;0.0;0.0
FR;39;2021-01-10;307;1;4294;9;0.1;0.0
FR;39;2021-01-11;2199;6;6493;15;0.1;0.0
FR;39;2021-01-12;3386;9;9879;24;0.1;0.0
FR;39;2021-01-13;3479;7;13358;31;0.2;0.0
FR;39;2021-01-14;4758;44;18116;75;0.2;0.0
FR;39;2021-01-15;4370;12;22486;87;0.3;0.0
FR;39;2021-01-16;768;4;23254;91;0.3;0.0
FR;39;2021-01-17;487;2;23741;93;0.3;0.0
FR;39;2021-01-18;3062;16;26803;109;0.3;0.0
FR;39;2021-01-19;3989;12;30792;121;0.4;0.0
FR;39;2021-01-20;3884;9;34676;130;0.4;0.0
FR;39;2021-01-21;5111;14;39787;144;0.5;0.0
FR;39;2021-01-22;3928;14;43715;158;0.5;0.0
FR;39;2021-01-23;589;3;44304;161;0.5;0.0
FR;39;2021-01-24;184;0;44488;161;0.5;0.0
FR;39;2021-01-25;1584;38;46072;199;0.6;0.0
FR;39;2021-01-26;2155;92;48227;291;0.6;0.0
FR;39;2021-01-27;2277;203;50504;494;0.6;0.0
FR;39;2021-01-28;3464;457;53968;951;0.7;0.0
FR;39;2021-01-29;2670;693;56638;1644;0.7;0.0
FR;39;2021-01-30;393;214;57031;1858;0.7;0.0
FR;39;2021-01-31;89;78;57120;1936;0.7;0.0
FR;39;2021-02-01;746;1057;57866;2993;0.7;0.0
FR;39;2021-02-02;1323;1643;59189;4636;0.7;0.1
FR;39;2021-02-03;1350;1651;60539;6287;0.7;0.1
FR;39;2021-02-04;1966;2527;62505;8814;0.8;0.1
FR;39;2021-02-05;1629;2699;64134;11513;0.8;0.1
FR;39;2021-02-06;396;430;64530;11943;0.8;0.1
FR;39;2021-02-07;553;204;65083;12147;0.8;0.1
FR;39;2021-02-08;1510;2410;66593;14557;0.8;0.2
FR;39;2021-02-09;3158;3344;69751;17901;0.8;0.2
FR;39;2021-02-10;3871;3479;73622;21380;0.9;0.3
FR;39;2021-02-11;6141;4793;79763;26173;1.0;0.3
FR;39;2021-02-12;5792;3930;85555;30103;1.0;0.4
FR;39;2021-02-13;1236;535;86791;30638;1.0;0.4
FR;39;2021-02-14;386;260;87177;30898;1.1;0.4
FR;39;2021-02-15;3375;2356;90552;33254;1.1;0.4
FR;39;2021-02-16;4406;3296;94958;36550;1.1;0.4
FR;39;2021-02-17;3973;2821;98931;39371;1.2;0.5
FR;39;2021-02-18;5946;3821;104877;43192;1.3;0.5
FR;39;2021-02-19;5789;3009;110666;46201;1.3;0.6
FR;39;2021-02-20;1133;462;111799;46663;1.3;0.6
FR;39;2021-02-21;185;118;111984;46781;1.3;0.6
FR;39;2021-02-22;2955;1618;114939;48399;1.4;0.6
FR;39;2021-02-23;3871;1866;118810;50265;1.4;0.6
FR;39;2021-02-24;3696;1669;122506;51934;1.5;0.6
FR;39;2021-02-25;5532;2463;128038;54397;1.5;0.7
FR;39;2021-02-26;6043;1856;134081;56253;1.6;0.7
FR;39;2021-02-27;1650;292;135731;56545;1.6;0.7
FR;39;2021-02-28;240;119;135971;56664;1.6;0.7
FR;39;2021-03-01;2903;960;138874;57624;1.7;0.7
FR;39;2021-03-02;4193;1557;143067;59181;1.7;0.7
FR;39;2021-03-03;4199;1474;147266;60655;1.8;0.7
FR;39;2021-03-04;6215;2219;153481;62874;1.9;0.8
FR;39;2021-03-05;9074;1993;162555;64867;2.0;0.8
FR;39;2021-03-06;4892;372;167447;65239;2.0;0.8
FR;39;2021-03-07;2632;223;170079;65462;2.1;0.8
FR;39;2021-03-08;4650;1057;174729;66519;2.1;0.8
FR;39;2021-03-09;6814;1425;181543;67944;2.2;0.8
FR;39;2021-03-10;6046;1456;187589;69400;2.3;0.8
FR;39;2021-03-11;8606;2280;196195;71680;2.4;0.9
FR;39;2021-03-12;11368;1992;207563;73672;2.5;0.9
FR;39;2021-03-13;5202;383;212765;74055;2.6;0.9
FR;39;2021-03-14;1745;142;214510;74197;2.6;0.9
FR;39;2021-03-15;4742;998;219252;75195;2.6;0.9
FR;39;2021-03-16;3352;1377;222604;76572;2.7;0.9
FR;39;2021-03-17;3430;1464;226034;78036;2.7;0.9
FR;39;2021-03-18;4631;1941;230665;79977;2.8;1.0
FR;39;2021-03-19;6232;1593;236897;81570;2.9;1.0
FR;39;2021-03-20;3165;345;240062;81915;2.9;1.0
FR;39;2021-03-21;2069;157;242131;82072;2.9;1.0
FR;39;2021-03-22;4432;1056;246563;83128;3.0;1.0
FR;39;2021-03-23;6144;1614;252707;84742;3.0;1.0
FR;39;2021-03-24;6293;1313;259000;86055;3.1;1.0
FR;39;2021-03-25;9027;1678;268027;87733;3.2;1.1
FR;39;2021-03-26;10606;1631;278633;89364;3.4;1.1
FR;39;2021-03-27;5980;577;284613;89941;3.4;1.1
FR;39;2021-03-28;2730;172;287343;90113;3.5;1.1
FR;39;2021-03-29;7149;1237;294492;91350;3.6;1.1
FR;39;2021-03-30;10455;1809;304947;93159;3.7;1.1
FR;39;2021-03-31;11049;1777;315996;94936;3.8;1.1
FR;39;2021-04-01;14912;2530;330908;97466;4.0;1.2
FR;39;2021-04-02;13198;2362;344106;99828;4.1;1.2
FR;39;2021-04-03;5583;993;349689;100821;4.2;1.2
FR;39;2021-04-04;2519;336;352208;101157;4.2;1.2
FR;39;2021-04-05;2527;315;354735;101472;4.3;1.2
FR;39;2021-04-06;9209;2223;363944;103695;4.4;1.3
FR;39;2021-04-07;12113;2678;376057;106373;4.5;1.3
FR;39;2021-04-08;16730;3589;392787;109962;4.7;1.3
FR;39;2021-04-09;16758;3510;409545;113472;4.9;1.4
FR;39;2021-04-10;7395;1914;416940;115386;5.0;1.4
FR;39;2021-04-11;2977;975;419917;116361;5.1;1.4
FR;39;2021-04-12;9528;2711;429445;119072;5.2;1.4
FR;39;2021-04-13;12813;3926;442258;122998;5.3;1.5
FR;39;2021-04-14;12708;3791;454966;126789;5.5;1.5
FR;39;2021-04-15;14523;4721;469489;131510;5.7;1.6
FR;39;2021-04-16;12571;5211;482060;136721;5.8;1.6
FR;39;2021-04-17;6053;2698;488113;139419;5.9;1.7
FR;39;2021-04-18;2234;1555;490347;140974;5.9;1.7
FR;39;2021-04-19;7785;4647;498132;145621;6.0;1.8
FR;39;2021-04-20;9272;6677;507404;152298;6.1;1.8
FR;39;2021-04-21;10033;7115;517437;159413;6.2;1.9
FR;39;2021-04-22;11715;10240;529152;169653;6.4;2.0
FR;39;2021-04-23;12051;10424;541203;180077;6.5;2.2
FR;39;2021-04-24;7737;5048;548940;185125;6.6;2.2
FR;39;2021-04-25;3413;2144;552353;187269;6.7;2.3
FR;39;2021-04-26;8397;6926;560750;194195;6.8;2.3
FR;39;2021-04-27;11704;9509;572454;203704;6.9;2.5
FR;39;2021-04-28;12863;9993;585317;213697;7.1;2.6
FR;39;2021-04-29;16607;12874;601924;226571;7.3;2.7
FR;39;2021-04-30;19099;13174;621023;239745;7.5;2.9
FR;39;2021-05-01;12739;3510;633762;243255;7.6;2.9
FR;39;2021-05-02;9196;2482;642958;245737;7.8;3.0
FR;39;2021-05-03;21811;11262;664769;256999;8.0;3.1
FR;39;2021-05-04;26339;13880;691108;270879;8.3;3.3
FR;39;2021-05-05;30100;14190;721208;285069;8.7;3.4
FR;39;2021-05-06;36329;17568;757537;302637;9.1;3.6
FR;39;2021-05-07;37653;18405;795190;321042;9.6;3.9
FR;39;2021-05-08;27018;5461;822208;326503;9.9;3.9
FR;39;2021-05-09;18737;4269;840945;330772;10.1;4.0
FR;39;2021-05-10;32946;14379;873891;345151;10.5;4.2
FR;39;2021-05-11;43136;16952;917027;362103;11.1;4.4
FR;39;2021-05-12;53847;15963;970874;378066;11.7;4.6
FR;39;2021-05-13;51317;5466;1022191;383532;12.3;4.6
FR;49;2020-12-27;2;0;2;0;0.0;0.0
FR;49;2020-12-28;1;0;3;0;0.0;0.0
FR;49;2020-12-29;1;0;4;0;0.0;0.0
FR;49;2020-12-30;6;0;10;0;0.0;0.0
FR;49;2020-12-31;1;0;11;0;0.0;0.0
FR;49;2021-01-01;3;0;14;0;0.0;0.0
FR;49;2021-01-02;9;0;23;0;0.0;0.0
FR;49;2021-01-03;4;0;27;0;0.0;0.0
FR;49;2021-01-04;85;0;112;0;0.0;0.0
FR;49;2021-01-05;333;1;445;1;0.0;0.0
FR;49;2021-01-06;854;2;1299;3;0.0;0.0
FR;49;2021-01-07;2156;6;3455;9;0.0;0.0
FR;49;2021-01-08;3351;5;6806;14;0.1;0.0
FR;49;2021-01-09;999;0;7805;14;0.1;0.0
FR;49;2021-01-10;473;1;8278;15;0.1;0.0
FR;49;2021-01-11;4159;8;12437;23;0.1;0.0
FR;49;2021-01-12;5835;7;18272;30;0.2;0.0
FR;49;2021-01-13;6132;11;24404;41;0.3;0.0
FR;49;2021-01-14;8311;62;32715;103;0.4;0.0
FR;49;2021-01-15;7572;16;40287;119;0.5;0.0
FR;49;2021-01-16;1415;8;41702;127;0.5;0.0
FR;49;2021-01-17;619;4;42321;131;0.5;0.0
FR;49;2021-01-18;5049;14;47370;145;0.6;0.0
FR;49;2021-01-19;6790;8;54160;153;0.6;0.0
FR;49;2021-01-20;6599;15;60759;168;0.7;0.0
FR;49;2021-01-21;8346;17;69105;185;0.8;0.0
FR;49;2021-01-22;6224;28;75329;213;0.9;0.0
FR;49;2021-01-23;1010;6;76339;219;0.9;0.0
FR;49;2021-01-24;282;2;76621;221;0.9;0.0
FR;49;2021-01-25;2595;91;79216;312;0.9;0.0
FR;49;2021-01-26;3708;211;82924;523;1.0;0.0
FR;49;2021-01-27;3967;384;86891;907;1.0;0.0
FR;49;2021-01-28;5517;961;92408;1868;1.1;0.0
FR;49;2021-01-29;4390;1550;96798;3418;1.1;0.0
FR;49;2021-01-30;689;377;97487;3795;1.1;0.0
FR;49;2021-01-31;137;125;97624;3920;1.1;0.0
FR;49;2021-02-01;1363;2086;98987;6006;1.2;0.1
FR;49;2021-02-02;2260;3193;101247;9199;1.2;0.1
FR;49;2021-02-03;2289;3372;103536;12571;1.2;0.1
FR;49;2021-02-04;3332;4762;106868;17333;1.2;0.2
FR;49;2021-02-05;2767;4881;109635;22214;1.3;0.3
FR;49;2021-02-06;565;884;110200;23098;1.3;0.3
FR;49;2021-02-07;520;290;110720;23388;1.3;0.3
FR;49;2021-02-08;1932;4042;112652;27430;1.3;0.3
FR;49;2021-02-09;4323;5709;116975;33139;1.4;0.4
FR;49;2021-02-10;5481;6012;122456;39151;1.4;0.5
FR;49;2021-02-11;7958;7909;130414;47060;1.5;0.5
FR;49;2021-02-12;7276;6400;137690;53460;1.6;0.6
FR;49;2021-02-13;1691;1006;139381;54466;1.6;0.6
FR;49;2021-02-14;404;404;139785;54870;1.6;0.6
FR;49;2021-02-15;4092;3845;143877;58715;1.7;0.7
FR;49;2021-02-16;5362;5290;149239;64005;1.7;0.7
FR;49;2021-02-17;5124;4618;154363;68623;1.8;0.8
FR;49;2021-02-18;7434;6128;161797;74751;1.9;0.9
FR;49;2021-02-19;7008;4819;168805;79570;2.0;0.9
FR;49;2021-02-20;1482;783;170287;80353;2.0;0.9
FR;49;2021-02-21;275;220;170562;80573;2.0;0.9
FR;49;2021-02-22;3500;2615;174062;83188;2.0;1.0
FR;49;2021-02-23;4822;3079;178884;86267;2.1;1.0
FR;49;2021-02-24;4865;2787;183749;89054;2.1;1.0
FR;49;2021-02-25;7495;4080;191244;93134;2.2;1.1
FR;49;2021-02-26;8206;3084;199450;96218;2.3;1.1
FR;49;2021-02-27;2661;548;202111;96766;2.4;1.1
FR;49;2021-02-28;329;134;202440;96900;2.4;1.1
FR;49;2021-03-01;3764;1595;206204;98495;2.4;1.1
FR;49;2021-03-02;5715;2399;211919;100894;2.5;1.2
FR;49;2021-03-03;5950;2422;217869;103316;2.5;1.2
FR;49;2021-03-04;8813;3350;226682;106666;2.6;1.2
FR;49;2021-03-05;12436;3070;239118;109736;2.8;1.3
FR;49;2021-03-06;8513;546;247631;110282;2.9;1.3
FR;49;2021-03-07;4664;362;252295;110644;2.9;1.3
FR;49;2021-03-08;6341;1587;258636;112231;3.0;1.3
FR;49;2021-03-09;9426;2180;268062;114411;3.1;1.3
FR;49;2021-03-10;8859;2229;276921;116640;3.2;1.4
FR;49;2021-03-11;12686;3250;289607;119890;3.4;1.4
FR;49;2021-03-12;16330;2722;305937;122612;3.6;1.4
FR;49;2021-03-13;9483;553;315420;123165;3.7;1.4
FR;49;2021-03-14;3123;213;318543;123378;3.7;1.4
FR;49;2021-03-15;6827;1402;325370;124780;3.8;1.5
FR;49;2021-03-16;4605;2091;329975;126871;3.8;1.5
FR;49;2021-03-17;5146;1957;335121;128828;3.9;1.5
FR;49;2021-03-18;6515;2711;341636;131539;4.0;1.5
FR;49;2021-03-19;9436;2216;351072;133755;4.1;1.6
FR;49;2021-03-20;5859;540;356931;134295;4.2;1.6
FR;49;2021-03-21;3140;194;360071;134489;4.2;1.6
FR;49;2021-03-22;6268;1421;366339;135910;4.3;1.6
FR;49;2021-03-23;8555;2101;374894;138011;4.4;1.6
FR;49;2021-03-24;9476;1909;384370;139920;4.5;1.6
FR;49;2021-03-25;12292;2264;396662;142184;4.6;1.7
FR;49;2021-03-26;14659;2209;411321;144393;4.8;1.7
FR;49;2021-03-27;9330;772;420651;145165;4.9;1.7
FR;49;2021-03-28;3847;288;424498;145453;4.9;1.7
FR;49;2021-03-29;9808;1766;434306;147219;5.1;1.7
FR;49;2021-03-30;14199;2578;448505;149797;5.2;1.7
FR;49;2021-03-31;15441;2648;463946;152445;5.4;1.8
FR;49;2021-04-01;19663;3532;483609;155977;5.6;1.8
FR;49;2021-04-02;17368;3294;500977;159271;5.8;1.9
FR;49;2021-04-03;9300;1787;510277;161058;5.9;1.9
FR;49;2021-04-04;4107;609;514384;161667;6.0;1.9
FR;49;2021-04-05;4193;510;518577;162177;6.0;1.9
FR;49;2021-04-06;13112;3285;531689;165462;6.2;1.9
FR;49;2021-04-07;17540;4131;549229;169593;6.4;2.0
FR;49;2021-04-08;22237;4995;571466;174588;6.7;2.0
FR;49;2021-04-09;23291;5185;594757;179773;6.9;2.1
FR;49;2021-04-10;12393;3336;607150;183109;7.1;2.1
FR;49;2021-04-11;4452;1665;611602;184774;7.1;2.2
FR;49;2021-04-12;14046;3707;625648;188481;7.3;2.2
FR;49;2021-04-13;18517;5654;644165;194135;7.5;2.3
FR;49;2021-04-14;19183;5839;663348;199974;7.7;2.3
FR;49;2021-04-15;20002;6872;683350;206846;8.0;2.4
FR;49;2021-04-16;17188;7207;700538;214053;8.2;2.5
FR;49;2021-04-17;9768;4605;710306;218658;8.3;2.5
FR;49;2021-04-18;3323;2270;713629;220928;8.3;2.6
FR;49;2021-04-19;11795;6306;725424;227234;8.4;2.6
FR;49;2021-04-20;13913;8919;739337;236153;8.6;2.7
FR;49;2021-04-21;15521;10035;754858;246188;8.8;2.9
FR;49;2021-04-22;17253;13011;772111;259199;9.0;3.0
FR;49;2021-04-23;17747;13939;789858;273138;9.2;3.2
FR;49;2021-04-24;12465;7751;802323;280889;9.3;3.3
FR;49;2021-04-25;5266;3097;807589;283986;9.4;3.3
FR;49;2021-04-26;13255;9872;820844;293858;9.6;3.4
FR;49;2021-04-27;18345;13001;839189;306859;9.8;3.6
FR;49;2021-04-28;22006;14429;861195;321288;10.0;3.7
FR;49;2021-04-29;26532;17119;887727;338407;10.3;3.9
FR;49;2021-04-30;30699;17914;918426;356321;10.7;4.1
FR;49;2021-05-01;23013;5649;941439;361970;11.0;4.2
FR;49;2021-05-02;16328;3832;957767;365802;11.1;4.3
FR;49;2021-05-03;38532;15432;996299;381234;11.6;4.4
FR;49;2021-05-04;45633;20174;1041932;401408;12.1;4.7
FR;49;2021-05-05;54575;21498;1096507;422906;12.8;4.9
FR;49;2021-05-06;61190;24406;1157697;447312;13.5;5.2
FR;49;2021-05-07;64199;25822;1221896;473134;14.2;5.5
FR;49;2021-05-08;48214;8849;1270110;481983;14.8;5.6
FR;49;2021-05-09;32113;6207;1302223;488190;15.2;5.7
FR;49;2021-05-10;55802;20481;1358025;508671;15.8;5.9
FR;49;2021-05-11;70347;23653;1428372;532324;16.6;6.2
FR;49;2021-05-12;86583;23579;1514955;555903;17.6;6.5
FR;49;2021-05-13;77806;7541;1592761;563444;18.5;6.6
FR;59;2020-12-27;2;0;2;0;0.0;0.0
FR;59;2020-12-28;5;0;7;0;0.0;0.0
FR;59;2020-12-29;2;0;9;0;0.0;0.0
FR;59;2020-12-30;6;0;15;0;0.0;0.0
FR;59;2020-12-31;9;0;24;0;0.0;0.0
FR;59;2021-01-01;24;0;48;0;0.0;0.0
FR;59;2021-01-02;26;0;74;0;0.0;0.0
FR;59;2021-01-03;36;0;110;0;0.0;0.0
FR;59;2021-01-04;592;1;702;1;0.0;0.0
FR;59;2021-01-05;2162;1;2864;2;0.0;0.0
FR;59;2021-01-06;4796;7;7660;9;0.1;0.0
FR;59;2021-01-07;10496;20;18156;29;0.2;0.0
FR;59;2021-01-08;14269;14;32425;43;0.4;0.0
FR;59;2021-01-09;4049;6;36474;49;0.4;0.0
FR;59;2021-01-10;1984;1;38458;50;0.4;0.0
FR;59;2021-01-11;15897;17;54355;67;0.6;0.0
FR;59;2021-01-12;21069;23;75424;90;0.9;0.0
FR;59;2021-01-13;22663;33;98087;123;1.1;0.0
FR;59;2021-01-14;24708;203;122795;326;1.4;0.0
FR;59;2021-01-15;21523;77;144318;403;1.6;0.0
FR;59;2021-01-16;5370;16;149688;419;1.7;0.0
FR;59;2021-01-17;1800;7;151488;426;1.7;0.0
FR;59;2021-01-18;13558;47;165046;473;1.9;0.0
FR;59;2021-01-19;17884;52;182930;525;2.1;0.0
FR;59;2021-01-20;17009;54;199939;579;2.3;0.0
FR;59;2021-01-21;18655;33;218594;612;2.5;0.0
FR;59;2021-01-22;13827;65;232421;677;2.6;0.0
FR;59;2021-01-23;2947;18;235368;695;2.7;0.0
FR;59;2021-01-24;825;12;236193;707;2.7;0.0
FR;59;2021-01-25;6682;602;242875;1309;2.8;0.0
FR;59;2021-01-26;8383;1362;251258;2671;2.9;0.0
FR;59;2021-01-27;8785;2379;260043;5050;3.0;0.1
FR;59;2021-01-28;10412;5008;270455;10058;3.1;0.1
FR;59;2021-01-29;7815;6631;278270;16689;3.2;0.2
FR;59;2021-01-30;1755;1506;280025;18195;3.2;0.2
FR;59;2021-01-31;370;546;280395;18741;3.2;0.2
FR;59;2021-02-01;3145;8735;283540;27476;3.2;0.3
FR;59;2021-02-02;4653;12469;288193;39945;3.3;0.5
FR;59;2021-02-03;4797;13531;292990;53476;3.3;0.6
FR;59;2021-02-04;5864;15872;298854;69348;3.4;0.8
FR;59;2021-02-05;4746;14902;303600;84250;3.5;1.0
FR;59;2021-02-06;1146;2994;304746;87244;3.5;1.0
FR;59;2021-02-07;389;981;305135;88225;3.5;1.0
FR;59;2021-02-08;2751;12452;307886;100677;3.5;1.1
FR;59;2021-02-09;4892;16125;312778;116802;3.6;1.3
FR;59;2021-02-10;5674;16009;318452;132811;3.6;1.5
FR;59;2021-02-11;7620;19643;326072;152454;3.7;1.7
FR;59;2021-02-12;6716;15963;332788;168417;3.8;1.9
FR;59;2021-02-13;1679;3436;334467;171853;3.8;2.0
FR;59;2021-02-14;360;981;334827;172834;3.8;2.0
FR;59;2021-02-15;3254;10495;338081;183329;3.8;2.1
FR;59;2021-02-16;4720;13499;342801;196828;3.9;2.2
FR;59;2021-02-17;4946;12252;347747;209080;4.0;2.4
FR;59;2021-02-18;7020;13768;354767;222848;4.0;2.5
FR;59;2021-02-19;6420;10618;361187;233466;4.1;2.7
FR;59;2021-02-20;1408;2468;362595;235934;4.1;2.7
FR;59;2021-02-21;281;566;362876;236500;4.1;2.7
FR;59;2021-02-22;3231;6322;366107;242822;4.2;2.8
FR;59;2021-02-23;4772;7059;370879;249881;4.2;2.8
FR;59;2021-02-24;6799;6332;377678;256213;4.3;2.9
FR;59;2021-02-25;21032;8332;398710;264545;4.5;3.0
FR;59;2021-02-26;28091;6067;426801;270612;4.9;3.1
FR;59;2021-02-27;16979;1421;443780;272033;5.0;3.1
FR;59;2021-02-28;1100;371;444880;272404;5.1;3.1
FR;59;2021-03-01;8705;3443;453585;275847;5.2;3.1
FR;59;2021-03-02;16990;4748;470575;280595;5.4;3.2
FR;59;2021-03-03;20423;4820;490998;285415;5.6;3.2
FR;59;2021-03-04;31891;5612;522889;291027;5.9;3.3
FR;59;2021-03-05;40468;5097;563357;296124;6.4;3.4
FR;59;2021-03-06;35450;1252;598807;297376;6.8;3.4
FR;59;2021-03-07;13911;903;612718;298279;7.0;3.4
FR;59;2021-03-08;12145;3036;624863;301315;7.1;3.4
FR;59;2021-03-09;22620;3971;647483;305286;7.4;3.5
FR;59;2021-03-10;22914;4024;670397;309310;7.6;3.5
FR;59;2021-03-11;33959;5143;704356;314453;8.0;3.6
FR;59;2021-03-12;45019;4205;749375;318658;8.5;3.6
FR;59;2021-03-13;35822;1081;785197;319739;8.9;3.6
FR;59;2021-03-14;7145;350;792342;320089;9.0;3.6
FR;59;2021-03-15;14337;2421;806679;322510;9.2;3.7
FR;59;2021-03-16;7847;2879;814526;325389;9.3;3.7
FR;59;2021-03-17;8690;3029;823216;328418;9.4;3.7
FR;59;2021-03-18;10357;3897;833573;332315;9.5;3.8
FR;59;2021-03-19;23288;3351;856861;335666;9.7;3.8
FR;59;2021-03-20;20965;967;877826;336633;10.0;3.8
FR;59;2021-03-21;6258;348;884084;336981;10.1;3.8
FR;59;2021-03-22;15358;2557;899442;339538;10.2;3.9
FR;59;2021-03-23;25223;3315;924665;342853;10.5;3.9
FR;59;2021-03-24;27818;3311;952483;346164;10.8;3.9
FR;59;2021-03-25;37652;3584;990135;349748;11.3;4.0
FR;59;2021-03-26;42551;3778;1032686;353526;11.7;4.0
FR;59;2021-03-27;26706;1567;1059392;355093;12.0;4.0
FR;59;2021-03-28;7507;417;1066899;355510;12.1;4.0
FR;59;2021-03-29;21549;3217;1088448;358727;12.4;4.1
FR;59;2021-03-30;31953;4118;1120401;362845;12.7;4.1
FR;59;2021-03-31;31191;4445;1151592;367290;13.1;4.2
FR;59;2021-04-01;38036;5520;1189628;372810;13.5;4.2
FR;59;2021-04-02;36667;5496;1226295;378306;13.9;4.3
FR;59;2021-04-03;21232;3340;1247527;381646;14.2;4.3
FR;59;2021-04-04;7323;1180;1254850;382826;14.3;4.4
FR;59;2021-04-05;8242;1049;1263092;383875;14.4;4.4
FR;59;2021-04-06;25524;5714;1288616;389589;14.7;4.4
FR;59;2021-04-07;33659;6921;1322275;396510;15.0;4.5
FR;59;2021-04-08;44663;8157;1366938;404667;15.5;4.6
FR;59;2021-04-09;60289;8600;1427227;413267;16.2;4.7
FR;59;2021-04-10;36291;6916;1463518;420183;16.6;4.8
FR;59;2021-04-11;9719;3478;1473237;423661;16.8;4.8
FR;59;2021-04-12;35060;7235;1508297;430896;17.2;4.9
FR;59;2021-04-13;49482;9869;1557779;440765;17.7;5.0
FR;59;2021-04-14;49800;9894;1607579;450659;18.3;5.1
FR;59;2021-04-15;58950;11360;1666529;462019;19.0;5.3
FR;59;2021-04-16;62721;12036;1729250;474055;19.7;5.4
FR;59;2021-04-17;41193;9485;1770443;483540;20.1;5.5
FR;59;2021-04-18;12234;4599;1782677;488139;20.3;5.6
FR;59;2021-04-19;32874;10984;1815551;499123;20.6;5.7
FR;59;2021-04-20;44126;14473;1859677;513596;21.2;5.8
FR;59;2021-04-21;46270;16205;1905947;529801;21.7;6.0
FR;59;2021-04-22;55139;19183;1961086;548984;22.3;6.2
FR;59;2021-04-23;64506;20353;2025592;569337;23.0;6.5
FR;59;2021-04-24;47209;15341;2072801;584678;23.6;6.6
FR;59;2021-04-25;16388;5384;2089189;590062;23.8;6.7
FR;59;2021-04-26;40619;17276;2129808;607338;24.2;6.9
FR;59;2021-04-27;56053;23020;2185861;630358;24.9;7.2
FR;59;2021-04-28;63459;25646;2249320;656004;25.6;7.5
FR;59;2021-04-29;76778;31239;2326098;687243;26.5;7.8
FR;59;2021-04-30;91239;36102;2417337;723345;27.5;8.2
FR;59;2021-05-01;42163;10810;2459500;734155;28.0;8.3
FR;59;2021-05-02;23255;7179;2482755;741334;28.2;8.4
FR;59;2021-05-03;61616;26064;2544371;767398;28.9;8.7
FR;59;2021-05-04;69989;34094;2614360;801492;29.7;9.1
FR;59;2021-05-05;76335;37068;2690695;838560;30.6;9.5
FR;59;2021-05-06;88211;43254;2778906;881814;31.6;10.0
FR;59;2021-05-07;96549;53520;2875455;935334;32.7;10.6
FR;59;2021-05-08;55560;16140;2931015;951474;33.3;10.8
FR;59;2021-05-09;39118;10244;2970133;961718;33.8;10.9
FR;59;2021-05-10;93655;39694;3063788;1001412;34.8;11.4
FR;59;2021-05-11;123930;48811;3187718;1050223;36.3;11.9
FR;59;2021-05-12;119601;45541;3307319;1095764;37.6;12.5
FR;59;2021-05-13;91206;14158;3398525;1109922;38.7;12.6
FR;64;2020-12-27;1;0;1;0;0.0;0.0
FR;64;2020-12-28;0;0;1;0;0.0;0.0
FR;64;2020-12-29;2;0;3;0;0.0;0.0
FR;64;2020-12-30;6;0;9;0;0.0;0.0
FR;64;2020-12-31;5;0;14;0;0.0;0.0
FR;64;2021-01-01;8;0;22;0;0.0;0.0
FR;64;2021-01-02;11;0;33;0;0.0;0.0
FR;64;2021-01-03;17;0;50;0;0.0;0.0
FR;64;2021-01-04;209;1;259;1;0.0;0.0
FR;64;2021-01-05;894;3;1153;4;0.0;0.0
FR;64;2021-01-06;1686;1;2839;5;0.1;0.0
FR;64;2021-01-07;3649;4;6488;9;0.2;0.0
FR;64;2021-01-08;4848;5;11336;14;0.3;0.0
FR;64;2021-01-09;1946;0;13282;14;0.3;0.0
FR;64;2021-01-10;1022;0;14304;14;0.3;0.0
FR;64;2021-01-11;5259;1;19563;15;0.5;0.0
FR;64;2021-01-12;7108;5;26671;20;0.7;0.0
FR;64;2021-01-13;7428;13;34099;33;0.8;0.0
FR;64;2021-01-14;8542;76;42641;109;1.0;0.0
FR;64;2021-01-15;7071;27;49712;136;1.2;0.0
FR;64;2021-01-16;2198;13;51910;149;1.3;0.0
FR;64;2021-01-17;842;6;52752;155;1.3;0.0
FR;64;2021-01-18;4678;11;57430;166;1.4;0.0
FR;64;2021-01-19;6389;10;63819;176;1.6;0.0
FR;64;2021-01-20;6204;23;70023;199;1.7;0.0
FR;64;2021-01-21;6870;15;76893;214;1.9;0.0
FR;64;2021-01-22;5386;19;82279;233;2.0;0.0
FR;64;2021-01-23;1412;8;83691;241;2.0;0.0
FR;64;2021-01-24;430;7;84121;248;2.1;0.0
FR;64;2021-01-25;2764;195;86885;443;2.1;0.0
FR;64;2021-01-26;3513;482;90398;925;2.2;0.0
FR;64;2021-01-27;3753;877;94151;1802;2.3;0.0
FR;64;2021-01-28;4552;1739;98703;3541;2.4;0.1
FR;64;2021-01-29;3517;2316;102220;5857;2.5;0.1
FR;64;2021-01-30;837;706;103057;6563;2.5;0.2
FR;64;2021-01-31;172;279;103229;6842;2.5;0.2
FR;64;2021-02-01;1511;2860;104740;9702;2.6;0.2
FR;64;2021-02-02;2139;4138;106879;13840;2.6;0.3
FR;64;2021-02-03;2301;4354;109180;18194;2.7;0.4
FR;64;2021-02-04;2793;5501;111973;23695;2.7;0.6
FR;64;2021-02-05;2170;4962;114143;28657;2.8;0.7
FR;64;2021-02-06;655;1303;114798;29960;2.8;0.7
FR;64;2021-02-07;164;493;114962;30453;2.8;0.7
FR;64;2021-02-08;1483;4193;116445;34646;2.8;0.8
FR;64;2021-02-09;2338;5653;118783;40299;2.9;1.0
FR;64;2021-02-10;2564;5658;121347;45957;3.0;1.1
FR;64;2021-02-11;3449;7208;124796;53165;3.0;1.3
FR;64;2021-02-12;3101;5425;127897;58590;3.1;1.4
FR;64;2021-02-13;832;1441;128729;60031;3.1;1.5
FR;64;2021-02-14;194;434;128923;60465;3.1;1.5
FR;64;2021-02-15;1584;3868;130507;64333;3.2;1.6
FR;64;2021-02-16;2081;5115;132588;69448;3.2;1.7
FR;64;2021-02-17;2203;4621;134791;74069;3.3;1.8
FR;64;2021-02-18;3208;5422;137999;79491;3.4;1.9
FR;64;2021-02-19;2974;4190;140973;83681;3.4;2.0
FR;64;2021-02-20;801;1192;141774;84873;3.5;2.1
FR;64;2021-02-21;133;252;141907;85125;3.5;2.1
FR;64;2021-02-22;1479;2655;143386;87780;3.5;2.1
FR;64;2021-02-23;2383;2898;145769;90678;3.6;2.2
FR;64;2021-02-24;3850;2829;149619;93507;3.6;2.3
FR;64;2021-02-25;15916;3791;165535;97298;4.0;2.4
FR;64;2021-02-26;21688;2708;187223;100006;4.6;2.4
FR;64;2021-02-27;12973;720;200196;100726;4.9;2.5
FR;64;2021-02-28;789;176;200985;100902;4.9;2.5
FR;64;2021-03-01;6486;1726;207471;102628;5.1;2.5
FR;64;2021-03-02;13058;2274;220529;104902;5.4;2.6
FR;64;2021-03-03;15803;2311;236332;107213;5.8;2.6
FR;64;2021-03-04;24934;2765;261266;109978;6.4;2.7
FR;64;2021-03-05;30258;2521;291524;112499;7.1;2.7
FR;64;2021-03-06;26452;665;317976;113164;7.8;2.8
FR;64;2021-03-07;9781;465;327757;113629;8.0;2.8
FR;64;2021-03-08;8707;1744;336464;115373;8.2;2.8
FR;64;2021-03-09;16710;1943;353174;117316;8.6;2.9
FR;64;2021-03-10;16921;2075;370095;119391;9.0;2.9
FR;64;2021-03-11;25731;2708;395826;122099;9.6;3.0
FR;64;2021-03-12;33238;2234;429064;124333;10.5;3.0
FR;64;2021-03-13;27103;628;456167;124961;11.1;3.0
FR;64;2021-03-14;5408;175;461575;125136;11.3;3.1
FR;64;2021-03-15;10927;1381;472502;126517;11.5;3.1
FR;64;2021-03-16;5971;1742;478473;128259;11.7;3.1
FR;64;2021-03-17;6083;1649;484556;129908;11.8;3.2
FR;64;2021-03-18;7620;2021;492176;131929;12.0;3.2
FR;64;2021-03-19;18799;1841;510975;133770;12.5;3.3
FR;64;2021-03-20;18450;662;529425;134432;12.9;3.3
FR;64;2021-03-21;4716;203;534141;134635;13.0;3.3
FR;64;2021-03-22;13444;1513;547585;136148;13.3;3.3
FR;64;2021-03-23;23378;1924;570963;138072;13.9;3.4
FR;64;2021-03-24;24978;1996;595941;140068;14.5;3.4
FR;64;2021-03-25;36398;2234;632339;142302;15.4;3.5
FR;64;2021-03-26;39960;2184;672299;144486;16.4;3.5
FR;64;2021-03-27;21163;933;693462;145419;16.9;3.5
FR;64;2021-03-28;5063;237;698525;145656;17.0;3.6
FR;64;2021-03-29;17468;2074;715993;147730;17.5;3.6
FR;64;2021-03-30;27216;2712;743209;150442;18.1;3.7
FR;64;2021-03-31;23998;2796;767207;153238;18.7;3.7
FR;64;2021-04-01;30343;3656;797550;156894;19.4;3.8
FR;64;2021-04-02;29075;3492;826625;160386;20.2;3.9
FR;64;2021-04-03;15936;2316;842561;162702;20.5;4.0
FR;64;2021-04-04;4024;781;846585;163483;20.6;4.0
FR;64;2021-04-05;5098;779;851683;164262;20.8;4.0
FR;64;2021-04-06;19061;4193;870744;168455;21.2;4.1
FR;64;2021-04-07;23431;4718;894175;173173;21.8;4.2
FR;64;2021-04-08;34398;5478;928573;178651;22.6;4.4
FR;64;2021-04-09;53177;5853;981750;184504;23.9;4.5
FR;64;2021-04-10;29732;4904;1011482;189408;24.7;4.6
FR;64;2021-04-11;6256;2593;1017738;192001;24.8;4.7
FR;64;2021-04-12;27884;5074;1045622;197075;25.5;4.8
FR;64;2021-04-13;42308;7246;1087930;204321;26.5;5.0
FR;64;2021-04-14;40541;7001;1128471;211322;27.5;5.2
FR;64;2021-04-15;51584;8209;1180055;219531;28.8;5.4
FR;64;2021-04-16;63878;8685;1243933;228216;30.3;5.6
FR;64;2021-04-17;38273;6989;1282206;235205;31.3;5.7
FR;64;2021-04-18;10876;3302;1293082;238507;31.5;5.8
FR;64;2021-04-19;41639;8457;1334721;246964;32.5;6.0
FR;64;2021-04-20;52240;10245;1386961;257209;33.8;6.3
FR;64;2021-04-21;51978;10696;1438939;267905;35.1;6.5
FR;64;2021-04-22;56935;12556;1495874;280461;36.5;6.8
FR;64;2021-04-23;60369;12455;1556243;292916;37.9;7.1
FR;64;2021-04-24;43145;8966;1599388;301882;39.0;7.4
FR;64;2021-04-25;16075;3300;1615463;305182;39.4;7.4
FR;64;2021-04-26;49157;11348;1664620;316530;40.6;7.7
FR;64;2021-04-27;62595;15323;1727215;331853;42.1;8.1
FR;64;2021-04-28;63496;15812;1790711;347665;43.7;8.5
FR;64;2021-04-29;72975;20193;1863686;367858;45.4;9.0
FR;64;2021-04-30;74616;21744;1938302;389602;47.3;9.5
FR;64;2021-05-01;28978;6583;1967280;396185;48.0;9.7
FR;64;2021-05-02;14361;3936;1981641;400121;48.3;9.8
FR;64;2021-05-03;51743;15708;2033384;415829;49.6;10.1
FR;64;2021-05-04;52630;21500;2086014;437329;50.9;10.7
FR;64;2021-05-05;48868;22554;2134882;459883;52.0;11.2
FR;64;2021-05-06;56290;28638;2191172;488521;53.4;11.9
FR;64;2021-05-07;50386;33839;2241558;522360;54.6;12.7
FR;64;2021-05-08;19400;9203;2260958;531563;55.1;13.0
FR;64;2021-05-09;9967;5462;2270925;537025;55.4;13.1
FR;64;2021-05-10;33770;26644;2304695;563669;56.2;13.7
FR;64;2021-05-11;43519;36985;2348214;600654;57.2;14.6
FR;64;2021-05-12;38029;34757;2386243;635411;58.2;15.5
FR;64;2021-05-13;21663;9983;2407906;645394;58.7;15.7
FR;69;2020-12-27;2;0;2;0;0.0;0.0
FR;69;2020-12-28;1;0;3;0;0.0;0.0
FR;69;2020-12-29;3;0;6;0;0.0;0.0
FR;69;2020-12-30;7;0;13;0;0.0;0.0
FR;69;2020-12-31;5;0;18;0;0.0;0.0
FR;69;2021-01-01;6;0;24;0;0.0;0.0
FR;69;2021-01-02;10;0;34;0;0.0;0.0
FR;69;2021-01-03;8;0;42;0;0.0;0.0
FR;69;2021-01-04;114;0;156;0;0.0;0.0
FR;69;2021-01-05;410;2;566;2;0.0;0.0
FR;69;2021-01-06;806;2;1372;4;0.0;0.0
FR;69;2021-01-07;1890;3;3262;7;0.1;0.0
FR;69;2021-01-08;2448;0;5710;7;0.1;0.0
FR;69;2021-01-09;1120;1;6830;8;0.2;0.0
FR;69;2021-01-10;655;0;7485;8;0.2;0.0
FR;69;2021-01-11;2725;3;10210;11;0.3;0.0
FR;69;2021-01-12;3856;1;14066;12;0.4;0.0
FR;69;2021-01-13;3778;9;17844;21;0.5;0.0
FR;69;2021-01-14;4557;44;22401;65;0.6;0.0
FR;69;2021-01-15;3829;13;26230;78;0.7;0.0
FR;69;2021-01-16;1341;8;27571;86;0.7;0.0
FR;69;2021-01-17;634;3;28205;89;0.7;0.0
FR;69;2021-01-18;3250;14;31455;103;0.8;0.0
FR;69;2021-01-19;4778;15;36233;118;0.9;0.0
FR;69;2021-01-20;4751;10;40984;128;1.1;0.0
FR;69;2021-01-21;5505;11;46489;139;1.2;0.0
FR;69;2021-01-22;4366;9;50855;148;1.3;0.0
FR;69;2021-01-23;1358;4;52213;152;1.3;0.0
FR;69;2021-01-24;446;5;52659;157;1.3;0.0
FR;69;2021-01-25;2717;81;55376;238;1.4;0.0
FR;69;2021-01-26;3342;180;58718;418;1.5;0.0
FR;69;2021-01-27;3663;404;62381;822;1.6;0.0
FR;69;2021-01-28;4310;883;66691;1705;1.7;0.0
FR;69;2021-01-29;3478;1230;70169;2935;1.8;0.1
FR;69;2021-01-30;937;402;71106;3337;1.8;0.1
FR;69;2021-01-31;180;159;71286;3496;1.8;0.1
FR;69;2021-02-01;1803;1521;73089;5017;1.9;0.1
FR;69;2021-02-02;2400;2199;75489;7216;1.9;0.2
FR;69;2021-02-03;2414;2270;77903;9486;2.0;0.2
FR;69;2021-02-04;2956;2919;80859;12405;2.1;0.3
FR;69;2021-02-05;2486;2535;83345;14940;2.1;0.4
FR;69;2021-02-06;720;808;84065;15748;2.2;0.4
FR;69;2021-02-07;162;391;84227;16139;2.2;0.4
FR;69;2021-02-08;1605;2408;85832;18547;2.2;0.5
FR;69;2021-02-09;2397;3410;88229;21957;2.3;0.6
FR;69;2021-02-10;2559;3400;90788;25357;2.3;0.6
FR;69;2021-02-11;3504;4856;94292;30213;2.4;0.8
FR;69;2021-02-12;3136;3414;97428;33627;2.5;0.9
FR;69;2021-02-13;860;1032;98288;34659;2.5;0.9
FR;69;2021-02-14;212;412;98500;35071;2.5;0.9
FR;69;2021-02-15;1325;2774;99825;37845;2.6;1.0
FR;69;2021-02-16;1860;3980;101685;41825;2.6;1.1
FR;69;2021-02-17;2010;3659;103695;45484;2.7;1.2
FR;69;2021-02-18;2986;4549;106681;50033;2.7;1.3
FR;69;2021-02-19;2848;3499;109529;53532;2.8;1.4
FR;69;2021-02-20;752;1025;110281;54557;2.8;1.4
FR;69;2021-02-21;149;233;110430;54790;2.8;1.4
FR;69;2021-02-22;1602;2571;112032;57361;2.9;1.5
FR;69;2021-02-23;2261;2813;114293;60174;2.9;1.5
FR;69;2021-02-24;2653;2904;116946;63078;3.0;1.6
FR;69;2021-02-25;3863;3565;120809;66643;3.1;1.7
FR;69;2021-02-26;4250;2613;125059;69256;3.2;1.8
FR;69;2021-02-27;1795;699;126854;69955;3.3;1.8
FR;69;2021-02-28;309;177;127163;70132;3.3;1.8
FR;69;2021-03-01;2787;1923;129950;72055;3.3;1.8
FR;69;2021-03-02;4699;2428;134649;74483;3.5;1.9
FR;69;2021-03-03;6631;2458;141280;76941;3.6;2.0
FR;69;2021-03-04;11652;2969;152932;79910;3.9;2.0
FR;69;2021-03-05;17343;2626;170275;82536;4.4;2.1
FR;69;2021-03-06;22912;701;193187;83237;5.0;2.1
FR;69;2021-03-07;14673;382;207860;83619;5.3;2.1
FR;69;2021-03-08;9696;2001;217556;85620;5.6;2.2
FR;69;2021-03-09;17376;2431;234932;88051;6.0;2.3
FR;69;2021-03-10;18682;2476;253614;90527;6.5;2.3
FR;69;2021-03-11;28976;3107;282590;93634;7.2;2.4
FR;69;2021-03-12;39622;2779;322212;96413;8.3;2.5
FR;69;2021-03-13;35713;834;357925;97247;9.2;2.5
FR;69;2021-03-14;8158;219;366083;97466;9.4;2.5
FR;69;2021-03-15;16555;1760;382638;99226;9.8;2.5
FR;69;2021-03-16;10701;2151;393339;101377;10.1;2.6
FR;69;2021-03-17;11701;2149;405040;103526;10.4;2.7
FR;69;2021-03-18;13087;2560;418127;106086;10.7;2.7
FR;69;2021-03-19;28673;2346;446800;108432;11.5;2.8
FR;69;2021-03-20;26832;819;473632;109251;12.1;2.8
FR;69;2021-03-21;7107;252;480739;109503;12.3;2.8
FR;69;2021-03-22;21106;2104;501845;111607;12.9;2.9
FR;69;2021-03-23;36042;2699;537887;114306;13.8;2.9
FR;69;2021-03-24;37329;2743;575216;117049;14.7;3.0
FR;69;2021-03-25;54762;2959;629978;120008;16.1;3.1
FR;69;2021-03-26;58923;2836;688901;122844;17.7;3.1
FR;69;2021-03-27;30007;1274;718908;124118;18.4;3.2
FR;69;2021-03-28;7594;358;726502;124476;18.6;3.2
FR;69;2021-03-29;27608;3355;754110;127831;19.3;3.3
FR;69;2021-03-30;42137;4240;796247;132071;20.4;3.4
FR;69;2021-03-31;35268;4304;831515;136375;21.3;3.5
FR;69;2021-04-01;43047;5655;874562;142030;22.4;3.6
FR;69;2021-04-02;41209;5817;915771;147847;23.5;3.8
FR;69;2021-04-03;21629;3892;937400;151739;24.0;3.9
FR;69;2021-04-04;5798;1298;943198;153037;24.2;3.9
FR;69;2021-04-05;7604;1047;950802;154084;24.4;3.9
FR;69;2021-04-06;27696;7108;978498;161192;25.1;4.1
FR;69;2021-04-07;32309;7668;1010807;168860;25.9;4.3
FR;69;2021-04-08;48426;8730;1059233;177590;27.1;4.6
FR;69;2021-04-09;70228;8850;1129461;186440;28.9;4.8
FR;69;2021-04-10;36561;7764;1166022;194204;29.9;5.0
FR;69;2021-04-11;7989;4271;1174011;198475;30.1;5.1
FR;69;2021-04-12;38447;8746;1212458;207221;31.1;5.3
FR;69;2021-04-13;53349;11826;1265807;219047;32.4;5.6
FR;69;2021-04-14;49118;11543;1314925;230590;33.7;5.9
FR;69;2021-04-15;61520;13376;1376445;243966;35.3;6.3
FR;69;2021-04-16;72209;13903;1448654;257869;37.1;6.6
FR;69;2021-04-17;39417;10583;1488071;268452;38.1;6.9
FR;69;2021-04-18;9960;5005;1498031;273457;38.4;7.0
FR;69;2021-04-19;45622;13762;1543653;287219;39.6;7.4
FR;69;2021-04-20;56736;16674;1600389;303893;41.0;7.8
FR;69;2021-04-21;53032;16393;1653421;320286;42.4;8.2
FR;69;2021-04-22;59834;18581;1713255;338867;43.9;8.7
FR;69;2021-04-23;58940;18557;1772195;357424;45.4;9.2
FR;69;2021-04-24;37120;13053;1809315;370477;46.4;9.5
FR;69;2021-04-25;13133;4951;1822448;375428;46.7;9.6
FR;69;2021-04-26;48841;18231;1871289;393659;48.0;10.1
FR;69;2021-04-27;61430;23018;1932719;416677;49.5;10.7
FR;69;2021-04-28;59369;21938;1992088;438615;51.1;11.2
FR;69;2021-04-29;69486;24667;2061574;463282;52.8;11.9
FR;69;2021-04-30;66468;23721;2128042;487003;54.5;12.5
FR;69;2021-05-01;23531;7555;2151573;494558;55.1;12.7
FR;69;2021-05-02;11122;5121;2162695;499679;55.4;12.8
FR;69;2021-05-03;47019;21228;2209714;520907;56.6;13.4
FR;69;2021-05-04;47520;27650;2257234;548557;57.8;14.1
FR;69;2021-05-05;42300;27075;2299534;575632;58.9;14.8
FR;69;2021-05-06;50416;30110;2349950;605742;60.2;15.5
FR;69;2021-05-07;41887;34192;2391837;639934;61.3;16.4
FR;69;2021-05-08;14658;9312;2406495;649246;61.7;16.6
FR;69;2021-05-09;7245;6544;2413740;655790;61.9;16.8
FR;69;2021-05-10;29058;34617;2442798;690407;62.6;17.7
FR;69;2021-05-11;37764;43664;2480562;734071;63.6;18.8
FR;69;2021-05-12;32261;39082;2512823;773153;64.4;19.8
FR;69;2021-05-13;17238;11460;2530061;784613;64.8;20.1
FR;74;2020-12-27;1;0;1;0;0.0;0.0
FR;74;2020-12-28;6;0;7;0;0.0;0.0
FR;74;2020-12-29;5;0;12;0;0.0;0.0
FR;74;2020-12-30;11;0;23;0;0.0;0.0
FR;74;2020-12-31;7;0;30;0;0.0;0.0
FR;74;2021-01-01;5;0;35;0;0.0;0.0
FR;74;2021-01-02;3;0;38;0;0.0;0.0
FR;74;2021-01-03;12;0;50;0;0.0;0.0
FR;74;2021-01-04;85;1;135;1;0.0;0.0
FR;74;2021-01-05;297;0;432;1;0.0;0.0
FR;74;2021-01-06;552;0;984;1;0.0;0.0
FR;74;2021-01-07;1463;0;2447;1;0.1;0.0
FR;74;2021-01-08;1786;3;4233;4;0.1;0.0
FR;74;2021-01-09;793;1;5026;5;0.1;0.0
FR;74;2021-01-10;533;0;5559;5;0.2;0.0
FR;74;2021-01-11;2116;0;7675;5;0.2;0.0
FR;74;2021-01-12;3140;3;10815;8;0.3;0.0
FR;74;2021-01-13;3190;5;14005;13;0.4;0.0
FR;74;2021-01-14;3933;39;17938;52;0.5;0.0
FR;74;2021-01-15;3527;8;21465;60;0.6;0.0
FR;74;2021-01-16;1332;2;22797;62;0.7;0.0
FR;74;2021-01-17;762;3;23559;65;0.7;0.0
FR;74;2021-01-18;4709;11;28268;76;0.8;0.0
FR;74;2021-01-19;6807;11;35075;87;1.0;0.0
FR;74;2021-01-20;7089;9;42164;96;1.2;0.0
FR;74;2021-01-21;8168;20;50332;116;1.4;0.0
FR;74;2021-01-22;6528;15;56860;131;1.6;0.0
FR;74;2021-01-23;2255;1;59115;132;1.7;0.0
FR;74;2021-01-24;606;0;59721;132;1.7;0.0
FR;74;2021-01-25;4528;56;64249;188;1.8;0.0
FR;74;2021-01-26;5611;148;69860;336;2.0;0.0
FR;74;2021-01-27;5968;270;75828;606;2.2;0.0
FR;74;2021-01-28;6949;749;82777;1355;2.4;0.0
FR;74;2021-01-29;5726;896;88503;2251;2.5;0.1
FR;74;2021-01-30;1770;261;90273;2512;2.6;0.1
FR;74;2021-01-31;294;114;90567;2626;2.6;0.1
FR;74;2021-02-01;3274;1060;93841;3686;2.7;0.1
FR;74;2021-02-02;4275;1783;98116;5469;2.8;0.2
FR;74;2021-02-03;4298;1805;102414;7274;2.9;0.2
FR;74;2021-02-04;5154;2465;107568;9739;3.1;0.3
FR;74;2021-02-05;4370;2178;111938;11917;3.2;0.3
FR;74;2021-02-06;1394;693;113332;12610;3.3;0.4
FR;74;2021-02-07;243;351;113575;12961;3.3;0.4
FR;74;2021-02-08;3069;2505;116644;15466;3.4;0.4
FR;74;2021-02-09;4098;3722;120742;19188;3.5;0.6
FR;74;2021-02-10;4406;3814;125148;23002;3.6;0.7
FR;74;2021-02-11;5605;5468;130753;28470;3.8;0.8
FR;74;2021-02-12;5241;3815;135994;32285;3.9;0.9
FR;74;2021-02-13;1646;1218;137640;33503;4.0;1.0
FR;74;2021-02-14;402;471;138042;33974;4.0;1.0
FR;74;2021-02-15;2393;4176;140435;38150;4.0;1.1
FR;74;2021-02-16;3274;5629;143709;43779;4.1;1.3
FR;74;2021-02-17;3391;5448;147100;49227;4.2;1.4
FR;74;2021-02-18;4907;6800;152007;56027;4.4;1.6
FR;74;2021-02-19;4867;5402;156874;61429;4.5;1.8
FR;74;2021-02-20;1546;1736;158420;63165;4.6;1.8
FR;74;2021-02-21;232;415;158652;63580;4.6;1.8
FR;74;2021-02-22;2855;4290;161507;67870;4.6;2.0
FR;74;2021-02-23;4129;4888;165636;72758;4.8;2.1
FR;74;2021-02-24;4514;4836;170150;77594;4.9;2.2
FR;74;2021-02-25;5509;5692;175659;83286;5.1;2.4
FR;74;2021-02-26;5462;4462;181121;87748;5.2;2.5
FR;74;2021-02-27;1997;1364;183118;89112;5.3;2.6
FR;74;2021-02-28;528;293;183646;89405;5.3;2.6
FR;74;2021-03-01;5054;3360;188700;92765;5.4;2.7
FR;74;2021-03-02;7432;4271;196132;97036;5.6;2.8
FR;74;2021-03-03;9632;4248;205764;101284;5.9;2.9
FR;74;2021-03-04;14931;4789;220695;106073;6.3;3.0
FR;74;2021-03-05;21552;4558;242247;110631;7.0;3.2
FR;74;2021-03-06;30925;1336;273172;111967;7.9;3.2
FR;74;2021-03-07;20793;475;293965;112442;8.5;3.2
FR;74;2021-03-08;14152;3630;308117;116072;8.9;3.3
FR;74;2021-03-09;23935;4188;332052;120260;9.5;3.5
FR;74;2021-03-10;26146;4365;358198;124625;10.3;3.6
FR;74;2021-03-11;38122;5225;396320;129850;11.4;3.7
FR;74;2021-03-12;50351;4607;446671;134457;12.8;3.9
FR;74;2021-03-13;47538;1470;494209;135927;14.2;3.9
FR;74;2021-03-14;11922;392;506131;136319;14.6;3.9
FR;74;2021-03-15;25387;3090;531518;139409;15.3;4.0
FR;74;2021-03-16;20004;3817;551522;143226;15.9;4.1
FR;74;2021-03-17;21744;3852;573266;147078;16.5;4.2
FR;74;2021-03-18;24359;4486;597625;151564;17.2;4.4
FR;74;2021-03-19;41217;3913;638842;155477;18.4;4.5
FR;74;2021-03-20;35287;1517;674129;156994;19.4;4.5
FR;74;2021-03-21;9467;389;683596;157383;19.7;4.5
FR;74;2021-03-22;31403;3865;714999;161248;20.6;4.6
FR;74;2021-03-23;50005;4741;765004;165989;22.0;4.8
FR;74;2021-03-24;51959;5124;816963;171113;23.5;4.9
FR;74;2021-03-25;74487;5458;891450;176571;25.6;5.1
FR;74;2021-03-26;80549;5081;971999;181652;27.9;5.2
FR;74;2021-03-27;50891;2331;1022890;183983;29.4;5.3
FR;74;2021-03-28;17779;727;1040669;184710;29.9;5.3
FR;74;2021-03-29;55983;6808;1096652;191518;31.5;5.5
FR;74;2021-03-30;76387;8662;1173039;200180;33.7;5.8
FR;74;2021-03-31;67761;9229;1240800;209409;35.7;6.0
FR;74;2021-04-01;78137;11611;1318937;221020;37.9;6.4
FR;74;2021-04-02;69849;12188;1388786;233208;39.9;6.7
FR;74;2021-04-03;37106;8399;1425892;241607;41.0;6.9
FR;74;2021-04-04;12491;2768;1438383;244375;41.4;7.0
FR;74;2021-04-05;19191;1839;1457574;246214;41.9;7.1
FR;74;2021-04-06;64198;15024;1521772;261238;43.8;7.5
FR;74;2021-04-07;72494;15885;1594266;277123;45.8;8.0
FR;74;2021-04-08;87433;17775;1681699;294898;48.3;8.5
FR;74;2021-04-09;96961;17542;1778660;312440;51.1;9.0
FR;74;2021-04-10;48546;13947;1827206;326387;52.5;9.4
FR;74;2021-04-11;12725;6808;1839931;333195;52.9;9.6
FR;74;2021-04-12;60746;17633;1900677;350828;54.6;10.1
FR;74;2021-04-13;68551;22078;1969228;372906;56.6;10.7
FR;74;2021-04-14;59889;21679;2029117;394585;58.3;11.3
FR;74;2021-04-15;61636;23613;2090753;418198;60.1;12.0
FR;74;2021-04-16;51937;24207;2142690;442405;61.6;12.7
FR;74;2021-04-17;25576;16738;2168266;459143;62.3;13.2
FR;74;2021-04-18;5705;6956;2173971;466099;62.5;13.4
FR;74;2021-04-19;31508;24207;2205479;490306;63.4;14.1
FR;74;2021-04-20;36000;29470;2241479;519776;64.4;14.9
FR;74;2021-04-21;33035;30118;2274514;549894;65.4;15.8
FR;74;2021-04-22;37805;35072;2312319;584966;66.5;16.8
FR;74;2021-04-23;34515;38643;2346834;623609;67.5;17.9
FR;74;2021-04-24;18515;30658;2365349;654267;68.0;18.8
FR;74;2021-04-25;6070;12535;2371419;666802;68.2;19.2
FR;74;2021-04-26;26248;46771;2397667;713573;68.9;20.5
FR;74;2021-04-27;32771;55935;2430438;769508;69.9;22.1
FR;74;2021-04-28;32287;52708;2462725;822216;70.8;23.6
FR;74;2021-04-29;38248;53826;2500973;876042;71.9;25.2
FR;74;2021-04-30;34701;49007;2535674;925049;72.9;26.6
FR;74;2021-05-01;11003;15108;2546677;940157;73.2;27.0
FR;74;2021-05-02;5129;11365;2551806;951522;73.4;27.4
FR;74;2021-05-03;23917;52015;2575723;1003537;74.1;28.9
FR;74;2021-05-04;24789;69143;2600512;1072680;74.8;30.8
FR;74;2021-05-05;22387;64841;2622899;1137521;75.4;32.7
FR;74;2021-05-06;27028;63177;2649927;1200698;76.2;34.5
FR;74;2021-05-07;22952;65918;2672879;1266616;76.8;36.4
FR;74;2021-05-08;7547;14252;2680426;1280868;77.1;36.8
FR;74;2021-05-09;3641;10461;2684067;1291329;77.2;37.1
FR;74;2021-05-10;15685;62982;2699752;1354311;77.6;38.9
FR;74;2021-05-11;20661;64022;2720413;1418333;78.2;40.8
FR;74;2021-05-12;17924;53066;2738337;1471399;78.7;42.3
FR;74;2021-05-13;8916;12062;2747253;1483461;79.0;42.6
FR;79;2020-12-27;1;0;1;0;0.0;0.0
FR;79;2020-12-28;6;0;7;0;0.0;0.0
FR;79;2020-12-29;16;0;23;0;0.0;0.0
FR;79;2020-12-30;11;0;34;0;0.0;0.0
FR;79;2020-12-31;6;0;40;0;0.0;0.0
FR;79;2021-01-01;4;0;44;0;0.0;0.0
FR;79;2021-01-02;4;0;48;0;0.0;0.0
FR;79;2021-01-03;2;0;50;0;0.0;0.0
FR;79;2021-01-04;49;0;99;0;0.0;0.0
FR;79;2021-01-05;171;0;270;0;0.0;0.0
FR;79;2021-01-06;339;0;609;0;0.0;0.0
FR;79;2021-01-07;905;0;1514;0;0.1;0.0
FR;79;2021-01-08;1072;1;2586;1;0.1;0.0
FR;79;2021-01-09;364;0;2950;1;0.1;0.0
FR;79;2021-01-10;191;0;3141;1;0.1;0.0
FR;79;2021-01-11;1144;2;4285;3;0.2;0.0
FR;79;2021-01-12;2198;2;6483;5;0.3;0.0
FR;79;2021-01-13;2744;2;9227;7;0.4;0.0
FR;79;2021-01-14;4430;35;13657;42;0.6;0.0
FR;79;2021-01-15;5245;16;18902;58;0.9;0.0
FR;79;2021-01-16;2818;11;21720;69;1.0;0.0
FR;79;2021-01-17;1305;3;23025;72;1.0;0.0
FR;79;2021-01-18;19637;36;42662;108;1.9;0.0
FR;79;2021-01-19;26009;34;68671;142;3.1;0.0
FR;79;2021-01-20;28016;32;96687;174;4.4;0.0
FR;79;2021-01-21;30039;30;126726;204;5.7;0.0
FR;79;2021-01-22;27883;26;154609;230;7.0;0.0
FR;79;2021-01-23;11660;10;166269;240;7.5;0.0
FR;79;2021-01-24;2172;2;168441;242;7.6;0.0
FR;79;2021-01-25;22543;44;190984;286;8.6;0.0
FR;79;2021-01-26;25717;116;216701;402;9.8;0.0
FR;79;2021-01-27;24995;191;241696;593;10.9;0.0
FR;79;2021-01-28;25176;559;266872;1152;12.0;0.1
FR;79;2021-01-29;22535;561;289407;1713;13.1;0.1
FR;79;2021-01-30;8782;137;298189;1850;13.4;0.1
FR;79;2021-01-31;1229;55;299418;1905;13.5;0.1
FR;79;2021-02-01;16133;642;315551;2547;14.2;0.1
FR;79;2021-02-02;19262;1271;334813;3818;15.1;0.2
FR;79;2021-02-03;18287;1576;353100;5394;15.9;0.2
FR;79;2021-02-04;19164;2531;372264;7925;16.8;0.4
FR;79;2021-02-05;18011;2677;390275;10602;17.6;0.5
FR;79;2021-02-06;6450;1003;396725;11605;17.9;0.5
FR;79;2021-02-07;872;390;397597;11995;17.9;0.5
FR;79;2021-02-08;13082;5810;410679;17805;18.5;0.8
FR;79;2021-02-09;15548;7669;426227;25474;19.2;1.1
FR;79;2021-02-10;15439;8043;441666;33517;19.9;1.5
FR;79;2021-02-11;16525;9601;458191;43118;20.7;1.9
FR;79;2021-02-12;15664;9404;473855;52522;21.4;2.4
FR;79;2021-02-13;5004;4121;478859;56643;21.6;2.6
FR;79;2021-02-14;903;1043;479762;57686;21.6;2.6
FR;79;2021-02-15;7130;19819;486892;77505;22.0;3.5
FR;79;2021-02-16;8349;23624;495241;101129;22.3;4.6
FR;79;2021-02-17;8248;24020;503489;125149;22.7;5.6
FR;79;2021-02-18;10279;24420;513768;149569;23.2;6.7
FR;79;2021-02-19;10307;20761;524075;170330;23.6;7.7
FR;79;2021-02-20;3766;8311;527841;178641;23.8;8.1
FR;79;2021-02-21;548;1555;528389;180196;23.8;8.1
FR;79;2021-02-22;6984;21880;535373;202076;24.1;9.1
FR;79;2021-02-23;9624;23561;544997;225637;24.6;10.2
FR;79;2021-02-24;10022;22200;555019;247837;25.0;11.2
FR;79;2021-02-25;11653;22078;566672;269915;25.6;12.2
FR;79;2021-02-26;12047;19106;578719;289021;26.1;13.0
FR;79;2021-02-27;4417;6733;583136;295754;26.3;13.3
FR;79;2021-02-28;873;1037;584009;296791;26.3;13.4
FR;79;2021-03-01;12109;16440;596118;313231;26.9;14.1
FR;79;2021-03-02;16310;19256;612428;332487;27.6;15.0
FR;79;2021-03-03;17701;18516;630129;351003;28.4;15.8
FR;79;2021-03-04;20863;17656;650992;368659;29.4;16.6
FR;79;2021-03-05;22419;16444;673411;385103;30.4;17.4
FR;79;2021-03-06;28942;5323;702353;390426;31.7;17.6
FR;79;2021-03-07;21035;1002;723388;391428;32.6;17.7
FR;79;2021-03-08;17346;15320;740734;406748;33.4;18.3
FR;79;2021-03-09;25698;16400;766432;423148;34.6;19.1
FR;79;2021-03-10;26831;15559;793263;438707;35.8;19.8
FR;79;2021-03-11;31780;15052;825043;453759;37.2;20.5
FR;79;2021-03-12;33294;12901;858337;466660;38.7;21.0
FR;79;2021-03-13;25237;4193;883574;470853;39.8;21.2
FR;79;2021-03-14;9457;763;893031;471616;40.3;21.3
FR;79;2021-03-15;28410;8646;921441;480262;41.6;21.7
FR;79;2021-03-16;32774;9271;954215;489533;43.0;22.1
FR;79;2021-03-17;33750;9232;987965;498765;44.6;22.5
FR;79;2021-03-18;36632;9713;1024597;508478;46.2;22.9
FR;79;2021-03-19;36661;8838;1061258;517316;47.9;23.3
FR;79;2021-03-20;20652;3260;1081910;520576;48.8;23.5
FR;79;2021-03-21;5874;595;1087784;521171;49.1;23.5
FR;79;2021-03-22;28533;9163;1116317;530334;50.3;23.9
FR;79;2021-03-23;36982;10748;1153299;541082;52.0;24.4
FR;79;2021-03-24;35470;11313;1188769;552395;53.6;24.9
FR;79;2021-03-25;41803;11083;1230572;563478;55.5;25.4
FR;79;2021-03-26;39292;10405;1269864;573883;57.3;25.9
FR;79;2021-03-27;17618;4389;1287482;578272;58.1;26.1
FR;79;2021-03-28;4792;899;1292274;579171;58.3;26.1
FR;79;2021-03-29;22234;14988;1314508;594159;59.3;26.8
FR;79;2021-03-30;27960;18879;1342468;613038;60.5;27.6
FR;79;2021-03-31;24634;19715;1367102;632753;61.7;28.5
FR;79;2021-04-01;27092;23166;1394194;655919;62.9;29.6
FR;79;2021-04-02;22997;24413;1417191;680332;63.9;30.7
FR;79;2021-04-03;9996;17352;1427187;697684;64.4;31.5
FR;79;2021-04-04;2796;5057;1429983;702741;64.5;31.7
FR;79;2021-04-05;4182;2742;1434165;705483;64.7;31.8
FR;79;2021-04-06;18871;28935;1453036;734418;65.5;33.1
FR;79;2021-04-07;20975;29822;1474011;764240;66.5;34.5
FR;79;2021-04-08;24915;29880;1498926;794120;67.6;35.8
FR;79;2021-04-09;26710;28049;1525636;822169;68.8;37.1
FR;79;2021-04-10;13617;18905;1539253;841074;69.4;37.9
FR;79;2021-04-11;3500;6442;1542753;847516;69.6;38.2
FR;79;2021-04-12;16681;28878;1559434;876394;70.3;39.5
FR;79;2021-04-13;19021;34971;1578455;911365;71.2;41.1
FR;79;2021-04-14;18050;33104;1596505;944469;72.0;42.6
FR;79;2021-04-15;18974;33278;1615479;977747;72.9;44.1
FR;79;2021-04-16;16110;31005;1631589;1008752;73.6;45.5
FR;79;2021-04-17;8088;16673;1639677;1025425;73.9;46.2
FR;79;2021-04-18;1758;4828;1641435;1030253;74.0;46.5
FR;79;2021-04-19;9752;29140;1651187;1059393;74.5;47.8
FR;79;2021-04-20;11571;34403;1662758;1093796;75.0;49.3
FR;79;2021-04-21;11148;31162;1673906;1124958;75.5;50.7
FR;79;2021-04-22;12723;31048;1686629;1156006;76.1;52.1
FR;79;2021-04-23;11778;27637;1698407;1183643;76.6;53.4
FR;79;2021-04-24;6101;13696;1704508;1197339;76.9;54.0
FR;79;2021-04-25;1884;3417;1706392;1200756;77.0;54.2
FR;79;2021-04-26;8781;20562;1715173;1221318;77.4;55.1
FR;79;2021-04-27;10953;23626;1726126;1244944;77.8;56.1
FR;79;2021-04-28;11465;20852;1737591;1265796;78.4;57.1
FR;79;2021-04-29;13422;20613;1751013;1286409;79.0;58.0
FR;79;2021-04-30;12650;17537;1763663;1303946;79.5;58.8
FR;79;2021-05-01;3771;3903;1767434;1307849;79.7;59.0
FR;79;2021-05-02;1719;2613;1769153;1310462;79.8;59.1
FR;79;2021-05-03;8468;15069;1777621;1325531;80.2;59.8
FR;79;2021-05-04;8783;20112;1786404;1345643;80.6;60.7
FR;79;2021-05-05;8235;18930;1794639;1364573;80.9;61.5
FR;79;2021-05-06;10079;18726;1804718;1383299;81.4;62.4
FR;79;2021-05-07;8790;19400;1813508;1402699;81.8;63.3
FR;79;2021-05-08;2849;4270;1816357;1406969;81.9;63.5
FR;79;2021-05-09;1374;2982;1817731;1409951;82.0;63.6
FR;79;2021-05-10;5951;17437;1823682;1427388;82.2;64.4
FR;79;2021-05-11;7810;18498;1831492;1445886;82.6;65.2
FR;79;2021-05-12;6993;15723;1838485;1461609;82.9;65.9
FR;79;2021-05-13;3442;3766;1841927;1465375;83.1;66.1
FR;80;2020-12-27;10;0;10;0;0.0;0.0
FR;80;2020-12-28;41;0;51;0;0.0;0.0
FR;80;2020-12-29;78;0;129;0;0.0;0.0
FR;80;2020-12-30;69;0;198;0;0.0;0.0
FR;80;2020-12-31;49;0;247;0;0.0;0.0
FR;80;2021-01-01;8;0;255;0;0.0;0.0
FR;80;2021-01-02;8;0;263;0;0.0;0.0
FR;80;2021-01-03;2;0;265;0;0.0;0.0
FR;80;2021-01-04;297;1;562;1;0.0;0.0
FR;80;2021-01-05;909;0;1471;1;0.0;0.0
FR;80;2021-01-06;1673;0;3144;1;0.1;0.0
FR;80;2021-01-07;6291;2;9435;3;0.2;0.0
FR;80;2021-01-08;5730;2;15165;5;0.4;0.0
FR;80;2021-01-09;979;0;16144;5;0.4;0.0
FR;80;2021-01-10;307;0;16451;5;0.4;0.0
FR;80;2021-01-11;4429;4;20880;9;0.5;0.0
FR;80;2021-01-12;12658;8;33538;17;0.8;0.0
FR;80;2021-01-13;12424;14;45962;31;1.1;0.0
FR;80;2021-01-14;18199;117;64161;148;1.5;0.0
FR;80;2021-01-15;12101;31;76262;179;1.8;0.0
FR;80;2021-01-16;4032;28;80294;207;1.9;0.0
FR;80;2021-01-17;3742;18;84036;225;2.0;0.0
FR;80;2021-01-18;28722;65;112758;290;2.7;0.0
FR;80;2021-01-19;53721;62;166479;352;4.0;0.0
FR;80;2021-01-20;59355;108;225834;460;5.4;0.0
FR;80;2021-01-21;69895;79;295729;539;7.1;0.0
FR;80;2021-01-22;48281;65;344010;604;8.3;0.0
FR;80;2021-01-23;16214;8;360224;612;8.7;0.0
FR;80;2021-01-24;4311;2;364535;614;8.8;0.0
FR;80;2021-01-25;32390;147;396925;761;9.5;0.0
FR;80;2021-01-26;45092;531;442017;1292;10.6;0.0
FR;80;2021-01-27;50850;888;492867;2180;11.9;0.1
FR;80;2021-01-28;59979;3939;552846;6119;13.3;0.1
FR;80;2021-01-29;39320;3274;592166;9393;14.2;0.2
FR;80;2021-01-30;13220;591;605386;9984;14.6;0.2
FR;80;2021-01-31;2333;285;607719;10269;14.6;0.2
FR;80;2021-02-01;22997;2784;630716;13053;15.2;0.3
FR;80;2021-02-02;33450;7427;664166;20480;16.0;0.5
FR;80;2021-02-03;34402;7864;698568;28344;16.8;0.7
FR;80;2021-02-04;38035;12581;736603;40925;17.7;1.0
FR;80;2021-02-05;29778;9525;766381;50450;18.4;1.2
FR;80;2021-02-06;9702;2123;776083;52573;18.7;1.3
FR;80;2021-02-07;1449;1867;777532;54440;18.7;1.3
FR;80;2021-02-08;19334;11136;796866;65576;19.2;1.6
FR;80;2021-02-09;25878;25603;822744;91179;19.8;2.2
FR;80;2021-02-10;26293;28912;849037;120091;20.4;2.9
FR;80;2021-02-11;30458;38114;879495;158205;21.2;3.8
FR;80;2021-02-12;26687;24672;906182;182877;21.8;4.4
FR;80;2021-02-13;7923;6521;914105;189398;22.0;4.6
FR;80;2021-02-14;1507;3099;915612;192497;22.0;4.6
FR;80;2021-02-15;11128;28307;926740;220804;22.3;5.3
FR;80;2021-02-16;15543;38925;942283;259729;22.7;6.2
FR;80;2021-02-17;15917;44486;958200;304215;23.0;7.3
FR;80;2021-02-18;21463;52509;979663;356724;23.6;8.6
FR;80;2021-02-19;19025;37486;998688;394210;24.0;9.5
FR;80;2021-02-20;6299;12321;1004987;406531;24.2;9.8
FR;80;2021-02-21;912;2970;1005899;409501;24.2;9.8
FR;80;2021-02-22;11168;30690;1017067;440191;24.5;10.6
FR;80;2021-02-23;17048;37262;1034115;477453;24.9;11.5
FR;80;2021-02-24;17960;37078;1052075;514531;25.3;12.4
FR;80;2021-02-25;22234;40856;1074309;555387;25.8;13.4
FR;80;2021-02-26;20504;30900;1094813;586287;26.3;14.1
FR;80;2021-02-27;7166;10283;1101979;596570;26.5;14.3
FR;80;2021-02-28;1259;2119;1103238;598689;26.5;14.4
FR;80;2021-03-01;18753;23194;1121991;621883;27.0;15.0
FR;80;2021-03-02;26855;29092;1148846;650975;27.6;15.7
FR;80;2021-03-03;28637;29223;1177483;680198;28.3;16.4
FR;80;2021-03-04;34802;29663;1212285;709861;29.2;17.1
FR;80;2021-03-05;35810;27451;1248095;737312;30.0;17.7
FR;80;2021-03-06;41256;8318;1289351;745630;31.0;17.9
FR;80;2021-03-07;29641;1981;1318992;747611;31.7;18.0
FR;80;2021-03-08;27138;22463;1346130;770074;32.4;18.5
FR;80;2021-03-09;40647;24619;1386777;794693;33.4;19.1
FR;80;2021-03-10;43014;25355;1429791;820048;34.4;19.7
FR;80;2021-03-11;51535;26820;1481326;846868;35.6;20.4
FR;80;2021-03-12;51959;22927;1533285;869795;36.9;20.9
FR;80;2021-03-13;37359;6966;1570644;876761;37.8;21.1
FR;80;2021-03-14;13872;1511;1584516;878272;38.1;21.1
FR;80;2021-03-15;43975;13899;1628491;892171;39.2;21.5
FR;80;2021-03-16;51762;16995;1680253;909166;40.4;21.9
FR;80;2021-03-17;54557;16509;1734810;925675;41.7;22.3
FR;80;2021-03-18;58387;18787;1793197;944462;43.1;22.7
FR;80;2021-03-19;57270;15685;1850467;960147;44.5;23.1
FR;80;2021-03-20;30942;5315;1881409;965462;45.2;23.2
FR;80;2021-03-21;8682;1087;1890091;966549;45.5;23.2
FR;80;2021-03-22;42793;14517;1932884;981066;46.5;23.6
FR;80;2021-03-23;55464;18015;1988348;999081;47.8;24.0
FR;80;2021-03-24;54324;19011;2042672;1018092;49.1;24.5
FR;80;2021-03-25;63788;19536;2106460;1037628;50.7;25.0
FR;80;2021-03-26;60005;18214;2166465;1055842;52.1;25.4
FR;80;2021-03-27;26538;7328;2193003;1063170;52.7;25.6
FR;80;2021-03-28;6922;1447;2199925;1064617;52.9;25.6
FR;80;2021-03-29;32790;23366;2232715;1087983;53.7;26.2
FR;80;2021-03-30;43096;30689;2275811;1118672;54.7;26.9
FR;80;2021-03-31;40405;32068;2316216;1150740;55.7;27.7
FR;80;2021-04-01;45944;37676;2362160;1188416;56.8;28.6
FR;80;2021-04-02;36973;39695;2399133;1228111;57.7;29.5
FR;80;2021-04-03;14482;26077;2413615;1254188;58.0;30.2
FR;80;2021-04-04;3861;7557;2417476;1261745;58.1;30.3
FR;80;2021-04-05;5609;4076;2423085;1265821;58.3;30.4
FR;80;2021-04-06;27464;44915;2450549;1310736;58.9;31.5
FR;80;2021-04-07;33302;48354;2483851;1359090;59.7;32.7
FR;80;2021-04-08;39866;49490;2523717;1408580;60.7;33.9
FR;80;2021-04-09;43237;46272;2566954;1454852;61.7;35.0
FR;80;2021-04-10;19791;28856;2586745;1483708;62.2;35.7
FR;80;2021-04-11;4825;9353;2591570;1493061;62.3;35.9
FR;80;2021-04-12;23404;45115;2614974;1538176;62.9;37.0
FR;80;2021-04-13;30030;54573;2645004;1592749;63.6;38.3
FR;80;2021-04-14;28806;52092;2673810;1644841;64.3;39.6
FR;80;2021-04-15;31097;52609;2704907;1697450;65.1;40.8
FR;80;2021-04-16;26202;48922;2731109;1746372;65.7;42.0
FR;80;2021-04-17;12261;25567;2743370;1771939;66.0;42.6
FR;80;2021-04-18;2518;7612;2745888;1779551;66.0;42.8
FR;80;2021-04-19;14113;43640;2760001;1823191;66.4;43.8
FR;80;2021-04-20;17750;52989;2777751;1876180;66.8;45.1
FR;80;2021-04-21;17725;49739;2795476;1925919;67.2;46.3
FR;80;2021-04-22;20405;51149;2815881;1977068;67.7;47.6
FR;80;2021-04-23;18878;44549;2834759;2021617;68.2;48.6
FR;80;2021-04-24;9320;21165;2844079;2042782;68.4;49.1
FR;80;2021-04-25;2647;5142;2846726;2047924;68.5;49.3
FR;80;2021-04-26;12156;30525;2858882;2078449;68.8;50.0
FR;80;2021-04-27;16543;36351;2875425;2114800;69.2;50.9
FR;80;2021-04-28;17724;34525;2893149;2149325;69.6;51.7
FR;80;2021-04-29;21268;35545;2914417;2184870;70.1;52.5
FR;80;2021-04-30;20095;29509;2934512;2214379;70.6;53.3
FR;80;2021-05-01;5751;5803;2940263;2220182;70.7;53.4
FR;80;2021-05-02;2581;3845;2942844;2224027;70.8;53.5
FR;80;2021-05-03;12288;21299;2955132;2245326;71.1;54.0
FR;80;2021-05-04;13640;29914;2968772;2275240;71.4;54.7
FR;80;2021-05-05;13225;29236;2981997;2304476;71.7;55.4
FR;80;2021-05-06;15575;29439;2997572;2333915;72.1;56.1
FR;80;2021-05-07;14223;29692;3011795;2363607;72.4;56.8
FR;80;2021-05-08;4314;6021;3016109;2369628;72.5;57.0
FR;80;2021-05-09;1899;4138;3018008;2373766;72.6;57.1
FR;80;2021-05-10;8866;24281;3026874;2398047;72.8;57.7
FR;80;2021-05-11;12114;27092;3038988;2425139;73.1;58.3
FR;80;2021-05-12;10903;23468;3049891;2448607;73.4;58.9
FR;80;2021-05-13;4752;5368;3054643;2453975;73.5;59.0
FR;0;2020-12-27;20;0;20;0;0.0;0.0
FR;0;2020-12-28;63;0;83;0;0.0;0.0
FR;0;2020-12-29;108;0;191;0;0.0;0.0
FR;0;2020-12-30;119;0;310;0;0.0;0.0
FR;0;2020-12-31;83;0;393;0;0.0;0.0
FR;0;2021-01-01;65;0;458;0;0.0;0.0
FR;0;2021-01-02;76;0;534;0;0.0;0.0
FR;0;2021-01-03;87;0;621;0;0.0;0.0
FR;0;2021-01-04;1468;4;2089;4;0.0;0.0
FR;0;2021-01-05;5374;7;7463;11;0.0;0.0
FR;0;2021-01-06;11272;12;18735;23;0.0;0.0
FR;0;2021-01-07;28516;41;47251;64;0.1;0.0
FR;0;2021-01-08;36027;35;83278;99;0.1;0.0
FR;0;2021-01-09;10880;8;94158;107;0.1;0.0
FR;0;2021-01-10;5601;3;99759;110;0.1;0.0
FR;0;2021-01-11;38828;44;138587;154;0.2;0.0
FR;0;2021-01-12;60581;63;199168;217;0.3;0.0
FR;0;2021-01-13;63534;99;262702;316;0.4;0.0
FR;0;2021-01-14;79625;633;342327;949;0.5;0.0
FR;0;2021-01-15;67149;203;409476;1152;0.6;0.0
FR;0;2021-01-16;19593;95;429069;1247;0.6;0.0
FR;0;2021-01-17;10449;46;439518;1293;0.7;0.0
FR;0;2021-01-18;84220;217;523738;1510;0.8;0.0
FR;0;2021-01-19;128124;208;651862;1718;1.0;0.0
FR;0;2021-01-20;134759;262;786621;1980;1.2;0.0
FR;0;2021-01-21;154815;225;941436;2205;1.4;0.0
FR;0;2021-01-22;118178;248;1059614;2453;1.6;0.0
FR;0;2021-01-23;37744;60;1097358;2513;1.6;0.0
FR;0;2021-01-24;9330;30;1106688;2543;1.6;0.0
FR;0;2021-01-25;76640;1269;1183328;3812;1.8;0.0
FR;0;2021-01-26;98567;3168;1281895;6980;1.9;0.0
FR;0;2021-01-27;105443;5670;1387338;12650;2.1;0.0
FR;0;2021-01-28;122003;14467;1509341;27117;2.2;0.0
FR;0;2021-01-29;90747;17404;1600088;44521;2.4;0.1
FR;0;2021-01-30;28620;4252;1628708;48773;2.4;0.1
FR;0;2021-01-31;4862;1681;1633570;50454;2.4;0.1
FR;0;2021-02-01;51402;21172;1684972;71626;2.5;0.1
FR;0;2021-02-02;70397;34683;1755369;106309;2.6;0.2
FR;0;2021-02-03;70828;37068;1826197;143377;2.7;0.2
FR;0;2021-02-04;80237;50197;1906434;193574;2.8;0.3
FR;0;2021-02-05;66848;45447;1973282;239021;2.9;0.4
FR;0;2021-02-06;21257;10416;1994539;249437;3.0;0.4
FR;0;2021-02-07;4826;5058;1999365;254495;3.0;0.4
FR;0;2021-02-08;45770;46119;2045135;300614;3.0;0.4
FR;0;2021-02-09;64632;72694;2109767;373308;3.1;0.6
FR;0;2021-02-10;69101;77044;2178868;450352;3.2;0.7
FR;0;2021-02-11;85314;99686;2264182;550038;3.4;0.8
FR;0;2021-02-12;77465;74771;2341647;624809;3.5;0.9
FR;0;2021-02-13;21594;19558;2363241;644367;3.5;1.0
FR;0;2021-02-14;4564;7215;2367805;651582;3.5;1.0
FR;0;2021-02-15;36866;76780;2404671;728362;3.6;1.1
FR;0;2021-02-16;49078;101054;2453749;829416;3.7;1.2
FR;0;2021-02-17;49192;103329;2502941;932745;3.7;1.4
FR;0;2021-02-18;67571;119158;2570512;1051903;3.8;1.6
FR;0;2021-02-19;63425;91244;2633937;1143147;3.9;1.7
FR;0;2021-02-20;17907;28505;2651844;1171652;4.0;1.7
FR;0;2021-02-21;2841;6389;2654685;1178041;4.0;1.8
FR;0;2021-02-22;36270;73421;2690955;1251462;4.0;1.9
FR;0;2021-02-23;52246;84426;2743201;1335888;4.1;2.0
FR;0;2021-02-24;57789;81473;2800990;1417361;4.2;2.1
FR;0;2021-02-25;97876;92201;2898866;1509562;4.3;2.2
FR;0;2021-02-26;111050;71786;3009916;1581348;4.5;2.4
FR;0;2021-02-27;50795;22244;3060711;1603592;4.6;2.4
FR;0;2021-02-28;5636;4468;3066347;1608060;4.6;2.4
FR;0;2021-03-01;63094;53179;3129441;1661239;4.7;2.5
FR;0;2021-03-02;98704;66873;3228145;1728112;4.8;2.6
FR;0;2021-03-03;112705;66358;3340850;1794470;5.0;2.7
FR;0;2021-03-04;158676;70192;3499526;1864662;5.2;2.8
FR;0;2021-03-05;196266;64845;3695792;1929507;5.5;2.9
FR;0;2021-03-06;202728;18751;3898520;1948258;5.8;2.9
FR;0;2021-03-07;118965;5936;4017485;1954194;6.0;2.9
FR;0;2021-03-08;104088;51425;4121573;2005619;6.1;3.0
FR;0;2021-03-09;168494;57843;4290067;2063462;6.4;3.1
FR;0;2021-03-10;174416;58334;4464483;2121796;6.7;3.2
FR;0;2021-03-11;237660;64802;4702143;2186598;7.0;3.3
FR;0;2021-03-12;289021;55428;4991164;2242026;7.4;3.3
FR;0;2021-03-13;226621;16311;5217785;2258337;7.8;3.4
FR;0;2021-03-14;61956;3855;5279741;2262192;7.9;3.4
FR;0;2021-03-15;154902;34161;5434643;2296353;8.1;3.4
FR;0;2021-03-16;138980;41118;5573623;2337471;8.3;3.5
FR;0;2021-03-17;147586;40645;5721209;2378116;8.5;3.5
FR;0;2021-03-18;164565;47206;5885774;2425322;8.8;3.6
FR;0;2021-03-19;225692;40666;6111466;2465988;9.1;3.7
FR;0;2021-03-20;164015;13629;6275481;2479617;9.4;3.7
FR;0;2021-03-21;48675;3328;6324156;2482945;9.4;3.7
FR;0;2021-03-22;166529;36861;6490685;2519806;9.7;3.8
FR;0;2021-03-23;245843;46134;6736528;2565940;10.0;3.8
FR;0;2021-03-24;252370;47611;6988898;2613551;10.4;3.9
FR;0;2021-03-25;336195;49934;7325093;2663485;10.9;4.0
FR;0;2021-03-26;353477;47453;7678570;2710938;11.4;4.0
FR;0;2021-03-27;192325;19587;7870895;2730525;11.7;4.1
FR;0;2021-03-28;58228;4670;7929123;2735195;11.8;4.1
FR;0;2021-03-29;199785;57658;8128908;2792853;12.1;4.2
FR;0;2021-03-30;280973;74876;8409881;2867729;12.5;4.3
FR;0;2021-03-31;258332;78255;8668213;2945984;12.9;4.4
FR;0;2021-04-01;308436;95025;8976649;3041009;13.4;4.5
FR;0;2021-04-02;276700;98257;9253349;3139266;13.8;4.7
FR;0;2021-04-03;138798;64816;9392147;3204082;14.0;4.8
FR;0;2021-04-04;44789;19829;9436936;3223911;14.1;4.8
FR;0;2021-04-05;58666;12599;9495602;3236510;14.1;4.8
FR;0;2021-04-06;212192;112719;9707794;3349229;14.5;5.0
FR;0;2021-04-07;255145;122053;9962939;3471282;14.8;5.2
FR;0;2021-04-08;331268;130559;10294207;3601841;15.3;5.4
FR;0;2021-04-09;402731;126113;10696938;3727954;15.9;5.6
FR;0;2021-04-10;209658;87720;10906596;3815674;16.3;5.7
FR;0;2021-04-11;54866;36233;10961462;3851907;16.3;5.7
FR;0;2021-04-12;232810;121035;11194272;3972942;16.7;5.9
FR;0;2021-04-13;303639;152746;11497911;4125688;17.1;6.1
FR;0;2021-04-14;287699;147717;11785610;4273405;17.6;6.4
FR;0;2021-04-15;328947;157364;12114557;4430769;18.1;6.6
FR;0;2021-04-16;332317;154681;12446874;4585450;18.5;6.8
FR;0;2021-04-17;184990;95067;12631864;4680517;18.8;7.0
FR;0;2021-04-18;50097;37074;12681961;4717591;18.9;7.0
FR;0;2021-04-19;200831;144393;12882792;4861984;19.2;7.2
FR;0;2021-04-20;248166;178462;13130958;5040446;19.6;7.5
FR;0;2021-04-21;245526;176686;13376484;5217132;19.9;7.8
FR;0;2021-04-22;280254;197757;13656738;5414889;20.3;8.1
FR;0;2021-04-23;287490;193575;13944228;5608464;20.8;8.4
FR;0;2021-04-24;186693;119175;14130921;5727639;21.1;8.5
FR;0;2021-04-25;67268;41510;14198189;5769149;21.2;8.6
FR;0;2021-04-26;213433;166134;14411622;5935283;21.5;8.8
FR;0;2021-04-27;278249;206532;14689871;6141815;21.9;9.2
FR;0;2021-04-28;291453;203639;14981324;6345454;22.3;9.5
FR;0;2021-04-29;346294;225452;15327618;6570906;22.8;9.8
FR;0;2021-04-30;361747;218466;15689365;6789372;23.4;10.1
FR;0;2021-05-01;158532;61194;15847897;6850566;23.6;10.2
FR;0;2021-05-02;88954;42183;15936851;6892749;23.7;10.3
FR;0;2021-05-03;278117;186485;16214968;7079234;24.2;10.5
FR;0;2021-05-04;304600;246350;16519568;7325584;24.6;10.9
FR;0;2021-05-05;313880;245490;16833448;7571074;25.1;11.3
FR;0;2021-05-06;366674;268171;17200122;7839245;25.6;11.7
FR;0;2021-05-07;359920;293766;17560042;8133011;26.2;12.1
FR;0;2021-05-08;197195;78181;17757237;8211192;26.5;12.2
FR;0;2021-05-09;127013;53977;17884250;8265169;26.6;12.3
FR;0;2021-05-10;296946;250659;18181196;8515828;27.1;12.7
FR;0;2021-05-11;388837;291687;18570033;8807515;27.7;13.1
FR;0;2021-05-12;407004;263389;18977037;9070904;28.3;13.5
FR;0;2021-05-13;322087;75018;19299124;9145922;28.8;13.6
