fra;clage_vacsi;jour;n_dose1;n_complet;n_cum_dose1;n_cum_complet;couv_dose1;couv_complet
FR;24;2020-12-27;1;0;1;0;0.0;0.0
FR;24;2020-12-28;3;0;4;0;0.0;0.0
FR;24;2020-12-29;0;0;4;0;0.0;0.0
FR;24;2020-12-30;0;0;4;0;0.0;0.0
FR;24;2020-12-31;1;0;5;0;0.0;0.0
FR;24;2021-01-01;2;0;7;0;0.0;0.0
FR;24;2021-01-02;1;0;8;0;0.0;0.0
FR;24;2021-01-03;2;0;10;0;0.0;0.0
FR;24;2021-01-04;4;0;14;0;0.0;0.0
FR;24;2021-01-05;17;1;31;1;0.0;0.0
FR;24;2021-01-06;36;0;67;1;0.0;0.0
FR;24;2021-01-07;180;0;247;1;0.0;0.0
FR;24;2021-01-08;217;0;464;1;0.0;0.0
FR;24;2021-01-09;39;0;503;1;0.0;0.0
FR;24;2021-01-10;35;0;538;1;0.0;0.0
FR;24;2021-01-11;254;2;792;3;0.0;0.0
FR;24;2021-01-12;398;5;1190;8;0.0;0.0
FR;24;2021-01-13;482;5;1672;13;0.0;0.0
FR;24;2021-01-14;616;6;2288;19;0.0;0.0
FR;24;2021-01-15;600;2;2888;21;0.1;0.0
FR;24;2021-01-16;118;3;3006;24;0.1;0.0
FR;24;2021-01-17;94;0;3100;24;0.1;0.0
FR;24;2021-01-18;510;5;3610;29;0.1;0.0
FR;24;2021-01-19;599;7;4209;36;0.1;0.0
FR;24;2021-01-20;652;2;4861;38;0.1;0.0
FR;24;2021-01-21;761;4;5622;42;0.1;0.0
FR;24;2021-01-22;605;6;6227;48;0.1;0.0
FR;24;2021-01-23;117;0;6344;48;0.1;0.0
FR;24;2021-01-24;22;0;6366;48;0.1;0.0
FR;24;2021-01-25;295;7;6661;55;0.1;0.0
FR;24;2021-01-26;367;13;7028;68;0.1;0.0
FR;24;2021-01-27;449;14;7477;82;0.1;0.0
FR;24;2021-01-28;603;53;8080;135;0.1;0.0
FR;24;2021-01-29;470;85;8550;220;0.2;0.0
FR;24;2021-01-30;87;16;8637;236;0.2;0.0
FR;24;2021-01-31;25;13;8662;249;0.2;0.0
FR;24;2021-02-01;157;136;8819;385;0.2;0.0
FR;24;2021-02-02;219;182;9038;567;0.2;0.0
FR;24;2021-02-03;219;188;9257;755;0.2;0.0
FR;24;2021-02-04;361;316;9618;1071;0.2;0.0
FR;24;2021-02-05;348;345;9966;1416;0.2;0.0
FR;24;2021-02-06;84;71;10050;1487;0.2;0.0
FR;24;2021-02-07;169;31;10219;1518;0.2;0.0
FR;24;2021-02-08;388;361;10607;1879;0.2;0.0
FR;24;2021-02-09;750;465;11357;2344;0.2;0.0
FR;24;2021-02-10;1095;608;12452;2952;0.2;0.1
FR;24;2021-02-11;1583;729;14035;3681;0.3;0.1
FR;24;2021-02-12;1628;579;15663;4260;0.3;0.1
FR;24;2021-02-13;292;96;15955;4356;0.3;0.1
FR;24;2021-02-14;63;32;16018;4388;0.3;0.1
FR;24;2021-02-15;1051;393;17069;4781;0.3;0.1
FR;24;2021-02-16;1567;595;18636;5376;0.3;0.1
FR;24;2021-02-17;1496;509;20132;5885;0.4;0.1
FR;24;2021-02-18;1954;650;22086;6535;0.4;0.1
FR;24;2021-02-19;1863;586;23949;7121;0.4;0.1
FR;24;2021-02-20;335;90;24284;7211;0.4;0.1
FR;24;2021-02-21;41;19;24325;7230;0.4;0.1
FR;24;2021-02-22;1171;309;25496;7539;0.5;0.1
FR;24;2021-02-23;1593;403;27089;7942;0.5;0.1
FR;24;2021-02-24;1658;356;28747;8298;0.5;0.2
FR;24;2021-02-25;2295;512;31042;8810;0.6;0.2
FR;24;2021-02-26;2209;428;33251;9238;0.6;0.2
FR;24;2021-02-27;534;91;33785;9329;0.6;0.2
FR;24;2021-02-28;92;17;33877;9346;0.6;0.2
FR;24;2021-03-01;1271;260;35148;9606;0.6;0.2
FR;24;2021-03-02;1668;333;36816;9939;0.7;0.2
FR;24;2021-03-03;1774;394;38590;10333;0.7;0.2
FR;24;2021-03-04;2196;556;40786;10889;0.8;0.2
FR;24;2021-03-05;3340;562;44126;11451;0.8;0.2
FR;24;2021-03-06;1728;169;45854;11620;0.8;0.2
FR;24;2021-03-07;991;92;46845;11712;0.9;0.2
FR;24;2021-03-08;1990;282;48835;11994;0.9;0.2
FR;24;2021-03-09;2647;380;51482;12374;0.9;0.2
FR;24;2021-03-10;2459;418;53941;12792;1.0;0.2
FR;24;2021-03-11;2967;570;56908;13362;1.0;0.2
FR;24;2021-03-12;3863;502;60771;13864;1.1;0.3
FR;24;2021-03-13;1503;129;62274;13993;1.1;0.3
FR;24;2021-03-14;538;48;62812;14041;1.2;0.3
FR;24;2021-03-15;1851;294;64663;14335;1.2;0.3
FR;24;2021-03-16;834;323;65497;14658;1.2;0.3
FR;24;2021-03-17;1082;338;66579;14996;1.2;0.3
FR;24;2021-03-18;1312;465;67891;15461;1.3;0.3
FR;24;2021-03-19;1877;390;69768;15851;1.3;0.3
FR;24;2021-03-20;840;100;70608;15951;1.3;0.3
FR;24;2021-03-21;638;83;71246;16034;1.3;0.3
FR;24;2021-03-22;1511;324;72757;16358;1.3;0.3
FR;24;2021-03-23;1809;426;74566;16784;1.4;0.3
FR;24;2021-03-24;2167;392;76733;17176;1.4;0.3
FR;24;2021-03-25;2574;530;79307;17706;1.5;0.3
FR;24;2021-03-26;3174;535;82481;18241;1.5;0.3
FR;24;2021-03-27;1907;236;84388;18477;1.6;0.3
FR;24;2021-03-28;1014;86;85402;18563;1.6;0.3
FR;24;2021-03-29;2464;395;87866;18958;1.6;0.3
FR;24;2021-03-30;3664;573;91530;19531;1.7;0.4
FR;24;2021-03-31;4203;585;95733;20116;1.8;0.4
FR;24;2021-04-01;5452;826;101185;20942;1.9;0.4
FR;24;2021-04-02;4494;695;105679;21637;1.9;0.4
FR;24;2021-04-03;1761;357;107440;21994;2.0;0.4
FR;24;2021-04-04;958;139;108398;22133;2.0;0.4
FR;24;2021-04-05;1103;143;109501;22276;2.0;0.4
FR;24;2021-04-06;3581;645;113082;22921;2.1;0.4
FR;24;2021-04-07;4803;880;117885;23801;2.2;0.4
FR;24;2021-04-08;6413;1182;124298;24983;2.3;0.5
FR;24;2021-04-09;5808;1139;130106;26122;2.4;0.5
FR;24;2021-04-10;2631;592;132737;26714;2.4;0.5
FR;24;2021-04-11;1261;322;133998;27036;2.5;0.5
FR;24;2021-04-12;3465;974;137463;28010;2.5;0.5
FR;24;2021-04-13;4806;1187;142269;29197;2.6;0.5
FR;24;2021-04-14;4991;1366;147260;30563;2.7;0.6
FR;24;2021-04-15;5259;1636;152519;32199;2.8;0.6
FR;24;2021-04-16;4868;1718;157387;33917;2.9;0.6
FR;24;2021-04-17;2142;815;159529;34732;2.9;0.6
FR;24;2021-04-18;729;447;160258;35179;3.0;0.6
FR;24;2021-04-19;2962;1544;163220;36723;3.0;0.7
FR;24;2021-04-20;3148;2162;166368;38885;3.1;0.7
FR;24;2021-04-21;3459;2509;169827;41394;3.1;0.8
FR;24;2021-04-22;4056;3176;173883;44570;3.2;0.8
FR;24;2021-04-23;4248;3330;178131;47900;3.3;0.9
FR;24;2021-04-24;2399;1693;180530;49593;3.3;0.9
FR;24;2021-04-25;1233;807;181763;50400;3.4;0.9
FR;24;2021-04-26;3136;2207;184899;52607;3.4;1.0
FR;24;2021-04-27;3966;3204;188865;55811;3.5;1.0
FR;24;2021-04-28;4509;3785;193374;59596;3.6;1.1
FR;24;2021-04-29;5555;4497;198929;64093;3.7;1.2
FR;24;2021-04-30;6295;4664;205224;68757;3.8;1.3
FR;24;2021-05-01;4037;1104;209261;69861;3.9;1.3
FR;24;2021-05-02;2801;914;212062;70775;3.9;1.3
FR;24;2021-05-03;6416;4179;218478;74954;4.0;1.4
FR;24;2021-05-04;7691;4762;226169;79716;4.2;1.5
FR;24;2021-05-05;8886;5007;235055;84723;4.3;1.6
FR;24;2021-05-06;10998;6432;246053;91155;4.5;1.7
FR;24;2021-05-07;12254;6479;258307;97634;4.8;1.8
FR;24;2021-05-08;10529;2591;268836;100225;5.0;1.8
FR;24;2021-05-09;6948;1967;275784;102192;5.1;1.9
FR;24;2021-05-10;11220;5012;287004;107204;5.3;2.0
FR;24;2021-05-11;15685;5821;302689;113025;5.6;2.1
FR;24;2021-05-12;23085;6265;325774;119290;6.0;2.2
FR;24;2021-05-13;27692;3138;353466;122428;6.5;2.3
FR;24;2021-05-14;32822;5633;386288;128061;7.1;2.4
FR;24;2021-05-15;34220;4067;420508;132128;7.8;2.4
FR;24;2021-05-16;21935;2029;442443;134157;8.2;2.5
FR;24;2021-05-17;29696;5318;472139;139475;8.7;2.6
FR;24;2021-05-18;38146;6157;510285;145632;9.4;2.7
FR;24;2021-05-19;40351;7131;550636;152763;10.2;2.8
FR;24;2021-05-20;46079;7543;596715;160306;11.0;3.0
FR;24;2021-05-21;47494;7319;644209;167625;11.9;3.1
FR;24;2021-05-22;44733;4565;688942;172190;12.7;3.2
FR;24;2021-05-23;24053;2358;712995;174548;13.1;3.2
FR;24;2021-05-24;34418;3627;747413;178175;13.8;3.3
FR;24;2021-05-25;44834;7857;792247;186032;14.6;3.4
FR;24;2021-05-26;46016;7415;838263;193447;15.5;3.6
FR;24;2021-05-27;52138;8548;890401;201995;16.4;3.7
FR;24;2021-05-28;48893;8978;939294;210973;17.3;3.9
FR;24;2021-05-29;44028;5922;983322;216895;18.1;4.0
FR;24;2021-05-30;18380;2251;1001702;219146;18.5;4.0
FR;24;2021-05-31;51855;8242;1053557;227388;19.4;4.2
FR;24;2021-06-01;59452;10145;1113009;237533;20.5;4.4
FR;24;2021-06-02;60789;9592;1173798;247125;21.6;4.6
FR;24;2021-06-03;67332;10523;1241130;257648;22.9;4.8
FR;24;2021-06-04;64666;10684;1305796;268332;24.1;4.9
FR;24;2021-06-05;54890;7757;1360686;276089;25.1;5.1
FR;24;2021-06-06;26719;3609;1387405;279698;25.6;5.2
FR;24;2021-06-07;56927;9886;1444332;289584;26.6;5.3
FR;24;2021-06-08;62684;10893;1507016;300477;27.8;5.5
FR;24;2021-06-09;61566;11361;1568582;311838;28.9;5.7
FR;24;2021-06-10;63307;13952;1631889;325790;30.1;6.0
FR;24;2021-06-11;59497;13010;1691386;338800;31.2;6.2
FR;24;2021-06-12;53270;11564;1744656;350364;32.2;6.5
FR;24;2021-06-13;20661;5382;1765317;355746;32.5;6.6
FR;24;2021-06-14;41354;13517;1806671;369263;33.3;6.8
FR;24;2021-06-15;43820;14620;1850491;383883;34.1;7.1
FR;24;2021-06-16;39894;15177;1890385;399060;34.9;7.4
FR;24;2021-06-17;45361;17854;1935746;416914;35.7;7.7
FR;24;2021-06-18;42737;21500;1978483;438414;36.5;8.1
FR;24;2021-06-19;33472;19151;2011955;457565;37.1;8.4
FR;24;2021-06-20;11359;9243;2023314;466808;37.3;8.6
FR;29;2020-12-27;0;0;0;0;0.0;0.0
FR;29;2020-12-28;1;0;1;0;0.0;0.0
FR;29;2020-12-29;0;0;1;0;0.0;0.0
FR;29;2020-12-30;0;0;1;0;0.0;0.0
FR;29;2020-12-31;1;0;2;0;0.0;0.0
FR;29;2021-01-01;2;0;4;0;0.0;0.0
FR;29;2021-01-02;3;0;7;0;0.0;0.0
FR;29;2021-01-03;3;0;10;0;0.0;0.0
FR;29;2021-01-04;10;0;20;0;0.0;0.0
FR;29;2021-01-05;42;0;62;0;0.0;0.0
FR;29;2021-01-06;142;0;204;0;0.0;0.0
FR;29;2021-01-07;308;2;512;2;0.0;0.0
FR;29;2021-01-08;522;5;1034;7;0.0;0.0
FR;29;2021-01-09;113;0;1147;7;0.0;0.0
FR;29;2021-01-10;91;1;1238;8;0.0;0.0
FR;29;2021-01-11;648;4;1886;12;0.1;0.0
FR;29;2021-01-12;942;14;2828;26;0.1;0.0
FR;29;2021-01-13;1221;14;4049;40;0.1;0.0
FR;29;2021-01-14;1570;17;5619;57;0.2;0.0
FR;29;2021-01-15;1319;7;6938;64;0.2;0.0
FR;29;2021-01-16;193;4;7131;68;0.2;0.0
FR;29;2021-01-17;158;0;7289;68;0.2;0.0
FR;29;2021-01-18;1043;16;8332;84;0.2;0.0
FR;29;2021-01-19;1153;7;9485;91;0.3;0.0
FR;29;2021-01-20;1201;9;10686;100;0.3;0.0
FR;29;2021-01-21;1471;9;12157;109;0.3;0.0
FR;29;2021-01-22;1157;11;13314;120;0.4;0.0
FR;29;2021-01-23;170;2;13484;122;0.4;0.0
FR;29;2021-01-24;52;0;13536;122;0.4;0.0
FR;29;2021-01-25;542;19;14078;141;0.4;0.0
FR;29;2021-01-26;667;36;14745;177;0.4;0.0
FR;29;2021-01-27;731;63;15476;240;0.4;0.0
FR;29;2021-01-28;1044;126;16520;366;0.4;0.0
FR;29;2021-01-29;807;176;17327;542;0.5;0.0
FR;29;2021-01-30;143;40;17470;582;0.5;0.0
FR;29;2021-01-31;34;26;17504;608;0.5;0.0
FR;29;2021-02-01;263;295;17767;903;0.5;0.0
FR;29;2021-02-02;410;372;18177;1275;0.5;0.0
FR;29;2021-02-03;460;461;18637;1736;0.5;0.0
FR;29;2021-02-04;620;719;19257;2455;0.5;0.1
FR;29;2021-02-05;538;751;19795;3206;0.5;0.1
FR;29;2021-02-06;143;109;19938;3315;0.5;0.1
FR;29;2021-02-07;304;68;20242;3383;0.5;0.1
FR;29;2021-02-08;605;809;20847;4192;0.6;0.1
FR;29;2021-02-09;1251;1028;22098;5220;0.6;0.1
FR;29;2021-02-10;1719;1155;23817;6375;0.6;0.2
FR;29;2021-02-11;2475;1450;26292;7825;0.7;0.2
FR;29;2021-02-12;2227;1247;28519;9072;0.8;0.2
FR;29;2021-02-13;431;161;28950;9233;0.8;0.2
FR;29;2021-02-14;134;82;29084;9315;0.8;0.3
FR;29;2021-02-15;1577;815;30661;10130;0.8;0.3
FR;29;2021-02-16;1927;1184;32588;11314;0.9;0.3
FR;29;2021-02-17;1893;975;34481;12289;0.9;0.3
FR;29;2021-02-18;2406;1192;36887;13481;1.0;0.4
FR;29;2021-02-19;2328;964;39215;14445;1.1;0.4
FR;29;2021-02-20;385;127;39600;14572;1.1;0.4
FR;29;2021-02-21;86;43;39686;14615;1.1;0.4
FR;29;2021-02-22;1365;543;41051;15158;1.1;0.4
FR;29;2021-02-23;1765;673;42816;15831;1.2;0.4
FR;29;2021-02-24;1792;555;44608;16386;1.2;0.4
FR;29;2021-02-25;2411;972;47019;17358;1.3;0.5
FR;29;2021-02-26;2587;691;49606;18049;1.3;0.5
FR;29;2021-02-27;607;113;50213;18162;1.4;0.5
FR;29;2021-02-28;112;28;50325;18190;1.4;0.5
FR;29;2021-03-01;1315;368;51640;18558;1.4;0.5
FR;29;2021-03-02;1809;618;53449;19176;1.4;0.5
FR;29;2021-03-03;1997;627;55446;19803;1.5;0.5
FR;29;2021-03-04;2521;798;57967;20601;1.6;0.6
FR;29;2021-03-05;3645;774;61612;21375;1.7;0.6
FR;29;2021-03-06;1649;157;63261;21532;1.7;0.6
FR;29;2021-03-07;820;107;64081;21639;1.7;0.6
FR;29;2021-03-08;1979;436;66060;22075;1.8;0.6
FR;29;2021-03-09;2676;538;68736;22613;1.8;0.6
FR;29;2021-03-10;2596;555;71332;23168;1.9;0.6
FR;29;2021-03-11;3377;895;74709;24063;2.0;0.6
FR;29;2021-03-12;4000;791;78709;24854;2.1;0.7
FR;29;2021-03-13;1641;161;80350;25015;2.2;0.7
FR;29;2021-03-14;568;67;80918;25082;2.2;0.7
FR;29;2021-03-15;1899;399;82817;25481;2.2;0.7
FR;29;2021-03-16;1125;517;83942;25998;2.3;0.7
FR;29;2021-03-17;1387;528;85329;26526;2.3;0.7
FR;29;2021-03-18;1657;704;86986;27230;2.3;0.7
FR;29;2021-03-19;2247;592;89233;27822;2.4;0.7
FR;29;2021-03-20;992;139;90225;27961;2.4;0.8
FR;29;2021-03-21;725;70;90950;28031;2.4;0.8
FR;29;2021-03-22;1671;425;92621;28456;2.5;0.8
FR;29;2021-03-23;2225;626;94846;29082;2.6;0.8
FR;29;2021-03-24;2546;609;97392;29691;2.6;0.8
FR;29;2021-03-25;3398;727;100790;30418;2.7;0.8
FR;29;2021-03-26;3749;755;104539;31173;2.8;0.8
FR;29;2021-03-27;2152;283;106691;31456;2.9;0.8
FR;29;2021-03-28;966;83;107657;31539;2.9;0.8
FR;29;2021-03-29;2774;564;110431;32103;3.0;0.9
FR;29;2021-03-30;4027;775;114458;32878;3.1;0.9
FR;29;2021-03-31;4556;862;119014;33740;3.2;0.9
FR;29;2021-04-01;5897;1088;124911;34828;3.4;0.9
FR;29;2021-04-02;4938;983;129849;35811;3.5;1.0
FR;29;2021-04-03;1783;349;131632;36160;3.5;1.0
FR;29;2021-04-04;902;132;132534;36292;3.6;1.0
FR;29;2021-04-05;926;122;133460;36414;3.6;1.0
FR;29;2021-04-06;3523;803;136983;37217;3.7;1.0
FR;29;2021-04-07;4567;1159;141550;38376;3.8;1.0
FR;29;2021-04-08;6306;1540;147856;39916;4.0;1.1
FR;29;2021-04-09;6318;1340;154174;41256;4.1;1.1
FR;29;2021-04-10;2654;647;156828;41903;4.2;1.1
FR;29;2021-04-11;1163;347;157991;42250;4.3;1.1
FR;29;2021-04-12;3609;1074;161600;43324;4.3;1.2
FR;29;2021-04-13;4911;1544;166511;44868;4.5;1.2
FR;29;2021-04-14;4801;1534;171312;46402;4.6;1.2
FR;29;2021-04-15;5642;1869;176954;48271;4.8;1.3
FR;29;2021-04-16;4840;1921;181794;50192;4.9;1.4
FR;29;2021-04-17;2255;932;184049;51124;5.0;1.4
FR;29;2021-04-18;777;523;184826;51647;5.0;1.4
FR;29;2021-04-19;2875;1789;187701;53436;5.1;1.4
FR;29;2021-04-20;3537;2534;191238;55970;5.1;1.5
FR;29;2021-04-21;3507;2817;194745;58787;5.2;1.6
FR;29;2021-04-22;4494;3884;199239;62671;5.4;1.7
FR;29;2021-04-23;4638;3832;203877;66503;5.5;1.8
FR;29;2021-04-24;2711;1842;206588;68345;5.6;1.8
FR;29;2021-04-25;1196;745;207784;69090;5.6;1.9
FR;29;2021-04-26;3024;2491;210808;71581;5.7;1.9
FR;29;2021-04-27;4026;3626;214834;75207;5.8;2.0
FR;29;2021-04-28;4755;4063;219589;79270;5.9;2.1
FR;29;2021-04-29;5960;5025;225549;84295;6.1;2.3
FR;29;2021-04-30;6552;5261;232101;89556;6.2;2.4
FR;29;2021-05-01;4293;1235;236394;90791;6.4;2.4
FR;29;2021-05-02;2641;930;239035;91721;6.4;2.5
FR;29;2021-05-03;7006;4317;246041;96038;6.6;2.6
FR;29;2021-05-04;8288;5244;254329;101282;6.8;2.7
FR;29;2021-05-05;9791;5235;264120;106517;7.1;2.9
FR;29;2021-05-06;11399;6608;275519;113125;7.4;3.0
FR;29;2021-05-07;11859;6671;287378;119796;7.7;3.2
FR;29;2021-05-08;9380;2311;296758;122107;8.0;3.3
FR;29;2021-05-09;5980;1777;302738;123884;8.1;3.3
FR;29;2021-05-10;10809;5359;313547;129243;8.4;3.5
FR;29;2021-05-11;14706;6424;328253;135667;8.8;3.7
FR;29;2021-05-12;20261;6384;348514;142051;9.4;3.8
FR;29;2021-05-13;19920;2399;368434;144450;9.9;3.9
FR;29;2021-05-14;22819;4471;391253;148921;10.5;4.0
FR;29;2021-05-15;21598;3001;412851;151922;11.1;4.1
FR;29;2021-05-16;13439;1373;426290;153295;11.5;4.1
FR;29;2021-05-17;21725;5036;448015;158331;12.1;4.3
FR;29;2021-05-18;28605;5798;476620;164129;12.8;4.4
FR;29;2021-05-19;29234;6043;505854;170172;13.6;4.6
FR;29;2021-05-20;32992;6609;538846;176781;14.5;4.8
FR;29;2021-05-21;32212;6248;571058;183029;15.4;4.9
FR;29;2021-05-22;26251;3072;597309;186101;16.1;5.0
FR;29;2021-05-23;14241;1524;611550;187625;16.5;5.0
FR;29;2021-05-24;22621;2669;634171;190294;17.1;5.1
FR;29;2021-05-25;30688;6620;664859;196914;17.9;5.3
FR;29;2021-05-26;32816;6669;697675;203583;18.8;5.5
FR;29;2021-05-27;35896;7686;733571;211269;19.7;5.7
FR;29;2021-05-28;33479;7968;767050;219237;20.6;5.9
FR;29;2021-05-29;26626;4293;793676;223530;21.4;6.0
FR;29;2021-05-30;11852;1646;805528;225176;21.7;6.1
FR;29;2021-05-31;33672;6846;839200;232022;22.6;6.2
FR;29;2021-06-01;38568;8289;877768;240311;23.6;6.5
FR;29;2021-06-02;38946;7884;916714;248195;24.7;6.7
FR;29;2021-06-03;43958;8904;960672;257099;25.8;6.9
FR;29;2021-06-04;42622;9117;1003294;266216;27.0;7.2
FR;29;2021-06-05;31708;5651;1035002;271867;27.8;7.3
FR;29;2021-06-06;16871;2570;1051873;274437;28.3;7.4
FR;29;2021-06-07;37253;8251;1089126;282688;29.3;7.6
FR;29;2021-06-08;41347;9141;1130473;291829;30.4;7.9
FR;29;2021-06-09;39399;9537;1169872;301366;31.5;8.1
FR;29;2021-06-10;41542;11391;1211414;312757;32.6;8.4
FR;29;2021-06-11;38324;11088;1249738;323845;33.6;8.7
FR;29;2021-06-12;31516;8592;1281254;332437;34.5;8.9
FR;29;2021-06-13;13756;4322;1295010;336759;34.8;9.1
FR;29;2021-06-14;26071;12034;1321081;348793;35.5;9.4
FR;29;2021-06-15;28498;13390;1349579;362183;36.3;9.7
FR;29;2021-06-16;25783;14084;1375362;376267;37.0;10.1
FR;29;2021-06-17;29010;15331;1404372;391598;37.8;10.5
FR;29;2021-06-18;25302;17388;1429674;408986;38.5;11.0
FR;29;2021-06-19;18071;13911;1447745;422897;39.0;11.4
FR;29;2021-06-20;6743;7239;1454488;430136;39.1;11.6
FR;39;2020-12-27;0;0;0;0;0.0;0.0
FR;39;2020-12-28;0;0;0;0;0.0;0.0
FR;39;2020-12-29;1;0;1;0;0.0;0.0
FR;39;2020-12-30;5;0;6;0;0.0;0.0
FR;39;2020-12-31;1;0;7;0;0.0;0.0
FR;39;2021-01-01;4;0;11;0;0.0;0.0
FR;39;2021-01-02;2;1;13;1;0.0;0.0
FR;39;2021-01-03;2;0;15;1;0.0;0.0
FR;39;2021-01-04;23;0;38;1;0.0;0.0
FR;39;2021-01-05;140;0;178;1;0.0;0.0
FR;39;2021-01-06;387;0;565;1;0.0;0.0
FR;39;2021-01-07;1179;7;1744;8;0.0;0.0
FR;39;2021-01-08;1793;5;3537;13;0.0;0.0
FR;39;2021-01-09;476;1;4013;14;0.0;0.0
FR;39;2021-01-10;309;1;4322;15;0.1;0.0
FR;39;2021-01-11;2223;11;6545;26;0.1;0.0
FR;39;2021-01-12;3428;21;9973;47;0.1;0.0
FR;39;2021-01-13;3514;24;13487;71;0.2;0.0
FR;39;2021-01-14;4797;57;18284;128;0.2;0.0
FR;39;2021-01-15;4408;26;22692;154;0.3;0.0
FR;39;2021-01-16;771;4;23463;158;0.3;0.0
FR;39;2021-01-17;493;5;23956;163;0.3;0.0
FR;39;2021-01-18;3081;40;27037;203;0.3;0.0
FR;39;2021-01-19;4016;23;31053;226;0.4;0.0
FR;39;2021-01-20;3924;26;34977;252;0.4;0.0
FR;39;2021-01-21;5163;28;40140;280;0.5;0.0
FR;39;2021-01-22;3983;41;44123;321;0.5;0.0
FR;39;2021-01-23;595;4;44718;325;0.5;0.0
FR;39;2021-01-24;184;0;44902;325;0.5;0.0
FR;39;2021-01-25;1603;48;46505;373;0.6;0.0
FR;39;2021-01-26;2173;104;48678;477;0.6;0.0
FR;39;2021-01-27;2292;220;50970;697;0.6;0.0
FR;39;2021-01-28;3494;483;54464;1180;0.7;0.0
FR;39;2021-01-29;2680;703;57144;1883;0.7;0.0
FR;39;2021-01-30;397;216;57541;2099;0.7;0.0
FR;39;2021-01-31;89;78;57630;2177;0.7;0.0
FR;39;2021-02-01;752;1061;58382;3238;0.7;0.0
FR;39;2021-02-02;1338;1650;59720;4888;0.7;0.1
FR;39;2021-02-03;1371;1662;61091;6550;0.7;0.1
FR;39;2021-02-04;1993;2542;63084;9092;0.8;0.1
FR;39;2021-02-05;1649;2707;64733;11799;0.8;0.1
FR;39;2021-02-06;400;433;65133;12232;0.8;0.1
FR;39;2021-02-07;554;213;65687;12445;0.8;0.2
FR;39;2021-02-08;1522;2432;67209;14877;0.8;0.2
FR;39;2021-02-09;3170;3405;70379;18282;0.8;0.2
FR;39;2021-02-10;3897;3546;74276;21828;0.9;0.3
FR;39;2021-02-11;6182;4906;80458;26734;1.0;0.3
FR;39;2021-02-12;5828;4042;86286;30776;1.0;0.4
FR;39;2021-02-13;1242;550;87528;31326;1.1;0.4
FR;39;2021-02-14;391;268;87919;31594;1.1;0.4
FR;39;2021-02-15;3428;2414;91347;34008;1.1;0.4
FR;39;2021-02-16;4426;3400;95773;37408;1.2;0.5
FR;39;2021-02-17;3994;2900;99767;40308;1.2;0.5
FR;39;2021-02-18;5989;3940;105756;44248;1.3;0.5
FR;39;2021-02-19;5858;3121;111614;47369;1.3;0.6
FR;39;2021-02-20;1140;481;112754;47850;1.4;0.6
FR;39;2021-02-21;187;121;112941;47971;1.4;0.6
FR;39;2021-02-22;3020;1694;115961;49665;1.4;0.6
FR;39;2021-02-23;3931;1955;119892;51620;1.4;0.6
FR;39;2021-02-24;3744;1750;123636;53370;1.5;0.6
FR;39;2021-02-25;5630;2603;129266;55973;1.6;0.7
FR;39;2021-02-26;6112;1980;135378;57953;1.6;0.7
FR;39;2021-02-27;1668;321;137046;58274;1.7;0.7
FR;39;2021-02-28;241;126;137287;58400;1.7;0.7
FR;39;2021-03-01;2969;1046;140256;59446;1.7;0.7
FR;39;2021-03-02;4282;1680;144538;61126;1.7;0.7
FR;39;2021-03-03;4293;1593;148831;62719;1.8;0.8
FR;39;2021-03-04;6368;2421;155199;65140;1.9;0.8
FR;39;2021-03-05;9248;2228;164447;67368;2.0;0.8
FR;39;2021-03-06;4986;467;169433;67835;2.0;0.8
FR;39;2021-03-07;2662;294;172095;68129;2.1;0.8
FR;39;2021-03-08;4714;1186;176809;69315;2.1;0.8
FR;39;2021-03-09;6953;1619;183762;70934;2.2;0.9
FR;39;2021-03-10;6159;1617;189921;72551;2.3;0.9
FR;39;2021-03-11;8776;2550;198697;75101;2.4;0.9
FR;39;2021-03-12;11561;2304;210258;77405;2.5;0.9
FR;39;2021-03-13;5272;487;215530;77892;2.6;0.9
FR;39;2021-03-14;1758;186;217288;78078;2.6;0.9
FR;39;2021-03-15;4812;1102;222100;79180;2.7;1.0
FR;39;2021-03-16;3391;1443;225491;80623;2.7;1.0
FR;39;2021-03-17;3470;1543;228961;82166;2.8;1.0
FR;39;2021-03-18;4682;2033;233643;84199;2.8;1.0
FR;39;2021-03-19;6310;1727;239953;85926;2.9;1.0
FR;39;2021-03-20;3181;394;243134;86320;2.9;1.0
FR;39;2021-03-21;2074;175;245208;86495;3.0;1.0
FR;39;2021-03-22;4469;1149;249677;87644;3.0;1.1
FR;39;2021-03-23;6203;1718;255880;89362;3.1;1.1
FR;39;2021-03-24;6347;1430;262227;90792;3.2;1.1
FR;39;2021-03-25;9097;1821;271324;92613;3.3;1.1
FR;39;2021-03-26;10696;1822;282020;94435;3.4;1.1
FR;39;2021-03-27;6010;688;288030;95123;3.5;1.1
FR;39;2021-03-28;2744;209;290774;95332;3.5;1.1
FR;39;2021-03-29;7228;1365;298002;96697;3.6;1.2
FR;39;2021-03-30;10598;2024;308600;98721;3.7;1.2
FR;39;2021-03-31;11243;1981;319843;100702;3.9;1.2
FR;39;2021-04-01;15097;2803;334940;103505;4.0;1.2
FR;39;2021-04-02;13352;2611;348292;106116;4.2;1.3
FR;39;2021-04-03;5634;1048;353926;107164;4.3;1.3
FR;39;2021-04-04;2530;363;356456;107527;4.3;1.3
FR;39;2021-04-05;2543;337;358999;107864;4.3;1.3
FR;39;2021-04-06;9335;2404;368334;110268;4.4;1.3
FR;39;2021-04-07;12249;2867;380583;113135;4.6;1.4
FR;39;2021-04-08;16948;3872;397531;117007;4.8;1.4
FR;39;2021-04-09;16991;3767;414522;120774;5.0;1.5
FR;39;2021-04-10;7426;1984;421948;122758;5.1;1.5
FR;39;2021-04-11;2992;1000;424940;123758;5.1;1.5
FR;39;2021-04-12;9656;2812;434596;126570;5.2;1.5
FR;39;2021-04-13;13029;4114;447625;130684;5.4;1.6
FR;39;2021-04-14;12983;3935;460608;134619;5.6;1.6
FR;39;2021-04-15;14901;4938;475509;139557;5.7;1.7
FR;39;2021-04-16;12908;5386;488417;144943;5.9;1.7
FR;39;2021-04-17;6165;2751;494582;147694;6.0;1.8
FR;39;2021-04-18;2285;1570;496867;149264;6.0;1.8
FR;39;2021-04-19;7979;4768;504846;154032;6.1;1.9
FR;39;2021-04-20;9556;6784;514402;160816;6.2;1.9
FR;39;2021-04-21;10404;7272;524806;168088;6.3;2.0
FR;39;2021-04-22;12029;10431;536835;178519;6.5;2.2
FR;39;2021-04-23;12400;10613;549235;189132;6.6;2.3
FR;39;2021-04-24;7896;5127;557131;194259;6.7;2.3
FR;39;2021-04-25;3538;2182;560669;196441;6.8;2.4
FR;39;2021-04-26;8776;7010;569445;203451;6.9;2.5
FR;39;2021-04-27;12000;9646;581445;213097;7.0;2.6
FR;39;2021-04-28;13484;10174;594929;223271;7.2;2.7
FR;39;2021-04-29;17537;13093;612466;236364;7.4;2.8
FR;39;2021-04-30;20079;13420;632545;249784;7.6;3.0
FR;39;2021-05-01;13758;3609;646303;253393;7.8;3.1
FR;39;2021-05-02;9405;2546;655708;255939;7.9;3.1
FR;39;2021-05-03;22823;11424;678531;267363;8.2;3.2
FR;39;2021-05-04;27433;14089;705964;281452;8.5;3.4
FR;39;2021-05-05;31284;14435;737248;295887;8.9;3.6
FR;39;2021-05-06;37559;17876;774807;313763;9.3;3.8
FR;39;2021-05-07;39051;18680;813858;332443;9.8;4.0
FR;39;2021-05-08;30369;5806;844227;338249;10.2;4.1
FR;39;2021-05-09;18955;4362;863182;342611;10.4;4.1
FR;39;2021-05-10;34407;14651;897589;357262;10.8;4.3
FR;39;2021-05-11;44678;17291;942267;374553;11.4;4.5
FR;39;2021-05-12;57139;16430;999406;390983;12.0;4.7
FR;39;2021-05-13;53711;5720;1053117;396703;12.7;4.8
FR;39;2021-05-14;63137;11205;1116254;407908;13.5;4.9
FR;39;2021-05-15;56994;7031;1173248;414939;14.1;5.0
FR;39;2021-05-16;36161;3170;1209409;418109;14.6;5.0
FR;39;2021-05-17;56914;12095;1266323;430204;15.3;5.2
FR;39;2021-05-18;72001;13834;1338324;444038;16.1;5.4
FR;39;2021-05-19;75286;14275;1413610;458313;17.0;5.5
FR;39;2021-05-20;83700;15131;1497310;473444;18.0;5.7
FR;39;2021-05-21;82943;15142;1580253;488586;19.0;5.9
FR;39;2021-05-22;63893;7521;1644146;496107;19.8;6.0
FR;39;2021-05-23;34136;3369;1678282;499476;20.2;6.0
FR;39;2021-05-24;52435;5449;1730717;504925;20.9;6.1
FR;39;2021-05-25;73833;15949;1804550;520874;21.8;6.3
FR;39;2021-05-26;77373;16017;1881923;536891;22.7;6.5
FR;39;2021-05-27;85319;18058;1967242;554949;23.7;6.7
FR;39;2021-05-28;79207;19611;2046449;574560;24.7;6.9
FR;39;2021-05-29;57914;10182;2104363;584742;25.4;7.0
FR;39;2021-05-30;24574;3675;2128937;588417;25.7;7.1
FR;39;2021-05-31;74884;15955;2203821;604372;26.6;7.3
FR;39;2021-06-01;86144;19752;2289965;624124;27.6;7.5
FR;39;2021-06-02;86247;19140;2376212;643264;28.6;7.8
FR;39;2021-06-03;97565;21637;2473777;664901;29.8;8.0
FR;39;2021-06-04;95800;23081;2569577;687982;31.0;8.3
FR;39;2021-06-05;63985;13686;2633562;701668;31.7;8.5
FR;39;2021-06-06;31833;5780;2665395;707448;32.1;8.5
FR;39;2021-06-07;74969;20450;2740364;727898;33.0;8.8
FR;39;2021-06-08;86148;22682;2826512;750580;34.1;9.0
FR;39;2021-06-09;82986;24274;2909498;774854;35.1;9.3
FR;39;2021-06-10;85642;27471;2995140;802325;36.1;9.7
FR;39;2021-06-11;83829;30601;3078969;832926;37.1;10.0
FR;39;2021-06-12;60272;23275;3139241;856201;37.8;10.3
FR;39;2021-06-13;25079;11639;3164320;867840;38.1;10.5
FR;39;2021-06-14;51609;35368;3215929;903208;38.8;10.9
FR;39;2021-06-15;58108;39524;3274037;942732;39.5;11.4
FR;39;2021-06-16;54978;41822;3329015;984554;40.1;11.9
FR;39;2021-06-17;59913;43213;3388928;1027767;40.9;12.4
FR;39;2021-06-18;54907;51383;3443835;1079150;41.5;13.0
FR;39;2021-06-19;35065;38536;3478900;1117686;41.9;13.5
FR;39;2021-06-20;12438;18548;3491338;1136234;42.1;13.7
FR;49;2020-12-27;2;0;2;0;0.0;0.0
FR;49;2020-12-28;4;0;6;0;0.0;0.0
FR;49;2020-12-29;1;0;7;0;0.0;0.0
FR;49;2020-12-30;6;0;13;0;0.0;0.0
FR;49;2020-12-31;1;0;14;0;0.0;0.0
FR;49;2021-01-01;4;0;18;0;0.0;0.0
FR;49;2021-01-02;11;0;29;0;0.0;0.0
FR;49;2021-01-03;5;0;34;0;0.0;0.0
FR;49;2021-01-04;87;0;121;0;0.0;0.0
FR;49;2021-01-05;338;1;459;1;0.0;0.0
FR;49;2021-01-06;862;6;1321;7;0.0;0.0
FR;49;2021-01-07;2163;7;3484;14;0.0;0.0
FR;49;2021-01-08;3380;10;6864;24;0.1;0.0
FR;49;2021-01-09;1004;2;7868;26;0.1;0.0
FR;49;2021-01-10;475;2;8343;28;0.1;0.0
FR;49;2021-01-11;4183;17;12526;45;0.1;0.0
FR;49;2021-01-12;5878;20;18404;65;0.2;0.0
FR;49;2021-01-13;6178;25;24582;90;0.3;0.0
FR;49;2021-01-14;8351;83;32933;173;0.4;0.0
FR;49;2021-01-15;7628;37;40561;210;0.5;0.0
FR;49;2021-01-16;1427;11;41988;221;0.5;0.0
FR;49;2021-01-17;622;7;42610;228;0.5;0.0
FR;49;2021-01-18;5079;34;47689;262;0.6;0.0
FR;49;2021-01-19;6829;31;54518;293;0.6;0.0
FR;49;2021-01-20;6648;35;61166;328;0.7;0.0
FR;49;2021-01-21;8440;46;69606;374;0.8;0.0
FR;49;2021-01-22;6294;49;75900;423;0.9;0.0
FR;49;2021-01-23;1020;7;76920;430;0.9;0.0
FR;49;2021-01-24;282;3;77202;433;0.9;0.0
FR;49;2021-01-25;2630;101;79832;534;0.9;0.0
FR;49;2021-01-26;3741;234;83573;768;1.0;0.0
FR;49;2021-01-27;3989;398;87562;1166;1.0;0.0
FR;49;2021-01-28;5566;998;93128;2164;1.1;0.0
FR;49;2021-01-29;4413;1570;97541;3734;1.1;0.0
FR;49;2021-01-30;695;380;98236;4114;1.1;0.0
FR;49;2021-01-31;137;125;98373;4239;1.1;0.0
FR;49;2021-02-01;1376;2092;99749;6331;1.2;0.1
FR;49;2021-02-02;2294;3206;102043;9537;1.2;0.1
FR;49;2021-02-03;2312;3387;104355;12924;1.2;0.2
FR;49;2021-02-04;3389;4790;107744;17714;1.3;0.2
FR;49;2021-02-05;2808;4895;110552;22609;1.3;0.3
FR;49;2021-02-06;572;891;111124;23500;1.3;0.3
FR;49;2021-02-07;519;297;111643;23797;1.3;0.3
FR;49;2021-02-08;1944;4076;113587;27873;1.3;0.3
FR;49;2021-02-09;4345;5783;117932;33656;1.4;0.4
FR;49;2021-02-10;5511;6096;123443;39752;1.4;0.5
FR;49;2021-02-11;8013;8037;131456;47789;1.5;0.6
FR;49;2021-02-12;7320;6506;138776;54295;1.6;0.6
FR;49;2021-02-13;1703;1033;140479;55328;1.6;0.6
FR;49;2021-02-14;408;408;140887;55736;1.6;0.6
FR;49;2021-02-15;4132;3910;145019;59646;1.7;0.7
FR;49;2021-02-16;5391;5380;150410;65026;1.8;0.8
FR;49;2021-02-17;5141;4690;155551;69716;1.8;0.8
FR;49;2021-02-18;7512;6270;163063;75986;1.9;0.9
FR;49;2021-02-19;7085;4950;170148;80936;2.0;0.9
FR;49;2021-02-20;1496;812;171644;81748;2.0;1.0
FR;49;2021-02-21;279;226;171923;81974;2.0;1.0
FR;49;2021-02-22;3542;2686;175465;84660;2.0;1.0
FR;49;2021-02-23;4891;3177;180356;87837;2.1;1.0
FR;49;2021-02-24;4918;2886;185274;90723;2.2;1.1
FR;49;2021-02-25;7595;4258;192869;94981;2.2;1.1
FR;49;2021-02-26;8287;3228;201156;98209;2.3;1.1
FR;49;2021-02-27;2698;586;203854;98795;2.4;1.1
FR;49;2021-02-28;336;138;204190;98933;2.4;1.2
FR;49;2021-03-01;3854;1683;208044;100616;2.4;1.2
FR;49;2021-03-02;5820;2545;213864;103161;2.5;1.2
FR;49;2021-03-03;6075;2590;219939;105751;2.6;1.2
FR;49;2021-03-04;8989;3567;228928;109318;2.7;1.3
FR;49;2021-03-05;12632;3378;241560;112696;2.8;1.3
FR;49;2021-03-06;8652;681;250212;113377;2.9;1.3
FR;49;2021-03-07;4699;447;254911;113824;3.0;1.3
FR;49;2021-03-08;6442;1747;261353;115571;3.0;1.3
FR;49;2021-03-09;9602;2435;270955;118006;3.2;1.4
FR;49;2021-03-10;9042;2454;279997;120460;3.3;1.4
FR;49;2021-03-11;12903;3596;292900;124056;3.4;1.4
FR;49;2021-03-12;16532;3140;309432;127196;3.6;1.5
FR;49;2021-03-13;9581;708;319013;127904;3.7;1.5
FR;49;2021-03-14;3144;272;322157;128176;3.7;1.5
FR;49;2021-03-15;6933;1503;329090;129679;3.8;1.5
FR;49;2021-03-16;4655;2176;333745;131855;3.9;1.5
FR;49;2021-03-17;5202;2056;338947;133911;3.9;1.6
FR;49;2021-03-18;6575;2855;345522;136766;4.0;1.6
FR;49;2021-03-19;9560;2390;355082;139156;4.1;1.6
FR;49;2021-03-20;5896;611;360978;139767;4.2;1.6
FR;49;2021-03-21;3145;235;364123;140002;4.2;1.6
FR;49;2021-03-22;6328;1537;370451;141539;4.3;1.6
FR;49;2021-03-23;8624;2213;379075;143752;4.4;1.7
FR;49;2021-03-24;9554;2047;388629;145799;4.5;1.7
FR;49;2021-03-25;12391;2454;401020;148253;4.7;1.7
FR;49;2021-03-26;14756;2412;415776;150665;4.8;1.8
FR;49;2021-03-27;9382;905;425158;151570;4.9;1.8
FR;49;2021-03-28;3851;321;429009;151891;5.0;1.8
FR;49;2021-03-29;9898;1918;438907;153809;5.1;1.8
FR;49;2021-03-30;14318;2788;453225;156597;5.3;1.8
FR;49;2021-03-31;15600;2892;468825;159489;5.5;1.9
FR;49;2021-04-01;19928;3849;488753;163338;5.7;1.9
FR;49;2021-04-02;17522;3581;506275;166919;5.9;1.9
FR;49;2021-04-03;9373;1869;515648;168788;6.0;2.0
FR;49;2021-04-04;4123;641;519771;169429;6.0;2.0
FR;49;2021-04-05;4214;552;523985;169981;6.1;2.0
FR;49;2021-04-06;13229;3458;537214;173439;6.3;2.0
FR;49;2021-04-07;17717;4351;554931;177790;6.5;2.1
FR;49;2021-04-08;22491;5319;577422;183109;6.7;2.1
FR;49;2021-04-09;23613;5494;601035;188603;7.0;2.2
FR;49;2021-04-10;12438;3443;613473;192046;7.1;2.2
FR;49;2021-04-11;4480;1696;617953;193742;7.2;2.3
FR;49;2021-04-12;14159;3849;632112;197591;7.4;2.3
FR;49;2021-04-13;18789;5870;650901;203461;7.6;2.4
FR;49;2021-04-14;19488;6056;670389;209517;7.8;2.4
FR;49;2021-04-15;20432;7165;690821;216682;8.0;2.5
FR;49;2021-04-16;17592;7418;708413;224100;8.2;2.6
FR;49;2021-04-17;9908;4703;718321;228803;8.4;2.7
FR;49;2021-04-18;3373;2314;721694;231117;8.4;2.7
FR;49;2021-04-19;12047;6444;733741;237561;8.5;2.8
FR;49;2021-04-20;14234;9104;747975;246665;8.7;2.9
FR;49;2021-04-21;16069;10233;764044;256898;8.9;3.0
FR;49;2021-04-22;17691;13249;781735;270147;9.1;3.1
FR;49;2021-04-23;18212;14207;799947;284354;9.3;3.3
FR;49;2021-04-24;12676;7845;812623;292199;9.5;3.4
FR;49;2021-04-25;5507;3168;818130;295367;9.5;3.4
FR;49;2021-04-26;13775;10025;831905;305392;9.7;3.6
FR;49;2021-04-27;18744;13175;850649;318567;9.9;3.7
FR;49;2021-04-28;22808;14689;873457;333256;10.2;3.9
FR;49;2021-04-29;27767;17428;901224;350684;10.5;4.1
FR;49;2021-04-30;32051;18239;933275;368923;10.9;4.3
FR;49;2021-05-01;24315;5838;957590;374761;11.1;4.4
FR;49;2021-05-02;16585;3942;974175;378703;11.3;4.4
FR;49;2021-05-03;39828;15680;1014003;394383;11.8;4.6
FR;49;2021-05-04;46911;20471;1060914;414854;12.3;4.8
FR;49;2021-05-05;56146;21852;1117060;436706;13.0;5.1
FR;49;2021-05-06;62653;24880;1179713;461586;13.7;5.4
FR;49;2021-05-07;66039;26256;1245752;487842;14.5;5.7
FR;49;2021-05-08;53628;9413;1299380;497255;15.1;5.8
FR;49;2021-05-09;32376;6343;1331756;503598;15.5;5.9
FR;49;2021-05-10;57692;20879;1389448;524477;16.2;6.1
FR;49;2021-05-11;72245;24076;1461693;548553;17.0;6.4
FR;49;2021-05-12;90549;24248;1552242;572801;18.1;6.7
FR;49;2021-05-13;80368;7892;1632610;580693;19.0;6.8
FR;49;2021-05-14;96959;15933;1729569;596626;20.1;6.9
FR;49;2021-05-15;86670;11021;1816239;607647;21.1;7.1
FR;49;2021-05-16;53193;4615;1869432;612262;21.8;7.1
FR;49;2021-05-17;82200;16472;1951632;628734;22.7;7.3
FR;49;2021-05-18;98995;18122;2050627;646856;23.9;7.5
FR;49;2021-05-19;110566;19574;2161193;666430;25.2;7.8
FR;49;2021-05-20;114226;19945;2275419;686375;26.5;8.0
FR;49;2021-05-21;113598;20152;2389017;706527;27.8;8.2
FR;49;2021-05-22;87466;10652;2476483;717179;28.8;8.3
FR;49;2021-05-23;42873;4061;2519356;721240;29.3;8.4
FR;49;2021-05-24;67074;6944;2586430;728184;30.1;8.5
FR;49;2021-05-25;94671;20983;2681101;749167;31.2;8.7
FR;49;2021-05-26;101546;22916;2782647;772083;32.4;9.0
FR;49;2021-05-27;104422;24155;2887069;796238;33.6;9.3
FR;49;2021-05-28;99935;26877;2987004;823115;34.8;9.6
FR;49;2021-05-29;74141;15612;3061145;838727;35.6;9.8
FR;49;2021-05-30;26764;4743;3087909;843470;35.9;9.8
FR;49;2021-05-31;87565;21349;3175474;864819;37.0;10.1
FR;49;2021-06-01;100274;26532;3275748;891351;38.1;10.4
FR;49;2021-06-02;101569;26703;3377317;918054;39.3;10.7
FR;49;2021-06-03;108967;28018;3486284;946072;40.6;11.0
FR;49;2021-06-04;108689;31445;3594973;977517;41.8;11.4
FR;49;2021-06-05;74482;21006;3669455;998523;42.7;11.6
FR;49;2021-06-06;31865;7620;3701320;1006143;43.1;11.7
FR;49;2021-06-07;77508;27867;3778828;1034010;44.0;12.0
FR;49;2021-06-08;88950;30964;3867778;1064974;45.0;12.4
FR;49;2021-06-09;88098;35664;3955876;1100638;46.0;12.8
FR;49;2021-06-10;87183;36622;4043059;1137260;47.1;13.2
FR;49;2021-06-11;87365;46383;4130424;1183643;48.1;13.8
FR;49;2021-06-12;65098;38343;4195522;1221986;48.8;14.2
FR;49;2021-06-13;23503;18057;4219025;1240043;49.1;14.4
FR;49;2021-06-14;50334;56673;4269359;1296716;49.7;15.1
FR;49;2021-06-15;58216;61289;4327575;1358005;50.4;15.8
FR;49;2021-06-16;57157;69365;4384732;1427370;51.0;16.6
FR;49;2021-06-17;59640;63506;4444372;1490876;51.7;17.4
FR;49;2021-06-18;57394;79444;4501766;1570320;52.4;18.3
FR;49;2021-06-19;38605;63446;4540371;1633766;52.8;19.0
FR;49;2021-06-20;11888;27051;4552259;1660817;53.0;19.3
FR;59;2020-12-27;2;0;2;0;0.0;0.0
FR;59;2020-12-28;6;0;8;0;0.0;0.0
FR;59;2020-12-29;2;0;10;0;0.0;0.0
FR;59;2020-12-30;6;0;16;0;0.0;0.0
FR;59;2020-12-31;10;0;26;0;0.0;0.0
FR;59;2021-01-01;26;1;52;1;0.0;0.0
FR;59;2021-01-02;30;0;82;1;0.0;0.0
FR;59;2021-01-03;36;0;118;1;0.0;0.0
FR;59;2021-01-04;595;4;713;5;0.0;0.0
FR;59;2021-01-05;2179;8;2892;13;0.0;0.0
FR;59;2021-01-06;4817;19;7709;32;0.1;0.0
FR;59;2021-01-07;10528;35;18237;67;0.2;0.0
FR;59;2021-01-08;14350;34;32587;101;0.4;0.0
FR;59;2021-01-09;4076;14;36663;115;0.4;0.0
FR;59;2021-01-10;1991;4;38654;119;0.4;0.0
FR;59;2021-01-11;15995;39;54649;158;0.6;0.0
FR;59;2021-01-12;21185;67;75834;225;0.9;0.0
FR;59;2021-01-13;22765;78;98599;303;1.1;0.0
FR;59;2021-01-14;24810;250;123409;553;1.4;0.0
FR;59;2021-01-15;21645;130;145054;683;1.6;0.0
FR;59;2021-01-16;5446;32;150500;715;1.7;0.0
FR;59;2021-01-17;1803;14;152303;729;1.7;0.0
FR;59;2021-01-18;13620;91;165923;820;1.9;0.0
FR;59;2021-01-19;17998;112;183921;932;2.1;0.0
FR;59;2021-01-20;17146;93;201067;1025;2.3;0.0
FR;59;2021-01-21;18859;96;219926;1121;2.5;0.0
FR;59;2021-01-22;13970;110;233896;1231;2.7;0.0
FR;59;2021-01-23;2965;24;236861;1255;2.7;0.0
FR;59;2021-01-24;847;16;237708;1271;2.7;0.0
FR;59;2021-01-25;6725;631;244433;1902;2.8;0.0
FR;59;2021-01-26;8467;1401;252900;3303;2.9;0.0
FR;59;2021-01-27;8844;2417;261744;5720;3.0;0.1
FR;59;2021-01-28;10536;5069;272280;10789;3.1;0.1
FR;59;2021-01-29;7852;6659;280132;17448;3.2;0.2
FR;59;2021-01-30;1766;1515;281898;18963;3.2;0.2
FR;59;2021-01-31;371;548;282269;19511;3.2;0.2
FR;59;2021-02-01;3172;8754;285441;28265;3.2;0.3
FR;59;2021-02-02;4704;12489;290145;40754;3.3;0.5
FR;59;2021-02-03;4832;13558;294977;54312;3.4;0.6
FR;59;2021-02-04;5968;15916;300945;70228;3.4;0.8
FR;59;2021-02-05;4840;14931;305785;85159;3.5;1.0
FR;59;2021-02-06;1163;3001;306948;88160;3.5;1.0
FR;59;2021-02-07;388;985;307336;89145;3.5;1.0
FR;59;2021-02-08;2765;12486;310101;101631;3.5;1.2
FR;59;2021-02-09;4921;16197;315022;117828;3.6;1.3
FR;59;2021-02-10;5711;16097;320733;133925;3.6;1.5
FR;59;2021-02-11;7679;19753;328412;153678;3.7;1.7
FR;59;2021-02-12;6781;16054;335193;169732;3.8;1.9
FR;59;2021-02-13;1701;3458;336894;173190;3.8;2.0
FR;59;2021-02-14;361;984;337255;174174;3.8;2.0
FR;59;2021-02-15;3274;10552;340529;184726;3.9;2.1
FR;59;2021-02-16;4744;13592;345273;198318;3.9;2.3
FR;59;2021-02-17;4966;12364;350239;210682;4.0;2.4
FR;59;2021-02-18;7092;13903;357331;224585;4.1;2.6
FR;59;2021-02-19;6491;10764;363822;235349;4.1;2.7
FR;59;2021-02-20;1418;2493;365240;237842;4.2;2.7
FR;59;2021-02-21;284;571;365524;238413;4.2;2.7
FR;59;2021-02-22;3278;6396;368802;244809;4.2;2.8
FR;59;2021-02-23;4854;7159;373656;251968;4.2;2.9
FR;59;2021-02-24;6876;6445;380532;258413;4.3;2.9
FR;59;2021-02-25;21264;8613;401796;267026;4.6;3.0
FR;59;2021-02-26;28308;6359;430104;273385;4.9;3.1
FR;59;2021-02-27;17137;1573;447241;274958;5.1;3.1
FR;59;2021-02-28;1114;385;448355;275343;5.1;3.1
FR;59;2021-03-01;8844;3573;457199;278916;5.2;3.2
FR;59;2021-03-02;17198;4989;474397;283905;5.4;3.2
FR;59;2021-03-03;20711;5108;495108;289013;5.6;3.3
FR;59;2021-03-04;32381;6041;527489;295054;6.0;3.4
FR;59;2021-03-05;40990;5641;568479;300695;6.5;3.4
FR;59;2021-03-06;36161;1680;604640;302375;6.9;3.4
FR;59;2021-03-07;14126;1112;618766;303487;7.0;3.5
FR;59;2021-03-08;12326;3264;631092;306751;7.2;3.5
FR;59;2021-03-09;22916;4311;654008;311062;7.4;3.5
FR;59;2021-03-10;23188;4391;677196;315453;7.7;3.6
FR;59;2021-03-11;34427;5634;711623;321087;8.1;3.7
FR;59;2021-03-12;45450;4831;757073;325918;8.6;3.7
FR;59;2021-03-13;36234;1490;793307;327408;9.0;3.7
FR;59;2021-03-14;7200;450;800507;327858;9.1;3.7
FR;59;2021-03-15;14532;2606;815039;330464;9.3;3.8
FR;59;2021-03-16;7936;3018;822975;333482;9.4;3.8
FR;59;2021-03-17;8776;3175;831751;336657;9.5;3.8
FR;59;2021-03-18;10482;4053;842233;340710;9.6;3.9
FR;59;2021-03-19;23538;3629;865771;344339;9.8;3.9
FR;59;2021-03-20;21133;1161;886904;345500;10.1;3.9
FR;59;2021-03-21;6284;408;893188;345908;10.2;3.9
FR;59;2021-03-22;15518;2715;908706;348623;10.3;4.0
FR;59;2021-03-23;25449;3591;934155;352214;10.6;4.0
FR;59;2021-03-24;28055;3600;962210;355814;10.9;4.0
FR;59;2021-03-25;38038;3973;1000248;359787;11.4;4.1
FR;59;2021-03-26;42951;4264;1043199;364051;11.9;4.1
FR;59;2021-03-27;26912;1843;1070111;365894;12.2;4.2
FR;59;2021-03-28;7541;486;1077652;366380;12.3;4.2
FR;59;2021-03-29;21693;3422;1099345;369802;12.5;4.2
FR;59;2021-03-30;32148;4477;1131493;374279;12.9;4.3
FR;59;2021-03-31;31459;4755;1162952;379034;13.2;4.3
FR;59;2021-04-01;38448;5942;1201400;384976;13.7;4.4
FR;59;2021-04-02;36932;5910;1238332;390886;14.1;4.4
FR;59;2021-04-03;21330;3500;1259662;394386;14.3;4.5
FR;59;2021-04-04;7352;1246;1267014;395632;14.4;4.5
FR;59;2021-04-05;8264;1126;1275278;396758;14.5;4.5
FR;59;2021-04-06;25740;5993;1301018;402751;14.8;4.6
FR;59;2021-04-07;33910;7237;1334928;409988;15.2;4.7
FR;59;2021-04-08;45032;8644;1379960;418632;15.7;4.8
FR;59;2021-04-09;60785;9263;1440745;427895;16.4;4.9
FR;59;2021-04-10;36478;7187;1477223;435082;16.8;4.9
FR;59;2021-04-11;9743;3550;1486966;438632;16.9;5.0
FR;59;2021-04-12;35272;7497;1522238;446129;17.3;5.1
FR;59;2021-04-13;49826;10289;1572064;456418;17.9;5.2
FR;59;2021-04-14;50177;10276;1622241;466694;18.4;5.3
FR;59;2021-04-15;59516;11924;1681757;478618;19.1;5.4
FR;59;2021-04-16;63334;12627;1745091;491245;19.8;5.6
FR;59;2021-04-17;41475;9800;1786566;501045;20.3;5.7
FR;59;2021-04-18;12289;4674;1798855;505719;20.5;5.8
FR;59;2021-04-19;33261;11257;1832116;516976;20.8;5.9
FR;59;2021-04-20;44724;14832;1876840;531808;21.3;6.0
FR;59;2021-04-21;47376;16594;1924216;548402;21.9;6.2
FR;59;2021-04-22;55903;19624;1980119;568026;22.5;6.5
FR;59;2021-04-23;65422;20974;2045541;589000;23.3;6.7
FR;59;2021-04-24;47527;15647;2093068;604647;23.8;6.9
FR;59;2021-04-25;16659;5495;2109727;610142;24.0;6.9
FR;59;2021-04-26;41487;17592;2151214;627734;24.5;7.1
FR;59;2021-04-27;56650;23428;2207864;651162;25.1;7.4
FR;59;2021-04-28;64410;26080;2272274;677242;25.8;7.7
FR;59;2021-04-29;78250;31793;2350524;709035;26.7;8.1
FR;59;2021-04-30;92680;36752;2443204;745787;27.8;8.5
FR;59;2021-05-01;43625;11114;2486829;756901;28.3;8.6
FR;59;2021-05-02;23510;7337;2510339;764238;28.6;8.7
FR;59;2021-05-03;62934;26418;2573273;790656;29.3;9.0
FR;59;2021-05-04;71435;34515;2644708;825171;30.1;9.4
FR;59;2021-05-05;77783;37504;2722491;862675;31.0;9.8
FR;59;2021-05-06;89716;43808;2812207;906483;32.0;10.3
FR;59;2021-05-07;98209;54076;2910416;960559;33.1;10.9
FR;59;2021-05-08;60829;16711;2971245;977270;33.8;11.1
FR;59;2021-05-09;39446;10466;3010691;987736;34.2;11.2
FR;59;2021-05-10;95915;40209;3106606;1027945;35.3;11.7
FR;59;2021-05-11;125860;49443;3232466;1077388;36.8;12.3
FR;59;2021-05-12;123338;46264;3355804;1123652;38.2;12.8
FR;59;2021-05-13;92639;14453;3448443;1138105;39.2;12.9
FR;59;2021-05-14;129277;34338;3577720;1172443;40.7;13.3
FR;59;2021-05-15;114449;25540;3692169;1197983;42.0;13.6
FR;59;2021-05-16;55305;7189;3747474;1205172;42.6;13.7
FR;59;2021-05-17;105626;30741;3853100;1235913;43.8;14.1
FR;59;2021-05-18;117780;34220;3970880;1270133;45.2;14.4
FR;59;2021-05-19;118973;35471;4089853;1305604;46.5;14.8
FR;59;2021-05-20;122601;42313;4212454;1347917;47.9;15.3
FR;59;2021-05-21;122060;48637;4334514;1396554;49.3;15.9
FR;59;2021-05-22;81878;25395;4416392;1421949;50.2;16.2
FR;59;2021-05-23;31274;5154;4447666;1427103;50.6;16.2
FR;59;2021-05-24;51984;9918;4499650;1437021;51.2;16.3
FR;59;2021-05-25;84438;41961;4584088;1478982;52.1;16.8
FR;59;2021-05-26;83473;44256;4667561;1523238;53.1;17.3
FR;59;2021-05-27;90144;52437;4757705;1575675;54.1;17.9
FR;59;2021-05-28;91891;66646;4849596;1642321;55.2;18.7
FR;59;2021-05-29;60378;40071;4909974;1682392;55.8;19.1
FR;59;2021-05-30;16142;7802;4926116;1690194;56.0;19.2
FR;59;2021-05-31;58645;42428;4984761;1732622;56.7;19.7
FR;59;2021-06-01;68287;53793;5053048;1786415;57.5;20.3
FR;59;2021-06-02;62421;52798;5115469;1839213;58.2;20.9
FR;59;2021-06-03;69806;58420;5185275;1897633;59.0;21.6
FR;59;2021-06-04;71845;71797;5257120;1969430;59.8;22.4
FR;59;2021-06-05;45823;48812;5302943;2018242;60.3;23.0
FR;59;2021-06-06;14268;12597;5317211;2030839;60.5;23.1
FR;59;2021-06-07;43970;54862;5361181;2085701;61.0;23.7
FR;59;2021-06-08;53870;61628;5415051;2147329;61.6;24.4
FR;59;2021-06-09;50391;65049;5465442;2212378;62.2;25.2
FR;59;2021-06-10;53800;64824;5519242;2277202;62.8;25.9
FR;59;2021-06-11;55886;85211;5575128;2362413;63.4;26.9
FR;59;2021-06-12;38779;56739;5613907;2419152;63.8;27.5
FR;59;2021-06-13;11110;19638;5625017;2438790;64.0;27.7
FR;59;2021-06-14;30129;79342;5655146;2518132;64.3;28.6
FR;59;2021-06-15;35588;85429;5690734;2603561;64.7;29.6
FR;59;2021-06-16;33590;87341;5724324;2690902;65.1;30.6
FR;59;2021-06-17;36893;86104;5761217;2777006;65.5;31.6
FR;59;2021-06-18;37558;113522;5798775;2890528;66.0;32.9
FR;59;2021-06-19;23830;80095;5822605;2970623;66.2;33.8
FR;59;2021-06-20;6035;30756;5828640;3001379;66.3;34.1
FR;64;2020-12-27;1;0;1;0;0.0;0.0
FR;64;2020-12-28;1;0;2;0;0.0;0.0
FR;64;2020-12-29;2;0;4;0;0.0;0.0
FR;64;2020-12-30;6;0;10;0;0.0;0.0
FR;64;2020-12-31;5;0;15;0;0.0;0.0
FR;64;2021-01-01;9;0;24;0;0.0;0.0
FR;64;2021-01-02;13;0;37;0;0.0;0.0
FR;64;2021-01-03;19;0;56;0;0.0;0.0
FR;64;2021-01-04;209;1;265;1;0.0;0.0
FR;64;2021-01-05;902;4;1167;5;0.0;0.0
FR;64;2021-01-06;1694;4;2861;9;0.1;0.0
FR;64;2021-01-07;3662;10;6523;19;0.2;0.0
FR;64;2021-01-08;4895;14;11418;33;0.3;0.0
FR;64;2021-01-09;1964;2;13382;35;0.3;0.0
FR;64;2021-01-10;1027;1;14409;36;0.4;0.0
FR;64;2021-01-11;5296;10;19705;46;0.5;0.0
FR;64;2021-01-12;7160;15;26865;61;0.7;0.0
FR;64;2021-01-13;7474;18;34339;79;0.8;0.0
FR;64;2021-01-14;8587;88;42926;167;1.0;0.0
FR;64;2021-01-15;7111;37;50037;204;1.2;0.0
FR;64;2021-01-16;2221;18;52258;222;1.3;0.0
FR;64;2021-01-17;844;9;53102;231;1.3;0.0
FR;64;2021-01-18;4695;20;57797;251;1.4;0.0
FR;64;2021-01-19;6415;25;64212;276;1.6;0.0
FR;64;2021-01-20;6246;36;70458;312;1.7;0.0
FR;64;2021-01-21;6935;28;77393;340;1.9;0.0
FR;64;2021-01-22;5438;34;82831;374;2.0;0.0
FR;64;2021-01-23;1422;13;84253;387;2.1;0.0
FR;64;2021-01-24;435;9;84688;396;2.1;0.0
FR;64;2021-01-25;2782;206;87470;602;2.1;0.0
FR;64;2021-01-26;3548;500;91018;1102;2.2;0.0
FR;64;2021-01-27;3773;889;94791;1991;2.3;0.0
FR;64;2021-01-28;4578;1759;99369;3750;2.4;0.1
FR;64;2021-01-29;3538;2331;102907;6081;2.5;0.1
FR;64;2021-01-30;840;708;103747;6789;2.5;0.2
FR;64;2021-01-31;172;279;103919;7068;2.5;0.2
FR;64;2021-02-01;1533;2869;105452;9937;2.6;0.2
FR;64;2021-02-02;2159;4149;107611;14086;2.6;0.3
FR;64;2021-02-03;2314;4366;109925;18452;2.7;0.4
FR;64;2021-02-04;2830;5510;112755;23962;2.7;0.6
FR;64;2021-02-05;2196;4973;114951;28935;2.8;0.7
FR;64;2021-02-06;668;1305;115619;30240;2.8;0.7
FR;64;2021-02-07;165;493;115784;30733;2.8;0.7
FR;64;2021-02-08;1491;4199;117275;34932;2.9;0.9
FR;64;2021-02-09;2351;5670;119626;40602;2.9;1.0
FR;64;2021-02-10;2581;5678;122207;46280;3.0;1.1
FR;64;2021-02-11;3470;7231;125677;53511;3.1;1.3
FR;64;2021-02-12;3117;5455;128794;58966;3.1;1.4
FR;64;2021-02-13;851;1449;129645;60415;3.2;1.5
FR;64;2021-02-14;198;437;129843;60852;3.2;1.5
FR;64;2021-02-15;1595;3889;131438;64741;3.2;1.6
FR;64;2021-02-16;2089;5149;133527;69890;3.3;1.7
FR;64;2021-02-17;2214;4649;135741;74539;3.3;1.8
FR;64;2021-02-18;3255;5464;138996;80003;3.4;2.0
FR;64;2021-02-19;3024;4221;142020;84224;3.5;2.1
FR;64;2021-02-20;813;1204;142833;85428;3.5;2.1
FR;64;2021-02-21;135;255;142968;85683;3.5;2.1
FR;64;2021-02-22;1502;2671;144470;88354;3.5;2.2
FR;64;2021-02-23;2416;2919;146886;91273;3.6;2.2
FR;64;2021-02-24;3884;2862;150770;94135;3.7;2.3
FR;64;2021-02-25;16090;3897;166860;98032;4.1;2.4
FR;64;2021-02-26;21859;2838;188719;100870;4.6;2.5
FR;64;2021-02-27;13102;796;201821;101666;4.9;2.5
FR;64;2021-02-28;799;174;202620;101840;4.9;2.5
FR;64;2021-03-01;6583;1770;209203;103610;5.1;2.5
FR;64;2021-03-02;13164;2397;222367;106007;5.4;2.6
FR;64;2021-03-03;15992;2461;238359;108468;5.8;2.6
FR;64;2021-03-04;25271;2972;263630;111440;6.4;2.7
FR;64;2021-03-05;30589;2788;294219;114228;7.2;2.8
FR;64;2021-03-06;26941;900;321160;115128;7.8;2.8
FR;64;2021-03-07;9916;566;331076;115694;8.1;2.8
FR;64;2021-03-08;8858;1847;339934;117541;8.3;2.9
FR;64;2021-03-09;16881;2102;356815;119643;8.7;2.9
FR;64;2021-03-10;17145;2237;373960;121880;9.1;3.0
FR;64;2021-03-11;26021;2943;399981;124823;9.8;3.0
FR;64;2021-03-12;33538;2576;433519;127399;10.6;3.1
FR;64;2021-03-13;27439;891;460958;128290;11.2;3.1
FR;64;2021-03-14;5451;224;466409;128514;11.4;3.1
FR;64;2021-03-15;11088;1491;477497;130005;11.6;3.2
FR;64;2021-03-16;6019;1797;483516;131802;11.8;3.2
FR;64;2021-03-17;6159;1707;489675;133509;11.9;3.3
FR;64;2021-03-18;7702;2098;497377;135607;12.1;3.3
FR;64;2021-03-19;18989;1997;516366;137604;12.6;3.4
FR;64;2021-03-20;18570;808;534936;138412;13.0;3.4
FR;64;2021-03-21;4728;242;539664;138654;13.2;3.4
FR;64;2021-03-22;13565;1617;553229;140271;13.5;3.4
FR;64;2021-03-23;23573;2095;576802;142366;14.1;3.5
FR;64;2021-03-24;25224;2201;602026;144567;14.7;3.5
FR;64;2021-03-25;36720;2507;638746;147074;15.6;3.6
FR;64;2021-03-26;40279;2473;679025;149547;16.6;3.6
FR;64;2021-03-27;21345;1089;700370;150636;17.1;3.7
FR;64;2021-03-28;5097;271;705467;150907;17.2;3.7
FR;64;2021-03-29;17583;2194;723050;153101;17.6;3.7
FR;64;2021-03-30;27344;2933;750394;156034;18.3;3.8
FR;64;2021-03-31;24177;2989;774571;159023;18.9;3.9
FR;64;2021-04-01;30608;3869;805179;162892;19.6;4.0
FR;64;2021-04-02;29253;3685;834432;166577;20.3;4.1
FR;64;2021-04-03;16007;2409;850439;168986;20.7;4.1
FR;64;2021-04-04;4036;806;854475;169792;20.8;4.1
FR;64;2021-04-05;5111;811;859586;170603;21.0;4.2
FR;64;2021-04-06;19233;4327;878819;174930;21.4;4.3
FR;64;2021-04-07;23574;4876;902393;179806;22.0;4.4
FR;64;2021-04-08;34620;5727;937013;185533;22.8;4.5
FR;64;2021-04-09;53549;6246;990562;191779;24.1;4.7
FR;64;2021-04-10;29873;5094;1020435;196873;24.9;4.8
FR;64;2021-04-11;6266;2625;1026701;199498;25.0;4.9
FR;64;2021-04-12;28052;5247;1054753;204745;25.7;5.0
FR;64;2021-04-13;42519;7478;1097272;212223;26.7;5.2
FR;64;2021-04-14;40757;7232;1138029;219455;27.7;5.3
FR;64;2021-04-15;51946;8496;1189975;227951;29.0;5.6
FR;64;2021-04-16;64290;9028;1254265;236979;30.6;5.8
FR;64;2021-04-17;38529;7192;1292794;244171;31.5;6.0
FR;64;2021-04-18;10922;3361;1303716;247532;31.8;6.0
FR;64;2021-04-19;41968;8651;1345684;256183;32.8;6.2
FR;64;2021-04-20;52636;10512;1398320;266695;34.1;6.5
FR;64;2021-04-21;52503;10970;1450823;277665;35.4;6.8
FR;64;2021-04-22;57384;12868;1508207;290533;36.8;7.1
FR;64;2021-04-23;60894;12832;1569101;303365;38.3;7.4
FR;64;2021-04-24;43386;9155;1612487;312520;39.3;7.6
FR;64;2021-04-25;16226;3396;1628713;315916;39.7;7.7
FR;64;2021-04-26;50031;11603;1678744;327519;40.9;8.0
FR;64;2021-04-27;63015;15630;1741759;343149;42.5;8.4
FR;64;2021-04-28;64052;16095;1805811;359244;44.0;8.8
FR;64;2021-04-29;73715;20524;1879526;379768;45.8;9.3
FR;64;2021-04-30;75285;22085;1954811;401853;47.7;9.8
FR;64;2021-05-01;29348;6720;1984159;408573;48.4;10.0
FR;64;2021-05-02;14491;4007;1998650;412580;48.7;10.1
FR;64;2021-05-03;52344;15956;2050994;428536;50.0;10.4
FR;64;2021-05-04;53330;21694;2104324;450230;51.3;11.0
FR;64;2021-05-05;49526;22756;2153850;472986;52.5;11.5
FR;64;2021-05-06;56901;28891;2210751;501877;53.9;12.2
FR;64;2021-05-07;50970;34058;2261721;535935;55.1;13.1
FR;64;2021-05-08;21070;9346;2282791;545281;55.6;13.3
FR;64;2021-05-09;10060;5519;2292851;550800;55.9;13.4
FR;64;2021-05-10;34548;26819;2327399;577619;56.7;14.1
FR;64;2021-05-11;44040;37151;2371439;614770;57.8;15.0
FR;64;2021-05-12;39089;34996;2410528;649766;58.8;15.8
FR;64;2021-05-13;22004;10062;2432532;659828;59.3;16.1
FR;64;2021-05-14;36357;29069;2468889;688897;60.2;16.8
FR;64;2021-05-15;21270;19005;2490159;707902;60.7;17.3
FR;64;2021-05-16;7973;4309;2498132;712211;60.9;17.4
FR;64;2021-05-17;26934;25434;2525066;737645;61.6;18.0
FR;64;2021-05-18;33598;28361;2558664;766006;62.4;18.7
FR;64;2021-05-19;30484;26396;2589148;792402;63.1;19.3
FR;64;2021-05-20;35054;33272;2624202;825674;64.0;20.1
FR;64;2021-05-21;30256;37392;2654458;863066;64.7;21.0
FR;64;2021-05-22;14844;17705;2669302;880771;65.1;21.5
FR;64;2021-05-23;5120;2832;2674422;883603;65.2;21.5
FR;64;2021-05-24;10764;6494;2685186;890097;65.5;21.7
FR;64;2021-05-25;22723;34350;2707909;924447;66.0;22.5
FR;64;2021-05-26;21472;34969;2729381;959416;66.5;23.4
FR;64;2021-05-27;26022;42987;2755403;1002403;67.2;24.4
FR;64;2021-05-28;24505;55751;2779908;1058154;67.8;25.8
FR;64;2021-05-29;11928;33517;2791836;1091671;68.1;26.6
FR;64;2021-05-30;2675;7429;2794511;1099100;68.1;26.8
FR;64;2021-05-31;15833;45979;2810344;1145079;68.5;27.9
FR;64;2021-06-01;20852;56393;2831196;1201472;69.0;29.3
FR;64;2021-06-02;17045;50424;2848241;1251896;69.4;30.5
FR;64;2021-06-03;21206;55022;2869447;1306918;69.9;31.9
FR;64;2021-06-04;19847;66554;2889294;1373472;70.4;33.5
FR;64;2021-06-05;9390;43230;2898684;1416702;70.7;34.5
FR;64;2021-06-06;2667;10962;2901351;1427664;70.7;34.8
FR;64;2021-06-07;12326;60857;2913677;1488521;71.0;36.3
FR;64;2021-06-08;16770;66732;2930447;1555253;71.4;37.9
FR;64;2021-06-09;14470;58352;2944917;1613605;71.8;39.3
FR;64;2021-06-10;16518;57010;2961435;1670615;72.2;40.7
FR;64;2021-06-11;15058;69909;2976493;1740524;72.6;42.4
FR;64;2021-06-12;8072;36098;2984565;1776622;72.8;43.3
FR;64;2021-06-13;2119;9745;2986684;1786367;72.8;43.5
FR;64;2021-06-14;8911;64670;2995595;1851037;73.0;45.1
FR;64;2021-06-15;11681;66302;3007276;1917339;73.3;46.7
FR;64;2021-06-16;9927;53297;3017203;1970636;73.6;48.0
FR;64;2021-06-17;11977;55789;3029180;2026425;73.8;49.4
FR;64;2021-06-18;10965;61216;3040145;2087641;74.1;50.9
FR;64;2021-06-19;5421;29038;3045566;2116679;74.2;51.6
FR;64;2021-06-20;1133;6577;3046699;2123256;74.3;51.8
FR;69;2020-12-27;2;0;2;0;0.0;0.0
FR;69;2020-12-28;2;0;4;0;0.0;0.0
FR;69;2020-12-29;3;0;7;0;0.0;0.0
FR;69;2020-12-30;7;0;14;0;0.0;0.0
FR;69;2020-12-31;5;0;19;0;0.0;0.0
FR;69;2021-01-01;6;0;25;0;0.0;0.0
FR;69;2021-01-02;11;1;36;1;0.0;0.0
FR;69;2021-01-03;8;0;44;1;0.0;0.0
FR;69;2021-01-04;115;0;159;1;0.0;0.0
FR;69;2021-01-05;411;4;570;5;0.0;0.0
FR;69;2021-01-06;810;2;1380;7;0.0;0.0
FR;69;2021-01-07;1893;3;3273;10;0.1;0.0
FR;69;2021-01-08;2464;1;5737;11;0.1;0.0
FR;69;2021-01-09;1127;1;6864;12;0.2;0.0
FR;69;2021-01-10;660;1;7524;13;0.2;0.0
FR;69;2021-01-11;2743;6;10267;19;0.3;0.0
FR;69;2021-01-12;3887;3;14154;22;0.4;0.0
FR;69;2021-01-13;3805;14;17959;36;0.5;0.0
FR;69;2021-01-14;4574;48;22533;84;0.6;0.0
FR;69;2021-01-15;3853;14;26386;98;0.7;0.0
FR;69;2021-01-16;1344;14;27730;112;0.7;0.0
FR;69;2021-01-17;637;3;28367;115;0.7;0.0
FR;69;2021-01-18;3264;18;31631;133;0.8;0.0
FR;69;2021-01-19;4801;21;36432;154;0.9;0.0
FR;69;2021-01-20;4771;18;41203;172;1.1;0.0
FR;69;2021-01-21;5555;22;46758;194;1.2;0.0
FR;69;2021-01-22;4379;21;51137;215;1.3;0.0
FR;69;2021-01-23;1364;5;52501;220;1.3;0.0
FR;69;2021-01-24;450;6;52951;226;1.4;0.0
FR;69;2021-01-25;2735;82;55686;308;1.4;0.0
FR;69;2021-01-26;3368;186;59054;494;1.5;0.0
FR;69;2021-01-27;3675;416;62729;910;1.6;0.0
FR;69;2021-01-28;4334;896;67063;1806;1.7;0.0
FR;69;2021-01-29;3492;1237;70555;3043;1.8;0.1
FR;69;2021-01-30;941;403;71496;3446;1.8;0.1
FR;69;2021-01-31;180;162;71676;3608;1.8;0.1
FR;69;2021-02-01;1831;1522;73507;5130;1.9;0.1
FR;69;2021-02-02;2436;2204;75943;7334;1.9;0.2
FR;69;2021-02-03;2428;2273;78371;9607;2.0;0.2
FR;69;2021-02-04;2995;2929;81366;12536;2.1;0.3
FR;69;2021-02-05;2519;2540;83885;15076;2.1;0.4
FR;69;2021-02-06;729;808;84614;15884;2.2;0.4
FR;69;2021-02-07;162;391;84776;16275;2.2;0.4
FR;69;2021-02-08;1617;2412;86393;18687;2.2;0.5
FR;69;2021-02-09;2422;3419;88815;22106;2.3;0.6
FR;69;2021-02-10;2579;3410;91394;25516;2.3;0.7
FR;69;2021-02-11;3536;4867;94930;30383;2.4;0.8
FR;69;2021-02-12;3168;3424;98098;33807;2.5;0.9
FR;69;2021-02-13;870;1037;98968;34844;2.5;0.9
FR;69;2021-02-14;217;415;99185;35259;2.5;0.9
FR;69;2021-02-15;1340;2780;100525;38039;2.6;1.0
FR;69;2021-02-16;1875;3987;102400;42026;2.6;1.1
FR;69;2021-02-17;2013;3665;104413;45691;2.7;1.2
FR;69;2021-02-18;3016;4566;107429;50257;2.8;1.3
FR;69;2021-02-19;2890;3517;110319;53774;2.8;1.4
FR;69;2021-02-20;760;1027;111079;54801;2.8;1.4
FR;69;2021-02-21;150;236;111229;55037;2.9;1.4
FR;69;2021-02-22;1622;2577;112851;57614;2.9;1.5
FR;69;2021-02-23;2292;2824;115143;60438;3.0;1.5
FR;69;2021-02-24;2670;2916;117813;63354;3.0;1.6
FR;69;2021-02-25;3900;3592;121713;66946;3.1;1.7
FR;69;2021-02-26;4288;2637;126001;69583;3.2;1.8
FR;69;2021-02-27;1822;709;127823;70292;3.3;1.8
FR;69;2021-02-28;312;183;128135;70475;3.3;1.8
FR;69;2021-03-01;2813;1943;130948;72418;3.4;1.9
FR;69;2021-03-02;4732;2457;135680;74875;3.5;1.9
FR;69;2021-03-03;6743;2493;142423;77368;3.7;2.0
FR;69;2021-03-04;11840;3056;154263;80424;4.0;2.1
FR;69;2021-03-05;17566;2742;171829;83166;4.4;2.1
FR;69;2021-03-06;23368;862;195197;84028;5.0;2.2
FR;69;2021-03-07;14836;490;210033;84518;5.4;2.2
FR;69;2021-03-08;9818;2088;219851;86606;5.6;2.2
FR;69;2021-03-09;17558;2544;237409;89150;6.1;2.3
FR;69;2021-03-10;18909;2603;256318;91753;6.6;2.4
FR;69;2021-03-11;29289;3312;285607;95065;7.3;2.4
FR;69;2021-03-12;40046;3079;325653;98144;8.3;2.5
FR;69;2021-03-13;36195;1102;361848;99246;9.3;2.5
FR;69;2021-03-14;8221;278;370069;99524;9.5;2.6
FR;69;2021-03-15;16761;1859;386830;101383;9.9;2.6
FR;69;2021-03-16;10755;2209;397585;103592;10.2;2.7
FR;69;2021-03-17;11786;2211;409371;105803;10.5;2.7
FR;69;2021-03-18;13167;2637;422538;108440;10.8;2.8
FR;69;2021-03-19;28941;2494;451479;110934;11.6;2.8
FR;69;2021-03-20;27024;952;478503;111886;12.3;2.9
FR;69;2021-03-21;7134;287;485637;112173;12.4;2.9
FR;69;2021-03-22;21260;2228;506897;114401;13.0;2.9
FR;69;2021-03-23;36315;2875;543212;117276;13.9;3.0
FR;69;2021-03-24;37608;2919;580820;120195;14.9;3.1
FR;69;2021-03-25;55191;3221;636011;123416;16.3;3.2
FR;69;2021-03-26;59327;3114;695338;126530;17.8;3.2
FR;69;2021-03-27;30258;1440;725596;127970;18.6;3.3
FR;69;2021-03-28;7614;408;733210;128378;18.8;3.3
FR;69;2021-03-29;27726;3505;760936;131883;19.5;3.4
FR;69;2021-03-30;42315;4464;803251;136347;20.6;3.5
FR;69;2021-03-31;35404;4488;838655;140835;21.5;3.6
FR;69;2021-04-01;43341;5852;881996;146687;22.6;3.8
FR;69;2021-04-02;41398;5990;923394;152677;23.7;3.9
FR;69;2021-04-03;21680;3962;945074;156639;24.2;4.0
FR;69;2021-04-04;5812;1316;950886;157955;24.4;4.0
FR;69;2021-04-05;7618;1074;958504;159029;24.6;4.1
FR;69;2021-04-06;27923;7253;986427;166282;25.3;4.3
FR;69;2021-04-07;32446;7805;1018873;174087;26.1;4.5
FR;69;2021-04-08;48609;8942;1067482;183029;27.4;4.7
FR;69;2021-04-09;70689;9175;1138171;192204;29.2;4.9
FR;69;2021-04-10;36702;7918;1174873;200122;30.1;5.1
FR;69;2021-04-11;7985;4301;1182858;204423;30.3;5.2
FR;69;2021-04-12;38602;8912;1221460;213335;31.3;5.5
FR;69;2021-04-13;53555;12047;1275015;225382;32.7;5.8
FR;69;2021-04-14;49334;11727;1324349;237109;33.9;6.1
FR;69;2021-04-15;61862;13631;1386211;250740;35.5;6.4
FR;69;2021-04-16;72659;14158;1458870;264898;37.4;6.8
FR;69;2021-04-17;39677;10744;1498547;275642;38.4;7.1
FR;69;2021-04-18;10022;5041;1508569;280683;38.7;7.2
FR;69;2021-04-19;45904;13946;1554473;294629;39.8;7.6
FR;69;2021-04-20;57164;16876;1611637;311505;41.3;8.0
FR;69;2021-04-21;53499;16613;1665136;328118;42.7;8.4
FR;69;2021-04-22;60270;18802;1725406;346920;44.2;8.9
FR;69;2021-04-23;59431;18851;1784837;365771;45.7;9.4
FR;69;2021-04-24;37329;13200;1822166;378971;46.7;9.7
FR;69;2021-04-25;13277;5024;1835443;383995;47.0;9.8
FR;69;2021-04-26;49720;18431;1885163;402426;48.3;10.3
FR;69;2021-04-27;61804;23272;1946967;425698;49.9;10.9
FR;69;2021-04-28;59872;22154;2006839;447852;51.4;11.5
FR;69;2021-04-29;70157;24931;2076996;472783;53.2;12.1
FR;69;2021-04-30;66971;24001;2143967;496784;54.9;12.7
FR;69;2021-05-01;23894;7647;2167861;504431;55.6;12.9
FR;69;2021-05-02;11199;5176;2179060;509607;55.8;13.1
FR;69;2021-05-03;47532;21422;2226592;531029;57.1;13.6
FR;69;2021-05-04;48068;27792;2274660;558821;58.3;14.3
FR;69;2021-05-05;42815;27198;2317475;586019;59.4;15.0
FR;69;2021-05-06;50908;30283;2368383;616302;60.7;15.8
FR;69;2021-05-07;42384;34360;2410767;650662;61.8;16.7
FR;69;2021-05-08;16016;9416;2426783;660078;62.2;16.9
FR;69;2021-05-09;7330;6577;2434113;666655;62.4;17.1
FR;69;2021-05-10;29755;34754;2463868;701409;63.1;18.0
FR;69;2021-05-11;38259;43788;2502127;745197;64.1;19.1
FR;69;2021-05-12;33078;39243;2535205;784440;65.0;20.1
FR;69;2021-05-13;17485;11516;2552690;795956;65.4;20.4
FR;69;2021-05-14;30074;34191;2582764;830147;66.2;21.3
FR;69;2021-05-15;15270;18540;2598034;848687;66.6;21.8
FR;69;2021-05-16;5445;4318;2603479;853005;66.7;21.9
FR;69;2021-05-17;21878;28831;2625357;881836;67.3;22.6
FR;69;2021-05-18;28010;29640;2653367;911476;68.0;23.4
FR;69;2021-05-19;24389;25240;2677756;936716;68.6;24.0
FR;69;2021-05-20;28438;27843;2706194;964559;69.4;24.7
FR;69;2021-05-21;23010;30753;2729204;995312;69.9;25.5
FR;69;2021-05-22;9682;14378;2738886;1009690;70.2;25.9
FR;69;2021-05-23;3193;2381;2742079;1012071;70.3;25.9
FR;69;2021-05-24;8112;7133;2750191;1019204;70.5;26.1
FR;69;2021-05-25;17925;36219;2768116;1055423;70.9;27.0
FR;69;2021-05-26;16380;34476;2784496;1089899;71.4;27.9
FR;69;2021-05-27;20627;42279;2805123;1132178;71.9;29.0
FR;69;2021-05-28;18303;53867;2823426;1186045;72.4;30.4
FR;69;2021-05-29;7662;31257;2831088;1217302;72.6;31.2
FR;69;2021-05-30;1701;6901;2832789;1224203;72.6;31.4
FR;69;2021-05-31;12341;47515;2845130;1271718;72.9;32.6
FR;69;2021-06-01;16208;57665;2861338;1329383;73.3;34.1
FR;69;2021-06-02;12970;50011;2874308;1379394;73.7;35.4
FR;69;2021-06-03;16367;57670;2890675;1437064;74.1;36.8
FR;69;2021-06-04;14583;67108;2905258;1504172;74.5;38.5
FR;69;2021-06-05;6091;39523;2911349;1543695;74.6;39.6
FR;69;2021-06-06;1567;9075;2912916;1552770;74.7;39.8
FR;69;2021-06-07;9735;59507;2922651;1612277;74.9;41.3
FR;69;2021-06-08;14200;66615;2936851;1678892;75.3;43.0
FR;69;2021-06-09;11017;54854;2947868;1733746;75.5;44.4
FR;69;2021-06-10;13908;57840;2961776;1791586;75.9;45.9
FR;69;2021-06-11;12072;69283;2973848;1860869;76.2;47.7
FR;69;2021-06-12;5616;32223;2979464;1893092;76.4;48.5
FR;69;2021-06-13;1312;7821;2980776;1900913;76.4;48.7
FR;69;2021-06-14;7321;61136;2988097;1962049;76.6;50.3
FR;69;2021-06-15;9948;66394;2998045;2028443;76.8;52.0
FR;69;2021-06-16;8133;50160;3006178;2078603;77.0;53.3
FR;69;2021-06-17;9681;57135;3015859;2135738;77.3;54.7
FR;69;2021-06-18;8526;60751;3024385;2196489;77.5;56.3
FR;69;2021-06-19;3637;24259;3028022;2220748;77.6;56.9
FR;69;2021-06-20;713;4925;3028735;2225673;77.6;57.0
FR;74;2020-12-27;1;0;1;0;0.0;0.0
FR;74;2020-12-28;7;0;8;0;0.0;0.0
FR;74;2020-12-29;5;0;13;0;0.0;0.0
FR;74;2020-12-30;12;0;25;0;0.0;0.0
FR;74;2020-12-31;8;0;33;0;0.0;0.0
FR;74;2021-01-01;5;0;38;0;0.0;0.0
FR;74;2021-01-02;3;0;41;0;0.0;0.0
FR;74;2021-01-03;13;0;54;0;0.0;0.0
FR;74;2021-01-04;89;1;143;1;0.0;0.0
FR;74;2021-01-05;301;0;444;1;0.0;0.0
FR;74;2021-01-06;555;1;999;2;0.0;0.0
FR;74;2021-01-07;1465;0;2464;2;0.1;0.0
FR;74;2021-01-08;1810;4;4274;6;0.1;0.0
FR;74;2021-01-09;799;0;5073;6;0.1;0.0
FR;74;2021-01-10;542;0;5615;6;0.2;0.0
FR;74;2021-01-11;2139;2;7754;8;0.2;0.0
FR;74;2021-01-12;3161;6;10915;14;0.3;0.0
FR;74;2021-01-13;3226;7;14141;21;0.4;0.0
FR;74;2021-01-14;3969;41;18110;62;0.5;0.0
FR;74;2021-01-15;3547;11;21657;73;0.6;0.0
FR;74;2021-01-16;1343;5;23000;78;0.7;0.0
FR;74;2021-01-17;766;4;23766;82;0.7;0.0
FR;74;2021-01-18;4730;13;28496;95;0.8;0.0
FR;74;2021-01-19;6834;14;35330;109;1.0;0.0
FR;74;2021-01-20;7121;12;42451;121;1.2;0.0
FR;74;2021-01-21;8216;29;50667;150;1.5;0.0
FR;74;2021-01-22;6569;22;57236;172;1.6;0.0
FR;74;2021-01-23;2264;4;59500;176;1.7;0.0
FR;74;2021-01-24;612;2;60112;178;1.7;0.0
FR;74;2021-01-25;4552;57;64664;235;1.9;0.0
FR;74;2021-01-26;5646;153;70310;388;2.0;0.0
FR;74;2021-01-27;5993;273;76303;661;2.2;0.0
FR;74;2021-01-28;6991;752;83294;1413;2.4;0.0
FR;74;2021-01-29;5747;900;89041;2313;2.6;0.1
FR;74;2021-01-30;1772;264;90813;2577;2.6;0.1
FR;74;2021-01-31;296;114;91109;2691;2.6;0.1
FR;74;2021-02-01;3303;1064;94412;3755;2.7;0.1
FR;74;2021-02-02;4314;1788;98726;5543;2.8;0.2
FR;74;2021-02-03;4326;1808;103052;7351;3.0;0.2
FR;74;2021-02-04;5190;2469;108242;9820;3.1;0.3
FR;74;2021-02-05;4403;2181;112645;12001;3.2;0.3
FR;74;2021-02-06;1414;695;114059;12696;3.3;0.4
FR;74;2021-02-07;243;351;114302;13047;3.3;0.4
FR;74;2021-02-08;3096;2508;117398;15555;3.4;0.4
FR;74;2021-02-09;4128;3729;121526;19284;3.5;0.6
FR;74;2021-02-10;4435;3818;125961;23102;3.6;0.7
FR;74;2021-02-11;5651;5477;131612;28579;3.8;0.8
FR;74;2021-02-12;5286;3823;136898;32402;3.9;0.9
FR;74;2021-02-13;1658;1219;138556;33621;4.0;1.0
FR;74;2021-02-14;408;471;138964;34092;4.0;1.0
FR;74;2021-02-15;2408;4184;141372;38276;4.1;1.1
FR;74;2021-02-16;3277;5636;144649;43912;4.2;1.3
FR;74;2021-02-17;3399;5458;148048;49370;4.3;1.4
FR;74;2021-02-18;4957;6817;153005;56187;4.4;1.6
FR;74;2021-02-19;4894;5420;157899;61607;4.5;1.8
FR;74;2021-02-20;1559;1740;159458;63347;4.6;1.8
FR;74;2021-02-21;233;415;159691;63762;4.6;1.8
FR;74;2021-02-22;2883;4294;162574;68056;4.7;2.0
FR;74;2021-02-23;4159;4902;166733;72958;4.8;2.1
FR;74;2021-02-24;4539;4849;171272;77807;4.9;2.2
FR;74;2021-02-25;5547;5707;176819;83514;5.1;2.4
FR;74;2021-02-26;5502;4486;182321;88000;5.2;2.5
FR;74;2021-02-27;2037;1370;184358;89370;5.3;2.6
FR;74;2021-02-28;529;294;184887;89664;5.3;2.6
FR;74;2021-03-01;5091;3376;189978;93040;5.5;2.7
FR;74;2021-03-02;7483;4299;197461;97339;5.7;2.8
FR;74;2021-03-03;9744;4285;207205;101624;6.0;2.9
FR;74;2021-03-04;15153;4863;222358;106487;6.4;3.1
FR;74;2021-03-05;21775;4666;244133;111153;7.0;3.2
FR;74;2021-03-06;31429;1512;275562;112665;7.9;3.2
FR;74;2021-03-07;21038;628;296600;113293;8.5;3.3
FR;74;2021-03-08;14295;3723;310895;117016;8.9;3.4
FR;74;2021-03-09;24148;4302;335043;121318;9.6;3.5
FR;74;2021-03-10;26412;4497;361455;125815;10.4;3.6
FR;74;2021-03-11;38462;5466;399917;131281;11.5;3.8
FR;74;2021-03-12;50810;4874;450727;136155;13.0;3.9
FR;74;2021-03-13;48048;1722;498775;137877;14.3;4.0
FR;74;2021-03-14;12002;466;510777;138343;14.7;4.0
FR;74;2021-03-15;25631;3224;536408;141567;15.4;4.1
FR;74;2021-03-16;20074;3893;556482;145460;16.0;4.2
FR;74;2021-03-17;21848;3931;578330;149391;16.6;4.3
FR;74;2021-03-18;24486;4579;602816;153970;17.3;4.4
FR;74;2021-03-19;41508;4085;644324;158055;18.5;4.5
FR;74;2021-03-20;35492;1661;679816;159716;19.5;4.6
FR;74;2021-03-21;9476;432;689292;160148;19.8;4.6
FR;74;2021-03-22;31568;3972;720860;164120;20.7;4.7
FR;74;2021-03-23;50282;4932;771142;169052;22.2;4.9
FR;74;2021-03-24;52237;5306;823379;174358;23.7;5.0
FR;74;2021-03-25;74963;5727;898342;180085;25.8;5.2
FR;74;2021-03-26;80982;5422;979324;185507;28.2;5.3
FR;74;2021-03-27;51134;2502;1030458;188009;29.6;5.4
FR;74;2021-03-28;17820;776;1048278;188785;30.1;5.4
FR;74;2021-03-29;56118;6996;1104396;195781;31.8;5.6
FR;74;2021-03-30;76585;8908;1180981;204689;34.0;5.9
FR;74;2021-03-31;67982;9461;1248963;214150;35.9;6.2
FR;74;2021-04-01;78422;11866;1327385;226016;38.2;6.5
FR;74;2021-04-02;70019;12420;1397404;238436;40.2;6.9
FR;74;2021-04-03;37167;8510;1434571;246946;41.2;7.1
FR;74;2021-04-04;12503;2805;1447074;249751;41.6;7.2
FR;74;2021-04-05;19209;1901;1466283;251652;42.2;7.2
FR;74;2021-04-06;64421;15201;1530704;266853;44.0;7.7
FR;74;2021-04-07;72663;16067;1603367;282920;46.1;8.1
FR;74;2021-04-08;87652;18007;1691019;300927;48.6;8.7
FR;74;2021-04-09;97332;17834;1788351;318761;51.4;9.2
FR;74;2021-04-10;48610;14102;1836961;332863;52.8;9.6
FR;74;2021-04-11;12708;6841;1849669;339704;53.2;9.8
FR;74;2021-04-12;60910;17771;1910579;357475;54.9;10.3
FR;74;2021-04-13;68736;22262;1979315;379737;56.9;10.9
FR;74;2021-04-14;60141;21830;2039456;401567;58.6;11.5
FR;74;2021-04-15;61973;23775;2101429;425342;60.4;12.2
FR;74;2021-04-16;52307;24358;2153736;449700;61.9;12.9
FR;74;2021-04-17;25732;16834;2179468;466534;62.7;13.4
FR;74;2021-04-18;5747;6971;2185215;473505;62.8;13.6
FR;74;2021-04-19;31745;24328;2216960;497833;63.7;14.3
FR;74;2021-04-20;36309;29611;2253269;527444;64.8;15.2
FR;74;2021-04-21;33388;30229;2286657;557673;65.7;16.0
FR;74;2021-04-22;38122;35201;2324779;592874;66.8;17.0
FR;74;2021-04-23;34870;38800;2359649;631674;67.8;18.2
FR;74;2021-04-24;18654;30727;2378303;662401;68.4;19.0
FR;74;2021-04-25;6144;12563;2384447;674964;68.6;19.4
FR;74;2021-04-26;26757;46869;2411204;721833;69.3;20.8
FR;74;2021-04-27;33071;56051;2444275;777884;70.3;22.4
FR;74;2021-04-28;32656;52830;2476931;830714;71.2;23.9
FR;74;2021-04-29;38754;53972;2515685;884686;72.3;25.4
FR;74;2021-04-30;35066;49143;2550751;933829;73.3;26.8
FR;74;2021-05-01;11101;15152;2561852;948981;73.7;27.3
FR;74;2021-05-02;5181;11398;2567033;960379;73.8;27.6
FR;74;2021-05-03;24218;52129;2591251;1012508;74.5;29.1
FR;74;2021-05-04;25156;69237;2616407;1081745;75.2;31.1
FR;74;2021-05-05;22730;64917;2639137;1146662;75.9;33.0
FR;74;2021-05-06;27404;63268;2666541;1209930;76.7;34.8
FR;74;2021-05-07;23293;66003;2689834;1275933;77.3;36.7
FR;74;2021-05-08;8237;14317;2698071;1290250;77.6;37.1
FR;74;2021-05-09;3688;10477;2701759;1300727;77.7;37.4
FR;74;2021-05-10;16061;63056;2717820;1363783;78.1;39.2
FR;74;2021-05-11;20975;64103;2738795;1427886;78.7;41.1
FR;74;2021-05-12;18412;53159;2757207;1481045;79.3;42.6
FR;74;2021-05-13;9072;12085;2766279;1493130;79.5;42.9
FR;74;2021-05-14;16963;37757;2783242;1530887;80.0;44.0
FR;74;2021-05-15;8379;17575;2791621;1548462;80.3;44.5
FR;74;2021-05-16;2987;3501;2794608;1551963;80.3;44.6
FR;74;2021-05-17;12251;30813;2806859;1582776;80.7;45.5
FR;74;2021-05-18;15471;30488;2822330;1613264;81.1;46.4
FR;74;2021-05-19;14050;25396;2836380;1638660;81.5;47.1
FR;74;2021-05-20;16045;27691;2852425;1666351;82.0;47.9
FR;74;2021-05-21;13384;30695;2865809;1697046;82.4;48.8
FR;74;2021-05-22;5774;14222;2871583;1711268;82.6;49.2
FR;74;2021-05-23;1854;2382;2873437;1713650;82.6;49.3
FR;74;2021-05-24;4637;5727;2878074;1719377;82.7;49.4
FR;74;2021-05-25;10626;35192;2888700;1754569;83.0;50.4
FR;74;2021-05-26;10016;32942;2898716;1787511;83.3;51.4
FR;74;2021-05-27;11844;39434;2910560;1826945;83.7;52.5
FR;74;2021-05-28;11248;45045;2921808;1871990;84.0;53.8
FR;74;2021-05-29;4753;24305;2926561;1896295;84.1;54.5
FR;74;2021-05-30;1042;4238;2927603;1900533;84.2;54.6
FR;74;2021-05-31;7569;29833;2935172;1930366;84.4;55.5
FR;74;2021-06-01;10284;40158;2945456;1970524;84.7;56.7
FR;74;2021-06-02;8463;34079;2953919;2004603;84.9;57.6
FR;74;2021-06-03;10538;42320;2964457;2046923;85.2;58.8
FR;74;2021-06-04;9697;48037;2974154;2094960;85.5;60.2
FR;74;2021-06-05;4051;25144;2978205;2120104;85.6;61.0
FR;74;2021-06-06;935;4684;2979140;2124788;85.6;61.1
FR;74;2021-06-07;6124;31624;2985264;2156412;85.8;62.0
FR;74;2021-06-08;9198;38220;2994462;2194632;86.1;63.1
FR;74;2021-06-09;7271;32420;3001733;2227052;86.3;64.0
FR;74;2021-06-10;8948;37875;3010681;2264927;86.6;65.1
FR;74;2021-06-11;8194;46557;3018875;2311484;86.8;66.5
FR;74;2021-06-12;3632;20538;3022507;2332022;86.9;67.0
FR;74;2021-06-13;848;4156;3023355;2336178;86.9;67.2
FR;74;2021-06-14;4961;34067;3028316;2370245;87.1;68.1
FR;74;2021-06-15;6875;42620;3035191;2412865;87.3;69.4
FR;74;2021-06-16;5614;33257;3040805;2446122;87.4;70.3
FR;74;2021-06-17;6938;40711;3047743;2486833;87.6;71.5
FR;74;2021-06-18;5845;43613;3053588;2530446;87.8;72.7
FR;74;2021-06-19;2474;15746;3056062;2546192;87.9;73.2
FR;74;2021-06-20;463;2790;3056525;2548982;87.9;73.3
FR;79;2020-12-27;1;0;1;0;0.0;0.0
FR;79;2020-12-28;6;0;7;0;0.0;0.0
FR;79;2020-12-29;16;0;23;0;0.0;0.0
FR;79;2020-12-30;12;0;35;0;0.0;0.0
FR;79;2020-12-31;6;0;41;0;0.0;0.0
FR;79;2021-01-01;6;0;47;0;0.0;0.0
FR;79;2021-01-02;4;0;51;0;0.0;0.0
FR;79;2021-01-03;2;0;53;0;0.0;0.0
FR;79;2021-01-04;50;0;103;0;0.0;0.0
FR;79;2021-01-05;173;0;276;0;0.0;0.0
FR;79;2021-01-06;342;1;618;1;0.0;0.0
FR;79;2021-01-07;905;0;1523;1;0.1;0.0
FR;79;2021-01-08;1087;1;2610;2;0.1;0.0
FR;79;2021-01-09;364;0;2974;2;0.1;0.0
FR;79;2021-01-10;196;0;3170;2;0.1;0.0
FR;79;2021-01-11;1168;3;4338;5;0.2;0.0
FR;79;2021-01-12;2214;2;6552;7;0.3;0.0
FR;79;2021-01-13;2766;2;9318;9;0.4;0.0
FR;79;2021-01-14;4448;36;13766;45;0.6;0.0
FR;79;2021-01-15;5278;18;19044;63;0.9;0.0
FR;79;2021-01-16;2828;14;21872;77;1.0;0.0
FR;79;2021-01-17;1309;3;23181;80;1.0;0.0
FR;79;2021-01-18;19692;40;42873;120;1.9;0.0
FR;79;2021-01-19;26085;42;68958;162;3.1;0.0
FR;79;2021-01-20;28092;34;97050;196;4.4;0.0
FR;79;2021-01-21;30118;43;127168;239;5.7;0.0
FR;79;2021-01-22;27978;38;155146;277;7.0;0.0
FR;79;2021-01-23;11686;12;166832;289;7.5;0.0
FR;79;2021-01-24;2173;3;169005;292;7.6;0.0
FR;79;2021-01-25;22591;50;191596;342;8.6;0.0
FR;79;2021-01-26;25777;126;217373;468;9.8;0.0
FR;79;2021-01-27;25057;203;242430;671;10.9;0.0
FR;79;2021-01-28;25243;567;267673;1238;12.1;0.1
FR;79;2021-01-29;22568;569;290241;1807;13.1;0.1
FR;79;2021-01-30;8793;139;299034;1946;13.5;0.1
FR;79;2021-01-31;1234;55;300268;2001;13.5;0.1
FR;79;2021-02-01;16198;650;316466;2651;14.3;0.1
FR;79;2021-02-02;19316;1280;335782;3931;15.1;0.2
FR;79;2021-02-03;18333;1590;354115;5521;16.0;0.2
FR;79;2021-02-04;19222;2540;373337;8061;16.8;0.4
FR;79;2021-02-05;18077;2692;391414;10753;17.7;0.5
FR;79;2021-02-06;6463;1010;397877;11763;17.9;0.5
FR;79;2021-02-07;870;392;398747;12155;18.0;0.5
FR;79;2021-02-08;13126;5818;411873;17973;18.6;0.8
FR;79;2021-02-09;15597;7682;427470;25655;19.3;1.2
FR;79;2021-02-10;15474;8064;442944;33719;20.0;1.5
FR;79;2021-02-11;16549;9623;459493;43342;20.7;2.0
FR;79;2021-02-12;15702;9430;475195;52772;21.4;2.4
FR;79;2021-02-13;5017;4127;480212;56899;21.7;2.6
FR;79;2021-02-14;907;1045;481119;57944;21.7;2.6
FR;79;2021-02-15;7141;19835;488260;77779;22.0;3.5
FR;79;2021-02-16;8358;23642;496618;101421;22.4;4.6
FR;79;2021-02-17;8261;24037;504879;125458;22.8;5.7
FR;79;2021-02-18;10333;24439;515212;149897;23.2;6.8
FR;79;2021-02-19;10345;20777;525557;170674;23.7;7.7
FR;79;2021-02-20;3782;8317;529339;178991;23.9;8.1
FR;79;2021-02-21;549;1559;529888;180550;23.9;8.1
FR;79;2021-02-22;7004;21896;536892;202446;24.2;9.1
FR;79;2021-02-23;9664;23578;546556;226024;24.6;10.2
FR;79;2021-02-24;10069;22219;556625;248243;25.1;11.2
FR;79;2021-02-25;11725;22109;568350;270352;25.6;12.2
FR;79;2021-02-26;12087;19139;580437;289491;26.2;13.1
FR;79;2021-02-27;4431;6744;584868;296235;26.4;13.4
FR;79;2021-02-28;876;1038;585744;297273;26.4;13.4
FR;79;2021-03-01;12146;16476;597890;313749;27.0;14.1
FR;79;2021-03-02;16348;19293;614238;333042;27.7;15.0
FR;79;2021-03-03;17772;18575;632010;351617;28.5;15.9
FR;79;2021-03-04;20982;17727;652992;369344;29.4;16.7
FR;79;2021-03-05;22506;16525;675498;385869;30.5;17.4
FR;79;2021-03-06;29097;5464;704595;391333;31.8;17.6
FR;79;2021-03-07;21098;1101;725693;392434;32.7;17.7
FR;79;2021-03-08;17402;15374;743095;407808;33.5;18.4
FR;79;2021-03-09;25797;16495;768892;424303;34.7;19.1
FR;79;2021-03-10;26915;15660;795807;439963;35.9;19.8
FR;79;2021-03-11;31908;15197;827715;455160;37.3;20.5
FR;79;2021-03-12;33444;13025;861159;468185;38.8;21.1
FR;79;2021-03-13;25413;4293;886572;472478;40.0;21.3
FR;79;2021-03-14;9486;796;896058;473274;40.4;21.3
FR;79;2021-03-15;28539;8767;924597;482041;41.7;21.7
FR;79;2021-03-16;32847;9348;957444;491389;43.2;22.2
FR;79;2021-03-17;33830;9310;991274;500699;44.7;22.6
FR;79;2021-03-18;36730;9815;1028004;510514;46.4;23.0
FR;79;2021-03-19;36766;8929;1064770;519443;48.0;23.4
FR;79;2021-03-20;20698;3333;1085468;522776;49.0;23.6
FR;79;2021-03-21;5876;611;1091344;523387;49.2;23.6
FR;79;2021-03-22;28610;9239;1119954;532626;50.5;24.0
FR;79;2021-03-23;37079;10845;1157033;543471;52.2;24.5
FR;79;2021-03-24;35564;11404;1192597;554875;53.8;25.0
FR;79;2021-03-25;41960;11176;1234557;566051;55.7;25.5
FR;79;2021-03-26;39417;10493;1273974;576544;57.5;26.0
FR;79;2021-03-27;17660;4440;1291634;580984;58.3;26.2
FR;79;2021-03-28;4798;914;1296432;581898;58.5;26.2
FR;79;2021-03-29;22283;15023;1318715;596921;59.5;26.9
FR;79;2021-03-30;28041;18942;1346756;615863;60.7;27.8
FR;79;2021-03-31;24690;19772;1371446;635635;61.9;28.7
FR;79;2021-04-01;27183;23224;1398629;658859;63.1;29.7
FR;79;2021-04-02;23064;24472;1421693;683331;64.1;30.8
FR;79;2021-04-03;10013;17373;1431706;700704;64.6;31.6
FR;79;2021-04-04;2802;5066;1434508;705770;64.7;31.8
FR;79;2021-04-05;4187;2756;1438695;708526;64.9;32.0
FR;79;2021-04-06;18997;28986;1457692;737512;65.7;33.3
FR;79;2021-04-07;21055;29865;1478747;767377;66.7;34.6
FR;79;2021-04-08;24980;29947;1503727;797324;67.8;36.0
FR;79;2021-04-09;26826;28122;1530553;825446;69.0;37.2
FR;79;2021-04-10;13579;18941;1544132;844387;69.6;38.1
FR;79;2021-04-11;3488;6455;1547620;850842;69.8;38.4
FR;79;2021-04-12;16740;28909;1564360;879751;70.6;39.7
FR;79;2021-04-13;19115;35023;1583475;914774;71.4;41.3
FR;79;2021-04-14;18167;33156;1601642;947930;72.2;42.8
FR;79;2021-04-15;19095;33344;1620737;981274;73.1;44.3
FR;79;2021-04-16;16234;31055;1636971;1012329;73.8;45.7
FR;79;2021-04-17;8156;16703;1645127;1029032;74.2;46.4
FR;79;2021-04-18;1767;4834;1646894;1033866;74.3;46.6
FR;79;2021-04-19;9841;29169;1656735;1063035;74.7;47.9
FR;79;2021-04-20;11702;34445;1668437;1097480;75.2;49.5
FR;79;2021-04-21;11289;31212;1679726;1128692;75.8;50.9
FR;79;2021-04-22;12850;31098;1692576;1159790;76.3;52.3
FR;79;2021-04-23;11910;27691;1704486;1187481;76.9;53.6
FR;79;2021-04-24;6156;13720;1710642;1201201;77.1;54.2
FR;79;2021-04-25;1913;3426;1712555;1204627;77.2;54.3
FR;79;2021-04-26;8947;20604;1721502;1225231;77.6;55.3
FR;79;2021-04-27;11073;23672;1732575;1248903;78.1;56.3
FR;79;2021-04-28;11599;20908;1744174;1269811;78.7;57.3
FR;79;2021-04-29;13660;20672;1757834;1290483;79.3;58.2
FR;79;2021-04-30;12826;17610;1770660;1308093;79.9;59.0
FR;79;2021-05-01;3818;3920;1774478;1312013;80.0;59.2
FR;79;2021-05-02;1744;2618;1776222;1314631;80.1;59.3
FR;79;2021-05-03;8604;15108;1784826;1329739;80.5;60.0
FR;79;2021-05-04;8939;20145;1793765;1349884;80.9;60.9
FR;79;2021-05-05;8418;18967;1802183;1368851;81.3;61.7
FR;79;2021-05-06;10257;18768;1812440;1387619;81.7;62.6
FR;79;2021-05-07;8961;19454;1821401;1407073;82.1;63.5
FR;79;2021-05-08;3081;4292;1824482;1411365;82.3;63.7
FR;79;2021-05-09;1385;2989;1825867;1414354;82.3;63.8
FR;79;2021-05-10;6151;17474;1832018;1431828;82.6;64.6
FR;79;2021-05-11;7986;18539;1840004;1450367;83.0;65.4
FR;79;2021-05-12;7251;15775;1847255;1466142;83.3;66.1
FR;79;2021-05-13;3490;3780;1850745;1469922;83.5;66.3
FR;79;2021-05-14;6765;11368;1857510;1481290;83.8;66.8
FR;79;2021-05-15;3296;5090;1860806;1486380;83.9;67.0
FR;79;2021-05-16;1140;1152;1861946;1487532;84.0;67.1
FR;79;2021-05-17;4924;8991;1866870;1496523;84.2;67.5
FR;79;2021-05-18;6093;9130;1872963;1505653;84.5;67.9
FR;79;2021-05-19;5702;7948;1878665;1513601;84.7;68.3
FR;79;2021-05-20;6581;8087;1885246;1521688;85.0;68.6
FR;79;2021-05-21;5601;8732;1890847;1530420;85.3;69.0
FR;79;2021-05-22;2403;3802;1893250;1534222;85.4;69.2
FR;79;2021-05-23;728;787;1893978;1535009;85.4;69.2
FR;79;2021-05-24;1832;1600;1895810;1536609;85.5;69.3
FR;79;2021-05-25;4346;10182;1900156;1546791;85.7;69.8
FR;79;2021-05-26;4286;9496;1904442;1556287;85.9;70.2
FR;79;2021-05-27;5187;10940;1909629;1567227;86.1;70.7
FR;79;2021-05-28;4706;12367;1914335;1579594;86.3;71.2
FR;79;2021-05-29;2040;6659;1916375;1586253;86.4;71.5
FR;79;2021-05-30;434;1252;1916809;1587505;86.4;71.6
FR;79;2021-05-31;3180;9024;1919989;1596529;86.6;72.0
FR;79;2021-06-01;4397;11090;1924386;1607619;86.8;72.5
FR;79;2021-06-02;3824;9702;1928210;1617321;87.0;72.9
FR;79;2021-06-03;4756;11224;1932966;1628545;87.2;73.4
FR;79;2021-06-04;4265;12681;1937231;1641226;87.4;74.0
FR;79;2021-06-05;1918;6450;1939149;1647676;87.5;74.3
FR;79;2021-06-06;431;1438;1939580;1649114;87.5;74.4
FR;79;2021-06-07;2673;10025;1942253;1659139;87.6;74.8
FR;79;2021-06-08;3962;11756;1946215;1670895;87.8;75.4
FR;79;2021-06-09;3116;10047;1949331;1680942;87.9;75.8
FR;79;2021-06-10;3869;11071;1953200;1692013;88.1;76.3
FR;79;2021-06-11;3638;13186;1956838;1705199;88.3;76.9
FR;79;2021-06-12;1649;5615;1958487;1710814;88.3;77.2
FR;79;2021-06-13;311;1316;1958798;1712130;88.3;77.2
FR;79;2021-06-14;2006;11088;1960804;1723218;88.4;77.7
FR;79;2021-06-15;2869;12655;1963673;1735873;88.6;78.3
FR;79;2021-06-16;2443;9939;1966116;1745812;88.7;78.7
FR;79;2021-06-17;2840;11211;1968956;1757023;88.8;79.2
FR;79;2021-06-18;2644;12297;1971600;1769320;88.9;79.8
FR;79;2021-06-19;1148;4455;1972748;1773775;89.0;80.0
FR;79;2021-06-20;204;927;1972952;1774702;89.0;80.0
FR;80;2020-12-27;10;2;10;2;0.0;0.0
FR;80;2020-12-28;41;0;51;2;0.0;0.0
FR;80;2020-12-29;78;0;129;2;0.0;0.0
FR;80;2020-12-30;69;0;198;2;0.0;0.0
FR;80;2020-12-31;50;0;248;2;0.0;0.0
FR;80;2021-01-01;10;0;258;2;0.0;0.0
FR;80;2021-01-02;9;0;267;2;0.0;0.0
FR;80;2021-01-03;2;0;269;2;0.0;0.0
FR;80;2021-01-04;297;1;566;3;0.0;0.0
FR;80;2021-01-05;913;2;1479;5;0.0;0.0
FR;80;2021-01-06;1675;2;3154;7;0.1;0.0
FR;80;2021-01-07;6294;5;9448;12;0.2;0.0
FR;80;2021-01-08;5774;11;15222;23;0.4;0.0
FR;80;2021-01-09;979;0;16201;23;0.4;0.0
FR;80;2021-01-10;310;0;16511;23;0.4;0.0
FR;80;2021-01-11;4469;9;20980;32;0.5;0.0
FR;80;2021-01-12;12752;18;33732;50;0.8;0.0
FR;80;2021-01-13;12499;19;46231;69;1.1;0.0
FR;80;2021-01-14;18282;112;64513;181;1.6;0.0
FR;80;2021-01-15;12186;34;76699;215;1.8;0.0
FR;80;2021-01-16;4048;32;80747;247;1.9;0.0
FR;80;2021-01-17;3746;20;84493;267;2.0;0.0
FR;80;2021-01-18;28779;73;113272;340;2.7;0.0
FR;80;2021-01-19;53823;114;167095;454;4.0;0.0
FR;80;2021-01-20;59571;134;226666;588;5.5;0.0
FR;80;2021-01-21;70041;94;296707;682;7.1;0.0
FR;80;2021-01-22;48441;78;345148;760;8.3;0.0
FR;80;2021-01-23;16246;13;361394;773;8.7;0.0
FR;80;2021-01-24;4314;3;365708;776;8.8;0.0
FR;80;2021-01-25;32473;158;398181;934;9.6;0.0
FR;80;2021-01-26;45157;542;443338;1476;10.7;0.0
FR;80;2021-01-27;50923;899;494261;2375;11.9;0.1
FR;80;2021-01-28;60079;3957;554340;6332;13.3;0.2
FR;80;2021-01-29;39376;3287;593716;9619;14.3;0.2
FR;80;2021-01-30;13240;594;606956;10213;14.6;0.2
FR;80;2021-01-31;2334;288;609290;10501;14.7;0.3
FR;80;2021-02-01;23040;2794;632330;13295;15.2;0.3
FR;80;2021-02-02;33552;7437;665882;20732;16.0;0.5
FR;80;2021-02-03;34447;7882;700329;28614;16.8;0.7
FR;80;2021-02-04;38118;12593;738447;41207;17.8;1.0
FR;80;2021-02-05;29824;9541;768271;50748;18.5;1.2
FR;80;2021-02-06;9711;2127;777982;52875;18.7;1.3
FR;80;2021-02-07;1450;1868;779432;54743;18.7;1.3
FR;80;2021-02-08;19376;11148;798808;65891;19.2;1.6
FR;80;2021-02-09;25924;25615;824732;91506;19.8;2.2
FR;80;2021-02-10;26338;28933;851070;120439;20.5;2.9
FR;80;2021-02-11;30560;38131;881630;158570;21.2;3.8
FR;80;2021-02-12;26761;24686;908391;183256;21.8;4.4
FR;80;2021-02-13;7943;6531;916334;189787;22.0;4.6
FR;80;2021-02-14;1508;3101;917842;192888;22.1;4.6
FR;80;2021-02-15;11142;28315;928984;221203;22.3;5.3
FR;80;2021-02-16;15565;38944;944549;260147;22.7;6.3
FR;80;2021-02-17;15955;44496;960504;304643;23.1;7.3
FR;80;2021-02-18;21576;52527;982080;357170;23.6;8.6
FR;80;2021-02-19;19070;37504;1001150;394674;24.1;9.5
FR;80;2021-02-20;6317;12330;1007467;407004;24.2;9.8
FR;80;2021-02-21;913;2970;1008380;409974;24.3;9.9
FR;80;2021-02-22;11187;30704;1019567;440678;24.5;10.6
FR;80;2021-02-23;17115;37281;1036682;477959;24.9;11.5
FR;80;2021-02-24;18011;37094;1054693;515053;25.4;12.4
FR;80;2021-02-25;22348;40882;1077041;555935;25.9;13.4
FR;80;2021-02-26;20573;30940;1097614;586875;26.4;14.1
FR;80;2021-02-27;7187;10286;1104801;597161;26.6;14.4
FR;80;2021-02-28;1261;2121;1106062;599282;26.6;14.4
FR;80;2021-03-01;18803;23221;1124865;622503;27.1;15.0
FR;80;2021-03-02;26922;29128;1151787;651631;27.7;15.7
FR;80;2021-03-03;28753;29272;1180540;680903;28.4;16.4
FR;80;2021-03-04;34990;29731;1215530;710634;29.2;17.1
FR;80;2021-03-05;35919;27517;1251449;738151;30.1;17.8
FR;80;2021-03-06;41418;8400;1292867;746551;31.1;18.0
FR;80;2021-03-07;29721;2080;1322588;748631;31.8;18.0
FR;80;2021-03-08;27200;22526;1349788;771157;32.5;18.5
FR;80;2021-03-09;40780;24713;1390568;795870;33.4;19.1
FR;80;2021-03-10;43154;25415;1433722;821285;34.5;19.8
FR;80;2021-03-11;51696;26940;1485418;848225;35.7;20.4
FR;80;2021-03-12;52185;23030;1537603;871255;37.0;21.0
FR;80;2021-03-13;37562;7045;1575165;878300;37.9;21.1
FR;80;2021-03-14;13907;1537;1589072;879837;38.2;21.2
FR;80;2021-03-15;44124;13971;1633196;893808;39.3;21.5
FR;80;2021-03-16;51838;17079;1685034;910887;40.5;21.9
FR;80;2021-03-17;54693;16589;1739727;927476;41.8;22.3
FR;80;2021-03-18;58554;18872;1798281;946348;43.3;22.8
FR;80;2021-03-19;57415;15770;1855696;962118;44.6;23.1
FR;80;2021-03-20;31037;5369;1886733;967487;45.4;23.3
FR;80;2021-03-21;8686;1098;1895419;968585;45.6;23.3
FR;80;2021-03-22;42889;14576;1938308;983161;46.6;23.6
FR;80;2021-03-23;55650;18071;1993958;1001232;48.0;24.1
FR;80;2021-03-24;54471;19099;2048429;1020331;49.3;24.5
FR;80;2021-03-25;64035;19642;2112464;1039973;50.8;25.0
FR;80;2021-03-26;60212;18293;2172676;1058266;52.3;25.5
FR;80;2021-03-27;26594;7374;2199270;1065640;52.9;25.6
FR;80;2021-03-28;6925;1455;2206195;1067095;53.1;25.7
FR;80;2021-03-29;32859;23410;2239054;1090505;53.9;26.2
FR;80;2021-03-30;43219;30765;2282273;1121270;54.9;27.0
FR;80;2021-03-31;40509;32106;2322782;1153376;55.9;27.7
FR;80;2021-04-01;46129;37755;2368911;1191131;57.0;28.6
FR;80;2021-04-02;37104;39748;2406015;1230879;57.9;29.6
FR;80;2021-04-03;14501;26098;2420516;1256977;58.2;30.2
FR;80;2021-04-04;3871;7572;2424387;1264549;58.3;30.4
FR;80;2021-04-05;5619;4083;2430006;1268632;58.4;30.5
FR;80;2021-04-06;27645;44966;2457651;1313598;59.1;31.6
FR;80;2021-04-07;33470;48400;2491121;1361998;59.9;32.8
FR;80;2021-04-08;40046;49538;2531167;1411536;60.9;33.9
FR;80;2021-04-09;43479;46346;2574646;1457882;61.9;35.1
FR;80;2021-04-10;19783;28888;2594429;1486770;62.4;35.8
FR;80;2021-04-11;4814;9362;2599243;1496132;62.5;36.0
FR;80;2021-04-12;23504;45158;2622747;1541290;63.1;37.1
FR;80;2021-04-13;30193;54628;2652940;1595918;63.8;38.4
FR;80;2021-04-14;29014;52147;2681954;1648065;64.5;39.6
FR;80;2021-04-15;31401;52652;2713355;1700717;65.3;40.9
FR;80;2021-04-16;26432;48981;2739787;1749698;65.9;42.1
FR;80;2021-04-17;12348;25600;2752135;1775298;66.2;42.7
FR;80;2021-04-18;2529;7622;2754664;1782920;66.3;42.9
FR;80;2021-04-19;14247;43670;2768911;1826590;66.6;43.9
FR;80;2021-04-20;17916;53042;2786827;1879632;67.0;45.2
FR;80;2021-04-21;17946;49771;2804773;1929403;67.5;46.4
FR;80;2021-04-22;20682;51197;2825455;1980600;68.0;47.6
FR;80;2021-04-23;19086;44595;2844541;2025195;68.4;48.7
FR;80;2021-04-24;9408;21197;2853949;2046392;68.6;49.2
FR;80;2021-04-25;2685;5152;2856634;2051544;68.7;49.3
FR;80;2021-04-26;12373;30574;2869007;2082118;69.0;50.1
FR;80;2021-04-27;16773;36406;2885780;2118524;69.4;51.0
FR;80;2021-04-28;17992;34584;2903772;2153108;69.8;51.8
FR;80;2021-04-29;21772;35649;2925544;2188757;70.4;52.6
FR;80;2021-04-30;20389;29574;2945933;2218331;70.9;53.4
FR;80;2021-05-01;5811;5818;2951744;2224149;71.0;53.5
FR;80;2021-05-02;2606;3857;2954350;2228006;71.1;53.6
FR;80;2021-05-03;12500;21381;2966850;2249387;71.4;54.1
FR;80;2021-05-04;13903;29953;2980753;2279340;71.7;54.8
FR;80;2021-05-05;13609;29298;2994362;2308638;72.0;55.5
FR;80;2021-05-06;15960;29511;3010322;2338149;72.4;56.2
FR;80;2021-05-07;14606;29755;3024928;2367904;72.8;57.0
FR;80;2021-05-08;4682;6046;3029610;2373950;72.9;57.1
FR;80;2021-05-09;1924;4142;3031534;2378092;72.9;57.2
FR;80;2021-05-10;9236;24352;3040770;2402444;73.1;57.8
FR;80;2021-05-11;12605;27187;3053375;2429631;73.4;58.4
FR;80;2021-05-12;11537;23564;3064912;2453195;73.7;59.0
FR;80;2021-05-13;4888;5398;3069800;2458593;73.8;59.1
FR;80;2021-05-14;10440;16367;3080240;2474960;74.1;59.5
FR;80;2021-05-15;4844;7337;3085084;2482297;74.2;59.7
FR;80;2021-05-16;1540;1527;3086624;2483824;74.2;59.7
FR;80;2021-05-17;7078;13105;3093702;2496929;74.4;60.1
FR;80;2021-05-18;9590;13471;3103292;2510400;74.6;60.4
FR;80;2021-05-19;8950;12079;3112242;2522479;74.9;60.7
FR;80;2021-05-20;10767;12644;3123009;2535123;75.1;61.0
FR;80;2021-05-21;8835;13052;3131844;2548175;75.3;61.3
FR;80;2021-05-22;3844;5191;3135688;2553366;75.4;61.4
FR;80;2021-05-23;1010;1132;3136698;2554498;75.4;61.4
FR;80;2021-05-24;2575;2223;3139273;2556721;75.5;61.5
FR;80;2021-05-25;6592;14204;3145865;2570925;75.7;61.8
FR;80;2021-05-26;6761;14203;3152626;2585128;75.8;62.2
FR;80;2021-05-27;8647;16800;3161273;2601928;76.0;62.6
FR;80;2021-05-28;8251;18052;3169524;2619980;76.2;63.0
FR;80;2021-05-29;3431;8812;3172955;2628792;76.3;63.2
FR;80;2021-05-30;637;1595;3173592;2630387;76.3;63.3
FR;80;2021-05-31;4969;12690;3178561;2643077;76.4;63.6
FR;80;2021-06-01;7260;16601;3185821;2659678;76.6;64.0
FR;80;2021-06-02;6351;14846;3192172;2674524;76.8;64.3
FR;80;2021-06-03;8407;16930;3200579;2691454;77.0;64.7
FR;80;2021-06-04;7550;18896;3208129;2710350;77.2;65.2
FR;80;2021-06-05;3350;9219;3211479;2719569;77.2;65.4
FR;80;2021-06-06;635;2042;3212114;2721611;77.3;65.5
FR;80;2021-06-07;4255;14084;3216369;2735695;77.4;65.8
FR;80;2021-06-08;6586;17439;3222955;2753134;77.5;66.2
FR;80;2021-06-09;5447;15338;3228402;2768472;77.6;66.6
FR;80;2021-06-10;6932;17001;3235334;2785473;77.8;67.0
FR;80;2021-06-11;6426;19772;3241760;2805245;78.0;67.5
FR;80;2021-06-12;2732;8267;3244492;2813512;78.0;67.7
FR;80;2021-06-13;488;2031;3244980;2815543;78.0;67.7
FR;80;2021-06-14;3151;15299;3248131;2830842;78.1;68.1
FR;80;2021-06-15;4773;18410;3252904;2849252;78.2;68.5
FR;80;2021-06-16;4305;15067;3257209;2864319;78.3;68.9
FR;80;2021-06-17;5174;17172;3262383;2881491;78.5;69.3
FR;80;2021-06-18;4622;17993;3267005;2899484;78.6;69.7
FR;80;2021-06-19;1952;6568;3268957;2906052;78.6;69.9
FR;80;2021-06-20;304;1299;3269261;2907351;78.6;69.9
FR;0;2020-12-27;20;2;20;2;0.0;0.0
FR;0;2020-12-28;71;0;91;2;0.0;0.0
FR;0;2020-12-29;108;0;199;2;0.0;0.0
FR;0;2020-12-30;123;0;322;2;0.0;0.0
FR;0;2020-12-31;88;0;410;2;0.0;0.0
FR;0;2021-01-01;75;1;485;3;0.0;0.0
FR;0;2021-01-02;88;2;573;5;0.0;0.0
FR;0;2021-01-03;92;0;665;5;0.0;0.0
FR;0;2021-01-04;1479;7;2144;12;0.0;0.0
FR;0;2021-01-05;5416;20;7560;32;0.0;0.0
FR;0;2021-01-06;11324;35;18884;67;0.0;0.0
FR;0;2021-01-07;28585;69;47469;136;0.1;0.0
FR;0;2021-01-08;36301;85;83770;221;0.1;0.0
FR;0;2021-01-09;10945;20;94715;241;0.1;0.0
FR;0;2021-01-10;5639;10;100354;251;0.1;0.0
FR;0;2021-01-11;39126;103;139480;354;0.2;0.0
FR;0;2021-01-12;61013;171;200493;525;0.3;0.0
FR;0;2021-01-13;63944;206;264437;731;0.4;0.0
FR;0;2021-01-14;80029;738;344466;1469;0.5;0.0
FR;0;2021-01-15;67599;316;412065;1785;0.6;0.0
FR;0;2021-01-16;19750;137;431815;1922;0.6;0.0
FR;0;2021-01-17;10478;65;442293;1987;0.7;0.0
FR;0;2021-01-18;84503;350;526796;2337;0.8;0.0
FR;0;2021-01-19;128574;396;655370;2733;1.0;0.0
FR;0;2021-01-20;135387;399;790757;3132;1.2;0.0
FR;0;2021-01-21;155590;400;946347;3532;1.4;0.0
FR;0;2021-01-22;118831;410;1065178;3942;1.6;0.0
FR;0;2021-01-23;37865;84;1103043;4026;1.6;0.0
FR;0;2021-01-24;9372;42;1112415;4068;1.7;0.0
FR;0;2021-01-25;76941;1359;1189356;5427;1.8;0.0
FR;0;2021-01-26;98934;3295;1288290;8722;1.9;0.0
FR;0;2021-01-27;105753;5792;1394043;14514;2.1;0.0
FR;0;2021-01-28;122486;14664;1516529;29178;2.3;0.0
FR;0;2021-01-29;90972;17518;1607501;46696;2.4;0.1
FR;0;2021-01-30;28684;4278;1636185;50974;2.4;0.1
FR;0;2021-01-31;4872;1689;1641057;52663;2.4;0.1
FR;0;2021-02-01;51640;21239;1692697;73902;2.5;0.1
FR;0;2021-02-02;70761;34763;1763458;108665;2.6;0.2
FR;0;2021-02-03;71065;37179;1834523;145844;2.7;0.2
FR;0;2021-02-04;80698;50333;1915221;196177;2.9;0.3
FR;0;2021-02-05;67219;45558;1982440;241735;3.0;0.4
FR;0;2021-02-06;21353;10451;2003793;252186;3.0;0.4
FR;0;2021-02-07;4825;5091;2008618;257277;3.0;0.4
FR;0;2021-02-08;45947;46256;2054565;303533;3.1;0.5
FR;0;2021-02-09;64873;72995;2119438;376528;3.2;0.6
FR;0;2021-02-10;69366;77410;2188804;453938;3.3;0.7
FR;0;2021-02-11;85731;100211;2274535;554149;3.4;0.8
FR;0;2021-02-12;77847;75250;2352382;629399;3.5;0.9
FR;0;2021-02-13;21720;19667;2374102;649066;3.5;1.0
FR;0;2021-02-14;4596;7243;2378698;656309;3.5;1.0
FR;0;2021-02-15;37097;77095;2415795;733404;3.6;1.1
FR;0;2021-02-16;49242;101520;2465037;834924;3.7;1.2
FR;0;2021-02-17;49347;103754;2514384;938678;3.7;1.4
FR;0;2021-02-18;68108;119778;2582492;1058456;3.8;1.6
FR;0;2021-02-19;63877;91838;2646369;1150294;3.9;1.7
FR;0;2021-02-20;18016;28630;2664385;1178924;4.0;1.8
FR;0;2021-02-21;2860;6415;2667245;1185339;4.0;1.8
FR;0;2021-02-22;36579;73779;2703824;1259118;4.0;1.9
FR;0;2021-02-23;52705;84886;2756529;1344004;4.1;2.0
FR;0;2021-02-24;58174;81942;2814703;1425946;4.2;2.1
FR;0;2021-02-25;98837;93172;2913540;1519118;4.3;2.3
FR;0;2021-02-26;111864;72740;3025404;1591858;4.5;2.4
FR;0;2021-02-27;51250;22597;3076654;1614455;4.6;2.4
FR;0;2021-02-28;5680;4505;3082334;1618960;4.6;2.4
FR;0;2021-03-01;63714;53728;3146048;1672688;4.7;2.5
FR;0;2021-03-02;99465;67753;3245513;1740441;4.8;2.6
FR;0;2021-03-03;113883;67423;3359396;1807864;5.0;2.7
FR;0;2021-03-04;160738;71745;3520134;1879609;5.2;2.8
FR;0;2021-03-05;198276;66831;3718410;1946440;5.5;2.9
FR;0;2021-03-06;205501;20299;3923911;1966739;5.8;2.9
FR;0;2021-03-07;119956;6918;4043867;1973657;6.0;2.9
FR;0;2021-03-08;105061;52488;4148928;2026145;6.2;3.0
FR;0;2021-03-09;170013;59445;4318941;2085590;6.4;3.1
FR;0;2021-03-10;176038;59863;4494979;2145453;6.7;3.2
FR;0;2021-03-11;239884;67115;4734863;2212568;7.1;3.3
FR;0;2021-03-12;291530;58163;5026393;2270731;7.5;3.4
FR;0;2021-03-13;228970;18037;5255363;2288768;7.8;3.4
FR;0;2021-03-14;62309;4326;5317672;2293094;7.9;3.4
FR;0;2021-03-15;156220;35225;5473892;2328319;8.2;3.5
FR;0;2021-03-16;139506;41814;5613398;2370133;8.4;3.5
FR;0;2021-03-17;148285;41400;5761683;2411533;8.6;3.6
FR;0;2021-03-18;165392;48128;5927075;2459661;8.8;3.7
FR;0;2021-03-19;227192;42014;6154267;2501675;9.2;3.7
FR;0;2021-03-20;164917;14530;6319184;2516205;9.4;3.7
FR;0;2021-03-21;48772;3641;6367956;2519846;9.5;3.8
FR;0;2021-03-22;167432;37789;6535388;2557635;9.7;3.8
FR;0;2021-03-23;247269;47404;6782657;2605039;10.1;3.9
FR;0;2021-03-24;253823;49019;7036480;2654058;10.5;4.0
FR;0;2021-03-25;338441;51794;7374921;2705852;11.0;4.0
FR;0;2021-03-26;355607;49594;7730528;2755446;11.5;4.1
FR;0;2021-03-27;193418;20804;7923946;2776250;11.8;4.1
FR;0;2021-03-28;58392;5009;7982338;2781259;11.9;4.1
FR;0;2021-03-29;200667;58800;8183005;2840059;12.2;4.2
FR;0;2021-03-30;282332;76666;8465337;2916725;12.6;4.3
FR;0;2021-03-31;259910;79904;8725247;2996629;13.0;4.5
FR;0;2021-04-01;310589;97086;9035836;3093715;13.5;4.6
FR;0;2021-04-02;278158;100122;9313994;3193837;13.9;4.8
FR;0;2021-04-03;139299;65486;9453293;3259323;14.1;4.9
FR;0;2021-04-04;44909;20091;9498202;3279414;14.2;4.9
FR;0;2021-04-05;58809;12911;9557011;3292325;14.2;4.9
FR;0;2021-04-06;213690;114076;9770701;3406401;14.6;5.1
FR;0;2021-04-07;256545;123540;10027246;3529941;14.9;5.3
FR;0;2021-04-08;333186;132737;10360432;3662678;15.4;5.5
FR;0;2021-04-09;405513;128757;10765945;3791435;16.0;5.6
FR;0;2021-04-10;210251;88819;10976196;3880254;16.4;5.8
FR;0;2021-04-11;54916;36514;11031112;3916768;16.4;5.8
FR;0;2021-04-12;234034;122233;11265146;4039001;16.8;6.0
FR;0;2021-04-13;305552;154473;11570698;4193474;17.2;6.2
FR;0;2021-04-14;289941;149289;11860639;4342763;17.7;6.5
FR;0;2021-04-15;332114;159454;12192753;4502217;18.2;6.7
FR;0;2021-04-16;335565;156683;12528318;4658900;18.7;6.9
FR;0;2021-04-17;186442;96115;12714760;4755015;18.9;7.1
FR;0;2021-04-18;50457;37362;12765217;4792377;19.0;7.1
FR;0;2021-04-19;202896;145589;12968113;4937966;19.3;7.4
FR;0;2021-04-20;250996;179952;13219109;5117918;19.7;7.6
FR;0;2021-04-21;249514;178262;13468623;5296180;20.1;7.9
FR;0;2021-04-22;283583;199565;13752206;5495745;20.5;8.2
FR;0;2021-04-23;291224;195779;14043430;5691524;20.9;8.5
FR;0;2021-04-24;188207;120182;14231637;5811706;21.2;8.7
FR;0;2021-04-25;68404;41969;14300041;5853675;21.3;8.7
FR;0;2021-04-26;218103;167435;14518144;6021110;21.6;9.0
FR;0;2021-04-27;281200;208146;14799344;6229256;22.1;9.3
FR;0;2021-04-28;296247;205408;15095591;6434664;22.5;9.6
FR;0;2021-04-29;353242;227630;15448833;6662294;23.0;9.9
FR;0;2021-04-30;368339;220803;15817172;6883097;23.6;10.3
FR;0;2021-05-01;164083;62170;15981255;6945267;23.8;10.3
FR;0;2021-05-02;90203;42742;16071458;6988009;23.9;10.4
FR;0;2021-05-03;284312;188044;16355770;7176053;24.4;10.7
FR;0;2021-05-04;311291;247961;16667061;7424014;24.8;11.1
FR;0;2021-05-05;321171;247243;16988232;7671257;25.3;11.4
FR;0;2021-05-06;373959;270410;17362191;7941667;25.9;11.8
FR;0;2021-05-07;367914;295887;17730105;8237554;26.4;12.3
FR;0;2021-05-08;218207;80293;17948312;8317847;26.7;12.4
FR;0;2021-05-09;128305;54643;18076617;8372490;26.9;12.5
FR;0;2021-05-10;306131;252608;18382748;8625098;27.4;12.9
FR;0;2021-05-11;397540;293893;18780288;8918991;28.0;13.3
FR;0;2021-05-12;424434;266427;19204722;9185418;28.6;13.7
FR;0;2021-05-13;331929;76500;19536651;9261918;29.1;13.8
FR;0;2021-05-14;446441;200408;19983092;9462326;29.8;14.1
FR;0;2021-05-15;367836;118279;20350928;9580605;30.3;14.3
FR;0;2021-05-16;199656;33228;20550584;9613833;30.6;14.3
FR;0;2021-05-17;369776;176893;20920360;9790726;31.2;14.6
FR;0;2021-05-18;449016;189286;21369376;9980012;31.8;14.9
FR;0;2021-05-19;459103;179673;21828479;10159685;32.5;15.1
FR;0;2021-05-20;497483;201178;22325962;10360863;33.3;15.4
FR;0;2021-05-21;480520;218245;22806482;10579108;34.0;15.8
FR;0;2021-05-22;342065;106597;23148547;10685705;34.5;15.9
FR;0;2021-05-23;159061;26025;23307608;10711730;34.7;16.0
FR;0;2021-05-24;257416;51861;23565024;10763591;35.1;16.0
FR;0;2021-05-25;391710;223652;23956734;10987243;35.7;16.4
FR;0;2021-05-26;401733;223517;24358467;11210760;36.3;16.7
FR;0;2021-05-27;441594;263478;24800061;11474238;37.0;17.1
FR;0;2021-05-28;421852;315336;25221913;11789574;37.6;17.6
FR;0;2021-05-29;294578;180797;25516491;11970371;38.0;17.8
FR;0;2021-05-30;104800;41584;25621291;12011955;38.2;17.9
FR;0;2021-05-31;351744;240001;25973035;12251956;38.7;18.3
FR;0;2021-06-01;413181;300584;26386216;12552540;39.3;18.7
FR;0;2021-06-02;400794;275385;26787010;12827925;39.9;19.1
FR;0;2021-06-03;450916;310899;27237926;13138824;40.6;19.6
FR;0;2021-06-04;441817;359664;27679743;13498488;41.2;20.1
FR;0;2021-06-05;298199;220758;27977942;13719246;41.7;20.4
FR;0;2021-06-06;129090;60517;28107032;13779763;41.9;20.5
FR;0;2021-06-07;328190;297638;28435222;14077401;42.4;21.0
FR;0;2021-06-08;386815;336384;28822037;14413785;42.9;21.5
FR;0;2021-06-09;368767;317416;29190804;14731201;43.5;21.9
FR;0;2021-06-10;385614;335462;29576418;15066663;44.1;22.4
FR;0;2021-06-11;374682;405520;29951100;15472183;44.6;23.1
FR;0;2021-06-12;275839;241825;30226939;15714008;45.0;23.4
FR;0;2021-06-13;101525;84374;30328464;15798382;45.2;23.5
FR;0;2021-06-14;229755;383656;30558219;16182038;45.5;24.1
FR;0;2021-06-15;294212;422659;30852431;16604697;46.0;24.7
FR;0;2021-06-16;302626;393164;31155057;16997861;46.4;25.3
FR;0;2021-06-17;306327;410658;31461384;17408519;46.9;25.9
FR;0;2021-06-18;307153;483222;31768537;17891741;47.3;26.7
FR;0;2021-06-19;217265;299105;31985802;18190846;47.7;27.1
FR;0;2021-06-20;70195;110918;32055997;18301764;47.8;27.3
