reg;jour;n_dose1;n_complet;n_cum_dose1;n_cum_complet;couv_dose1;couv_complet
01;2020-12-27;0;0;0;0;0.0;0.0
01;2020-12-28;0;0;0;0;0.0;0.0
01;2020-12-29;0;0;0;0;0.0;0.0
01;2020-12-30;0;0;0;0;0.0;0.0
01;2020-12-31;0;0;0;0;0.0;0.0
01;2021-01-01;1;0;1;0;0.0;0.0
01;2021-01-02;0;0;1;0;0.0;0.0
01;2021-01-03;0;0;1;0;0.0;0.0
01;2021-01-04;1;0;2;0;0.0;0.0
01;2021-01-05;0;0;2;0;0.0;0.0
01;2021-01-06;0;0;2;0;0.0;0.0
01;2021-01-07;0;0;2;0;0.0;0.0
01;2021-01-08;33;0;35;0;0.0;0.0
01;2021-01-09;14;0;49;0;0.0;0.0
01;2021-01-10;0;0;49;0;0.0;0.0
01;2021-01-11;48;0;97;0;0.0;0.0
01;2021-01-12;33;0;130;0;0.0;0.0
01;2021-01-13;45;0;175;0;0.0;0.0
01;2021-01-14;60;0;235;0;0.1;0.0
01;2021-01-15;76;0;311;0;0.1;0.0
01;2021-01-16;0;0;311;0;0.1;0.0
01;2021-01-17;0;0;311;0;0.1;0.0
01;2021-01-18;76;0;387;0;0.1;0.0
01;2021-01-19;137;0;524;0;0.1;0.0
01;2021-01-20;130;0;654;0;0.2;0.0
01;2021-01-21;146;1;800;1;0.2;0.0
01;2021-01-22;126;0;926;1;0.2;0.0
01;2021-01-23;1;0;927;1;0.2;0.0
01;2021-01-24;0;0;927;1;0.2;0.0
01;2021-01-25;200;0;1127;1;0.3;0.0
01;2021-01-26;197;1;1324;2;0.4;0.0
01;2021-01-27;229;0;1553;2;0.4;0.0
01;2021-01-28;219;3;1772;5;0.5;0.0
01;2021-01-29;194;1;1966;6;0.5;0.0
01;2021-01-30;10;0;1976;6;0.5;0.0
01;2021-01-31;1;0;1977;6;0.5;0.0
01;2021-02-01;217;4;2194;10;0.6;0.0
01;2021-02-02;239;25;2433;35;0.6;0.0
01;2021-02-03;191;2;2624;37;0.7;0.0
01;2021-02-04;298;20;2922;57;0.8;0.0
01;2021-02-05;213;32;3135;89;0.8;0.0
01;2021-02-06;45;1;3180;90;0.8;0.0
01;2021-02-07;0;0;3180;90;0.8;0.0
01;2021-02-08;179;23;3359;113;0.9;0.0
01;2021-02-09;310;28;3669;141;1.0;0.0
01;2021-02-10;186;29;3855;170;1.0;0.0
01;2021-02-11;289;109;4144;279;1.1;0.1
01;2021-02-12;280;24;4424;303;1.2;0.1
01;2021-02-13;48;7;4472;310;1.2;0.1
01;2021-02-14;18;36;4490;346;1.2;0.1
01;2021-02-15;58;45;4548;391;1.2;0.1
01;2021-02-16;15;1;4563;392;1.2;0.1
01;2021-02-17;16;1;4579;393;1.2;0.1
01;2021-02-18;195;17;4774;410;1.3;0.1
01;2021-02-19;216;20;4990;430;1.3;0.1
01;2021-02-20;46;0;5036;430;1.3;0.1
01;2021-02-21;1;0;5037;430;1.3;0.1
01;2021-02-22;137;61;5174;491;1.4;0.1
01;2021-02-23;181;73;5355;564;1.4;0.1
01;2021-02-24;296;124;5651;688;1.5;0.2
01;2021-02-25;356;79;6007;767;1.6;0.2
01;2021-02-26;156;83;6163;850;1.6;0.2
01;2021-02-27;63;0;6226;850;1.7;0.2
01;2021-02-28;1;0;6227;850;1.7;0.2
01;2021-03-01;122;81;6349;931;1.7;0.2
01;2021-03-02;236;131;6585;1062;1.7;0.3
01;2021-03-03;193;117;6778;1179;1.8;0.3
01;2021-03-04;292;82;7070;1261;1.9;0.3
01;2021-03-05;305;142;7375;1403;2.0;0.4
01;2021-03-06;573;2;7948;1405;2.1;0.4
01;2021-03-07;1;0;7949;1405;2.1;0.4
01;2021-03-08;258;137;8207;1542;2.2;0.4
01;2021-03-09;279;150;8486;1692;2.3;0.4
01;2021-03-10;306;158;8792;1850;2.3;0.5
01;2021-03-11;121;44;8913;1894;2.4;0.5
01;2021-03-12;261;212;9174;2106;2.4;0.6
01;2021-03-13;60;2;9234;2108;2.5;0.6
01;2021-03-14;13;23;9247;2131;2.5;0.6
01;2021-03-15;248;42;9495;2173;2.5;0.6
01;2021-03-16;323;78;9818;2251;2.6;0.6
01;2021-03-17;323;83;10141;2334;2.7;0.6
01;2021-03-18;395;106;10536;2440;2.8;0.6
01;2021-03-19;381;98;10917;2538;2.9;0.7
01;2021-03-20;86;44;11003;2582;2.9;0.7
01;2021-03-21;8;0;11011;2582;2.9;0.7
01;2021-03-22;324;86;11335;2668;3.0;0.7
01;2021-03-23;455;156;11790;2824;3.1;0.7
01;2021-03-24;444;105;12234;2929;3.2;0.8
01;2021-03-25;681;177;12915;3106;3.4;0.8
01;2021-03-26;619;120;13534;3226;3.6;0.9
01;2021-03-27;253;46;13787;3272;3.7;0.9
01;2021-03-28;4;0;13791;3272;3.7;0.9
01;2021-03-29;359;80;14150;3352;3.8;0.9
01;2021-03-30;598;161;14748;3513;3.9;0.9
01;2021-03-31;506;124;15254;3637;4.0;1.0
01;2021-04-01;601;200;15855;3837;4.2;1.0
01;2021-04-02;41;34;15896;3871;4.2;1.0
01;2021-04-03;40;2;15936;3873;4.2;1.0
01;2021-04-04;4;18;15940;3891;4.2;1.0
01;2021-04-05;3;0;15943;3891;4.2;1.0
01;2021-04-06;406;186;16349;4077;4.3;1.1
01;2021-04-07;557;114;16906;4191;4.5;1.1
01;2021-04-08;464;159;17370;4350;4.6;1.2
01;2021-04-09;451;209;17821;4559;4.7;1.2
01;2021-04-10;95;4;17916;4563;4.8;1.2
01;2021-04-11;2;25;17918;4588;4.8;1.2
01;2021-04-12;262;256;18180;4844;4.8;1.3
01;2021-04-13;514;318;18694;5162;5.0;1.4
01;2021-04-14;395;219;19089;5381;5.1;1.4
01;2021-04-15;529;315;19618;5696;5.2;1.5
01;2021-04-16;538;265;20156;5961;5.3;1.6
01;2021-04-17;164;2;20320;5963;5.4;1.6
01;2021-04-18;4;14;20324;5977;5.4;1.6
01;2021-04-19;369;236;20693;6213;5.5;1.6
01;2021-04-20;700;342;21393;6555;5.7;1.7
01;2021-04-21;604;309;21997;6864;5.8;1.8
01;2021-04-22;782;328;22779;7192;6.0;1.9
01;2021-04-23;836;245;23615;7437;6.3;2.0
01;2021-04-24;317;71;23932;7508;6.4;2.0
01;2021-04-25;596;64;24528;7572;6.5;2.0
01;2021-04-26;914;208;25442;7780;6.8;2.1
01;2021-04-27;657;224;26099;8004;6.9;2.1
01;2021-04-28;845;259;26944;8263;7.1;2.2
01;2021-04-29;1217;182;28161;8445;7.5;2.2
01;2021-04-30;1270;162;29431;8607;7.8;2.3
01;2021-05-01;558;37;29989;8644;8.0;2.3
01;2021-05-02;328;15;30317;8659;8.0;2.3
01;2021-05-03;906;165;31223;8824;8.3;2.3
01;2021-05-04;921;193;32144;9017;8.5;2.4
01;2021-05-05;939;239;33083;9256;8.8;2.5
01;2021-05-06;1096;161;34179;9417;9.1;2.5
01;2021-05-07;1160;252;35339;9669;9.4;2.6
01;2021-05-08;308;29;35647;9698;9.5;2.6
01;2021-05-09;177;9;35824;9707;9.5;2.6
01;2021-05-10;825;205;36649;9912;9.7;2.6
01;2021-05-11;988;305;37637;10217;10.0;2.7
01;2021-05-12;881;319;38518;10536;10.2;2.8
01;2021-05-13;206;78;38724;10614;10.3;2.8
01;2021-05-14;797;268;39521;10882;10.5;2.9
01;2021-05-15;431;13;39952;10895;10.6;2.9
01;2021-05-16;180;34;40132;10929;10.6;2.9
01;2021-05-17;619;267;40751;11196;10.8;3.0
01;2021-05-18;645;388;41396;11584;11.0;3.1
01;2021-05-19;665;518;42061;12102;11.2;3.2
01;2021-05-20;736;364;42797;12466;11.4;3.3
01;2021-05-21;755;396;43552;12862;11.6;3.4
01;2021-05-22;471;217;44023;13079;11.7;3.5
01;2021-05-23;195;115;44218;13194;11.7;3.5
01;2021-05-24;193;176;44411;13370;11.8;3.5
01;2021-05-25;475;662;44886;14032;11.9;3.7
01;2021-05-26;541;491;45427;14523;12.1;3.9
01;2021-05-27;127;185;45554;14708;12.1;3.9
01;2021-05-28;470;520;46024;15228;12.2;4.0
01;2021-05-29;219;136;46243;15364;12.3;4.1
01;2021-05-30;71;111;46314;15475;12.3;4.1
01;2021-05-31;409;536;46723;16011;12.4;4.2
01;2021-06-01;475;713;47198;16724;12.5;4.4
01;2021-06-02;474;708;47672;17432;12.6;4.6
01;2021-06-03;406;561;48078;17993;12.8;4.8
01;2021-06-04;592;795;48670;18788;12.9;5.0
01;2021-06-05;260;640;48930;19428;13.0;5.2
01;2021-06-06;121;530;49051;19958;13.0;5.3
01;2021-06-07;376;782;49427;20740;13.1;5.5
01;2021-06-08;1052;623;50479;21363;13.4;5.7
01;2021-06-09;489;795;50968;22158;13.5;5.9
01;2021-06-10;454;823;51422;22981;13.6;6.1
01;2021-06-11;383;1226;51805;24207;13.7;6.4
02;2020-12-27;0;0;0;0;0.0;0.0
02;2020-12-28;0;0;0;0;0.0;0.0
02;2020-12-29;0;0;0;0;0.0;0.0
02;2020-12-30;0;0;0;0;0.0;0.0
02;2020-12-31;0;0;0;0;0.0;0.0
02;2021-01-01;0;0;0;0;0.0;0.0
02;2021-01-02;0;0;0;0;0.0;0.0
02;2021-01-03;0;0;0;0;0.0;0.0
02;2021-01-04;0;0;0;0;0.0;0.0
02;2021-01-05;0;0;0;0;0.0;0.0
02;2021-01-06;5;0;5;0;0.0;0.0
02;2021-01-07;31;0;36;0;0.0;0.0
02;2021-01-08;80;1;116;1;0.0;0.0
02;2021-01-09;20;0;136;1;0.0;0.0
02;2021-01-10;0;0;136;1;0.0;0.0
02;2021-01-11;122;0;258;1;0.1;0.0
02;2021-01-12;78;0;336;1;0.1;0.0
02;2021-01-13;64;0;400;1;0.1;0.0
02;2021-01-14;87;0;487;1;0.1;0.0
02;2021-01-15;136;0;623;1;0.2;0.0
02;2021-01-16;52;0;675;1;0.2;0.0
02;2021-01-17;0;0;675;1;0.2;0.0
02;2021-01-18;157;0;832;1;0.2;0.0
02;2021-01-19;167;0;999;1;0.3;0.0
02;2021-01-20;164;0;1163;1;0.3;0.0
02;2021-01-21;182;1;1345;2;0.4;0.0
02;2021-01-22;156;0;1501;2;0.4;0.0
02;2021-01-23;58;0;1559;2;0.4;0.0
02;2021-01-24;0;0;1559;2;0.4;0.0
02;2021-01-25;159;0;1718;2;0.5;0.0
02;2021-01-26;137;0;1855;2;0.5;0.0
02;2021-01-27;161;5;2016;7;0.6;0.0
02;2021-01-28;143;12;2159;19;0.6;0.0
02;2021-01-29;142;41;2301;60;0.6;0.0
02;2021-01-30;96;16;2397;76;0.7;0.0
02;2021-01-31;0;0;2397;76;0.7;0.0
02;2021-02-01;120;74;2517;150;0.7;0.0
02;2021-02-02;184;95;2701;245;0.8;0.1
02;2021-02-03;130;80;2831;325;0.8;0.1
02;2021-02-04;159;73;2990;398;0.8;0.1
02;2021-02-05;120;97;3110;495;0.9;0.1
02;2021-02-06;62;26;3172;521;0.9;0.1
02;2021-02-07;1;0;3173;521;0.9;0.1
02;2021-02-08;136;78;3309;599;0.9;0.2
02;2021-02-09;175;78;3484;677;1.0;0.2
02;2021-02-10;138;90;3622;767;1.0;0.2
02;2021-02-11;149;103;3771;870;1.1;0.2
02;2021-02-12;124;128;3895;998;1.1;0.3
02;2021-02-13;38;37;3933;1035;1.1;0.3
02;2021-02-14;0;0;3933;1035;1.1;0.3
02;2021-02-15;52;67;3985;1102;1.1;0.3
02;2021-02-16;0;1;3985;1103;1.1;0.3
02;2021-02-17;1;3;3986;1106;1.1;0.3
02;2021-02-18;68;128;4054;1234;1.1;0.3
02;2021-02-19;69;131;4123;1365;1.1;0.4
02;2021-02-20;48;69;4171;1434;1.2;0.4
02;2021-02-21;0;0;4171;1434;1.2;0.4
02;2021-02-22;100;60;4271;1494;1.2;0.4
02;2021-02-23;113;238;4384;1732;1.2;0.5
02;2021-02-24;106;223;4490;1955;1.3;0.5
02;2021-02-25;89;151;4579;2106;1.3;0.6
02;2021-02-26;126;169;4705;2275;1.3;0.6
02;2021-02-27;69;52;4774;2327;1.3;0.6
02;2021-02-28;0;0;4774;2327;1.3;0.6
02;2021-03-01;138;144;4912;2471;1.4;0.7
02;2021-03-02;158;78;5070;2549;1.4;0.7
02;2021-03-03;178;145;5248;2694;1.5;0.8
02;2021-03-04;146;134;5394;2828;1.5;0.8
02;2021-03-05;239;127;5633;2955;1.6;0.8
02;2021-03-06;119;59;5752;3014;1.6;0.8
02;2021-03-07;101;1;5853;3015;1.6;0.8
02;2021-03-08;196;132;6049;3147;1.7;0.9
02;2021-03-09;270;102;6319;3249;1.8;0.9
02;2021-03-10;329;134;6648;3383;1.9;0.9
02;2021-03-11;337;83;6985;3466;1.9;1.0
02;2021-03-12;399;53;7384;3519;2.1;1.0
02;2021-03-13;155;21;7539;3540;2.1;1.0
02;2021-03-14;4;1;7543;3541;2.1;1.0
02;2021-03-15;276;92;7819;3633;2.2;1.0
02;2021-03-16;305;55;8124;3688;2.3;1.0
02;2021-03-17;387;49;8511;3737;2.4;1.0
02;2021-03-18;435;44;8946;3781;2.5;1.1
02;2021-03-19;397;61;9343;3842;2.6;1.1
02;2021-03-20;149;47;9492;3889;2.6;1.1
02;2021-03-21;25;1;9517;3890;2.7;1.1
02;2021-03-22;362;116;9879;4006;2.8;1.1
02;2021-03-23;401;123;10280;4129;2.9;1.2
02;2021-03-24;427;104;10707;4233;3.0;1.2
02;2021-03-25;472;99;11179;4332;3.1;1.2
02;2021-03-26;632;100;11811;4432;3.3;1.2
02;2021-03-27;152;71;11963;4503;3.3;1.3
02;2021-03-28;81;2;12044;4505;3.4;1.3
02;2021-03-29;420;165;12464;4670;3.5;1.3
02;2021-03-30;471;244;12935;4914;3.6;1.4
02;2021-03-31;1145;186;14080;5100;3.9;1.4
02;2021-04-01;964;167;15044;5267;4.2;1.5
02;2021-04-02;894;7;15938;5274;4.4;1.5
02;2021-04-03;789;48;16727;5322;4.7;1.5
02;2021-04-04;750;10;17477;5332;4.9;1.5
02;2021-04-05;828;39;18305;5371;5.1;1.5
02;2021-04-06;884;132;19189;5503;5.3;1.5
02;2021-04-07;1433;323;20622;5826;5.7;1.6
02;2021-04-08;1306;267;21928;6093;6.1;1.7
02;2021-04-09;1238;317;23166;6410;6.5;1.8
02;2021-04-10;837;161;24003;6571;6.7;1.8
02;2021-04-11;621;12;24624;6583;6.9;1.8
02;2021-04-12;866;313;25490;6896;7.1;1.9
02;2021-04-13;865;325;26355;7221;7.3;2.0
02;2021-04-14;958;323;27313;7544;7.6;2.1
02;2021-04-15;959;291;28272;7835;7.9;2.2
02;2021-04-16;992;298;29264;8133;8.2;2.3
02;2021-04-17;525;161;29789;8294;8.3;2.3
02;2021-04-18;339;56;30128;8350;8.4;2.3
02;2021-04-19;668;347;30796;8697;8.6;2.4
02;2021-04-20;870;309;31666;9006;8.8;2.5
02;2021-04-21;997;358;32663;9364;9.1;2.6
02;2021-04-22;604;313;33267;9677;9.3;2.7
02;2021-04-23;606;464;33873;10141;9.4;2.8
02;2021-04-24;360;197;34233;10338;9.5;2.9
02;2021-04-25;169;200;34402;10538;9.6;2.9
02;2021-04-26;514;543;34916;11081;9.7;3.1
02;2021-04-27;558;609;35474;11690;9.9;3.3
02;2021-04-28;478;692;35952;12382;10.0;3.5
02;2021-04-29;678;642;36630;13024;10.2;3.6
02;2021-04-30;784;688;37414;13712;10.4;3.8
02;2021-05-01;244;245;37658;13957;10.5;3.9
02;2021-05-02;227;513;37885;14470;10.6;4.0
02;2021-05-03;571;771;38456;15241;10.7;4.2
02;2021-05-04;525;677;38981;15918;10.9;4.4
02;2021-05-05;559;898;39540;16816;11.0;4.7
02;2021-05-06;566;780;40106;17596;11.2;4.9
02;2021-05-07;660;1017;40766;18613;11.4;5.2
02;2021-05-08;231;526;40997;19139;11.4;5.3
02;2021-05-09;185;506;41182;19645;11.5;5.5
02;2021-05-10;542;861;41724;20506;11.6;5.7
02;2021-05-11;492;874;42216;21380;11.8;6.0
02;2021-05-12;592;913;42808;22293;11.9;6.2
02;2021-05-13;268;533;43076;22826;12.0;6.4
02;2021-05-14;392;753;43468;23579;12.1;6.6
02;2021-05-15;236;579;43704;24158;12.2;6.7
02;2021-05-16;155;442;43859;24600;12.2;6.9
02;2021-05-17;463;755;44322;25355;12.4;7.1
02;2021-05-18;439;675;44761;26030;12.5;7.3
02;2021-05-19;435;740;45196;26770;12.6;7.5
02;2021-05-20;588;501;45784;27271;12.8;7.6
02;2021-05-21;541;704;46325;27975;12.9;7.8
02;2021-05-22;182;365;46507;28340;13.0;7.9
02;2021-05-23;109;181;46616;28521;13.0;8.0
02;2021-05-24;131;242;46747;28763;13.0;8.0
02;2021-05-25;344;705;47091;29468;13.1;8.2
02;2021-05-26;371;713;47462;30181;13.2;8.4
02;2021-05-27;260;648;47722;30829;13.3;8.6
02;2021-05-28;264;819;47986;31648;13.4;8.8
02;2021-05-29;149;512;48135;32160;13.4;9.0
02;2021-05-30;15;33;48150;32193;13.4;9.0
02;2021-05-31;342;686;48492;32879;13.5;9.2
02;2021-06-01;289;548;48781;33427;13.6;9.3
02;2021-06-02;306;573;49087;34000;13.7;9.5
02;2021-06-03;246;432;49333;34432;13.8;9.6
02;2021-06-04;348;651;49681;35083;13.8;9.8
02;2021-06-05;232;360;49913;35443;13.9;9.9
02;2021-06-06;21;31;49934;35474;13.9;9.9
02;2021-06-07;257;741;50191;36215;14.0;10.1
02;2021-06-08;277;587;50468;36802;14.1;10.3
02;2021-06-09;665;485;51133;37287;14.3;10.4
02;2021-06-10;440;311;51573;37598;14.4;10.5
02;2021-06-11;317;542;51890;38140;14.5;10.6
03;2020-12-27;0;0;0;0;0.0;0.0
03;2020-12-28;0;0;0;0;0.0;0.0
03;2020-12-29;0;0;0;0;0.0;0.0
03;2020-12-30;0;0;0;0;0.0;0.0
03;2020-12-31;0;0;0;0;0.0;0.0
03;2021-01-01;0;0;0;0;0.0;0.0
03;2021-01-02;0;0;0;0;0.0;0.0
03;2021-01-03;0;0;0;0;0.0;0.0
03;2021-01-04;0;0;0;0;0.0;0.0
03;2021-01-05;0;0;0;0;0.0;0.0
03;2021-01-06;0;0;0;0;0.0;0.0
03;2021-01-07;0;0;0;0;0.0;0.0
03;2021-01-08;0;0;0;0;0.0;0.0
03;2021-01-09;0;0;0;0;0.0;0.0
03;2021-01-10;0;0;0;0;0.0;0.0
03;2021-01-11;0;0;0;0;0.0;0.0
03;2021-01-12;0;0;0;0;0.0;0.0
03;2021-01-13;30;0;30;0;0.0;0.0
03;2021-01-14;46;0;76;0;0.0;0.0
03;2021-01-15;34;0;110;0;0.0;0.0
03;2021-01-16;18;0;128;0;0.0;0.0
03;2021-01-17;0;0;128;0;0.0;0.0
03;2021-01-18;62;0;190;0;0.1;0.0
03;2021-01-19;149;1;339;1;0.1;0.0
03;2021-01-20;132;0;471;1;0.2;0.0
03;2021-01-21;118;0;589;1;0.2;0.0
03;2021-01-22;76;0;665;1;0.2;0.0
03;2021-01-23;0;0;665;1;0.2;0.0
03;2021-01-24;0;0;665;1;0.2;0.0
03;2021-01-25;56;0;721;1;0.2;0.0
03;2021-01-26;100;0;821;1;0.3;0.0
03;2021-01-27;109;0;930;1;0.3;0.0
03;2021-01-28;96;2;1026;3;0.4;0.0
03;2021-01-29;104;3;1130;6;0.4;0.0
03;2021-01-30;0;0;1130;6;0.4;0.0
03;2021-01-31;0;0;1130;6;0.4;0.0
03;2021-02-01;54;0;1184;6;0.4;0.0
03;2021-02-02;122;4;1306;10;0.4;0.0
03;2021-02-03;116;7;1422;17;0.5;0.0
03;2021-02-04;79;26;1501;43;0.5;0.0
03;2021-02-05;65;8;1566;51;0.5;0.0
03;2021-02-06;0;0;1566;51;0.5;0.0
03;2021-02-07;0;0;1566;51;0.5;0.0
03;2021-02-08;51;13;1617;64;0.6;0.0
03;2021-02-09;92;39;1709;103;0.6;0.0
03;2021-02-10;101;42;1810;145;0.6;0.0
03;2021-02-11;102;93;1912;238;0.7;0.1
03;2021-02-12;86;65;1998;303;0.7;0.1
03;2021-02-13;0;0;1998;303;0.7;0.1
03;2021-02-14;0;0;1998;303;0.7;0.1
03;2021-02-15;27;65;2025;368;0.7;0.1
03;2021-02-16;123;52;2148;420;0.7;0.1
03;2021-02-17;145;117;2293;537;0.8;0.2
03;2021-02-18;102;143;2395;680;0.8;0.2
03;2021-02-19;121;72;2516;752;0.9;0.3
03;2021-02-20;0;0;2516;752;0.9;0.3
03;2021-02-21;0;0;2516;752;0.9;0.3
03;2021-02-22;78;48;2594;800;0.9;0.3
03;2021-02-23;157;98;2751;898;0.9;0.3
03;2021-02-24;190;120;2941;1018;1.0;0.4
03;2021-02-25;259;87;3200;1105;1.1;0.4
03;2021-02-26;264;69;3464;1174;1.2;0.4
03;2021-02-27;121;1;3585;1175;1.2;0.4
03;2021-02-28;0;0;3585;1175;1.2;0.4
03;2021-03-01;183;85;3768;1260;1.3;0.4
03;2021-03-02;255;108;4023;1368;1.4;0.5
03;2021-03-03;255;129;4278;1497;1.5;0.5
03;2021-03-04;281;81;4559;1578;1.6;0.5
03;2021-03-05;270;42;4829;1620;1.7;0.6
03;2021-03-06;116;1;4945;1621;1.7;0.6
03;2021-03-07;0;0;4945;1621;1.7;0.6
03;2021-03-08;187;41;5132;1662;1.8;0.6
03;2021-03-09;349;90;5481;1752;1.9;0.6
03;2021-03-10;356;97;5837;1849;2.0;0.6
03;2021-03-11;269;118;6106;1967;2.1;0.7
03;2021-03-12;285;91;6391;2058;2.2;0.7
03;2021-03-13;110;2;6501;2060;2.2;0.7
03;2021-03-14;0;0;6501;2060;2.2;0.7
03;2021-03-15;180;26;6681;2086;2.3;0.7
03;2021-03-16;241;139;6922;2225;2.4;0.8
03;2021-03-17;272;128;7194;2353;2.5;0.8
03;2021-03-18;250;153;7444;2506;2.6;0.9
03;2021-03-19;284;126;7728;2632;2.7;0.9
03;2021-03-20;255;14;7983;2646;2.7;0.9
03;2021-03-21;119;0;8102;2646;2.8;0.9
03;2021-03-22;219;112;8321;2758;2.9;0.9
03;2021-03-23;259;185;8580;2943;3.0;1.0
03;2021-03-24;224;208;8804;3151;3.0;1.1
03;2021-03-25;167;176;8971;3327;3.1;1.1
03;2021-03-26;188;306;9159;3633;3.2;1.2
03;2021-03-27;55;93;9214;3726;3.2;1.3
03;2021-03-28;0;0;9214;3726;3.2;1.3
03;2021-03-29;174;244;9388;3970;3.2;1.4
03;2021-03-30;445;234;9833;4204;3.4;1.4
03;2021-03-31;314;289;10147;4493;3.5;1.5
03;2021-04-01;410;254;10557;4747;3.6;1.6
03;2021-04-02;279;278;10836;5025;3.7;1.7
03;2021-04-03;109;119;10945;5144;3.8;1.8
03;2021-04-04;0;0;10945;5144;3.8;1.8
03;2021-04-05;118;14;11063;5158;3.8;1.8
03;2021-04-06;418;322;11481;5480;3.9;1.9
03;2021-04-07;485;333;11966;5813;4.1;2.0
03;2021-04-08;493;254;12459;6067;4.3;2.1
03;2021-04-09;469;224;12928;6291;4.4;2.2
03;2021-04-10;146;91;13074;6382;4.5;2.2
03;2021-04-11;2;0;13076;6382;4.5;2.2
03;2021-04-12;497;262;13573;6644;4.7;2.3
03;2021-04-13;624;237;14197;6881;4.9;2.4
03;2021-04-14;665;306;14862;7187;5.1;2.5
03;2021-04-15;721;242;15583;7429;5.4;2.6
03;2021-04-16;709;297;16292;7726;5.6;2.7
03;2021-04-17;476;124;16768;7850;5.8;2.7
03;2021-04-18;489;36;17257;7886;5.9;2.7
03;2021-04-19;684;245;17941;8131;6.2;2.8
03;2021-04-20;550;268;18491;8399;6.4;2.9
03;2021-04-21;771;234;19262;8633;6.6;3.0
03;2021-04-22;652;216;19914;8849;6.9;3.0
03;2021-04-23;662;219;20576;9068;7.1;3.1
03;2021-04-24;523;94;21099;9162;7.3;3.2
03;2021-04-25;602;40;21701;9202;7.5;3.2
03;2021-04-26;735;223;22436;9425;7.7;3.2
03;2021-04-27;766;336;23202;9761;8.0;3.4
03;2021-04-28;659;316;23861;10077;8.2;3.5
03;2021-04-29;605;273;24466;10350;8.4;3.6
03;2021-04-30;672;251;25138;10601;8.6;3.6
03;2021-05-01;209;26;25347;10627;8.7;3.7
03;2021-05-02;594;76;25941;10703;8.9;3.7
03;2021-05-03;553;388;26494;11091;9.1;3.8
03;2021-05-04;537;308;27031;11399;9.3;3.9
03;2021-05-05;574;439;27605;11838;9.5;4.1
03;2021-05-06;589;461;28194;12299;9.7;4.2
03;2021-05-07;529;461;28723;12760;9.9;4.4
03;2021-05-08;337;57;29060;12817;10.0;4.4
03;2021-05-09;262;72;29322;12889;10.1;4.4
03;2021-05-10;416;612;29738;13501;10.2;4.6
03;2021-05-11;370;491;30108;13992;10.4;4.8
03;2021-05-12;413;627;30521;14619;10.5;5.0
03;2021-05-13;331;98;30852;14717;10.6;5.1
03;2021-05-14;420;547;31272;15264;10.8;5.3
03;2021-05-15;250;343;31522;15607;10.8;5.4
03;2021-05-16;203;208;31725;15815;10.9;5.4
03;2021-05-17;387;591;32112;16406;11.0;5.6
03;2021-05-18;489;559;32601;16965;11.2;5.8
03;2021-05-19;465;543;33066;17508;11.4;6.0
03;2021-05-20;569;445;33635;17953;11.6;6.2
03;2021-05-21;467;599;34102;18552;11.7;6.4
03;2021-05-22;161;500;34263;19052;11.8;6.6
03;2021-05-23;254;469;34517;19521;11.9;6.7
03;2021-05-24;541;242;35058;19763;12.1;6.8
03;2021-05-25;489;740;35547;20503;12.2;7.1
03;2021-05-26;366;680;35913;21183;12.4;7.3
03;2021-05-27;645;516;36558;21699;12.6;7.5
03;2021-05-28;463;545;37021;22244;12.7;7.7
03;2021-05-29;230;360;37251;22604;12.8;7.8
03;2021-05-30;146;401;37397;23005;12.9;7.9
03;2021-05-31;335;571;37732;23576;13.0;8.1
03;2021-06-01;382;465;38114;24041;13.1;8.3
03;2021-06-02;455;548;38569;24589;13.3;8.5
03;2021-06-03;392;466;38961;25055;13.4;8.6
03;2021-06-04;503;487;39464;25542;13.6;8.8
03;2021-06-05;269;291;39733;25833;13.7;8.9
03;2021-06-06;208;299;39941;26132;13.7;9.0
03;2021-06-07;454;448;40395;26580;13.9;9.1
03;2021-06-08;549;283;40944;26863;14.1;9.2
03;2021-06-09;462;372;41406;27235;14.2;9.4
03;2021-06-10;345;288;41751;27523;14.4;9.5
03;2021-06-11;381;467;42132;27990;14.5;9.6
04;2020-12-27;0;0;0;0;0.0;0.0
04;2020-12-28;0;0;0;0;0.0;0.0
04;2020-12-29;0;0;0;0;0.0;0.0
04;2020-12-30;0;0;0;0;0.0;0.0
04;2020-12-31;0;0;0;0;0.0;0.0
04;2021-01-01;1;0;1;0;0.0;0.0
04;2021-01-02;0;0;1;0;0.0;0.0
04;2021-01-03;0;0;1;0;0.0;0.0
04;2021-01-04;0;0;1;0;0.0;0.0
04;2021-01-05;2;0;3;0;0.0;0.0
04;2021-01-06;0;0;3;0;0.0;0.0
04;2021-01-07;0;0;3;0;0.0;0.0
04;2021-01-08;0;0;3;0;0.0;0.0
04;2021-01-09;1;0;4;0;0.0;0.0
04;2021-01-10;0;0;4;0;0.0;0.0
04;2021-01-11;0;0;4;0;0.0;0.0
04;2021-01-12;0;0;4;0;0.0;0.0
04;2021-01-13;0;0;4;0;0.0;0.0
04;2021-01-14;0;0;4;0;0.0;0.0
04;2021-01-15;332;0;336;0;0.0;0.0
04;2021-01-16;27;0;363;0;0.0;0.0
04;2021-01-17;0;0;363;0;0.0;0.0
04;2021-01-18;49;1;412;1;0.0;0.0
04;2021-01-19;393;0;805;1;0.1;0.0
04;2021-01-20;482;1;1287;2;0.1;0.0
04;2021-01-21;614;1;1901;3;0.2;0.0
04;2021-01-22;409;0;2310;3;0.3;0.0
04;2021-01-23;75;0;2385;3;0.3;0.0
04;2021-01-24;0;0;2385;3;0.3;0.0
04;2021-01-25;272;0;2657;3;0.3;0.0
04;2021-01-26;429;0;3086;3;0.4;0.0
04;2021-01-27;317;0;3403;3;0.4;0.0
04;2021-01-28;406;0;3809;3;0.4;0.0
04;2021-01-29;421;3;4230;6;0.5;0.0
04;2021-01-30;419;0;4649;6;0.5;0.0
04;2021-01-31;0;0;4649;6;0.5;0.0
04;2021-02-01;372;3;5021;9;0.6;0.0
04;2021-02-02;498;4;5519;13;0.6;0.0
04;2021-02-03;601;14;6120;27;0.7;0.0
04;2021-02-04;626;22;6746;49;0.8;0.0
04;2021-02-05;564;98;7310;147;0.9;0.0
04;2021-02-06;501;4;7811;151;0.9;0.0
04;2021-02-07;0;8;7811;159;0.9;0.0
04;2021-02-08;472;34;8283;193;1.0;0.0
04;2021-02-09;783;90;9066;283;1.1;0.0
04;2021-02-10;820;85;9886;368;1.1;0.0
04;2021-02-11;796;86;10682;454;1.2;0.1
04;2021-02-12;636;95;11318;549;1.3;0.1
04;2021-02-13;649;74;11967;623;1.4;0.1
04;2021-02-14;1;0;11968;623;1.4;0.1
04;2021-02-15;524;126;12492;749;1.5;0.1
04;2021-02-16;649;535;13141;1284;1.5;0.1
04;2021-02-17;592;329;13733;1613;1.6;0.2
04;2021-02-18;493;414;14226;2027;1.7;0.2
04;2021-02-19;496;321;14722;2348;1.7;0.3
04;2021-02-20;576;117;15298;2465;1.8;0.3
04;2021-02-21;0;0;15298;2465;1.8;0.3
04;2021-02-22;401;238;15699;2703;1.8;0.3
04;2021-02-23;607;237;16306;2940;1.9;0.3
04;2021-02-24;581;253;16887;3193;2.0;0.4
04;2021-02-25;645;297;17532;3490;2.0;0.4
04;2021-02-26;483;472;18015;3962;2.1;0.5
04;2021-02-27;385;470;18400;4432;2.1;0.5
04;2021-02-28;0;0;18400;4432;2.1;0.5
04;2021-03-01;289;391;18689;4823;2.2;0.6
04;2021-03-02;487;504;19176;5327;2.2;0.6
04;2021-03-03;755;558;19931;5885;2.3;0.7
04;2021-03-04;775;542;20706;6427;2.4;0.7
04;2021-03-05;727;540;21433;6967;2.5;0.8
04;2021-03-06;812;530;22245;7497;2.6;0.9
04;2021-03-07;0;0;22245;7497;2.6;0.9
04;2021-03-08;436;591;22681;8088;2.6;0.9
04;2021-03-09;670;776;23351;8864;2.7;1.0
04;2021-03-10;644;849;23995;9713;2.8;1.1
04;2021-03-11;699;646;24694;10359;2.9;1.2
04;2021-03-12;729;663;25423;11022;3.0;1.3
04;2021-03-13;667;610;26090;11632;3.0;1.4
04;2021-03-14;2;0;26092;11632;3.0;1.4
04;2021-03-15;503;506;26595;12138;3.1;1.4
04;2021-03-16;680;711;27275;12849;3.2;1.5
04;2021-03-17;847;538;28122;13387;3.3;1.6
04;2021-03-18;1021;556;29143;13943;3.4;1.6
04;2021-03-19;784;543;29927;14486;3.5;1.7
04;2021-03-20;576;599;30503;15085;3.5;1.8
04;2021-03-21;0;0;30503;15085;3.5;1.8
04;2021-03-22;565;482;31068;15567;3.6;1.8
04;2021-03-23;780;640;31848;16207;3.7;1.9
04;2021-03-24;792;671;32640;16878;3.8;2.0
04;2021-03-25;928;554;33568;17432;3.9;2.0
04;2021-03-26;921;448;34489;17880;4.0;2.1
04;2021-03-27;782;340;35271;18220;4.1;2.1
04;2021-03-28;1;0;35272;18220;4.1;2.1
04;2021-03-29;960;271;36232;18491;4.2;2.2
04;2021-03-30;884;501;37116;18992;4.3;2.2
04;2021-03-31;733;671;37849;19663;4.4;2.3
04;2021-04-01;716;709;38565;20372;4.5;2.4
04;2021-04-02;687;762;39252;21134;4.6;2.5
04;2021-04-03;699;707;39951;21841;4.6;2.5
04;2021-04-04;0;0;39951;21841;4.6;2.5
04;2021-04-05;0;2;39951;21843;4.6;2.5
04;2021-04-06;796;642;40747;22485;4.7;2.6
04;2021-04-07;1369;789;42116;23274;4.9;2.7
04;2021-04-08;1792;780;43908;24054;5.1;2.8
04;2021-04-09;1506;785;45414;24839;5.3;2.9
04;2021-04-10;1138;651;46552;25490;5.4;3.0
04;2021-04-11;2;0;46554;25490;5.4;3.0
04;2021-04-12;1239;553;47793;26043;5.6;3.0
04;2021-04-13;1438;754;49231;26797;5.7;3.1
04;2021-04-14;2071;777;51302;27574;6.0;3.2
04;2021-04-15;2506;954;53808;28528;6.3;3.3
04;2021-04-16;1931;785;55739;29313;6.5;3.4
04;2021-04-17;1288;604;57027;29917;6.6;3.5
04;2021-04-18;0;0;57027;29917;6.6;3.5
04;2021-04-19;1378;565;58405;30482;6.8;3.5
04;2021-04-20;1646;807;60051;31289;7.0;3.6
04;2021-04-21;2128;606;62179;31895;7.2;3.7
04;2021-04-22;2945;802;65124;32697;7.6;3.8
04;2021-04-23;2310;813;67434;33510;7.8;3.9
04;2021-04-24;1102;797;68536;34307;8.0;4.0
04;2021-04-25;2;0;68538;34307;8.0;4.0
04;2021-04-26;1163;920;69701;35227;8.1;4.1
04;2021-04-27;1693;1025;71394;36252;8.3;4.2
04;2021-04-28;2896;753;74290;37005;8.6;4.3
04;2021-04-29;3945;812;78235;37817;9.1;4.4
04;2021-04-30;3429;906;81664;38723;9.5;4.5
04;2021-05-01;2107;220;83771;38943;9.7;4.5
04;2021-05-02;2;0;83773;38943;9.7;4.5
04;2021-05-03;1866;570;85639;39513;10.0;4.6
04;2021-05-04;2149;1095;87788;40608;10.2;4.7
04;2021-05-05;3119;1640;90907;42248;10.6;4.9
04;2021-05-06;4013;1589;94920;43837;11.0;5.1
04;2021-05-07;3237;1527;98157;45364;11.4;5.3
04;2021-05-08;1568;501;99725;45865;11.6;5.3
04;2021-05-09;1;0;99726;45865;11.6;5.3
04;2021-05-10;2428;994;102154;46859;11.9;5.4
04;2021-05-11;4414;1642;106568;48501;12.4;5.6
04;2021-05-12;4749;2395;111317;50896;12.9;5.9
04;2021-05-13;3552;582;114869;51478;13.4;6.0
04;2021-05-14;5257;2507;120126;53985;14.0;6.3
04;2021-05-15;3124;1533;123250;55518;14.3;6.5
04;2021-05-16;14;18;123264;55536;14.3;6.5
04;2021-05-17;2984;1479;126248;57015;14.7;6.6
04;2021-05-18;3673;1773;129921;58788;15.1;6.8
04;2021-05-19;4639;2328;134560;61116;15.6;7.1
04;2021-05-20;5105;2802;139665;63918;16.2;7.4
04;2021-05-21;4953;2628;144618;66546;16.8;7.7
04;2021-05-22;3317;1251;147935;67797;17.2;7.9
04;2021-05-23;4;3;147939;67800;17.2;7.9
04;2021-05-24;3565;1075;151504;68875;17.6;8.0
04;2021-05-25;4185;1908;155689;70783;18.1;8.2
04;2021-05-26;4869;2958;160558;73741;18.7;8.6
04;2021-05-27;4573;4088;165131;77829;19.2;9.1
04;2021-05-28;4353;3825;169484;81654;19.7;9.5
04;2021-05-29;2528;2459;172012;84113;20.0;9.8
04;2021-05-30;6;14;172018;84127;20.0;9.8
04;2021-05-31;2339;2246;174357;86373;20.3;10.0
04;2021-06-01;3262;2721;177619;89094;20.7;10.4
04;2021-06-02;3901;3348;181520;92442;21.1;10.7
04;2021-06-03;4000;3657;185520;96099;21.6;11.2
04;2021-06-04;3802;3746;189322;99845;22.0;11.6
04;2021-06-05;2191;1922;191513;101767;22.3;11.8
04;2021-06-06;1060;129;192573;101896;22.4;11.8
04;2021-06-07;1999;2530;194572;104426;22.6;12.1
04;2021-06-08;4280;2404;198852;106830;23.1;12.4
04;2021-06-09;2912;4751;201764;111581;23.5;13.0
04;2021-06-10;3319;4435;205083;116016;23.8;13.5
04;2021-06-11;2745;4594;207828;120610;24.2;14.0
05;2020-12-27;0;0;0;0;0.0;0.0
05;2020-12-28;0;0;0;0;0.0;0.0
05;2020-12-29;0;0;0;0;0.0;0.0
05;2020-12-30;0;0;0;0;0.0;0.0
05;2020-12-31;0;0;0;0;0.0;0.0
05;2021-01-01;0;0;0;0;0.0;0.0
05;2021-01-02;0;0;0;0;0.0;0.0
05;2021-01-03;0;0;0;0;0.0;0.0
05;2021-01-04;0;0;0;0;0.0;0.0
05;2021-01-05;0;0;0;0;0.0;0.0
05;2021-01-06;0;0;0;0;0.0;0.0
05;2021-01-07;0;0;0;0;0.0;0.0
05;2021-01-08;0;0;0;0;0.0;0.0
05;2021-01-09;0;0;0;0;0.0;0.0
05;2021-01-10;0;0;0;0;0.0;0.0
05;2021-01-11;0;0;0;0;0.0;0.0
05;2021-01-12;0;0;0;0;0.0;0.0
05;2021-01-13;0;0;0;0;0.0;0.0
05;2021-01-14;0;0;0;0;0.0;0.0
05;2021-01-15;0;0;0;0;0.0;0.0
05;2021-01-16;0;0;0;0;0.0;0.0
05;2021-01-17;0;0;0;0;0.0;0.0
05;2021-01-18;0;0;0;0;0.0;0.0
05;2021-01-19;0;0;0;0;0.0;0.0
05;2021-01-20;0;0;0;0;0.0;0.0
05;2021-01-21;0;0;0;0;0.0;0.0
05;2021-01-22;0;0;0;0;0.0;0.0
05;2021-01-23;0;0;0;0;0.0;0.0
05;2021-01-24;0;0;0;0;0.0;0.0
05;2021-01-25;0;0;0;0;0.0;0.0
05;2021-01-26;0;0;0;0;0.0;0.0
05;2021-01-27;0;0;0;0;0.0;0.0
05;2021-01-28;0;0;0;0;0.0;0.0
05;2021-01-29;0;0;0;0;0.0;0.0
05;2021-01-30;0;0;0;0;0.0;0.0
05;2021-01-31;0;0;0;0;0.0;0.0
05;2021-02-01;0;0;0;0;0.0;0.0
05;2021-02-02;0;0;0;0;0.0;0.0
05;2021-02-03;0;0;0;0;0.0;0.0
05;2021-02-04;0;0;0;0;0.0;0.0
05;2021-02-05;0;0;0;0;0.0;0.0
05;2021-02-06;0;0;0;0;0.0;0.0
05;2021-02-07;0;0;0;0;0.0;0.0
05;2021-02-08;0;0;0;0;0.0;0.0
05;2021-02-09;0;0;0;0;0.0;0.0
05;2021-02-10;0;0;0;0;0.0;0.0
05;2021-02-11;0;0;0;0;0.0;0.0
05;2021-02-12;0;0;0;0;0.0;0.0
05;2021-02-13;0;0;0;0;0.0;0.0
05;2021-02-14;0;0;0;0;0.0;0.0
05;2021-02-15;0;0;0;0;0.0;0.0
05;2021-02-16;0;0;0;0;0.0;0.0
05;2021-02-17;0;0;0;0;0.0;0.0
05;2021-02-18;0;0;0;0;0.0;0.0
05;2021-02-19;0;0;0;0;0.0;0.0
05;2021-02-20;0;0;0;0;0.0;0.0
05;2021-02-21;0;0;0;0;0.0;0.0
05;2021-02-22;0;0;0;0;0.0;0.0
05;2021-02-23;0;0;0;0;0.0;0.0
05;2021-02-24;0;0;0;0;0.0;0.0
05;2021-02-25;0;0;0;0;0.0;0.0
05;2021-02-26;0;0;0;0;0.0;0.0
05;2021-02-27;0;0;0;0;0.0;0.0
05;2021-02-28;0;0;0;0;0.0;0.0
05;2021-03-01;0;0;0;0;0.0;0.0
05;2021-03-02;0;0;0;0;0.0;0.0
05;2021-03-03;0;0;0;0;0.0;0.0
05;2021-03-04;0;0;0;0;0.0;0.0
05;2021-03-05;0;0;0;0;0.0;0.0
05;2021-03-06;0;0;0;0;0.0;0.0
05;2021-03-07;0;0;0;0;0.0;0.0
05;2021-03-08;0;0;0;0;0.0;0.0
05;2021-03-09;0;0;0;0;0.0;0.0
05;2021-03-10;0;0;0;0;0.0;0.0
05;2021-03-11;0;0;0;0;0.0;0.0
05;2021-03-12;0;0;0;0;0.0;0.0
05;2021-03-13;0;0;0;0;0.0;0.0
05;2021-03-14;0;0;0;0;0.0;0.0
05;2021-03-15;0;0;0;0;0.0;0.0
05;2021-03-16;0;0;0;0;0.0;0.0
05;2021-03-17;0;0;0;0;0.0;0.0
05;2021-03-18;0;0;0;0;0.0;0.0
05;2021-03-19;0;0;0;0;0.0;0.0
05;2021-03-20;0;0;0;0;0.0;0.0
05;2021-03-21;0;0;0;0;0.0;0.0
05;2021-03-22;0;0;0;0;0.0;0.0
05;2021-03-23;0;0;0;0;0.0;0.0
05;2021-03-24;0;0;0;0;0.0;0.0
05;2021-03-25;0;0;0;0;0.0;0.0
05;2021-03-26;0;0;0;0;0.0;0.0
05;2021-03-27;0;0;0;0;0.0;0.0
05;2021-03-28;0;0;0;0;0.0;0.0
05;2021-03-29;2;0;2;0;0.0;0.0
05;2021-03-30;0;0;2;0;0.0;0.0
05;2021-03-31;0;0;2;0;0.0;0.0
05;2021-04-01;0;0;2;0;0.0;0.0
05;2021-04-02;0;0;2;0;0.0;0.0
05;2021-04-03;0;0;2;0;0.0;0.0
05;2021-04-04;0;0;2;0;0.0;0.0
05;2021-04-05;0;0;2;0;0.0;0.0
05;2021-04-06;0;0;2;0;0.0;0.0
05;2021-04-07;0;0;2;0;0.0;0.0
05;2021-04-08;1;0;3;0;0.1;0.0
05;2021-04-09;0;0;3;0;0.1;0.0
05;2021-04-10;0;0;3;0;0.1;0.0
05;2021-04-11;0;0;3;0;0.1;0.0
05;2021-04-12;0;0;3;0;0.1;0.0
05;2021-04-13;0;0;3;0;0.1;0.0
05;2021-04-14;0;0;3;0;0.1;0.0
05;2021-04-15;0;0;3;0;0.1;0.0
05;2021-04-16;0;0;3;0;0.1;0.0
05;2021-04-17;0;0;3;0;0.1;0.0
05;2021-04-18;0;0;3;0;0.1;0.0
05;2021-04-19;0;0;3;0;0.1;0.0
05;2021-04-20;0;0;3;0;0.1;0.0
05;2021-04-21;0;0;3;0;0.1;0.0
05;2021-04-22;0;0;3;0;0.1;0.0
05;2021-04-23;0;0;3;0;0.1;0.0
05;2021-04-24;0;0;3;0;0.1;0.0
05;2021-04-25;0;0;3;0;0.1;0.0
05;2021-04-26;0;0;3;0;0.1;0.0
05;2021-04-27;0;0;3;0;0.1;0.0
05;2021-04-28;0;0;3;0;0.1;0.0
05;2021-04-29;0;0;3;0;0.1;0.0
05;2021-04-30;0;0;3;0;0.1;0.0
05;2021-05-01;0;0;3;0;0.1;0.0
05;2021-05-02;0;0;3;0;0.1;0.0
05;2021-05-03;0;0;3;0;0.1;0.0
05;2021-05-04;0;0;3;0;0.1;0.0
05;2021-05-05;0;0;3;0;0.1;0.0
05;2021-05-06;0;0;3;0;0.1;0.0
05;2021-05-07;0;0;3;0;0.1;0.0
05;2021-05-08;0;0;3;0;0.1;0.0
05;2021-05-09;0;0;3;0;0.1;0.0
05;2021-05-10;0;0;3;0;0.1;0.0
05;2021-05-11;0;0;3;0;0.1;0.0
05;2021-05-12;0;0;3;0;0.1;0.0
05;2021-05-13;0;0;3;0;0.1;0.0
05;2021-05-14;0;0;3;0;0.1;0.0
05;2021-05-15;0;0;3;0;0.1;0.0
05;2021-05-16;0;0;3;0;0.1;0.0
05;2021-05-17;0;0;3;0;0.1;0.0
05;2021-05-18;0;0;3;0;0.1;0.0
05;2021-05-19;0;0;3;0;0.1;0.0
05;2021-05-20;0;0;3;0;0.1;0.0
05;2021-05-21;0;0;3;0;0.1;0.0
05;2021-05-22;0;0;3;0;0.1;0.0
05;2021-05-23;0;0;3;0;0.1;0.0
05;2021-05-24;0;0;3;0;0.1;0.0
05;2021-05-25;0;0;3;0;0.1;0.0
05;2021-05-26;0;0;3;0;0.1;0.0
05;2021-05-27;0;0;3;0;0.1;0.0
05;2021-05-28;0;0;3;0;0.1;0.0
05;2021-05-29;0;2;3;2;0.1;0.0
05;2021-05-30;0;0;3;2;0.1;0.0
05;2021-05-31;0;0;3;2;0.1;0.0
05;2021-06-01;0;0;3;2;0.1;0.0
05;2021-06-02;0;0;3;2;0.1;0.0
05;2021-06-03;0;0;3;2;0.1;0.0
05;2021-06-04;0;0;3;2;0.1;0.0
05;2021-06-05;0;0;3;2;0.1;0.0
05;2021-06-06;0;0;3;2;0.1;0.0
05;2021-06-07;0;0;3;2;0.1;0.0
05;2021-06-08;0;0;3;2;0.1;0.0
05;2021-06-09;0;0;3;2;0.1;0.0
05;2021-06-10;0;0;3;2;0.1;0.0
05;2021-06-11;0;0;3;2;0.1;0.0
06;2020-12-27;0;0;0;0;0.0;0.0
06;2020-12-28;0;0;0;0;0.0;0.0
06;2020-12-29;0;0;0;0;0.0;0.0
06;2020-12-30;0;0;0;0;0.0;0.0
06;2020-12-31;0;0;0;0;0.0;0.0
06;2021-01-01;0;0;0;0;0.0;0.0
06;2021-01-02;0;0;0;0;0.0;0.0
06;2021-01-03;0;0;0;0;0.0;0.0
06;2021-01-04;0;0;0;0;0.0;0.0
06;2021-01-05;0;0;0;0;0.0;0.0
06;2021-01-06;0;0;0;0;0.0;0.0
06;2021-01-07;0;0;0;0;0.0;0.0
06;2021-01-08;0;0;0;0;0.0;0.0
06;2021-01-09;0;0;0;0;0.0;0.0
06;2021-01-10;0;0;0;0;0.0;0.0
06;2021-01-11;9;0;9;0;0.0;0.0
06;2021-01-12;0;0;9;0;0.0;0.0
06;2021-01-13;0;0;9;0;0.0;0.0
06;2021-01-14;0;0;9;0;0.0;0.0
06;2021-01-15;1;0;10;0;0.0;0.0
06;2021-01-16;1;0;11;0;0.0;0.0
06;2021-01-17;0;0;11;0;0.0;0.0
06;2021-01-18;1;0;12;0;0.0;0.0
06;2021-01-19;0;0;12;0;0.0;0.0
06;2021-01-20;0;0;12;0;0.0;0.0
06;2021-01-21;0;0;12;0;0.0;0.0
06;2021-01-22;0;0;12;0;0.0;0.0
06;2021-01-23;1;0;13;0;0.0;0.0
06;2021-01-24;0;0;13;0;0.0;0.0
06;2021-01-25;141;1;154;1;0.1;0.0
06;2021-01-26;166;3;320;4;0.1;0.0
06;2021-01-27;251;1;571;5;0.2;0.0
06;2021-01-28;101;5;672;10;0.2;0.0
06;2021-01-29;230;2;902;12;0.3;0.0
06;2021-01-30;285;5;1187;17;0.4;0.0
06;2021-01-31;1;0;1188;17;0.4;0.0
06;2021-02-01;160;0;1348;17;0.5;0.0
06;2021-02-02;329;3;1677;20;0.6;0.0
06;2021-02-03;228;1;1905;21;0.7;0.0
06;2021-02-04;215;5;2120;26;0.8;0.0
06;2021-02-05;214;1;2334;27;0.8;0.0
06;2021-02-06;83;10;2417;37;0.9;0.0
06;2021-02-07;0;0;2417;37;0.9;0.0
06;2021-02-08;82;3;2499;40;0.9;0.0
06;2021-02-09;193;0;2692;40;1.0;0.0
06;2021-02-10;187;1;2879;41;1.0;0.0
06;2021-02-11;235;1;3114;42;1.1;0.0
06;2021-02-12;287;4;3401;46;1.2;0.0
06;2021-02-13;56;0;3457;46;1.2;0.0
06;2021-02-14;1;0;3458;46;1.2;0.0
06;2021-02-15;359;2;3817;48;1.4;0.0
06;2021-02-16;266;5;4083;53;1.5;0.0
06;2021-02-17;167;1;4250;54;1.5;0.0
06;2021-02-18;216;11;4466;65;1.6;0.0
06;2021-02-19;235;21;4701;86;1.7;0.0
06;2021-02-20;138;6;4839;92;1.7;0.0
06;2021-02-21;0;0;4839;92;1.7;0.0
06;2021-02-22;131;120;4970;212;1.8;0.1
06;2021-02-23;186;151;5156;363;1.8;0.1
06;2021-02-24;175;142;5331;505;1.9;0.2
06;2021-02-25;227;283;5558;788;2.0;0.3
06;2021-02-26;242;257;5800;1045;2.1;0.4
06;2021-02-27;0;0;5800;1045;2.1;0.4
06;2021-02-28;0;0;5800;1045;2.1;0.4
06;2021-03-01;144;259;5944;1304;2.1;0.5
06;2021-03-02;228;257;6172;1561;2.2;0.6
06;2021-03-03;201;186;6373;1747;2.3;0.6
06;2021-03-04;205;138;6578;1885;2.4;0.7
06;2021-03-05;224;113;6802;1998;2.4;0.7
06;2021-03-06;1;0;6803;1998;2.4;0.7
06;2021-03-07;0;0;6803;1998;2.4;0.7
06;2021-03-08;189;125;6992;2123;2.5;0.8
06;2021-03-09;390;145;7382;2268;2.6;0.8
06;2021-03-10;179;177;7561;2445;2.7;0.9
06;2021-03-11;167;207;7728;2652;2.8;0.9
06;2021-03-12;238;287;7966;2939;2.9;1.1
06;2021-03-13;1;0;7967;2939;2.9;1.1
06;2021-03-14;0;0;7967;2939;2.9;1.1
06;2021-03-15;156;292;8123;3231;2.9;1.2
06;2021-03-16;236;222;8359;3453;3.0;1.2
06;2021-03-17;264;139;8623;3592;3.1;1.3
06;2021-03-18;172;233;8795;3825;3.1;1.4
06;2021-03-19;172;296;8967;4121;3.2;1.5
06;2021-03-20;0;0;8967;4121;3.2;1.5
06;2021-03-21;0;0;8967;4121;3.2;1.5
06;2021-03-22;97;136;9064;4257;3.2;1.5
06;2021-03-23;136;240;9200;4497;3.3;1.6
06;2021-03-24;160;146;9360;4643;3.3;1.7
06;2021-03-25;186;206;9546;4849;3.4;1.7
06;2021-03-26;160;211;9706;5060;3.5;1.8
06;2021-03-27;18;0;9724;5060;3.5;1.8
06;2021-03-28;0;0;9724;5060;3.5;1.8
06;2021-03-29;0;2;9724;5062;3.5;1.8
06;2021-03-30;272;333;9996;5395;3.6;1.9
06;2021-03-31;225;125;10221;5520;3.7;2.0
06;2021-04-01;243;105;10464;5625;3.7;2.0
06;2021-04-02;285;262;10749;5887;3.8;2.1
06;2021-04-03;906;307;11655;6194;4.2;2.2
06;2021-04-04;1;0;11656;6194;4.2;2.2
06;2021-04-05;1;0;11657;6194;4.2;2.2
06;2021-04-06;158;281;11815;6475;4.2;2.3
06;2021-04-07;237;264;12052;6739;4.3;2.4
06;2021-04-08;286;140;12338;6879;4.4;2.5
06;2021-04-09;247;171;12585;7050;4.5;2.5
06;2021-04-10;181;114;12766;7164;4.6;2.6
06;2021-04-11;7;0;12773;7164;4.6;2.6
06;2021-04-12;0;19;12773;7183;4.6;2.6
06;2021-04-13;393;344;13166;7527;4.7;2.7
06;2021-04-14;239;205;13405;7732;4.8;2.8
06;2021-04-15;206;118;13611;7850;4.9;2.8
06;2021-04-16;214;127;13825;7977;4.9;2.9
06;2021-04-17;226;132;14051;8109;5.0;2.9
06;2021-04-18;1;0;14052;8109;5.0;2.9
06;2021-04-19;6;1;14058;8110;5.0;2.9
06;2021-04-20;368;224;14426;8334;5.2;3.0
06;2021-04-21;410;149;14836;8483;5.3;3.0
06;2021-04-22;410;150;15246;8633;5.5;3.1
06;2021-04-23;367;166;15613;8799;5.6;3.1
06;2021-04-24;413;127;16026;8926;5.7;3.2
06;2021-04-25;2;0;16028;8926;5.7;3.2
06;2021-04-26;54;8;16082;8934;5.8;3.2
06;2021-04-27;350;293;16432;9227;5.9;3.3
06;2021-04-28;354;514;16786;9741;6.0;3.5
06;2021-04-29;556;342;17342;10083;6.2;3.6
06;2021-04-30;400;238;17742;10321;6.3;3.7
06;2021-05-01;669;285;18411;10606;6.6;3.8
06;2021-05-02;0;0;18411;10606;6.6;3.8
06;2021-05-03;134;6;18545;10612;6.6;3.8
06;2021-05-04;352;426;18897;11038;6.8;3.9
06;2021-05-05;444;317;19341;11355;6.9;4.1
06;2021-05-06;318;199;19659;11554;7.0;4.1
06;2021-05-07;342;134;20001;11688;7.2;4.2
06;2021-05-08;298;140;20299;11828;7.3;4.2
06;2021-05-09;0;0;20299;11828;7.3;4.2
06;2021-05-10;7;9;20306;11837;7.3;4.2
06;2021-05-11;357;488;20663;12325;7.4;4.4
06;2021-05-12;328;309;20991;12634;7.5;4.5
06;2021-05-13;126;97;21117;12731;7.6;4.6
06;2021-05-14;0;0;21117;12731;7.6;4.6
06;2021-05-15;483;282;21600;13013;7.7;4.7
06;2021-05-16;0;0;21600;13013;7.7;4.7
06;2021-05-17;118;49;21718;13062;7.8;4.7
06;2021-05-18;492;429;22210;13491;7.9;4.8
06;2021-05-19;641;660;22851;14151;8.2;5.1
06;2021-05-20;1035;495;23886;14646;8.5;5.2
06;2021-05-21;1029;315;24915;14961;8.9;5.4
06;2021-05-22;1214;293;26129;15254;9.3;5.5
06;2021-05-23;0;0;26129;15254;9.3;5.5
06;2021-05-24;1;0;26130;15254;9.3;5.5
06;2021-05-25;850;620;26980;15874;9.7;5.7
06;2021-05-26;1021;840;28001;16714;10.0;6.0
06;2021-05-27;1287;505;29288;17219;10.5;6.2
06;2021-05-28;935;371;30223;17590;10.8;6.3
06;2021-05-29;1111;388;31334;17978;11.2;6.4
06;2021-05-30;0;1;31334;17979;11.2;6.4
06;2021-05-31;99;6;31433;17985;11.2;6.4
06;2021-06-01;1124;647;32557;18632;11.6;6.7
06;2021-06-02;1043;478;33600;19110;12.0;6.8
06;2021-06-03;794;331;34394;19441;12.3;7.0
06;2021-06-04;977;320;35371;19761;12.7;7.1
06;2021-06-05;562;295;35933;20056;12.9;7.2
06;2021-06-06;0;0;35933;20056;12.9;7.2
06;2021-06-07;49;8;35982;20064;12.9;7.2
06;2021-06-08;743;433;36725;20497;13.1;7.3
06;2021-06-09;931;532;37656;21029;13.5;7.5
06;2021-06-10;647;220;38303;21249;13.7;7.6
06;2021-06-11;818;362;39121;21611;14.0;7.7
07;2020-12-27;0;0;0;0;0.0;0.0
07;2020-12-28;0;0;0;0;0.0;0.0
07;2020-12-29;0;0;0;0;0.0;0.0
07;2020-12-30;0;0;0;0;0.0;0.0
07;2020-12-31;0;0;0;0;0.0;0.0
07;2021-01-01;0;0;0;0;0.0;0.0
07;2021-01-02;0;0;0;0;0.0;0.0
07;2021-01-03;0;0;0;0;0.0;0.0
07;2021-01-04;0;0;0;0;0.0;0.0
07;2021-01-05;0;0;0;0;0.0;0.0
07;2021-01-06;0;0;0;0;0.0;0.0
07;2021-01-07;0;0;0;0;0.0;0.0
07;2021-01-08;0;0;0;0;0.0;0.0
07;2021-01-09;0;0;0;0;0.0;0.0
07;2021-01-10;0;0;0;0;0.0;0.0
07;2021-01-11;0;0;0;0;0.0;0.0
07;2021-01-12;0;0;0;0;0.0;0.0
07;2021-01-13;0;0;0;0;0.0;0.0
07;2021-01-14;0;0;0;0;0.0;0.0
07;2021-01-15;0;0;0;0;0.0;0.0
07;2021-01-16;0;0;0;0;0.0;0.0
07;2021-01-17;0;0;0;0;0.0;0.0
07;2021-01-18;1;0;1;0;0.0;0.0
07;2021-01-19;0;0;1;0;0.0;0.0
07;2021-01-20;0;0;1;0;0.0;0.0
07;2021-01-21;12;0;13;0;0.1;0.0
07;2021-01-22;12;0;25;0;0.3;0.0
07;2021-01-23;0;0;25;0;0.3;0.0
07;2021-01-24;0;0;25;0;0.3;0.0
07;2021-01-25;0;0;25;0;0.3;0.0
07;2021-01-26;0;0;25;0;0.3;0.0
07;2021-01-27;12;0;37;0;0.4;0.0
07;2021-01-28;1;0;38;0;0.4;0.0
07;2021-01-29;6;0;44;0;0.4;0.0
07;2021-01-30;0;0;44;0;0.4;0.0
07;2021-01-31;0;0;44;0;0.4;0.0
07;2021-02-01;0;0;44;0;0.4;0.0
07;2021-02-02;0;0;44;0;0.4;0.0
07;2021-02-03;11;0;55;0;0.6;0.0
07;2021-02-04;12;0;67;0;0.7;0.0
07;2021-02-05;11;0;78;0;0.8;0.0
07;2021-02-06;0;0;78;0;0.8;0.0
07;2021-02-07;0;0;78;0;0.8;0.0
07;2021-02-08;0;0;78;0;0.8;0.0
07;2021-02-09;13;0;91;0;0.9;0.0
07;2021-02-10;0;0;91;0;0.9;0.0
07;2021-02-11;16;0;107;0;1.1;0.0
07;2021-02-12;44;0;151;0;1.5;0.0
07;2021-02-13;0;0;151;0;1.5;0.0
07;2021-02-14;0;0;151;0;1.5;0.0
07;2021-02-15;0;0;151;0;1.5;0.0
07;2021-02-16;0;0;151;0;1.5;0.0
07;2021-02-17;0;0;151;0;1.5;0.0
07;2021-02-18;18;0;169;0;1.7;0.0
07;2021-02-19;34;0;203;0;2.0;0.0
07;2021-02-20;0;0;203;0;2.0;0.0
07;2021-02-21;0;0;203;0;2.0;0.0
07;2021-02-22;0;0;203;0;2.0;0.0
07;2021-02-23;0;22;203;22;2.0;0.2
07;2021-02-24;0;0;203;22;2.0;0.2
07;2021-02-25;15;10;218;32;2.2;0.3
07;2021-02-26;33;21;251;53;2.5;0.5
07;2021-02-27;0;0;251;53;2.5;0.5
07;2021-02-28;0;0;251;53;2.5;0.5
07;2021-03-01;0;0;251;53;2.5;0.5
07;2021-03-02;17;11;268;64;2.7;0.6
07;2021-03-03;0;0;268;64;2.7;0.6
07;2021-03-04;16;11;284;75;2.9;0.8
07;2021-03-05;33;19;317;94;3.2;0.9
07;2021-03-06;0;0;317;94;3.2;0.9
07;2021-03-07;0;0;317;94;3.2;0.9
07;2021-03-08;0;0;317;94;3.2;0.9
07;2021-03-09;1;0;318;94;3.2;0.9
07;2021-03-10;0;0;318;94;3.2;0.9
07;2021-03-11;20;30;338;124;3.4;1.2
07;2021-03-12;62;42;400;166;4.0;1.7
07;2021-03-13;0;0;400;166;4.0;1.7
07;2021-03-14;0;0;400;166;4.0;1.7
07;2021-03-15;0;0;400;166;4.0;1.7
07;2021-03-16;30;9;430;175;4.3;1.8
07;2021-03-17;0;0;430;175;4.3;1.8
07;2021-03-18;29;16;459;191;4.6;1.9
07;2021-03-19;55;31;514;222;5.2;2.2
07;2021-03-20;0;0;514;222;5.2;2.2
07;2021-03-21;0;0;514;222;5.2;2.2
07;2021-03-22;0;0;514;222;5.2;2.2
07;2021-03-23;0;0;514;222;5.2;2.2
07;2021-03-24;0;0;514;222;5.2;2.2
07;2021-03-25;65;15;579;237;5.8;2.4
07;2021-03-26;73;26;652;263;6.5;2.6
07;2021-03-27;0;0;652;263;6.5;2.6
07;2021-03-28;0;0;652;263;6.5;2.6
07;2021-03-29;0;0;652;263;6.5;2.6
07;2021-03-30;40;18;692;281;6.9;2.8
07;2021-03-31;26;15;718;296;7.2;3.0
07;2021-04-01;25;32;743;328;7.5;3.3
07;2021-04-02;0;0;743;328;7.5;3.3
07;2021-04-03;0;0;743;328;7.5;3.3
07;2021-04-04;0;0;743;328;7.5;3.3
07;2021-04-05;9;0;752;328;7.5;3.3
07;2021-04-06;0;0;752;328;7.5;3.3
07;2021-04-07;0;0;752;328;7.5;3.3
07;2021-04-08;57;46;809;374;8.1;3.8
07;2021-04-09;59;31;868;405;8.7;4.1
07;2021-04-10;0;0;868;405;8.7;4.1
07;2021-04-11;0;0;868;405;8.7;4.1
07;2021-04-12;0;0;868;405;8.7;4.1
07;2021-04-13;0;0;868;405;8.7;4.1
07;2021-04-14;5;6;873;411;8.8;4.1
07;2021-04-15;56;71;929;482;9.3;4.8
07;2021-04-16;90;35;1019;517;10.2;5.2
07;2021-04-17;0;1;1019;518;10.2;5.2
07;2021-04-18;0;0;1019;518;10.2;5.2
07;2021-04-19;1;0;1020;518;10.2;5.2
07;2021-04-20;335;66;1355;584;13.6;5.9
07;2021-04-21;337;30;1692;614;17.0;6.2
07;2021-04-22;284;49;1976;663;19.8;6.7
07;2021-04-23;258;41;2234;704;22.4;7.1
07;2021-04-24;231;1;2465;705;24.7;7.1
07;2021-04-25;0;0;2465;705;24.7;7.1
07;2021-04-26;283;20;2748;725;27.6;7.3
07;2021-04-27;225;69;2973;794;29.8;8.0
07;2021-04-28;192;26;3165;820;31.8;8.2
07;2021-04-29;170;22;3335;842;33.5;8.5
07;2021-04-30;172;15;3507;857;35.2;8.6
07;2021-05-01;200;12;3707;869;37.2;8.7
07;2021-05-02;0;0;3707;869;37.2;8.7
07;2021-05-03;134;10;3841;879;38.6;8.8
07;2021-05-04;161;54;4002;933;40.2;9.4
07;2021-05-05;221;30;4223;963;42.4;9.7
07;2021-05-06;175;31;4398;994;44.2;10.0
07;2021-05-07;149;31;4547;1025;45.6;10.3
07;2021-05-08;0;0;4547;1025;45.6;10.3
07;2021-05-09;0;2;4547;1027;45.6;10.3
07;2021-05-10;0;0;4547;1027;45.6;10.3
07;2021-05-11;2;41;4549;1068;45.7;10.7
07;2021-05-12;5;36;4554;1104;45.7;11.1
07;2021-05-13;0;0;4554;1104;45.7;11.1
07;2021-05-14;28;98;4582;1202;46.0;12.1
07;2021-05-15;0;0;4582;1202;46.0;12.1
07;2021-05-16;0;0;4582;1202;46.0;12.1
07;2021-05-17;1;14;4583;1216;46.0;12.2
07;2021-05-18;17;32;4600;1248;46.2;12.5
07;2021-05-19;0;1;4600;1249;46.2;12.5
07;2021-05-20;0;8;4600;1257;46.2;12.6
07;2021-05-21;12;32;4612;1289;46.3;12.9
07;2021-05-22;0;0;4612;1289;46.3;12.9
07;2021-05-23;0;0;4612;1289;46.3;12.9
07;2021-05-24;0;0;4612;1289;46.3;12.9
07;2021-05-25;50;334;4662;1623;46.8;16.3
07;2021-05-26;54;359;4716;1982;47.3;19.9
07;2021-05-27;34;317;4750;2299;47.7;23.1
07;2021-05-28;27;256;4777;2555;48.0;25.7
07;2021-05-29;35;376;4812;2931;48.3;29.4
07;2021-05-30;0;0;4812;2931;48.3;29.4
07;2021-05-31;45;218;4857;3149;48.8;31.6
07;2021-06-01;46;226;4903;3375;49.2;33.9
07;2021-06-02;69;273;4972;3648;49.9;36.6
07;2021-06-03;41;252;5013;3900;50.3;39.2
07;2021-06-04;70;269;5083;4169;51.0;41.9
07;2021-06-05;1;0;5084;4169;51.0;41.9
07;2021-06-06;0;0;5084;4169;51.0;41.9
07;2021-06-07;0;1;5084;4170;51.0;41.9
07;2021-06-08;4;2;5088;4172;51.1;41.9
07;2021-06-09;0;3;5088;4175;51.1;41.9
07;2021-06-10;8;4;5096;4179;51.2;42.0
07;2021-06-11;3;8;5099;4187;51.2;42.0
08;2020-12-27;0;0;0;0;0.0;0.0
08;2020-12-28;0;0;0;0;0.0;0.0
08;2020-12-29;0;0;0;0;0.0;0.0
08;2020-12-30;0;0;0;0;0.0;0.0
08;2020-12-31;0;0;0;0;0.0;0.0
08;2021-01-01;0;0;0;0;0.0;0.0
08;2021-01-02;0;0;0;0;0.0;0.0
08;2021-01-03;0;0;0;0;0.0;0.0
08;2021-01-04;0;0;0;0;0.0;0.0
08;2021-01-05;0;0;0;0;0.0;0.0
08;2021-01-06;0;0;0;0;0.0;0.0
08;2021-01-07;0;0;0;0;0.0;0.0
08;2021-01-08;0;0;0;0;0.0;0.0
08;2021-01-09;0;0;0;0;0.0;0.0
08;2021-01-10;0;0;0;0;0.0;0.0
08;2021-01-11;0;0;0;0;0.0;0.0
08;2021-01-12;0;0;0;0;0.0;0.0
08;2021-01-13;10;0;10;0;0.0;0.0
08;2021-01-14;11;0;21;0;0.1;0.0
08;2021-01-15;7;0;28;0;0.1;0.0
08;2021-01-16;0;0;28;0;0.1;0.0
08;2021-01-17;0;0;28;0;0.1;0.0
08;2021-01-18;0;0;28;0;0.1;0.0
08;2021-01-19;12;0;40;0;0.1;0.0
08;2021-01-20;12;0;52;0;0.1;0.0
08;2021-01-21;6;0;58;0;0.2;0.0
08;2021-01-22;0;0;58;0;0.2;0.0
08;2021-01-23;0;0;58;0;0.2;0.0
08;2021-01-24;0;0;58;0;0.2;0.0
08;2021-01-25;0;0;58;0;0.2;0.0
08;2021-01-26;9;0;67;0;0.2;0.0
08;2021-01-27;10;0;77;0;0.2;0.0
08;2021-01-28;6;0;83;0;0.2;0.0
08;2021-01-29;0;0;83;0;0.2;0.0
08;2021-01-30;0;0;83;0;0.2;0.0
08;2021-01-31;0;0;83;0;0.2;0.0
08;2021-02-01;0;0;83;0;0.2;0.0
08;2021-02-02;38;0;121;0;0.3;0.0
08;2021-02-03;10;0;131;0;0.4;0.0
08;2021-02-04;29;0;160;0;0.5;0.0
08;2021-02-05;7;0;167;0;0.5;0.0
08;2021-02-06;0;0;167;0;0.5;0.0
08;2021-02-07;0;0;167;0;0.5;0.0
08;2021-02-08;0;0;167;0;0.5;0.0
08;2021-02-09;38;0;205;0;0.6;0.0
08;2021-02-10;27;1;232;1;0.7;0.0
08;2021-02-11;0;0;232;1;0.7;0.0
08;2021-02-12;35;0;267;1;0.8;0.0
08;2021-02-13;0;0;267;1;0.8;0.0
08;2021-02-14;0;0;267;1;0.8;0.0
08;2021-02-15;50;0;317;1;0.9;0.0
08;2021-02-16;0;0;317;1;0.9;0.0
08;2021-02-17;0;0;317;1;0.9;0.0
08;2021-02-18;27;0;344;1;1.0;0.0
08;2021-02-19;44;0;388;1;1.1;0.0
08;2021-02-20;0;0;388;1;1.1;0.0
08;2021-02-21;0;0;388;1;1.1;0.0
08;2021-02-22;46;4;434;5;1.2;0.0
08;2021-02-23;39;29;473;34;1.3;0.1
08;2021-02-24;35;1;508;35;1.4;0.1
08;2021-02-25;55;36;563;71;1.6;0.2
08;2021-02-26;39;5;602;76;1.7;0.2
08;2021-02-27;0;0;602;76;1.7;0.2
08;2021-02-28;0;0;602;76;1.7;0.2
08;2021-03-01;48;5;650;81;1.8;0.2
08;2021-03-02;7;27;657;108;1.9;0.3
08;2021-03-03;38;27;695;135;2.0;0.4
08;2021-03-04;30;26;725;161;2.1;0.5
08;2021-03-05;46;11;771;172;2.2;0.5
08;2021-03-06;0;0;771;172;2.2;0.5
08;2021-03-07;0;0;771;172;2.2;0.5
08;2021-03-08;29;7;800;179;2.3;0.5
08;2021-03-09;19;27;819;206;2.3;0.6
08;2021-03-10;32;28;851;234;2.4;0.7
08;2021-03-11;2;0;853;234;2.4;0.7
08;2021-03-12;52;21;905;255;2.6;0.7
08;2021-03-13;11;0;916;255;2.6;0.7
08;2021-03-14;0;0;916;255;2.6;0.7
08;2021-03-15;31;43;947;298;2.7;0.8
08;2021-03-16;73;6;1020;304;2.9;0.9
08;2021-03-17;67;13;1087;317;3.1;0.9
08;2021-03-18;82;39;1169;356;3.3;1.0
08;2021-03-19;30;51;1199;407;3.4;1.2
08;2021-03-20;0;0;1199;407;3.4;1.2
08;2021-03-21;0;0;1199;407;3.4;1.2
08;2021-03-22;33;45;1232;452;3.5;1.3
08;2021-03-23;32;45;1264;497;3.6;1.4
08;2021-03-24;38;42;1302;539;3.7;1.5
08;2021-03-25;90;34;1392;573;3.9;1.6
08;2021-03-26;45;33;1437;606;4.1;1.7
08;2021-03-27;93;3;1530;609;4.3;1.7
08;2021-03-28;0;0;1530;609;4.3;1.7
08;2021-03-29;69;49;1599;658;4.5;1.9
08;2021-03-30;98;24;1697;682;4.8;1.9
08;2021-03-31;89;46;1786;728;5.1;2.1
08;2021-04-01;56;48;1842;776;5.2;2.2
08;2021-04-02;0;0;1842;776;5.2;2.2
08;2021-04-03;0;0;1842;776;5.2;2.2
08;2021-04-04;0;0;1842;776;5.2;2.2
08;2021-04-05;0;0;1842;776;5.2;2.2
08;2021-04-06;49;63;1891;839;5.4;2.4
08;2021-04-07;91;32;1982;871;5.6;2.5
08;2021-04-08;120;8;2102;879;5.9;2.5
08;2021-04-09;89;39;2191;918;6.2;2.6
08;2021-04-10;160;7;2351;925;6.7;2.6
08;2021-04-11;0;0;2351;925;6.7;2.6
08;2021-04-12;41;76;2392;1001;6.8;2.8
08;2021-04-13;46;71;2438;1072;6.9;3.0
08;2021-04-14;80;45;2518;1117;7.1;3.2
08;2021-04-15;92;25;2610;1142;7.4;3.2
08;2021-04-16;77;42;2687;1184;7.6;3.4
08;2021-04-17;165;4;2852;1188;8.1;3.4
08;2021-04-18;0;0;2852;1188;8.1;3.4
08;2021-04-19;51;67;2903;1255;8.2;3.6
08;2021-04-20;83;27;2986;1282;8.5;3.6
08;2021-04-21;90;29;3076;1311;8.7;3.7
08;2021-04-22;100;20;3176;1331;9.0;3.8
08;2021-04-23;44;66;3220;1397;9.1;4.0
08;2021-04-24;99;78;3319;1475;9.4;4.2
08;2021-04-25;0;0;3319;1475;9.4;4.2
08;2021-04-26;28;93;3347;1568;9.5;4.4
08;2021-04-27;59;63;3406;1631;9.6;4.6
08;2021-04-28;92;39;3498;1670;9.9;4.7
08;2021-04-29;91;34;3589;1704;10.2;4.8
08;2021-04-30;119;15;3708;1719;10.5;4.9
08;2021-05-01;0;8;3708;1727;10.5;4.9
08;2021-05-02;0;0;3708;1727;10.5;4.9
08;2021-05-03;24;102;3732;1829;10.6;5.2
08;2021-05-04;146;102;3878;1931;11.0;5.5
08;2021-05-05;138;59;4016;1990;11.4;5.6
08;2021-05-06;188;49;4204;2039;11.9;5.8
08;2021-05-07;126;71;4330;2110;12.3;6.0
08;2021-05-08;67;122;4397;2232;12.4;6.3
08;2021-05-09;0;0;4397;2232;12.4;6.3
08;2021-05-10;124;101;4521;2333;12.8;6.6
08;2021-05-11;131;77;4652;2410;13.2;6.8
08;2021-05-12;155;75;4807;2485;13.6;7.0
08;2021-05-13;74;8;4881;2493;13.8;7.1
08;2021-05-14;130;61;5011;2554;14.2;7.2
08;2021-05-15;85;4;5096;2558;14.4;7.2
08;2021-05-16;0;0;5096;2558;14.4;7.2
08;2021-05-17;144;112;5240;2670;14.8;7.6
08;2021-05-18;148;95;5388;2765;15.2;7.8
08;2021-05-19;83;70;5471;2835;15.5;8.0
08;2021-05-20;103;26;5574;2861;15.8;8.1
08;2021-05-21;96;52;5670;2913;16.0;8.2
08;2021-05-22;98;11;5768;2924;16.3;8.3
08;2021-05-23;0;0;5768;2924;16.3;8.3
08;2021-05-24;33;7;5801;2931;16.4;8.3
08;2021-05-25;119;77;5920;3008;16.8;8.5
08;2021-05-26;106;49;6026;3057;17.1;8.7
08;2021-05-27;109;42;6135;3099;17.4;8.8
08;2021-05-28;33;1;6168;3100;17.5;8.8
08;2021-05-29;59;215;6227;3315;17.6;9.4
08;2021-05-30;0;0;6227;3315;17.6;9.4
08;2021-05-31;108;65;6335;3380;17.9;9.6
08;2021-06-01;112;63;6447;3443;18.2;9.7
08;2021-06-02;130;32;6577;3475;18.6;9.8
08;2021-06-03;100;38;6677;3513;18.9;9.9
08;2021-06-04;126;71;6803;3584;19.3;10.1
08;2021-06-05;81;21;6884;3605;19.5;10.2
08;2021-06-06;0;0;6884;3605;19.5;10.2
08;2021-06-07;96;95;6980;3700;19.8;10.5
08;2021-06-08;134;63;7114;3763;20.1;10.6
08;2021-06-09;98;74;7212;3837;20.4;10.9
08;2021-06-10;109;64;7321;3901;20.7;11.0
08;2021-06-11;116;108;7437;4009;21.0;11.3
11;2020-12-27;13;2;13;2;0.0;0.0
11;2020-12-28;11;0;24;2;0.0;0.0
11;2020-12-29;56;0;80;2;0.0;0.0
11;2020-12-30;91;0;171;2;0.0;0.0
11;2020-12-31;39;0;210;2;0.0;0.0
11;2021-01-01;29;1;239;3;0.0;0.0
11;2021-01-02;64;1;303;4;0.0;0.0
11;2021-01-03;78;0;381;4;0.0;0.0
11;2021-01-04;551;5;932;9;0.0;0.0
11;2021-01-05;2062;17;2994;26;0.0;0.0
11;2021-01-06;3014;20;6008;46;0.0;0.0
11;2021-01-07;5368;37;11376;83;0.1;0.0
11;2021-01-08;7106;46;18482;129;0.2;0.0
11;2021-01-09;1881;5;20363;134;0.2;0.0
11;2021-01-10;1740;7;22103;141;0.2;0.0
11;2021-01-11;7987;58;30090;199;0.2;0.0
11;2021-01-12;10327;92;40417;291;0.3;0.0
11;2021-01-13;9993;88;50410;379;0.4;0.0
11;2021-01-14;10071;128;60481;507;0.5;0.0
11;2021-01-15;8886;79;69367;586;0.6;0.0
11;2021-01-16;2393;30;71760;616;0.6;0.0
11;2021-01-17;1082;19;72842;635;0.6;0.0
11;2021-01-18;12204;123;85046;758;0.7;0.0
11;2021-01-19;15785;114;100831;872;0.8;0.0
11;2021-01-20;18344;110;119175;982;1.0;0.0
11;2021-01-21;22241;131;141416;1113;1.2;0.0
11;2021-01-22;17005;157;158421;1270;1.3;0.0
11;2021-01-23;4956;19;163377;1289;1.3;0.0
11;2021-01-24;1276;6;164653;1295;1.3;0.0
11;2021-01-25;8848;184;173501;1479;1.4;0.0
11;2021-01-26;12321;373;185822;1852;1.5;0.0
11;2021-01-27;16219;686;202041;2538;1.6;0.0
11;2021-01-28;20289;1184;222330;3722;1.8;0.0
11;2021-01-29;15383;1368;237713;5090;1.9;0.0
11;2021-01-30;4456;101;242169;5191;2.0;0.0
11;2021-01-31;582;22;242751;5213;2.0;0.0
11;2021-02-01;7382;1953;250133;7166;2.0;0.1
11;2021-02-02;8349;2816;258482;9982;2.1;0.1
11;2021-02-03;8119;3807;266601;13789;2.2;0.1
11;2021-02-04;8779;4589;275380;18378;2.2;0.1
11;2021-02-05;8946;4423;284326;22801;2.3;0.2
11;2021-02-06;3266;748;287592;23549;2.3;0.2
11;2021-02-07;588;541;288180;24090;2.3;0.2
11;2021-02-08;6230;5914;294410;30004;2.4;0.2
11;2021-02-09;8428;9671;302838;39675;2.5;0.3
11;2021-02-10;9963;11175;312801;50850;2.5;0.4
11;2021-02-11;12364;16491;325165;67341;2.6;0.5
11;2021-02-12;11855;10566;337020;77907;2.7;0.6
11;2021-02-13;2589;2582;339609;80489;2.8;0.7
11;2021-02-14;311;558;339920;81047;2.8;0.7
11;2021-02-15;4454;12010;344374;93057;2.8;0.8
11;2021-02-16;5672;18471;350046;111528;2.9;0.9
11;2021-02-17;5675;15599;355721;127127;2.9;1.0
11;2021-02-18;8642;20762;364363;147889;3.0;1.2
11;2021-02-19;9038;15403;373401;163292;3.0;1.3
11;2021-02-20;1690;4842;375091;168134;3.1;1.4
11;2021-02-21;397;832;375488;168966;3.1;1.4
11;2021-02-22;4233;9910;379721;178876;3.1;1.5
11;2021-02-23;4942;10529;384663;189405;3.1;1.5
11;2021-02-24;5410;9868;390073;199273;3.2;1.6
11;2021-02-25;8598;14104;398671;213377;3.2;1.7
11;2021-02-26;11180;10154;409851;223531;3.3;1.8
11;2021-02-27;5079;3313;414930;226844;3.4;1.8
11;2021-02-28;739;657;415669;227501;3.4;1.9
11;2021-03-01;8843;7956;424512;235457;3.5;1.9
11;2021-03-02;14402;9609;438914;245066;3.6;2.0
11;2021-03-03;18714;10034;457628;255100;3.7;2.1
11;2021-03-04;28351;11011;485979;266111;4.0;2.2
11;2021-03-05;36704;10973;522683;277084;4.3;2.3
11;2021-03-06;46513;3433;569196;280517;4.6;2.3
11;2021-03-07;34369;2681;603565;283198;4.9;2.3
11;2021-03-08;17879;7323;621444;290521;5.1;2.4
11;2021-03-09;26990;7631;648434;298152;5.3;2.4
11;2021-03-10;27890;8268;676324;306420;5.5;2.5
11;2021-03-11;37344;9732;713668;316152;5.8;2.6
11;2021-03-12;45018;9255;758686;325407;6.2;2.7
11;2021-03-13;40031;2550;798717;327957;6.5;2.7
11;2021-03-14;14284;758;813001;328715;6.6;2.7
11;2021-03-15;29382;3949;842383;332664;6.9;2.7
11;2021-03-16;23723;3806;866106;336470;7.1;2.7
11;2021-03-17;24353;3623;890459;340093;7.3;2.8
11;2021-03-18;28990;4065;919449;344158;7.5;2.8
11;2021-03-19;39866;4226;959315;348384;7.8;2.8
11;2021-03-20;26028;1519;985343;349903;8.0;2.8
11;2021-03-21;5653;1306;990996;351209;8.1;2.9
11;2021-03-22;32318;4189;1023314;355398;8.3;2.9
11;2021-03-23;43533;5342;1066847;360740;8.7;2.9
11;2021-03-24;43257;4962;1110104;365702;9.0;3.0
11;2021-03-25;58615;5109;1168719;370811;9.5;3.0
11;2021-03-26;57905;5851;1226624;376662;10.0;3.1
11;2021-03-27;34564;2021;1261188;378683;10.3;3.1
11;2021-03-28;10169;459;1271357;379142;10.4;3.1
11;2021-03-29;33129;8111;1304486;387253;10.6;3.2
11;2021-03-30;44958;11474;1349444;398727;11.0;3.2
11;2021-03-31;40137;13831;1389581;412558;11.3;3.4
11;2021-04-01;45673;21686;1435254;434244;11.7;3.5
11;2021-04-02;39398;23958;1474652;458202;12.0;3.7
11;2021-04-03;18388;21123;1493040;479325;12.2;3.9
11;2021-04-04;6092;7320;1499132;486645;12.2;4.0
11;2021-04-05;5943;2148;1505075;488793;12.3;4.0
11;2021-04-06;30007;18370;1535082;507163;12.5;4.1
11;2021-04-07;37832;19951;1572914;527114;12.8;4.3
11;2021-04-08;47073;21046;1619987;548160;13.2;4.5
11;2021-04-09;53843;21461;1673830;569621;13.6;4.6
11;2021-04-10;28943;19662;1702773;589283;13.9;4.8
11;2021-04-11;6544;7199;1709317;596482;13.9;4.9
11;2021-04-12;30271;19213;1739588;615695;14.2;5.0
11;2021-04-13;37218;27532;1776806;643227;14.5;5.2
11;2021-04-14;35066;24312;1811872;667539;14.8;5.4
11;2021-04-15;39275;28414;1851147;695953;15.1;5.7
11;2021-04-16;41122;27760;1892269;723713;15.4;5.9
11;2021-04-17;22760;14936;1915029;738649;15.6;6.0
11;2021-04-18;5300;3724;1920329;742373;15.6;6.0
11;2021-04-19;25265;23186;1945594;765559;15.8;6.2
11;2021-04-20;30769;27856;1976363;793415;16.1;6.5
11;2021-04-21;32422;28201;2008785;821616;16.4;6.7
11;2021-04-22;34653;34714;2043438;856330;16.6;7.0
11;2021-04-23;38118;32274;2081556;888604;17.0;7.2
11;2021-04-24;38040;23171;2119596;911775;17.3;7.4
11;2021-04-25;20541;7992;2140137;919767;17.4;7.5
11;2021-04-26;34051;25219;2174188;944986;17.7;7.7
11;2021-04-27;46282;30073;2220470;975059;18.1;7.9
11;2021-04-28;54386;29807;2274856;1004866;18.5;8.2
11;2021-04-29;65393;32259;2340249;1037125;19.1;8.4
11;2021-04-30;63854;31045;2404103;1068170;19.6;8.7
11;2021-05-01;24935;5991;2429038;1074161;19.8;8.7
11;2021-05-02;14955;4971;2443993;1079132;19.9;8.8
11;2021-05-03;54338;35190;2498331;1114322;20.3;9.1
11;2021-05-04;59569;33779;2557900;1148101;20.8;9.4
11;2021-05-05;59670;34042;2617570;1182143;21.3;9.6
11;2021-05-06;67014;37950;2684584;1220093;21.9;9.9
11;2021-05-07;65279;39880;2749863;1259973;22.4;10.3
11;2021-05-08;49548;16800;2799411;1276773;22.8;10.4
11;2021-05-09;33003;10115;2832414;1286888;23.1;10.5
11;2021-05-10;69881;30399;2902295;1317287;23.6;10.7
11;2021-05-11;81216;37975;2983511;1355262;24.3;11.0
11;2021-05-12;82779;32304;3066290;1387566;25.0;11.3
11;2021-05-13;67556;9934;3133846;1397500;25.5;11.4
11;2021-05-14;83942;21998;3217788;1419498;26.2;11.6
11;2021-05-15;66200;15298;3283988;1434796;26.7;11.7
11;2021-05-16;36261;5102;3320249;1439898;27.0;11.7
11;2021-05-17;82045;16803;3402294;1456701;27.7;11.9
11;2021-05-18;97742;19723;3500036;1476424;28.5;12.0
11;2021-05-19;97389;27670;3597425;1504094;29.3;12.3
11;2021-05-20;106120;28694;3703545;1532788;30.2;12.5
11;2021-05-21;100487;25871;3804032;1558659;31.0;12.7
11;2021-05-22;79241;14758;3883273;1573417;31.6;12.8
11;2021-05-23;41503;5979;3924776;1579396;32.0;12.9
11;2021-05-24;59481;8744;3984257;1588140;32.4;12.9
11;2021-05-25;85013;32112;4069270;1620252;33.1;13.2
11;2021-05-26;83454;32406;4152724;1652658;33.8;13.5
11;2021-05-27;91648;40469;4244372;1693127;34.6;13.8
11;2021-05-28;86437;45495;4330809;1738622;35.3;14.2
11;2021-05-29;67881;27468;4398690;1766090;35.8;14.4
11;2021-05-30;35823;8466;4434513;1774556;36.1;14.5
11;2021-05-31;77681;39837;4512194;1814393;36.7;14.8
11;2021-06-01;86523;50820;4598717;1865213;37.5;15.2
11;2021-06-02;82391;45340;4681108;1910553;38.1;15.6
11;2021-06-03;88260;53531;4769368;1964084;38.8;16.0
11;2021-06-04;84278;58608;4853646;2022692;39.5;16.5
11;2021-06-05;63406;49806;4917052;2072498;40.0;16.9
11;2021-06-06;37793;17503;4954845;2090001;40.4;17.0
11;2021-06-07;68695;53495;5023540;2143496;40.9;17.5
11;2021-06-08;73005;61715;5096545;2205211;41.5;18.0
11;2021-06-09;98918;48297;5195463;2253508;42.3;18.4
11;2021-06-10;88872;60858;5284335;2314366;43.0;18.8
11;2021-06-11;63975;71663;5348310;2386029;43.6;19.4
24;2020-12-27;0;0;0;0;0.0;0.0
24;2020-12-28;17;0;17;0;0.0;0.0
24;2020-12-29;10;0;27;0;0.0;0.0
24;2020-12-30;1;0;28;0;0.0;0.0
24;2020-12-31;0;0;28;0;0.0;0.0
24;2021-01-01;1;0;29;0;0.0;0.0
24;2021-01-02;0;0;29;0;0.0;0.0
24;2021-01-03;0;0;29;0;0.0;0.0
24;2021-01-04;24;0;53;0;0.0;0.0
24;2021-01-05;163;0;216;0;0.0;0.0
24;2021-01-06;328;0;544;0;0.0;0.0
24;2021-01-07;492;0;1036;0;0.0;0.0
24;2021-01-08;951;1;1987;1;0.1;0.0
24;2021-01-09;504;0;2491;1;0.1;0.0
24;2021-01-10;395;0;2886;1;0.1;0.0
24;2021-01-11;1280;0;4166;1;0.2;0.0
24;2021-01-12;2575;8;6741;9;0.3;0.0
24;2021-01-13;2189;6;8930;15;0.3;0.0
24;2021-01-14;2500;51;11430;66;0.4;0.0
24;2021-01-15;2114;7;13544;73;0.5;0.0
24;2021-01-16;857;5;14401;78;0.6;0.0
24;2021-01-17;322;3;14723;81;0.6;0.0
24;2021-01-18;3214;17;17937;98;0.7;0.0
24;2021-01-19;6320;17;24257;115;0.9;0.0
24;2021-01-20;7165;9;31422;124;1.2;0.0
24;2021-01-21;7414;3;38836;127;1.5;0.0
24;2021-01-22;5117;2;43953;129;1.7;0.0
24;2021-01-23;1273;1;45226;130;1.8;0.0
24;2021-01-24;225;1;45451;131;1.8;0.0
24;2021-01-25;3111;24;48562;155;1.9;0.0
24;2021-01-26;4846;88;53408;243;2.1;0.0
24;2021-01-27;5046;182;58454;425;2.3;0.0
24;2021-01-28;5635;505;64089;930;2.5;0.0
24;2021-01-29;3422;731;67511;1661;2.6;0.1
24;2021-01-30;1208;398;68719;2059;2.7;0.1
24;2021-01-31;251;368;68970;2427;2.7;0.1
24;2021-02-01;2170;927;71140;3354;2.8;0.1
24;2021-02-02;3032;1891;74172;5245;2.9;0.2
24;2021-02-03;3110;1768;77282;7013;3.0;0.3
24;2021-02-04;3235;1616;80517;8629;3.1;0.3
24;2021-02-05;2394;1370;82911;9999;3.2;0.4
24;2021-02-06;707;262;83618;10261;3.3;0.4
24;2021-02-07;134;32;83752;10293;3.3;0.4
24;2021-02-08;1967;1570;85719;11863;3.3;0.5
24;2021-02-09;3413;3310;89132;15173;3.5;0.6
24;2021-02-10;4085;3752;93217;18925;3.6;0.7
24;2021-02-11;4654;4774;97871;23699;3.8;0.9
24;2021-02-12;3481;3270;101352;26969;4.0;1.1
24;2021-02-13;839;769;102191;27738;4.0;1.1
24;2021-02-14;426;255;102617;27993;4.0;1.1
24;2021-02-15;1962;2858;104579;30851;4.1;1.2
24;2021-02-16;2850;4493;107429;35344;4.2;1.4
24;2021-02-17;2692;5101;110121;40445;4.3;1.6
24;2021-02-18;3520;5167;113641;45612;4.4;1.8
24;2021-02-19;3198;3552;116839;49164;4.6;1.9
24;2021-02-20;1288;984;118127;50148;4.6;2.0
24;2021-02-21;433;239;118560;50387;4.6;2.0
24;2021-02-22;1649;3060;120209;53447;4.7;2.1
24;2021-02-23;2340;3138;122549;56585;4.8;2.2
24;2021-02-24;2093;3466;124642;60051;4.9;2.3
24;2021-02-25;3624;3161;128266;63212;5.0;2.5
24;2021-02-26;4470;2617;132736;65829;5.2;2.6
24;2021-02-27;1880;995;134616;66824;5.3;2.6
24;2021-02-28;97;219;134713;67043;5.3;2.6
24;2021-03-01;2172;2022;136885;69065;5.3;2.7
24;2021-03-02;3430;2890;140315;71955;5.5;2.8
24;2021-03-03;3550;3408;143865;75363;5.6;2.9
24;2021-03-04;5347;3685;149212;79048;5.8;3.1
24;2021-03-05;7043;3145;156255;82193;6.1;3.2
24;2021-03-06;7389;739;163644;82932;6.4;3.2
24;2021-03-07;2434;284;166078;83216;6.5;3.3
24;2021-03-08;2694;2619;168772;85835;6.6;3.4
24;2021-03-09;5789;2843;174561;88678;6.8;3.5
24;2021-03-10;6435;3516;180996;92194;7.1;3.6
24;2021-03-11;7840;3495;188836;95689;7.4;3.7
24;2021-03-12;10827;2669;199663;98358;7.8;3.8
24;2021-03-13;7167;711;206830;99069;8.1;3.9
24;2021-03-14;1549;270;208379;99339;8.1;3.9
24;2021-03-15;4570;1971;212949;101310;8.3;4.0
24;2021-03-16;4594;2368;217543;103678;8.5;4.1
24;2021-03-17;4463;1983;222006;105661;8.7;4.1
24;2021-03-18;5068;2088;227074;107749;8.9;4.2
24;2021-03-19;7872;1673;234946;109422;9.2;4.3
24;2021-03-20;4505;876;239451;110298;9.4;4.3
24;2021-03-21;558;346;240009;110644;9.4;4.3
24;2021-03-22;4888;1713;244897;112357;9.6;4.4
24;2021-03-23;8068;2291;252965;114648;9.9;4.5
24;2021-03-24;9020;1998;261985;116646;10.2;4.6
24;2021-03-25;12385;1956;274370;118602;10.7;4.6
24;2021-03-26;13438;1964;287808;120566;11.2;4.7
24;2021-03-27;5820;666;293628;121232;11.5;4.7
24;2021-03-28;520;97;294148;121329;11.5;4.7
24;2021-03-29;6784;1864;300932;123193;11.8;4.8
24;2021-03-30;10213;2776;311145;125969;12.2;4.9
24;2021-03-31;10019;2329;321164;128298;12.6;5.0
24;2021-04-01;12190;3377;333354;131675;13.0;5.1
24;2021-04-02;10650;3324;344004;134999;13.4;5.3
24;2021-04-03;3410;1709;347414;136708;13.6;5.3
24;2021-04-04;399;341;347813;137049;13.6;5.4
24;2021-04-05;395;50;348208;137099;13.6;5.4
24;2021-04-06;8332;3399;356540;140498;13.9;5.5
24;2021-04-07;11152;4536;367692;145034;14.4;5.7
24;2021-04-08;14366;4722;382058;149756;14.9;5.9
24;2021-04-09;17809;3697;399867;153453;15.6;6.0
24;2021-04-10;9383;2069;409250;155522;16.0;6.1
24;2021-04-11;2909;1244;412159;156766;16.1;6.1
24;2021-04-12;10839;3428;422998;160194;16.5;6.3
24;2021-04-13;14999;4805;437997;164999;17.1;6.4
24;2021-04-14;13455;4906;451452;169905;17.6;6.6
24;2021-04-15;15350;5105;466802;175010;18.2;6.8
24;2021-04-16;15664;4311;482466;179321;18.9;7.0
24;2021-04-17;8187;1307;490653;180628;19.2;7.1
24;2021-04-18;1099;286;491752;180914;19.2;7.1
24;2021-04-19;9443;4130;501195;185044;19.6;7.2
24;2021-04-20;12729;5954;513924;190998;20.1;7.5
24;2021-04-21;12330;5979;526254;196977;20.6;7.7
24;2021-04-22;13869;7521;540123;204498;21.1;8.0
24;2021-04-23;13702;7030;553825;211528;21.6;8.3
24;2021-04-24;10245;3237;564070;214765;22.0;8.4
24;2021-04-25;3048;427;567118;215192;22.2;8.4
24;2021-04-26;10210;5415;577328;220607;22.6;8.6
24;2021-04-27;13915;7739;591243;228346;23.1;8.9
24;2021-04-28;14292;8431;605535;236777;23.7;9.3
24;2021-04-29;18187;8572;623722;245349;24.4;9.6
24;2021-04-30;18077;7211;641799;252560;25.1;9.9
24;2021-05-01;2971;668;644770;253228;25.2;9.9
24;2021-05-02;2186;315;646956;253543;25.3;9.9
24;2021-05-03;11330;6100;658286;259643;25.7;10.1
24;2021-05-04;12850;10278;671136;269921;26.2;10.5
24;2021-05-05;13907;9559;685043;279480;26.8;10.9
24;2021-05-06;17513;9650;702556;289130;27.5;11.3
24;2021-05-07;14529;11954;717085;301084;28.0;11.8
24;2021-05-08;3545;2367;720630;303451;28.2;11.9
24;2021-05-09;2323;3726;722953;307177;28.3;12.0
24;2021-05-10;11412;12171;734365;319348;28.7;12.5
24;2021-05-11;16383;14186;750748;333534;29.3;13.0
24;2021-05-12;18374;13115;769122;346649;30.1;13.5
24;2021-05-13;6946;3150;776068;349799;30.3;13.7
24;2021-05-14;14535;9154;790603;358953;30.9;14.0
24;2021-05-15;10478;5040;801081;363993;31.3;14.2
24;2021-05-16;3153;1178;804234;365171;31.4;14.3
24;2021-05-17;13292;7647;817526;372818;31.9;14.6
24;2021-05-18;18366;8191;835892;381009;32.7;14.9
24;2021-05-19;19008;7464;854900;388473;33.4;15.2
24;2021-05-20;21282;8429;876182;396902;34.2;15.5
24;2021-05-21;18352;9069;894534;405971;35.0;15.9
24;2021-05-22;7614;4183;902148;410154;35.3;16.0
24;2021-05-23;2975;940;905123;411094;35.4;16.1
24;2021-05-24;8328;1588;913451;412682;35.7;16.1
24;2021-05-25;17714;8834;931165;421516;36.4;16.5
24;2021-05-26;19143;8271;950308;429787;37.1;16.8
24;2021-05-27;20812;10019;971120;439806;37.9;17.2
24;2021-05-28;20428;12244;991548;452050;38.7;17.7
24;2021-05-29;12389;5887;1003937;457937;39.2;17.9
24;2021-05-30;2031;1485;1005968;459422;39.3;18.0
24;2021-05-31;14570;8896;1020538;468318;39.9;18.3
24;2021-06-01;19659;12003;1040197;480321;40.6;18.8
24;2021-06-02;17667;10779;1057864;491100;41.3;19.2
24;2021-06-03;20818;11882;1078682;502982;42.2;19.7
24;2021-06-04;19893;13832;1098575;516814;42.9;20.2
24;2021-06-05;9840;8826;1108415;525640;43.3;20.5
24;2021-06-06;1990;3020;1110405;528660;43.4;20.7
24;2021-06-07;14412;12001;1124817;540661;44.0;21.1
24;2021-06-08;16387;14914;1141204;555575;44.6;21.7
24;2021-06-09;23063;9303;1164267;564878;45.5;22.1
24;2021-06-10;20814;8813;1185081;573691;46.3;22.4
24;2021-06-11;16972;15242;1202053;588933;47.0;23.0
27;2020-12-27;4;0;4;0;0.0;0.0
27;2020-12-28;0;0;4;0;0.0;0.0
27;2020-12-29;19;0;23;0;0.0;0.0
27;2020-12-30;20;0;43;0;0.0;0.0
27;2020-12-31;2;0;45;0;0.0;0.0
27;2021-01-01;0;0;45;0;0.0;0.0
27;2021-01-02;1;0;46;0;0.0;0.0
27;2021-01-03;1;0;47;0;0.0;0.0
27;2021-01-04;27;0;74;0;0.0;0.0
27;2021-01-05;263;0;337;0;0.0;0.0
27;2021-01-06;718;1;1055;1;0.0;0.0
27;2021-01-07;1554;3;2609;4;0.1;0.0
27;2021-01-08;1894;3;4503;7;0.2;0.0
27;2021-01-09;689;0;5192;7;0.2;0.0
27;2021-01-10;3;0;5195;7;0.2;0.0
27;2021-01-11;2420;3;7615;10;0.3;0.0
27;2021-01-12;3821;5;11436;15;0.4;0.0
27;2021-01-13;3847;8;15283;23;0.5;0.0
27;2021-01-14;4751;47;20034;70;0.7;0.0
27;2021-01-15;3591;20;23625;90;0.8;0.0
27;2021-01-16;793;9;24418;99;0.9;0.0
27;2021-01-17;116;1;24534;100;0.9;0.0
27;2021-01-18;6242;18;30776;118;1.1;0.0
27;2021-01-19;8392;23;39168;141;1.4;0.0
27;2021-01-20;7899;56;47067;197;1.7;0.0
27;2021-01-21;9451;16;56518;213;2.0;0.0
27;2021-01-22;7703;17;64221;230;2.3;0.0
27;2021-01-23;2978;6;67199;236;2.4;0.0
27;2021-01-24;347;0;67546;236;2.4;0.0
27;2021-01-25;5217;29;72763;265;2.6;0.0
27;2021-01-26;7388;227;80151;492;2.9;0.0
27;2021-01-27;7092;346;87243;838;3.1;0.0
27;2021-01-28;6331;893;93574;1731;3.4;0.1
27;2021-01-29;5895;1264;99469;2995;3.6;0.1
27;2021-01-30;2469;347;101938;3342;3.7;0.1
27;2021-01-31;252;22;102190;3364;3.7;0.1
27;2021-02-01;3358;1403;105548;4767;3.8;0.2
27;2021-02-02;4041;2223;109589;6990;3.9;0.3
27;2021-02-03;3618;2396;113207;9386;4.1;0.3
27;2021-02-04;3703;3151;116910;12537;4.2;0.5
27;2021-02-05;3241;2588;120151;15125;4.3;0.5
27;2021-02-06;1610;670;121761;15795;4.4;0.6
27;2021-02-07;5;87;121766;15882;4.4;0.6
27;2021-02-08;2911;2685;124677;18567;4.5;0.7
27;2021-02-09;3016;3655;127693;22222;4.6;0.8
27;2021-02-10;3056;3410;130749;25632;4.7;0.9
27;2021-02-11;3316;4647;134065;30279;4.8;1.1
27;2021-02-12;2725;4460;136790;34739;4.9;1.2
27;2021-02-13;985;1466;137775;36205;5.0;1.3
27;2021-02-14;258;298;138033;36503;5.0;1.3
27;2021-02-15;1241;5758;139274;42261;5.0;1.5
27;2021-02-16;1507;7435;140781;49696;5.1;1.8
27;2021-02-17;1807;6916;142588;56612;5.1;2.0
27;2021-02-18;2144;6468;144732;63080;5.2;2.3
27;2021-02-19;1733;5667;146465;68747;5.3;2.5
27;2021-02-20;707;2180;147172;70927;5.3;2.5
27;2021-02-21;2;280;147174;71207;5.3;2.6
27;2021-02-22;978;4901;148152;76108;5.3;2.7
27;2021-02-23;1203;5446;149355;81554;5.4;2.9
27;2021-02-24;1500;4865;150855;86419;5.4;3.1
27;2021-02-25;2916;5057;153771;91476;5.5;3.3
27;2021-02-26;3687;4211;157458;95687;5.7;3.4
27;2021-02-27;1911;1956;159369;97643;5.7;3.5
27;2021-02-28;108;282;159477;97925;5.7;3.5
27;2021-03-01;3664;3505;163141;101430;5.9;3.6
27;2021-03-02;5417;4331;168558;105761;6.1;3.8
27;2021-03-03;5967;3566;174525;109327;6.3;3.9
27;2021-03-04;7709;3552;182234;112879;6.5;4.1
27;2021-03-05;9699;3167;191933;116046;6.9;4.2
27;2021-03-06;6237;1075;198170;117121;7.1;4.2
27;2021-03-07;872;185;199042;117306;7.2;4.2
27;2021-03-08;4545;3417;203587;120723;7.3;4.3
27;2021-03-09;8437;3383;212024;124106;7.6;4.5
27;2021-03-10;8733;2795;220757;126901;7.9;4.6
27;2021-03-11;10300;3184;231057;130085;8.3;4.7
27;2021-03-12;11917;2438;242974;132523;8.7;4.8
27;2021-03-13;7087;684;250061;133207;9.0;4.8
27;2021-03-14;210;60;250271;133267;9.0;4.8
27;2021-03-15;7336;1376;257607;134643;9.3;4.8
27;2021-03-16;8246;1078;265853;135721;9.6;4.9
27;2021-03-17;8532;1166;274385;136887;9.9;4.9
27;2021-03-18;8632;1399;283017;138286;10.2;5.0
27;2021-03-19;9511;1081;292528;139367;10.5;5.0
27;2021-03-20;5766;390;298294;139757;10.7;5.0
27;2021-03-21;236;11;298530;139768;10.7;5.0
27;2021-03-22;9375;952;307905;140720;11.1;5.1
27;2021-03-23;14743;1172;322648;141892;11.6;5.1
27;2021-03-24;15382;1232;338030;143124;12.1;5.1
27;2021-03-25;18677;1433;356707;144557;12.8;5.2
27;2021-03-26;18503;1227;375210;145784;13.5;5.2
27;2021-03-27;7706;399;382916;146183;13.8;5.3
27;2021-03-28;492;124;383408;146307;13.8;5.3
27;2021-03-29;10048;3387;393456;149694;14.1;5.4
27;2021-03-30;13011;3986;406467;153680;14.6;5.5
27;2021-03-31;13026;4171;419493;157851;15.1;5.7
27;2021-04-01;14752;4111;434245;161962;15.6;5.8
27;2021-04-02;12989;4033;447234;165995;16.1;6.0
27;2021-04-03;4488;1131;451722;167126;16.2;6.0
27;2021-04-04;67;35;451789;167161;16.2;6.0
27;2021-04-05;346;6;452135;167167;16.2;6.0
27;2021-04-06;9584;6152;461719;173319;16.6;6.2
27;2021-04-07;10288;6451;472007;179770;17.0;6.5
27;2021-04-08;16021;6111;488028;185881;17.5;6.7
27;2021-04-09;17893;5958;505921;191839;18.2;6.9
27;2021-04-10;6074;1935;511995;193774;18.4;7.0
27;2021-04-11;419;83;512414;193857;18.4;7.0
27;2021-04-12;9069;6785;521483;200642;18.7;7.2
27;2021-04-13;11735;8479;533218;209121;19.2;7.5
27;2021-04-14;10286;7826;543504;216947;19.5;7.8
27;2021-04-15;12971;7634;556475;224581;20.0;8.1
27;2021-04-16;12750;6415;569225;230996;20.5;8.3
27;2021-04-17;5914;3016;575139;234012;20.7;8.4
27;2021-04-18;353;189;575492;234201;20.7;8.4
27;2021-04-19;6974;8850;582466;243051;20.9;8.7
27;2021-04-20;8482;10522;590948;253573;21.2;9.1
27;2021-04-21;8334;10122;599282;263695;21.5;9.5
27;2021-04-22;9856;11507;609138;275202;21.9;9.9
27;2021-04-23;11339;10271;620477;285473;22.3;10.3
27;2021-04-24;5163;3945;625640;289418;22.5;10.4
27;2021-04-25;440;294;626080;289712;22.5;10.4
27;2021-04-26;9553;8728;635633;298440;22.8;10.7
27;2021-04-27;13543;10210;649176;308650;23.3;11.1
27;2021-04-28;15193;10332;664369;318982;23.9;11.5
27;2021-04-29;19290;11493;683659;330475;24.6;11.9
27;2021-04-30;19486;9482;703145;339957;25.3;12.2
27;2021-05-01;5640;1528;708785;341485;25.5;12.3
27;2021-05-02;613;73;709398;341558;25.5;12.3
27;2021-05-03;14917;6283;724315;347841;26.0;12.5
27;2021-05-04;13954;10762;738269;358603;26.5;12.9
27;2021-05-05;15577;9980;753846;368583;27.1;13.2
27;2021-05-06;18252;12301;772098;380884;27.7;13.7
27;2021-05-07;17201;11711;789299;392595;28.4;14.1
27;2021-05-08;5858;1491;795157;394086;28.6;14.2
27;2021-05-09;533;437;795690;394523;28.6;14.2
27;2021-05-10;15174;9823;810864;404346;29.1;14.5
27;2021-05-11;20736;12812;831600;417158;29.9;15.0
27;2021-05-12;19656;11678;851256;428836;30.6;15.4
27;2021-05-13;12275;2002;863531;430838;31.0;15.5
27;2021-05-14;22914;8323;886445;439161;31.9;15.8
27;2021-05-15;15369;3379;901814;442540;32.4;15.9
27;2021-05-16;1880;231;903694;442771;32.5;15.9
27;2021-05-17;18922;6751;922616;449522;33.2;16.2
27;2021-05-18;20502;9231;943118;458753;33.9;16.5
27;2021-05-19;22206;7253;965324;466006;34.7;16.7
27;2021-05-20;23188;8140;988512;474146;35.5;17.0
27;2021-05-21;21049;10009;1009561;484155;36.3;17.4
27;2021-05-22;8253;3587;1017814;487742;36.6;17.5
27;2021-05-23;901;302;1018715;488044;36.6;17.5
27;2021-05-24;4224;1079;1022939;489123;36.8;17.6
27;2021-05-25;14835;11595;1037774;500718;37.3;18.0
27;2021-05-26;15300;10603;1053074;511321;37.8;18.4
27;2021-05-27;18303;11755;1071377;523076;38.5;18.8
27;2021-05-28;16046;14086;1087423;537162;39.1;19.3
27;2021-05-29;6801;5143;1094224;542305;39.3;19.5
27;2021-05-30;385;255;1094609;542560;39.3;19.5
27;2021-05-31;13297;10916;1107906;553476;39.8;19.9
27;2021-06-01;16478;13398;1124384;566874;40.4;20.4
27;2021-06-02;16109;11417;1140493;578291;41.0;20.8
27;2021-06-03;17687;11834;1158180;590125;41.6;21.2
27;2021-06-04;16145;14585;1174325;604710;42.2;21.7
27;2021-06-05;8258;6723;1182583;611433;42.5;22.0
27;2021-06-06;1709;640;1184292;612073;42.6;22.0
27;2021-06-07;17361;13069;1201653;625142;43.2;22.5
27;2021-06-08;19859;15312;1221512;640454;43.9;23.0
27;2021-06-09;25211;9299;1246723;649753;44.8;23.3
27;2021-06-10;22266;10271;1268989;660024;45.6;23.7
27;2021-06-11;17989;17027;1286978;677051;46.2;24.3
28;2020-12-27;0;0;0;0;0.0;0.0
28;2020-12-28;1;0;1;0;0.0;0.0
28;2020-12-29;2;0;3;0;0.0;0.0
28;2020-12-30;0;0;3;0;0.0;0.0
28;2020-12-31;1;0;4;0;0.0;0.0
28;2021-01-01;2;0;6;0;0.0;0.0
28;2021-01-02;1;0;7;0;0.0;0.0
28;2021-01-03;1;0;8;0;0.0;0.0
28;2021-01-04;16;0;24;0;0.0;0.0
28;2021-01-05;169;0;193;0;0.0;0.0
28;2021-01-06;1393;2;1586;2;0.0;0.0
28;2021-01-07;2597;9;4183;11;0.1;0.0
28;2021-01-08;3428;3;7611;14;0.2;0.0
28;2021-01-09;1331;3;8942;17;0.3;0.0
28;2021-01-10;704;1;9646;18;0.3;0.0
28;2021-01-11;3178;3;12824;21;0.4;0.0
28;2021-01-12;3971;3;16795;24;0.5;0.0
28;2021-01-13;4302;6;21097;30;0.6;0.0
28;2021-01-14;8094;73;29191;103;0.9;0.0
28;2021-01-15;6218;24;35409;127;1.1;0.0
28;2021-01-16;2085;9;37494;136;1.1;0.0
28;2021-01-17;4071;21;41565;157;1.3;0.0
28;2021-01-18;8781;11;50346;168;1.5;0.0
28;2021-01-19;7140;13;57486;181;1.7;0.0
28;2021-01-20;6504;9;63990;190;1.9;0.0
28;2021-01-21;5990;9;69980;199;2.1;0.0
28;2021-01-22;5440;12;75420;211;2.3;0.0
28;2021-01-23;2018;7;77438;218;2.3;0.0
28;2021-01-24;1447;11;78885;229;2.4;0.0
28;2021-01-25;6238;179;85123;408;2.6;0.0
28;2021-01-26;4574;393;89697;801;2.7;0.0
28;2021-01-27;4035;765;93732;1566;2.8;0.0
28;2021-01-28;3753;1048;97485;2614;3.0;0.1
28;2021-01-29;3488;1305;100973;3919;3.1;0.1
28;2021-01-30;1386;517;102359;4436;3.1;0.1
28;2021-01-31;195;126;102554;4562;3.1;0.1
28;2021-02-01;2780;1661;105334;6223;3.2;0.2
28;2021-02-02;2984;2391;108318;8614;3.3;0.3
28;2021-02-03;2947;2670;111265;11284;3.4;0.3
28;2021-02-04;3724;5208;114989;16492;3.5;0.5
28;2021-02-05;3885;4391;118874;20883;3.6;0.6
28;2021-02-06;1139;1548;120013;22431;3.6;0.7
28;2021-02-07;715;1975;120728;24406;3.7;0.7
28;2021-02-08;3801;6857;124529;31263;3.8;0.9
28;2021-02-09;3461;6030;127990;37293;3.9;1.1
28;2021-02-10;3456;5072;131446;42365;4.0;1.3
28;2021-02-11;4208;4893;135654;47258;4.1;1.4
28;2021-02-12;4044;4611;139698;51869;4.2;1.6
28;2021-02-13;1122;1581;140820;53450;4.3;1.6
28;2021-02-14;285;1388;141105;54838;4.3;1.7
28;2021-02-15;2212;6277;143317;61115;4.3;1.9
28;2021-02-16;2654;5662;145971;66777;4.4;2.0
28;2021-02-17;1951;4555;147922;71332;4.5;2.2
28;2021-02-18;2567;4309;150489;75641;4.6;2.3
28;2021-02-19;2551;3719;153040;79360;4.6;2.4
28;2021-02-20;945;1259;153985;80619;4.7;2.4
28;2021-02-21;102;416;154087;81035;4.7;2.5
28;2021-02-22;1668;4233;155755;85268;4.7;2.6
28;2021-02-23;2173;3840;157928;89108;4.8;2.7
28;2021-02-24;2371;3893;160299;93001;4.9;2.8
28;2021-02-25;4771;4189;165070;97190;5.0;2.9
28;2021-02-26;5962;3729;171032;100919;5.2;3.1
28;2021-02-27;3007;1030;174039;101949;5.3;3.1
28;2021-02-28;341;386;174380;102335;5.3;3.1
28;2021-03-01;2524;4650;176904;106985;5.4;3.2
28;2021-03-02;3899;4090;180803;111075;5.5;3.4
28;2021-03-03;4793;3478;185596;114553;5.6;3.5
28;2021-03-04;7307;2856;192903;117409;5.8;3.6
28;2021-03-05;10155;2480;203058;119889;6.1;3.6
28;2021-03-06;9811;776;212869;120665;6.4;3.7
28;2021-03-07;3772;126;216641;120791;6.6;3.7
28;2021-03-08;5872;3270;222513;124061;6.7;3.8
28;2021-03-09;9324;2804;231837;126865;7.0;3.8
28;2021-03-10;9810;2436;241647;129301;7.3;3.9
28;2021-03-11;13976;1991;255623;131292;7.7;4.0
28;2021-03-12;18011;1527;273634;132819;8.3;4.0
28;2021-03-13;11149;516;284783;133335;8.6;4.0
28;2021-03-14;2265;97;287048;133432;8.7;4.0
28;2021-03-15;8665;860;295713;134292;9.0;4.1
28;2021-03-16;7484;1186;303197;135478;9.2;4.1
28;2021-03-17;7708;1184;310905;136662;9.4;4.1
28;2021-03-18;8163;1362;319068;138024;9.7;4.2
28;2021-03-19;11587;1449;330655;139473;10.0;4.2
28;2021-03-20;9704;534;340359;140007;10.3;4.2
28;2021-03-21;2411;18;342770;140025;10.4;4.2
28;2021-03-22;9399;1627;352169;141652;10.7;4.3
28;2021-03-23;12664;1490;364833;143142;11.0;4.3
28;2021-03-24;13278;1580;378111;144722;11.4;4.4
28;2021-03-25;17683;1785;395794;146507;12.0;4.4
28;2021-03-26;20888;1845;416682;148352;12.6;4.5
28;2021-03-27;11490;1113;428172;149465;13.0;4.5
28;2021-03-28;2964;84;431136;149549;13.1;4.5
28;2021-03-29;11783;2948;442919;152497;13.4;4.6
28;2021-03-30;14619;3049;457538;155546;13.9;4.7
28;2021-03-31;14392;3545;471930;159091;14.3;4.8
28;2021-04-01;18037;5519;489967;164610;14.8;5.0
28;2021-04-02;16813;6363;506780;170973;15.3;5.2
28;2021-04-03;7001;3955;513781;174928;15.6;5.3
28;2021-04-04;1776;793;515557;175721;15.6;5.3
28;2021-04-05;3290;733;518847;176454;15.7;5.3
28;2021-04-06;10895;7360;529742;183814;16.0;5.6
28;2021-04-07;12687;6932;542429;190746;16.4;5.8
28;2021-04-08;17659;7515;560088;198261;17.0;6.0
28;2021-04-09;23818;7808;583906;206069;17.7;6.2
28;2021-04-10;13808;4109;597714;210178;18.1;6.4
28;2021-04-11;3030;1191;600744;211369;18.2;6.4
28;2021-04-12;13765;8017;614509;219386;18.6;6.6
28;2021-04-13;16179;8025;630688;227411;19.1;6.9
28;2021-04-14;14291;7998;644979;235409;19.5;7.1
28;2021-04-15;17209;8377;662188;243786;20.0;7.4
28;2021-04-16;20217;7797;682405;251583;20.7;7.6
28;2021-04-17;12709;5008;695114;256591;21.0;7.8
28;2021-04-18;2290;1238;697404;257829;21.1;7.8
28;2021-04-19;10861;8863;708265;266692;21.4;8.1
28;2021-04-20;13893;9756;722158;276448;21.9;8.4
28;2021-04-21;13282;9981;735440;286429;22.3;8.7
28;2021-04-22;15279;11883;750719;298312;22.7;9.0
28;2021-04-23;16424;12302;767143;310614;23.2;9.4
28;2021-04-24;12574;7245;779717;317859;23.6;9.6
28;2021-04-25;3295;1905;783012;319764;23.7;9.7
28;2021-04-26;12577;10173;795589;329937;24.1;10.0
28;2021-04-27;15902;11731;811491;341668;24.6;10.3
28;2021-04-28;15439;10692;826930;352360;25.0;10.7
28;2021-04-29;18909;11744;845839;364104;25.6;11.0
28;2021-04-30;21142;11870;866981;375974;26.2;11.4
28;2021-05-01;12821;2950;879802;378924;26.6;11.5
28;2021-05-02;5988;1825;885790;380749;26.8;11.5
28;2021-05-03;12870;9976;898660;390725;27.2;11.8
28;2021-05-04;13795;13111;912455;403836;27.6;12.2
28;2021-05-05;13945;14442;926400;418278;28.0;12.7
28;2021-05-06;18295;15074;944695;433352;28.6;13.1
28;2021-05-07;17798;17358;962493;450710;29.1;13.6
28;2021-05-08;11945;4665;974438;455375;29.5;13.8
28;2021-05-09;7127;1813;981565;457188;29.7;13.8
28;2021-05-10;14119;14776;995684;471964;30.1;14.3
28;2021-05-11;18114;15305;1013798;487269;30.7;14.8
28;2021-05-12;18707;13931;1032505;501200;31.3;15.2
28;2021-05-13;19605;3691;1052110;504891;31.8;15.3
28;2021-05-14;26320;12482;1078430;517373;32.6;15.7
28;2021-05-15;26859;7046;1105289;524419;33.5;15.9
28;2021-05-16;14097;1556;1119386;525975;33.9;15.9
28;2021-05-17;16136;9401;1135522;535376;34.4;16.2
28;2021-05-18;20989;8739;1156511;544115;35.0;16.5
28;2021-05-19;20840;8443;1177351;552558;35.6;16.7
28;2021-05-20;23054;9624;1200405;562182;36.3;17.0
28;2021-05-21;21346;12053;1221751;574235;37.0;17.4
28;2021-05-22;17523;5946;1239274;580181;37.5;17.6
28;2021-05-23;9103;913;1248377;581094;37.8;17.6
28;2021-05-24;13386;3156;1261763;584250;38.2;17.7
28;2021-05-25;19093;11570;1280856;595820;38.8;18.0
28;2021-05-26;19208;9982;1300064;605802;39.4;18.3
28;2021-05-27;21681;12350;1321745;618152;40.0;18.7
28;2021-05-28;21523;16486;1343268;634638;40.7;19.2
28;2021-05-29;17538;10146;1360806;644784;41.2;19.5
28;2021-05-30;6264;1261;1367070;646045;41.4;19.6
28;2021-05-31;19811;11915;1386881;657960;42.0;19.9
28;2021-06-01;23664;13813;1410545;671773;42.7;20.3
28;2021-06-02;20705;12292;1431250;684065;43.3;20.7
28;2021-06-03;26421;14637;1457671;698702;44.1;21.2
28;2021-06-04;24484;18889;1482155;717591;44.9;21.7
28;2021-06-05;18159;12044;1500314;729635;45.4;22.1
28;2021-06-06;7464;2394;1507778;732029;45.6;22.2
28;2021-06-07;19203;14147;1526981;746176;46.2;22.6
28;2021-06-08;31493;11188;1558474;757364;47.2;22.9
28;2021-06-09;19962;14426;1578436;771790;47.8;23.4
28;2021-06-10;21239;14562;1599675;786352;48.4;23.8
28;2021-06-11;20823;21057;1620498;807409;49.1;24.4
32;2020-12-27;1;0;1;0;0.0;0.0
32;2020-12-28;26;0;27;0;0.0;0.0
32;2020-12-29;12;0;39;0;0.0;0.0
32;2020-12-30;0;0;39;0;0.0;0.0
32;2020-12-31;0;0;39;0;0.0;0.0
32;2021-01-01;1;0;40;0;0.0;0.0
32;2021-01-02;6;0;46;0;0.0;0.0
32;2021-01-03;5;0;51;0;0.0;0.0
32;2021-01-04;82;0;133;0;0.0;0.0
32;2021-01-05;300;0;433;0;0.0;0.0
32;2021-01-06;786;2;1219;2;0.0;0.0
32;2021-01-07;2431;3;3650;5;0.1;0.0
32;2021-01-08;3162;9;6812;14;0.1;0.0
32;2021-01-09;957;3;7769;17;0.1;0.0
32;2021-01-10;639;0;8408;17;0.1;0.0
32;2021-01-11;3266;6;11674;23;0.2;0.0
32;2021-01-12;5001;6;16675;29;0.3;0.0
32;2021-01-13;4939;7;21614;36;0.4;0.0
32;2021-01-14;5722;43;27336;79;0.5;0.0
32;2021-01-15;5220;20;32556;99;0.5;0.0
32;2021-01-16;1638;10;34194;109;0.6;0.0
32;2021-01-17;859;4;35053;113;0.6;0.0
32;2021-01-18;7231;20;42284;133;0.7;0.0
32;2021-01-19;9893;34;52177;167;0.9;0.0
32;2021-01-20;10341;28;62518;195;1.0;0.0
32;2021-01-21;12696;41;75214;236;1.3;0.0
32;2021-01-22;9871;22;85085;258;1.4;0.0
32;2021-01-23;3408;4;88493;262;1.5;0.0
32;2021-01-24;1119;2;89612;264;1.5;0.0
32;2021-01-25;6865;80;96477;344;1.6;0.0
32;2021-01-26;7448;178;103925;522;1.7;0.0
32;2021-01-27;4829;511;108754;1033;1.8;0.0
32;2021-01-28;8563;1686;117317;2719;2.0;0.0
32;2021-01-29;5369;1856;122686;4575;2.1;0.1
32;2021-01-30;534;413;123220;4988;2.1;0.1
32;2021-01-31;67;74;123287;5062;2.1;0.1
32;2021-02-01;191;1815;123478;6877;2.1;0.1
32;2021-02-02;786;3170;124264;10047;2.1;0.2
32;2021-02-03;4069;3190;128333;13237;2.2;0.2
32;2021-02-04;3683;3619;132016;16856;2.2;0.3
32;2021-02-05;1962;3279;133978;20135;2.2;0.3
32;2021-02-06;516;874;134494;21009;2.3;0.4
32;2021-02-07;539;95;135033;21104;2.3;0.4
32;2021-02-08;1866;3683;136899;24787;2.3;0.4
32;2021-02-09;2550;4368;139449;29155;2.3;0.5
32;2021-02-10;2983;5345;142432;34500;2.4;0.6
32;2021-02-11;4772;6188;147204;40688;2.5;0.7
32;2021-02-12;5087;4655;152291;45343;2.6;0.8
32;2021-02-13;938;1893;153229;47236;2.6;0.8
32;2021-02-14;116;711;153345;47947;2.6;0.8
32;2021-02-15;3612;6920;156957;54867;2.6;0.9
32;2021-02-16;4027;8232;160984;63099;2.7;1.1
32;2021-02-17;4278;8680;165262;71779;2.8;1.2
32;2021-02-18;7024;11424;172286;83203;2.9;1.4
32;2021-02-19;7081;8297;179367;91500;3.0;1.5
32;2021-02-20;2515;3012;181882;94512;3.1;1.6
32;2021-02-21;434;489;182316;95001;3.1;1.6
32;2021-02-22;3260;5327;185576;100328;3.1;1.7
32;2021-02-23;5507;5914;191083;106242;3.2;1.8
32;2021-02-24;7455;6047;198538;112289;3.3;1.9
32;2021-02-25;12846;5000;211384;117289;3.5;2.0
32;2021-02-26;12568;2866;223952;120155;3.8;2.0
32;2021-02-27;6483;295;230435;120450;3.9;2.0
32;2021-02-28;363;134;230798;120584;3.9;2.0
32;2021-03-01;7252;842;238050;121426;4.0;2.0
32;2021-03-02;10976;968;249026;122394;4.2;2.1
32;2021-03-03;12004;1710;261030;124104;4.4;2.1
32;2021-03-04;15123;2407;276153;126511;4.6;2.1
32;2021-03-05;17147;2072;293300;128583;4.9;2.2
32;2021-03-06;28087;993;321387;129576;5.4;2.2
32;2021-03-07;19871;460;341258;130036;5.7;2.2
32;2021-03-08;8931;2543;350189;132579;5.9;2.2
32;2021-03-09;14322;3269;364511;135848;6.1;2.3
32;2021-03-10;15826;3180;380337;139028;6.4;2.3
32;2021-03-11;21039;4652;401376;143680;6.7;2.4
32;2021-03-12;26167;4154;427543;147834;7.2;2.5
32;2021-03-13;41664;1923;469207;149757;7.9;2.5
32;2021-03-14;20106;538;489313;150295;8.2;2.5
32;2021-03-15;13089;3563;502402;153858;8.4;2.6
32;2021-03-16;9760;3468;512162;157326;8.6;2.6
32;2021-03-17;9689;4116;521851;161442;8.8;2.7
32;2021-03-18;10014;5017;531865;166459;8.9;2.8
32;2021-03-19;18201;3783;550066;170242;9.2;2.9
32;2021-03-20;36828;1903;586894;172145;9.8;2.9
32;2021-03-21;19879;744;606773;172889;10.2;2.9
32;2021-03-22;12196;4261;618969;177150;10.4;3.0
32;2021-03-23;19079;5889;638048;183039;10.7;3.1
32;2021-03-24;18325;6117;656373;189156;11.0;3.2
32;2021-03-25;25999;5653;682372;194809;11.4;3.3
32;2021-03-26;29268;5837;711640;200646;11.9;3.4
32;2021-03-27;36761;2075;748401;202721;12.6;3.4
32;2021-03-28;18640;578;767041;203299;12.9;3.4
32;2021-03-29;14629;7015;781670;210314;13.1;3.5
32;2021-03-30;19024;8621;800694;218935;13.4;3.7
32;2021-03-31;16065;9258;816759;228193;13.7;3.8
32;2021-04-01;18571;10990;835330;239183;14.0;4.0
32;2021-04-02;20075;12513;855405;251696;14.3;4.2
32;2021-04-03;30076;10101;885481;261797;14.9;4.4
32;2021-04-04;11650;4699;897131;266496;15.0;4.5
32;2021-04-05;9597;2302;906728;268798;15.2;4.5
32;2021-04-06;14264;10845;920992;279643;15.4;4.7
32;2021-04-07;18256;12497;939248;292140;15.8;4.9
32;2021-04-08;23951;12902;963199;305042;16.2;5.1
32;2021-04-09;29955;13039;993154;318081;16.7;5.3
32;2021-04-10;26108;18714;1019262;336795;17.1;5.6
32;2021-04-11;9150;11986;1028412;348781;17.2;5.8
32;2021-04-12;15381;9467;1043793;358248;17.5;6.0
32;2021-04-13;21784;11505;1065577;369753;17.9;6.2
32;2021-04-14;22435;11075;1088012;380828;18.2;6.4
32;2021-04-15;25705;11067;1113717;391895;18.7;6.6
32;2021-04-16;25262;12377;1138979;404272;19.1;6.8
32;2021-04-17;17895;22938;1156874;427210;19.4;7.2
32;2021-04-18;6396;14020;1163270;441230;19.5;7.4
32;2021-04-19;11634;9775;1174904;451005;19.7;7.6
32;2021-04-20;16415;12262;1191319;463267;20.0;7.8
32;2021-04-21;15782;12536;1207101;475803;20.2;8.0
32;2021-04-22;19053;14948;1226154;490751;20.6;8.2
32;2021-04-23;19652;15917;1245806;506668;20.9;8.5
32;2021-04-24;15436;20988;1261242;527656;21.2;8.8
32;2021-04-25;6954;12280;1268196;539936;21.3;9.1
32;2021-04-26;13229;10688;1281425;550624;21.5;9.2
32;2021-04-27;18761;14081;1300186;564705;21.8;9.5
32;2021-04-28;22518;15987;1322704;580692;22.2;9.7
32;2021-04-29;24857;19871;1347561;600563;22.6;10.1
32;2021-04-30;25779;21512;1373340;622075;23.0;10.4
32;2021-05-01;24122;13862;1397462;635937;23.4;10.7
32;2021-05-02;21737;10264;1419199;646201;23.8;10.8
32;2021-05-03;22006;11212;1441205;657413;24.2;11.0
32;2021-05-04;23822;16209;1465027;673622;24.6;11.3
32;2021-05-05;24013;17352;1489040;690974;25.0;11.6
32;2021-05-06;25775;19840;1514815;710814;25.4;11.9
32;2021-05-07;30722;21428;1545537;732242;25.9;12.3
32;2021-05-08;33284;8881;1578821;741123;26.5;12.4
32;2021-05-09;26723;6413;1605544;747536;26.9;12.5
32;2021-05-10;24121;16007;1629665;763543;27.3;12.8
32;2021-05-11;31272;18937;1660937;782480;27.9;13.1
32;2021-05-12;37121;18675;1698058;801155;28.5;13.4
32;2021-05-13;40507;7223;1738565;808378;29.2;13.6
32;2021-05-14;41690;14509;1780255;822887;29.9;13.8
32;2021-05-15;59489;12016;1839744;834903;30.9;14.0
32;2021-05-16;47757;4733;1887501;839636;31.7;14.1
32;2021-05-17;31372;10868;1918873;850504;32.2;14.3
32;2021-05-18;36477;12394;1955350;862898;32.8;14.5
32;2021-05-19;38707;11480;1994057;874378;33.4;14.7
32;2021-05-20;39657;14853;2033714;889231;34.1;14.9
32;2021-05-21;42235;16882;2075949;906113;34.8;15.2
32;2021-05-22;57632;12985;2133581;919098;35.8;15.4
32;2021-05-23;38850;4341;2172431;923439;36.4;15.5
32;2021-05-24;28411;3798;2200842;927237;36.9;15.6
32;2021-05-25;31021;14822;2231863;942059;37.4;15.8
32;2021-05-26;33913;16714;2265776;958773;38.0;16.1
32;2021-05-27;34548;20621;2300324;979394;38.6;16.4
32;2021-05-28;34211;25104;2334535;1004498;39.2;16.8
32;2021-05-29;37359;19554;2371894;1024052;39.8;17.2
32;2021-05-30;16076;3500;2387970;1027552;40.0;17.2
32;2021-05-31;27859;16481;2415829;1044033;40.5;17.5
32;2021-06-01;32710;23962;2448539;1067995;41.1;17.9
32;2021-06-02;32096;21583;2480635;1089578;41.6;18.3
32;2021-06-03;34248;24998;2514883;1114576;42.2;18.7
32;2021-06-04;35796;27656;2550679;1142232;42.8;19.2
32;2021-06-05;34279;22704;2584958;1164936;43.4;19.5
32;2021-06-06;16501;5683;2601459;1170619;43.6;19.6
32;2021-06-07;21142;19295;2622601;1189914;44.0;20.0
32;2021-06-08;26575;24317;2649176;1214231;44.4;20.4
32;2021-06-09;38276;17216;2687452;1231447;45.1;20.7
32;2021-06-10;32337;18619;2719789;1250066;45.6;21.0
32;2021-06-11;26084;35904;2745873;1285970;46.1;21.6
44;2020-12-27;0;0;0;0;0.0;0.0
44;2020-12-28;0;0;0;0;0.0;0.0
44;2020-12-29;0;0;0;0;0.0;0.0
44;2020-12-30;0;0;0;0;0.0;0.0
44;2020-12-31;11;0;11;0;0.0;0.0
44;2021-01-01;1;0;12;0;0.0;0.0
44;2021-01-02;3;0;15;0;0.0;0.0
44;2021-01-03;3;0;18;0;0.0;0.0
44;2021-01-04;243;0;261;0;0.0;0.0
44;2021-01-05;769;0;1030;0;0.0;0.0
44;2021-01-06;1242;2;2272;2;0.0;0.0
44;2021-01-07;2422;3;4694;5;0.1;0.0
44;2021-01-08;3130;7;7824;12;0.1;0.0
44;2021-01-09;938;1;8762;13;0.2;0.0
44;2021-01-10;233;0;8995;13;0.2;0.0
44;2021-01-11;2977;8;11972;21;0.2;0.0
44;2021-01-12;5275;6;17247;27;0.3;0.0
44;2021-01-13;7660;18;24907;45;0.5;0.0
44;2021-01-14;9539;81;34446;126;0.6;0.0
44;2021-01-15;6695;27;41141;153;0.7;0.0
44;2021-01-16;1917;9;43058;162;0.8;0.0
44;2021-01-17;902;1;43960;163;0.8;0.0
44;2021-01-18;8709;25;52669;188;1.0;0.0
44;2021-01-19;10651;16;63320;204;1.1;0.0
44;2021-01-20;11031;42;74351;246;1.3;0.0
44;2021-01-21;11723;23;86074;269;1.6;0.0
44;2021-01-22;9631;26;95705;295;1.7;0.0
44;2021-01-23;3286;20;98991;315;1.8;0.0
44;2021-01-24;1567;3;100558;318;1.8;0.0
44;2021-01-25;6616;302;107174;620;1.9;0.0
44;2021-01-26;5643;434;112817;1054;2.0;0.0
44;2021-01-27;7372;599;120189;1653;2.2;0.0
44;2021-01-28;8791;1247;128980;2900;2.3;0.1
44;2021-01-29;6756;1798;135736;4698;2.5;0.1
44;2021-01-30;2547;494;138283;5192;2.5;0.1
44;2021-01-31;1250;54;139533;5246;2.5;0.1
44;2021-02-01;6382;2381;145915;7627;2.6;0.1
44;2021-02-02;6214;3811;152129;11438;2.8;0.2
44;2021-02-03;5594;4547;157723;15985;2.9;0.3
44;2021-02-04;6436;6968;164159;22953;3.0;0.4
44;2021-02-05;6388;5234;170547;28187;3.1;0.5
44;2021-02-06;1972;1207;172519;29394;3.1;0.5
44;2021-02-07;406;593;172925;29987;3.1;0.5
44;2021-02-08;3821;4468;176746;34455;3.2;0.6
44;2021-02-09;5715;5835;182461;40290;3.3;0.7
44;2021-02-10;6253;6039;188714;46329;3.4;0.8
44;2021-02-11;7048;6562;195762;52891;3.6;1.0
44;2021-02-12;7278;5543;203040;58434;3.7;1.1
44;2021-02-13;2544;1255;205584;59689;3.7;1.1
44;2021-02-14;1612;824;207196;60513;3.8;1.1
44;2021-02-15;4002;7206;211198;67719;3.8;1.2
44;2021-02-16;4567;7973;215765;75692;3.9;1.4
44;2021-02-17;4705;8539;220470;84231;4.0;1.5
44;2021-02-18;6003;9268;226473;93499;4.1;1.7
44;2021-02-19;5539;7493;232012;100992;4.2;1.8
44;2021-02-20;2337;2842;234349;103834;4.3;1.9
44;2021-02-21;541;1399;234890;105233;4.3;1.9
44;2021-02-22;4486;7026;239376;112259;4.3;2.0
44;2021-02-23;6028;7255;245404;119514;4.5;2.2
44;2021-02-24;6601;5935;252005;125449;4.6;2.3
44;2021-02-25;10524;7550;262529;132999;4.8;2.4
44;2021-02-26;12381;6322;274910;139321;5.0;2.5
44;2021-02-27;7889;2156;282799;141477;5.1;2.6
44;2021-02-28;2117;519;284916;141996;5.2;2.6
44;2021-03-01;6077;4662;290993;146658;5.3;2.7
44;2021-03-02;9393;5647;300386;152305;5.4;2.8
44;2021-03-03;11289;5566;311675;157871;5.7;2.9
44;2021-03-04;13285;5757;324960;163628;5.9;3.0
44;2021-03-05;17907;5650;342867;169278;6.2;3.1
44;2021-03-06;21365;2121;364232;171399;6.6;3.1
44;2021-03-07;12201;718;376433;172117;6.8;3.1
44;2021-03-08;9414;4246;385847;176363;7.0;3.2
44;2021-03-09;15216;4924;401063;181287;7.3;3.3
44;2021-03-10;16685;5145;417748;186432;7.6;3.4
44;2021-03-11;20431;5614;438179;192046;7.9;3.5
44;2021-03-12;26917;5450;465096;197496;8.4;3.6
44;2021-03-13;24282;2359;489378;199855;8.9;3.6
44;2021-03-14;6770;868;496148;200723;9.0;3.6
44;2021-03-15;13012;3447;509160;204170;9.2;3.7
44;2021-03-16;12828;3965;521988;208135;9.5;3.8
44;2021-03-17;14192;3616;536180;211751;9.7;3.8
44;2021-03-18;15400;3745;551580;215496;10.0;3.9
44;2021-03-19;21615;3848;573195;219344;10.4;4.0
44;2021-03-20;15689;1916;588884;221260;10.7;4.0
44;2021-03-21;4640;278;593524;221538;10.8;4.0
44;2021-03-22;12564;3888;606088;225426;11.0;4.1
44;2021-03-23;19482;5041;625570;230467;11.3;4.2
44;2021-03-24;22382;5136;647952;235603;11.8;4.3
44;2021-03-25;28795;5706;676747;241309;12.3;4.4
44;2021-03-26;30543;5415;707290;246724;12.8;4.5
44;2021-03-27;16306;4648;723596;251372;13.1;4.6
44;2021-03-28;4080;1969;727676;253341;13.2;4.6
44;2021-03-29;14365;6088;742041;259429;13.5;4.7
44;2021-03-30;21493;7746;763534;267175;13.9;4.8
44;2021-03-31;20372;7961;783906;275136;14.2;5.0
44;2021-04-01;23886;9291;807792;284427;14.7;5.2
44;2021-04-02;16256;6853;824048;291280;15.0;5.3
44;2021-04-03;10227;5750;834275;297030;15.1;5.4
44;2021-04-04;3132;1646;837407;298676;15.2;5.4
44;2021-04-05;4431;1403;841838;300079;15.3;5.4
44;2021-04-06;13431;10528;855269;310607;15.5;5.6
44;2021-04-07;17829;12068;873098;322675;15.8;5.9
44;2021-04-08;26491;12330;899589;335005;16.3;6.1
44;2021-04-09;32250;12635;931839;347640;16.9;6.3
44;2021-04-10;18253;10000;950092;357640;17.2;6.5
44;2021-04-11;3026;5960;953118;363600;17.3;6.6
44;2021-04-12;16955;11203;970073;374803;17.6;6.8
44;2021-04-13;21965;13723;992038;388526;18.0;7.0
44;2021-04-14;23083;14019;1015121;402545;18.4;7.3
44;2021-04-15;26246;15304;1041367;417849;18.9;7.6
44;2021-04-16;28077;15143;1069444;432992;19.4;7.9
44;2021-04-17;19800;8997;1089244;441989;19.8;8.0
44;2021-04-18;5044;4621;1094288;446610;19.9;8.1
44;2021-04-19;16917;11705;1111205;458315;20.2;8.3
44;2021-04-20;19079;14253;1130284;472568;20.5;8.6
44;2021-04-21;21132;14906;1151416;487474;20.9;8.8
44;2021-04-22;23695;15826;1175111;503300;21.3;9.1
44;2021-04-23;27824;16495;1202935;519795;21.8;9.4
44;2021-04-24;17008;9125;1219943;528920;22.1;9.6
44;2021-04-25;4830;3551;1224773;532471;22.2;9.7
44;2021-04-26;16757;11979;1241530;544450;22.5;9.9
44;2021-04-27;21293;14584;1262823;559034;22.9;10.1
44;2021-04-28;25916;14740;1288739;573774;23.4;10.4
44;2021-04-29;30757;16875;1319496;590649;23.9;10.7
44;2021-04-30;34141;15934;1353637;606583;24.6;11.0
44;2021-05-01;15448;6970;1369085;613553;24.8;11.1
44;2021-05-02;8201;3974;1377286;617527;25.0;11.2
44;2021-05-03;24034;12298;1401320;629825;25.4;11.4
44;2021-05-04;27006;17194;1428326;647019;25.9;11.7
44;2021-05-05;30820;19044;1459146;666063;26.5;12.1
44;2021-05-06;37930;20967;1497076;687030;27.2;12.5
44;2021-05-07;36061;24690;1533137;711720;27.8;12.9
44;2021-05-08;18754;6601;1551891;718321;28.2;13.0
44;2021-05-09;11066;2864;1562957;721185;28.4;13.1
44;2021-05-10;24231;20653;1587188;741838;28.8;13.5
44;2021-05-11;34245;22777;1621433;764615;29.4;13.9
44;2021-05-12;37160;23854;1658593;788469;30.1;14.3
44;2021-05-13;27867;6305;1686460;794774;30.6;14.4
44;2021-05-14;44074;18697;1730534;813471;31.4;14.8
44;2021-05-15;33908;13992;1764442;827463;32.0;15.0
44;2021-05-16;15516;3465;1779958;830928;32.3;15.1
44;2021-05-17;27033;14419;1806991;845347;32.8;15.3
44;2021-05-18;34960;15159;1841951;860506;33.4;15.6
44;2021-05-19;36731;16247;1878682;876753;34.1;15.9
44;2021-05-20;40612;16321;1919294;893074;34.8;16.2
44;2021-05-21;42681;20776;1961975;913850;35.6;16.6
44;2021-05-22;27615;11497;1989590;925347;36.1;16.8
44;2021-05-23;8642;1705;1998232;927052;36.3;16.8
44;2021-05-24;17855;4615;2016087;931667;36.6;16.9
44;2021-05-25;30113;17516;2046200;949183;37.1;17.2
44;2021-05-26;32239;19408;2078439;968591;37.7;17.6
44;2021-05-27;34466;20751;2112905;989342;38.3;17.9
44;2021-05-28;37404;27701;2150309;1017043;39.0;18.5
44;2021-05-29;26719;20065;2177028;1037108;39.5;18.8
44;2021-05-30;6111;4203;2183139;1041311;39.6;18.9
44;2021-05-31;26940;19619;2210079;1060930;40.1;19.2
44;2021-06-01;31428;22811;2241507;1083741;40.7;19.7
44;2021-06-02;33425;22815;2274932;1106556;41.3;20.1
44;2021-06-03;34468;25184;2309400;1131740;41.9;20.5
44;2021-06-04;39686;32056;2349086;1163796;42.6;21.1
44;2021-06-05;22870;20054;2371956;1183850;43.0;21.5
44;2021-06-06;8289;4445;2380245;1188295;43.2;21.6
44;2021-06-07;27860;21970;2408105;1210265;43.7;22.0
44;2021-06-08;33334;26609;2441439;1236874;44.3;22.4
44;2021-06-09;48692;18016;2490131;1254890;45.2;22.8
44;2021-06-10;41082;18426;2531213;1273316;45.9;23.1
44;2021-06-11;31763;35181;2562976;1308497;46.5;23.7
52;2020-12-27;0;0;0;0;0.0;0.0
52;2020-12-28;1;0;1;0;0.0;0.0
52;2020-12-29;0;0;1;0;0.0;0.0
52;2020-12-30;0;0;1;0;0.0;0.0
52;2020-12-31;0;0;1;0;0.0;0.0
52;2021-01-01;5;0;6;0;0.0;0.0
52;2021-01-02;1;0;7;0;0.0;0.0
52;2021-01-03;1;0;8;0;0.0;0.0
52;2021-01-04;34;0;42;0;0.0;0.0
52;2021-01-05;168;0;210;0;0.0;0.0
52;2021-01-06;384;1;594;1;0.0;0.0
52;2021-01-07;963;0;1557;1;0.0;0.0
52;2021-01-08;1664;2;3221;3;0.1;0.0
52;2021-01-09;1049;1;4270;4;0.1;0.0
52;2021-01-10;643;1;4913;5;0.1;0.0
52;2021-01-11;2197;0;7110;5;0.2;0.0
52;2021-01-12;3170;4;10280;9;0.3;0.0
52;2021-01-13;2988;2;13268;11;0.3;0.0
52;2021-01-14;3302;24;16570;35;0.4;0.0
52;2021-01-15;3013;9;19583;44;0.5;0.0
52;2021-01-16;894;5;20477;49;0.5;0.0
52;2021-01-17;499;3;20976;52;0.6;0.0
52;2021-01-18;3198;6;24174;58;0.6;0.0
52;2021-01-19;6553;7;30727;65;0.8;0.0
52;2021-01-20;8328;10;39055;75;1.0;0.0
52;2021-01-21;12167;10;51222;85;1.3;0.0
52;2021-01-22;7272;26;58494;111;1.5;0.0
52;2021-01-23;1678;4;60172;115;1.6;0.0
52;2021-01-24;174;0;60346;115;1.6;0.0
52;2021-01-25;3007;10;63353;125;1.7;0.0
52;2021-01-26;6734;152;70087;277;1.8;0.0
52;2021-01-27;7284;150;77371;427;2.0;0.0
52;2021-01-28;9725;462;87096;889;2.3;0.0
52;2021-01-29;5957;909;93053;1798;2.4;0.0
52;2021-01-30;1258;271;94311;2069;2.5;0.1
52;2021-01-31;79;314;94390;2383;2.5;0.1
52;2021-02-01;2521;1191;96911;3574;2.5;0.1
52;2021-02-02;2971;1859;99882;5433;2.6;0.1
52;2021-02-03;2685;2161;102567;7594;2.7;0.2
52;2021-02-04;2961;2115;105528;9709;2.8;0.3
52;2021-02-05;2966;2206;108494;11915;2.9;0.3
52;2021-02-06;1075;661;109569;12576;2.9;0.3
52;2021-02-07;151;297;109720;12873;2.9;0.3
52;2021-02-08;1930;2116;111650;14989;2.9;0.4
52;2021-02-09;3176;3716;114826;18705;3.0;0.5
52;2021-02-10;3319;4762;118145;23467;3.1;0.6
52;2021-02-11;6101;9295;124246;32762;3.3;0.9
52;2021-02-12;4704;5145;128950;37907;3.4;1.0
52;2021-02-13;1151;1243;130101;39150;3.4;1.0
52;2021-02-14;22;541;130123;39691;3.4;1.0
52;2021-02-15;2030;3533;132153;43224;3.5;1.1
52;2021-02-16;4111;6755;136264;49979;3.6;1.3
52;2021-02-17;3854;6947;140118;56926;3.7;1.5
52;2021-02-18;6136;9279;146254;66205;3.8;1.7
52;2021-02-19;5329;5825;151583;72030;4.0;1.9
52;2021-02-20;1027;1475;152610;73505;4.0;1.9
52;2021-02-21;6;274;152616;73779;4.0;1.9
52;2021-02-22;2632;3489;155248;77268;4.1;2.0
52;2021-02-23;3424;3699;158672;80967;4.2;2.1
52;2021-02-24;3292;3038;161964;84005;4.3;2.2
52;2021-02-25;6343;3212;168307;87217;4.4;2.3
52;2021-02-26;6205;2922;174512;90139;4.6;2.4
52;2021-02-27;2222;1044;176734;91183;4.6;2.4
52;2021-02-28;76;88;176810;91271;4.7;2.4
52;2021-03-01;3115;2328;179925;93599;4.7;2.5
52;2021-03-02;4735;3434;184660;97033;4.9;2.6
52;2021-03-03;5277;3405;189937;100438;5.0;2.6
52;2021-03-04;7802;4767;197739;105205;5.2;2.8
52;2021-03-05;9020;3921;206759;109126;5.4;2.9
52;2021-03-06;5643;1142;212402;110268;5.6;2.9
52;2021-03-07;2666;129;215068;110397;5.7;2.9
52;2021-03-08;5842;2417;220910;112814;5.8;3.0
52;2021-03-09;9607;3316;230517;116130;6.1;3.1
52;2021-03-10;9403;3387;239920;119517;6.3;3.1
52;2021-03-11;13627;5024;253547;124541;6.7;3.3
52;2021-03-12;15380;3737;268927;128278;7.1;3.4
52;2021-03-13;8307;752;277234;129030;7.3;3.4
52;2021-03-14;624;72;277858;129102;7.3;3.4
52;2021-03-15;8898;1914;286756;131016;7.5;3.4
52;2021-03-16;7571;2614;294327;133630;7.7;3.5
52;2021-03-17;6439;2379;300766;136009;7.9;3.6
52;2021-03-18;8301;2510;309067;138519;8.1;3.6
52;2021-03-19;11927;2123;320994;140642;8.4;3.7
52;2021-03-20;7160;748;328154;141390;8.6;3.7
52;2021-03-21;1688;46;329842;141436;8.7;3.7
52;2021-03-22;9034;2002;338876;143438;8.9;3.8
52;2021-03-23;13338;2585;352214;146023;9.3;3.8
52;2021-03-24;13343;2021;365557;148044;9.6;3.9
52;2021-03-25;18239;2785;383796;150829;10.1;4.0
52;2021-03-26;18990;2359;402786;153188;10.6;4.0
52;2021-03-27;7577;645;410363;153833;10.8;4.0
52;2021-03-28;2192;66;412555;153899;10.9;4.0
52;2021-03-29;10986;2710;423541;156609;11.1;4.1
52;2021-03-30;15928;3590;439469;160199;11.6;4.2
52;2021-03-31;13709;3235;453178;163434;11.9;4.3
52;2021-04-01;18881;3664;472059;167098;12.4;4.4
52;2021-04-02;17118;3490;489177;170588;12.9;4.5
52;2021-04-03;5519;1190;494696;171778;13.0;4.5
52;2021-04-04;1323;50;496019;171828;13.0;4.5
52;2021-04-05;1781;535;497800;172363;13.1;4.5
52;2021-04-06;11864;5233;509664;177596;13.4;4.7
52;2021-04-07;15182;5652;524846;183248;13.8;4.8
52;2021-04-08;21211;6360;546057;189608;14.4;5.0
52;2021-04-09;26589;5260;572646;194868;15.1;5.1
52;2021-04-10;10116;2351;582762;197219;15.3;5.2
52;2021-04-11;2567;433;585329;197652;15.4;5.2
52;2021-04-12;16326;6571;601655;204223;15.8;5.4
52;2021-04-13;20720;8143;622375;212366;16.4;5.6
52;2021-04-14;17636;6900;640011;219266;16.8;5.8
52;2021-04-15;21115;7998;661126;227264;17.4;6.0
52;2021-04-16;22575;7432;683701;234696;18.0;6.2
52;2021-04-17;9963;3023;693664;237719;18.2;6.3
52;2021-04-18;3037;1301;696701;239020;18.3;6.3
52;2021-04-19;14173;7802;710874;246822;18.7;6.5
52;2021-04-20;18263;9372;729137;256194;19.2;6.7
52;2021-04-21;15973;9138;745110;265332;19.6;7.0
52;2021-04-22;19400;10143;764510;275475;20.1;7.2
52;2021-04-23;20554;9945;785064;285420;20.6;7.5
52;2021-04-24;10018;4968;795082;290388;20.9;7.6
52;2021-04-25;3977;1940;799059;292328;21.0;7.7
52;2021-04-26;16853;9892;815912;302220;21.5;7.9
52;2021-04-27;22082;12527;837994;314747;22.0;8.3
52;2021-04-28;23441;10627;861435;325374;22.7;8.6
52;2021-04-29;25707;12644;887142;338018;23.3;8.9
52;2021-04-30;26580;12454;913722;350472;24.0;9.2
52;2021-05-01;8644;2468;922366;352940;24.3;9.3
52;2021-05-02;4306;1269;926672;354209;24.4;9.3
52;2021-05-03;19086;10595;945758;364804;24.9;9.6
52;2021-05-04;20067;14350;965825;379154;25.4;10.0
52;2021-05-05;20849;12742;986674;391896;26.0;10.3
52;2021-05-06;22450;13791;1009124;405687;26.5;10.7
52;2021-05-07;20675;17988;1029799;423675;27.1;11.1
52;2021-05-08;11095;2052;1040894;425727;27.4;11.2
52;2021-05-09;5387;2212;1046281;427939;27.5;11.3
52;2021-05-10;20688;17249;1066969;445188;28.1;11.7
52;2021-05-11;24943;19513;1091912;464701;28.7;12.2
52;2021-05-12;24654;17042;1116566;481743;29.4;12.7
52;2021-05-13;18565;2682;1135131;484425;29.9;12.7
52;2021-05-14;22699;12372;1157830;496797;30.5;13.1
52;2021-05-15;15613;5161;1173443;501958;30.9;13.2
52;2021-05-16;10270;1135;1183713;503093;31.1;13.2
52;2021-05-17;21075;14622;1204788;517715;31.7;13.6
52;2021-05-18;24652;14971;1229440;532686;32.3;14.0
52;2021-05-19;26683;11392;1256123;544078;33.0;14.3
52;2021-05-20;29250;11967;1285373;556045;33.8;14.6
52;2021-05-21;27300;13809;1312673;569854;34.5;15.0
52;2021-05-22;15401;4692;1328074;574546;34.9;15.1
52;2021-05-23;4470;1137;1332544;575683;35.1;15.1
52;2021-05-24;15985;2741;1348529;578424;35.5;15.2
52;2021-05-25;24406;14514;1372935;592938;36.1;15.6
52;2021-05-26;25118;12640;1398053;605578;36.8;15.9
52;2021-05-27;29045;14783;1427098;620361;37.5;16.3
52;2021-05-28;27889;17837;1454987;638198;38.3;16.8
52;2021-05-29;18305;7757;1473292;645955;38.8;17.0
52;2021-05-30;4229;1717;1477521;647672;38.9;17.0
52;2021-05-31;24386;15850;1501907;663522;39.5;17.5
52;2021-06-01;28792;17776;1530699;681298;40.3;17.9
52;2021-06-02;27385;15176;1558084;696474;41.0;18.3
52;2021-06-03;31691;16244;1589775;712718;41.8;18.7
52;2021-06-04;29192;20691;1618967;733409;42.6;19.3
52;2021-06-05;14524;11787;1633491;745196;43.0;19.6
52;2021-06-06;4770;3528;1638261;748724;43.1;19.7
52;2021-06-07;21690;20855;1659951;769579;43.7;20.2
52;2021-06-08;38034;16485;1697985;786064;44.7;20.7
52;2021-06-09;25832;18393;1723817;804457;45.3;21.2
52;2021-06-10;28691;17440;1752508;821897;46.1;21.6
52;2021-06-11;26770;24235;1779278;846132;46.8;22.3
53;2020-12-27;0;0;0;0;0.0;0.0
53;2020-12-28;0;0;0;0;0.0;0.0
53;2020-12-29;0;0;0;0;0.0;0.0
53;2020-12-30;0;0;0;0;0.0;0.0
53;2020-12-31;0;0;0;0;0.0;0.0
53;2021-01-01;3;0;3;0;0.0;0.0
53;2021-01-02;4;0;7;0;0.0;0.0
53;2021-01-03;0;0;7;0;0.0;0.0
53;2021-01-04;43;0;50;0;0.0;0.0
53;2021-01-05;200;0;250;0;0.0;0.0
53;2021-01-06;331;1;581;1;0.0;0.0
53;2021-01-07;834;0;1415;1;0.0;0.0
53;2021-01-08;1213;0;2628;1;0.1;0.0
53;2021-01-09;34;0;2662;1;0.1;0.0
53;2021-01-10;4;0;2666;1;0.1;0.0
53;2021-01-11;1661;3;4327;4;0.1;0.0
53;2021-01-12;3379;1;7706;5;0.2;0.0
53;2021-01-13;3354;4;11060;9;0.3;0.0
53;2021-01-14;3809;30;14869;39;0.4;0.0
53;2021-01-15;3299;15;18168;54;0.5;0.0
53;2021-01-16;683;4;18851;58;0.6;0.0
53;2021-01-17;180;1;19031;59;0.6;0.0
53;2021-01-18;3361;7;22392;66;0.7;0.0
53;2021-01-19;8164;4;30556;70;0.9;0.0
53;2021-01-20;7028;4;37584;74;1.1;0.0
53;2021-01-21;11463;5;49047;79;1.5;0.0
53;2021-01-22;7800;9;56847;88;1.7;0.0
53;2021-01-23;1492;2;58339;90;1.7;0.0
53;2021-01-24;255;1;58594;91;1.8;0.0
53;2021-01-25;3055;35;61649;126;1.8;0.0
53;2021-01-26;4111;232;65760;358;2.0;0.0
53;2021-01-27;7237;326;72997;684;2.2;0.0
53;2021-01-28;7132;638;80129;1322;2.4;0.0
53;2021-01-29;4230;730;84359;2052;2.5;0.1
53;2021-01-30;844;43;85203;2095;2.6;0.1
53;2021-01-31;79;3;85282;2098;2.6;0.1
53;2021-02-01;2209;1027;87491;3125;2.6;0.1
53;2021-02-02;3439;2014;90930;5139;2.7;0.2
53;2021-02-03;3173;2184;94103;7323;2.8;0.2
53;2021-02-04;7095;2271;101198;9594;3.0;0.3
53;2021-02-05;5585;2135;106783;11729;3.2;0.4
53;2021-02-06;1201;277;107984;12006;3.2;0.4
53;2021-02-07;214;132;108198;12138;3.2;0.4
53;2021-02-08;1651;1532;109849;13670;3.3;0.4
53;2021-02-09;3975;5254;113824;18924;3.4;0.6
53;2021-02-10;3791;4648;117615;23572;3.5;0.7
53;2021-02-11;5732;8790;123347;32362;3.7;1.0
53;2021-02-12;5660;5248;129007;37610;3.9;1.1
53;2021-02-13;1233;851;130240;38461;3.9;1.2
53;2021-02-14;25;348;130265;38809;3.9;1.2
53;2021-02-15;2326;3583;132591;42392;4.0;1.3
53;2021-02-16;4049;3542;136640;45934;4.1;1.4
53;2021-02-17;4073;5375;140713;51309;4.2;1.5
53;2021-02-18;5951;5738;146664;57047;4.4;1.7
53;2021-02-19;5355;4848;152019;61895;4.6;1.9
53;2021-02-20;1189;889;153208;62784;4.6;1.9
53;2021-02-21;165;218;153373;63002;4.6;1.9
53;2021-02-22;2318;2826;155691;65828;4.7;2.0
53;2021-02-23;3948;3673;159639;69501;4.8;2.1
53;2021-02-24;4467;3780;164106;73281;4.9;2.2
53;2021-02-25;7955;7140;172061;80421;5.2;2.4
53;2021-02-26;8686;4400;180747;84821;5.4;2.5
53;2021-02-27;3451;1104;184198;85925;5.5;2.6
53;2021-02-28;228;194;184426;86119;5.5;2.6
53;2021-03-01;3481;2264;187907;88383;5.6;2.6
53;2021-03-02;5623;4457;193530;92840;5.8;2.8
53;2021-03-03;6449;3784;199979;96624;6.0;2.9
53;2021-03-04;9304;4920;209283;101544;6.3;3.0
53;2021-03-05;11920;5212;221203;106756;6.6;3.2
53;2021-03-06;5650;1013;226853;107769;6.8;3.2
53;2021-03-07;914;144;227767;107913;6.8;3.2
53;2021-03-08;5179;2207;232946;110120;7.0;3.3
53;2021-03-09;9706;2923;242652;113043;7.3;3.4
53;2021-03-10;9360;3362;252012;116405;7.5;3.5
53;2021-03-11;14442;4043;266454;120448;8.0;3.6
53;2021-03-12;18716;3228;285170;123676;8.5;3.7
53;2021-03-13;8900;941;294070;124617;8.8;3.7
53;2021-03-14;819;50;294889;124667;8.8;3.7
53;2021-03-15;6918;2026;301807;126693;9.0;3.8
53;2021-03-16;6978;3404;308785;130097;9.2;3.9
53;2021-03-17;8240;2820;317025;132917;9.5;4.0
53;2021-03-18;8724;4656;325749;137573;9.8;4.1
53;2021-03-19;13178;3640;338927;141213;10.1;4.2
53;2021-03-20;7289;809;346216;142022;10.4;4.3
53;2021-03-21;383;32;346599;142054;10.4;4.3
53;2021-03-22;7390;2160;353989;144214;10.6;4.3
53;2021-03-23;13060;3662;367049;147876;11.0;4.4
53;2021-03-24;14632;3223;381681;151099;11.4;4.5
53;2021-03-25;18736;3358;400417;154457;12.0;4.6
53;2021-03-26;20449;3184;420866;157641;12.6;4.7
53;2021-03-27;7455;1011;428321;158652;12.8;4.7
53;2021-03-28;527;86;428848;158738;12.8;4.8
53;2021-03-29;9852;3161;438700;161899;13.1;4.8
53;2021-03-30;15343;4586;454043;166485;13.6;5.0
53;2021-03-31;14279;4257;468322;170742;14.0;5.1
53;2021-04-01;18443;4263;486765;175005;14.6;5.2
53;2021-04-02;17927;4344;504692;179349;15.1;5.4
53;2021-04-03;6433;1421;511125;180770;15.3;5.4
53;2021-04-04;413;31;511538;180801;15.3;5.4
53;2021-04-05;1226;334;512764;181135;15.4;5.4
53;2021-04-06;12523;5666;525287;186801;15.7;5.6
53;2021-04-07;15095;5331;540382;192132;16.2;5.8
53;2021-04-08;20885;6080;561267;198212;16.8;5.9
53;2021-04-09;26664;5552;587931;203764;17.6;6.1
53;2021-04-10;10325;1716;598256;205480;17.9;6.2
53;2021-04-11;813;213;599069;205693;17.9;6.2
53;2021-04-12;15819;4906;614888;210599;18.4;6.3
53;2021-04-13;22679;7213;637567;217812;19.1;6.5
53;2021-04-14;19335;7913;656902;225725;19.7;6.8
53;2021-04-15;25350;8045;682252;233770;20.4;7.0
53;2021-04-16;26153;7526;708405;241296;21.2;7.2
53;2021-04-17;10388;3569;718793;244865;21.5;7.3
53;2021-04-18;1034;148;719827;245013;21.5;7.3
53;2021-04-19;15400;6526;735227;251539;22.0;7.5
53;2021-04-20;16920;9506;752147;261045;22.5;7.8
53;2021-04-21;16747;9430;768894;270475;23.0;8.1
53;2021-04-22;21739;10161;790633;280636;23.7;8.4
53;2021-04-23;21640;10057;812273;290693;24.3;8.7
53;2021-04-24;10012;4160;822285;294853;24.6;8.8
53;2021-04-25;904;331;823189;295184;24.6;8.8
53;2021-04-26;18248;8465;841437;303649;25.2;9.1
53;2021-04-27;19982;12056;861419;315705;25.8;9.5
53;2021-04-28;21631;10796;883050;326501;26.4;9.8
53;2021-04-29;25229;12252;908279;338753;27.2;10.1
53;2021-04-30;24570;12423;932849;351176;27.9;10.5
53;2021-05-01;5242;1622;938091;352798;28.1;10.6
53;2021-05-02;2795;515;940886;353313;28.2;10.6
53;2021-05-03;15738;9366;956624;362679;28.6;10.9
53;2021-05-04;15576;15773;972200;378452;29.1;11.3
53;2021-05-05;14875;14670;987075;393122;29.5;11.8
53;2021-05-06;19225;17829;1006300;410951;30.1;12.3
53;2021-05-07;18579;18207;1024879;429158;30.7;12.8
53;2021-05-08;5411;1117;1030290;430275;30.8;12.9
53;2021-05-09;3505;855;1033795;431130;30.9;12.9
53;2021-05-10;16494;15201;1050289;446331;31.4;13.4
53;2021-05-11;18534;18723;1068823;465054;32.0;13.9
53;2021-05-12;21084;15607;1089907;480661;32.6;14.4
53;2021-05-13;9019;3943;1098926;484604;32.9;14.5
53;2021-05-14;21648;13718;1120574;498322;33.5;14.9
53;2021-05-15;13370;5323;1133944;503645;33.9;15.1
53;2021-05-16;3215;873;1137159;504518;34.0;15.1
53;2021-05-17;18098;11152;1155257;515670;34.6;15.4
53;2021-05-18;20859;12373;1176116;528043;35.2;15.8
53;2021-05-19;21503;10610;1197619;538653;35.9;16.1
53;2021-05-20;23803;14707;1221422;553360;36.6;16.6
53;2021-05-21;22812;15225;1244234;568585;37.2;17.0
53;2021-05-22;13127;5834;1257361;574419;37.6;17.2
53;2021-05-23;2969;310;1260330;574729;37.7;17.2
53;2021-05-24;13922;2486;1274252;577215;38.1;17.3
53;2021-05-25;19903;12803;1294155;590018;38.7;17.7
53;2021-05-26;19225;13774;1313380;603792;39.3;18.1
53;2021-05-27;22019;17396;1335399;621188;40.0;18.6
53;2021-05-28;21731;20390;1357130;641578;40.6;19.2
53;2021-05-29;12133;7322;1369263;648900;41.0;19.4
53;2021-05-30;2303;472;1371566;649372;41.1;19.4
53;2021-05-31;20672;14077;1392238;663449;41.7;19.9
53;2021-06-01;22890;16465;1415128;679914;42.4;20.4
53;2021-06-02;21654;14207;1436782;694121;43.0;20.8
53;2021-06-03;25007;16834;1461789;710955;43.8;21.3
53;2021-06-04;23042;22544;1484831;733499;44.5;22.0
53;2021-06-05;17273;8977;1502104;742476;45.0;22.2
53;2021-06-06;4997;1320;1507101;743796;45.1;22.3
53;2021-06-07;18335;17778;1525436;761574;45.7;22.8
53;2021-06-08;23666;18015;1549102;779589;46.4;23.3
53;2021-06-09;31455;11877;1580557;791466;47.3;23.7
53;2021-06-10;31075;12337;1611632;803803;48.2;24.1
53;2021-06-11;25992;21367;1637624;825170;49.0;24.7
75;2020-12-27;1;0;1;0;0.0;0.0
75;2020-12-28;2;0;3;0;0.0;0.0
75;2020-12-29;3;0;6;0;0.0;0.0
75;2020-12-30;2;0;8;0;0.0;0.0
75;2020-12-31;0;0;8;0;0.0;0.0
75;2021-01-01;4;0;12;0;0.0;0.0
75;2021-01-02;2;0;14;0;0.0;0.0
75;2021-01-03;0;0;14;0;0.0;0.0
75;2021-01-04;90;0;104;0;0.0;0.0
75;2021-01-05;124;0;228;0;0.0;0.0
75;2021-01-06;736;1;964;1;0.0;0.0
75;2021-01-07;4922;3;5886;4;0.1;0.0
75;2021-01-08;5462;4;11348;8;0.2;0.0
75;2021-01-09;845;1;12193;9;0.2;0.0
75;2021-01-10;479;0;12672;9;0.2;0.0
75;2021-01-11;3579;1;16251;10;0.3;0.0
75;2021-01-12;5945;4;22196;14;0.4;0.0
75;2021-01-13;6551;13;28747;27;0.5;0.0
75;2021-01-14;8120;62;36867;89;0.6;0.0
75;2021-01-15;7623;26;44490;115;0.7;0.0
75;2021-01-16;1607;14;46097;129;0.8;0.0
75;2021-01-17;425;5;46522;134;0.8;0.0
75;2021-01-18;6886;30;53408;164;0.9;0.0
75;2021-01-19;14047;11;67455;175;1.1;0.0
75;2021-01-20;15535;13;82990;188;1.4;0.0
75;2021-01-21;16949;19;99939;207;1.7;0.0
75;2021-01-22;12970;22;112909;229;1.9;0.0
75;2021-01-23;4420;3;117329;232;2.0;0.0
75;2021-01-24;700;1;118029;233;2.0;0.0
75;2021-01-25;8867;216;126896;449;2.1;0.0
75;2021-01-26;11722;449;138618;898;2.3;0.0
75;2021-01-27;12272;769;150890;1667;2.5;0.0
75;2021-01-28;12940;2658;163830;4325;2.7;0.1
75;2021-01-29;10000;2986;173830;7311;2.9;0.1
75;2021-01-30;3379;516;177209;7827;3.0;0.1
75;2021-01-31;646;420;177855;8247;3.0;0.1
75;2021-02-01;5715;2639;183570;10886;3.1;0.2
75;2021-02-02;9600;4355;193170;15241;3.2;0.3
75;2021-02-03;9581;4369;202751;19610;3.4;0.3
75;2021-02-04;10755;5681;213506;25291;3.6;0.4
75;2021-02-05;7487;5636;220993;30927;3.7;0.5
75;2021-02-06;2377;1106;223370;32033;3.7;0.5
75;2021-02-07;673;251;224043;32284;3.7;0.5
75;2021-02-08;5133;3653;229176;35937;3.8;0.6
75;2021-02-09;7308;8077;236484;44014;3.9;0.7
75;2021-02-10;7541;8732;244025;52746;4.1;0.9
75;2021-02-11;8849;10267;252874;63013;4.2;1.1
75;2021-02-12;7403;8833;260277;71846;4.3;1.2
75;2021-02-13;1952;1759;262229;73605;4.4;1.2
75;2021-02-14;274;364;262503;73969;4.4;1.2
75;2021-02-15;3150;7835;265653;81804;4.4;1.4
75;2021-02-16;4608;10520;270261;92324;4.5;1.5
75;2021-02-17;4757;11301;275018;103625;4.6;1.7
75;2021-02-18;5449;12838;280467;116463;4.7;1.9
75;2021-02-19;5420;9626;285887;126089;4.8;2.1
75;2021-02-20;987;2632;286874;128721;4.8;2.1
75;2021-02-21;186;667;287060;129388;4.8;2.2
75;2021-02-22;3650;8513;290710;137901;4.8;2.3
75;2021-02-23;5364;10930;296074;148831;4.9;2.5
75;2021-02-24;6127;10283;302201;159114;5.0;2.7
75;2021-02-25;9990;11716;312191;170830;5.2;2.8
75;2021-02-26;12241;8851;324432;179681;5.4;3.0
75;2021-02-27;5787;2484;330219;182165;5.5;3.0
75;2021-02-28;314;694;330533;182859;5.5;3.0
75;2021-03-01;5091;7010;335624;189869;5.6;3.2
75;2021-03-02;9357;8155;344981;198024;5.7;3.3
75;2021-03-03;10823;7755;355804;205779;5.9;3.4
75;2021-03-04;16744;8159;372548;213938;6.2;3.6
75;2021-03-05;20808;7438;393356;221376;6.6;3.7
75;2021-03-06;13422;2215;406778;223591;6.8;3.7
75;2021-03-07;3720;461;410498;224052;6.8;3.7
75;2021-03-08;9999;5377;420497;229429;7.0;3.8
75;2021-03-09;16941;6470;437438;235899;7.3;3.9
75;2021-03-10;18291;6299;455729;242198;7.6;4.0
75;2021-03-11;26500;6650;482229;248848;8.0;4.1
75;2021-03-12;31397;5211;513626;254059;8.6;4.2
75;2021-03-13;17964;1182;531590;255241;8.9;4.3
75;2021-03-14;1706;244;533296;255485;8.9;4.3
75;2021-03-15;14115;3410;547411;258895;9.1;4.3
75;2021-03-16;13686;3703;561097;262598;9.4;4.4
75;2021-03-17;14739;3871;575836;266469;9.6;4.4
75;2021-03-18;16367;4684;592203;271153;9.9;4.5
75;2021-03-19;22487;4266;614690;275419;10.2;4.6
75;2021-03-20;14105;811;628795;276230;10.5;4.6
75;2021-03-21;2463;106;631258;276336;10.5;4.6
75;2021-03-22;16847;3445;648105;279781;10.8;4.7
75;2021-03-23;25578;3868;673683;283649;11.2;4.7
75;2021-03-24;27243;4290;700926;287939;11.7;4.8
75;2021-03-25;35710;4604;736636;292543;12.3;4.9
75;2021-03-26;38688;4154;775324;296697;12.9;4.9
75;2021-03-27;15726;1264;791050;297961;13.2;5.0
75;2021-03-28;2720;387;793770;298348;13.2;5.0
75;2021-03-29;22872;4115;816642;302463;13.6;5.0
75;2021-03-30;31961;5939;848603;308402;14.1;5.1
75;2021-03-31;29791;5905;878394;314307;14.6;5.2
75;2021-04-01;35046;6908;913440;321215;15.2;5.4
75;2021-04-02;32366;6853;945806;328068;15.8;5.5
75;2021-04-03;12843;2627;958649;330695;16.0;5.5
75;2021-04-04;2136;338;960785;331033;16.0;5.5
75;2021-04-05;6365;596;967150;331629;16.1;5.5
75;2021-04-06;26501;10808;993651;342437;16.6;5.7
75;2021-04-07;32363;10989;1026014;353426;17.1;5.9
75;2021-04-08;39550;12321;1065564;365747;17.8;6.1
75;2021-04-09;49248;10944;1114812;376691;18.6;6.3
75;2021-04-10;24386;4954;1139198;381645;19.0;6.4
75;2021-04-11;4968;713;1144166;382358;19.1;6.4
75;2021-04-12;27357;11819;1171523;394177;19.5;6.6
75;2021-04-13;35677;14302;1207200;408479;20.1;6.8
75;2021-04-14;35382;14448;1242582;422927;20.7;7.0
75;2021-04-15;37645;15028;1280227;437955;21.3;7.3
75;2021-04-16;37113;15095;1317340;453050;22.0;7.6
75;2021-04-17;19529;7365;1336869;460415;22.3;7.7
75;2021-04-18;4072;2050;1340941;462465;22.3;7.7
75;2021-04-19;20889;14934;1361830;477399;22.7;8.0
75;2021-04-20;28499;19093;1390329;496492;23.2;8.3
75;2021-04-21;27813;18059;1418142;514551;23.6;8.6
75;2021-04-22;30363;19646;1448505;534197;24.1;8.9
75;2021-04-23;29038;20194;1477543;554391;24.6;9.2
75;2021-04-24;17038;9116;1494581;563507;24.9;9.4
75;2021-04-25;4598;1498;1499179;565005;25.0;9.4
75;2021-04-26;22453;19266;1521632;584271;25.4;9.7
75;2021-04-27;31244;24289;1552876;608560;25.9;10.1
75;2021-04-28;31821;23993;1584697;632553;26.4;10.5
75;2021-04-29;38226;26604;1622923;659157;27.0;11.0
75;2021-04-30;39196;25850;1662119;685007;27.7;11.4
75;2021-05-01;15693;5727;1677812;690734;28.0;11.5
75;2021-05-02;7255;2593;1685067;693327;28.1;11.6
75;2021-05-03;27298;21152;1712365;714479;28.5;11.9
75;2021-05-04;30375;29259;1742740;743738;29.0;12.4
75;2021-05-05;31390;30949;1774130;774687;29.6;12.9
75;2021-05-06;35870;32355;1810000;807042;30.2;13.5
75;2021-05-07;37406;34330;1847406;841372;30.8;14.0
75;2021-05-08;17341;8048;1864747;849420;31.1;14.2
75;2021-05-09;7293;4140;1872040;853560;31.2;14.2
75;2021-05-10;25027;28987;1897067;882547;31.6;14.7
75;2021-05-11;35684;32934;1932751;915481;32.2;15.3
75;2021-05-12;35475;30114;1968226;945595;32.8;15.8
75;2021-05-13;22621;7489;1990847;953084;33.2;15.9
75;2021-05-14;33817;20819;2024664;973903;33.7;16.2
75;2021-05-15;22863;11070;2047527;984973;34.1;16.4
75;2021-05-16;7366;2059;2054893;987032;34.2;16.5
75;2021-05-17;33785;19182;2088678;1006214;34.8;16.8
75;2021-05-18;42543;19884;2131221;1026098;35.5;17.1
75;2021-05-19;42569;17571;2173790;1043669;36.2;17.4
75;2021-05-20;45813;20317;2219603;1063986;37.0;17.7
75;2021-05-21;42767;21351;2262370;1085337;37.7;18.1
75;2021-05-22;23216;9771;2285586;1095108;38.1;18.3
75;2021-05-23;7798;1419;2293384;1096527;38.2;18.3
75;2021-05-24;18773;4050;2312157;1100577;38.5;18.3
75;2021-05-25;36778;20935;2348935;1121512;39.1;18.7
75;2021-05-26;38215;21449;2387150;1142961;39.8;19.0
75;2021-05-27;42847;27034;2429997;1169995;40.5;19.5
75;2021-05-28;38797;32237;2468794;1202232;41.1;20.0
75;2021-05-29;19629;18086;2488423;1220318;41.5;20.3
75;2021-05-30;5769;2282;2494192;1222600;41.6;20.4
75;2021-05-31;31589;23106;2525781;1245706;42.1;20.8
75;2021-06-01;40923;29574;2566704;1275280;42.8;21.3
75;2021-06-02;41271;28188;2607975;1303468;43.5;21.7
75;2021-06-03;47545;31168;2655520;1334636;44.3;22.2
75;2021-06-04;44321;36906;2699841;1371542;45.0;22.9
75;2021-06-05;24348;18488;2724189;1390030;45.4;23.2
75;2021-06-06;8726;4311;2732915;1394341;45.5;23.2
75;2021-06-07;31333;31489;2764248;1425830;46.1;23.8
75;2021-06-08;56876;27091;2821124;1452921;47.0;24.2
75;2021-06-09;39622;32603;2860746;1485524;47.7;24.8
75;2021-06-10;42885;31523;2903631;1517047;48.4;25.3
75;2021-06-11;39814;40175;2943445;1557222;49.1;26.0
76;2020-12-27;0;0;0;0;0.0;0.0
76;2020-12-28;4;0;4;0;0.0;0.0
76;2020-12-29;0;0;4;0;0.0;0.0
76;2020-12-30;0;0;4;0;0.0;0.0
76;2020-12-31;1;0;5;0;0.0;0.0
76;2021-01-01;3;0;8;0;0.0;0.0
76;2021-01-02;2;0;10;0;0.0;0.0
76;2021-01-03;2;0;12;0;0.0;0.0
76;2021-01-04;59;1;71;1;0.0;0.0
76;2021-01-05;473;1;544;2;0.0;0.0
76;2021-01-06;784;1;1328;3;0.0;0.0
76;2021-01-07;2537;3;3865;6;0.1;0.0
76;2021-01-08;3214;1;7079;7;0.1;0.0
76;2021-01-09;1537;0;8616;7;0.1;0.0
76;2021-01-10;517;0;9133;7;0.2;0.0
76;2021-01-11;3523;7;12656;14;0.2;0.0
76;2021-01-12;5740;8;18396;22;0.3;0.0
76;2021-01-13;6474;8;24870;30;0.4;0.0
76;2021-01-14;8995;83;33865;113;0.6;0.0
76;2021-01-15;7250;27;41115;140;0.7;0.0
76;2021-01-16;1952;20;43067;160;0.7;0.0
76;2021-01-17;709;3;43776;163;0.7;0.0
76;2021-01-18;7699;20;51475;183;0.9;0.0
76;2021-01-19;11192;23;62667;206;1.1;0.0
76;2021-01-20;13689;20;76356;226;1.3;0.0
76;2021-01-21;16687;17;93043;243;1.6;0.0
76;2021-01-22;11862;28;104905;271;1.8;0.0
76;2021-01-23;3880;7;108785;278;1.8;0.0
76;2021-01-24;766;11;109551;289;1.8;0.0
76;2021-01-25;7825;97;117376;386;2.0;0.0
76;2021-01-26;10345;279;127721;665;2.2;0.0
76;2021-01-27;10843;480;138564;1145;2.3;0.0
76;2021-01-28;10136;1694;148700;2839;2.5;0.0
76;2021-01-29;8084;1988;156784;4827;2.6;0.1
76;2021-01-30;3184;772;159968;5599;2.7;0.1
76;2021-01-31;517;267;160485;5866;2.7;0.1
76;2021-02-01;5851;2603;166336;8469;2.8;0.1
76;2021-02-02;10052;3995;176388;12464;3.0;0.2
76;2021-02-03;9515;4064;185903;16528;3.1;0.3
76;2021-02-04;10096;5958;195999;22486;3.3;0.4
76;2021-02-05;7770;5026;203769;27512;3.4;0.5
76;2021-02-06;2691;1050;206460;28562;3.5;0.5
76;2021-02-07;541;496;207001;29058;3.5;0.5
76;2021-02-08;4840;4528;211841;33586;3.6;0.6
76;2021-02-09;6313;6817;218154;40403;3.7;0.7
76;2021-02-10;7169;9233;225323;49636;3.8;0.8
76;2021-02-11;9123;10733;234446;60369;4.0;1.0
76;2021-02-12;8044;7682;242490;68051;4.1;1.1
76;2021-02-13;2646;2270;245136;70321;4.1;1.2
76;2021-02-14;356;994;245492;71315;4.1;1.2
76;2021-02-15;3381;6465;248873;77780;4.2;1.3
76;2021-02-16;4240;8690;253113;86470;4.3;1.5
76;2021-02-17;4372;9651;257485;96121;4.3;1.6
76;2021-02-18;5869;9986;263354;106107;4.4;1.8
76;2021-02-19;4839;8125;268193;114232;4.5;1.9
76;2021-02-20;1529;3036;269722;117268;4.6;2.0
76;2021-02-21;262;594;269984;117862;4.6;2.0
76;2021-02-22;3271;7661;273255;125523;4.6;2.1
76;2021-02-23;4915;10241;278170;135764;4.7;2.3
76;2021-02-24;4644;10417;282814;146181;4.8;2.5
76;2021-02-25;8305;9902;291119;156083;4.9;2.6
76;2021-02-26;9631;8384;300750;164467;5.1;2.8
76;2021-02-27;3716;3092;304466;167559;5.1;2.8
76;2021-02-28;430;452;304896;168011;5.1;2.8
76;2021-03-01;5298;6127;310194;174138;5.2;2.9
76;2021-03-02;8212;7562;318406;181700;5.4;3.1
76;2021-03-03;9224;7461;327630;189161;5.5;3.2
76;2021-03-04;14308;7860;341938;197021;5.8;3.3
76;2021-03-05;16856;7092;358794;204113;6.1;3.4
76;2021-03-06;15856;2134;374650;206247;6.3;3.5
76;2021-03-07;11369;449;386019;206696;6.5;3.5
76;2021-03-08;9931;5493;395950;212189;6.7;3.6
76;2021-03-09;16198;6444;412148;218633;7.0;3.7
76;2021-03-10;16397;6464;428545;225097;7.2;3.8
76;2021-03-11;22579;6359;451124;231456;7.6;3.9
76;2021-03-12;26374;5225;477498;236681;8.1;4.0
76;2021-03-13;14882;2143;492380;238824;8.3;4.0
76;2021-03-14;2318;354;494698;239178;8.3;4.0
76;2021-03-15;13497;3281;508195;242459;8.6;4.1
76;2021-03-16;11754;4516;519949;246975;8.8;4.2
76;2021-03-17;12826;3966;532775;250941;9.0;4.2
76;2021-03-18;13688;4973;546463;255914;9.2;4.3
76;2021-03-19;18628;3985;565091;259899;9.5;4.4
76;2021-03-20;10641;1112;575732;261011;9.7;4.4
76;2021-03-21;3193;217;578925;261228;9.8;4.4
76;2021-03-22;14644;3567;593569;264795;10.0;4.5
76;2021-03-23;22203;4302;615772;269097;10.4;4.5
76;2021-03-24;23565;4157;639337;273254;10.8;4.6
76;2021-03-25;31921;4573;671258;277827;11.3;4.7
76;2021-03-26;30759;4033;702017;281860;11.8;4.8
76;2021-03-27;16178;1394;718195;283254;12.1;4.8
76;2021-03-28;4863;186;723058;283440;12.2;4.8
76;2021-03-29;22269;4859;745327;288299;12.6;4.9
76;2021-03-30;29632;5666;774959;293965;13.1;5.0
76;2021-03-31;26827;5542;801786;299507;13.5;5.1
76;2021-04-01;34405;5845;836191;305352;14.1;5.2
76;2021-04-02;29276;5717;865467;311069;14.6;5.3
76;2021-04-03;12117;2831;877584;313900;14.8;5.3
76;2021-04-04;4348;651;881932;314551;14.9;5.3
76;2021-04-05;4281;670;886213;315221;15.0;5.3
76;2021-04-06;22801;9711;909014;324932;15.3;5.5
76;2021-04-07;25214;9827;934228;334759;15.8;5.7
76;2021-04-08;33069;10188;967297;344947;16.3;5.8
76;2021-04-09;38831;9562;1006128;354509;17.0;6.0
76;2021-04-10;22669;5126;1028797;359635;17.4;6.1
76;2021-04-11;8855;1416;1037652;361051;17.5;6.1
76;2021-04-12;25971;10470;1063623;371521;18.0;6.3
76;2021-04-13;35711;12796;1099334;384317;18.6;6.5
76;2021-04-14;32809;13213;1132143;397530;19.1;6.7
76;2021-04-15;37367;13780;1169510;411310;19.7;6.9
76;2021-04-16;34352;13081;1203862;424391;20.3;7.2
76;2021-04-17;21345;6620;1225207;431011;20.7;7.3
76;2021-04-18;7703;2674;1232910;433685;20.8;7.3
76;2021-04-19;22031;12894;1254941;446579;21.2;7.5
76;2021-04-20;27946;16690;1282887;463269;21.7;7.8
76;2021-04-21;27000;16898;1309887;480167;22.1;8.1
76;2021-04-22;30324;17882;1340211;498049;22.6;8.4
76;2021-04-23;28642;16354;1368853;514403;23.1;8.7
76;2021-04-24;18457;10382;1387310;524785;23.4;8.9
76;2021-04-25;6910;4190;1394220;528975;23.5;8.9
76;2021-04-26;19915;18375;1414135;547350;23.9;9.2
76;2021-04-27;26692;21376;1440827;568726;24.3;9.6
76;2021-04-28;25875;20933;1466702;589659;24.8;10.0
76;2021-04-29;29728;23166;1496430;612825;25.3;10.3
76;2021-04-30;30765;20101;1527195;632926;25.8;10.7
76;2021-05-01;17418;6984;1544613;639910;26.1;10.8
76;2021-05-02;9463;4770;1554076;644680;26.2;10.9
76;2021-05-03;26446;16746;1580522;661426;26.7;11.2
76;2021-05-04;29867;25770;1610389;687196;27.2;11.6
76;2021-05-05;27998;26360;1638387;713556;27.7;12.0
76;2021-05-06;30844;30811;1669231;744367;28.2;12.6
76;2021-05-07;31500;30744;1700731;775111;28.7;13.1
76;2021-05-08;16863;10506;1717594;785617;29.0;13.3
76;2021-05-09;9674;8663;1727268;794280;29.2;13.4
76;2021-05-10;23909;28010;1751177;822290;29.6;13.9
76;2021-05-11;31402;33022;1782579;855312;30.1;14.4
76;2021-05-12;32978;29337;1815557;884649;30.6;14.9
76;2021-05-13;25794;9676;1841351;894325;31.1;15.1
76;2021-05-14;34356;21250;1875707;915575;31.7;15.5
76;2021-05-15;24387;12151;1900094;927726;32.1;15.7
76;2021-05-16;15371;3766;1915465;931492;32.3;15.7
76;2021-05-17;27715;19197;1943180;950689;32.8;16.0
76;2021-05-18;34971;19423;1978151;970112;33.4;16.4
76;2021-05-19;36638;16779;2014789;986891;34.0;16.7
76;2021-05-20;40774;18600;2055563;1005491;34.7;17.0
76;2021-05-21;37583;19907;2093146;1025398;35.3;17.3
76;2021-05-22;26898;9231;2120044;1034629;35.8;17.5
76;2021-05-23;13255;1789;2133299;1036418;36.0;17.5
76;2021-05-24;15358;4087;2148657;1040505;36.3;17.6
76;2021-05-25;31455;20708;2180112;1061213;36.8;17.9
76;2021-05-26;33222;19160;2213334;1080373;37.4;18.2
76;2021-05-27;36180;24366;2249514;1104739;38.0;18.6
76;2021-05-28;32352;28211;2281866;1132950;38.5;19.1
76;2021-05-29;19373;16714;2301239;1149664;38.8;19.4
76;2021-05-30;6088;6306;2307327;1155970;38.9;19.5
76;2021-05-31;25673;22840;2333000;1178810;39.4;19.9
76;2021-06-01;31060;29763;2364060;1208573;39.9;20.4
76;2021-06-02;30618;27995;2394678;1236568;40.4;20.9
76;2021-06-03;34022;33038;2428700;1269606;41.0;21.4
76;2021-06-04;34905;34170;2463605;1303776;41.6;22.0
76;2021-06-05;25932;19669;2489537;1323445;42.0;22.3
76;2021-06-06;14063;6440;2503600;1329885;42.3;22.4
76;2021-06-07;25684;27616;2529284;1357501;42.7;22.9
76;2021-06-08;33100;31449;2562384;1388950;43.2;23.4
76;2021-06-09;32367;28778;2594751;1417728;43.8;23.9
76;2021-06-10;31716;29167;2626467;1446895;44.3;24.4
76;2021-06-11;33098;35955;2659565;1482850;44.9;25.0
84;2020-12-27;1;0;1;0;0.0;0.0
84;2020-12-28;7;0;8;0;0.0;0.0
84;2020-12-29;5;0;13;0;0.0;0.0
84;2020-12-30;5;0;18;0;0.0;0.0
84;2020-12-31;12;0;30;0;0.0;0.0
84;2021-01-01;10;0;40;0;0.0;0.0
84;2021-01-02;2;1;42;1;0.0;0.0
84;2021-01-03;0;0;42;1;0.0;0.0
84;2021-01-04;174;0;216;1;0.0;0.0
84;2021-01-05;458;1;674;2;0.0;0.0
84;2021-01-06;1135;0;1809;2;0.0;0.0
84;2021-01-07;2845;3;4654;5;0.1;0.0
84;2021-01-08;3073;2;7727;7;0.1;0.0
84;2021-01-09;511;1;8238;8;0.1;0.0
84;2021-01-10;160;0;8398;8;0.1;0.0
84;2021-01-11;4277;8;12675;16;0.2;0.0
84;2021-01-12;6354;15;19029;31;0.2;0.0
84;2021-01-13;6836;13;25865;44;0.3;0.0
84;2021-01-14;9046;56;34911;100;0.4;0.0
84;2021-01-15;7751;28;42662;128;0.5;0.0
84;2021-01-16;2953;7;45615;135;0.6;0.0
84;2021-01-17;919;2;46534;137;0.6;0.0
84;2021-01-18;8952;33;55486;170;0.7;0.0
84;2021-01-19;15043;79;70529;249;0.9;0.0
84;2021-01-20;15485;33;86014;282;1.1;0.0
84;2021-01-21;14565;44;100579;326;1.3;0.0
84;2021-01-22;12394;39;112973;365;1.4;0.0
84;2021-01-23;4758;3;117731;368;1.5;0.0
84;2021-01-24;810;1;118541;369;1.5;0.0
84;2021-01-25;8750;143;127291;512;1.6;0.0
84;2021-01-26;11879;314;139170;826;1.7;0.0
84;2021-01-27;12042;611;151212;1437;1.9;0.0
84;2021-01-28;13794;1536;165006;2973;2.1;0.0
84;2021-01-29;10789;1309;175795;4282;2.2;0.1
84;2021-01-30;4138;146;179933;4428;2.2;0.1
84;2021-01-31;498;1;180431;4429;2.2;0.1
84;2021-02-01;6532;1879;186963;6308;2.3;0.1
84;2021-02-02;10578;3513;197541;9821;2.5;0.1
84;2021-02-03;11520;3916;209061;13737;2.6;0.2
84;2021-02-04;12543;5521;221604;19258;2.8;0.2
84;2021-02-05;8607;4692;230211;23950;2.9;0.3
84;2021-02-06;2650;955;232861;24905;2.9;0.3
84;2021-02-07;452;440;233313;25345;2.9;0.3
84;2021-02-08;6217;4965;239530;30310;3.0;0.4
84;2021-02-09;9328;8248;248858;38558;3.1;0.5
84;2021-02-10;9667;8611;258525;47169;3.2;0.6
84;2021-02-11;10680;9887;269205;57056;3.4;0.7
84;2021-02-12;9702;7928;278907;64984;3.5;0.8
84;2021-02-13;3497;2335;282404;67319;3.5;0.8
84;2021-02-14;622;455;283026;67774;3.5;0.8
84;2021-02-15;4867;8352;287893;76126;3.6;0.9
84;2021-02-16;6087;10756;293980;86882;3.7;1.1
84;2021-02-17;6040;11561;300020;98443;3.7;1.2
84;2021-02-18;7083;11756;307103;110199;3.8;1.4
84;2021-02-19;6640;9338;313743;119537;3.9;1.5
84;2021-02-20;1836;3268;315579;122805;3.9;1.5
84;2021-02-21;179;504;315758;123309;3.9;1.5
84;2021-02-22;4289;8836;320047;132145;4.0;1.6
84;2021-02-23;7274;11410;327321;143555;4.1;1.8
84;2021-02-24;7785;12015;335106;155570;4.2;1.9
84;2021-02-25;12717;13765;347823;169335;4.3;2.1
84;2021-02-26;14867;10332;362690;179667;4.5;2.2
84;2021-02-27;5555;2911;368245;182578;4.6;2.3
84;2021-02-28;500;513;368745;183091;4.6;2.3
84;2021-03-01;9280;6401;378025;189492;4.7;2.4
84;2021-03-02;14950;8784;392975;198276;4.9;2.5
84;2021-03-03;14781;8628;407756;206904;5.1;2.6
84;2021-03-04;20973;8393;428729;215297;5.3;2.7
84;2021-03-05;25758;7626;454487;222923;5.7;2.8
84;2021-03-06;19484;2345;473971;225268;5.9;2.8
84;2021-03-07;8413;445;482384;225713;6.0;2.8
84;2021-03-08;12195;6769;494579;232482;6.2;2.9
84;2021-03-09;20642;7653;515221;240135;6.4;3.0
84;2021-03-10;20211;7490;535432;247625;6.7;3.1
84;2021-03-11;29419;8069;564851;255694;7.0;3.2
84;2021-03-12;36148;7604;600999;263298;7.5;3.3
84;2021-03-13;21417;1843;622416;265141;7.7;3.3
84;2021-03-14;4680;459;627096;265600;7.8;3.3
84;2021-03-15;18840;4756;645936;270356;8.0;3.4
84;2021-03-16;17037;6079;662973;276435;8.3;3.4
84;2021-03-17;17563;6443;680536;282878;8.5;3.5
84;2021-03-18;21469;6913;702005;289791;8.7;3.6
84;2021-03-19;28950;5459;730955;295250;9.1;3.7
84;2021-03-20;14524;1378;745479;296628;9.3;3.7
84;2021-03-21;3236;264;748715;296892;9.3;3.7
84;2021-03-22;19725;5112;768440;302004;9.6;3.8
84;2021-03-23;30741;5908;799181;307912;9.9;3.8
84;2021-03-24;29928;5814;829109;313726;10.3;3.9
84;2021-03-25;41522;6421;870631;320147;10.8;4.0
84;2021-03-26;42891;6696;913522;326843;11.4;4.1
84;2021-03-27;18142;2892;931664;329735;11.6;4.1
84;2021-03-28;6499;581;938163;330316;11.7;4.1
84;2021-03-29;22918;7889;961081;338205;12.0;4.2
84;2021-03-30;34891;10110;995972;348315;12.4;4.3
84;2021-03-31;29541;10952;1025513;359267;12.8;4.5
84;2021-04-01;37181;11354;1062694;370621;13.2;4.6
84;2021-04-02;34820;11287;1097514;381908;13.7;4.8
84;2021-04-03;14778;6213;1112292;388121;13.8;4.8
84;2021-04-04;9928;1993;1122220;390114;14.0;4.9
84;2021-04-05;13518;1656;1135738;391770;14.1;4.9
84;2021-04-06;26237;13169;1161975;404939;14.5;5.0
84;2021-04-07;29456;14638;1191431;419577;14.8;5.2
84;2021-04-08;39602;15395;1231033;434972;15.3;5.4
84;2021-04-09;49322;14992;1280355;449964;15.9;5.6
84;2021-04-10;20426;8109;1300781;458073;16.2;5.7
84;2021-04-11;7210;2689;1307991;460762;16.3;5.7
84;2021-04-12;27261;15554;1335252;476316;16.6;5.9
84;2021-04-13;36048;19319;1371300;495635;17.1;6.2
84;2021-04-14;34547;18198;1405847;513833;17.5;6.4
84;2021-04-15;40021;19638;1445868;533471;18.0;6.6
84;2021-04-16;38133;20018;1484001;553489;18.5;6.9
84;2021-04-17;20447;9009;1504448;562498;18.7;7.0
84;2021-04-18;6836;2704;1511284;565202;18.8;7.0
84;2021-04-19;26186;18561;1537470;583763;19.1;7.3
84;2021-04-20;31166;22467;1568636;606230;19.5;7.5
84;2021-04-21;28015;21441;1596651;627671;19.9;7.8
84;2021-04-22;32181;22595;1628832;650266;20.3;8.1
84;2021-04-23;32662;23045;1661494;673311;20.7;8.4
84;2021-04-24;17840;11888;1679334;685199;20.9;8.5
84;2021-04-25;7132;4270;1686466;689469;21.0;8.6
84;2021-04-26;23683;20029;1710149;709498;21.3;8.8
84;2021-04-27;31776;25234;1741925;734732;21.7;9.1
84;2021-04-28;32474;24817;1774399;759549;22.1;9.5
84;2021-04-29;39647;26531;1814046;786080;22.6;9.8
84;2021-04-30;38128;27830;1852174;813910;23.1;10.1
84;2021-05-01;17112;5360;1869286;819270;23.3;10.2
84;2021-05-02;7932;8576;1877218;827846;23.4;10.3
84;2021-05-03;30168;27467;1907386;855313;23.7;10.6
84;2021-05-04;36989;33720;1944375;889033;24.2;11.1
84;2021-05-05;40032;30145;1984407;919178;24.7;11.4
84;2021-05-06;46404;32574;2030811;951752;25.3;11.8
84;2021-05-07;46736;36773;2077547;988525;25.9;12.3
84;2021-05-08;19747;7575;2097294;996100;26.1;12.4
84;2021-05-09;15811;8887;2113105;1004987;26.3;12.5
84;2021-05-10;35687;31946;2148792;1036933;26.8;12.9
84;2021-05-11;52425;36182;2201217;1073115;27.4;13.4
84;2021-05-12;56101;31798;2257318;1104913;28.1;13.8
84;2021-05-13;47090;10459;2304408;1115372;28.7;13.9
84;2021-05-14;57065;24928;2361473;1140300;29.4;14.2
84;2021-05-15;43791;13562;2405264;1153862;29.9;14.4
84;2021-05-16;30270;5089;2435534;1158951;30.3;14.4
84;2021-05-17;48059;24877;2483593;1183828;30.9;14.7
84;2021-05-18;58707;27290;2542300;1211118;31.7;15.1
84;2021-05-19;58106;23492;2600406;1234610;32.4;15.4
84;2021-05-20;61209;26983;2661615;1261593;33.1;15.7
84;2021-05-21;60687;29346;2722302;1290939;33.9;16.1
84;2021-05-22;40305;12868;2762607;1303807;34.4;16.2
84;2021-05-23;21305;3953;2783912;1307760;34.7;16.3
84;2021-05-24;39480;8500;2823392;1316260;35.2;16.4
84;2021-05-25;50119;31596;2873511;1347856;35.8;16.8
84;2021-05-26;49585;28871;2923096;1376727;36.4;17.1
84;2021-05-27;55533;31768;2978629;1408495;37.1;17.5
84;2021-05-28;54649;40448;3033278;1448943;37.8;18.0
84;2021-05-29;37550;22333;3070828;1471276;38.2;18.3
84;2021-05-30;16110;7249;3086938;1478525;38.4;18.4
84;2021-05-31;44229;29337;3131167;1507862;39.0;18.8
84;2021-06-01;48193;36558;3179360;1544420;39.6;19.2
84;2021-06-02;47623;31104;3226983;1575524;40.2;19.6
84;2021-06-03;55892;36472;3282875;1611996;40.9;20.1
84;2021-06-04;54509;42243;3337384;1654239;41.5;20.6
84;2021-06-05;38002;21576;3375386;1675815;42.0;20.9
84;2021-06-06;15875;6211;3391261;1682026;42.2;20.9
84;2021-06-07;41264;35037;3432525;1717063;42.7;21.4
84;2021-06-08;45693;37854;3478218;1754917;43.3;21.8
84;2021-06-09;40790;33431;3519008;1788348;43.8;22.3
84;2021-06-10;40927;33553;3559935;1821901;44.3;22.7
84;2021-06-11;42730;46104;3602665;1868005;44.9;23.3
93;2020-12-27;0;0;0;0;0.0;0.0
93;2020-12-28;1;0;1;0;0.0;0.0
93;2020-12-29;1;0;2;0;0.0;0.0
93;2020-12-30;3;0;5;0;0.0;0.0
93;2020-12-31;19;0;24;0;0.0;0.0
93;2021-01-01;13;0;37;0;0.0;0.0
93;2021-01-02;2;0;39;0;0.0;0.0
93;2021-01-03;2;0;41;0;0.0;0.0
93;2021-01-04;133;1;174;1;0.0;0.0
93;2021-01-05;250;1;424;2;0.0;0.0
93;2021-01-06;409;0;833;2;0.0;0.0
93;2021-01-07;1245;2;2078;4;0.0;0.0
93;2021-01-08;1561;2;3639;6;0.1;0.0
93;2021-01-09;540;0;4179;6;0.1;0.0
93;2021-01-10;73;0;4252;6;0.1;0.0
93;2021-01-11;2406;1;6658;7;0.1;0.0
93;2021-01-12;5085;6;11743;13;0.2;0.0
93;2021-01-13;4410;14;16153;27;0.3;0.0
93;2021-01-14;5524;49;21677;76;0.4;0.0
93;2021-01-15;4918;14;26595;90;0.5;0.0
93;2021-01-16;1674;2;28269;92;0.6;0.0
93;2021-01-17;299;1;28568;93;0.6;0.0
93;2021-01-18;7146;29;35714;122;0.7;0.0
93;2021-01-19;13518;31;49232;153;1.0;0.0
93;2021-01-20;12234;31;61466;184;1.2;0.0
93;2021-01-21;12298;41;73764;225;1.5;0.0
93;2021-01-22;10161;24;83925;249;1.7;0.0
93;2021-01-23;3325;6;87250;255;1.7;0.0
93;2021-01-24;537;4;87787;259;1.7;0.0
93;2021-01-25;7236;37;95023;296;1.9;0.0
93;2021-01-26;10062;134;105085;430;2.1;0.0
93;2021-01-27;9678;286;114763;716;2.3;0.0
93;2021-01-28;13660;826;128423;1542;2.5;0.0
93;2021-01-29;9840;974;138263;2516;2.7;0.0
93;2021-01-30;2239;159;140502;2675;2.8;0.1
93;2021-01-31;303;5;140805;2680;2.8;0.1
93;2021-02-01;5158;1514;145963;4194;2.9;0.1
93;2021-02-02;6640;2379;152603;6573;3.0;0.1
93;2021-02-03;5019;1818;157622;8391;3.1;0.2
93;2021-02-04;5532;3159;163154;11550;3.2;0.2
93;2021-02-05;6105;4125;169259;15675;3.3;0.3
93;2021-02-06;1245;970;170504;16645;3.4;0.3
93;2021-02-07;280;81;170784;16726;3.4;0.3
93;2021-02-08;4300;3745;175084;20471;3.5;0.4
93;2021-02-09;5885;7101;180969;27572;3.6;0.5
93;2021-02-10;5947;5883;186916;33455;3.7;0.7
93;2021-02-11;6593;6713;193509;40168;3.8;0.8
93;2021-02-12;5714;6478;199223;46646;3.9;0.9
93;2021-02-13;1127;1446;200350;48092;4.0;1.0
93;2021-02-14;73;384;200423;48476;4.0;1.0
93;2021-02-15;2409;5636;202832;54112;4.0;1.1
93;2021-02-16;3190;7700;206022;61812;4.1;1.2
93;2021-02-17;3604;8523;209626;70335;4.1;1.4
93;2021-02-18;5999;11414;215625;81749;4.3;1.6
93;2021-02-19;5632;8668;221257;90417;4.4;1.8
93;2021-02-20;877;1800;222134;92217;4.4;1.8
93;2021-02-21;68;417;222202;92634;4.4;1.8
93;2021-02-22;3027;6993;225229;99627;4.5;2.0
93;2021-02-23;3955;7239;229184;106866;4.5;2.1
93;2021-02-24;4745;6795;233929;113661;4.6;2.2
93;2021-02-25;8232;6657;242161;120318;4.8;2.4
93;2021-02-26;8256;6161;250417;126479;5.0;2.5
93;2021-02-27;3280;1477;253697;127956;5.0;2.5
93;2021-02-28;303;237;254000;128193;5.0;2.5
93;2021-03-01;5632;4478;259632;132671;5.1;2.6
93;2021-03-02;7207;5924;266839;138595;5.3;2.7
93;2021-03-03;8969;6538;275808;145133;5.5;2.9
93;2021-03-04;12025;6430;287833;151563;5.7;3.0
93;2021-03-05;12179;6079;300012;157642;5.9;3.1
93;2021-03-06;22490;1258;322502;158900;6.4;3.1
93;2021-03-07;17890;570;340392;159470;6.7;3.2
93;2021-03-08;10224;5246;350616;164716;6.9;3.3
93;2021-03-09;13939;5540;364555;170256;7.2;3.4
93;2021-03-10;14457;5251;379012;175507;7.5;3.5
93;2021-03-11;20350;6111;399362;181618;7.9;3.6
93;2021-03-12;21884;5254;421246;186872;8.3;3.7
93;2021-03-13;24438;1177;445684;188049;8.8;3.7
93;2021-03-14;6460;253;452144;188302;8.9;3.7
93;2021-03-15;15923;3091;468067;191393;9.3;3.8
93;2021-03-16;12703;3619;480770;195012;9.5;3.9
93;2021-03-17;15977;4616;496747;199628;9.8;3.9
93;2021-03-18;17020;4874;513767;204502;10.2;4.0
93;2021-03-19;20998;4662;534765;209164;10.6;4.1
93;2021-03-20;10979;1304;545744;210468;10.8;4.2
93;2021-03-21;3252;127;548996;210595;10.9;4.2
93;2021-03-22;17044;3536;566040;214131;11.2;4.2
93;2021-03-23;22616;3842;588656;217973;11.6;4.3
93;2021-03-24;21933;6595;610589;224568;12.1;4.4
93;2021-03-25;28943;6466;639532;231034;12.6;4.6
93;2021-03-26;29834;4977;669366;236011;13.2;4.7
93;2021-03-27;12419;1618;681785;237629;13.5;4.7
93;2021-03-28;3555;98;685340;237727;13.6;4.7
93;2021-03-29;18467;5302;703807;243029;13.9;4.8
93;2021-03-30;28439;6631;732246;249660;14.5;4.9
93;2021-03-31;28738;6573;760984;256233;15.1;5.1
93;2021-04-01;30672;7428;791656;263661;15.7;5.2
93;2021-04-02;26876;8425;818532;272086;16.2;5.4
93;2021-04-03;9740;4965;828272;277051;16.4;5.5
93;2021-04-04;2111;1250;830383;278301;16.4;5.5
93;2021-04-05;6049;1548;836432;279849;16.5;5.5
93;2021-04-06;23376;9975;859808;289824;17.0;5.7
93;2021-04-07;26037;11629;885845;301453;17.5;6.0
93;2021-04-08;28789;14923;914634;316376;18.1;6.3
93;2021-04-09;33390;14534;948024;330910;18.8;6.5
93;2021-04-10;14877;8149;962901;339059;19.0;6.7
93;2021-04-11;3623;2954;966524;342013;19.1;6.8
93;2021-04-12;20549;12165;987073;354178;19.5;7.0
93;2021-04-13;25423;15170;1012496;369348;20.0;7.3
93;2021-04-14;25141;15195;1037637;384543;20.5;7.6
93;2021-04-15;26935;15583;1064572;400126;21.1;7.9
93;2021-04-16;27653;16408;1092225;416534;21.6;8.2
93;2021-04-17;12800;7707;1105025;424241;21.9;8.4
93;2021-04-18;5245;2957;1110270;427198;22.0;8.4
93;2021-04-19;18976;15917;1129246;443115;22.3;8.8
93;2021-04-20;21274;18701;1150520;461816;22.8;9.1
93;2021-04-21;23755;18245;1174275;480061;23.2;9.5
93;2021-04-22;25764;19172;1200039;499233;23.7;9.9
93;2021-04-23;24903;18096;1224942;517329;24.2;10.2
93;2021-04-24;11517;8686;1236459;526015;24.5;10.4
93;2021-04-25;3200;2137;1239659;528152;24.5;10.4
93;2021-04-26;16357;15834;1256016;543986;24.8;10.8
93;2021-04-27;19366;20136;1275382;564122;25.2;11.2
93;2021-04-28;21277;20064;1296659;584186;25.6;11.6
93;2021-04-29;27806;21714;1324465;605900;26.2;12.0
93;2021-04-30;27072;20551;1351537;626451;26.7;12.4
93;2021-05-01;11527;5252;1363064;631703;27.0;12.5
93;2021-05-02;4057;1880;1367121;633583;27.0;12.5
93;2021-05-03;20218;18127;1387339;651710;27.4;12.9
93;2021-05-04;20524;22677;1407863;674387;27.8;13.3
93;2021-05-05;19268;21462;1427131;695849;28.2;13.8
93;2021-05-06;24560;21574;1451691;717423;28.7;14.2
93;2021-05-07;22245;24949;1473936;742372;29.2;14.7
93;2021-05-08;12941;6821;1486877;749193;29.4;14.8
93;2021-05-09;3450;2307;1490327;751500;29.5;14.9
93;2021-05-10;18333;22561;1508660;774061;29.8;15.3
93;2021-05-11;25134;25565;1533794;799626;30.3;15.8
93;2021-05-12;31598;22434;1565392;822060;31.0;16.3
93;2021-05-13;27556;7805;1592948;829865;31.5;16.4
93;2021-05-14;34860;16300;1627808;846165;32.2;16.7
93;2021-05-15;29169;10192;1656977;856357;32.8;16.9
93;2021-05-16;12683;2491;1669660;858848;33.0;17.0
93;2021-05-17;24979;17246;1694639;876094;33.5;17.3
93;2021-05-18;29233;16584;1723872;892678;34.1;17.7
93;2021-05-19;29229;15104;1753101;907782;34.7;18.0
93;2021-05-20;32241;16600;1785342;924382;35.3;18.3
93;2021-05-21;33482;17789;1818824;942171;36.0;18.6
93;2021-05-22;18498;7652;1837322;949823;36.3;18.8
93;2021-05-23;5891;2002;1843213;951825;36.5;18.8
93;2021-05-24;17421;4969;1860634;956794;36.8;18.9
93;2021-05-25;23313;20395;1883947;977189;37.3;19.3
93;2021-05-26;23887;21807;1907834;998996;37.7;19.8
93;2021-05-27;25797;23218;1933631;1022214;38.2;20.2
93;2021-05-28;22052;26542;1955683;1048756;38.7;20.7
93;2021-05-29;13116;14344;1968799;1063100;38.9;21.0
93;2021-05-30;2580;3179;1971379;1066279;39.0;21.1
93;2021-05-31;20592;21222;1991971;1087501;39.4;21.5
93;2021-06-01;23698;26032;2015669;1113533;39.9;22.0
93;2021-06-02;22062;26039;2037731;1139572;40.3;22.5
93;2021-06-03;27170;27158;2064901;1166730;40.8;23.1
93;2021-06-04;27228;28209;2092129;1194939;41.4;23.6
93;2021-06-05;15985;14172;2108114;1209111;41.7;23.9
93;2021-06-06;4852;2786;2112966;1211897;41.8;24.0
93;2021-06-07;16016;24132;2128982;1236029;42.1;24.4
93;2021-06-08;19988;23904;2148970;1259933;42.5;24.9
93;2021-06-09;19911;25365;2168881;1285298;42.9;25.4
93;2021-06-10;20522;24287;2189403;1309585;43.3;25.9
93;2021-06-11;18523;30493;2207926;1340078;43.7;26.5
94;2020-12-27;0;0;0;0;0.0;0.0
94;2020-12-28;0;0;0;0;0.0;0.0
94;2020-12-29;0;0;0;0;0.0;0.0
94;2020-12-30;0;0;0;0;0.0;0.0
94;2020-12-31;0;0;0;0;0.0;0.0
94;2021-01-01;0;0;0;0;0.0;0.0
94;2021-01-02;0;0;0;0;0.0;0.0
94;2021-01-03;0;0;0;0;0.0;0.0
94;2021-01-04;2;0;2;0;0.0;0.0
94;2021-01-05;0;0;2;0;0.0;0.0
94;2021-01-06;53;0;55;0;0.0;0.0
94;2021-01-07;333;1;388;1;0.1;0.0
94;2021-01-08;310;0;698;1;0.2;0.0
94;2021-01-09;78;0;776;1;0.2;0.0
94;2021-01-10;34;0;810;1;0.2;0.0
94;2021-01-11;152;2;962;3;0.3;0.0
94;2021-01-12;209;1;1171;4;0.3;0.0
94;2021-01-13;203;0;1374;4;0.4;0.0
94;2021-01-14;264;1;1638;5;0.5;0.0
94;2021-01-15;403;0;2041;5;0.6;0.0
94;2021-01-16;200;1;2241;6;0.7;0.0
94;2021-01-17;89;1;2330;7;0.7;0.0
94;2021-01-18;471;2;2801;9;0.8;0.0
94;2021-01-19;981;0;3782;9;1.1;0.0
94;2021-01-20;808;0;4590;9;1.3;0.0
94;2021-01-21;807;1;5397;10;1.6;0.0
94;2021-01-22;722;0;6119;10;1.8;0.0
94;2021-01-23;243;0;6362;10;1.8;0.0
94;2021-01-24;147;0;6509;10;1.9;0.0
94;2021-01-25;422;2;6931;12;2.0;0.0
94;2021-01-26;789;7;7720;19;2.2;0.0
94;2021-01-27;664;55;8384;74;2.4;0.0
94;2021-01-28;699;230;9083;304;2.6;0.1
94;2021-01-29;620;229;9703;533;2.8;0.2
94;2021-01-30;204;74;9907;607;2.9;0.2
94;2021-01-31;150;12;10057;619;2.9;0.2
94;2021-02-01;456;147;10513;766;3.1;0.2
94;2021-02-02;643;196;11156;962;3.2;0.3
94;2021-02-03;783;166;11939;1128;3.5;0.3
94;2021-02-04;714;298;12653;1426;3.7;0.4
94;2021-02-05;647;201;13300;1627;3.9;0.5
94;2021-02-06;206;75;13506;1702;3.9;0.5
94;2021-02-07;126;58;13632;1760;4.0;0.5
94;2021-02-08;322;366;13954;2126;4.0;0.6
94;2021-02-09;713;616;14667;2742;4.3;0.8
94;2021-02-10;643;430;15310;3172;4.4;0.9
94;2021-02-11;679;497;15989;3669;4.6;1.1
94;2021-02-12;635;428;16624;4097;4.8;1.2
94;2021-02-13;301;72;16925;4169;4.9;1.2
94;2021-02-14;195;78;17120;4247;5.0;1.2
94;2021-02-15;377;310;17497;4557;5.1;1.3
94;2021-02-16;634;604;18131;5161;5.3;1.5
94;2021-02-17;592;482;18723;5643;5.4;1.6
94;2021-02-18;550;545;19273;6188;5.6;1.8
94;2021-02-19;309;611;19582;6799;5.7;2.0
94;2021-02-20;275;199;19857;6998;5.8;2.0
94;2021-02-21;84;84;19941;7082;5.8;2.1
94;2021-02-22;211;406;20152;7488;5.8;2.2
94;2021-02-23;352;648;20504;8136;5.9;2.4
94;2021-02-24;298;609;20802;8745;6.0;2.5
94;2021-02-25;348;608;21150;9353;6.1;2.7
94;2021-02-26;419;555;21569;9908;6.3;2.9
94;2021-02-27;368;152;21937;10060;6.4;2.9
94;2021-02-28;70;123;22007;10183;6.4;3.0
94;2021-03-01;359;413;22366;10596;6.5;3.1
94;2021-03-02;549;654;22915;11250;6.6;3.3
94;2021-03-03;528;691;23443;11941;6.8;3.5
94;2021-03-04;950;635;24393;12576;7.1;3.6
94;2021-03-05;1584;672;25977;13248;7.5;3.8
94;2021-03-06;1843;164;27820;13412;8.1;3.9
94;2021-03-07;1379;99;29199;13511;8.5;3.9
94;2021-03-08;1228;323;30427;13834;8.8;4.0
94;2021-03-09;1312;653;31739;14487;9.2;4.2
94;2021-03-10;1259;576;32998;15063;9.6;4.4
94;2021-03-11;1307;632;34305;15695;10.0;4.6
94;2021-03-12;1515;539;35820;16234;10.4;4.7
94;2021-03-13;1113;303;36933;16537;10.7;4.8
94;2021-03-14;537;184;37470;16721;10.9;4.9
94;2021-03-15;886;399;38356;17120;11.1;5.0
94;2021-03-16;1064;639;39420;17759;11.4;5.2
94;2021-03-17;1225;529;40645;18288;11.8;5.3
94;2021-03-18;993;529;41638;18817;12.1;5.5
94;2021-03-19;1284;338;42922;19155;12.5;5.6
94;2021-03-20;1729;288;44651;19443;13.0;5.6
94;2021-03-21;1126;79;45777;19522;13.3;5.7
94;2021-03-22;888;187;46665;19709;13.5;5.7
94;2021-03-23;1303;319;47968;20028;13.9;5.8
94;2021-03-24;1681;303;49649;20331;14.4;5.9
94;2021-03-25;1750;289;51399;20620;14.9;6.0
94;2021-03-26;2018;342;53417;20962;15.5;6.1
94;2021-03-27;2270;226;55687;21188;16.2;6.1
94;2021-03-28;1069;214;56756;21402;16.5;6.2
94;2021-03-29;1021;312;57777;21714;16.8;6.3
94;2021-03-30;1349;556;59126;22270;17.2;6.5
94;2021-03-31;1426;485;60552;22755;17.6;6.6
94;2021-04-01;1633;676;62185;23431;18.0;6.8
94;2021-04-02;1858;1186;64043;24617;18.6;7.1
94;2021-04-03;1891;1125;65934;25742;19.1;7.5
94;2021-04-04;771;838;66705;26580;19.4;7.7
94;2021-04-05;628;806;67333;27386;19.5;7.9
94;2021-04-06;1576;907;68909;28293;20.0;8.2
94;2021-04-07;2003;847;70912;29140;20.6;8.5
94;2021-04-08;2173;753;73085;29893;21.2;8.7
94;2021-04-09;2093;945;75178;30838;21.8;8.9
94;2021-04-10;2400;620;77578;31458;22.5;9.1
94;2021-04-11;1173;312;78751;31770;22.8;9.2
94;2021-04-12;1517;894;80268;32664;23.3;9.5
94;2021-04-13;1384;1007;81652;33671;23.7;9.8
94;2021-04-14;2084;1073;83736;34744;24.3;10.1
94;2021-04-15;1909;1023;85645;35767;24.8;10.4
94;2021-04-16;1775;1036;87420;36803;25.4;10.7
94;2021-04-17;1748;1368;89168;38171;25.9;11.1
94;2021-04-18;1232;1275;90400;39446;26.2;11.4
94;2021-04-19;1088;769;91488;40215;26.5;11.7
94;2021-04-20;1250;1189;92738;41404;26.9;12.0
94;2021-04-21;1780;1331;94518;42735;27.4;12.4
94;2021-04-22;1821;1372;96339;44107;28.0;12.8
94;2021-04-23;1645;1400;97984;45507;28.4;13.2
94;2021-04-24;2031;1743;100015;47250;29.0;13.7
94;2021-04-25;1260;775;101275;48025;29.4;13.9
94;2021-04-26;1015;1144;102290;49169;29.7;14.3
94;2021-04-27;1307;1216;103597;50385;30.1;14.6
94;2021-04-28;2596;1262;106193;51647;30.8;15.0
94;2021-04-29;1967;1217;108160;52864;31.4;15.3
94;2021-04-30;2263;1875;110423;54739;32.0;15.9
94;2021-05-01;1415;1684;111838;56423;32.4;16.4
94;2021-05-02;1001;943;112839;57366;32.7;16.6
94;2021-05-03;1591;1065;114430;58431;33.2;17.0
94;2021-05-04;1547;1683;115977;60114;33.6;17.4
94;2021-05-05;1794;2352;117771;62466;34.2;18.1
94;2021-05-06;2178;1802;119949;64268;34.8;18.6
94;2021-05-07;2188;1810;122137;66078;35.4;19.2
94;2021-05-08;846;1348;122983;67426;35.7;19.6
94;2021-05-09;1157;1317;124140;68743;36.0;19.9
94;2021-05-10;1334;1532;125474;70275;36.4;20.4
94;2021-05-11;1558;1571;127032;71846;36.9;20.8
94;2021-05-12;1720;1365;128752;73211;37.4;21.2
94;2021-05-13;1901;496;130653;73707;37.9;21.4
94;2021-05-14;1501;1248;132154;74955;38.3;21.7
94;2021-05-15;1447;992;133601;75947;38.8;22.0
94;2021-05-16;999;664;134600;76611;39.1;22.2
94;2021-05-17;1566;963;136166;77574;39.5;22.5
94;2021-05-18;1535;851;137701;78425;40.0;22.8
94;2021-05-19;1524;891;139225;79316;40.4;23.0
94;2021-05-20;1325;885;140550;80201;40.8;23.3
94;2021-05-21;1198;976;141748;81177;41.1;23.6
94;2021-05-22;996;694;142744;81871;41.4;23.8
94;2021-05-23;680;327;143424;82198;41.6;23.8
94;2021-05-24;161;146;143585;82344;41.7;23.9
94;2021-05-25;942;854;144527;83198;41.9;24.1
94;2021-05-26;936;1953;145463;85151;42.2;24.7
94;2021-05-27;819;2236;146282;87387;42.4;25.4
94;2021-05-28;813;1818;147095;89205;42.7;25.9
94;2021-05-29;637;1252;147732;90457;42.9;26.2
94;2021-05-30;222;548;147954;91005;42.9;26.4
94;2021-05-31;547;1241;148501;92246;43.1;26.8
94;2021-06-01;729;1765;149230;94011;43.3;27.3
94;2021-06-02;608;1924;149838;95935;43.5;27.8
94;2021-06-03;773;1642;150611;97577;43.7;28.3
94;2021-06-04;600;2343;151211;99920;43.9;29.0
94;2021-06-05;552;1931;151763;101851;44.0;29.5
94;2021-06-06;213;1040;151976;102891;44.1;29.9
94;2021-06-07;436;1605;152412;104496;44.2;30.3
94;2021-06-08;753;1864;153165;106360;44.4;30.9
94;2021-06-09;838;2463;154003;108823;44.7;31.6
94;2021-06-10;675;1780;154678;110603;44.9;32.1
94;2021-06-11;676;2282;155354;112885;45.1;32.8
