fra;clage_vacsi;jour;n_dose1;n_complet;n_cum_dose1;n_cum_complet;couv_dose1;couv_complet
FR;24;2020-12-27;1;0;1;0;0.0;0.0
FR;24;2020-12-28;2;0;3;0;0.0;0.0
FR;24;2020-12-29;0;0;3;0;0.0;0.0
FR;24;2020-12-30;0;0;3;0;0.0;0.0
FR;24;2020-12-31;0;0;3;0;0.0;0.0
FR;24;2021-01-01;1;0;4;0;0.0;0.0
FR;24;2021-01-02;0;0;4;0;0.0;0.0
FR;24;2021-01-03;2;0;6;0;0.0;0.0
FR;24;2021-01-04;4;0;10;0;0.0;0.0
FR;24;2021-01-05;17;0;27;0;0.0;0.0
FR;24;2021-01-06;36;0;63;0;0.0;0.0
FR;24;2021-01-07;179;0;242;0;0.0;0.0
FR;24;2021-01-08;216;0;458;0;0.0;0.0
FR;24;2021-01-09;40;0;498;0;0.0;0.0
FR;24;2021-01-10;35;0;533;0;0.0;0.0
FR;24;2021-01-11;251;2;784;2;0.0;0.0
FR;24;2021-01-12;395;1;1179;3;0.0;0.0
FR;24;2021-01-13;477;3;1656;6;0.0;0.0
FR;24;2021-01-14;607;5;2263;11;0.0;0.0
FR;24;2021-01-15;586;1;2849;12;0.1;0.0
FR;24;2021-01-16;116;3;2965;15;0.1;0.0
FR;24;2021-01-17;94;0;3059;15;0.1;0.0
FR;24;2021-01-18;506;1;3565;16;0.1;0.0
FR;24;2021-01-19;594;1;4159;17;0.1;0.0
FR;24;2021-01-20;649;0;4808;17;0.1;0.0
FR;24;2021-01-21;752;3;5560;20;0.1;0.0
FR;24;2021-01-22;597;3;6157;23;0.1;0.0
FR;24;2021-01-23;116;0;6273;23;0.1;0.0
FR;24;2021-01-24;22;0;6295;23;0.1;0.0
FR;24;2021-01-25;294;3;6589;26;0.1;0.0
FR;24;2021-01-26;364;11;6953;37;0.1;0.0
FR;24;2021-01-27;440;14;7393;51;0.1;0.0
FR;24;2021-01-28;594;50;7987;101;0.1;0.0
FR;24;2021-01-29;466;82;8453;183;0.2;0.0
FR;24;2021-01-30;87;16;8540;199;0.2;0.0
FR;24;2021-01-31;25;13;8565;212;0.2;0.0
FR;24;2021-02-01;155;134;8720;346;0.2;0.0
FR;24;2021-02-02;214;182;8934;528;0.2;0.0
FR;24;2021-02-03;215;185;9149;713;0.2;0.0
FR;24;2021-02-04;357;315;9506;1028;0.2;0.0
FR;24;2021-02-05;345;342;9851;1370;0.2;0.0
FR;24;2021-02-06;82;71;9933;1441;0.2;0.0
FR;24;2021-02-07;169;28;10102;1469;0.2;0.0
FR;24;2021-02-08;388;357;10490;1826;0.2;0.0
FR;24;2021-02-09;743;454;11233;2280;0.2;0.0
FR;24;2021-02-10;1084;591;12317;2871;0.2;0.1
FR;24;2021-02-11;1568;697;13885;3568;0.3;0.1
FR;24;2021-02-12;1618;552;15503;4120;0.3;0.1
FR;24;2021-02-13;290;90;15793;4210;0.3;0.1
FR;24;2021-02-14;62;30;15855;4240;0.3;0.1
FR;24;2021-02-15;1026;368;16881;4608;0.3;0.1
FR;24;2021-02-16;1556;561;18437;5169;0.3;0.1
FR;24;2021-02-17;1486;479;19923;5648;0.4;0.1
FR;24;2021-02-18;1932;609;21855;6257;0.4;0.1
FR;24;2021-02-19;1849;537;23704;6794;0.4;0.1
FR;24;2021-02-20;328;83;24032;6877;0.4;0.1
FR;24;2021-02-21;39;18;24071;6895;0.4;0.1
FR;24;2021-02-22;1148;271;25219;7166;0.5;0.1
FR;24;2021-02-23;1570;367;26789;7533;0.5;0.1
FR;24;2021-02-24;1644;314;28433;7847;0.5;0.1
FR;24;2021-02-25;2243;443;30676;8290;0.6;0.2
FR;24;2021-02-26;2164;361;32840;8651;0.6;0.2
FR;24;2021-02-27;530;76;33370;8727;0.6;0.2
FR;24;2021-02-28;90;15;33460;8742;0.6;0.2
FR;24;2021-03-01;1239;210;34699;8952;0.6;0.2
FR;24;2021-03-02;1637;275;36336;9227;0.7;0.2
FR;24;2021-03-03;1738;315;38074;9542;0.7;0.2
FR;24;2021-03-04;2094;465;40168;10007;0.7;0.2
FR;24;2021-03-05;3264;434;43432;10441;0.8;0.2
FR;24;2021-03-06;1697;114;45129;10555;0.8;0.2
FR;24;2021-03-07;974;52;46103;10607;0.8;0.2
FR;24;2021-03-08;1946;220;48049;10827;0.9;0.2
FR;24;2021-03-09;2592;259;50641;11086;0.9;0.2
FR;24;2021-03-10;2417;324;53058;11410;1.0;0.2
FR;24;2021-03-11;2902;462;55960;11872;1.0;0.2
FR;24;2021-03-12;3806;393;59766;12265;1.1;0.2
FR;24;2021-03-13;1471;79;61237;12344;1.1;0.2
FR;24;2021-03-14;530;33;61767;12377;1.1;0.2
FR;24;2021-03-15;1822;230;63589;12607;1.2;0.2
FR;24;2021-03-16;822;305;64411;12912;1.2;0.2
FR;24;2021-03-17;1066;313;65477;13225;1.2;0.2
FR;24;2021-03-18;1295;423;66772;13648;1.2;0.3
FR;24;2021-03-19;1860;351;68632;13999;1.3;0.3
FR;24;2021-03-20;829;84;69461;14083;1.3;0.3
FR;24;2021-03-21;632;47;70093;14130;1.3;0.3
FR;24;2021-03-22;1498;274;71591;14404;1.3;0.3
FR;24;2021-03-23;1792;388;73383;14792;1.4;0.3
FR;24;2021-03-24;2152;339;75535;15131;1.4;0.3
FR;24;2021-03-25;2554;479;78089;15610;1.4;0.3
FR;24;2021-03-26;3156;461;81245;16071;1.5;0.3
FR;24;2021-03-27;1889;184;83134;16255;1.5;0.3
FR;24;2021-03-28;1009;68;84143;16323;1.6;0.3
FR;24;2021-03-29;2420;346;86563;16669;1.6;0.3
FR;24;2021-03-30;3556;496;90119;17165;1.7;0.3
FR;24;2021-03-31;4066;503;94185;17668;1.7;0.3
FR;24;2021-04-01;5373;717;99558;18385;1.8;0.3
FR;24;2021-04-02;4425;602;103983;18987;1.9;0.4
FR;24;2021-04-03;1730;331;105713;19318;1.9;0.4
FR;24;2021-04-04;954;123;106667;19441;2.0;0.4
FR;24;2021-04-05;1091;127;107758;19568;2.0;0.4
FR;24;2021-04-06;3527;562;111285;20130;2.1;0.4
FR;24;2021-04-07;4737;776;116022;20906;2.1;0.4
FR;24;2021-04-08;6307;1065;122329;21971;2.3;0.4
FR;24;2021-04-09;5726;1002;128055;22973;2.4;0.4
FR;24;2021-04-10;2621;554;130676;23527;2.4;0.4
FR;24;2021-04-11;1249;303;131925;23830;2.4;0.4
FR;24;2021-04-12;3407;901;135332;24731;2.5;0.5
FR;24;2021-04-13;4705;1120;140037;25851;2.6;0.5
FR;24;2021-04-14;4842;1275;144879;27126;2.7;0.5
FR;24;2021-04-15;5094;1535;149973;28661;2.8;0.5
FR;24;2021-04-16;4741;1641;154714;30302;2.9;0.6
FR;24;2021-04-17;2105;786;156819;31088;2.9;0.6
FR;24;2021-04-18;716;430;157535;31518;2.9;0.6
FR;24;2021-04-19;2881;1494;160416;33012;3.0;0.6
FR;24;2021-04-20;3063;2100;163479;35112;3.0;0.6
FR;24;2021-04-21;3344;2435;166823;37547;3.1;0.7
FR;24;2021-04-22;3971;3089;170794;40636;3.1;0.7
FR;24;2021-04-23;4108;3254;174902;43890;3.2;0.8
FR;24;2021-04-24;2359;1662;177261;45552;3.3;0.8
FR;24;2021-04-25;1203;797;178464;46349;3.3;0.9
FR;24;2021-04-26;3013;2157;181477;48506;3.3;0.9
FR;24;2021-04-27;3849;3143;185326;51649;3.4;1.0
FR;24;2021-04-28;4317;3708;189643;55357;3.5;1.0
FR;24;2021-04-29;5373;4406;195016;59763;3.6;1.1
FR;24;2021-04-30;6068;4566;201084;64329;3.7;1.2
FR;24;2021-05-01;3684;1065;204768;65394;3.8;1.2
FR;24;2021-05-02;2730;891;207498;66285;3.8;1.2
FR;24;2021-05-03;6162;4117;213660;70402;3.9;1.3
FR;24;2021-05-04;7361;4686;221021;75088;4.1;1.4
FR;24;2021-05-05;8392;4900;229413;79988;4.2;1.5
FR;24;2021-05-06;10493;6311;239906;86299;4.4;1.6
FR;24;2021-05-07;11682;6348;251588;92647;4.6;1.7
FR;24;2021-05-08;9301;2457;260889;95104;4.8;1.8
FR;24;2021-05-09;6838;1918;267727;97022;4.9;1.8
FR;24;2021-05-10;10671;4893;278398;101915;5.1;1.9
FR;24;2021-05-11;15065;5676;293463;107591;5.4;2.0
FR;24;2021-05-12;21733;6003;315196;113594;5.8;2.1
FR;24;2021-05-13;26620;2925;341816;116519;6.3;2.1
FR;24;2021-05-14;31360;5381;373176;121900;6.9;2.2
FR;24;2021-05-15;32797;3826;405973;125726;7.5;2.3
FR;29;2020-12-27;0;0;0;0;0.0;0.0
FR;29;2020-12-28;1;0;1;0;0.0;0.0
FR;29;2020-12-29;0;0;1;0;0.0;0.0
FR;29;2020-12-30;0;0;1;0;0.0;0.0
FR;29;2020-12-31;0;0;1;0;0.0;0.0
FR;29;2021-01-01;2;0;3;0;0.0;0.0
FR;29;2021-01-02;2;0;5;0;0.0;0.0
FR;29;2021-01-03;2;0;7;0;0.0;0.0
FR;29;2021-01-04;10;0;17;0;0.0;0.0
FR;29;2021-01-05;42;0;59;0;0.0;0.0
FR;29;2021-01-06;142;0;201;0;0.0;0.0
FR;29;2021-01-07;306;1;507;1;0.0;0.0
FR;29;2021-01-08;516;2;1023;3;0.0;0.0
FR;29;2021-01-09;113;0;1136;3;0.0;0.0
FR;29;2021-01-10;91;0;1227;3;0.0;0.0
FR;29;2021-01-11;642;1;1869;4;0.1;0.0
FR;29;2021-01-12;929;4;2798;8;0.1;0.0
FR;29;2021-01-13;1209;2;4007;10;0.1;0.0
FR;29;2021-01-14;1557;8;5564;18;0.1;0.0
FR;29;2021-01-15;1302;2;6866;20;0.2;0.0
FR;29;2021-01-16;192;2;7058;22;0.2;0.0
FR;29;2021-01-17;158;0;7216;22;0.2;0.0
FR;29;2021-01-18;1039;2;8255;24;0.2;0.0
FR;29;2021-01-19;1142;3;9397;27;0.3;0.0
FR;29;2021-01-20;1190;2;10587;29;0.3;0.0
FR;29;2021-01-21;1446;3;12033;32;0.3;0.0
FR;29;2021-01-22;1142;4;13175;36;0.4;0.0
FR;29;2021-01-23;167;2;13342;38;0.4;0.0
FR;29;2021-01-24;51;0;13393;38;0.4;0.0
FR;29;2021-01-25;533;12;13926;50;0.4;0.0
FR;29;2021-01-26;659;35;14585;85;0.4;0.0
FR;29;2021-01-27;718;60;15303;145;0.4;0.0
FR;29;2021-01-28;1032;118;16335;263;0.4;0.0
FR;29;2021-01-29;801;170;17136;433;0.5;0.0
FR;29;2021-01-30;140;39;17276;472;0.5;0.0
FR;29;2021-01-31;33;26;17309;498;0.5;0.0
FR;29;2021-02-01;260;291;17569;789;0.5;0.0
FR;29;2021-02-02;403;372;17972;1161;0.5;0.0
FR;29;2021-02-03;452;456;18424;1617;0.5;0.0
FR;29;2021-02-04;605;715;19029;2332;0.5;0.1
FR;29;2021-02-05;530;744;19559;3076;0.5;0.1
FR;29;2021-02-06;141;106;19700;3182;0.5;0.1
FR;29;2021-02-07;304;61;20004;3243;0.5;0.1
FR;29;2021-02-08;600;799;20604;4042;0.6;0.1
FR;29;2021-02-09;1244;1003;21848;5045;0.6;0.1
FR;29;2021-02-10;1705;1123;23553;6168;0.6;0.2
FR;29;2021-02-11;2455;1393;26008;7561;0.7;0.2
FR;29;2021-02-12;2207;1197;28215;8758;0.8;0.2
FR;29;2021-02-13;422;152;28637;8910;0.8;0.2
FR;29;2021-02-14;133;81;28770;8991;0.8;0.2
FR;29;2021-02-15;1553;767;30323;9758;0.8;0.3
FR;29;2021-02-16;1908;1127;32231;10885;0.9;0.3
FR;29;2021-02-17;1879;919;34110;11804;0.9;0.3
FR;29;2021-02-18;2382;1129;36492;12933;1.0;0.3
FR;29;2021-02-19;2312;915;38804;13848;1.0;0.4
FR;29;2021-02-20;382;119;39186;13967;1.1;0.4
FR;29;2021-02-21;86;42;39272;14009;1.1;0.4
FR;29;2021-02-22;1343;502;40615;14511;1.1;0.4
FR;29;2021-02-23;1748;622;42363;15133;1.1;0.4
FR;29;2021-02-24;1775;514;44138;15647;1.2;0.4
FR;29;2021-02-25;2374;878;46512;16525;1.3;0.4
FR;29;2021-02-26;2550;621;49062;17146;1.3;0.5
FR;29;2021-02-27;606;101;49668;17247;1.3;0.5
FR;29;2021-02-28;111;27;49779;17274;1.3;0.5
FR;29;2021-03-01;1272;317;51051;17591;1.4;0.5
FR;29;2021-03-02;1780;561;52831;18152;1.4;0.5
FR;29;2021-03-03;1965;550;54796;18702;1.5;0.5
FR;29;2021-03-04;2440;697;57236;19399;1.5;0.5
FR;29;2021-03-05;3586;648;60822;20047;1.6;0.5
FR;29;2021-03-06;1620;120;62442;20167;1.7;0.5
FR;29;2021-03-07;819;95;63261;20262;1.7;0.5
FR;29;2021-03-08;1931;359;65192;20621;1.8;0.6
FR;29;2021-03-09;2625;426;67817;21047;1.8;0.6
FR;29;2021-03-10;2535;457;70352;21504;1.9;0.6
FR;29;2021-03-11;3316;748;73668;22252;2.0;0.6
FR;29;2021-03-12;3939;661;77607;22913;2.1;0.6
FR;29;2021-03-13;1618;119;79225;23032;2.1;0.6
FR;29;2021-03-14;562;56;79787;23088;2.1;0.6
FR;29;2021-03-15;1875;327;81662;23415;2.2;0.6
FR;29;2021-03-16;1113;483;82775;23898;2.2;0.6
FR;29;2021-03-17;1371;483;84146;24381;2.3;0.7
FR;29;2021-03-18;1639;651;85785;25032;2.3;0.7
FR;29;2021-03-19;2219;527;88004;25559;2.4;0.7
FR;29;2021-03-20;987;120;88991;25679;2.4;0.7
FR;29;2021-03-21;725;58;89716;25737;2.4;0.7
FR;29;2021-03-22;1653;386;91369;26123;2.5;0.7
FR;29;2021-03-23;2201;579;93570;26702;2.5;0.7
FR;29;2021-03-24;2525;544;96095;27246;2.6;0.7
FR;29;2021-03-25;3368;648;99463;27894;2.7;0.8
FR;29;2021-03-26;3721;650;103184;28544;2.8;0.8
FR;29;2021-03-27;2140;233;105324;28777;2.8;0.8
FR;29;2021-03-28;963;57;106287;28834;2.9;0.8
FR;29;2021-03-29;2738;494;109025;29328;2.9;0.8
FR;29;2021-03-30;3946;677;112971;30005;3.0;0.8
FR;29;2021-03-31;4447;760;117418;30765;3.2;0.8
FR;29;2021-04-01;5820;956;123238;31721;3.3;0.9
FR;29;2021-04-02;4867;877;128105;32598;3.4;0.9
FR;29;2021-04-03;1756;320;129861;32918;3.5;0.9
FR;29;2021-04-04;897;115;130758;33033;3.5;0.9
FR;29;2021-04-05;915;110;131673;33143;3.5;0.9
FR;29;2021-04-06;3473;723;135146;33866;3.6;0.9
FR;29;2021-04-07;4506;1074;139652;34940;3.8;0.9
FR;29;2021-04-08;6212;1387;145864;36327;3.9;1.0
FR;29;2021-04-09;6242;1225;152106;37552;4.1;1.0
FR;29;2021-04-10;2639;603;154745;38155;4.2;1.0
FR;29;2021-04-11;1161;331;155906;38486;4.2;1.0
FR;29;2021-04-12;3549;1007;159455;39493;4.3;1.1
FR;29;2021-04-13;4803;1456;164258;40949;4.4;1.1
FR;29;2021-04-14;4689;1474;168947;42423;4.5;1.1
FR;29;2021-04-15;5497;1774;174444;44197;4.7;1.2
FR;29;2021-04-16;4704;1844;179148;46041;4.8;1.2
FR;29;2021-04-17;2217;902;181365;46943;4.9;1.3
FR;29;2021-04-18;760;515;182125;47458;4.9;1.3
FR;29;2021-04-19;2808;1735;184933;49193;5.0;1.3
FR;29;2021-04-20;3436;2466;188369;51659;5.1;1.4
FR;29;2021-04-21;3374;2747;191743;54406;5.2;1.5
FR;29;2021-04-22;4384;3795;196127;58201;5.3;1.6
FR;29;2021-04-23;4503;3719;200630;61920;5.4;1.7
FR;29;2021-04-24;2664;1809;203294;63729;5.5;1.7
FR;29;2021-04-25;1165;731;204459;64460;5.5;1.7
FR;29;2021-04-26;2902;2442;207361;66902;5.6;1.8
FR;29;2021-04-27;3938;3572;211299;70474;5.7;1.9
FR;29;2021-04-28;4566;3983;215865;74457;5.8;2.0
FR;29;2021-04-29;5755;4929;221620;79386;6.0;2.1
FR;29;2021-04-30;6324;5147;227944;84533;6.1;2.3
FR;29;2021-05-01;3975;1197;231919;85730;6.2;2.3
FR;29;2021-05-02;2591;903;234510;86633;6.3;2.3
FR;29;2021-05-03;6720;4265;241230;90898;6.5;2.4
FR;29;2021-05-04;7959;5144;249189;96042;6.7;2.6
FR;29;2021-05-05;9308;5131;258497;101173;7.0;2.7
FR;29;2021-05-06;10914;6464;269411;107637;7.2;2.9
FR;29;2021-05-07;11360;6541;280771;114178;7.6;3.1
FR;29;2021-05-08;8279;2200;289050;116378;7.8;3.1
FR;29;2021-05-09;5883;1733;294933;118111;7.9;3.2
FR;29;2021-05-10;10312;5221;305245;123332;8.2;3.3
FR;29;2021-05-11;14159;6286;319404;129618;8.6;3.5
FR;29;2021-05-12;19004;6171;338408;135789;9.1;3.7
FR;29;2021-05-13;19186;2274;357594;138063;9.6;3.7
FR;29;2021-05-14;21781;4288;379375;142351;10.2;3.8
FR;29;2021-05-15;20600;2869;399975;145220;10.8;3.9
FR;39;2020-12-27;0;0;0;0;0.0;0.0
FR;39;2020-12-28;0;0;0;0;0.0;0.0
FR;39;2020-12-29;1;0;1;0;0.0;0.0
FR;39;2020-12-30;3;0;4;0;0.0;0.0
FR;39;2020-12-31;1;0;5;0;0.0;0.0
FR;39;2021-01-01;4;0;9;0;0.0;0.0
FR;39;2021-01-02;2;0;11;0;0.0;0.0
FR;39;2021-01-03;2;0;13;0;0.0;0.0
FR;39;2021-01-04;23;0;36;0;0.0;0.0
FR;39;2021-01-05;139;0;175;0;0.0;0.0
FR;39;2021-01-06;384;0;559;0;0.0;0.0
FR;39;2021-01-07;1174;5;1733;5;0.0;0.0
FR;39;2021-01-08;1782;3;3515;8;0.0;0.0
FR;39;2021-01-09;473;0;3988;8;0.0;0.0
FR;39;2021-01-10;307;1;4295;9;0.1;0.0
FR;39;2021-01-11;2203;6;6498;15;0.1;0.0
FR;39;2021-01-12;3389;9;9887;24;0.1;0.0
FR;39;2021-01-13;3480;7;13367;31;0.2;0.0
FR;39;2021-01-14;4759;44;18126;75;0.2;0.0
FR;39;2021-01-15;4373;12;22499;87;0.3;0.0
FR;39;2021-01-16;768;4;23267;91;0.3;0.0
FR;39;2021-01-17;487;2;23754;93;0.3;0.0
FR;39;2021-01-18;3062;18;26816;111;0.3;0.0
FR;39;2021-01-19;3989;12;30805;123;0.4;0.0
FR;39;2021-01-20;3888;9;34693;132;0.4;0.0
FR;39;2021-01-21;5112;14;39805;146;0.5;0.0
FR;39;2021-01-22;3930;15;43735;161;0.5;0.0
FR;39;2021-01-23;590;3;44325;164;0.5;0.0
FR;39;2021-01-24;184;0;44509;164;0.5;0.0
FR;39;2021-01-25;1584;38;46093;202;0.6;0.0
FR;39;2021-01-26;2155;92;48248;294;0.6;0.0
FR;39;2021-01-27;2277;203;50525;497;0.6;0.0
FR;39;2021-01-28;3464;458;53989;955;0.7;0.0
FR;39;2021-01-29;2670;693;56659;1648;0.7;0.0
FR;39;2021-01-30;393;214;57052;1862;0.7;0.0
FR;39;2021-01-31;89;78;57141;1940;0.7;0.0
FR;39;2021-02-01;746;1057;57887;2997;0.7;0.0
FR;39;2021-02-02;1323;1643;59210;4640;0.7;0.1
FR;39;2021-02-03;1350;1651;60560;6291;0.7;0.1
FR;39;2021-02-04;1966;2527;62526;8818;0.8;0.1
FR;39;2021-02-05;1629;2699;64155;11517;0.8;0.1
FR;39;2021-02-06;396;430;64551;11947;0.8;0.1
FR;39;2021-02-07;553;204;65104;12151;0.8;0.1
FR;39;2021-02-08;1510;2410;66614;14561;0.8;0.2
FR;39;2021-02-09;3158;3344;69772;17905;0.8;0.2
FR;39;2021-02-10;3871;3481;73643;21386;0.9;0.3
FR;39;2021-02-11;6141;4796;79784;26182;1.0;0.3
FR;39;2021-02-12;5794;3932;85578;30114;1.0;0.4
FR;39;2021-02-13;1237;536;86815;30650;1.0;0.4
FR;39;2021-02-14;386;261;87201;30911;1.1;0.4
FR;39;2021-02-15;3379;2358;90580;33269;1.1;0.4
FR;39;2021-02-16;4407;3301;94987;36570;1.1;0.4
FR;39;2021-02-17;3973;2823;98960;39393;1.2;0.5
FR;39;2021-02-18;5954;3821;104914;43214;1.3;0.5
FR;39;2021-02-19;5793;3018;110707;46232;1.3;0.6
FR;39;2021-02-20;1133;463;111840;46695;1.3;0.6
FR;39;2021-02-21;185;118;112025;46813;1.4;0.6
FR;39;2021-02-22;2961;1622;114986;48435;1.4;0.6
FR;39;2021-02-23;3875;1868;118861;50303;1.4;0.6
FR;39;2021-02-24;3697;1672;122558;51975;1.5;0.6
FR;39;2021-02-25;5535;2465;128093;54440;1.5;0.7
FR;39;2021-02-26;6044;1858;134137;56298;1.6;0.7
FR;39;2021-02-27;1651;292;135788;56590;1.6;0.7
FR;39;2021-02-28;240;119;136028;56709;1.6;0.7
FR;39;2021-03-01;2906;963;138934;57672;1.7;0.7
FR;39;2021-03-02;4194;1558;143128;59230;1.7;0.7
FR;39;2021-03-03;4200;1475;147328;60705;1.8;0.7
FR;39;2021-03-04;6217;2225;153545;62930;1.9;0.8
FR;39;2021-03-05;9078;1997;162623;64927;2.0;0.8
FR;39;2021-03-06;4896;377;167519;65304;2.0;0.8
FR;39;2021-03-07;2632;226;170151;65530;2.1;0.8
FR;39;2021-03-08;4652;1057;174803;66587;2.1;0.8
FR;39;2021-03-09;6815;1425;181618;68012;2.2;0.8
FR;39;2021-03-10;6047;1461;187665;69473;2.3;0.8
FR;39;2021-03-11;8610;2288;196275;71761;2.4;0.9
FR;39;2021-03-12;11374;1999;207649;73760;2.5;0.9
FR;39;2021-03-13;5204;385;212853;74145;2.6;0.9
FR;39;2021-03-14;1745;143;214598;74288;2.6;0.9
FR;39;2021-03-15;4743;1001;219341;75289;2.6;0.9
FR;39;2021-03-16;3352;1381;222693;76670;2.7;0.9
FR;39;2021-03-17;3430;1465;226123;78135;2.7;0.9
FR;39;2021-03-18;4632;1943;230755;80078;2.8;1.0
FR;39;2021-03-19;6235;1596;236990;81674;2.9;1.0
FR;39;2021-03-20;3165;350;240155;82024;2.9;1.0
FR;39;2021-03-21;2069;157;242224;82181;2.9;1.0
FR;39;2021-03-22;4432;1058;246656;83239;3.0;1.0
FR;39;2021-03-23;6146;1618;252802;84857;3.0;1.0
FR;39;2021-03-24;6293;1316;259095;86173;3.1;1.0
FR;39;2021-03-25;9028;1678;268123;87851;3.2;1.1
FR;39;2021-03-26;10606;1634;278729;89485;3.4;1.1
FR;39;2021-03-27;5980;581;284709;90066;3.4;1.1
FR;39;2021-03-28;2730;173;287439;90239;3.5;1.1
FR;39;2021-03-29;7149;1240;294588;91479;3.6;1.1
FR;39;2021-03-30;10461;1810;305049;93289;3.7;1.1
FR;39;2021-03-31;11057;1779;316106;95068;3.8;1.1
FR;39;2021-04-01;14918;2536;331024;97604;4.0;1.2
FR;39;2021-04-02;13207;2368;344231;99972;4.1;1.2
FR;39;2021-04-03;5586;995;349817;100967;4.2;1.2
FR;39;2021-04-04;2520;336;352337;101303;4.2;1.2
FR;39;2021-04-05;2527;316;354864;101619;4.3;1.2
FR;39;2021-04-06;9212;2227;364076;103846;4.4;1.3
FR;39;2021-04-07;12115;2681;376191;106527;4.5;1.3
FR;39;2021-04-08;16737;3594;392928;110121;4.7;1.3
FR;39;2021-04-09;16764;3518;409692;113639;4.9;1.4
FR;39;2021-04-10;7397;1916;417089;115555;5.0;1.4
FR;39;2021-04-11;2977;975;420066;116530;5.1;1.4
FR;39;2021-04-12;9528;2715;429594;119245;5.2;1.4
FR;39;2021-04-13;12822;3929;442416;123174;5.3;1.5
FR;39;2021-04-14;12717;3793;455133;126967;5.5;1.5
FR;39;2021-04-15;14532;4726;469665;131693;5.7;1.6
FR;39;2021-04-16;12590;5225;482255;136918;5.8;1.7
FR;39;2021-04-17;6074;2700;488329;139618;5.9;1.7
FR;39;2021-04-18;2238;1555;490567;141173;5.9;1.7
FR;39;2021-04-19;7790;4649;498357;145822;6.0;1.8
FR;39;2021-04-20;9273;6677;507630;152499;6.1;1.8
FR;39;2021-04-21;10038;7119;517668;159618;6.2;1.9
FR;39;2021-04-22;11722;10245;529390;169863;6.4;2.0
FR;39;2021-04-23;12053;10428;541443;180291;6.5;2.2
FR;39;2021-04-24;7742;5050;549185;185341;6.6;2.2
FR;39;2021-04-25;3414;2145;552599;187486;6.7;2.3
FR;39;2021-04-26;8399;6926;560998;194412;6.8;2.3
FR;39;2021-04-27;11711;9510;572709;203922;6.9;2.5
FR;39;2021-04-28;13056;9996;585765;213918;7.1;2.6
FR;39;2021-04-29;16896;12877;602661;226795;7.3;2.7
FR;39;2021-04-30;19469;13179;622130;239974;7.5;2.9
FR;39;2021-05-01;12856;3512;634986;243486;7.7;2.9
FR;39;2021-05-02;9269;2482;644255;245968;7.8;3.0
FR;39;2021-05-03;22052;11263;666307;257231;8.0;3.1
FR;39;2021-05-04;26540;13891;692847;271122;8.4;3.3
FR;39;2021-05-05;30118;14192;722965;285314;8.7;3.4
FR;39;2021-05-06;36379;17580;759344;302894;9.2;3.7
FR;39;2021-05-07;37703;18417;797047;321311;9.6;3.9
FR;39;2021-05-08;27418;5484;824465;326795;9.9;3.9
FR;39;2021-05-09;18741;4274;843206;331069;10.2;4.0
FR;39;2021-05-10;33089;14392;876295;345461;10.6;4.2
FR;39;2021-05-11;43293;16977;919588;362438;11.1;4.4
FR;39;2021-05-12;54344;16010;973932;378448;11.7;4.6
FR;39;2021-05-13;52010;5513;1025942;383961;12.4;4.6
FR;39;2021-05-14;60758;10840;1086700;394801;13.1;4.8
FR;39;2021-05-15;54923;6727;1141623;401528;13.8;4.8
FR;49;2020-12-27;2;0;2;0;0.0;0.0
FR;49;2020-12-28;1;0;3;0;0.0;0.0
FR;49;2020-12-29;1;0;4;0;0.0;0.0
FR;49;2020-12-30;6;0;10;0;0.0;0.0
FR;49;2020-12-31;1;0;11;0;0.0;0.0
FR;49;2021-01-01;3;0;14;0;0.0;0.0
FR;49;2021-01-02;9;0;23;0;0.0;0.0
FR;49;2021-01-03;4;0;27;0;0.0;0.0
FR;49;2021-01-04;85;0;112;0;0.0;0.0
FR;49;2021-01-05;333;1;445;1;0.0;0.0
FR;49;2021-01-06;854;2;1299;3;0.0;0.0
FR;49;2021-01-07;2157;6;3456;9;0.0;0.0
FR;49;2021-01-08;3354;5;6810;14;0.1;0.0
FR;49;2021-01-09;999;0;7809;14;0.1;0.0
FR;49;2021-01-10;472;1;8281;15;0.1;0.0
FR;49;2021-01-11;4163;8;12444;23;0.1;0.0
FR;49;2021-01-12;5837;7;18281;30;0.2;0.0
FR;49;2021-01-13;6134;11;24415;41;0.3;0.0
FR;49;2021-01-14;8312;62;32727;103;0.4;0.0
FR;49;2021-01-15;7580;17;40307;120;0.5;0.0
FR;49;2021-01-16;1415;8;41722;128;0.5;0.0
FR;49;2021-01-17;619;4;42341;132;0.5;0.0
FR;49;2021-01-18;5049;14;47390;146;0.6;0.0
FR;49;2021-01-19;6793;8;54183;154;0.6;0.0
FR;49;2021-01-20;6606;17;60789;171;0.7;0.0
FR;49;2021-01-21;8355;17;69144;188;0.8;0.0
FR;49;2021-01-22;6225;28;75369;216;0.9;0.0
FR;49;2021-01-23;1010;6;76379;222;0.9;0.0
FR;49;2021-01-24;282;2;76661;224;0.9;0.0
FR;49;2021-01-25;2596;92;79257;316;0.9;0.0
FR;49;2021-01-26;3709;212;82966;528;1.0;0.0
FR;49;2021-01-27;3968;384;86934;912;1.0;0.0
FR;49;2021-01-28;5517;961;92451;1873;1.1;0.0
FR;49;2021-01-29;4390;1551;96841;3424;1.1;0.0
FR;49;2021-01-30;690;377;97531;3801;1.1;0.0
FR;49;2021-01-31;137;125;97668;3926;1.1;0.0
FR;49;2021-02-01;1363;2086;99031;6012;1.2;0.1
FR;49;2021-02-02;2260;3194;101291;9206;1.2;0.1
FR;49;2021-02-03;2289;3373;103580;12579;1.2;0.1
FR;49;2021-02-04;3332;4762;106912;17341;1.2;0.2
FR;49;2021-02-05;2769;4881;109681;22222;1.3;0.3
FR;49;2021-02-06;565;885;110246;23107;1.3;0.3
FR;49;2021-02-07;520;290;110766;23397;1.3;0.3
FR;49;2021-02-08;1932;4043;112698;27440;1.3;0.3
FR;49;2021-02-09;4324;5711;117022;33151;1.4;0.4
FR;49;2021-02-10;5482;6015;122504;39166;1.4;0.5
FR;49;2021-02-11;7959;7913;130463;47079;1.5;0.5
FR;49;2021-02-12;7280;6401;137743;53480;1.6;0.6
FR;49;2021-02-13;1691;1007;139434;54487;1.6;0.6
FR;49;2021-02-14;404;405;139838;54892;1.6;0.6
FR;49;2021-02-15;4095;3845;143933;58737;1.7;0.7
FR;49;2021-02-16;5364;5293;149297;64030;1.7;0.7
FR;49;2021-02-17;5123;4618;154420;68648;1.8;0.8
FR;49;2021-02-18;7444;6130;161864;74778;1.9;0.9
FR;49;2021-02-19;7013;4822;168877;79600;2.0;0.9
FR;49;2021-02-20;1485;784;170362;80384;2.0;0.9
FR;49;2021-02-21;275;220;170637;80604;2.0;0.9
FR;49;2021-02-22;3500;2616;174137;83220;2.0;1.0
FR;49;2021-02-23;4825;3082;178962;86302;2.1;1.0
FR;49;2021-02-24;4866;2788;183828;89090;2.1;1.0
FR;49;2021-02-25;7498;4082;191326;93172;2.2;1.1
FR;49;2021-02-26;8211;3089;199537;96261;2.3;1.1
FR;49;2021-02-27;2663;549;202200;96810;2.4;1.1
FR;49;2021-02-28;329;134;202529;96944;2.4;1.1
FR;49;2021-03-01;3766;1596;206295;98540;2.4;1.1
FR;49;2021-03-02;5716;2401;212011;100941;2.5;1.2
FR;49;2021-03-03;5950;2429;217961;103370;2.5;1.2
FR;49;2021-03-04;8815;3351;226776;106721;2.6;1.2
FR;49;2021-03-05;12441;3077;239217;109798;2.8;1.3
FR;49;2021-03-06;8519;555;247736;110353;2.9;1.3
FR;49;2021-03-07;4665;365;252401;110718;2.9;1.3
FR;49;2021-03-08;6343;1595;258744;112313;3.0;1.3
FR;49;2021-03-09;9428;2185;268172;114498;3.1;1.3
FR;49;2021-03-10;8861;2235;277033;116733;3.2;1.4
FR;49;2021-03-11;12693;3255;289726;119988;3.4;1.4
FR;49;2021-03-12;16331;2735;306057;122723;3.6;1.4
FR;49;2021-03-13;9491;557;315548;123280;3.7;1.4
FR;49;2021-03-14;3123;220;318671;123500;3.7;1.4
FR;49;2021-03-15;6828;1403;325499;124903;3.8;1.5
FR;49;2021-03-16;4605;2093;330104;126996;3.8;1.5
FR;49;2021-03-17;5148;1961;335252;128957;3.9;1.5
FR;49;2021-03-18;6517;2711;341769;131668;4.0;1.5
FR;49;2021-03-19;9440;2221;351209;133889;4.1;1.6
FR;49;2021-03-20;5860;541;357069;134430;4.2;1.6
FR;49;2021-03-21;3140;194;360209;134624;4.2;1.6
FR;49;2021-03-22;6270;1425;366479;136049;4.3;1.6
FR;49;2021-03-23;8558;2107;375037;138156;4.4;1.6
FR;49;2021-03-24;9475;1912;384512;140068;4.5;1.6
FR;49;2021-03-25;12291;2264;396803;142332;4.6;1.7
FR;49;2021-03-26;14660;2214;411463;144546;4.8;1.7
FR;49;2021-03-27;9333;777;420796;145323;4.9;1.7
FR;49;2021-03-28;3847;288;424643;145611;4.9;1.7
FR;49;2021-03-29;9811;1770;434454;147381;5.1;1.7
FR;49;2021-03-30;14201;2583;448655;149964;5.2;1.7
FR;49;2021-03-31;15443;2651;464098;152615;5.4;1.8
FR;49;2021-04-01;19681;3538;483779;156153;5.6;1.8
FR;49;2021-04-02;17375;3304;501154;159457;5.8;1.9
FR;49;2021-04-03;9302;1788;510456;161245;5.9;1.9
FR;49;2021-04-04;4109;610;514565;161855;6.0;1.9
FR;49;2021-04-05;4193;511;518758;162366;6.0;1.9
FR;49;2021-04-06;13115;3288;531873;165654;6.2;1.9
FR;49;2021-04-07;17546;4135;549419;169789;6.4;2.0
FR;49;2021-04-08;22243;5013;571662;174802;6.7;2.0
FR;49;2021-04-09;23299;5188;594961;179990;6.9;2.1
FR;49;2021-04-10;12397;3336;607358;183326;7.1;2.1
FR;49;2021-04-11;4452;1666;611810;184992;7.1;2.2
FR;49;2021-04-12;14048;3707;625858;188699;7.3;2.2
FR;49;2021-04-13;18528;5653;644386;194352;7.5;2.3
FR;49;2021-04-14;19196;5843;663582;200195;7.7;2.3
FR;49;2021-04-15;20010;6881;683592;207076;8.0;2.4
FR;49;2021-04-16;17229;7216;700821;214292;8.2;2.5
FR;49;2021-04-17;9790;4612;710611;218904;8.3;2.5
FR;49;2021-04-18;3328;2273;713939;221177;8.3;2.6
FR;49;2021-04-19;11809;6310;725748;227487;8.4;2.6
FR;49;2021-04-20;13921;8923;739669;236410;8.6;2.8
FR;49;2021-04-21;15524;10040;755193;246450;8.8;2.9
FR;49;2021-04-22;17262;13014;772455;259464;9.0;3.0
FR;49;2021-04-23;17758;13954;790213;273418;9.2;3.2
FR;49;2021-04-24;12478;7753;802691;281171;9.3;3.3
FR;49;2021-04-25;5268;3101;807959;284272;9.4;3.3
FR;49;2021-04-26;13258;9873;821217;294145;9.6;3.4
FR;49;2021-04-27;18348;13002;839565;307147;9.8;3.6
FR;49;2021-04-28;22254;14434;861819;321581;10.0;3.7
FR;49;2021-04-29;26812;17125;888631;338706;10.3;3.9
FR;49;2021-04-30;31143;17920;919774;356626;10.7;4.2
FR;49;2021-05-01;23132;5652;942906;362278;11.0;4.2
FR;49;2021-05-02;16373;3834;959279;366112;11.2;4.3
FR;49;2021-05-03;38787;15441;998066;381553;11.6;4.4
FR;49;2021-05-04;45844;20184;1043910;401737;12.1;4.7
FR;49;2021-05-05;54597;21504;1098507;423241;12.8;4.9
FR;49;2021-05-06;61269;24417;1159776;447658;13.5;5.2
FR;49;2021-05-07;64247;25841;1224023;473499;14.2;5.5
FR;49;2021-05-08;48952;8897;1272975;482396;14.8;5.6
FR;49;2021-05-09;32118;6208;1305093;488604;15.2;5.7
FR;49;2021-05-10;56014;20503;1361107;509107;15.8;5.9
FR;49;2021-05-11;70617;23680;1431724;532787;16.7;6.2
FR;49;2021-05-12;87229;23629;1518953;556416;17.7;6.5
FR;49;2021-05-13;78658;7597;1597611;564013;18.6;6.6
FR;49;2021-05-14;94532;15475;1692143;579488;19.7;6.7
FR;49;2021-05-15;84399;10613;1776542;590101;20.7;6.9
FR;59;2020-12-27;2;0;2;0;0.0;0.0
FR;59;2020-12-28;5;0;7;0;0.0;0.0
FR;59;2020-12-29;2;0;9;0;0.0;0.0
FR;59;2020-12-30;6;0;15;0;0.0;0.0
FR;59;2020-12-31;9;0;24;0;0.0;0.0
FR;59;2021-01-01;24;1;48;1;0.0;0.0
FR;59;2021-01-02;26;0;74;1;0.0;0.0
FR;59;2021-01-03;36;0;110;1;0.0;0.0
FR;59;2021-01-04;592;1;702;2;0.0;0.0
FR;59;2021-01-05;2164;1;2866;3;0.0;0.0
FR;59;2021-01-06;4798;7;7664;10;0.1;0.0
FR;59;2021-01-07;10501;20;18165;30;0.2;0.0
FR;59;2021-01-08;14271;14;32436;44;0.4;0.0
FR;59;2021-01-09;4050;6;36486;50;0.4;0.0
FR;59;2021-01-10;1984;1;38470;51;0.4;0.0
FR;59;2021-01-11;15899;17;54369;68;0.6;0.0
FR;59;2021-01-12;21072;23;75441;91;0.9;0.0
FR;59;2021-01-13;22666;35;98107;126;1.1;0.0
FR;59;2021-01-14;24711;205;122818;331;1.4;0.0
FR;59;2021-01-15;21535;78;144353;409;1.6;0.0
FR;59;2021-01-16;5370;16;149723;425;1.7;0.0
FR;59;2021-01-17;1801;7;151524;432;1.7;0.0
FR;59;2021-01-18;13560;47;165084;479;1.9;0.0
FR;59;2021-01-19;17901;53;182985;532;2.1;0.0
FR;59;2021-01-20;17015;54;200000;586;2.3;0.0
FR;59;2021-01-21;18659;33;218659;619;2.5;0.0
FR;59;2021-01-22;13831;66;232490;685;2.6;0.0
FR;59;2021-01-23;2947;18;235437;703;2.7;0.0
FR;59;2021-01-24;825;12;236262;715;2.7;0.0
FR;59;2021-01-25;6685;603;242947;1318;2.8;0.0
FR;59;2021-01-26;8384;1363;251331;2681;2.9;0.0
FR;59;2021-01-27;8785;2380;260116;5061;3.0;0.1
FR;59;2021-01-28;10412;5011;270528;10072;3.1;0.1
FR;59;2021-01-29;7819;6634;278347;16706;3.2;0.2
FR;59;2021-01-30;1755;1506;280102;18212;3.2;0.2
FR;59;2021-01-31;370;546;280472;18758;3.2;0.2
FR;59;2021-02-01;3146;8735;283618;27493;3.2;0.3
FR;59;2021-02-02;4652;12469;288270;39962;3.3;0.5
FR;59;2021-02-03;4797;13532;293067;53494;3.3;0.6
FR;59;2021-02-04;5864;15874;298931;69368;3.4;0.8
FR;59;2021-02-05;4746;14903;303677;84271;3.5;1.0
FR;59;2021-02-06;1146;2994;304823;87265;3.5;1.0
FR;59;2021-02-07;389;981;305212;88246;3.5;1.0
FR;59;2021-02-08;2751;12452;307963;100698;3.5;1.1
FR;59;2021-02-09;4893;16125;312856;116823;3.6;1.3
FR;59;2021-02-10;5674;16009;318530;132832;3.6;1.5
FR;59;2021-02-11;7621;19645;326151;152477;3.7;1.7
FR;59;2021-02-12;6726;15964;332877;168441;3.8;1.9
FR;59;2021-02-13;1681;3438;334558;171879;3.8;2.0
FR;59;2021-02-14;360;981;334918;172860;3.8;2.0
FR;59;2021-02-15;3254;10496;338172;183356;3.8;2.1
FR;59;2021-02-16;4722;13501;342894;196857;3.9;2.2
FR;59;2021-02-17;4947;12255;347841;209112;4.0;2.4
FR;59;2021-02-18;7033;13769;354874;222881;4.0;2.5
FR;59;2021-02-19;6428;10621;361302;233502;4.1;2.7
FR;59;2021-02-20;1410;2471;362712;235973;4.1;2.7
FR;59;2021-02-21;281;566;362993;236539;4.1;2.7
FR;59;2021-02-22;3231;6324;366224;242863;4.2;2.8
FR;59;2021-02-23;4773;7061;370997;249924;4.2;2.8
FR;59;2021-02-24;6801;6337;377798;256261;4.3;2.9
FR;59;2021-02-25;21038;8339;398836;264600;4.5;3.0
FR;59;2021-02-26;28101;6078;426937;270678;4.9;3.1
FR;59;2021-02-27;16993;1428;443930;272106;5.0;3.1
FR;59;2021-02-28;1100;372;445030;272478;5.1;3.1
FR;59;2021-03-01;8706;3446;453736;275924;5.2;3.1
FR;59;2021-03-02;16995;4754;470731;280678;5.4;3.2
FR;59;2021-03-03;20434;4834;491165;285512;5.6;3.2
FR;59;2021-03-04;31905;5628;523070;291140;5.9;3.3
FR;59;2021-03-05;40490;5113;563560;296253;6.4;3.4
FR;59;2021-03-06;35477;1272;599037;297525;6.8;3.4
FR;59;2021-03-07;13919;909;612956;298434;7.0;3.4
FR;59;2021-03-08;12150;3041;625106;301475;7.1;3.4
FR;59;2021-03-09;22625;3982;647731;305457;7.4;3.5
FR;59;2021-03-10;22922;4035;670653;309492;7.6;3.5
FR;59;2021-03-11;33973;5148;704626;314640;8.0;3.6
FR;59;2021-03-12;45039;4225;749665;318865;8.5;3.6
FR;59;2021-03-13;35839;1100;785504;319965;8.9;3.6
FR;59;2021-03-14;7147;351;792651;320316;9.0;3.6
FR;59;2021-03-15;14342;2424;806993;322740;9.2;3.7
FR;59;2021-03-16;7850;2882;814843;325622;9.3;3.7
FR;59;2021-03-17;8691;3031;823534;328653;9.4;3.7
FR;59;2021-03-18;10358;3901;833892;332554;9.5;3.8
FR;59;2021-03-19;23290;3362;857182;335916;9.7;3.8
FR;59;2021-03-20;20965;970;878147;336886;10.0;3.8
FR;59;2021-03-21;6258;350;884405;337236;10.1;3.8
FR;59;2021-03-22;15358;2559;899763;339795;10.2;3.9
FR;59;2021-03-23;25225;3320;924988;343115;10.5;3.9
FR;59;2021-03-24;27816;3314;952804;346429;10.8;3.9
FR;59;2021-03-25;37656;3590;990460;350019;11.3;4.0
FR;59;2021-03-26;42558;3792;1033018;353811;11.7;4.0
FR;59;2021-03-27;26711;1577;1059729;355388;12.1;4.0
FR;59;2021-03-28;7507;418;1067236;355806;12.1;4.0
FR;59;2021-03-29;21553;3220;1088789;359026;12.4;4.1
FR;59;2021-03-30;31965;4127;1120754;363153;12.7;4.1
FR;59;2021-03-31;31199;4448;1151953;367601;13.1;4.2
FR;59;2021-04-01;38060;5530;1190013;373131;13.5;4.2
FR;59;2021-04-02;36672;5510;1226685;378641;14.0;4.3
FR;59;2021-04-03;21235;3347;1247920;381988;14.2;4.3
FR;59;2021-04-04;7324;1181;1255244;383169;14.3;4.4
FR;59;2021-04-05;8242;1052;1263486;384221;14.4;4.4
FR;59;2021-04-06;25525;5718;1289011;389939;14.7;4.4
FR;59;2021-04-07;33672;6927;1322683;396866;15.0;4.5
FR;59;2021-04-08;44669;8165;1367352;405031;15.6;4.6
FR;59;2021-04-09;60305;8621;1427657;413652;16.2;4.7
FR;59;2021-04-10;36298;6920;1463955;420572;16.6;4.8
FR;59;2021-04-11;9719;3476;1473674;424048;16.8;4.8
FR;59;2021-04-12;35064;7236;1508738;431284;17.2;4.9
FR;59;2021-04-13;49496;9871;1558234;441155;17.7;5.0
FR;59;2021-04-14;49815;9902;1608049;451057;18.3;5.1
FR;59;2021-04-15;58978;11377;1667027;462434;19.0;5.3
FR;59;2021-04-16;62771;12055;1729798;474489;19.7;5.4
FR;59;2021-04-17;41234;9502;1771032;483991;20.1;5.5
FR;59;2021-04-18;12238;4600;1783270;488591;20.3;5.6
FR;59;2021-04-19;32894;10990;1816164;499581;20.7;5.7
FR;59;2021-04-20;44146;14491;1860310;514072;21.2;5.8
FR;59;2021-04-21;46276;16210;1906586;530282;21.7;6.0
FR;59;2021-04-22;55146;19187;1961732;549469;22.3;6.2
FR;59;2021-04-23;64523;20369;2026255;569838;23.0;6.5
FR;59;2021-04-24;47220;15342;2073475;585180;23.6;6.7
FR;59;2021-04-25;16388;5385;2089863;590565;23.8;6.7
FR;59;2021-04-26;40620;17276;2130483;607841;24.2;6.9
FR;59;2021-04-27;56070;23028;2186553;630869;24.9;7.2
FR;59;2021-04-28;63699;25652;2250252;656521;25.6;7.5
FR;59;2021-04-29;77095;31254;2327347;687775;26.5;7.8
FR;59;2021-04-30;91644;36124;2418991;723899;27.5;8.2
FR;59;2021-05-01;42270;10814;2461261;734713;28.0;8.4
FR;59;2021-05-02;23284;7182;2484545;741895;28.3;8.4
FR;59;2021-05-03;61850;26074;2546395;767969;29.0;8.7
FR;59;2021-05-04;70218;34109;2616613;802078;29.8;9.1
FR;59;2021-05-05;76371;37077;2692984;839155;30.6;9.5
FR;59;2021-05-06;88291;43277;2781275;882432;31.6;10.0
FR;59;2021-05-07;96623;53543;2877898;935975;32.7;10.6
FR;59;2021-05-08;56367;16174;2934265;952149;33.4;10.8
FR;59;2021-05-09;39125;10249;2973390;962398;33.8;10.9
FR;59;2021-05-10;93892;39718;3067282;1002116;34.9;11.4
FR;59;2021-05-11;124183;48849;3191465;1050965;36.3;12.0
FR;59;2021-05-12;120497;45657;3311962;1096622;37.7;12.5
FR;59;2021-05-13;91664;14207;3403626;1110829;38.7;12.6
FR;59;2021-05-14;127494;33797;3531120;1144626;40.2;13.0
FR;59;2021-05-15;113003;25107;3644123;1169733;41.4;13.3
FR;64;2020-12-27;1;0;1;0;0.0;0.0
FR;64;2020-12-28;0;0;1;0;0.0;0.0
FR;64;2020-12-29;2;0;3;0;0.0;0.0
FR;64;2020-12-30;6;0;9;0;0.0;0.0
FR;64;2020-12-31;5;0;14;0;0.0;0.0
FR;64;2021-01-01;8;0;22;0;0.0;0.0
FR;64;2021-01-02;11;0;33;0;0.0;0.0
FR;64;2021-01-03;17;0;50;0;0.0;0.0
FR;64;2021-01-04;209;2;259;2;0.0;0.0
FR;64;2021-01-05;896;3;1155;5;0.0;0.0
FR;64;2021-01-06;1688;2;2843;7;0.1;0.0
FR;64;2021-01-07;3652;4;6495;11;0.2;0.0
FR;64;2021-01-08;4850;5;11345;16;0.3;0.0
FR;64;2021-01-09;1947;0;13292;16;0.3;0.0
FR;64;2021-01-10;1023;0;14315;16;0.3;0.0
FR;64;2021-01-11;5260;1;19575;17;0.5;0.0
FR;64;2021-01-12;7110;5;26685;22;0.7;0.0
FR;64;2021-01-13;7428;13;34113;35;0.8;0.0
FR;64;2021-01-14;8544;76;42657;111;1.0;0.0
FR;64;2021-01-15;7074;27;49731;138;1.2;0.0
FR;64;2021-01-16;2198;13;51929;151;1.3;0.0
FR;64;2021-01-17;842;6;52771;157;1.3;0.0
FR;64;2021-01-18;4678;11;57449;168;1.4;0.0
FR;64;2021-01-19;6391;10;63840;178;1.6;0.0
FR;64;2021-01-20;6205;24;70045;202;1.7;0.0
FR;64;2021-01-21;6870;15;76915;217;1.9;0.0
FR;64;2021-01-22;5387;19;82302;236;2.0;0.0
FR;64;2021-01-23;1412;8;83714;244;2.0;0.0
FR;64;2021-01-24;430;7;84144;251;2.1;0.0
FR;64;2021-01-25;2765;196;86909;447;2.1;0.0
FR;64;2021-01-26;3517;483;90426;930;2.2;0.0
FR;64;2021-01-27;3754;877;94180;1807;2.3;0.0
FR;64;2021-01-28;4552;1739;98732;3546;2.4;0.1
FR;64;2021-01-29;3520;2316;102252;5862;2.5;0.1
FR;64;2021-01-30;837;706;103089;6568;2.5;0.2
FR;64;2021-01-31;172;279;103261;6847;2.5;0.2
FR;64;2021-02-01;1511;2860;104772;9707;2.6;0.2
FR;64;2021-02-02;2139;4138;106911;13845;2.6;0.3
FR;64;2021-02-03;2301;4355;109212;18200;2.7;0.4
FR;64;2021-02-04;2793;5501;112005;23701;2.7;0.6
FR;64;2021-02-05;2170;4962;114175;28663;2.8;0.7
FR;64;2021-02-06;655;1303;114830;29966;2.8;0.7
FR;64;2021-02-07;164;493;114994;30459;2.8;0.7
FR;64;2021-02-08;1483;4193;116477;34652;2.8;0.8
FR;64;2021-02-09;2338;5653;118815;40305;2.9;1.0
FR;64;2021-02-10;2564;5659;121379;45964;3.0;1.1
FR;64;2021-02-11;3450;7210;124829;53174;3.0;1.3
FR;64;2021-02-12;3106;5427;127935;58601;3.1;1.4
FR;64;2021-02-13;832;1443;128767;60044;3.1;1.5
FR;64;2021-02-14;194;434;128961;60478;3.1;1.5
FR;64;2021-02-15;1584;3868;130545;64346;3.2;1.6
FR;64;2021-02-16;2081;5116;132626;69462;3.2;1.7
FR;64;2021-02-17;2204;4623;134830;74085;3.3;1.8
FR;64;2021-02-18;3215;5423;138045;79508;3.4;1.9
FR;64;2021-02-19;2978;4191;141023;83699;3.4;2.0
FR;64;2021-02-20;801;1192;141824;84891;3.5;2.1
FR;64;2021-02-21;133;252;141957;85143;3.5;2.1
FR;64;2021-02-22;1480;2655;143437;87798;3.5;2.1
FR;64;2021-02-23;2384;2899;145821;90697;3.6;2.2
FR;64;2021-02-24;3850;2831;149671;93528;3.6;2.3
FR;64;2021-02-25;15919;3795;165590;97323;4.0;2.4
FR;64;2021-02-26;21698;2716;187288;100039;4.6;2.4
FR;64;2021-02-27;12990;726;200278;100765;4.9;2.5
FR;64;2021-02-28;789;176;201067;100941;4.9;2.5
FR;64;2021-03-01;6486;1727;207553;102668;5.1;2.5
FR;64;2021-03-02;13061;2275;220614;104943;5.4;2.6
FR;64;2021-03-03;15804;2315;236418;107258;5.8;2.6
FR;64;2021-03-04;24942;2772;261360;110030;6.4;2.7
FR;64;2021-03-05;30273;2530;291633;112560;7.1;2.7
FR;64;2021-03-06;26479;678;318112;113238;7.8;2.8
FR;64;2021-03-07;9784;466;327896;113704;8.0;2.8
FR;64;2021-03-08;8711;1748;336607;115452;8.2;2.8
FR;64;2021-03-09;16713;1947;353320;117399;8.6;2.9
FR;64;2021-03-10;16930;2078;370250;119477;9.0;2.9
FR;64;2021-03-11;25739;2714;395989;122191;9.7;3.0
FR;64;2021-03-12;33249;2242;429238;124433;10.5;3.0
FR;64;2021-03-13;27127;640;456365;125073;11.1;3.0
FR;64;2021-03-14;5409;175;461774;125248;11.3;3.1
FR;64;2021-03-15;10929;1383;472703;126631;11.5;3.1
FR;64;2021-03-16;5971;1742;478674;128373;11.7;3.1
FR;64;2021-03-17;6083;1650;484757;130023;11.8;3.2
FR;64;2021-03-18;7620;2024;492377;132047;12.0;3.2
FR;64;2021-03-19;18801;1841;511178;133888;12.5;3.3
FR;64;2021-03-20;18451;665;529629;134553;12.9;3.3
FR;64;2021-03-21;4716;204;534345;134757;13.0;3.3
FR;64;2021-03-22;13447;1515;547792;136272;13.4;3.3
FR;64;2021-03-23;23378;1927;571170;138199;13.9;3.4
FR;64;2021-03-24;24981;1998;596151;140197;14.5;3.4
FR;64;2021-03-25;36401;2238;632552;142435;15.4;3.5
FR;64;2021-03-26;39968;2191;672520;144626;16.4;3.5
FR;64;2021-03-27;21168;938;693688;145564;16.9;3.5
FR;64;2021-03-28;5063;240;698751;145804;17.0;3.6
FR;64;2021-03-29;17469;2076;716220;147880;17.5;3.6
FR;64;2021-03-30;27220;2720;743440;150600;18.1;3.7
FR;64;2021-03-31;24003;2800;767443;153400;18.7;3.7
FR;64;2021-04-01;30355;3656;797798;157056;19.4;3.8
FR;64;2021-04-02;29082;3500;826880;160556;20.2;3.9
FR;64;2021-04-03;15942;2319;842822;162875;20.5;4.0
FR;64;2021-04-04;4024;782;846846;163657;20.6;4.0
FR;64;2021-04-05;5099;779;851945;164436;20.8;4.0
FR;64;2021-04-06;19065;4196;871010;168632;21.2;4.1
FR;64;2021-04-07;23439;4718;894449;173350;21.8;4.2
FR;64;2021-04-08;34402;5490;928851;178840;22.6;4.4
FR;64;2021-04-09;53185;5862;982036;184702;23.9;4.5
FR;64;2021-04-10;29743;4911;1011779;189613;24.7;4.6
FR;64;2021-04-11;6256;2593;1018035;192206;24.8;4.7
FR;64;2021-04-12;27886;5080;1045921;197286;25.5;4.8
FR;64;2021-04-13;42313;7251;1088234;204537;26.5;5.0
FR;64;2021-04-14;40548;7003;1128782;211540;27.5;5.2
FR;64;2021-04-15;51602;8218;1180384;219758;28.8;5.4
FR;64;2021-04-16;63934;8704;1244318;228462;30.3;5.6
FR;64;2021-04-17;38317;7000;1282635;235462;31.3;5.7
FR;64;2021-04-18;10885;3305;1293520;238767;31.5;5.8
FR;64;2021-04-19;41670;8465;1335190;247232;32.5;6.0
FR;64;2021-04-20;52259;10254;1387449;257486;33.8;6.3
FR;64;2021-04-21;51981;10699;1439430;268185;35.1;6.5
FR;64;2021-04-22;56951;12559;1496381;280744;36.5;6.8
FR;64;2021-04-23;60378;12456;1556759;293200;37.9;7.1
FR;64;2021-04-24;43152;8970;1599911;302170;39.0;7.4
FR;64;2021-04-25;16077;3301;1615988;305471;39.4;7.4
FR;64;2021-04-26;49168;11352;1665156;316823;40.6;7.7
FR;64;2021-04-27;62606;15328;1727762;332151;42.1;8.1
FR;64;2021-04-28;63585;15813;1791347;347964;43.7;8.5
FR;64;2021-04-29;73094;20203;1864441;368167;45.4;9.0
FR;64;2021-04-30;74733;21755;1939174;389922;47.3;9.5
FR;64;2021-05-01;29035;6587;1968209;396509;48.0;9.7
FR;64;2021-05-02;14365;3936;1982574;400445;48.3;9.8
FR;64;2021-05-03;51817;15710;2034391;416155;49.6;10.1
FR;64;2021-05-04;52700;21512;2087091;437667;50.9;10.7
FR;64;2021-05-05;48897;22561;2135988;460228;52.1;11.2
FR;64;2021-05-06;56326;28648;2192314;488876;53.4;11.9
FR;64;2021-05-07;50412;33852;2242726;522728;54.7;12.7
FR;64;2021-05-08;19627;9210;2262353;531938;55.1;13.0
FR;64;2021-05-09;9971;5467;2272324;537405;55.4;13.1
FR;64;2021-05-10;33839;26652;2306163;564057;56.2;13.8
FR;64;2021-05-11;43560;36995;2349723;601052;57.3;14.7
FR;64;2021-05-12;38310;34811;2388033;635863;58.2;15.5
FR;64;2021-05-13;21779;10001;2409812;645864;58.7;15.7
FR;64;2021-05-14;35877;28918;2445689;674782;59.6;16.4
FR;64;2021-05-15;20890;18910;2466579;693692;60.1;16.9
FR;69;2020-12-27;2;0;2;0;0.0;0.0
FR;69;2020-12-28;1;0;3;0;0.0;0.0
FR;69;2020-12-29;3;0;6;0;0.0;0.0
FR;69;2020-12-30;7;0;13;0;0.0;0.0
FR;69;2020-12-31;5;0;18;0;0.0;0.0
FR;69;2021-01-01;6;0;24;0;0.0;0.0
FR;69;2021-01-02;10;0;34;0;0.0;0.0
FR;69;2021-01-03;8;0;42;0;0.0;0.0
FR;69;2021-01-04;114;0;156;0;0.0;0.0
FR;69;2021-01-05;410;2;566;2;0.0;0.0
FR;69;2021-01-06;806;2;1372;4;0.0;0.0
FR;69;2021-01-07;1890;3;3262;7;0.1;0.0
FR;69;2021-01-08;2448;0;5710;7;0.1;0.0
FR;69;2021-01-09;1122;1;6832;8;0.2;0.0
FR;69;2021-01-10;655;0;7487;8;0.2;0.0
FR;69;2021-01-11;2726;3;10213;11;0.3;0.0
FR;69;2021-01-12;3861;1;14074;12;0.4;0.0
FR;69;2021-01-13;3778;9;17852;21;0.5;0.0
FR;69;2021-01-14;4559;44;22411;65;0.6;0.0
FR;69;2021-01-15;3830;13;26241;78;0.7;0.0
FR;69;2021-01-16;1341;8;27582;86;0.7;0.0
FR;69;2021-01-17;634;3;28216;89;0.7;0.0
FR;69;2021-01-18;3251;14;31467;103;0.8;0.0
FR;69;2021-01-19;4781;15;36248;118;0.9;0.0
FR;69;2021-01-20;4751;11;40999;129;1.1;0.0
FR;69;2021-01-21;5505;11;46504;140;1.2;0.0
FR;69;2021-01-22;4366;11;50870;151;1.3;0.0
FR;69;2021-01-23;1358;4;52228;155;1.3;0.0
FR;69;2021-01-24;446;5;52674;160;1.3;0.0
FR;69;2021-01-25;2718;81;55392;241;1.4;0.0
FR;69;2021-01-26;3343;180;58735;421;1.5;0.0
FR;69;2021-01-27;3664;404;62399;825;1.6;0.0
FR;69;2021-01-28;4310;883;66709;1708;1.7;0.0
FR;69;2021-01-29;3478;1231;70187;2939;1.8;0.1
FR;69;2021-01-30;937;402;71124;3341;1.8;0.1
FR;69;2021-01-31;180;159;71304;3500;1.8;0.1
FR;69;2021-02-01;1803;1521;73107;5021;1.9;0.1
FR;69;2021-02-02;2400;2199;75507;7220;1.9;0.2
FR;69;2021-02-03;2414;2270;77921;9490;2.0;0.2
FR;69;2021-02-04;2957;2920;80878;12410;2.1;0.3
FR;69;2021-02-05;2488;2535;83366;14945;2.1;0.4
FR;69;2021-02-06;720;808;84086;15753;2.2;0.4
FR;69;2021-02-07;162;391;84248;16144;2.2;0.4
FR;69;2021-02-08;1605;2408;85853;18552;2.2;0.5
FR;69;2021-02-09;2398;3410;88251;21962;2.3;0.6
FR;69;2021-02-10;2559;3400;90810;25362;2.3;0.6
FR;69;2021-02-11;3506;4856;94316;30218;2.4;0.8
FR;69;2021-02-12;3141;3414;97457;33632;2.5;0.9
FR;69;2021-02-13;860;1032;98317;34664;2.5;0.9
FR;69;2021-02-14;212;412;98529;35076;2.5;0.9
FR;69;2021-02-15;1325;2774;99854;37850;2.6;1.0
FR;69;2021-02-16;1860;3980;101714;41830;2.6;1.1
FR;69;2021-02-17;2010;3660;103724;45490;2.7;1.2
FR;69;2021-02-18;2988;4550;106712;50040;2.7;1.3
FR;69;2021-02-19;2852;3500;109564;53540;2.8;1.4
FR;69;2021-02-20;752;1025;110316;54565;2.8;1.4
FR;69;2021-02-21;149;233;110465;54798;2.8;1.4
FR;69;2021-02-22;1602;2573;112067;57371;2.9;1.5
FR;69;2021-02-23;2262;2813;114329;60184;2.9;1.5
FR;69;2021-02-24;2655;2904;116984;63088;3.0;1.6
FR;69;2021-02-25;3864;3566;120848;66654;3.1;1.7
FR;69;2021-02-26;4251;2614;125099;69268;3.2;1.8
FR;69;2021-02-27;1795;700;126894;69968;3.3;1.8
FR;69;2021-02-28;309;177;127203;70145;3.3;1.8
FR;69;2021-03-01;2788;1923;129991;72068;3.3;1.8
FR;69;2021-03-02;4700;2428;134691;74496;3.5;1.9
FR;69;2021-03-03;6632;2459;141323;76955;3.6;2.0
FR;69;2021-03-04;11655;2972;152978;79927;3.9;2.0
FR;69;2021-03-05;17355;2630;170333;82557;4.4;2.1
FR;69;2021-03-06;22932;702;193265;83259;5.0;2.1
FR;69;2021-03-07;14673;383;207938;83642;5.3;2.1
FR;69;2021-03-08;9699;2006;217637;85648;5.6;2.2
FR;69;2021-03-09;17383;2432;235020;88080;6.0;2.3
FR;69;2021-03-10;18687;2479;253707;90559;6.5;2.3
FR;69;2021-03-11;28993;3110;282700;93669;7.2;2.4
FR;69;2021-03-12;39645;2789;322345;96458;8.3;2.5
FR;69;2021-03-13;35746;846;358091;97304;9.2;2.5
FR;69;2021-03-14;8159;221;366250;97525;9.4;2.5
FR;69;2021-03-15;16558;1759;382808;99284;9.8;2.5
FR;69;2021-03-16;10701;2154;393509;101438;10.1;2.6
FR;69;2021-03-17;11703;2151;405212;103589;10.4;2.7
FR;69;2021-03-18;13087;2560;418299;106149;10.7;2.7
FR;69;2021-03-19;28674;2350;446973;108499;11.5;2.8
FR;69;2021-03-20;26838;822;473811;109321;12.1;2.8
FR;69;2021-03-21;7107;255;480918;109576;12.3;2.8
FR;69;2021-03-22;21108;2104;502026;111680;12.9;2.9
FR;69;2021-03-23;36045;2704;538071;114384;13.8;2.9
FR;69;2021-03-24;37327;2746;575398;117130;14.7;3.0
FR;69;2021-03-25;54764;2963;630162;120093;16.2;3.1
FR;69;2021-03-26;58929;2845;689091;122938;17.7;3.2
FR;69;2021-03-27;30012;1281;719103;124219;18.4;3.2
FR;69;2021-03-28;7594;361;726697;124580;18.6;3.2
FR;69;2021-03-29;27611;3358;754308;127938;19.3;3.3
FR;69;2021-03-30;42140;4244;796448;132182;20.4;3.4
FR;69;2021-03-31;35277;4306;831725;136488;21.3;3.5
FR;69;2021-04-01;43067;5660;874792;142148;22.4;3.6
FR;69;2021-04-02;41217;5820;916009;147968;23.5;3.8
FR;69;2021-04-03;21630;3894;937639;151862;24.0;3.9
FR;69;2021-04-04;5799;1298;943438;153160;24.2;3.9
FR;69;2021-04-05;7604;1048;951042;154208;24.4;4.0
FR;69;2021-04-06;27705;7111;978747;161319;25.1;4.1
FR;69;2021-04-07;32315;7673;1011062;168992;25.9;4.3
FR;69;2021-04-08;48434;8736;1059496;177728;27.2;4.6
FR;69;2021-04-09;70243;8851;1129739;186579;29.0;4.8
FR;69;2021-04-10;36578;7766;1166317;194345;29.9;5.0
FR;69;2021-04-11;7989;4271;1174306;198616;30.1;5.1
FR;69;2021-04-12;38453;8747;1212759;207363;31.1;5.3
FR;69;2021-04-13;53359;11828;1266118;219191;32.4;5.6
FR;69;2021-04-14;49128;11549;1315246;230740;33.7;5.9
FR;69;2021-04-15;61552;13381;1376798;244121;35.3;6.3
FR;69;2021-04-16;72296;13921;1449094;258042;37.1;6.6
FR;69;2021-04-17;39476;10591;1488570;268633;38.2;6.9
FR;69;2021-04-18;9971;5007;1498541;273640;38.4;7.0
FR;69;2021-04-19;45674;13771;1544215;287411;39.6;7.4
FR;69;2021-04-20;56750;16679;1600965;304090;41.0;7.8
FR;69;2021-04-21;53040;16398;1654005;320488;42.4;8.2
FR;69;2021-04-22;59850;18586;1713855;339074;43.9;8.7
FR;69;2021-04-23;58949;18566;1772804;357640;45.4;9.2
FR;69;2021-04-24;37124;13056;1809928;370696;46.4;9.5
FR;69;2021-04-25;13133;4953;1823061;375649;46.7;9.6
FR;69;2021-04-26;48841;18236;1871902;393885;48.0;10.1
FR;69;2021-04-27;61440;23025;1933342;416910;49.5;10.7
FR;69;2021-04-28;59447;21941;1992789;438851;51.1;11.2
FR;69;2021-04-29;69580;24673;2062369;463524;52.9;11.9
FR;69;2021-04-30;66558;23737;2128927;487261;54.6;12.5
FR;69;2021-05-01;23564;7555;2152491;494816;55.2;12.7
FR;69;2021-05-02;11125;5122;2163616;499938;55.5;12.8
FR;69;2021-05-03;47073;21234;2210689;521172;56.7;13.4
FR;69;2021-05-04;47576;27654;2258265;548826;57.9;14.1
FR;69;2021-05-05;42325;27079;2300590;575905;59.0;14.8
FR;69;2021-05-06;50444;30115;2351034;606020;60.3;15.5
FR;69;2021-05-07;41916;34201;2392950;640221;61.3;16.4
FR;69;2021-05-08;14860;9318;2407810;649539;61.7;16.6
FR;69;2021-05-09;7248;6548;2415058;656087;61.9;16.8
FR;69;2021-05-10;29131;34627;2444189;690714;62.6;17.7
FR;69;2021-05-11;37816;43677;2482005;734391;63.6;18.8
FR;69;2021-05-12;32468;39110;2514473;773501;64.4;19.8
FR;69;2021-05-13;17341;11479;2531814;784980;64.9;20.1
FR;69;2021-05-14;29650;34068;2561464;819048;65.6;21.0
FR;69;2021-05-15;14979;18460;2576443;837508;66.0;21.5
FR;74;2020-12-27;1;0;1;0;0.0;0.0
FR;74;2020-12-28;6;0;7;0;0.0;0.0
FR;74;2020-12-29;5;0;12;0;0.0;0.0
FR;74;2020-12-30;11;0;23;0;0.0;0.0
FR;74;2020-12-31;7;0;30;0;0.0;0.0
FR;74;2021-01-01;5;0;35;0;0.0;0.0
FR;74;2021-01-02;3;0;38;0;0.0;0.0
FR;74;2021-01-03;12;0;50;0;0.0;0.0
FR;74;2021-01-04;85;1;135;1;0.0;0.0
FR;74;2021-01-05;297;0;432;1;0.0;0.0
FR;74;2021-01-06;554;0;986;1;0.0;0.0
FR;74;2021-01-07;1463;0;2449;1;0.1;0.0
FR;74;2021-01-08;1786;3;4235;4;0.1;0.0
FR;74;2021-01-09;794;1;5029;5;0.1;0.0
FR;74;2021-01-10;534;0;5563;5;0.2;0.0
FR;74;2021-01-11;2116;0;7679;5;0.2;0.0
FR;74;2021-01-12;3142;3;10821;8;0.3;0.0
FR;74;2021-01-13;3192;5;14013;13;0.4;0.0
FR;74;2021-01-14;3933;39;17946;52;0.5;0.0
FR;74;2021-01-15;3527;8;21473;60;0.6;0.0
FR;74;2021-01-16;1333;2;22806;62;0.7;0.0
FR;74;2021-01-17;763;3;23569;65;0.7;0.0
FR;74;2021-01-18;4712;11;28281;76;0.8;0.0
FR;74;2021-01-19;6808;11;35089;87;1.0;0.0
FR;74;2021-01-20;7089;10;42178;97;1.2;0.0
FR;74;2021-01-21;8168;20;50346;117;1.4;0.0
FR;74;2021-01-22;6530;15;56876;132;1.6;0.0
FR;74;2021-01-23;2255;1;59131;133;1.7;0.0
FR;74;2021-01-24;608;0;59739;133;1.7;0.0
FR;74;2021-01-25;4529;56;64268;189;1.8;0.0
FR;74;2021-01-26;5614;148;69882;337;2.0;0.0
FR;74;2021-01-27;5969;270;75851;607;2.2;0.0
FR;74;2021-01-28;6950;749;82801;1356;2.4;0.0
FR;74;2021-01-29;5728;896;88529;2252;2.5;0.1
FR;74;2021-01-30;1770;261;90299;2513;2.6;0.1
FR;74;2021-01-31;294;114;90593;2627;2.6;0.1
FR;74;2021-02-01;3274;1060;93867;3687;2.7;0.1
FR;74;2021-02-02;4275;1783;98142;5470;2.8;0.2
FR;74;2021-02-03;4299;1805;102441;7275;2.9;0.2
FR;74;2021-02-04;5156;2466;107597;9741;3.1;0.3
FR;74;2021-02-05;4370;2178;111967;11919;3.2;0.3
FR;74;2021-02-06;1395;694;113362;12613;3.3;0.4
FR;74;2021-02-07;243;351;113605;12964;3.3;0.4
FR;74;2021-02-08;3069;2505;116674;15469;3.4;0.4
FR;74;2021-02-09;4098;3722;120772;19191;3.5;0.6
FR;74;2021-02-10;4406;3814;125178;23005;3.6;0.7
FR;74;2021-02-11;5607;5469;130785;28474;3.8;0.8
FR;74;2021-02-12;5249;3815;136034;32289;3.9;0.9
FR;74;2021-02-13;1646;1218;137680;33507;4.0;1.0
FR;74;2021-02-14;402;471;138082;33978;4.0;1.0
FR;74;2021-02-15;2394;4176;140476;38154;4.0;1.1
FR;74;2021-02-16;3274;5629;143750;43783;4.1;1.3
FR;74;2021-02-17;3391;5448;147141;49231;4.2;1.4
FR;74;2021-02-18;4912;6801;152053;56032;4.4;1.6
FR;74;2021-02-19;4871;5402;156924;61434;4.5;1.8
FR;74;2021-02-20;1546;1736;158470;63170;4.6;1.8
FR;74;2021-02-21;232;415;158702;63585;4.6;1.8
FR;74;2021-02-22;2855;4290;161557;67875;4.6;2.0
FR;74;2021-02-23;4129;4888;165686;72763;4.8;2.1
FR;74;2021-02-24;4515;4837;170201;77600;4.9;2.2
FR;74;2021-02-25;5511;5693;175712;83293;5.1;2.4
FR;74;2021-02-26;5462;4462;181174;87755;5.2;2.5
FR;74;2021-02-27;1999;1364;183173;89119;5.3;2.6
FR;74;2021-02-28;528;293;183701;89412;5.3;2.6
FR;74;2021-03-01;5056;3361;188757;92773;5.4;2.7
FR;74;2021-03-02;7432;4272;196189;97045;5.6;2.8
FR;74;2021-03-03;9636;4248;205825;101293;5.9;2.9
FR;74;2021-03-04;14943;4790;220768;106083;6.3;3.0
FR;74;2021-03-05;21560;4561;242328;110644;7.0;3.2
FR;74;2021-03-06;30944;1337;273272;111981;7.9;3.2
FR;74;2021-03-07;20798;476;294070;112457;8.5;3.2
FR;74;2021-03-08;14156;3637;308226;116094;8.9;3.3
FR;74;2021-03-09;23941;4192;332167;120286;9.5;3.5
FR;74;2021-03-10;26154;4369;358321;124655;10.3;3.6
FR;74;2021-03-11;38137;5234;396458;129889;11.4;3.7
FR;74;2021-03-12;50369;4615;446827;134504;12.8;3.9
FR;74;2021-03-13;47562;1479;494389;135983;14.2;3.9
FR;74;2021-03-14;11924;395;506313;136378;14.6;3.9
FR;74;2021-03-15;25389;3095;531702;139473;15.3;4.0
FR;74;2021-03-16;20004;3817;551706;143290;15.9;4.1
FR;74;2021-03-17;21745;3852;573451;147142;16.5;4.2
FR;74;2021-03-18;24361;4488;597812;151630;17.2;4.4
FR;74;2021-03-19;41225;3918;639037;155548;18.4;4.5
FR;74;2021-03-20;35288;1525;674325;157073;19.4;4.5
FR;74;2021-03-21;9467;390;683792;157463;19.7;4.5
FR;74;2021-03-22;31404;3865;715196;161328;20.6;4.6
FR;74;2021-03-23;50007;4743;765203;166071;22.0;4.8
FR;74;2021-03-24;51958;5125;817161;171196;23.5;4.9
FR;74;2021-03-25;74488;5461;891649;176657;25.6;5.1
FR;74;2021-03-26;80558;5083;972207;181740;28.0;5.2
FR;74;2021-03-27;50895;2335;1023102;184075;29.4;5.3
FR;74;2021-03-28;17780;727;1040882;184802;29.9;5.3
FR;74;2021-03-29;55985;6812;1096867;191614;31.5;5.5
FR;74;2021-03-30;76391;8663;1173258;200277;33.7;5.8
FR;74;2021-03-31;67769;9234;1241027;209511;35.7;6.0
FR;74;2021-04-01;78152;11614;1319179;221125;37.9;6.4
FR;74;2021-04-02;69852;12193;1389031;233318;39.9;6.7
FR;74;2021-04-03;37106;8402;1426137;241720;41.0;6.9
FR;74;2021-04-04;12491;2768;1438628;244488;41.4;7.0
FR;74;2021-04-05;19191;1841;1457819;246329;41.9;7.1
FR;74;2021-04-06;64206;15027;1522025;261356;43.8;7.5
FR;74;2021-04-07;72507;15890;1594532;277246;45.8;8.0
FR;74;2021-04-08;87441;17779;1681973;295025;48.4;8.5
FR;74;2021-04-09;96966;17550;1778939;312575;51.1;9.0
FR;74;2021-04-10;48558;13950;1827497;326525;52.5;9.4
FR;74;2021-04-11;12725;6808;1840222;333333;52.9;9.6
FR;74;2021-04-12;60746;17636;1900968;350969;54.7;10.1
FR;74;2021-04-13;68565;22085;1969533;373054;56.6;10.7
FR;74;2021-04-14;59903;21679;2029436;394733;58.3;11.3
FR;74;2021-04-15;61668;23619;2091104;418352;60.1;12.0
FR;74;2021-04-16;52038;24224;2143142;442576;61.6;12.7
FR;74;2021-04-17;25625;16748;2168767;459324;62.4;13.2
FR;74;2021-04-18;5717;6957;2174484;466281;62.5;13.4
FR;74;2021-04-19;31557;24212;2206041;490493;63.4;14.1
FR;74;2021-04-20;36021;29476;2242062;519969;64.5;14.9
FR;74;2021-04-21;33043;30121;2275105;550090;65.4;15.8
FR;74;2021-04-22;37817;35073;2312922;585163;66.5;16.8
FR;74;2021-04-23;34525;38646;2347447;623809;67.5;17.9
FR;74;2021-04-24;18518;30661;2365965;654470;68.0;18.8
FR;74;2021-04-25;6070;12535;2372035;667005;68.2;19.2
FR;74;2021-04-26;26249;46773;2398284;713778;68.9;20.5
FR;74;2021-04-27;32774;55938;2431058;769716;69.9;22.1
FR;74;2021-04-28;32345;52711;2463403;822427;70.8;23.6
FR;74;2021-04-29;38319;53830;2501722;876257;71.9;25.2
FR;74;2021-04-30;34781;49012;2536503;925269;72.9;26.6
FR;74;2021-05-01;11021;15110;2547524;940379;73.2;27.0
FR;74;2021-05-02;5129;11366;2552653;951745;73.4;27.4
FR;74;2021-05-03;23963;52016;2576616;1003761;74.1;28.9
FR;74;2021-05-04;24826;69147;2601442;1072908;74.8;30.8
FR;74;2021-05-05;22407;64843;2623849;1137751;75.4;32.7
FR;74;2021-05-06;27049;63180;2650898;1200931;76.2;34.5
FR;74;2021-05-07;22969;65919;2673867;1266850;76.9;36.4
FR;74;2021-05-08;7640;14254;2681507;1281104;77.1;36.8
FR;74;2021-05-09;3642;10461;2685149;1291565;77.2;37.1
FR;74;2021-05-10;15735;62986;2700884;1354551;77.6;38.9
FR;74;2021-05-11;20705;64031;2721589;1418582;78.2;40.8
FR;74;2021-05-12;18052;53095;2739641;1471677;78.8;42.3
FR;74;2021-05-13;8972;12066;2748613;1483743;79.0;42.7
FR;74;2021-05-14;16645;37686;2765258;1521429;79.5;43.7
FR;74;2021-05-15;8204;17519;2773462;1538948;79.7;44.2
FR;79;2020-12-27;1;0;1;0;0.0;0.0
FR;79;2020-12-28;6;0;7;0;0.0;0.0
FR;79;2020-12-29;16;0;23;0;0.0;0.0
FR;79;2020-12-30;11;0;34;0;0.0;0.0
FR;79;2020-12-31;6;0;40;0;0.0;0.0
FR;79;2021-01-01;4;0;44;0;0.0;0.0
FR;79;2021-01-02;4;0;48;0;0.0;0.0
FR;79;2021-01-03;2;0;50;0;0.0;0.0
FR;79;2021-01-04;49;0;99;0;0.0;0.0
FR;79;2021-01-05;171;0;270;0;0.0;0.0
FR;79;2021-01-06;339;0;609;0;0.0;0.0
FR;79;2021-01-07;905;0;1514;0;0.1;0.0
FR;79;2021-01-08;1072;1;2586;1;0.1;0.0
FR;79;2021-01-09;364;0;2950;1;0.1;0.0
FR;79;2021-01-10;191;0;3141;1;0.1;0.0
FR;79;2021-01-11;1144;2;4285;3;0.2;0.0
FR;79;2021-01-12;2201;2;6486;5;0.3;0.0
FR;79;2021-01-13;2744;2;9230;7;0.4;0.0
FR;79;2021-01-14;4430;35;13660;42;0.6;0.0
FR;79;2021-01-15;5246;16;18906;58;0.9;0.0
FR;79;2021-01-16;2818;11;21724;69;1.0;0.0
FR;79;2021-01-17;1305;3;23029;72;1.0;0.0
FR;79;2021-01-18;19644;36;42673;108;1.9;0.0
FR;79;2021-01-19;26022;34;68695;142;3.1;0.0
FR;79;2021-01-20;28016;32;96711;174;4.4;0.0
FR;79;2021-01-21;30040;31;126751;205;5.7;0.0
FR;79;2021-01-22;27884;26;154635;231;7.0;0.0
FR;79;2021-01-23;11660;10;166295;241;7.5;0.0
FR;79;2021-01-24;2172;2;168467;243;7.6;0.0
FR;79;2021-01-25;22545;44;191012;287;8.6;0.0
FR;79;2021-01-26;25719;116;216731;403;9.8;0.0
FR;79;2021-01-27;24996;191;241727;594;10.9;0.0
FR;79;2021-01-28;25177;559;266904;1153;12.0;0.1
FR;79;2021-01-29;22536;562;289440;1715;13.1;0.1
FR;79;2021-01-30;8782;137;298222;1852;13.4;0.1
FR;79;2021-01-31;1230;55;299452;1907;13.5;0.1
FR;79;2021-02-01;16134;642;315586;2549;14.2;0.1
FR;79;2021-02-02;19262;1271;334848;3820;15.1;0.2
FR;79;2021-02-03;18289;1576;353137;5396;15.9;0.2
FR;79;2021-02-04;19164;2531;372301;7927;16.8;0.4
FR;79;2021-02-05;18012;2679;390313;10606;17.6;0.5
FR;79;2021-02-06;6450;1003;396763;11609;17.9;0.5
FR;79;2021-02-07;872;390;397635;11999;17.9;0.5
FR;79;2021-02-08;13082;5810;410717;17809;18.5;0.8
FR;79;2021-02-09;15549;7669;426266;25478;19.2;1.1
FR;79;2021-02-10;15439;8044;441705;33522;19.9;1.5
FR;79;2021-02-11;16526;9601;458231;43123;20.7;1.9
FR;79;2021-02-12;15665;9404;473896;52527;21.4;2.4
FR;79;2021-02-13;5004;4121;478900;56648;21.6;2.6
FR;79;2021-02-14;903;1043;479803;57691;21.6;2.6
FR;79;2021-02-15;7130;19819;486933;77510;22.0;3.5
FR;79;2021-02-16;8349;23624;495282;101134;22.3;4.6
FR;79;2021-02-17;8248;24020;503530;125154;22.7;5.6
FR;79;2021-02-18;10282;24420;513812;149574;23.2;6.7
FR;79;2021-02-19;10310;20761;524122;170335;23.6;7.7
FR;79;2021-02-20;3766;8311;527888;178646;23.8;8.1
FR;79;2021-02-21;548;1555;528436;180201;23.8;8.1
FR;79;2021-02-22;6984;21880;535420;202081;24.1;9.1
FR;79;2021-02-23;9625;23561;545045;225642;24.6;10.2
FR;79;2021-02-24;10022;22200;555067;247842;25.0;11.2
FR;79;2021-02-25;11653;22078;566720;269920;25.6;12.2
FR;79;2021-02-26;12047;19106;578767;289026;26.1;13.0
FR;79;2021-02-27;4418;6733;583185;295759;26.3;13.3
FR;79;2021-02-28;873;1038;584058;296797;26.3;13.4
FR;79;2021-03-01;12110;16441;596168;313238;26.9;14.1
FR;79;2021-03-02;16310;19257;612478;332495;27.6;15.0
FR;79;2021-03-03;17711;18518;630189;351013;28.4;15.8
FR;79;2021-03-04;20877;17658;651066;368671;29.4;16.6
FR;79;2021-03-05;22422;16447;673488;385118;30.4;17.4
FR;79;2021-03-06;28946;5326;702434;390444;31.7;17.6
FR;79;2021-03-07;21035;1006;723469;391450;32.6;17.7
FR;79;2021-03-08;17348;15320;740817;406770;33.4;18.3
FR;79;2021-03-09;25699;16400;766516;423170;34.6;19.1
FR;79;2021-03-10;26832;15560;793348;438730;35.8;19.8
FR;79;2021-03-11;31783;15053;825131;453783;37.2;20.5
FR;79;2021-03-12;33298;12904;858429;466687;38.7;21.0
FR;79;2021-03-13;25243;4195;883672;470882;39.9;21.2
FR;79;2021-03-14;9457;764;893129;471646;40.3;21.3
FR;79;2021-03-15;28410;8650;921539;480296;41.6;21.7
FR;79;2021-03-16;32776;9273;954315;489569;43.0;22.1
FR;79;2021-03-17;33750;9235;988065;498804;44.6;22.5
FR;79;2021-03-18;36633;9714;1024698;508518;46.2;22.9
FR;79;2021-03-19;36662;8838;1061360;517356;47.9;23.3
FR;79;2021-03-20;20654;3262;1082014;520618;48.8;23.5
FR;79;2021-03-21;5874;595;1087888;521213;49.1;23.5
FR;79;2021-03-22;28533;9165;1116421;530378;50.4;23.9
FR;79;2021-03-23;36984;10749;1153405;541127;52.0;24.4
FR;79;2021-03-24;35470;11313;1188875;552440;53.6;24.9
FR;79;2021-03-25;41805;11086;1230680;563526;55.5;25.4
FR;79;2021-03-26;39294;10407;1269974;573933;57.3;25.9
FR;79;2021-03-27;17620;4389;1287594;578322;58.1;26.1
FR;79;2021-03-28;4793;899;1292387;579221;58.3;26.1
FR;79;2021-03-29;22234;14988;1314621;594209;59.3;26.8
FR;79;2021-03-30;27960;18880;1342581;613089;60.5;27.7
FR;79;2021-03-31;24634;19715;1367215;632804;61.7;28.5
FR;79;2021-04-01;27101;23167;1394316;655971;62.9;29.6
FR;79;2021-04-02;22999;24415;1417315;680386;63.9;30.7
FR;79;2021-04-03;9998;17352;1427313;697738;64.4;31.5
FR;79;2021-04-04;2796;5057;1430109;702795;64.5;31.7
FR;79;2021-04-05;4183;2743;1434292;705538;64.7;31.8
FR;79;2021-04-06;18872;28935;1453164;734473;65.5;33.1
FR;79;2021-04-07;20982;29824;1474146;764297;66.5;34.5
FR;79;2021-04-08;24919;29880;1499065;794177;67.6;35.8
FR;79;2021-04-09;26716;28051;1525781;822228;68.8;37.1
FR;79;2021-04-10;13621;18906;1539402;841134;69.4;37.9
FR;79;2021-04-11;3500;6442;1542902;847576;69.6;38.2
FR;79;2021-04-12;16683;28878;1559585;876454;70.3;39.5
FR;79;2021-04-13;19022;34973;1578607;911427;71.2;41.1
FR;79;2021-04-14;18057;33105;1596664;944532;72.0;42.6
FR;79;2021-04-15;18977;33280;1615641;977812;72.9;44.1
FR;79;2021-04-16;16140;31008;1631781;1008820;73.6;45.5
FR;79;2021-04-17;8106;16677;1639887;1025497;74.0;46.2
FR;79;2021-04-18;1759;4829;1641646;1030326;74.0;46.5
FR;79;2021-04-19;9768;29143;1651414;1059469;74.5;47.8
FR;79;2021-04-20;11575;34403;1662989;1093872;75.0;49.3
FR;79;2021-04-21;11153;31163;1674142;1125035;75.5;50.7
FR;79;2021-04-22;12724;31049;1686866;1156084;76.1;52.1
FR;79;2021-04-23;11783;27640;1698649;1183724;76.6;53.4
FR;79;2021-04-24;6107;13696;1704756;1197420;76.9;54.0
FR;79;2021-04-25;1884;3417;1706640;1200837;77.0;54.2
FR;79;2021-04-26;8781;20562;1715421;1221399;77.4;55.1
FR;79;2021-04-27;10954;23628;1726375;1245027;77.9;56.2
FR;79;2021-04-28;11487;20854;1737862;1265881;78.4;57.1
FR;79;2021-04-29;13451;20614;1751313;1286495;79.0;58.0
FR;79;2021-04-30;12682;17537;1763995;1304032;79.6;58.8
FR;79;2021-05-01;3773;3903;1767768;1307935;79.7;59.0
FR;79;2021-05-02;1719;2613;1769487;1310548;79.8;59.1
FR;79;2021-05-03;8488;15069;1777975;1325617;80.2;59.8
FR;79;2021-05-04;8806;20114;1786781;1345731;80.6;60.7
FR;79;2021-05-05;8242;18932;1795023;1364663;81.0;61.5
FR;79;2021-05-06;10081;18726;1805104;1383389;81.4;62.4
FR;79;2021-05-07;8798;19402;1813902;1402791;81.8;63.3
FR;79;2021-05-08;2873;4272;1816775;1407063;81.9;63.5
FR;79;2021-05-09;1375;2983;1818150;1410046;82.0;63.6
FR;79;2021-05-10;5980;17439;1824130;1427485;82.3;64.4
FR;79;2021-05-11;7829;18503;1831959;1445988;82.6;65.2
FR;79;2021-05-12;7042;15732;1839001;1461720;82.9;65.9
FR;79;2021-05-13;3459;3768;1842460;1465488;83.1;66.1
FR;79;2021-05-14;6618;11336;1849078;1476824;83.4;66.6
FR;79;2021-05-15;3200;5077;1852278;1481901;83.5;66.8
FR;80;2020-12-27;10;2;10;2;0.0;0.0
FR;80;2020-12-28;41;0;51;2;0.0;0.0
FR;80;2020-12-29;78;0;129;2;0.0;0.0
FR;80;2020-12-30;69;0;198;2;0.0;0.0
FR;80;2020-12-31;49;0;247;2;0.0;0.0
FR;80;2021-01-01;8;0;255;2;0.0;0.0
FR;80;2021-01-02;8;0;263;2;0.0;0.0
FR;80;2021-01-03;2;0;265;2;0.0;0.0
FR;80;2021-01-04;297;1;562;3;0.0;0.0
FR;80;2021-01-05;909;0;1471;3;0.0;0.0
FR;80;2021-01-06;1673;0;3144;3;0.1;0.0
FR;80;2021-01-07;6291;2;9435;5;0.2;0.0
FR;80;2021-01-08;5730;2;15165;7;0.4;0.0
FR;80;2021-01-09;979;0;16144;7;0.4;0.0
FR;80;2021-01-10;307;0;16451;7;0.4;0.0
FR;80;2021-01-11;4429;4;20880;11;0.5;0.0
FR;80;2021-01-12;12683;8;33563;19;0.8;0.0
FR;80;2021-01-13;12426;14;45989;33;1.1;0.0
FR;80;2021-01-14;18200;117;64189;150;1.5;0.0
FR;80;2021-01-15;12103;31;76292;181;1.8;0.0
FR;80;2021-01-16;4032;28;80324;209;1.9;0.0
FR;80;2021-01-17;3743;18;84067;227;2.0;0.0
FR;80;2021-01-18;28737;65;112804;292;2.7;0.0
FR;80;2021-01-19;53735;62;166539;354;4.0;0.0
FR;80;2021-01-20;59357;108;225896;462;5.4;0.0
FR;80;2021-01-21;69897;79;295793;541;7.1;0.0
FR;80;2021-01-22;48281;65;344074;606;8.3;0.0
FR;80;2021-01-23;16214;8;360288;614;8.7;0.0
FR;80;2021-01-24;4311;2;364599;616;8.8;0.0
FR;80;2021-01-25;32397;147;396996;763;9.5;0.0
FR;80;2021-01-26;45101;531;442097;1294;10.6;0.0
FR;80;2021-01-27;50850;888;492947;2182;11.9;0.1
FR;80;2021-01-28;59980;3939;552927;6121;13.3;0.1
FR;80;2021-01-29;39321;3275;592248;9396;14.2;0.2
FR;80;2021-01-30;13220;591;605468;9987;14.6;0.2
FR;80;2021-01-31;2333;285;607801;10272;14.6;0.2
FR;80;2021-02-01;22999;2784;630800;13056;15.2;0.3
FR;80;2021-02-02;33451;7427;664251;20483;16.0;0.5
FR;80;2021-02-03;34404;7864;698655;28347;16.8;0.7
FR;80;2021-02-04;38035;12581;736690;40928;17.7;1.0
FR;80;2021-02-05;29776;9525;766466;50453;18.4;1.2
FR;80;2021-02-06;9702;2123;776168;52576;18.7;1.3
FR;80;2021-02-07;1449;1867;777617;54443;18.7;1.3
FR;80;2021-02-08;19337;11136;796954;65579;19.2;1.6
FR;80;2021-02-09;25880;25604;822834;91183;19.8;2.2
FR;80;2021-02-10;26293;28912;849127;120095;20.4;2.9
FR;80;2021-02-11;30469;38114;879596;158209;21.2;3.8
FR;80;2021-02-12;26687;24676;906283;182885;21.8;4.4
FR;80;2021-02-13;7923;6522;914206;189407;22.0;4.6
FR;80;2021-02-14;1507;3099;915713;192506;22.0;4.6
FR;80;2021-02-15;11128;28307;926841;220813;22.3;5.3
FR;80;2021-02-16;15544;38925;942385;259738;22.7;6.2
FR;80;2021-02-17;15924;44486;958309;304224;23.0;7.3
FR;80;2021-02-18;21466;52509;979775;356733;23.6;8.6
FR;80;2021-02-19;19040;37486;998815;394219;24.0;9.5
FR;80;2021-02-20;6299;12322;1005114;406541;24.2;9.8
FR;80;2021-02-21;912;2970;1006026;409511;24.2;9.8
FR;80;2021-02-22;11168;30690;1017194;440201;24.5;10.6
FR;80;2021-02-23;17051;37262;1034245;477463;24.9;11.5
FR;80;2021-02-24;17966;37078;1052211;514541;25.3;12.4
FR;80;2021-02-25;22234;40856;1074445;555397;25.8;13.4
FR;80;2021-02-26;20504;30900;1094949;586297;26.3;14.1
FR;80;2021-02-27;7167;10283;1102116;596580;26.5;14.3
FR;80;2021-02-28;1259;2120;1103375;598700;26.5;14.4
FR;80;2021-03-01;18762;23197;1122137;621897;27.0;15.0
FR;80;2021-03-02;26857;29093;1148994;650990;27.6;15.7
FR;80;2021-03-03;28654;29223;1177648;680213;28.3;16.4
FR;80;2021-03-04;34816;29664;1212464;709877;29.2;17.1
FR;80;2021-03-05;35812;27452;1248276;737329;30.0;17.7
FR;80;2021-03-06;41267;8318;1289543;745647;31.0;17.9
FR;80;2021-03-07;29643;1985;1319186;747632;31.7;18.0
FR;80;2021-03-08;27140;22463;1346326;770095;32.4;18.5
FR;80;2021-03-09;40649;24623;1386975;794718;33.4;19.1
FR;80;2021-03-10;43013;25358;1429988;820076;34.4;19.7
FR;80;2021-03-11;51538;26822;1481526;846898;35.6;20.4
FR;80;2021-03-12;51968;22929;1533494;869827;36.9;20.9
FR;80;2021-03-13;37368;6967;1570862;876794;37.8;21.1
FR;80;2021-03-14;13873;1513;1584735;878307;38.1;21.1
FR;80;2021-03-15;43972;13900;1628707;892207;39.2;21.5
FR;80;2021-03-16;51763;16998;1680470;909205;40.4;21.9
FR;80;2021-03-17;54560;16512;1735030;925717;41.7;22.3
FR;80;2021-03-18;58387;18789;1793417;944506;43.1;22.7
FR;80;2021-03-19;57274;15686;1850691;960192;44.5;23.1
FR;80;2021-03-20;30943;5315;1881634;965507;45.3;23.2
FR;80;2021-03-21;8682;1087;1890316;966594;45.5;23.2
FR;80;2021-03-22;42795;14518;1933111;981112;46.5;23.6
FR;80;2021-03-23;55465;18016;1988576;999128;47.8;24.0
FR;80;2021-03-24;54324;19011;2042900;1018139;49.1;24.5
FR;80;2021-03-25;63794;19536;2106694;1037675;50.7;25.0
FR;80;2021-03-26;60006;18215;2166700;1055890;52.1;25.4
FR;80;2021-03-27;26541;7330;2193241;1063220;52.7;25.6
FR;80;2021-03-28;6922;1447;2200163;1064667;52.9;25.6
FR;80;2021-03-29;32791;23367;2232954;1088034;53.7;26.2
FR;80;2021-03-30;43099;30690;2276053;1118724;54.7;26.9
FR;80;2021-03-31;40408;32069;2316461;1150793;55.7;27.7
FR;80;2021-04-01;45953;37676;2362414;1188469;56.8;28.6
FR;80;2021-04-02;36976;39697;2399390;1228166;57.7;29.5
FR;80;2021-04-03;14485;26077;2413875;1254243;58.1;30.2
FR;80;2021-04-04;3861;7557;2417736;1261800;58.1;30.3
FR;80;2021-04-05;5609;4076;2423345;1265876;58.3;30.4
FR;80;2021-04-06;27466;44915;2450811;1310791;58.9;31.5
FR;80;2021-04-07;33314;48357;2484125;1359148;59.7;32.7
FR;80;2021-04-08;39869;49490;2523994;1408638;60.7;33.9
FR;80;2021-04-09;43253;46272;2567247;1454910;61.7;35.0
FR;80;2021-04-10;19797;28857;2587044;1483767;62.2;35.7
FR;80;2021-04-11;4825;9353;2591869;1493120;62.3;35.9
FR;80;2021-04-12;23406;45120;2615275;1538240;62.9;37.0
FR;80;2021-04-13;30044;54573;2645319;1592813;63.6;38.3
FR;80;2021-04-14;28817;52093;2674136;1644906;64.3;39.6
FR;80;2021-04-15;31112;52610;2705248;1697516;65.1;40.8
FR;80;2021-04-16;26268;48927;2731516;1746443;65.7;42.0
FR;80;2021-04-17;12284;25573;2743800;1772016;66.0;42.6
FR;80;2021-04-18;2520;7613;2746320;1779629;66.1;42.8
FR;80;2021-04-19;14144;43642;2760464;1823271;66.4;43.9
FR;80;2021-04-20;17767;52990;2778231;1876261;66.8;45.1
FR;80;2021-04-21;17733;49739;2795964;1926000;67.2;46.3
FR;80;2021-04-22;20409;51152;2816373;1977152;67.7;47.6
FR;80;2021-04-23;18885;44549;2835258;2021701;68.2;48.6
FR;80;2021-04-24;9329;21167;2844587;2042868;68.4;49.1
FR;80;2021-04-25;2648;5143;2847235;2048011;68.5;49.3
FR;80;2021-04-26;12158;30526;2859393;2078537;68.8;50.0
FR;80;2021-04-27;16550;36352;2875943;2114889;69.2;50.9
FR;80;2021-04-28;17769;34525;2893712;2149414;69.6;51.7
FR;80;2021-04-29;21322;35548;2915034;2184962;70.1;52.6
FR;80;2021-04-30;20133;29511;2935167;2214473;70.6;53.3
FR;80;2021-05-01;5757;5803;2940924;2220276;70.7;53.4
FR;80;2021-05-02;2581;3845;2943505;2224121;70.8;53.5
FR;80;2021-05-03;12326;21299;2955831;2245420;71.1;54.0
FR;80;2021-05-04;13669;29917;2969500;2275337;71.4;54.7
FR;80;2021-05-05;13249;29236;2982749;2304573;71.7;55.4
FR;80;2021-05-06;15584;29441;2998333;2334014;72.1;56.1
FR;80;2021-05-07;14281;29697;3012614;2363711;72.5;56.8
FR;80;2021-05-08;4365;6024;3016979;2369735;72.6;57.0
FR;80;2021-05-09;1899;4139;3018878;2373874;72.6;57.1
FR;80;2021-05-10;8926;24283;3027804;2398157;72.8;57.7
FR;80;2021-05-11;12157;27097;3039961;2425254;73.1;58.3
FR;80;2021-05-12;11050;23495;3051011;2448749;73.4;58.9
FR;80;2021-05-13;4835;5381;3055846;2454130;73.5;59.0
FR;80;2021-05-14;10080;16301;3065926;2470431;73.7;59.4
FR;80;2021-05-15;4682;7289;3070608;2477720;73.9;59.6
FR;0;2020-12-27;20;2;20;2;0.0;0.0
FR;0;2020-12-28;63;0;83;2;0.0;0.0
FR;0;2020-12-29;108;0;191;2;0.0;0.0
FR;0;2020-12-30;119;0;310;2;0.0;0.0
FR;0;2020-12-31;83;0;393;2;0.0;0.0
FR;0;2021-01-01;65;1;458;3;0.0;0.0
FR;0;2021-01-02;76;0;534;3;0.0;0.0
FR;0;2021-01-03;87;0;621;3;0.0;0.0
FR;0;2021-01-04;1468;5;2089;8;0.0;0.0
FR;0;2021-01-05;5378;7;7467;15;0.0;0.0
FR;0;2021-01-06;11278;13;18745;28;0.0;0.0
FR;0;2021-01-07;28526;41;47271;69;0.1;0.0
FR;0;2021-01-08;36034;35;83305;104;0.1;0.0
FR;0;2021-01-09;10885;8;94190;112;0.1;0.0
FR;0;2021-01-10;5602;3;99792;115;0.1;0.0
FR;0;2021-01-11;38841;44;138633;159;0.2;0.0
FR;0;2021-01-12;60627;63;199260;222;0.3;0.0
FR;0;2021-01-13;63548;101;262808;323;0.4;0.0
FR;0;2021-01-14;79637;635;342445;958;0.5;0.0
FR;0;2021-01-15;67180;205;409625;1163;0.6;0.0
FR;0;2021-01-16;19594;95;429219;1258;0.6;0.0
FR;0;2021-01-17;10452;46;439671;1304;0.7;0.0
FR;0;2021-01-18;84248;219;523919;1523;0.8;0.0
FR;0;2021-01-19;128177;209;652096;1732;1.0;0.0
FR;0;2021-01-20;134780;267;786876;1999;1.2;0.0
FR;0;2021-01-21;154834;226;941710;2225;1.4;0.0
FR;0;2021-01-22;118189;252;1059899;2477;1.6;0.0
FR;0;2021-01-23;37745;60;1097644;2537;1.6;0.0
FR;0;2021-01-24;9332;30;1106976;2567;1.6;0.0
FR;0;2021-01-25;76658;1272;1183634;3839;1.8;0.0
FR;0;2021-01-26;98589;3171;1282223;7010;1.9;0.0
FR;0;2021-01-27;105448;5671;1387671;12681;2.1;0.0
FR;0;2021-01-28;122006;14471;1509677;27152;2.2;0.0
FR;0;2021-01-29;90758;17411;1600435;44563;2.4;0.1
FR;0;2021-01-30;28621;4252;1629056;48815;2.4;0.1
FR;0;2021-01-31;4863;1681;1633919;50496;2.4;0.1
FR;0;2021-02-01;51406;21172;1685325;71668;2.5;0.1
FR;0;2021-02-02;70398;34684;1755723;106352;2.6;0.2
FR;0;2021-02-03;70833;37071;1826556;143423;2.7;0.2
FR;0;2021-02-04;80241;50201;1906797;193624;2.8;0.3
FR;0;2021-02-05;66852;45450;1973649;239074;2.9;0.4
FR;0;2021-02-06;21258;10418;1994907;249492;3.0;0.4
FR;0;2021-02-07;4826;5058;1999733;254550;3.0;0.4
FR;0;2021-02-08;45773;46120;2045506;300670;3.0;0.4
FR;0;2021-02-09;64639;72697;2110145;373367;3.1;0.6
FR;0;2021-02-10;69104;77053;2179249;450420;3.2;0.7
FR;0;2021-02-11;85334;99701;2264583;550121;3.4;0.8
FR;0;2021-02-12;77502;74786;2342085;624907;3.5;0.9
FR;0;2021-02-13;21597;19565;2363682;644472;3.5;1.0
FR;0;2021-02-14;4564;7217;2368246;651689;3.5;1.0
FR;0;2021-02-15;36877;76786;2405123;728475;3.6;1.1
FR;0;2021-02-16;49088;101068;2454211;829543;3.7;1.2
FR;0;2021-02-17;49200;103342;2503411;932885;3.7;1.4
FR;0;2021-02-18;67626;119171;2571037;1052056;3.8;1.6
FR;0;2021-02-19;63475;91267;2634512;1143323;3.9;1.7
FR;0;2021-02-20;17912;28515;2652424;1171838;4.0;1.7
FR;0;2021-02-21;2842;6389;2655266;1178227;4.0;1.8
FR;0;2021-02-22;36277;73432;2691543;1251659;4.0;1.9
FR;0;2021-02-23;52266;84438;2743809;1336097;4.1;2.0
FR;0;2021-02-24;57803;81485;2801612;1417582;4.2;2.1
FR;0;2021-02-25;97899;92222;2899511;1509804;4.3;2.2
FR;0;2021-02-26;111081;71819;3010592;1581623;4.5;2.4
FR;0;2021-02-27;50837;22260;3061429;1603883;4.6;2.4
FR;0;2021-02-28;5636;4472;3067065;1608355;4.6;2.4
FR;0;2021-03-01;63114;53193;3130179;1661548;4.7;2.5
FR;0;2021-03-02;98720;66888;3228899;1728436;4.8;2.6
FR;0;2021-03-03;112751;66390;3341650;1794826;5.0;2.7
FR;0;2021-03-04;158749;70235;3500399;1865061;5.2;2.8
FR;0;2021-03-05;196342;64899;3696741;1929960;5.5;2.9
FR;0;2021-03-06;202847;18806;3899588;1948766;5.8;2.9
FR;0;2021-03-07;118984;5964;4018572;1954730;6.0;2.9
FR;0;2021-03-08;104112;51460;4122684;2006190;6.1;3.0
FR;0;2021-03-09;168521;57876;4291205;2064066;6.4;3.1
FR;0;2021-03-10;174452;58372;4465657;2122438;6.7;3.2
FR;0;2021-03-11;237737;64846;4703394;2187284;7.0;3.3
FR;0;2021-03-12;289116;55503;4992510;2242787;7.4;3.3
FR;0;2021-03-13;226746;16377;5219256;2259164;7.8;3.4
FR;0;2021-03-14;61963;3873;5281219;2263037;7.9;3.4
FR;0;2021-03-15;154916;34181;5436135;2297218;8.1;3.4
FR;0;2021-03-16;138987;41137;5575122;2338355;8.3;3.5
FR;0;2021-03-17;147595;40664;5722717;2379019;8.5;3.5
FR;0;2021-03-18;164572;47221;5887289;2426240;8.8;3.6
FR;0;2021-03-19;225718;40701;6113007;2466941;9.1;3.7
FR;0;2021-03-20;164028;13656;6277035;2480597;9.4;3.7
FR;0;2021-03-21;48676;3337;6325711;2483934;9.4;3.7
FR;0;2021-03-22;166541;36877;6492252;2520811;9.7;3.8
FR;0;2021-03-23;245860;46163;6738112;2566974;10.0;3.8
FR;0;2021-03-24;252370;47628;6990482;2614602;10.4;3.9
FR;0;2021-03-25;336215;49958;7326697;2664560;10.9;4.0
FR;0;2021-03-26;353519;47503;7680216;2712063;11.4;4.0
FR;0;2021-03-27;192352;19629;7872568;2731692;11.7;4.1
FR;0;2021-03-28;58230;4678;7930798;2736370;11.8;4.1
FR;0;2021-03-29;199799;57679;8130597;2794049;12.1;4.2
FR;0;2021-03-30;281009;74907;8411606;2868956;12.5;4.3
FR;0;2021-03-31;258388;78279;8669994;2947235;12.9;4.4
FR;0;2021-04-01;308556;95059;8978550;3042294;13.4;4.5
FR;0;2021-04-02;276751;98313;9255301;3140607;13.8;4.7
FR;0;2021-04-03;138820;64836;9394121;3205443;14.0;4.8
FR;0;2021-04-04;44795;19832;9438916;3225275;14.1;4.8
FR;0;2021-04-05;58668;12608;9497584;3237883;14.2;4.8
FR;0;2021-04-06;212227;112742;9709811;3350625;14.5;5.0
FR;0;2021-04-07;255218;122087;9965029;3472712;14.8;5.2
FR;0;2021-04-08;331321;130618;10296350;3603330;15.3;5.4
FR;0;2021-04-09;402820;126172;10699170;3729502;15.9;5.6
FR;0;2021-04-10;209723;87741;10908893;3817243;16.3;5.7
FR;0;2021-04-11;54867;36233;10963760;3853476;16.3;5.7
FR;0;2021-04-12;232834;121057;11196594;3974533;16.7;5.9
FR;0;2021-04-13;303724;152769;11500318;4127302;17.1;6.1
FR;0;2021-04-14;287799;147746;11788117;4275048;17.6;6.4
FR;0;2021-04-15;329104;157424;12117221;4432472;18.1;6.6
FR;0;2021-04-16;332805;154797;12450026;4587269;18.6;6.8
FR;0;2021-04-17;185280;95133;12635306;4682402;18.8;7.0
FR;0;2021-04-18;50148;37089;12685454;4719491;18.9;7.0
FR;0;2021-04-19;201056;144434;12886510;4863925;19.2;7.2
FR;0;2021-04-20;248273;178508;13134783;5042433;19.6;7.5
FR;0;2021-04-21;245575;176713;13380358;5219146;19.9;7.8
FR;0;2021-04-22;280328;197783;13660686;5416929;20.4;8.1
FR;0;2021-04-23;287566;193633;13948252;5610562;20.8;8.4
FR;0;2021-04-24;186751;119195;14135003;5729757;21.1;8.5
FR;0;2021-04-25;67275;41519;14202278;5771276;21.2;8.6
FR;0;2021-04-26;213455;166149;14415733;5937425;21.5;8.8
FR;0;2021-04-27;278312;206562;14694045;6143987;21.9;9.2
FR;0;2021-04-28;292630;203662;14986675;6347649;22.3;9.5
FR;0;2021-04-29;347805;225505;15334480;6573154;22.8;9.8
FR;0;2021-04-30;363670;218540;15698150;6791694;23.4;10.1
FR;0;2021-05-01;159141;61211;15857291;6852905;23.6;10.2
FR;0;2021-05-02;89195;42190;15946486;6895095;23.8;10.3
FR;0;2021-05-03;279334;186517;16225820;7081612;24.2;10.6
FR;0;2021-05-04;305615;246418;16531435;7328030;24.6;10.9
FR;0;2021-05-05;314076;245528;16845511;7573558;25.1;11.3
FR;0;2021-05-06;367017;268243;17212528;7841801;25.6;11.7
FR;0;2021-05-07;360261;293854;17572789;8135655;26.2;12.1
FR;0;2021-05-08;200003;78331;17772792;8213986;26.5;12.2
FR;0;2021-05-09;127043;54002;17899835;8267988;26.7;12.3
FR;0;2021-05-10;297896;250758;18197731;8518746;27.1;12.7
FR;0;2021-05-11;389862;291838;18587593;8810584;27.7;13.1
FR;0;2021-05-12;410374;263802;18997967;9074386;28.3;13.5
FR;0;2021-05-13;325159;75263;19323126;9149649;28.8;13.6
FR;0;2021-05-14;435580;198162;19758706;9347811;29.4;13.9
FR;0;2021-05-15;358500;116463;20117206;9464274;30.0;14.1
