fra;clage_vacsi;jour;n_dose1;n_complet;n_cum_dose1;n_cum_complet;couv_dose1;couv_complet
FR;24;2020-12-27;1;0;1;0;0.0;0.0
FR;24;2020-12-28;0;0;1;0;0.0;0.0
FR;24;2020-12-29;0;0;1;0;0.0;0.0
FR;24;2020-12-30;0;0;1;0;0.0;0.0
FR;24;2020-12-31;0;0;1;0;0.0;0.0
FR;24;2021-01-01;1;0;2;0;0.0;0.0
FR;24;2021-01-02;0;0;2;0;0.0;0.0
FR;24;2021-01-03;2;0;4;0;0.0;0.0
FR;24;2021-01-04;4;0;8;0;0.0;0.0
FR;24;2021-01-05;17;0;25;0;0.0;0.0
FR;24;2021-01-06;36;0;61;0;0.0;0.0
FR;24;2021-01-07;179;0;240;0;0.0;0.0
FR;24;2021-01-08;216;0;456;0;0.0;0.0
FR;24;2021-01-09;40;0;496;0;0.0;0.0
FR;24;2021-01-10;35;0;531;0;0.0;0.0
FR;24;2021-01-11;248;0;779;0;0.0;0.0
FR;24;2021-01-12;394;0;1173;0;0.0;0.0
FR;24;2021-01-13;474;1;1647;1;0.0;0.0
FR;24;2021-01-14;607;1;2254;2;0.0;0.0
FR;24;2021-01-15;584;0;2838;2;0.1;0.0
FR;24;2021-01-16;116;5;2954;7;0.1;0.0
FR;24;2021-01-17;94;0;3048;7;0.1;0.0
FR;24;2021-01-18;506;1;3554;8;0.1;0.0
FR;24;2021-01-19;593;1;4147;9;0.1;0.0
FR;24;2021-01-20;648;0;4795;9;0.1;0.0
FR;24;2021-01-21;749;3;5544;12;0.1;0.0
FR;24;2021-01-22;597;4;6141;16;0.1;0.0
FR;24;2021-01-23;116;0;6257;16;0.1;0.0
FR;24;2021-01-24;22;1;6279;17;0.1;0.0
FR;24;2021-01-25;293;4;6572;21;0.1;0.0
FR;24;2021-01-26;357;12;6929;33;0.1;0.0
FR;24;2021-01-27;440;14;7369;47;0.1;0.0
FR;24;2021-01-28;594;54;7963;101;0.1;0.0
FR;24;2021-01-29;466;96;8429;197;0.2;0.0
FR;24;2021-01-30;86;17;8515;214;0.2;0.0
FR;24;2021-01-31;25;13;8540;227;0.2;0.0
FR;24;2021-02-01;155;152;8695;379;0.2;0.0
FR;24;2021-02-02;213;205;8908;584;0.2;0.0
FR;24;2021-02-03;215;228;9123;812;0.2;0.0
FR;24;2021-02-04;357;410;9480;1222;0.2;0.0
FR;24;2021-02-05;343;360;9823;1582;0.2;0.0
FR;24;2021-02-06;82;64;9905;1646;0.2;0.0
FR;24;2021-02-07;168;43;10073;1689;0.2;0.0
FR;24;2021-02-08;388;405;10461;2094;0.2;0.0
FR;24;2021-02-09;740;519;11201;2613;0.2;0.0
FR;24;2021-02-10;1075;681;12276;3294;0.2;0.1
FR;24;2021-02-11;1559;798;13835;4092;0.3;0.1
FR;24;2021-02-12;1597;570;15432;4662;0.3;0.1
FR;24;2021-02-13;289;82;15721;4744;0.3;0.1
FR;24;2021-02-14;58;24;15779;4768;0.3;0.1
FR;24;2021-02-15;1022;368;16801;5136;0.3;0.1
FR;24;2021-02-16;1545;446;18346;5582;0.3;0.1
FR;24;2021-02-17;1477;502;19823;6084;0.4;0.1
FR;24;2021-02-18;1909;663;21732;6747;0.4;0.1
FR;24;2021-02-19;1839;554;23571;7301;0.4;0.1
FR;24;2021-02-20;324;74;23895;7375;0.4;0.1
FR;24;2021-02-21;38;11;23933;7386;0.4;0.1
FR;24;2021-02-22;1145;241;25078;7627;0.5;0.1
FR;24;2021-02-23;1557;332;26635;7959;0.5;0.1
FR;24;2021-02-24;1639;321;28274;8280;0.5;0.2
FR;24;2021-02-25;2240;394;30514;8674;0.6;0.2
FR;24;2021-02-26;2155;333;32669;9007;0.6;0.2
FR;24;2021-02-27;527;85;33196;9092;0.6;0.2
FR;24;2021-02-28;90;13;33286;9105;0.6;0.2
FR;24;2021-03-01;1233;193;34519;9298;0.6;0.2
FR;24;2021-03-02;1634;287;36153;9585;0.7;0.2
FR;24;2021-03-03;1734;304;37887;9889;0.7;0.2
FR;24;2021-03-04;2087;511;39974;10400;0.7;0.2
FR;24;2021-03-05;3252;399;43226;10799;0.8;0.2
FR;24;2021-03-06;1689;87;44915;10886;0.8;0.2
FR;24;2021-03-07;972;16;45887;10902;0.8;0.2
FR;24;2021-03-08;1944;165;47831;11067;0.9;0.2
FR;24;2021-03-09;2587;238;50418;11305;0.9;0.2
FR;24;2021-03-10;2404;295;52822;11600;1.0;0.2
FR;24;2021-03-11;2888;454;55710;12054;1.0;0.2
FR;24;2021-03-12;3792;367;59502;12421;1.1;0.2
FR;24;2021-03-13;1466;70;60968;12491;1.1;0.2
FR;24;2021-03-14;529;22;61497;12513;1.1;0.2
FR;24;2021-03-15;1816;182;63313;12695;1.2;0.2
FR;24;2021-03-16;820;273;64133;12968;1.2;0.2
FR;24;2021-03-17;1066;311;65199;13279;1.2;0.2
FR;24;2021-03-18;1295;401;66494;13680;1.2;0.3
FR;24;2021-03-19;1858;336;68352;14016;1.3;0.3
FR;24;2021-03-20;825;74;69177;14090;1.3;0.3
FR;24;2021-03-21;631;36;69808;14126;1.3;0.3
FR;24;2021-03-22;1494;238;71302;14364;1.3;0.3
FR;24;2021-03-23;1791;364;73093;14728;1.3;0.3
FR;24;2021-03-24;2146;336;75239;15064;1.4;0.3
FR;24;2021-03-25;2552;456;77791;15520;1.4;0.3
FR;24;2021-03-26;3145;448;80936;15968;1.5;0.3
FR;24;2021-03-27;1880;176;82816;16144;1.5;0.3
FR;24;2021-03-28;1008;56;83824;16200;1.5;0.3
FR;24;2021-03-29;2388;322;86212;16522;1.6;0.3
FR;24;2021-03-30;3527;477;89739;16999;1.7;0.3
FR;24;2021-03-31;4032;477;93771;17476;1.7;0.3
FR;24;2021-04-01;5325;689;99096;18165;1.8;0.3
FR;24;2021-04-02;4384;596;103480;18761;1.9;0.3
FR;24;2021-04-03;1722;324;105202;19085;1.9;0.4
FR;24;2021-04-04;954;118;106156;19203;2.0;0.4
FR;24;2021-04-05;1087;123;107243;19326;2.0;0.4
FR;24;2021-04-06;3496;590;110739;19916;2.0;0.4
FR;24;2021-04-07;4712;746;115451;20662;2.1;0.4
FR;24;2021-04-08;6208;1057;121659;21719;2.2;0.4
FR;24;2021-04-09;5651;987;127310;22706;2.3;0.4
FR;24;2021-04-10;2605;527;129915;23233;2.4;0.4
FR;24;2021-04-11;1238;292;131153;23525;2.4;0.4
FR;24;2021-04-12;3349;900;134502;24425;2.5;0.5
FR;24;2021-04-13;4652;1082;139154;25507;2.6;0.5
FR;24;2021-04-14;4761;1295;143915;26802;2.7;0.5
FR;24;2021-04-15;5015;1565;148930;28367;2.7;0.5
FR;24;2021-04-16;4668;1683;153598;30050;2.8;0.6
FR;24;2021-04-17;2086;812;155684;30862;2.9;0.6
FR;24;2021-04-18;713;489;156397;31351;2.9;0.6
FR;24;2021-04-19;2870;1549;159267;32900;2.9;0.6
FR;24;2021-04-20;3039;2242;162306;35142;3.0;0.6
FR;24;2021-04-21;3321;2600;165627;37742;3.1;0.7
FR;24;2021-04-22;3955;3336;169582;41078;3.1;0.8
FR;24;2021-04-23;4068;3434;173650;44512;3.2;0.8
FR;24;2021-04-24;2356;1658;176006;46170;3.2;0.9
FR;24;2021-04-25;1201;861;177207;47031;3.3;0.9
FR;24;2021-04-26;2987;2444;180194;49475;3.3;0.9
FR;24;2021-04-27;3802;3290;183996;52765;3.4;1.0
FR;24;2021-04-28;4172;3690;188168;56455;3.5;1.0
FR;24;2021-04-29;5169;4317;193337;60772;3.6;1.1
FR;24;2021-04-30;5849;4456;199186;65228;3.7;1.2
FR;24;2021-05-01;3616;1025;202802;66253;3.7;1.2
FR;24;2021-05-02;2675;856;205477;67109;3.8;1.2
FR;24;2021-05-03;5995;2917;211472;70026;3.9;1.3
FR;24;2021-05-04;7185;4386;218657;74412;4.0;1.4
FR;24;2021-05-05;8193;4617;226850;79029;4.2;1.5
FR;29;2020-12-27;0;0;0;0;0.0;0.0
FR;29;2020-12-28;1;0;1;0;0.0;0.0
FR;29;2020-12-29;0;0;1;0;0.0;0.0
FR;29;2020-12-30;0;0;1;0;0.0;0.0
FR;29;2020-12-31;0;0;1;0;0.0;0.0
FR;29;2021-01-01;2;0;3;0;0.0;0.0
FR;29;2021-01-02;2;0;5;0;0.0;0.0
FR;29;2021-01-03;2;0;7;0;0.0;0.0
FR;29;2021-01-04;10;0;17;0;0.0;0.0
FR;29;2021-01-05;42;0;59;0;0.0;0.0
FR;29;2021-01-06;142;0;201;0;0.0;0.0
FR;29;2021-01-07;305;0;506;0;0.0;0.0
FR;29;2021-01-08;514;0;1020;0;0.0;0.0
FR;29;2021-01-09;113;0;1133;0;0.0;0.0
FR;29;2021-01-10;91;0;1224;0;0.0;0.0
FR;29;2021-01-11;640;1;1864;1;0.1;0.0
FR;29;2021-01-12;922;3;2786;4;0.1;0.0
FR;29;2021-01-13;1202;2;3988;6;0.1;0.0
FR;29;2021-01-14;1549;3;5537;9;0.1;0.0
FR;29;2021-01-15;1298;1;6835;10;0.2;0.0
FR;29;2021-01-16;192;9;7027;19;0.2;0.0
FR;29;2021-01-17;158;0;7185;19;0.2;0.0
FR;29;2021-01-18;1039;2;8224;21;0.2;0.0
FR;29;2021-01-19;1141;4;9365;25;0.3;0.0
FR;29;2021-01-20;1188;2;10553;27;0.3;0.0
FR;29;2021-01-21;1444;4;11997;31;0.3;0.0
FR;29;2021-01-22;1139;3;13136;34;0.4;0.0
FR;29;2021-01-23;166;0;13302;34;0.4;0.0
FR;29;2021-01-24;51;1;13353;35;0.4;0.0
FR;29;2021-01-25;531;12;13884;47;0.4;0.0
FR;29;2021-01-26;655;34;14539;81;0.4;0.0
FR;29;2021-01-27;716;72;15255;153;0.4;0.0
FR;29;2021-01-28;1029;140;16284;293;0.4;0.0
FR;29;2021-01-29;799;178;17083;471;0.5;0.0
FR;29;2021-01-30;140;39;17223;510;0.5;0.0
FR;29;2021-01-31;33;33;17256;543;0.5;0.0
FR;29;2021-02-01;260;321;17516;864;0.5;0.0
FR;29;2021-02-02;402;446;17918;1310;0.5;0.0
FR;29;2021-02-03;452;534;18370;1844;0.5;0.0
FR;29;2021-02-04;604;820;18974;2664;0.5;0.1
FR;29;2021-02-05;528;812;19502;3476;0.5;0.1
FR;29;2021-02-06;140;116;19642;3592;0.5;0.1
FR;29;2021-02-07;304;76;19946;3668;0.5;0.1
FR;29;2021-02-08;599;891;20545;4559;0.6;0.1
FR;29;2021-02-09;1241;1172;21786;5731;0.6;0.2
FR;29;2021-02-10;1698;1349;23484;7080;0.6;0.2
FR;29;2021-02-11;2439;1620;25923;8700;0.7;0.2
FR;29;2021-02-12;2186;1258;28109;9958;0.8;0.3
FR;29;2021-02-13;421;129;28530;10087;0.8;0.3
FR;29;2021-02-14;129;60;28659;10147;0.8;0.3
FR;29;2021-02-15;1547;804;30206;10951;0.8;0.3
FR;29;2021-02-16;1900;925;32106;11876;0.9;0.3
FR;29;2021-02-17;1868;968;33974;12844;0.9;0.3
FR;29;2021-02-18;2364;1214;36338;14058;1.0;0.4
FR;29;2021-02-19;2306;931;38644;14989;1.0;0.4
FR;29;2021-02-20;379;99;39023;15088;1.0;0.4
FR;29;2021-02-21;86;25;39109;15113;1.1;0.4
FR;29;2021-02-22;1339;464;40448;15577;1.1;0.4
FR;29;2021-02-23;1743;626;42191;16203;1.1;0.4
FR;29;2021-02-24;1772;515;43963;16718;1.2;0.4
FR;29;2021-02-25;2366;776;46329;17494;1.2;0.5
FR;29;2021-02-26;2547;588;48876;18082;1.3;0.5
FR;29;2021-02-27;600;96;49476;18178;1.3;0.5
FR;29;2021-02-28;111;28;49587;18206;1.3;0.5
FR;29;2021-03-01;1264;310;50851;18516;1.4;0.5
FR;29;2021-03-02;1772;540;52623;19056;1.4;0.5
FR;29;2021-03-03;1964;508;54587;19564;1.5;0.5
FR;29;2021-03-04;2428;765;57015;20329;1.5;0.5
FR;29;2021-03-05;3574;596;60589;20925;1.6;0.6
FR;29;2021-03-06;1607;98;62196;21023;1.7;0.6
FR;29;2021-03-07;818;34;63014;21057;1.7;0.6
FR;29;2021-03-08;1925;288;64939;21345;1.7;0.6
FR;29;2021-03-09;2624;353;67563;21698;1.8;0.6
FR;29;2021-03-10;2522;444;70085;22142;1.9;0.6
FR;29;2021-03-11;3297;721;73382;22863;2.0;0.6
FR;29;2021-03-12;3918;633;77300;23496;2.1;0.6
FR;29;2021-03-13;1612;89;78912;23585;2.1;0.6
FR;29;2021-03-14;560;30;79472;23615;2.1;0.6
FR;29;2021-03-15;1869;263;81341;23878;2.2;0.6
FR;29;2021-03-16;1109;447;82450;24325;2.2;0.7
FR;29;2021-03-17;1369;491;83819;24816;2.3;0.7
FR;29;2021-03-18;1638;592;85457;25408;2.3;0.7
FR;29;2021-03-19;2215;479;87672;25887;2.4;0.7
FR;29;2021-03-20;987;106;88659;25993;2.4;0.7
FR;29;2021-03-21;724;31;89383;26024;2.4;0.7
FR;29;2021-03-22;1651;332;91034;26356;2.4;0.7
FR;29;2021-03-23;2198;543;93232;26899;2.5;0.7
FR;29;2021-03-24;2517;499;95749;27398;2.6;0.7
FR;29;2021-03-25;3360;625;99109;28023;2.7;0.8
FR;29;2021-03-26;3700;605;102809;28628;2.8;0.8
FR;29;2021-03-27;2137;217;104946;28845;2.8;0.8
FR;29;2021-03-28;962;52;105908;28897;2.8;0.8
FR;29;2021-03-29;2702;458;108610;29355;2.9;0.8
FR;29;2021-03-30;3914;650;112524;30005;3.0;0.8
FR;29;2021-03-31;4395;716;116919;30721;3.1;0.8
FR;29;2021-04-01;5776;946;122695;31667;3.3;0.9
FR;29;2021-04-02;4842;845;127537;32512;3.4;0.9
FR;29;2021-04-03;1744;299;129281;32811;3.5;0.9
FR;29;2021-04-04;896;110;130177;32921;3.5;0.9
FR;29;2021-04-05;913;97;131090;33018;3.5;0.9
FR;29;2021-04-06;3442;772;134532;33790;3.6;0.9
FR;29;2021-04-07;4466;1021;138998;34811;3.7;0.9
FR;29;2021-04-08;6139;1380;145137;36191;3.9;1.0
FR;29;2021-04-09;6176;1231;151313;37422;4.1;1.0
FR;29;2021-04-10;2627;578;153940;38000;4.1;1.0
FR;29;2021-04-11;1154;316;155094;38316;4.2;1.0
FR;29;2021-04-12;3513;980;158607;39296;4.3;1.1
FR;29;2021-04-13;4748;1408;163355;40704;4.4;1.1
FR;29;2021-04-14;4636;1499;167991;42203;4.5;1.1
FR;29;2021-04-15;5416;1831;173407;44034;4.7;1.2
FR;29;2021-04-16;4649;1873;178056;45907;4.8;1.2
FR;29;2021-04-17;2197;916;180253;46823;4.8;1.3
FR;29;2021-04-18;757;536;181010;47359;4.9;1.3
FR;29;2021-04-19;2798;1794;183808;49153;4.9;1.3
FR;29;2021-04-20;3414;2581;187222;51734;5.0;1.4
FR;29;2021-04-21;3343;2953;190565;54687;5.1;1.5
FR;29;2021-04-22;4353;4092;194918;58779;5.2;1.6
FR;29;2021-04-23;4453;3895;199371;62674;5.4;1.7
FR;29;2021-04-24;2659;1804;202030;64478;5.4;1.7
FR;29;2021-04-25;1164;746;203194;65224;5.5;1.8
FR;29;2021-04-26;2864;2736;206058;67960;5.5;1.8
FR;29;2021-04-27;3887;3734;209945;71694;5.6;1.9
FR;29;2021-04-28;4445;3959;214390;75653;5.8;2.0
FR;29;2021-04-29;5560;4854;219950;80507;5.9;2.2
FR;29;2021-04-30;6109;5003;226059;85510;6.1;2.3
FR;29;2021-05-01;3892;1135;229951;86645;6.2;2.3
FR;29;2021-05-02;2550;868;232501;87513;6.3;2.4
FR;29;2021-05-03;6551;2982;239052;90495;6.4;2.4
FR;29;2021-05-04;7813;4752;246865;95247;6.6;2.6
FR;29;2021-05-05;9099;4807;255964;100054;6.9;2.7
FR;39;2020-12-27;0;0;0;0;0.0;0.0
FR;39;2020-12-28;0;0;0;0;0.0;0.0
FR;39;2020-12-29;1;0;1;0;0.0;0.0
FR;39;2020-12-30;3;0;4;0;0.0;0.0
FR;39;2020-12-31;1;0;5;0;0.0;0.0
FR;39;2021-01-01;4;0;9;0;0.0;0.0
FR;39;2021-01-02;0;0;9;0;0.0;0.0
FR;39;2021-01-03;2;0;11;0;0.0;0.0
FR;39;2021-01-04;23;0;34;0;0.0;0.0
FR;39;2021-01-05;139;0;173;0;0.0;0.0
FR;39;2021-01-06;384;0;557;0;0.0;0.0
FR;39;2021-01-07;1171;4;1728;4;0.0;0.0
FR;39;2021-01-08;1774;2;3502;6;0.0;0.0
FR;39;2021-01-09;472;0;3974;6;0.0;0.0
FR;39;2021-01-10;307;0;4281;6;0.1;0.0
FR;39;2021-01-11;2193;3;6474;9;0.1;0.0
FR;39;2021-01-12;3378;3;9852;12;0.1;0.0
FR;39;2021-01-13;3462;4;13314;16;0.2;0.0
FR;39;2021-01-14;4747;5;18061;21;0.2;0.0
FR;39;2021-01-15;4350;1;22411;22;0.3;0.0
FR;39;2021-01-16;768;54;23179;76;0.3;0.0
FR;39;2021-01-17;487;2;23666;78;0.3;0.0
FR;39;2021-01-18;3060;12;26726;90;0.3;0.0
FR;39;2021-01-19;3976;12;30702;102;0.4;0.0
FR;39;2021-01-20;3877;7;34579;109;0.4;0.0
FR;39;2021-01-21;5101;15;39680;124;0.5;0.0
FR;39;2021-01-22;3914;15;43594;139;0.5;0.0
FR;39;2021-01-23;587;3;44181;142;0.5;0.0
FR;39;2021-01-24;181;0;44362;142;0.5;0.0
FR;39;2021-01-25;1579;42;45941;184;0.6;0.0
FR;39;2021-01-26;2145;101;48086;285;0.6;0.0
FR;39;2021-01-27;2274;233;50360;518;0.6;0.0
FR;39;2021-01-28;3462;542;53822;1060;0.6;0.0
FR;39;2021-01-29;2664;773;56486;1833;0.7;0.0
FR;39;2021-01-30;393;221;56879;2054;0.7;0.0
FR;39;2021-01-31;89;84;56968;2138;0.7;0.0
FR;39;2021-02-01;745;1177;57713;3315;0.7;0.0
FR;39;2021-02-02;1320;1891;59033;5206;0.7;0.1
FR;39;2021-02-03;1347;1838;60380;7044;0.7;0.1
FR;39;2021-02-04;1954;2952;62334;9996;0.8;0.1
FR;39;2021-02-05;1626;3017;63960;13013;0.8;0.2
FR;39;2021-02-06;392;454;64352;13467;0.8;0.2
FR;39;2021-02-07;551;260;64903;13727;0.8;0.2
FR;39;2021-02-08;1502;2583;66405;16310;0.8;0.2
FR;39;2021-02-09;3153;3822;69558;20132;0.8;0.2
FR;39;2021-02-10;3847;4016;73405;24148;0.9;0.3
FR;39;2021-02-11;6105;5552;79510;29700;1.0;0.4
FR;39;2021-02-12;5735;4193;85245;33893;1.0;0.4
FR;39;2021-02-13;1226;502;86471;34395;1.0;0.4
FR;39;2021-02-14;381;219;86852;34614;1.0;0.4
FR;39;2021-02-15;3362;2337;90214;36951;1.1;0.4
FR;39;2021-02-16;4388;2845;94602;39796;1.1;0.5
FR;39;2021-02-17;3961;2917;98563;42713;1.2;0.5
FR;39;2021-02-18;5913;4127;104476;46840;1.3;0.6
FR;39;2021-02-19;5770;3074;110246;49914;1.3;0.6
FR;39;2021-02-20;1126;408;111372;50322;1.3;0.6
FR;39;2021-02-21;183;78;111555;50400;1.3;0.6
FR;39;2021-02-22;2950;1449;114505;51849;1.4;0.6
FR;39;2021-02-23;3852;1789;118357;53638;1.4;0.6
FR;39;2021-02-24;3681;1657;122038;55295;1.5;0.7
FR;39;2021-02-25;5519;2258;127557;57553;1.5;0.7
FR;39;2021-02-26;6031;1754;133588;59307;1.6;0.7
FR;39;2021-02-27;1640;277;135228;59584;1.6;0.7
FR;39;2021-02-28;239;76;135467;59660;1.6;0.7
FR;39;2021-03-01;2894;882;138361;60542;1.7;0.7
FR;39;2021-03-02;4175;1570;142536;62112;1.7;0.7
FR;39;2021-03-03;4191;1382;146727;63494;1.8;0.8
FR;39;2021-03-04;6183;2464;152910;65958;1.8;0.8
FR;39;2021-03-05;9048;1906;161958;67864;2.0;0.8
FR;39;2021-03-06;4863;290;166821;68154;2.0;0.8
FR;39;2021-03-07;2629;70;169450;68224;2.0;0.8
FR;39;2021-03-08;4646;818;174096;69042;2.1;0.8
FR;39;2021-03-09;6806;1268;180902;70310;2.2;0.8
FR;39;2021-03-10;6014;1391;186916;71701;2.3;0.9
FR;39;2021-03-11;8569;2282;195485;73983;2.4;0.9
FR;39;2021-03-12;11327;1891;206812;75874;2.5;0.9
FR;39;2021-03-13;5192;317;212004;76191;2.6;0.9
FR;39;2021-03-14;1734;63;213738;76254;2.6;0.9
FR;39;2021-03-15;4737;820;218475;77074;2.6;0.9
FR;39;2021-03-16;3343;1258;221818;78332;2.7;0.9
FR;39;2021-03-17;3424;1335;225242;79667;2.7;1.0
FR;39;2021-03-18;4621;1868;229863;81535;2.8;1.0
FR;39;2021-03-19;6218;1419;236081;82954;2.8;1.0
FR;39;2021-03-20;3163;300;239244;83254;2.9;1.0
FR;39;2021-03-21;2068;90;241312;83344;2.9;1.0
FR;39;2021-03-22;4424;930;245736;84274;3.0;1.0
FR;39;2021-03-23;6136;1476;251872;85750;3.0;1.0
FR;39;2021-03-24;6277;1230;258149;86980;3.1;1.0
FR;39;2021-03-25;9002;1623;267151;88603;3.2;1.1
FR;39;2021-03-26;10586;1492;277737;90095;3.3;1.1
FR;39;2021-03-27;5973;578;283710;90673;3.4;1.1
FR;39;2021-03-28;2730;162;286440;90835;3.5;1.1
FR;39;2021-03-29;7062;1093;293502;91928;3.5;1.1
FR;39;2021-03-30;10397;1707;303899;93635;3.7;1.1
FR;39;2021-03-31;10977;1683;314876;95318;3.8;1.1
FR;39;2021-04-01;14806;2534;329682;97852;4.0;1.2
FR;39;2021-04-02;13134;2381;342816;100233;4.1;1.2
FR;39;2021-04-03;5562;993;348378;101226;4.2;1.2
FR;39;2021-04-04;2513;329;350891;101555;4.2;1.2
FR;39;2021-04-05;2522;279;353413;101834;4.3;1.2
FR;39;2021-04-06;9150;2358;362563;104192;4.4;1.3
FR;39;2021-04-07;12042;2615;374605;106807;4.5;1.3
FR;39;2021-04-08;16522;3588;391127;110395;4.7;1.3
FR;39;2021-04-09;16579;3434;407706;113829;4.9;1.4
FR;39;2021-04-10;7365;1863;415071;115692;5.0;1.4
FR;39;2021-04-11;2963;919;418034;116611;5.0;1.4
FR;39;2021-04-12;9466;2676;427500;119287;5.2;1.4
FR;39;2021-04-13;12703;3818;440203;123105;5.3;1.5
FR;39;2021-04-14;12581;3841;452784;126946;5.5;1.5
FR;39;2021-04-15;14348;4841;467132;131787;5.6;1.6
FR;39;2021-04-16;12465;5343;479597;137130;5.8;1.7
FR;39;2021-04-17;6024;2730;485621;139860;5.9;1.7
FR;39;2021-04-18;2229;1582;487850;141442;5.9;1.7
FR;39;2021-04-19;7763;4707;495613;146149;6.0;1.8
FR;39;2021-04-20;9227;6903;504840;153052;6.1;1.8
FR;39;2021-04-21;9983;7507;514823;160559;6.2;1.9
FR;39;2021-04-22;11645;10802;526468;171361;6.3;2.1
FR;39;2021-04-23;11907;10752;538375;182113;6.5;2.2
FR;39;2021-04-24;7731;5024;546106;187137;6.6;2.3
FR;39;2021-04-25;3410;2170;549516;189307;6.6;2.3
FR;39;2021-04-26;8329;7418;557845;196725;6.7;2.4
FR;39;2021-04-27;11564;9681;569409;206406;6.9;2.5
FR;39;2021-04-28;12793;9879;582202;216285;7.0;2.6
FR;39;2021-04-29;16406;12727;598608;229012;7.2;2.8
FR;39;2021-04-30;18906;12982;617514;241994;7.4;2.9
FR;39;2021-05-01;12723;3375;630237;245369;7.6;3.0
FR;39;2021-05-02;9183;2392;639420;247761;7.7;3.0
FR;39;2021-05-03;21643;8602;661063;256363;8.0;3.1
FR;39;2021-05-04;26092;13136;687155;269499;8.3;3.2
FR;39;2021-05-05;29578;13395;716733;282894;8.6;3.4
FR;49;2020-12-27;1;0;1;0;0.0;0.0
FR;49;2020-12-28;1;0;2;0;0.0;0.0
FR;49;2020-12-29;1;0;3;0;0.0;0.0
FR;49;2020-12-30;6;0;9;0;0.0;0.0
FR;49;2020-12-31;1;0;10;0;0.0;0.0
FR;49;2021-01-01;3;0;13;0;0.0;0.0
FR;49;2021-01-02;9;0;22;0;0.0;0.0
FR;49;2021-01-03;4;0;26;0;0.0;0.0
FR;49;2021-01-04;85;0;111;0;0.0;0.0
FR;49;2021-01-05;333;0;444;0;0.0;0.0
FR;49;2021-01-06;853;1;1297;1;0.0;0.0
FR;49;2021-01-07;2150;2;3447;3;0.0;0.0
FR;49;2021-01-08;3335;3;6782;6;0.1;0.0
FR;49;2021-01-09;998;0;7780;6;0.1;0.0
FR;49;2021-01-10;473;0;8253;6;0.1;0.0
FR;49;2021-01-11;4142;3;12395;9;0.1;0.0
FR;49;2021-01-12;5822;5;18217;14;0.2;0.0
FR;49;2021-01-13;6120;1;24337;15;0.3;0.0
FR;49;2021-01-14;8302;7;32639;22;0.4;0.0
FR;49;2021-01-15;7559;5;40198;27;0.5;0.0
FR;49;2021-01-16;1415;74;41613;101;0.5;0.0
FR;49;2021-01-17;619;3;42232;104;0.5;0.0
FR;49;2021-01-18;5044;11;47276;115;0.6;0.0
FR;49;2021-01-19;6767;8;54043;123;0.6;0.0
FR;49;2021-01-20;6584;11;60627;134;0.7;0.0
FR;49;2021-01-21;8328;16;68955;150;0.8;0.0
FR;49;2021-01-22;6218;24;75173;174;0.9;0.0
FR;49;2021-01-23;1007;9;76180;183;0.9;0.0
FR;49;2021-01-24;280;3;76460;186;0.9;0.0
FR;49;2021-01-25;2590;105;79050;291;0.9;0.0
FR;49;2021-01-26;3693;240;82743;531;1.0;0.0
FR;49;2021-01-27;3964;444;86707;975;1.0;0.0
FR;49;2021-01-28;5506;1113;92213;2088;1.1;0.0
FR;49;2021-01-29;4380;1721;96593;3809;1.1;0.0
FR;49;2021-01-30;688;394;97281;4203;1.1;0.0
FR;49;2021-01-31;137;143;97418;4346;1.1;0.1
FR;49;2021-02-01;1359;2353;98777;6699;1.1;0.1
FR;49;2021-02-02;2253;3662;101030;10361;1.2;0.1
FR;49;2021-02-03;2284;3674;103314;14035;1.2;0.2
FR;49;2021-02-04;3315;5467;106629;19502;1.2;0.2
FR;49;2021-02-05;2758;5474;109387;24976;1.3;0.3
FR;49;2021-02-06;563;904;109950;25880;1.3;0.3
FR;49;2021-02-07;519;366;110469;26246;1.3;0.3
FR;49;2021-02-08;1926;4384;112395;30630;1.3;0.4
FR;49;2021-02-09;4320;6420;116715;37050;1.4;0.4
FR;49;2021-02-10;5451;6783;122166;43833;1.4;0.5
FR;49;2021-02-11;7916;8941;130082;52774;1.5;0.6
FR;49;2021-02-12;7226;6722;137308;59496;1.6;0.7
FR;49;2021-02-13;1681;915;138989;60411;1.6;0.7
FR;49;2021-02-14;401;350;139390;60761;1.6;0.7
FR;49;2021-02-15;4076;3713;143466;64474;1.7;0.8
FR;49;2021-02-16;5345;4780;148811;69254;1.7;0.8
FR;49;2021-02-17;5100;4865;153911;74119;1.8;0.9
FR;49;2021-02-18;7379;6424;161290;80543;1.9;0.9
FR;49;2021-02-19;6984;4978;168274;85521;2.0;1.0
FR;49;2021-02-20;1470;667;169744;86188;2.0;1.0
FR;49;2021-02-21;275;149;170019;86337;2.0;1.0
FR;49;2021-02-22;3495;2295;173514;88632;2.0;1.0
FR;49;2021-02-23;4793;2987;178307;91619;2.1;1.1
FR;49;2021-02-24;4851;2852;183158;94471;2.1;1.1
FR;49;2021-02-25;7477;3874;190635;98345;2.2;1.1
FR;49;2021-02-26;8185;2938;198820;101283;2.3;1.2
FR;49;2021-02-27;2658;519;201478;101802;2.3;1.2
FR;49;2021-02-28;328;94;201806;101896;2.3;1.2
FR;49;2021-03-01;3746;1433;205552;103329;2.4;1.2
FR;49;2021-03-02;5699;2402;211251;105731;2.5;1.2
FR;49;2021-03-03;5936;2429;217187;108160;2.5;1.3
FR;49;2021-03-04;8767;3633;225954;111793;2.6;1.3
FR;49;2021-03-05;12399;2944;238353;114737;2.8;1.3
FR;49;2021-03-06;8456;452;246809;115189;2.9;1.3
FR;49;2021-03-07;4659;112;251468;115301;2.9;1.3
FR;49;2021-03-08;6327;1242;257795;116543;3.0;1.4
FR;49;2021-03-09;9415;1851;267210;118394;3.1;1.4
FR;49;2021-03-10;8835;2047;276045;120441;3.2;1.4
FR;49;2021-03-11;12602;3088;288647;123529;3.4;1.4
FR;49;2021-03-12;16286;2572;304933;126101;3.5;1.5
FR;49;2021-03-13;9471;472;314404;126573;3.7;1.5
FR;49;2021-03-14;3122;128;317526;126701;3.7;1.5
FR;49;2021-03-15;6810;1136;324336;127837;3.8;1.5
FR;49;2021-03-16;4597;1853;328933;129690;3.8;1.5
FR;49;2021-03-17;5142;1750;334075;131440;3.9;1.5
FR;49;2021-03-18;6505;2545;340580;133985;4.0;1.6
FR;49;2021-03-19;9422;1922;350002;135907;4.1;1.6
FR;49;2021-03-20;5851;489;355853;136396;4.1;1.6
FR;49;2021-03-21;3139;115;358992;136511;4.2;1.6
FR;49;2021-03-22;6257;1222;365249;137733;4.3;1.6
FR;49;2021-03-23;8546;1926;373795;139659;4.4;1.6
FR;49;2021-03-24;9454;1769;383249;141428;4.5;1.6
FR;49;2021-03-25;12261;2239;395510;143667;4.6;1.7
FR;49;2021-03-26;14625;2040;410135;145707;4.8;1.7
FR;49;2021-03-27;9321;744;419456;146451;4.9;1.7
FR;49;2021-03-28;3845;251;423301;146702;4.9;1.7
FR;49;2021-03-29;9748;1573;433049;148275;5.0;1.7
FR;49;2021-03-30;14144;2463;447193;150738;5.2;1.8
FR;49;2021-03-31;15366;2523;462559;153261;5.4;1.8
FR;49;2021-04-01;19547;3617;482106;156878;5.6;1.8
FR;49;2021-04-02;17300;3307;499406;160185;5.8;1.9
FR;49;2021-04-03;9271;1785;508677;161970;5.9;1.9
FR;49;2021-04-04;4104;597;512781;162567;6.0;1.9
FR;49;2021-04-05;4184;443;516965;163010;6.0;1.9
FR;49;2021-04-06;13070;3545;530035;166555;6.2;1.9
FR;49;2021-04-07;17454;3998;547489;170553;6.4;2.0
FR;49;2021-04-08;21990;5041;569479;175594;6.6;2.0
FR;49;2021-04-09;23092;5173;592571;180767;6.9;2.1
FR;49;2021-04-10;12328;3237;604899;184004;7.0;2.1
FR;49;2021-04-11;4435;1575;609334;185579;7.1;2.2
FR;49;2021-04-12;13964;3601;623298;189180;7.3;2.2
FR;49;2021-04-13;18373;5410;641671;194590;7.5;2.3
FR;49;2021-04-14;19052;5933;660723;200523;7.7;2.3
FR;49;2021-04-15;19792;6964;680515;207487;7.9;2.4
FR;49;2021-04-16;17055;7414;697570;214901;8.1;2.5
FR;49;2021-04-17;9735;4637;707305;219538;8.2;2.6
FR;49;2021-04-18;3321;2260;710626;221798;8.3;2.6
FR;49;2021-04-19;11773;6297;722399;228095;8.4;2.7
FR;49;2021-04-20;13849;9168;736248;237263;8.6;2.8
FR;49;2021-04-21;15445;10480;751693;247743;8.7;2.9
FR;49;2021-04-22;17177;13598;768870;261341;8.9;3.0
FR;49;2021-04-23;17529;14277;786399;275618;9.2;3.2
FR;49;2021-04-24;12458;7733;798857;283351;9.3;3.3
FR;49;2021-04-25;5259;3094;804116;286445;9.4;3.3
FR;49;2021-04-26;13117;10352;817233;296797;9.5;3.5
FR;49;2021-04-27;18147;13137;835380;309934;9.7;3.6
FR;49;2021-04-28;21855;14277;857235;324211;10.0;3.8
FR;49;2021-04-29;26185;16977;883420;341188;10.3;4.0
FR;49;2021-04-30;30382;17550;913802;358738;10.6;4.2
FR;49;2021-05-01;23000;5437;936802;364175;10.9;4.2
FR;49;2021-05-02;16309;3744;953111;367919;11.1;4.3
FR;49;2021-05-03;38171;12577;991282;380496;11.5;4.4
FR;49;2021-05-04;45109;19299;1036391;399795;12.1;4.7
FR;49;2021-05-05;53819;20470;1090210;420265;12.7;4.9
FR;59;2020-12-27;2;0;2;0;0.0;0.0
FR;59;2020-12-28;5;0;7;0;0.0;0.0
FR;59;2020-12-29;2;0;9;0;0.0;0.0
FR;59;2020-12-30;5;0;14;0;0.0;0.0
FR;59;2020-12-31;9;0;23;0;0.0;0.0
FR;59;2021-01-01;18;0;41;0;0.0;0.0
FR;59;2021-01-02;25;0;66;0;0.0;0.0
FR;59;2021-01-03;36;0;102;0;0.0;0.0
FR;59;2021-01-04;589;0;691;0;0.0;0.0
FR;59;2021-01-05;2156;0;2847;0;0.0;0.0
FR;59;2021-01-06;4788;4;7635;4;0.1;0.0
FR;59;2021-01-07;10477;8;18112;12;0.2;0.0
FR;59;2021-01-08;14244;2;32356;14;0.4;0.0
FR;59;2021-01-09;4045;2;36401;16;0.4;0.0
FR;59;2021-01-10;1983;0;38384;16;0.4;0.0
FR;59;2021-01-11;15875;5;54259;21;0.6;0.0
FR;59;2021-01-12;21006;11;75265;32;0.9;0.0
FR;59;2021-01-13;22615;15;97880;47;1.1;0.0
FR;59;2021-01-14;24679;14;122559;61;1.4;0.0
FR;59;2021-01-15;21487;12;144046;73;1.6;0.0
FR;59;2021-01-16;5366;274;149412;347;1.7;0.0
FR;59;2021-01-17;1800;6;151212;353;1.7;0.0
FR;59;2021-01-18;13540;46;164752;399;1.9;0.0
FR;59;2021-01-19;17822;37;182574;436;2.1;0.0
FR;59;2021-01-20;16964;40;199538;476;2.3;0.0
FR;59;2021-01-21;18579;32;218117;508;2.5;0.0
FR;59;2021-01-22;13793;65;231910;573;2.6;0.0
FR;59;2021-01-23;2944;28;234854;601;2.7;0.0
FR;59;2021-01-24;821;35;235675;636;2.7;0.0
FR;59;2021-01-25;6670;695;242345;1331;2.8;0.0
FR;59;2021-01-26;8372;1598;250717;2929;2.9;0.0
FR;59;2021-01-27;8774;2687;259491;5616;3.0;0.1
FR;59;2021-01-28;10400;5779;269891;11395;3.1;0.1
FR;59;2021-01-29;7796;7400;277687;18795;3.2;0.2
FR;59;2021-01-30;1754;1673;279441;20468;3.2;0.2
FR;59;2021-01-31;370;610;279811;21078;3.2;0.2
FR;59;2021-02-01;3139;9924;282950;31002;3.2;0.4
FR;59;2021-02-02;4649;13816;287599;44818;3.3;0.5
FR;59;2021-02-03;4795;14750;292394;59568;3.3;0.7
FR;59;2021-02-04;5835;17769;298229;77337;3.4;0.9
FR;59;2021-02-05;4724;16270;302953;93607;3.4;1.1
FR;59;2021-02-06;1140;3333;304093;96940;3.5;1.1
FR;59;2021-02-07;384;1265;304477;98205;3.5;1.1
FR;59;2021-02-08;2742;13214;307219;111419;3.5;1.3
FR;59;2021-02-09;4887;17712;312106;129131;3.5;1.5
FR;59;2021-02-10;5656;18012;317762;147143;3.6;1.7
FR;59;2021-02-11;7595;21011;325357;168154;3.7;1.9
FR;59;2021-02-12;6692;16299;332049;184453;3.8;2.1
FR;59;2021-02-13;1674;3314;333723;187767;3.8;2.1
FR;59;2021-02-14;358;1001;334081;188768;3.8;2.1
FR;59;2021-02-15;3246;10118;337327;198886;3.8;2.3
FR;59;2021-02-16;4703;12262;342030;211148;3.9;2.4
FR;59;2021-02-17;4918;12627;346948;223775;3.9;2.5
FR;59;2021-02-18;6961;14186;353909;237961;4.0;2.7
FR;59;2021-02-19;6410;10827;360319;248788;4.1;2.8
FR;59;2021-02-20;1394;2005;361713;250793;4.1;2.9
FR;59;2021-02-21;280;479;361993;251272;4.1;2.9
FR;59;2021-02-22;3225;5720;365218;256992;4.2;2.9
FR;59;2021-02-23;4763;6790;369981;263782;4.2;3.0
FR;59;2021-02-24;6783;6277;376764;270059;4.3;3.1
FR;59;2021-02-25;20980;7341;397744;277400;4.5;3.2
FR;59;2021-02-26;28013;5688;425757;283088;4.8;3.2
FR;59;2021-02-27;16935;1364;442692;284452;5.0;3.2
FR;59;2021-02-28;1099;299;443791;284751;5.0;3.2
FR;59;2021-03-01;8671;3083;452462;287834;5.1;3.3
FR;59;2021-03-02;16952;4480;469414;292314;5.3;3.3
FR;59;2021-03-03;20368;4437;489782;296751;5.6;3.4
FR;59;2021-03-04;31733;5778;521515;302529;5.9;3.4
FR;59;2021-03-05;40362;4541;561877;307070;6.4;3.5
FR;59;2021-03-06;35342;1023;597219;308093;6.8;3.5
FR;59;2021-03-07;13880;192;611099;308285;7.0;3.5
FR;59;2021-03-08;12108;2256;623207;310541;7.1;3.5
FR;59;2021-03-09;22567;3305;645774;313846;7.3;3.6
FR;59;2021-03-10;22871;3632;668645;317478;7.6;3.6
FR;59;2021-03-11;33867;4713;702512;322191;8.0;3.7
FR;59;2021-03-12;44954;3798;747466;325989;8.5;3.7
FR;59;2021-03-13;35778;961;783244;326950;8.9;3.7
FR;59;2021-03-14;7141;219;790385;327169;9.0;3.7
FR;59;2021-03-15;14320;1808;804705;328977;9.2;3.7
FR;59;2021-03-16;7842;2534;812547;331511;9.2;3.8
FR;59;2021-03-17;8676;2648;821223;334159;9.3;3.8
FR;59;2021-03-18;10344;3370;831567;337529;9.5;3.8
FR;59;2021-03-19;23268;2887;854835;340416;9.7;3.9
FR;59;2021-03-20;20956;875;875791;341291;10.0;3.9
FR;59;2021-03-21;6254;224;882045;341515;10.0;3.9
FR;59;2021-03-22;15340;2117;897385;343632;10.2;3.9
FR;59;2021-03-23;25200;3003;922585;346635;10.5;3.9
FR;59;2021-03-24;27802;3070;950387;349705;10.8;4.0
FR;59;2021-03-25;37612;3505;987999;353210;11.2;4.0
FR;59;2021-03-26;42498;3403;1030497;356613;11.7;4.1
FR;59;2021-03-27;26693;1489;1057190;358102;12.0;4.1
FR;59;2021-03-28;7502;403;1064692;358505;12.1;4.1
FR;59;2021-03-29;21517;2873;1086209;361378;12.4;4.1
FR;59;2021-03-30;31904;3980;1118113;365358;12.7;4.2
FR;59;2021-03-31;31134;4334;1149247;369692;13.1;4.2
FR;59;2021-04-01;37907;5655;1187154;375347;13.5;4.3
FR;59;2021-04-02;36587;5496;1223741;380843;13.9;4.3
FR;59;2021-04-03;21211;3344;1244952;384187;14.2;4.4
FR;59;2021-04-04;7317;1184;1252269;385371;14.2;4.4
FR;59;2021-04-05;8231;737;1260500;386108;14.3;4.4
FR;59;2021-04-06;25458;5970;1285958;392078;14.6;4.5
FR;59;2021-04-07;33563;6757;1319521;398835;15.0;4.5
FR;59;2021-04-08;44389;8139;1363910;406974;15.5;4.6
FR;59;2021-04-09;60047;8623;1423957;415597;16.2;4.7
FR;59;2021-04-10;36188;6807;1460145;422404;16.6;4.8
FR;59;2021-04-11;9691;3377;1469836;425781;16.7;4.8
FR;59;2021-04-12;34911;6971;1504747;432752;17.1;4.9
FR;59;2021-04-13;49306;9334;1554053;442086;17.7;5.0
FR;59;2021-04-14;49602;10018;1603655;452104;18.2;5.1
FR;59;2021-04-15;58657;11243;1662312;463347;18.9;5.3
FR;59;2021-04-16;62461;12081;1724773;475428;19.6;5.4
FR;59;2021-04-17;41139;9468;1765912;484896;20.1;5.5
FR;59;2021-04-18;12217;4575;1778129;489471;20.2;5.6
FR;59;2021-04-19;32840;10944;1810969;500415;20.6;5.7
FR;59;2021-04-20;43932;14732;1854901;515147;21.1;5.9
FR;59;2021-04-21;46100;16475;1901001;531622;21.6;6.0
FR;59;2021-04-22;54989;19662;1955990;551284;22.2;6.3
FR;59;2021-04-23;63695;20551;2019685;571835;23.0;6.5
FR;59;2021-04-24;47180;15307;2066865;587142;23.5;6.7
FR;59;2021-04-25;16377;5336;2083242;592478;23.7;6.7
FR;59;2021-04-26;40461;17628;2123703;610106;24.2;6.9
FR;59;2021-04-27;55842;22931;2179545;633037;24.8;7.2
FR;59;2021-04-28;63306;25381;2242851;658418;25.5;7.5
FR;59;2021-04-29;76370;30952;2319221;689370;26.4;7.8
FR;59;2021-04-30;90857;35753;2410078;725123;27.4;8.2
FR;59;2021-05-01;42115;10590;2452193;735713;27.9;8.4
FR;59;2021-05-02;23220;7041;2475413;742754;28.2;8.4
FR;59;2021-05-03;61252;22804;2536665;765558;28.8;8.7
FR;59;2021-05-04;69455;33043;2606120;798601;29.6;9.1
FR;59;2021-05-05;75493;35931;2681613;834532;30.5;9.5
FR;64;2020-12-27;1;0;1;0;0.0;0.0
FR;64;2020-12-28;0;0;1;0;0.0;0.0
FR;64;2020-12-29;2;0;3;0;0.0;0.0
FR;64;2020-12-30;5;0;8;0;0.0;0.0
FR;64;2020-12-31;5;0;13;0;0.0;0.0
FR;64;2021-01-01;8;0;21;0;0.0;0.0
FR;64;2021-01-02;11;0;32;0;0.0;0.0
FR;64;2021-01-03;17;0;49;0;0.0;0.0
FR;64;2021-01-04;209;1;258;1;0.0;0.0
FR;64;2021-01-05;889;1;1147;2;0.0;0.0
FR;64;2021-01-06;1683;0;2830;2;0.1;0.0
FR;64;2021-01-07;3646;0;6476;2;0.2;0.0
FR;64;2021-01-08;4840;4;11316;6;0.3;0.0
FR;64;2021-01-09;1946;0;13262;6;0.3;0.0
FR;64;2021-01-10;1022;0;14284;6;0.3;0.0
FR;64;2021-01-11;5244;0;19528;6;0.5;0.0
FR;64;2021-01-12;7086;2;26614;8;0.6;0.0
FR;64;2021-01-13;7410;4;34024;12;0.8;0.0
FR;64;2021-01-14;8532;7;42556;19;1.0;0.0
FR;64;2021-01-15;7062;3;49618;22;1.2;0.0
FR;64;2021-01-16;2197;102;51815;124;1.3;0.0
FR;64;2021-01-17;842;4;52657;128;1.3;0.0
FR;64;2021-01-18;4671;11;57328;139;1.4;0.0
FR;64;2021-01-19;6371;9;63699;148;1.6;0.0
FR;64;2021-01-20;6195;15;69894;163;1.7;0.0
FR;64;2021-01-21;6860;14;76754;177;1.9;0.0
FR;64;2021-01-22;5381;26;82135;203;2.0;0.0
FR;64;2021-01-23;1410;15;83545;218;2.0;0.0
FR;64;2021-01-24;430;23;83975;241;2.0;0.0
FR;64;2021-01-25;2760;222;86735;463;2.1;0.0
FR;64;2021-01-26;3505;581;90240;1044;2.2;0.0
FR;64;2021-01-27;3747;992;93987;2036;2.3;0.0
FR;64;2021-01-28;4544;2049;98531;4085;2.4;0.1
FR;64;2021-01-29;3511;2559;102042;6644;2.5;0.2
FR;64;2021-01-30;837;782;102879;7426;2.5;0.2
FR;64;2021-01-31;172;341;103051;7767;2.5;0.2
FR;64;2021-02-01;1508;3252;104559;11019;2.5;0.3
FR;64;2021-02-02;2136;4616;106695;15635;2.6;0.4
FR;64;2021-02-03;2298;4751;108993;20386;2.7;0.5
FR;64;2021-02-04;2778;6146;111771;26532;2.7;0.6
FR;64;2021-02-05;2166;5503;113937;32035;2.8;0.8
FR;64;2021-02-06;652;1546;114589;33581;2.8;0.8
FR;64;2021-02-07;163;678;114752;34259;2.8;0.8
FR;64;2021-02-08;1479;4619;116231;38878;2.8;0.9
FR;64;2021-02-09;2335;6374;118566;45252;2.9;1.1
FR;64;2021-02-10;2559;6475;121125;51727;3.0;1.3
FR;64;2021-02-11;3444;7345;124569;59072;3.0;1.4
FR;64;2021-02-12;3088;5576;127657;64648;3.1;1.6
FR;64;2021-02-13;828;1397;128485;66045;3.1;1.6
FR;64;2021-02-14;192;523;128677;66568;3.1;1.6
FR;64;2021-02-15;1581;3671;130258;70239;3.2;1.7
FR;64;2021-02-16;2074;4541;132332;74780;3.2;1.8
FR;64;2021-02-17;2203;4844;134535;79624;3.3;1.9
FR;64;2021-02-18;3198;5535;137733;85159;3.4;2.1
FR;64;2021-02-19;2969;4204;140702;89363;3.4;2.2
FR;64;2021-02-20;798;982;141500;90345;3.4;2.2
FR;64;2021-02-21;133;222;141633;90567;3.5;2.2
FR;64;2021-02-22;1476;2420;143109;92987;3.5;2.3
FR;64;2021-02-23;2377;2799;145486;95786;3.5;2.3
FR;64;2021-02-24;3839;2864;149325;98650;3.6;2.4
FR;64;2021-02-25;15885;3302;165210;101952;4.0;2.5
FR;64;2021-02-26;21631;2520;186841;104472;4.6;2.5
FR;64;2021-02-27;12940;704;199781;105176;4.9;2.6
FR;64;2021-02-28;789;141;200570;105317;4.9;2.6
FR;64;2021-03-01;6472;1629;207042;106946;5.0;2.6
FR;64;2021-03-02;13038;2279;220080;109225;5.4;2.7
FR;64;2021-03-03;15762;2189;235842;111414;5.7;2.7
FR;64;2021-03-04;24809;2986;260651;114400;6.4;2.8
FR;64;2021-03-05;30185;2320;290836;116720;7.1;2.8
FR;64;2021-03-06;26357;572;317193;117292;7.7;2.9
FR;64;2021-03-07;9764;129;326957;117421;8.0;2.9
FR;64;2021-03-08;8685;1491;335642;118912;8.2;2.9
FR;64;2021-03-09;16659;1720;352301;120632;8.6;2.9
FR;64;2021-03-10;16885;1955;369186;122587;9.0;3.0
FR;64;2021-03-11;25684;2662;394870;125249;9.6;3.1
FR;64;2021-03-12;33200;2141;428070;127390;10.4;3.1
FR;64;2021-03-13;27072;575;455142;127965;11.1;3.1
FR;64;2021-03-14;5407;116;460549;128081;11.2;3.1
FR;64;2021-03-15;10913;1140;471462;129221;11.5;3.2
FR;64;2021-03-16;5967;1583;477429;130804;11.6;3.2
FR;64;2021-03-17;6077;1507;483506;132311;11.8;3.2
FR;64;2021-03-18;7613;1878;491119;134189;12.0;3.3
FR;64;2021-03-19;18786;1717;509905;135906;12.4;3.3
FR;64;2021-03-20;18443;598;528348;136504;12.9;3.3
FR;64;2021-03-21;4715;127;533063;136631;13.0;3.3
FR;64;2021-03-22;13433;1343;546496;137974;13.3;3.4
FR;64;2021-03-23;23373;1790;569869;139764;13.9;3.4
FR;64;2021-03-24;24971;1906;594840;141670;14.5;3.5
FR;64;2021-03-25;36373;2199;631213;143869;15.4;3.5
FR;64;2021-03-26;39928;2074;671141;145943;16.4;3.6
FR;64;2021-03-27;21157;917;692298;146860;16.9;3.6
FR;64;2021-03-28;5062;254;697360;147114;17.0;3.6
FR;64;2021-03-29;17460;1909;714820;149023;17.4;3.6
FR;64;2021-03-30;27188;2674;742008;151697;18.1;3.7
FR;64;2021-03-31;23967;2819;765975;154516;18.7;3.8
FR;64;2021-04-01;30278;3823;796253;158339;19.4;3.9
FR;64;2021-04-02;29035;3563;825288;161902;20.1;3.9
FR;64;2021-04-03;15918;2328;841206;164230;20.5;4.0
FR;64;2021-04-04;4021;804;845227;165034;20.6;4.0
FR;64;2021-04-05;5096;587;850323;165621;20.7;4.0
FR;64;2021-04-06;19018;4389;869341;170010;21.2;4.1
FR;64;2021-04-07;23397;4614;892738;174624;21.8;4.3
FR;64;2021-04-08;34231;5551;926969;180175;22.6;4.4
FR;64;2021-04-09;53022;5845;979991;186020;23.9;4.5
FR;64;2021-04-10;29661;4871;1009652;190891;24.6;4.7
FR;64;2021-04-11;6246;2520;1015898;193411;24.8;4.7
FR;64;2021-04-12;27785;4964;1043683;198375;25.4;4.8
FR;64;2021-04-13;42196;6956;1085879;205331;26.5;5.0
FR;64;2021-04-14;40433;7020;1126312;212351;27.5;5.2
FR;64;2021-04-15;51432;8141;1177744;220492;28.7;5.4
FR;64;2021-04-16;63711;8761;1241455;229253;30.3;5.6
FR;64;2021-04-17;38228;6913;1279683;236166;31.2;5.8
FR;64;2021-04-18;10862;3291;1290545;239457;31.5;5.8
FR;64;2021-04-19;41625;8415;1332170;247872;32.5;6.0
FR;64;2021-04-20;52187;10403;1384357;258275;33.7;6.3
FR;64;2021-04-21;51928;10793;1436285;269068;35.0;6.6
FR;64;2021-04-22;56890;12697;1493175;281765;36.4;6.9
FR;64;2021-04-23;60237;12487;1553412;294252;37.9;7.2
FR;64;2021-04-24;43120;8932;1596532;303184;38.9;7.4
FR;64;2021-04-25;16060;3250;1612592;306434;39.3;7.5
FR;64;2021-04-26;49061;11476;1661653;317910;40.5;7.7
FR;64;2021-04-27;62504;15184;1724157;333094;42.0;8.1
FR;64;2021-04-28;63405;15690;1787562;348784;43.6;8.5
FR;64;2021-04-29;72817;20075;1860379;368859;45.4;9.0
FR;64;2021-04-30;74484;21535;1934863;390394;47.2;9.5
FR;64;2021-05-01;28963;6501;1963826;396895;47.9;9.7
FR;64;2021-05-02;14351;3840;1978177;400735;48.2;9.8
FR;64;2021-05-03;51624;14183;2029801;414918;49.5;10.1
FR;64;2021-05-04;52397;21034;2082198;435952;50.8;10.6
FR;64;2021-05-05;48494;22086;2130692;458038;51.9;11.2
FR;69;2020-12-27;2;0;2;0;0.0;0.0
FR;69;2020-12-28;1;0;3;0;0.0;0.0
FR;69;2020-12-29;3;0;6;0;0.0;0.0
FR;69;2020-12-30;7;0;13;0;0.0;0.0
FR;69;2020-12-31;5;0;18;0;0.0;0.0
FR;69;2021-01-01;6;0;24;0;0.0;0.0
FR;69;2021-01-02;10;0;34;0;0.0;0.0
FR;69;2021-01-03;8;0;42;0;0.0;0.0
FR;69;2021-01-04;114;0;156;0;0.0;0.0
FR;69;2021-01-05;410;0;566;0;0.0;0.0
FR;69;2021-01-06;805;0;1371;0;0.0;0.0
FR;69;2021-01-07;1885;1;3256;1;0.1;0.0
FR;69;2021-01-08;2445;0;5701;1;0.1;0.0
FR;69;2021-01-09;1117;1;6818;2;0.2;0.0
FR;69;2021-01-10;655;0;7473;2;0.2;0.0
FR;69;2021-01-11;2721;1;10194;3;0.3;0.0
FR;69;2021-01-12;3845;1;14039;4;0.4;0.0
FR;69;2021-01-13;3773;2;17812;6;0.5;0.0
FR;69;2021-01-14;4551;5;22363;11;0.6;0.0
FR;69;2021-01-15;3826;1;26189;12;0.7;0.0
FR;69;2021-01-16;1341;61;27530;73;0.7;0.0
FR;69;2021-01-17;633;4;28163;77;0.7;0.0
FR;69;2021-01-18;3247;14;31410;91;0.8;0.0
FR;69;2021-01-19;4771;16;36181;107;0.9;0.0
FR;69;2021-01-20;4750;10;40931;117;1.0;0.0
FR;69;2021-01-21;5500;12;46431;129;1.2;0.0
FR;69;2021-01-22;4359;12;50790;141;1.3;0.0
FR;69;2021-01-23;1357;10;52147;151;1.3;0.0
FR;69;2021-01-24;445;14;52592;165;1.3;0.0
FR;69;2021-01-25;2713;99;55305;264;1.4;0.0
FR;69;2021-01-26;3333;240;58638;504;1.5;0.0
FR;69;2021-01-27;3659;480;62297;984;1.6;0.0
FR;69;2021-01-28;4306;1080;66603;2064;1.7;0.1
FR;69;2021-01-29;3469;1335;70072;3399;1.8;0.1
FR;69;2021-01-30;937;448;71009;3847;1.8;0.1
FR;69;2021-01-31;180;205;71189;4052;1.8;0.1
FR;69;2021-02-01;1803;1715;72992;5767;1.9;0.1
FR;69;2021-02-02;2396;2524;75388;8291;1.9;0.2
FR;69;2021-02-03;2414;2585;77802;10876;2.0;0.3
FR;69;2021-02-04;2937;3392;80739;14268;2.1;0.4
FR;69;2021-02-05;2488;2927;83227;17195;2.1;0.4
FR;69;2021-02-06;718;991;83945;18186;2.2;0.5
FR;69;2021-02-07;162;592;84107;18778;2.2;0.5
FR;69;2021-02-08;1602;2687;85709;21465;2.2;0.6
FR;69;2021-02-09;2393;3956;88102;25421;2.3;0.7
FR;69;2021-02-10;2559;3948;90661;29369;2.3;0.8
FR;69;2021-02-11;3492;4743;94153;34112;2.4;0.9
FR;69;2021-02-12;3130;3584;97283;37696;2.5;1.0
FR;69;2021-02-13;858;961;98141;38657;2.5;1.0
FR;69;2021-02-14;212;459;98353;39116;2.5;1.0
FR;69;2021-02-15;1320;2693;99673;41809;2.6;1.1
FR;69;2021-02-16;1850;3563;101523;45372;2.6;1.2
FR;69;2021-02-17;2008;3896;103531;49268;2.7;1.3
FR;69;2021-02-18;2981;4634;106512;53902;2.7;1.4
FR;69;2021-02-19;2845;3568;109357;57470;2.8;1.5
FR;69;2021-02-20;752;943;110109;58413;2.8;1.5
FR;69;2021-02-21;149;201;110258;58614;2.8;1.5
FR;69;2021-02-22;1600;2453;111858;61067;2.9;1.6
FR;69;2021-02-23;2260;2759;114118;63826;2.9;1.6
FR;69;2021-02-24;2645;2925;116763;66751;3.0;1.7
FR;69;2021-02-25;3852;3206;120615;69957;3.1;1.8
FR;69;2021-02-26;4239;2532;124854;72489;3.2;1.9
FR;69;2021-02-27;1785;716;126639;73205;3.2;1.9
FR;69;2021-02-28;309;128;126948;73333;3.3;1.9
FR;69;2021-03-01;2780;1925;129728;75258;3.3;1.9
FR;69;2021-03-02;4688;2536;134416;77794;3.4;2.0
FR;69;2021-03-03;6602;2428;141018;80222;3.6;2.1
FR;69;2021-03-04;11581;3253;152599;83475;3.9;2.1
FR;69;2021-03-05;17277;2559;169876;86034;4.4;2.2
FR;69;2021-03-06;22833;621;192709;86655;4.9;2.2
FR;69;2021-03-07;14659;134;207368;86789;5.3;2.2
FR;69;2021-03-08;9663;1813;217031;88602;5.6;2.3
FR;69;2021-03-09;17332;2246;234363;90848;6.0;2.3
FR;69;2021-03-10;18653;2417;253016;93265;6.5;2.4
FR;69;2021-03-11;28943;3201;281959;96466;7.2;2.5
FR;69;2021-03-12;39588;2749;321547;99215;8.2;2.5
FR;69;2021-03-13;35677;808;357224;100023;9.2;2.6
FR;69;2021-03-14;8159;164;365383;100187;9.4;2.6
FR;69;2021-03-15;16542;1530;381925;101717;9.8;2.6
FR;69;2021-03-16;10696;2015;392621;103732;10.1;2.7
FR;69;2021-03-17;11682;2010;404303;105742;10.4;2.7
FR;69;2021-03-18;13082;2478;417385;108220;10.7;2.8
FR;69;2021-03-19;28651;2275;446036;110495;11.4;2.8
FR;69;2021-03-20;26815;756;472851;111251;12.1;2.9
FR;69;2021-03-21;7106;148;479957;111399;12.3;2.9
FR;69;2021-03-22;21098;1994;501055;113393;12.8;2.9
FR;69;2021-03-23;36031;2568;537086;115961;13.8;3.0
FR;69;2021-03-24;37318;2662;574404;118623;14.7;3.0
FR;69;2021-03-25;54734;2989;629138;121612;16.1;3.1
FR;69;2021-03-26;58899;2748;688037;124360;17.6;3.2
FR;69;2021-03-27;29996;1249;718033;125609;18.4;3.2
FR;69;2021-03-28;7591;411;725624;126020;18.6;3.2
FR;69;2021-03-29;27604;3169;753228;129189;19.3;3.3
FR;69;2021-03-30;42120;4296;795348;133485;20.4;3.4
FR;69;2021-03-31;35238;4390;830586;137875;21.3;3.5
FR;69;2021-04-01;43009;5963;873595;143838;22.4;3.7
FR;69;2021-04-02;41180;5879;914775;149717;23.4;3.8
FR;69;2021-04-03;21620;3973;936395;153690;24.0;3.9
FR;69;2021-04-04;5791;1360;942186;155050;24.1;4.0
FR;69;2021-04-05;7595;880;949781;155930;24.3;4.0
FR;69;2021-04-06;27645;7455;977426;163385;25.1;4.2
FR;69;2021-04-07;32254;7563;1009680;170948;25.9;4.4
FR;69;2021-04-08;48205;8876;1057885;179824;27.1;4.6
FR;69;2021-04-09;70018;9531;1127903;189355;28.9;4.9
FR;69;2021-04-10;36480;7744;1164383;197099;29.8;5.1
FR;69;2021-04-11;7964;4142;1172347;201241;30.0;5.2
FR;69;2021-04-12;38297;8605;1210644;209846;31.0;5.4
FR;69;2021-04-13;53188;11790;1263832;221636;32.4;5.7
FR;69;2021-04-14;48954;11397;1312786;233033;33.6;6.0
FR;69;2021-04-15;61322;13636;1374108;246669;35.2;6.3
FR;69;2021-04-16;71998;14230;1446106;260899;37.1;6.7
FR;69;2021-04-17;39372;10531;1485478;271430;38.1;7.0
FR;69;2021-04-18;9944;4994;1495422;276424;38.3;7.1
FR;69;2021-04-19;45597;13577;1541019;290001;39.5;7.4
FR;69;2021-04-20;56702;16978;1597721;306979;40.9;7.9
FR;69;2021-04-21;52995;16383;1650716;323362;42.3;8.3
FR;69;2021-04-22;59798;18720;1710514;342082;43.8;8.8
FR;69;2021-04-23;58857;18555;1769371;360637;45.3;9.2
FR;69;2021-04-24;37100;12961;1806471;373598;46.3;9.6
FR;69;2021-04-25;13112;4940;1819583;378538;46.6;9.7
FR;69;2021-04-26;48714;18398;1868297;396936;47.9;10.2
FR;69;2021-04-27;61367;22670;1929664;419606;49.5;10.8
FR;69;2021-04-28;59299;21510;1988963;441116;51.0;11.3
FR;69;2021-04-29;69346;24229;2058309;465345;52.8;11.9
FR;69;2021-04-30;66343;23345;2124652;488690;54.5;12.5
FR;69;2021-05-01;23499;7433;2148151;496123;55.1;12.7
FR;69;2021-05-02;11113;5107;2159264;501230;55.3;12.8
FR;69;2021-05-03;46906;19620;2206170;520850;56.5;13.3
FR;69;2021-05-04;47313;26962;2253483;547812;57.8;14.0
FR;69;2021-05-05;41961;26496;2295444;574308;58.8;14.7
FR;74;2020-12-27;1;0;1;0;0.0;0.0
FR;74;2020-12-28;6;0;7;0;0.0;0.0
FR;74;2020-12-29;5;0;12;0;0.0;0.0
FR;74;2020-12-30;10;0;22;0;0.0;0.0
FR;74;2020-12-31;7;0;29;0;0.0;0.0
FR;74;2021-01-01;5;0;34;0;0.0;0.0
FR;74;2021-01-02;3;0;37;0;0.0;0.0
FR;74;2021-01-03;12;0;49;0;0.0;0.0
FR;74;2021-01-04;85;0;134;0;0.0;0.0
FR;74;2021-01-05;297;0;431;0;0.0;0.0
FR;74;2021-01-06;552;0;983;0;0.0;0.0
FR;74;2021-01-07;1462;0;2445;0;0.1;0.0
FR;74;2021-01-08;1782;2;4227;2;0.1;0.0
FR;74;2021-01-09;793;1;5020;3;0.1;0.0
FR;74;2021-01-10;533;0;5553;3;0.2;0.0
FR;74;2021-01-11;2109;0;7662;3;0.2;0.0
FR;74;2021-01-12;3124;0;10786;3;0.3;0.0
FR;74;2021-01-13;3186;0;13972;3;0.4;0.0
FR;74;2021-01-14;3933;4;17905;7;0.5;0.0
FR;74;2021-01-15;3526;0;21431;7;0.6;0.0
FR;74;2021-01-16;1332;49;22763;56;0.7;0.0
FR;74;2021-01-17;762;2;23525;58;0.7;0.0
FR;74;2021-01-18;4708;19;28233;77;0.8;0.0
FR;74;2021-01-19;6796;17;35029;94;1.0;0.0
FR;74;2021-01-20;7085;8;42114;102;1.2;0.0
FR;74;2021-01-21;8165;17;50279;119;1.4;0.0
FR;74;2021-01-22;6524;17;56803;136;1.6;0.0
FR;74;2021-01-23;2255;4;59058;140;1.7;0.0
FR;74;2021-01-24;605;19;59663;159;1.7;0.0
FR;74;2021-01-25;4526;69;64189;228;1.8;0.0
FR;74;2021-01-26;5602;203;69791;431;2.0;0.0
FR;74;2021-01-27;5965;335;75756;766;2.2;0.0
FR;74;2021-01-28;6941;957;82697;1723;2.4;0.0
FR;74;2021-01-29;5715;987;88412;2710;2.5;0.1
FR;74;2021-01-30;1770;297;90182;3007;2.6;0.1
FR;74;2021-01-31;294;168;90476;3175;2.6;0.1
FR;74;2021-02-01;3271;1262;93747;4437;2.7;0.1
FR;74;2021-02-02;4267;2166;98014;6603;2.8;0.2
FR;74;2021-02-03;4296;2163;102310;8766;2.9;0.3
FR;74;2021-02-04;5145;2954;107455;11720;3.1;0.3
FR;74;2021-02-05;4366;2549;111821;14269;3.2;0.4
FR;74;2021-02-06;1393;874;113214;15143;3.3;0.4
FR;74;2021-02-07;243;566;113457;15709;3.3;0.5
FR;74;2021-02-08;3068;2835;116525;18544;3.4;0.5
FR;74;2021-02-09;4096;4370;120621;22914;3.5;0.7
FR;74;2021-02-10;4398;4488;125019;27402;3.6;0.8
FR;74;2021-02-11;5596;5404;130615;32806;3.8;0.9
FR;74;2021-02-12;5237;4108;135852;36914;3.9;1.1
FR;74;2021-02-13;1645;1157;137497;38071;4.0;1.1
FR;74;2021-02-14;402;483;137899;38554;4.0;1.1
FR;74;2021-02-15;2389;4271;140288;42825;4.0;1.2
FR;74;2021-02-16;3265;5286;143553;48111;4.1;1.4
FR;74;2021-02-17;3391;5848;146944;53959;4.2;1.6
FR;74;2021-02-18;4908;7063;151852;61022;4.4;1.8
FR;74;2021-02-19;4864;5417;156716;66439;4.5;1.9
FR;74;2021-02-20;1546;1714;158262;68153;4.5;2.0
FR;74;2021-02-21;232;369;158494;68522;4.6;2.0
FR;74;2021-02-22;2855;4225;161349;72747;4.6;2.1
FR;74;2021-02-23;4127;4819;165476;77566;4.8;2.2
FR;74;2021-02-24;4512;4947;169988;82513;4.9;2.4
FR;74;2021-02-25;5504;5301;175492;87814;5.0;2.5
FR;74;2021-02-26;5459;4405;180951;92219;5.2;2.7
FR;74;2021-02-27;1993;1372;182944;93591;5.3;2.7
FR;74;2021-02-28;528;215;183472;93806;5.3;2.7
FR;74;2021-03-01;5045;3423;188517;97229;5.4;2.8
FR;74;2021-03-02;7420;4347;195937;101576;5.6;2.9
FR;74;2021-03-03;9621;4238;205558;105814;5.9;3.0
FR;74;2021-03-04;14879;5161;220437;110975;6.3;3.2
FR;74;2021-03-05;21492;4443;241929;115418;7.0;3.3
FR;74;2021-03-06;30841;1221;272770;116639;7.8;3.4
FR;74;2021-03-07;20767;207;293537;116846;8.4;3.4
FR;74;2021-03-08;14131;3407;307668;120253;8.8;3.5
FR;74;2021-03-09;23899;3991;331567;124244;9.5;3.6
FR;74;2021-03-10;26111;4297;357678;128541;10.3;3.7
FR;74;2021-03-11;38063;5279;395741;133820;11.4;3.8
FR;74;2021-03-12;50317;4534;446058;138354;12.8;4.0
FR;74;2021-03-13;47498;1441;493556;139795;14.2;4.0
FR;74;2021-03-14;11917;321;505473;140116;14.5;4.0
FR;74;2021-03-15;25355;2880;530828;142996;15.3;4.1
FR;74;2021-03-16;19999;3618;550827;146614;15.8;4.2
FR;74;2021-03-17;21728;3648;572555;150262;16.5;4.3
FR;74;2021-03-18;24352;4410;596907;154672;17.2;4.4
FR;74;2021-03-19;41203;3762;638110;158434;18.3;4.6
FR;74;2021-03-20;35279;1433;673389;159867;19.4;4.6
FR;74;2021-03-21;9467;240;682856;160107;19.6;4.6
FR;74;2021-03-22;31396;3685;714252;163792;20.5;4.7
FR;74;2021-03-23;49993;4664;764245;168456;22.0;4.8
FR;74;2021-03-24;51940;4973;816185;173429;23.5;5.0
FR;74;2021-03-25;74457;5387;890642;178816;25.6;5.1
FR;74;2021-03-26;80526;5008;971168;183824;27.9;5.3
FR;74;2021-03-27;50873;2307;1022041;186131;29.4;5.4
FR;74;2021-03-28;17774;870;1039815;187001;29.9;5.4
FR;74;2021-03-29;55967;6508;1095782;193509;31.5;5.6
FR;74;2021-03-30;76356;8653;1172138;202162;33.7;5.8
FR;74;2021-03-31;67722;9341;1239860;211503;35.6;6.1
FR;74;2021-04-01;78065;12322;1317925;223825;37.9;6.4
FR;74;2021-04-02;69795;12632;1387720;236457;39.9;6.8
FR;74;2021-04-03;37096;8533;1424816;244990;41.0;7.0
FR;74;2021-04-04;12486;2899;1437302;247889;41.3;7.1
FR;74;2021-04-05;19176;1673;1456478;249562;41.9;7.2
FR;74;2021-04-06;64071;15678;1520549;265240;43.7;7.6
FR;74;2021-04-07;72414;15550;1592963;280790;45.8;8.1
FR;74;2021-04-08;86929;19109;1679892;299899;48.3;8.6
FR;74;2021-04-09;96478;17492;1776370;317391;51.1;9.1
FR;74;2021-04-10;48389;14001;1824759;331392;52.5;9.5
FR;74;2021-04-11;12689;6660;1837448;338052;52.8;9.7
FR;74;2021-04-12;60457;17502;1897905;355554;54.6;10.2
FR;74;2021-04-13;68303;21239;1966208;376793;56.5;10.8
FR;74;2021-04-14;59629;21452;2025837;398245;58.2;11.4
FR;74;2021-04-15;61372;24011;2087209;422256;60.0;12.1
FR;74;2021-04-16;51781;24235;2138990;446491;61.5;12.8
FR;74;2021-04-17;25526;16611;2164516;463102;62.2;13.3
FR;74;2021-04-18;5692;6936;2170208;470038;62.4;13.5
FR;74;2021-04-19;31480;23947;2201688;493985;63.3;14.2
FR;74;2021-04-20;35977;29478;2237665;523463;64.3;15.0
FR;74;2021-04-21;33005;29828;2270670;553291;65.3;15.9
FR;74;2021-04-22;37777;35112;2308447;588403;66.4;16.9
FR;74;2021-04-23;34463;38715;2342910;627118;67.4;18.0
FR;74;2021-04-24;18501;30564;2361411;657682;67.9;18.9
FR;74;2021-04-25;6035;12535;2367446;670217;68.1;19.3
FR;74;2021-04-26;26173;47346;2393619;717563;68.8;20.6
FR;74;2021-04-27;32747;55374;2426366;772937;69.8;22.2
FR;74;2021-04-28;32246;52198;2458612;825135;70.7;23.7
FR;74;2021-04-29;38129;53377;2496741;878512;71.8;25.3
FR;74;2021-04-30;34642;48590;2531383;927102;72.8;26.7
FR;74;2021-05-01;10987;14989;2542370;942091;73.1;27.1
FR;74;2021-05-02;5126;11400;2547496;953491;73.2;27.4
FR;74;2021-05-03;23867;50197;2571363;1003688;73.9;28.9
FR;74;2021-05-04;24631;68555;2595994;1072243;74.6;30.8
FR;74;2021-05-05;22195;64057;2618189;1136300;75.3;32.7
FR;79;2020-12-27;1;0;1;0;0.0;0.0
FR;79;2020-12-28;6;0;7;0;0.0;0.0
FR;79;2020-12-29;15;0;22;0;0.0;0.0
FR;79;2020-12-30;11;0;33;0;0.0;0.0
FR;79;2020-12-31;6;0;39;0;0.0;0.0
FR;79;2021-01-01;4;0;43;0;0.0;0.0
FR;79;2021-01-02;3;0;46;0;0.0;0.0
FR;79;2021-01-03;2;0;48;0;0.0;0.0
FR;79;2021-01-04;49;0;97;0;0.0;0.0
FR;79;2021-01-05;171;0;268;0;0.0;0.0
FR;79;2021-01-06;339;0;607;0;0.0;0.0
FR;79;2021-01-07;903;0;1510;0;0.1;0.0
FR;79;2021-01-08;1069;0;2579;0;0.1;0.0
FR;79;2021-01-09;364;0;2943;0;0.1;0.0
FR;79;2021-01-10;191;0;3134;0;0.1;0.0
FR;79;2021-01-11;1144;0;4278;0;0.2;0.0
FR;79;2021-01-12;2192;0;6470;0;0.3;0.0
FR;79;2021-01-13;2743;0;9213;0;0.4;0.0
FR;79;2021-01-14;4429;2;13642;2;0.6;0.0
FR;79;2021-01-15;5244;0;18886;2;0.9;0.0
FR;79;2021-01-16;2818;60;21704;62;1.0;0.0
FR;79;2021-01-17;1305;3;23009;65;1.0;0.0
FR;79;2021-01-18;19625;40;42634;105;1.9;0.0
FR;79;2021-01-19;25998;45;68632;150;3.1;0.0
FR;79;2021-01-20;28013;30;96645;180;4.4;0.0
FR;79;2021-01-21;30034;33;126679;213;5.7;0.0
FR;79;2021-01-22;27866;32;154545;245;7.0;0.0
FR;79;2021-01-23;11658;10;166203;255;7.5;0.0
FR;79;2021-01-24;2172;7;168375;262;7.6;0.0
FR;79;2021-01-25;22540;57;190915;319;8.6;0.0
FR;79;2021-01-26;25708;158;216623;477;9.8;0.0
FR;79;2021-01-27;24994;233;241617;710;10.9;0.0
FR;79;2021-01-28;25173;715;266790;1425;12.0;0.1
FR;79;2021-01-29;22522;647;289312;2072;13.0;0.1
FR;79;2021-01-30;8782;152;298094;2224;13.4;0.1
FR;79;2021-01-31;1229;69;299323;2293;13.5;0.1
FR;79;2021-02-01;16131;791;315454;3084;14.2;0.1
FR;79;2021-02-02;19253;1581;334707;4665;15.1;0.2
FR;79;2021-02-03;18282;1896;352989;6561;15.9;0.3
FR;79;2021-02-04;19159;2995;372148;9556;16.8;0.4
FR;79;2021-02-05;18010;2880;390158;12436;17.6;0.6
FR;79;2021-02-06;6449;1087;396607;13523;17.9;0.6
FR;79;2021-02-07;871;502;397478;14025;17.9;0.6
FR;79;2021-02-08;13080;6179;410558;20204;18.5;0.9
FR;79;2021-02-09;15544;8307;426102;28511;19.2;1.3
FR;79;2021-02-10;15438;8734;441540;37245;19.9;1.7
FR;79;2021-02-11;16513;10343;458053;47588;20.7;2.1
FR;79;2021-02-12;15663;9700;473716;57288;21.4;2.6
FR;79;2021-02-13;5003;4254;478719;61542;21.6;2.8
FR;79;2021-02-14;901;1116;479620;62658;21.6;2.8
FR;79;2021-02-15;7126;20294;486746;82952;22.0;3.7
FR;79;2021-02-16;8336;23618;495082;106570;22.3;4.8
FR;79;2021-02-17;8246;24929;503328;131499;22.7;5.9
FR;79;2021-02-18;10269;25413;513597;156912;23.2;7.1
FR;79;2021-02-19;10306;21109;523903;178021;23.6;8.0
FR;79;2021-02-20;3766;8749;527669;186770;23.8;8.4
FR;79;2021-02-21;548;1496;528217;188266;23.8;8.5
FR;79;2021-02-22;6980;22243;535197;210509;24.1;9.5
FR;79;2021-02-23;9625;23863;544822;234372;24.6;10.6
FR;79;2021-02-24;10020;22605;554842;256977;25.0;11.6
FR;79;2021-02-25;11650;21906;566492;278883;25.5;12.6
FR;79;2021-02-26;12044;19072;578536;297955;26.1;13.4
FR;79;2021-02-27;4417;7006;582953;304961;26.3;13.8
FR;79;2021-02-28;873;977;583826;305938;26.3;13.8
FR;79;2021-03-01;12105;16906;595931;322844;26.9;14.6
FR;79;2021-03-02;16289;19384;612220;342228;27.6;15.4
FR;79;2021-03-03;17697;18197;629917;360425;28.4;16.3
FR;79;2021-03-04;20850;18275;650767;378700;29.3;17.1
FR;79;2021-03-05;22406;15986;673173;394686;30.4;17.8
FR;79;2021-03-06;28933;5211;702106;399897;31.7;18.0
FR;79;2021-03-07;21028;739;723134;400636;32.6;18.1
FR;79;2021-03-08;17339;14831;740473;415467;33.4;18.7
FR;79;2021-03-09;25681;16060;766154;431527;34.6;19.5
FR;79;2021-03-10;26817;15328;792971;446855;35.8;20.2
FR;79;2021-03-11;31734;14912;824705;461767;37.2;20.8
FR;79;2021-03-12;33278;12602;857983;474369;38.7;21.4
FR;79;2021-03-13;25224;4146;883207;478515;39.8;21.6
FR;79;2021-03-14;9456;667;892663;479182;40.3;21.6
FR;79;2021-03-15;28403;8230;921066;487412;41.5;22.0
FR;79;2021-03-16;32765;8950;953831;496362;43.0;22.4
FR;79;2021-03-17;33742;8739;987573;505101;44.5;22.8
FR;79;2021-03-18;36631;9314;1024204;514415;46.2;23.2
FR;79;2021-03-19;36649;8415;1060853;522830;47.8;23.6
FR;79;2021-03-20;20642;3038;1081495;525868;48.8;23.7
FR;79;2021-03-21;5871;465;1087366;526333;49.0;23.7
FR;79;2021-03-22;28532;8929;1115898;535262;50.3;24.1
FR;79;2021-03-23;36976;10617;1152874;545879;52.0;24.6
FR;79;2021-03-24;35467;11016;1188341;556895;53.6;25.1
FR;79;2021-03-25;41784;10933;1230125;567828;55.5;25.6
FR;79;2021-03-26;39289;10289;1269414;578117;57.3;26.1
FR;79;2021-03-27;17613;4472;1287027;582589;58.0;26.3
FR;79;2021-03-28;4790;1320;1291817;583909;58.3;26.3
FR;79;2021-03-29;22229;14445;1314046;598354;59.3;27.0
FR;79;2021-03-30;27940;18787;1341986;617141;60.5;27.8
FR;79;2021-03-31;24617;19841;1366603;636982;61.6;28.7
FR;79;2021-04-01;27072;24604;1393675;661586;62.9;29.8
FR;79;2021-04-02;22985;25383;1416660;686969;63.9;31.0
FR;79;2021-04-03;9993;17485;1426653;704454;64.3;31.8
FR;79;2021-04-04;2796;5077;1429449;709531;64.5;32.0
FR;79;2021-04-05;4178;2640;1433627;712171;64.7;32.1
FR;79;2021-04-06;18839;30177;1452466;742348;65.5;33.5
FR;79;2021-04-07;20947;29213;1473413;771561;66.5;34.8
FR;79;2021-04-08;24782;29275;1498195;800836;67.6;36.1
FR;79;2021-04-09;26611;27465;1524806;828301;68.8;37.4
FR;79;2021-04-10;13579;18710;1538385;847011;69.4;38.2
FR;79;2021-04-11;3481;6269;1541866;853280;69.5;38.5
FR;79;2021-04-12;16615;28859;1558481;882139;70.3;39.8
FR;79;2021-04-13;18940;34310;1577421;916449;71.1;41.3
FR;79;2021-04-14;17968;32699;1595389;949148;72.0;42.8
FR;79;2021-04-15;18884;33513;1614273;982661;72.8;44.3
FR;79;2021-04-16;16064;30696;1630337;1013357;73.5;45.7
FR;79;2021-04-17;8069;16260;1638406;1029617;73.9;46.4
FR;79;2021-04-18;1753;4785;1640159;1034402;74.0;46.7
FR;79;2021-04-19;9741;28700;1649900;1063102;74.4;47.9
FR;79;2021-04-20;11560;34045;1661460;1097147;74.9;49.5
FR;79;2021-04-21;11141;30823;1672601;1127970;75.4;50.9
FR;79;2021-04-22;12704;30840;1685305;1158810;76.0;52.3
FR;79;2021-04-23;11752;27393;1697057;1186203;76.5;53.5
FR;79;2021-04-24;6097;13497;1703154;1199700;76.8;54.1
FR;79;2021-04-25;1878;3339;1705032;1203039;76.9;54.3
FR;79;2021-04-26;8751;20638;1713783;1223677;77.3;55.2
FR;79;2021-04-27;10933;23348;1724716;1247025;77.8;56.2
FR;79;2021-04-28;11433;20476;1736149;1267501;78.3;57.2
FR;79;2021-04-29;13354;20270;1749503;1287771;78.9;58.1
FR;79;2021-04-30;12579;17262;1762082;1305033;79.5;58.9
FR;79;2021-05-01;3762;3829;1765844;1308862;79.6;59.0
FR;79;2021-05-02;1719;2597;1767563;1311459;79.7;59.1
FR;79;2021-05-03;8428;14226;1775991;1325685;80.1;59.8
FR;79;2021-05-04;8725;19741;1784716;1345426;80.5;60.7
FR;79;2021-05-05;8120;18571;1792836;1363997;80.9;61.5
FR;80;2020-12-27;10;0;10;0;0.0;0.0
FR;80;2020-12-28;41;0;51;0;0.0;0.0
FR;80;2020-12-29;78;0;129;0;0.0;0.0
FR;80;2020-12-30;69;0;198;0;0.0;0.0
FR;80;2020-12-31;49;0;247;0;0.0;0.0
FR;80;2021-01-01;8;0;255;0;0.0;0.0
FR;80;2021-01-02;8;0;263;0;0.0;0.0
FR;80;2021-01-03;2;0;265;0;0.0;0.0
FR;80;2021-01-04;297;0;562;0;0.0;0.0
FR;80;2021-01-05;909;0;1471;0;0.0;0.0
FR;80;2021-01-06;1672;0;3143;0;0.1;0.0
FR;80;2021-01-07;6290;1;9433;1;0.2;0.0
FR;80;2021-01-08;5700;0;15133;1;0.4;0.0
FR;80;2021-01-09;979;0;16112;1;0.4;0.0
FR;80;2021-01-10;307;0;16419;1;0.4;0.0
FR;80;2021-01-11;4428;0;20847;1;0.5;0.0
FR;80;2021-01-12;12613;2;33460;3;0.8;0.0
FR;80;2021-01-13;12415;7;45875;10;1.1;0.0
FR;80;2021-01-14;18191;17;64066;27;1.5;0.0
FR;80;2021-01-15;12089;0;76155;27;1.8;0.0
FR;80;2021-01-16;4030;165;80185;192;1.9;0.0
FR;80;2021-01-17;3742;18;83927;210;2.0;0.0
FR;80;2021-01-18;28712;67;112639;277;2.7;0.0
FR;80;2021-01-19;53665;128;166304;405;4.0;0.0
FR;80;2021-01-20;59348;102;225652;507;5.4;0.0
FR;80;2021-01-21;69874;79;295526;586;7.1;0.0
FR;80;2021-01-22;48228;87;343754;673;8.3;0.0
FR;80;2021-01-23;16212;12;359966;685;8.7;0.0
FR;80;2021-01-24;4310;3;364276;688;8.8;0.0
FR;80;2021-01-25;32387;230;396663;918;9.5;0.0
FR;80;2021-01-26;45062;798;441725;1716;10.6;0.0
FR;80;2021-01-27;50844;1363;492569;3079;11.8;0.1
FR;80;2021-01-28;59959;5172;552528;8251;13.3;0.2
FR;80;2021-01-29;39289;4055;591817;12306;14.2;0.3
FR;80;2021-01-30;13221;655;605038;12961;14.6;0.3
FR;80;2021-01-31;2333;243;607371;13204;14.6;0.3
FR;80;2021-02-01;22987;3218;630358;16422;15.2;0.4
FR;80;2021-02-02;33434;9866;663792;26288;16.0;0.6
FR;80;2021-02-03;34393;9642;698185;35930;16.8;0.9
FR;80;2021-02-04;38027;15822;736212;51752;17.7;1.2
FR;80;2021-02-05;29750;9881;765962;61633;18.4;1.5
FR;80;2021-02-06;9702;2044;775664;63677;18.7;1.5
FR;80;2021-02-07;1448;2111;777112;65788;18.7;1.6
FR;80;2021-02-08;19329;12400;796441;78188;19.2;1.9
FR;80;2021-02-09;25873;29924;822314;108112;19.8;2.6
FR;80;2021-02-10;26283;33049;848597;141161;20.4;3.4
FR;80;2021-02-11;30435;44790;879032;185951;21.1;4.5
FR;80;2021-02-12;26682;24015;905714;209966;21.8;5.0
FR;80;2021-02-13;7923;5992;913637;215958;22.0;5.2
FR;80;2021-02-14;1507;2529;915144;218487;22.0;5.3
FR;80;2021-02-15;11112;26958;926256;245445;22.3;5.9
FR;80;2021-02-16;15524;38507;941780;283952;22.7;6.8
FR;80;2021-02-17;15909;46662;957689;330614;23.0;8.0
FR;80;2021-02-18;21443;56619;979132;387233;23.5;9.3
FR;80;2021-02-19;19019;36666;998151;423899;24.0;10.2
FR;80;2021-02-20;6299;12060;1004450;435959;24.2;10.5
FR;80;2021-02-21;912;2364;1005362;438323;24.2;10.5
FR;80;2021-02-22;11161;29426;1016523;467749;24.4;11.2
FR;80;2021-02-23;17040;37071;1033563;504820;24.9;12.1
FR;80;2021-02-24;17958;37853;1051521;542673;25.3;13.1
FR;80;2021-02-25;22230;40855;1073751;583528;25.8;14.0
FR;80;2021-02-26;20488;29726;1094239;613254;26.3;14.7
FR;80;2021-02-27;7167;10204;1101406;623458;26.5;15.0
FR;80;2021-02-28;1259;1643;1102665;625101;26.5;15.0
FR;80;2021-03-01;18720;22911;1121385;648012;27.0;15.6
FR;80;2021-03-02;26819;29031;1148204;677043;27.6;16.3
FR;80;2021-03-03;28624;28766;1176828;705809;28.3;17.0
FR;80;2021-03-04;34774;31276;1211602;737085;29.1;17.7
FR;80;2021-03-05;35799;26523;1247401;763608;30.0;18.4
FR;80;2021-03-06;41236;7803;1288637;771411;31.0;18.6
FR;80;2021-03-07;29636;1077;1318273;772488;31.7;18.6
FR;80;2021-03-08;27124;21007;1345397;793495;32.4;19.1
FR;80;2021-03-09;40600;23799;1385997;817294;33.3;19.7
FR;80;2021-03-10;42998;24701;1428995;841995;34.4;20.3
FR;80;2021-03-11;51460;27019;1480455;869014;35.6;20.9
FR;80;2021-03-12;51923;22108;1532378;891122;36.9;21.4
FR;80;2021-03-13;37334;6630;1569712;897752;37.8;21.6
FR;80;2021-03-14;13873;1051;1583585;898803;38.1;21.6
FR;80;2021-03-15;43968;12698;1627553;911501;39.1;21.9
FR;80;2021-03-16;51736;15979;1679289;927480;40.4;22.3
FR;80;2021-03-17;54541;15108;1733830;942588;41.7;22.7
FR;80;2021-03-18;58380;18239;1792210;960827;43.1;23.1
FR;80;2021-03-19;57263;14709;1849473;975536;44.5;23.5
FR;80;2021-03-20;30935;4915;1880408;980451;45.2;23.6
FR;80;2021-03-21;8680;664;1889088;981115;45.4;23.6
FR;80;2021-03-22;42772;13535;1931860;994650;46.5;23.9
FR;80;2021-03-23;55449;17453;1987309;1012103;47.8;24.3
FR;80;2021-03-24;54309;18269;2041618;1030372;49.1;24.8
FR;80;2021-03-25;63760;19360;2105378;1049732;50.6;25.2
FR;80;2021-03-26;59988;17559;2165366;1067291;52.1;25.7
FR;80;2021-03-27;26535;7284;2191901;1074575;52.7;25.8
FR;80;2021-03-28;6921;1834;2198822;1076409;52.9;25.9
FR;80;2021-03-29;32785;22291;2231607;1098700;53.7;26.4
FR;80;2021-03-30;43057;30223;2274664;1128923;54.7;27.2
FR;80;2021-03-31;40378;32294;2315042;1161217;55.7;27.9
FR;80;2021-04-01;45885;40120;2360927;1201337;56.8;28.9
FR;80;2021-04-02;36946;41074;2397873;1242411;57.7;29.9
FR;80;2021-04-03;14479;26165;2412352;1268576;58.0;30.5
FR;80;2021-04-04;3861;7491;2416213;1276067;58.1;30.7
FR;80;2021-04-05;5601;3815;2421814;1279882;58.2;30.8
FR;80;2021-04-06;27398;46884;2449212;1326766;58.9;31.9
FR;80;2021-04-07;33236;47723;2482448;1374489;59.7;33.1
FR;80;2021-04-08;39631;48698;2522079;1423187;60.7;34.2
FR;80;2021-04-09;43058;45056;2565137;1468243;61.7;35.3
FR;80;2021-04-10;19716;28310;2584853;1496553;62.2;36.0
FR;80;2021-04-11;4806;8955;2589659;1505508;62.3;36.2
FR;80;2021-04-12;23277;44850;2612936;1550358;62.8;37.3
FR;80;2021-04-13;29886;53660;2642822;1604018;63.6;38.6
FR;80;2021-04-14;28666;51477;2671488;1655495;64.3;39.8
FR;80;2021-04-15;30838;53084;2702326;1708579;65.0;41.1
FR;80;2021-04-16;26071;48404;2728397;1756983;65.6;42.3
FR;80;2021-04-17;12238;24827;2740635;1781810;65.9;42.9
FR;80;2021-04-18;2507;7404;2743142;1789214;66.0;43.0
FR;80;2021-04-19;14094;42818;2757236;1832032;66.3;44.1
FR;80;2021-04-20;17723;52401;2774959;1884433;66.7;45.3
FR;80;2021-04-21;17710;49639;2792669;1934072;67.2;46.5
FR;80;2021-04-22;20358;50904;2813027;1984976;67.7;47.7
FR;80;2021-04-23;18824;44094;2831851;2029070;68.1;48.8
FR;80;2021-04-24;9310;20700;2841161;2049770;68.3;49.3
FR;80;2021-04-25;2638;4882;2843799;2054652;68.4;49.4
FR;80;2021-04-26;12103;30132;2855902;2084784;68.7;50.1
FR;80;2021-04-27;16499;35677;2872401;2120461;69.1;51.0
FR;80;2021-04-28;17656;33769;2890057;2154230;69.5;51.8
FR;80;2021-04-29;21096;35126;2911153;2189356;70.0;52.7
FR;80;2021-04-30;19962;28817;2931115;2218173;70.5;53.3
FR;80;2021-05-01;5732;5521;2936847;2223694;70.6;53.5
FR;80;2021-05-02;2577;3650;2939424;2227344;70.7;53.6
FR;80;2021-05-03;12222;19325;2951646;2246669;71.0;54.0
FR;80;2021-05-04;13439;29009;2965085;2275678;71.3;54.7
FR;80;2021-05-05;12718;28133;2977803;2303811;71.6;55.4
FR;0;2020-12-27;19;0;19;0;0.0;0.0
FR;0;2020-12-28;61;0;80;0;0.0;0.0
FR;0;2020-12-29;107;0;187;0;0.0;0.0
FR;0;2020-12-30;116;0;303;0;0.0;0.0
FR;0;2020-12-31;83;0;386;0;0.0;0.0
FR;0;2021-01-01;59;0;445;0;0.0;0.0
FR;0;2021-01-02;72;0;517;0;0.0;0.0
FR;0;2021-01-03;87;0;604;0;0.0;0.0
FR;0;2021-01-04;1465;1;2069;1;0.0;0.0
FR;0;2021-01-05;5363;1;7432;2;0.0;0.0
FR;0;2021-01-06;11258;5;18690;7;0.0;0.0
FR;0;2021-01-07;28476;16;47166;23;0.1;0.0
FR;0;2021-01-08;35928;13;83094;36;0.1;0.0
FR;0;2021-01-09;10871;4;93965;40;0.1;0.0
FR;0;2021-01-10;5600;0;99565;40;0.1;0.0
FR;0;2021-01-11;38752;13;138317;53;0.2;0.0
FR;0;2021-01-12;60390;27;198707;80;0.3;0.0
FR;0;2021-01-13;63414;36;262121;116;0.4;0.0
FR;0;2021-01-14;79545;65;341666;181;0.5;0.0
FR;0;2021-01-15;67049;23;408715;204;0.6;0.0
FR;0;2021-01-16;19585;853;428300;1057;0.6;0.0
FR;0;2021-01-17;10448;42;438748;1099;0.7;0.0
FR;0;2021-01-18;84162;223;522910;1322;0.8;0.0
FR;0;2021-01-19;127921;277;650831;1599;1.0;0.0
FR;0;2021-01-20;134666;225;785497;1824;1.2;0.0
FR;0;2021-01-21;154664;225;940161;2049;1.4;0.0
FR;0;2021-01-22;118035;285;1058196;2334;1.6;0.0
FR;0;2021-01-23;37728;91;1095924;2425;1.6;0.0
FR;0;2021-01-24;9318;106;1105242;2531;1.6;0.0
FR;0;2021-01-25;76601;1535;1181843;4066;1.8;0.0
FR;0;2021-01-26;98456;3965;1280299;8031;1.9;0.0
FR;0;2021-01-27;105404;6853;1385703;14884;2.1;0.0
FR;0;2021-01-28;121932;17610;1507635;32494;2.2;0.0
FR;0;2021-01-29;90640;19752;1598275;52246;2.4;0.1
FR;0;2021-01-30;28618;4683;1626893;56929;2.4;0.1
FR;0;2021-01-31;4862;1911;1631755;58840;2.4;0.1
FR;0;2021-02-01;51373;24167;1683128;83007;2.5;0.1
FR;0;2021-02-02;70342;40775;1753470;123782;2.6;0.2
FR;0;2021-02-03;70799;42063;1824269;165845;2.7;0.2
FR;0;2021-02-04;80123;58748;1904392;224593;2.8;0.3
FR;0;2021-02-05;66776;49678;1971168;274271;2.9;0.4
FR;0;2021-02-06;21237;11415;1992405;285686;3.0;0.4
FR;0;2021-02-07;4814;6462;1997219;292148;3.0;0.4
FR;0;2021-02-08;45731;50205;2042950;342353;3.0;0.5
FR;0;2021-02-09;64596;82580;2107546;424933;3.1;0.6
FR;0;2021-02-10;68991;87544;2176537;512477;3.2;0.8
FR;0;2021-02-11;85126;110556;2261663;623033;3.4;0.9
FR;0;2021-02-12;77264;76031;2338927;699064;3.5;1.0
FR;0;2021-02-13;21559;18710;2360486;717774;3.5;1.1
FR;0;2021-02-14;4542;6764;2365028;724538;3.5;1.1
FR;0;2021-02-15;36790;75233;2401818;799771;3.6;1.2
FR;0;2021-02-16;48951;96782;2450769;896553;3.7;1.3
FR;0;2021-02-17;49096;108070;2499865;1004623;3.7;1.5
FR;0;2021-02-18;67342;125888;2567207;1130511;3.8;1.7
FR;0;2021-02-19;63341;91348;2630548;1221859;3.9;1.8
FR;0;2021-02-20;17864;27708;2648412;1249567;3.9;1.9
FR;0;2021-02-21;2838;5394;2651250;1254961;4.0;1.9
FR;0;2021-02-22;36231;70947;2687481;1325908;4.0;2.0
FR;0;2021-02-23;52161;83852;2739642;1409760;4.1;2.1
FR;0;2021-02-24;57712;82831;2797354;1492591;4.2;2.2
FR;0;2021-02-25;97732;89236;2895086;1581827;4.3;2.4
FR;0;2021-02-26;110839;69571;3005925;1651398;4.5;2.5
FR;0;2021-02-27;50687;22349;3056612;1673747;4.6;2.5
FR;0;2021-02-28;5633;3616;3062245;1677363;4.6;2.5
FR;0;2021-03-01;62951;52707;3125196;1730070;4.7;2.6
FR;0;2021-03-02;98524;66868;3223720;1796938;4.8;2.7
FR;0;2021-03-03;112526;64906;3336246;1861844;5.0;2.8
FR;0;2021-03-04;158136;74118;3494382;1935962;5.2;2.9
FR;0;2021-03-05;195854;62227;3690236;1998189;5.5;3.0
FR;0;2021-03-06;202226;17382;3892462;2015571;5.8;3.0
FR;0;2021-03-07;118852;2710;4011314;2018281;6.0;3.0
FR;0;2021-03-08;103928;47325;4115242;2065606;6.1;3.1
FR;0;2021-03-09;168219;54835;4283461;2120441;6.4;3.2
FR;0;2021-03-10;174164;56525;4457625;2176966;6.6;3.2
FR;0;2021-03-11;237160;64343;4694785;2241309;7.0;3.3
FR;0;2021-03-12;288680;53405;4983465;2294714;7.4;3.4
FR;0;2021-03-13;226401;15519;5209866;2310233;7.8;3.4
FR;0;2021-03-14;61931;2782;5271797;2313015;7.9;3.4
FR;0;2021-03-15;154781;30691;5426578;2343706;8.1;3.5
FR;0;2021-03-16;138904;38517;5565482;2382223;8.3;3.5
FR;0;2021-03-17;147495;37554;5712977;2419777;8.5;3.6
FR;0;2021-03-18;164504;45111;5877481;2464888;8.8;3.7
FR;0;2021-03-19;225571;37933;6103052;2502821;9.1;3.7
FR;0;2021-03-20;163944;12587;6266996;2515408;9.3;3.7
FR;0;2021-03-21;48661;2140;6315657;2517548;9.4;3.8
FR;0;2021-03-22;166440;34327;6482097;2551875;9.7;3.8
FR;0;2021-03-23;245752;44417;6727849;2596292;10.0;3.9
FR;0;2021-03-24;252249;45740;6980098;2642032;10.4;3.9
FR;0;2021-03-25;335958;49331;7316056;2691363;10.9;4.0
FR;0;2021-03-26;353247;45675;7669303;2737038;11.4;4.1
FR;0;2021-03-27;192240;19437;7861543;2756475;11.7;4.1
FR;0;2021-03-28;58207;5613;7919750;2762088;11.8;4.1
FR;0;2021-03-29;199501;54650;8119251;2816738;12.1;4.2
FR;0;2021-03-30;280617;73928;8399868;2890666;12.5;4.3
FR;0;2021-03-31;257910;78433;8657778;2969099;12.9;4.4
FR;0;2021-04-01;307746;100288;8965524;3069387;13.4;4.6
FR;0;2021-04-02;276267;101180;9241791;3170567;13.8;4.7
FR;0;2021-04-03;138666;65242;9380457;3235809;14.0;4.8
FR;0;2021-04-04;44758;19974;9425215;3255783;14.0;4.9
FR;0;2021-04-05;58597;11281;9483812;3267064;14.1;4.9
FR;0;2021-04-06;211647;117856;9695459;3384920;14.4;5.0
FR;0;2021-04-07;254568;119823;9950027;3504743;14.8;5.2
FR;0;2021-04-08;329111;130737;10279138;3635480;15.3;5.4
FR;0;2021-04-09;400846;124865;10679984;3760345;15.9;5.6
FR;0;2021-04-10;209010;86671;10888994;3847016;16.2;5.7
FR;0;2021-04-11;54677;35039;10943671;3882055;16.3;5.8
FR;0;2021-04-12;231693;119936;11175364;4001991;16.7;6.0
FR;0;2021-04-13;302362;149038;11477726;4151029;17.1;6.2
FR;0;2021-04-14;286366;146663;11764092;4297692;17.5;6.4
FR;0;2021-04-15;327155;158851;12091247;4456543;18.0;6.6
FR;0;2021-04-16;331014;154755;12422261;4611298;18.5;6.9
FR;0;2021-04-17;184665;93741;12606926;4705039;18.8;7.0
FR;0;2021-04-18;50011;36858;12656937;4741897;18.9;7.1
FR;0;2021-04-19;200639;142771;12857576;4884668;19.2;7.3
FR;0;2021-04-20;247672;178978;13105248;5063646;19.5;7.5
FR;0;2021-04-21;245039;177527;13350287;5241173;19.9;7.8
FR;0;2021-04-22;279738;199801;13630025;5440974;20.3;8.1
FR;0;2021-04-23;285881;194207;13915906;5635181;20.7;8.4
FR;0;2021-04-24;186570;118211;14102476;5753392;21.0;8.6
FR;0;2021-04-25;67158;41166;14169634;5794558;21.1;8.6
FR;0;2021-04-26;212625;168590;14382259;5963148;21.4;8.9
FR;0;2021-04-27;277363;205057;14659622;6168205;21.8;9.2
FR;0;2021-04-28;290713;200872;14950335;6369077;22.3;9.5
FR;0;2021-04-29;344537;222951;15294872;6592028;22.8;9.8
FR;0;2021-04-30;360246;215342;15655118;6807370;23.3;10.1
FR;0;2021-05-01;158364;59848;15813482;6867218;23.6;10.2
FR;0;2021-05-02;88852;41507;15902334;6908725;23.7;10.3
FR;0;2021-05-03;276751;167458;16179085;7076183;24.1;10.5
FR;0;2021-05-04;302274;239968;16481359;7316151;24.6;10.9
FR;0;2021-05-05;309834;238636;16791193;7554787;25.0;11.3
