fra;clage_vacsi;jour;n_dose1;n_complet;n_cum_dose1;n_cum_complet;couv_dose1;couv_complet
FR;24;2020-12-27;1;0;1;0;0.0;0.0
FR;24;2020-12-28;2;0;3;0;0.0;0.0
FR;24;2020-12-29;0;0;3;0;0.0;0.0
FR;24;2020-12-30;0;0;3;0;0.0;0.0
FR;24;2020-12-31;0;0;3;0;0.0;0.0
FR;24;2021-01-01;1;0;4;0;0.0;0.0
FR;24;2021-01-02;0;0;4;0;0.0;0.0
FR;24;2021-01-03;2;0;6;0;0.0;0.0
FR;24;2021-01-04;4;0;10;0;0.0;0.0
FR;24;2021-01-05;17;0;27;0;0.0;0.0
FR;24;2021-01-06;36;0;63;0;0.0;0.0
FR;24;2021-01-07;180;0;243;0;0.0;0.0
FR;24;2021-01-08;216;0;459;0;0.0;0.0
FR;24;2021-01-09;40;0;499;0;0.0;0.0
FR;24;2021-01-10;35;0;534;0;0.0;0.0
FR;24;2021-01-11;251;2;785;2;0.0;0.0
FR;24;2021-01-12;395;3;1180;5;0.0;0.0
FR;24;2021-01-13;477;3;1657;8;0.0;0.0
FR;24;2021-01-14;610;5;2267;13;0.0;0.0
FR;24;2021-01-15;589;1;2856;14;0.1;0.0
FR;24;2021-01-16;116;3;2972;17;0.1;0.0
FR;24;2021-01-17;94;0;3066;17;0.1;0.0
FR;24;2021-01-18;507;3;3573;20;0.1;0.0
FR;24;2021-01-19;595;3;4168;23;0.1;0.0
FR;24;2021-01-20;649;0;4817;23;0.1;0.0
FR;24;2021-01-21;755;4;5572;27;0.1;0.0
FR;24;2021-01-22;599;3;6171;30;0.1;0.0
FR;24;2021-01-23;116;0;6287;30;0.1;0.0
FR;24;2021-01-24;22;0;6309;30;0.1;0.0
FR;24;2021-01-25;294;3;6603;33;0.1;0.0
FR;24;2021-01-26;366;11;6969;44;0.1;0.0
FR;24;2021-01-27;440;14;7409;58;0.1;0.0
FR;24;2021-01-28;595;50;8004;108;0.1;0.0
FR;24;2021-01-29;466;82;8470;190;0.2;0.0
FR;24;2021-01-30;87;16;8557;206;0.2;0.0
FR;24;2021-01-31;25;13;8582;219;0.2;0.0
FR;24;2021-02-01;156;134;8738;353;0.2;0.0
FR;24;2021-02-02;215;182;8953;535;0.2;0.0
FR;24;2021-02-03;216;185;9169;720;0.2;0.0
FR;24;2021-02-04;358;315;9527;1035;0.2;0.0
FR;24;2021-02-05;345;343;9872;1378;0.2;0.0
FR;24;2021-02-06;83;71;9955;1449;0.2;0.0
FR;24;2021-02-07;169;29;10124;1478;0.2;0.0
FR;24;2021-02-08;388;357;10512;1835;0.2;0.0
FR;24;2021-02-09;744;455;11256;2290;0.2;0.0
FR;24;2021-02-10;1087;594;12343;2884;0.2;0.1
FR;24;2021-02-11;1573;700;13916;3584;0.3;0.1
FR;24;2021-02-12;1622;558;15538;4142;0.3;0.1
FR;24;2021-02-13;292;91;15830;4233;0.3;0.1
FR;24;2021-02-14;62;30;15892;4263;0.3;0.1
FR;24;2021-02-15;1034;372;16926;4635;0.3;0.1
FR;24;2021-02-16;1562;568;18488;5203;0.3;0.1
FR;24;2021-02-17;1491;488;19979;5691;0.4;0.1
FR;24;2021-02-18;1944;622;21923;6313;0.4;0.1
FR;24;2021-02-19;1852;546;23775;6859;0.4;0.1
FR;24;2021-02-20;332;87;24107;6946;0.4;0.1
FR;24;2021-02-21;40;18;24147;6964;0.4;0.1
FR;24;2021-02-22;1157;279;25304;7243;0.5;0.1
FR;24;2021-02-23;1586;378;26890;7621;0.5;0.1
FR;24;2021-02-24;1645;323;28535;7944;0.5;0.1
FR;24;2021-02-25;2267;457;30802;8401;0.6;0.2
FR;24;2021-02-26;2189;373;32991;8774;0.6;0.2
FR;24;2021-02-27;530;80;33521;8854;0.6;0.2
FR;24;2021-02-28;92;15;33613;8869;0.6;0.2
FR;24;2021-03-01;1246;225;34859;9094;0.6;0.2
FR;24;2021-03-02;1645;282;36504;9376;0.7;0.2
FR;24;2021-03-03;1742;329;38246;9705;0.7;0.2
FR;24;2021-03-04;2104;477;40350;10182;0.7;0.2
FR;24;2021-03-05;3277;455;43627;10637;0.8;0.2
FR;24;2021-03-06;1700;125;45327;10762;0.8;0.2
FR;24;2021-03-07;979;60;46306;10822;0.9;0.2
FR;24;2021-03-08;1950;230;48256;11052;0.9;0.2
FR;24;2021-03-09;2598;277;50854;11329;0.9;0.2
FR;24;2021-03-10;2424;333;53278;11662;1.0;0.2
FR;24;2021-03-11;2913;474;56191;12136;1.0;0.2
FR;24;2021-03-12;3808;408;59999;12544;1.1;0.2
FR;24;2021-03-13;1474;87;61473;12631;1.1;0.2
FR;24;2021-03-14;532;34;62005;12665;1.1;0.2
FR;24;2021-03-15;1829;235;63834;12900;1.2;0.2
FR;24;2021-03-16;822;306;64656;13206;1.2;0.2
FR;24;2021-03-17;1066;317;65722;13523;1.2;0.2
FR;24;2021-03-18;1299;433;67021;13956;1.2;0.3
FR;24;2021-03-19;1863;353;68884;14309;1.3;0.3
FR;24;2021-03-20;831;87;69715;14396;1.3;0.3
FR;24;2021-03-21;633;52;70348;14448;1.3;0.3
FR;24;2021-03-22;1501;284;71849;14732;1.3;0.3
FR;24;2021-03-23;1791;393;73640;15125;1.4;0.3
FR;24;2021-03-24;2154;351;75794;15476;1.4;0.3
FR;24;2021-03-25;2556;490;78350;15966;1.4;0.3
FR;24;2021-03-26;3157;472;81507;16438;1.5;0.3
FR;24;2021-03-27;1895;192;83402;16630;1.5;0.3
FR;24;2021-03-28;1009;72;84411;16702;1.6;0.3
FR;24;2021-03-29;2433;362;86844;17064;1.6;0.3
FR;24;2021-03-30;3599;512;90443;17576;1.7;0.3
FR;24;2021-03-31;4129;511;94572;18087;1.7;0.3
FR;24;2021-04-01;5389;734;99961;18821;1.8;0.3
FR;24;2021-04-02;4443;614;104404;19435;1.9;0.4
FR;24;2021-04-03;1742;334;106146;19769;2.0;0.4
FR;24;2021-04-04;954;123;107100;19892;2.0;0.4
FR;24;2021-04-05;1092;128;108192;20020;2.0;0.4
FR;24;2021-04-06;3538;570;111730;20590;2.1;0.4
FR;24;2021-04-07;4765;792;116495;21382;2.1;0.4
FR;24;2021-04-08;6344;1089;122839;22471;2.3;0.4
FR;24;2021-04-09;5762;1024;128601;23495;2.4;0.4
FR;24;2021-04-10;2624;558;131225;24053;2.4;0.4
FR;24;2021-04-11;1255;307;132480;24360;2.4;0.4
FR;24;2021-04-12;3420;910;135900;25270;2.5;0.5
FR;24;2021-04-13;4729;1135;140629;26405;2.6;0.5
FR;24;2021-04-14;4910;1289;145539;27694;2.7;0.5
FR;24;2021-04-15;5161;1551;150700;29245;2.8;0.5
FR;24;2021-04-16;4771;1660;155471;30905;2.9;0.6
FR;24;2021-04-17;2114;792;157585;31697;2.9;0.6
FR;24;2021-04-18;721;434;158306;32131;2.9;0.6
FR;24;2021-04-19;2908;1506;161214;33637;3.0;0.6
FR;24;2021-04-20;3086;2109;164300;35746;3.0;0.7
FR;24;2021-04-21;3402;2451;167702;38197;3.1;0.7
FR;24;2021-04-22;3985;3108;171687;41305;3.2;0.8
FR;24;2021-04-23;4137;3265;175824;44570;3.2;0.8
FR;24;2021-04-24;2366;1668;178190;46238;3.3;0.9
FR;24;2021-04-25;1215;798;179405;47036;3.3;0.9
FR;24;2021-04-26;3042;2166;182447;49202;3.4;0.9
FR;24;2021-04-27;3863;3149;186310;52351;3.4;1.0
FR;24;2021-04-28;4347;3719;190657;56070;3.5;1.0
FR;24;2021-04-29;5418;4418;196075;60488;3.6;1.1
FR;24;2021-04-30;6138;4588;202213;65076;3.7;1.2
FR;24;2021-05-01;3942;1071;206155;66147;3.8;1.2
FR;24;2021-05-02;2733;896;208888;67043;3.9;1.2
FR;24;2021-05-03;6246;4122;215134;71165;4.0;1.3
FR;24;2021-05-04;7482;4697;222616;75862;4.1;1.4
FR;24;2021-05-05;8576;4913;231192;80775;4.3;1.5
FR;24;2021-05-06;10740;6338;241932;87113;4.5;1.6
FR;24;2021-05-07;11921;6369;253853;93482;4.7;1.7
FR;24;2021-05-08;9503;2485;263356;95967;4.9;1.8
FR;24;2021-05-09;6860;1922;270216;97889;5.0;1.8
FR;24;2021-05-10;10878;4911;281094;102800;5.2;1.9
FR;24;2021-05-11;15354;5708;296448;108508;5.5;2.0
FR;24;2021-05-12;22307;6067;318755;114575;5.9;2.1
FR;24;2021-05-13;26934;2965;345689;117540;6.4;2.2
FR;24;2021-05-14;31820;5439;377509;122979;7.0;2.3
FR;24;2021-05-15;33230;3878;410739;126857;7.6;2.3
FR;24;2021-05-16;21866;1955;432605;128812;8.0;2.4
FR;24;2021-05-17;29163;5135;461768;133947;8.5;2.5
FR;24;2021-05-18;36898;5952;498666;139899;9.2;2.6
FR;24;2021-05-19;39148;6949;537814;146848;9.9;2.7
FR;24;2021-05-20;45018;7317;582832;154165;10.7;2.8
FR;24;2021-05-21;46147;7053;628979;161218;11.6;3.0
FR;24;2021-05-22;44342;4414;673321;165632;12.4;3.1
FR;24;2021-05-23;23809;2258;697130;167890;12.9;3.1
FR;24;2021-05-24;33799;3507;730929;171397;13.5;3.2
FR;29;2020-12-27;0;0;0;0;0.0;0.0
FR;29;2020-12-28;1;0;1;0;0.0;0.0
FR;29;2020-12-29;0;0;1;0;0.0;0.0
FR;29;2020-12-30;0;0;1;0;0.0;0.0
FR;29;2020-12-31;0;0;1;0;0.0;0.0
FR;29;2021-01-01;2;0;3;0;0.0;0.0
FR;29;2021-01-02;2;0;5;0;0.0;0.0
FR;29;2021-01-03;2;0;7;0;0.0;0.0
FR;29;2021-01-04;10;0;17;0;0.0;0.0
FR;29;2021-01-05;42;0;59;0;0.0;0.0
FR;29;2021-01-06;142;0;201;0;0.0;0.0
FR;29;2021-01-07;306;1;507;1;0.0;0.0
FR;29;2021-01-08;517;2;1024;3;0.0;0.0
FR;29;2021-01-09;113;0;1137;3;0.0;0.0
FR;29;2021-01-10;91;0;1228;3;0.0;0.0
FR;29;2021-01-11;643;1;1871;4;0.1;0.0
FR;29;2021-01-12;929;5;2800;9;0.1;0.0
FR;29;2021-01-13;1211;4;4011;13;0.1;0.0
FR;29;2021-01-14;1559;9;5570;22;0.1;0.0
FR;29;2021-01-15;1304;2;6874;24;0.2;0.0
FR;29;2021-01-16;192;3;7066;27;0.2;0.0
FR;29;2021-01-17;158;0;7224;27;0.2;0.0
FR;29;2021-01-18;1039;4;8263;31;0.2;0.0
FR;29;2021-01-19;1146;5;9409;36;0.3;0.0
FR;29;2021-01-20;1192;2;10601;38;0.3;0.0
FR;29;2021-01-21;1451;5;12052;43;0.3;0.0
FR;29;2021-01-22;1147;4;13199;47;0.4;0.0
FR;29;2021-01-23;169;2;13368;49;0.4;0.0
FR;29;2021-01-24;52;0;13420;49;0.4;0.0
FR;29;2021-01-25;537;16;13957;65;0.4;0.0
FR;29;2021-01-26;662;35;14619;100;0.4;0.0
FR;29;2021-01-27;720;60;15339;160;0.4;0.0
FR;29;2021-01-28;1033;120;16372;280;0.4;0.0
FR;29;2021-01-29;801;170;17173;450;0.5;0.0
FR;29;2021-01-30;140;39;17313;489;0.5;0.0
FR;29;2021-01-31;33;26;17346;515;0.5;0.0
FR;29;2021-02-01;261;291;17607;806;0.5;0.0
FR;29;2021-02-02;404;372;18011;1178;0.5;0.0
FR;29;2021-02-03;454;458;18465;1636;0.5;0.0
FR;29;2021-02-04;607;716;19072;2352;0.5;0.1
FR;29;2021-02-05;532;747;19604;3099;0.5;0.1
FR;29;2021-02-06;141;106;19745;3205;0.5;0.1
FR;29;2021-02-07;304;62;20049;3267;0.5;0.1
FR;29;2021-02-08;602;801;20651;4068;0.6;0.1
FR;29;2021-02-09;1245;1007;21896;5075;0.6;0.1
FR;29;2021-02-10;1710;1125;23606;6200;0.6;0.2
FR;29;2021-02-11;2459;1401;26065;7601;0.7;0.2
FR;29;2021-02-12;2215;1206;28280;8807;0.8;0.2
FR;29;2021-02-13;424;155;28704;8962;0.8;0.2
FR;29;2021-02-14;133;81;28837;9043;0.8;0.2
FR;29;2021-02-15;1570;782;30407;9825;0.8;0.3
FR;29;2021-02-16;1916;1138;32323;10963;0.9;0.3
FR;29;2021-02-17;1882;928;34205;11891;0.9;0.3
FR;29;2021-02-18;2388;1144;36593;13035;1.0;0.4
FR;29;2021-02-19;2320;930;38913;13965;1.0;0.4
FR;29;2021-02-20;383;121;39296;14086;1.1;0.4
FR;29;2021-02-21;86;42;39382;14128;1.1;0.4
FR;29;2021-02-22;1356;517;40738;14645;1.1;0.4
FR;29;2021-02-23;1756;636;42494;15281;1.1;0.4
FR;29;2021-02-24;1782;527;44276;15808;1.2;0.4
FR;29;2021-02-25;2392;909;46668;16717;1.3;0.4
FR;29;2021-02-26;2570;636;49238;17353;1.3;0.5
FR;29;2021-02-27;607;106;49845;17459;1.3;0.5
FR;29;2021-02-28;112;27;49957;17486;1.3;0.5
FR;29;2021-03-01;1290;333;51247;17819;1.4;0.5
FR;29;2021-03-02;1788;565;53035;18384;1.4;0.5
FR;29;2021-03-03;1968;571;55003;18955;1.5;0.5
FR;29;2021-03-04;2447;718;57450;19673;1.5;0.5
FR;29;2021-03-05;3595;675;61045;20348;1.6;0.5
FR;29;2021-03-06;1624;133;62669;20481;1.7;0.6
FR;29;2021-03-07;819;95;63488;20576;1.7;0.6
FR;29;2021-03-08;1938;367;65426;20943;1.8;0.6
FR;29;2021-03-09;2633;444;68059;21387;1.8;0.6
FR;29;2021-03-10;2550;475;70609;21862;1.9;0.6
FR;29;2021-03-11;3325;771;73934;22633;2.0;0.6
FR;29;2021-03-12;3952;687;77886;23320;2.1;0.6
FR;29;2021-03-13;1618;126;79504;23446;2.1;0.6
FR;29;2021-03-14;563;58;80067;23504;2.2;0.6
FR;29;2021-03-15;1881;338;81948;23842;2.2;0.6
FR;29;2021-03-16;1116;489;83064;24331;2.2;0.7
FR;29;2021-03-17;1374;490;84438;24821;2.3;0.7
FR;29;2021-03-18;1641;662;86079;25483;2.3;0.7
FR;29;2021-03-19;2224;542;88303;26025;2.4;0.7
FR;29;2021-03-20;987;124;89290;26149;2.4;0.7
FR;29;2021-03-21;725;58;90015;26207;2.4;0.7
FR;29;2021-03-22;1655;400;91670;26607;2.5;0.7
FR;29;2021-03-23;2204;588;93874;27195;2.5;0.7
FR;29;2021-03-24;2526;554;96400;27749;2.6;0.7
FR;29;2021-03-25;3371;666;99771;28415;2.7;0.8
FR;29;2021-03-26;3728;677;103499;29092;2.8;0.8
FR;29;2021-03-27;2144;241;105643;29333;2.8;0.8
FR;29;2021-03-28;963;63;106606;29396;2.9;0.8
FR;29;2021-03-29;2752;504;109358;29900;2.9;0.8
FR;29;2021-03-30;3979;693;113337;30593;3.0;0.8
FR;29;2021-03-31;4493;781;117830;31374;3.2;0.8
FR;29;2021-04-01;5844;982;123674;32356;3.3;0.9
FR;29;2021-04-02;4879;893;128553;33249;3.5;0.9
FR;29;2021-04-03;1763;327;130316;33576;3.5;0.9
FR;29;2021-04-04;898;118;131214;33694;3.5;0.9
FR;29;2021-04-05;916;111;132130;33805;3.6;0.9
FR;29;2021-04-06;3490;737;135620;34542;3.6;0.9
FR;29;2021-04-07;4529;1090;140149;35632;3.8;1.0
FR;29;2021-04-08;6257;1417;146406;37049;3.9;1.0
FR;29;2021-04-09;6272;1244;152678;38293;4.1;1.0
FR;29;2021-04-10;2644;611;155322;38904;4.2;1.0
FR;29;2021-04-11;1162;332;156484;39236;4.2;1.1
FR;29;2021-04-12;3573;1022;160057;40258;4.3;1.1
FR;29;2021-04-13;4832;1473;164889;41731;4.4;1.1
FR;29;2021-04-14;4740;1494;169629;43225;4.6;1.2
FR;29;2021-04-15;5559;1789;175188;45014;4.7;1.2
FR;29;2021-04-16;4743;1857;179931;46871;4.8;1.3
FR;29;2021-04-17;2222;907;182153;47778;4.9;1.3
FR;29;2021-04-18;767;516;182920;48294;4.9;1.3
FR;29;2021-04-19;2837;1743;185757;50037;5.0;1.3
FR;29;2021-04-20;3458;2474;189215;52511;5.1;1.4
FR;29;2021-04-21;3430;2760;192645;55271;5.2;1.5
FR;29;2021-04-22;4403;3812;197048;59083;5.3;1.6
FR;29;2021-04-23;4539;3738;201587;62821;5.4;1.7
FR;29;2021-04-24;2673;1812;204260;64633;5.5;1.7
FR;29;2021-04-25;1173;733;205433;65366;5.5;1.8
FR;29;2021-04-26;2929;2451;208362;67817;5.6;1.8
FR;29;2021-04-27;3955;3582;212317;71399;5.7;1.9
FR;29;2021-04-28;4592;3994;216909;75393;5.8;2.0
FR;29;2021-04-29;5831;4944;222740;80337;6.0;2.2
FR;29;2021-04-30;6393;5162;229133;85499;6.2;2.3
FR;29;2021-05-01;4199;1206;233332;86705;6.3;2.3
FR;29;2021-05-02;2591;906;235923;87611;6.3;2.4
FR;29;2021-05-03;6800;4274;242723;91885;6.5;2.5
FR;29;2021-05-04;8077;5163;250800;97048;6.7;2.6
FR;29;2021-05-05;9466;5140;260266;102188;7.0;2.7
FR;29;2021-05-06;11111;6491;271377;108679;7.3;2.9
FR;29;2021-05-07;11545;6560;282922;115239;7.6;3.1
FR;29;2021-05-08;8433;2225;291355;117464;7.8;3.2
FR;29;2021-05-09;5901;1738;297256;119202;8.0;3.2
FR;29;2021-05-10;10504;5241;307760;124443;8.3;3.3
FR;29;2021-05-11;14429;6310;322189;130753;8.7;3.5
FR;29;2021-05-12;19539;6219;341728;136972;9.2;3.7
FR;29;2021-05-13;19452;2294;361180;139266;9.7;3.7
FR;29;2021-05-14;22151;4320;383331;143586;10.3;3.9
FR;29;2021-05-15;20922;2902;404253;146488;10.9;3.9
FR;29;2021-05-16;13371;1319;417624;147807;11.2;4.0
FR;29;2021-05-17;21309;4897;438933;152704;11.8;4.1
FR;29;2021-05-18;27660;5648;466593;158352;12.6;4.3
FR;29;2021-05-19;28279;5909;494872;164261;13.3;4.4
FR;29;2021-05-20;32135;6463;527007;170724;14.2;4.6
FR;29;2021-05-21;31225;6104;558232;176828;15.0;4.8
FR;29;2021-05-22;25978;2982;584210;179810;15.7;4.8
FR;29;2021-05-23;14099;1476;598309;181286;16.1;4.9
FR;29;2021-05-24;22208;2615;620517;183901;16.7;4.9
FR;39;2020-12-27;0;0;0;0;0.0;0.0
FR;39;2020-12-28;0;0;0;0;0.0;0.0
FR;39;2020-12-29;1;0;1;0;0.0;0.0
FR;39;2020-12-30;3;0;4;0;0.0;0.0
FR;39;2020-12-31;1;0;5;0;0.0;0.0
FR;39;2021-01-01;4;0;9;0;0.0;0.0
FR;39;2021-01-02;2;1;11;1;0.0;0.0
FR;39;2021-01-03;2;0;13;1;0.0;0.0
FR;39;2021-01-04;23;0;36;1;0.0;0.0
FR;39;2021-01-05;139;0;175;1;0.0;0.0
FR;39;2021-01-06;384;0;559;1;0.0;0.0
FR;39;2021-01-07;1175;5;1734;6;0.0;0.0
FR;39;2021-01-08;1784;3;3518;9;0.0;0.0
FR;39;2021-01-09;473;0;3991;9;0.0;0.0
FR;39;2021-01-10;307;1;4298;10;0.1;0.0
FR;39;2021-01-11;2206;6;6504;16;0.1;0.0
FR;39;2021-01-12;3394;13;9898;29;0.1;0.0
FR;39;2021-01-13;3482;7;13380;36;0.2;0.0
FR;39;2021-01-14;4764;45;18144;81;0.2;0.0
FR;39;2021-01-15;4381;14;22525;95;0.3;0.0
FR;39;2021-01-16;768;4;23293;99;0.3;0.0
FR;39;2021-01-17;488;2;23781;101;0.3;0.0
FR;39;2021-01-18;3062;21;26843;122;0.3;0.0
FR;39;2021-01-19;3995;16;30838;138;0.4;0.0
FR;39;2021-01-20;3893;13;34731;151;0.4;0.0
FR;39;2021-01-21;5122;17;39853;168;0.5;0.0
FR;39;2021-01-22;3951;20;43804;188;0.5;0.0
FR;39;2021-01-23;590;3;44394;191;0.5;0.0
FR;39;2021-01-24;184;0;44578;191;0.5;0.0
FR;39;2021-01-25;1593;39;46171;230;0.6;0.0
FR;39;2021-01-26;2163;96;48334;326;0.6;0.0
FR;39;2021-01-27;2277;210;50611;536;0.6;0.0
FR;39;2021-01-28;3469;465;54080;1001;0.7;0.0
FR;39;2021-01-29;2673;693;56753;1694;0.7;0.0
FR;39;2021-01-30;395;215;57148;1909;0.7;0.0
FR;39;2021-01-31;89;78;57237;1987;0.7;0.0
FR;39;2021-02-01;747;1057;57984;3044;0.7;0.0
FR;39;2021-02-02;1327;1647;59311;4691;0.7;0.1
FR;39;2021-02-03;1357;1653;60668;6344;0.7;0.1
FR;39;2021-02-04;1972;2532;62640;8876;0.8;0.1
FR;39;2021-02-05;1639;2701;64279;11577;0.8;0.1
FR;39;2021-02-06;397;431;64676;12008;0.8;0.1
FR;39;2021-02-07;553;207;65229;12215;0.8;0.1
FR;39;2021-02-08;1516;2418;66745;14633;0.8;0.2
FR;39;2021-02-09;3160;3357;69905;17990;0.8;0.2
FR;39;2021-02-10;3878;3492;73783;21482;0.9;0.3
FR;39;2021-02-11;6155;4817;79938;26299;1.0;0.3
FR;39;2021-02-12;5805;3958;85743;30257;1.0;0.4
FR;39;2021-02-13;1238;541;86981;30798;1.0;0.4
FR;39;2021-02-14;386;264;87367;31062;1.1;0.4
FR;39;2021-02-15;3416;2369;90783;33431;1.1;0.4
FR;39;2021-02-16;4414;3322;95197;36753;1.1;0.4
FR;39;2021-02-17;3988;2839;99185;39592;1.2;0.5
FR;39;2021-02-18;5966;3850;105151;43442;1.3;0.5
FR;39;2021-02-19;5819;3044;110970;46486;1.3;0.6
FR;39;2021-02-20;1138;469;112108;46955;1.4;0.6
FR;39;2021-02-21;185;118;112293;47073;1.4;0.6
FR;39;2021-02-22;2980;1644;115273;48717;1.4;0.6
FR;39;2021-02-23;3909;1899;119182;50616;1.4;0.6
FR;39;2021-02-24;3713;1688;122895;52304;1.5;0.6
FR;39;2021-02-25;5592;2504;128487;54808;1.5;0.7
FR;39;2021-02-26;6073;1899;134560;56707;1.6;0.7
FR;39;2021-02-27;1659;302;136219;57009;1.6;0.7
FR;39;2021-02-28;240;120;136459;57129;1.6;0.7
FR;39;2021-03-01;2921;982;139380;58111;1.7;0.7
FR;39;2021-03-02;4217;1590;143597;59701;1.7;0.7
FR;39;2021-03-03;4211;1496;147808;61197;1.8;0.7
FR;39;2021-03-04;6246;2269;154054;63466;1.9;0.8
FR;39;2021-03-05;9098;2040;163152;65506;2.0;0.8
FR;39;2021-03-06;4905;396;168057;65902;2.0;0.8
FR;39;2021-03-07;2635;237;170692;66139;2.1;0.8
FR;39;2021-03-08;4665;1091;175357;67230;2.1;0.8
FR;39;2021-03-09;6834;1458;182191;68688;2.2;0.8
FR;39;2021-03-10;6068;1489;188259;70177;2.3;0.8
FR;39;2021-03-11;8628;2336;196887;72513;2.4;0.9
FR;39;2021-03-12;11396;2060;208283;74573;2.5;0.9
FR;39;2021-03-13;5206;408;213489;74981;2.6;0.9
FR;39;2021-03-14;1746;152;215235;75133;2.6;0.9
FR;39;2021-03-15;4760;1019;219995;76152;2.7;0.9
FR;39;2021-03-16;3360;1396;223355;77548;2.7;0.9
FR;39;2021-03-17;3435;1480;226790;79028;2.7;1.0
FR;39;2021-03-18;4644;1959;231434;80987;2.8;1.0
FR;39;2021-03-19;6246;1615;237680;82602;2.9;1.0
FR;39;2021-03-20;3168;357;240848;82959;2.9;1.0
FR;39;2021-03-21;2070;164;242918;83123;2.9;1.0
FR;39;2021-03-22;4439;1079;247357;84202;3.0;1.0
FR;39;2021-03-23;6155;1639;253512;85841;3.1;1.0
FR;39;2021-03-24;6302;1352;259814;87193;3.1;1.1
FR;39;2021-03-25;9044;1717;268858;88910;3.2;1.1
FR;39;2021-03-26;10633;1674;279491;90584;3.4;1.1
FR;39;2021-03-27;5988;601;285479;91185;3.4;1.1
FR;39;2021-03-28;2732;176;288211;91361;3.5;1.1
FR;39;2021-03-29;7182;1261;295393;92622;3.6;1.1
FR;39;2021-03-30;10501;1850;305894;94472;3.7;1.1
FR;39;2021-03-31;11139;1811;317033;96283;3.8;1.2
FR;39;2021-04-01;14963;2582;331996;98865;4.0;1.2
FR;39;2021-04-02;13248;2411;345244;101276;4.2;1.2
FR;39;2021-04-03;5600;1003;350844;102279;4.2;1.2
FR;39;2021-04-04;2521;340;353365;102619;4.3;1.2
FR;39;2021-04-05;2534;321;355899;102940;4.3;1.2
FR;39;2021-04-06;9257;2263;365156;105203;4.4;1.3
FR;39;2021-04-07;12163;2709;377319;107912;4.5;1.3
FR;39;2021-04-08;16820;3658;394139;111570;4.8;1.3
FR;39;2021-04-09;16848;3571;410987;115141;5.0;1.4
FR;39;2021-04-10;7408;1929;418395;117070;5.0;1.4
FR;39;2021-04-11;2984;978;421379;118048;5.1;1.4
FR;39;2021-04-12;9584;2736;430963;120784;5.2;1.5
FR;39;2021-04-13;12894;3975;443857;124759;5.4;1.5
FR;39;2021-04-14;12835;3825;456692;128584;5.5;1.6
FR;39;2021-04-15;14690;4777;471382;133361;5.7;1.6
FR;39;2021-04-16;12678;5258;484060;138619;5.8;1.7
FR;39;2021-04-17;6099;2708;490159;141327;5.9;1.7
FR;39;2021-04-18;2255;1555;492414;142882;5.9;1.7
FR;39;2021-04-19;7846;4678;500260;147560;6.0;1.8
FR;39;2021-04-20;9335;6709;509595;154269;6.1;1.9
FR;39;2021-04-21;10195;7161;519790;161430;6.3;1.9
FR;39;2021-04-22;11807;10276;531597;171706;6.4;2.1
FR;39;2021-04-23;12127;10466;543724;182172;6.6;2.2
FR;39;2021-04-24;7793;5070;551517;187242;6.6;2.3
FR;39;2021-04-25;3462;2150;554979;189392;6.7;2.3
FR;39;2021-04-26;8541;6944;563520;196336;6.8;2.4
FR;39;2021-04-27;11749;9525;575269;205861;6.9;2.5
FR;39;2021-04-28;13104;10023;588373;215884;7.1;2.6
FR;39;2021-04-29;17110;12914;605483;228798;7.3;2.8
FR;39;2021-04-30;19688;13227;625171;242025;7.5;2.9
FR;39;2021-05-01;13494;3530;638665;245555;7.7;3.0
FR;39;2021-05-02;9277;2487;647942;248042;7.8;3.0
FR;39;2021-05-03;22326;11298;670268;259340;8.1;3.1
FR;39;2021-05-04;26869;13923;697137;273263;8.4;3.3
FR;39;2021-05-05;30506;14219;727643;287482;8.8;3.5
FR;39;2021-05-06;36926;17634;764569;305116;9.2;3.7
FR;39;2021-05-07;38202;18461;802771;323577;9.7;3.9
FR;39;2021-05-08;27842;5540;830613;329117;10.0;4.0
FR;39;2021-05-09;18771;4289;849384;333406;10.2;4.0
FR;39;2021-05-10;33613;14434;882997;347840;10.6;4.2
FR;39;2021-05-11;43880;17039;926877;364879;11.2;4.4
FR;39;2021-05-12;55581;16090;982458;380969;11.8;4.6
FR;39;2021-05-13;52651;5555;1035109;386524;12.5;4.7
FR;39;2021-05-14;61636;10916;1096745;397440;13.2;4.8
FR;39;2021-05-15;55657;6797;1152402;404237;13.9;4.9
FR;39;2021-05-16;36042;3081;1188444;407318;14.3;4.9
FR;39;2021-05-17;56014;11838;1244458;419156;15.0;5.1
FR;39;2021-05-18;69787;13494;1314245;432650;15.8;5.2
FR;39;2021-05-19;73409;14002;1387654;446652;16.7;5.4
FR;39;2021-05-20;81895;14811;1469549;461463;17.7;5.6
FR;39;2021-05-21;80958;14813;1550507;476276;18.7;5.7
FR;39;2021-05-22;63357;7341;1613864;483617;19.5;5.8
FR;39;2021-05-23;33823;3265;1647687;486882;19.9;5.9
FR;39;2021-05-24;51656;5302;1699343;492184;20.5;5.9
FR;49;2020-12-27;2;0;2;0;0.0;0.0
FR;49;2020-12-28;2;0;4;0;0.0;0.0
FR;49;2020-12-29;1;0;5;0;0.0;0.0
FR;49;2020-12-30;6;0;11;0;0.0;0.0
FR;49;2020-12-31;1;0;12;0;0.0;0.0
FR;49;2021-01-01;3;0;15;0;0.0;0.0
FR;49;2021-01-02;9;0;24;0;0.0;0.0
FR;49;2021-01-03;4;0;28;0;0.0;0.0
FR;49;2021-01-04;86;0;114;0;0.0;0.0
FR;49;2021-01-05;334;1;448;1;0.0;0.0
FR;49;2021-01-06;855;3;1303;4;0.0;0.0
FR;49;2021-01-07;2158;6;3461;10;0.0;0.0
FR;49;2021-01-08;3369;7;6830;17;0.1;0.0
FR;49;2021-01-09;1000;1;7830;18;0.1;0.0
FR;49;2021-01-10;472;1;8302;19;0.1;0.0
FR;49;2021-01-11;4168;8;12470;27;0.1;0.0
FR;49;2021-01-12;5850;11;18320;38;0.2;0.0
FR;49;2021-01-13;6138;13;24458;51;0.3;0.0
FR;49;2021-01-14;8315;65;32773;116;0.4;0.0
FR;49;2021-01-15;7593;21;40366;137;0.5;0.0
FR;49;2021-01-16;1415;9;41781;146;0.5;0.0
FR;49;2021-01-17;619;5;42400;151;0.5;0.0
FR;49;2021-01-18;5052;17;47452;168;0.6;0.0
FR;49;2021-01-19;6801;15;54253;183;0.6;0.0
FR;49;2021-01-20;6611;20;60864;203;0.7;0.0
FR;49;2021-01-21;8375;25;69239;228;0.8;0.0
FR;49;2021-01-22;6242;29;75481;257;0.9;0.0
FR;49;2021-01-23;1015;6;76496;263;0.9;0.0
FR;49;2021-01-24;282;3;76778;266;0.9;0.0
FR;49;2021-01-25;2610;97;79388;363;0.9;0.0
FR;49;2021-01-26;3718;221;83106;584;1.0;0.0
FR;49;2021-01-27;3971;387;87077;971;1.0;0.0
FR;49;2021-01-28;5529;972;92606;1943;1.1;0.0
FR;49;2021-01-29;4391;1555;96997;3498;1.1;0.0
FR;49;2021-01-30;690;377;97687;3875;1.1;0.0
FR;49;2021-01-31;137;125;97824;4000;1.1;0.0
FR;49;2021-02-01;1362;2087;99186;6087;1.2;0.1
FR;49;2021-02-02;2264;3197;101450;9284;1.2;0.1
FR;49;2021-02-03;2293;3375;103743;12659;1.2;0.1
FR;49;2021-02-04;3349;4766;107092;17425;1.2;0.2
FR;49;2021-02-05;2788;4881;109880;22306;1.3;0.3
FR;49;2021-02-06;566;886;110446;23192;1.3;0.3
FR;49;2021-02-07;520;291;110966;23483;1.3;0.3
FR;49;2021-02-08;1934;4050;112900;27533;1.3;0.3
FR;49;2021-02-09;4330;5726;117230;33259;1.4;0.4
FR;49;2021-02-10;5487;6032;122717;39291;1.4;0.5
FR;49;2021-02-11;7981;7944;130698;47235;1.5;0.5
FR;49;2021-02-12;7294;6421;137992;53656;1.6;0.6
FR;49;2021-02-13;1696;1013;139688;54669;1.6;0.6
FR;49;2021-02-14;406;405;140094;55074;1.6;0.6
FR;49;2021-02-15;4120;3863;144214;58937;1.7;0.7
FR;49;2021-02-16;5373;5311;149587;64248;1.7;0.7
FR;49;2021-02-17;5137;4633;154724;68881;1.8;0.8
FR;49;2021-02-18;7467;6169;162191;75050;1.9;0.9
FR;49;2021-02-19;7037;4855;169228;79905;2.0;0.9
FR;49;2021-02-20;1494;792;170722;80697;2.0;0.9
FR;49;2021-02-21;277;224;170999;80921;2.0;0.9
FR;49;2021-02-22;3525;2643;174524;83564;2.0;1.0
FR;49;2021-02-23;4853;3109;179377;86673;2.1;1.0
FR;49;2021-02-24;4884;2820;184261;89493;2.1;1.0
FR;49;2021-02-25;7549;4138;191810;93631;2.2;1.1
FR;49;2021-02-26;8242;3128;200052;96759;2.3;1.1
FR;49;2021-02-27;2676;558;202728;97317;2.4;1.1
FR;49;2021-02-28;332;137;203060;97454;2.4;1.1
FR;49;2021-03-01;3788;1613;206848;99067;2.4;1.2
FR;49;2021-03-02;5748;2434;212596;101501;2.5;1.2
FR;49;2021-03-03;5967;2454;218563;103955;2.5;1.2
FR;49;2021-03-04;8839;3406;227402;107361;2.6;1.2
FR;49;2021-03-05;12471;3140;239873;110501;2.8;1.3
FR;49;2021-03-06;8533;581;248406;111082;2.9;1.3
FR;49;2021-03-07;4667;379;253073;111461;2.9;1.3
FR;49;2021-03-08;6357;1616;259430;113077;3.0;1.3
FR;49;2021-03-09;9454;2227;268884;115304;3.1;1.3
FR;49;2021-03-10;8891;2272;277775;117576;3.2;1.4
FR;49;2021-03-11;12716;3334;290491;120910;3.4;1.4
FR;49;2021-03-12;16362;2820;306853;123730;3.6;1.4
FR;49;2021-03-13;9501;581;316354;124311;3.7;1.4
FR;49;2021-03-14;3124;229;319478;124540;3.7;1.4
FR;49;2021-03-15;6853;1422;326331;125962;3.8;1.5
FR;49;2021-03-16;4616;2108;330947;128070;3.9;1.5
FR;49;2021-03-17;5156;1986;336103;130056;3.9;1.5
FR;49;2021-03-18;6527;2747;342630;132803;4.0;1.5
FR;49;2021-03-19;9469;2255;352099;135058;4.1;1.6
FR;49;2021-03-20;5863;548;357962;135606;4.2;1.6
FR;49;2021-03-21;3142;202;361104;135808;4.2;1.6
FR;49;2021-03-22;6281;1459;367385;137267;4.3;1.6
FR;49;2021-03-23;8573;2125;375958;139392;4.4;1.6
FR;49;2021-03-24;9485;1943;385443;141335;4.5;1.6
FR;49;2021-03-25;12310;2304;397753;143639;4.6;1.7
FR;49;2021-03-26;14679;2262;412432;145901;4.8;1.7
FR;49;2021-03-27;9344;808;421776;146709;4.9;1.7
FR;49;2021-03-28;3847;289;425623;146998;5.0;1.7
FR;49;2021-03-29;9847;1802;435470;148800;5.1;1.7
FR;49;2021-03-30;14236;2618;449706;151418;5.2;1.8
FR;49;2021-03-31;15506;2704;465212;154122;5.4;1.8
FR;49;2021-04-01;19775;3598;484987;157720;5.6;1.8
FR;49;2021-04-02;17415;3358;502402;161078;5.8;1.9
FR;49;2021-04-03;9318;1800;511720;162878;6.0;1.9
FR;49;2021-04-04;4110;617;515830;163495;6.0;1.9
FR;49;2021-04-05;4200;518;520030;164013;6.1;1.9
FR;49;2021-04-06;13141;3319;533171;167332;6.2;1.9
FR;49;2021-04-07;17597;4168;550768;171500;6.4;2.0
FR;49;2021-04-08;22321;5078;573089;176578;6.7;2.1
FR;49;2021-04-09;23420;5238;596509;181816;6.9;2.1
FR;49;2021-04-10;12408;3364;608917;185180;7.1;2.2
FR;49;2021-04-11;4465;1671;613382;186851;7.1;2.2
FR;49;2021-04-12;14087;3736;627469;190587;7.3;2.2
FR;49;2021-04-13;18617;5695;646086;196282;7.5;2.3
FR;49;2021-04-14;19305;5898;665391;202180;7.7;2.4
FR;49;2021-04-15;20187;6936;685578;209116;8.0;2.4
FR;49;2021-04-16;17297;7256;702875;216372;8.2;2.5
FR;49;2021-04-17;9813;4623;712688;220995;8.3;2.6
FR;49;2021-04-18;3348;2281;716036;223276;8.3;2.6
FR;49;2021-04-19;11868;6346;727904;229622;8.5;2.7
FR;49;2021-04-20;13988;8959;741892;238581;8.6;2.8
FR;49;2021-04-21;15780;10072;757672;248653;8.8;2.9
FR;49;2021-04-22;17361;13058;775033;261711;9.0;3.0
FR;49;2021-04-23;17865;14011;792898;275722;9.2;3.2
FR;49;2021-04-24;12540;7775;805438;283497;9.4;3.3
FR;49;2021-04-25;5397;3114;810835;286611;9.4;3.3
FR;49;2021-04-26;13426;9899;824261;296510;9.6;3.5
FR;49;2021-04-27;18436;13029;842697;309539;9.8;3.6
FR;49;2021-04-28;22289;14473;864986;324012;10.1;3.8
FR;49;2021-04-29;27115;17183;892101;341195;10.4;4.0
FR;49;2021-04-30;31507;17979;923608;359174;10.7;4.2
FR;49;2021-05-01;23962;5682;947570;364856;11.0;4.2
FR;49;2021-05-02;16381;3840;963951;368696;11.2;4.3
FR;49;2021-05-03;39200;15462;1003151;384158;11.7;4.5
FR;49;2021-05-04;46273;20228;1049424;404386;12.2;4.7
FR;49;2021-05-05;55110;21547;1104534;425933;12.9;5.0
FR;49;2021-05-06;61905;24513;1166439;450446;13.6;5.2
FR;49;2021-05-07;64985;25901;1231424;476347;14.3;5.5
FR;49;2021-05-08;49751;8998;1281175;485345;14.9;5.6
FR;49;2021-05-09;32170;6220;1313345;491565;15.3;5.7
FR;49;2021-05-10;56696;20567;1370041;512132;15.9;6.0
FR;49;2021-05-11;71394;23770;1441435;535902;16.8;6.2
FR;49;2021-05-12;88848;23776;1530283;559678;17.8;6.5
FR;49;2021-05-13;79244;7659;1609527;567337;18.7;6.6
FR;49;2021-05-14;95441;15586;1704968;582923;19.8;6.8
FR;49;2021-05-15;85260;10709;1790228;593632;20.8;6.9
FR;49;2021-05-16;53080;4478;1843308;598110;21.5;7.0
FR;49;2021-05-17;81314;16194;1924622;614304;22.4;7.1
FR;49;2021-05-18;96571;17683;2021193;631987;23.5;7.4
FR;49;2021-05-19;108598;19228;2129791;651215;24.8;7.6
FR;49;2021-05-20;112439;19546;2242230;670761;26.1;7.8
FR;49;2021-05-21;111512;19772;2353742;690533;27.4;8.0
FR;49;2021-05-22;86983;10418;2440725;700951;28.4;8.2
FR;49;2021-05-23;42613;3940;2483338;704891;28.9;8.2
FR;49;2021-05-24;66185;6761;2549523;711652;29.7;8.3
FR;59;2020-12-27;2;0;2;0;0.0;0.0
FR;59;2020-12-28;6;0;8;0;0.0;0.0
FR;59;2020-12-29;2;0;10;0;0.0;0.0
FR;59;2020-12-30;6;0;16;0;0.0;0.0
FR;59;2020-12-31;9;0;25;0;0.0;0.0
FR;59;2021-01-01;24;1;49;1;0.0;0.0
FR;59;2021-01-02;26;0;75;1;0.0;0.0
FR;59;2021-01-03;36;0;111;1;0.0;0.0
FR;59;2021-01-04;592;1;703;2;0.0;0.0
FR;59;2021-01-05;2165;1;2868;3;0.0;0.0
FR;59;2021-01-06;4800;8;7668;11;0.1;0.0
FR;59;2021-01-07;10507;21;18175;32;0.2;0.0
FR;59;2021-01-08;14306;16;32481;48;0.4;0.0
FR;59;2021-01-09;4054;8;36535;56;0.4;0.0
FR;59;2021-01-10;1984;1;38519;57;0.4;0.0
FR;59;2021-01-11;15931;20;54450;77;0.6;0.0
FR;59;2021-01-12;21097;29;75547;106;0.9;0.0
FR;59;2021-01-13;22680;35;98227;141;1.1;0.0
FR;59;2021-01-14;24728;215;122955;356;1.4;0.0
FR;59;2021-01-15;21561;85;144516;441;1.6;0.0
FR;59;2021-01-16;5371;17;149887;458;1.7;0.0
FR;59;2021-01-17;1801;7;151688;465;1.7;0.0
FR;59;2021-01-18;13565;50;165253;515;1.9;0.0
FR;59;2021-01-19;17930;63;183183;578;2.1;0.0
FR;59;2021-01-20;17027;63;200210;641;2.3;0.0
FR;59;2021-01-21;18712;48;218922;689;2.5;0.0
FR;59;2021-01-22;13887;70;232809;759;2.6;0.0
FR;59;2021-01-23;2950;20;235759;779;2.7;0.0
FR;59;2021-01-24;829;12;236588;791;2.7;0.0
FR;59;2021-01-25;6697;605;243285;1396;2.8;0.0
FR;59;2021-01-26;8390;1371;251675;2767;2.9;0.0
FR;59;2021-01-27;8791;2387;260466;5154;3.0;0.1
FR;59;2021-01-28;10445;5020;270911;10174;3.1;0.1
FR;59;2021-01-29;7827;6639;278738;16813;3.2;0.2
FR;59;2021-01-30;1756;1510;280494;18323;3.2;0.2
FR;59;2021-01-31;370;546;280864;18869;3.2;0.2
FR;59;2021-02-01;3145;8736;284009;27605;3.2;0.3
FR;59;2021-02-02;4657;12476;288666;40081;3.3;0.5
FR;59;2021-02-03;4804;13535;293470;53616;3.3;0.6
FR;59;2021-02-04;5893;15882;299363;69498;3.4;0.8
FR;59;2021-02-05;4803;14907;304166;84405;3.5;1.0
FR;59;2021-02-06;1152;2996;305318;87401;3.5;1.0
FR;59;2021-02-07;389;982;305707;88383;3.5;1.0
FR;59;2021-02-08;2752;12459;308459;100842;3.5;1.1
FR;59;2021-02-09;4896;16143;313355;116985;3.6;1.3
FR;59;2021-02-10;5681;16026;319036;133011;3.6;1.5
FR;59;2021-02-11;7641;19668;326677;152679;3.7;1.7
FR;59;2021-02-12;6737;15983;333414;168662;3.8;1.9
FR;59;2021-02-13;1686;3442;335100;172104;3.8;2.0
FR;59;2021-02-14;361;982;335461;173086;3.8;2.0
FR;59;2021-02-15;3262;10510;338723;183596;3.9;2.1
FR;59;2021-02-16;4725;13523;343448;197119;3.9;2.2
FR;59;2021-02-17;4960;12275;348408;209394;4.0;2.4
FR;59;2021-02-18;7056;13806;355464;223200;4.0;2.5
FR;59;2021-02-19;6446;10651;361910;233851;4.1;2.7
FR;59;2021-02-20;1416;2475;363326;236326;4.1;2.7
FR;59;2021-02-21;282;570;363608;236896;4.1;2.7
FR;59;2021-02-22;3245;6347;366853;243243;4.2;2.8
FR;59;2021-02-23;4797;7083;371650;250326;4.2;2.8
FR;59;2021-02-24;6829;6366;378479;256692;4.3;2.9
FR;59;2021-02-25;21163;8412;399642;265104;4.5;3.0
FR;59;2021-02-26;28200;6161;427842;271265;4.9;3.1
FR;59;2021-02-27;17066;1474;444908;272739;5.1;3.1
FR;59;2021-02-28;1103;373;446011;273112;5.1;3.1
FR;59;2021-03-01;8747;3476;454758;276588;5.2;3.1
FR;59;2021-03-02;17044;4806;471802;281394;5.4;3.2
FR;59;2021-03-03;20485;4873;492287;286267;5.6;3.3
FR;59;2021-03-04;32004;5705;524291;291972;6.0;3.3
FR;59;2021-03-05;40628;5223;564919;297195;6.4;3.4
FR;59;2021-03-06;35584;1340;600503;298535;6.8;3.4
FR;59;2021-03-07;13944;943;614447;299478;7.0;3.4
FR;59;2021-03-08;12181;3079;626628;302557;7.1;3.4
FR;59;2021-03-09;22678;4051;649306;306608;7.4;3.5
FR;59;2021-03-10;22977;4091;672283;310699;7.6;3.5
FR;59;2021-03-11;34052;5244;706335;315943;8.0;3.6
FR;59;2021-03-12;45108;4333;751443;320276;8.5;3.6
FR;59;2021-03-13;35913;1188;787356;321464;9.0;3.7
FR;59;2021-03-14;7156;365;794512;321829;9.0;3.7
FR;59;2021-03-15;14393;2469;808905;324298;9.2;3.7
FR;59;2021-03-16;7863;2914;816768;327212;9.3;3.7
FR;59;2021-03-17;8701;3058;825469;330270;9.4;3.8
FR;59;2021-03-18;10376;3930;835845;334200;9.5;3.8
FR;59;2021-03-19;23329;3410;859174;337610;9.8;3.8
FR;59;2021-03-20;20981;990;880155;338600;10.0;3.9
FR;59;2021-03-21;6261;359;886416;338959;10.1;3.9
FR;59;2021-03-22;15383;2597;901799;341556;10.3;3.9
FR;59;2021-03-23;25249;3358;927048;344914;10.5;3.9
FR;59;2021-03-24;27831;3361;954879;348275;10.9;4.0
FR;59;2021-03-25;37683;3647;992562;351922;11.3;4.0
FR;59;2021-03-26;42603;3871;1035165;355793;11.8;4.0
FR;59;2021-03-27;26726;1611;1061891;357404;12.1;4.1
FR;59;2021-03-28;7511;436;1069402;357840;12.2;4.1
FR;59;2021-03-29;21584;3252;1090986;361092;12.4;4.1
FR;59;2021-03-30;31989;4165;1122975;365257;12.8;4.2
FR;59;2021-03-31;31240;4497;1154215;369754;13.1;4.2
FR;59;2021-04-01;38148;5605;1192363;375359;13.6;4.3
FR;59;2021-04-02;36721;5559;1229084;380918;14.0;4.3
FR;59;2021-04-03;21249;3372;1250333;384290;14.2;4.4
FR;59;2021-04-04;7328;1188;1257661;385478;14.3;4.4
FR;59;2021-04-05;8245;1059;1265906;386537;14.4;4.4
FR;59;2021-04-06;25555;5766;1291461;392303;14.7;4.5
FR;59;2021-04-07;33720;6971;1325181;399274;15.1;4.5
FR;59;2021-04-08;44764;8237;1369945;407511;15.6;4.6
FR;59;2021-04-09;60429;8742;1430374;416253;16.3;4.7
FR;59;2021-04-10;36320;6962;1466694;423215;16.7;4.8
FR;59;2021-04-11;9722;3485;1476416;426700;16.8;4.9
FR;59;2021-04-12;35117;7283;1511533;433983;17.2;4.9
FR;59;2021-04-13;49582;9937;1561115;443920;17.8;5.0
FR;59;2021-04-14;49890;9962;1611005;453882;18.3;5.2
FR;59;2021-04-15;59157;11486;1670162;465368;19.0;5.3
FR;59;2021-04-16;62875;12153;1733037;477521;19.7;5.4
FR;59;2021-04-17;41273;9541;1774310;487062;20.2;5.5
FR;59;2021-04-18;12248;4614;1786558;491676;20.3;5.6
FR;59;2021-04-19;32979;11035;1819537;502711;20.7;5.7
FR;59;2021-04-20;44285;14550;1863822;517261;21.2;5.9
FR;59;2021-04-21;46821;16276;1910643;533537;21.7;6.1
FR;59;2021-04-22;55325;19270;1965968;552807;22.4;6.3
FR;59;2021-04-23;64691;20467;2030659;573274;23.1;6.5
FR;59;2021-04-24;47283;15384;2077942;588658;23.6;6.7
FR;59;2021-04-25;16474;5396;2094416;594054;23.8;6.8
FR;59;2021-04-26;40888;17327;2135304;611381;24.3;7.0
FR;59;2021-04-27;56231;23084;2191535;634465;24.9;7.2
FR;59;2021-04-28;63761;25694;2255296;660159;25.6;7.5
FR;59;2021-04-29;77520;31362;2332816;691521;26.5;7.9
FR;59;2021-04-30;92011;36233;2424827;727754;27.6;8.3
FR;59;2021-05-01;43221;10867;2468048;738621;28.1;8.4
FR;59;2021-05-02;23292;7203;2491340;745824;28.3;8.5
FR;59;2021-05-03;62257;26111;2553597;771935;29.0;8.8
FR;59;2021-05-04;70637;34187;2624234;806122;29.8;9.2
FR;59;2021-05-05;76863;37131;2701097;843253;30.7;9.6
FR;59;2021-05-06;88926;43389;2790023;886642;31.7;10.1
FR;59;2021-05-07;97228;53630;2887251;940272;32.8;10.7
FR;59;2021-05-08;57292;16274;2944543;956546;33.5;10.9
FR;59;2021-05-09;39218;10270;2983761;966816;33.9;11.0
FR;59;2021-05-10;94509;39817;3078270;1006633;35.0;11.4
FR;59;2021-05-11;124878;48966;3203148;1055599;36.4;12.0
FR;59;2021-05-12;121936;45834;3325084;1101433;37.8;12.5
FR;59;2021-05-13;92188;14258;3417272;1115691;38.9;12.7
FR;59;2021-05-14;128344;33970;3545616;1149661;40.3;13.1
FR;59;2021-05-15;113652;25242;3659268;1174903;41.6;13.4
FR;59;2021-05-16;55216;7054;3714484;1181957;42.2;13.4
FR;59;2021-05-17;104955;30403;3819439;1212360;43.4;13.8
FR;59;2021-05-18;115964;33774;3935403;1246134;44.8;14.2
FR;59;2021-05-19;117648;35135;4053051;1281269;46.1;14.6
FR;59;2021-05-20;121316;41930;4174367;1323199;47.5;15.0
FR;59;2021-05-21;120427;48226;4294794;1371425;48.8;15.6
FR;59;2021-05-22;81414;25184;4376208;1396609;49.8;15.9
FR;59;2021-05-23;31040;5072;4407248;1401681;50.1;15.9
FR;59;2021-05-24;51236;9776;4458484;1411457;50.7;16.1
FR;64;2020-12-27;1;0;1;0;0.0;0.0
FR;64;2020-12-28;1;0;2;0;0.0;0.0
FR;64;2020-12-29;2;0;4;0;0.0;0.0
FR;64;2020-12-30;6;0;10;0;0.0;0.0
FR;64;2020-12-31;5;0;15;0;0.0;0.0
FR;64;2021-01-01;8;0;23;0;0.0;0.0
FR;64;2021-01-02;11;0;34;0;0.0;0.0
FR;64;2021-01-03;17;0;51;0;0.0;0.0
FR;64;2021-01-04;209;2;260;2;0.0;0.0
FR;64;2021-01-05;898;3;1158;5;0.0;0.0
FR;64;2021-01-06;1688;2;2846;7;0.1;0.0
FR;64;2021-01-07;3655;5;6501;12;0.2;0.0
FR;64;2021-01-08;4868;7;11369;19;0.3;0.0
FR;64;2021-01-09;1952;0;13321;19;0.3;0.0
FR;64;2021-01-10;1023;0;14344;19;0.3;0.0
FR;64;2021-01-11;5268;2;19612;21;0.5;0.0
FR;64;2021-01-12;7123;8;26735;29;0.7;0.0
FR;64;2021-01-13;7434;13;34169;42;0.8;0.0
FR;64;2021-01-14;8549;80;42718;122;1.0;0.0
FR;64;2021-01-15;7081;30;49799;152;1.2;0.0
FR;64;2021-01-16;2199;14;51998;166;1.3;0.0
FR;64;2021-01-17;843;9;52841;175;1.3;0.0
FR;64;2021-01-18;4678;11;57519;186;1.4;0.0
FR;64;2021-01-19;6396;13;63915;199;1.6;0.0
FR;64;2021-01-20;6211;27;70126;226;1.7;0.0
FR;64;2021-01-21;6883;19;77009;245;1.9;0.0
FR;64;2021-01-22;5401;21;82410;266;2.0;0.0
FR;64;2021-01-23;1413;8;83823;274;2.0;0.0
FR;64;2021-01-24;432;7;84255;281;2.1;0.0
FR;64;2021-01-25;2768;197;87023;478;2.1;0.0
FR;64;2021-01-26;3520;487;90543;965;2.2;0.0
FR;64;2021-01-27;3761;880;94304;1845;2.3;0.0
FR;64;2021-01-28;4561;1744;98865;3589;2.4;0.1
FR;64;2021-01-29;3522;2318;102387;5907;2.5;0.1
FR;64;2021-01-30;837;706;103224;6613;2.5;0.2
FR;64;2021-01-31;172;279;103396;6892;2.5;0.2
FR;64;2021-02-01;1513;2862;104909;9754;2.6;0.2
FR;64;2021-02-02;2142;4142;107051;13896;2.6;0.3
FR;64;2021-02-03;2302;4358;109353;18254;2.7;0.4
FR;64;2021-02-04;2810;5502;112163;23756;2.7;0.6
FR;64;2021-02-05;2181;4965;114344;28721;2.8;0.7
FR;64;2021-02-06;655;1303;114999;30024;2.8;0.7
FR;64;2021-02-07;164;493;115163;30517;2.8;0.7
FR;64;2021-02-08;1483;4196;116646;34713;2.8;0.8
FR;64;2021-02-09;2339;5656;118985;40369;2.9;1.0
FR;64;2021-02-10;2565;5663;121550;46032;3.0;1.1
FR;64;2021-02-11;3454;7213;125004;53245;3.0;1.3
FR;64;2021-02-12;3108;5430;128112;58675;3.1;1.4
FR;64;2021-02-13;834;1444;128946;60119;3.1;1.5
FR;64;2021-02-14;195;435;129141;60554;3.1;1.5
FR;64;2021-02-15;1589;3876;130730;64430;3.2;1.6
FR;64;2021-02-16;2082;5120;132812;69550;3.2;1.7
FR;64;2021-02-17;2209;4629;135021;74179;3.3;1.8
FR;64;2021-02-18;3226;5438;138247;79617;3.4;1.9
FR;64;2021-02-19;2990;4198;141237;83815;3.4;2.0
FR;64;2021-02-20;804;1195;142041;85010;3.5;2.1
FR;64;2021-02-21;134;255;142175;85265;3.5;2.1
FR;64;2021-02-22;1488;2664;143663;87929;3.5;2.1
FR;64;2021-02-23;2391;2905;146054;90834;3.6;2.2
FR;64;2021-02-24;3863;2841;149917;93675;3.7;2.3
FR;64;2021-02-25;16011;3821;165928;97496;4.0;2.4
FR;64;2021-02-26;21783;2741;187711;100237;4.6;2.4
FR;64;2021-02-27;13047;749;200758;100986;4.9;2.5
FR;64;2021-02-28;790;174;201548;101160;4.9;2.5
FR;64;2021-03-01;6523;1739;208071;102899;5.1;2.5
FR;64;2021-03-02;13082;2299;221153;105198;5.4;2.6
FR;64;2021-03-03;15846;2342;236999;107540;5.8;2.6
FR;64;2021-03-04;25032;2812;262031;110352;6.4;2.7
FR;64;2021-03-05;30359;2582;292390;112934;7.1;2.8
FR;64;2021-03-06;26549;714;318939;113648;7.8;2.8
FR;64;2021-03-07;9799;486;328738;114134;8.0;2.8
FR;64;2021-03-08;8732;1759;337470;115893;8.2;2.8
FR;64;2021-03-09;16754;1976;354224;117869;8.6;2.9
FR;64;2021-03-10;16965;2109;371189;119978;9.0;2.9
FR;64;2021-03-11;25814;2767;397003;122745;9.7;3.0
FR;64;2021-03-12;33311;2295;430314;125040;10.5;3.0
FR;64;2021-03-13;27202;679;457516;125719;11.2;3.1
FR;64;2021-03-14;5415;179;462931;125898;11.3;3.1
FR;64;2021-03-15;10969;1412;473900;127310;11.6;3.1
FR;64;2021-03-16;5977;1753;479877;129063;11.7;3.1
FR;64;2021-03-17;6099;1664;485976;130727;11.8;3.2
FR;64;2021-03-18;7630;2039;493606;132766;12.0;3.2
FR;64;2021-03-19;18824;1877;512430;134643;12.5;3.3
FR;64;2021-03-20;18463;693;530893;135336;12.9;3.3
FR;64;2021-03-21;4719;211;535612;135547;13.1;3.3
FR;64;2021-03-22;13465;1534;549077;137081;13.4;3.3
FR;64;2021-03-23;23395;1960;572472;139041;14.0;3.4
FR;64;2021-03-24;24997;2024;597469;141065;14.6;3.4
FR;64;2021-03-25;36429;2286;633898;143351;15.5;3.5
FR;64;2021-03-26;39999;2237;673897;145588;16.4;3.5
FR;64;2021-03-27;21182;948;695079;146536;16.9;3.6
FR;64;2021-03-28;5064;246;700143;146782;17.1;3.6
FR;64;2021-03-29;17481;2092;717624;148874;17.5;3.6
FR;64;2021-03-30;27242;2756;744866;151630;18.2;3.7
FR;64;2021-03-31;24026;2823;768892;154453;18.7;3.8
FR;64;2021-04-01;30391;3689;799283;158142;19.5;3.9
FR;64;2021-04-02;29103;3522;828386;161664;20.2;3.9
FR;64;2021-04-03;15951;2339;844337;164003;20.6;4.0
FR;64;2021-04-04;4024;784;848361;164787;20.7;4.0
FR;64;2021-04-05;5098;785;853459;165572;20.8;4.0
FR;64;2021-04-06;19088;4214;872547;169786;21.3;4.1
FR;64;2021-04-07;23456;4731;896003;174517;21.8;4.3
FR;64;2021-04-08;34439;5521;930442;180038;22.7;4.4
FR;64;2021-04-09;53270;5907;983712;185945;24.0;4.5
FR;64;2021-04-10;29755;4935;1013467;190880;24.7;4.7
FR;64;2021-04-11;6263;2592;1019730;193472;24.9;4.7
FR;64;2021-04-12;27940;5104;1047670;198576;25.5;4.8
FR;64;2021-04-13;42344;7265;1090014;205841;26.6;5.0
FR;64;2021-04-14;40586;7048;1130600;212889;27.6;5.2
FR;64;2021-04-15;51726;8250;1182326;221139;28.8;5.4
FR;64;2021-04-16;63980;8763;1246306;229902;30.4;5.6
FR;64;2021-04-17;38342;7019;1284648;236921;31.3;5.8
FR;64;2021-04-18;10898;3315;1295546;240236;31.6;5.9
FR;64;2021-04-19;41728;8497;1337274;248733;32.6;6.1
FR;64;2021-04-20;52339;10301;1389613;259034;33.9;6.3
FR;64;2021-04-21;52226;10741;1441839;269775;35.1;6.6
FR;64;2021-04-22;57071;12605;1498910;282380;36.5;6.9
FR;64;2021-04-23;60487;12513;1559397;294893;38.0;7.2
FR;64;2021-04-24;43188;8993;1602585;303886;39.1;7.4
FR;64;2021-04-25;16105;3309;1618690;307195;39.5;7.5
FR;64;2021-04-26;49343;11387;1668033;318582;40.7;7.8
FR;64;2021-04-27;62677;15379;1730710;333961;42.2;8.1
FR;64;2021-04-28;63614;15843;1794324;349804;43.7;8.5
FR;64;2021-04-29;73264;20265;1867588;370069;45.5;9.0
FR;64;2021-04-30;74858;21808;1942446;391877;47.4;9.6
FR;64;2021-05-01;29185;6598;1971631;398475;48.1;9.7
FR;64;2021-05-02;14366;3942;1985997;402417;48.4;9.8
FR;64;2021-05-03;51956;15742;2037953;418159;49.7;10.2
FR;64;2021-05-04;52857;21546;2090810;439705;51.0;10.7
FR;64;2021-05-05;49083;22595;2139893;462300;52.2;11.3
FR;64;2021-05-06;56553;28690;2196446;490990;53.5;12.0
FR;64;2021-05-07;50603;33889;2247049;524879;54.8;12.8
FR;64;2021-05-08;19898;9235;2266947;534114;55.3;13.0
FR;64;2021-05-09;9991;5472;2276938;539586;55.5;13.2
FR;64;2021-05-10;34096;26685;2311034;566271;56.3;13.8
FR;64;2021-05-11;43757;37034;2354791;603305;57.4;14.7
FR;64;2021-05-12;38712;34875;2393503;638180;58.3;15.6
FR;64;2021-05-13;21912;10024;2415415;648204;58.9;15.8
FR;64;2021-05-14;36149;28972;2451564;677176;59.8;16.5
FR;64;2021-05-15;21097;18952;2472661;696128;60.3;17.0
FR;64;2021-05-16;7949;4286;2480610;700414;60.5;17.1
FR;64;2021-05-17;26714;25325;2507324;725739;61.1;17.7
FR;64;2021-05-18;33093;28189;2540417;753928;61.9;18.4
FR;64;2021-05-19;30111;26321;2570528;780249;62.7;19.0
FR;64;2021-05-20;34688;33160;2605216;813409;63.5;19.8
FR;64;2021-05-21;29781;37254;2634997;850663;64.2;20.7
FR;64;2021-05-22;14709;17651;2649706;868314;64.6;21.2
FR;64;2021-05-23;5059;2808;2654765;871122;64.7;21.2
FR;64;2021-05-24;10578;6455;2665343;877577;65.0;21.4
FR;69;2020-12-27;2;0;2;0;0.0;0.0
FR;69;2020-12-28;2;0;4;0;0.0;0.0
FR;69;2020-12-29;3;0;7;0;0.0;0.0
FR;69;2020-12-30;7;0;14;0;0.0;0.0
FR;69;2020-12-31;5;0;19;0;0.0;0.0
FR;69;2021-01-01;6;0;25;0;0.0;0.0
FR;69;2021-01-02;10;0;35;0;0.0;0.0
FR;69;2021-01-03;8;0;43;0;0.0;0.0
FR;69;2021-01-04;114;0;157;0;0.0;0.0
FR;69;2021-01-05;410;2;567;2;0.0;0.0
FR;69;2021-01-06;806;2;1373;4;0.0;0.0
FR;69;2021-01-07;1889;3;3262;7;0.1;0.0
FR;69;2021-01-08;2450;0;5712;7;0.1;0.0
FR;69;2021-01-09;1123;1;6835;8;0.2;0.0
FR;69;2021-01-10;657;0;7492;8;0.2;0.0
FR;69;2021-01-11;2731;3;10223;11;0.3;0.0
FR;69;2021-01-12;3866;2;14089;13;0.4;0.0
FR;69;2021-01-13;3780;9;17869;22;0.5;0.0
FR;69;2021-01-14;4560;46;22429;68;0.6;0.0
FR;69;2021-01-15;3837;14;26266;82;0.7;0.0
FR;69;2021-01-16;1341;8;27607;90;0.7;0.0
FR;69;2021-01-17;634;3;28241;93;0.7;0.0
FR;69;2021-01-18;3254;15;31495;108;0.8;0.0
FR;69;2021-01-19;4787;17;36282;125;0.9;0.0
FR;69;2021-01-20;4752;11;41034;136;1.1;0.0
FR;69;2021-01-21;5517;13;46551;149;1.2;0.0
FR;69;2021-01-22;4368;13;50919;162;1.3;0.0
FR;69;2021-01-23;1359;4;52278;166;1.3;0.0
FR;69;2021-01-24;446;5;52724;171;1.4;0.0
FR;69;2021-01-25;2719;81;55443;252;1.4;0.0
FR;69;2021-01-26;3344;181;58787;433;1.5;0.0
FR;69;2021-01-27;3667;406;62454;839;1.6;0.0
FR;69;2021-01-28;4320;886;66774;1725;1.7;0.0
FR;69;2021-01-29;3482;1232;70256;2957;1.8;0.1
FR;69;2021-01-30;937;402;71193;3359;1.8;0.1
FR;69;2021-01-31;180;159;71373;3518;1.8;0.1
FR;69;2021-02-01;1805;1521;73178;5039;1.9;0.1
FR;69;2021-02-02;2400;2201;75578;7240;1.9;0.2
FR;69;2021-02-03;2415;2271;77993;9511;2.0;0.2
FR;69;2021-02-04;2977;2922;80970;12433;2.1;0.3
FR;69;2021-02-05;2501;2538;83471;14971;2.1;0.4
FR;69;2021-02-06;721;808;84192;15779;2.2;0.4
FR;69;2021-02-07;162;391;84354;16170;2.2;0.4
FR;69;2021-02-08;1606;2408;85960;18578;2.2;0.5
FR;69;2021-02-09;2398;3410;88358;21988;2.3;0.6
FR;69;2021-02-10;2560;3403;90918;25391;2.3;0.7
FR;69;2021-02-11;3510;4857;94428;30248;2.4;0.8
FR;69;2021-02-12;3154;3415;97582;33663;2.5;0.9
FR;69;2021-02-13;864;1033;98446;34696;2.5;0.9
FR;69;2021-02-14;215;413;98661;35109;2.5;0.9
FR;69;2021-02-15;1325;2775;99986;37884;2.6;1.0
FR;69;2021-02-16;1864;3980;101850;41864;2.6;1.1
FR;69;2021-02-17;2010;3661;103860;45525;2.7;1.2
FR;69;2021-02-18;2994;4555;106854;50080;2.7;1.3
FR;69;2021-02-19;2857;3503;109711;53583;2.8;1.4
FR;69;2021-02-20;752;1025;110463;54608;2.8;1.4
FR;69;2021-02-21;150;235;110613;54843;2.8;1.4
FR;69;2021-02-22;1604;2573;112217;57416;2.9;1.5
FR;69;2021-02-23;2266;2816;114483;60232;2.9;1.5
FR;69;2021-02-24;2656;2907;117139;63139;3.0;1.6
FR;69;2021-02-25;3874;3570;121013;66709;3.1;1.7
FR;69;2021-02-26;4270;2623;125283;69332;3.2;1.8
FR;69;2021-02-27;1806;704;127089;70036;3.3;1.8
FR;69;2021-02-28;311;179;127400;70215;3.3;1.8
FR;69;2021-03-01;2792;1925;130192;72140;3.3;1.8
FR;69;2021-03-02;4708;2429;134900;74569;3.5;1.9
FR;69;2021-03-03;6651;2467;141551;77036;3.6;2.0
FR;69;2021-03-04;11701;2990;153252;80026;3.9;2.1
FR;69;2021-03-05;17414;2654;170666;82680;4.4;2.1
FR;69;2021-03-06;22998;730;193664;83410;5.0;2.1
FR;69;2021-03-07;14709;403;208373;83813;5.3;2.1
FR;69;2021-03-08;9716;2016;218089;85829;5.6;2.2
FR;69;2021-03-09;17431;2454;235520;88283;6.0;2.3
FR;69;2021-03-10;18722;2502;254242;90785;6.5;2.3
FR;69;2021-03-11;29061;3157;283303;93942;7.3;2.4
FR;69;2021-03-12;39731;2843;323034;96785;8.3;2.5
FR;69;2021-03-13;35843;905;358877;97690;9.2;2.5
FR;69;2021-03-14;8165;227;367042;97917;9.4;2.5
FR;69;2021-03-15;16606;1775;383648;99692;9.8;2.6
FR;69;2021-03-16;10708;2160;394356;101852;10.1;2.6
FR;69;2021-03-17;11709;2160;406065;104012;10.4;2.7
FR;69;2021-03-18;13104;2571;419169;106583;10.7;2.7
FR;69;2021-03-19;28697;2364;447866;108947;11.5;2.8
FR;69;2021-03-20;26861;842;474727;109789;12.2;2.8
FR;69;2021-03-21;7112;263;481839;110052;12.3;2.8
FR;69;2021-03-22;21123;2123;502962;112175;12.9;2.9
FR;69;2021-03-23;36057;2732;539019;114907;13.8;2.9
FR;69;2021-03-24;37345;2765;576364;117672;14.8;3.0
FR;69;2021-03-25;54790;2996;631154;120668;16.2;3.1
FR;69;2021-03-26;58946;2879;690100;123547;17.7;3.2
FR;69;2021-03-27;30025;1304;720125;124851;18.5;3.2
FR;69;2021-03-28;7596;368;727721;125219;18.7;3.2
FR;69;2021-03-29;27623;3376;755344;128595;19.4;3.3
FR;69;2021-03-30;42169;4266;797513;132861;20.4;3.4
FR;69;2021-03-31;35294;4322;832807;137183;21.3;3.5
FR;69;2021-04-01;43110;5694;875917;142877;22.4;3.7
FR;69;2021-04-02;41233;5837;917150;148714;23.5;3.8
FR;69;2021-04-03;21636;3900;938786;152614;24.1;3.9
FR;69;2021-04-04;5801;1299;944587;153913;24.2;3.9
FR;69;2021-04-05;7606;1051;952193;154964;24.4;4.0
FR;69;2021-04-06;27722;7126;979915;162090;25.1;4.2
FR;69;2021-04-07;32327;7687;1012242;169777;25.9;4.4
FR;69;2021-04-08;48462;8760;1060704;178537;27.2;4.6
FR;69;2021-04-09;70399;8891;1131103;187428;29.0;4.8
FR;69;2021-04-10;36592;7788;1167695;195216;29.9;5.0
FR;69;2021-04-11;7993;4271;1175688;199487;30.1;5.1
FR;69;2021-04-12;38495;8768;1214183;208255;31.1;5.3
FR;69;2021-04-13;53400;11866;1267583;220121;32.5;5.6
FR;69;2021-04-14;49165;11563;1316748;231684;33.7;5.9
FR;69;2021-04-15;61653;13428;1378401;245112;35.3;6.3
FR;69;2021-04-16;72343;13956;1450744;259068;37.2;6.6
FR;69;2021-04-17;39492;10618;1490236;269686;38.2;6.9
FR;69;2021-04-18;9993;5011;1500229;274697;38.4;7.0
FR;69;2021-04-19;45733;13808;1545962;288505;39.6;7.4
FR;69;2021-04-20;56870;16714;1602832;305219;41.1;7.8
FR;69;2021-04-21;53262;16449;1656094;321668;42.4;8.2
FR;69;2021-04-22;59995;18628;1716089;340296;44.0;8.7
FR;69;2021-04-23;59077;18650;1775166;358946;45.5;9.2
FR;69;2021-04-24;37157;13082;1812323;372028;46.4;9.5
FR;69;2021-04-25;13169;4961;1825492;376989;46.8;9.7
FR;69;2021-04-26;49062;18272;1874554;395261;48.0;10.1
FR;69;2021-04-27;61533;23071;1936087;418332;49.6;10.7
FR;69;2021-04-28;59476;21968;1995563;440300;51.1;11.3
FR;69;2021-04-29;69690;24718;2065253;465018;52.9;11.9
FR;69;2021-04-30;66634;23771;2131887;488789;54.6;12.5
FR;69;2021-05-01;23740;7567;2155627;496356;55.2;12.7
FR;69;2021-05-02;11126;5128;2166753;501484;55.5;12.9
FR;69;2021-05-03;47159;21261;2213912;522745;56.7;13.4
FR;69;2021-05-04;47704;27680;2261616;550425;58.0;14.1
FR;69;2021-05-05;42471;27098;2304087;577523;59.1;14.8
FR;69;2021-05-06;50625;30139;2354712;607662;60.3;15.6
FR;69;2021-05-07;42080;34231;2396792;641893;61.4;16.5
FR;69;2021-05-08;15066;9338;2411858;651231;61.8;16.7
FR;69;2021-05-09;7267;6553;2419125;657784;62.0;16.9
FR;69;2021-05-10;29358;34661;2448483;692445;62.8;17.7
FR;69;2021-05-11;38003;43703;2486486;736148;63.7;18.9
FR;69;2021-05-12;32782;39144;2519268;775292;64.6;19.9
FR;69;2021-05-13;17435;11492;2536703;786784;65.0;20.2
FR;69;2021-05-14;29877;34115;2566580;820899;65.8;21.0
FR;69;2021-05-15;15145;18498;2581725;839397;66.2;21.5
FR;69;2021-05-16;5427;4306;2587152;843703;66.3;21.6
FR;69;2021-05-17;21703;28750;2608855;872453;66.9;22.4
FR;69;2021-05-18;27653;29539;2636508;901992;67.6;23.1
FR;69;2021-05-19;24098;25182;2660606;927174;68.2;23.8
FR;69;2021-05-20;28138;27769;2688744;954943;68.9;24.5
FR;69;2021-05-21;22705;30645;2711449;985588;69.5;25.3
FR;69;2021-05-22;9590;14338;2721039;999926;69.7;25.6
FR;69;2021-05-23;3154;2363;2724193;1002289;69.8;25.7
FR;69;2021-05-24;7982;7105;2732175;1009394;70.0;25.9
FR;74;2020-12-27;1;0;1;0;0.0;0.0
FR;74;2020-12-28;7;0;8;0;0.0;0.0
FR;74;2020-12-29;5;0;13;0;0.0;0.0
FR;74;2020-12-30;11;0;24;0;0.0;0.0
FR;74;2020-12-31;7;0;31;0;0.0;0.0
FR;74;2021-01-01;5;0;36;0;0.0;0.0
FR;74;2021-01-02;3;0;39;0;0.0;0.0
FR;74;2021-01-03;12;0;51;0;0.0;0.0
FR;74;2021-01-04;85;1;136;1;0.0;0.0
FR;74;2021-01-05;297;0;433;1;0.0;0.0
FR;74;2021-01-06;554;0;987;1;0.0;0.0
FR;74;2021-01-07;1463;0;2450;1;0.1;0.0
FR;74;2021-01-08;1793;3;4243;4;0.1;0.0
FR;74;2021-01-09;794;1;5037;5;0.1;0.0
FR;74;2021-01-10;534;0;5571;5;0.2;0.0
FR;74;2021-01-11;2120;0;7691;5;0.2;0.0
FR;74;2021-01-12;3146;3;10837;8;0.3;0.0
FR;74;2021-01-13;3193;6;14030;14;0.4;0.0
FR;74;2021-01-14;3941;39;17971;53;0.5;0.0
FR;74;2021-01-15;3531;9;21502;62;0.6;0.0
FR;74;2021-01-16;1333;2;22835;64;0.7;0.0
FR;74;2021-01-17;764;3;23599;67;0.7;0.0
FR;74;2021-01-18;4715;11;28314;78;0.8;0.0
FR;74;2021-01-19;6819;11;35133;89;1.0;0.0
FR;74;2021-01-20;7093;11;42226;100;1.2;0.0
FR;74;2021-01-21;8176;22;50402;122;1.4;0.0
FR;74;2021-01-22;6534;17;56936;139;1.6;0.0
FR;74;2021-01-23;2258;1;59194;140;1.7;0.0
FR;74;2021-01-24;608;0;59802;140;1.7;0.0
FR;74;2021-01-25;4531;56;64333;196;1.8;0.0
FR;74;2021-01-26;5623;149;69956;345;2.0;0.0
FR;74;2021-01-27;5979;271;75935;616;2.2;0.0
FR;74;2021-01-28;6965;749;82900;1365;2.4;0.0
FR;74;2021-01-29;5732;896;88632;2261;2.5;0.1
FR;74;2021-01-30;1769;261;90401;2522;2.6;0.1
FR;74;2021-01-31;294;114;90695;2636;2.6;0.1
FR;74;2021-02-01;3276;1060;93971;3696;2.7;0.1
FR;74;2021-02-02;4280;1783;98251;5479;2.8;0.2
FR;74;2021-02-03;4302;1805;102553;7284;2.9;0.2
FR;74;2021-02-04;5174;2467;107727;9751;3.1;0.3
FR;74;2021-02-05;4382;2178;112109;11929;3.2;0.3
FR;74;2021-02-06;1395;694;113504;12623;3.3;0.4
FR;74;2021-02-07;243;351;113747;12974;3.3;0.4
FR;74;2021-02-08;3071;2505;116818;15479;3.4;0.4
FR;74;2021-02-09;4100;3722;120918;19201;3.5;0.6
FR;74;2021-02-10;4409;3814;125327;23015;3.6;0.7
FR;74;2021-02-11;5615;5470;130942;28485;3.8;0.8
FR;74;2021-02-12;5258;3818;136200;32303;3.9;0.9
FR;74;2021-02-13;1647;1219;137847;33522;4.0;1.0
FR;74;2021-02-14;405;471;138252;33993;4.0;1.0
FR;74;2021-02-15;2396;4179;140648;38172;4.0;1.1
FR;74;2021-02-16;3276;5630;143924;43802;4.1;1.3
FR;74;2021-02-17;3391;5449;147315;49251;4.2;1.4
FR;74;2021-02-18;4921;6802;152236;56053;4.4;1.6
FR;74;2021-02-19;4872;5406;157108;61459;4.5;1.8
FR;74;2021-02-20;1548;1736;158656;63195;4.6;1.8
FR;74;2021-02-21;232;415;158888;63610;4.6;1.8
FR;74;2021-02-22;2860;4292;161748;67902;4.7;2.0
FR;74;2021-02-23;4132;4891;165880;72793;4.8;2.1
FR;74;2021-02-24;4515;4838;170395;77631;4.9;2.2
FR;74;2021-02-25;5522;5694;175917;83325;5.1;2.4
FR;74;2021-02-26;5477;4466;181394;87791;5.2;2.5
FR;74;2021-02-27;2003;1364;183397;89155;5.3;2.6
FR;74;2021-02-28;528;293;183925;89448;5.3;2.6
FR;74;2021-03-01;5058;3363;188983;92811;5.4;2.7
FR;74;2021-03-02;7439;4273;196422;97084;5.6;2.8
FR;74;2021-03-03;9656;4254;206078;101338;5.9;2.9
FR;74;2021-03-04;14997;4798;221075;106136;6.4;3.1
FR;74;2021-03-05;21617;4573;242692;110709;7.0;3.2
FR;74;2021-03-06;31035;1359;273727;112068;7.9;3.2
FR;74;2021-03-07;20862;495;294589;112563;8.5;3.2
FR;74;2021-03-08;14174;3649;308763;116212;8.9;3.3
FR;74;2021-03-09;23996;4217;332759;120429;9.6;3.5
FR;74;2021-03-10;26210;4390;358969;124819;10.3;3.6
FR;74;2021-03-11;38214;5268;397183;130087;11.4;3.7
FR;74;2021-03-12;50467;4668;447650;134755;12.9;3.9
FR;74;2021-03-13;47648;1516;495298;136271;14.2;3.9
FR;74;2021-03-14;11929;407;507227;136678;14.6;3.9
FR;74;2021-03-15;25458;3120;532685;139798;15.3;4.0
FR;74;2021-03-16;20020;3831;552705;143629;15.9;4.1
FR;74;2021-03-17;21768;3864;574473;147493;16.5;4.2
FR;74;2021-03-18;24384;4504;598857;151997;17.2;4.4
FR;74;2021-03-19;41255;3946;640112;155943;18.4;4.5
FR;74;2021-03-20;35314;1543;675426;157486;19.4;4.5
FR;74;2021-03-21;9469;394;684895;157880;19.7;4.5
FR;74;2021-03-22;31421;3881;716316;161761;20.6;4.7
FR;74;2021-03-23;50023;4771;766339;166532;22.0;4.8
FR;74;2021-03-24;51980;5148;818319;171680;23.5;4.9
FR;74;2021-03-25;74529;5506;892848;177186;25.7;5.1
FR;74;2021-03-26;80567;5130;973415;182316;28.0;5.2
FR;74;2021-03-27;50914;2359;1024329;184675;29.4;5.3
FR;74;2021-03-28;17782;732;1042111;185407;30.0;5.3
FR;74;2021-03-29;56004;6836;1098115;192243;31.6;5.5
FR;74;2021-03-30;76425;8697;1174540;200940;33.8;5.8
FR;74;2021-03-31;67794;9261;1242334;210201;35.7;6.0
FR;74;2021-04-01;78196;11639;1320530;221840;38.0;6.4
FR;74;2021-04-02;69869;12214;1390399;234054;40.0;6.7
FR;74;2021-04-03;37112;8413;1427511;242467;41.0;7.0
FR;74;2021-04-04;12496;2772;1440007;245239;41.4;7.1
FR;74;2021-04-05;19193;1846;1459200;247085;42.0;7.1
FR;74;2021-04-06;64232;15048;1523432;262133;43.8;7.5
FR;74;2021-04-07;72534;15919;1595966;278052;45.9;8.0
FR;74;2021-04-08;87476;17807;1683442;295859;48.4;8.5
FR;74;2021-04-09;97096;17584;1780538;313443;51.2;9.0
FR;74;2021-04-10;48570;13965;1829108;327408;52.6;9.4
FR;74;2021-04-11;12729;6806;1841837;334214;53.0;9.6
FR;74;2021-04-12;60803;17650;1902640;351864;54.7;10.1
FR;74;2021-04-13;68590;22103;1971230;373967;56.7;10.8
FR;74;2021-04-14;59957;21701;2031187;395668;58.4;11.4
FR;74;2021-04-15;61791;23641;2092978;419309;60.2;12.1
FR;74;2021-04-16;52097;24246;2145075;443555;61.7;12.8
FR;74;2021-04-17;25644;16766;2170719;460321;62.4;13.2
FR;74;2021-04-18;5734;6958;2176453;467279;62.6;13.4
FR;74;2021-04-19;31629;24240;2208082;491519;63.5;14.1
FR;74;2021-04-20;36115;29502;2244197;521021;64.5;15.0
FR;74;2021-04-21;33226;30149;2277423;551170;65.5;15.8
FR;74;2021-04-22;37944;35105;2315367;586275;66.6;16.9
FR;74;2021-04-23;34653;38687;2350020;624962;67.6;18.0
FR;74;2021-04-24;18556;30669;2368576;655631;68.1;18.8
FR;74;2021-04-25;6098;12539;2374674;668170;68.3;19.2
FR;74;2021-04-26;26424;46794;2401098;714964;69.0;20.6
FR;74;2021-04-27;32853;55951;2433951;770915;70.0;22.2
FR;74;2021-04-28;32384;52735;2466335;823650;70.9;23.7
FR;74;2021-04-29;38423;53850;2504758;877500;72.0;25.2
FR;74;2021-04-30;34846;49032;2539604;926532;73.0;26.6
FR;74;2021-05-01;11043;15110;2550647;941642;73.3;27.1
FR;74;2021-05-02;5127;11368;2555774;953010;73.5;27.4
FR;74;2021-05-03;24019;52026;2579793;1005036;74.2;28.9
FR;74;2021-05-04;24915;69160;2604708;1074196;74.9;30.9
FR;74;2021-05-05;22510;64859;2627218;1139055;75.5;32.7
FR;74;2021-05-06;27177;63197;2654395;1202252;76.3;34.6
FR;74;2021-05-07;23082;65932;2677477;1268184;77.0;36.5
FR;74;2021-05-08;7762;14261;2685239;1282445;77.2;36.9
FR;74;2021-05-09;3649;10466;2688888;1292911;77.3;37.2
FR;74;2021-05-10;15845;63011;2704733;1355922;77.8;39.0
FR;74;2021-05-11;20833;64054;2725566;1419976;78.4;40.8
FR;74;2021-05-12;18236;53117;2743802;1473093;78.9;42.4
FR;74;2021-05-13;9045;12073;2752847;1485166;79.1;42.7
FR;74;2021-05-14;16824;37714;2769671;1522880;79.6;43.8
FR;74;2021-05-15;8313;17545;2777984;1540425;79.9;44.3
FR;74;2021-05-16;2974;3494;2780958;1543919;80.0;44.4
FR;74;2021-05-17;12130;30753;2793088;1574672;80.3;45.3
FR;74;2021-05-18;15242;30420;2808330;1605092;80.7;46.1
FR;74;2021-05-19;13831;25349;2822161;1630441;81.1;46.9
FR;74;2021-05-20;15852;27639;2838013;1658080;81.6;47.7
FR;74;2021-05-21;13155;30633;2851168;1688713;82.0;48.5
FR;74;2021-05-22;5710;14185;2856878;1702898;82.1;49.0
FR;74;2021-05-23;1821;2375;2858699;1705273;82.2;49.0
FR;74;2021-05-24;4549;5707;2863248;1710980;82.3;49.2
FR;79;2020-12-27;1;0;1;0;0.0;0.0
FR;79;2020-12-28;6;0;7;0;0.0;0.0
FR;79;2020-12-29;16;0;23;0;0.0;0.0
FR;79;2020-12-30;11;0;34;0;0.0;0.0
FR;79;2020-12-31;6;0;40;0;0.0;0.0
FR;79;2021-01-01;4;0;44;0;0.0;0.0
FR;79;2021-01-02;4;0;48;0;0.0;0.0
FR;79;2021-01-03;2;0;50;0;0.0;0.0
FR;79;2021-01-04;49;0;99;0;0.0;0.0
FR;79;2021-01-05;171;0;270;0;0.0;0.0
FR;79;2021-01-06;339;0;609;0;0.0;0.0
FR;79;2021-01-07;905;0;1514;0;0.1;0.0
FR;79;2021-01-08;1082;1;2596;1;0.1;0.0
FR;79;2021-01-09;364;0;2960;1;0.1;0.0
FR;79;2021-01-10;191;0;3151;1;0.1;0.0
FR;79;2021-01-11;1148;2;4299;3;0.2;0.0
FR;79;2021-01-12;2203;2;6502;5;0.3;0.0
FR;79;2021-01-13;2745;2;9247;7;0.4;0.0
FR;79;2021-01-14;4433;35;13680;42;0.6;0.0
FR;79;2021-01-15;5254;16;18934;58;0.9;0.0
FR;79;2021-01-16;2820;11;21754;69;1.0;0.0
FR;79;2021-01-17;1305;3;23059;72;1.0;0.0
FR;79;2021-01-18;19645;36;42704;108;1.9;0.0
FR;79;2021-01-19;26040;35;68744;143;3.1;0.0
FR;79;2021-01-20;28022;31;96766;174;4.4;0.0
FR;79;2021-01-21;30046;32;126812;206;5.7;0.0
FR;79;2021-01-22;27896;26;154708;232;7.0;0.0
FR;79;2021-01-23;11661;10;166369;242;7.5;0.0
FR;79;2021-01-24;2172;3;168541;245;7.6;0.0
FR;79;2021-01-25;22549;44;191090;289;8.6;0.0
FR;79;2021-01-26;25725;117;216815;406;9.8;0.0
FR;79;2021-01-27;25006;193;241821;599;10.9;0.0
FR;79;2021-01-28;25196;559;267017;1158;12.0;0.1
FR;79;2021-01-29;22537;562;289554;1720;13.1;0.1
FR;79;2021-01-30;8782;137;298336;1857;13.5;0.1
FR;79;2021-01-31;1230;55;299566;1912;13.5;0.1
FR;79;2021-02-01;16136;643;315702;2555;14.2;0.1
FR;79;2021-02-02;19267;1271;334969;3826;15.1;0.2
FR;79;2021-02-03;18290;1577;353259;5403;15.9;0.2
FR;79;2021-02-04;19175;2533;372434;7936;16.8;0.4
FR;79;2021-02-05;18020;2679;390454;10615;17.6;0.5
FR;79;2021-02-06;6451;1005;396905;11620;17.9;0.5
FR;79;2021-02-07;872;391;397777;12011;17.9;0.5
FR;79;2021-02-08;13083;5810;410860;17821;18.5;0.8
FR;79;2021-02-09;15550;7672;426410;25493;19.2;1.1
FR;79;2021-02-10;15442;8045;441852;33538;19.9;1.5
FR;79;2021-02-11;16527;9606;458379;43144;20.7;1.9
FR;79;2021-02-12;15666;9406;474045;52550;21.4;2.4
FR;79;2021-02-13;5005;4122;479050;56672;21.6;2.6
FR;79;2021-02-14;905;1043;479955;57715;21.6;2.6
FR;79;2021-02-15;7131;19822;487086;77537;22.0;3.5
FR;79;2021-02-16;8351;23625;495437;101162;22.3;4.6
FR;79;2021-02-17;8250;24023;503687;125185;22.7;5.6
FR;79;2021-02-18;10288;24422;513975;149607;23.2;6.7
FR;79;2021-02-19;10312;20762;524287;170369;23.6;7.7
FR;79;2021-02-20;3767;8311;528054;178680;23.8;8.1
FR;79;2021-02-21;549;1555;528603;180235;23.8;8.1
FR;79;2021-02-22;6986;21884;535589;202119;24.2;9.1
FR;79;2021-02-23;9632;23564;545221;225683;24.6;10.2
FR;79;2021-02-24;10024;22202;555245;247885;25.0;11.2
FR;79;2021-02-25;11676;22086;566921;269971;25.6;12.2
FR;79;2021-02-26;12062;19111;578983;289082;26.1;13.0
FR;79;2021-02-27;4419;6733;583402;295815;26.3;13.3
FR;79;2021-02-28;873;1038;584275;296853;26.4;13.4
FR;79;2021-03-01;12115;16447;596390;313300;26.9;14.1
FR;79;2021-03-02;16312;19263;612702;332563;27.6;15.0
FR;79;2021-03-03;17722;18528;630424;351091;28.4;15.8
FR;79;2021-03-04;20887;17665;651311;368756;29.4;16.6
FR;79;2021-03-05;22442;16459;673753;385215;30.4;17.4
FR;79;2021-03-06;28967;5340;702720;390555;31.7;17.6
FR;79;2021-03-07;21053;1017;723773;391572;32.6;17.7
FR;79;2021-03-08;17353;15321;741126;406893;33.4;18.4
FR;79;2021-03-09;25727;16411;766853;423304;34.6;19.1
FR;79;2021-03-10;26856;15582;793709;438886;35.8;19.8
FR;79;2021-03-11;31810;15072;825519;453958;37.2;20.5
FR;79;2021-03-12;33323;12925;858842;466883;38.7;21.1
FR;79;2021-03-13;25259;4209;884101;471092;39.9;21.2
FR;79;2021-03-14;9462;766;893563;471858;40.3;21.3
FR;79;2021-03-15;28440;8675;922003;480533;41.6;21.7
FR;79;2021-03-16;32783;9287;954786;489820;43.1;22.1
FR;79;2021-03-17;33764;9241;988550;499061;44.6;22.5
FR;79;2021-03-18;36650;9725;1025200;508786;46.2;22.9
FR;79;2021-03-19;36675;8850;1061875;517636;47.9;23.3
FR;79;2021-03-20;20660;3274;1082535;520910;48.8;23.5
FR;79;2021-03-21;5874;597;1088409;521507;49.1;23.5
FR;79;2021-03-22;28538;9170;1116947;530677;50.4;23.9
FR;79;2021-03-23;36996;10758;1153943;541435;52.0;24.4
FR;79;2021-03-24;35486;11328;1189429;552763;53.6;24.9
FR;79;2021-03-25;41829;11103;1231258;563866;55.5;25.4
FR;79;2021-03-26;39301;10416;1270559;574282;57.3;25.9
FR;79;2021-03-27;17623;4400;1288182;578682;58.1;26.1
FR;79;2021-03-28;4794;901;1292976;579583;58.3;26.1
FR;79;2021-03-29;22238;14991;1315214;594574;59.3;26.8
FR;79;2021-03-30;27972;18886;1343186;613460;60.6;27.7
FR;79;2021-03-31;24644;19723;1367830;633183;61.7;28.6
FR;79;2021-04-01;27122;23171;1394952;656354;62.9;29.6
FR;79;2021-04-02;23007;24424;1417959;680778;63.9;30.7
FR;79;2021-04-03;10000;17355;1427959;698133;64.4;31.5
FR;79;2021-04-04;2797;5060;1430756;703193;64.5;31.7
FR;79;2021-04-05;4184;2744;1434940;705937;64.7;31.8
FR;79;2021-04-06;18884;28942;1453824;734879;65.6;33.1
FR;79;2021-04-07;20992;29828;1474816;764707;66.5;34.5
FR;79;2021-04-08;24930;29890;1499746;794597;67.6;35.8
FR;79;2021-04-09;26766;28067;1526512;822664;68.8;37.1
FR;79;2021-04-10;13625;18911;1540137;841575;69.5;38.0
FR;79;2021-04-11;3502;6444;1543639;848019;69.6;38.2
FR;79;2021-04-12;16692;28881;1560331;876900;70.4;39.5
FR;79;2021-04-13;19039;34976;1579370;911876;71.2;41.1
FR;79;2021-04-14;18087;33115;1597457;944991;72.0;42.6
FR;79;2021-04-15;19028;33289;1616485;978280;72.9;44.1
FR;79;2021-04-16;16159;31015;1632644;1009295;73.6;45.5
FR;79;2021-04-17;8114;16677;1640758;1025972;74.0;46.3
FR;79;2021-04-18;1764;4830;1642522;1030802;74.1;46.5
FR;79;2021-04-19;9797;29149;1652319;1059951;74.5;47.8
FR;79;2021-04-20;11608;34414;1663927;1094365;75.0;49.4
FR;79;2021-04-21;11216;31181;1675143;1125546;75.5;50.8
FR;79;2021-04-22;12764;31053;1687907;1156599;76.1;52.2
FR;79;2021-04-23;11827;27653;1699734;1184252;76.7;53.4
FR;79;2021-04-24;6122;13703;1705856;1197955;76.9;54.0
FR;79;2021-04-25;1893;3419;1707749;1201374;77.0;54.2
FR;79;2021-04-26;8823;20567;1716572;1221941;77.4;55.1
FR;79;2021-04-27;10992;23631;1727564;1245572;77.9;56.2
FR;79;2021-04-28;11497;20860;1739061;1266432;78.4;57.1
FR;79;2021-04-29;13503;20621;1752564;1287053;79.0;58.0
FR;79;2021-04-30;12732;17546;1765296;1304599;79.6;58.8
FR;79;2021-05-01;3789;3905;1769085;1308504;79.8;59.0
FR;79;2021-05-02;1719;2613;1770804;1311117;79.9;59.1
FR;79;2021-05-03;8514;15071;1779318;1326188;80.2;59.8
FR;79;2021-05-04;8840;20119;1788158;1346307;80.6;60.7
FR;79;2021-05-05;8295;18940;1796453;1365247;81.0;61.6
FR;79;2021-05-06;10151;18739;1806604;1383986;81.5;62.4
FR;79;2021-05-07;8859;19411;1815463;1403397;81.9;63.3
FR;79;2021-05-08;2914;4278;1818377;1407675;82.0;63.5
FR;79;2021-05-09;1377;2984;1819754;1410659;82.1;63.6
FR;79;2021-05-10;6043;17447;1825797;1428106;82.3;64.4
FR;79;2021-05-11;7884;18515;1833681;1446621;82.7;65.2
FR;79;2021-05-12;7142;15749;1840823;1462370;83.0;66.0
FR;79;2021-05-13;3476;3775;1844299;1466145;83.2;66.1
FR;79;2021-05-14;6690;11350;1850989;1477495;83.5;66.6
FR;79;2021-05-15;3256;5087;1854245;1482582;83.6;66.9
FR;79;2021-05-16;1138;1149;1855383;1483731;83.7;66.9
FR;79;2021-05-17;4845;8964;1860228;1492695;83.9;67.3
FR;79;2021-05-18;5963;9097;1866191;1501792;84.2;67.7
FR;79;2021-05-19;5584;7928;1871775;1509720;84.4;68.1
FR;79;2021-05-20;6468;8065;1878243;1517785;84.7;68.5
FR;79;2021-05-21;5448;8680;1883691;1526465;85.0;68.8
FR;79;2021-05-22;2372;3787;1886063;1530252;85.1;69.0
FR;79;2021-05-23;707;784;1886770;1531036;85.1;69.0
FR;79;2021-05-24;1784;1578;1888554;1532614;85.2;69.1
FR;80;2020-12-27;10;2;10;2;0.0;0.0
FR;80;2020-12-28;41;0;51;2;0.0;0.0
FR;80;2020-12-29;78;0;129;2;0.0;0.0
FR;80;2020-12-30;69;0;198;2;0.0;0.0
FR;80;2020-12-31;49;0;247;2;0.0;0.0
FR;80;2021-01-01;9;0;256;2;0.0;0.0
FR;80;2021-01-02;8;0;264;2;0.0;0.0
FR;80;2021-01-03;2;0;266;2;0.0;0.0
FR;80;2021-01-04;297;1;563;3;0.0;0.0
FR;80;2021-01-05;909;0;1472;3;0.0;0.0
FR;80;2021-01-06;1673;0;3145;3;0.1;0.0
FR;80;2021-01-07;6292;2;9437;5;0.2;0.0
FR;80;2021-01-08;5742;2;15179;7;0.4;0.0
FR;80;2021-01-09;979;0;16158;7;0.4;0.0
FR;80;2021-01-10;308;0;16466;7;0.4;0.0
FR;80;2021-01-11;4439;4;20905;11;0.5;0.0
FR;80;2021-01-12;12696;8;33601;19;0.8;0.0
FR;80;2021-01-13;12434;14;46035;33;1.1;0.0
FR;80;2021-01-14;18246;117;64281;150;1.5;0.0
FR;80;2021-01-15;12127;32;76408;182;1.8;0.0
FR;80;2021-01-16;4033;28;80441;210;1.9;0.0
FR;80;2021-01-17;3745;18;84186;228;2.0;0.0
FR;80;2021-01-18;28740;65;112926;293;2.7;0.0
FR;80;2021-01-19;53769;62;166695;355;4.0;0.0
FR;80;2021-01-20;59370;112;226065;467;5.4;0.0
FR;80;2021-01-21;69927;79;295992;546;7.1;0.0
FR;80;2021-01-22;48295;66;344287;612;8.3;0.0
FR;80;2021-01-23;16214;8;360501;620;8.7;0.0
FR;80;2021-01-24;4311;2;364812;622;8.8;0.0
FR;80;2021-01-25;32406;147;397218;769;9.6;0.0
FR;80;2021-01-26;45109;530;442327;1299;10.6;0.0
FR;80;2021-01-27;50881;889;493208;2188;11.9;0.1
FR;80;2021-01-28;59996;3940;553204;6128;13.3;0.1
FR;80;2021-01-29;39328;3275;592532;9403;14.3;0.2
FR;80;2021-01-30;13221;591;605753;9994;14.6;0.2
FR;80;2021-01-31;2333;285;608086;10279;14.6;0.2
FR;80;2021-02-01;23000;2784;631086;13063;15.2;0.3
FR;80;2021-02-02;33473;7427;664559;20490;16.0;0.5
FR;80;2021-02-03;34406;7870;698965;28360;16.8;0.7
FR;80;2021-02-04;38060;12582;737025;40942;17.7;1.0
FR;80;2021-02-05;29787;9525;766812;50467;18.4;1.2
FR;80;2021-02-06;9703;2123;776515;52590;18.7;1.3
FR;80;2021-02-07;1449;1867;777964;54457;18.7;1.3
FR;80;2021-02-08;19339;11137;797303;65594;19.2;1.6
FR;80;2021-02-09;25892;25606;823195;91200;19.8;2.2
FR;80;2021-02-10;26298;28914;849493;120114;20.4;2.9
FR;80;2021-02-11;30497;38115;879990;158229;21.2;3.8
FR;80;2021-02-12;26700;24677;906690;182906;21.8;4.4
FR;80;2021-02-13;7925;6522;914615;189428;22.0;4.6
FR;80;2021-02-14;1507;3100;916122;192528;22.0;4.6
FR;80;2021-02-15;11132;28308;927254;220836;22.3;5.3
FR;80;2021-02-16;15546;38925;942800;259761;22.7;6.2
FR;80;2021-02-17;15934;44487;958734;304248;23.1;7.3
FR;80;2021-02-18;21480;52510;980214;356758;23.6;8.6
FR;80;2021-02-19;19043;37491;999257;394249;24.0;9.5
FR;80;2021-02-20;6301;12322;1005558;406571;24.2;9.8
FR;80;2021-02-21;912;2970;1006470;409541;24.2;9.8
FR;80;2021-02-22;11170;30691;1017640;440232;24.5;10.6
FR;80;2021-02-23;17069;37262;1034709;477494;24.9;11.5
FR;80;2021-02-24;17976;37079;1052685;514573;25.3;12.4
FR;80;2021-02-25;22275;40857;1074960;555430;25.9;13.4
FR;80;2021-02-26;20514;30904;1095474;586334;26.3;14.1
FR;80;2021-02-27;7168;10283;1102642;596617;26.5;14.3
FR;80;2021-02-28;1260;2120;1103902;598737;26.5;14.4
FR;80;2021-03-01;18767;23202;1122669;621939;27.0;15.0
FR;80;2021-03-02;26865;29099;1149534;651038;27.6;15.7
FR;80;2021-03-03;28665;29230;1178199;680268;28.3;16.4
FR;80;2021-03-04;34847;29672;1213046;709940;29.2;17.1
FR;80;2021-03-05;35843;27472;1248889;737412;30.0;17.7
FR;80;2021-03-06;41290;8325;1290179;745737;31.0;17.9
FR;80;2021-03-07;29656;2003;1319835;747740;31.7;18.0
FR;80;2021-03-08;27146;22468;1346981;770208;32.4;18.5
FR;80;2021-03-09;40676;24639;1387657;794847;33.4;19.1
FR;80;2021-03-10;43045;25369;1430702;820216;34.4;19.7
FR;80;2021-03-11;51573;26847;1482275;847063;35.6;20.4
FR;80;2021-03-12;52009;22942;1534284;870005;36.9;20.9
FR;80;2021-03-13;37395;6980;1571679;876985;37.8;21.1
FR;80;2021-03-14;13876;1517;1585555;878502;38.1;21.1
FR;80;2021-03-15;44007;13915;1629562;892417;39.2;21.5
FR;80;2021-03-16;51781;17006;1681343;909423;40.4;21.9
FR;80;2021-03-17;54590;16521;1735933;925944;41.8;22.3
FR;80;2021-03-18;58446;18800;1794379;944744;43.2;22.7
FR;80;2021-03-19;57299;15698;1851678;960442;44.5;23.1
FR;80;2021-03-20;30956;5325;1882634;965767;45.3;23.2
FR;80;2021-03-21;8684;1089;1891318;966856;45.5;23.3
FR;80;2021-03-22;42808;14532;1934126;981388;46.5;23.6
FR;80;2021-03-23;55480;18024;1989606;999412;47.9;24.0
FR;80;2021-03-24;54351;19022;2043957;1018434;49.2;24.5
FR;80;2021-03-25;63850;19546;2107807;1037980;50.7;25.0
FR;80;2021-03-26;60015;18228;2167822;1056208;52.1;25.4
FR;80;2021-03-27;26540;7334;2194362;1063542;52.8;25.6
FR;80;2021-03-28;6924;1448;2201286;1064990;52.9;25.6
FR;80;2021-03-29;32797;23374;2234083;1088364;53.7;26.2
FR;80;2021-03-30;43126;30701;2277209;1119065;54.8;26.9
FR;80;2021-03-31;40436;32078;2317645;1151143;55.7;27.7
FR;80;2021-04-01;46021;37682;2363666;1188825;56.8;28.6
FR;80;2021-04-02;36994;39700;2400660;1228525;57.7;29.5
FR;80;2021-04-03;14487;26079;2415147;1254604;58.1;30.2
FR;80;2021-04-04;3862;7558;2419009;1262162;58.2;30.4
FR;80;2021-04-05;5610;4077;2424619;1266239;58.3;30.5
FR;80;2021-04-06;27492;44919;2452111;1311158;59.0;31.5
FR;80;2021-04-07;33347;48363;2485458;1359521;59.8;32.7
FR;80;2021-04-08;39922;49485;2525380;1409006;60.7;33.9
FR;80;2021-04-09;43345;46285;2568725;1455291;61.8;35.0
FR;80;2021-04-10;19802;28862;2588527;1484153;62.3;35.7
FR;80;2021-04-11;4831;9354;2593358;1493507;62.4;35.9
FR;80;2021-04-12;23428;45123;2616786;1538630;62.9;37.0
FR;80;2021-04-13;30069;54586;2646855;1593216;63.7;38.3
FR;80;2021-04-14;28886;52106;2675741;1645322;64.4;39.6
FR;80;2021-04-15;31222;52617;2706963;1697939;65.1;40.8
FR;80;2021-04-16;26310;48933;2733273;1746872;65.7;42.0
FR;80;2021-04-17;12298;25577;2745571;1772449;66.0;42.6
FR;80;2021-04-18;2527;7615;2748098;1780064;66.1;42.8
FR;80;2021-04-19;14175;43648;2762273;1823712;66.4;43.9
FR;80;2021-04-20;17818;53001;2780091;1876713;66.9;45.1
FR;80;2021-04-21;17837;49743;2797928;1926456;67.3;46.3
FR;80;2021-04-22;20507;51161;2818435;1977617;67.8;47.6
FR;80;2021-04-23;18948;44563;2837383;2022180;68.2;48.6
FR;80;2021-04-24;9350;21173;2846733;2043353;68.5;49.1
FR;80;2021-04-25;2660;5144;2849393;2048497;68.5;49.3
FR;80;2021-04-26;12219;30536;2861612;2079033;68.8;50.0
FR;80;2021-04-27;16601;36363;2878213;2115396;69.2;50.9
FR;80;2021-04-28;17813;34538;2896026;2149934;69.7;51.7
FR;80;2021-04-29;21421;35559;2917447;2185493;70.2;52.6
FR;80;2021-04-30;20205;29518;2937652;2215011;70.7;53.3
FR;80;2021-05-01;5776;5807;2943428;2220818;70.8;53.4
FR;80;2021-05-02;2582;3846;2946010;2224664;70.9;53.5
FR;80;2021-05-03;12377;21307;2958387;2245971;71.2;54.0
FR;80;2021-05-04;13739;29928;2972126;2275899;71.5;54.7
FR;80;2021-05-05;13352;29256;2985478;2305155;71.8;55.4
FR;80;2021-05-06;15729;29461;3001207;2334616;72.2;56.1
FR;80;2021-05-07;14428;29720;3015635;2364336;72.5;56.9
FR;80;2021-05-08;4421;6028;3020056;2370364;72.6;57.0
FR;80;2021-05-09;1906;4141;3021962;2374505;72.7;57.1
FR;80;2021-05-10;9038;24325;3031000;2398830;72.9;57.7
FR;80;2021-05-11;12384;27139;3043384;2425969;73.2;58.3
FR;80;2021-05-12;11320;23539;3054704;2449508;73.5;58.9
FR;80;2021-05-13;4868;5385;3059572;2454893;73.6;59.0
FR;80;2021-05-14;10291;16338;3069863;2471231;73.8;59.4
FR;80;2021-05-15;4791;7323;3074654;2478554;73.9;59.6
FR;80;2021-05-16;1529;1525;3076183;2480079;74.0;59.6
FR;80;2021-05-17;6959;13077;3083142;2493156;74.2;60.0
FR;80;2021-05-18;9317;13415;3092459;2506571;74.4;60.3
FR;80;2021-05-19;8741;12038;3101200;2518609;74.6;60.6
FR;80;2021-05-20;10366;12613;3111566;2531222;74.8;60.9
FR;80;2021-05-21;8503;12982;3120069;2544204;75.0;61.2
FR;80;2021-05-22;3767;5171;3123836;2549375;75.1;61.3
FR;80;2021-05-23;998;1129;3124834;2550504;75.2;61.3
FR;80;2021-05-24;2504;2195;3127338;2552699;75.2;61.4
FR;0;2020-12-27;20;2;20;2;0.0;0.0
FR;0;2020-12-28;68;0;88;2;0.0;0.0
FR;0;2020-12-29;108;0;196;2;0.0;0.0
FR;0;2020-12-30;119;0;315;2;0.0;0.0
FR;0;2020-12-31;83;0;398;2;0.0;0.0
FR;0;2021-01-01;66;1;464;3;0.0;0.0
FR;0;2021-01-02;76;1;540;4;0.0;0.0
FR;0;2021-01-03;87;0;627;4;0.0;0.0
FR;0;2021-01-04;1469;5;2096;9;0.0;0.0
FR;0;2021-01-05;5382;7;7478;16;0.0;0.0
FR;0;2021-01-06;11281;15;18759;31;0.0;0.0
FR;0;2021-01-07;28538;43;47297;74;0.1;0.0
FR;0;2021-01-08;36136;41;83433;115;0.1;0.0
FR;0;2021-01-09;10896;11;94329;126;0.1;0.0
FR;0;2021-01-10;5605;3;99934;129;0.1;0.0
FR;0;2021-01-11;38913;48;138847;177;0.2;0.0
FR;0;2021-01-12;60707;84;199554;261;0.3;0.0
FR;0;2021-01-13;63588;106;263142;367;0.4;0.0
FR;0;2021-01-14;79730;656;342872;1023;0.5;0.0
FR;0;2021-01-15;67282;224;410154;1247;0.6;0.0
FR;0;2021-01-16;19599;99;429753;1346;0.6;0.0
FR;0;2021-01-17;10457;50;440210;1396;0.7;0.0
FR;0;2021-01-18;84267;233;524477;1629;0.8;0.0
FR;0;2021-01-19;128299;240;652776;1869;1.0;0.0
FR;0;2021-01-20;134834;290;787610;2159;1.2;0.0
FR;0;2021-01-21;154995;265;942605;2424;1.4;0.0
FR;0;2021-01-22;118336;269;1060941;2693;1.6;0.0
FR;0;2021-01-23;37761;62;1098702;2755;1.6;0.0
FR;0;2021-01-24;9339;32;1108041;2787;1.7;0.0
FR;0;2021-01-25;76716;1285;1184757;4072;1.8;0.0
FR;0;2021-01-26;98644;3198;1283401;7270;1.9;0.0
FR;0;2021-01-27;105520;5697;1388921;12967;2.1;0.0
FR;0;2021-01-28;122127;14509;1511048;27476;2.3;0.0
FR;0;2021-01-29;90788;17423;1601836;44899;2.4;0.1
FR;0;2021-01-30;28624;4257;1630460;49156;2.4;0.1
FR;0;2021-01-31;4863;1681;1635323;50837;2.4;0.1
FR;0;2021-02-01;51416;21177;1686739;72014;2.5;0.1
FR;0;2021-02-02;70448;34704;1757187;106718;2.6;0.2
FR;0;2021-02-03;70862;37091;1828049;143809;2.7;0.2
FR;0;2021-02-04;80387;50226;1908436;194035;2.8;0.3
FR;0;2021-02-05;66995;45466;1975431;239501;2.9;0.4
FR;0;2021-02-06;21270;10424;1996701;249925;3.0;0.4
FR;0;2021-02-07;4826;5066;2001527;254991;3.0;0.4
FR;0;2021-02-08;45790;46148;2047317;301139;3.1;0.4
FR;0;2021-02-09;64668;72756;2111985;373895;3.1;0.6
FR;0;2021-02-10;69144;77113;2181129;451008;3.2;0.7
FR;0;2021-02-11;85444;99798;2266573;550806;3.4;0.8
FR;0;2021-02-12;77588;74876;2344161;625682;3.5;0.9
FR;0;2021-02-13;21622;19588;2365783;645270;3.5;1.0
FR;0;2021-02-14;4576;7224;2370359;652494;3.5;1.0
FR;0;2021-02-15;36984;76864;2407343;729358;3.6;1.1
FR;0;2021-02-16;49132;101153;2456475;830511;3.7;1.2
FR;0;2021-02-17;49267;103423;2505742;933934;3.7;1.4
FR;0;2021-02-18;67748;119328;2573490;1053262;3.8;1.6
FR;0;2021-02-19;63577;91400;2637067;1144662;3.9;1.7
FR;0;2021-02-20;17946;28542;2655013;1173204;4.0;1.7
FR;0;2021-02-21;2849;6402;2657862;1179606;4.0;1.8
FR;0;2021-02-22;36376;73543;2694238;1253149;4.0;1.9
FR;0;2021-02-23;52416;84558;2746654;1337707;4.1;2.0
FR;0;2021-02-24;57900;81601;2804554;1419308;4.2;2.1
FR;0;2021-02-25;98352;92475;2902906;1511783;4.3;2.3
FR;0;2021-02-26;111431;72056;3014337;1583839;4.5;2.4
FR;0;2021-02-27;51007;22361;3065344;1606200;4.6;2.4
FR;0;2021-02-28;5649;4477;3070993;1610677;4.6;2.4
FR;0;2021-03-01;63270;53317;3134263;1663994;4.7;2.5
FR;0;2021-03-02;98886;67054;3233149;1731048;4.8;2.6
FR;0;2021-03-03;112940;66569;3346089;1797617;5.0;2.7
FR;0;2021-03-04;159149;70525;3505238;1868142;5.2;2.8
FR;0;2021-03-05;196806;65283;3702044;1933425;5.5;2.9
FR;0;2021-03-06;203255;19050;3905299;1952475;5.8;2.9
FR;0;2021-03-07;119166;6119;4024465;1958594;6.0;2.9
FR;0;2021-03-08;104249;51611;4128714;2010205;6.2;3.0
FR;0;2021-03-09;168833;58159;4297547;2068364;6.4;3.1
FR;0;2021-03-10;174762;58628;4472309;2126992;6.7;3.2
FR;0;2021-03-11;238159;65282;4710468;2192274;7.0;3.3
FR;0;2021-03-12;289567;55992;5000035;2248266;7.4;3.3
FR;0;2021-03-13;227137;16689;5227172;2264955;7.8;3.4
FR;0;2021-03-14;62002;3936;5289174;2268891;7.9;3.4
FR;0;2021-03-15;155246;34389;5444420;2303280;8.1;3.4
FR;0;2021-03-16;139077;41260;5583497;2344540;8.3;3.5
FR;0;2021-03-17;147712;40793;5731209;2385333;8.5;3.6
FR;0;2021-03-18;164744;47387;5895953;2432720;8.8;3.6
FR;0;2021-03-19;225920;40921;6121873;2473641;9.1;3.7
FR;0;2021-03-20;164132;13785;6286005;2487426;9.4;3.7
FR;0;2021-03-21;48695;3389;6334700;2490815;9.4;3.7
FR;0;2021-03-22;166657;37067;6501357;2527882;9.7;3.8
FR;0;2021-03-23;245982;46360;6747339;2574242;10.1;3.8
FR;0;2021-03-24;252506;47859;6999845;2622101;10.4;3.9
FR;0;2021-03-25;336457;50276;7336302;2672377;10.9;4.0
FR;0;2021-03-26;353691;47857;7689993;2720234;11.5;4.1
FR;0;2021-03-27;192444;19802;7882437;2740036;11.7;4.1
FR;0;2021-03-28;58244;4731;7940681;2744767;11.8;4.1
FR;0;2021-03-29;199980;57858;8140661;2802625;12.1;4.2
FR;0;2021-03-30;281308;75161;8421969;2877786;12.5;4.3
FR;0;2021-03-31;258787;78525;8680756;2956311;12.9;4.4
FR;0;2021-04-01;309036;95385;8989792;3051696;13.4;4.5
FR;0;2021-04-02;276991;98559;9266783;3150255;13.8;4.7
FR;0;2021-04-03;138908;64933;9405691;3215188;14.0;4.8
FR;0;2021-04-04;44811;19864;9450502;3235052;14.1;4.8
FR;0;2021-04-05;58692;12645;9509194;3247697;14.2;4.8
FR;0;2021-04-06;212460;112944;9721654;3360641;14.5;5.0
FR;0;2021-04-07;255515;122290;9977169;3482931;14.9;5.2
FR;0;2021-04-08;331823;130961;10308992;3613892;15.4;5.4
FR;0;2021-04-09;403728;126585;10712720;3740477;16.0;5.6
FR;0;2021-04-10;209823;87908;10922543;3828385;16.3;5.7
FR;0;2021-04-11;54920;36255;10977463;3864640;16.4;5.8
FR;0;2021-04-12;233203;121243;11210666;3985883;16.7;5.9
FR;0;2021-04-13;304165;153041;11514831;4138924;17.2;6.2
FR;0;2021-04-14;288448;148031;11803279;4286955;17.6;6.4
FR;0;2021-04-15;330257;157787;12133536;4444742;18.1;6.6
FR;0;2021-04-16;333352;155129;12466888;4599871;18.6;6.9
FR;0;2021-04-17;185464;95270;12652352;4695141;18.9;7.0
FR;0;2021-04-18;50271;37134;12702623;4732275;18.9;7.1
FR;0;2021-04-19;201563;144673;12904186;4876948;19.2;7.3
FR;0;2021-04-20;248966;178782;13153152;5055730;19.6;7.5
FR;0;2021-04-21;247464;177025;13400616;5232755;20.0;7.8
FR;0;2021-04-22;281256;198110;13681872;5430865;20.4;8.1
FR;0;2021-04-23;288458;194066;13970330;5624931;20.8;8.4
FR;0;2021-04-24;187088;119358;14157418;5744289;21.1;8.6
FR;0;2021-04-25;67671;41574;14225089;5785863;21.2;8.6
FR;0;2021-04-26;214763;166371;14439852;5952234;21.5;8.9
FR;0;2021-04-27;278963;206800;14718815;6159034;21.9;9.2
FR;0;2021-04-28;292982;203892;15011797;6362926;22.4;9.5
FR;0;2021-04-29;349404;225880;15361201;6588806;22.9;9.8
FR;0;2021-04-30;365147;218916;15726348;6807722;23.4;10.1
FR;0;2021-05-01;162426;61356;15888774;6869078;23.7;10.2
FR;0;2021-05-02;89224;42245;15977998;6911323;23.8;10.3
FR;0;2021-05-03;280953;186703;16258951;7098026;24.2;10.6
FR;0;2021-05-04;307510;246691;16566461;7344717;24.7;10.9
FR;0;2021-05-05;316403;245771;16882864;7590488;25.2;11.3
FR;0;2021-05-06;370033;268675;17252897;7859163;25.7;11.7
FR;0;2021-05-07;363206;294197;17616103;8153360;26.2;12.1
FR;0;2021-05-08;203211;78703;17819314;8232063;26.6;12.3
FR;0;2021-05-09;127314;54077;17946628;8286140;26.7;12.3
FR;0;2021-05-10;300892;251143;18247520;8537283;27.2;12.7
FR;0;2021-05-11;393278;292307;18640798;8829590;27.8;13.2
FR;0;2021-05-12;417065;264505;19057863;9094095;28.4;13.6
FR;0;2021-05-13;327846;75533;19385709;9169628;28.9;13.7
FR;0;2021-05-14;440018;198793;19825727;9368421;29.5;14.0
FR;0;2021-05-15;362153;117003;20187880;9485424;30.1;14.1
FR;0;2021-05-16;199125;32688;20387005;9518112;30.4;14.2
FR;0;2021-05-17;365640;175393;20752645;9693505;30.9;14.4
FR;0;2021-05-18;438848;187271;21191493;9880776;31.6;14.7
FR;0;2021-05-19;450540;178159;21642033;10058935;32.2;15.0
FR;0;2021-05-20;489282;199410;22131315;10258345;33.0;15.3
FR;0;2021-05-21;470939;216281;22602254;10474626;33.7;15.6
FR;0;2021-05-22;339495;105564;22941749;10580190;34.2;15.8
FR;0;2021-05-23;157696;25513;23099445;10605703;34.4;15.8
FR;0;2021-05-24;253428;51075;23352873;10656778;34.8;15.9
