reg;jour;n_dose1;n_complet;n_cum_dose1;n_cum_complet;couv_dose1;couv_complet
01;2020-12-27;0;0;0;0;0.0;0.0
01;2020-12-28;0;0;0;0;0.0;0.0
01;2020-12-29;0;0;0;0;0.0;0.0
01;2020-12-30;0;0;0;0;0.0;0.0
01;2020-12-31;0;0;0;0;0.0;0.0
01;2021-01-01;1;0;1;0;0.0;0.0
01;2021-01-02;0;0;1;0;0.0;0.0
01;2021-01-03;0;0;1;0;0.0;0.0
01;2021-01-04;1;0;2;0;0.0;0.0
01;2021-01-05;0;0;2;0;0.0;0.0
01;2021-01-06;1;0;3;0;0.0;0.0
01;2021-01-07;0;0;3;0;0.0;0.0
01;2021-01-08;49;0;52;0;0.0;0.0
01;2021-01-09;18;0;70;0;0.0;0.0
01;2021-01-10;0;0;70;0;0.0;0.0
01;2021-01-11;55;0;125;0;0.0;0.0
01;2021-01-12;44;0;169;0;0.0;0.0
01;2021-01-13;45;1;214;1;0.1;0.0
01;2021-01-14;61;0;275;1;0.1;0.0
01;2021-01-15;76;0;351;1;0.1;0.0
01;2021-01-16;0;0;351;1;0.1;0.0
01;2021-01-17;0;0;351;1;0.1;0.0
01;2021-01-18;75;0;426;1;0.1;0.0
01;2021-01-19;143;0;569;1;0.2;0.0
01;2021-01-20;134;0;703;1;0.2;0.0
01;2021-01-21;150;1;853;2;0.2;0.0
01;2021-01-22;132;0;985;2;0.3;0.0
01;2021-01-23;1;0;986;2;0.3;0.0
01;2021-01-24;0;0;986;2;0.3;0.0
01;2021-01-25;203;0;1189;2;0.3;0.0
01;2021-01-26;211;1;1400;3;0.4;0.0
01;2021-01-27;234;0;1634;3;0.4;0.0
01;2021-01-28;238;3;1872;6;0.5;0.0
01;2021-01-29;197;0;2069;6;0.5;0.0
01;2021-01-30;17;0;2086;6;0.6;0.0
01;2021-01-31;1;0;2087;6;0.6;0.0
01;2021-02-01;222;4;2309;10;0.6;0.0
01;2021-02-02;242;26;2551;36;0.7;0.0
01;2021-02-03;213;3;2764;39;0.7;0.0
01;2021-02-04;300;21;3064;60;0.8;0.0
01;2021-02-05;253;32;3317;92;0.9;0.0
01;2021-02-06;49;1;3366;93;0.9;0.0
01;2021-02-07;0;0;3366;93;0.9;0.0
01;2021-02-08;223;23;3589;116;1.0;0.0
01;2021-02-09;291;29;3880;145;1.0;0.0
01;2021-02-10;222;29;4102;174;1.1;0.0
01;2021-02-11;293;110;4395;284;1.2;0.1
01;2021-02-12;284;26;4679;310;1.2;0.1
01;2021-02-13;50;7;4729;317;1.3;0.1
01;2021-02-14;19;36;4748;353;1.3;0.1
01;2021-02-15;72;46;4820;399;1.3;0.1
01;2021-02-16;16;1;4836;400;1.3;0.1
01;2021-02-17;17;1;4853;401;1.3;0.1
01;2021-02-18;220;17;5073;418;1.3;0.1
01;2021-02-19;230;21;5303;439;1.4;0.1
01;2021-02-20;47;0;5350;439;1.4;0.1
01;2021-02-21;1;0;5351;439;1.4;0.1
01;2021-02-22;157;63;5508;502;1.5;0.1
01;2021-02-23;189;74;5697;576;1.5;0.2
01;2021-02-24;316;126;6013;702;1.6;0.2
01;2021-02-25;369;80;6382;782;1.7;0.2
01;2021-02-26;210;84;6592;866;1.7;0.2
01;2021-02-27;63;0;6655;866;1.8;0.2
01;2021-02-28;1;0;6656;866;1.8;0.2
01;2021-03-01;140;81;6796;947;1.8;0.3
01;2021-03-02;241;131;7037;1078;1.9;0.3
01;2021-03-03;211;120;7248;1198;1.9;0.3
01;2021-03-04;305;84;7553;1282;2.0;0.3
01;2021-03-05;331;145;7884;1427;2.1;0.4
01;2021-03-06;586;3;8470;1430;2.2;0.4
01;2021-03-07;1;0;8471;1430;2.2;0.4
01;2021-03-08;282;140;8753;1570;2.3;0.4
01;2021-03-09;358;151;9111;1721;2.4;0.5
01;2021-03-10;372;163;9483;1884;2.5;0.5
01;2021-03-11;120;45;9603;1929;2.5;0.5
01;2021-03-12;416;215;10019;2144;2.7;0.6
01;2021-03-13;132;2;10151;2146;2.7;0.6
01;2021-03-14;13;24;10164;2170;2.7;0.6
01;2021-03-15;410;44;10574;2214;2.8;0.6
01;2021-03-16;451;79;11025;2293;2.9;0.6
01;2021-03-17;423;85;11448;2378;3.0;0.6
01;2021-03-18;541;109;11989;2487;3.2;0.7
01;2021-03-19;529;97;12518;2584;3.3;0.7
01;2021-03-20;174;45;12692;2629;3.4;0.7
01;2021-03-21;8;0;12700;2629;3.4;0.7
01;2021-03-22;335;87;13035;2716;3.5;0.7
01;2021-03-23;483;156;13518;2872;3.6;0.8
01;2021-03-24;457;108;13975;2980;3.7;0.8
01;2021-03-25;731;178;14706;3158;3.9;0.8
01;2021-03-26;636;120;15342;3278;4.1;0.9
01;2021-03-27;269;49;15611;3327;4.1;0.9
01;2021-03-28;7;0;15618;3327;4.1;0.9
01;2021-03-29;360;83;15978;3410;4.2;0.9
01;2021-03-30;617;161;16595;3571;4.4;0.9
01;2021-03-31;526;130;17121;3701;4.5;1.0
01;2021-04-01;622;201;17743;3902;4.7;1.0
01;2021-04-02;38;35;17781;3937;4.7;1.0
01;2021-04-03;45;2;17826;3939;4.7;1.0
01;2021-04-04;4;18;17830;3957;4.7;1.0
01;2021-04-05;11;0;17841;3957;4.7;1.0
01;2021-04-06;438;191;18279;4148;4.9;1.1
01;2021-04-07;568;115;18847;4263;5.0;1.1
01;2021-04-08;487;161;19334;4424;5.1;1.2
01;2021-04-09;481;209;19815;4633;5.3;1.2
01;2021-04-10;96;4;19911;4637;5.3;1.2
01;2021-04-11;3;24;19914;4661;5.3;1.2
01;2021-04-12;282;258;20196;4919;5.4;1.3
01;2021-04-13;551;319;20747;5238;5.5;1.4
01;2021-04-14;428;222;21175;5460;5.6;1.4
01;2021-04-15;550;313;21725;5773;5.8;1.5
01;2021-04-16;551;269;22276;6042;5.9;1.6
01;2021-04-17;192;4;22468;6046;6.0;1.6
01;2021-04-18;4;14;22472;6060;6.0;1.6
01;2021-04-19;388;239;22860;6299;6.1;1.7
01;2021-04-20;722;344;23582;6643;6.3;1.8
01;2021-04-21;618;312;24200;6955;6.4;1.8
01;2021-04-22;804;330;25004;7285;6.6;1.9
01;2021-04-23;842;247;25846;7532;6.9;2.0
01;2021-04-24;376;75;26222;7607;7.0;2.0
01;2021-04-25;591;63;26813;7670;7.1;2.0
01;2021-04-26;941;213;27754;7883;7.4;2.1
01;2021-04-27;652;232;28406;8115;7.5;2.2
01;2021-04-28;837;264;29243;8379;7.8;2.2
01;2021-04-29;1193;191;30436;8570;8.1;2.3
01;2021-04-30;1259;176;31695;8746;8.4;2.3
01;2021-05-01;594;39;32289;8785;8.6;2.3
01;2021-05-02;345;17;32634;8802;8.7;2.3
01;2021-05-03;917;173;33551;8975;8.9;2.4
01;2021-05-04;954;200;34505;9175;9.2;2.4
01;2021-05-05;1002;242;35507;9417;9.4;2.5
01;2021-05-06;1143;168;36650;9585;9.7;2.5
01;2021-05-07;1235;259;37885;9844;10.1;2.6
01;2021-05-08;316;34;38201;9878;10.1;2.6
01;2021-05-09;178;9;38379;9887;10.2;2.6
01;2021-05-10;833;211;39212;10098;10.4;2.7
01;2021-05-11;956;305;40168;10403;10.7;2.8
01;2021-05-12;894;321;41062;10724;10.9;2.8
01;2021-05-13;211;79;41273;10803;11.0;2.9
01;2021-05-14;859;270;42132;11073;11.2;2.9
01;2021-05-15;475;14;42607;11087;11.3;2.9
01;2021-05-16;182;36;42789;11123;11.4;3.0
01;2021-05-17;707;270;43496;11393;11.5;3.0
01;2021-05-18;723;388;44219;11781;11.7;3.1
01;2021-05-19;696;524;44915;12305;11.9;3.3
01;2021-05-20;776;369;45691;12674;12.1;3.4
01;2021-05-21;813;401;46504;13075;12.3;3.5
01;2021-05-22;493;218;46997;13293;12.5;3.5
01;2021-05-23;201;115;47198;13408;12.5;3.6
01;2021-05-24;199;174;47397;13582;12.6;3.6
01;2021-05-25;534;661;47931;14243;12.7;3.8
01;2021-05-26;584;492;48515;14735;12.9;3.9
01;2021-05-27;130;186;48645;14921;12.9;4.0
01;2021-05-28;518;524;49163;15445;13.0;4.1
01;2021-05-29;231;139;49394;15584;13.1;4.1
01;2021-05-30;78;112;49472;15696;13.1;4.2
01;2021-05-31;434;534;49906;16230;13.2;4.3
01;2021-06-01;562;709;50468;16939;13.4;4.5
01;2021-06-02;566;708;51034;17647;13.5;4.7
01;2021-06-03;495;562;51529;18209;13.7;4.8
01;2021-06-04;744;803;52273;19012;13.9;5.0
01;2021-06-05;313;651;52586;19663;14.0;5.2
01;2021-06-06;122;528;52708;20191;14.0;5.4
01;2021-06-07;420;782;53128;20973;14.1;5.6
01;2021-06-08;524;892;53652;21865;14.2;5.8
01;2021-06-09;464;861;54116;22726;14.4;6.0
01;2021-06-10;497;847;54613;23573;14.5;6.3
01;2021-06-11;450;1234;55063;24807;14.6;6.6
01;2021-06-12;290;660;55353;25467;14.7;6.8
01;2021-06-13;128;314;55481;25781;14.7;6.8
01;2021-06-14;352;3804;55833;29585;14.8;7.8
01;2021-06-15;461;2013;56294;31598;14.9;8.4
01;2021-06-16;463;1488;56757;33086;15.1;8.8
01;2021-06-17;417;1016;57174;34102;15.2;9.0
01;2021-06-18;453;1020;57627;35122;15.3;9.3
01;2021-06-19;296;508;57923;35630;15.4;9.5
01;2021-06-20;108;232;58031;35862;15.4;9.5
01;2021-06-21;317;682;58348;36544;15.5;9.7
01;2021-06-22;311;867;58659;37411;15.6;9.9
01;2021-06-23;348;890;59007;38301;15.7;10.2
01;2021-06-24;377;733;59384;39034;15.8;10.4
01;2021-06-25;438;764;59822;39798;15.9;10.6
01;2021-06-26;292;507;60114;40305;16.0;10.7
01;2021-06-27;106;152;60220;40457;16.0;10.7
01;2021-06-28;285;690;60505;41147;16.1;10.9
01;2021-06-29;355;778;60860;41925;16.1;11.1
01;2021-06-30;402;918;61262;42843;16.3;11.4
01;2021-07-01;336;649;61598;43492;16.3;11.5
01;2021-07-02;413;692;62011;44184;16.5;11.7
01;2021-07-03;266;461;62277;44645;16.5;11.8
01;2021-07-04;110;239;62387;44884;16.6;11.9
01;2021-07-05;314;507;62701;45391;16.6;12.0
01;2021-07-06;360;758;63061;46149;16.7;12.2
01;2021-07-07;369;847;63430;46996;16.8;12.5
01;2021-07-08;367;786;63797;47782;16.9;12.7
01;2021-07-09;14;6;63811;47788;16.9;12.7
01;2021-07-10;234;292;64045;48080;17.0;12.8
01;2021-07-11;167;133;64212;48213;17.0;12.8
02;2020-12-27;0;0;0;0;0.0;0.0
02;2020-12-28;0;0;0;0;0.0;0.0
02;2020-12-29;0;0;0;0;0.0;0.0
02;2020-12-30;0;0;0;0;0.0;0.0
02;2020-12-31;0;0;0;0;0.0;0.0
02;2021-01-01;0;0;0;0;0.0;0.0
02;2021-01-02;0;0;0;0;0.0;0.0
02;2021-01-03;0;0;0;0;0.0;0.0
02;2021-01-04;0;0;0;0;0.0;0.0
02;2021-01-05;0;0;0;0;0.0;0.0
02;2021-01-06;5;0;5;0;0.0;0.0
02;2021-01-07;31;0;36;0;0.0;0.0
02;2021-01-08;81;1;117;1;0.0;0.0
02;2021-01-09;20;0;137;1;0.0;0.0
02;2021-01-10;0;0;137;1;0.0;0.0
02;2021-01-11;122;0;259;1;0.1;0.0
02;2021-01-12;78;0;337;1;0.1;0.0
02;2021-01-13;64;0;401;1;0.1;0.0
02;2021-01-14;88;1;489;2;0.1;0.0
02;2021-01-15;136;0;625;2;0.2;0.0
02;2021-01-16;51;0;676;2;0.2;0.0
02;2021-01-17;0;0;676;2;0.2;0.0
02;2021-01-18;157;0;833;2;0.2;0.0
02;2021-01-19;168;1;1001;3;0.3;0.0
02;2021-01-20;164;0;1165;3;0.3;0.0
02;2021-01-21;181;2;1346;5;0.4;0.0
02;2021-01-22;156;0;1502;5;0.4;0.0
02;2021-01-23;58;0;1560;5;0.4;0.0
02;2021-01-24;0;0;1560;5;0.4;0.0
02;2021-01-25;160;0;1720;5;0.5;0.0
02;2021-01-26;137;0;1857;5;0.5;0.0
02;2021-01-27;162;5;2019;10;0.6;0.0
02;2021-01-28;143;12;2162;22;0.6;0.0
02;2021-01-29;143;41;2305;63;0.6;0.0
02;2021-01-30;96;16;2401;79;0.7;0.0
02;2021-01-31;0;0;2401;79;0.7;0.0
02;2021-02-01;119;74;2520;153;0.7;0.0
02;2021-02-02;184;96;2704;249;0.8;0.1
02;2021-02-03;132;80;2836;329;0.8;0.1
02;2021-02-04;158;73;2994;402;0.8;0.1
02;2021-02-05;120;96;3114;498;0.9;0.1
02;2021-02-06;62;26;3176;524;0.9;0.1
02;2021-02-07;1;0;3177;524;0.9;0.1
02;2021-02-08;137;80;3314;604;0.9;0.2
02;2021-02-09;176;78;3490;682;1.0;0.2
02;2021-02-10;138;90;3628;772;1.0;0.2
02;2021-02-11;150;103;3778;875;1.1;0.2
02;2021-02-12;145;130;3923;1005;1.1;0.3
02;2021-02-13;47;37;3970;1042;1.1;0.3
02;2021-02-14;0;0;3970;1042;1.1;0.3
02;2021-02-15;51;67;4021;1109;1.1;0.3
02;2021-02-16;0;1;4021;1110;1.1;0.3
02;2021-02-17;1;3;4022;1113;1.1;0.3
02;2021-02-18;68;127;4090;1240;1.1;0.3
02;2021-02-19;69;131;4159;1371;1.2;0.4
02;2021-02-20;48;69;4207;1440;1.2;0.4
02;2021-02-21;0;0;4207;1440;1.2;0.4
02;2021-02-22;102;60;4309;1500;1.2;0.4
02;2021-02-23;113;237;4422;1737;1.2;0.5
02;2021-02-24;106;223;4528;1960;1.3;0.5
02;2021-02-25;89;150;4617;2110;1.3;0.6
02;2021-02-26;126;169;4743;2279;1.3;0.6
02;2021-02-27;69;52;4812;2331;1.3;0.6
02;2021-02-28;0;0;4812;2331;1.3;0.6
02;2021-03-01;138;145;4950;2476;1.4;0.7
02;2021-03-02;158;78;5108;2554;1.4;0.7
02;2021-03-03;179;145;5287;2699;1.5;0.8
02;2021-03-04;145;135;5432;2834;1.5;0.8
02;2021-03-05;238;129;5670;2963;1.6;0.8
02;2021-03-06;119;59;5789;3022;1.6;0.8
02;2021-03-07;100;1;5889;3023;1.6;0.8
02;2021-03-08;196;133;6085;3156;1.7;0.9
02;2021-03-09;269;101;6354;3257;1.8;0.9
02;2021-03-10;323;135;6677;3392;1.9;0.9
02;2021-03-11;334;83;7011;3475;2.0;1.0
02;2021-03-12;398;54;7409;3529;2.1;1.0
02;2021-03-13;155;21;7564;3550;2.1;1.0
02;2021-03-14;4;1;7568;3551;2.1;1.0
02;2021-03-15;276;90;7844;3641;2.2;1.0
02;2021-03-16;305;55;8149;3696;2.3;1.0
02;2021-03-17;387;49;8536;3745;2.4;1.0
02;2021-03-18;435;44;8971;3789;2.5;1.1
02;2021-03-19;396;62;9367;3851;2.6;1.1
02;2021-03-20;149;48;9516;3899;2.7;1.1
02;2021-03-21;25;1;9541;3900;2.7;1.1
02;2021-03-22;362;118;9903;4018;2.8;1.1
02;2021-03-23;401;123;10304;4141;2.9;1.2
02;2021-03-24;427;105;10731;4246;3.0;1.2
02;2021-03-25;474;99;11205;4345;3.1;1.2
02;2021-03-26;632;99;11837;4444;3.3;1.2
02;2021-03-27;152;70;11989;4514;3.3;1.3
02;2021-03-28;81;2;12070;4516;3.4;1.3
02;2021-03-29;421;166;12491;4682;3.5;1.3
02;2021-03-30;469;243;12960;4925;3.6;1.4
02;2021-03-31;1143;188;14103;5113;3.9;1.4
02;2021-04-01;951;171;15054;5284;4.2;1.5
02;2021-04-02;895;8;15949;5292;4.4;1.5
02;2021-04-03;788;51;16737;5343;4.7;1.5
02;2021-04-04;750;10;17487;5353;4.9;1.5
02;2021-04-05;828;42;18315;5395;5.1;1.5
02;2021-04-06;883;134;19198;5529;5.4;1.5
02;2021-04-07;1435;325;20633;5854;5.8;1.6
02;2021-04-08;1306;268;21939;6122;6.1;1.7
02;2021-04-09;1239;316;23178;6438;6.5;1.8
02;2021-04-10;838;164;24016;6602;6.7;1.8
02;2021-04-11;621;12;24637;6614;6.9;1.8
02;2021-04-12;868;314;25505;6928;7.1;1.9
02;2021-04-13;880;326;26385;7254;7.4;2.0
02;2021-04-14;957;322;27342;7576;7.6;2.1
02;2021-04-15;958;295;28300;7871;7.9;2.2
02;2021-04-16;991;298;29291;8169;8.2;2.3
02;2021-04-17;528;161;29819;8330;8.3;2.3
02;2021-04-18;339;56;30158;8386;8.4;2.3
02;2021-04-19;668;344;30826;8730;8.6;2.4
02;2021-04-20;869;308;31695;9038;8.8;2.5
02;2021-04-21;999;354;32694;9392;9.1;2.6
02;2021-04-22;602;313;33296;9705;9.3;2.7
02;2021-04-23;606;466;33902;10171;9.5;2.8
02;2021-04-24;360;197;34262;10368;9.6;2.9
02;2021-04-25;168;200;34430;10568;9.6;2.9
02;2021-04-26;515;542;34945;11110;9.7;3.1
02;2021-04-27;568;608;35513;11718;9.9;3.3
02;2021-04-28;449;690;35962;12408;10.0;3.5
02;2021-04-29;652;641;36614;13049;10.2;3.6
02;2021-04-30;771;686;37385;13735;10.4;3.8
02;2021-05-01;243;246;37628;13981;10.5;3.9
02;2021-05-02;226;513;37854;14494;10.6;4.0
02;2021-05-03;569;771;38423;15265;10.7;4.3
02;2021-05-04;524;677;38947;15942;10.9;4.4
02;2021-05-05;541;896;39488;16838;11.0;4.7
02;2021-05-06;546;783;40034;17621;11.2;4.9
02;2021-05-07;629;1016;40663;18637;11.3;5.2
02;2021-05-08;224;526;40887;19163;11.4;5.3
02;2021-05-09;173;506;41060;19669;11.4;5.5
02;2021-05-10;519;859;41579;20528;11.6;5.7
02;2021-05-11;477;872;42056;21400;11.7;6.0
02;2021-05-12;556;912;42612;22312;11.9;6.2
02;2021-05-13;274;534;42886;22846;12.0;6.4
02;2021-05-14;388;752;43274;23598;12.1;6.6
02;2021-05-15;233;579;43507;24177;12.1;6.7
02;2021-05-16;155;442;43662;24619;12.2;6.9
02;2021-05-17;472;753;44134;25372;12.3;7.1
02;2021-05-18;446;679;44580;26051;12.4;7.3
02;2021-05-19;451;744;45031;26795;12.6;7.5
02;2021-05-20;593;501;45624;27296;12.7;7.6
02;2021-05-21;545;705;46169;28001;12.9;7.8
02;2021-05-22;185;364;46354;28365;12.9;7.9
02;2021-05-23;110;181;46464;28546;13.0;8.0
02;2021-05-24;135;241;46599;28787;13.0;8.0
02;2021-05-25;350;699;46949;29486;13.1;8.2
02;2021-05-26;381;712;47330;30198;13.2;8.4
02;2021-05-27;265;647;47595;30845;13.3;8.6
02;2021-05-28;275;816;47870;31661;13.3;8.8
02;2021-05-29;152;513;48022;32174;13.4;9.0
02;2021-05-30;17;33;48039;32207;13.4;9.0
02;2021-05-31;342;682;48381;32889;13.5;9.2
02;2021-06-01;296;547;48677;33436;13.6;9.3
02;2021-06-02;319;576;48996;34012;13.7;9.5
02;2021-06-03;246;424;49242;34436;13.7;9.6
02;2021-06-04;349;644;49591;35080;13.8;9.8
02;2021-06-05;258;372;49849;35452;13.9;9.9
02;2021-06-06;22;31;49871;35483;13.9;9.9
02;2021-06-07;259;737;50130;36220;14.0;10.1
02;2021-06-08;254;590;50384;36810;14.0;10.3
02;2021-06-09;297;700;50681;37510;14.1;10.5
02;2021-06-10;304;453;50985;37963;14.2;10.6
02;2021-06-11;336;545;51321;38508;14.3;10.7
02;2021-06-12;243;324;51564;38832;14.4;10.8
02;2021-06-13;32;29;51596;38861;14.4;10.8
02;2021-06-14;363;555;51959;39416;14.5;11.0
02;2021-06-15;407;494;52366;39910;14.6;11.1
02;2021-06-16;425;445;52791;40355;14.7;11.2
02;2021-06-17;348;579;53139;40934;14.8;11.4
02;2021-06-18;421;542;53560;41476;14.9;11.6
02;2021-06-19;225;196;53785;41672;15.0;11.6
02;2021-06-20;25;17;53810;41689;15.0;11.6
02;2021-06-21;317;581;54127;42270;15.1;11.8
02;2021-06-22;288;467;54415;42737;15.2;11.9
02;2021-06-23;406;564;54821;43301;15.3;12.1
02;2021-06-24;313;438;55134;43739;15.4;12.2
02;2021-06-25;306;391;55440;44130;15.5;12.3
02;2021-06-26;215;199;55655;44329;15.5;12.4
02;2021-06-27;15;23;55670;44352;15.5;12.4
02;2021-06-28;317;425;55987;44777;15.6;12.5
02;2021-06-29;317;430;56304;45207;15.7;12.6
02;2021-06-30;427;417;56731;45624;15.8;12.7
02;2021-07-01;335;390;57066;46014;15.9;12.8
02;2021-07-02;121;202;57187;46216;15.9;12.9
02;2021-07-03;99;118;57286;46334;16.0;12.9
02;2021-07-04;24;35;57310;46369;16.0;12.9
02;2021-07-05;481;579;57791;46948;16.1;13.1
02;2021-07-06;469;426;58260;47374;16.2;13.2
02;2021-07-07;571;485;58831;47859;16.4;13.3
02;2021-07-08;460;417;59291;48276;16.5;13.5
02;2021-07-09;10;6;59301;48282;16.5;13.5
02;2021-07-10;377;302;59678;48584;16.6;13.5
02;2021-07-11;37;36;59715;48620;16.6;13.6
03;2020-12-27;0;0;0;0;0.0;0.0
03;2020-12-28;0;0;0;0;0.0;0.0
03;2020-12-29;0;0;0;0;0.0;0.0
03;2020-12-30;0;0;0;0;0.0;0.0
03;2020-12-31;0;0;0;0;0.0;0.0
03;2021-01-01;0;0;0;0;0.0;0.0
03;2021-01-02;2;2;2;2;0.0;0.0
03;2021-01-03;0;0;2;2;0.0;0.0
03;2021-01-04;0;0;2;2;0.0;0.0
03;2021-01-05;0;0;2;2;0.0;0.0
03;2021-01-06;0;0;2;2;0.0;0.0
03;2021-01-07;0;0;2;2;0.0;0.0
03;2021-01-08;0;0;2;2;0.0;0.0
03;2021-01-09;0;0;2;2;0.0;0.0
03;2021-01-10;0;0;2;2;0.0;0.0
03;2021-01-11;0;0;2;2;0.0;0.0
03;2021-01-12;0;0;2;2;0.0;0.0
03;2021-01-13;30;0;32;2;0.0;0.0
03;2021-01-14;46;0;78;2;0.0;0.0
03;2021-01-15;35;0;113;2;0.0;0.0
03;2021-01-16;18;0;131;2;0.0;0.0
03;2021-01-17;0;0;131;2;0.0;0.0
03;2021-01-18;63;0;194;2;0.1;0.0
03;2021-01-19;149;1;343;3;0.1;0.0
03;2021-01-20;134;0;477;3;0.2;0.0
03;2021-01-21;118;0;595;3;0.2;0.0
03;2021-01-22;76;0;671;3;0.2;0.0
03;2021-01-23;0;0;671;3;0.2;0.0
03;2021-01-24;0;0;671;3;0.2;0.0
03;2021-01-25;56;0;727;3;0.3;0.0
03;2021-01-26;100;1;827;4;0.3;0.0
03;2021-01-27;109;1;936;5;0.3;0.0
03;2021-01-28;96;2;1032;7;0.4;0.0
03;2021-01-29;104;3;1136;10;0.4;0.0
03;2021-01-30;0;0;1136;10;0.4;0.0
03;2021-01-31;0;0;1136;10;0.4;0.0
03;2021-02-01;54;0;1190;10;0.4;0.0
03;2021-02-02;122;4;1312;14;0.5;0.0
03;2021-02-03;116;7;1428;21;0.5;0.0
03;2021-02-04;79;26;1507;47;0.5;0.0
03;2021-02-05;65;8;1572;55;0.5;0.0
03;2021-02-06;0;0;1572;55;0.5;0.0
03;2021-02-07;0;0;1572;55;0.5;0.0
03;2021-02-08;52;12;1624;67;0.6;0.0
03;2021-02-09;92;39;1716;106;0.6;0.0
03;2021-02-10;101;42;1817;148;0.6;0.1
03;2021-02-11;105;93;1922;241;0.7;0.1
03;2021-02-12;87;64;2009;305;0.7;0.1
03;2021-02-13;0;0;2009;305;0.7;0.1
03;2021-02-14;0;0;2009;305;0.7;0.1
03;2021-02-15;27;65;2036;370;0.7;0.1
03;2021-02-16;123;54;2159;424;0.7;0.1
03;2021-02-17;145;120;2304;544;0.8;0.2
03;2021-02-18;103;143;2407;687;0.8;0.2
03;2021-02-19;122;72;2529;759;0.9;0.3
03;2021-02-20;0;0;2529;759;0.9;0.3
03;2021-02-21;0;0;2529;759;0.9;0.3
03;2021-02-22;78;49;2607;808;0.9;0.3
03;2021-02-23;158;100;2765;908;1.0;0.3
03;2021-02-24;190;121;2955;1029;1.0;0.4
03;2021-02-25;258;87;3213;1116;1.1;0.4
03;2021-02-26;264;69;3477;1185;1.2;0.4
03;2021-02-27;121;1;3598;1186;1.2;0.4
03;2021-02-28;0;0;3598;1186;1.2;0.4
03;2021-03-01;180;85;3778;1271;1.3;0.4
03;2021-03-02;255;108;4033;1379;1.4;0.5
03;2021-03-03;255;132;4288;1511;1.5;0.5
03;2021-03-04;281;82;4569;1593;1.6;0.5
03;2021-03-05;272;45;4841;1638;1.7;0.6
03;2021-03-06;118;2;4959;1640;1.7;0.6
03;2021-03-07;0;0;4959;1640;1.7;0.6
03;2021-03-08;187;40;5146;1680;1.8;0.6
03;2021-03-09;350;91;5496;1771;1.9;0.6
03;2021-03-10;357;99;5853;1870;2.0;0.6
03;2021-03-11;270;116;6123;1986;2.1;0.7
03;2021-03-12;287;89;6410;2075;2.2;0.7
03;2021-03-13;110;2;6520;2077;2.2;0.7
03;2021-03-14;0;0;6520;2077;2.2;0.7
03;2021-03-15;180;26;6700;2103;2.3;0.7
03;2021-03-16;241;139;6941;2242;2.4;0.8
03;2021-03-17;273;129;7214;2371;2.5;0.8
03;2021-03-18;249;153;7463;2524;2.6;0.9
03;2021-03-19;284;126;7747;2650;2.7;0.9
03;2021-03-20;255;14;8002;2664;2.8;0.9
03;2021-03-21;119;0;8121;2664;2.8;0.9
03;2021-03-22;219;112;8340;2776;2.9;1.0
03;2021-03-23;274;193;8614;2969;3.0;1.0
03;2021-03-24;235;214;8849;3183;3.0;1.1
03;2021-03-25;167;176;9016;3359;3.1;1.2
03;2021-03-26;188;307;9204;3666;3.2;1.3
03;2021-03-27;56;93;9260;3759;3.2;1.3
03;2021-03-28;0;0;9260;3759;3.2;1.3
03;2021-03-29;175;246;9435;4005;3.2;1.4
03;2021-03-30;445;235;9880;4240;3.4;1.5
03;2021-03-31;318;291;10198;4531;3.5;1.6
03;2021-04-01;443;260;10641;4791;3.7;1.6
03;2021-04-02;306;279;10947;5070;3.8;1.7
03;2021-04-03;152;122;11099;5192;3.8;1.8
03;2021-04-04;0;0;11099;5192;3.8;1.8
03;2021-04-05;118;14;11217;5206;3.9;1.8
03;2021-04-06;438;332;11655;5538;4.0;1.9
03;2021-04-07;501;343;12156;5881;4.2;2.0
03;2021-04-08;511;264;12667;6145;4.4;2.1
03;2021-04-09;496;226;13163;6371;4.5;2.2
03;2021-04-10;146;91;13309;6462;4.6;2.2
03;2021-04-11;2;0;13311;6462;4.6;2.2
03;2021-04-12;552;267;13863;6729;4.8;2.3
03;2021-04-13;672;242;14535;6971;5.0;2.4
03;2021-04-14;720;311;15255;7282;5.2;2.5
03;2021-04-15;774;245;16029;7527;5.5;2.6
03;2021-04-16;755;296;16784;7823;5.8;2.7
03;2021-04-17;499;130;17283;7953;5.9;2.7
03;2021-04-18;499;39;17782;7992;6.1;2.7
03;2021-04-19;713;249;18495;8241;6.4;2.8
03;2021-04-20;604;277;19099;8518;6.6;2.9
03;2021-04-21;866;247;19965;8765;6.9;3.0
03;2021-04-22;723;228;20688;8993;7.1;3.1
03;2021-04-23;705;224;21393;9217;7.4;3.2
03;2021-04-24;525;95;21918;9312;7.5;3.2
03;2021-04-25;612;51;22530;9363;7.8;3.2
03;2021-04-26;777;228;23307;9591;8.0;3.3
03;2021-04-27;784;342;24091;9933;8.3;3.4
03;2021-04-28;695;327;24786;10260;8.5;3.5
03;2021-04-29;621;279;25407;10539;8.7;3.6
03;2021-04-30;673;252;26080;10791;9.0;3.7
03;2021-05-01;210;27;26290;10818;9.0;3.7
03;2021-05-02;602;81;26892;10899;9.3;3.7
03;2021-05-03;553;390;27445;11289;9.4;3.9
03;2021-05-04;617;311;28062;11600;9.7;4.0
03;2021-05-05;658;447;28720;12047;9.9;4.1
03;2021-05-06;650;465;29370;12512;10.1;4.3
03;2021-05-07;547;466;29917;12978;10.3;4.5
03;2021-05-08;341;58;30258;13036;10.4;4.5
03;2021-05-09;262;73;30520;13109;10.5;4.5
03;2021-05-10;420;612;30940;13721;10.6;4.7
03;2021-05-11;392;491;31332;14212;10.8;4.9
03;2021-05-12;504;645;31836;14857;11.0;5.1
03;2021-05-13;333;98;32169;14955;11.1;5.1
03;2021-05-14;477;550;32646;15505;11.2;5.3
03;2021-05-15;256;346;32902;15851;11.3;5.5
03;2021-05-16;207;210;33109;16061;11.4;5.5
03;2021-05-17;444;600;33553;16661;11.5;5.7
03;2021-05-18;559;563;34112;17224;11.7;5.9
03;2021-05-19;525;551;34637;17775;11.9;6.1
03;2021-05-20;636;450;35273;18225;12.1;6.3
03;2021-05-21;494;606;35767;18831;12.3;6.5
03;2021-05-22;168;501;35935;19332;12.4;6.7
03;2021-05-23;269;474;36204;19806;12.5;6.8
03;2021-05-24;560;245;36764;20051;12.6;6.9
03;2021-05-25;495;741;37259;20792;12.8;7.2
03;2021-05-26;435;683;37694;21475;13.0;7.4
03;2021-05-27;694;522;38388;21997;13.2;7.6
03;2021-05-28;551;552;38939;22549;13.4;7.8
03;2021-05-29;239;360;39178;22909;13.5;7.9
03;2021-05-30;151;399;39329;23308;13.5;8.0
03;2021-05-31;341;573;39670;23881;13.6;8.2
03;2021-06-01;394;461;40064;24342;13.8;8.4
03;2021-06-02;527;551;40591;24893;14.0;8.6
03;2021-06-03;483;469;41074;25362;14.1;8.7
03;2021-06-04;551;494;41625;25856;14.3;8.9
03;2021-06-05;272;292;41897;26148;14.4;9.0
03;2021-06-06;211;299;42108;26447;14.5;9.1
03;2021-06-07;465;448;42573;26895;14.6;9.3
03;2021-06-08;523;312;43096;27207;14.8;9.4
03;2021-06-09;500;381;43596;27588;15.0;9.5
03;2021-06-10;348;289;43944;27877;15.1;9.6
03;2021-06-11;409;468;44353;28345;15.3;9.8
03;2021-06-12;169;284;44522;28629;15.3;9.8
03;2021-06-13;210;267;44732;28896;15.4;9.9
03;2021-06-14;352;547;45084;29443;15.5;10.1
03;2021-06-15;355;439;45439;29882;15.6;10.3
03;2021-06-16;395;450;45834;30332;15.8;10.4
03;2021-06-17;365;575;46199;30907;15.9;10.6
03;2021-06-18;340;562;46539;31469;16.0;10.8
03;2021-06-19;230;259;46769;31728;16.1;10.9
03;2021-06-20;123;272;46892;32000;16.1;11.0
03;2021-06-21;264;597;47156;32597;16.2;11.2
03;2021-06-22;306;456;47462;33053;16.3;11.4
03;2021-06-23;277;533;47739;33586;16.4;11.6
03;2021-06-24;387;494;48126;34080;16.6;11.7
03;2021-06-25;377;544;48503;34624;16.7;11.9
03;2021-06-26;164;320;48667;34944;16.7;12.0
03;2021-06-27;117;170;48784;35114;16.8;12.1
03;2021-06-28;281;590;49065;35704;16.9;12.3
03;2021-06-29;325;499;49390;36203;17.0;12.5
03;2021-06-30;306;666;49696;36869;17.1;12.7
03;2021-07-01;319;394;50015;37263;17.2;12.8
03;2021-07-02;388;514;50403;37777;17.3;13.0
03;2021-07-03;203;271;50606;38048;17.4;13.1
03;2021-07-04;85;242;50691;38290;17.4;13.2
03;2021-07-05;291;538;50982;38828;17.5;13.4
03;2021-07-06;292;467;51274;39295;17.6;13.5
03;2021-07-07;305;403;51579;39698;17.7;13.7
03;2021-07-08;253;322;51832;40020;17.8;13.8
03;2021-07-09;2;6;51834;40026;17.8;13.8
03;2021-07-10;148;273;51982;40299;17.9;13.9
03;2021-07-11;101;163;52083;40462;17.9;13.9
04;2020-12-27;0;0;0;0;0.0;0.0
04;2020-12-28;0;0;0;0;0.0;0.0
04;2020-12-29;0;0;0;0;0.0;0.0
04;2020-12-30;0;0;0;0;0.0;0.0
04;2020-12-31;0;0;0;0;0.0;0.0
04;2021-01-01;1;0;1;0;0.0;0.0
04;2021-01-02;0;0;1;0;0.0;0.0
04;2021-01-03;0;0;1;0;0.0;0.0
04;2021-01-04;0;0;1;0;0.0;0.0
04;2021-01-05;2;0;3;0;0.0;0.0
04;2021-01-06;0;0;3;0;0.0;0.0
04;2021-01-07;0;0;3;0;0.0;0.0
04;2021-01-08;0;0;3;0;0.0;0.0
04;2021-01-09;1;0;4;0;0.0;0.0
04;2021-01-10;0;0;4;0;0.0;0.0
04;2021-01-11;0;0;4;0;0.0;0.0
04;2021-01-12;0;0;4;0;0.0;0.0
04;2021-01-13;0;0;4;0;0.0;0.0
04;2021-01-14;0;0;4;0;0.0;0.0
04;2021-01-15;332;0;336;0;0.0;0.0
04;2021-01-16;27;0;363;0;0.0;0.0
04;2021-01-17;0;0;363;0;0.0;0.0
04;2021-01-18;49;1;412;1;0.0;0.0
04;2021-01-19;393;0;805;1;0.1;0.0
04;2021-01-20;481;1;1286;2;0.1;0.0
04;2021-01-21;614;1;1900;3;0.2;0.0
04;2021-01-22;409;1;2309;4;0.3;0.0
04;2021-01-23;75;0;2384;4;0.3;0.0
04;2021-01-24;0;0;2384;4;0.3;0.0
04;2021-01-25;273;1;2657;5;0.3;0.0
04;2021-01-26;429;0;3086;5;0.4;0.0
04;2021-01-27;317;0;3403;5;0.4;0.0
04;2021-01-28;407;0;3810;5;0.4;0.0
04;2021-01-29;421;3;4231;8;0.5;0.0
04;2021-01-30;420;0;4651;8;0.5;0.0
04;2021-01-31;0;0;4651;8;0.5;0.0
04;2021-02-01;372;3;5023;11;0.6;0.0
04;2021-02-02;499;4;5522;15;0.6;0.0
04;2021-02-03;602;14;6124;29;0.7;0.0
04;2021-02-04;626;22;6750;51;0.8;0.0
04;2021-02-05;564;98;7314;149;0.9;0.0
04;2021-02-06;501;5;7815;154;0.9;0.0
04;2021-02-07;0;8;7815;162;0.9;0.0
04;2021-02-08;472;34;8287;196;1.0;0.0
04;2021-02-09;784;90;9071;286;1.1;0.0
04;2021-02-10;820;86;9891;372;1.2;0.0
04;2021-02-11;796;86;10687;458;1.2;0.1
04;2021-02-12;637;95;11324;553;1.3;0.1
04;2021-02-13;651;74;11975;627;1.4;0.1
04;2021-02-14;1;0;11976;627;1.4;0.1
04;2021-02-15;524;126;12500;753;1.5;0.1
04;2021-02-16;651;534;13151;1287;1.5;0.1
04;2021-02-17;592;329;13743;1616;1.6;0.2
04;2021-02-18;493;412;14236;2028;1.7;0.2
04;2021-02-19;496;319;14732;2347;1.7;0.3
04;2021-02-20;576;117;15308;2464;1.8;0.3
04;2021-02-21;0;0;15308;2464;1.8;0.3
04;2021-02-22;402;238;15710;2702;1.8;0.3
04;2021-02-23;607;238;16317;2940;1.9;0.3
04;2021-02-24;583;253;16900;3193;2.0;0.4
04;2021-02-25;645;296;17545;3489;2.0;0.4
04;2021-02-26;483;472;18028;3961;2.1;0.5
04;2021-02-27;385;468;18413;4429;2.1;0.5
04;2021-02-28;0;0;18413;4429;2.1;0.5
04;2021-03-01;290;389;18703;4818;2.2;0.6
04;2021-03-02;486;501;19189;5319;2.2;0.6
04;2021-03-03;755;541;19944;5860;2.3;0.7
04;2021-03-04;775;513;20719;6373;2.4;0.7
04;2021-03-05;727;535;21446;6908;2.5;0.8
04;2021-03-06;812;525;22258;7433;2.6;0.9
04;2021-03-07;0;0;22258;7433;2.6;0.9
04;2021-03-08;435;579;22693;8012;2.6;0.9
04;2021-03-09;670;769;23363;8781;2.7;1.0
04;2021-03-10;644;843;24007;9624;2.8;1.1
04;2021-03-11;699;641;24706;10265;2.9;1.2
04;2021-03-12;729;660;25435;10925;3.0;1.3
04;2021-03-13;668;607;26103;11532;3.0;1.3
04;2021-03-14;2;0;26105;11532;3.0;1.3
04;2021-03-15;504;506;26609;12038;3.1;1.4
04;2021-03-16;680;708;27289;12746;3.2;1.5
04;2021-03-17;847;531;28136;13277;3.3;1.5
04;2021-03-18;1021;552;29157;13829;3.4;1.6
04;2021-03-19;784;535;29941;14364;3.5;1.7
04;2021-03-20;576;596;30517;14960;3.5;1.7
04;2021-03-21;0;0;30517;14960;3.5;1.7
04;2021-03-22;565;469;31082;15429;3.6;1.8
04;2021-03-23;780;640;31862;16069;3.7;1.9
04;2021-03-24;792;665;32654;16734;3.8;1.9
04;2021-03-25;929;552;33583;17286;3.9;2.0
04;2021-03-26;921;450;34504;17736;4.0;2.1
04;2021-03-27;782;338;35286;18074;4.1;2.1
04;2021-03-28;1;0;35287;18074;4.1;2.1
04;2021-03-29;961;270;36248;18344;4.2;2.1
04;2021-03-30;883;500;37131;18844;4.3;2.2
04;2021-03-31;740;665;37871;19509;4.4;2.3
04;2021-04-01;716;706;38587;20215;4.5;2.4
04;2021-04-02;688;759;39275;20974;4.6;2.4
04;2021-04-03;699;705;39974;21679;4.6;2.5
04;2021-04-04;0;0;39974;21679;4.6;2.5
04;2021-04-05;0;2;39974;21681;4.6;2.5
04;2021-04-06;795;635;40769;22316;4.7;2.6
04;2021-04-07;1369;788;42138;23104;4.9;2.7
04;2021-04-08;1792;773;43930;23877;5.1;2.8
04;2021-04-09;1509;785;45439;24662;5.3;2.9
04;2021-04-10;1137;650;46576;25312;5.4;2.9
04;2021-04-11;2;0;46578;25312;5.4;2.9
04;2021-04-12;1238;548;47816;25860;5.6;3.0
04;2021-04-13;1440;754;49256;26614;5.7;3.1
04;2021-04-14;2069;773;51325;27387;6.0;3.2
04;2021-04-15;2504;954;53829;28341;6.3;3.3
04;2021-04-16;1932;780;55761;29121;6.5;3.4
04;2021-04-17;1289;604;57050;29725;6.6;3.5
04;2021-04-18;0;0;57050;29725;6.6;3.5
04;2021-04-19;1376;563;58426;30288;6.8;3.5
04;2021-04-20;1649;804;60075;31092;7.0;3.6
04;2021-04-21;2127;623;62202;31715;7.2;3.7
04;2021-04-22;2946;816;65148;32531;7.6;3.8
04;2021-04-23;2309;813;67457;33344;7.8;3.9
04;2021-04-24;1102;798;68559;34142;8.0;4.0
04;2021-04-25;2;0;68561;34142;8.0;4.0
04;2021-04-26;1164;915;69725;35057;8.1;4.1
04;2021-04-27;1684;1026;71409;36083;8.3;4.2
04;2021-04-28;2897;750;74306;36833;8.6;4.3
04;2021-04-29;3946;810;78252;37643;9.1;4.4
04;2021-04-30;3432;902;81684;38545;9.5;4.5
04;2021-05-01;2106;221;83790;38766;9.7;4.5
04;2021-05-02;2;0;83792;38766;9.7;4.5
04;2021-05-03;1865;574;85657;39340;10.0;4.6
04;2021-05-04;2128;1098;87785;40438;10.2;4.7
04;2021-05-05;3119;1638;90904;42076;10.6;4.9
04;2021-05-06;4005;1584;94909;43660;11.0;5.1
04;2021-05-07;3228;1524;98137;45184;11.4;5.3
04;2021-05-08;1565;502;99702;45686;11.6;5.3
04;2021-05-09;1;0;99703;45686;11.6;5.3
04;2021-05-10;2411;996;102114;46682;11.9;5.4
04;2021-05-11;3650;1637;105764;48319;12.3;5.6
04;2021-05-12;4723;2392;110487;50711;12.8;5.9
04;2021-05-13;3554;595;114041;51306;13.3;6.0
04;2021-05-14;5267;2510;119308;53816;13.9;6.3
04;2021-05-15;3162;1538;122470;55354;14.2;6.4
04;2021-05-16;15;18;122485;55372;14.2;6.4
04;2021-05-17;2999;1489;125484;56861;14.6;6.6
04;2021-05-18;3754;1788;129238;58649;15.0;6.8
04;2021-05-19;4680;2360;133918;61009;15.6;7.1
04;2021-05-20;5141;2828;139059;63837;16.2;7.4
04;2021-05-21;4988;2636;144047;66473;16.8;7.7
04;2021-05-22;3367;1254;147414;67727;17.1;7.9
04;2021-05-23;5;3;147419;67730;17.1;7.9
04;2021-05-24;3642;1077;151061;68807;17.6;8.0
04;2021-05-25;4246;1917;155307;70724;18.1;8.2
04;2021-05-26;4980;2976;160287;73700;18.6;8.6
04;2021-05-27;4612;4098;164899;77798;19.2;9.0
04;2021-05-28;4377;3827;169276;81625;19.7;9.5
04;2021-05-29;2553;2452;171829;84077;20.0;9.8
04;2021-05-30;7;14;171836;84091;20.0;9.8
04;2021-05-31;2351;2257;174187;86348;20.3;10.0
04;2021-06-01;3296;2723;177483;89071;20.6;10.4
04;2021-06-02;3963;3349;181446;92420;21.1;10.7
04;2021-06-03;4040;3650;185486;96070;21.6;11.2
04;2021-06-04;3847;3751;189333;99821;22.0;11.6
04;2021-06-05;2211;1918;191544;101739;22.3;11.8
04;2021-06-06;1071;132;192615;101871;22.4;11.8
04;2021-06-07;2009;2528;194624;104399;22.6;12.1
04;2021-06-08;2544;3337;197168;107736;22.9;12.5
04;2021-06-09;2973;4775;200141;112511;23.3;13.1
04;2021-06-10;3391;4444;203532;116955;23.7;13.6
04;2021-06-11;2838;4630;206370;121585;24.0;14.1
04;2021-06-12;1721;3375;208091;124960;24.2;14.5
04;2021-06-13;1317;243;209408;125203;24.4;14.6
04;2021-06-14;1482;3183;210890;128386;24.5;14.9
04;2021-06-15;2048;3620;212938;132006;24.8;15.4
04;2021-06-16;2721;4657;215659;136663;25.1;15.9
04;2021-06-17;2499;4906;218158;141569;25.4;16.5
04;2021-06-18;2558;4907;220716;146476;25.7;17.0
04;2021-06-19;1300;3517;222016;149993;25.8;17.4
04;2021-06-20;627;287;222643;150280;25.9;17.5
04;2021-06-21;1255;3244;223898;153524;26.0;17.9
04;2021-06-22;1603;3762;225501;157286;26.2;18.3
04;2021-06-23;2231;4983;227732;162269;26.5;18.9
04;2021-06-24;2272;4077;230004;166346;26.7;19.3
04;2021-06-25;2173;4114;232177;170460;27.0;19.8
04;2021-06-26;1386;2716;233563;173176;27.2;20.1
04;2021-06-27;655;264;234218;173440;27.2;20.2
04;2021-06-28;1297;2483;235515;175923;27.4;20.5
04;2021-06-29;1727;2849;237242;178772;27.6;20.8
04;2021-06-30;2537;3843;239779;182615;27.9;21.2
04;2021-07-01;2655;3828;242434;186443;28.2;21.7
04;2021-07-02;2490;3714;244924;190157;28.5;22.1
04;2021-07-03;1597;2456;246521;192613;28.7;22.4
04;2021-07-04;871;1039;247392;193652;28.8;22.5
04;2021-07-05;1668;2223;249060;195875;29.0;22.8
04;2021-07-06;2384;2524;251444;198399;29.2;23.1
04;2021-07-07;2615;3135;254059;201534;29.5;23.4
04;2021-07-08;2341;3157;256400;204691;29.8;23.8
04;2021-07-09;4;1;256404;204692;29.8;23.8
04;2021-07-10;1590;2164;257994;206856;30.0;24.1
04;2021-07-11;726;1017;258720;207873;30.1;24.2
05;2020-12-27;0;0;0;0;0.0;0.0
05;2020-12-28;0;0;0;0;0.0;0.0
05;2020-12-29;0;0;0;0;0.0;0.0
05;2020-12-30;0;0;0;0;0.0;0.0
05;2020-12-31;0;0;0;0;0.0;0.0
05;2021-01-01;0;0;0;0;0.0;0.0
05;2021-01-02;0;0;0;0;0.0;0.0
05;2021-01-03;0;0;0;0;0.0;0.0
05;2021-01-04;0;0;0;0;0.0;0.0
05;2021-01-05;0;0;0;0;0.0;0.0
05;2021-01-06;0;0;0;0;0.0;0.0
05;2021-01-07;0;0;0;0;0.0;0.0
05;2021-01-08;0;0;0;0;0.0;0.0
05;2021-01-09;0;0;0;0;0.0;0.0
05;2021-01-10;0;0;0;0;0.0;0.0
05;2021-01-11;0;0;0;0;0.0;0.0
05;2021-01-12;0;0;0;0;0.0;0.0
05;2021-01-13;0;0;0;0;0.0;0.0
05;2021-01-14;0;0;0;0;0.0;0.0
05;2021-01-15;0;0;0;0;0.0;0.0
05;2021-01-16;0;0;0;0;0.0;0.0
05;2021-01-17;0;0;0;0;0.0;0.0
05;2021-01-18;0;0;0;0;0.0;0.0
05;2021-01-19;0;0;0;0;0.0;0.0
05;2021-01-20;0;0;0;0;0.0;0.0
05;2021-01-21;0;0;0;0;0.0;0.0
05;2021-01-22;0;0;0;0;0.0;0.0
05;2021-01-23;0;0;0;0;0.0;0.0
05;2021-01-24;0;0;0;0;0.0;0.0
05;2021-01-25;0;0;0;0;0.0;0.0
05;2021-01-26;0;0;0;0;0.0;0.0
05;2021-01-27;0;0;0;0;0.0;0.0
05;2021-01-28;0;0;0;0;0.0;0.0
05;2021-01-29;0;0;0;0;0.0;0.0
05;2021-01-30;0;0;0;0;0.0;0.0
05;2021-01-31;0;0;0;0;0.0;0.0
05;2021-02-01;0;0;0;0;0.0;0.0
05;2021-02-02;0;0;0;0;0.0;0.0
05;2021-02-03;0;0;0;0;0.0;0.0
05;2021-02-04;0;0;0;0;0.0;0.0
05;2021-02-05;0;0;0;0;0.0;0.0
05;2021-02-06;0;0;0;0;0.0;0.0
05;2021-02-07;0;0;0;0;0.0;0.0
05;2021-02-08;0;0;0;0;0.0;0.0
05;2021-02-09;0;0;0;0;0.0;0.0
05;2021-02-10;0;0;0;0;0.0;0.0
05;2021-02-11;0;0;0;0;0.0;0.0
05;2021-02-12;0;0;0;0;0.0;0.0
05;2021-02-13;0;0;0;0;0.0;0.0
05;2021-02-14;0;0;0;0;0.0;0.0
05;2021-02-15;0;0;0;0;0.0;0.0
05;2021-02-16;0;0;0;0;0.0;0.0
05;2021-02-17;0;0;0;0;0.0;0.0
05;2021-02-18;0;0;0;0;0.0;0.0
05;2021-02-19;0;0;0;0;0.0;0.0
05;2021-02-20;0;0;0;0;0.0;0.0
05;2021-02-21;0;0;0;0;0.0;0.0
05;2021-02-22;0;0;0;0;0.0;0.0
05;2021-02-23;0;0;0;0;0.0;0.0
05;2021-02-24;0;0;0;0;0.0;0.0
05;2021-02-25;0;0;0;0;0.0;0.0
05;2021-02-26;0;0;0;0;0.0;0.0
05;2021-02-27;0;0;0;0;0.0;0.0
05;2021-02-28;0;0;0;0;0.0;0.0
05;2021-03-01;0;0;0;0;0.0;0.0
05;2021-03-02;0;0;0;0;0.0;0.0
05;2021-03-03;0;0;0;0;0.0;0.0
05;2021-03-04;0;0;0;0;0.0;0.0
05;2021-03-05;0;0;0;0;0.0;0.0
05;2021-03-06;0;0;0;0;0.0;0.0
05;2021-03-07;0;0;0;0;0.0;0.0
05;2021-03-08;0;0;0;0;0.0;0.0
05;2021-03-09;0;0;0;0;0.0;0.0
05;2021-03-10;0;0;0;0;0.0;0.0
05;2021-03-11;0;0;0;0;0.0;0.0
05;2021-03-12;0;0;0;0;0.0;0.0
05;2021-03-13;0;0;0;0;0.0;0.0
05;2021-03-14;0;0;0;0;0.0;0.0
05;2021-03-15;0;0;0;0;0.0;0.0
05;2021-03-16;0;0;0;0;0.0;0.0
05;2021-03-17;0;0;0;0;0.0;0.0
05;2021-03-18;0;0;0;0;0.0;0.0
05;2021-03-19;0;0;0;0;0.0;0.0
05;2021-03-20;0;0;0;0;0.0;0.0
05;2021-03-21;0;0;0;0;0.0;0.0
05;2021-03-22;0;0;0;0;0.0;0.0
05;2021-03-23;0;0;0;0;0.0;0.0
05;2021-03-24;0;0;0;0;0.0;0.0
05;2021-03-25;0;0;0;0;0.0;0.0
05;2021-03-26;0;0;0;0;0.0;0.0
05;2021-03-27;0;0;0;0;0.0;0.0
05;2021-03-28;0;0;0;0;0.0;0.0
05;2021-03-29;2;0;2;0;0.0;0.0
05;2021-03-30;0;0;2;0;0.0;0.0
05;2021-03-31;0;0;2;0;0.0;0.0
05;2021-04-01;0;0;2;0;0.0;0.0
05;2021-04-02;0;0;2;0;0.0;0.0
05;2021-04-03;0;0;2;0;0.0;0.0
05;2021-04-04;0;0;2;0;0.0;0.0
05;2021-04-05;0;0;2;0;0.0;0.0
05;2021-04-06;0;0;2;0;0.0;0.0
05;2021-04-07;0;0;2;0;0.0;0.0
05;2021-04-08;1;0;3;0;0.1;0.0
05;2021-04-09;0;0;3;0;0.1;0.0
05;2021-04-10;0;0;3;0;0.1;0.0
05;2021-04-11;0;0;3;0;0.1;0.0
05;2021-04-12;0;0;3;0;0.1;0.0
05;2021-04-13;0;0;3;0;0.1;0.0
05;2021-04-14;0;0;3;0;0.1;0.0
05;2021-04-15;0;0;3;0;0.1;0.0
05;2021-04-16;0;0;3;0;0.1;0.0
05;2021-04-17;0;0;3;0;0.1;0.0
05;2021-04-18;0;0;3;0;0.1;0.0
05;2021-04-19;0;0;3;0;0.1;0.0
05;2021-04-20;0;0;3;0;0.1;0.0
05;2021-04-21;0;0;3;0;0.1;0.0
05;2021-04-22;0;0;3;0;0.1;0.0
05;2021-04-23;0;0;3;0;0.1;0.0
05;2021-04-24;0;0;3;0;0.1;0.0
05;2021-04-25;0;0;3;0;0.1;0.0
05;2021-04-26;0;0;3;0;0.1;0.0
05;2021-04-27;0;0;3;0;0.1;0.0
05;2021-04-28;0;0;3;0;0.1;0.0
05;2021-04-29;0;0;3;0;0.1;0.0
05;2021-04-30;0;0;3;0;0.1;0.0
05;2021-05-01;0;0;3;0;0.1;0.0
05;2021-05-02;0;0;3;0;0.1;0.0
05;2021-05-03;0;0;3;0;0.1;0.0
05;2021-05-04;0;0;3;0;0.1;0.0
05;2021-05-05;0;0;3;0;0.1;0.0
05;2021-05-06;0;0;3;0;0.1;0.0
05;2021-05-07;0;0;3;0;0.1;0.0
05;2021-05-08;0;0;3;0;0.1;0.0
05;2021-05-09;0;0;3;0;0.1;0.0
05;2021-05-10;0;0;3;0;0.1;0.0
05;2021-05-11;0;0;3;0;0.1;0.0
05;2021-05-12;0;0;3;0;0.1;0.0
05;2021-05-13;0;0;3;0;0.1;0.0
05;2021-05-14;0;0;3;0;0.1;0.0
05;2021-05-15;0;0;3;0;0.1;0.0
05;2021-05-16;0;0;3;0;0.1;0.0
05;2021-05-17;0;0;3;0;0.1;0.0
05;2021-05-18;0;0;3;0;0.1;0.0
05;2021-05-19;0;0;3;0;0.1;0.0
05;2021-05-20;0;0;3;0;0.1;0.0
05;2021-05-21;0;0;3;0;0.1;0.0
05;2021-05-22;0;0;3;0;0.1;0.0
05;2021-05-23;0;0;3;0;0.1;0.0
05;2021-05-24;0;0;3;0;0.1;0.0
05;2021-05-25;0;0;3;0;0.1;0.0
05;2021-05-26;0;0;3;0;0.1;0.0
05;2021-05-27;0;0;3;0;0.1;0.0
05;2021-05-28;0;0;3;0;0.1;0.0
05;2021-05-29;0;2;3;2;0.1;0.0
05;2021-05-30;0;0;3;2;0.1;0.0
05;2021-05-31;0;0;3;2;0.1;0.0
05;2021-06-01;0;0;3;2;0.1;0.0
05;2021-06-02;0;0;3;2;0.1;0.0
05;2021-06-03;0;0;3;2;0.1;0.0
05;2021-06-04;0;0;3;2;0.1;0.0
05;2021-06-05;0;0;3;2;0.1;0.0
05;2021-06-06;0;0;3;2;0.1;0.0
05;2021-06-07;0;0;3;2;0.1;0.0
05;2021-06-08;0;0;3;2;0.1;0.0
05;2021-06-09;0;0;3;2;0.1;0.0
05;2021-06-10;0;0;3;2;0.1;0.0
05;2021-06-11;0;0;3;2;0.1;0.0
05;2021-06-12;0;0;3;2;0.1;0.0
05;2021-06-13;0;0;3;2;0.1;0.0
05;2021-06-14;0;0;3;2;0.1;0.0
05;2021-06-15;0;0;3;2;0.1;0.0
05;2021-06-16;0;0;3;2;0.1;0.0
05;2021-06-17;0;0;3;2;0.1;0.0
05;2021-06-18;0;0;3;2;0.1;0.0
05;2021-06-19;0;0;3;2;0.1;0.0
05;2021-06-20;0;0;3;2;0.1;0.0
05;2021-06-21;0;0;3;2;0.1;0.0
05;2021-06-22;0;0;3;2;0.1;0.0
05;2021-06-23;0;0;3;2;0.1;0.0
05;2021-06-24;0;0;3;2;0.1;0.0
05;2021-06-25;0;0;3;2;0.1;0.0
05;2021-06-26;0;0;3;2;0.1;0.0
05;2021-06-27;0;0;3;2;0.1;0.0
05;2021-06-28;0;0;3;2;0.1;0.0
05;2021-06-29;0;0;3;2;0.1;0.0
05;2021-06-30;0;0;3;2;0.1;0.0
05;2021-07-01;0;0;3;2;0.1;0.0
05;2021-07-02;0;0;3;2;0.1;0.0
05;2021-07-03;0;0;3;2;0.1;0.0
05;2021-07-04;0;0;3;2;0.1;0.0
05;2021-07-05;0;0;3;2;0.1;0.0
05;2021-07-06;0;0;3;2;0.1;0.0
05;2021-07-07;0;0;3;2;0.1;0.0
05;2021-07-08;0;0;3;2;0.1;0.0
05;2021-07-09;0;0;3;2;0.1;0.0
05;2021-07-10;0;0;3;2;0.1;0.0
05;2021-07-11;0;0;3;2;0.1;0.0
06;2020-12-27;0;0;0;0;0.0;0.0
06;2020-12-28;0;0;0;0;0.0;0.0
06;2020-12-29;0;0;0;0;0.0;0.0
06;2020-12-30;0;0;0;0;0.0;0.0
06;2020-12-31;0;0;0;0;0.0;0.0
06;2021-01-01;0;0;0;0;0.0;0.0
06;2021-01-02;0;0;0;0;0.0;0.0
06;2021-01-03;0;0;0;0;0.0;0.0
06;2021-01-04;0;0;0;0;0.0;0.0
06;2021-01-05;0;0;0;0;0.0;0.0
06;2021-01-06;0;0;0;0;0.0;0.0
06;2021-01-07;0;0;0;0;0.0;0.0
06;2021-01-08;0;0;0;0;0.0;0.0
06;2021-01-09;0;0;0;0;0.0;0.0
06;2021-01-10;0;0;0;0;0.0;0.0
06;2021-01-11;9;0;9;0;0.0;0.0
06;2021-01-12;0;0;9;0;0.0;0.0
06;2021-01-13;0;0;9;0;0.0;0.0
06;2021-01-14;0;0;9;0;0.0;0.0
06;2021-01-15;1;0;10;0;0.0;0.0
06;2021-01-16;1;0;11;0;0.0;0.0
06;2021-01-17;0;0;11;0;0.0;0.0
06;2021-01-18;1;0;12;0;0.0;0.0
06;2021-01-19;0;0;12;0;0.0;0.0
06;2021-01-20;0;0;12;0;0.0;0.0
06;2021-01-21;0;0;12;0;0.0;0.0
06;2021-01-22;0;0;12;0;0.0;0.0
06;2021-01-23;1;0;13;0;0.0;0.0
06;2021-01-24;0;0;13;0;0.0;0.0
06;2021-01-25;141;1;154;1;0.1;0.0
06;2021-01-26;165;4;319;5;0.1;0.0
06;2021-01-27;250;2;569;7;0.2;0.0
06;2021-01-28;102;6;671;13;0.2;0.0
06;2021-01-29;231;2;902;15;0.3;0.0
06;2021-01-30;285;10;1187;25;0.4;0.0
06;2021-01-31;1;0;1188;25;0.4;0.0
06;2021-02-01;160;0;1348;25;0.5;0.0
06;2021-02-02;330;8;1678;33;0.6;0.0
06;2021-02-03;228;3;1906;36;0.7;0.0
06;2021-02-04;215;7;2121;43;0.8;0.0
06;2021-02-05;214;1;2335;44;0.8;0.0
06;2021-02-06;83;10;2418;54;0.9;0.0
06;2021-02-07;0;0;2418;54;0.9;0.0
06;2021-02-08;82;3;2500;57;0.9;0.0
06;2021-02-09;194;0;2694;57;1.0;0.0
06;2021-02-10;187;3;2881;60;1.0;0.0
06;2021-02-11;236;3;3117;63;1.1;0.0
06;2021-02-12;287;4;3404;67;1.2;0.0
06;2021-02-13;56;0;3460;67;1.2;0.0
06;2021-02-14;1;0;3461;67;1.2;0.0
06;2021-02-15;359;5;3820;72;1.4;0.0
06;2021-02-16;266;7;4086;79;1.5;0.0
06;2021-02-17;167;6;4253;85;1.5;0.0
06;2021-02-18;217;12;4470;97;1.6;0.0
06;2021-02-19;235;23;4705;120;1.7;0.0
06;2021-02-20;139;8;4844;128;1.7;0.0
06;2021-02-21;0;0;4844;128;1.7;0.0
06;2021-02-22;130;122;4974;250;1.8;0.1
06;2021-02-23;185;151;5159;401;1.8;0.1
06;2021-02-24;176;145;5335;546;1.9;0.2
06;2021-02-25;227;278;5562;824;2.0;0.3
06;2021-02-26;242;246;5804;1070;2.1;0.4
06;2021-02-27;0;0;5804;1070;2.1;0.4
06;2021-02-28;0;0;5804;1070;2.1;0.4
06;2021-03-01;145;258;5949;1328;2.1;0.5
06;2021-03-02;228;259;6177;1587;2.2;0.6
06;2021-03-03;202;189;6379;1776;2.3;0.6
06;2021-03-04;205;140;6584;1916;2.4;0.7
06;2021-03-05;224;113;6808;2029;2.4;0.7
06;2021-03-06;1;0;6809;2029;2.4;0.7
06;2021-03-07;0;0;6809;2029;2.4;0.7
06;2021-03-08;189;109;6998;2138;2.5;0.8
06;2021-03-09;391;158;7389;2296;2.6;0.8
06;2021-03-10;180;178;7569;2474;2.7;0.9
06;2021-03-11;167;207;7736;2681;2.8;1.0
06;2021-03-12;238;290;7974;2971;2.9;1.1
06;2021-03-13;2;0;7976;2971;2.9;1.1
06;2021-03-14;0;0;7976;2971;2.9;1.1
06;2021-03-15;157;292;8133;3263;2.9;1.2
06;2021-03-16;236;223;8369;3486;3.0;1.2
06;2021-03-17;264;142;8633;3628;3.1;1.3
06;2021-03-18;172;233;8805;3861;3.2;1.4
06;2021-03-19;172;298;8977;4159;3.2;1.5
06;2021-03-20;0;0;8977;4159;3.2;1.5
06;2021-03-21;0;0;8977;4159;3.2;1.5
06;2021-03-22;98;136;9075;4295;3.2;1.5
06;2021-03-23;136;240;9211;4535;3.3;1.6
06;2021-03-24;160;146;9371;4681;3.4;1.7
06;2021-03-25;186;206;9557;4887;3.4;1.7
06;2021-03-26;160;211;9717;5098;3.5;1.8
06;2021-03-27;18;0;9735;5098;3.5;1.8
06;2021-03-28;0;0;9735;5098;3.5;1.8
06;2021-03-29;0;2;9735;5100;3.5;1.8
06;2021-03-30;272;334;10007;5434;3.6;1.9
06;2021-03-31;225;125;10232;5559;3.7;2.0
06;2021-04-01;243;103;10475;5662;3.7;2.0
06;2021-04-02;286;263;10761;5925;3.9;2.1
06;2021-04-03;906;307;11667;6232;4.2;2.2
06;2021-04-04;1;0;11668;6232;4.2;2.2
06;2021-04-05;1;0;11669;6232;4.2;2.2
06;2021-04-06;162;278;11831;6510;4.2;2.3
06;2021-04-07;237;266;12068;6776;4.3;2.4
06;2021-04-08;286;140;12354;6916;4.4;2.5
06;2021-04-09;248;171;12602;7087;4.5;2.5
06;2021-04-10;181;114;12783;7201;4.6;2.6
06;2021-04-11;7;0;12790;7201;4.6;2.6
06;2021-04-12;0;19;12790;7220;4.6;2.6
06;2021-04-13;394;343;13184;7563;4.7;2.7
06;2021-04-14;239;205;13423;7768;4.8;2.8
06;2021-04-15;207;117;13630;7885;4.9;2.8
06;2021-04-16;214;127;13844;8012;5.0;2.9
06;2021-04-17;226;131;14070;8143;5.0;2.9
06;2021-04-18;1;0;14071;8143;5.0;2.9
06;2021-04-19;7;1;14078;8144;5.0;2.9
06;2021-04-20;368;225;14446;8369;5.2;3.0
06;2021-04-21;412;150;14858;8519;5.3;3.0
06;2021-04-22;410;151;15268;8670;5.5;3.1
06;2021-04-23;367;166;15635;8836;5.6;3.2
06;2021-04-24;413;128;16048;8964;5.7;3.2
06;2021-04-25;2;0;16050;8964;5.7;3.2
06;2021-04-26;54;8;16104;8972;5.8;3.2
06;2021-04-27;351;293;16455;9265;5.9;3.3
06;2021-04-28;355;515;16810;9780;6.0;3.5
06;2021-04-29;558;344;17368;10124;6.2;3.6
06;2021-04-30;403;238;17771;10362;6.4;3.7
06;2021-05-01;670;285;18441;10647;6.6;3.8
06;2021-05-02;0;0;18441;10647;6.6;3.8
06;2021-05-03;139;6;18580;10653;6.6;3.8
06;2021-05-04;353;426;18933;11079;6.8;4.0
06;2021-05-05;447;318;19380;11397;6.9;4.1
06;2021-05-06;320;200;19700;11597;7.0;4.1
06;2021-05-07;341;133;20041;11730;7.2;4.2
06;2021-05-08;300;140;20341;11870;7.3;4.2
06;2021-05-09;0;0;20341;11870;7.3;4.2
06;2021-05-10;8;9;20349;11879;7.3;4.3
06;2021-05-11;360;488;20709;12367;7.4;4.4
06;2021-05-12;333;310;21042;12677;7.5;4.5
06;2021-05-13;127;97;21169;12774;7.6;4.6
06;2021-05-14;0;0;21169;12774;7.6;4.6
06;2021-05-15;484;283;21653;13057;7.7;4.7
06;2021-05-16;0;0;21653;13057;7.7;4.7
06;2021-05-17;122;51;21775;13108;7.8;4.7
06;2021-05-18;516;429;22291;13537;8.0;4.8
06;2021-05-19;650;663;22941;14200;8.2;5.1
06;2021-05-20;1055;495;23996;14695;8.6;5.3
06;2021-05-21;1046;314;25042;15009;9.0;5.4
06;2021-05-22;1241;299;26283;15308;9.4;5.5
06;2021-05-23;0;0;26283;15308;9.4;5.5
06;2021-05-24;1;0;26284;15308;9.4;5.5
06;2021-05-25;885;624;27169;15932;9.7;5.7
06;2021-05-26;1035;839;28204;16771;10.1;6.0
06;2021-05-27;1317;507;29521;17278;10.6;6.2
06;2021-05-28;954;372;30475;17650;10.9;6.3
06;2021-05-29;1130;390;31605;18040;11.3;6.5
06;2021-05-30;0;1;31605;18041;11.3;6.5
06;2021-05-31;104;6;31709;18047;11.3;6.5
06;2021-06-01;1148;651;32857;18698;11.8;6.7
06;2021-06-02;1202;527;34059;19225;12.2;6.9
06;2021-06-03;804;352;34863;19577;12.5;7.0
06;2021-06-04;993;321;35856;19898;12.8;7.1
06;2021-06-05;674;300;36530;20198;13.1;7.2
06;2021-06-06;1;0;36531;20198;13.1;7.2
06;2021-06-07;86;12;36617;20210;13.1;7.2
06;2021-06-08;949;442;37566;20652;13.4;7.4
06;2021-06-09;966;552;38532;21204;13.8;7.6
06;2021-06-10;681;230;39213;21434;14.0;7.7
06;2021-06-11;842;369;40055;21803;14.3;7.8
06;2021-06-12;579;276;40634;22079;14.5;7.9
06;2021-06-13;0;0;40634;22079;14.5;7.9
06;2021-06-14;178;112;40812;22191;14.6;7.9
06;2021-06-15;399;840;41211;23031;14.7;8.2
06;2021-06-16;882;1437;42093;24468;15.1;8.8
06;2021-06-17;757;652;42850;25120;15.3;9.0
06;2021-06-18;686;619;43536;25739;15.6;9.2
06;2021-06-19;528;639;44064;26378;15.8;9.4
06;2021-06-20;0;0;44064;26378;15.8;9.4
06;2021-06-21;124;128;44188;26506;15.8;9.5
06;2021-06-22;424;1144;44612;27650;16.0;9.9
06;2021-06-23;647;1180;45259;28830;16.2;10.3
06;2021-06-24;456;541;45715;29371;16.4;10.5
06;2021-06-25;523;473;46238;29844;16.5;10.7
06;2021-06-26;382;685;46620;30529;16.7;10.9
06;2021-06-27;0;0;46620;30529;16.7;10.9
06;2021-06-28;99;190;46719;30719;16.7;11.0
06;2021-06-29;641;972;47360;31691;16.9;11.3
06;2021-06-30;630;944;47990;32635;17.2;11.7
06;2021-07-01;541;540;48531;33175;17.4;11.9
06;2021-07-02;430;422;48961;33597;17.5;12.0
06;2021-07-03;434;411;49395;34008;17.7;12.2
06;2021-07-04;0;0;49395;34008;17.7;12.2
06;2021-07-05;113;225;49508;34233;17.7;12.2
06;2021-07-06;493;853;50001;35086;17.9;12.6
06;2021-07-07;746;991;50747;36077;18.2;12.9
06;2021-07-08;783;619;51530;36696;18.4;13.1
06;2021-07-09;12;6;51542;36702;18.4;13.1
06;2021-07-10;431;313;51973;37015;18.6;13.2
06;2021-07-11;0;0;51973;37015;18.6;13.2
07;2020-12-27;0;0;0;0;0.0;0.0
07;2020-12-28;0;0;0;0;0.0;0.0
07;2020-12-29;0;0;0;0;0.0;0.0
07;2020-12-30;0;0;0;0;0.0;0.0
07;2020-12-31;0;0;0;0;0.0;0.0
07;2021-01-01;0;0;0;0;0.0;0.0
07;2021-01-02;0;0;0;0;0.0;0.0
07;2021-01-03;0;0;0;0;0.0;0.0
07;2021-01-04;0;0;0;0;0.0;0.0
07;2021-01-05;0;0;0;0;0.0;0.0
07;2021-01-06;0;0;0;0;0.0;0.0
07;2021-01-07;0;0;0;0;0.0;0.0
07;2021-01-08;0;0;0;0;0.0;0.0
07;2021-01-09;0;0;0;0;0.0;0.0
07;2021-01-10;0;0;0;0;0.0;0.0
07;2021-01-11;0;0;0;0;0.0;0.0
07;2021-01-12;0;0;0;0;0.0;0.0
07;2021-01-13;0;0;0;0;0.0;0.0
07;2021-01-14;0;0;0;0;0.0;0.0
07;2021-01-15;0;0;0;0;0.0;0.0
07;2021-01-16;0;0;0;0;0.0;0.0
07;2021-01-17;0;0;0;0;0.0;0.0
07;2021-01-18;1;0;1;0;0.0;0.0
07;2021-01-19;0;0;1;0;0.0;0.0
07;2021-01-20;0;0;1;0;0.0;0.0
07;2021-01-21;12;0;13;0;0.1;0.0
07;2021-01-22;12;0;25;0;0.3;0.0
07;2021-01-23;0;0;25;0;0.3;0.0
07;2021-01-24;0;0;25;0;0.3;0.0
07;2021-01-25;0;0;25;0;0.3;0.0
07;2021-01-26;0;0;25;0;0.3;0.0
07;2021-01-27;12;0;37;0;0.4;0.0
07;2021-01-28;1;0;38;0;0.4;0.0
07;2021-01-29;6;0;44;0;0.4;0.0
07;2021-01-30;0;0;44;0;0.4;0.0
07;2021-01-31;0;0;44;0;0.4;0.0
07;2021-02-01;0;0;44;0;0.4;0.0
07;2021-02-02;0;0;44;0;0.4;0.0
07;2021-02-03;11;0;55;0;0.6;0.0
07;2021-02-04;12;0;67;0;0.7;0.0
07;2021-02-05;11;0;78;0;0.8;0.0
07;2021-02-06;0;0;78;0;0.8;0.0
07;2021-02-07;0;0;78;0;0.8;0.0
07;2021-02-08;0;0;78;0;0.8;0.0
07;2021-02-09;13;0;91;0;0.9;0.0
07;2021-02-10;0;0;91;0;0.9;0.0
07;2021-02-11;17;0;108;0;1.1;0.0
07;2021-02-12;45;0;153;0;1.5;0.0
07;2021-02-13;0;0;153;0;1.5;0.0
07;2021-02-14;0;0;153;0;1.5;0.0
07;2021-02-15;0;0;153;0;1.5;0.0
07;2021-02-16;0;0;153;0;1.5;0.0
07;2021-02-17;0;0;153;0;1.5;0.0
07;2021-02-18;18;0;171;0;1.7;0.0
07;2021-02-19;34;0;205;0;2.1;0.0
07;2021-02-20;0;0;205;0;2.1;0.0
07;2021-02-21;0;0;205;0;2.1;0.0
07;2021-02-22;0;0;205;0;2.1;0.0
07;2021-02-23;0;22;205;22;2.1;0.2
07;2021-02-24;0;0;205;22;2.1;0.2
07;2021-02-25;15;10;220;32;2.2;0.3
07;2021-02-26;33;20;253;52;2.5;0.5
07;2021-02-27;0;0;253;52;2.5;0.5
07;2021-02-28;0;0;253;52;2.5;0.5
07;2021-03-01;0;0;253;52;2.5;0.5
07;2021-03-02;17;11;270;63;2.7;0.6
07;2021-03-03;0;0;270;63;2.7;0.6
07;2021-03-04;16;11;286;74;2.9;0.7
07;2021-03-05;33;19;319;93;3.2;0.9
07;2021-03-06;0;0;319;93;3.2;0.9
07;2021-03-07;0;0;319;93;3.2;0.9
07;2021-03-08;0;0;319;93;3.2;0.9
07;2021-03-09;1;0;320;93;3.2;0.9
07;2021-03-10;0;0;320;93;3.2;0.9
07;2021-03-11;20;30;340;123;3.4;1.2
07;2021-03-12;62;42;402;165;4.0;1.7
07;2021-03-13;0;0;402;165;4.0;1.7
07;2021-03-14;0;0;402;165;4.0;1.7
07;2021-03-15;0;0;402;165;4.0;1.7
07;2021-03-16;30;9;432;174;4.3;1.7
07;2021-03-17;0;0;432;174;4.3;1.7
07;2021-03-18;30;16;462;190;4.6;1.9
07;2021-03-19;56;31;518;221;5.2;2.2
07;2021-03-20;0;0;518;221;5.2;2.2
07;2021-03-21;0;0;518;221;5.2;2.2
07;2021-03-22;0;0;518;221;5.2;2.2
07;2021-03-23;0;0;518;221;5.2;2.2
07;2021-03-24;0;0;518;221;5.2;2.2
07;2021-03-25;65;17;583;238;5.9;2.4
07;2021-03-26;73;26;656;264;6.6;2.7
07;2021-03-27;0;0;656;264;6.6;2.7
07;2021-03-28;0;0;656;264;6.6;2.7
07;2021-03-29;0;0;656;264;6.6;2.7
07;2021-03-30;40;18;696;282;7.0;2.8
07;2021-03-31;26;15;722;297;7.2;3.0
07;2021-04-01;25;32;747;329;7.5;3.3
07;2021-04-02;0;0;747;329;7.5;3.3
07;2021-04-03;0;0;747;329;7.5;3.3
07;2021-04-04;0;0;747;329;7.5;3.3
07;2021-04-05;9;0;756;329;7.6;3.3
07;2021-04-06;0;0;756;329;7.6;3.3
07;2021-04-07;0;0;756;329;7.6;3.3
07;2021-04-08;57;46;813;375;8.2;3.8
07;2021-04-09;59;31;872;406;8.8;4.1
07;2021-04-10;0;0;872;406;8.8;4.1
07;2021-04-11;0;0;872;406;8.8;4.1
07;2021-04-12;0;0;872;406;8.8;4.1
07;2021-04-13;0;0;872;406;8.8;4.1
07;2021-04-14;5;6;877;412;8.8;4.1
07;2021-04-15;56;71;933;483;9.4;4.8
07;2021-04-16;90;35;1023;518;10.3;5.2
07;2021-04-17;0;1;1023;519;10.3;5.2
07;2021-04-18;0;0;1023;519;10.3;5.2
07;2021-04-19;1;0;1024;519;10.3;5.2
07;2021-04-20;335;66;1359;585;13.6;5.9
07;2021-04-21;337;29;1696;614;17.0;6.2
07;2021-04-22;284;50;1980;664;19.9;6.7
07;2021-04-23;258;41;2238;705;22.5;7.1
07;2021-04-24;231;1;2469;706;24.8;7.1
07;2021-04-25;0;0;2469;706;24.8;7.1
07;2021-04-26;283;20;2752;726;27.6;7.3
07;2021-04-27;224;69;2976;795;29.9;8.0
07;2021-04-28;192;26;3168;821;31.8;8.2
07;2021-04-29;170;22;3338;843;33.5;8.5
07;2021-04-30;172;15;3510;858;35.2;8.6
07;2021-05-01;201;12;3711;870;37.3;8.7
07;2021-05-02;0;0;3711;870;37.3;8.7
07;2021-05-03;135;9;3846;879;38.6;8.8
07;2021-05-04;161;54;4007;933;40.2;9.4
07;2021-05-05;221;30;4228;963;42.4;9.7
07;2021-05-06;175;31;4403;994;44.2;10.0
07;2021-05-07;149;31;4552;1025;45.7;10.3
07;2021-05-08;1;0;4553;1025;45.7;10.3
07;2021-05-09;0;2;4553;1027;45.7;10.3
07;2021-05-10;0;0;4553;1027;45.7;10.3
07;2021-05-11;2;41;4555;1068;45.7;10.7
07;2021-05-12;6;36;4561;1104;45.8;11.1
07;2021-05-13;0;0;4561;1104;45.8;11.1
07;2021-05-14;28;98;4589;1202;46.1;12.1
07;2021-05-15;0;0;4589;1202;46.1;12.1
07;2021-05-16;1;0;4590;1202;46.1;12.1
07;2021-05-17;1;14;4591;1216;46.1;12.2
07;2021-05-18;17;32;4608;1248;46.3;12.5
07;2021-05-19;0;1;4608;1249;46.3;12.5
07;2021-05-20;0;8;4608;1257;46.3;12.6
07;2021-05-21;12;32;4620;1289;46.4;12.9
07;2021-05-22;0;0;4620;1289;46.4;12.9
07;2021-05-23;0;0;4620;1289;46.4;12.9
07;2021-05-24;0;0;4620;1289;46.4;12.9
07;2021-05-25;50;333;4670;1622;46.9;16.3
07;2021-05-26;54;360;4724;1982;47.4;19.9
07;2021-05-27;34;317;4758;2299;47.8;23.1
07;2021-05-28;27;256;4785;2555;48.0;25.7
07;2021-05-29;35;376;4820;2931;48.4;29.4
07;2021-05-30;0;0;4820;2931;48.4;29.4
07;2021-05-31;45;217;4865;3148;48.8;31.6
07;2021-06-01;47;227;4912;3375;49.3;33.9
07;2021-06-02;69;273;4981;3648;50.0;36.6
07;2021-06-03;41;252;5022;3900;50.4;39.2
07;2021-06-04;76;273;5098;4173;51.2;41.9
07;2021-06-05;1;0;5099;4173;51.2;41.9
07;2021-06-06;0;0;5099;4173;51.2;41.9
07;2021-06-07;1;1;5100;4174;51.2;41.9
07;2021-06-08;3;2;5103;4176;51.2;41.9
07;2021-06-09;0;3;5103;4179;51.2;42.0
07;2021-06-10;8;4;5111;4183;51.3;42.0
07;2021-06-11;3;8;5114;4191;51.3;42.1
07;2021-06-12;16;59;5130;4250;51.5;42.7
07;2021-06-13;0;0;5130;4250;51.5;42.7
07;2021-06-14;0;0;5130;4250;51.5;42.7
07;2021-06-15;0;1;5130;4251;51.5;42.7
07;2021-06-16;0;0;5130;4251;51.5;42.7
07;2021-06-17;2;6;5132;4257;51.5;42.7
07;2021-06-18;0;2;5132;4259;51.5;42.8
07;2021-06-19;25;49;5157;4308;51.8;43.2
07;2021-06-20;0;0;5157;4308;51.8;43.2
07;2021-06-21;0;2;5157;4310;51.8;43.3
07;2021-06-22;8;0;5165;4310;51.9;43.3
07;2021-06-23;15;9;5180;4319;52.0;43.4
07;2021-06-24;10;5;5190;4324;52.1;43.4
07;2021-06-25;0;0;5190;4324;52.1;43.4
07;2021-06-26;28;49;5218;4373;52.4;43.9
07;2021-06-27;0;0;5218;4373;52.4;43.9
07;2021-06-28;0;0;5218;4373;52.4;43.9
07;2021-06-29;0;0;5218;4373;52.4;43.9
07;2021-06-30;0;0;5218;4373;52.4;43.9
07;2021-07-01;26;35;5244;4408;52.6;44.3
07;2021-07-02;26;32;5270;4440;52.9;44.6
07;2021-07-03;27;211;5297;4651;53.2;46.7
07;2021-07-04;0;0;5297;4651;53.2;46.7
07;2021-07-05;4;8;5301;4659;53.2;46.8
07;2021-07-06;0;0;5301;4659;53.2;46.8
07;2021-07-07;8;0;5309;4659;53.3;46.8
07;2021-07-08;33;22;5342;4681;53.6;47.0
07;2021-07-09;0;0;5342;4681;53.6;47.0
07;2021-07-10;31;41;5373;4722;53.9;47.4
07;2021-07-11;0;0;5373;4722;53.9;47.4
08;2020-12-27;0;0;0;0;0.0;0.0
08;2020-12-28;0;0;0;0;0.0;0.0
08;2020-12-29;0;0;0;0;0.0;0.0
08;2020-12-30;0;0;0;0;0.0;0.0
08;2020-12-31;0;0;0;0;0.0;0.0
08;2021-01-01;0;0;0;0;0.0;0.0
08;2021-01-02;0;0;0;0;0.0;0.0
08;2021-01-03;0;0;0;0;0.0;0.0
08;2021-01-04;0;0;0;0;0.0;0.0
08;2021-01-05;0;0;0;0;0.0;0.0
08;2021-01-06;0;0;0;0;0.0;0.0
08;2021-01-07;0;0;0;0;0.0;0.0
08;2021-01-08;0;0;0;0;0.0;0.0
08;2021-01-09;0;0;0;0;0.0;0.0
08;2021-01-10;0;0;0;0;0.0;0.0
08;2021-01-11;0;0;0;0;0.0;0.0
08;2021-01-12;0;0;0;0;0.0;0.0
08;2021-01-13;10;0;10;0;0.0;0.0
08;2021-01-14;12;0;22;0;0.1;0.0
08;2021-01-15;9;0;31;0;0.1;0.0
08;2021-01-16;0;0;31;0;0.1;0.0
08;2021-01-17;0;0;31;0;0.1;0.0
08;2021-01-18;0;0;31;0;0.1;0.0
08;2021-01-19;12;0;43;0;0.1;0.0
08;2021-01-20;12;0;55;0;0.2;0.0
08;2021-01-21;6;0;61;0;0.2;0.0
08;2021-01-22;0;0;61;0;0.2;0.0
08;2021-01-23;0;0;61;0;0.2;0.0
08;2021-01-24;0;0;61;0;0.2;0.0
08;2021-01-25;0;0;61;0;0.2;0.0
08;2021-01-26;9;0;70;0;0.2;0.0
08;2021-01-27;10;0;80;0;0.2;0.0
08;2021-01-28;6;0;86;0;0.2;0.0
08;2021-01-29;0;0;86;0;0.2;0.0
08;2021-01-30;0;0;86;0;0.2;0.0
08;2021-01-31;0;0;86;0;0.2;0.0
08;2021-02-01;0;0;86;0;0.2;0.0
08;2021-02-02;38;0;124;0;0.4;0.0
08;2021-02-03;10;0;134;0;0.4;0.0
08;2021-02-04;29;0;163;0;0.5;0.0
08;2021-02-05;6;0;169;0;0.5;0.0
08;2021-02-06;0;0;169;0;0.5;0.0
08;2021-02-07;0;0;169;0;0.5;0.0
08;2021-02-08;0;0;169;0;0.5;0.0
08;2021-02-09;38;0;207;0;0.6;0.0
08;2021-02-10;27;1;234;1;0.7;0.0
08;2021-02-11;0;0;234;1;0.7;0.0
08;2021-02-12;36;0;270;1;0.8;0.0
08;2021-02-13;0;0;270;1;0.8;0.0
08;2021-02-14;0;0;270;1;0.8;0.0
08;2021-02-15;50;0;320;1;0.9;0.0
08;2021-02-16;0;0;320;1;0.9;0.0
08;2021-02-17;0;0;320;1;0.9;0.0
08;2021-02-18;27;0;347;1;1.0;0.0
08;2021-02-19;44;0;391;1;1.1;0.0
08;2021-02-20;0;0;391;1;1.1;0.0
08;2021-02-21;0;0;391;1;1.1;0.0
08;2021-02-22;45;4;436;5;1.2;0.0
08;2021-02-23;41;29;477;34;1.3;0.1
08;2021-02-24;35;1;512;35;1.4;0.1
08;2021-02-25;55;36;567;71;1.6;0.2
08;2021-02-26;39;5;606;76;1.7;0.2
08;2021-02-27;0;0;606;76;1.7;0.2
08;2021-02-28;0;0;606;76;1.7;0.2
08;2021-03-01;48;5;654;81;1.9;0.2
08;2021-03-02;7;27;661;108;1.9;0.3
08;2021-03-03;38;27;699;135;2.0;0.4
08;2021-03-04;30;26;729;161;2.1;0.5
08;2021-03-05;46;11;775;172;2.2;0.5
08;2021-03-06;0;0;775;172;2.2;0.5
08;2021-03-07;0;0;775;172;2.2;0.5
08;2021-03-08;30;7;805;179;2.3;0.5
08;2021-03-09;19;27;824;206;2.3;0.6
08;2021-03-10;32;28;856;234;2.4;0.7
08;2021-03-11;2;0;858;234;2.4;0.7
08;2021-03-12;52;21;910;255;2.6;0.7
08;2021-03-13;11;0;921;255;2.6;0.7
08;2021-03-14;0;0;921;255;2.6;0.7
08;2021-03-15;31;42;952;297;2.7;0.8
08;2021-03-16;73;6;1025;303;2.9;0.9
08;2021-03-17;67;13;1092;316;3.1;0.9
08;2021-03-18;82;39;1174;355;3.3;1.0
08;2021-03-19;30;50;1204;405;3.4;1.1
08;2021-03-20;0;0;1204;405;3.4;1.1
08;2021-03-21;0;0;1204;405;3.4;1.1
08;2021-03-22;34;45;1238;450;3.5;1.3
08;2021-03-23;30;43;1268;493;3.6;1.4
08;2021-03-24;38;42;1306;535;3.7;1.5
08;2021-03-25;92;34;1398;569;4.0;1.6
08;2021-03-26;45;33;1443;602;4.1;1.7
08;2021-03-27;94;3;1537;605;4.3;1.7
08;2021-03-28;0;0;1537;605;4.3;1.7
08;2021-03-29;69;49;1606;654;4.5;1.9
08;2021-03-30;98;24;1704;678;4.8;1.9
08;2021-03-31;89;49;1793;727;5.1;2.1
08;2021-04-01;56;48;1849;775;5.2;2.2
08;2021-04-02;0;0;1849;775;5.2;2.2
08;2021-04-03;0;0;1849;775;5.2;2.2
08;2021-04-04;0;0;1849;775;5.2;2.2
08;2021-04-05;0;0;1849;775;5.2;2.2
08;2021-04-06;49;63;1898;838;5.4;2.4
08;2021-04-07;91;33;1989;871;5.6;2.5
08;2021-04-08;120;7;2109;878;6.0;2.5
08;2021-04-09;89;39;2198;917;6.2;2.6
08;2021-04-10;164;9;2362;926;6.7;2.6
08;2021-04-11;0;0;2362;926;6.7;2.6
08;2021-04-12;41;76;2403;1002;6.8;2.8
08;2021-04-13;48;71;2451;1073;6.9;3.0
08;2021-04-14;81;45;2532;1118;7.2;3.2
08;2021-04-15;92;24;2624;1142;7.4;3.2
08;2021-04-16;77;42;2701;1184;7.6;3.4
08;2021-04-17;165;4;2866;1188;8.1;3.4
08;2021-04-18;0;0;2866;1188;8.1;3.4
08;2021-04-19;52;67;2918;1255;8.3;3.6
08;2021-04-20;83;27;3001;1282;8.5;3.6
08;2021-04-21;91;29;3092;1311;8.8;3.7
08;2021-04-22;101;20;3193;1331;9.0;3.8
08;2021-04-23;44;66;3237;1397;9.2;4.0
08;2021-04-24;99;78;3336;1475;9.4;4.2
08;2021-04-25;0;0;3336;1475;9.4;4.2
08;2021-04-26;28;91;3364;1566;9.5;4.4
08;2021-04-27;59;63;3423;1629;9.7;4.6
08;2021-04-28;90;39;3513;1668;9.9;4.7
08;2021-04-29;89;34;3602;1702;10.2;4.8
08;2021-04-30;104;15;3706;1717;10.5;4.9
08;2021-05-01;0;8;3706;1725;10.5;4.9
08;2021-05-02;0;0;3706;1725;10.5;4.9
08;2021-05-03;24;99;3730;1824;10.6;5.2
08;2021-05-04;158;102;3888;1926;11.0;5.5
08;2021-05-05;141;58;4029;1984;11.4;5.6
08;2021-05-06;200;49;4229;2033;12.0;5.8
08;2021-05-07;127;71;4356;2104;12.3;6.0
08;2021-05-08;69;122;4425;2226;12.5;6.3
08;2021-05-09;0;0;4425;2226;12.5;6.3
08;2021-05-10;124;99;4549;2325;12.9;6.6
08;2021-05-11;132;72;4681;2397;13.2;6.8
08;2021-05-12;156;78;4837;2475;13.7;7.0
08;2021-05-13;83;6;4920;2481;13.9;7.0
08;2021-05-14;129;62;5049;2543;14.3;7.2
08;2021-05-15;86;4;5135;2547;14.5;7.2
08;2021-05-16;0;0;5135;2547;14.5;7.2
08;2021-05-17;146;114;5281;2661;14.9;7.5
08;2021-05-18;151;94;5432;2755;15.4;7.8
08;2021-05-19;84;69;5516;2824;15.6;8.0
08;2021-05-20;104;26;5620;2850;15.9;8.1
08;2021-05-21;98;53;5718;2903;16.2;8.2
08;2021-05-22;100;11;5818;2914;16.5;8.2
08;2021-05-23;0;0;5818;2914;16.5;8.2
08;2021-05-24;33;7;5851;2921;16.6;8.3
08;2021-05-25;119;78;5970;2999;16.9;8.5
08;2021-05-26;110;50;6080;3049;17.2;8.6
08;2021-05-27;111;42;6191;3091;17.5;8.7
08;2021-05-28;33;1;6224;3092;17.6;8.8
08;2021-05-29;59;214;6283;3306;17.8;9.4
08;2021-05-30;0;0;6283;3306;17.8;9.4
08;2021-05-31;109;63;6392;3369;18.1;9.5
08;2021-06-01;113;63;6505;3432;18.4;9.7
08;2021-06-02;131;33;6636;3465;18.8;9.8
08;2021-06-03;101;38;6737;3503;19.1;9.9
08;2021-06-04;128;70;6865;3573;19.4;10.1
08;2021-06-05;82;21;6947;3594;19.7;10.2
08;2021-06-06;0;0;6947;3594;19.7;10.2
08;2021-06-07;96;96;7043;3690;19.9;10.4
08;2021-06-08;82;89;7125;3779;20.2;10.7
08;2021-06-09;98;73;7223;3852;20.4;10.9
08;2021-06-10;111;65;7334;3917;20.8;11.1
08;2021-06-11;115;108;7449;4025;21.1;11.4
08;2021-06-12;57;30;7506;4055;21.2;11.5
08;2021-06-13;0;0;7506;4055;21.2;11.5
08;2021-06-14;106;128;7612;4183;21.5;11.8
08;2021-06-15;86;119;7698;4302;21.8;12.2
08;2021-06-16;103;148;7801;4450;22.1;12.6
08;2021-06-17;84;72;7885;4522;22.3;12.8
08;2021-06-18;66;99;7951;4621;22.5;13.1
08;2021-06-19;64;79;8015;4700;22.7;13.3
08;2021-06-20;0;0;8015;4700;22.7;13.3
08;2021-06-21;78;152;8093;4852;22.9;13.7
08;2021-06-22;70;103;8163;4955;23.1;14.0
08;2021-06-23;68;115;8231;5070;23.3;14.3
08;2021-06-24;42;76;8273;5146;23.4;14.6
08;2021-06-25;63;100;8336;5246;23.6;14.8
08;2021-06-26;35;61;8371;5307;23.7;15.0
08;2021-06-27;0;0;8371;5307;23.7;15.0
08;2021-06-28;70;127;8441;5434;23.9;15.4
08;2021-06-29;59;105;8500;5539;24.1;15.7
08;2021-06-30;56;110;8556;5649;24.2;16.0
08;2021-07-01;41;87;8597;5736;24.3;16.2
08;2021-07-02;52;91;8649;5827;24.5;16.5
08;2021-07-03;40;90;8689;5917;24.6;16.7
08;2021-07-04;0;1;8689;5918;24.6;16.7
08;2021-07-05;66;93;8755;6011;24.8;17.0
08;2021-07-06;55;75;8810;6086;24.9;17.2
08;2021-07-07;55;123;8865;6209;25.1;17.6
08;2021-07-08;52;106;8917;6315;25.2;17.9
08;2021-07-09;1;1;8918;6316;25.2;17.9
08;2021-07-10;38;84;8956;6400;25.3;18.1
08;2021-07-11;0;4;8956;6404;25.3;18.1
11;2020-12-27;13;2;13;2;0.0;0.0
11;2020-12-28;12;0;25;2;0.0;0.0
11;2020-12-29;56;0;81;2;0.0;0.0
11;2020-12-30;91;0;172;2;0.0;0.0
11;2020-12-31;39;0;211;2;0.0;0.0
11;2021-01-01;32;1;243;3;0.0;0.0
11;2021-01-02;64;1;307;4;0.0;0.0
11;2021-01-03;78;0;385;4;0.0;0.0
11;2021-01-04;554;5;939;9;0.0;0.0
11;2021-01-05;2080;17;3019;26;0.0;0.0
11;2021-01-06;3023;26;6042;52;0.0;0.0
11;2021-01-07;5394;39;11436;91;0.1;0.0
11;2021-01-08;7137;48;18573;139;0.2;0.0
11;2021-01-09;1897;7;20470;146;0.2;0.0
11;2021-01-10;1756;7;22226;153;0.2;0.0
11;2021-01-11;8022;69;30248;222;0.2;0.0
11;2021-01-12;10381;104;40629;326;0.3;0.0
11;2021-01-13;10030;103;50659;429;0.4;0.0
11;2021-01-14;10162;142;60821;571;0.5;0.0
11;2021-01-15;8932;92;69753;663;0.6;0.0
11;2021-01-16;2419;34;72172;697;0.6;0.0
11;2021-01-17;1094;19;73266;716;0.6;0.0
11;2021-01-18;12271;143;85537;859;0.7;0.0
11;2021-01-19;15871;139;101408;998;0.8;0.0
11;2021-01-20;18396;137;119804;1135;1.0;0.0
11;2021-01-21;22327;168;142131;1303;1.2;0.0
11;2021-01-22;17116;181;159247;1484;1.3;0.0
11;2021-01-23;4963;25;164210;1509;1.3;0.0
11;2021-01-24;1285;6;165495;1515;1.3;0.0
11;2021-01-25;8875;195;174370;1710;1.4;0.0
11;2021-01-26;12349;390;186719;2100;1.5;0.0
11;2021-01-27;16237;699;202956;2799;1.7;0.0
11;2021-01-28;20314;1196;223270;3995;1.8;0.0
11;2021-01-29;15406;1374;238676;5369;1.9;0.0
11;2021-01-30;4468;107;243144;5476;2.0;0.0
11;2021-01-31;586;22;243730;5498;2.0;0.0
11;2021-02-01;7393;1960;251123;7458;2.0;0.1
11;2021-02-02;8360;2817;259483;10275;2.1;0.1
11;2021-02-03;8130;3801;267613;14076;2.2;0.1
11;2021-02-04;8787;4594;276400;18670;2.3;0.2
11;2021-02-05;8953;4424;285353;23094;2.3;0.2
11;2021-02-06;3273;752;288626;23846;2.4;0.2
11;2021-02-07;588;544;289214;24390;2.4;0.2
11;2021-02-08;6228;5910;295442;30300;2.4;0.2
11;2021-02-09;8443;9642;303885;39942;2.5;0.3
11;2021-02-10;9972;11185;313857;51127;2.6;0.4
11;2021-02-11;12388;16479;326245;67606;2.7;0.6
11;2021-02-12;11877;10580;338122;78186;2.8;0.6
11;2021-02-13;2596;2578;340718;80764;2.8;0.7
11;2021-02-14;315;559;341033;81323;2.8;0.7
11;2021-02-15;4460;12010;345493;93333;2.8;0.8
11;2021-02-16;5683;18477;351176;111810;2.9;0.9
11;2021-02-17;5693;15587;356869;127397;2.9;1.0
11;2021-02-18;8651;20766;365520;148163;3.0;1.2
11;2021-02-19;9048;15387;374568;163550;3.1;1.3
11;2021-02-20;1691;4838;376259;168388;3.1;1.4
11;2021-02-21;398;828;376657;169216;3.1;1.4
11;2021-02-22;4232;9880;380889;179096;3.1;1.5
11;2021-02-23;4954;10558;385843;189654;3.1;1.5
11;2021-02-24;5422;9862;391265;199516;3.2;1.6
11;2021-02-25;8630;14124;399895;213640;3.3;1.7
11;2021-02-26;11200;10179;411095;223819;3.3;1.8
11;2021-02-27;5069;3341;416164;227160;3.4;1.9
11;2021-02-28;748;662;416912;227822;3.4;1.9
11;2021-03-01;8860;7985;425772;235807;3.5;1.9
11;2021-03-02;14400;9636;440172;245443;3.6;2.0
11;2021-03-03;18703;10155;458875;255598;3.7;2.1
11;2021-03-04;28298;11214;487173;266812;4.0;2.2
11;2021-03-05;36534;11232;523707;278044;4.3;2.3
11;2021-03-06;46462;3679;570169;281723;4.6;2.3
11;2021-03-07;34315;2864;604484;284587;4.9;2.3
11;2021-03-08;17790;7469;622274;292056;5.1;2.4
11;2021-03-09;26897;7818;649171;299874;5.3;2.4
11;2021-03-10;27682;8454;676853;308328;5.5;2.5
11;2021-03-11;37098;10057;713951;318385;5.8;2.6
11;2021-03-12;44849;9607;758800;327992;6.2;2.7
11;2021-03-13;39904;2794;798704;330786;6.5;2.7
11;2021-03-14;14278;856;812982;331642;6.6;2.7
11;2021-03-15;29257;4107;842239;335749;6.9;2.7
11;2021-03-16;23779;3914;866018;339663;7.1;2.8
11;2021-03-17;24474;3732;890492;343395;7.3;2.8
11;2021-03-18;29044;4184;919536;347579;7.5;2.8
11;2021-03-19;39709;4422;959245;352001;7.8;2.9
11;2021-03-20;25881;1669;985126;353670;8.0;2.9
11;2021-03-21;5638;1340;990764;355010;8.1;2.9
11;2021-03-22;32184;4333;1022948;359343;8.3;2.9
11;2021-03-23;43366;5561;1066314;364904;8.7;3.0
11;2021-03-24;42725;5146;1109039;370050;9.0;3.0
11;2021-03-25;58030;5386;1167069;375436;9.5;3.1
11;2021-03-26;57856;6169;1224925;381605;10.0;3.1
11;2021-03-27;34523;2207;1259448;383812;10.3;3.1
11;2021-03-28;10174;511;1269622;384323;10.3;3.1
11;2021-03-29;33122;8262;1302744;392585;10.6;3.2
11;2021-03-30;44933;11723;1347677;404308;11.0;3.3
11;2021-03-31;39961;13996;1387638;418304;11.3;3.4
11;2021-04-01;45505;21942;1433143;440246;11.7;3.6
11;2021-04-02;39520;24207;1472663;464453;12.0;3.8
11;2021-04-03;18408;21174;1491071;485627;12.1;4.0
11;2021-04-04;6128;7372;1497199;492999;12.2;4.0
11;2021-04-05;5976;2177;1503175;495176;12.2;4.0
11;2021-04-06;30030;18493;1533205;513669;12.5;4.2
11;2021-04-07;37632;20121;1570837;533790;12.8;4.3
11;2021-04-08;46783;21267;1617620;555057;13.2;4.5
11;2021-04-09;53910;21753;1671530;576810;13.6;4.7
11;2021-04-10;29007;19785;1700537;596595;13.9;4.9
11;2021-04-11;6559;7247;1707096;603842;13.9;4.9
11;2021-04-12;30356;19375;1737452;623217;14.2;5.1
11;2021-04-13;37385;27627;1774837;650844;14.5;5.3
11;2021-04-14;35115;24457;1809952;675301;14.7;5.5
11;2021-04-15;39256;28643;1849208;703944;15.1;5.7
11;2021-04-16;41151;28009;1890359;731953;15.4;6.0
11;2021-04-17;22840;15045;1913199;746998;15.6;6.1
11;2021-04-18;5331;3762;1918530;750760;15.6;6.1
11;2021-04-19;25153;23286;1943683;774046;15.8;6.3
11;2021-04-20;30644;27996;1974327;802042;16.1;6.5
11;2021-04-21;32288;28312;2006615;830354;16.3;6.8
11;2021-04-22;34547;34906;2041162;865260;16.6;7.0
11;2021-04-23;38019;32483;2079181;897743;16.9;7.3
11;2021-04-24;38004;23256;2117185;920999;17.2;7.5
11;2021-04-25;20533;8059;2137718;929058;17.4;7.6
11;2021-04-26;33932;25345;2171650;954403;17.7;7.8
11;2021-04-27;45804;30231;2217454;984634;18.1;8.0
11;2021-04-28;48476;30013;2265930;1014647;18.5;8.3
11;2021-04-29;57854;32507;2323784;1047154;18.9;8.5
11;2021-04-30;61413;31326;2385197;1078480;19.4;8.8
11;2021-05-01;24137;6133;2409334;1084613;19.6;8.8
11;2021-05-02;14667;5055;2424001;1089668;19.7;8.9
11;2021-05-03;54483;35322;2478484;1124990;20.2;9.2
11;2021-05-04;59775;34082;2538259;1159072;20.7;9.4
11;2021-05-05;60440;34284;2598699;1193356;21.2;9.7
11;2021-05-06;67403;38285;2666102;1231641;21.7;10.0
11;2021-05-07;65708;40138;2731810;1271779;22.2;10.4
11;2021-05-08;51246;17020;2783056;1288799;22.7;10.5
11;2021-05-09;33210;10292;2816266;1299091;22.9;10.6
11;2021-05-10;70851;30732;2887117;1329823;23.5;10.8
11;2021-05-11;81871;38281;2968988;1368104;24.2;11.1
11;2021-05-12;83743;32634;3052731;1400738;24.9;11.4
11;2021-05-13;68266;10108;3120997;1410846;25.4;11.5
11;2021-05-14;84686;22300;3205683;1433146;26.1;11.7
11;2021-05-15;66830;15541;3272513;1448687;26.7;11.8
11;2021-05-16;36747;5239;3309260;1453926;27.0;11.8
11;2021-05-17;82982;17112;3392242;1471038;27.6;12.0
11;2021-05-18;99847;20210;3492089;1491248;28.4;12.1
11;2021-05-19;98493;28138;3590582;1519386;29.2;12.4
11;2021-05-20;107430;29143;3698012;1548529;30.1;12.6
11;2021-05-21;101784;26287;3799796;1574816;30.9;12.8
11;2021-05-22;80178;15067;3879974;1589883;31.6;12.9
11;2021-05-23;42113;6162;3922087;1596045;31.9;13.0
11;2021-05-24;60178;8924;3982265;1604969;32.4;13.1
11;2021-05-25;86321;32529;4068586;1637498;33.1;13.3
11;2021-05-26;85212;32777;4153798;1670275;33.8;13.6
11;2021-05-27;92950;40813;4246748;1711088;34.6;13.9
11;2021-05-28;87373;45805;4334121;1756893;35.3;14.3
11;2021-05-29;68707;27690;4402828;1784583;35.9;14.5
11;2021-05-30;36303;8606;4439131;1793189;36.2;14.6
11;2021-05-31;78257;40112;4517388;1833301;36.8;14.9
11;2021-06-01;87601;51187;4604989;1884488;37.5;15.3
11;2021-06-02;83739;45726;4688728;1930214;38.2;15.7
11;2021-06-03;89160;53855;4777888;1984069;38.9;16.2
11;2021-06-04;84880;58926;4862768;2042995;39.6;16.6
11;2021-06-05;63759;50014;4926527;2093009;40.1;17.0
11;2021-06-06;38092;17635;4964619;2110644;40.4;17.2
11;2021-06-07;69104;53762;5033723;2164406;41.0;17.6
11;2021-06-08;72621;62063;5106344;2226469;41.6;18.1
11;2021-06-09;70771;63228;5177115;2289697;42.2;18.6
11;2021-06-10;71379;80929;5248494;2370626;42.7;19.3
11;2021-06-11;65699;72308;5314193;2442934;43.3;19.9
11;2021-06-12;63856;47810;5378049;2490744;43.8;20.3
11;2021-06-13;29609;22908;5407658;2513652;44.0;20.5
11;2021-06-14;43250;75407;5450908;2589059;44.4;21.1
11;2021-06-15;51179;83099;5502087;2672158;44.8;21.8
11;2021-06-16;52429;78433;5554516;2750591;45.2;22.4
11;2021-06-17;54122;81895;5608638;2832486;45.7;23.1
11;2021-06-18;50018;96177;5658656;2928663;46.1;23.9
11;2021-06-19;43538;69303;5702194;2997966;46.4;24.4
11;2021-06-20;16375;36106;5718569;3034072;46.6;24.7
11;2021-06-21;34360;84448;5752929;3118520;46.9;25.4
11;2021-06-22;38971;101338;5791900;3219858;47.2;26.2
11;2021-06-23;39450;98311;5831350;3318169;47.5;27.0
11;2021-06-24;42297;96276;5873647;3414445;47.8;27.8
11;2021-06-25;38884;110936;5912531;3525381;48.2;28.7
11;2021-06-26;35409;86199;5947940;3611580;48.4;29.4
11;2021-06-27;13357;40412;5961297;3651992;48.6;29.7
11;2021-06-28;30331;96085;5991628;3748077;48.8;30.5
11;2021-06-29;34144;108469;6025772;3856546;49.1;31.4
11;2021-06-30;36752;105848;6062524;3962394;49.4;32.3
11;2021-07-01;39200;105942;6101724;4068336;49.7;33.1
11;2021-07-02;38497;110207;6140221;4178543;50.0;34.0
11;2021-07-03;32167;93368;6172388;4271911;50.3;34.8
11;2021-07-04;14249;42997;6186637;4314908;50.4;35.1
11;2021-07-05;32662;86734;6219299;4401642;50.7;35.8
11;2021-07-06;36165;100828;6255464;4502470;50.9;36.7
11;2021-07-07;37790;97350;6293254;4599820;51.3;37.5
11;2021-07-08;41501;98565;6334755;4698385;51.6;38.3
11;2021-07-09;285;119;6335040;4698504;51.6;38.3
11;2021-07-10;34178;86223;6369218;4784727;51.9;39.0
11;2021-07-11;16980;40309;6386198;4825036;52.0;39.3
24;2020-12-27;0;0;0;0;0.0;0.0
24;2020-12-28;17;0;17;0;0.0;0.0
24;2020-12-29;10;0;27;0;0.0;0.0
24;2020-12-30;1;0;28;0;0.0;0.0
24;2020-12-31;0;0;28;0;0.0;0.0
24;2021-01-01;1;0;29;0;0.0;0.0
24;2021-01-02;0;0;29;0;0.0;0.0
24;2021-01-03;0;0;29;0;0.0;0.0
24;2021-01-04;24;0;53;0;0.0;0.0
24;2021-01-05;163;0;216;0;0.0;0.0
24;2021-01-06;328;0;544;0;0.0;0.0
24;2021-01-07;492;1;1036;1;0.0;0.0
24;2021-01-08;952;2;1988;3;0.1;0.0
24;2021-01-09;504;0;2492;3;0.1;0.0
24;2021-01-10;395;0;2887;3;0.1;0.0
24;2021-01-11;1279;2;4166;5;0.2;0.0
24;2021-01-12;2576;9;6742;14;0.3;0.0
24;2021-01-13;2191;8;8933;22;0.3;0.0
24;2021-01-14;2504;52;11437;74;0.4;0.0
24;2021-01-15;2115;9;13552;83;0.5;0.0
24;2021-01-16;857;7;14409;90;0.6;0.0
24;2021-01-17;322;3;14731;93;0.6;0.0
24;2021-01-18;3215;15;17946;108;0.7;0.0
24;2021-01-19;6326;18;24272;126;0.9;0.0
24;2021-01-20;7165;11;31437;137;1.2;0.0
24;2021-01-21;7417;6;38854;143;1.5;0.0
24;2021-01-22;5120;7;43974;150;1.7;0.0
24;2021-01-23;1276;1;45250;151;1.8;0.0
24;2021-01-24;225;1;45475;152;1.8;0.0
24;2021-01-25;3115;25;48590;177;1.9;0.0
24;2021-01-26;4848;89;53438;266;2.1;0.0
24;2021-01-27;5048;186;58486;452;2.3;0.0
24;2021-01-28;5634;510;64120;962;2.5;0.0
24;2021-01-29;3423;729;67543;1691;2.6;0.1
24;2021-01-30;1208;398;68751;2089;2.7;0.1
24;2021-01-31;251;368;69002;2457;2.7;0.1
24;2021-02-01;2170;926;71172;3383;2.8;0.1
24;2021-02-02;3032;1889;74204;5272;2.9;0.2
24;2021-02-03;3111;1762;77315;7034;3.0;0.3
24;2021-02-04;3234;1613;80549;8647;3.1;0.3
24;2021-02-05;2395;1366;82944;10013;3.2;0.4
24;2021-02-06;707;260;83651;10273;3.3;0.4
24;2021-02-07;134;32;83785;10305;3.3;0.4
24;2021-02-08;1968;1569;85753;11874;3.4;0.5
24;2021-02-09;3413;3315;89166;15189;3.5;0.6
24;2021-02-10;4085;3755;93251;18944;3.6;0.7
24;2021-02-11;4656;4767;97907;23711;3.8;0.9
24;2021-02-12;3483;3266;101390;26977;4.0;1.1
24;2021-02-13;840;770;102230;27747;4.0;1.1
24;2021-02-14;426;254;102656;28001;4.0;1.1
24;2021-02-15;1964;2847;104620;30848;4.1;1.2
24;2021-02-16;2849;4476;107469;35324;4.2;1.4
24;2021-02-17;2691;5076;110160;40400;4.3;1.6
24;2021-02-18;3521;5159;113681;45559;4.4;1.8
24;2021-02-19;3258;3541;116939;49100;4.6;1.9
24;2021-02-20;1288;983;118227;50083;4.6;2.0
24;2021-02-21;433;237;118660;50320;4.6;2.0
24;2021-02-22;1652;3046;120312;53366;4.7;2.1
24;2021-02-23;2340;3120;122652;56486;4.8;2.2
24;2021-02-24;2093;3441;124745;59927;4.9;2.3
24;2021-02-25;3623;3135;128368;63062;5.0;2.5
24;2021-02-26;4467;2600;132835;65662;5.2;2.6
24;2021-02-27;1878;992;134713;66654;5.3;2.6
24;2021-02-28;97;219;134810;66873;5.3;2.6
24;2021-03-01;2177;2002;136987;68875;5.4;2.7
24;2021-03-02;3431;2872;140418;71747;5.5;2.8
24;2021-03-03;3551;3388;143969;75135;5.6;2.9
24;2021-03-04;5339;3713;149308;78848;5.8;3.1
24;2021-03-05;7039;3164;156347;82012;6.1;3.2
24;2021-03-06;7377;757;163724;82769;6.4;3.2
24;2021-03-07;2429;294;166153;83063;6.5;3.2
24;2021-03-08;2689;2604;168842;85667;6.6;3.3
24;2021-03-09;5777;2826;174619;88493;6.8;3.5
24;2021-03-10;6413;3488;181032;91981;7.1;3.6
24;2021-03-11;7806;3482;188838;95463;7.4;3.7
24;2021-03-12;10789;2685;199627;98148;7.8;3.8
24;2021-03-13;7122;722;206749;98870;8.1;3.9
24;2021-03-14;1549;275;208298;99145;8.1;3.9
24;2021-03-15;4559;1957;212857;101102;8.3;4.0
24;2021-03-16;4597;2354;217454;103456;8.5;4.0
24;2021-03-17;4462;1965;221916;105421;8.7;4.1
24;2021-03-18;5064;2078;226980;107499;8.9;4.2
24;2021-03-19;7783;1665;234763;109164;9.2;4.3
24;2021-03-20;4436;882;239199;110046;9.3;4.3
24;2021-03-21;557;348;239756;110394;9.4;4.3
24;2021-03-22;4861;1703;244617;112097;9.6;4.4
24;2021-03-23;8041;2289;252658;114386;9.9;4.5
24;2021-03-24;8818;1991;261476;116377;10.2;4.5
24;2021-03-25;12134;1961;273610;118338;10.7;4.6
24;2021-03-26;13273;1990;286883;120328;11.2;4.7
24;2021-03-27;5782;680;292665;121008;11.4;4.7
24;2021-03-28;520;97;293185;121105;11.5;4.7
24;2021-03-29;6763;1874;299948;122979;11.7;4.8
24;2021-03-30;10175;2786;310123;125765;12.1;4.9
24;2021-03-31;9895;2339;320018;128104;12.5;5.0
24;2021-04-01;12047;3398;332065;131502;13.0;5.1
24;2021-04-02;10643;3347;342708;134849;13.4;5.3
24;2021-04-03;3415;1718;346123;136567;13.5;5.3
24;2021-04-04;394;342;346517;136909;13.5;5.3
24;2021-04-05;401;52;346918;136961;13.6;5.4
24;2021-04-06;8328;3319;355246;140280;13.9;5.5
24;2021-04-07;11071;4540;366317;144820;14.3;5.7
24;2021-04-08;14190;4725;380507;149545;14.9;5.8
24;2021-04-09;17769;3714;398276;153259;15.6;6.0
24;2021-04-10;9394;2080;407670;155339;15.9;6.1
24;2021-04-11;2910;1248;410580;156587;16.0;6.1
24;2021-04-12;10850;3436;421430;160023;16.5;6.3
24;2021-04-13;14994;4805;436424;164828;17.1;6.4
24;2021-04-14;13478;4904;449902;169732;17.6;6.6
24;2021-04-15;15363;5098;465265;174830;18.2;6.8
24;2021-04-16;15696;4323;480961;179153;18.8;7.0
24;2021-04-17;8200;1328;489161;180481;19.1;7.1
24;2021-04-18;1104;288;490265;180769;19.2;7.1
24;2021-04-19;9439;4126;499704;184895;19.5;7.2
24;2021-04-20;12728;5964;512432;190859;20.0;7.5
24;2021-04-21;12331;6006;524763;196865;20.5;7.7
24;2021-04-22;13865;7536;538628;204401;21.0;8.0
24;2021-04-23;13701;7060;552329;211461;21.6;8.3
24;2021-04-24;10239;3261;562568;214722;22.0;8.4
24;2021-04-25;3049;435;565617;215157;22.1;8.4
24;2021-04-26;10207;5403;575824;220560;22.5;8.6
24;2021-04-27;13875;7736;589699;228296;23.0;8.9
24;2021-04-28;13031;8432;602730;236728;23.6;9.3
24;2021-04-29;16584;8596;619314;245324;24.2;9.6
24;2021-04-30;17478;7240;636792;252564;24.9;9.9
24;2021-05-01;2911;671;639703;253235;25.0;9.9
24;2021-05-02;2143;321;641846;253556;25.1;9.9
24;2021-05-03;11295;6120;653141;259676;25.5;10.1
24;2021-05-04;12819;10300;665960;269976;26.0;10.5
24;2021-05-05;13894;9573;679854;279549;26.6;10.9
24;2021-05-06;17496;9743;697350;289292;27.3;11.3
24;2021-05-07;14565;11966;711915;301258;27.8;11.8
24;2021-05-08;3709;2375;715624;303633;28.0;11.9
24;2021-05-09;2349;3722;717973;307355;28.1;12.0
24;2021-05-10;11538;12205;729511;319560;28.5;12.5
24;2021-05-11;16369;14256;745880;333816;29.1;13.0
24;2021-05-12;18242;13154;764122;346970;29.9;13.6
24;2021-05-13;6931;3171;771053;350141;30.1;13.7
24;2021-05-14;14511;9184;785564;359325;30.7;14.0
24;2021-05-15;10465;5049;796029;364374;31.1;14.2
24;2021-05-16;3167;1186;799196;365560;31.2;14.3
24;2021-05-17;13320;7666;812516;373226;31.8;14.6
24;2021-05-18;18489;8278;831005;381504;32.5;14.9
24;2021-05-19;19050;7537;850055;389041;33.2;15.2
24;2021-05-20;21343;8461;871398;397502;34.1;15.5
24;2021-05-21;18436;9113;889834;406615;34.8;15.9
24;2021-05-22;7629;4192;897463;410807;35.1;16.1
24;2021-05-23;2991;948;900454;411755;35.2;16.1
24;2021-05-24;8350;1608;908804;413363;35.5;16.2
24;2021-05-25;17806;8913;926610;422276;36.2;16.5
24;2021-05-26;19414;8356;946024;430632;37.0;16.8
24;2021-05-27;20913;10086;966937;440718;37.8;17.2
24;2021-05-28;20486;12288;987423;453006;38.6;17.7
24;2021-05-29;12438;5907;999861;458913;39.1;17.9
24;2021-05-30;2037;1481;1001898;460394;39.2;18.0
24;2021-05-31;14583;8933;1016481;469327;39.7;18.3
24;2021-06-01;19708;12045;1036189;481372;40.5;18.8
24;2021-06-02;17796;10838;1053985;492210;41.2;19.2
24;2021-06-03;20908;11937;1074893;504147;42.0;19.7
24;2021-06-04;19942;13844;1094835;517991;42.8;20.2
24;2021-06-05;9879;8843;1104714;526834;43.2;20.6
24;2021-06-06;1995;3016;1106709;529850;43.2;20.7
24;2021-06-07;14421;12034;1121130;541884;43.8;21.2
24;2021-06-08;16084;14991;1137214;556875;44.4;21.8
24;2021-06-09;16464;12781;1153678;569656;45.1;22.3
24;2021-06-10;17899;12133;1171577;581789;45.8;22.7
24;2021-06-11;17169;15347;1188746;597136;46.5;23.3
24;2021-06-12;10080;7341;1198826;604477;46.8;23.6
24;2021-06-13;893;1313;1199719;605790;46.9;23.7
24;2021-06-14;10461;15296;1210180;621086;47.3;24.3
24;2021-06-15;12982;17157;1223162;638243;47.8;24.9
24;2021-06-16;13450;16289;1236612;654532;48.3;25.6
24;2021-06-17;13136;17338;1249748;671870;48.8;26.3
24;2021-06-18;14545;19859;1264293;691729;49.4;27.0
24;2021-06-19;7932;6661;1272225;698390;49.7;27.3
24;2021-06-20;555;858;1272780;699248;49.7;27.3
24;2021-06-21;8854;16522;1281634;715770;50.1;28.0
24;2021-06-22;10210;19450;1291844;735220;50.5;28.7
24;2021-06-23;9700;17905;1301544;753125;50.9;29.4
24;2021-06-24;9010;12911;1310554;766036;51.2;29.9
24;2021-06-25;10650;19958;1321204;785994;51.6;30.7
24;2021-06-26;5294;10986;1326498;796980;51.8;31.1
24;2021-06-27;794;2214;1327292;799194;51.9;31.2
24;2021-06-28;6481;18585;1333773;817779;52.1;32.0
24;2021-06-29;7912;24151;1341685;841930;52.4;32.9
24;2021-06-30;8136;22305;1349821;864235;52.7;33.8
24;2021-07-01;7695;19638;1357516;883873;53.0;34.5
24;2021-07-02;8228;23540;1365744;907413;53.4;35.5
24;2021-07-03;4172;11143;1369916;918556;53.5;35.9
24;2021-07-04;499;2802;1370415;921358;53.6;36.0
24;2021-07-05;6669;18663;1377084;940021;53.8;36.7
24;2021-07-06;7967;23535;1385051;963556;54.1;37.7
24;2021-07-07;7798;22697;1392849;986253;54.4;38.5
24;2021-07-08;9100;22291;1401949;1008544;54.8;39.4
24;2021-07-09;38;7;1401987;1008551;54.8;39.4
24;2021-07-10;4543;15047;1406530;1023598;55.0;40.0
24;2021-07-11;379;1226;1406909;1024824;55.0;40.0
27;2020-12-27;4;0;4;0;0.0;0.0
27;2020-12-28;0;0;4;0;0.0;0.0
27;2020-12-29;19;0;23;0;0.0;0.0
27;2020-12-30;20;0;43;0;0.0;0.0
27;2020-12-31;2;0;45;0;0.0;0.0
27;2021-01-01;0;0;45;0;0.0;0.0
27;2021-01-02;1;0;46;0;0.0;0.0
27;2021-01-03;1;0;47;0;0.0;0.0
27;2021-01-04;28;0;75;0;0.0;0.0
27;2021-01-05;263;2;338;2;0.0;0.0
27;2021-01-06;718;1;1056;3;0.0;0.0
27;2021-01-07;1582;3;2638;6;0.1;0.0
27;2021-01-08;1896;4;4534;10;0.2;0.0
27;2021-01-09;688;0;5222;10;0.2;0.0
27;2021-01-10;3;0;5225;10;0.2;0.0
27;2021-01-11;2420;4;7645;14;0.3;0.0
27;2021-01-12;3824;4;11469;18;0.4;0.0
27;2021-01-13;3849;8;15318;26;0.6;0.0
27;2021-01-14;4752;48;20070;74;0.7;0.0
27;2021-01-15;3603;21;23673;95;0.9;0.0
27;2021-01-16;795;9;24468;104;0.9;0.0
27;2021-01-17;116;1;24584;105;0.9;0.0
27;2021-01-18;6256;22;30840;127;1.1;0.0
27;2021-01-19;8402;22;39242;149;1.4;0.0
27;2021-01-20;7910;61;47152;210;1.7;0.0
27;2021-01-21;9461;23;56613;233;2.0;0.0
27;2021-01-22;7711;18;64324;251;2.3;0.0
27;2021-01-23;2986;6;67310;257;2.4;0.0
27;2021-01-24;347;0;67657;257;2.4;0.0
27;2021-01-25;5222;32;72879;289;2.6;0.0
27;2021-01-26;7390;231;80269;520;2.9;0.0
27;2021-01-27;7098;356;87367;876;3.1;0.0
27;2021-01-28;6337;894;93704;1770;3.4;0.1
27;2021-01-29;5932;1269;99636;3039;3.6;0.1
27;2021-01-30;2496;347;102132;3386;3.7;0.1
27;2021-01-31;252;22;102384;3408;3.7;0.1
27;2021-02-01;3360;1399;105744;4807;3.8;0.2
27;2021-02-02;4040;2220;109784;7027;3.9;0.3
27;2021-02-03;3618;2397;113402;9424;4.1;0.3
27;2021-02-04;3702;3150;117104;12574;4.2;0.5
27;2021-02-05;3239;2585;120343;15159;4.3;0.5
27;2021-02-06;1608;671;121951;15830;4.4;0.6
27;2021-02-07;5;87;121956;15917;4.4;0.6
27;2021-02-08;2910;2682;124866;18599;4.5;0.7
27;2021-02-09;3018;3655;127884;22254;4.6;0.8
27;2021-02-10;3054;3413;130938;25667;4.7;0.9
27;2021-02-11;3316;4651;134254;30318;4.8;1.1
27;2021-02-12;2727;4461;136981;34779;4.9;1.2
27;2021-02-13;986;1467;137967;36246;5.0;1.3
27;2021-02-14;258;301;138225;36547;5.0;1.3
27;2021-02-15;1239;5739;139464;42286;5.0;1.5
27;2021-02-16;1507;7434;140971;49720;5.1;1.8
27;2021-02-17;1806;6890;142777;56610;5.1;2.0
27;2021-02-18;2146;6457;144923;63067;5.2;2.3
27;2021-02-19;1736;5661;146659;68728;5.3;2.5
27;2021-02-20;712;2179;147371;70907;5.3;2.5
27;2021-02-21;2;280;147373;71187;5.3;2.6
27;2021-02-22;979;4888;148352;76075;5.3;2.7
27;2021-02-23;1203;5410;149555;81485;5.4;2.9
27;2021-02-24;1508;4851;151063;86336;5.4;3.1
27;2021-02-25;2921;5049;153984;91385;5.5;3.3
27;2021-02-26;3683;4213;157667;95598;5.7;3.4
27;2021-02-27;1911;1956;159578;97554;5.7;3.5
27;2021-02-28;107;282;159685;97836;5.7;3.5
27;2021-03-01;3673;3504;163358;101340;5.9;3.6
27;2021-03-02;5421;4351;168779;105691;6.1;3.8
27;2021-03-03;5976;3599;174755;109290;6.3;3.9
27;2021-03-04;7717;3582;182472;112872;6.6;4.1
27;2021-03-05;9702;3206;192174;116078;6.9;4.2
27;2021-03-06;6232;1098;198406;117176;7.1;4.2
27;2021-03-07;872;191;199278;117367;7.2;4.2
27;2021-03-08;4552;3419;203830;120786;7.3;4.3
27;2021-03-09;8425;3418;212255;124204;7.6;4.5
27;2021-03-10;8727;2813;220982;127017;7.9;4.6
27;2021-03-11;10266;3219;231248;130236;8.3;4.7
27;2021-03-12;11897;2487;243145;132723;8.7;4.8
27;2021-03-13;7050;701;250195;133424;9.0;4.8
27;2021-03-14;214;59;250409;133483;9.0;4.8
27;2021-03-15;7320;1386;257729;134869;9.3;4.8
27;2021-03-16;8246;1096;265975;135965;9.6;4.9
27;2021-03-17;8540;1195;274515;137160;9.9;4.9
27;2021-03-18;8626;1424;283141;138584;10.2;5.0
27;2021-03-19;9449;1109;292590;139693;10.5;5.0
27;2021-03-20;5670;401;298260;140094;10.7;5.0
27;2021-03-21;238;11;298498;140105;10.7;5.0
27;2021-03-22;9347;971;307845;141076;11.1;5.1
27;2021-03-23;14727;1209;322572;142285;11.6;5.1
27;2021-03-24;15193;1255;337765;143540;12.1;5.2
27;2021-03-25;18385;1475;356150;145015;12.8;5.2
27;2021-03-26;18390;1289;374540;146304;13.5;5.3
27;2021-03-27;7690;412;382230;146716;13.7;5.3
27;2021-03-28;492;123;382722;146839;13.8;5.3
27;2021-03-29;10033;3403;392755;150242;14.1;5.4
27;2021-03-30;12976;4006;405731;154248;14.6;5.5
27;2021-03-31;12843;4212;418574;158460;15.0;5.7
27;2021-04-01;14560;4157;433134;162617;15.6;5.8
27;2021-04-02;12953;4047;446087;166664;16.0;6.0
27;2021-04-03;4481;1139;450568;167803;16.2;6.0
27;2021-04-04;70;35;450638;167838;16.2;6.0
27;2021-04-05;345;7;450983;167845;16.2;6.0
27;2021-04-06;9567;6179;460550;174024;16.5;6.3
27;2021-04-07;10199;6432;470749;180456;16.9;6.5
27;2021-04-08;15738;6169;486487;186625;17.5;6.7
27;2021-04-09;17854;6021;504341;192646;18.1;6.9
27;2021-04-10;6082;1954;510423;194600;18.3;7.0
27;2021-04-11;422;84;510845;194684;18.4;7.0
27;2021-04-12;9070;6791;519915;201475;18.7;7.2
27;2021-04-13;11749;8495;531664;209970;19.1;7.5
27;2021-04-14;10306;7817;541970;217787;19.5;7.8
27;2021-04-15;12965;7676;554935;225463;19.9;8.1
27;2021-04-16;12767;6449;567702;231912;20.4;8.3
27;2021-04-17;5923;3037;573625;234949;20.6;8.4
27;2021-04-18;359;189;573984;235138;20.6;8.4
27;2021-04-19;6969;8858;580953;243996;20.9;8.8
27;2021-04-20;8486;10532;589439;254528;21.2;9.1
27;2021-04-21;8342;10135;597781;264663;21.5;9.5
27;2021-04-22;9857;11522;607638;276185;21.8;9.9
27;2021-04-23;11345;10295;618983;286480;22.2;10.3
27;2021-04-24;5179;3962;624162;290442;22.4;10.4
27;2021-04-25;440;295;624602;290737;22.4;10.4
27;2021-04-26;9539;8731;634141;299468;22.8;10.8
27;2021-04-27;13461;10233;647602;309701;23.3;11.1
27;2021-04-28;14195;10363;661797;320064;23.8;11.5
27;2021-04-29;17877;11535;679674;331599;24.4;11.9
27;2021-04-30;18737;9506;698411;341105;25.1;12.3
27;2021-05-01;5430;1543;703841;342648;25.3;12.3
27;2021-05-02;604;77;704445;342725;25.3;12.3
27;2021-05-03;14907;6320;719352;349045;25.8;12.5
27;2021-05-04;13948;10789;733300;359834;26.3;12.9
27;2021-05-05;15561;10018;748861;369852;26.9;13.3
27;2021-05-06;18280;12347;767141;382199;27.6;13.7
27;2021-05-07;17217;11764;784358;393963;28.2;14.2
27;2021-05-08;5950;1511;790308;395474;28.4;14.2
27;2021-05-09;534;440;790842;395914;28.4;14.2
27;2021-05-10;15284;9877;806126;405791;29.0;14.6
27;2021-05-11;20755;12916;826881;418707;29.7;15.0
27;2021-05-12;19672;11752;846553;430459;30.4;15.5
27;2021-05-13;12298;2035;858851;432494;30.9;15.5
27;2021-05-14;22926;8388;881777;440882;31.7;15.8
27;2021-05-15;15417;3400;897194;444282;32.2;16.0
27;2021-05-16;1892;239;899086;444521;32.3;16.0
27;2021-05-17;18971;6811;918057;451332;33.0;16.2
27;2021-05-18;20704;9304;938761;460636;33.7;16.6
27;2021-05-19;22262;7301;961023;467937;34.5;16.8
27;2021-05-20;23251;8236;984274;476173;35.4;17.1
27;2021-05-21;21173;10063;1005447;486236;36.1;17.5
27;2021-05-22;8286;3611;1013733;489847;36.4;17.6
27;2021-05-23;914;305;1014647;490152;36.5;17.6
27;2021-05-24;4245;1086;1018892;491238;36.6;17.7
27;2021-05-25;14977;11630;1033869;502868;37.1;18.1
27;2021-05-26;15499;10669;1049368;513537;37.7;18.5
27;2021-05-27;18462;11834;1067830;525371;38.4;18.9
27;2021-05-28;16096;14125;1083926;539496;38.9;19.4
27;2021-05-29;6820;5157;1090746;544653;39.2;19.6
27;2021-05-30;393;255;1091139;544908;39.2;19.6
27;2021-05-31;13314;10925;1104453;555833;39.7;20.0
27;2021-06-01;16588;13451;1121041;569284;40.3;20.5
27;2021-06-02;16183;11451;1137224;580735;40.9;20.9
27;2021-06-03;17745;11854;1154969;592589;41.5;21.3
27;2021-06-04;16186;14622;1171155;607211;42.1;21.8
27;2021-06-05;8347;6758;1179502;613969;42.4;22.1
27;2021-06-06;1724;645;1181226;614614;42.4;22.1
27;2021-06-07;17432;13101;1198658;627715;43.1;22.6
27;2021-06-08;19706;15345;1218364;643060;43.8;23.1
27;2021-06-09;19064;12491;1237428;655551;44.5;23.6
27;2021-06-10;19027;13918;1256455;669469;45.1;24.1
27;2021-06-11;18119;17117;1274574;686586;45.8;24.7
27;2021-06-12;9476;7842;1284050;694428;46.1;25.0
27;2021-06-13;958;951;1285008;695379;46.2;25.0
27;2021-06-14;11062;17061;1296070;712440;46.6;25.6
27;2021-06-15;14136;17643;1310206;730083;47.1;26.2
27;2021-06-16;14694;15623;1324900;745706;47.6;26.8
27;2021-06-17;15162;17268;1340062;762974;48.2;27.4
27;2021-06-18;14785;20198;1354847;783172;48.7;28.1
27;2021-06-19;7669;8670;1362516;791842;49.0;28.5
27;2021-06-20;173;458;1362689;792300;49.0;28.5
27;2021-06-21;7754;19042;1370443;811342;49.2;29.2
27;2021-06-22;9559;24279;1380002;835621;49.6;30.0
27;2021-06-23;11259;19317;1391261;854938;50.0;30.7
27;2021-06-24;10506;17997;1401767;872935;50.4;31.4
27;2021-06-25;9356;27012;1411123;899947;50.7;32.3
27;2021-06-26;5075;15808;1416198;915755;50.9;32.9
27;2021-06-27;663;1888;1416861;917643;50.9;33.0
27;2021-06-28;6236;21976;1423097;939619;51.1;33.8
27;2021-06-29;7159;24644;1430256;964263;51.4;34.6
27;2021-06-30;9015;22748;1439271;987011;51.7;35.5
27;2021-07-01;9189;22506;1448460;1009517;52.0;36.3
27;2021-07-02;10590;20999;1459050;1030516;52.4;37.0
27;2021-07-03;4613;9297;1463663;1039813;52.6;37.4
27;2021-07-04;522;1065;1464185;1040878;52.6;37.4
27;2021-07-05;8666;17732;1472851;1058610;52.9;38.0
27;2021-07-06;9069;21427;1481920;1080037;53.2;38.8
27;2021-07-07;8317;17961;1490237;1097998;53.5;39.5
27;2021-07-08;8963;18088;1499200;1116086;53.9;40.1
27;2021-07-09;8;3;1499208;1116089;53.9;40.1
27;2021-07-10;4573;8345;1503781;1124434;54.0;40.4
27;2021-07-11;393;573;1504174;1125007;54.0;40.4
28;2020-12-27;0;0;0;0;0.0;0.0
28;2020-12-28;1;0;1;0;0.0;0.0
28;2020-12-29;2;0;3;0;0.0;0.0
28;2020-12-30;0;0;3;0;0.0;0.0
28;2020-12-31;1;0;4;0;0.0;0.0
28;2021-01-01;1;0;5;0;0.0;0.0
28;2021-01-02;1;0;6;0;0.0;0.0
28;2021-01-03;1;0;7;0;0.0;0.0
28;2021-01-04;16;0;23;0;0.0;0.0
28;2021-01-05;169;0;192;0;0.0;0.0
28;2021-01-06;1393;2;1585;2;0.0;0.0
28;2021-01-07;2600;9;4185;11;0.1;0.0
28;2021-01-08;3428;3;7613;14;0.2;0.0
28;2021-01-09;1333;3;8946;17;0.3;0.0
28;2021-01-10;705;1;9651;18;0.3;0.0
28;2021-01-11;3178;4;12829;22;0.4;0.0
28;2021-01-12;3978;3;16807;25;0.5;0.0
28;2021-01-13;4302;8;21109;33;0.6;0.0
28;2021-01-14;8098;74;29207;107;0.9;0.0
28;2021-01-15;6219;26;35426;133;1.1;0.0
28;2021-01-16;2087;11;37513;144;1.1;0.0
28;2021-01-17;4073;27;41586;171;1.3;0.0
28;2021-01-18;8785;17;50371;188;1.5;0.0
28;2021-01-19;7142;12;57513;200;1.7;0.0
28;2021-01-20;6508;11;64021;211;1.9;0.0
28;2021-01-21;5993;10;70014;221;2.1;0.0
28;2021-01-22;5440;12;75454;233;2.3;0.0
28;2021-01-23;2019;8;77473;241;2.3;0.0
28;2021-01-24;1447;10;78920;251;2.4;0.0
28;2021-01-25;6242;179;85162;430;2.6;0.0
28;2021-01-26;4577;395;89739;825;2.7;0.0
28;2021-01-27;4034;763;93773;1588;2.8;0.0
28;2021-01-28;3755;1046;97528;2634;3.0;0.1
28;2021-01-29;3489;1306;101017;3940;3.1;0.1
28;2021-01-30;1386;517;102403;4457;3.1;0.1
28;2021-01-31;195;126;102598;4583;3.1;0.1
28;2021-02-01;2782;1659;105380;6242;3.2;0.2
28;2021-02-02;2985;2388;108365;8630;3.3;0.3
28;2021-02-03;2950;2668;111315;11298;3.4;0.3
28;2021-02-04;3725;5199;115040;16497;3.5;0.5
28;2021-02-05;3887;4386;118927;20883;3.6;0.6
28;2021-02-06;1140;1549;120067;22432;3.6;0.7
28;2021-02-07;715;1974;120782;24406;3.7;0.7
28;2021-02-08;3802;6848;124584;31254;3.8;0.9
28;2021-02-09;3462;6025;128046;37279;3.9;1.1
28;2021-02-10;3455;5071;131501;42350;4.0;1.3
28;2021-02-11;4211;4896;135712;47246;4.1;1.4
28;2021-02-12;4043;4613;139755;51859;4.2;1.6
28;2021-02-13;1124;1575;140879;53434;4.3;1.6
28;2021-02-14;285;1387;141164;54821;4.3;1.7
28;2021-02-15;2211;6279;143375;61100;4.3;1.8
28;2021-02-16;2655;5658;146030;66758;4.4;2.0
28;2021-02-17;1949;4541;147979;71299;4.5;2.2
28;2021-02-18;2569;4285;150548;75584;4.6;2.3
28;2021-02-19;2548;3717;153096;79301;4.6;2.4
28;2021-02-20;945;1256;154041;80557;4.7;2.4
28;2021-02-21;103;414;154144;80971;4.7;2.5
28;2021-02-22;1666;4225;155810;85196;4.7;2.6
28;2021-02-23;2171;3840;157981;89036;4.8;2.7
28;2021-02-24;2374;3885;160355;92921;4.9;2.8
28;2021-02-25;4771;4195;165126;97116;5.0;2.9
28;2021-02-26;5961;3742;171087;100858;5.2;3.1
28;2021-02-27;3008;1028;174095;101886;5.3;3.1
28;2021-02-28;340;386;174435;102272;5.3;3.1
28;2021-03-01;2526;4643;176961;106915;5.4;3.2
28;2021-03-02;3900;4093;180861;111008;5.5;3.4
28;2021-03-03;4793;3476;185654;114484;5.6;3.5
28;2021-03-04;7303;2860;192957;117344;5.8;3.6
28;2021-03-05;10148;2496;203105;119840;6.1;3.6
28;2021-03-06;9810;800;212915;120640;6.4;3.7
28;2021-03-07;3773;126;216688;120766;6.6;3.7
28;2021-03-08;5867;3274;222555;124040;6.7;3.8
28;2021-03-09;9283;2814;231838;126854;7.0;3.8
28;2021-03-10;9804;2442;241642;129296;7.3;3.9
28;2021-03-11;13963;2020;255605;131316;7.7;4.0
28;2021-03-12;17993;1568;273598;132884;8.3;4.0
28;2021-03-13;11154;530;284752;133414;8.6;4.0
28;2021-03-14;2259;100;287011;133514;8.7;4.0
28;2021-03-15;8651;872;295662;134386;8.9;4.1
28;2021-03-16;7490;1188;303152;135574;9.2;4.1
28;2021-03-17;7719;1190;310871;136764;9.4;4.1
28;2021-03-18;8165;1372;319036;138136;9.7;4.2
28;2021-03-19;11564;1461;330600;139597;10.0;4.2
28;2021-03-20;9670;546;340270;140143;10.3;4.2
28;2021-03-21;2410;25;342680;140168;10.4;4.2
28;2021-03-22;9385;1628;352065;141796;10.7;4.3
28;2021-03-23;12484;1511;364549;143307;11.0;4.3
28;2021-03-24;13259;1596;377808;144903;11.4;4.4
28;2021-03-25;17617;1822;395425;146725;12.0;4.4
28;2021-03-26;20830;1890;416255;148615;12.6;4.5
28;2021-03-27;11498;1134;427753;149749;12.9;4.5
28;2021-03-28;2966;93;430719;149842;13.0;4.5
28;2021-03-29;11772;2968;442491;152810;13.4;4.6
28;2021-03-30;14420;3080;456911;155890;13.8;4.7
28;2021-03-31;14393;3573;471304;159463;14.3;4.8
28;2021-04-01;18037;5518;489341;164981;14.8;5.0
28;2021-04-02;16816;6372;506157;171353;15.3;5.2
28;2021-04-03;7007;3962;513164;175315;15.5;5.3
28;2021-04-04;1778;796;514942;176111;15.6;5.3
28;2021-04-05;3290;735;518232;176846;15.7;5.4
28;2021-04-06;10816;7363;529048;184209;16.0;5.6
28;2021-04-07;12694;6954;541742;191163;16.4;5.8
28;2021-04-08;17674;7530;559416;198693;16.9;6.0
28;2021-04-09;23821;7812;583237;206505;17.7;6.3
28;2021-04-10;13842;4118;597079;210623;18.1;6.4
28;2021-04-11;3028;1189;600107;211812;18.2;6.4
28;2021-04-12;13791;8016;613898;219828;18.6;6.7
28;2021-04-13;16184;8034;630082;227862;19.1;6.9
28;2021-04-14;14328;8014;644410;235876;19.5;7.1
28;2021-04-15;17233;8376;661643;244252;20.0;7.4
28;2021-04-16;20281;7825;681924;252077;20.6;7.6
28;2021-04-17;12754;5026;694678;257103;21.0;7.8
28;2021-04-18;2289;1237;696967;258340;21.1;7.8
28;2021-04-19;10866;8837;707833;267177;21.4;8.1
28;2021-04-20;13904;9748;721737;276925;21.8;8.4
28;2021-04-21;13285;9971;735022;286896;22.2;8.7
28;2021-04-22;15297;11891;750319;298787;22.7;9.0
28;2021-04-23;16447;12348;766766;311135;23.2;9.4
28;2021-04-24;12588;7273;779354;318408;23.6;9.6
28;2021-04-25;3295;1921;782649;320329;23.7;9.7
28;2021-04-26;12540;10178;795189;330507;24.1;10.0
28;2021-04-27;14866;11744;810055;342251;24.5;10.4
28;2021-04-28;15048;10690;825103;352941;25.0;10.7
28;2021-04-29;18454;11783;843557;364724;25.5;11.0
28;2021-04-30;20391;11907;863948;376631;26.2;11.4
28;2021-05-01;12812;2975;876760;379606;26.5;11.5
28;2021-05-02;5991;1839;882751;381445;26.7;11.5
28;2021-05-03;12856;9987;895607;391432;27.1;11.8
28;2021-05-04;13816;13131;909423;404563;27.5;12.2
28;2021-05-05;13948;14498;923371;419061;28.0;12.7
28;2021-05-06;18326;15089;941697;434150;28.5;13.1
28;2021-05-07;17841;17401;959538;451551;29.0;13.7
28;2021-05-08;12634;4711;972172;456262;29.4;13.8
28;2021-05-09;7154;1828;979326;458090;29.6;13.9
28;2021-05-10;14205;14796;993531;472886;30.1;14.3
28;2021-05-11;18115;15324;1011646;488210;30.6;14.8
28;2021-05-12;18795;13970;1030441;502180;31.2;15.2
28;2021-05-13;19679;3736;1050120;505916;31.8;15.3
28;2021-05-14;26361;12514;1076481;518430;32.6;15.7
28;2021-05-15;26941;7118;1103422;525548;33.4;15.9
28;2021-05-16;14143;1584;1117565;527132;33.8;16.0
28;2021-05-17;16219;9453;1133784;536585;34.3;16.2
28;2021-05-18;21095;8802;1154879;545387;35.0;16.5
28;2021-05-19;20915;8543;1175794;553930;35.6;16.8
28;2021-05-20;23145;9692;1198939;563622;36.3;17.1
28;2021-05-21;21448;12125;1220387;575747;36.9;17.4
28;2021-05-22;17602;6023;1237989;581770;37.5;17.6
28;2021-05-23;9137;972;1247126;582742;37.8;17.6
28;2021-05-24;13437;3201;1260563;585943;38.2;17.7
28;2021-05-25;19201;11643;1279764;597586;38.7;18.1
28;2021-05-26;19481;10057;1299245;607643;39.3;18.4
28;2021-05-27;21779;12436;1321024;620079;40.0;18.8
28;2021-05-28;21643;16557;1342667;636636;40.6;19.3
28;2021-05-29;17585;10198;1360252;646834;41.2;19.6
28;2021-05-30;6279;1278;1366531;648112;41.4;19.6
28;2021-05-31;19878;11950;1386409;660062;42.0;20.0
28;2021-06-01;23756;13904;1410165;673966;42.7;20.4
28;2021-06-02;20834;12357;1430999;686323;43.3;20.8
28;2021-06-03;26453;14695;1457452;701018;44.1;21.2
28;2021-06-04;24596;18949;1482048;719967;44.9;21.8
28;2021-06-05;18367;12074;1500415;732041;45.4;22.2
28;2021-06-06;7680;2404;1508095;734445;45.7;22.2
28;2021-06-07;19232;14185;1527327;748630;46.2;22.7
28;2021-06-08;22646;15539;1549973;764169;46.9;23.1
28;2021-06-09;19757;14652;1569730;778821;47.5;23.6
28;2021-06-10;21260;14808;1590990;793629;48.2;24.0
28;2021-06-11;21021;21154;1612011;814783;48.8;24.7
28;2021-06-12;17916;17133;1629927;831916;49.3;25.2
28;2021-06-13;6343;5894;1636270;837810;49.5;25.4
28;2021-06-14;13903;17765;1650173;855575;50.0;25.9
28;2021-06-15;16237;18745;1666410;874320;50.4;26.5
28;2021-06-16;16692;18596;1683102;892916;50.9;27.0
28;2021-06-17;17241;20514;1700343;913430;51.5;27.7
28;2021-06-18;18517;24438;1718860;937868;52.0;28.4
28;2021-06-19;14795;15816;1733655;953684;52.5;28.9
28;2021-06-20;4981;5138;1738636;958822;52.6;29.0
28;2021-06-21;11295;20762;1749931;979584;53.0;29.7
28;2021-06-22;12730;23876;1762661;1003460;53.4;30.4
28;2021-06-23;11894;23635;1774555;1027095;53.7;31.1
28;2021-06-24;12636;24492;1787191;1051587;54.1;31.8
28;2021-06-25;12463;29459;1799654;1081046;54.5;32.7
28;2021-06-26;9215;23425;1808869;1104471;54.8;33.4
28;2021-06-27;2906;10121;1811775;1114592;54.8;33.7
28;2021-06-28;8287;22927;1820062;1137519;55.1;34.4
28;2021-06-29;9805;26215;1829867;1163734;55.4;35.2
28;2021-06-30;11125;24397;1840992;1188131;55.7;36.0
28;2021-07-01;12156;23778;1853148;1211909;56.1;36.7
28;2021-07-02;11091;29708;1864239;1241617;56.4;37.6
28;2021-07-03;8096;21182;1872335;1262799;56.7;38.2
28;2021-07-04;2908;9138;1875243;1271937;56.8;38.5
28;2021-07-05;8433;22813;1883676;1294750;57.0;39.2
28;2021-07-06;9838;26927;1893514;1321677;57.3;40.0
28;2021-07-07;10393;24713;1903907;1346390;57.6;40.8
28;2021-07-08;11517;25294;1915424;1371684;58.0;41.5
28;2021-07-09;59;14;1915483;1371698;58.0;41.5
28;2021-07-10;7760;21242;1923243;1392940;58.2;42.2
28;2021-07-11;3692;6331;1926935;1399271;58.3;42.4
32;2020-12-27;1;0;1;0;0.0;0.0
32;2020-12-28;27;0;28;0;0.0;0.0
32;2020-12-29;12;0;40;0;0.0;0.0
32;2020-12-30;0;0;40;0;0.0;0.0
32;2020-12-31;0;0;40;0;0.0;0.0
32;2021-01-01;1;0;41;0;0.0;0.0
32;2021-01-02;6;0;47;0;0.0;0.0
32;2021-01-03;4;0;51;0;0.0;0.0
32;2021-01-04;82;0;133;0;0.0;0.0
32;2021-01-05;300;0;433;0;0.0;0.0
32;2021-01-06;788;2;1221;2;0.0;0.0
32;2021-01-07;2430;4;3651;6;0.1;0.0
32;2021-01-08;3167;10;6818;16;0.1;0.0
32;2021-01-09;957;4;7775;20;0.1;0.0
32;2021-01-10;641;0;8416;20;0.1;0.0
32;2021-01-11;3269;7;11685;27;0.2;0.0
32;2021-01-12;5024;7;16709;34;0.3;0.0
32;2021-01-13;4945;11;21654;45;0.4;0.0
32;2021-01-14;5724;46;27378;91;0.5;0.0
32;2021-01-15;5228;30;32606;121;0.5;0.0
32;2021-01-16;1637;11;34243;132;0.6;0.0
32;2021-01-17;860;3;35103;135;0.6;0.0
32;2021-01-18;7234;23;42337;158;0.7;0.0
32;2021-01-19;9904;38;52241;196;0.9;0.0
32;2021-01-20;10370;30;62611;226;1.1;0.0
32;2021-01-21;12719;48;75330;274;1.3;0.0
32;2021-01-22;9884;28;85214;302;1.4;0.0
32;2021-01-23;3413;5;88627;307;1.5;0.0
32;2021-01-24;1119;3;89746;310;1.5;0.0
32;2021-01-25;6867;89;96613;399;1.6;0.0
32;2021-01-26;7447;184;104060;583;1.7;0.0
32;2021-01-27;4837;512;108897;1095;1.8;0.0
32;2021-01-28;8599;1694;117496;2789;2.0;0.0
32;2021-01-29;5385;1860;122881;4649;2.1;0.1
32;2021-01-30;534;409;123415;5058;2.1;0.1
32;2021-01-31;67;74;123482;5132;2.1;0.1
32;2021-02-01;193;1812;123675;6944;2.1;0.1
32;2021-02-02;787;3163;124462;10107;2.1;0.2
32;2021-02-03;4077;3188;128539;13295;2.2;0.2
32;2021-02-04;3687;3616;132226;16911;2.2;0.3
32;2021-02-05;1962;3277;134188;20188;2.3;0.3
32;2021-02-06;517;874;134705;21062;2.3;0.4
32;2021-02-07;541;102;135246;21164;2.3;0.4
32;2021-02-08;1865;3674;137111;24838;2.3;0.4
32;2021-02-09;2550;4356;139661;29194;2.3;0.5
32;2021-02-10;2985;5338;142646;34532;2.4;0.6
32;2021-02-11;4781;6195;147427;40727;2.5;0.7
32;2021-02-12;5094;4683;152521;45410;2.6;0.8
32;2021-02-13;939;1887;153460;47297;2.6;0.8
32;2021-02-14;116;710;153576;48007;2.6;0.8
32;2021-02-15;3613;6916;157189;54923;2.6;0.9
32;2021-02-16;4028;8224;161217;63147;2.7;1.1
32;2021-02-17;4304;8694;165521;71841;2.8;1.2
32;2021-02-18;7042;11385;172563;83226;2.9;1.4
32;2021-02-19;7085;8304;179648;91530;3.0;1.5
32;2021-02-20;2518;3006;182166;94536;3.1;1.6
32;2021-02-21;434;493;182600;95029;3.1;1.6
32;2021-02-22;3262;5323;185862;100352;3.1;1.7
32;2021-02-23;5504;5902;191366;106254;3.2;1.8
32;2021-02-24;7447;6068;198813;112322;3.3;1.9
32;2021-02-25;12833;5027;211646;117349;3.5;2.0
32;2021-02-26;12544;2910;224190;120259;3.8;2.0
32;2021-02-27;6494;331;230684;120590;3.9;2.0
32;2021-02-28;364;134;231048;120724;3.9;2.0
32;2021-03-01;7249;876;238297;121600;4.0;2.0
32;2021-03-02;10971;1005;249268;122605;4.2;2.1
32;2021-03-03;11998;1752;261266;124357;4.4;2.1
32;2021-03-04;15113;2468;276379;126825;4.6;2.1
32;2021-03-05;17135;2147;293514;128972;4.9;2.2
32;2021-03-06;28105;1087;321619;130059;5.4;2.2
32;2021-03-07;19862;529;341481;130588;5.7;2.2
32;2021-03-08;8927;2569;350408;133157;5.9;2.2
32;2021-03-09;14300;3309;364708;136466;6.1;2.3
32;2021-03-10;15774;3256;380482;139722;6.4;2.3
32;2021-03-11;20929;4763;401411;144485;6.7;2.4
32;2021-03-12;26081;4303;427492;148788;7.2;2.5
32;2021-03-13;41634;2094;469126;150882;7.9;2.5
32;2021-03-14;20100;618;489226;151500;8.2;2.5
32;2021-03-15;13058;3598;502284;155098;8.4;2.6
32;2021-03-16;9790;3457;512074;158555;8.6;2.7
32;2021-03-17;9714;4083;521788;162638;8.8;2.7
32;2021-03-18;10017;5007;531805;167645;8.9;2.8
32;2021-03-19;17950;3831;549755;171476;9.2;2.9
32;2021-03-20;36506;2020;586261;173496;9.8;2.9
32;2021-03-21;19840;821;606101;174317;10.2;2.9
32;2021-03-22;12156;4280;618257;178597;10.4;3.0
32;2021-03-23;18942;5900;637199;184497;10.7;3.1
32;2021-03-24;17929;6149;655128;190646;11.0;3.2
32;2021-03-25;25307;5735;680435;196381;11.4;3.3
32;2021-03-26;28990;5929;709425;202310;11.9;3.4
32;2021-03-27;36686;2213;746111;204523;12.5;3.4
32;2021-03-28;18645;651;764756;205174;12.8;3.4
32;2021-03-29;14577;7023;779333;212197;13.1;3.6
32;2021-03-30;18877;8629;798210;220826;13.4;3.7
32;2021-03-31;15795;9298;814005;230124;13.7;3.9
32;2021-04-01;18228;11008;832233;241132;14.0;4.0
32;2021-04-02;19980;12522;852213;253654;14.3;4.3
32;2021-04-03;30034;10169;882247;263823;14.8;4.4
32;2021-04-04;11653;4742;893900;268565;15.0;4.5
32;2021-04-05;9598;2348;903498;270913;15.2;4.5
32;2021-04-06;14276;10833;917774;281746;15.4;4.7
32;2021-04-07;18088;12529;935862;294275;15.7;4.9
32;2021-04-08;23516;12973;959378;307248;16.1;5.2
32;2021-04-09;29956;13147;989334;320395;16.6;5.4
32;2021-04-10;26178;18799;1015512;339194;17.0;5.7
32;2021-04-11;9151;11997;1024663;351191;17.2;5.9
32;2021-04-12;15398;9479;1040061;360670;17.4;6.0
32;2021-04-13;21808;11579;1061869;372249;17.8;6.2
32;2021-04-14;22510;11128;1084379;383377;18.2;6.4
32;2021-04-15;25760;11149;1110139;394526;18.6;6.6
32;2021-04-16;25325;12445;1135464;406971;19.0;6.8
32;2021-04-17;18013;22948;1153477;429919;19.3;7.2
32;2021-04-18;6398;14025;1159875;443944;19.5;7.4
32;2021-04-19;11659;9789;1171534;453733;19.6;7.6
32;2021-04-20;16419;12263;1187953;465996;19.9;7.8
32;2021-04-21;15790;12494;1203743;478490;20.2;8.0
32;2021-04-22;19051;15019;1222794;493509;20.5;8.3
32;2021-04-23;19650;15946;1242444;509455;20.8;8.5
32;2021-04-24;15464;21013;1257908;530468;21.1;8.9
32;2021-04-25;6968;12285;1264876;542753;21.2;9.1
32;2021-04-26;13212;10700;1278088;553453;21.4;9.3
32;2021-04-27;18693;14133;1296781;567586;21.7;9.5
32;2021-04-28;20194;16046;1316975;583632;22.1;9.8
32;2021-04-29;22406;19952;1339381;603584;22.5;10.1
32;2021-04-30;25014;21573;1364395;625157;22.9;10.5
32;2021-05-01;23038;13938;1387433;639095;23.3;10.7
32;2021-05-02;20949;10341;1408382;649436;23.6;10.9
32;2021-05-03;21933;11298;1430315;660734;24.0;11.1
32;2021-05-04;23843;16298;1454158;677032;24.4;11.4
32;2021-05-05;23948;17452;1478106;694484;24.8;11.6
32;2021-05-06;25734;19929;1503840;714413;25.2;12.0
32;2021-05-07;30737;21491;1534577;735904;25.7;12.3
32;2021-05-08;34595;9108;1569172;745012;26.3;12.5
32;2021-05-09;26800;6518;1595972;751530;26.8;12.6
32;2021-05-10;24222;16156;1620194;767686;27.2;12.9
32;2021-05-11;31311;19099;1651505;786785;27.7;13.2
32;2021-05-12;37289;18849;1688794;805634;28.3;13.5
32;2021-05-13;40530;7372;1729324;813006;29.0;13.6
32;2021-05-14;41788;14653;1771112;827659;29.7;13.9
32;2021-05-15;59657;12234;1830769;839893;30.7;14.1
32;2021-05-16;47887;4908;1878656;844801;31.5;14.2
32;2021-05-17;31469;10999;1910125;855800;32.0;14.4
32;2021-05-18;36841;12577;1946966;868377;32.7;14.6
32;2021-05-19;38854;11695;1985820;880072;33.3;14.8
32;2021-05-20;39806;14999;2025626;895071;34.0;15.0
32;2021-05-21;42403;17073;2068029;912144;34.7;15.3
32;2021-05-22;57887;13188;2125916;925332;35.7;15.5
32;2021-05-23;38988;4455;2164904;929787;36.3;15.6
32;2021-05-24;28538;3882;2193442;933669;36.8;15.7
32;2021-05-25;31210;14979;2224652;948648;37.3;15.9
32;2021-05-26;34392;16877;2259044;965525;37.9;16.2
32;2021-05-27;34740;20744;2293784;986269;38.5;16.5
32;2021-05-28;34326;25218;2328110;1011487;39.0;17.0
32;2021-05-29;37558;19689;2365668;1031176;39.7;17.3
32;2021-05-30;16136;3522;2381804;1034698;39.9;17.4
32;2021-05-31;27927;16532;2409731;1051230;40.4;17.6
32;2021-06-01;32804;24000;2442535;1075230;41.0;18.0
32;2021-06-02;32316;21738;2474851;1096968;41.5;18.4
32;2021-06-03;34369;25045;2509220;1122013;42.1;18.8
32;2021-06-04;35917;27694;2545137;1149707;42.7;19.3
32;2021-06-05;34427;22729;2579564;1172436;43.3;19.7
32;2021-06-06;16539;5718;2596103;1178154;43.5;19.8
32;2021-06-07;21187;19349;2617290;1197503;43.9;20.1
32;2021-06-08;26330;24284;2643620;1221787;44.3;20.5
32;2021-06-09;24404;24370;2668024;1246157;44.7;20.9
32;2021-06-10;25007;26461;2693031;1272618;45.2;21.3
32;2021-06-11;26351;36091;2719382;1308709;45.6;21.9
32;2021-06-12;25994;31523;2745376;1340232;46.0;22.5
32;2021-06-13;11808;14808;2757184;1355040;46.2;22.7
32;2021-06-14;13233;28090;2770417;1383130;46.5;23.2
32;2021-06-15;19610;34629;2790027;1417759;46.8;23.8
32;2021-06-16;20514;32498;2810541;1450257;47.1;24.3
32;2021-06-17;21406;35010;2831947;1485267;47.5;24.9
32;2021-06-18;21571;42654;2853518;1527921;47.9;25.6
32;2021-06-19;22601;43860;2876119;1571781;48.2;26.4
32;2021-06-20;9224;19126;2885343;1590907;48.4;26.7
32;2021-06-21;11375;34882;2896718;1625789;48.6;27.3
32;2021-06-22;13684;41860;2910402;1667649;48.8;28.0
32;2021-06-23;14330;43573;2924732;1711222;49.1;28.7
32;2021-06-24;15327;45808;2940059;1757030;49.3;29.5
32;2021-06-25;14746;53456;2954805;1810486;49.6;30.4
32;2021-06-26;15010;59610;2969815;1870096;49.8;31.4
32;2021-06-27;7458;33885;2977273;1903981;49.9;31.9
32;2021-06-28;10362;39092;2987635;1943073;50.1;32.6
32;2021-06-29;13190;44831;3000825;1987904;50.3;33.3
32;2021-06-30;14938;44182;3015763;2032086;50.6;34.1
32;2021-07-01;15580;44793;3031343;2076879;50.8;34.8
32;2021-07-02;16324;52156;3047667;2129035;51.1;35.7
32;2021-07-03;13150;60087;3060817;2189122;51.3;36.7
32;2021-07-04;7802;31725;3068619;2220847;51.5;37.2
32;2021-07-05;11149;35652;3079768;2256499;51.7;37.8
32;2021-07-06;14926;40277;3094694;2296776;51.9;38.5
32;2021-07-07;15615;39661;3110309;2336437;52.2;39.2
32;2021-07-08;19111;40231;3129420;2376668;52.5;39.9
32;2021-07-09;136;61;3129556;2376729;52.5;39.9
32;2021-07-10;17717;44704;3147273;2421433;52.8;40.6
32;2021-07-11;7814;16970;3155087;2438403;52.9;40.9
44;2020-12-27;0;0;0;0;0.0;0.0
44;2020-12-28;0;0;0;0;0.0;0.0
44;2020-12-29;0;0;0;0;0.0;0.0
44;2020-12-30;1;0;1;0;0.0;0.0
44;2020-12-31;11;0;12;0;0.0;0.0
44;2021-01-01;2;0;14;0;0.0;0.0
44;2021-01-02;3;0;17;0;0.0;0.0
44;2021-01-03;3;0;20;0;0.0;0.0
44;2021-01-04;243;0;263;0;0.0;0.0
44;2021-01-05;773;0;1036;0;0.0;0.0
44;2021-01-06;1247;3;2283;3;0.0;0.0
44;2021-01-07;2431;5;4714;8;0.1;0.0
44;2021-01-08;3144;10;7858;18;0.1;0.0
44;2021-01-09;945;1;8803;19;0.2;0.0
44;2021-01-10;242;0;9045;19;0.2;0.0
44;2021-01-11;2992;7;12037;26;0.2;0.0
44;2021-01-12;5279;9;17316;35;0.3;0.0
44;2021-01-13;7668;20;24984;55;0.5;0.0
44;2021-01-14;9556;81;34540;136;0.6;0.0
44;2021-01-15;6714;27;41254;163;0.7;0.0
44;2021-01-16;1918;9;43172;172;0.8;0.0
44;2021-01-17;902;1;44074;173;0.8;0.0
44;2021-01-18;8727;29;52801;202;1.0;0.0
44;2021-01-19;10670;18;63471;220;1.2;0.0
44;2021-01-20;11027;48;74498;268;1.4;0.0
44;2021-01-21;11736;27;86234;295;1.6;0.0
44;2021-01-22;9640;31;95874;326;1.7;0.0
44;2021-01-23;3287;20;99161;346;1.8;0.0
44;2021-01-24;1569;4;100730;350;1.8;0.0
44;2021-01-25;6686;304;107416;654;1.9;0.0
44;2021-01-26;5644;436;113060;1090;2.1;0.0
44;2021-01-27;7381;604;120441;1694;2.2;0.0
44;2021-01-28;8837;1250;129278;2944;2.3;0.1
44;2021-01-29;6761;1802;136039;4746;2.5;0.1
44;2021-01-30;2549;496;138588;5242;2.5;0.1
44;2021-01-31;1252;55;139840;5297;2.5;0.1
44;2021-02-01;6385;2379;146225;7676;2.7;0.1
44;2021-02-02;6216;3809;152441;11485;2.8;0.2
44;2021-02-03;5603;4553;158044;16038;2.9;0.3
44;2021-02-04;6443;6960;164487;22998;3.0;0.4
44;2021-02-05;6390;5231;170877;28229;3.1;0.5
44;2021-02-06;1971;1204;172848;29433;3.1;0.5
44;2021-02-07;406;595;173254;30028;3.1;0.5
44;2021-02-08;3833;4465;177087;34493;3.2;0.6
44;2021-02-09;5722;5840;182809;40333;3.3;0.7
44;2021-02-10;6252;6019;189061;46352;3.4;0.8
44;2021-02-11;7068;6559;196129;52911;3.6;1.0
44;2021-02-12;7278;5553;203407;58464;3.7;1.1
44;2021-02-13;2543;1259;205950;59723;3.7;1.1
44;2021-02-14;1612;826;207562;60549;3.8;1.1
44;2021-02-15;4005;7213;211567;67762;3.8;1.2
44;2021-02-16;4564;7903;216131;75665;3.9;1.4
44;2021-02-17;4713;8442;220844;84107;4.0;1.5
44;2021-02-18;6072;9241;226916;93348;4.1;1.7
44;2021-02-19;5550;7496;232466;100844;4.2;1.8
44;2021-02-20;2339;2835;234805;103679;4.3;1.9
44;2021-02-21;542;1399;235347;105078;4.3;1.9
44;2021-02-22;4488;7018;239835;112096;4.4;2.0
44;2021-02-23;6031;7242;245866;119338;4.5;2.2
44;2021-02-24;6603;5907;252469;125245;4.6;2.3
44;2021-02-25;10545;7534;263014;132779;4.8;2.4
44;2021-02-26;12381;6367;275395;139146;5.0;2.5
44;2021-02-27;7892;2171;283287;141317;5.1;2.6
44;2021-02-28;2118;517;285405;141834;5.2;2.6
44;2021-03-01;6081;4671;291486;146505;5.3;2.7
44;2021-03-02;9395;5670;300881;152175;5.5;2.8
44;2021-03-03;11276;5601;312157;157776;5.7;2.9
44;2021-03-04;13273;5801;325430;163577;5.9;3.0
44;2021-03-05;17901;5708;343331;169285;6.2;3.1
44;2021-03-06;21378;2185;364709;171470;6.6;3.1
44;2021-03-07;12207;758;376916;172228;6.8;3.1
44;2021-03-08;9425;4276;386341;176504;7.0;3.2
44;2021-03-09;15202;4989;401543;181493;7.3;3.3
44;2021-03-10;16603;5200;418146;186693;7.6;3.4
44;2021-03-11;20357;5687;438503;192380;8.0;3.5
44;2021-03-12;26822;5548;465325;197928;8.4;3.6
44;2021-03-13;24221;2436;489546;200364;8.9;3.6
44;2021-03-14;6765;893;496311;201257;9.0;3.7
44;2021-03-15;12959;3468;509270;204725;9.2;3.7
44;2021-03-16;12839;3970;522109;208695;9.5;3.8
44;2021-03-17;14195;3655;536304;212350;9.7;3.9
44;2021-03-18;15412;3790;551716;216140;10.0;3.9
44;2021-03-19;21416;3930;573132;220070;10.4;4.0
44;2021-03-20;15568;1973;588700;222043;10.7;4.0
44;2021-03-21;4620;295;593320;222338;10.8;4.0
44;2021-03-22;12525;3932;605845;226270;11.0;4.1
44;2021-03-23;19449;5064;625294;231334;11.3;4.2
44;2021-03-24;22047;5197;647341;236531;11.7;4.3
44;2021-03-25;28211;5795;675552;242326;12.3;4.4
44;2021-03-26;30555;5506;706107;247832;12.8;4.5
44;2021-03-27;16233;4702;722340;252534;13.1;4.6
44;2021-03-28;4079;1973;726419;254507;13.2;4.6
44;2021-03-29;14310;6122;740729;260629;13.4;4.7
44;2021-03-30;21414;7819;762143;268448;13.8;4.9
44;2021-03-31;20128;7991;782271;276439;14.2;5.0
44;2021-04-01;23570;9333;805841;285772;14.6;5.2
44;2021-04-02;16235;6917;822076;292689;14.9;5.3
44;2021-04-03;10190;5762;832266;298451;15.1;5.4
44;2021-04-04;3133;1655;835399;300106;15.2;5.4
44;2021-04-05;4425;1414;839824;301520;15.2;5.5
44;2021-04-06;13426;10533;853250;312053;15.5;5.7
44;2021-04-07;17673;12101;870923;324154;15.8;5.9
44;2021-04-08;26081;12409;897004;336563;16.3;6.1
44;2021-04-09;32278;12746;929282;349309;16.9;6.3
44;2021-04-10;18280;10065;947562;359374;17.2;6.5
44;2021-04-11;3031;5957;950593;365331;17.2;6.6
44;2021-04-12;16955;11230;967548;376561;17.6;6.8
44;2021-04-13;21989;13750;989537;390311;18.0;7.1
44;2021-04-14;23139;14065;1012676;404376;18.4;7.3
44;2021-04-15;26304;15351;1038980;419727;18.9;7.6
44;2021-04-16;28124;15214;1067104;434941;19.4;7.9
44;2021-04-17;19842;9060;1086946;444001;19.7;8.1
44;2021-04-18;5056;4631;1092002;448632;19.8;8.1
44;2021-04-19;16928;11724;1108930;460356;20.1;8.4
44;2021-04-20;19107;14276;1128037;474632;20.5;8.6
44;2021-04-21;21158;14938;1149195;489570;20.8;8.9
44;2021-04-22;23709;15889;1172904;505459;21.3;9.2
44;2021-04-23;27819;16572;1200723;522031;21.8;9.5
44;2021-04-24;16983;9160;1217706;531191;22.1;9.6
44;2021-04-25;4827;3561;1222533;534752;22.2;9.7
44;2021-04-26;16712;12003;1239245;546755;22.5;9.9
44;2021-04-27;21163;14612;1260408;561367;22.9;10.2
44;2021-04-28;23818;14828;1284226;576195;23.3;10.5
44;2021-04-29;28175;16991;1312401;593186;23.8;10.8
44;2021-04-30;33120;16072;1345521;609258;24.4;11.1
44;2021-05-01;14855;7031;1360376;616289;24.7;11.2
44;2021-05-02;7906;3994;1368282;620283;24.8;11.3
44;2021-05-03;24011;12352;1392293;632635;25.3;11.5
44;2021-05-04;26970;17321;1419263;649956;25.7;11.8
44;2021-05-05;30823;19178;1450086;669134;26.3;12.1
44;2021-05-06;37992;21139;1488078;690273;27.0;12.5
44;2021-05-07;36144;24803;1524222;715076;27.7;13.0
44;2021-05-08;19570;6712;1543792;721788;28.0;13.1
44;2021-05-09;11306;2904;1555098;724692;28.2;13.1
44;2021-05-10;24504;20777;1579602;745469;28.7;13.5
44;2021-05-11;34426;22919;1614028;768388;29.3;13.9
44;2021-05-12;37114;24021;1651142;792409;30.0;14.4
44;2021-05-13;27889;6377;1679031;798786;30.5;14.5
44;2021-05-14;44207;18900;1723238;817686;31.3;14.8
44;2021-05-15;34031;14097;1757269;831783;31.9;15.1
44;2021-05-16;15605;3511;1772874;835294;32.2;15.2
44;2021-05-17;27206;14538;1800080;849832;32.7;15.4
44;2021-05-18;35294;15292;1835374;865124;33.3;15.7
44;2021-05-19;36933;16423;1872307;881547;34.0;16.0
44;2021-05-20;40949;16487;1913256;898034;34.7;16.3
44;2021-05-21;42916;20925;1956172;918959;35.5;16.7
44;2021-05-22;27772;11605;1983944;930564;36.0;16.9
44;2021-05-23;8694;1717;1992638;932281;36.2;16.9
44;2021-05-24;17964;4680;2010602;936961;36.5;17.0
44;2021-05-25;30479;17645;2041081;954606;37.0;17.3
44;2021-05-26;32772;19521;2073853;974127;37.6;17.7
44;2021-05-27;34647;20868;2108500;994995;38.3;18.1
44;2021-05-28;37583;27820;2146083;1022815;38.9;18.6
44;2021-05-29;26862;20116;2172945;1042931;39.4;18.9
44;2021-05-30;6154;4211;2179099;1047142;39.5;19.0
44;2021-05-31;27051;19702;2206150;1066844;40.0;19.4
44;2021-06-01;31599;22894;2237749;1089738;40.6;19.8
44;2021-06-02;33654;22907;2271403;1112645;41.2;20.2
44;2021-06-03;34606;25255;2306009;1137900;41.8;20.6
44;2021-06-04;40015;32128;2346024;1170028;42.6;21.2
44;2021-06-05;23084;20118;2369108;1190146;43.0;21.6
44;2021-06-06;8336;4445;2377444;1194591;43.1;21.7
44;2021-06-07;28141;22036;2405585;1216627;43.6;22.1
44;2021-06-08;33095;26651;2438680;1243278;44.2;22.6
44;2021-06-09;35653;24875;2474333;1268153;44.9;23.0
44;2021-06-10;34623;25614;2508956;1293767;45.5;23.5
44;2021-06-11;32357;35393;2541313;1329160;46.1;24.1
44;2021-06-12;25726;23436;2567039;1352596;46.6;24.5
44;2021-06-13;6773;6062;2573812;1358658;46.7;24.7
44;2021-06-14;17620;29583;2591432;1388241;47.0;25.2
44;2021-06-15;23611;34996;2615043;1423237;47.4;25.8
44;2021-06-16;24319;36644;2639362;1459881;47.9;26.5
44;2021-06-17;23776;39283;2663138;1499164;48.3;27.2
44;2021-06-18;26453;43012;2689591;1542176;48.8;28.0
44;2021-06-19;21029;28215;2710620;1570391;49.2;28.5
44;2021-06-20;3680;6650;2714300;1577041;49.2;28.6
44;2021-06-21;14782;34057;2729082;1611098;49.5;29.2
44;2021-06-22;15434;41587;2744516;1652685;49.8;30.0
44;2021-06-23;20073;41365;2764589;1694050;50.2;30.7
44;2021-06-24;16536;34249;2781125;1728299;50.5;31.4
44;2021-06-25;18894;49483;2800019;1777782;50.8;32.3
44;2021-06-26;14146;37345;2814165;1815127;51.1;32.9
44;2021-06-27;3418;11549;2817583;1826676;51.1;33.1
44;2021-06-28;11379;37436;2828962;1864112;51.3;33.8
44;2021-06-29;11888;41953;2840850;1906065;51.5;34.6
44;2021-06-30;14676;43464;2855526;1949529;51.8;35.4
44;2021-07-01;15382;39460;2870908;1988989;52.1;36.1
44;2021-07-02;16336;51572;2887244;2040561;52.4;37.0
44;2021-07-03;13159;31207;2900403;2071768;52.6;37.6
44;2021-07-04;3090;8709;2903493;2080477;52.7;37.7
44;2021-07-05;10261;36521;2913754;2116998;52.9;38.4
44;2021-07-06;13281;39301;2927035;2156299;53.1;39.1
44;2021-07-07;15006;39496;2942041;2195795;53.4;39.8
44;2021-07-08;15909;34053;2957950;2229848;53.7;40.5
44;2021-07-09;199;43;2958149;2229891;53.7;40.5
44;2021-07-10;12858;32353;2971007;2262244;53.9;41.0
44;2021-07-11;3253;7553;2974260;2269797;54.0;41.2
52;2020-12-27;0;0;0;0;0.0;0.0
52;2020-12-28;2;0;2;0;0.0;0.0
52;2020-12-29;0;0;2;0;0.0;0.0
52;2020-12-30;1;0;3;0;0.0;0.0
52;2020-12-31;0;0;3;0;0.0;0.0
52;2021-01-01;5;0;8;0;0.0;0.0
52;2021-01-02;1;0;9;0;0.0;0.0
52;2021-01-03;1;0;10;0;0.0;0.0
52;2021-01-04;34;0;44;0;0.0;0.0
52;2021-01-05;168;0;212;0;0.0;0.0
52;2021-01-06;384;1;596;1;0.0;0.0
52;2021-01-07;964;0;1560;1;0.0;0.0
52;2021-01-08;1664;3;3224;4;0.1;0.0
52;2021-01-09;1049;3;4273;7;0.1;0.0
52;2021-01-10;643;1;4916;8;0.1;0.0
52;2021-01-11;2197;0;7113;8;0.2;0.0
52;2021-01-12;3170;4;10283;12;0.3;0.0
52;2021-01-13;2983;4;13266;16;0.3;0.0
52;2021-01-14;3304;25;16570;41;0.4;0.0
52;2021-01-15;3016;10;19586;51;0.5;0.0
52;2021-01-16;896;5;20482;56;0.5;0.0
52;2021-01-17;499;4;20981;60;0.6;0.0
52;2021-01-18;3199;6;24180;66;0.6;0.0
52;2021-01-19;6556;9;30736;75;0.8;0.0
52;2021-01-20;8343;12;39079;87;1.0;0.0
52;2021-01-21;12174;13;51253;100;1.3;0.0
52;2021-01-22;7273;30;58526;130;1.5;0.0
52;2021-01-23;1678;4;60204;134;1.6;0.0
52;2021-01-24;174;0;60378;134;1.6;0.0
52;2021-01-25;3006;14;63384;148;1.7;0.0
52;2021-01-26;6740;153;70124;301;1.8;0.0
52;2021-01-27;7285;151;77409;452;2.0;0.0
52;2021-01-28;9728;469;87137;921;2.3;0.0
52;2021-01-29;5956;908;93093;1829;2.4;0.0
52;2021-01-30;1259;270;94352;2099;2.5;0.1
52;2021-01-31;79;314;94431;2413;2.5;0.1
52;2021-02-01;2523;1185;96954;3598;2.6;0.1
52;2021-02-02;2970;1853;99924;5451;2.6;0.1
52;2021-02-03;2687;2153;102611;7604;2.7;0.2
52;2021-02-04;2963;2111;105574;9715;2.8;0.3
52;2021-02-05;2964;2207;108538;11922;2.9;0.3
52;2021-02-06;1076;662;109614;12584;2.9;0.3
52;2021-02-07;151;297;109765;12881;2.9;0.3
52;2021-02-08;1929;2114;111694;14995;2.9;0.4
52;2021-02-09;3174;3716;114868;18711;3.0;0.5
52;2021-02-10;3324;4756;118192;23467;3.1;0.6
52;2021-02-11;6100;9285;124292;32752;3.3;0.9
52;2021-02-12;4705;5129;128997;37881;3.4;1.0
52;2021-02-13;1149;1245;130146;39126;3.4;1.0
52;2021-02-14;22;541;130168;39667;3.4;1.0
52;2021-02-15;2028;3520;132196;43187;3.5;1.1
52;2021-02-16;4127;6753;136323;49940;3.6;1.3
52;2021-02-17;3876;6930;140199;56870;3.7;1.5
52;2021-02-18;6140;9282;146339;66152;3.8;1.7
52;2021-02-19;5333;5834;151672;71986;4.0;1.9
52;2021-02-20;1028;1466;152700;73452;4.0;1.9
52;2021-02-21;7;274;152707;73726;4.0;1.9
52;2021-02-22;2647;3482;155354;77208;4.1;2.0
52;2021-02-23;3425;3674;158779;80882;4.2;2.1
52;2021-02-24;3307;3039;162086;83921;4.3;2.2
52;2021-02-25;6345;3217;168431;87138;4.4;2.3
52;2021-02-26;6214;2907;174645;90045;4.6;2.4
52;2021-02-27;2217;1043;176862;91088;4.7;2.4
52;2021-02-28;76;88;176938;91176;4.7;2.4
52;2021-03-01;3114;2331;180052;93507;4.7;2.5
52;2021-03-02;4723;3424;184775;96931;4.9;2.5
52;2021-03-03;5284;3372;190059;100303;5.0;2.6
52;2021-03-04;7795;4770;197854;105073;5.2;2.8
52;2021-03-05;9008;3931;206862;109004;5.4;2.9
52;2021-03-06;5637;1150;212499;110154;5.6;2.9
52;2021-03-07;2661;138;215160;110292;5.7;2.9
52;2021-03-08;5846;2409;221006;112701;5.8;3.0
52;2021-03-09;9547;3325;230553;116026;6.1;3.1
52;2021-03-10;9388;3356;239941;119382;6.3;3.1
52;2021-03-11;13575;5017;253516;124399;6.7;3.3
52;2021-03-12;15333;3737;268849;128136;7.1;3.4
52;2021-03-13;8288;770;277137;128906;7.3;3.4
52;2021-03-14;624;72;277761;128978;7.3;3.4
52;2021-03-15;8832;1910;286593;130888;7.5;3.4
52;2021-03-16;7576;2609;294169;133497;7.7;3.5
52;2021-03-17;6457;2378;300626;135875;7.9;3.6
52;2021-03-18;8304;2507;308930;138382;8.1;3.6
52;2021-03-19;11891;2139;320821;140521;8.4;3.7
52;2021-03-20;7089;765;327910;141286;8.6;3.7
52;2021-03-21;1688;48;329598;141334;8.7;3.7
52;2021-03-22;9013;2005;338611;143339;8.9;3.8
52;2021-03-23;13180;2598;351791;145937;9.3;3.8
52;2021-03-24;13258;2041;365049;147978;9.6;3.9
52;2021-03-25;18202;2813;383251;150791;10.1;4.0
52;2021-03-26;18941;2381;402192;153172;10.6;4.0
52;2021-03-27;7553;655;409745;153827;10.8;4.0
52;2021-03-28;2195;68;411940;153895;10.8;4.0
52;2021-03-29;10971;2716;422911;156611;11.1;4.1
52;2021-03-30;15680;3603;438591;160214;11.5;4.2
52;2021-03-31;13693;3283;452284;163497;11.9;4.3
52;2021-04-01;18874;3694;471158;167191;12.4;4.4
52;2021-04-02;17088;3515;488246;170706;12.8;4.5
52;2021-04-03;5516;1192;493762;171898;13.0;4.5
52;2021-04-04;1324;51;495086;171949;13.0;4.5
52;2021-04-05;1787;537;496873;172486;13.1;4.5
52;2021-04-06;11787;5237;508660;177723;13.4;4.7
52;2021-04-07;15188;5682;523848;183405;13.8;4.8
52;2021-04-08;21239;6349;545087;189754;14.3;5.0
52;2021-04-09;26663;5298;571750;195052;15.0;5.1
52;2021-04-10;10125;2369;581875;197421;15.3;5.2
52;2021-04-11;2571;433;584446;197854;15.4;5.2
52;2021-04-12;16341;6555;600787;204409;15.8;5.4
52;2021-04-13;20740;8150;621527;212559;16.3;5.6
52;2021-04-14;17657;6883;639184;219442;16.8;5.8
52;2021-04-15;21162;7993;660346;227435;17.4;6.0
52;2021-04-16;22592;7431;682938;234866;18.0;6.2
52;2021-04-17;9990;3037;692928;237903;18.2;6.3
52;2021-04-18;3038;1306;695966;239209;18.3;6.3
52;2021-04-19;14175;7805;710141;247014;18.7;6.5
52;2021-04-20;18265;9379;728406;256393;19.2;6.7
52;2021-04-21;15986;9186;744392;265579;19.6;7.0
52;2021-04-22;19432;10191;763824;275770;20.1;7.3
52;2021-04-23;20523;9977;784347;285747;20.6;7.5
52;2021-04-24;10026;4982;794373;290729;20.9;7.6
52;2021-04-25;3980;1952;798353;292681;21.0;7.7
52;2021-04-26;16830;9913;815183;302594;21.4;8.0
52;2021-04-27;21063;12552;836246;315146;22.0;8.3
52;2021-04-28;22759;10679;859005;325825;22.6;8.6
52;2021-04-29;25001;12704;884006;338529;23.3;8.9
52;2021-04-30;25643;12498;909649;351027;23.9;9.2
52;2021-05-01;8619;2483;918268;353510;24.2;9.3
52;2021-05-02;4300;1270;922568;354780;24.3;9.3
52;2021-05-03;19067;10630;941635;365410;24.8;9.6
52;2021-05-04;20077;14413;961712;379823;25.3;10.0
52;2021-05-05;20851;12762;982563;392585;25.8;10.3
52;2021-05-06;22470;13847;1005033;406432;26.4;10.7
52;2021-05-07;20688;18010;1025721;424442;27.0;11.2
52;2021-05-08;11228;2092;1036949;426534;27.3;11.2
52;2021-05-09;5406;2228;1042355;428762;27.4;11.3
52;2021-05-10;20786;17273;1063141;446035;28.0;11.7
52;2021-05-11;24882;19556;1088023;465591;28.6;12.2
52;2021-05-12;24816;17102;1112839;482693;29.3;12.7
52;2021-05-13;18580;2749;1131419;485442;29.8;12.8
52;2021-05-14;22776;12431;1154195;497873;30.4;13.1
52;2021-05-15;15651;5213;1169846;503086;30.8;13.2
52;2021-05-16;10289;1166;1180135;504252;31.0;13.3
52;2021-05-17;21128;14682;1201263;518934;31.6;13.6
52;2021-05-18;24840;15030;1226103;533964;32.3;14.0
52;2021-05-19;26823;11468;1252926;545432;33.0;14.3
52;2021-05-20;29352;12046;1282278;557478;33.7;14.7
52;2021-05-21;27365;13870;1309643;571348;34.4;15.0
52;2021-05-22;15428;4724;1325071;576072;34.9;15.2
52;2021-05-23;4480;1146;1329551;577218;35.0;15.2
52;2021-05-24;16032;2778;1345583;579996;35.4;15.3
52;2021-05-25;24468;14574;1370051;594570;36.0;15.6
52;2021-05-26;25309;12662;1395360;607232;36.7;16.0
52;2021-05-27;29115;14849;1424475;622081;37.5;16.4
52;2021-05-28;27947;17849;1452422;639930;38.2;16.8
52;2021-05-29;18363;7785;1470785;647715;38.7;17.0
52;2021-05-30;4236;1710;1475021;649425;38.8;17.1
52;2021-05-31;24426;15873;1499447;665298;39.4;17.5
52;2021-06-01;28842;17797;1528289;683095;40.2;18.0
52;2021-06-02;27503;15206;1555792;698301;40.9;18.4
52;2021-06-03;31740;16271;1587532;714572;41.8;18.8
52;2021-06-04;29229;20716;1616761;735288;42.5;19.3
52;2021-06-05;14544;11761;1631305;747049;42.9;19.6
52;2021-06-06;4783;3514;1636088;750563;43.0;19.7
52;2021-06-07;21726;20858;1657814;771421;43.6;20.3
52;2021-06-08;26473;22018;1684287;793439;44.3;20.9
52;2021-06-09;25673;18626;1709960;812065;45.0;21.4
52;2021-06-10;28741;17613;1738701;829678;45.7;21.8
52;2021-06-11;26972;24326;1765673;854004;46.4;22.5
52;2021-06-12;14605;11828;1780278;865832;46.8;22.8
52;2021-06-13;4392;4524;1784670;870356;46.9;22.9
52;2021-06-14;17613;25443;1802283;895799;47.4;23.6
52;2021-06-15;23709;25362;1825992;921161;48.0;24.2
52;2021-06-16;23280;22508;1849272;943669;48.6;24.8
52;2021-06-17;25912;23139;1875184;966808;49.3;25.4
52;2021-06-18;23245;28773;1898429;995581;49.9;26.2
52;2021-06-19;12438;14250;1910867;1009831;50.3;26.6
52;2021-06-20;3016;4419;1913883;1014250;50.3;26.7
52;2021-06-21;14818;28933;1928701;1043183;50.7;27.4
52;2021-06-22;17387;31834;1946088;1075017;51.2;28.3
52;2021-06-23;18409;27044;1964497;1102061;51.7;29.0
52;2021-06-24;20985;24143;1985482;1126204;52.2;29.6
52;2021-06-25;16638;31345;2002120;1157549;52.7;30.4
52;2021-06-26;8440;18098;2010560;1175647;52.9;30.9
52;2021-06-27;1336;7444;2011896;1183091;52.9;31.1
52;2021-06-28;10618;31165;2022514;1214256;53.2;31.9
52;2021-06-29;13438;34616;2035952;1248872;53.6;32.8
52;2021-06-30;13669;29143;2049621;1278015;53.9;33.6
52;2021-07-01;16016;29875;2065637;1307890;54.3;34.4
52;2021-07-02;14770;34399;2080407;1342289;54.7;35.3
52;2021-07-03;7267;19335;2087674;1361624;54.9;35.8
52;2021-07-04;1698;5317;2089372;1366941;55.0;36.0
52;2021-07-05;9559;31834;2098931;1398775;55.2;36.8
52;2021-07-06;11565;35382;2110496;1434157;55.5;37.7
52;2021-07-07;12575;30825;2123071;1464982;55.8;38.5
52;2021-07-08;14723;31162;2137794;1496144;56.2;39.4
52;2021-07-09;39;13;2137833;1496157;56.2;39.4
52;2021-07-10;6678;18874;2144511;1515031;56.4;39.9
52;2021-07-11;2202;5186;2146713;1520217;56.5;40.0
53;2020-12-27;0;0;0;0;0.0;0.0
53;2020-12-28;1;0;1;0;0.0;0.0
53;2020-12-29;0;0;1;0;0.0;0.0
53;2020-12-30;0;0;1;0;0.0;0.0
53;2020-12-31;0;0;1;0;0.0;0.0
53;2021-01-01;2;0;3;0;0.0;0.0
53;2021-01-02;4;0;7;0;0.0;0.0
53;2021-01-03;1;0;8;0;0.0;0.0
53;2021-01-04;43;0;51;0;0.0;0.0
53;2021-01-05;200;0;251;0;0.0;0.0
53;2021-01-06;331;1;582;1;0.0;0.0
53;2021-01-07;835;1;1417;2;0.0;0.0
53;2021-01-08;1214;2;2631;4;0.1;0.0
53;2021-01-09;34;0;2665;4;0.1;0.0
53;2021-01-10;4;0;2669;4;0.1;0.0
53;2021-01-11;1663;3;4332;7;0.1;0.0
53;2021-01-12;3381;1;7713;8;0.2;0.0
53;2021-01-13;3355;5;11068;13;0.3;0.0
53;2021-01-14;3813;31;14881;44;0.4;0.0
53;2021-01-15;3299;17;18180;61;0.5;0.0
53;2021-01-16;684;4;18864;65;0.6;0.0
53;2021-01-17;181;1;19045;66;0.6;0.0
53;2021-01-18;3363;7;22408;73;0.7;0.0
53;2021-01-19;8177;10;30585;83;0.9;0.0
53;2021-01-20;7061;4;37646;87;1.1;0.0
53;2021-01-21;11494;8;49140;95;1.5;0.0
53;2021-01-22;7824;13;56964;108;1.7;0.0
53;2021-01-23;1493;2;58457;110;1.8;0.0
53;2021-01-24;255;1;58712;111;1.8;0.0
53;2021-01-25;3056;34;61768;145;1.8;0.0
53;2021-01-26;4116;233;65884;378;2.0;0.0
53;2021-01-27;7240;324;73124;702;2.2;0.0
53;2021-01-28;7138;645;80262;1347;2.4;0.0
53;2021-01-29;4232;731;84494;2078;2.5;0.1
53;2021-01-30;844;43;85338;2121;2.6;0.1
53;2021-01-31;80;3;85418;2124;2.6;0.1
53;2021-02-01;2211;1026;87629;3150;2.6;0.1
53;2021-02-02;3436;2015;91065;5165;2.7;0.2
53;2021-02-03;3174;2185;94239;7350;2.8;0.2
53;2021-02-04;7098;2267;101337;9617;3.0;0.3
53;2021-02-05;5588;2135;106925;11752;3.2;0.4
53;2021-02-06;1204;276;108129;12028;3.2;0.4
53;2021-02-07;214;131;108343;12159;3.2;0.4
53;2021-02-08;1651;1530;109994;13689;3.3;0.4
53;2021-02-09;3978;5254;113972;18943;3.4;0.6
53;2021-02-10;3793;4647;117765;23590;3.5;0.7
53;2021-02-11;5739;8791;123504;32381;3.7;1.0
53;2021-02-12;5662;5252;129166;37633;3.9;1.1
53;2021-02-13;1231;851;130397;38484;3.9;1.2
53;2021-02-14;25;348;130422;38832;3.9;1.2
53;2021-02-15;2326;3579;132748;42411;4.0;1.3
53;2021-02-16;4052;3538;136800;45949;4.1;1.4
53;2021-02-17;4076;5365;140876;51314;4.2;1.5
53;2021-02-18;5954;5739;146830;57053;4.4;1.7
53;2021-02-19;5355;4845;152185;61898;4.6;1.9
53;2021-02-20;1189;890;153374;62788;4.6;1.9
53;2021-02-21;166;218;153540;63006;4.6;1.9
53;2021-02-22;2318;2820;155858;65826;4.7;2.0
53;2021-02-23;3947;3663;159805;69489;4.8;2.1
53;2021-02-24;4474;3779;164279;73268;4.9;2.2
53;2021-02-25;7951;7125;172230;80393;5.2;2.4
53;2021-02-26;8677;4403;180907;84796;5.4;2.5
53;2021-02-27;3448;1106;184355;85902;5.5;2.6
53;2021-02-28;228;194;184583;86096;5.5;2.6
53;2021-03-01;3480;2263;188063;88359;5.6;2.6
53;2021-03-02;5617;4452;193680;92811;5.8;2.8
53;2021-03-03;6447;3770;200127;96581;6.0;2.9
53;2021-03-04;9290;4917;209417;101498;6.3;3.0
53;2021-03-05;11913;5209;221330;106707;6.6;3.2
53;2021-03-06;5641;1020;226971;107727;6.8;3.2
53;2021-03-07;913;146;227884;107873;6.8;3.2
53;2021-03-08;5168;2202;233052;110075;7.0;3.3
53;2021-03-09;9664;2921;242716;112996;7.3;3.4
53;2021-03-10;9277;3361;251993;116357;7.5;3.5
53;2021-03-11;14304;4049;266297;120406;8.0;3.6
53;2021-03-12;18603;3268;284900;123674;8.5;3.7
53;2021-03-13;8816;950;293716;124624;8.8;3.7
53;2021-03-14;812;50;294528;124674;8.8;3.7
53;2021-03-15;6891;2027;301419;126701;9.0;3.8
53;2021-03-16;6986;3368;308405;130069;9.2;3.9
53;2021-03-17;8227;2793;316632;132862;9.5;4.0
53;2021-03-18;8717;4639;325349;137501;9.7;4.1
53;2021-03-19;12993;3588;338342;141089;10.1;4.2
53;2021-03-20;7128;817;345470;141906;10.3;4.2
53;2021-03-21;383;32;345853;141938;10.4;4.2
53;2021-03-22;7348;2157;353201;144095;10.6;4.3
53;2021-03-23;12990;3652;366191;147747;11.0;4.4
53;2021-03-24;14403;3222;380594;150969;11.4;4.5
53;2021-03-25;18294;3358;398888;154327;11.9;4.6
53;2021-03-26;20325;3179;419213;157506;12.5;4.7
53;2021-03-27;7409;1015;426622;158521;12.8;4.7
53;2021-03-28;529;84;427151;158605;12.8;4.7
53;2021-03-29;9800;3146;436951;161751;13.1;4.8
53;2021-03-30;15314;4586;452265;166337;13.5;5.0
53;2021-03-31;14152;4260;466417;170597;14.0;5.1
53;2021-04-01;18208;4267;484625;174864;14.5;5.2
53;2021-04-02;17905;4323;502530;179187;15.0;5.4
53;2021-04-03;6439;1426;508969;180613;15.2;5.4
53;2021-04-04;414;33;509383;180646;15.2;5.4
53;2021-04-05;1233;337;510616;180983;15.3;5.4
53;2021-04-06;12529;5661;523145;186644;15.7;5.6
53;2021-04-07;15022;5311;538167;191955;16.1;5.7
53;2021-04-08;20719;6082;558886;198037;16.7;5.9
53;2021-04-09;26682;5564;585568;203601;17.5;6.1
53;2021-04-10;10354;1720;595922;205321;17.8;6.1
53;2021-04-11;817;212;596739;205533;17.9;6.2
53;2021-04-12;15843;4895;612582;210428;18.3;6.3
53;2021-04-13;22710;7251;635292;217679;19.0;6.5
53;2021-04-14;19362;7914;654654;225593;19.6;6.8
53;2021-04-15;25405;8050;680059;233643;20.4;7.0
53;2021-04-16;26193;7529;706252;241172;21.1;7.2
53;2021-04-17;10418;3582;716670;244754;21.5;7.3
53;2021-04-18;1036;149;717706;244903;21.5;7.3
53;2021-04-19;15410;6517;733116;251420;21.9;7.5
53;2021-04-20;16928;9499;750044;260919;22.5;7.8
53;2021-04-21;16751;9425;766795;270344;23.0;8.1
53;2021-04-22;21777;10179;788572;280523;23.6;8.4
53;2021-04-23;21661;10044;810233;290567;24.3;8.7
53;2021-04-24;9989;4164;820222;294731;24.6;8.8
53;2021-04-25;911;333;821133;295064;24.6;8.8
53;2021-04-26;18236;8485;839369;303549;25.1;9.1
53;2021-04-27;19859;12048;859228;315597;25.7;9.4
53;2021-04-28;19948;10808;879176;326405;26.3;9.8
53;2021-04-29;23565;12268;902741;338673;27.0;10.1
53;2021-04-30;23906;12434;926647;351107;27.7;10.5
53;2021-05-01;5127;1637;931774;352744;27.9;10.6
53;2021-05-02;2798;522;934572;353266;28.0;10.6
53;2021-05-03;15716;9365;950288;362631;28.4;10.9
53;2021-05-04;15699;15803;965987;378434;28.9;11.3
53;2021-05-05;14946;14686;980933;393120;29.4;11.8
53;2021-05-06;19262;17841;1000195;410961;29.9;12.3
53;2021-05-07;18644;18198;1018839;429159;30.5;12.8
53;2021-05-08;5485;1125;1024324;430284;30.7;12.9
53;2021-05-09;3512;860;1027836;431144;30.8;12.9
53;2021-05-10;16683;15225;1044519;446369;31.3;13.4
53;2021-05-11;18677;18707;1063196;465076;31.8;13.9
53;2021-05-12;21200;15621;1084396;480697;32.5;14.4
53;2021-05-13;9027;3954;1093423;484651;32.7;14.5
53;2021-05-14;21713;13706;1115136;498357;33.4;14.9
53;2021-05-15;13430;5344;1128566;503701;33.8;15.1
53;2021-05-16;3226;876;1131792;504577;33.9;15.1
53;2021-05-17;18193;11176;1149985;515753;34.4;15.4
53;2021-05-18;21056;12424;1171041;528177;35.1;15.8
53;2021-05-19;21692;10655;1192733;538832;35.7;16.1
53;2021-05-20;23952;14730;1216685;553562;36.4;16.6
53;2021-05-21;22934;15239;1239619;568801;37.1;17.0
53;2021-05-22;13206;5839;1252825;574640;37.5;17.2
53;2021-05-23;2999;318;1255824;574958;37.6;17.2
53;2021-05-24;14035;2520;1269859;577478;38.0;17.3
53;2021-05-25;20099;12888;1289958;590366;38.6;17.7
53;2021-05-26;19507;13801;1309465;604167;39.2;18.1
53;2021-05-27;22162;17459;1331627;621626;39.9;18.6
53;2021-05-28;21799;20407;1353426;642033;40.5;19.2
53;2021-05-29;12169;7348;1365595;649381;40.9;19.4
53;2021-05-30;2322;473;1367917;649854;41.0;19.5
53;2021-05-31;20715;14147;1388632;664001;41.6;19.9
53;2021-06-01;22993;16521;1411625;680522;42.3;20.4
53;2021-06-02;21831;14232;1433456;694754;42.9;20.8
53;2021-06-03;25062;16877;1458518;711631;43.7;21.3
53;2021-06-04;23116;22571;1481634;734202;44.4;22.0
53;2021-06-05;17321;9013;1498955;743215;44.9;22.2
53;2021-06-06;5013;1328;1503968;744543;45.0;22.3
53;2021-06-07;18407;17762;1522375;762305;45.6;22.8
53;2021-06-08;23389;18042;1545764;780347;46.3;23.4
53;2021-06-09;23643;15879;1569407;796226;47.0;23.8
53;2021-06-10;26823;16893;1596230;813119;47.8;24.3
53;2021-06-11;26220;21465;1622450;834584;48.6;25.0
53;2021-06-12;18615;7516;1641065;842100;49.1;25.2
53;2021-06-13;7798;3123;1648863;845223;49.4;25.3
53;2021-06-14;16034;19840;1664897;865063;49.8;25.9
53;2021-06-15;20081;21007;1684978;886070;50.4;26.5
53;2021-06-16;21184;18566;1706162;904636;51.1;27.1
53;2021-06-17;21894;20135;1728056;924771;51.7;27.7
53;2021-06-18;22233;25693;1750289;950464;52.4;28.5
53;2021-06-19;12840;9627;1763129;960091;52.8;28.7
53;2021-06-20;5453;2684;1768582;962775;52.9;28.8
53;2021-06-21;14585;22379;1783167;985154;53.4;29.5
53;2021-06-22;16988;24950;1800155;1010104;53.9;30.2
53;2021-06-23;16741;23569;1816896;1033673;54.4;30.9
53;2021-06-24;19030;21880;1835926;1055553;55.0;31.6
53;2021-06-25;15512;29073;1851438;1084626;55.4;32.5
53;2021-06-26;7136;13962;1858574;1098588;55.6;32.9
53;2021-06-27;3882;3324;1862456;1101912;55.8;33.0
53;2021-06-28;9636;24232;1872092;1126144;56.0;33.7
53;2021-06-29;11475;27406;1883567;1153550;56.4;34.5
53;2021-06-30;12081;26707;1895648;1180257;56.7;35.3
53;2021-07-01;14097;26941;1909745;1207198;57.2;36.1
53;2021-07-02;13127;31827;1922872;1239025;57.6;37.1
53;2021-07-03;6531;15402;1929403;1254427;57.8;37.6
53;2021-07-04;3850;4489;1933253;1258916;57.9;37.7
53;2021-07-05;8945;26614;1942198;1285530;58.1;38.5
53;2021-07-06;10635;29422;1952833;1314952;58.5;39.4
53;2021-07-07;11689;25944;1964522;1340896;58.8;40.1
53;2021-07-08;13030;27770;1977552;1368666;59.2;41.0
53;2021-07-09;34;8;1977586;1368674;59.2;41.0
53;2021-07-10;5635;15616;1983221;1384290;59.4;41.4
53;2021-07-11;2445;3828;1985666;1388118;59.4;41.6
75;2020-12-27;1;0;1;0;0.0;0.0
75;2020-12-28;3;0;4;0;0.0;0.0
75;2020-12-29;3;0;7;0;0.0;0.0
75;2020-12-30;2;0;9;0;0.0;0.0
75;2020-12-31;0;0;9;0;0.0;0.0
75;2021-01-01;4;0;13;0;0.0;0.0
75;2021-01-02;2;0;15;0;0.0;0.0
75;2021-01-03;0;0;15;0;0.0;0.0
75;2021-01-04;90;0;105;0;0.0;0.0
75;2021-01-05;125;0;230;0;0.0;0.0
75;2021-01-06;737;1;967;1;0.0;0.0
75;2021-01-07;4923;3;5890;4;0.1;0.0
75;2021-01-08;5470;7;11360;11;0.2;0.0
75;2021-01-09;845;1;12205;12;0.2;0.0
75;2021-01-10;478;0;12683;12;0.2;0.0
75;2021-01-11;3585;3;16268;15;0.3;0.0
75;2021-01-12;5947;6;22215;21;0.4;0.0
75;2021-01-13;6552;16;28767;37;0.5;0.0
75;2021-01-14;8127;63;36894;100;0.6;0.0
75;2021-01-15;7631;33;44525;133;0.7;0.0
75;2021-01-16;1609;15;46134;148;0.8;0.0
75;2021-01-17;426;6;46560;154;0.8;0.0
75;2021-01-18;6893;32;53453;186;0.9;0.0
75;2021-01-19;14055;18;67508;204;1.1;0.0
75;2021-01-20;15538;29;83046;233;1.4;0.0
75;2021-01-21;16968;21;100014;254;1.7;0.0
75;2021-01-22;12975;24;112989;278;1.9;0.0
75;2021-01-23;4421;5;117410;283;2.0;0.0
75;2021-01-24;701;1;118111;284;2.0;0.0
75;2021-01-25;8873;218;126984;502;2.1;0.0
75;2021-01-26;11725;453;138709;955;2.3;0.0
75;2021-01-27;12300;772;151009;1727;2.5;0.0
75;2021-01-28;12942;2657;163951;4384;2.7;0.1
75;2021-01-29;10009;2982;173960;7366;2.9;0.1
75;2021-01-30;3379;514;177339;7880;3.0;0.1
75;2021-01-31;646;420;177985;8300;3.0;0.1
75;2021-02-01;5716;2634;183701;10934;3.1;0.2
75;2021-02-02;9617;4353;193318;15287;3.2;0.3
75;2021-02-03;9596;4373;202914;19660;3.4;0.3
75;2021-02-04;10767;5676;213681;25336;3.6;0.4
75;2021-02-05;7490;5629;221171;30965;3.7;0.5
75;2021-02-06;2382;1105;223553;32070;3.7;0.5
75;2021-02-07;674;255;224227;32325;3.7;0.5
75;2021-02-08;5136;3645;229363;35970;3.8;0.6
75;2021-02-09;7316;8078;236679;44048;3.9;0.7
75;2021-02-10;7543;8681;244222;52729;4.1;0.9
75;2021-02-11;8872;10217;253094;62946;4.2;1.0
75;2021-02-12;7412;8719;260506;71665;4.3;1.2
75;2021-02-13;1953;1761;262459;73426;4.4;1.2
75;2021-02-14;274;364;262733;73790;4.4;1.2
75;2021-02-15;3191;7802;265924;81592;4.4;1.4
75;2021-02-16;4629;10517;270553;92109;4.5;1.5
75;2021-02-17;4760;11283;275313;103392;4.6;1.7
75;2021-02-18;5456;12802;280769;116194;4.7;1.9
75;2021-02-19;5418;9607;286187;125801;4.8;2.1
75;2021-02-20;989;2625;287176;128426;4.8;2.1
75;2021-02-21;188;663;287364;129089;4.8;2.2
75;2021-02-22;3648;8486;291012;137575;4.9;2.3
75;2021-02-23;5361;10912;296373;148487;4.9;2.5
75;2021-02-24;6132;10245;302505;158732;5.0;2.6
75;2021-02-25;10046;11694;312551;170426;5.2;2.8
75;2021-02-26;12270;8852;324821;179278;5.4;3.0
75;2021-02-27;5787;2483;330608;181761;5.5;3.0
75;2021-02-28;314;694;330922;182455;5.5;3.0
75;2021-03-01;5095;6973;336017;189428;5.6;3.2
75;2021-03-02;9355;8148;345372;197576;5.8;3.3
75;2021-03-03;10827;7750;356199;205326;5.9;3.4
75;2021-03-04;16742;8177;372941;213503;6.2;3.6
75;2021-03-05;20818;7456;393759;220959;6.6;3.7
75;2021-03-06;13410;2237;407169;223196;6.8;3.7
75;2021-03-07;3722;469;410891;223665;6.8;3.7
75;2021-03-08;9998;5374;420889;229039;7.0;3.8
75;2021-03-09;16868;6479;437757;235518;7.3;3.9
75;2021-03-10;18266;6309;456023;241827;7.6;4.0
75;2021-03-11;26448;6685;482471;248512;8.0;4.1
75;2021-03-12;31325;5301;513796;253813;8.6;4.2
75;2021-03-13;17877;1211;531673;255024;8.9;4.3
75;2021-03-14;1716;253;533389;255277;8.9;4.3
75;2021-03-15;14082;3413;547471;258690;9.1;4.3
75;2021-03-16;13686;3711;561157;262401;9.4;4.4
75;2021-03-17;14758;3858;575915;266259;9.6;4.4
75;2021-03-18;16387;4690;592302;270949;9.9;4.5
75;2021-03-19;22450;4291;614752;275240;10.2;4.6
75;2021-03-20;14034;825;628786;276065;10.5;4.6
75;2021-03-21;2478;107;631264;276172;10.5;4.6
75;2021-03-22;16799;3460;648063;279632;10.8;4.7
75;2021-03-23;25285;3888;673348;283520;11.2;4.7
75;2021-03-24;27173;4249;700521;287769;11.7;4.8
75;2021-03-25;35677;4628;736198;292397;12.3;4.9
75;2021-03-26;38641;4131;774839;296528;12.9;4.9
75;2021-03-27;15732;1291;790571;297819;13.2;5.0
75;2021-03-28;2728;399;793299;298218;13.2;5.0
75;2021-03-29;22844;4145;816143;302363;13.6;5.0
75;2021-03-30;31659;5959;847802;308322;14.1;5.1
75;2021-03-31;29763;5925;877565;314247;14.6;5.2
75;2021-04-01;35049;6957;912614;321204;15.2;5.4
75;2021-04-02;32366;6880;944980;328084;15.7;5.5
75;2021-04-03;12850;2647;957830;330731;16.0;5.5
75;2021-04-04;2140;340;959970;331071;16.0;5.5
75;2021-04-05;6372;609;966342;331680;16.1;5.5
75;2021-04-06;26402;10816;992744;342496;16.5;5.7
75;2021-04-07;32388;10994;1025132;353490;17.1;5.9
75;2021-04-08;39641;12378;1064773;365868;17.7;6.1
75;2021-04-09;49304;10984;1114077;376852;18.6;6.3
75;2021-04-10;24505;4991;1138582;381843;19.0;6.4
75;2021-04-11;4978;725;1143560;382568;19.1;6.4
75;2021-04-12;27401;11841;1170961;394409;19.5;6.6
75;2021-04-13;35769;14336;1206730;408745;20.1;6.8
75;2021-04-14;35483;14499;1242213;423244;20.7;7.1
75;2021-04-15;37728;15076;1279941;438320;21.3;7.3
75;2021-04-16;37180;15113;1317121;453433;22.0;7.6
75;2021-04-17;19596;7402;1336717;460835;22.3;7.7
75;2021-04-18;4078;2061;1340795;462896;22.3;7.7
75;2021-04-19;20903;14955;1361698;477851;22.7;8.0
75;2021-04-20;28515;19095;1390213;496946;23.2;8.3
75;2021-04-21;27854;18088;1418067;515034;23.6;8.6
75;2021-04-22;30417;19667;1448484;534701;24.1;8.9
75;2021-04-23;29090;20249;1477574;554950;24.6;9.2
75;2021-04-24;17037;9153;1494611;564103;24.9;9.4
75;2021-04-25;4598;1503;1499209;565606;25.0;9.4
75;2021-04-26;22332;19313;1521541;584919;25.4;9.7
75;2021-04-27;29207;24313;1550748;609232;25.8;10.2
75;2021-04-28;31154;24206;1581902;633438;26.4;10.6
75;2021-04-29;37287;26714;1619189;660152;27.0;11.0
75;2021-04-30;37768;25914;1656957;686066;27.6;11.4
75;2021-05-01;15697;5765;1672654;691831;27.9;11.5
75;2021-05-02;7264;2600;1679918;694431;28.0;11.6
75;2021-05-03;27272;21200;1707190;715631;28.5;11.9
75;2021-05-04;30367;29310;1737557;744941;29.0;12.4
75;2021-05-05;31521;30991;1769078;775932;29.5;12.9
75;2021-05-06;35976;32411;1805054;808343;30.1;13.5
75;2021-05-07;37457;34351;1842511;842694;30.7;14.0
75;2021-05-08;17732;8097;1860243;850791;31.0;14.2
75;2021-05-09;7314;4155;1867557;854946;31.1;14.2
75;2021-05-10;25222;29008;1892779;883954;31.5;14.7
75;2021-05-11;35613;32971;1928392;916925;32.1;15.3
75;2021-05-12;35639;30145;1964031;947070;32.7;15.8
75;2021-05-13;22709;7567;1986740;954637;33.1;15.9
75;2021-05-14;33907;20915;2020647;975552;33.7;16.3
75;2021-05-15;22961;11123;2043608;986675;34.1;16.4
75;2021-05-16;7430;2061;2051038;988736;34.2;16.5
75;2021-05-17;33943;19286;2084981;1008022;34.7;16.8
75;2021-05-18;42886;20006;2127867;1028028;35.5;17.1
75;2021-05-19;42822;17635;2170689;1045663;36.2;17.4
75;2021-05-20;46039;20488;2216728;1066151;36.9;17.8
75;2021-05-21;43013;21459;2259741;1087610;37.7;18.1
75;2021-05-22;23321;9826;2283062;1097436;38.1;18.3
75;2021-05-23;7848;1428;2290910;1098864;38.2;18.3
75;2021-05-24;18904;4107;2309814;1102971;38.5;18.4
75;2021-05-25;36981;21024;2346795;1123995;39.1;18.7
75;2021-05-26;38787;21568;2385582;1145563;39.8;19.1
75;2021-05-27;43047;27159;2428629;1172722;40.5;19.5
75;2021-05-28;38982;32349;2467611;1205071;41.1;20.1
75;2021-05-29;19689;18086;2487300;1223157;41.5;20.4
75;2021-05-30;5803;2290;2493103;1225447;41.6;20.4
75;2021-05-31;31652;23154;2524755;1248601;42.1;20.8
75;2021-06-01;41116;29653;2565871;1278254;42.8;21.3
75;2021-06-02;41522;28241;2607393;1306495;43.5;21.8
75;2021-06-03;47656;31190;2655049;1337685;44.3;22.3
75;2021-06-04;44443;37007;2699492;1374692;45.0;22.9
75;2021-06-05;24439;18502;2723931;1393194;45.4;23.2
75;2021-06-06;8753;4320;2732684;1397514;45.5;23.3
75;2021-06-07;31442;31558;2764126;1429072;46.1;23.8
75;2021-06-08;38507;35937;2802633;1465009;46.7;24.4
75;2021-06-09;39373;32956;2842006;1497965;47.4;25.0
75;2021-06-10;43053;31885;2885059;1529850;48.1;25.5
75;2021-06-11;40302;40373;2925361;1570223;48.8;26.2
75;2021-06-12;23227;21532;2948588;1591755;49.1;26.5
75;2021-06-13;8113;5657;2956701;1597412;49.3;26.6
75;2021-06-14;23971;38025;2980672;1635437;49.7;27.3
75;2021-06-15;33157;41751;3013829;1677188;50.2;28.0
75;2021-06-16;34696;37415;3048525;1714603;50.8;28.6
75;2021-06-17;36101;38639;3084626;1753242;51.4;29.2
75;2021-06-18;34715;45386;3119341;1798628;52.0;30.0
75;2021-06-19;20157;23268;3139498;1821896;52.3;30.4
75;2021-06-20;6221;5738;3145719;1827634;52.4;30.5
75;2021-06-21;21416;37408;3167135;1865042;52.8;31.1
75;2021-06-22;25240;43710;3192375;1908752;53.2;31.8
75;2021-06-23;26167;40885;3218542;1949637;53.6;32.5
75;2021-06-24;27878;35690;3246420;1985327;54.1;33.1
75;2021-06-25;24002;48694;3270422;2034021;54.5;33.9
75;2021-06-26;13608;26803;3284030;2060824;54.7;34.3
75;2021-06-27;4571;8578;3288601;2069402;54.8;34.5
75;2021-06-28;14808;44689;3303409;2114091;55.1;35.2
75;2021-06-29;18551;51996;3321960;2166087;55.4;36.1
75;2021-06-30;20073;48216;3342033;2214303;55.7;36.9
75;2021-07-01;22335;46695;3364368;2260998;56.1;37.7
75;2021-07-02;21046;53725;3385414;2314723;56.4;38.6
75;2021-07-03;9947;29189;3395361;2343912;56.6;39.1
75;2021-07-04;3376;7791;3398737;2351703;56.6;39.2
75;2021-07-05;14093;42438;3412830;2394141;56.9;39.9
75;2021-07-06;18091;52203;3430921;2446344;57.2;40.8
75;2021-07-07;20454;48645;3451375;2494989;57.5;41.6
75;2021-07-08;22872;46696;3474247;2541685;57.9;42.4
75;2021-07-09;88;22;3474335;2541707;57.9;42.4
75;2021-07-10;10621;28024;3484956;2569731;58.1;42.8
75;2021-07-11;3789;6883;3488745;2576614;58.1;42.9
76;2020-12-27;0;0;0;0;0.0;0.0
76;2020-12-28;5;0;5;0;0.0;0.0
76;2020-12-29;0;0;5;0;0.0;0.0
76;2020-12-30;0;0;5;0;0.0;0.0
76;2020-12-31;1;0;6;0;0.0;0.0
76;2021-01-01;3;0;9;0;0.0;0.0
76;2021-01-02;2;0;11;0;0.0;0.0
76;2021-01-03;2;0;13;0;0.0;0.0
76;2021-01-04;59;1;72;1;0.0;0.0
76;2021-01-05;473;1;545;2;0.0;0.0
76;2021-01-06;784;2;1329;4;0.0;0.0
76;2021-01-07;2555;3;3884;7;0.1;0.0
76;2021-01-08;3218;2;7102;9;0.1;0.0
76;2021-01-09;1539;2;8641;11;0.1;0.0
76;2021-01-10;517;0;9158;11;0.2;0.0
76;2021-01-11;3524;9;12682;20;0.2;0.0
76;2021-01-12;5752;11;18434;31;0.3;0.0
76;2021-01-13;6477;15;24911;46;0.4;0.0
76;2021-01-14;8999;86;33910;132;0.6;0.0
76;2021-01-15;7255;34;41165;166;0.7;0.0
76;2021-01-16;1954;21;43119;187;0.7;0.0
76;2021-01-17;710;3;43829;190;0.7;0.0
76;2021-01-18;7708;21;51537;211;0.9;0.0
76;2021-01-19;11211;34;62748;245;1.1;0.0
76;2021-01-20;13728;27;76476;272;1.3;0.0
76;2021-01-21;16726;21;93202;293;1.6;0.0
76;2021-01-22;11928;35;105130;328;1.8;0.0
76;2021-01-23;3899;8;109029;336;1.8;0.0
76;2021-01-24;771;12;109800;348;1.9;0.0
76;2021-01-25;7831;100;117631;448;2.0;0.0
76;2021-01-26;10350;280;127981;728;2.2;0.0
76;2021-01-27;10850;487;138831;1215;2.3;0.0
76;2021-01-28;10141;1694;148972;2909;2.5;0.0
76;2021-01-29;8092;1988;157064;4897;2.7;0.1
76;2021-01-30;3187;771;160251;5668;2.7;0.1
76;2021-01-31;521;267;160772;5935;2.7;0.1
76;2021-02-01;5857;2600;166629;8535;2.8;0.1
76;2021-02-02;10064;4002;176693;12537;3.0;0.2
76;2021-02-03;9523;4066;186216;16603;3.1;0.3
76;2021-02-04;10107;5954;196323;22557;3.3;0.4
76;2021-02-05;7776;5023;204099;27580;3.4;0.5
76;2021-02-06;2700;1051;206799;28631;3.5;0.5
76;2021-02-07;542;498;207341;29129;3.5;0.5
76;2021-02-08;4843;4530;212184;33659;3.6;0.6
76;2021-02-09;6331;6828;218515;40487;3.7;0.7
76;2021-02-10;7181;9234;225696;49721;3.8;0.8
76;2021-02-11;9147;10727;234843;60448;4.0;1.0
76;2021-02-12;8050;7681;242893;68129;4.1;1.1
76;2021-02-13;2649;2270;245542;70399;4.1;1.2
76;2021-02-14;358;993;245900;71392;4.2;1.2
76;2021-02-15;3379;6465;249279;77857;4.2;1.3
76;2021-02-16;4242;8677;253521;86534;4.3;1.5
76;2021-02-17;4376;9645;257897;96179;4.4;1.6
76;2021-02-18;5871;9947;263768;106126;4.5;1.8
76;2021-02-19;4844;8106;268612;114232;4.5;1.9
76;2021-02-20;1530;3028;270142;117260;4.6;2.0
76;2021-02-21;265;594;270407;117854;4.6;2.0
76;2021-02-22;3280;7649;273687;125503;4.6;2.1
76;2021-02-23;4919;10222;278606;135725;4.7;2.3
76;2021-02-24;4648;10417;283254;146142;4.8;2.5
76;2021-02-25;8320;9904;291574;156046;4.9;2.6
76;2021-02-26;9640;8389;301214;164435;5.1;2.8
76;2021-02-27;3734;3092;304948;167527;5.1;2.8
76;2021-02-28;431;451;305379;167978;5.2;2.8
76;2021-03-01;5325;6136;310704;174114;5.2;2.9
76;2021-03-02;8217;7549;318921;181663;5.4;3.1
76;2021-03-03;9250;7490;328171;189153;5.5;3.2
76;2021-03-04;14326;7883;342497;197036;5.8;3.3
76;2021-03-05;16874;7120;359371;204156;6.1;3.4
76;2021-03-06;15889;2170;375260;206326;6.3;3.5
76;2021-03-07;11378;479;386638;206805;6.5;3.5
76;2021-03-08;9981;5533;396619;212338;6.7;3.6
76;2021-03-09;16235;6469;412854;218807;7.0;3.7
76;2021-03-10;16425;6501;429279;225308;7.2;3.8
76;2021-03-11;22605;6410;451884;231718;7.6;3.9
76;2021-03-12;26450;5282;478334;237000;8.1;4.0
76;2021-03-13;14929;2174;493263;239174;8.3;4.0
76;2021-03-14;2323;356;495586;239530;8.4;4.0
76;2021-03-15;13530;3307;509116;242837;8.6;4.1
76;2021-03-16;11762;4519;520878;247356;8.8;4.2
76;2021-03-17;12841;3963;533719;251319;9.0;4.2
76;2021-03-18;13703;4989;547422;256308;9.2;4.3
76;2021-03-19;18655;4023;566077;260331;9.6;4.4
76;2021-03-20;10665;1135;576742;261466;9.7;4.4
76;2021-03-21;3196;227;579938;261693;9.8;4.4
76;2021-03-22;14683;3592;594621;265285;10.0;4.5
76;2021-03-23;22253;4326;616874;269611;10.4;4.6
76;2021-03-24;23608;4189;640482;273800;10.8;4.6
76;2021-03-25;32020;4618;672502;278418;11.4;4.7
76;2021-03-26;30860;4091;703362;282509;11.9;4.8
76;2021-03-27;16255;1433;719617;283942;12.1;4.8
76;2021-03-28;4865;196;724482;284138;12.2;4.8
76;2021-03-29;22305;4890;746787;289028;12.6;4.9
76;2021-03-30;29720;5714;776507;294742;13.1;5.0
76;2021-03-31;26900;5604;803407;300346;13.6;5.1
76;2021-04-01;34476;5913;837883;306259;14.1;5.2
76;2021-04-02;29350;5791;867233;312050;14.6;5.3
76;2021-04-03;12156;2841;879389;314891;14.8;5.3
76;2021-04-04;4354;659;883743;315550;14.9;5.3
76;2021-04-05;4291;675;888034;316225;15.0;5.3
76;2021-04-06;22864;9732;910898;325957;15.4;5.5
76;2021-04-07;25284;9833;936182;335790;15.8;5.7
76;2021-04-08;33125;10219;969307;346009;16.4;5.8
76;2021-04-09;38934;9642;1008241;355651;17.0;6.0
76;2021-04-10;22711;5155;1030952;360806;17.4;6.1
76;2021-04-11;8861;1437;1039813;362243;17.6;6.1
76;2021-04-12;26057;10511;1065870;372754;18.0;6.3
76;2021-04-13;35796;12840;1101666;385594;18.6;6.5
76;2021-04-14;32895;13256;1134561;398850;19.1;6.7
76;2021-04-15;37481;13869;1172042;412719;19.8;7.0
76;2021-04-16;34465;13156;1206507;425875;20.4;7.2
76;2021-04-17;21411;6653;1227918;432528;20.7;7.3
76;2021-04-18;7714;2694;1235632;435222;20.9;7.3
76;2021-04-19;22054;12883;1257686;448105;21.2;7.6
76;2021-04-20;27983;16733;1285669;464838;21.7;7.8
76;2021-04-21;27035;16921;1312704;481759;22.2;8.1
76;2021-04-22;30354;17957;1343058;499716;22.7;8.4
76;2021-04-23;28710;16420;1371768;516136;23.2;8.7
76;2021-04-24;18493;10394;1390261;526530;23.5;8.9
76;2021-04-25;6912;4182;1397173;530712;23.6;9.0
76;2021-04-26;19948;18393;1417121;549105;23.9;9.3
76;2021-04-27;26731;21412;1443852;570517;24.4;9.6
76;2021-04-28;25900;20964;1469752;591481;24.8;10.0
76;2021-04-29;29737;23212;1499489;614693;25.3;10.4
76;2021-04-30;30778;20154;1530267;634847;25.8;10.7
76;2021-05-01;17426;7029;1547693;641876;26.1;10.8
76;2021-05-02;9492;4773;1557185;646649;26.3;10.9
76;2021-05-03;26528;16766;1583713;663415;26.7;11.2
76;2021-05-04;30009;25804;1613722;689219;27.2;11.6
76;2021-05-05;28210;26398;1641932;715617;27.7;12.1
76;2021-05-06;31046;30874;1672978;746491;28.2;12.6
76;2021-05-07;31628;30787;1704606;777278;28.8;13.1
76;2021-05-08;17361;10570;1721967;787848;29.1;13.3
76;2021-05-09;9707;8672;1731674;796520;29.2;13.4
76;2021-05-10;24084;28021;1755758;824541;29.6;13.9
76;2021-05-11;31656;33068;1787414;857609;30.2;14.5
76;2021-05-12;33343;29388;1820757;886997;30.7;15.0
76;2021-05-13;25952;9731;1846709;896728;31.2;15.1
76;2021-05-14;34539;21339;1881248;918067;31.8;15.5
76;2021-05-15;24492;12213;1905740;930280;32.2;15.7
76;2021-05-16;15457;3804;1921197;934084;32.4;15.8
76;2021-05-17;27840;19244;1949037;953328;32.9;16.1
76;2021-05-18;35432;19525;1984469;972853;33.5;16.4
76;2021-05-19;36838;16880;2021307;989733;34.1;16.7
76;2021-05-20;41004;18699;2062311;1008432;34.8;17.0
76;2021-05-21;37785;20037;2100096;1028469;35.4;17.4
76;2021-05-22;26989;9227;2127085;1037696;35.9;17.5
76;2021-05-23;13318;1837;2140403;1039533;36.1;17.5
76;2021-05-24;15424;4141;2155827;1043674;36.4;17.6
76;2021-05-25;31701;20813;2187528;1064487;36.9;18.0
76;2021-05-26;33687;19252;2221215;1083739;37.5;18.3
76;2021-05-27;36417;24461;2257632;1108200;38.1;18.7
76;2021-05-28;32499;28299;2290131;1136499;38.7;19.2
76;2021-05-29;20128;16775;2310259;1153274;39.0;19.5
76;2021-05-30;6612;6321;2316871;1159595;39.1;19.6
76;2021-05-31;25741;22881;2342612;1182476;39.5;20.0
76;2021-06-01;31194;29832;2373806;1212308;40.1;20.5
76;2021-06-02;30831;28098;2404637;1240406;40.6;20.9
76;2021-06-03;34198;33113;2438835;1273519;41.2;21.5
76;2021-06-04;35107;34232;2473942;1307751;41.8;22.1
76;2021-06-05;26035;19749;2499977;1327500;42.2;22.4
76;2021-06-06;14106;6482;2514083;1333982;42.4;22.5
76;2021-06-07;25746;27684;2539829;1361666;42.9;23.0
76;2021-06-08;32433;31602;2572262;1393268;43.4;23.5
76;2021-06-09;32296;29129;2604558;1422397;44.0;24.0
76;2021-06-10;31985;29494;2636543;1451891;44.5;24.5
76;2021-06-11;33554;36176;2670097;1488067;45.1;25.1
76;2021-06-12;23203;21918;2693300;1509985;45.5;25.5
76;2021-06-13;12044;7146;2705344;1517131;45.7;25.6
76;2021-06-14;21561;33668;2726905;1550799;46.0;26.2
76;2021-06-15;28738;39766;2755643;1590565;46.5;26.8
76;2021-06-16;27009;36384;2782652;1626949;47.0;27.5
76;2021-06-17;26786;34211;2809438;1661160;47.4;28.0
76;2021-06-18;27404;41157;2836842;1702317;47.9;28.7
76;2021-06-19;20816;23153;2857658;1725470;48.2;29.1
76;2021-06-20;8918;10347;2866576;1735817;48.4;29.3
76;2021-06-21;15039;35256;2881615;1771073;48.6;29.9
76;2021-06-22;18230;40506;2899845;1811579;48.9;30.6
76;2021-06-23;18950;37979;2918795;1849558;49.3;31.2
76;2021-06-24;17446;35409;2936241;1884967;49.6;31.8
76;2021-06-25;18321;44861;2954562;1929828;49.9;32.6
76;2021-06-26;12245;28744;2966807;1958572;50.1;33.1
76;2021-06-27;5709;14617;2972516;1973189;50.2;33.3
76;2021-06-28;12561;38230;2985077;2011419;50.4;33.9
76;2021-06-29;14835;43900;2999912;2055319;50.6;34.7
76;2021-06-30;17029;43468;3016941;2098787;50.9;35.4
76;2021-07-01;16383;40415;3033324;2139202;51.2;36.1
76;2021-07-02;17772;44202;3051096;2183404;51.5;36.9
76;2021-07-03;11893;32599;3062989;2216003;51.7;37.4
76;2021-07-04;5507;12858;3068496;2228861;51.8;37.6
76;2021-07-05;13712;34148;3082208;2263009;52.0;38.2
76;2021-07-06;16862;43737;3099070;2306746;52.3;38.9
76;2021-07-07;17205;40674;3116275;2347420;52.6;39.6
76;2021-07-08;15975;36926;3132250;2384346;52.9;40.2
76;2021-07-09;143;32;3132393;2384378;52.9;40.2
76;2021-07-10;12256;27148;3144649;2411526;53.1;40.7
76;2021-07-11;5526;11341;3150175;2422867;53.2;40.9
84;2020-12-27;1;0;1;0;0.0;0.0
84;2020-12-28;7;0;8;0;0.0;0.0
84;2020-12-29;5;0;13;0;0.0;0.0
84;2020-12-30;6;0;19;0;0.0;0.0
84;2020-12-31;15;0;34;0;0.0;0.0
84;2021-01-01;10;0;44;0;0.0;0.0
84;2021-01-02;2;1;46;1;0.0;0.0
84;2021-01-03;0;0;46;1;0.0;0.0
84;2021-01-04;174;0;220;1;0.0;0.0
84;2021-01-05;474;1;694;2;0.0;0.0
84;2021-01-06;1138;1;1832;3;0.0;0.0
84;2021-01-07;2894;3;4726;6;0.1;0.0
84;2021-01-08;3085;3;7811;9;0.1;0.0
84;2021-01-09;514;1;8325;10;0.1;0.0
84;2021-01-10;161;0;8486;10;0.1;0.0
84;2021-01-11;4313;7;12799;17;0.2;0.0
84;2021-01-12;6375;18;19174;35;0.2;0.0
84;2021-01-13;6884;15;26058;50;0.3;0.0
84;2021-01-14;9075;58;35133;108;0.4;0.0
84;2021-01-15;7772;30;42905;138;0.5;0.0
84;2021-01-16;2921;6;45826;144;0.6;0.0
84;2021-01-17;910;2;46736;146;0.6;0.0
84;2021-01-18;8977;32;55713;178;0.7;0.0
84;2021-01-19;15039;89;70752;267;0.9;0.0
84;2021-01-20;15500;39;86252;306;1.1;0.0
84;2021-01-21;14606;52;100858;358;1.3;0.0
84;2021-01-22;12423;46;113281;404;1.4;0.0
84;2021-01-23;4764;3;118045;407;1.5;0.0
84;2021-01-24;810;2;118855;409;1.5;0.0
84;2021-01-25;8776;160;127631;569;1.6;0.0
84;2021-01-26;11902;317;139533;886;1.7;0.0
84;2021-01-27;12087;625;151620;1511;1.9;0.0
84;2021-01-28;13858;1538;165478;3049;2.1;0.0
84;2021-01-29;10806;1313;176284;4362;2.2;0.1
84;2021-01-30;4142;148;180426;4510;2.2;0.1
84;2021-01-31;499;1;180925;4511;2.3;0.1
84;2021-02-01;6558;1888;187483;6399;2.3;0.1
84;2021-02-02;10606;3513;198089;9912;2.5;0.1
84;2021-02-03;11532;3926;209621;13838;2.6;0.2
84;2021-02-04;12572;5539;222193;19377;2.8;0.2
84;2021-02-05;8622;4685;230815;24062;2.9;0.3
84;2021-02-06;2658;958;233473;25020;2.9;0.3
84;2021-02-07;452;444;233925;25464;2.9;0.3
84;2021-02-08;6218;4959;240143;30423;3.0;0.4
84;2021-02-09;9338;8246;249481;38669;3.1;0.5
84;2021-02-10;9684;8589;259165;47258;3.2;0.6
84;2021-02-11;10696;9883;269861;57141;3.4;0.7
84;2021-02-12;9722;7947;279583;65088;3.5;0.8
84;2021-02-13;3497;2361;283080;67449;3.5;0.8
84;2021-02-14;623;458;283703;67907;3.5;0.8
84;2021-02-15;4884;8362;288587;76269;3.6;0.9
84;2021-02-16;6109;10767;294696;87036;3.7;1.1
84;2021-02-17;6089;11562;300785;98598;3.7;1.2
84;2021-02-18;7113;11757;307898;110355;3.8;1.4
84;2021-02-19;6647;9344;314545;119699;3.9;1.5
84;2021-02-20;1838;3267;316383;122966;3.9;1.5
84;2021-02-21;180;502;316563;123468;3.9;1.5
84;2021-02-22;4287;8810;320850;132278;4.0;1.6
84;2021-02-23;7289;11400;328139;143678;4.1;1.8
84;2021-02-24;7805;12016;335944;155694;4.2;1.9
84;2021-02-25;12733;13774;348677;169468;4.3;2.1
84;2021-02-26;14878;10359;363555;179827;4.5;2.2
84;2021-02-27;5563;2926;369118;182753;4.6;2.3
84;2021-02-28;501;517;369619;183270;4.6;2.3
84;2021-03-01;9296;6412;378915;189682;4.7;2.4
84;2021-03-02;14977;8820;393892;198502;4.9;2.5
84;2021-03-03;14806;8624;408698;207126;5.1;2.6
84;2021-03-04;21043;8441;429741;215567;5.4;2.7
84;2021-03-05;25784;7754;455525;223321;5.7;2.8
84;2021-03-06;19503;2445;475028;225766;5.9;2.8
84;2021-03-07;8420;488;483448;226254;6.0;2.8
84;2021-03-08;12215;6834;495663;233088;6.2;2.9
84;2021-03-09;20688;7724;516351;240812;6.4;3.0
84;2021-03-10;20247;7545;536598;248357;6.7;3.1
84;2021-03-11;29489;8210;566087;256567;7.0;3.2
84;2021-03-12;36191;7769;602278;264336;7.5;3.3
84;2021-03-13;21434;1923;623712;266259;7.8;3.3
84;2021-03-14;4691;494;628403;266753;7.8;3.3
84;2021-03-15;18881;4814;647284;271567;8.1;3.4
84;2021-03-16;17063;6113;664347;277680;8.3;3.5
84;2021-03-17;17585;6475;681932;284155;8.5;3.5
84;2021-03-18;21513;6946;703445;291101;8.8;3.6
84;2021-03-19;29007;5546;732452;296647;9.1;3.7
84;2021-03-20;14538;1430;746990;298077;9.3;3.7
84;2021-03-21;3240;279;750230;298356;9.3;3.7
84;2021-03-22;19739;5149;769969;303505;9.6;3.8
84;2021-03-23;30809;5974;800778;309479;10.0;3.9
84;2021-03-24;29979;5896;830757;315375;10.3;3.9
84;2021-03-25;41574;6516;872331;321891;10.9;4.0
84;2021-03-26;42986;6836;915317;328727;11.4;4.1
84;2021-03-27;18220;2954;933537;331681;11.6;4.1
84;2021-03-28;6514;610;940051;332291;11.7;4.1
84;2021-03-29;22958;7947;963009;340238;12.0;4.2
84;2021-03-30;34974;10265;997983;350503;12.4;4.4
84;2021-03-31;29592;11073;1027575;361576;12.8;4.5
84;2021-04-01;37291;11476;1064866;373052;13.3;4.6
84;2021-04-02;34909;11403;1099775;384455;13.7;4.8
84;2021-04-03;14801;6220;1114576;390675;13.9;4.9
84;2021-04-04;9935;2012;1124511;392687;14.0;4.9
84;2021-04-05;13540;1692;1138051;394379;14.2;4.9
84;2021-04-06;26315;13221;1164366;407600;14.5;5.1
84;2021-04-07;29523;14665;1193889;422265;14.9;5.3
84;2021-04-08;39728;15426;1233617;437691;15.4;5.4
84;2021-04-09;49513;15141;1283130;452832;16.0;5.6
84;2021-04-10;20481;8155;1303611;460987;16.2;5.7
84;2021-04-11;7233;2699;1310844;463686;16.3;5.8
84;2021-04-12;27327;15578;1338171;479264;16.7;6.0
84;2021-04-13;36165;19440;1374336;498704;17.1;6.2
84;2021-04-14;34658;18307;1408994;517011;17.5;6.4
84;2021-04-15;40152;19713;1449146;536724;18.0;6.7
84;2021-04-16;38246;20125;1487392;556849;18.5;6.9
84;2021-04-17;20480;9057;1507872;565906;18.8;7.0
84;2021-04-18;6839;2699;1514711;568605;18.9;7.1
84;2021-04-19;26236;18593;1540947;587198;19.2;7.3
84;2021-04-20;31211;22546;1572158;609744;19.6;7.6
84;2021-04-21;28057;21490;1600215;631234;19.9;7.9
84;2021-04-22;32263;22669;1632478;653903;20.3;8.1
84;2021-04-23;32716;23171;1665194;677074;20.7;8.4
84;2021-04-24;17869;11922;1683063;688996;21.0;8.6
84;2021-04-25;7138;4288;1690201;693284;21.0;8.6
84;2021-04-26;23723;20058;1713924;713342;21.3;8.9
84;2021-04-27;31771;25280;1745695;738622;21.7;9.2
84;2021-04-28;32476;24881;1778171;763503;22.1;9.5
84;2021-04-29;39648;26634;1817819;790137;22.6;9.8
84;2021-04-30;38136;27917;1855955;818054;23.1;10.2
84;2021-05-01;17181;5416;1873136;823470;23.3;10.3
84;2021-05-02;7990;8575;1881126;832045;23.4;10.4
84;2021-05-03;30384;27530;1911510;859575;23.8;10.7
84;2021-05-04;37155;33792;1948665;893367;24.3;11.1
84;2021-05-05;40261;30194;1988926;923561;24.8;11.5
84;2021-05-06;46646;32727;2035572;956288;25.3;11.9
84;2021-05-07;47070;36855;2082642;993143;25.9;12.4
84;2021-05-08;22490;7700;2105132;1000843;26.2;12.5
84;2021-05-09;15927;8914;2121059;1009757;26.4;12.6
84;2021-05-10;36101;32005;2157160;1041762;26.9;13.0
84;2021-05-11;52652;36306;2209812;1078068;27.5;13.4
84;2021-05-12;56963;31964;2266775;1110032;28.2;13.8
84;2021-05-13;47435;10550;2314210;1120582;28.8;14.0
84;2021-05-14;57518;25057;2371728;1145639;29.5;14.3
84;2021-05-15;44361;13663;2416089;1159302;30.1;14.4
84;2021-05-16;30630;5168;2446719;1164470;30.5;14.5
84;2021-05-17;48481;25059;2495200;1189529;31.1;14.8
84;2021-05-18;59423;27506;2554623;1217035;31.8;15.2
84;2021-05-19;58677;23711;2613300;1240746;32.5;15.4
84;2021-05-20;62022;27169;2675322;1267915;33.3;15.8
84;2021-05-21;61355;29492;2736677;1297407;34.1;16.2
84;2021-05-22;40653;12962;2777330;1310369;34.6;16.3
84;2021-05-23;21516;4014;2798846;1314383;34.8;16.4
84;2021-05-24;40217;8571;2839063;1322954;35.3;16.5
84;2021-05-25;50605;31769;2889668;1354723;36.0;16.9
84;2021-05-26;50404;29047;2940072;1383770;36.6;17.2
84;2021-05-27;55997;31923;2996069;1415693;37.3;17.6
84;2021-05-28;55053;40545;3051122;1456238;38.0;18.1
84;2021-05-29;37869;22390;3088991;1478628;38.5;18.4
84;2021-05-30;16224;7296;3105215;1485924;38.7;18.5
84;2021-05-31;44449;29444;3149664;1515368;39.2;18.9
84;2021-06-01;48672;36698;3198336;1552066;39.8;19.3
84;2021-06-02;48055;31288;3246391;1583354;40.4;19.7
84;2021-06-03;56272;36629;3302663;1619983;41.1;20.2
84;2021-06-04;54858;42425;3357521;1662408;41.8;20.7
84;2021-06-05;38265;21686;3395786;1684094;42.3;21.0
84;2021-06-06;15954;6292;3411740;1690386;42.5;21.0
84;2021-06-07;41424;35191;3453164;1725577;43.0;21.5
84;2021-06-08;45199;37946;3498363;1763523;43.6;22.0
84;2021-06-09;40655;33960;3539018;1797483;44.1;22.4
84;2021-06-10;41353;33998;3580371;1831481;44.6;22.8
84;2021-06-11;43459;46427;3623830;1877908;45.1;23.4
84;2021-06-12;28220;22967;3652050;1900875;45.5;23.7
84;2021-06-13;8641;7148;3660691;1908023;45.6;23.8
84;2021-06-14;25552;44612;3686243;1952635;45.9;24.3
84;2021-06-15;31673;49430;3717916;2002065;46.3;24.9
84;2021-06-16;33435;45566;3751351;2047631;46.7;25.5
84;2021-06-17;30496;47047;3781847;2094678;47.1;26.1
84;2021-06-18;34887;60040;3816734;2154718;47.5;26.8
84;2021-06-19;22779;35778;3839513;2190496;47.8;27.3
84;2021-06-20;8696;14451;3848209;2204947;47.9;27.5
84;2021-06-21;19936;56276;3868145;2261223;48.2;28.2
84;2021-06-22;20993;62826;3889138;2324049;48.4;28.9
84;2021-06-23;22262;57712;3911400;2381761;48.7;29.7
84;2021-06-24;23135;55182;3934535;2436943;49.0;30.3
84;2021-06-25;23530;70380;3958065;2507323;49.3;31.2
84;2021-06-26;14049;46283;3972114;2553606;49.5;31.8
84;2021-06-27;6846;23515;3978960;2577121;49.5;32.1
84;2021-06-28;15640;64850;3994600;2641971;49.7;32.9
84;2021-06-29;18789;67321;4013389;2709292;50.0;33.7
84;2021-06-30;21500;62761;4034889;2772053;50.2;34.5
84;2021-07-01;22533;58270;4057422;2830323;50.5;35.2
84;2021-07-02;22477;68960;4079899;2899283;50.8;36.1
84;2021-07-03;15526;44791;4095425;2944074;51.0;36.7
84;2021-07-04;7701;17050;4103126;2961124;51.1;36.9
84;2021-07-05;18559;61848;4121685;3022972;51.3;37.6
84;2021-07-06;20728;61927;4142413;3084899;51.6;38.4
84;2021-07-07;24009;54768;4166422;3139667;51.9;39.1
84;2021-07-08;26910;51896;4193332;3191563;52.2;39.7
84;2021-07-09;113;53;4193445;3191616;52.2;39.7
84;2021-07-10;14200;46712;4207645;3238328;52.4;40.3
84;2021-07-11;7830;15080;4215475;3253408;52.5;40.5
93;2020-12-27;1;0;1;0;0.0;0.0
93;2020-12-28;2;0;3;0;0.0;0.0
93;2020-12-29;1;0;4;0;0.0;0.0
93;2020-12-30;3;0;7;0;0.0;0.0
93;2020-12-31;19;0;26;0;0.0;0.0
93;2021-01-01;13;0;39;0;0.0;0.0
93;2021-01-02;5;0;44;0;0.0;0.0
93;2021-01-03;3;0;47;0;0.0;0.0
93;2021-01-04;133;1;180;1;0.0;0.0
93;2021-01-05;252;1;432;2;0.0;0.0
93;2021-01-06;412;0;844;2;0.0;0.0
93;2021-01-07;1245;2;2089;4;0.0;0.0
93;2021-01-08;1566;1;3655;5;0.1;0.0
93;2021-01-09;543;2;4198;7;0.1;0.0
93;2021-01-10;74;0;4272;7;0.1;0.0
93;2021-01-11;2414;1;6686;8;0.1;0.0
93;2021-01-12;5097;7;11783;15;0.2;0.0
93;2021-01-13;4476;17;16259;32;0.3;0.0
93;2021-01-14;5582;54;21841;86;0.4;0.0
93;2021-01-15;4942;18;26783;104;0.5;0.0
93;2021-01-16;1684;5;28467;109;0.6;0.0
93;2021-01-17;304;1;28771;110;0.6;0.0
93;2021-01-18;7165;31;35936;141;0.7;0.0
93;2021-01-19;13545;36;49481;177;1.0;0.0
93;2021-01-20;12287;40;61768;217;1.2;0.0
93;2021-01-21;12322;51;74090;268;1.5;0.0
93;2021-01-22;10239;30;84329;298;1.7;0.0
93;2021-01-23;3330;7;87659;305;1.7;0.0
93;2021-01-24;537;4;88196;309;1.7;0.0
93;2021-01-25;7263;41;95459;350;1.9;0.0
93;2021-01-26;10082;139;105541;489;2.1;0.0
93;2021-01-27;9696;292;115237;781;2.3;0.0
93;2021-01-28;13684;834;128921;1615;2.6;0.0
93;2021-01-29;9850;980;138771;2595;2.7;0.1
93;2021-01-30;2240;159;141011;2754;2.8;0.1
93;2021-01-31;304;5;141315;2759;2.8;0.1
93;2021-02-01;5173;1516;146488;4275;2.9;0.1
93;2021-02-02;6651;2377;153139;6652;3.0;0.1
93;2021-02-03;5027;1822;158166;8474;3.1;0.2
93;2021-02-04;5535;3158;163701;11632;3.2;0.2
93;2021-02-05;6116;4122;169817;15754;3.4;0.3
93;2021-02-06;1249;963;171066;16717;3.4;0.3
93;2021-02-07;280;81;171346;16798;3.4;0.3
93;2021-02-08;4310;3745;175656;20543;3.5;0.4
93;2021-02-09;5888;7092;181544;27635;3.6;0.5
93;2021-02-10;5959;5878;187503;33513;3.7;0.7
93;2021-02-11;6604;6712;194107;40225;3.8;0.8
93;2021-02-12;5730;6465;199837;46690;4.0;0.9
93;2021-02-13;1129;1448;200966;48138;4.0;1.0
93;2021-02-14;73;381;201039;48519;4.0;1.0
93;2021-02-15;2417;5631;203456;54150;4.0;1.1
93;2021-02-16;3195;7701;206651;61851;4.1;1.2
93;2021-02-17;3605;8486;210256;70337;4.2;1.4
93;2021-02-18;6008;11336;216264;81673;4.3;1.6
93;2021-02-19;5652;8631;221916;90304;4.4;1.8
93;2021-02-20;882;1801;222798;92105;4.4;1.8
93;2021-02-21;70;415;222868;92520;4.4;1.8
93;2021-02-22;3030;6976;225898;99496;4.5;2.0
93;2021-02-23;3969;7238;229867;106734;4.5;2.1
93;2021-02-24;4755;6792;234622;113526;4.6;2.2
93;2021-02-25;8259;6669;242881;120195;4.8;2.4
93;2021-02-26;8284;6184;251165;126379;5.0;2.5
93;2021-02-27;3296;1489;254461;127868;5.0;2.5
93;2021-02-28;306;238;254767;128106;5.0;2.5
93;2021-03-01;5661;4487;260428;132593;5.2;2.6
93;2021-03-02;7249;5926;267677;138519;5.3;2.7
93;2021-03-03;8994;6555;276671;145074;5.5;2.9
93;2021-03-04;12108;6467;288779;151541;5.7;3.0
93;2021-03-05;12217;6104;300996;157645;6.0;3.1
93;2021-03-06;22975;1339;323971;158984;6.4;3.1
93;2021-03-07;18042;632;342013;159616;6.8;3.2
93;2021-03-08;10255;5274;352268;164890;7.0;3.3
93;2021-03-09;13976;5565;366244;170455;7.2;3.4
93;2021-03-10;14501;5278;380745;175733;7.5;3.5
93;2021-03-11;20447;6185;401192;181918;7.9;3.6
93;2021-03-12;21945;5359;423137;187277;8.4;3.7
93;2021-03-13;24646;1260;447783;188537;8.9;3.7
93;2021-03-14;6477;268;454260;188805;9.0;3.7
93;2021-03-15;15958;3094;470218;191899;9.3;3.8
93;2021-03-16;12726;3650;482944;195549;9.6;3.9
93;2021-03-17;16002;4646;498946;200195;9.9;4.0
93;2021-03-18;17050;4892;515996;205087;10.2;4.1
93;2021-03-19;21036;4695;537032;209782;10.6;4.1
93;2021-03-20;10994;1329;548026;211111;10.8;4.2
93;2021-03-21;3258;134;551284;211245;10.9;4.2
93;2021-03-22;17116;3566;568400;214811;11.2;4.2
93;2021-03-23;22694;3899;591094;218710;11.7;4.3
93;2021-03-24;21995;6640;613089;225350;12.1;4.5
93;2021-03-25;29054;6512;642143;231862;12.7;4.6
93;2021-03-26;29935;5051;672078;236913;13.3;4.7
93;2021-03-27;12464;1642;684542;238555;13.5;4.7
93;2021-03-28;3578;101;688120;238656;13.6;4.7
93;2021-03-29;18544;5339;706664;243995;14.0;4.8
93;2021-03-30;28547;6714;735211;250709;14.5;5.0
93;2021-03-31;28821;6629;764032;257338;15.1;5.1
93;2021-04-01;30785;7499;794817;264837;15.7;5.2
93;2021-04-02;26958;8495;821775;273332;16.3;5.4
93;2021-04-03;9781;4985;831556;278317;16.4;5.5
93;2021-04-04;2126;1253;833682;279570;16.5;5.5
93;2021-04-05;6069;1562;839751;281132;16.6;5.6
93;2021-04-06;23461;10035;863212;291167;17.1;5.8
93;2021-04-07;26102;11675;889314;302842;17.6;6.0
93;2021-04-08;28889;14975;918203;317817;18.2;6.3
93;2021-04-09;33685;14641;951888;332458;18.8;6.6
93;2021-04-10;14842;8174;966730;340632;19.1;6.7
93;2021-04-11;3639;2961;970369;343593;19.2;6.8
93;2021-04-12;20631;12218;991000;355811;19.6;7.0
93;2021-04-13;25666;15249;1016666;371060;20.1;7.3
93;2021-04-14;25237;15262;1041903;386322;20.6;7.6
93;2021-04-15;27038;15668;1068941;401990;21.1;8.0
93;2021-04-16;27953;16473;1096894;418463;21.7;8.3
93;2021-04-17;12856;7742;1109750;426205;22.0;8.4
93;2021-04-18;5269;2960;1115019;429165;22.1;8.5
93;2021-04-19;19122;15960;1134141;445125;22.4;8.8
93;2021-04-20;21379;18740;1155520;463865;22.9;9.2
93;2021-04-21;23989;18324;1179509;482189;23.3;9.5
93;2021-04-22;25926;19282;1205435;501471;23.8;9.9
93;2021-04-23;25515;18220;1230950;519691;24.3;10.3
93;2021-04-24;11560;8706;1242510;528397;24.6;10.5
93;2021-04-25;3218;2140;1245728;530537;24.6;10.5
93;2021-04-26;16484;15873;1262212;546410;25.0;10.8
93;2021-04-27;19477;20171;1281689;566581;25.4;11.2
93;2021-04-28;21528;20129;1303217;586710;25.8;11.6
93;2021-04-29;27936;21801;1331153;608511;26.3;12.0
93;2021-04-30;27364;20633;1358517;629144;26.9;12.4
93;2021-05-01;11789;5321;1370306;634465;27.1;12.5
93;2021-05-02;4076;1882;1374382;636347;27.2;12.6
93;2021-05-03;20559;18214;1394941;654561;27.6;12.9
93;2021-05-04;20840;22738;1415781;677299;28.0;13.4
93;2021-05-05;19581;21517;1435362;698816;28.4;13.8
93;2021-05-06;24883;21659;1460245;720475;28.9;14.3
93;2021-05-07;22474;25018;1482719;745493;29.3;14.7
93;2021-05-08;13719;6929;1496438;752422;29.6;14.9
93;2021-05-09;3475;2321;1499913;754743;29.7;14.9
93;2021-05-10;18718;22586;1518631;777329;30.0;15.4
93;2021-05-11;25458;25646;1544089;802975;30.5;15.9
93;2021-05-12;32705;22600;1576794;825575;31.2;16.3
93;2021-05-13;28421;7941;1605215;833516;31.8;16.5
93;2021-05-14;35567;16486;1640782;850002;32.5;16.8
93;2021-05-15;29970;10297;1670752;860299;33.0;17.0
93;2021-05-16;12795;2546;1683547;862845;33.3;17.1
93;2021-05-17;25906;17526;1709453;880371;33.8;17.4
93;2021-05-18;30638;16839;1740091;897210;34.4;17.7
93;2021-05-19;30496;15339;1770587;912549;35.0;18.1
93;2021-05-20;33174;16858;1803761;929407;35.7;18.4
93;2021-05-21;34310;17977;1838071;947384;36.4;18.7
93;2021-05-22;18871;7698;1856942;955082;36.7;18.9
93;2021-05-23;5934;2031;1862876;957113;36.8;18.9
93;2021-05-24;17937;5012;1880813;962125;37.2;19.0
93;2021-05-25;23828;20515;1904641;982640;37.7;19.4
93;2021-05-26;25069;21990;1929710;1004630;38.2;19.9
93;2021-05-27;26746;23371;1956456;1028001;38.7;20.3
93;2021-05-28;23098;26682;1979554;1054683;39.2;20.9
93;2021-05-29;13221;14409;1992775;1069092;39.4;21.1
93;2021-05-30;2611;3185;1995386;1072277;39.5;21.2
93;2021-05-31;21016;21313;2016402;1093590;39.9;21.6
93;2021-06-01;24683;26229;2041085;1119819;40.4;22.1
93;2021-06-02;22422;26139;2063507;1145958;40.8;22.7
93;2021-06-03;27817;27290;2091324;1173248;41.4;23.2
93;2021-06-04;28090;28368;2119414;1201616;41.9;23.8
93;2021-06-05;16428;14252;2135842;1215868;42.2;24.0
93;2021-06-06;4911;2795;2140753;1218663;42.3;24.1
93;2021-06-07;17830;24409;2158583;1243072;42.7;24.6
93;2021-06-08;21164;24155;2179747;1267227;43.1;25.1
93;2021-06-09;20771;25797;2200518;1293024;43.5;25.6
93;2021-06-10;21807;24773;2222325;1317797;44.0;26.1
93;2021-06-11;19817;30847;2242142;1348644;44.3;26.7
93;2021-06-12;13007;15337;2255149;1363981;44.6;27.0
93;2021-06-13;2561;3324;2257710;1367305;44.7;27.0
93;2021-06-14;13894;29506;2271604;1396811;44.9;27.6
93;2021-06-15;16609;31040;2288213;1427851;45.3;28.2
93;2021-06-16;17133;25724;2305346;1453575;45.6;28.8
93;2021-06-17;17190;28224;2322536;1481799;45.9;29.3
93;2021-06-18;16259;28033;2338795;1509832;46.3;29.9
93;2021-06-19;9702;15359;2348497;1525191;46.5;30.2
93;2021-06-20;2392;3702;2350889;1528893;46.5;30.2
93;2021-06-21;9959;30483;2360848;1559376;46.7;30.8
93;2021-06-22;11572;34484;2372420;1593860;46.9;31.5
93;2021-06-23;11484;32306;2383904;1626166;47.2;32.2
93;2021-06-24;12239;34166;2396143;1660332;47.4;32.8
93;2021-06-25;11537;37989;2407680;1698321;47.6;33.6
93;2021-06-26;6699;21723;2414379;1720044;47.8;34.0
93;2021-06-27;1993;5805;2416372;1725849;47.8;34.1
93;2021-06-28;8248;32764;2424620;1758613;48.0;34.8
93;2021-06-29;9938;33901;2434558;1792514;48.2;35.5
93;2021-06-30;10659;33417;2445217;1825931;48.4;36.1
93;2021-07-01;12496;31129;2457713;1857060;48.6;36.7
93;2021-07-02;12615;33876;2470328;1890936;48.9;37.4
93;2021-07-03;7433;22055;2477761;1912991;49.0;37.8
93;2021-07-04;1845;4500;2479606;1917491;49.0;37.9
93;2021-07-05;9386;28718;2488992;1946209;49.2;38.5
93;2021-07-06;12059;29743;2501051;1975952;49.5;39.1
93;2021-07-07;12831;26232;2513882;2002184;49.7;39.6
93;2021-07-08;14904;26639;2528786;2028823;50.0;40.1
93;2021-07-09;131;56;2528917;2028879;50.0;40.1
93;2021-07-10;7848;18792;2536765;2047671;50.2;40.5
93;2021-07-11;2217;3510;2538982;2051181;50.2;40.6
94;2020-12-27;0;0;0;0;0.0;0.0
94;2020-12-28;0;0;0;0;0.0;0.0
94;2020-12-29;0;0;0;0;0.0;0.0
94;2020-12-30;0;0;0;0;0.0;0.0
94;2020-12-31;0;0;0;0;0.0;0.0
94;2021-01-01;0;0;0;0;0.0;0.0
94;2021-01-02;0;0;0;0;0.0;0.0
94;2021-01-03;0;0;0;0;0.0;0.0
94;2021-01-04;2;0;2;0;0.0;0.0
94;2021-01-05;0;0;2;0;0.0;0.0
94;2021-01-06;53;1;55;1;0.0;0.0
94;2021-01-07;333;1;388;2;0.1;0.0
94;2021-01-08;310;0;698;2;0.2;0.0
94;2021-01-09;78;0;776;2;0.2;0.0
94;2021-01-10;34;0;810;2;0.2;0.0
94;2021-01-11;151;0;961;2;0.3;0.0
94;2021-01-12;212;1;1173;3;0.3;0.0
94;2021-01-13;203;0;1376;3;0.4;0.0
94;2021-01-14;264;1;1640;4;0.5;0.0
94;2021-01-15;406;0;2046;4;0.6;0.0
94;2021-01-16;200;1;2246;5;0.7;0.0
94;2021-01-17;91;1;2337;6;0.7;0.0
94;2021-01-18;471;2;2808;8;0.8;0.0
94;2021-01-19;982;0;3790;8;1.1;0.0
94;2021-01-20;812;0;4602;8;1.3;0.0
94;2021-01-21;808;1;5410;9;1.6;0.0
94;2021-01-22;728;0;6138;9;1.8;0.0
94;2021-01-23;243;0;6381;9;1.9;0.0
94;2021-01-24;147;0;6528;9;1.9;0.0
94;2021-01-25;422;2;6950;11;2.0;0.0
94;2021-01-26;790;7;7740;18;2.2;0.0
94;2021-01-27;663;55;8403;73;2.4;0.0
94;2021-01-28;699;230;9102;303;2.6;0.1
94;2021-01-29;627;228;9729;531;2.8;0.2
94;2021-01-30;204;74;9933;605;2.9;0.2
94;2021-01-31;150;12;10083;617;2.9;0.2
94;2021-02-01;458;147;10541;764;3.1;0.2
94;2021-02-02;643;196;11184;960;3.2;0.3
94;2021-02-03;783;167;11967;1127;3.5;0.3
94;2021-02-04;714;297;12681;1424;3.7;0.4
94;2021-02-05;659;201;13340;1625;3.9;0.5
94;2021-02-06;207;74;13547;1699;3.9;0.5
94;2021-02-07;126;58;13673;1757;4.0;0.5
94;2021-02-08;322;366;13995;2123;4.1;0.6
94;2021-02-09;712;616;14707;2739;4.3;0.8
94;2021-02-10;643;430;15350;3169;4.5;0.9
94;2021-02-11;678;497;16028;3666;4.7;1.1
94;2021-02-12;641;429;16669;4095;4.8;1.2
94;2021-02-13;301;72;16970;4167;4.9;1.2
94;2021-02-14;195;78;17165;4245;5.0;1.2
94;2021-02-15;380;310;17545;4555;5.1;1.3
94;2021-02-16;634;607;18179;5162;5.3;1.5
94;2021-02-17;592;482;18771;5644;5.4;1.6
94;2021-02-18;550;546;19321;6190;5.6;1.8
94;2021-02-19;309;610;19630;6800;5.7;2.0
94;2021-02-20;275;199;19905;6999;5.8;2.0
94;2021-02-21;84;84;19989;7083;5.8;2.1
94;2021-02-22;211;406;20200;7489;5.9;2.2
94;2021-02-23;352;648;20552;8137;6.0;2.4
94;2021-02-24;299;609;20851;8746;6.0;2.5
94;2021-02-25;348;607;21199;9353;6.2;2.7
94;2021-02-26;420;555;21619;9908;6.3;2.9
94;2021-02-27;368;152;21987;10060;6.4;2.9
94;2021-02-28;70;123;22057;10183;6.4;3.0
94;2021-03-01;361;412;22418;10595;6.5;3.1
94;2021-03-02;549;655;22967;11250;6.7;3.3
94;2021-03-03;532;692;23499;11942;6.8;3.5
94;2021-03-04;953;636;24452;12578;7.1;3.6
94;2021-03-05;1584;677;26036;13255;7.6;3.8
94;2021-03-06;1844;165;27880;13420;8.1;3.9
94;2021-03-07;1381;101;29261;13521;8.5;3.9
94;2021-03-08;1228;324;30489;13845;8.8;4.0
94;2021-03-09;1313;656;31802;14501;9.2;4.2
94;2021-03-10;1259;581;33061;15082;9.6;4.4
94;2021-03-11;1307;635;34368;15717;10.0;4.6
94;2021-03-12;1518;541;35886;16258;10.4;4.7
94;2021-03-13;1118;304;37004;16562;10.7;4.8
94;2021-03-14;537;185;37541;16747;10.9;4.9
94;2021-03-15;886;401;38427;17148;11.1;5.0
94;2021-03-16;1065;642;39492;17790;11.5;5.2
94;2021-03-17;1225;530;40717;18320;11.8;5.3
94;2021-03-18;995;530;41712;18850;12.1;5.5
94;2021-03-19;1286;344;42998;19194;12.5;5.6
94;2021-03-20;1732;293;44730;19487;13.0;5.7
94;2021-03-21;1126;83;45856;19570;13.3;5.7
94;2021-03-22;889;189;46745;19759;13.6;5.7
94;2021-03-23;1302;319;48047;20078;13.9;5.8
94;2021-03-24;1688;306;49735;20384;14.4;5.9
94;2021-03-25;1753;297;51488;20681;14.9;6.0
94;2021-03-26;2031;349;53519;21030;15.5;6.1
94;2021-03-27;2273;230;55792;21260;16.2;6.2
94;2021-03-28;1070;217;56862;21477;16.5;6.2
94;2021-03-29;1025;312;57887;21789;16.8;6.3
94;2021-03-30;1352;555;59239;22344;17.2;6.5
94;2021-03-31;1427;488;60666;22832;17.6;6.6
94;2021-04-01;1637;680;62303;23512;18.1;6.8
94;2021-04-02;1865;1190;64168;24702;18.6;7.2
94;2021-04-03;1891;1128;66059;25830;19.2;7.5
94;2021-04-04;771;844;66830;26674;19.4;7.7
94;2021-04-05;629;806;67459;27480;19.6;8.0
94;2021-04-06;1579;913;69038;28393;20.0;8.2
94;2021-04-07;2010;849;71048;29242;20.6;8.5
94;2021-04-08;2174;754;73222;29996;21.2;8.7
94;2021-04-09;2102;952;75324;30948;21.9;9.0
94;2021-04-10;2402;629;77726;31577;22.6;9.2
94;2021-04-11;1173;315;78899;31892;22.9;9.3
94;2021-04-12;1517;902;80416;32794;23.3;9.5
94;2021-04-13;1384;1008;81800;33802;23.7;9.8
94;2021-04-14;2088;1075;83888;34877;24.3;10.1
94;2021-04-15;1922;1033;85810;35910;24.9;10.4
94;2021-04-16;1777;1039;87587;36949;25.4;10.7
94;2021-04-17;1750;1373;89337;38322;25.9;11.1
94;2021-04-18;1234;1280;90571;39602;26.3;11.5
94;2021-04-19;1091;774;91662;40376;26.6;11.7
94;2021-04-20;1250;1192;92912;41568;27.0;12.1
94;2021-04-21;1781;1338;94693;42906;27.5;12.4
94;2021-04-22;1832;1375;96525;44281;28.0;12.8
94;2021-04-23;1647;1403;98172;45684;28.5;13.3
94;2021-04-24;2030;1745;100202;47429;29.1;13.8
94;2021-04-25;1261;777;101463;48206;29.4;14.0
94;2021-04-26;1015;1145;102478;49351;29.7;14.3
94;2021-04-27;1308;1219;103786;50570;30.1;14.7
94;2021-04-28;2588;1277;106374;51847;30.9;15.0
94;2021-04-29;1969;1223;108343;53070;31.4;15.4
94;2021-04-30;2262;1882;110605;54952;32.1;15.9
94;2021-05-01;1423;1689;112028;56641;32.5;16.4
94;2021-05-02;1009;948;113037;57589;32.8;16.7
94;2021-05-03;1600;1068;114637;58657;33.3;17.0
94;2021-05-04;1557;1682;116194;60339;33.7;17.5
94;2021-05-05;1811;2355;118005;62694;34.2;18.2
94;2021-05-06;2187;1813;120192;64507;34.9;18.7
94;2021-05-07;2214;1819;122406;66326;35.5;19.2
94;2021-05-08;877;1355;123283;67681;35.8;19.6
94;2021-05-09;1176;1320;124459;69001;36.1;20.0
94;2021-05-10;1373;1537;125832;70538;36.5;20.5
94;2021-05-11;1581;1574;127413;72112;37.0;20.9
94;2021-05-12;1771;1379;129184;73491;37.5;21.3
94;2021-05-13;1940;513;131124;74004;38.0;21.5
94;2021-05-14;1513;1258;132637;75262;38.5;21.8
94;2021-05-15;1479;997;134116;76259;38.9;22.1
94;2021-05-16;1032;675;135148;76934;39.2;22.3
94;2021-05-17;1582;968;136730;77902;39.7;22.6
94;2021-05-18;1602;858;138332;78760;40.1;22.9
94;2021-05-19;1551;897;139883;79657;40.6;23.1
94;2021-05-20;1355;897;141238;80554;41.0;23.4
94;2021-05-21;1236;981;142474;81535;41.3;23.7
94;2021-05-22;1015;696;143489;82231;41.6;23.9
94;2021-05-23;698;329;144187;82560;41.8;24.0
94;2021-05-24;165;147;144352;82707;41.9;24.0
94;2021-05-25;961;854;145313;83561;42.2;24.2
94;2021-05-26;969;1955;146282;85516;42.4;24.8
94;2021-05-27;841;2241;147123;87757;42.7;25.5
94;2021-05-28;844;1820;147967;89577;42.9;26.0
94;2021-05-29;648;1252;148615;90829;43.1;26.4
94;2021-05-30;228;550;148843;91379;43.2;26.5
94;2021-05-31;560;1241;149403;92620;43.3;26.9
94;2021-06-01;745;1767;150148;94387;43.6;27.4
94;2021-06-02;639;1926;150787;96313;43.7;27.9
94;2021-06-03;791;1648;151578;97961;44.0;28.4
94;2021-06-04;611;2346;152189;100307;44.2;29.1
94;2021-06-05;566;1938;152755;102245;44.3;29.7
94;2021-06-06;221;1039;152976;103284;44.4;30.0
94;2021-06-07;438;1608;153414;104892;44.5;30.4
94;2021-06-08;704;1872;154118;106764;44.7;31.0
94;2021-06-09;801;2495;154919;109259;44.9;31.7
94;2021-06-10;676;1792;155595;111051;45.1;32.2
94;2021-06-11;694;2294;156289;113345;45.3;32.9
94;2021-06-12;362;1208;156651;114553;45.4;33.2
94;2021-06-13;205;855;156856;115408;45.5;33.5
94;2021-06-14;422;2038;157278;117446;45.6;34.1
94;2021-06-15;549;1726;157827;119172;45.8;34.6
94;2021-06-16;577;1715;158404;120887;46.0;35.1
94;2021-06-17;616;1638;159020;122525;46.1;35.5
94;2021-06-18;576;1877;159596;124402;46.3;36.1
94;2021-06-19;342;1015;159938;125417;46.4;36.4
94;2021-06-20;190;888;160128;126305;46.5;36.6
94;2021-06-21;435;1756;160563;128061;46.6;37.2
94;2021-06-22;542;1959;161105;130020;46.7;37.7
94;2021-06-23;402;1438;161507;131458;46.9;38.1
94;2021-06-24;463;1127;161970;132585;47.0;38.5
94;2021-06-25;368;1546;162338;134131;47.1;38.9
94;2021-06-26;299;1421;162637;135552;47.2;39.3
94;2021-06-27;202;1007;162839;136559;47.2;39.6
94;2021-06-28;511;1653;163350;138212;47.4;40.1
94;2021-06-29;473;1678;163823;139890;47.5;40.6
94;2021-06-30;604;1435;164427;141325;47.7;41.0
94;2021-07-01;412;988;164839;142313;47.8;41.3
94;2021-07-02;359;924;165198;143237;47.9;41.6
94;2021-07-03;292;1010;165490;144247;48.0;41.8
94;2021-07-04;168;663;165658;144910;48.1;42.0
94;2021-07-05;422;895;166080;145805;48.2;42.3
94;2021-07-06;689;1095;166769;146900;48.4;42.6
94;2021-07-07;790;1505;167559;148405;48.6;43.1
94;2021-07-08;734;1043;168293;149448;48.8;43.4
94;2021-07-09;10;5;168303;149453;48.8;43.4
94;2021-07-10;464;543;168767;149996;49.0;43.5
94;2021-07-11;99;172;168866;150168;49.0;43.6
