reg;jour;n_dose1;n_complet;n_cum_dose1;n_cum_complet;couv_dose1;couv_complet
01;2020-12-27;0;0;0;0;0.0;0.0
01;2020-12-28;0;0;0;0;0.0;0.0
01;2020-12-29;0;0;0;0;0.0;0.0
01;2020-12-30;0;0;0;0;0.0;0.0
01;2020-12-31;0;0;0;0;0.0;0.0
01;2021-01-01;1;0;1;0;0.0;0.0
01;2021-01-02;0;0;1;0;0.0;0.0
01;2021-01-03;0;0;1;0;0.0;0.0
01;2021-01-04;1;0;2;0;0.0;0.0
01;2021-01-05;0;0;2;0;0.0;0.0
01;2021-01-06;0;0;2;0;0.0;0.0
01;2021-01-07;0;0;2;0;0.0;0.0
01;2021-01-08;34;0;36;0;0.0;0.0
01;2021-01-09;18;0;54;0;0.0;0.0
01;2021-01-10;0;0;54;0;0.0;0.0
01;2021-01-11;52;0;106;0;0.0;0.0
01;2021-01-12;39;0;145;0;0.0;0.0
01;2021-01-13;45;0;190;0;0.1;0.0
01;2021-01-14;60;0;250;0;0.1;0.0
01;2021-01-15;76;0;326;0;0.1;0.0
01;2021-01-16;0;0;326;0;0.1;0.0
01;2021-01-17;0;0;326;0;0.1;0.0
01;2021-01-18;75;0;401;0;0.1;0.0
01;2021-01-19;137;0;538;0;0.1;0.0
01;2021-01-20;134;0;672;0;0.2;0.0
01;2021-01-21;146;1;818;1;0.2;0.0
01;2021-01-22;131;0;949;1;0.3;0.0
01;2021-01-23;1;0;950;1;0.3;0.0
01;2021-01-24;0;0;950;1;0.3;0.0
01;2021-01-25;203;0;1153;1;0.3;0.0
01;2021-01-26;199;1;1352;2;0.4;0.0
01;2021-01-27;232;0;1584;2;0.4;0.0
01;2021-01-28;228;3;1812;5;0.5;0.0
01;2021-01-29;197;1;2009;6;0.5;0.0
01;2021-01-30;16;0;2025;6;0.5;0.0
01;2021-01-31;1;0;2026;6;0.5;0.0
01;2021-02-01;220;4;2246;10;0.6;0.0
01;2021-02-02;240;25;2486;35;0.7;0.0
01;2021-02-03;207;2;2693;37;0.7;0.0
01;2021-02-04;297;20;2990;57;0.8;0.0
01;2021-02-05;243;32;3233;89;0.9;0.0
01;2021-02-06;46;1;3279;90;0.9;0.0
01;2021-02-07;0;0;3279;90;0.9;0.0
01;2021-02-08;213;23;3492;113;0.9;0.0
01;2021-02-09;280;29;3772;142;1.0;0.0
01;2021-02-10;214;29;3986;171;1.1;0.0
01;2021-02-11;291;109;4277;280;1.1;0.1
01;2021-02-12;283;24;4560;304;1.2;0.1
01;2021-02-13;48;7;4608;311;1.2;0.1
01;2021-02-14;19;36;4627;347;1.2;0.1
01;2021-02-15;65;45;4692;392;1.2;0.1
01;2021-02-16;16;1;4708;393;1.2;0.1
01;2021-02-17;17;1;4725;394;1.3;0.1
01;2021-02-18;209;17;4934;411;1.3;0.1
01;2021-02-19;221;20;5155;431;1.4;0.1
01;2021-02-20;47;0;5202;431;1.4;0.1
01;2021-02-21;1;0;5203;431;1.4;0.1
01;2021-02-22;149;63;5352;494;1.4;0.1
01;2021-02-23;185;73;5537;567;1.5;0.2
01;2021-02-24;303;126;5840;693;1.5;0.2
01;2021-02-25;364;79;6204;772;1.6;0.2
01;2021-02-26;164;83;6368;855;1.7;0.2
01;2021-02-27;63;0;6431;855;1.7;0.2
01;2021-02-28;1;0;6432;855;1.7;0.2
01;2021-03-01;127;81;6559;936;1.7;0.2
01;2021-03-02;235;131;6794;1067;1.8;0.3
01;2021-03-03;194;118;6988;1185;1.9;0.3
01;2021-03-04;296;84;7284;1269;1.9;0.3
01;2021-03-05;311;141;7595;1410;2.0;0.4
01;2021-03-06;571;2;8166;1412;2.2;0.4
01;2021-03-07;1;0;8167;1412;2.2;0.4
01;2021-03-08;262;137;8429;1549;2.2;0.4
01;2021-03-09;348;150;8777;1699;2.3;0.5
01;2021-03-10;344;158;9121;1857;2.4;0.5
01;2021-03-11;119;45;9240;1902;2.5;0.5
01;2021-03-12;365;212;9605;2114;2.5;0.6
01;2021-03-13;128;2;9733;2116;2.6;0.6
01;2021-03-14;13;23;9746;2139;2.6;0.6
01;2021-03-15;399;42;10145;2181;2.7;0.6
01;2021-03-16;433;78;10578;2259;2.8;0.6
01;2021-03-17;410;83;10988;2342;2.9;0.6
01;2021-03-18;531;108;11519;2450;3.1;0.7
01;2021-03-19;515;98;12034;2548;3.2;0.7
01;2021-03-20;173;44;12207;2592;3.2;0.7
01;2021-03-21;8;0;12215;2592;3.2;0.7
01;2021-03-22;331;87;12546;2679;3.3;0.7
01;2021-03-23;478;156;13024;2835;3.5;0.8
01;2021-03-24;452;107;13476;2942;3.6;0.8
01;2021-03-25;727;177;14203;3119;3.8;0.8
01;2021-03-26;629;120;14832;3239;3.9;0.9
01;2021-03-27;262;48;15094;3287;4.0;0.9
01;2021-03-28;7;0;15101;3287;4.0;0.9
01;2021-03-29;360;81;15461;3368;4.1;0.9
01;2021-03-30;593;162;16054;3530;4.3;0.9
01;2021-03-31;511;125;16565;3655;4.4;1.0
01;2021-04-01;616;200;17181;3855;4.6;1.0
01;2021-04-02;38;35;17219;3890;4.6;1.0
01;2021-04-03;41;2;17260;3892;4.6;1.0
01;2021-04-04;4;18;17264;3910;4.6;1.0
01;2021-04-05;4;0;17268;3910;4.6;1.0
01;2021-04-06;408;188;17676;4098;4.7;1.1
01;2021-04-07;563;114;18239;4212;4.8;1.1
01;2021-04-08;470;159;18709;4371;5.0;1.2
01;2021-04-09;458;209;19167;4580;5.1;1.2
01;2021-04-10;97;4;19264;4584;5.1;1.2
01;2021-04-11;2;25;19266;4609;5.1;1.2
01;2021-04-12;270;257;19536;4866;5.2;1.3
01;2021-04-13;516;318;20052;5184;5.3;1.4
01;2021-04-14;408;221;20460;5405;5.4;1.4
01;2021-04-15;537;316;20997;5721;5.6;1.5
01;2021-04-16;543;266;21540;5987;5.7;1.6
01;2021-04-17;183;2;21723;5989;5.8;1.6
01;2021-04-18;4;14;21727;6003;5.8;1.6
01;2021-04-19;382;238;22109;6241;5.9;1.7
01;2021-04-20;705;342;22814;6583;6.1;1.7
01;2021-04-21;607;309;23421;6892;6.2;1.8
01;2021-04-22;784;329;24205;7221;6.4;1.9
01;2021-04-23;834;248;25039;7469;6.6;2.0
01;2021-04-24;330;73;25369;7542;6.7;2.0
01;2021-04-25;595;64;25964;7606;6.9;2.0
01;2021-04-26;926;209;26890;7815;7.1;2.1
01;2021-04-27;623;226;27513;8041;7.3;2.1
01;2021-04-28;828;262;28341;8303;7.5;2.2
01;2021-04-29;1188;187;29529;8490;7.8;2.3
01;2021-04-30;1244;165;30773;8655;8.2;2.3
01;2021-05-01;592;38;31365;8693;8.3;2.3
01;2021-05-02;339;15;31704;8708;8.4;2.3
01;2021-05-03;915;168;32619;8876;8.7;2.4
01;2021-05-04;935;194;33554;9070;8.9;2.4
01;2021-05-05;959;241;34513;9311;9.2;2.5
01;2021-05-06;1103;165;35616;9476;9.5;2.5
01;2021-05-07;1200;256;36816;9732;9.8;2.6
01;2021-05-08;312;29;37128;9761;9.9;2.6
01;2021-05-09;178;9;37306;9770;9.9;2.6
01;2021-05-10;817;208;38123;9978;10.1;2.6
01;2021-05-11;919;308;39042;10286;10.4;2.7
01;2021-05-12;879;319;39921;10605;10.6;2.8
01;2021-05-13;208;78;40129;10683;10.6;2.8
01;2021-05-14;844;269;40973;10952;10.9;2.9
01;2021-05-15;434;13;41407;10965;11.0;2.9
01;2021-05-16;180;34;41587;10999;11.0;2.9
01;2021-05-17;694;268;42281;11267;11.2;3.0
01;2021-05-18;690;388;42971;11655;11.4;3.1
01;2021-05-19;670;520;43641;12175;11.6;3.2
01;2021-05-20;748;364;44389;12539;11.8;3.3
01;2021-05-21;786;398;45175;12937;12.0;3.4
01;2021-05-22;473;217;45648;13154;12.1;3.5
01;2021-05-23;197;115;45845;13269;12.2;3.5
01;2021-05-24;193;176;46038;13445;12.2;3.6
01;2021-05-25;476;663;46514;14108;12.3;3.7
01;2021-05-26;548;493;47062;14601;12.5;3.9
01;2021-05-27;127;185;47189;14786;12.5;3.9
01;2021-05-28;471;521;47660;15307;12.6;4.1
01;2021-05-29;219;138;47879;15445;12.7;4.1
01;2021-05-30;71;111;47950;15556;12.7;4.1
01;2021-05-31;409;536;48359;16092;12.8;4.3
01;2021-06-01;476;714;48835;16806;13.0;4.5
01;2021-06-02;475;708;49310;17514;13.1;4.6
01;2021-06-03;407;561;49717;18075;13.2;4.8
01;2021-06-04;600;798;50317;18873;13.4;5.0
01;2021-06-05;264;641;50581;19514;13.4;5.2
01;2021-06-06;121;530;50702;20044;13.5;5.3
01;2021-06-07;342;783;51044;20827;13.5;5.5
01;2021-06-08;488;891;51532;21718;13.7;5.8
01;2021-06-09;379;858;51911;22576;13.8;6.0
01;2021-06-10;455;851;52366;23427;13.9;6.2
01;2021-06-11;439;1229;52805;24656;14.0;6.5
01;2021-06-12;289;660;53094;25316;14.1;6.7
01;2021-06-13;129;314;53223;25630;14.1;6.8
01;2021-06-14;349;3807;53572;29437;14.2;7.8
01;2021-06-15;445;2010;54017;31447;14.3;8.3
01;2021-06-16;444;1490;54461;32937;14.5;8.7
01;2021-06-17;408;1007;54869;33944;14.6;9.0
01;2021-06-18;451;1015;55320;34959;14.7;9.3
01;2021-06-19;294;507;55614;35466;14.8;9.4
01;2021-06-20;107;232;55721;35698;14.8;9.5
02;2020-12-27;0;0;0;0;0.0;0.0
02;2020-12-28;0;0;0;0;0.0;0.0
02;2020-12-29;0;0;0;0;0.0;0.0
02;2020-12-30;0;0;0;0;0.0;0.0
02;2020-12-31;0;0;0;0;0.0;0.0
02;2021-01-01;0;0;0;0;0.0;0.0
02;2021-01-02;0;0;0;0;0.0;0.0
02;2021-01-03;0;0;0;0;0.0;0.0
02;2021-01-04;0;0;0;0;0.0;0.0
02;2021-01-05;0;0;0;0;0.0;0.0
02;2021-01-06;5;0;5;0;0.0;0.0
02;2021-01-07;31;0;36;0;0.0;0.0
02;2021-01-08;80;1;116;1;0.0;0.0
02;2021-01-09;20;0;136;1;0.0;0.0
02;2021-01-10;0;0;136;1;0.0;0.0
02;2021-01-11;122;0;258;1;0.1;0.0
02;2021-01-12;78;0;336;1;0.1;0.0
02;2021-01-13;64;0;400;1;0.1;0.0
02;2021-01-14;88;1;488;2;0.1;0.0
02;2021-01-15;136;0;624;2;0.2;0.0
02;2021-01-16;51;0;675;2;0.2;0.0
02;2021-01-17;0;0;675;2;0.2;0.0
02;2021-01-18;157;0;832;2;0.2;0.0
02;2021-01-19;168;0;1000;2;0.3;0.0
02;2021-01-20;163;0;1163;2;0.3;0.0
02;2021-01-21;181;1;1344;3;0.4;0.0
02;2021-01-22;156;0;1500;3;0.4;0.0
02;2021-01-23;58;0;1558;3;0.4;0.0
02;2021-01-24;0;0;1558;3;0.4;0.0
02;2021-01-25;159;0;1717;3;0.5;0.0
02;2021-01-26;137;0;1854;3;0.5;0.0
02;2021-01-27;161;5;2015;8;0.6;0.0
02;2021-01-28;143;12;2158;20;0.6;0.0
02;2021-01-29;142;41;2300;61;0.6;0.0
02;2021-01-30;96;16;2396;77;0.7;0.0
02;2021-01-31;0;0;2396;77;0.7;0.0
02;2021-02-01;119;74;2515;151;0.7;0.0
02;2021-02-02;184;95;2699;246;0.8;0.1
02;2021-02-03;130;80;2829;326;0.8;0.1
02;2021-02-04;158;73;2987;399;0.8;0.1
02;2021-02-05;120;97;3107;496;0.9;0.1
02;2021-02-06;62;26;3169;522;0.9;0.1
02;2021-02-07;1;0;3170;522;0.9;0.1
02;2021-02-08;136;80;3306;602;0.9;0.2
02;2021-02-09;175;78;3481;680;1.0;0.2
02;2021-02-10;138;90;3619;770;1.0;0.2
02;2021-02-11;150;103;3769;873;1.1;0.2
02;2021-02-12;124;128;3893;1001;1.1;0.3
02;2021-02-13;38;37;3931;1038;1.1;0.3
02;2021-02-14;0;0;3931;1038;1.1;0.3
02;2021-02-15;51;67;3982;1105;1.1;0.3
02;2021-02-16;0;1;3982;1106;1.1;0.3
02;2021-02-17;1;3;3983;1109;1.1;0.3
02;2021-02-18;68;128;4051;1237;1.1;0.3
02;2021-02-19;69;131;4120;1368;1.1;0.4
02;2021-02-20;48;69;4168;1437;1.2;0.4
02;2021-02-21;0;0;4168;1437;1.2;0.4
02;2021-02-22;100;60;4268;1497;1.2;0.4
02;2021-02-23;113;238;4381;1735;1.2;0.5
02;2021-02-24;106;223;4487;1958;1.3;0.5
02;2021-02-25;89;151;4576;2109;1.3;0.6
02;2021-02-26;126;169;4702;2278;1.3;0.6
02;2021-02-27;69;52;4771;2330;1.3;0.6
02;2021-02-28;0;0;4771;2330;1.3;0.6
02;2021-03-01;138;144;4909;2474;1.4;0.7
02;2021-03-02;158;78;5067;2552;1.4;0.7
02;2021-03-03;178;145;5245;2697;1.5;0.8
02;2021-03-04;146;134;5391;2831;1.5;0.8
02;2021-03-05;238;127;5629;2958;1.6;0.8
02;2021-03-06;119;59;5748;3017;1.6;0.8
02;2021-03-07;100;1;5848;3018;1.6;0.8
02;2021-03-08;196;132;6044;3150;1.7;0.9
02;2021-03-09;269;102;6313;3252;1.8;0.9
02;2021-03-10;324;134;6637;3386;1.9;0.9
02;2021-03-11;331;83;6968;3469;1.9;1.0
02;2021-03-12;398;53;7366;3522;2.1;1.0
02;2021-03-13;155;21;7521;3543;2.1;1.0
02;2021-03-14;4;1;7525;3544;2.1;1.0
02;2021-03-15;276;92;7801;3636;2.2;1.0
02;2021-03-16;305;55;8106;3691;2.3;1.0
02;2021-03-17;387;49;8493;3740;2.4;1.0
02;2021-03-18;435;44;8928;3784;2.5;1.1
02;2021-03-19;396;61;9324;3845;2.6;1.1
02;2021-03-20;149;47;9473;3892;2.6;1.1
02;2021-03-21;25;1;9498;3893;2.6;1.1
02;2021-03-22;362;116;9860;4009;2.7;1.1
02;2021-03-23;401;123;10261;4132;2.9;1.2
02;2021-03-24;425;104;10686;4236;3.0;1.2
02;2021-03-25;470;99;11156;4335;3.1;1.2
02;2021-03-26;632;100;11788;4435;3.3;1.2
02;2021-03-27;152;71;11940;4506;3.3;1.3
02;2021-03-28;81;2;12021;4508;3.4;1.3
02;2021-03-29;421;165;12442;4673;3.5;1.3
02;2021-03-30;468;244;12910;4917;3.6;1.4
02;2021-03-31;1143;187;14053;5104;3.9;1.4
02;2021-04-01;951;169;15004;5273;4.2;1.5
02;2021-04-02;895;7;15899;5280;4.4;1.5
02;2021-04-03;787;49;16686;5329;4.7;1.5
02;2021-04-04;750;10;17436;5339;4.9;1.5
02;2021-04-05;828;39;18264;5378;5.1;1.5
02;2021-04-06;883;133;19147;5511;5.3;1.5
02;2021-04-07;1430;324;20577;5835;5.7;1.6
02;2021-04-08;1303;268;21880;6103;6.1;1.7
02;2021-04-09;1239;317;23119;6420;6.4;1.8
02;2021-04-10;837;164;23956;6584;6.7;1.8
02;2021-04-11;621;12;24577;6596;6.9;1.8
02;2021-04-12;866;313;25443;6909;7.1;1.9
02;2021-04-13;865;326;26308;7235;7.3;2.0
02;2021-04-14;957;323;27265;7558;7.6;2.1
02;2021-04-15;958;294;28223;7852;7.9;2.2
02;2021-04-16;991;298;29214;8150;8.1;2.3
02;2021-04-17;528;161;29742;8311;8.3;2.3
02;2021-04-18;339;56;30081;8367;8.4;2.3
02;2021-04-19;668;347;30749;8714;8.6;2.4
02;2021-04-20;868;310;31617;9024;8.8;2.5
02;2021-04-21;998;358;32615;9382;9.1;2.6
02;2021-04-22;602;313;33217;9695;9.3;2.7
02;2021-04-23;604;466;33821;10161;9.4;2.8
02;2021-04-24;360;197;34181;10358;9.5;2.9
02;2021-04-25;168;200;34349;10558;9.6;2.9
02;2021-04-26;515;543;34864;11101;9.7;3.1
02;2021-04-27;558;609;35422;11710;9.9;3.3
02;2021-04-28;449;693;35871;12403;10.0;3.5
02;2021-04-29;650;643;36521;13046;10.2;3.6
02;2021-04-30;770;688;37291;13734;10.4;3.8
02;2021-05-01;243;245;37534;13979;10.5;3.9
02;2021-05-02;226;513;37760;14492;10.5;4.0
02;2021-05-03;569;771;38329;15263;10.7;4.3
02;2021-05-04;523;677;38852;15940;10.8;4.4
02;2021-05-05;541;898;39393;16838;11.0;4.7
02;2021-05-06;546;782;39939;17620;11.1;4.9
02;2021-05-07;629;1016;40568;18636;11.3;5.2
02;2021-05-08;223;526;40791;19162;11.4;5.3
02;2021-05-09;175;506;40966;19668;11.4;5.5
02;2021-05-10;520;861;41486;20529;11.6;5.7
02;2021-05-11;477;875;41963;21404;11.7;6.0
02;2021-05-12;554;914;42517;22318;11.9;6.2
02;2021-05-13;271;534;42788;22852;11.9;6.4
02;2021-05-14;386;753;43174;23605;12.0;6.6
02;2021-05-15;231;581;43405;24186;12.1;6.7
02;2021-05-16;155;442;43560;24628;12.1;6.9
02;2021-05-17;468;756;44028;25384;12.3;7.1
02;2021-05-18;442;676;44470;26060;12.4;7.3
02;2021-05-19;435;741;44905;26801;12.5;7.5
02;2021-05-20;587;501;45492;27302;12.7;7.6
02;2021-05-21;542;705;46034;28007;12.8;7.8
02;2021-05-22;182;365;46216;28372;12.9;7.9
02;2021-05-23;109;181;46325;28553;12.9;8.0
02;2021-05-24;131;242;46456;28795;12.9;8.0
02;2021-05-25;345;705;46801;29500;13.0;8.2
02;2021-05-26;372;713;47173;30213;13.1;8.4
02;2021-05-27;261;648;47434;30861;13.2;8.6
02;2021-05-28;264;820;47698;31681;13.3;8.8
02;2021-05-29;148;512;47846;32193;13.3;9.0
02;2021-05-30;15;33;47861;32226;13.3;9.0
02;2021-05-31;342;686;48203;32912;13.4;9.2
02;2021-06-01;289;548;48492;33460;13.5;9.3
02;2021-06-02;307;574;48799;34034;13.6;9.5
02;2021-06-03;246;432;49045;34466;13.7;9.6
02;2021-06-04;348;651;49393;35117;13.8;9.8
02;2021-06-05;234;362;49627;35479;13.8;9.9
02;2021-06-06;21;31;49648;35510;13.8;9.9
02;2021-06-07;257;741;49905;36251;13.9;10.1
02;2021-06-08;260;594;50165;36845;14.0;10.3
02;2021-06-09;286;704;50451;37549;14.1;10.5
02;2021-06-10;299;454;50750;38003;14.1;10.6
02;2021-06-11;334;543;51084;38546;14.2;10.7
02;2021-06-12;243;323;51327;38869;14.3;10.8
02;2021-06-13;32;29;51359;38898;14.3;10.8
02;2021-06-14;362;551;51721;39449;14.4;11.0
02;2021-06-15;407;494;52128;39943;14.5;11.1
02;2021-06-16;410;443;52538;40386;14.6;11.3
02;2021-06-17;344;577;52882;40963;14.7;11.4
02;2021-06-18;408;541;53290;41504;14.9;11.6
02;2021-06-19;224;194;53514;41698;14.9;11.6
02;2021-06-20;24;17;53538;41715;14.9;11.6
03;2020-12-27;0;0;0;0;0.0;0.0
03;2020-12-28;0;0;0;0;0.0;0.0
03;2020-12-29;0;0;0;0;0.0;0.0
03;2020-12-30;0;0;0;0;0.0;0.0
03;2020-12-31;0;0;0;0;0.0;0.0
03;2021-01-01;0;0;0;0;0.0;0.0
03;2021-01-02;0;0;0;0;0.0;0.0
03;2021-01-03;0;0;0;0;0.0;0.0
03;2021-01-04;0;0;0;0;0.0;0.0
03;2021-01-05;0;0;0;0;0.0;0.0
03;2021-01-06;0;0;0;0;0.0;0.0
03;2021-01-07;0;0;0;0;0.0;0.0
03;2021-01-08;0;0;0;0;0.0;0.0
03;2021-01-09;0;0;0;0;0.0;0.0
03;2021-01-10;0;0;0;0;0.0;0.0
03;2021-01-11;0;0;0;0;0.0;0.0
03;2021-01-12;0;0;0;0;0.0;0.0
03;2021-01-13;30;0;30;0;0.0;0.0
03;2021-01-14;46;0;76;0;0.0;0.0
03;2021-01-15;34;0;110;0;0.0;0.0
03;2021-01-16;18;0;128;0;0.0;0.0
03;2021-01-17;0;0;128;0;0.0;0.0
03;2021-01-18;63;0;191;0;0.1;0.0
03;2021-01-19;149;1;340;1;0.1;0.0
03;2021-01-20;132;0;472;1;0.2;0.0
03;2021-01-21;118;0;590;1;0.2;0.0
03;2021-01-22;76;0;666;1;0.2;0.0
03;2021-01-23;0;0;666;1;0.2;0.0
03;2021-01-24;0;0;666;1;0.2;0.0
03;2021-01-25;56;0;722;1;0.2;0.0
03;2021-01-26;100;0;822;1;0.3;0.0
03;2021-01-27;109;1;931;2;0.3;0.0
03;2021-01-28;96;2;1027;4;0.4;0.0
03;2021-01-29;104;3;1131;7;0.4;0.0
03;2021-01-30;0;0;1131;7;0.4;0.0
03;2021-01-31;0;0;1131;7;0.4;0.0
03;2021-02-01;54;0;1185;7;0.4;0.0
03;2021-02-02;122;4;1307;11;0.4;0.0
03;2021-02-03;116;7;1423;18;0.5;0.0
03;2021-02-04;79;26;1502;44;0.5;0.0
03;2021-02-05;65;8;1567;52;0.5;0.0
03;2021-02-06;0;0;1567;52;0.5;0.0
03;2021-02-07;0;0;1567;52;0.5;0.0
03;2021-02-08;51;13;1618;65;0.6;0.0
03;2021-02-09;92;39;1710;104;0.6;0.0
03;2021-02-10;101;42;1811;146;0.6;0.1
03;2021-02-11;102;93;1913;239;0.7;0.1
03;2021-02-12;86;65;1999;304;0.7;0.1
03;2021-02-13;0;0;1999;304;0.7;0.1
03;2021-02-14;0;0;1999;304;0.7;0.1
03;2021-02-15;27;65;2026;369;0.7;0.1
03;2021-02-16;123;53;2149;422;0.7;0.1
03;2021-02-17;145;119;2294;541;0.8;0.2
03;2021-02-18;102;143;2396;684;0.8;0.2
03;2021-02-19;121;72;2517;756;0.9;0.3
03;2021-02-20;0;0;2517;756;0.9;0.3
03;2021-02-21;0;0;2517;756;0.9;0.3
03;2021-02-22;78;49;2595;805;0.9;0.3
03;2021-02-23;158;100;2753;905;0.9;0.3
03;2021-02-24;190;120;2943;1025;1.0;0.4
03;2021-02-25;258;87;3201;1112;1.1;0.4
03;2021-02-26;264;69;3465;1181;1.2;0.4
03;2021-02-27;121;1;3586;1182;1.2;0.4
03;2021-02-28;0;0;3586;1182;1.2;0.4
03;2021-03-01;180;85;3766;1267;1.3;0.4
03;2021-03-02;255;108;4021;1375;1.4;0.5
03;2021-03-03;255;129;4276;1504;1.5;0.5
03;2021-03-04;281;81;4557;1585;1.6;0.5
03;2021-03-05;270;44;4827;1629;1.7;0.6
03;2021-03-06;116;1;4943;1630;1.7;0.6
03;2021-03-07;0;0;4943;1630;1.7;0.6
03;2021-03-08;187;41;5130;1671;1.8;0.6
03;2021-03-09;349;91;5479;1762;1.9;0.6
03;2021-03-10;357;98;5836;1860;2.0;0.6
03;2021-03-11;270;118;6106;1978;2.1;0.7
03;2021-03-12;285;92;6391;2070;2.2;0.7
03;2021-03-13;110;2;6501;2072;2.2;0.7
03;2021-03-14;0;0;6501;2072;2.2;0.7
03;2021-03-15;180;26;6681;2098;2.3;0.7
03;2021-03-16;241;139;6922;2237;2.4;0.8
03;2021-03-17;273;128;7195;2365;2.5;0.8
03;2021-03-18;250;153;7445;2518;2.6;0.9
03;2021-03-19;284;126;7729;2644;2.7;0.9
03;2021-03-20;255;14;7984;2658;2.7;0.9
03;2021-03-21;119;0;8103;2658;2.8;0.9
03;2021-03-22;219;112;8322;2770;2.9;1.0
03;2021-03-23;260;186;8582;2956;3.0;1.0
03;2021-03-24;224;208;8806;3164;3.0;1.1
03;2021-03-25;167;176;8973;3340;3.1;1.1
03;2021-03-26;188;306;9161;3646;3.2;1.3
03;2021-03-27;55;93;9216;3739;3.2;1.3
03;2021-03-28;0;0;9216;3739;3.2;1.3
03;2021-03-29;174;244;9390;3983;3.2;1.4
03;2021-03-30;445;234;9835;4217;3.4;1.5
03;2021-03-31;314;289;10149;4506;3.5;1.6
03;2021-04-01;444;261;10593;4767;3.6;1.6
03;2021-04-02;306;279;10899;5046;3.7;1.7
03;2021-04-03;151;122;11050;5168;3.8;1.8
03;2021-04-04;0;0;11050;5168;3.8;1.8
03;2021-04-05;118;14;11168;5182;3.8;1.8
03;2021-04-06;420;322;11588;5504;4.0;1.9
03;2021-04-07;487;335;12075;5839;4.2;2.0
03;2021-04-08;494;255;12569;6094;4.3;2.1
03;2021-04-09;471;225;13040;6319;4.5;2.2
03;2021-04-10;146;91;13186;6410;4.5;2.2
03;2021-04-11;2;0;13188;6410;4.5;2.2
03;2021-04-12;497;264;13685;6674;4.7;2.3
03;2021-04-13;634;237;14319;6911;4.9;2.4
03;2021-04-14;670;310;14989;7221;5.2;2.5
03;2021-04-15;724;242;15713;7463;5.4;2.6
03;2021-04-16;709;297;16422;7760;5.6;2.7
03;2021-04-17;476;125;16898;7885;5.8;2.7
03;2021-04-18;489;36;17387;7921;6.0;2.7
03;2021-04-19;682;248;18069;8169;6.2;2.8
03;2021-04-20;550;268;18619;8437;6.4;2.9
03;2021-04-21;791;235;19410;8672;6.7;3.0
03;2021-04-22;656;216;20066;8888;6.9;3.1
03;2021-04-23;662;220;20728;9108;7.1;3.1
03;2021-04-24;523;95;21251;9203;7.3;3.2
03;2021-04-25;602;42;21853;9245;7.5;3.2
03;2021-04-26;734;223;22587;9468;7.8;3.3
03;2021-04-27;765;337;23352;9805;8.0;3.4
03;2021-04-28;670;321;24022;10126;8.3;3.5
03;2021-04-29;609;276;24631;10402;8.5;3.6
03;2021-04-30;672;252;25303;10654;8.7;3.7
03;2021-05-01;209;26;25512;10680;8.8;3.7
03;2021-05-02;594;76;26106;10756;9.0;3.7
03;2021-05-03;554;389;26660;11145;9.2;3.8
03;2021-05-04;613;311;27273;11456;9.4;3.9
03;2021-05-05;615;440;27888;11896;9.6;4.1
03;2021-05-06;603;461;28491;12357;9.8;4.3
03;2021-05-07;533;461;29024;12818;10.0;4.4
03;2021-05-08;340;57;29364;12875;10.1;4.4
03;2021-05-09;262;73;29626;12948;10.2;4.5
03;2021-05-10;417;613;30043;13561;10.3;4.7
03;2021-05-11;372;491;30415;14052;10.5;4.8
03;2021-05-12;447;639;30862;14691;10.6;5.1
03;2021-05-13;331;98;31193;14789;10.7;5.1
03;2021-05-14;427;548;31620;15337;10.9;5.3
03;2021-05-15;253;344;31873;15681;11.0;5.4
03;2021-05-16;206;210;32079;15891;11.0;5.5
03;2021-05-17;431;600;32510;16491;11.2;5.7
03;2021-05-18;505;559;33015;17050;11.4;5.9
03;2021-05-19;482;547;33497;17597;11.5;6.1
03;2021-05-20;575;445;34072;18042;11.7;6.2
03;2021-05-21;471;599;34543;18641;11.9;6.4
03;2021-05-22;165;500;34708;19141;11.9;6.6
03;2021-05-23;263;472;34971;19613;12.0;6.7
03;2021-05-24;546;242;35517;19855;12.2;6.8
03;2021-05-25;490;740;36007;20595;12.4;7.1
03;2021-05-26;366;680;36373;21275;12.5;7.3
03;2021-05-27;645;515;37018;21790;12.7;7.5
03;2021-05-28;475;546;37493;22336;12.9;7.7
03;2021-05-29;230;362;37723;22698;13.0;7.8
03;2021-05-30;146;401;37869;23099;13.0;7.9
03;2021-05-31;335;571;38204;23670;13.1;8.1
03;2021-06-01;382;466;38586;24136;13.3;8.3
03;2021-06-02;457;549;39043;24685;13.4;8.5
03;2021-06-03;413;466;39456;25151;13.6;8.7
03;2021-06-04;503;488;39959;25639;13.7;8.8
03;2021-06-05;269;291;40228;25930;13.8;8.9
03;2021-06-06;208;299;40436;26229;13.9;9.0
03;2021-06-07;456;448;40892;26677;14.1;9.2
03;2021-06-08;489;312;41381;26989;14.2;9.3
03;2021-06-09;453;377;41834;27366;14.4;9.4
03;2021-06-10;345;290;42179;27656;14.5;9.5
03;2021-06-11;389;468;42568;28124;14.6;9.7
03;2021-06-12;163;285;42731;28409;14.7;9.8
03;2021-06-13;200;267;42931;28676;14.8;9.9
03;2021-06-14;350;547;43281;29223;14.9;10.1
03;2021-06-15;355;439;43636;29662;15.0;10.2
03;2021-06-16;389;449;44025;30111;15.1;10.4
03;2021-06-17;351;575;44376;30686;15.3;10.6
03;2021-06-18;336;561;44712;31247;15.4;10.7
03;2021-06-19;229;258;44941;31505;15.5;10.8
03;2021-06-20;123;270;45064;31775;15.5;10.9
04;2020-12-27;0;0;0;0;0.0;0.0
04;2020-12-28;0;0;0;0;0.0;0.0
04;2020-12-29;0;0;0;0;0.0;0.0
04;2020-12-30;0;0;0;0;0.0;0.0
04;2020-12-31;0;0;0;0;0.0;0.0
04;2021-01-01;1;0;1;0;0.0;0.0
04;2021-01-02;0;0;1;0;0.0;0.0
04;2021-01-03;0;0;1;0;0.0;0.0
04;2021-01-04;0;0;1;0;0.0;0.0
04;2021-01-05;2;0;3;0;0.0;0.0
04;2021-01-06;0;0;3;0;0.0;0.0
04;2021-01-07;0;0;3;0;0.0;0.0
04;2021-01-08;0;0;3;0;0.0;0.0
04;2021-01-09;1;0;4;0;0.0;0.0
04;2021-01-10;0;0;4;0;0.0;0.0
04;2021-01-11;0;0;4;0;0.0;0.0
04;2021-01-12;0;0;4;0;0.0;0.0
04;2021-01-13;0;0;4;0;0.0;0.0
04;2021-01-14;0;0;4;0;0.0;0.0
04;2021-01-15;332;0;336;0;0.0;0.0
04;2021-01-16;27;0;363;0;0.0;0.0
04;2021-01-17;0;0;363;0;0.0;0.0
04;2021-01-18;49;1;412;1;0.0;0.0
04;2021-01-19;393;0;805;1;0.1;0.0
04;2021-01-20;482;1;1287;2;0.1;0.0
04;2021-01-21;614;1;1901;3;0.2;0.0
04;2021-01-22;409;1;2310;4;0.3;0.0
04;2021-01-23;75;0;2385;4;0.3;0.0
04;2021-01-24;0;0;2385;4;0.3;0.0
04;2021-01-25;272;0;2657;4;0.3;0.0
04;2021-01-26;429;0;3086;4;0.4;0.0
04;2021-01-27;317;0;3403;4;0.4;0.0
04;2021-01-28;406;0;3809;4;0.4;0.0
04;2021-01-29;421;3;4230;7;0.5;0.0
04;2021-01-30;419;0;4649;7;0.5;0.0
04;2021-01-31;0;0;4649;7;0.5;0.0
04;2021-02-01;372;3;5021;10;0.6;0.0
04;2021-02-02;498;4;5519;14;0.6;0.0
04;2021-02-03;601;14;6120;28;0.7;0.0
04;2021-02-04;626;22;6746;50;0.8;0.0
04;2021-02-05;564;98;7310;148;0.9;0.0
04;2021-02-06;501;4;7811;152;0.9;0.0
04;2021-02-07;0;8;7811;160;0.9;0.0
04;2021-02-08;472;34;8283;194;1.0;0.0
04;2021-02-09;783;90;9066;284;1.1;0.0
04;2021-02-10;820;85;9886;369;1.1;0.0
04;2021-02-11;796;86;10682;455;1.2;0.1
04;2021-02-12;637;95;11319;550;1.3;0.1
04;2021-02-13;651;74;11970;624;1.4;0.1
04;2021-02-14;1;0;11971;624;1.4;0.1
04;2021-02-15;524;126;12495;750;1.5;0.1
04;2021-02-16;649;535;13144;1285;1.5;0.1
04;2021-02-17;592;329;13736;1614;1.6;0.2
04;2021-02-18;493;414;14229;2028;1.7;0.2
04;2021-02-19;496;321;14725;2349;1.7;0.3
04;2021-02-20;576;117;15301;2466;1.8;0.3
04;2021-02-21;0;0;15301;2466;1.8;0.3
04;2021-02-22;401;238;15702;2704;1.8;0.3
04;2021-02-23;607;238;16309;2942;1.9;0.3
04;2021-02-24;581;253;16890;3195;2.0;0.4
04;2021-02-25;645;297;17535;3492;2.0;0.4
04;2021-02-26;483;473;18018;3965;2.1;0.5
04;2021-02-27;385;471;18403;4436;2.1;0.5
04;2021-02-28;0;0;18403;4436;2.1;0.5
04;2021-03-01;289;392;18692;4828;2.2;0.6
04;2021-03-02;487;504;19179;5332;2.2;0.6
04;2021-03-03;755;559;19934;5891;2.3;0.7
04;2021-03-04;775;543;20709;6434;2.4;0.7
04;2021-03-05;727;542;21436;6976;2.5;0.8
04;2021-03-06;812;530;22248;7506;2.6;0.9
04;2021-03-07;0;0;22248;7506;2.6;0.9
04;2021-03-08;436;591;22684;8097;2.6;0.9
04;2021-03-09;670;777;23354;8874;2.7;1.0
04;2021-03-10;644;849;23998;9723;2.8;1.1
04;2021-03-11;699;648;24697;10371;2.9;1.2
04;2021-03-12;729;665;25426;11036;3.0;1.3
04;2021-03-13;667;610;26093;11646;3.0;1.4
04;2021-03-14;2;0;26095;11646;3.0;1.4
04;2021-03-15;503;506;26598;12152;3.1;1.4
04;2021-03-16;680;711;27278;12863;3.2;1.5
04;2021-03-17;847;538;28125;13401;3.3;1.6
04;2021-03-18;1021;556;29146;13957;3.4;1.6
04;2021-03-19;784;543;29930;14500;3.5;1.7
04;2021-03-20;576;600;30506;15100;3.5;1.8
04;2021-03-21;0;0;30506;15100;3.5;1.8
04;2021-03-22;565;482;31071;15582;3.6;1.8
04;2021-03-23;780;640;31851;16222;3.7;1.9
04;2021-03-24;792;671;32643;16893;3.8;2.0
04;2021-03-25;929;555;33572;17448;3.9;2.0
04;2021-03-26;921;450;34493;17898;4.0;2.1
04;2021-03-27;782;340;35275;18238;4.1;2.1
04;2021-03-28;1;0;35276;18238;4.1;2.1
04;2021-03-29;960;271;36236;18509;4.2;2.2
04;2021-03-30;883;502;37119;19011;4.3;2.2
04;2021-03-31;733;673;37852;19684;4.4;2.3
04;2021-04-01;716;709;38568;20393;4.5;2.4
04;2021-04-02;687;761;39255;21154;4.6;2.5
04;2021-04-03;699;707;39954;21861;4.6;2.5
04;2021-04-04;0;0;39954;21861;4.6;2.5
04;2021-04-05;0;2;39954;21863;4.6;2.5
04;2021-04-06;796;642;40750;22505;4.7;2.6
04;2021-04-07;1369;789;42119;23294;4.9;2.7
04;2021-04-08;1792;780;43911;24074;5.1;2.8
04;2021-04-09;1506;785;45417;24859;5.3;2.9
04;2021-04-10;1137;651;46554;25510;5.4;3.0
04;2021-04-11;2;0;46556;25510;5.4;3.0
04;2021-04-12;1239;553;47795;26063;5.6;3.0
04;2021-04-13;1438;754;49233;26817;5.7;3.1
04;2021-04-14;2068;777;51301;27594;6.0;3.2
04;2021-04-15;2502;956;53803;28550;6.3;3.3
04;2021-04-16;1931;785;55734;29335;6.5;3.4
04;2021-04-17;1288;604;57022;29939;6.6;3.5
04;2021-04-18;0;0;57022;29939;6.6;3.5
04;2021-04-19;1377;565;58399;30504;6.8;3.5
04;2021-04-20;1649;807;60048;31311;7.0;3.6
04;2021-04-21;2128;606;62176;31917;7.2;3.7
04;2021-04-22;2945;804;65121;32721;7.6;3.8
04;2021-04-23;2309;813;67430;33534;7.8;3.9
04;2021-04-24;1102;797;68532;34331;8.0;4.0
04;2021-04-25;2;0;68534;34331;8.0;4.0
04;2021-04-26;1164;920;69698;35251;8.1;4.1
04;2021-04-27;1679;1027;71377;36278;8.3;4.2
04;2021-04-28;2894;753;74271;37031;8.6;4.3
04;2021-04-29;3944;812;78215;37843;9.1;4.4
04;2021-04-30;3433;906;81648;38749;9.5;4.5
04;2021-05-01;2106;220;83754;38969;9.7;4.5
04;2021-05-02;2;0;83756;38969;9.7;4.5
04;2021-05-03;1865;572;85621;39541;10.0;4.6
04;2021-05-04;2127;1095;87748;40636;10.2;4.7
04;2021-05-05;3117;1641;90865;42277;10.6;4.9
04;2021-05-06;4004;1589;94869;43866;11.0;5.1
04;2021-05-07;3228;1527;98097;45393;11.4;5.3
04;2021-05-08;1566;503;99663;45896;11.6;5.3
04;2021-05-09;1;0;99664;45896;11.6;5.3
04;2021-05-10;2411;994;102075;46890;11.9;5.5
04;2021-05-11;3651;1642;105726;48532;12.3;5.6
04;2021-05-12;4716;2395;110442;50927;12.8;5.9
04;2021-05-13;3554;585;113996;51512;13.3;6.0
04;2021-05-14;5263;2510;119259;54022;13.9;6.3
04;2021-05-15;3159;1537;122418;55559;14.2;6.5
04;2021-05-16;15;18;122433;55577;14.2;6.5
04;2021-05-17;2996;1480;125429;57057;14.6;6.6
04;2021-05-18;3733;1779;129162;58836;15.0;6.8
04;2021-05-19;4676;2335;133838;61171;15.6;7.1
04;2021-05-20;5135;2804;138973;63975;16.2;7.4
04;2021-05-21;4977;2634;143950;66609;16.7;7.7
04;2021-05-22;3355;1253;147305;67862;17.1;7.9
04;2021-05-23;4;3;147309;67865;17.1;7.9
04;2021-05-24;3580;1075;150889;68940;17.5;8.0
04;2021-05-25;4191;1910;155080;70850;18.0;8.2
04;2021-05-26;4882;2961;159962;73811;18.6;8.6
04;2021-05-27;4575;4091;164537;77902;19.1;9.1
04;2021-05-28;4355;3826;168892;81728;19.6;9.5
04;2021-05-29;2529;2461;171421;84189;19.9;9.8
04;2021-05-30;6;14;171427;84203;19.9;9.8
04;2021-05-31;2341;2248;173768;86451;20.2;10.1
04;2021-06-01;3263;2722;177031;89173;20.6;10.4
04;2021-06-02;3903;3351;180934;92524;21.0;10.8
04;2021-06-03;4006;3663;184940;96187;21.5;11.2
04;2021-06-04;3817;3751;188757;99938;21.9;11.6
04;2021-06-05;2193;1923;190950;101861;22.2;11.8
04;2021-06-06;1060;129;192010;101990;22.3;11.9
04;2021-06-07;1999;2530;194009;104520;22.6;12.2
04;2021-06-08;2554;3319;196563;107839;22.9;12.5
04;2021-06-09;2899;4767;199462;112606;23.2;13.1
04;2021-06-10;3338;4443;202800;117049;23.6;13.6
04;2021-06-11;2819;4613;205619;121662;23.9;14.1
04;2021-06-12;1711;3379;207330;125041;24.1;14.5
04;2021-06-13;1312;242;208642;125283;24.3;14.6
04;2021-06-14;1480;3179;210122;128462;24.4;14.9
04;2021-06-15;2033;3614;212155;132076;24.7;15.4
04;2021-06-16;2679;4636;214834;136712;25.0;15.9
04;2021-06-17;2487;4894;217321;141606;25.3;16.5
04;2021-06-18;2545;4889;219866;146495;25.6;17.0
04;2021-06-19;1274;3502;221140;149997;25.7;17.4
04;2021-06-20;626;287;221766;150284;25.8;17.5
05;2020-12-27;0;0;0;0;0.0;0.0
05;2020-12-28;0;0;0;0;0.0;0.0
05;2020-12-29;0;0;0;0;0.0;0.0
05;2020-12-30;0;0;0;0;0.0;0.0
05;2020-12-31;0;0;0;0;0.0;0.0
05;2021-01-01;0;0;0;0;0.0;0.0
05;2021-01-02;0;0;0;0;0.0;0.0
05;2021-01-03;0;0;0;0;0.0;0.0
05;2021-01-04;0;0;0;0;0.0;0.0
05;2021-01-05;0;0;0;0;0.0;0.0
05;2021-01-06;0;0;0;0;0.0;0.0
05;2021-01-07;0;0;0;0;0.0;0.0
05;2021-01-08;0;0;0;0;0.0;0.0
05;2021-01-09;0;0;0;0;0.0;0.0
05;2021-01-10;0;0;0;0;0.0;0.0
05;2021-01-11;0;0;0;0;0.0;0.0
05;2021-01-12;0;0;0;0;0.0;0.0
05;2021-01-13;0;0;0;0;0.0;0.0
05;2021-01-14;0;0;0;0;0.0;0.0
05;2021-01-15;0;0;0;0;0.0;0.0
05;2021-01-16;0;0;0;0;0.0;0.0
05;2021-01-17;0;0;0;0;0.0;0.0
05;2021-01-18;0;0;0;0;0.0;0.0
05;2021-01-19;0;0;0;0;0.0;0.0
05;2021-01-20;0;0;0;0;0.0;0.0
05;2021-01-21;0;0;0;0;0.0;0.0
05;2021-01-22;0;0;0;0;0.0;0.0
05;2021-01-23;0;0;0;0;0.0;0.0
05;2021-01-24;0;0;0;0;0.0;0.0
05;2021-01-25;0;0;0;0;0.0;0.0
05;2021-01-26;0;0;0;0;0.0;0.0
05;2021-01-27;0;0;0;0;0.0;0.0
05;2021-01-28;0;0;0;0;0.0;0.0
05;2021-01-29;0;0;0;0;0.0;0.0
05;2021-01-30;0;0;0;0;0.0;0.0
05;2021-01-31;0;0;0;0;0.0;0.0
05;2021-02-01;0;0;0;0;0.0;0.0
05;2021-02-02;0;0;0;0;0.0;0.0
05;2021-02-03;0;0;0;0;0.0;0.0
05;2021-02-04;0;0;0;0;0.0;0.0
05;2021-02-05;0;0;0;0;0.0;0.0
05;2021-02-06;0;0;0;0;0.0;0.0
05;2021-02-07;0;0;0;0;0.0;0.0
05;2021-02-08;0;0;0;0;0.0;0.0
05;2021-02-09;0;0;0;0;0.0;0.0
05;2021-02-10;0;0;0;0;0.0;0.0
05;2021-02-11;0;0;0;0;0.0;0.0
05;2021-02-12;0;0;0;0;0.0;0.0
05;2021-02-13;0;0;0;0;0.0;0.0
05;2021-02-14;0;0;0;0;0.0;0.0
05;2021-02-15;0;0;0;0;0.0;0.0
05;2021-02-16;0;0;0;0;0.0;0.0
05;2021-02-17;0;0;0;0;0.0;0.0
05;2021-02-18;0;0;0;0;0.0;0.0
05;2021-02-19;0;0;0;0;0.0;0.0
05;2021-02-20;0;0;0;0;0.0;0.0
05;2021-02-21;0;0;0;0;0.0;0.0
05;2021-02-22;0;0;0;0;0.0;0.0
05;2021-02-23;0;0;0;0;0.0;0.0
05;2021-02-24;0;0;0;0;0.0;0.0
05;2021-02-25;0;0;0;0;0.0;0.0
05;2021-02-26;0;0;0;0;0.0;0.0
05;2021-02-27;0;0;0;0;0.0;0.0
05;2021-02-28;0;0;0;0;0.0;0.0
05;2021-03-01;0;0;0;0;0.0;0.0
05;2021-03-02;0;0;0;0;0.0;0.0
05;2021-03-03;0;0;0;0;0.0;0.0
05;2021-03-04;0;0;0;0;0.0;0.0
05;2021-03-05;0;0;0;0;0.0;0.0
05;2021-03-06;0;0;0;0;0.0;0.0
05;2021-03-07;0;0;0;0;0.0;0.0
05;2021-03-08;0;0;0;0;0.0;0.0
05;2021-03-09;0;0;0;0;0.0;0.0
05;2021-03-10;0;0;0;0;0.0;0.0
05;2021-03-11;0;0;0;0;0.0;0.0
05;2021-03-12;0;0;0;0;0.0;0.0
05;2021-03-13;0;0;0;0;0.0;0.0
05;2021-03-14;0;0;0;0;0.0;0.0
05;2021-03-15;0;0;0;0;0.0;0.0
05;2021-03-16;0;0;0;0;0.0;0.0
05;2021-03-17;0;0;0;0;0.0;0.0
05;2021-03-18;0;0;0;0;0.0;0.0
05;2021-03-19;0;0;0;0;0.0;0.0
05;2021-03-20;0;0;0;0;0.0;0.0
05;2021-03-21;0;0;0;0;0.0;0.0
05;2021-03-22;0;0;0;0;0.0;0.0
05;2021-03-23;0;0;0;0;0.0;0.0
05;2021-03-24;0;0;0;0;0.0;0.0
05;2021-03-25;0;0;0;0;0.0;0.0
05;2021-03-26;0;0;0;0;0.0;0.0
05;2021-03-27;0;0;0;0;0.0;0.0
05;2021-03-28;0;0;0;0;0.0;0.0
05;2021-03-29;2;0;2;0;0.0;0.0
05;2021-03-30;0;0;2;0;0.0;0.0
05;2021-03-31;0;0;2;0;0.0;0.0
05;2021-04-01;0;0;2;0;0.0;0.0
05;2021-04-02;0;0;2;0;0.0;0.0
05;2021-04-03;0;0;2;0;0.0;0.0
05;2021-04-04;0;0;2;0;0.0;0.0
05;2021-04-05;0;0;2;0;0.0;0.0
05;2021-04-06;0;0;2;0;0.0;0.0
05;2021-04-07;0;0;2;0;0.0;0.0
05;2021-04-08;1;0;3;0;0.1;0.0
05;2021-04-09;0;0;3;0;0.1;0.0
05;2021-04-10;0;0;3;0;0.1;0.0
05;2021-04-11;0;0;3;0;0.1;0.0
05;2021-04-12;0;0;3;0;0.1;0.0
05;2021-04-13;0;0;3;0;0.1;0.0
05;2021-04-14;0;0;3;0;0.1;0.0
05;2021-04-15;0;0;3;0;0.1;0.0
05;2021-04-16;0;0;3;0;0.1;0.0
05;2021-04-17;0;0;3;0;0.1;0.0
05;2021-04-18;0;0;3;0;0.1;0.0
05;2021-04-19;0;0;3;0;0.1;0.0
05;2021-04-20;0;0;3;0;0.1;0.0
05;2021-04-21;0;0;3;0;0.1;0.0
05;2021-04-22;0;0;3;0;0.1;0.0
05;2021-04-23;0;0;3;0;0.1;0.0
05;2021-04-24;0;0;3;0;0.1;0.0
05;2021-04-25;0;0;3;0;0.1;0.0
05;2021-04-26;0;0;3;0;0.1;0.0
05;2021-04-27;0;0;3;0;0.1;0.0
05;2021-04-28;0;0;3;0;0.1;0.0
05;2021-04-29;0;0;3;0;0.1;0.0
05;2021-04-30;0;0;3;0;0.1;0.0
05;2021-05-01;0;0;3;0;0.1;0.0
05;2021-05-02;0;0;3;0;0.1;0.0
05;2021-05-03;0;0;3;0;0.1;0.0
05;2021-05-04;0;0;3;0;0.1;0.0
05;2021-05-05;0;0;3;0;0.1;0.0
05;2021-05-06;0;0;3;0;0.1;0.0
05;2021-05-07;0;0;3;0;0.1;0.0
05;2021-05-08;0;0;3;0;0.1;0.0
05;2021-05-09;0;0;3;0;0.1;0.0
05;2021-05-10;0;0;3;0;0.1;0.0
05;2021-05-11;0;0;3;0;0.1;0.0
05;2021-05-12;0;0;3;0;0.1;0.0
05;2021-05-13;0;0;3;0;0.1;0.0
05;2021-05-14;0;0;3;0;0.1;0.0
05;2021-05-15;0;0;3;0;0.1;0.0
05;2021-05-16;0;0;3;0;0.1;0.0
05;2021-05-17;0;0;3;0;0.1;0.0
05;2021-05-18;0;0;3;0;0.1;0.0
05;2021-05-19;0;0;3;0;0.1;0.0
05;2021-05-20;0;0;3;0;0.1;0.0
05;2021-05-21;0;0;3;0;0.1;0.0
05;2021-05-22;0;0;3;0;0.1;0.0
05;2021-05-23;0;0;3;0;0.1;0.0
05;2021-05-24;0;0;3;0;0.1;0.0
05;2021-05-25;0;0;3;0;0.1;0.0
05;2021-05-26;0;0;3;0;0.1;0.0
05;2021-05-27;0;0;3;0;0.1;0.0
05;2021-05-28;0;0;3;0;0.1;0.0
05;2021-05-29;0;2;3;2;0.1;0.0
05;2021-05-30;0;0;3;2;0.1;0.0
05;2021-05-31;0;0;3;2;0.1;0.0
05;2021-06-01;0;0;3;2;0.1;0.0
05;2021-06-02;0;0;3;2;0.1;0.0
05;2021-06-03;0;0;3;2;0.1;0.0
05;2021-06-04;0;0;3;2;0.1;0.0
05;2021-06-05;0;0;3;2;0.1;0.0
05;2021-06-06;0;0;3;2;0.1;0.0
05;2021-06-07;0;0;3;2;0.1;0.0
05;2021-06-08;0;0;3;2;0.1;0.0
05;2021-06-09;0;0;3;2;0.1;0.0
05;2021-06-10;0;0;3;2;0.1;0.0
05;2021-06-11;0;0;3;2;0.1;0.0
05;2021-06-12;0;0;3;2;0.1;0.0
05;2021-06-13;0;0;3;2;0.1;0.0
05;2021-06-14;0;0;3;2;0.1;0.0
05;2021-06-15;0;0;3;2;0.1;0.0
05;2021-06-16;0;0;3;2;0.1;0.0
05;2021-06-17;0;0;3;2;0.1;0.0
05;2021-06-18;0;0;3;2;0.1;0.0
05;2021-06-19;0;0;3;2;0.1;0.0
05;2021-06-20;0;0;3;2;0.1;0.0
06;2020-12-27;0;0;0;0;0.0;0.0
06;2020-12-28;0;0;0;0;0.0;0.0
06;2020-12-29;0;0;0;0;0.0;0.0
06;2020-12-30;0;0;0;0;0.0;0.0
06;2020-12-31;0;0;0;0;0.0;0.0
06;2021-01-01;0;0;0;0;0.0;0.0
06;2021-01-02;0;0;0;0;0.0;0.0
06;2021-01-03;0;0;0;0;0.0;0.0
06;2021-01-04;0;0;0;0;0.0;0.0
06;2021-01-05;0;0;0;0;0.0;0.0
06;2021-01-06;0;0;0;0;0.0;0.0
06;2021-01-07;0;0;0;0;0.0;0.0
06;2021-01-08;0;0;0;0;0.0;0.0
06;2021-01-09;0;0;0;0;0.0;0.0
06;2021-01-10;0;0;0;0;0.0;0.0
06;2021-01-11;9;0;9;0;0.0;0.0
06;2021-01-12;0;0;9;0;0.0;0.0
06;2021-01-13;0;0;9;0;0.0;0.0
06;2021-01-14;0;0;9;0;0.0;0.0
06;2021-01-15;1;0;10;0;0.0;0.0
06;2021-01-16;1;0;11;0;0.0;0.0
06;2021-01-17;0;0;11;0;0.0;0.0
06;2021-01-18;1;0;12;0;0.0;0.0
06;2021-01-19;0;0;12;0;0.0;0.0
06;2021-01-20;0;0;12;0;0.0;0.0
06;2021-01-21;0;0;12;0;0.0;0.0
06;2021-01-22;0;0;12;0;0.0;0.0
06;2021-01-23;1;0;13;0;0.0;0.0
06;2021-01-24;0;0;13;0;0.0;0.0
06;2021-01-25;140;1;153;1;0.1;0.0
06;2021-01-26;166;4;319;5;0.1;0.0
06;2021-01-27;250;2;569;7;0.2;0.0
06;2021-01-28;101;5;670;12;0.2;0.0
06;2021-01-29;230;2;900;14;0.3;0.0
06;2021-01-30;286;8;1186;22;0.4;0.0
06;2021-01-31;1;0;1187;22;0.4;0.0
06;2021-02-01;160;0;1347;22;0.5;0.0
06;2021-02-02;329;4;1676;26;0.6;0.0
06;2021-02-03;228;1;1904;27;0.7;0.0
06;2021-02-04;215;7;2119;34;0.8;0.0
06;2021-02-05;214;1;2333;35;0.8;0.0
06;2021-02-06;83;10;2416;45;0.9;0.0
06;2021-02-07;0;0;2416;45;0.9;0.0
06;2021-02-08;82;3;2498;48;0.9;0.0
06;2021-02-09;193;0;2691;48;1.0;0.0
06;2021-02-10;187;2;2878;50;1.0;0.0
06;2021-02-11;235;1;3113;51;1.1;0.0
06;2021-02-12;287;4;3400;55;1.2;0.0
06;2021-02-13;56;0;3456;55;1.2;0.0
06;2021-02-14;1;0;3457;55;1.2;0.0
06;2021-02-15;359;2;3816;57;1.4;0.0
06;2021-02-16;266;6;4082;63;1.5;0.0
06;2021-02-17;167;5;4249;68;1.5;0.0
06;2021-02-18;216;11;4465;79;1.6;0.0
06;2021-02-19;235;21;4700;100;1.7;0.0
06;2021-02-20;138;7;4838;107;1.7;0.0
06;2021-02-21;0;0;4838;107;1.7;0.0
06;2021-02-22;131;121;4969;228;1.8;0.1
06;2021-02-23;186;151;5155;379;1.8;0.1
06;2021-02-24;176;143;5331;522;1.9;0.2
06;2021-02-25;227;283;5558;805;2.0;0.3
06;2021-02-26;242;259;5800;1064;2.1;0.4
06;2021-02-27;0;0;5800;1064;2.1;0.4
06;2021-02-28;0;0;5800;1064;2.1;0.4
06;2021-03-01;144;259;5944;1323;2.1;0.5
06;2021-03-02;228;257;6172;1580;2.2;0.6
06;2021-03-03;202;187;6374;1767;2.3;0.6
06;2021-03-04;205;139;6579;1906;2.4;0.7
06;2021-03-05;224;113;6803;2019;2.4;0.7
06;2021-03-06;1;0;6804;2019;2.4;0.7
06;2021-03-07;0;0;6804;2019;2.4;0.7
06;2021-03-08;189;125;6993;2144;2.5;0.8
06;2021-03-09;390;154;7383;2298;2.6;0.8
06;2021-03-10;180;178;7563;2476;2.7;0.9
06;2021-03-11;167;207;7730;2683;2.8;1.0
06;2021-03-12;238;288;7968;2971;2.9;1.1
06;2021-03-13;2;0;7970;2971;2.9;1.1
06;2021-03-14;0;0;7970;2971;2.9;1.1
06;2021-03-15;156;292;8126;3263;2.9;1.2
06;2021-03-16;236;222;8362;3485;3.0;1.2
06;2021-03-17;264;139;8626;3624;3.1;1.3
06;2021-03-18;172;232;8798;3856;3.1;1.4
06;2021-03-19;172;296;8970;4152;3.2;1.5
06;2021-03-20;0;0;8970;4152;3.2;1.5
06;2021-03-21;0;0;8970;4152;3.2;1.5
06;2021-03-22;97;136;9067;4288;3.2;1.5
06;2021-03-23;136;240;9203;4528;3.3;1.6
06;2021-03-24;160;146;9363;4674;3.4;1.7
06;2021-03-25;186;206;9549;4880;3.4;1.7
06;2021-03-26;160;211;9709;5091;3.5;1.8
06;2021-03-27;18;0;9727;5091;3.5;1.8
06;2021-03-28;0;0;9727;5091;3.5;1.8
06;2021-03-29;0;2;9727;5093;3.5;1.8
06;2021-03-30;272;334;9999;5427;3.6;1.9
06;2021-03-31;225;125;10224;5552;3.7;2.0
06;2021-04-01;243;105;10467;5657;3.7;2.0
06;2021-04-02;285;262;10752;5919;3.8;2.1
06;2021-04-03;906;307;11658;6226;4.2;2.2
06;2021-04-04;1;0;11659;6226;4.2;2.2
06;2021-04-05;1;0;11660;6226;4.2;2.2
06;2021-04-06;158;281;11818;6507;4.2;2.3
06;2021-04-07;237;264;12055;6771;4.3;2.4
06;2021-04-08;286;140;12341;6911;4.4;2.5
06;2021-04-09;248;171;12589;7082;4.5;2.5
06;2021-04-10;181;114;12770;7196;4.6;2.6
06;2021-04-11;7;0;12777;7196;4.6;2.6
06;2021-04-12;0;19;12777;7215;4.6;2.6
06;2021-04-13;393;343;13170;7558;4.7;2.7
06;2021-04-14;239;205;13409;7763;4.8;2.8
06;2021-04-15;207;117;13616;7880;4.9;2.8
06;2021-04-16;214;127;13830;8007;4.9;2.9
06;2021-04-17;226;132;14056;8139;5.0;2.9
06;2021-04-18;1;0;14057;8139;5.0;2.9
06;2021-04-19;6;1;14063;8140;5.0;2.9
06;2021-04-20;368;224;14431;8364;5.2;3.0
06;2021-04-21;412;150;14843;8514;5.3;3.0
06;2021-04-22;410;150;15253;8664;5.5;3.1
06;2021-04-23;367;166;15620;8830;5.6;3.2
06;2021-04-24;413;127;16033;8957;5.7;3.2
06;2021-04-25;2;0;16035;8957;5.7;3.2
06;2021-04-26;54;8;16089;8965;5.8;3.2
06;2021-04-27;351;293;16440;9258;5.9;3.3
06;2021-04-28;354;514;16794;9772;6.0;3.5
06;2021-04-29;556;342;17350;10114;6.2;3.6
06;2021-04-30;402;238;17752;10352;6.4;3.7
06;2021-05-01;669;285;18421;10637;6.6;3.8
06;2021-05-02;0;0;18421;10637;6.6;3.8
06;2021-05-03;134;6;18555;10643;6.6;3.8
06;2021-05-04;353;426;18908;11069;6.8;4.0
06;2021-05-05;443;317;19351;11386;6.9;4.1
06;2021-05-06;319;200;19670;11586;7.0;4.1
06;2021-05-07;341;134;20011;11720;7.2;4.2
06;2021-05-08;300;140;20311;11860;7.3;4.2
06;2021-05-09;0;0;20311;11860;7.3;4.2
06;2021-05-10;8;9;20319;11869;7.3;4.2
06;2021-05-11;359;489;20678;12358;7.4;4.4
06;2021-05-12;331;310;21009;12668;7.5;4.5
06;2021-05-13;127;97;21136;12765;7.6;4.6
06;2021-05-14;0;0;21136;12765;7.6;4.6
06;2021-05-15;484;283;21620;13048;7.7;4.7
06;2021-05-16;0;0;21620;13048;7.7;4.7
06;2021-05-17;124;51;21744;13099;7.8;4.7
06;2021-05-18;514;429;22258;13528;8.0;4.8
06;2021-05-19;649;663;22907;14191;8.2;5.1
06;2021-05-20;1055;496;23962;14687;8.6;5.3
06;2021-05-21;1046;316;25008;15003;8.9;5.4
06;2021-05-22;1238;299;26246;15302;9.4;5.5
06;2021-05-23;0;0;26246;15302;9.4;5.5
06;2021-05-24;1;0;26247;15302;9.4;5.5
06;2021-05-25;867;621;27114;15923;9.7;5.7
06;2021-05-26;1023;841;28137;16764;10.1;6.0
06;2021-05-27;1289;505;29426;17269;10.5;6.2
06;2021-05-28;938;371;30364;17640;10.9;6.3
06;2021-05-29;1111;388;31475;18028;11.3;6.5
06;2021-05-30;0;1;31475;18029;11.3;6.5
06;2021-05-31;99;6;31574;18035;11.3;6.5
06;2021-06-01;1127;649;32701;18684;11.7;6.7
06;2021-06-02;1132;485;33833;19169;12.1;6.9
06;2021-06-03;787;331;34620;19500;12.4;7.0
06;2021-06-04;977;320;35597;19820;12.7;7.1
06;2021-06-05;654;297;36251;20117;13.0;7.2
06;2021-06-06;0;0;36251;20117;13.0;7.2
06;2021-06-07;75;11;36326;20128;13.0;7.2
06;2021-06-08;797;442;37123;20570;13.3;7.4
06;2021-06-09;950;539;38073;21109;13.6;7.6
06;2021-06-10;649;222;38722;21331;13.9;7.6
06;2021-06-11;819;367;39541;21698;14.1;7.8
06;2021-06-12;563;273;40104;21971;14.3;7.9
06;2021-06-13;0;0;40104;21971;14.3;7.9
06;2021-06-14;178;112;40282;22083;14.4;7.9
06;2021-06-15;399;838;40681;22921;14.6;8.2
06;2021-06-16;880;1436;41561;24357;14.9;8.7
06;2021-06-17;755;648;42316;25005;15.1;8.9
06;2021-06-18;686;612;43002;25617;15.4;9.2
06;2021-06-19;525;637;43527;26254;15.6;9.4
06;2021-06-20;0;0;43527;26254;15.6;9.4
07;2020-12-27;0;0;0;0;0.0;0.0
07;2020-12-28;0;0;0;0;0.0;0.0
07;2020-12-29;0;0;0;0;0.0;0.0
07;2020-12-30;0;0;0;0;0.0;0.0
07;2020-12-31;0;0;0;0;0.0;0.0
07;2021-01-01;0;0;0;0;0.0;0.0
07;2021-01-02;0;0;0;0;0.0;0.0
07;2021-01-03;0;0;0;0;0.0;0.0
07;2021-01-04;0;0;0;0;0.0;0.0
07;2021-01-05;0;0;0;0;0.0;0.0
07;2021-01-06;0;0;0;0;0.0;0.0
07;2021-01-07;0;0;0;0;0.0;0.0
07;2021-01-08;0;0;0;0;0.0;0.0
07;2021-01-09;0;0;0;0;0.0;0.0
07;2021-01-10;0;0;0;0;0.0;0.0
07;2021-01-11;0;0;0;0;0.0;0.0
07;2021-01-12;0;0;0;0;0.0;0.0
07;2021-01-13;0;0;0;0;0.0;0.0
07;2021-01-14;0;0;0;0;0.0;0.0
07;2021-01-15;0;0;0;0;0.0;0.0
07;2021-01-16;0;0;0;0;0.0;0.0
07;2021-01-17;0;0;0;0;0.0;0.0
07;2021-01-18;1;0;1;0;0.0;0.0
07;2021-01-19;0;0;1;0;0.0;0.0
07;2021-01-20;0;0;1;0;0.0;0.0
07;2021-01-21;12;0;13;0;0.1;0.0
07;2021-01-22;12;0;25;0;0.3;0.0
07;2021-01-23;0;0;25;0;0.3;0.0
07;2021-01-24;0;0;25;0;0.3;0.0
07;2021-01-25;0;0;25;0;0.3;0.0
07;2021-01-26;0;0;25;0;0.3;0.0
07;2021-01-27;12;0;37;0;0.4;0.0
07;2021-01-28;1;0;38;0;0.4;0.0
07;2021-01-29;6;0;44;0;0.4;0.0
07;2021-01-30;0;0;44;0;0.4;0.0
07;2021-01-31;0;0;44;0;0.4;0.0
07;2021-02-01;0;0;44;0;0.4;0.0
07;2021-02-02;0;0;44;0;0.4;0.0
07;2021-02-03;11;0;55;0;0.6;0.0
07;2021-02-04;12;0;67;0;0.7;0.0
07;2021-02-05;11;0;78;0;0.8;0.0
07;2021-02-06;0;0;78;0;0.8;0.0
07;2021-02-07;0;0;78;0;0.8;0.0
07;2021-02-08;0;0;78;0;0.8;0.0
07;2021-02-09;13;0;91;0;0.9;0.0
07;2021-02-10;0;0;91;0;0.9;0.0
07;2021-02-11;16;0;107;0;1.1;0.0
07;2021-02-12;44;0;151;0;1.5;0.0
07;2021-02-13;0;0;151;0;1.5;0.0
07;2021-02-14;0;0;151;0;1.5;0.0
07;2021-02-15;0;0;151;0;1.5;0.0
07;2021-02-16;0;0;151;0;1.5;0.0
07;2021-02-17;0;0;151;0;1.5;0.0
07;2021-02-18;18;0;169;0;1.7;0.0
07;2021-02-19;34;0;203;0;2.0;0.0
07;2021-02-20;0;0;203;0;2.0;0.0
07;2021-02-21;0;0;203;0;2.0;0.0
07;2021-02-22;0;0;203;0;2.0;0.0
07;2021-02-23;0;22;203;22;2.0;0.2
07;2021-02-24;0;0;203;22;2.0;0.2
07;2021-02-25;15;10;218;32;2.2;0.3
07;2021-02-26;33;21;251;53;2.5;0.5
07;2021-02-27;0;0;251;53;2.5;0.5
07;2021-02-28;0;0;251;53;2.5;0.5
07;2021-03-01;0;0;251;53;2.5;0.5
07;2021-03-02;17;11;268;64;2.7;0.6
07;2021-03-03;0;0;268;64;2.7;0.6
07;2021-03-04;16;11;284;75;2.9;0.8
07;2021-03-05;33;19;317;94;3.2;0.9
07;2021-03-06;0;0;317;94;3.2;0.9
07;2021-03-07;0;0;317;94;3.2;0.9
07;2021-03-08;0;0;317;94;3.2;0.9
07;2021-03-09;1;0;318;94;3.2;0.9
07;2021-03-10;0;0;318;94;3.2;0.9
07;2021-03-11;20;30;338;124;3.4;1.2
07;2021-03-12;62;42;400;166;4.0;1.7
07;2021-03-13;0;0;400;166;4.0;1.7
07;2021-03-14;0;0;400;166;4.0;1.7
07;2021-03-15;0;0;400;166;4.0;1.7
07;2021-03-16;30;9;430;175;4.3;1.8
07;2021-03-17;0;0;430;175;4.3;1.8
07;2021-03-18;29;16;459;191;4.6;1.9
07;2021-03-19;56;31;515;222;5.2;2.2
07;2021-03-20;0;0;515;222;5.2;2.2
07;2021-03-21;0;0;515;222;5.2;2.2
07;2021-03-22;0;0;515;222;5.2;2.2
07;2021-03-23;0;0;515;222;5.2;2.2
07;2021-03-24;0;0;515;222;5.2;2.2
07;2021-03-25;65;16;580;238;5.8;2.4
07;2021-03-26;73;26;653;264;6.6;2.7
07;2021-03-27;0;0;653;264;6.6;2.7
07;2021-03-28;0;0;653;264;6.6;2.7
07;2021-03-29;0;0;653;264;6.6;2.7
07;2021-03-30;40;18;693;282;7.0;2.8
07;2021-03-31;26;15;719;297;7.2;3.0
07;2021-04-01;25;32;744;329;7.5;3.3
07;2021-04-02;0;0;744;329;7.5;3.3
07;2021-04-03;0;0;744;329;7.5;3.3
07;2021-04-04;0;0;744;329;7.5;3.3
07;2021-04-05;9;0;753;329;7.6;3.3
07;2021-04-06;0;0;753;329;7.6;3.3
07;2021-04-07;0;0;753;329;7.6;3.3
07;2021-04-08;57;46;810;375;8.1;3.8
07;2021-04-09;59;31;869;406;8.7;4.1
07;2021-04-10;0;0;869;406;8.7;4.1
07;2021-04-11;0;0;869;406;8.7;4.1
07;2021-04-12;0;0;869;406;8.7;4.1
07;2021-04-13;0;0;869;406;8.7;4.1
07;2021-04-14;5;6;874;412;8.8;4.1
07;2021-04-15;56;71;930;483;9.3;4.8
07;2021-04-16;90;35;1020;518;10.2;5.2
07;2021-04-17;0;1;1020;519;10.2;5.2
07;2021-04-18;0;0;1020;519;10.2;5.2
07;2021-04-19;1;0;1021;519;10.2;5.2
07;2021-04-20;335;66;1356;585;13.6;5.9
07;2021-04-21;337;29;1693;614;17.0;6.2
07;2021-04-22;284;49;1977;663;19.8;6.7
07;2021-04-23;258;41;2235;704;22.4;7.1
07;2021-04-24;231;1;2466;705;24.8;7.1
07;2021-04-25;0;0;2466;705;24.8;7.1
07;2021-04-26;283;20;2749;725;27.6;7.3
07;2021-04-27;224;69;2973;794;29.8;8.0
07;2021-04-28;192;26;3165;820;31.8;8.2
07;2021-04-29;170;22;3335;842;33.5;8.5
07;2021-04-30;172;15;3507;857;35.2;8.6
07;2021-05-01;200;12;3707;869;37.2;8.7
07;2021-05-02;0;0;3707;869;37.2;8.7
07;2021-05-03;134;10;3841;879;38.6;8.8
07;2021-05-04;161;54;4002;933;40.2;9.4
07;2021-05-05;221;30;4223;963;42.4;9.7
07;2021-05-06;175;31;4398;994;44.2;10.0
07;2021-05-07;149;31;4547;1025;45.6;10.3
07;2021-05-08;0;0;4547;1025;45.6;10.3
07;2021-05-09;0;2;4547;1027;45.6;10.3
07;2021-05-10;0;0;4547;1027;45.6;10.3
07;2021-05-11;2;41;4549;1068;45.7;10.7
07;2021-05-12;6;36;4555;1104;45.7;11.1
07;2021-05-13;0;0;4555;1104;45.7;11.1
07;2021-05-14;28;98;4583;1202;46.0;12.1
07;2021-05-15;0;0;4583;1202;46.0;12.1
07;2021-05-16;0;0;4583;1202;46.0;12.1
07;2021-05-17;1;14;4584;1216;46.0;12.2
07;2021-05-18;17;32;4601;1248;46.2;12.5
07;2021-05-19;0;1;4601;1249;46.2;12.5
07;2021-05-20;0;8;4601;1257;46.2;12.6
07;2021-05-21;12;32;4613;1289;46.3;12.9
07;2021-05-22;0;0;4613;1289;46.3;12.9
07;2021-05-23;0;0;4613;1289;46.3;12.9
07;2021-05-24;0;0;4613;1289;46.3;12.9
07;2021-05-25;50;334;4663;1623;46.8;16.3
07;2021-05-26;54;359;4717;1982;47.4;19.9
07;2021-05-27;34;317;4751;2299;47.7;23.1
07;2021-05-28;27;256;4778;2555;48.0;25.7
07;2021-05-29;35;376;4813;2931;48.3;29.4
07;2021-05-30;0;0;4813;2931;48.3;29.4
07;2021-05-31;45;218;4858;3149;48.8;31.6
07;2021-06-01;46;226;4904;3375;49.2;33.9
07;2021-06-02;69;273;4973;3648;49.9;36.6
07;2021-06-03;41;252;5014;3900;50.3;39.2
07;2021-06-04;70;269;5084;4169;51.0;41.9
07;2021-06-05;1;0;5085;4169;51.0;41.9
07;2021-06-06;0;0;5085;4169;51.0;41.9
07;2021-06-07;0;1;5085;4170;51.0;41.9
07;2021-06-08;4;2;5089;4172;51.1;41.9
07;2021-06-09;0;3;5089;4175;51.1;41.9
07;2021-06-10;8;4;5097;4179;51.2;42.0
07;2021-06-11;3;8;5100;4187;51.2;42.0
07;2021-06-12;15;59;5115;4246;51.4;42.6
07;2021-06-13;0;0;5115;4246;51.4;42.6
07;2021-06-14;0;0;5115;4246;51.4;42.6
07;2021-06-15;0;1;5115;4247;51.4;42.6
07;2021-06-16;0;0;5115;4247;51.4;42.6
07;2021-06-17;2;6;5117;4253;51.4;42.7
07;2021-06-18;0;2;5117;4255;51.4;42.7
07;2021-06-19;24;49;5141;4304;51.6;43.2
07;2021-06-20;0;0;5141;4304;51.6;43.2
08;2020-12-27;0;0;0;0;0.0;0.0
08;2020-12-28;0;0;0;0;0.0;0.0
08;2020-12-29;0;0;0;0;0.0;0.0
08;2020-12-30;0;0;0;0;0.0;0.0
08;2020-12-31;0;0;0;0;0.0;0.0
08;2021-01-01;0;0;0;0;0.0;0.0
08;2021-01-02;0;0;0;0;0.0;0.0
08;2021-01-03;0;0;0;0;0.0;0.0
08;2021-01-04;0;0;0;0;0.0;0.0
08;2021-01-05;0;0;0;0;0.0;0.0
08;2021-01-06;0;0;0;0;0.0;0.0
08;2021-01-07;0;0;0;0;0.0;0.0
08;2021-01-08;0;0;0;0;0.0;0.0
08;2021-01-09;0;0;0;0;0.0;0.0
08;2021-01-10;0;0;0;0;0.0;0.0
08;2021-01-11;0;0;0;0;0.0;0.0
08;2021-01-12;0;0;0;0;0.0;0.0
08;2021-01-13;10;0;10;0;0.0;0.0
08;2021-01-14;12;0;22;0;0.1;0.0
08;2021-01-15;7;0;29;0;0.1;0.0
08;2021-01-16;0;0;29;0;0.1;0.0
08;2021-01-17;0;0;29;0;0.1;0.0
08;2021-01-18;0;0;29;0;0.1;0.0
08;2021-01-19;12;0;41;0;0.1;0.0
08;2021-01-20;12;0;53;0;0.1;0.0
08;2021-01-21;6;0;59;0;0.2;0.0
08;2021-01-22;0;0;59;0;0.2;0.0
08;2021-01-23;0;0;59;0;0.2;0.0
08;2021-01-24;0;0;59;0;0.2;0.0
08;2021-01-25;0;0;59;0;0.2;0.0
08;2021-01-26;9;0;68;0;0.2;0.0
08;2021-01-27;10;0;78;0;0.2;0.0
08;2021-01-28;6;0;84;0;0.2;0.0
08;2021-01-29;0;0;84;0;0.2;0.0
08;2021-01-30;0;0;84;0;0.2;0.0
08;2021-01-31;0;0;84;0;0.2;0.0
08;2021-02-01;0;0;84;0;0.2;0.0
08;2021-02-02;38;0;122;0;0.3;0.0
08;2021-02-03;10;0;132;0;0.4;0.0
08;2021-02-04;29;0;161;0;0.5;0.0
08;2021-02-05;7;0;168;0;0.5;0.0
08;2021-02-06;0;0;168;0;0.5;0.0
08;2021-02-07;0;0;168;0;0.5;0.0
08;2021-02-08;0;0;168;0;0.5;0.0
08;2021-02-09;38;0;206;0;0.6;0.0
08;2021-02-10;27;1;233;1;0.7;0.0
08;2021-02-11;0;0;233;1;0.7;0.0
08;2021-02-12;36;0;269;1;0.8;0.0
08;2021-02-13;0;0;269;1;0.8;0.0
08;2021-02-14;0;0;269;1;0.8;0.0
08;2021-02-15;50;0;319;1;0.9;0.0
08;2021-02-16;0;0;319;1;0.9;0.0
08;2021-02-17;0;0;319;1;0.9;0.0
08;2021-02-18;27;0;346;1;1.0;0.0
08;2021-02-19;44;0;390;1;1.1;0.0
08;2021-02-20;0;0;390;1;1.1;0.0
08;2021-02-21;0;0;390;1;1.1;0.0
08;2021-02-22;46;4;436;5;1.2;0.0
08;2021-02-23;39;29;475;34;1.3;0.1
08;2021-02-24;35;1;510;35;1.4;0.1
08;2021-02-25;55;36;565;71;1.6;0.2
08;2021-02-26;39;5;604;76;1.7;0.2
08;2021-02-27;0;0;604;76;1.7;0.2
08;2021-02-28;0;0;604;76;1.7;0.2
08;2021-03-01;48;5;652;81;1.8;0.2
08;2021-03-02;7;27;659;108;1.9;0.3
08;2021-03-03;38;27;697;135;2.0;0.4
08;2021-03-04;30;26;727;161;2.1;0.5
08;2021-03-05;46;11;773;172;2.2;0.5
08;2021-03-06;0;0;773;172;2.2;0.5
08;2021-03-07;0;0;773;172;2.2;0.5
08;2021-03-08;30;7;803;179;2.3;0.5
08;2021-03-09;19;27;822;206;2.3;0.6
08;2021-03-10;32;28;854;234;2.4;0.7
08;2021-03-11;2;0;856;234;2.4;0.7
08;2021-03-12;52;21;908;255;2.6;0.7
08;2021-03-13;11;0;919;255;2.6;0.7
08;2021-03-14;0;0;919;255;2.6;0.7
08;2021-03-15;31;43;950;298;2.7;0.8
08;2021-03-16;73;6;1023;304;2.9;0.9
08;2021-03-17;67;13;1090;317;3.1;0.9
08;2021-03-18;82;39;1172;356;3.3;1.0
08;2021-03-19;30;51;1202;407;3.4;1.2
08;2021-03-20;0;0;1202;407;3.4;1.2
08;2021-03-21;0;0;1202;407;3.4;1.2
08;2021-03-22;33;45;1235;452;3.5;1.3
08;2021-03-23;32;45;1267;497;3.6;1.4
08;2021-03-24;38;42;1305;539;3.7;1.5
08;2021-03-25;90;34;1395;573;3.9;1.6
08;2021-03-26;45;33;1440;606;4.1;1.7
08;2021-03-27;93;3;1533;609;4.3;1.7
08;2021-03-28;0;0;1533;609;4.3;1.7
08;2021-03-29;69;49;1602;658;4.5;1.9
08;2021-03-30;98;24;1700;682;4.8;1.9
08;2021-03-31;89;47;1789;729;5.1;2.1
08;2021-04-01;56;48;1845;777;5.2;2.2
08;2021-04-02;0;0;1845;777;5.2;2.2
08;2021-04-03;0;0;1845;777;5.2;2.2
08;2021-04-04;0;0;1845;777;5.2;2.2
08;2021-04-05;0;0;1845;777;5.2;2.2
08;2021-04-06;49;63;1894;840;5.4;2.4
08;2021-04-07;91;32;1985;872;5.6;2.5
08;2021-04-08;120;7;2105;879;6.0;2.5
08;2021-04-09;89;39;2194;918;6.2;2.6
08;2021-04-10;162;8;2356;926;6.7;2.6
08;2021-04-11;0;0;2356;926;6.7;2.6
08;2021-04-12;41;76;2397;1002;6.8;2.8
08;2021-04-13;48;71;2445;1073;6.9;3.0
08;2021-04-14;80;45;2525;1118;7.1;3.2
08;2021-04-15;92;25;2617;1143;7.4;3.2
08;2021-04-16;77;42;2694;1185;7.6;3.4
08;2021-04-17;165;4;2859;1189;8.1;3.4
08;2021-04-18;0;0;2859;1189;8.1;3.4
08;2021-04-19;52;67;2911;1256;8.2;3.6
08;2021-04-20;83;27;2994;1283;8.5;3.6
08;2021-04-21;90;29;3084;1312;8.7;3.7
08;2021-04-22;101;20;3185;1332;9.0;3.8
08;2021-04-23;44;66;3229;1398;9.1;4.0
08;2021-04-24;99;78;3328;1476;9.4;4.2
08;2021-04-25;0;0;3328;1476;9.4;4.2
08;2021-04-26;28;93;3356;1569;9.5;4.4
08;2021-04-27;58;63;3414;1632;9.7;4.6
08;2021-04-28;88;39;3502;1671;9.9;4.7
08;2021-04-29;90;34;3592;1705;10.2;4.8
08;2021-04-30;104;15;3696;1720;10.5;4.9
08;2021-05-01;0;8;3696;1728;10.5;4.9
08;2021-05-02;0;0;3696;1728;10.5;4.9
08;2021-05-03;24;102;3720;1830;10.5;5.2
08;2021-05-04;157;103;3877;1933;11.0;5.5
08;2021-05-05;142;59;4019;1992;11.4;5.6
08;2021-05-06;199;49;4218;2041;11.9;5.8
08;2021-05-07;127;71;4345;2112;12.3;6.0
08;2021-05-08;69;122;4414;2234;12.5;6.3
08;2021-05-09;0;0;4414;2234;12.5;6.3
08;2021-05-10;123;101;4537;2335;12.8;6.6
08;2021-05-11;130;77;4667;2412;13.2;6.8
08;2021-05-12;154;76;4821;2488;13.6;7.0
08;2021-05-13;74;8;4895;2496;13.9;7.1
08;2021-05-14;129;61;5024;2557;14.2;7.2
08;2021-05-15;85;4;5109;2561;14.5;7.2
08;2021-05-16;0;0;5109;2561;14.5;7.2
08;2021-05-17;145;112;5254;2673;14.9;7.6
08;2021-05-18;150;95;5404;2768;15.3;7.8
08;2021-05-19;84;70;5488;2838;15.5;8.0
08;2021-05-20;103;26;5591;2864;15.8;8.1
08;2021-05-21;97;52;5688;2916;16.1;8.3
08;2021-05-22;99;11;5787;2927;16.4;8.3
08;2021-05-23;0;0;5787;2927;16.4;8.3
08;2021-05-24;33;7;5820;2934;16.5;8.3
08;2021-05-25;119;78;5939;3012;16.8;8.5
08;2021-05-26;106;49;6045;3061;17.1;8.7
08;2021-05-27;109;42;6154;3103;17.4;8.8
08;2021-05-28;33;1;6187;3104;17.5;8.8
08;2021-05-29;59;215;6246;3319;17.7;9.4
08;2021-05-30;0;0;6246;3319;17.7;9.4
08;2021-05-31;108;65;6354;3384;18.0;9.6
08;2021-06-01;112;63;6466;3447;18.3;9.8
08;2021-06-02;130;33;6596;3480;18.7;9.8
08;2021-06-03;100;38;6696;3518;19.0;10.0
08;2021-06-04;126;71;6822;3589;19.3;10.2
08;2021-06-05;82;21;6904;3610;19.5;10.2
08;2021-06-06;0;0;6904;3610;19.5;10.2
08;2021-06-07;96;95;7000;3705;19.8;10.5
08;2021-06-08;82;89;7082;3794;20.0;10.7
08;2021-06-09;96;74;7178;3868;20.3;10.9
08;2021-06-10;111;65;7289;3933;20.6;11.1
08;2021-06-11;116;108;7405;4041;21.0;11.4
08;2021-06-12;57;30;7462;4071;21.1;11.5
08;2021-06-13;0;0;7462;4071;21.1;11.5
08;2021-06-14;106;128;7568;4199;21.4;11.9
08;2021-06-15;86;118;7654;4317;21.7;12.2
08;2021-06-16;103;148;7757;4465;22.0;12.6
08;2021-06-17;84;72;7841;4537;22.2;12.8
08;2021-06-18;65;98;7906;4635;22.4;13.1
08;2021-06-19;64;80;7970;4715;22.6;13.3
08;2021-06-20;0;0;7970;4715;22.6;13.3
11;2020-12-27;13;2;13;2;0.0;0.0
11;2020-12-28;11;0;24;2;0.0;0.0
11;2020-12-29;56;0;80;2;0.0;0.0
11;2020-12-30;91;0;171;2;0.0;0.0
11;2020-12-31;39;0;210;2;0.0;0.0
11;2021-01-01;30;1;240;3;0.0;0.0
11;2021-01-02;64;1;304;4;0.0;0.0
11;2021-01-03;78;0;382;4;0.0;0.0
11;2021-01-04;551;5;933;9;0.0;0.0
11;2021-01-05;2066;17;2999;26;0.0;0.0
11;2021-01-06;3018;22;6017;48;0.0;0.0
11;2021-01-07;5372;37;11389;85;0.1;0.0
11;2021-01-08;7112;46;18501;131;0.2;0.0
11;2021-01-09;1886;6;20387;137;0.2;0.0
11;2021-01-10;1747;8;22134;145;0.2;0.0
11;2021-01-11;7999;61;30133;206;0.2;0.0
11;2021-01-12;10343;100;40476;306;0.3;0.0
11;2021-01-13;10004;96;50480;402;0.4;0.0
11;2021-01-14;10095;133;60575;535;0.5;0.0
11;2021-01-15;8893;84;69468;619;0.6;0.0
11;2021-01-16;2397;33;71865;652;0.6;0.0
11;2021-01-17;1083;19;72948;671;0.6;0.0
11;2021-01-18;12233;128;85181;799;0.7;0.0
11;2021-01-19;15793;126;100974;925;0.8;0.0
11;2021-01-20;18358;117;119332;1042;1.0;0.0
11;2021-01-21;22253;144;141585;1186;1.2;0.0
11;2021-01-22;17053;161;158638;1347;1.3;0.0
11;2021-01-23;4958;19;163596;1366;1.3;0.0
11;2021-01-24;1276;6;164872;1372;1.3;0.0
11;2021-01-25;8867;189;173739;1561;1.4;0.0
11;2021-01-26;12330;382;186069;1943;1.5;0.0
11;2021-01-27;16223;690;202292;2633;1.6;0.0
11;2021-01-28;20292;1195;222584;3828;1.8;0.0
11;2021-01-29;15391;1376;237975;5204;1.9;0.0
11;2021-01-30;4460;101;242435;5305;2.0;0.0
11;2021-01-31;582;22;243017;5327;2.0;0.0
11;2021-02-01;7384;1958;250401;7285;2.0;0.1
11;2021-02-02;8347;2820;258748;10105;2.1;0.1
11;2021-02-03;8121;3807;266869;13912;2.2;0.1
11;2021-02-04;8780;4595;275649;18507;2.2;0.2
11;2021-02-05;8950;4430;284599;22937;2.3;0.2
11;2021-02-06;3268;750;287867;23687;2.3;0.2
11;2021-02-07;588;541;288455;24228;2.3;0.2
11;2021-02-08;6227;5921;294682;30149;2.4;0.2
11;2021-02-09;8426;9681;303108;39830;2.5;0.3
11;2021-02-10;9953;11214;313061;51044;2.5;0.4
11;2021-02-11;12360;16508;325421;67552;2.7;0.6
11;2021-02-12;11855;10602;337276;78154;2.7;0.6
11;2021-02-13;2592;2588;339868;80742;2.8;0.7
11;2021-02-14;310;560;340178;81302;2.8;0.7
11;2021-02-15;4446;12019;344624;93321;2.8;0.8
11;2021-02-16;5654;18497;350278;111818;2.9;0.9
11;2021-02-17;5668;15619;355946;127437;2.9;1.0
11;2021-02-18;8633;20809;364579;148246;3.0;1.2
11;2021-02-19;9031;15437;373610;163683;3.0;1.3
11;2021-02-20;1690;4847;375300;168530;3.1;1.4
11;2021-02-21;396;831;375696;169361;3.1;1.4
11;2021-02-22;4220;9928;379916;179289;3.1;1.5
11;2021-02-23;4940;10544;384856;189833;3.1;1.5
11;2021-02-24;5393;9882;390249;199715;3.2;1.6
11;2021-02-25;8601;14167;398850;213882;3.2;1.7
11;2021-02-26;11166;10179;410016;224061;3.3;1.8
11;2021-02-27;5058;3330;415074;227391;3.4;1.9
11;2021-02-28;737;660;415811;228051;3.4;1.9
11;2021-03-01;8829;7981;424640;236032;3.5;1.9
11;2021-03-02;14373;9651;439013;245683;3.6;2.0
11;2021-03-03;18638;10114;457651;255797;3.7;2.1
11;2021-03-04;28194;11109;485845;266906;4.0;2.2
11;2021-03-05;36449;11070;522294;277976;4.3;2.3
11;2021-03-06;46391;3534;568685;281510;4.6;2.3
11;2021-03-07;34280;2742;602965;284252;4.9;2.3
11;2021-03-08;17726;7400;620691;291652;5.1;2.4
11;2021-03-09;26819;7719;647510;299371;5.3;2.4
11;2021-03-10;27592;8342;675102;307713;5.5;2.5
11;2021-03-11;36985;9872;712087;317585;5.8;2.6
11;2021-03-12;44722;9404;756809;326989;6.2;2.7
11;2021-03-13;39846;2653;796655;329642;6.5;2.7
11;2021-03-14;14259;790;810914;330432;6.6;2.7
11;2021-03-15;29181;4014;840095;334446;6.8;2.7
11;2021-03-16;23737;3866;863832;338312;7.0;2.8
11;2021-03-17;24369;3670;888201;341982;7.2;2.8
11;2021-03-18;28996;4116;917197;346098;7.5;2.8
11;2021-03-19;39617;4312;956814;350410;7.8;2.9
11;2021-03-20;25824;1597;982638;352007;8.0;2.9
11;2021-03-21;5620;1327;988258;353334;8.0;2.9
11;2021-03-22;32090;4251;1020348;357585;8.3;2.9
11;2021-03-23;43254;5450;1063602;363035;8.7;3.0
11;2021-03-24;42583;5056;1106185;368091;9.0;3.0
11;2021-03-25;57858;5224;1164043;373315;9.5;3.0
11;2021-03-26;57656;5998;1221699;379313;10.0;3.1
11;2021-03-27;34464;2105;1256163;381418;10.2;3.1
11;2021-03-28;10154;482;1266317;381900;10.3;3.1
11;2021-03-29;32985;8184;1299302;390084;10.6;3.2
11;2021-03-30;44788;11602;1344090;401686;10.9;3.3
11;2021-03-31;39801;13934;1383891;415620;11.3;3.4
11;2021-04-01;45235;21823;1429126;437443;11.6;3.6
11;2021-04-02;39263;24119;1468389;461562;12.0;3.8
11;2021-04-03;18354;21162;1486743;482724;12.1;3.9
11;2021-04-04;6097;7348;1492840;490072;12.2;4.0
11;2021-04-05;5944;2158;1498784;492230;12.2;4.0
11;2021-04-06;29931;18456;1528715;510686;12.5;4.2
11;2021-04-07;37463;20035;1566178;530721;12.8;4.3
11;2021-04-08;46597;21147;1612775;551868;13.1;4.5
11;2021-04-09;53702;21615;1666477;573483;13.6;4.7
11;2021-04-10;28920;19724;1695397;593207;13.8;4.8
11;2021-04-11;6544;7223;1701941;600430;13.9;4.9
11;2021-04-12;30255;19282;1732196;619712;14.1;5.0
11;2021-04-13;37264;27615;1769460;647327;14.4;5.3
11;2021-04-14;34919;24376;1804379;671703;14.7;5.5
11;2021-04-15;39107;28520;1843486;700223;15.0;5.7
11;2021-04-16;40981;27855;1884467;728078;15.3;5.9
11;2021-04-17;22739;14996;1907206;743074;15.5;6.1
11;2021-04-18;5286;3737;1912492;746811;15.6;6.1
11;2021-04-19;25065;23225;1937557;770036;15.8;6.3
11;2021-04-20;30526;27941;1968083;797977;16.0;6.5
11;2021-04-21;32167;28251;2000250;826228;16.3;6.7
11;2021-04-22;34447;34780;2034697;861008;16.6;7.0
11;2021-04-23;37873;32346;2072570;893354;16.9;7.3
11;2021-04-24;37933;23211;2110503;916565;17.2;7.5
11;2021-04-25;20509;8016;2131012;924581;17.4;7.5
11;2021-04-26;33838;25274;2164850;949855;17.6;7.7
11;2021-04-27;45700;30136;2210550;979991;18.0;8.0
11;2021-04-28;48381;29879;2258931;1009870;18.4;8.2
11;2021-04-29;57718;32350;2316649;1042220;18.9;8.5
11;2021-04-30;61271;31162;2377920;1073382;19.4;8.7
11;2021-05-01;24088;6049;2402008;1079431;19.6;8.8
11;2021-05-02;14620;5020;2416628;1084451;19.7;8.8
11;2021-05-03;54341;35313;2470969;1119764;20.1;9.1
11;2021-05-04;59675;33972;2530644;1153736;20.6;9.4
11;2021-05-05;60251;34192;2590895;1187928;21.1;9.7
11;2021-05-06;67183;38138;2658078;1226066;21.6;10.0
11;2021-05-07;65477;40068;2723555;1266134;22.2;10.3
11;2021-05-08;50985;16946;2774540;1283080;22.6;10.5
11;2021-05-09;33150;10217;2807690;1293297;22.9;10.5
11;2021-05-10;70397;30560;2878087;1323857;23.4;10.8
11;2021-05-11;81262;38077;2959349;1361934;24.1;11.1
11;2021-05-12;82718;32420;3042067;1394354;24.8;11.4
11;2021-05-13;67622;9972;3109689;1404326;25.3;11.4
11;2021-05-14;84014;22086;3193703;1426412;26.0;11.6
11;2021-05-15;66266;15381;3259969;1441793;26.6;11.7
11;2021-05-16;36354;5148;3296323;1446941;26.8;11.8
11;2021-05-17;82247;16873;3378570;1463814;27.5;11.9
11;2021-05-18;98093;19866;3476663;1483680;28.3;12.1
11;2021-05-19;97640;27806;3574303;1511486;29.1;12.3
11;2021-05-20;106347;28798;3680650;1540284;30.0;12.5
11;2021-05-21;100737;25995;3781387;1566279;30.8;12.8
11;2021-05-22;79314;14839;3860701;1581118;31.4;12.9
11;2021-05-23;41600;6037;3902301;1587155;31.8;12.9
11;2021-05-24;59521;8795;3961822;1595950;32.3;13.0
11;2021-05-25;85140;32222;4046962;1628172;33.0;13.3
11;2021-05-26;83568;32494;4130530;1660666;33.6;13.5
11;2021-05-27;91779;40569;4222309;1701235;34.4;13.9
11;2021-05-28;86550;45586;4308859;1746821;35.1;14.2
11;2021-05-29;67927;27537;4376786;1774358;35.6;14.5
11;2021-05-30;35854;8503;4412640;1782861;35.9;14.5
11;2021-05-31;77701;39945;4490341;1822806;36.6;14.8
11;2021-06-01;86608;50939;4576949;1873745;37.3;15.3
11;2021-06-02;82661;45519;4659610;1919264;38.0;15.6
11;2021-06-03;88552;53682;4748162;1972946;38.7;16.1
11;2021-06-04;84452;58742;4832614;2031688;39.4;16.5
11;2021-06-05;63447;49912;4896061;2081600;39.9;17.0
11;2021-06-06;37831;17560;4933892;2099160;40.2;17.1
11;2021-06-07;68772;53610;5002664;2152770;40.7;17.5
11;2021-06-08;73316;61987;5075980;2214757;41.3;18.0
11;2021-06-09;69636;63014;5145616;2277771;41.9;18.6
11;2021-06-10;70499;80723;5216115;2358494;42.5;19.2
11;2021-06-11;65427;72072;5281542;2430566;43.0;19.8
11;2021-06-12;63604;47619;5345146;2478185;43.5;20.2
11;2021-06-13;29501;22853;5374647;2501038;43.8;20.4
11;2021-06-14;43024;75232;5417671;2576270;44.1;21.0
11;2021-06-15;50861;82866;5468532;2659136;44.5;21.7
11;2021-06-16;52125;78112;5520657;2737248;45.0;22.3
11;2021-06-17;53615;81592;5574272;2818840;45.4;23.0
11;2021-06-18;49217;95714;5623489;2914554;45.8;23.7
11;2021-06-19;43153;69015;5666642;2983569;46.2;24.3
11;2021-06-20;16049;35957;5682691;3019526;46.3;24.6
24;2020-12-27;0;0;0;0;0.0;0.0
24;2020-12-28;17;0;17;0;0.0;0.0
24;2020-12-29;10;0;27;0;0.0;0.0
24;2020-12-30;1;0;28;0;0.0;0.0
24;2020-12-31;0;0;28;0;0.0;0.0
24;2021-01-01;1;0;29;0;0.0;0.0
24;2021-01-02;0;0;29;0;0.0;0.0
24;2021-01-03;0;0;29;0;0.0;0.0
24;2021-01-04;24;0;53;0;0.0;0.0
24;2021-01-05;163;0;216;0;0.0;0.0
24;2021-01-06;328;0;544;0;0.0;0.0
24;2021-01-07;492;0;1036;0;0.0;0.0
24;2021-01-08;952;2;1988;2;0.1;0.0
24;2021-01-09;505;0;2493;2;0.1;0.0
24;2021-01-10;395;0;2888;2;0.1;0.0
24;2021-01-11;1279;0;4167;2;0.2;0.0
24;2021-01-12;2575;9;6742;11;0.3;0.0
24;2021-01-13;2189;6;8931;17;0.3;0.0
24;2021-01-14;2502;52;11433;69;0.4;0.0
24;2021-01-15;2114;7;13547;76;0.5;0.0
24;2021-01-16;857;5;14404;81;0.6;0.0
24;2021-01-17;322;3;14726;84;0.6;0.0
24;2021-01-18;3214;16;17940;100;0.7;0.0
24;2021-01-19;6324;17;24264;117;0.9;0.0
24;2021-01-20;7166;10;31430;127;1.2;0.0
24;2021-01-21;7417;4;38847;131;1.5;0.0
24;2021-01-22;5117;3;43964;134;1.7;0.0
24;2021-01-23;1274;1;45238;135;1.8;0.0
24;2021-01-24;225;1;45463;136;1.8;0.0
24;2021-01-25;3113;24;48576;160;1.9;0.0
24;2021-01-26;4847;88;53423;248;2.1;0.0
24;2021-01-27;5045;183;58468;431;2.3;0.0
24;2021-01-28;5634;507;64102;938;2.5;0.0
24;2021-01-29;3422;731;67524;1669;2.6;0.1
24;2021-01-30;1207;398;68731;2067;2.7;0.1
24;2021-01-31;251;368;68982;2435;2.7;0.1
24;2021-02-01;2170;927;71152;3362;2.8;0.1
24;2021-02-02;3032;1891;74184;5253;2.9;0.2
24;2021-02-03;3110;1768;77294;7021;3.0;0.3
24;2021-02-04;3234;1618;80528;8639;3.1;0.3
24;2021-02-05;2394;1370;82922;10009;3.2;0.4
24;2021-02-06;707;262;83629;10271;3.3;0.4
24;2021-02-07;134;32;83763;10303;3.3;0.4
24;2021-02-08;1967;1570;85730;11873;3.4;0.5
24;2021-02-09;3412;3315;89142;15188;3.5;0.6
24;2021-02-10;4085;3754;93227;18942;3.6;0.7
24;2021-02-11;4654;4775;97881;23717;3.8;0.9
24;2021-02-12;3481;3271;101362;26988;4.0;1.1
24;2021-02-13;839;770;102201;27758;4.0;1.1
24;2021-02-14;426;256;102627;28014;4.0;1.1
24;2021-02-15;1963;2860;104590;30874;4.1;1.2
24;2021-02-16;2849;4496;107439;35370;4.2;1.4
24;2021-02-17;2692;5102;110131;40472;4.3;1.6
24;2021-02-18;3520;5167;113651;45639;4.4;1.8
24;2021-02-19;3196;3556;116847;49195;4.6;1.9
24;2021-02-20;1288;985;118135;50180;4.6;2.0
24;2021-02-21;433;239;118568;50419;4.6;2.0
24;2021-02-22;1650;3061;120218;53480;4.7;2.1
24;2021-02-23;2339;3139;122557;56619;4.8;2.2
24;2021-02-24;2093;3467;124650;60086;4.9;2.3
24;2021-02-25;3620;3163;128270;63249;5.0;2.5
24;2021-02-26;4465;2619;132735;65868;5.2;2.6
24;2021-02-27;1877;995;134612;66863;5.3;2.6
24;2021-02-28;97;219;134709;67082;5.3;2.6
24;2021-03-01;2171;2022;136880;69104;5.3;2.7
24;2021-03-02;3430;2890;140310;71994;5.5;2.8
24;2021-03-03;3548;3411;143858;75405;5.6;2.9
24;2021-03-04;5336;3695;149194;79100;5.8;3.1
24;2021-03-05;7036;3152;156230;82252;6.1;3.2
24;2021-03-06;7375;747;163605;82999;6.4;3.2
24;2021-03-07;2428;289;166033;83288;6.5;3.3
24;2021-03-08;2689;2624;168722;85912;6.6;3.4
24;2021-03-09;5778;2847;174500;88759;6.8;3.5
24;2021-03-10;6405;3522;180905;92281;7.1;3.6
24;2021-03-11;7800;3506;188705;95787;7.4;3.7
24;2021-03-12;10786;2678;199491;98465;7.8;3.8
24;2021-03-13;7118;720;206609;99185;8.1;3.9
24;2021-03-14;1550;270;208159;99455;8.1;3.9
24;2021-03-15;4559;1974;212718;101429;8.3;4.0
24;2021-03-16;4595;2369;217313;103798;8.5;4.1
24;2021-03-17;4462;1985;221775;105783;8.7;4.1
24;2021-03-18;5063;2091;226838;107874;8.9;4.2
24;2021-03-19;7776;1680;234614;109554;9.2;4.3
24;2021-03-20;4431;879;239045;110433;9.3;4.3
24;2021-03-21;557;349;239602;110782;9.4;4.3
24;2021-03-22;4860;1716;244462;112498;9.6;4.4
24;2021-03-23;8036;2294;252498;114792;9.9;4.5
24;2021-03-24;8814;2005;261312;116797;10.2;4.6
24;2021-03-25;12138;1959;273450;118756;10.7;4.6
24;2021-03-26;13268;1976;286718;120732;11.2;4.7
24;2021-03-27;5776;672;292494;121404;11.4;4.7
24;2021-03-28;520;97;293014;121501;11.5;4.7
24;2021-03-29;6757;1870;299771;123371;11.7;4.8
24;2021-03-30;10169;2783;309940;126154;12.1;4.9
24;2021-03-31;9886;2336;319826;128490;12.5;5.0
24;2021-04-01;12038;3394;331864;131884;13.0;5.2
24;2021-04-02;10609;3330;342473;135214;13.4;5.3
24;2021-04-03;3401;1713;345874;136927;13.5;5.4
24;2021-04-04;394;341;346268;137268;13.5;5.4
24;2021-04-05;396;51;346664;137319;13.5;5.4
24;2021-04-06;8312;3408;354976;140727;13.9;5.5
24;2021-04-07;11061;4548;366037;145275;14.3;5.7
24;2021-04-08;14173;4735;380210;150010;14.9;5.9
24;2021-04-09;17735;3711;397945;153721;15.6;6.0
24;2021-04-10;9378;2079;407323;155800;15.9;6.1
24;2021-04-11;2908;1247;410231;157047;16.0;6.1
24;2021-04-12;10837;3437;421068;160484;16.5;6.3
24;2021-04-13;14989;4818;436057;165302;17.0;6.5
24;2021-04-14;13459;4916;449516;170218;17.6;6.7
24;2021-04-15;15333;5118;464849;175336;18.2;6.9
24;2021-04-16;15665;4330;480514;179666;18.8;7.0
24;2021-04-17;8188;1318;488702;180984;19.1;7.1
24;2021-04-18;1099;286;489801;181270;19.1;7.1
24;2021-04-19;9435;4138;499236;185408;19.5;7.2
24;2021-04-20;12720;5966;511956;191374;20.0;7.5
24;2021-04-21;12325;5994;524281;197368;20.5;7.7
24;2021-04-22;13857;7531;538138;204899;21.0;8.0
24;2021-04-23;13694;7039;551832;211938;21.6;8.3
24;2021-04-24;10236;3244;562068;215182;22.0;8.4
24;2021-04-25;3048;431;565116;215613;22.1;8.4
24;2021-04-26;10200;5423;575316;221036;22.5;8.6
24;2021-04-27;13870;7750;589186;228786;23.0;8.9
24;2021-04-28;13020;8447;602206;237233;23.5;9.3
24;2021-04-29;16577;8582;618783;245815;24.2;9.6
24;2021-04-30;17473;7226;636256;253041;24.9;9.9
24;2021-05-01;2911;670;639167;253711;25.0;9.9
24;2021-05-02;2140;318;641307;254029;25.1;9.9
24;2021-05-03;11282;6109;652589;260138;25.5;10.2
24;2021-05-04;12799;10291;665388;270429;26.0;10.6
24;2021-05-05;13869;9576;679257;280005;26.5;10.9
24;2021-05-06;17473;9664;696730;289669;27.2;11.3
24;2021-05-07;14529;11980;711259;301649;27.8;11.8
24;2021-05-08;3703;2373;714962;304022;27.9;11.9
24;2021-05-09;2325;3730;717287;307752;28.0;12.0
24;2021-05-10;11438;12187;728725;319939;28.5;12.5
24;2021-05-11;16342;14193;745067;334132;29.1;13.1
24;2021-05-12;18161;13138;763228;347270;29.8;13.6
24;2021-05-13;6915;3154;770143;350424;30.1;13.7
24;2021-05-14;14480;9169;784623;359593;30.7;14.1
24;2021-05-15;10460;5046;795083;364639;31.1;14.2
24;2021-05-16;3155;1182;798238;365821;31.2;14.3
24;2021-05-17;13290;7655;811528;373476;31.7;14.6
24;2021-05-18;18377;8203;829905;381679;32.4;14.9
24;2021-05-19;19006;7484;848911;389163;33.2;15.2
24;2021-05-20;21294;8444;870205;397607;34.0;15.5
24;2021-05-21;18358;9081;888563;406688;34.7;15.9
24;2021-05-22;7616;4186;896179;410874;35.0;16.1
24;2021-05-23;2976;942;899155;411816;35.1;16.1
24;2021-05-24;8329;1591;907484;413407;35.5;16.2
24;2021-05-25;17716;8841;925200;422248;36.2;16.5
24;2021-05-26;19200;8281;944400;430529;36.9;16.8
24;2021-05-27;20864;10030;965264;440559;37.7;17.2
24;2021-05-28;20430;12253;985694;452812;38.5;17.7
24;2021-05-29;12398;5898;998092;458710;39.0;17.9
24;2021-05-30;2032;1485;1000124;460195;39.1;18.0
24;2021-05-31;14572;8906;1014696;469101;39.7;18.3
24;2021-06-01;19667;12017;1034363;481118;40.4;18.8
24;2021-06-02;17734;10788;1052097;491906;41.1;19.2
24;2021-06-03;20838;11897;1072935;503803;41.9;19.7
24;2021-06-04;19903;13849;1092838;517652;42.7;20.2
24;2021-06-05;9854;8842;1102692;526494;43.1;20.6
24;2021-06-06;1991;3020;1104683;529514;43.2;20.7
24;2021-06-07;14401;12010;1119084;541524;43.7;21.2
24;2021-06-08;16269;15010;1135353;556534;44.4;21.7
24;2021-06-09;16196;12725;1151549;569259;45.0;22.2
24;2021-06-10;17812;12097;1169361;581356;45.7;22.7
24;2021-06-11;17148;15287;1186509;596643;46.4;23.3
24;2021-06-12;10060;7320;1196569;603963;46.8;23.6
24;2021-06-13;890;1312;1197459;605275;46.8;23.7
24;2021-06-14;10438;15257;1207897;620532;47.2;24.2
24;2021-06-15;12958;17108;1220855;637640;47.7;24.9
24;2021-06-16;13414;16258;1234269;653898;48.2;25.6
24;2021-06-17;13089;17295;1247358;671193;48.7;26.2
24;2021-06-18;14441;19773;1261799;690966;49.3;27.0
24;2021-06-19;7875;6628;1269674;697594;49.6;27.3
24;2021-06-20;547;851;1270221;698445;49.6;27.3
27;2020-12-27;4;0;4;0;0.0;0.0
27;2020-12-28;0;0;4;0;0.0;0.0
27;2020-12-29;19;0;23;0;0.0;0.0
27;2020-12-30;20;0;43;0;0.0;0.0
27;2020-12-31;2;0;45;0;0.0;0.0
27;2021-01-01;0;0;45;0;0.0;0.0
27;2021-01-02;1;0;46;0;0.0;0.0
27;2021-01-03;1;0;47;0;0.0;0.0
27;2021-01-04;27;0;74;0;0.0;0.0
27;2021-01-05;263;0;337;0;0.0;0.0
27;2021-01-06;718;1;1055;1;0.0;0.0
27;2021-01-07;1555;3;2610;4;0.1;0.0
27;2021-01-08;1895;3;4505;7;0.2;0.0
27;2021-01-09;689;0;5194;7;0.2;0.0
27;2021-01-10;3;0;5197;7;0.2;0.0
27;2021-01-11;2419;3;7616;10;0.3;0.0
27;2021-01-12;3823;4;11439;14;0.4;0.0
27;2021-01-13;3847;8;15286;22;0.5;0.0
27;2021-01-14;4751;48;20037;70;0.7;0.0
27;2021-01-15;3593;20;23630;90;0.8;0.0
27;2021-01-16;793;11;24423;101;0.9;0.0
27;2021-01-17;116;1;24539;102;0.9;0.0
27;2021-01-18;6249;19;30788;121;1.1;0.0
27;2021-01-19;8392;23;39180;144;1.4;0.0
27;2021-01-20;7900;59;47080;203;1.7;0.0
27;2021-01-21;9452;19;56532;222;2.0;0.0
27;2021-01-22;7704;17;64236;239;2.3;0.0
27;2021-01-23;2985;6;67221;245;2.4;0.0
27;2021-01-24;347;0;67568;245;2.4;0.0
27;2021-01-25;5219;30;72787;275;2.6;0.0
27;2021-01-26;7389;227;80176;502;2.9;0.0
27;2021-01-27;7096;347;87272;849;3.1;0.0
27;2021-01-28;6332;893;93604;1742;3.4;0.1
27;2021-01-29;5908;1265;99512;3007;3.6;0.1
27;2021-01-30;2485;347;101997;3354;3.7;0.1
27;2021-01-31;252;22;102249;3376;3.7;0.1
27;2021-02-01;3358;1403;105607;4779;3.8;0.2
27;2021-02-02;4040;2225;109647;7004;3.9;0.3
27;2021-02-03;3618;2396;113265;9400;4.1;0.3
27;2021-02-04;3703;3152;116968;12552;4.2;0.5
27;2021-02-05;3241;2588;120209;15140;4.3;0.5
27;2021-02-06;1608;671;121817;15811;4.4;0.6
27;2021-02-07;5;87;121822;15898;4.4;0.6
27;2021-02-08;2911;2685;124733;18583;4.5;0.7
27;2021-02-09;3015;3661;127748;22244;4.6;0.8
27;2021-02-10;3055;3411;130803;25655;4.7;0.9
27;2021-02-11;3316;4651;134119;30306;4.8;1.1
27;2021-02-12;2727;4463;136846;34769;4.9;1.2
27;2021-02-13;985;1466;137831;36235;5.0;1.3
27;2021-02-14;258;300;138089;36535;5.0;1.3
27;2021-02-15;1240;5759;139329;42294;5.0;1.5
27;2021-02-16;1507;7439;140836;49733;5.1;1.8
27;2021-02-17;1807;6917;142643;56650;5.1;2.0
27;2021-02-18;2143;6471;144786;63121;5.2;2.3
27;2021-02-19;1732;5671;146518;68792;5.3;2.5
27;2021-02-20;711;2180;147229;70972;5.3;2.6
27;2021-02-21;2;280;147231;71252;5.3;2.6
27;2021-02-22;978;4902;148209;76154;5.3;2.7
27;2021-02-23;1203;5449;149412;81603;5.4;2.9
27;2021-02-24;1507;4869;150919;86472;5.4;3.1
27;2021-02-25;2921;5062;153840;91534;5.5;3.3
27;2021-02-26;3684;4215;157524;95749;5.7;3.4
27;2021-02-27;1911;1957;159435;97706;5.7;3.5
27;2021-02-28;107;282;159542;97988;5.7;3.5
27;2021-03-01;3669;3508;163211;101496;5.9;3.6
27;2021-03-02;5409;4341;168620;105837;6.1;3.8
27;2021-03-03;5960;3572;174580;109409;6.3;3.9
27;2021-03-04;7704;3566;182284;112975;6.5;4.1
27;2021-03-05;9697;3191;191981;116166;6.9;4.2
27;2021-03-06;6226;1081;198207;117247;7.1;4.2
27;2021-03-07;872;187;199079;117434;7.2;4.2
27;2021-03-08;4542;3421;203621;120855;7.3;4.3
27;2021-03-09;8420;3391;212041;124246;7.6;4.5
27;2021-03-10;8716;2810;220757;127056;7.9;4.6
27;2021-03-11;10264;3200;231021;130256;8.3;4.7
27;2021-03-12;11887;2463;242908;132719;8.7;4.8
27;2021-03-13;7048;695;249956;133414;9.0;4.8
27;2021-03-14;212;60;250168;133474;9.0;4.8
27;2021-03-15;7321;1380;257489;134854;9.3;4.8
27;2021-03-16;8246;1090;265735;135944;9.5;4.9
27;2021-03-17;8535;1179;274270;137123;9.9;4.9
27;2021-03-18;8626;1417;282896;138540;10.2;5.0
27;2021-03-19;9442;1089;292338;139629;10.5;5.0
27;2021-03-20;5670;395;298008;140024;10.7;5.0
27;2021-03-21;238;11;298246;140035;10.7;5.0
27;2021-03-22;9332;958;307578;140993;11.1;5.1
27;2021-03-23;14710;1184;322288;142177;11.6;5.1
27;2021-03-24;15178;1245;337466;143422;12.1;5.2
27;2021-03-25;18373;1455;355839;144877;12.8;5.2
27;2021-03-26;18386;1249;374225;146126;13.4;5.3
27;2021-03-27;7684;408;381909;146534;13.7;5.3
27;2021-03-28;492;124;382401;146658;13.7;5.3
27;2021-03-29;10027;3396;392428;150054;14.1;5.4
27;2021-03-30;12957;3997;405385;154051;14.6;5.5
27;2021-03-31;12836;4194;418221;158245;15.0;5.7
27;2021-04-01;14542;4127;432763;162372;15.6;5.8
27;2021-04-02;12939;4044;445702;166416;16.0;6.0
27;2021-04-03;4476;1135;450178;167551;16.2;6.0
27;2021-04-04;69;35;450247;167586;16.2;6.0
27;2021-04-05;345;7;450592;167593;16.2;6.0
27;2021-04-06;9558;6177;460150;173770;16.5;6.2
27;2021-04-07;10189;6461;470339;180231;16.9;6.5
27;2021-04-08;15715;6141;486054;186372;17.5;6.7
27;2021-04-09;17827;5984;503881;192356;18.1;6.9
27;2021-04-10;6062;1943;509943;194299;18.3;7.0
27;2021-04-11;419;83;510362;194382;18.3;7.0
27;2021-04-12;9059;6793;519421;201175;18.7;7.2
27;2021-04-13;11733;8499;531154;209674;19.1;7.5
27;2021-04-14;10282;7836;541436;217510;19.5;7.8
27;2021-04-15;12955;7660;554391;225170;19.9;8.1
27;2021-04-16;12752;6437;567143;231607;20.4;8.3
27;2021-04-17;5916;3024;573059;234631;20.6;8.4
27;2021-04-18;354;189;573413;234820;20.6;8.4
27;2021-04-19;6969;8855;580382;243675;20.9;8.8
27;2021-04-20;8473;10528;588855;254203;21.2;9.1
27;2021-04-21;8326;10134;597181;264337;21.5;9.5
27;2021-04-22;9851;11519;607032;275856;21.8;9.9
27;2021-04-23;11331;10290;618363;286146;22.2;10.3
27;2021-04-24;5162;3949;623525;290095;22.4;10.4
27;2021-04-25;440;294;623965;290389;22.4;10.4
27;2021-04-26;9538;8741;633503;299130;22.8;10.7
27;2021-04-27;13456;10233;646959;309363;23.2;11.1
27;2021-04-28;14189;10348;661148;319711;23.8;11.5
27;2021-04-29;17872;11514;679020;331225;24.4;11.9
27;2021-04-30;18715;9498;697735;340723;25.1;12.2
27;2021-05-01;5426;1539;703161;342262;25.3;12.3
27;2021-05-02;601;73;703762;342335;25.3;12.3
27;2021-05-03;14898;6311;718660;348646;25.8;12.5
27;2021-05-04;13928;10783;732588;359429;26.3;12.9
27;2021-05-05;15551;10011;748139;369440;26.9;13.3
27;2021-05-06;18266;12324;766405;381764;27.5;13.7
27;2021-05-07;17211;11738;783616;393502;28.2;14.1
27;2021-05-08;5942;1507;789558;395009;28.4;14.2
27;2021-05-09;533;439;790091;395448;28.4;14.2
27;2021-05-10;15187;9851;805278;405299;28.9;14.6
27;2021-05-11;20707;12848;825985;418147;29.7;15.0
27;2021-05-12;19524;11699;845509;429846;30.4;15.4
27;2021-05-13;12270;2010;857779;431856;30.8;15.5
27;2021-05-14;22852;8336;880631;440192;31.6;15.8
27;2021-05-15;15362;3386;895993;443578;32.2;15.9
27;2021-05-16;1881;232;897874;443810;32.3;15.9
27;2021-05-17;18919;6767;916793;450577;32.9;16.2
27;2021-05-18;20494;9262;937287;459839;33.7;16.5
27;2021-05-19;22204;7272;959491;467111;34.5;16.8
27;2021-05-20;23171;8169;982662;475280;35.3;17.1
27;2021-05-21;21062;10023;1003724;485303;36.1;17.4
27;2021-05-22;8254;3593;1011978;488896;36.4;17.6
27;2021-05-23;901;303;1012879;489199;36.4;17.6
27;2021-05-24;4223;1080;1017102;490279;36.5;17.6
27;2021-05-25;14840;11606;1031942;501885;37.1;18.0
27;2021-05-26;15340;10622;1047282;512507;37.6;18.4
27;2021-05-27;18362;11792;1065644;524299;38.3;18.8
27;2021-05-28;16054;14105;1081698;538404;38.9;19.3
27;2021-05-29;6807;5148;1088505;543552;39.1;19.5
27;2021-05-30;390;255;1088895;543807;39.1;19.5
27;2021-05-31;13300;10920;1102195;554727;39.6;19.9
27;2021-06-01;16490;13415;1118685;568142;40.2;20.4
27;2021-06-02;16137;11432;1134822;579574;40.8;20.8
27;2021-06-03;17717;11849;1152539;591423;41.4;21.3
27;2021-06-04;16158;14605;1168697;606028;42.0;21.8
27;2021-06-05;8336;6747;1177033;612775;42.3;22.0
27;2021-06-06;1717;644;1178750;613419;42.4;22.0
27;2021-06-07;17421;13082;1196171;626501;43.0;22.5
27;2021-06-08;19858;15362;1216029;641863;43.7;23.1
27;2021-06-09;18682;12460;1234711;654323;44.4;23.5
27;2021-06-10;18966;13874;1253677;668197;45.0;24.0
27;2021-06-11;18086;17069;1271763;685266;45.7;24.6
27;2021-06-12;9463;7829;1281226;693095;46.0;24.9
27;2021-06-13;933;940;1282159;694035;46.1;24.9
27;2021-06-14;11051;17035;1293210;711070;46.5;25.6
27;2021-06-15;14109;17601;1307319;728671;47.0;26.2
27;2021-06-16;14647;15579;1321966;744250;47.5;26.7
27;2021-06-17;15129;17229;1337095;761479;48.0;27.4
27;2021-06-18;14711;20130;1351806;781609;48.6;28.1
27;2021-06-19;7624;8627;1359430;790236;48.8;28.4
27;2021-06-20;169;457;1359599;790693;48.9;28.4
28;2020-12-27;0;0;0;0;0.0;0.0
28;2020-12-28;1;0;1;0;0.0;0.0
28;2020-12-29;2;0;3;0;0.0;0.0
28;2020-12-30;0;0;3;0;0.0;0.0
28;2020-12-31;1;0;4;0;0.0;0.0
28;2021-01-01;2;0;6;0;0.0;0.0
28;2021-01-02;1;0;7;0;0.0;0.0
28;2021-01-03;1;0;8;0;0.0;0.0
28;2021-01-04;16;0;24;0;0.0;0.0
28;2021-01-05;169;0;193;0;0.0;0.0
28;2021-01-06;1393;2;1586;2;0.0;0.0
28;2021-01-07;2598;9;4184;11;0.1;0.0
28;2021-01-08;3428;3;7612;14;0.2;0.0
28;2021-01-09;1331;3;8943;17;0.3;0.0
28;2021-01-10;705;1;9648;18;0.3;0.0
28;2021-01-11;3179;4;12827;22;0.4;0.0
28;2021-01-12;3977;3;16804;25;0.5;0.0
28;2021-01-13;4302;6;21106;31;0.6;0.0
28;2021-01-14;8097;72;29203;103;0.9;0.0
28;2021-01-15;6219;25;35422;128;1.1;0.0
28;2021-01-16;2086;9;37508;137;1.1;0.0
28;2021-01-17;4071;21;41579;158;1.3;0.0
28;2021-01-18;8783;12;50362;170;1.5;0.0
28;2021-01-19;7141;13;57503;183;1.7;0.0
28;2021-01-20;6505;10;64008;193;1.9;0.0
28;2021-01-21;5992;9;70000;202;2.1;0.0
28;2021-01-22;5440;12;75440;214;2.3;0.0
28;2021-01-23;2019;7;77459;221;2.3;0.0
28;2021-01-24;1447;11;78906;232;2.4;0.0
28;2021-01-25;6238;179;85144;411;2.6;0.0
28;2021-01-26;4575;394;89719;805;2.7;0.0
28;2021-01-27;4034;765;93753;1570;2.8;0.0
28;2021-01-28;3755;1049;97508;2619;3.0;0.1
28;2021-01-29;3487;1306;100995;3925;3.1;0.1
28;2021-01-30;1386;517;102381;4442;3.1;0.1
28;2021-01-31;195;126;102576;4568;3.1;0.1
28;2021-02-01;2780;1661;105356;6229;3.2;0.2
28;2021-02-02;2985;2392;108341;8621;3.3;0.3
28;2021-02-03;2947;2671;111288;11292;3.4;0.3
28;2021-02-04;3725;5209;115013;16501;3.5;0.5
28;2021-02-05;3885;4393;118898;20894;3.6;0.6
28;2021-02-06;1138;1548;120036;22442;3.6;0.7
28;2021-02-07;715;1975;120751;24417;3.7;0.7
28;2021-02-08;3800;6861;124551;31278;3.8;0.9
28;2021-02-09;3459;6032;128010;37310;3.9;1.1
28;2021-02-10;3455;5075;131465;42385;4.0;1.3
28;2021-02-11;4208;4895;135673;47280;4.1;1.4
28;2021-02-12;4043;4614;139716;51894;4.2;1.6
28;2021-02-13;1124;1583;140840;53477;4.3;1.6
28;2021-02-14;285;1388;141125;54865;4.3;1.7
28;2021-02-15;2212;6281;143337;61146;4.3;1.9
28;2021-02-16;2654;5667;145991;66813;4.4;2.0
28;2021-02-17;1951;4557;147942;71370;4.5;2.2
28;2021-02-18;2568;4311;150510;75681;4.6;2.3
28;2021-02-19;2547;3721;153057;79402;4.6;2.4
28;2021-02-20;945;1260;154002;80662;4.7;2.4
28;2021-02-21;102;416;154104;81078;4.7;2.5
28;2021-02-22;1668;4234;155772;85312;4.7;2.6
28;2021-02-23;2172;3841;157944;89153;4.8;2.7
28;2021-02-24;2372;3897;160316;93050;4.9;2.8
28;2021-02-25;4771;4199;165087;97249;5.0;2.9
28;2021-02-26;5959;3738;171046;100987;5.2;3.1
28;2021-02-27;3008;1030;174054;102017;5.3;3.1
28;2021-02-28;340;387;174394;102404;5.3;3.1
28;2021-03-01;2524;4659;176918;107063;5.4;3.2
28;2021-03-02;3899;4099;180817;111162;5.5;3.4
28;2021-03-03;4789;3483;185606;114645;5.6;3.5
28;2021-03-04;7299;2859;192905;117504;5.8;3.6
28;2021-03-05;10143;2492;203048;119996;6.1;3.6
28;2021-03-06;9807;786;212855;120782;6.4;3.7
28;2021-03-07;3771;127;216626;120909;6.6;3.7
28;2021-03-08;5865;3277;222491;124186;6.7;3.8
28;2021-03-09;9283;2816;231774;127002;7.0;3.8
28;2021-03-10;9800;2440;241574;129442;7.3;3.9
28;2021-03-11;13955;2004;255529;131446;7.7;4.0
28;2021-03-12;17983;1543;273512;132989;8.3;4.0
28;2021-03-13;11145;521;284657;133510;8.6;4.0
28;2021-03-14;2258;99;286915;133609;8.7;4.0
28;2021-03-15;8643;865;295558;134474;8.9;4.1
28;2021-03-16;7486;1187;303044;135661;9.2;4.1
28;2021-03-17;7716;1185;310760;136846;9.4;4.1
28;2021-03-18;8162;1369;318922;138215;9.7;4.2
28;2021-03-19;11562;1457;330484;139672;10.0;4.2
28;2021-03-20;9667;539;340151;140211;10.3;4.2
28;2021-03-21;2409;20;342560;140231;10.4;4.2
28;2021-03-22;9382;1630;351942;141861;10.7;4.3
28;2021-03-23;12481;1506;364423;143367;11.0;4.3
28;2021-03-24;13249;1588;377672;144955;11.4;4.4
28;2021-03-25;17612;1807;395284;146762;12.0;4.4
28;2021-03-26;20815;1868;416099;148630;12.6;4.5
28;2021-03-27;11491;1120;427590;149750;12.9;4.5
28;2021-03-28;2964;88;430554;149838;13.0;4.5
28;2021-03-29;11755;2955;442309;152793;13.4;4.6
28;2021-03-30;14402;3061;456711;155854;13.8;4.7
28;2021-03-31;14361;3555;471072;159409;14.3;4.8
28;2021-04-01;18002;5536;489074;164945;14.8;5.0
28;2021-04-02;16800;6378;505874;171323;15.3;5.2
28;2021-04-03;6995;3962;512869;175285;15.5;5.3
28;2021-04-04;1776;797;514645;176082;15.6;5.3
28;2021-04-05;3288;737;517933;176819;15.7;5.4
28;2021-04-06;10802;7369;528735;184188;16.0;5.6
28;2021-04-07;12682;6946;541417;191134;16.4;5.8
28;2021-04-08;17653;7537;559070;198671;16.9;6.0
28;2021-04-09;23799;7826;582869;206497;17.6;6.3
28;2021-04-10;13819;4118;596688;210615;18.1;6.4
28;2021-04-11;3028;1192;599716;211807;18.2;6.4
28;2021-04-12;13761;8029;613477;219836;18.6;6.7
28;2021-04-13;16170;8042;629647;227878;19.1;6.9
28;2021-04-14;14287;8015;643934;235893;19.5;7.1
28;2021-04-15;17209;8392;661143;244285;20.0;7.4
28;2021-04-16;20227;7824;681370;252109;20.6;7.6
28;2021-04-17;12731;5019;694101;257128;21.0;7.8
28;2021-04-18;2287;1241;696388;258369;21.1;7.8
28;2021-04-19;10863;8867;707251;267236;21.4;8.1
28;2021-04-20;13896;9769;721147;277005;21.8;8.4
28;2021-04-21;13273;9992;734420;286997;22.2;8.7
28;2021-04-22;15279;11897;749699;298894;22.7;9.0
28;2021-04-23;16417;12316;766116;311210;23.2;9.4
28;2021-04-24;12575;7262;778691;318472;23.6;9.6
28;2021-04-25;3293;1912;781984;320384;23.7;9.7
28;2021-04-26;12533;10179;794517;330563;24.1;10.0
28;2021-04-27;14849;11737;809366;342300;24.5;10.4
28;2021-04-28;15044;10704;824410;353004;25.0;10.7
28;2021-04-29;18437;11752;842847;364756;25.5;11.0
28;2021-04-30;20361;11885;863208;376641;26.1;11.4
28;2021-05-01;12805;2968;876013;379609;26.5;11.5
28;2021-05-02;5983;1837;881996;381446;26.7;11.5
28;2021-05-03;12846;9998;894842;391444;27.1;11.8
28;2021-05-04;13805;13132;908647;404576;27.5;12.2
28;2021-05-05;13936;14463;922583;419039;27.9;12.7
28;2021-05-06;18298;15095;940881;434134;28.5;13.1
28;2021-05-07;17803;17372;958684;451506;29.0;13.7
28;2021-05-08;12603;4693;971287;456199;29.4;13.8
28;2021-05-09;7144;1823;978431;458022;29.6;13.9
28;2021-05-10;14146;14789;992577;472811;30.0;14.3
28;2021-05-11;18056;15327;1010633;488138;30.6;14.8
28;2021-05-12;18692;13943;1029325;502081;31.2;15.2
28;2021-05-13;19604;3705;1048929;505786;31.8;15.3
28;2021-05-14;26273;12494;1075202;518280;32.5;15.7
28;2021-05-15;26866;7057;1102068;525337;33.4;15.9
28;2021-05-16;14100;1563;1116168;526900;33.8;15.9
28;2021-05-17;16141;9414;1132309;536314;34.3;16.2
28;2021-05-18;20994;8752;1153303;545066;34.9;16.5
28;2021-05-19;20847;8467;1174150;553533;35.5;16.8
28;2021-05-20;23069;9634;1197219;563167;36.2;17.0
28;2021-05-21;21351;12066;1218570;575233;36.9;17.4
28;2021-05-22;17533;5968;1236103;581201;37.4;17.6
28;2021-05-23;9106;920;1245209;582121;37.7;17.6
28;2021-05-24;13390;3162;1258599;585283;38.1;17.7
28;2021-05-25;19107;11579;1277706;596862;38.7;18.1
28;2021-05-26;19222;9999;1296928;606861;39.3;18.4
28;2021-05-27;21684;12360;1318612;619221;39.9;18.7
28;2021-05-28;21561;16500;1340173;635721;40.6;19.2
28;2021-05-29;17542;10156;1357715;645877;41.1;19.6
28;2021-05-30;6266;1265;1363981;647142;41.3;19.6
28;2021-05-31;19810;11924;1383791;659066;41.9;20.0
28;2021-06-01;23670;13828;1407461;672894;42.6;20.4
28;2021-06-02;20735;12310;1428196;685204;43.2;20.7
28;2021-06-03;26440;14644;1454636;699848;44.0;21.2
28;2021-06-04;24524;18901;1479160;718749;44.8;21.8
28;2021-06-05;18344;12074;1497504;730823;45.3;22.1
28;2021-06-06;7581;2401;1505085;733224;45.6;22.2
28;2021-06-07;19208;14153;1524293;747377;46.1;22.6
28;2021-06-08;22865;15558;1547158;762935;46.8;23.1
28;2021-06-09;19453;14645;1566611;777580;47.4;23.5
28;2021-06-10;21137;14757;1587748;792337;48.1;24.0
28;2021-06-11;20978;21116;1608726;813453;48.7;24.6
28;2021-06-12;17905;17117;1626631;830570;49.2;25.1
28;2021-06-13;6337;5878;1632968;836448;49.4;25.3
28;2021-06-14;13854;17706;1646822;854154;49.9;25.9
28;2021-06-15;16161;18693;1662983;872847;50.3;26.4
28;2021-06-16;16645;18539;1679628;891386;50.8;27.0
28;2021-06-17;17178;20478;1696806;911864;51.4;27.6
28;2021-06-18;18428;24380;1715234;936244;51.9;28.3
28;2021-06-19;14760;15753;1729994;951997;52.4;28.8
28;2021-06-20;4977;5105;1734971;957102;52.5;29.0
32;2020-12-27;1;0;1;0;0.0;0.0
32;2020-12-28;26;0;27;0;0.0;0.0
32;2020-12-29;12;0;39;0;0.0;0.0
32;2020-12-30;0;0;39;0;0.0;0.0
32;2020-12-31;0;0;39;0;0.0;0.0
32;2021-01-01;1;0;40;0;0.0;0.0
32;2021-01-02;6;0;46;0;0.0;0.0
32;2021-01-03;4;0;50;0;0.0;0.0
32;2021-01-04;82;0;132;0;0.0;0.0
32;2021-01-05;300;0;432;0;0.0;0.0
32;2021-01-06;787;2;1219;2;0.0;0.0
32;2021-01-07;2431;4;3650;6;0.1;0.0
32;2021-01-08;3164;9;6814;15;0.1;0.0
32;2021-01-09;957;3;7771;18;0.1;0.0
32;2021-01-10;639;0;8410;18;0.1;0.0
32;2021-01-11;3268;6;11678;24;0.2;0.0
32;2021-01-12;5004;6;16682;30;0.3;0.0
32;2021-01-13;4940;11;21622;41;0.4;0.0
32;2021-01-14;5722;44;27344;85;0.5;0.0
32;2021-01-15;5223;24;32567;109;0.5;0.0
32;2021-01-16;1636;11;34203;120;0.6;0.0
32;2021-01-17;860;3;35063;123;0.6;0.0
32;2021-01-18;7231;20;42294;143;0.7;0.0
32;2021-01-19;9897;35;52191;178;0.9;0.0
32;2021-01-20;10345;29;62536;207;1.0;0.0
32;2021-01-21;12701;43;75237;250;1.3;0.0
32;2021-01-22;9874;27;85111;277;1.4;0.0
32;2021-01-23;3409;4;88520;281;1.5;0.0
32;2021-01-24;1119;2;89639;283;1.5;0.0
32;2021-01-25;6864;84;96503;367;1.6;0.0
32;2021-01-26;7447;180;103950;547;1.7;0.0
32;2021-01-27;4828;512;108778;1059;1.8;0.0
32;2021-01-28;8588;1689;117366;2748;2.0;0.0
32;2021-01-29;5379;1860;122745;4608;2.1;0.1
32;2021-01-30;534;413;123279;5021;2.1;0.1
32;2021-01-31;67;74;123346;5095;2.1;0.1
32;2021-02-01;191;1816;123537;6911;2.1;0.1
32;2021-02-02;786;3170;124323;10081;2.1;0.2
32;2021-02-03;4069;3190;128392;13271;2.2;0.2
32;2021-02-04;3682;3620;132074;16891;2.2;0.3
32;2021-02-05;1962;3280;134036;20171;2.2;0.3
32;2021-02-06;516;874;134552;21045;2.3;0.4
32;2021-02-07;539;97;135091;21142;2.3;0.4
32;2021-02-08;1866;3683;136957;24825;2.3;0.4
32;2021-02-09;2550;4368;139507;29193;2.3;0.5
32;2021-02-10;2983;5345;142490;34538;2.4;0.6
32;2021-02-11;4773;6196;147263;40734;2.5;0.7
32;2021-02-12;5086;4664;152349;45398;2.6;0.8
32;2021-02-13;939;1893;153288;47291;2.6;0.8
32;2021-02-14;116;711;153404;48002;2.6;0.8
32;2021-02-15;3614;6925;157018;54927;2.6;0.9
32;2021-02-16;4028;8238;161046;63165;2.7;1.1
32;2021-02-17;4279;8692;165325;71857;2.8;1.2
32;2021-02-18;7024;11435;172349;83292;2.9;1.4
32;2021-02-19;7079;8309;179428;91601;3.0;1.5
32;2021-02-20;2515;3016;181943;94617;3.1;1.6
32;2021-02-21;434;489;182377;95106;3.1;1.6
32;2021-02-22;3260;5332;185637;100438;3.1;1.7
32;2021-02-23;5503;5925;191140;106363;3.2;1.8
32;2021-02-24;7441;6057;198581;112420;3.3;1.9
32;2021-02-25;12826;5021;211407;117441;3.5;2.0
32;2021-02-26;12534;2882;223941;120323;3.8;2.0
32;2021-02-27;6485;307;230426;120630;3.9;2.0
32;2021-02-28;363;134;230789;120764;3.9;2.0
32;2021-03-01;7241;854;238030;121618;4.0;2.0
32;2021-03-02;10959;985;248989;122603;4.2;2.1
32;2021-03-03;11982;1733;260971;124336;4.4;2.1
32;2021-03-04;15095;2436;276066;126772;4.6;2.1
32;2021-03-05;17115;2095;293181;128867;4.9;2.2
32;2021-03-06;28083;1029;321264;129896;5.4;2.2
32;2021-03-07;19861;481;341125;130377;5.7;2.2
32;2021-03-08;8912;2560;350037;132937;5.9;2.2
32;2021-03-09;14280;3309;364317;136246;6.1;2.3
32;2021-03-10;15761;3211;380078;139457;6.4;2.3
32;2021-03-11;20921;4689;400999;144146;6.7;2.4
32;2021-03-12;26044;4217;427043;148363;7.2;2.5
32;2021-03-13;41568;1981;468611;150344;7.9;2.5
32;2021-03-14;20098;574;488709;150918;8.2;2.5
32;2021-03-15;13039;3583;501748;154501;8.4;2.6
32;2021-03-16;9789;3478;511537;157979;8.6;2.6
32;2021-03-17;9712;4127;521249;162106;8.7;2.7
32;2021-03-18;10010;5035;531259;167141;8.9;2.8
32;2021-03-19;17941;3805;549200;170946;9.2;2.9
32;2021-03-20;36475;1955;585675;172901;9.8;2.9
32;2021-03-21;19836;762;605511;173663;10.2;2.9
32;2021-03-22;12136;4274;617647;177937;10.4;3.0
32;2021-03-23;18905;5925;636552;183862;10.7;3.1
32;2021-03-24;17898;6138;654450;190000;11.0;3.2
32;2021-03-25;25259;5686;679709;195686;11.4;3.3
32;2021-03-26;28973;5886;708682;201572;11.9;3.4
32;2021-03-27;36640;2142;745322;203714;12.5;3.4
32;2021-03-28;18637;605;763959;204319;12.8;3.4
32;2021-03-29;14565;7032;778524;211351;13.1;3.5
32;2021-03-30;18854;8644;797378;219995;13.4;3.7
32;2021-03-31;15763;9299;813141;229294;13.6;3.8
32;2021-04-01;18194;11024;831335;240318;13.9;4.0
32;2021-04-02;19943;12540;851278;252858;14.3;4.2
32;2021-04-03;30005;10146;881283;263004;14.8;4.4
32;2021-04-04;11650;4722;892933;267726;15.0;4.5
32;2021-04-05;9587;2322;902520;270048;15.1;4.5
32;2021-04-06;14240;10869;916760;280917;15.4;4.7
32;2021-04-07;18029;12537;934789;293454;15.7;4.9
32;2021-04-08;23474;12931;958263;306385;16.1;5.1
32;2021-04-09;29865;13095;988128;319480;16.6;5.4
32;2021-04-10;26092;18778;1014220;338258;17.0;5.7
32;2021-04-11;9130;11999;1023350;350257;17.2;5.9
32;2021-04-12;15377;9489;1038727;359746;17.4;6.0
32;2021-04-13;21772;11550;1060499;371296;17.8;6.2
32;2021-04-14;22432;11095;1082931;382391;18.2;6.4
32;2021-04-15;25695;11107;1108626;393498;18.6;6.6
32;2021-04-16;25263;12417;1133889;405915;19.0;6.8
32;2021-04-17;17923;22968;1151812;428883;19.3;7.2
32;2021-04-18;6387;14039;1158199;442922;19.4;7.4
32;2021-04-19;11630;9793;1169829;452715;19.6;7.6
32;2021-04-20;16400;12275;1186229;464990;19.9;7.8
32;2021-04-21;15774;12558;1202003;477548;20.2;8.0
32;2021-04-22;19022;14972;1221025;492520;20.5;8.3
32;2021-04-23;19624;15948;1240649;508468;20.8;8.5
32;2021-04-24;15418;21012;1256067;529480;21.1;8.9
32;2021-04-25;6947;12283;1263014;541763;21.2;9.1
32;2021-04-26;13207;10705;1276221;552468;21.4;9.3
32;2021-04-27;18669;14096;1294890;566564;21.7;9.5
32;2021-04-28;20157;16014;1315047;582578;22.1;9.8
32;2021-04-29;22376;19911;1337423;602489;22.4;10.1
32;2021-04-30;24985;21546;1362408;624035;22.8;10.5
32;2021-05-01;23020;13907;1385428;637942;23.2;10.7
32;2021-05-02;20944;10325;1406372;648267;23.6;10.9
32;2021-05-03;21921;11272;1428293;659539;24.0;11.1
32;2021-05-04;23797;16264;1452090;675803;24.4;11.3
32;2021-05-05;23923;17400;1476013;693203;24.8;11.6
32;2021-05-06;25707;19869;1501720;713072;25.2;12.0
32;2021-05-07;30727;21475;1532447;734547;25.7;12.3
32;2021-05-08;34493;9027;1566940;743574;26.3;12.5
32;2021-05-09;26794;6493;1593734;750067;26.7;12.6
32;2021-05-10;24143;16081;1617877;766148;27.1;12.8
32;2021-05-11;31243;18990;1649120;785138;27.7;13.2
32;2021-05-12;37030;18736;1686150;803874;28.3;13.5
32;2021-05-13;40425;7262;1726575;811136;29.0;13.6
32;2021-05-14;41680;14542;1768255;825678;29.7;13.8
32;2021-05-15;59485;12065;1827740;837743;30.7;14.0
32;2021-05-16;47767;4780;1875507;842523;31.5;14.1
32;2021-05-17;31376;10900;1906883;853423;32.0;14.3
32;2021-05-18;36510;12422;1943393;865845;32.6;14.5
32;2021-05-19;38712;11503;1982105;877348;33.2;14.7
32;2021-05-20;39679;14878;2021784;892226;33.9;15.0
32;2021-05-21;42256;16924;2064040;909150;34.6;15.2
32;2021-05-22;57667;13026;2121707;922176;35.6;15.5
32;2021-05-23;38864;4365;2160571;926541;36.2;15.5
32;2021-05-24;28423;3813;2188994;930354;36.7;15.6
32;2021-05-25;31027;14847;2220021;945201;37.2;15.9
32;2021-05-26;33919;16737;2253940;961938;37.8;16.1
32;2021-05-27;34564;20640;2288504;982578;38.4;16.5
32;2021-05-28;34233;25139;2322737;1007717;39.0;16.9
32;2021-05-29;37375;19592;2360112;1027309;39.6;17.2
32;2021-05-30;16086;3509;2376198;1030818;39.9;17.3
32;2021-05-31;27862;16509;2404060;1047327;40.3;17.6
32;2021-06-01;32720;23997;2436780;1071324;40.9;18.0
32;2021-06-02;32165;21653;2468945;1092977;41.4;18.3
32;2021-06-03;34265;25040;2503210;1118017;42.0;18.8
32;2021-06-04;35825;27681;2539035;1145698;42.6;19.2
32;2021-06-05;34313;22746;2573348;1168444;43.2;19.6
32;2021-06-06;16509;5703;2589857;1174147;43.4;19.7
32;2021-06-07;21156;19331;2611013;1193478;43.8;20.0
32;2021-06-08;26636;24390;2637649;1217868;44.2;20.4
32;2021-06-09;23892;24314;2661541;1242182;44.6;20.8
32;2021-06-10;24877;26398;2686418;1268580;45.1;21.3
32;2021-06-11;26303;36024;2712721;1304604;45.5;21.9
32;2021-06-12;25936;31477;2738657;1336081;45.9;22.4
32;2021-06-13;11795;14801;2750452;1350882;46.1;22.7
32;2021-06-14;13183;28020;2763635;1378902;46.3;23.1
32;2021-06-15;19550;34574;2783185;1413476;46.7;23.7
32;2021-06-16;20408;32398;2803593;1445874;47.0;24.2
32;2021-06-17;21339;34891;2824932;1480765;47.4;24.8
32;2021-06-18;21408;42530;2846340;1523295;47.7;25.5
32;2021-06-19;22428;43731;2868768;1567026;48.1;26.3
32;2021-06-20;9174;19066;2877942;1586092;48.3;26.6
44;2020-12-27;0;0;0;0;0.0;0.0
44;2020-12-28;0;0;0;0;0.0;0.0
44;2020-12-29;0;0;0;0;0.0;0.0
44;2020-12-30;0;0;0;0;0.0;0.0
44;2020-12-31;11;0;11;0;0.0;0.0
44;2021-01-01;1;0;12;0;0.0;0.0
44;2021-01-02;3;0;15;0;0.0;0.0
44;2021-01-03;3;0;18;0;0.0;0.0
44;2021-01-04;243;0;261;0;0.0;0.0
44;2021-01-05;770;0;1031;0;0.0;0.0
44;2021-01-06;1243;2;2274;2;0.0;0.0
44;2021-01-07;2425;4;4699;6;0.1;0.0
44;2021-01-08;3130;8;7829;14;0.1;0.0
44;2021-01-09;942;2;8771;16;0.2;0.0
44;2021-01-10;238;0;9009;16;0.2;0.0
44;2021-01-11;2981;7;11990;23;0.2;0.0
44;2021-01-12;5279;7;17269;30;0.3;0.0
44;2021-01-13;7662;18;24931;48;0.5;0.0
44;2021-01-14;9547;82;34478;130;0.6;0.0
44;2021-01-15;6695;28;41173;158;0.7;0.0
44;2021-01-16;1917;10;43090;168;0.8;0.0
44;2021-01-17;902;1;43992;169;0.8;0.0
44;2021-01-18;8711;25;52703;194;1.0;0.0
44;2021-01-19;10654;16;63357;210;1.1;0.0
44;2021-01-20;11025;42;74382;252;1.3;0.0
44;2021-01-21;11723;27;86105;279;1.6;0.0
44;2021-01-22;9631;30;95736;309;1.7;0.0
44;2021-01-23;3286;20;99022;329;1.8;0.0
44;2021-01-24;1567;4;100589;333;1.8;0.0
44;2021-01-25;6626;303;107215;636;1.9;0.0
44;2021-01-26;5641;435;112856;1071;2.0;0.0
44;2021-01-27;7374;600;120230;1671;2.2;0.0
44;2021-01-28;8793;1249;129023;2920;2.3;0.1
44;2021-01-29;6756;1800;135779;4720;2.5;0.1
44;2021-01-30;2547;496;138326;5216;2.5;0.1
44;2021-01-31;1250;55;139576;5271;2.5;0.1
44;2021-02-01;6381;2382;145957;7653;2.6;0.1
44;2021-02-02;6214;3812;152171;11465;2.8;0.2
44;2021-02-03;5596;4552;157767;16017;2.9;0.3
44;2021-02-04;6440;6969;164207;22986;3.0;0.4
44;2021-02-05;6389;5237;170596;28223;3.1;0.5
44;2021-02-06;1972;1207;172568;29430;3.1;0.5
44;2021-02-07;406;594;172974;30024;3.1;0.5
44;2021-02-08;3822;4470;176796;34494;3.2;0.6
44;2021-02-09;5718;5842;182514;40336;3.3;0.7
44;2021-02-10;6250;6044;188764;46380;3.4;0.8
44;2021-02-11;7060;6570;195824;52950;3.6;1.0
44;2021-02-12;7279;5554;203103;58504;3.7;1.1
44;2021-02-13;2543;1257;205646;59761;3.7;1.1
44;2021-02-14;1612;826;207258;60587;3.8;1.1
44;2021-02-15;3995;7212;211253;67799;3.8;1.2
44;2021-02-16;4563;7982;215816;75781;3.9;1.4
44;2021-02-17;4705;8549;220521;84330;4.0;1.5
44;2021-02-18;6026;9278;226547;93608;4.1;1.7
44;2021-02-19;5541;7503;232088;101111;4.2;1.8
44;2021-02-20;2337;2842;234425;103953;4.3;1.9
44;2021-02-21;541;1401;234966;105354;4.3;1.9
44;2021-02-22;4485;7031;239451;112385;4.3;2.0
44;2021-02-23;6027;7262;245478;119647;4.5;2.2
44;2021-02-24;6601;5943;252079;125590;4.6;2.3
44;2021-02-25;10517;7568;262596;133158;4.8;2.4
44;2021-02-26;12367;6352;274963;139510;5.0;2.5
44;2021-02-27;7886;2160;282849;141670;5.1;2.6
44;2021-02-28;2116;519;284965;142189;5.2;2.6
44;2021-03-01;6078;4669;291043;146858;5.3;2.7
44;2021-03-02;9388;5660;300431;152518;5.5;2.8
44;2021-03-03;11268;5584;311699;158102;5.7;2.9
44;2021-03-04;13258;5782;324957;163884;5.9;3.0
44;2021-03-05;17871;5674;342828;169558;6.2;3.1
44;2021-03-06;21331;2152;364159;171710;6.6;3.1
44;2021-03-07;12198;736;376357;172446;6.8;3.1
44;2021-03-08;9399;4256;385756;176702;7.0;3.2
44;2021-03-09;15184;4950;400940;181652;7.3;3.3
44;2021-03-10;16598;5173;417538;186825;7.6;3.4
44;2021-03-11;20340;5648;437878;192473;7.9;3.5
44;2021-03-12;26783;5494;464661;197967;8.4;3.6
44;2021-03-13;24201;2390;488862;200357;8.9;3.6
44;2021-03-14;6765;874;495627;201231;9.0;3.7
44;2021-03-15;12952;3464;508579;204695;9.2;3.7
44;2021-03-16;12831;3971;521410;208666;9.5;3.8
44;2021-03-17;14188;3629;535598;212295;9.7;3.9
44;2021-03-18;15401;3758;550999;216053;10.0;3.9
44;2021-03-19;21403;3884;572402;219937;10.4;4.0
44;2021-03-20;15555;1940;587957;221877;10.7;4.0
44;2021-03-21;4617;285;592574;222162;10.8;4.0
44;2021-03-22;12518;3905;605092;226067;11.0;4.1
44;2021-03-23;19431;5064;624523;231131;11.3;4.2
44;2021-03-24;22041;5176;646564;236307;11.7;4.3
44;2021-03-25;28178;5753;674742;242060;12.2;4.4
44;2021-03-26;30326;5466;705068;247526;12.8;4.5
44;2021-03-27;16211;4677;721279;252203;13.1;4.6
44;2021-03-28;4076;1971;725355;254174;13.2;4.6
44;2021-03-29;14295;6102;739650;260276;13.4;4.7
44;2021-03-30;21384;7806;761034;268082;13.8;4.9
44;2021-03-31;20088;7988;781122;276070;14.2;5.0
44;2021-04-01;23524;9313;804646;285383;14.6;5.2
44;2021-04-02;16219;6880;820865;292263;14.9;5.3
44;2021-04-03;10184;5760;831049;298023;15.1;5.4
44;2021-04-04;3131;1650;834180;299673;15.1;5.4
44;2021-04-05;4423;1411;838603;301084;15.2;5.5
44;2021-04-06;13405;10541;852008;311625;15.5;5.7
44;2021-04-07;17636;12090;869644;323715;15.8;5.9
44;2021-04-08;25988;12379;895632;336094;16.2;6.1
44;2021-04-09;32184;12714;927816;348808;16.8;6.3
44;2021-04-10;18226;10039;946042;358847;17.2;6.5
44;2021-04-11;3028;5966;949070;364813;17.2;6.6
44;2021-04-12;16948;11226;966018;376039;17.5;6.8
44;2021-04-13;21957;13749;987975;389788;17.9;7.1
44;2021-04-14;23073;14036;1011048;403824;18.3;7.3
44;2021-04-15;26231;15341;1037279;419165;18.8;7.6
44;2021-04-16;28062;15176;1065341;434341;19.3;7.9
44;2021-04-17;19797;9017;1085138;443358;19.7;8.0
44;2021-04-18;5046;4629;1090184;447987;19.8;8.1
44;2021-04-19;16920;11733;1107104;459720;20.1;8.3
44;2021-04-20;19082;14278;1126186;473998;20.4;8.6
44;2021-04-21;21108;14928;1147294;488926;20.8;8.9
44;2021-04-22;23678;15850;1170972;504776;21.2;9.2
44;2021-04-23;27770;16527;1198742;521303;21.7;9.5
44;2021-04-24;16959;9139;1215701;530442;22.1;9.6
44;2021-04-25;4818;3558;1220519;534000;22.1;9.7
44;2021-04-26;16691;12001;1237210;546001;22.4;9.9
44;2021-04-27;21138;14605;1258348;560606;22.8;10.2
44;2021-04-28;23756;14768;1282104;575374;23.3;10.4
44;2021-04-29;28114;16910;1310218;592284;23.8;10.7
44;2021-04-30;33091;15976;1343309;608260;24.4;11.0
44;2021-05-01;14842;7003;1358151;615263;24.6;11.2
44;2021-05-02;7895;3986;1366046;619249;24.8;11.2
44;2021-05-03;23990;12345;1390036;631594;25.2;11.5
44;2021-05-04;26940;17237;1416976;648831;25.7;11.8
44;2021-05-05;30783;19113;1447759;667944;26.3;12.1
44;2021-05-06;37959;21036;1485718;688980;27.0;12.5
44;2021-05-07;36092;24754;1521810;713734;27.6;12.9
44;2021-05-08;19520;6672;1541330;720406;28.0;13.1
44;2021-05-09;11291;2895;1552621;723301;28.2;13.1
44;2021-05-10;24380;20704;1577001;744005;28.6;13.5
44;2021-05-11;34301;22824;1611302;766829;29.2;13.9
44;2021-05-12;36834;23900;1648136;790729;29.9;14.3
44;2021-05-13;27761;6329;1675897;797058;30.4;14.5
44;2021-05-14;43966;18754;1719863;815812;31.2;14.8
44;2021-05-15;33899;14018;1753762;829830;31.8;15.1
44;2021-05-16;15529;3479;1769291;833309;32.1;15.1
44;2021-05-17;27061;14454;1796352;847763;32.6;15.4
44;2021-05-18;34986;15198;1831338;862961;33.2;15.7
44;2021-05-19;36760;16277;1868098;879238;33.9;16.0
44;2021-05-20;40720;16363;1908818;895601;34.6;16.2
44;2021-05-21;42698;20826;1951516;916427;35.4;16.6
44;2021-05-22;27626;11520;1979142;927947;35.9;16.8
44;2021-05-23;8644;1708;1987786;929655;36.1;16.9
44;2021-05-24;17861;4633;2005647;934288;36.4;17.0
44;2021-05-25;30125;17547;2035772;951835;36.9;17.3
44;2021-05-26;32267;19441;2068039;971276;37.5;17.6
44;2021-05-27;34476;20768;2102515;992044;38.1;18.0
44;2021-05-28;37421;27747;2139936;1019791;38.8;18.5
44;2021-05-29;26730;20089;2166666;1039880;39.3;18.9
44;2021-05-30;6113;4205;2172779;1044085;39.4;18.9
44;2021-05-31;26949;19649;2199728;1063734;39.9;19.3
44;2021-06-01;31438;22843;2231166;1086577;40.5;19.7
44;2021-06-02;33462;22858;2264628;1109435;41.1;20.1
44;2021-06-03;34495;25218;2299123;1134653;41.7;20.6
44;2021-06-04;39879;32123;2339002;1166776;42.4;21.2
44;2021-06-05;23018;20067;2362020;1186843;42.9;21.5
44;2021-06-06;8296;4448;2370316;1191291;43.0;21.6
44;2021-06-07;28010;22018;2398326;1213309;43.5;22.0
44;2021-06-08;33467;26681;2431793;1239990;44.1;22.5
44;2021-06-09;34891;24767;2466684;1264757;44.8;22.9
44;2021-06-10;34361;25526;2501045;1290283;45.4;23.4
44;2021-06-11;32177;35311;2533222;1325594;46.0;24.1
44;2021-06-12;25587;23393;2558809;1348987;46.4;24.5
44;2021-06-13;6761;6052;2565570;1355039;46.5;24.6
44;2021-06-14;17441;29520;2583011;1384559;46.9;25.1
44;2021-06-15;23371;34886;2606382;1419445;47.3;25.8
44;2021-06-16;24120;36511;2630502;1455956;47.7;26.4
44;2021-06-17;23456;39098;2653958;1495054;48.2;27.1
44;2021-06-18;26102;42833;2680060;1537887;48.6;27.9
44;2021-06-19;20776;28129;2700836;1566016;49.0;28.4
44;2021-06-20;3653;6629;2704489;1572645;49.1;28.5
52;2020-12-27;0;0;0;0;0.0;0.0
52;2020-12-28;1;0;1;0;0.0;0.0
52;2020-12-29;0;0;1;0;0.0;0.0
52;2020-12-30;0;0;1;0;0.0;0.0
52;2020-12-31;0;0;1;0;0.0;0.0
52;2021-01-01;5;0;6;0;0.0;0.0
52;2021-01-02;1;0;7;0;0.0;0.0
52;2021-01-03;1;0;8;0;0.0;0.0
52;2021-01-04;34;0;42;0;0.0;0.0
52;2021-01-05;168;0;210;0;0.0;0.0
52;2021-01-06;384;1;594;1;0.0;0.0
52;2021-01-07;963;0;1557;1;0.0;0.0
52;2021-01-08;1664;2;3221;3;0.1;0.0
52;2021-01-09;1049;2;4270;5;0.1;0.0
52;2021-01-10;643;1;4913;6;0.1;0.0
52;2021-01-11;2197;0;7110;6;0.2;0.0
52;2021-01-12;3167;4;10277;10;0.3;0.0
52;2021-01-13;2983;4;13260;14;0.3;0.0
52;2021-01-14;3302;24;16562;38;0.4;0.0
52;2021-01-15;3014;9;19576;47;0.5;0.0
52;2021-01-16;894;7;20470;54;0.5;0.0
52;2021-01-17;499;3;20969;57;0.6;0.0
52;2021-01-18;3198;6;24167;63;0.6;0.0
52;2021-01-19;6553;8;30720;71;0.8;0.0
52;2021-01-20;8329;10;39049;81;1.0;0.0
52;2021-01-21;12166;11;51215;92;1.3;0.0
52;2021-01-22;7273;28;58488;120;1.5;0.0
52;2021-01-23;1677;5;60165;125;1.6;0.0
52;2021-01-24;174;0;60339;125;1.6;0.0
52;2021-01-25;3006;11;63345;136;1.7;0.0
52;2021-01-26;6737;153;70082;289;1.8;0.0
52;2021-01-27;7284;150;77366;439;2.0;0.0
52;2021-01-28;9728;467;87094;906;2.3;0.0
52;2021-01-29;5957;910;93051;1816;2.4;0.0
52;2021-01-30;1258;271;94309;2087;2.5;0.1
52;2021-01-31;79;314;94388;2401;2.5;0.1
52;2021-02-01;2521;1191;96909;3592;2.5;0.1
52;2021-02-02;2970;1859;99879;5451;2.6;0.1
52;2021-02-03;2685;2161;102564;7612;2.7;0.2
52;2021-02-04;2962;2115;105526;9727;2.8;0.3
52;2021-02-05;2965;2206;108491;11933;2.9;0.3
52;2021-02-06;1075;662;109566;12595;2.9;0.3
52;2021-02-07;151;297;109717;12892;2.9;0.3
52;2021-02-08;1930;2117;111647;15009;2.9;0.4
52;2021-02-09;3174;3718;114821;18727;3.0;0.5
52;2021-02-10;3319;4762;118140;23489;3.1;0.6
52;2021-02-11;6098;9300;124238;32789;3.3;0.9
52;2021-02-12;4704;5147;128942;37936;3.4;1.0
52;2021-02-13;1150;1242;130092;39178;3.4;1.0
52;2021-02-14;22;541;130114;39719;3.4;1.0
52;2021-02-15;2030;3533;132144;43252;3.5;1.1
52;2021-02-16;4111;6756;136255;50008;3.6;1.3
52;2021-02-17;3874;6950;140129;56958;3.7;1.5
52;2021-02-18;6137;9295;146266;66253;3.8;1.7
52;2021-02-19;5329;5830;151595;72083;4.0;1.9
52;2021-02-20;1028;1475;152623;73558;4.0;1.9
52;2021-02-21;6;274;152629;73832;4.0;1.9
52;2021-02-22;2644;3493;155273;77325;4.1;2.0
52;2021-02-23;3424;3700;158697;81025;4.2;2.1
52;2021-02-24;3298;3039;161995;84064;4.3;2.2
52;2021-02-25;6343;3214;168338;87278;4.4;2.3
52;2021-02-26;6202;2923;174540;90201;4.6;2.4
52;2021-02-27;2215;1046;176755;91247;4.6;2.4
52;2021-02-28;76;88;176831;91335;4.7;2.4
52;2021-03-01;3112;2331;179943;93666;4.7;2.5
52;2021-03-02;4723;3434;184666;97100;4.9;2.6
52;2021-03-03;5277;3409;189943;100509;5.0;2.6
52;2021-03-04;7785;4776;197728;105285;5.2;2.8
52;2021-03-05;9005;3927;206733;109212;5.4;2.9
52;2021-03-06;5635;1152;212368;110364;5.6;2.9
52;2021-03-07;2661;132;215029;110496;5.7;2.9
52;2021-03-08;5838;2422;220867;112918;5.8;3.0
52;2021-03-09;9545;3329;230412;116247;6.1;3.1
52;2021-03-10;9387;3393;239799;119640;6.3;3.1
52;2021-03-11;13571;5045;253370;124685;6.7;3.3
52;2021-03-12;15327;3749;268697;128434;7.1;3.4
52;2021-03-13;8282;758;276979;129192;7.3;3.4
52;2021-03-14;624;72;277603;129264;7.3;3.4
52;2021-03-15;8834;1915;286437;131179;7.5;3.5
52;2021-03-16;7573;2617;294010;133796;7.7;3.5
52;2021-03-17;6457;2383;300467;136179;7.9;3.6
52;2021-03-18;8298;2515;308765;138694;8.1;3.6
52;2021-03-19;11886;2128;320651;140822;8.4;3.7
52;2021-03-20;7084;757;327735;141579;8.6;3.7
52;2021-03-21;1688;46;329423;141625;8.7;3.7
52;2021-03-22;9010;2008;338433;143633;8.9;3.8
52;2021-03-23;13177;2591;351610;146224;9.2;3.8
52;2021-03-24;13255;2029;364865;148253;9.6;3.9
52;2021-03-25;18190;2799;383055;151052;10.1;4.0
52;2021-03-26;18922;2367;401977;153419;10.6;4.0
52;2021-03-27;7546;651;409523;154070;10.8;4.1
52;2021-03-28;2193;66;411716;154136;10.8;4.1
52;2021-03-29;10953;2717;422669;156853;11.1;4.1
52;2021-03-30;15652;3600;438321;160453;11.5;4.2
52;2021-03-31;13678;3248;451999;163701;11.9;4.3
52;2021-04-01;18855;3680;470854;167381;12.4;4.4
52;2021-04-02;17072;3501;487926;170882;12.8;4.5
52;2021-04-03;5513;1192;493439;172074;13.0;4.5
52;2021-04-04;1324;50;494763;172124;13.0;4.5
52;2021-04-05;1780;536;496543;172660;13.1;4.5
52;2021-04-06;11777;5245;508320;177905;13.4;4.7
52;2021-04-07;15183;5683;523503;183588;13.8;4.8
52;2021-04-08;21198;6382;544701;189970;14.3;5.0
52;2021-04-09;26604;5284;571305;195254;15.0;5.1
52;2021-04-10;10110;2358;581415;197612;15.3;5.2
52;2021-04-11;2567;434;583982;198046;15.4;5.2
52;2021-04-12;16326;6576;600308;204622;15.8;5.4
52;2021-04-13;20717;8161;621025;212783;16.3;5.6
52;2021-04-14;17633;6915;638658;219698;16.8;5.8
52;2021-04-15;21139;8022;659797;227720;17.4;6.0
52;2021-04-16;22578;7458;682375;235178;17.9;6.2
52;2021-04-17;9965;3028;692340;238206;18.2;6.3
52;2021-04-18;3036;1303;695376;239509;18.3;6.3
52;2021-04-19;14169;7810;709545;247319;18.7;6.5
52;2021-04-20;18255;9386;727800;256705;19.1;6.8
52;2021-04-21;15968;9149;743768;265854;19.6;7.0
52;2021-04-22;19401;10154;763169;276008;20.1;7.3
52;2021-04-23;20504;9957;783673;285965;20.6;7.5
52;2021-04-24;10010;4973;793683;290938;20.9;7.7
52;2021-04-25;3977;1942;797660;292880;21.0;7.7
52;2021-04-26;16815;9900;814475;302780;21.4;8.0
52;2021-04-27;21048;12549;835523;315329;22.0;8.3
52;2021-04-28;22752;10652;858275;325981;22.6;8.6
52;2021-04-29;25002;12666;883277;338647;23.2;8.9
52;2021-04-30;25633;12473;908910;351120;23.9;9.2
52;2021-05-01;8614;2473;917524;353593;24.1;9.3
52;2021-05-02;4298;1270;921822;354863;24.2;9.3
52;2021-05-03;19059;10620;940881;365483;24.7;9.6
52;2021-05-04;20065;14376;960946;379859;25.3;10.0
52;2021-05-05;20851;12756;981797;392615;25.8;10.3
52;2021-05-06;22462;13828;1004259;406443;26.4;10.7
52;2021-05-07;20683;18012;1024942;424455;27.0;11.2
52;2021-05-08;11218;2078;1036160;426533;27.3;11.2
52;2021-05-09;5395;2226;1041555;428759;27.4;11.3
52;2021-05-10;20704;17276;1062259;446035;27.9;11.7
52;2021-05-11;24821;19527;1087080;465562;28.6;12.2
52;2021-05-12;24616;17072;1111696;482634;29.2;12.7
52;2021-05-13;18550;2696;1130246;485330;29.7;12.8
52;2021-05-14;22659;12381;1152905;497711;30.3;13.1
52;2021-05-15;15615;5179;1168520;502890;30.7;13.2
52;2021-05-16;10270;1144;1178790;504034;31.0;13.3
52;2021-05-17;21085;14640;1199875;518674;31.6;13.6
52;2021-05-18;24669;14965;1224544;533639;32.2;14.0
52;2021-05-19;26690;11410;1251234;545049;32.9;14.3
52;2021-05-20;29250;11989;1280484;557038;33.7;14.7
52;2021-05-21;27310;13823;1307794;570861;34.4;15.0
52;2021-05-22;15402;4699;1323196;575560;34.8;15.1
52;2021-05-23;4470;1139;1327666;576699;34.9;15.2
52;2021-05-24;15986;2745;1343652;579444;35.3;15.2
52;2021-05-25;24409;14519;1368061;593963;36.0;15.6
52;2021-05-26;25120;12649;1393181;606612;36.6;16.0
52;2021-05-27;29052;14799;1422233;621411;37.4;16.3
52;2021-05-28;27892;17848;1450125;639259;38.1;16.8
52;2021-05-29;18307;7766;1468432;647025;38.6;17.0
52;2021-05-30;4229;1717;1472661;648742;38.7;17.1
52;2021-05-31;24393;15853;1497054;664595;39.4;17.5
52;2021-06-01;28792;17792;1525846;682387;40.1;17.9
52;2021-06-02;27402;15202;1553248;697589;40.9;18.3
52;2021-06-03;31698;16263;1584946;713852;41.7;18.8
52;2021-06-04;29199;20716;1614145;734568;42.5;19.3
52;2021-06-05;14527;11794;1628672;746362;42.8;19.6
52;2021-06-06;4773;3530;1633445;749892;43.0;19.7
52;2021-06-07;21693;20863;1655138;770755;43.5;20.3
52;2021-06-08;26874;22086;1682012;792841;44.2;20.9
52;2021-06-09;25310;18569;1707322;811410;44.9;21.3
52;2021-06-10;28695;17570;1736017;828980;45.7;21.8
52;2021-06-11;26948;24294;1762965;853274;46.4;22.4
52;2021-06-12;14588;11838;1777553;865112;46.8;22.8
52;2021-06-13;4379;4515;1781932;869627;46.9;22.9
52;2021-06-14;17585;25378;1799517;895005;47.3;23.5
52;2021-06-15;23683;25314;1823200;920319;48.0;24.2
52;2021-06-16;23247;22443;1846447;942762;48.6;24.8
52;2021-06-17;25873;23054;1872320;965816;49.2;25.4
52;2021-06-18;23165;28671;1895485;994487;49.9;26.2
52;2021-06-19;12392;14223;1907877;1008710;50.2;26.5
52;2021-06-20;2999;4415;1910876;1013125;50.3;26.6
53;2020-12-27;0;0;0;0;0.0;0.0
53;2020-12-28;0;0;0;0;0.0;0.0
53;2020-12-29;0;0;0;0;0.0;0.0
53;2020-12-30;0;0;0;0;0.0;0.0
53;2020-12-31;0;0;0;0;0.0;0.0
53;2021-01-01;3;0;3;0;0.0;0.0
53;2021-01-02;4;0;7;0;0.0;0.0
53;2021-01-03;0;0;7;0;0.0;0.0
53;2021-01-04;43;0;50;0;0.0;0.0
53;2021-01-05;200;0;250;0;0.0;0.0
53;2021-01-06;331;1;581;1;0.0;0.0
53;2021-01-07;834;1;1415;2;0.0;0.0
53;2021-01-08;1213;0;2628;2;0.1;0.0
53;2021-01-09;34;0;2662;2;0.1;0.0
53;2021-01-10;4;0;2666;2;0.1;0.0
53;2021-01-11;1661;3;4327;5;0.1;0.0
53;2021-01-12;3379;1;7706;6;0.2;0.0
53;2021-01-13;3354;4;11060;10;0.3;0.0
53;2021-01-14;3813;30;14873;40;0.4;0.0
53;2021-01-15;3297;15;18170;55;0.5;0.0
53;2021-01-16;683;4;18853;59;0.6;0.0
53;2021-01-17;180;1;19033;60;0.6;0.0
53;2021-01-18;3361;7;22394;67;0.7;0.0
53;2021-01-19;8175;4;30569;71;0.9;0.0
53;2021-01-20;7055;4;37624;75;1.1;0.0
53;2021-01-21;11474;6;49098;81;1.5;0.0
53;2021-01-22;7811;9;56909;90;1.7;0.0
53;2021-01-23;1493;2;58402;92;1.7;0.0
53;2021-01-24;255;1;58657;93;1.8;0.0
53;2021-01-25;3056;35;61713;128;1.8;0.0
53;2021-01-26;4111;232;65824;360;2.0;0.0
53;2021-01-27;7238;326;73062;686;2.2;0.0
53;2021-01-28;7132;639;80194;1325;2.4;0.0
53;2021-01-29;4230;730;84424;2055;2.5;0.1
53;2021-01-30;844;43;85268;2098;2.6;0.1
53;2021-01-31;79;3;85347;2101;2.6;0.1
53;2021-02-01;2210;1027;87557;3128;2.6;0.1
53;2021-02-02;3438;2014;90995;5142;2.7;0.2
53;2021-02-03;3174;2184;94169;7326;2.8;0.2
53;2021-02-04;7095;2271;101264;9597;3.0;0.3
53;2021-02-05;5584;2135;106848;11732;3.2;0.4
53;2021-02-06;1201;277;108049;12009;3.2;0.4
53;2021-02-07;214;132;108263;12141;3.2;0.4
53;2021-02-08;1651;1532;109914;13673;3.3;0.4
53;2021-02-09;3973;5258;113887;18931;3.4;0.6
53;2021-02-10;3791;4649;117678;23580;3.5;0.7
53;2021-02-11;5733;8792;123411;32372;3.7;1.0
53;2021-02-12;5661;5250;129072;37622;3.9;1.1
53;2021-02-13;1232;851;130304;38473;3.9;1.2
53;2021-02-14;25;348;130329;38821;3.9;1.2
53;2021-02-15;2325;3584;132654;42405;4.0;1.3
53;2021-02-16;4051;3543;136705;45948;4.1;1.4
53;2021-02-17;4073;5375;140778;51323;4.2;1.5
53;2021-02-18;5948;5740;146726;57063;4.4;1.7
53;2021-02-19;5355;4853;152081;61916;4.6;1.9
53;2021-02-20;1189;891;153270;62807;4.6;1.9
53;2021-02-21;165;218;153435;63025;4.6;1.9
53;2021-02-22;2318;2831;155753;65856;4.7;2.0
53;2021-02-23;3947;3674;159700;69530;4.8;2.1
53;2021-02-24;4467;3782;164167;73312;4.9;2.2
53;2021-02-25;7947;7143;172114;80455;5.2;2.4
53;2021-02-26;8676;4405;180790;84860;5.4;2.5
53;2021-02-27;3448;1106;184238;85966;5.5;2.6
53;2021-02-28;228;194;184466;86160;5.5;2.6
53;2021-03-01;3478;2264;187944;88424;5.6;2.6
53;2021-03-02;5617;4459;193561;92883;5.8;2.8
53;2021-03-03;6436;3789;199997;96672;6.0;2.9
53;2021-03-04;9280;4924;209277;101596;6.3;3.0
53;2021-03-05;11909;5214;221186;106810;6.6;3.2
53;2021-03-06;5630;1020;226816;107830;6.8;3.2
53;2021-03-07;913;145;227729;107975;6.8;3.2
53;2021-03-08;5163;2209;232892;110184;7.0;3.3
53;2021-03-09;9662;2934;242554;113118;7.3;3.4
53;2021-03-10;9274;3370;251828;116488;7.5;3.5
53;2021-03-11;14298;4048;266126;120536;8.0;3.6
53;2021-03-12;18597;3241;284723;123777;8.5;3.7
53;2021-03-13;8802;946;293525;124723;8.8;3.7
53;2021-03-14;812;50;294337;124773;8.8;3.7
53;2021-03-15;6888;2029;301225;126802;9.0;3.8
53;2021-03-16;6982;3407;308207;130209;9.2;3.9
53;2021-03-17;8226;2824;316433;133033;9.5;4.0
53;2021-03-18;8714;4657;325147;137690;9.7;4.1
53;2021-03-19;12990;3648;338137;141338;10.1;4.2
53;2021-03-20;7124;817;345261;142155;10.3;4.3
53;2021-03-21;381;32;345642;142187;10.3;4.3
53;2021-03-22;7342;2163;352984;144350;10.6;4.3
53;2021-03-23;12984;3664;365968;148014;11.0;4.4
53;2021-03-24;14382;3232;380350;151246;11.4;4.5
53;2021-03-25;18269;3362;398619;154608;11.9;4.6
53;2021-03-26;20298;3195;418917;157803;12.5;4.7
53;2021-03-27;7402;1014;426319;158817;12.8;4.8
53;2021-03-28;526;86;426845;158903;12.8;4.8
53;2021-03-29;9792;3165;436637;162068;13.1;4.9
53;2021-03-30;15295;4594;451932;166662;13.5;5.0
53;2021-03-31;14122;4262;466054;170924;14.0;5.1
53;2021-04-01;18170;4268;484224;175192;14.5;5.2
53;2021-04-02;17859;4351;502083;179543;15.0;5.4
53;2021-04-03;6424;1424;508507;180967;15.2;5.4
53;2021-04-04;413;32;508920;180999;15.2;5.4
53;2021-04-05;1227;334;510147;181333;15.3;5.4
53;2021-04-06;12515;5672;522662;187005;15.6;5.6
53;2021-04-07;15012;5332;537674;192337;16.1;5.8
53;2021-04-08;20615;6091;558289;198428;16.7;5.9
53;2021-04-09;26619;5562;584908;203990;17.5;6.1
53;2021-04-10;10317;1723;595225;205713;17.8;6.2
53;2021-04-11;814;213;596039;205926;17.8;6.2
53;2021-04-12;15817;4910;611856;210836;18.3;6.3
53;2021-04-13;22683;7234;634539;218070;19.0;6.5
53;2021-04-14;19332;7917;653871;225987;19.6;6.8
53;2021-04-15;25334;8052;679205;234039;20.3;7.0
53;2021-04-16;26165;7535;705370;241574;21.1;7.2
53;2021-04-17;10383;3572;715753;245146;21.4;7.3
53;2021-04-18;1033;148;716786;245294;21.5;7.3
53;2021-04-19;15397;6527;732183;251821;21.9;7.5
53;2021-04-20;16915;9512;749098;261333;22.4;7.8
53;2021-04-21;16738;9436;765836;270769;22.9;8.1
53;2021-04-22;21727;10171;787563;280940;23.6;8.4
53;2021-04-23;21630;10074;809193;291014;24.2;8.7
53;2021-04-24;9984;4164;819177;295178;24.5;8.8
53;2021-04-25;905;332;820082;295510;24.6;8.8
53;2021-04-26;18214;8474;838296;303984;25.1;9.1
53;2021-04-27;19850;12060;858146;316044;25.7;9.5
53;2021-04-28;19940;10805;878086;326849;26.3;9.8
53;2021-04-29;23535;12265;901621;339114;27.0;10.2
53;2021-04-30;23890;12433;925511;351547;27.7;10.5
53;2021-05-01;5118;1631;930629;353178;27.9;10.6
53;2021-05-02;2793;520;933422;353698;27.9;10.6
53;2021-05-03;15711;9375;949133;363073;28.4;10.9
53;2021-05-04;15686;15785;964819;378858;28.9;11.3
53;2021-05-05;14933;14686;979752;393544;29.3;11.8
53;2021-05-06;19253;17840;999005;411384;29.9;12.3
53;2021-05-07;18631;18218;1017636;429602;30.5;12.9
53;2021-05-08;5485;1120;1023121;430722;30.6;12.9
53;2021-05-09;3511;860;1026632;431582;30.7;12.9
53;2021-05-10;16547;15214;1043179;446796;31.2;13.4
53;2021-05-11;18524;18733;1061703;465529;31.8;13.9
53;2021-05-12;21010;15624;1082713;481153;32.4;14.4
53;2021-05-13;9005;3945;1091718;485098;32.7;14.5
53;2021-05-14;21646;13730;1113364;498828;33.3;14.9
53;2021-05-15;13375;5324;1126739;504152;33.7;15.1
53;2021-05-16;3215;875;1129954;505027;33.8;15.1
53;2021-05-17;18101;11164;1148055;516191;34.4;15.5
53;2021-05-18;20872;12387;1168927;528578;35.0;15.8
53;2021-05-19;21544;10624;1190471;539202;35.6;16.1
53;2021-05-20;23807;14712;1214278;553914;36.4;16.6
53;2021-05-21;22815;15230;1237093;569144;37.0;17.0
53;2021-05-22;13134;5836;1250227;574980;37.4;17.2
53;2021-05-23;2970;310;1253197;575290;37.5;17.2
53;2021-05-24;13929;2492;1267126;577782;37.9;17.3
53;2021-05-25;19907;12812;1287033;590594;38.5;17.7
53;2021-05-26;19242;13789;1306275;604383;39.1;18.1
53;2021-05-27;22026;17408;1328301;621791;39.8;18.6
53;2021-05-28;21745;20403;1350046;642194;40.4;19.2
53;2021-05-29;12132;7327;1362178;649521;40.8;19.4
53;2021-05-30;2305;472;1364483;649993;40.8;19.5
53;2021-05-31;20668;14086;1385151;664079;41.5;19.9
53;2021-06-01;22901;16472;1408052;680551;42.2;20.4
53;2021-06-02;21673;14218;1429725;694769;42.8;20.8
53;2021-06-03;25018;16849;1454743;711618;43.6;21.3
53;2021-06-04;23056;22557;1477799;734175;44.2;22.0
53;2021-06-05;17292;8990;1495091;743165;44.8;22.2
53;2021-06-06;4997;1322;1500088;744487;44.9;22.3
53;2021-06-07;18370;17786;1518458;762273;45.5;22.8
53;2021-06-08;23606;18097;1542064;780370;46.2;23.4
53;2021-06-09;23234;15853;1565298;796223;46.9;23.8
53;2021-06-10;26670;16856;1591968;813079;47.7;24.3
53;2021-06-11;26158;21410;1618126;834489;48.4;25.0
53;2021-06-12;18594;7502;1636720;841991;49.0;25.2
53;2021-06-13;7794;3118;1644514;845109;49.2;25.3
53;2021-06-14;16016;19793;1660530;864902;49.7;25.9
53;2021-06-15;20032;20942;1680562;885844;50.3;26.5
53;2021-06-16;21163;18530;1701725;904374;50.9;27.1
53;2021-06-17;21843;20072;1723568;924446;51.6;27.7
53;2021-06-18;22128;25632;1745696;950078;52.3;28.4
53;2021-06-19;12778;9593;1758474;959671;52.6;28.7
53;2021-06-20;5451;2677;1763925;962348;52.8;28.8
75;2020-12-27;1;0;1;0;0.0;0.0
75;2020-12-28;2;0;3;0;0.0;0.0
75;2020-12-29;3;0;6;0;0.0;0.0
75;2020-12-30;2;0;8;0;0.0;0.0
75;2020-12-31;0;0;8;0;0.0;0.0
75;2021-01-01;4;0;12;0;0.0;0.0
75;2021-01-02;2;0;14;0;0.0;0.0
75;2021-01-03;0;0;14;0;0.0;0.0
75;2021-01-04;90;0;104;0;0.0;0.0
75;2021-01-05;124;0;228;0;0.0;0.0
75;2021-01-06;736;1;964;1;0.0;0.0
75;2021-01-07;4922;2;5886;3;0.1;0.0
75;2021-01-08;5466;4;11352;7;0.2;0.0
75;2021-01-09;845;1;12197;8;0.2;0.0
75;2021-01-10;479;0;12676;8;0.2;0.0
75;2021-01-11;3585;1;16261;9;0.3;0.0
75;2021-01-12;5949;6;22210;15;0.4;0.0
75;2021-01-13;6551;16;28761;31;0.5;0.0
75;2021-01-14;8122;62;36883;93;0.6;0.0
75;2021-01-15;7625;30;44508;123;0.7;0.0
75;2021-01-16;1607;14;46115;137;0.8;0.0
75;2021-01-17;425;5;46540;142;0.8;0.0
75;2021-01-18;6888;30;53428;172;0.9;0.0
75;2021-01-19;14046;13;67474;185;1.1;0.0
75;2021-01-20;15535;27;83009;212;1.4;0.0
75;2021-01-21;16951;19;99960;231;1.7;0.0
75;2021-01-22;12970;22;112930;253;1.9;0.0
75;2021-01-23;4421;3;117351;256;2.0;0.0
75;2021-01-24;700;1;118051;257;2.0;0.0
75;2021-01-25;8865;218;126916;475;2.1;0.0
75;2021-01-26;11721;453;138637;928;2.3;0.0
75;2021-01-27;12276;770;150913;1698;2.5;0.0
75;2021-01-28;12937;2659;163850;4357;2.7;0.1
75;2021-01-29;10001;2986;173851;7343;2.9;0.1
75;2021-01-30;3379;516;177230;7859;3.0;0.1
75;2021-01-31;646;420;177876;8279;3.0;0.1
75;2021-02-01;5714;2639;183590;10918;3.1;0.2
75;2021-02-02;9608;4356;193198;15274;3.2;0.3
75;2021-02-03;9594;4369;202792;19643;3.4;0.3
75;2021-02-04;10761;5683;213553;25326;3.6;0.4
75;2021-02-05;7488;5636;221041;30962;3.7;0.5
75;2021-02-06;2378;1106;223419;32068;3.7;0.5
75;2021-02-07;673;252;224092;32320;3.7;0.5
75;2021-02-08;5134;3653;229226;35973;3.8;0.6
75;2021-02-09;7314;8079;236540;44052;3.9;0.7
75;2021-02-10;7541;8740;244081;52792;4.1;0.9
75;2021-02-11;8850;10272;252931;63064;4.2;1.1
75;2021-02-12;7405;8836;260336;71900;4.3;1.2
75;2021-02-13;1952;1760;262288;73660;4.4;1.2
75;2021-02-14;274;364;262562;74024;4.4;1.2
75;2021-02-15;3152;7839;265714;81863;4.4;1.4
75;2021-02-16;4607;10528;270321;92391;4.5;1.5
75;2021-02-17;4757;11303;275078;103694;4.6;1.7
75;2021-02-18;5451;12840;280529;116534;4.7;1.9
75;2021-02-19;5419;9634;285948;126168;4.8;2.1
75;2021-02-20;987;2633;286935;128801;4.8;2.1
75;2021-02-21;186;667;287121;129468;4.8;2.2
75;2021-02-22;3649;8516;290770;137984;4.8;2.3
75;2021-02-23;5354;10944;296124;148928;4.9;2.5
75;2021-02-24;6128;10286;302252;159214;5.0;2.7
75;2021-02-25;10016;11721;312268;170935;5.2;2.8
75;2021-02-26;12260;8866;324528;179801;5.4;3.0
75;2021-02-27;5785;2486;330313;182287;5.5;3.0
75;2021-02-28;312;694;330625;182981;5.5;3.0
75;2021-03-01;5089;7016;335714;189997;5.6;3.2
75;2021-03-02;9348;8165;345062;198162;5.8;3.3
75;2021-03-03;10818;7766;355880;205928;5.9;3.4
75;2021-03-04;16734;8168;372614;214096;6.2;3.6
75;2021-03-05;20789;7461;393403;221557;6.6;3.7
75;2021-03-06;13408;2225;406811;223782;6.8;3.7
75;2021-03-07;3720;466;410531;224248;6.8;3.7
75;2021-03-08;9985;5386;420516;229634;7.0;3.8
75;2021-03-09;16850;6481;437366;236115;7.3;3.9
75;2021-03-10;18252;6307;455618;242422;7.6;4.0
75;2021-03-11;26423;6678;482041;249100;8.0;4.2
75;2021-03-12;31290;5244;513331;254344;8.6;4.2
75;2021-03-13;17857;1194;531188;255538;8.9;4.3
75;2021-03-14;1700;247;532888;255785;8.9;4.3
75;2021-03-15;14071;3418;546959;259203;9.1;4.3
75;2021-03-16;13684;3711;560643;262914;9.3;4.4
75;2021-03-17;14745;3877;575388;266791;9.6;4.4
75;2021-03-18;16379;4686;591767;271477;9.9;4.5
75;2021-03-19;22434;4284;614201;275761;10.2;4.6
75;2021-03-20;14026;817;628227;276578;10.5;4.6
75;2021-03-21;2464;107;630691;276685;10.5;4.6
75;2021-03-22;16792;3457;647483;280142;10.8;4.7
75;2021-03-23;25259;3884;672742;284026;11.2;4.7
75;2021-03-24;27140;4304;699882;288330;11.7;4.8
75;2021-03-25;35633;4624;735515;292954;12.3;4.9
75;2021-03-26;38604;4176;774119;297130;12.9;5.0
75;2021-03-27;15707;1275;789826;298405;13.2;5.0
75;2021-03-28;2725;389;792551;298794;13.2;5.0
75;2021-03-29;22829;4137;815380;302931;13.6;5.0
75;2021-03-30;31625;5964;847005;308895;14.1;5.1
75;2021-03-31;29732;5938;876737;314833;14.6;5.2
75;2021-04-01;34994;6939;911731;321772;15.2;5.4
75;2021-04-02;32321;6867;944052;328639;15.7;5.5
75;2021-04-03;12816;2633;956868;331272;15.9;5.5
75;2021-04-04;2135;340;959003;331612;16.0;5.5
75;2021-04-05;6368;602;965371;332214;16.1;5.5
75;2021-04-06;26370;10823;991741;343037;16.5;5.7
75;2021-04-07;32353;11014;1024094;354051;17.1;5.9
75;2021-04-08;39554;12350;1063648;366401;17.7;6.1
75;2021-04-09;49227;10977;1112875;377378;18.5;6.3
75;2021-04-10;24436;4965;1137311;382343;19.0;6.4
75;2021-04-11;4969;717;1142280;383060;19.0;6.4
75;2021-04-12;27367;11841;1169647;394901;19.5;6.6
75;2021-04-13;35697;14328;1205344;409229;20.1;6.8
75;2021-04-14;35424;14482;1240768;423711;20.7;7.1
75;2021-04-15;37665;15056;1278433;438767;21.3;7.3
75;2021-04-16;37118;15115;1315551;453882;21.9;7.6
75;2021-04-17;19556;7377;1335107;461259;22.3;7.7
75;2021-04-18;4073;2054;1339180;463313;22.3;7.7
75;2021-04-19;20886;14953;1360066;478266;22.7;8.0
75;2021-04-20;28481;19106;1388547;497372;23.1;8.3
75;2021-04-21;27809;18087;1416356;515459;23.6;8.6
75;2021-04-22;30360;19677;1446716;535136;24.1;8.9
75;2021-04-23;29037;20230;1475753;555366;24.6;9.3
75;2021-04-24;17003;9133;1492756;564499;24.9;9.4
75;2021-04-25;4596;1498;1497352;565997;25.0;9.4
75;2021-04-26;22311;19291;1519663;585288;25.3;9.8
75;2021-04-27;29186;24314;1548849;609602;25.8;10.2
75;2021-04-28;31138;24018;1579987;633620;26.3;10.6
75;2021-04-29;37253;26637;1617240;660257;27.0;11.0
75;2021-04-30;37746;25876;1654986;686133;27.6;11.4
75;2021-05-01;15684;5746;1670670;691879;27.8;11.5
75;2021-05-02;7254;2596;1677924;694475;28.0;11.6
75;2021-05-03;27253;21180;1705177;715655;28.4;11.9
75;2021-05-04;30346;29294;1735523;744949;28.9;12.4
75;2021-05-05;31481;30988;1767004;775937;29.5;12.9
75;2021-05-06;35930;32391;1802934;808328;30.0;13.5
75;2021-05-07;37423;34366;1840357;842694;30.7;14.0
75;2021-05-08;17691;8089;1858048;850783;31.0;14.2
75;2021-05-09;7312;4152;1865360;854935;31.1;14.2
75;2021-05-10;25117;29008;1890477;883943;31.5;14.7
75;2021-05-11;35528;32958;1926005;916901;32.1;15.3
75;2021-05-12;35429;30133;1961434;947034;32.7;15.8
75;2021-05-13;22618;7509;1984052;954543;33.1;15.9
75;2021-05-14;33791;20839;2017843;975382;33.6;16.3
75;2021-05-15;22867;11091;2040710;986473;34.0;16.4
75;2021-05-16;7384;2061;2048094;988534;34.1;16.5
75;2021-05-17;33785;19208;2081879;1007742;34.7;16.8
75;2021-05-18;42587;19919;2124466;1027661;35.4;17.1
75;2021-05-19;42595;17601;2167061;1045262;36.1;17.4
75;2021-05-20;45861;20350;2212922;1065612;36.9;17.8
75;2021-05-21;42804;21375;2255726;1086987;37.6;18.1
75;2021-05-22;23227;9792;2278953;1096779;38.0;18.3
75;2021-05-23;7799;1420;2286752;1098199;38.1;18.3
75;2021-05-24;18821;4065;2305573;1102264;38.4;18.4
75;2021-05-25;36786;20956;2342359;1123220;39.0;18.7
75;2021-05-26;38227;21472;2380586;1144692;39.7;19.1
75;2021-05-27;42858;27071;2423444;1171763;40.4;19.5
75;2021-05-28;38828;32269;2462272;1204032;41.0;20.1
75;2021-05-29;19632;18096;2481904;1222128;41.4;20.4
75;2021-05-30;5771;2284;2487675;1224412;41.5;20.4
75;2021-05-31;31602;23118;2519277;1247530;42.0;20.8
75;2021-06-01;40956;29602;2560233;1277132;42.7;21.3
75;2021-06-02;41302;28224;2601535;1305356;43.4;21.8
75;2021-06-03;47573;31200;2649108;1336556;44.2;22.3
75;2021-06-04;44361;36949;2693469;1373505;44.9;22.9
75;2021-06-05;24368;18510;2717837;1392015;45.3;23.2
75;2021-06-06;8727;4316;2726564;1396331;45.4;23.3
75;2021-06-07;31363;31517;2757927;1427848;46.0;23.8
75;2021-06-08;39099;36019;2797026;1463867;46.6;24.4
75;2021-06-09;38731;32886;2835757;1496753;47.3;24.9
75;2021-06-10;42871;31788;2878628;1528541;48.0;25.5
75;2021-06-11;40224;40305;2918852;1568846;48.6;26.1
75;2021-06-12;23184;21516;2942036;1590362;49.0;26.5
75;2021-06-13;8100;5650;2950136;1596012;49.2;26.6
75;2021-06-14;23949;37917;2974085;1633929;49.6;27.2
75;2021-06-15;33095;41653;3007180;1675582;50.1;27.9
75;2021-06-16;34571;37248;3041751;1712830;50.7;28.5
75;2021-06-17;35986;38517;3077737;1751347;51.3;29.2
75;2021-06-18;34560;45263;3112297;1796610;51.9;29.9
75;2021-06-19;20004;23205;3132301;1819815;52.2;30.3
75;2021-06-20;6205;5722;3138506;1825537;52.3;30.4
76;2020-12-27;0;0;0;0;0.0;0.0
76;2020-12-28;4;0;4;0;0.0;0.0
76;2020-12-29;0;0;4;0;0.0;0.0
76;2020-12-30;0;0;4;0;0.0;0.0
76;2020-12-31;1;0;5;0;0.0;0.0
76;2021-01-01;3;0;8;0;0.0;0.0
76;2021-01-02;2;0;10;0;0.0;0.0
76;2021-01-03;2;0;12;0;0.0;0.0
76;2021-01-04;59;1;71;1;0.0;0.0
76;2021-01-05;473;1;544;2;0.0;0.0
76;2021-01-06;784;2;1328;4;0.0;0.0
76;2021-01-07;2538;3;3866;7;0.1;0.0
76;2021-01-08;3214;2;7080;9;0.1;0.0
76;2021-01-09;1537;1;8617;10;0.1;0.0
76;2021-01-10;517;0;9134;10;0.2;0.0
76;2021-01-11;3524;7;12658;17;0.2;0.0
76;2021-01-12;5743;9;18401;26;0.3;0.0
76;2021-01-13;6474;9;24875;35;0.4;0.0
76;2021-01-14;8995;84;33870;119;0.6;0.0
76;2021-01-15;7250;31;41120;150;0.7;0.0
76;2021-01-16;1953;21;43073;171;0.7;0.0
76;2021-01-17;710;3;43783;174;0.7;0.0
76;2021-01-18;7700;21;51483;195;0.9;0.0
76;2021-01-19;11194;26;62677;221;1.1;0.0
76;2021-01-20;13703;23;76380;244;1.3;0.0
76;2021-01-21;16701;20;93081;264;1.6;0.0
76;2021-01-22;11870;31;104951;295;1.8;0.0
76;2021-01-23;3881;8;108832;303;1.8;0.0
76;2021-01-24;768;11;109600;314;1.8;0.0
76;2021-01-25;7827;97;117427;411;2.0;0.0
76;2021-01-26;10345;283;127772;694;2.2;0.0
76;2021-01-27;10848;481;138620;1175;2.3;0.0
76;2021-01-28;10136;1695;148756;2870;2.5;0.0
76;2021-01-29;8086;1988;156842;4858;2.6;0.1
76;2021-01-30;3185;772;160027;5630;2.7;0.1
76;2021-01-31;517;267;160544;5897;2.7;0.1
76;2021-02-01;5855;2603;166399;8500;2.8;0.1
76;2021-02-02;10056;3999;176455;12499;3.0;0.2
76;2021-02-03;9515;4067;185970;16566;3.1;0.3
76;2021-02-04;10099;5959;196069;22525;3.3;0.4
76;2021-02-05;7773;5026;203842;27551;3.4;0.5
76;2021-02-06;2694;1051;206536;28602;3.5;0.5
76;2021-02-07;542;496;207078;29098;3.5;0.5
76;2021-02-08;4840;4530;211918;33628;3.6;0.6
76;2021-02-09;6316;6820;218234;40448;3.7;0.7
76;2021-02-10;7174;9237;225408;49685;3.8;0.8
76;2021-02-11;9126;10738;234534;60423;4.0;1.0
76;2021-02-12;8045;7687;242579;68110;4.1;1.1
76;2021-02-13;2646;2272;245225;70382;4.1;1.2
76;2021-02-14;356;994;245581;71376;4.1;1.2
76;2021-02-15;3383;6467;248964;77843;4.2;1.3
76;2021-02-16;4245;8695;253209;86538;4.3;1.5
76;2021-02-17;4374;9654;257583;96192;4.3;1.6
76;2021-02-18;5869;9988;263452;106180;4.4;1.8
76;2021-02-19;4840;8129;268292;114309;4.5;1.9
76;2021-02-20;1529;3037;269821;117346;4.6;2.0
76;2021-02-21;262;595;270083;117941;4.6;2.0
76;2021-02-22;3277;7663;273360;125604;4.6;2.1
76;2021-02-23;4918;10244;278278;135848;4.7;2.3
76;2021-02-24;4644;10418;282922;146266;4.8;2.5
76;2021-02-25;8309;9908;291231;156174;4.9;2.6
76;2021-02-26;9634;8399;300865;164573;5.1;2.8
76;2021-02-27;3728;3096;304593;167669;5.1;2.8
76;2021-02-28;430;453;305023;168122;5.1;2.8
76;2021-03-01;5303;6146;310326;174268;5.2;2.9
76;2021-03-02;8212;7567;318538;181835;5.4;3.1
76;2021-03-03;9239;7489;327777;189324;5.5;3.2
76;2021-03-04;14315;7887;342092;197211;5.8;3.3
76;2021-03-05;16868;7110;358960;204321;6.1;3.4
76;2021-03-06;15882;2150;374842;206471;6.3;3.5
76;2021-03-07;11377;464;386219;206935;6.5;3.5
76;2021-03-08;9975;5519;396194;212454;6.7;3.6
76;2021-03-09;16220;6465;412414;218919;7.0;3.7
76;2021-03-10;16407;6485;428821;225404;7.2;3.8
76;2021-03-11;22588;6385;451409;231789;7.6;3.9
76;2021-03-12;26396;5254;477805;237043;8.1;4.0
76;2021-03-13;14910;2154;492715;239197;8.3;4.0
76;2021-03-14;2323;355;495038;239552;8.4;4.0
76;2021-03-15;13509;3293;508547;242845;8.6;4.1
76;2021-03-16;11755;4522;520302;247367;8.8;4.2
76;2021-03-17;12839;3967;533141;251334;9.0;4.2
76;2021-03-18;13699;4983;546840;256317;9.2;4.3
76;2021-03-19;18639;3998;565479;260315;9.5;4.4
76;2021-03-20;10654;1124;576133;261439;9.7;4.4
76;2021-03-21;3194;219;579327;261658;9.8;4.4
76;2021-03-22;14659;3577;593986;265235;10.0;4.5
76;2021-03-23;22225;4315;616211;269550;10.4;4.5
76;2021-03-24;23588;4179;639799;273729;10.8;4.6
76;2021-03-25;32004;4604;671803;278333;11.3;4.7
76;2021-03-26;30827;4060;702630;282393;11.9;4.8
76;2021-03-27;16220;1408;718850;283801;12.1;4.8
76;2021-03-28;4867;190;723717;283991;12.2;4.8
76;2021-03-29;22288;4869;746005;288860;12.6;4.9
76;2021-03-30;29686;5700;775691;294560;13.1;5.0
76;2021-03-31;26847;5572;802538;300132;13.5;5.1
76;2021-04-01;34418;5880;836956;306012;14.1;5.2
76;2021-04-02;29311;5751;866267;311763;14.6;5.3
76;2021-04-03;12129;2845;878396;314608;14.8;5.3
76;2021-04-04;4352;656;882748;315264;14.9;5.3
76;2021-04-05;4287;672;887035;315936;15.0;5.3
76;2021-04-06;22824;9735;909859;325671;15.4;5.5
76;2021-04-07;25227;9851;935086;335522;15.8;5.7
76;2021-04-08;33083;10225;968169;345747;16.3;5.8
76;2021-04-09;38862;9598;1007031;355345;17.0;6.0
76;2021-04-10;22682;5145;1029713;360490;17.4;6.1
76;2021-04-11;8856;1430;1038569;361920;17.5;6.1
76;2021-04-12;26002;10501;1064571;372421;18.0;6.3
76;2021-04-13;35737;12839;1100308;385260;18.6;6.5
76;2021-04-14;32833;13243;1133141;398503;19.1;6.7
76;2021-04-15;37414;13816;1170555;412319;19.8;7.0
76;2021-04-16;34373;13129;1204928;425448;20.3;7.2
76;2021-04-17;21359;6642;1226287;432090;20.7;7.3
76;2021-04-18;7708;2687;1233995;434777;20.8;7.3
76;2021-04-19;22036;12916;1256031;447693;21.2;7.6
76;2021-04-20;27951;16722;1283982;464415;21.7;7.8
76;2021-04-21;27005;16919;1310987;481334;22.1;8.1
76;2021-04-22;30332;17912;1341319;499246;22.6;8.4
76;2021-04-23;28654;16386;1369973;515632;23.1;8.7
76;2021-04-24;18457;10391;1388430;526023;23.4;8.9
76;2021-04-25;6907;4194;1395337;530217;23.6;8.9
76;2021-04-26;19918;18391;1415255;548608;23.9;9.3
76;2021-04-27;26704;21397;1441959;570005;24.3;9.6
76;2021-04-28;25874;20958;1467833;590963;24.8;10.0
76;2021-04-29;29707;23193;1497540;614156;25.3;10.4
76;2021-04-30;30761;20125;1528301;634281;25.8;10.7
76;2021-05-01;17416;7015;1545717;641296;26.1;10.8
76;2021-05-02;9478;4779;1555195;646075;26.2;10.9
76;2021-05-03;26510;16774;1581705;662849;26.7;11.2
76;2021-05-04;29980;25818;1611685;688667;27.2;11.6
76;2021-05-05;28143;26396;1639828;715063;27.7;12.1
76;2021-05-06;30994;30860;1670822;745923;28.2;12.6
76;2021-05-07;31591;30779;1702413;776702;28.7;13.1
76;2021-05-08;17321;10548;1719734;787250;29.0;13.3
76;2021-05-09;9707;8673;1729441;795923;29.2;13.4
76;2021-05-10;23997;28034;1753438;823957;29.6;13.9
76;2021-05-11;31547;33041;1784985;856998;30.1;14.5
76;2021-05-12;33047;29368;1818032;886366;30.7;15.0
76;2021-05-13;25818;9694;1843850;896060;31.1;15.1
76;2021-05-14;34381;21271;1878231;917331;31.7;15.5
76;2021-05-15;24402;12164;1902633;929495;32.1;15.7
76;2021-05-16;15380;3782;1918013;933277;32.4;15.8
76;2021-05-17;27741;19221;1945754;952498;32.8;16.1
76;2021-05-18;35032;19457;1980786;971955;33.4;16.4
76;2021-05-19;36674;16804;2017460;988759;34.1;16.7
76;2021-05-20;40810;18623;2058270;1007382;34.7;17.0
76;2021-05-21;37604;19934;2095874;1027316;35.4;17.3
76;2021-05-22;26904;9241;2122778;1036557;35.8;17.5
76;2021-05-23;13259;1797;2136037;1038354;36.1;17.5
76;2021-05-24;15366;4098;2151403;1042452;36.3;17.6
76;2021-05-25;31467;20730;2182870;1063182;36.8;17.9
76;2021-05-26;33256;19185;2216126;1082367;37.4;18.3
76;2021-05-27;36204;24391;2252330;1106758;38.0;18.7
76;2021-05-28;32365;28237;2284695;1134995;38.6;19.2
76;2021-05-29;19444;16733;2304139;1151728;38.9;19.4
76;2021-05-30;6136;6311;2310275;1158039;39.0;19.5
76;2021-05-31;25683;22863;2335958;1180902;39.4;19.9
76;2021-06-01;31101;29800;2367059;1210702;40.0;20.4
76;2021-06-02;30648;28029;2397707;1238731;40.5;20.9
76;2021-06-03;34091;33077;2431798;1271808;41.0;21.5
76;2021-06-04;34979;34199;2466777;1306007;41.6;22.0
76;2021-06-05;25960;19708;2492737;1325715;42.1;22.4
76;2021-06-06;14068;6456;2506805;1332171;42.3;22.5
76;2021-06-07;25694;27637;2532499;1359808;42.7;23.0
76;2021-06-08;32916;31614;2565415;1391422;43.3;23.5
76;2021-06-09;32180;28980;2597595;1420402;43.8;24.0
76;2021-06-10;31853;29420;2629448;1449822;44.4;24.5
76;2021-06-11;33444;36081;2662892;1485903;44.9;25.1
76;2021-06-12;23157;21882;2686049;1507785;45.3;25.4
76;2021-06-13;12012;7124;2698061;1514909;45.5;25.6
76;2021-06-14;21495;33588;2719556;1548497;45.9;26.1
76;2021-06-15;28619;39655;2748175;1588152;46.4;26.8
76;2021-06-16;26946;36306;2775121;1624458;46.8;27.4
76;2021-06-17;26645;34114;2801766;1658572;47.3;28.0
76;2021-06-18;27209;41037;2828975;1699609;47.7;28.7
76;2021-06-19;20732;23056;2849707;1722665;48.1;29.1
76;2021-06-20;8898;10319;2858605;1732984;48.2;29.2
84;2020-12-27;1;0;1;0;0.0;0.0
84;2020-12-28;7;0;8;0;0.0;0.0
84;2020-12-29;5;0;13;0;0.0;0.0
84;2020-12-30;6;0;19;0;0.0;0.0
84;2020-12-31;15;0;34;0;0.0;0.0
84;2021-01-01;10;0;44;0;0.0;0.0
84;2021-01-02;2;1;46;1;0.0;0.0
84;2021-01-03;0;0;46;1;0.0;0.0
84;2021-01-04;174;0;220;1;0.0;0.0
84;2021-01-05;467;1;687;2;0.0;0.0
84;2021-01-06;1135;0;1822;2;0.0;0.0
84;2021-01-07;2846;3;4668;5;0.1;0.0
84;2021-01-08;3077;3;7745;8;0.1;0.0
84;2021-01-09;513;1;8258;9;0.1;0.0
84;2021-01-10;161;0;8419;9;0.1;0.0
84;2021-01-11;4291;8;12710;17;0.2;0.0
84;2021-01-12;6360;15;19070;32;0.2;0.0
84;2021-01-13;6838;14;25908;46;0.3;0.0
84;2021-01-14;9071;56;34979;102;0.4;0.0
84;2021-01-15;7764;28;42743;130;0.5;0.0
84;2021-01-16;2953;7;45696;137;0.6;0.0
84;2021-01-17;920;3;46616;140;0.6;0.0
84;2021-01-18;8963;34;55579;174;0.7;0.0
84;2021-01-19;15045;81;70624;255;0.9;0.0
84;2021-01-20;15491;34;86115;289;1.1;0.0
84;2021-01-21;14573;48;100688;337;1.3;0.0
84;2021-01-22;12404;43;113092;380;1.4;0.0
84;2021-01-23;4758;3;117850;383;1.5;0.0
84;2021-01-24;810;1;118660;384;1.5;0.0
84;2021-01-25;8761;147;127421;531;1.6;0.0
84;2021-01-26;11894;320;139315;851;1.7;0.0
84;2021-01-27;12065;616;151380;1467;1.9;0.0
84;2021-01-28;13815;1540;165195;3007;2.1;0.0
84;2021-01-29;10791;1309;175986;4316;2.2;0.1
84;2021-01-30;4138;147;180124;4463;2.2;0.1
84;2021-01-31;499;1;180623;4464;2.2;0.1
84;2021-02-01;6532;1886;187155;6350;2.3;0.1
84;2021-02-02;10587;3518;197742;9868;2.5;0.1
84;2021-02-03;11527;3923;209269;13791;2.6;0.2
84;2021-02-04;12554;5537;221823;19328;2.8;0.2
84;2021-02-05;8610;4695;230433;24023;2.9;0.3
84;2021-02-06;2651;957;233084;24980;2.9;0.3
84;2021-02-07;451;441;233535;25421;2.9;0.3
84;2021-02-08;6222;4968;239757;30389;3.0;0.4
84;2021-02-09;9341;8265;249098;38654;3.1;0.5
84;2021-02-10;9676;8615;258774;47269;3.2;0.6
84;2021-02-11;10689;9905;269463;57174;3.4;0.7
84;2021-02-12;9710;7939;279173;65113;3.5;0.8
84;2021-02-13;3497;2346;282670;67459;3.5;0.8
84;2021-02-14;623;457;283293;67916;3.5;0.8
84;2021-02-15;4871;8363;288164;76279;3.6;0.9
84;2021-02-16;6095;10774;294259;87053;3.7;1.1
84;2021-02-17;6049;11571;300308;98624;3.7;1.2
84;2021-02-18;7101;11768;307409;110392;3.8;1.4
84;2021-02-19;6643;9348;314052;119740;3.9;1.5
84;2021-02-20;1836;3272;315888;123012;3.9;1.5
84;2021-02-21;180;504;316068;123516;3.9;1.5
84;2021-02-22;4287;8852;320355;132368;4.0;1.6
84;2021-02-23;7278;11420;327633;143788;4.1;1.8
84;2021-02-24;7791;12029;335424;155817;4.2;1.9
84;2021-02-25;12723;13796;348147;169613;4.3;2.1
84;2021-02-26;14873;10352;363020;179965;4.5;2.2
84;2021-02-27;5558;2921;368578;182886;4.6;2.3
84;2021-02-28;500;514;369078;183400;4.6;2.3
84;2021-03-01;9287;6417;378365;189817;4.7;2.4
84;2021-03-02;14959;8804;393324;198621;4.9;2.5
84;2021-03-03;14793;8666;408117;207287;5.1;2.6
84;2021-03-04;20984;8442;429101;215729;5.3;2.7
84;2021-03-05;25772;7685;454873;223414;5.7;2.8
84;2021-03-06;19492;2378;474365;225792;5.9;2.8
84;2021-03-07;8413;457;482778;226249;6.0;2.8
84;2021-03-08;12201;6799;494979;233048;6.2;2.9
84;2021-03-09;20665;7692;515644;240740;6.4;3.0
84;2021-03-10;20218;7522;535862;248262;6.7;3.1
84;2021-03-11;29445;8133;565307;256395;7.0;3.2
84;2021-03-12;36169;7674;601476;264069;7.5;3.3
84;2021-03-13;21423;1872;622899;265941;7.8;3.3
84;2021-03-14;4682;471;627581;266412;7.8;3.3
84;2021-03-15;18857;4787;646438;271199;8.0;3.4
84;2021-03-16;17052;6102;663490;277301;8.3;3.5
84;2021-03-17;17573;6467;681063;283768;8.5;3.5
84;2021-03-18;21498;6936;702561;290704;8.7;3.6
84;2021-03-19;28969;5502;731530;296206;9.1;3.7
84;2021-03-20;14536;1402;746066;297608;9.3;3.7
84;2021-03-21;3236;271;749302;297879;9.3;3.7
84;2021-03-22;19729;5136;769031;303015;9.6;3.8
84;2021-03-23;30773;5954;799804;308969;10.0;3.8
84;2021-03-24;29943;5867;829747;314836;10.3;3.9
84;2021-03-25;41543;6464;871290;321300;10.8;4.0
84;2021-03-26;42963;6756;914253;328056;11.4;4.1
84;2021-03-27;18201;2923;932454;330979;11.6;4.1
84;2021-03-28;6505;592;938959;331571;11.7;4.1
84;2021-03-29;22928;7928;961887;339499;12.0;4.2
84;2021-03-30;34917;10179;996804;349678;12.4;4.4
84;2021-03-31;29568;11019;1026372;360697;12.8;4.5
84;2021-04-01;37222;11435;1063594;372132;13.2;4.6
84;2021-04-02;34856;11363;1098450;383495;13.7;4.8
84;2021-04-03;14783;6225;1113233;389720;13.9;4.9
84;2021-04-04;9928;2000;1123161;391720;14.0;4.9
84;2021-04-05;13522;1667;1136683;393387;14.2;4.9
84;2021-04-06;26267;13231;1162950;406618;14.5;5.1
84;2021-04-07;29474;14678;1192424;421296;14.8;5.2
84;2021-04-08;39625;15462;1232049;436758;15.3;5.4
84;2021-04-09;49357;15076;1281406;451834;16.0;5.6
84;2021-04-10;20443;8131;1301849;459965;16.2;5.7
84;2021-04-11;7220;2701;1309069;462666;16.3;5.8
84;2021-04-12;27282;15578;1336351;478244;16.6;6.0
84;2021-04-13;36068;19374;1372419;497618;17.1;6.2
84;2021-04-14;34590;18272;1407009;515890;17.5;6.4
84;2021-04-15;40077;19695;1447086;535585;18.0;6.7
84;2021-04-16;38180;20089;1485266;555674;18.5;6.9
84;2021-04-17;20453;9033;1505719;564707;18.7;7.0
84;2021-04-18;6836;2709;1512555;567416;18.8;7.1
84;2021-04-19;26197;18586;1538752;586002;19.2;7.3
84;2021-04-20;31175;22505;1569927;608507;19.5;7.6
84;2021-04-21;28021;21478;1597948;629985;19.9;7.8
84;2021-04-22;32216;22635;1630164;652620;20.3;8.1
84;2021-04-23;32671;23107;1662835;675727;20.7;8.4
84;2021-04-24;17849;11900;1680684;687627;20.9;8.6
84;2021-04-25;7133;4288;1687817;691915;21.0;8.6
84;2021-04-26;23696;20047;1711513;711962;21.3;8.9
84;2021-04-27;31741;25277;1743254;737239;21.7;9.2
84;2021-04-28;32462;24850;1775716;762089;22.1;9.5
84;2021-04-29;39625;26565;1815341;788654;22.6;9.8
84;2021-04-30;38128;27869;1853469;816523;23.1;10.2
84;2021-05-01;17153;5376;1870622;821899;23.3;10.2
84;2021-05-02;7972;8583;1878594;830482;23.4;10.3
84;2021-05-03;30293;27505;1908887;857987;23.8;10.7
84;2021-05-04;37122;33752;1946009;891739;24.2;11.1
84;2021-05-05;40206;30184;1986215;921923;24.7;11.5
84;2021-05-06;46567;32652;2032782;954575;25.3;11.9
84;2021-05-07;46948;36819;2079730;991394;25.9;12.3
84;2021-05-08;22117;7645;2101847;999039;26.2;12.4
84;2021-05-09;15891;8911;2117738;1007950;26.4;12.5
84;2021-05-10;35901;31989;2153639;1039939;26.8;12.9
84;2021-05-11;52504;36264;2206143;1076203;27.5;13.4
84;2021-05-12;56368;31836;2262511;1108039;28.2;13.8
84;2021-05-13;47167;10489;2309678;1118528;28.8;13.9
84;2021-05-14;57148;24969;2366826;1143497;29.5;14.2
84;2021-05-15;43914;13594;2410740;1157091;30.0;14.4
84;2021-05-16;30338;5109;2441078;1162200;30.4;14.5
84;2021-05-17;48153;24916;2489231;1187116;31.0;14.8
84;2021-05-18;58815;27348;2548046;1214464;31.7;15.1
84;2021-05-19;58179;23518;2606225;1237982;32.4;15.4
84;2021-05-20;61371;27019;2667596;1265001;33.2;15.7
84;2021-05-21;60781;29375;2728377;1294376;34.0;16.1
84;2021-05-22;40368;12890;2768745;1307266;34.5;16.3
84;2021-05-23;21324;3970;2790069;1311236;34.7;16.3
84;2021-05-24;39493;8521;2829562;1319757;35.2;16.4
84;2021-05-25;50182;31654;2879744;1351411;35.9;16.8
84;2021-05-26;49630;28914;2929374;1380325;36.5;17.2
84;2021-05-27;55593;31822;2984967;1412147;37.2;17.6
84;2021-05-28;54671;40483;3039638;1452630;37.8;18.1
84;2021-05-29;37557;22370;3077195;1475000;38.3;18.4
84;2021-05-30;16109;7258;3093304;1482258;38.5;18.5
84;2021-05-31;44252;29403;3137556;1511661;39.1;18.8
84;2021-06-01;48249;36632;3185805;1548293;39.7;19.3
84;2021-06-02;47657;31185;3233462;1579478;40.3;19.7
84;2021-06-03;55971;36549;3289433;1616027;41.0;20.1
84;2021-06-04;54545;42350;3343978;1658377;41.6;20.6
84;2021-06-05;38038;21667;3382016;1680044;42.1;20.9
84;2021-06-06;15897;6275;3397913;1686319;42.3;21.0
84;2021-06-07;41299;35131;3439212;1721450;42.8;21.4
84;2021-06-08;45642;37978;3484854;1759428;43.4;21.9
84;2021-06-09;40550;33783;3525404;1793211;43.9;22.3
84;2021-06-10;41112;33815;3566516;1827026;44.4;22.7
84;2021-06-11;43221;46289;3609737;1873315;44.9;23.3
84;2021-06-12;28098;22905;3637835;1896220;45.3;23.6
84;2021-06-13;8602;7108;3646437;1903328;45.4;23.7
84;2021-06-14;25503;44520;3671940;1947848;45.7;24.2
84;2021-06-15;31499;49245;3703439;1997093;46.1;24.9
84;2021-06-16;33204;45369;3736643;2042462;46.5;25.4
84;2021-06-17;30406;46865;3767049;2089327;46.9;26.0
84;2021-06-18;34666;59784;3801715;2149111;47.3;26.8
84;2021-06-19;22623;35645;3824338;2184756;47.6;27.2
84;2021-06-20;8626;14338;3832964;2199094;47.7;27.4
93;2020-12-27;0;0;0;0;0.0;0.0
93;2020-12-28;2;0;2;0;0.0;0.0
93;2020-12-29;1;0;3;0;0.0;0.0
93;2020-12-30;3;0;6;0;0.0;0.0
93;2020-12-31;19;0;25;0;0.0;0.0
93;2021-01-01;13;0;38;0;0.0;0.0
93;2021-01-02;2;0;40;0;0.0;0.0
93;2021-01-03;2;0;42;0;0.0;0.0
93;2021-01-04;133;1;175;1;0.0;0.0
93;2021-01-05;251;1;426;2;0.0;0.0
93;2021-01-06;409;0;835;2;0.0;0.0
93;2021-01-07;1245;2;2080;4;0.0;0.0
93;2021-01-08;1562;2;3642;6;0.1;0.0
93;2021-01-09;540;1;4182;7;0.1;0.0
93;2021-01-10;74;0;4256;7;0.1;0.0
93;2021-01-11;2408;1;6664;8;0.1;0.0
93;2021-01-12;5088;6;11752;14;0.2;0.0
93;2021-01-13;4448;14;16200;28;0.3;0.0
93;2021-01-14;5542;49;21742;77;0.4;0.0
93;2021-01-15;4923;15;26665;92;0.5;0.0
93;2021-01-16;1677;4;28342;96;0.6;0.0
93;2021-01-17;299;1;28641;97;0.6;0.0
93;2021-01-18;7155;29;35796;126;0.7;0.0
93;2021-01-19;13519;33;49315;159;1.0;0.0
93;2021-01-20;12244;33;61559;192;1.2;0.0
93;2021-01-21;12303;46;73862;238;1.5;0.0
93;2021-01-22;10175;26;84037;264;1.7;0.0
93;2021-01-23;3326;6;87363;270;1.7;0.0
93;2021-01-24;537;4;87900;274;1.7;0.0
93;2021-01-25;7247;39;95147;313;1.9;0.0
93;2021-01-26;10067;136;105214;449;2.1;0.0
93;2021-01-27;9687;289;114901;738;2.3;0.0
93;2021-01-28;13663;830;128564;1568;2.5;0.0
93;2021-01-29;9842;978;138406;2546;2.7;0.1
93;2021-01-30;2240;159;140646;2705;2.8;0.1
93;2021-01-31;303;5;140949;2710;2.8;0.1
93;2021-02-01;5160;1518;146109;4228;2.9;0.1
93;2021-02-02;6644;2379;152753;6607;3.0;0.1
93;2021-02-03;5023;1820;157776;8427;3.1;0.2
93;2021-02-04;5533;3159;163309;11586;3.2;0.2
93;2021-02-05;6106;4125;169415;15711;3.4;0.3
93;2021-02-06;1245;970;170660;16681;3.4;0.3
93;2021-02-07;280;81;170940;16762;3.4;0.3
93;2021-02-08;4301;3746;175241;20508;3.5;0.4
93;2021-02-09;5888;7103;181129;27611;3.6;0.5
93;2021-02-10;5953;5885;187082;33496;3.7;0.7
93;2021-02-11;6595;6720;193677;40216;3.8;0.8
93;2021-02-12;5719;6479;199396;46695;3.9;0.9
93;2021-02-13;1127;1449;200523;48144;4.0;1.0
93;2021-02-14;73;384;200596;48528;4.0;1.0
93;2021-02-15;2413;5638;203009;54166;4.0;1.1
93;2021-02-16;3190;7705;206199;61871;4.1;1.2
93;2021-02-17;3604;8526;209803;70397;4.1;1.4
93;2021-02-18;6005;11418;215808;81815;4.3;1.6
93;2021-02-19;5636;8672;221444;90487;4.4;1.8
93;2021-02-20;877;1799;222321;92286;4.4;1.8
93;2021-02-21;68;417;222389;92703;4.4;1.8
93;2021-02-22;3027;6995;225416;99698;4.5;2.0
93;2021-02-23;3960;7245;229376;106943;4.5;2.1
93;2021-02-24;4748;6797;234124;113740;4.6;2.2
93;2021-02-25;8242;6659;242366;120399;4.8;2.4
93;2021-02-26;8273;6176;250639;126575;5.0;2.5
93;2021-02-27;3285;1487;253924;128062;5.0;2.5
93;2021-02-28;303;238;254227;128300;5.0;2.5
93;2021-03-01;5646;4482;259873;132782;5.1;2.6
93;2021-03-02;7212;5928;267085;138710;5.3;2.7
93;2021-03-03;8983;6550;276068;145260;5.5;2.9
93;2021-03-04;12054;6448;288122;151708;5.7;3.0
93;2021-03-05;12189;6089;300311;157797;5.9;3.1
93;2021-03-06;22779;1289;323090;159086;6.4;3.1
93;2021-03-07;17980;591;341070;159677;6.7;3.2
93;2021-03-08;10238;5258;351308;164935;6.9;3.3
93;2021-03-09;13949;5557;365257;170492;7.2;3.4
93;2021-03-10;14488;5265;379745;175757;7.5;3.5
93;2021-03-11;20379;6141;400124;181898;7.9;3.6
93;2021-03-12;21902;5289;422026;187187;8.3;3.7
93;2021-03-13;24580;1215;446606;188402;8.8;3.7
93;2021-03-14;6470;256;453076;188658;9.0;3.7
93;2021-03-15;15935;3102;469011;191760;9.3;3.8
93;2021-03-16;12714;3635;481725;195395;9.5;3.9
93;2021-03-17;15990;4628;497715;200023;9.8;4.0
93;2021-03-18;17032;4887;514747;204910;10.2;4.1
93;2021-03-19;21012;4682;535759;209592;10.6;4.1
93;2021-03-20;10988;1315;546747;210907;10.8;4.2
93;2021-03-21;3254;129;550001;211036;10.9;4.2
93;2021-03-22;17086;3549;567087;214585;11.2;4.2
93;2021-03-23;22644;3864;589731;218449;11.7;4.3
93;2021-03-24;21975;6619;611706;225068;12.1;4.5
93;2021-03-25;28998;6500;640704;231568;12.7;4.6
93;2021-03-26;29896;5008;670600;236576;13.3;4.7
93;2021-03-27;12443;1628;683043;238204;13.5;4.7
93;2021-03-28;3574;100;686617;238304;13.6;4.7
93;2021-03-29;18486;5321;705103;243625;13.9;4.8
93;2021-03-30;28454;6662;733557;250287;14.5;5.0
93;2021-03-31;28760;6612;762317;256899;15.1;5.1
93;2021-04-01;30708;7464;793025;264363;15.7;5.2
93;2021-04-02;26896;8465;819921;272828;16.2;5.4
93;2021-04-03;9745;4975;829666;277803;16.4;5.5
93;2021-04-04;2115;1250;831781;279053;16.5;5.5
93;2021-04-05;6053;1553;837834;280606;16.6;5.6
93;2021-04-06;23395;10009;861229;290615;17.0;5.7
93;2021-04-07;26054;11659;887283;302274;17.6;6.0
93;2021-04-08;28814;14946;916097;317220;18.1;6.3
93;2021-04-09;33565;14592;949662;331812;18.8;6.6
93;2021-04-10;14802;8160;964464;339972;19.1;6.7
93;2021-04-11;3626;2959;968090;342931;19.1;6.8
93;2021-04-12;20573;12193;988663;355124;19.6;7.0
93;2021-04-13;25487;15208;1014150;370332;20.1;7.3
93;2021-04-14;25166;15225;1039316;385557;20.6;7.6
93;2021-04-15;26970;15627;1066286;401184;21.1;7.9
93;2021-04-16;27871;16430;1094157;417614;21.6;8.3
93;2021-04-17;12817;7720;1106974;425334;21.9;8.4
93;2021-04-18;5247;2957;1112221;428291;22.0;8.5
93;2021-04-19;19072;15948;1131293;444239;22.4;8.8
93;2021-04-20;21315;18729;1152608;462968;22.8;9.2
93;2021-04-21;23857;18288;1176465;481256;23.3;9.5
93;2021-04-22;25810;19215;1202275;500471;23.8;9.9
93;2021-04-23;25297;18138;1227572;518609;24.3;10.3
93;2021-04-24;11533;8694;1239105;527303;24.5;10.4
93;2021-04-25;3202;2140;1242307;529443;24.6;10.5
93;2021-04-26;16423;15848;1258730;545291;24.9;10.8
93;2021-04-27;19423;20152;1278153;565443;25.3;11.2
93;2021-04-28;21471;20088;1299624;585531;25.7;11.6
93;2021-04-29;27850;21749;1327474;607280;26.3;12.0
93;2021-04-30;27224;20578;1354698;627858;26.8;12.4
93;2021-05-01;11564;5273;1366262;633131;27.0;12.5
93;2021-05-02;4059;1885;1370321;635016;27.1;12.6
93;2021-05-03;20416;18158;1390737;653174;27.5;12.9
93;2021-05-04;20725;22713;1411462;675887;27.9;13.4
93;2021-05-05;19401;21495;1430863;697382;28.3;13.8
93;2021-05-06;24730;21626;1455593;719008;28.8;14.2
93;2021-05-07;22386;24994;1477979;744002;29.2;14.7
93;2021-05-08;13449;6866;1491428;750868;29.5;14.9
93;2021-05-09;3463;2317;1494891;753185;29.6;14.9
93;2021-05-10;18527;22594;1513418;775779;29.9;15.3
93;2021-05-11;25234;25615;1538652;801394;30.4;15.9
93;2021-05-12;32182;22498;1570834;823892;31.1;16.3
93;2021-05-13;27698;7833;1598532;831725;31.6;16.5
93;2021-05-14;34971;16347;1633503;848072;32.3;16.8
93;2021-05-15;29230;10219;1662733;858291;32.9;17.0
93;2021-05-16;12724;2504;1675457;860795;33.1;17.0
93;2021-05-17;25445;17435;1700902;878230;33.6;17.4
93;2021-05-18;29991;16695;1730893;894925;34.2;17.7
93;2021-05-19;29726;15138;1760619;910063;34.8;18.0
93;2021-05-20;32569;16669;1793188;926732;35.5;18.3
93;2021-05-21;33574;17836;1826762;944568;36.1;18.7
93;2021-05-22;18511;7668;1845273;952236;36.5;18.8
93;2021-05-23;5894;2015;1851167;954251;36.6;18.9
93;2021-05-24;17429;4978;1868596;959229;37.0;19.0
93;2021-05-25;23521;20432;1892117;979661;37.4;19.4
93;2021-05-26;24448;21884;1916565;1001545;37.9;19.8
93;2021-05-27;26272;23285;1942837;1024830;38.4;20.3
93;2021-05-28;22726;26605;1965563;1051435;38.9;20.8
93;2021-05-29;13120;14355;1978683;1065790;39.1;21.1
93;2021-05-30;2579;3181;1981262;1068971;39.2;21.1
93;2021-05-31;20726;21254;2001988;1090225;39.6;21.6
93;2021-06-01;24165;26091;2026153;1116316;40.1;22.1
93;2021-06-02;22135;26068;2048288;1142384;40.5;22.6
93;2021-06-03;27485;27246;2075773;1169630;41.1;23.1
93;2021-06-04;27894;28301;2103667;1197931;41.6;23.7
93;2021-06-05;16254;14210;2119921;1212141;41.9;24.0
93;2021-06-06;4859;2791;2124780;1214932;42.0;24.0
93;2021-06-07;17141;24283;2141921;1239215;42.4;24.5
93;2021-06-08;20852;24084;2162773;1263299;42.8;25.0
93;2021-06-09;20150;25611;2182923;1288910;43.2;25.5
93;2021-06-10;20887;24518;2203810;1313428;43.6;26.0
93;2021-06-11;18954;30631;2222764;1344059;44.0;26.6
93;2021-06-12;12276;15215;2235040;1359274;44.2;26.9
93;2021-06-13;2546;3317;2237586;1362591;44.3;27.0
93;2021-06-14;12971;29328;2250557;1391919;44.5;27.5
93;2021-06-15;16008;30885;2266565;1422804;44.8;28.1
93;2021-06-16;16659;25558;2283224;1448362;45.2;28.6
93;2021-06-17;16730;28042;2299954;1476404;45.5;29.2
93;2021-06-18;16067;27886;2316021;1504290;45.8;29.8
93;2021-06-19;9153;15259;2325174;1519549;46.0;30.1
93;2021-06-20;2380;3689;2327554;1523238;46.0;30.1
94;2020-12-27;0;0;0;0;0.0;0.0
94;2020-12-28;0;0;0;0;0.0;0.0
94;2020-12-29;0;0;0;0;0.0;0.0
94;2020-12-30;0;0;0;0;0.0;0.0
94;2020-12-31;0;0;0;0;0.0;0.0
94;2021-01-01;0;0;0;0;0.0;0.0
94;2021-01-02;0;0;0;0;0.0;0.0
94;2021-01-03;0;0;0;0;0.0;0.0
94;2021-01-04;2;0;2;0;0.0;0.0
94;2021-01-05;0;0;2;0;0.0;0.0
94;2021-01-06;53;1;55;1;0.0;0.0
94;2021-01-07;333;1;388;2;0.1;0.0
94;2021-01-08;310;0;698;2;0.2;0.0
94;2021-01-09;78;0;776;2;0.2;0.0
94;2021-01-10;34;0;810;2;0.2;0.0
94;2021-01-11;152;2;962;4;0.3;0.0
94;2021-01-12;209;1;1171;5;0.3;0.0
94;2021-01-13;203;0;1374;5;0.4;0.0
94;2021-01-14;264;1;1638;6;0.5;0.0
94;2021-01-15;403;0;2041;6;0.6;0.0
94;2021-01-16;200;1;2241;7;0.7;0.0
94;2021-01-17;91;1;2332;8;0.7;0.0
94;2021-01-18;471;2;2803;10;0.8;0.0
94;2021-01-19;982;0;3785;10;1.1;0.0
94;2021-01-20;808;0;4593;10;1.3;0.0
94;2021-01-21;807;1;5400;11;1.6;0.0
94;2021-01-22;724;0;6124;11;1.8;0.0
94;2021-01-23;243;0;6367;11;1.8;0.0
94;2021-01-24;147;0;6514;11;1.9;0.0
94;2021-01-25;422;2;6936;13;2.0;0.0
94;2021-01-26;790;7;7726;20;2.2;0.0
94;2021-01-27;663;55;8389;75;2.4;0.0
94;2021-01-28;699;230;9088;305;2.6;0.1
94;2021-01-29;620;229;9708;534;2.8;0.2
94;2021-01-30;204;74;9912;608;2.9;0.2
94;2021-01-31;150;12;10062;620;2.9;0.2
94;2021-02-01;459;147;10521;767;3.1;0.2
94;2021-02-02;643;196;11164;963;3.2;0.3
94;2021-02-03;783;167;11947;1130;3.5;0.3
94;2021-02-04;714;298;12661;1428;3.7;0.4
94;2021-02-05;647;201;13308;1629;3.9;0.5
94;2021-02-06;207;75;13515;1704;3.9;0.5
94;2021-02-07;126;58;13641;1762;4.0;0.5
94;2021-02-08;322;366;13963;2128;4.1;0.6
94;2021-02-09;713;616;14676;2744;4.3;0.8
94;2021-02-10;643;430;15319;3174;4.4;0.9
94;2021-02-11;678;497;15997;3671;4.6;1.1
94;2021-02-12;635;428;16632;4099;4.8;1.2
94;2021-02-13;301;72;16933;4171;4.9;1.2
94;2021-02-14;195;78;17128;4249;5.0;1.2
94;2021-02-15;377;310;17505;4559;5.1;1.3
94;2021-02-16;634;604;18139;5163;5.3;1.5
94;2021-02-17;592;482;18731;5645;5.4;1.6
94;2021-02-18;550;545;19281;6190;5.6;1.8
94;2021-02-19;309;610;19590;6800;5.7;2.0
94;2021-02-20;275;200;19865;7000;5.8;2.0
94;2021-02-21;84;84;19949;7084;5.8;2.1
94;2021-02-22;211;406;20160;7490;5.8;2.2
94;2021-02-23;352;648;20512;8138;6.0;2.4
94;2021-02-24;298;609;20810;8747;6.0;2.5
94;2021-02-25;348;608;21158;9355;6.1;2.7
94;2021-02-26;420;555;21578;9910;6.3;2.9
94;2021-02-27;368;152;21946;10062;6.4;2.9
94;2021-02-28;70;123;22016;10185;6.4;3.0
94;2021-03-01;360;413;22376;10598;6.5;3.1
94;2021-03-02;549;654;22925;11252;6.7;3.3
94;2021-03-03;530;692;23455;11944;6.8;3.5
94;2021-03-04;950;635;24405;12579;7.1;3.6
94;2021-03-05;1584;674;25989;13253;7.5;3.8
94;2021-03-06;1843;164;27832;13417;8.1;3.9
94;2021-03-07;1381;100;29213;13517;8.5;3.9
94;2021-03-08;1228;324;30441;13841;8.8;4.0
94;2021-03-09;1312;654;31753;14495;9.2;4.2
94;2021-03-10;1259;578;33012;15073;9.6;4.4
94;2021-03-11;1307;635;34319;15708;10.0;4.6
94;2021-03-12;1515;540;35834;16248;10.4;4.7
94;2021-03-13;1117;303;36951;16551;10.7;4.8
94;2021-03-14;537;184;37488;16735;10.9;4.9
94;2021-03-15;886;400;38374;17135;11.1;5.0
94;2021-03-16;1064;639;39438;17774;11.4;5.2
94;2021-03-17;1225;529;40663;18303;11.8;5.3
94;2021-03-18;994;530;41657;18833;12.1;5.5
94;2021-03-19;1284;339;42941;19172;12.5;5.6
94;2021-03-20;1730;288;44671;19460;13.0;5.6
94;2021-03-21;1126;82;45797;19542;13.3;5.7
94;2021-03-22;888;187;46685;19729;13.5;5.7
94;2021-03-23;1302;319;47987;20048;13.9;5.8
94;2021-03-24;1686;303;49673;20351;14.4;5.9
94;2021-03-25;1752;294;51425;20645;14.9;6.0
94;2021-03-26;2024;343;53449;20988;15.5;6.1
94;2021-03-27;2271;226;55720;21214;16.2;6.2
94;2021-03-28;1070;217;56790;21431;16.5;6.2
94;2021-03-29;1021;312;57811;21743;16.8;6.3
94;2021-03-30;1350;556;59161;22299;17.2;6.5
94;2021-03-31;1426;486;60587;22785;17.6;6.6
94;2021-04-01;1636;679;62223;23464;18.1;6.8
94;2021-04-02;1858;1189;64081;24653;18.6;7.2
94;2021-04-03;1890;1127;65971;25780;19.1;7.5
94;2021-04-04;770;842;66741;26622;19.4;7.7
94;2021-04-05;629;806;67370;27428;19.5;8.0
94;2021-04-06;1579;912;68949;28340;20.0;8.2
94;2021-04-07;2005;848;70954;29188;20.6;8.5
94;2021-04-08;2174;756;73128;29944;21.2;8.7
94;2021-04-09;2097;946;75225;30890;21.8;9.0
94;2021-04-10;2402;624;77627;31514;22.5;9.1
94;2021-04-11;1173;313;78800;31827;22.9;9.2
94;2021-04-12;1517;896;80317;32723;23.3;9.5
94;2021-04-13;1384;1007;81701;33730;23.7;9.8
94;2021-04-14;2084;1074;83785;34804;24.3;10.1
94;2021-04-15;1909;1027;85694;35831;24.9;10.4
94;2021-04-16;1775;1038;87469;36869;25.4;10.7
94;2021-04-17;1749;1372;89218;38241;25.9;11.1
94;2021-04-18;1232;1277;90450;39518;26.2;11.5
94;2021-04-19;1089;772;91539;40290;26.6;11.7
94;2021-04-20;1249;1191;92788;41481;26.9;12.0
94;2021-04-21;1780;1332;94568;42813;27.4;12.4
94;2021-04-22;1821;1371;96389;44184;28.0;12.8
94;2021-04-23;1644;1401;98033;45585;28.4;13.2
94;2021-04-24;2030;1742;100063;47327;29.0;13.7
94;2021-04-25;1260;775;101323;48102;29.4;14.0
94;2021-04-26;1015;1145;102338;49247;29.7;14.3
94;2021-04-27;1308;1216;103646;50463;30.1;14.6
94;2021-04-28;2588;1269;106234;51732;30.8;15.0
94;2021-04-29;1969;1220;108203;52952;31.4;15.4
94;2021-04-30;2261;1877;110464;54829;32.0;15.9
94;2021-05-01;1423;1686;111887;56515;32.5;16.4
94;2021-05-02;1005;946;112892;57461;32.8;16.7
94;2021-05-03;1597;1066;114489;58527;33.2;17.0
94;2021-05-04;1554;1684;116043;60211;33.7;17.5
94;2021-05-05;1805;2357;117848;62568;34.2;18.2
94;2021-05-06;2187;1810;120035;64378;34.8;18.7
94;2021-05-07;2204;1815;122239;66193;35.5;19.2
94;2021-05-08;870;1352;123109;67545;35.7;19.6
94;2021-05-09;1173;1317;124282;68862;36.1;20.0
94;2021-05-10;1350;1534;125632;70396;36.4;20.4
94;2021-05-11;1561;1573;127193;71969;36.9;20.9
94;2021-05-12;1736;1371;128929;73340;37.4;21.3
94;2021-05-13;1911;502;130840;73842;38.0;21.4
94;2021-05-14;1503;1251;132343;75093;38.4;21.8
94;2021-05-15;1449;993;133792;76086;38.8;22.1
94;2021-05-16;1003;665;134795;76751;39.1;22.3
94;2021-05-17;1573;965;136368;77716;39.6;22.5
94;2021-05-18;1545;854;137913;78570;40.0;22.8
94;2021-05-19;1530;892;139443;79462;40.5;23.1
94;2021-05-20;1332;886;140775;80348;40.8;23.3
94;2021-05-21;1200;977;141975;81325;41.2;23.6
94;2021-05-22;997;694;142972;82019;41.5;23.8
94;2021-05-23;681;328;143653;82347;41.7;23.9
94;2021-05-24;161;146;143814;82493;41.7;23.9
94;2021-05-25;945;856;144759;83349;42.0;24.2
94;2021-05-26;943;1953;145702;85302;42.3;24.7
94;2021-05-27;820;2238;146522;87540;42.5;25.4
94;2021-05-28;813;1820;147335;89360;42.7;25.9
94;2021-05-29;637;1252;147972;90612;42.9;26.3
94;2021-05-30;222;548;148194;91160;43.0;26.4
94;2021-05-31;547;1241;148741;92401;43.2;26.8
94;2021-06-01;729;1767;149470;94168;43.4;27.3
94;2021-06-02;610;1925;150080;96093;43.5;27.9
94;2021-06-03;773;1642;150853;97735;43.8;28.4
94;2021-06-04;601;2343;151454;100078;43.9;29.0
94;2021-06-05;552;1934;152006;102012;44.1;29.6
94;2021-06-06;213;1040;152219;103052;44.2;29.9
94;2021-06-07;437;1607;152656;104659;44.3;30.4
94;2021-06-08;741;1869;153397;106528;44.5;30.9
94;2021-06-09;799;2487;154196;109015;44.7;31.6
94;2021-06-10;669;1791;154865;110806;44.9;32.1
94;2021-06-11;694;2293;155559;113099;45.1;32.8
94;2021-06-12;346;1202;155905;114301;45.2;33.2
94;2021-06-13;202;854;156107;115155;45.3;33.4
94;2021-06-14;420;2036;156527;117191;45.4;34.0
94;2021-06-15;541;1723;157068;118914;45.6;34.5
94;2021-06-16;572;1711;157640;120625;45.7;35.0
94;2021-06-17;607;1632;158247;122257;45.9;35.5
94;2021-06-18;560;1868;158807;124125;46.1;36.0
94;2021-06-19;333;1013;159140;125138;46.2;36.3
94;2021-06-20;187;887;159327;126025;46.2;36.6
