fra;clage_vacsi;jour;n_dose1;n_complet;n_cum_dose1;n_cum_complet;couv_dose1;couv_complet
FR;24;2020-12-27;1;0;1;0;0.0;0.0
FR;24;2020-12-28;2;0;3;0;0.0;0.0
FR;24;2020-12-29;0;0;3;0;0.0;0.0
FR;24;2020-12-30;0;0;3;0;0.0;0.0
FR;24;2020-12-31;0;0;3;0;0.0;0.0
FR;24;2021-01-01;1;0;4;0;0.0;0.0
FR;24;2021-01-02;0;0;4;0;0.0;0.0
FR;24;2021-01-03;2;0;6;0;0.0;0.0
FR;24;2021-01-04;4;0;10;0;0.0;0.0
FR;24;2021-01-05;17;0;27;0;0.0;0.0
FR;24;2021-01-06;36;0;63;0;0.0;0.0
FR;24;2021-01-07;180;0;243;0;0.0;0.0
FR;24;2021-01-08;216;0;459;0;0.0;0.0
FR;24;2021-01-09;40;0;499;0;0.0;0.0
FR;24;2021-01-10;35;0;534;0;0.0;0.0
FR;24;2021-01-11;251;2;785;2;0.0;0.0
FR;24;2021-01-12;395;1;1180;3;0.0;0.0
FR;24;2021-01-13;477;3;1657;6;0.0;0.0
FR;24;2021-01-14;607;5;2264;11;0.0;0.0
FR;24;2021-01-15;587;1;2851;12;0.1;0.0
FR;24;2021-01-16;116;3;2967;15;0.1;0.0
FR;24;2021-01-17;94;0;3061;15;0.1;0.0
FR;24;2021-01-18;506;1;3567;16;0.1;0.0
FR;24;2021-01-19;595;2;4162;18;0.1;0.0
FR;24;2021-01-20;649;0;4811;18;0.1;0.0
FR;24;2021-01-21;753;3;5564;21;0.1;0.0
FR;24;2021-01-22;598;3;6162;24;0.1;0.0
FR;24;2021-01-23;116;0;6278;24;0.1;0.0
FR;24;2021-01-24;22;0;6300;24;0.1;0.0
FR;24;2021-01-25;294;3;6594;27;0.1;0.0
FR;24;2021-01-26;365;11;6959;38;0.1;0.0
FR;24;2021-01-27;440;14;7399;52;0.1;0.0
FR;24;2021-01-28;595;50;7994;102;0.1;0.0
FR;24;2021-01-29;466;82;8460;184;0.2;0.0
FR;24;2021-01-30;87;16;8547;200;0.2;0.0
FR;24;2021-01-31;25;13;8572;213;0.2;0.0
FR;24;2021-02-01;155;134;8727;347;0.2;0.0
FR;24;2021-02-02;214;182;8941;529;0.2;0.0
FR;24;2021-02-03;215;185;9156;714;0.2;0.0
FR;24;2021-02-04;358;315;9514;1029;0.2;0.0
FR;24;2021-02-05;345;342;9859;1371;0.2;0.0
FR;24;2021-02-06;83;71;9942;1442;0.2;0.0
FR;24;2021-02-07;169;29;10111;1471;0.2;0.0
FR;24;2021-02-08;388;357;10499;1828;0.2;0.0
FR;24;2021-02-09;743;454;11242;2282;0.2;0.0
FR;24;2021-02-10;1084;591;12326;2873;0.2;0.1
FR;24;2021-02-11;1568;697;13894;3570;0.3;0.1
FR;24;2021-02-12;1618;552;15512;4122;0.3;0.1
FR;24;2021-02-13;290;90;15802;4212;0.3;0.1
FR;24;2021-02-14;62;30;15864;4242;0.3;0.1
FR;24;2021-02-15;1030;369;16894;4611;0.3;0.1
FR;24;2021-02-16;1556;561;18450;5172;0.3;0.1
FR;24;2021-02-17;1488;480;19938;5652;0.4;0.1
FR;24;2021-02-18;1935;610;21873;6262;0.4;0.1
FR;24;2021-02-19;1850;538;23723;6800;0.4;0.1
FR;24;2021-02-20;330;84;24053;6884;0.4;0.1
FR;24;2021-02-21;39;18;24092;6902;0.4;0.1
FR;24;2021-02-22;1149;275;25241;7177;0.5;0.1
FR;24;2021-02-23;1570;368;26811;7545;0.5;0.1
FR;24;2021-02-24;1644;314;28455;7859;0.5;0.1
FR;24;2021-02-25;2245;447;30700;8306;0.6;0.2
FR;24;2021-02-26;2167;362;32867;8668;0.6;0.2
FR;24;2021-02-27;528;77;33395;8745;0.6;0.2
FR;24;2021-02-28;92;15;33487;8760;0.6;0.2
FR;24;2021-03-01;1239;214;34726;8974;0.6;0.2
FR;24;2021-03-02;1637;276;36363;9250;0.7;0.2
FR;24;2021-03-03;1739;319;38102;9569;0.7;0.2
FR;24;2021-03-04;2096;468;40198;10037;0.7;0.2
FR;24;2021-03-05;3266;438;43464;10475;0.8;0.2
FR;24;2021-03-06;1698;117;45162;10592;0.8;0.2
FR;24;2021-03-07;974;53;46136;10645;0.9;0.2
FR;24;2021-03-08;1946;223;48082;10868;0.9;0.2
FR;24;2021-03-09;2596;265;50678;11133;0.9;0.2
FR;24;2021-03-10;2421;325;53099;11458;1.0;0.2
FR;24;2021-03-11;2903;464;56002;11922;1.0;0.2
FR;24;2021-03-12;3806;398;59808;12320;1.1;0.2
FR;24;2021-03-13;1472;83;61280;12403;1.1;0.2
FR;24;2021-03-14;530;33;61810;12436;1.1;0.2
FR;24;2021-03-15;1823;229;63633;12665;1.2;0.2
FR;24;2021-03-16;822;305;64455;12970;1.2;0.2
FR;24;2021-03-17;1066;314;65521;13284;1.2;0.2
FR;24;2021-03-18;1295;424;66816;13708;1.2;0.3
FR;24;2021-03-19;1860;351;68676;14059;1.3;0.3
FR;24;2021-03-20;830;84;69506;14143;1.3;0.3
FR;24;2021-03-21;632;48;70138;14191;1.3;0.3
FR;24;2021-03-22;1498;277;71636;14468;1.3;0.3
FR;24;2021-03-23;1792;389;73428;14857;1.4;0.3
FR;24;2021-03-24;2152;341;75580;15198;1.4;0.3
FR;24;2021-03-25;2554;482;78134;15680;1.4;0.3
FR;24;2021-03-26;3156;468;81290;16148;1.5;0.3
FR;24;2021-03-27;1895;189;83185;16337;1.5;0.3
FR;24;2021-03-28;1009;68;84194;16405;1.6;0.3
FR;24;2021-03-29;2423;346;86617;16751;1.6;0.3
FR;24;2021-03-30;3556;499;90173;17250;1.7;0.3
FR;24;2021-03-31;4072;503;94245;17753;1.7;0.3
FR;24;2021-04-01;5374;721;99619;18474;1.8;0.3
FR;24;2021-04-02;4429;603;104048;19077;1.9;0.4
FR;24;2021-04-03;1740;333;105788;19410;2.0;0.4
FR;24;2021-04-04;954;124;106742;19534;2.0;0.4
FR;24;2021-04-05;1091;127;107833;19661;2.0;0.4
FR;24;2021-04-06;3529;564;111362;20225;2.1;0.4
FR;24;2021-04-07;4746;778;116108;21003;2.1;0.4
FR;24;2021-04-08;6312;1071;122420;22074;2.3;0.4
FR;24;2021-04-09;5738;1012;128158;23086;2.4;0.4
FR;24;2021-04-10;2621;557;130779;23643;2.4;0.4
FR;24;2021-04-11;1249;304;132028;23947;2.4;0.4
FR;24;2021-04-12;3410;902;135438;24849;2.5;0.5
FR;24;2021-04-13;4708;1123;140146;25972;2.6;0.5
FR;24;2021-04-14;4859;1277;145005;27249;2.7;0.5
FR;24;2021-04-15;5099;1538;150104;28787;2.8;0.5
FR;24;2021-04-16;4743;1643;154847;30430;2.9;0.6
FR;24;2021-04-17;2110;787;156957;31217;2.9;0.6
FR;24;2021-04-18;718;429;157675;31646;2.9;0.6
FR;24;2021-04-19;2885;1496;160560;33142;3.0;0.6
FR;24;2021-04-20;3065;2102;163625;35244;3.0;0.6
FR;24;2021-04-21;3351;2436;166976;37680;3.1;0.7
FR;24;2021-04-22;3974;3093;170950;40773;3.2;0.8
FR;24;2021-04-23;4113;3255;175063;44028;3.2;0.8
FR;24;2021-04-24;2359;1662;177422;45690;3.3;0.8
FR;24;2021-04-25;1203;797;178625;46487;3.3;0.9
FR;24;2021-04-26;3019;2158;181644;48645;3.3;0.9
FR;24;2021-04-27;3848;3143;185492;51788;3.4;1.0
FR;24;2021-04-28;4329;3712;189821;55500;3.5;1.0
FR;24;2021-04-29;5377;4409;195198;59909;3.6;1.1
FR;24;2021-04-30;6085;4571;201283;64480;3.7;1.2
FR;24;2021-05-01;3686;1066;204969;65546;3.8;1.2
FR;24;2021-05-02;2730;893;207699;66439;3.8;1.2
FR;24;2021-05-03;6164;4117;213863;70556;3.9;1.3
FR;24;2021-05-04;7363;4689;221226;75245;4.1;1.4
FR;24;2021-05-05;8403;4903;229629;80148;4.2;1.5
FR;24;2021-05-06;10499;6315;240128;86463;4.4;1.6
FR;24;2021-05-07;11701;6349;251829;92812;4.6;1.7
FR;24;2021-05-08;9347;2463;261176;95275;4.8;1.8
FR;24;2021-05-09;6840;1919;268016;97194;4.9;1.8
FR;24;2021-05-10;10684;4898;278700;102092;5.1;1.9
FR;24;2021-05-11;15088;5688;293788;107780;5.4;2.0
FR;24;2021-05-12;21845;6019;315633;113799;5.8;2.1
FR;24;2021-05-13;26649;2930;342282;116729;6.3;2.2
FR;24;2021-05-14;31414;5397;373696;122126;6.9;2.3
FR;24;2021-05-15;32900;3841;406596;125967;7.5;2.3
FR;24;2021-05-16;21759;1933;428355;127900;7.9;2.4
FR;24;2021-05-17;28612;5087;456967;132987;8.4;2.5
FR;29;2020-12-27;0;0;0;0;0.0;0.0
FR;29;2020-12-28;1;0;1;0;0.0;0.0
FR;29;2020-12-29;0;0;1;0;0.0;0.0
FR;29;2020-12-30;0;0;1;0;0.0;0.0
FR;29;2020-12-31;0;0;1;0;0.0;0.0
FR;29;2021-01-01;2;0;3;0;0.0;0.0
FR;29;2021-01-02;2;0;5;0;0.0;0.0
FR;29;2021-01-03;2;0;7;0;0.0;0.0
FR;29;2021-01-04;10;0;17;0;0.0;0.0
FR;29;2021-01-05;42;0;59;0;0.0;0.0
FR;29;2021-01-06;142;0;201;0;0.0;0.0
FR;29;2021-01-07;306;1;507;1;0.0;0.0
FR;29;2021-01-08;517;2;1024;3;0.0;0.0
FR;29;2021-01-09;113;0;1137;3;0.0;0.0
FR;29;2021-01-10;91;0;1228;3;0.0;0.0
FR;29;2021-01-11;642;1;1870;4;0.1;0.0
FR;29;2021-01-12;929;4;2799;8;0.1;0.0
FR;29;2021-01-13;1209;2;4008;10;0.1;0.0
FR;29;2021-01-14;1557;8;5565;18;0.1;0.0
FR;29;2021-01-15;1302;2;6867;20;0.2;0.0
FR;29;2021-01-16;192;2;7059;22;0.2;0.0
FR;29;2021-01-17;158;0;7217;22;0.2;0.0
FR;29;2021-01-18;1039;2;8256;24;0.2;0.0
FR;29;2021-01-19;1143;3;9399;27;0.3;0.0
FR;29;2021-01-20;1191;2;10590;29;0.3;0.0
FR;29;2021-01-21;1448;5;12038;34;0.3;0.0
FR;29;2021-01-22;1143;4;13181;38;0.4;0.0
FR;29;2021-01-23;167;2;13348;40;0.4;0.0
FR;29;2021-01-24;51;0;13399;40;0.4;0.0
FR;29;2021-01-25;535;13;13934;53;0.4;0.0
FR;29;2021-01-26;660;35;14594;88;0.4;0.0
FR;29;2021-01-27;719;60;15313;148;0.4;0.0
FR;29;2021-01-28;1033;120;16346;268;0.4;0.0
FR;29;2021-01-29;801;170;17147;438;0.5;0.0
FR;29;2021-01-30;140;39;17287;477;0.5;0.0
FR;29;2021-01-31;33;26;17320;503;0.5;0.0
FR;29;2021-02-01;260;291;17580;794;0.5;0.0
FR;29;2021-02-02;403;372;17983;1166;0.5;0.0
FR;29;2021-02-03;452;456;18435;1622;0.5;0.0
FR;29;2021-02-04;605;715;19040;2337;0.5;0.1
FR;29;2021-02-05;530;745;19570;3082;0.5;0.1
FR;29;2021-02-06;141;106;19711;3188;0.5;0.1
FR;29;2021-02-07;304;61;20015;3249;0.5;0.1
FR;29;2021-02-08;600;800;20615;4049;0.6;0.1
FR;29;2021-02-09;1244;1004;21859;5053;0.6;0.1
FR;29;2021-02-10;1705;1123;23564;6176;0.6;0.2
FR;29;2021-02-11;2455;1395;26019;7571;0.7;0.2
FR;29;2021-02-12;2207;1199;28226;8770;0.8;0.2
FR;29;2021-02-13;422;154;28648;8924;0.8;0.2
FR;29;2021-02-14;133;81;28781;9005;0.8;0.2
FR;29;2021-02-15;1567;771;30348;9776;0.8;0.3
FR;29;2021-02-16;1908;1130;32256;10906;0.9;0.3
FR;29;2021-02-17;1880;919;34136;11825;0.9;0.3
FR;29;2021-02-18;2385;1131;36521;12956;1.0;0.3
FR;29;2021-02-19;2314;918;38835;13874;1.0;0.4
FR;29;2021-02-20;383;119;39218;13993;1.1;0.4
FR;29;2021-02-21;86;42;39304;14035;1.1;0.4
FR;29;2021-02-22;1344;508;40648;14543;1.1;0.4
FR;29;2021-02-23;1749;623;42397;15166;1.1;0.4
FR;29;2021-02-24;1775;515;44172;15681;1.2;0.4
FR;29;2021-02-25;2376;887;46548;16568;1.3;0.4
FR;29;2021-02-26;2553;623;49101;17191;1.3;0.5
FR;29;2021-02-27;606;102;49707;17293;1.3;0.5
FR;29;2021-02-28;111;27;49818;17320;1.3;0.5
FR;29;2021-03-01;1272;323;51090;17643;1.4;0.5
FR;29;2021-03-02;1782;561;52872;18204;1.4;0.5
FR;29;2021-03-03;1965;553;54837;18757;1.5;0.5
FR;29;2021-03-04;2440;701;57277;19458;1.5;0.5
FR;29;2021-03-05;3587;653;60864;20111;1.6;0.5
FR;29;2021-03-06;1620;125;62484;20236;1.7;0.5
FR;29;2021-03-07;819;98;63303;20334;1.7;0.5
FR;29;2021-03-08;1933;360;65236;20694;1.8;0.6
FR;29;2021-03-09;2632;431;67868;21125;1.8;0.6
FR;29;2021-03-10;2540;462;70408;21587;1.9;0.6
FR;29;2021-03-11;3318;752;73726;22339;2.0;0.6
FR;29;2021-03-12;3945;667;77671;23006;2.1;0.6
FR;29;2021-03-13;1618;121;79289;23127;2.1;0.6
FR;29;2021-03-14;562;57;79851;23184;2.1;0.6
FR;29;2021-03-15;1876;328;81727;23512;2.2;0.6
FR;29;2021-03-16;1114;485;82841;23997;2.2;0.6
FR;29;2021-03-17;1372;486;84213;24483;2.3;0.7
FR;29;2021-03-18;1639;653;85852;25136;2.3;0.7
FR;29;2021-03-19;2220;530;88072;25666;2.4;0.7
FR;29;2021-03-20;987;122;89059;25788;2.4;0.7
FR;29;2021-03-21;725;58;89784;25846;2.4;0.7
FR;29;2021-03-22;1654;394;91438;26240;2.5;0.7
FR;29;2021-03-23;2204;583;93642;26823;2.5;0.7
FR;29;2021-03-24;2525;546;96167;27369;2.6;0.7
FR;29;2021-03-25;3368;652;99535;28021;2.7;0.8
FR;29;2021-03-26;3724;655;103259;28676;2.8;0.8
FR;29;2021-03-27;2143;238;105402;28914;2.8;0.8
FR;29;2021-03-28;963;57;106365;28971;2.9;0.8
FR;29;2021-03-29;2741;495;109106;29466;2.9;0.8
FR;29;2021-03-30;3950;680;113056;30146;3.0;0.8
FR;29;2021-03-31;4458;762;117514;30908;3.2;0.8
FR;29;2021-04-01;5821;961;123335;31869;3.3;0.9
FR;29;2021-04-02;4869;880;128204;32749;3.4;0.9
FR;29;2021-04-03;1762;323;129966;33072;3.5;0.9
FR;29;2021-04-04;897;115;130863;33187;3.5;0.9
FR;29;2021-04-05;915;111;131778;33298;3.5;0.9
FR;29;2021-04-06;3473;724;135251;34022;3.6;0.9
FR;29;2021-04-07;4515;1075;139766;35097;3.8;0.9
FR;29;2021-04-08;6217;1392;145983;36489;3.9;1.0
FR;29;2021-04-09;6246;1230;152229;37719;4.1;1.0
FR;29;2021-04-10;2639;603;154868;38322;4.2;1.0
FR;29;2021-04-11;1161;331;156029;38653;4.2;1.0
FR;29;2021-04-12;3552;1011;159581;39664;4.3;1.1
FR;29;2021-04-13;4807;1457;164388;41121;4.4;1.1
FR;29;2021-04-14;4705;1481;169093;42602;4.5;1.1
FR;29;2021-04-15;5504;1775;174597;44377;4.7;1.2
FR;29;2021-04-16;4708;1845;179305;46222;4.8;1.2
FR;29;2021-04-17;2220;903;181525;47125;4.9;1.3
FR;29;2021-04-18;764;516;182289;47641;4.9;1.3
FR;29;2021-04-19;2814;1735;185103;49376;5.0;1.3
FR;29;2021-04-20;3438;2466;188541;51842;5.1;1.4
FR;29;2021-04-21;3382;2752;191923;54594;5.2;1.5
FR;29;2021-04-22;4386;3797;196309;58391;5.3;1.6
FR;29;2021-04-23;4507;3719;200816;62110;5.4;1.7
FR;29;2021-04-24;2664;1808;203480;63918;5.5;1.7
FR;29;2021-04-25;1165;731;204645;64649;5.5;1.7
FR;29;2021-04-26;2908;2444;207553;67093;5.6;1.8
FR;29;2021-04-27;3939;3574;211492;70667;5.7;1.9
FR;29;2021-04-28;4573;3984;216065;74651;5.8;2.0
FR;29;2021-04-29;5758;4932;221823;79583;6.0;2.1
FR;29;2021-04-30;6350;5152;228173;84735;6.1;2.3
FR;29;2021-05-01;3975;1198;232148;85933;6.2;2.3
FR;29;2021-05-02;2591;904;234739;86837;6.3;2.3
FR;29;2021-05-03;6722;4265;241461;91102;6.5;2.5
FR;29;2021-05-04;7959;5148;249420;96250;6.7;2.6
FR;29;2021-05-05;9314;5131;258734;101381;7.0;2.7
FR;29;2021-05-06;10922;6468;269656;107849;7.3;2.9
FR;29;2021-05-07;11372;6544;281028;114393;7.6;3.1
FR;29;2021-05-08;8321;2209;289349;116602;7.8;3.1
FR;29;2021-05-09;5884;1733;295233;118335;7.9;3.2
FR;29;2021-05-10;10336;5229;305569;123564;8.2;3.3
FR;29;2021-05-11;14184;6295;319753;129859;8.6;3.5
FR;29;2021-05-12;19093;6183;338846;136042;9.1;3.7
FR;29;2021-05-13;19212;2278;358058;138320;9.6;3.7
FR;29;2021-05-14;21832;4304;379890;142624;10.2;3.8
FR;29;2021-05-15;20675;2882;400565;145506;10.8;3.9
FR;29;2021-05-16;13271;1308;413836;146814;11.1;4.0
FR;29;2021-05-17;20825;4852;434661;151666;11.7;4.1
FR;39;2020-12-27;0;0;0;0;0.0;0.0
FR;39;2020-12-28;0;0;0;0;0.0;0.0
FR;39;2020-12-29;1;0;1;0;0.0;0.0
FR;39;2020-12-30;3;0;4;0;0.0;0.0
FR;39;2020-12-31;1;0;5;0;0.0;0.0
FR;39;2021-01-01;4;0;9;0;0.0;0.0
FR;39;2021-01-02;2;0;11;0;0.0;0.0
FR;39;2021-01-03;2;0;13;0;0.0;0.0
FR;39;2021-01-04;23;0;36;0;0.0;0.0
FR;39;2021-01-05;139;0;175;0;0.0;0.0
FR;39;2021-01-06;384;0;559;0;0.0;0.0
FR;39;2021-01-07;1174;5;1733;5;0.0;0.0
FR;39;2021-01-08;1782;3;3515;8;0.0;0.0
FR;39;2021-01-09;473;0;3988;8;0.0;0.0
FR;39;2021-01-10;307;1;4295;9;0.1;0.0
FR;39;2021-01-11;2203;6;6498;15;0.1;0.0
FR;39;2021-01-12;3390;10;9888;25;0.1;0.0
FR;39;2021-01-13;3481;7;13369;32;0.2;0.0
FR;39;2021-01-14;4760;44;18129;76;0.2;0.0
FR;39;2021-01-15;4373;12;22502;88;0.3;0.0
FR;39;2021-01-16;768;4;23270;92;0.3;0.0
FR;39;2021-01-17;488;2;23758;94;0.3;0.0
FR;39;2021-01-18;3062;20;26820;114;0.3;0.0
FR;39;2021-01-19;3992;13;30812;127;0.4;0.0
FR;39;2021-01-20;3890;10;34702;137;0.4;0.0
FR;39;2021-01-21;5117;15;39819;152;0.5;0.0
FR;39;2021-01-22;3936;17;43755;169;0.5;0.0
FR;39;2021-01-23;590;3;44345;172;0.5;0.0
FR;39;2021-01-24;184;0;44529;172;0.5;0.0
FR;39;2021-01-25;1585;38;46114;210;0.6;0.0
FR;39;2021-01-26;2157;95;48271;305;0.6;0.0
FR;39;2021-01-27;2277;204;50548;509;0.6;0.0
FR;39;2021-01-28;3466;462;54014;971;0.7;0.0
FR;39;2021-01-29;2670;693;56684;1664;0.7;0.0
FR;39;2021-01-30;393;214;57077;1878;0.7;0.0
FR;39;2021-01-31;89;78;57166;1956;0.7;0.0
FR;39;2021-02-01;746;1057;57912;3013;0.7;0.0
FR;39;2021-02-02;1325;1645;59237;4658;0.7;0.1
FR;39;2021-02-03;1350;1651;60587;6309;0.7;0.1
FR;39;2021-02-04;1968;2529;62555;8838;0.8;0.1
FR;39;2021-02-05;1630;2699;64185;11537;0.8;0.1
FR;39;2021-02-06;397;430;64582;11967;0.8;0.1
FR;39;2021-02-07;553;204;65135;12171;0.8;0.1
FR;39;2021-02-08;1511;2409;66646;14580;0.8;0.2
FR;39;2021-02-09;3158;3349;69804;17929;0.8;0.2
FR;39;2021-02-10;3873;3486;73677;21415;0.9;0.3
FR;39;2021-02-11;6143;4798;79820;26213;1.0;0.3
FR;39;2021-02-12;5796;3940;85616;30153;1.0;0.4
FR;39;2021-02-13;1237;536;86853;30689;1.0;0.4
FR;39;2021-02-14;386;262;87239;30951;1.1;0.4
FR;39;2021-02-15;3406;2360;90645;33311;1.1;0.4
FR;39;2021-02-16;4409;3307;95054;36618;1.1;0.4
FR;39;2021-02-17;3974;2828;99028;39446;1.2;0.5
FR;39;2021-02-18;5959;3824;104987;43270;1.3;0.5
FR;39;2021-02-19;5798;3026;110785;46296;1.3;0.6
FR;39;2021-02-20;1133;463;111918;46759;1.3;0.6
FR;39;2021-02-21;185;118;112103;46877;1.4;0.6
FR;39;2021-02-22;2964;1635;115067;48512;1.4;0.6
FR;39;2021-02-23;3881;1874;118948;50386;1.4;0.6
FR;39;2021-02-24;3699;1677;122647;52063;1.5;0.6
FR;39;2021-02-25;5540;2473;128187;54536;1.5;0.7
FR;39;2021-02-26;6047;1864;134234;56400;1.6;0.7
FR;39;2021-02-27;1651;293;135885;56693;1.6;0.7
FR;39;2021-02-28;240;119;136125;56812;1.6;0.7
FR;39;2021-03-01;2908;970;139033;57782;1.7;0.7
FR;39;2021-03-02;4196;1560;143229;59342;1.7;0.7
FR;39;2021-03-03;4201;1479;147430;60821;1.8;0.7
FR;39;2021-03-04;6220;2236;153650;63057;1.9;0.8
FR;39;2021-03-05;9079;2006;162729;65063;2.0;0.8
FR;39;2021-03-06;4897;383;167626;65446;2.0;0.8
FR;39;2021-03-07;2633;228;170259;65674;2.1;0.8
FR;39;2021-03-08;4654;1064;174913;66738;2.1;0.8
FR;39;2021-03-09;6824;1431;181737;68169;2.2;0.8
FR;39;2021-03-10;6055;1467;187792;69636;2.3;0.8
FR;39;2021-03-11;8613;2297;196405;71933;2.4;0.9
FR;39;2021-03-12;11376;2011;207781;73944;2.5;0.9
FR;39;2021-03-13;5205;389;212986;74333;2.6;0.9
FR;39;2021-03-14;1745;146;214731;74479;2.6;0.9
FR;39;2021-03-15;4747;1005;219478;75484;2.6;0.9
FR;39;2021-03-16;3355;1385;222833;76869;2.7;0.9
FR;39;2021-03-17;3430;1469;226263;78338;2.7;0.9
FR;39;2021-03-18;4632;1948;230895;80286;2.8;1.0
FR;39;2021-03-19;6238;1600;237133;81886;2.9;1.0
FR;39;2021-03-20;3165;352;240298;82238;2.9;1.0
FR;39;2021-03-21;2069;159;242367;82397;2.9;1.0
FR;39;2021-03-22;4434;1064;246801;83461;3.0;1.0
FR;39;2021-03-23;6148;1629;252949;85090;3.0;1.0
FR;39;2021-03-24;6293;1325;259242;86415;3.1;1.0
FR;39;2021-03-25;9030;1687;268272;88102;3.2;1.1
FR;39;2021-03-26;10613;1647;278885;89749;3.4;1.1
FR;39;2021-03-27;5987;586;284872;90335;3.4;1.1
FR;39;2021-03-28;2730;175;287602;90510;3.5;1.1
FR;39;2021-03-29;7160;1244;294762;91754;3.6;1.1
FR;39;2021-03-30;10465;1820;305227;93574;3.7;1.1
FR;39;2021-03-31;11076;1783;316303;95357;3.8;1.1
FR;39;2021-04-01;14922;2545;331225;97902;4.0;1.2
FR;39;2021-04-02;13211;2374;344436;100276;4.2;1.2
FR;39;2021-04-03;5596;998;350032;101274;4.2;1.2
FR;39;2021-04-04;2520;336;352552;101610;4.2;1.2
FR;39;2021-04-05;2527;318;355079;101928;4.3;1.2
FR;39;2021-04-06;9215;2235;364294;104163;4.4;1.3
FR;39;2021-04-07;12130;2686;376424;106849;4.5;1.3
FR;39;2021-04-08;16746;3605;393170;110454;4.7;1.3
FR;39;2021-04-09;16777;3539;409947;113993;4.9;1.4
FR;39;2021-04-10;7399;1920;417346;115913;5.0;1.4
FR;39;2021-04-11;2978;975;420324;116888;5.1;1.4
FR;39;2021-04-12;9535;2719;429859;119607;5.2;1.4
FR;39;2021-04-13;12836;3940;442695;123547;5.3;1.5
FR;39;2021-04-14;12746;3795;455441;127342;5.5;1.5
FR;39;2021-04-15;14545;4737;469986;132079;5.7;1.6
FR;39;2021-04-16;12610;5229;482596;137308;5.8;1.7
FR;39;2021-04-17;6091;2700;488687;140008;5.9;1.7
FR;39;2021-04-18;2247;1555;490934;141563;5.9;1.7
FR;39;2021-04-19;7808;4654;498742;146217;6.0;1.8
FR;39;2021-04-20;9282;6680;508024;152897;6.1;1.8
FR;39;2021-04-21;10054;7126;518078;160023;6.2;1.9
FR;39;2021-04-22;11733;10249;529811;170272;6.4;2.1
FR;39;2021-04-23;12064;10436;541875;180708;6.5;2.2
FR;39;2021-04-24;7744;5051;549619;185759;6.6;2.2
FR;39;2021-04-25;3414;2145;553033;187904;6.7;2.3
FR;39;2021-04-26;8416;6929;561449;194833;6.8;2.3
FR;39;2021-04-27;11714;9510;573163;204343;6.9;2.5
FR;39;2021-04-28;13072;10003;586235;214346;7.1;2.6
FR;39;2021-04-29;16901;12881;603136;227227;7.3;2.7
FR;39;2021-04-30;19550;13189;622686;240416;7.5;2.9
FR;39;2021-05-01;12856;3514;635542;243930;7.7;2.9
FR;39;2021-05-02;9269;2482;644811;246412;7.8;3.0
FR;39;2021-05-03;22057;11271;666868;257683;8.0;3.1
FR;39;2021-05-04;26546;13897;693414;271580;8.4;3.3
FR;39;2021-05-05;30143;14198;723557;285778;8.7;3.4
FR;39;2021-05-06;36403;17591;759960;303369;9.2;3.7
FR;39;2021-05-07;37766;18428;797726;321797;9.6;3.9
FR;39;2021-05-08;27564;5494;825290;327291;9.9;3.9
FR;39;2021-05-09;18742;4278;844032;331569;10.2;4.0
FR;39;2021-05-10;33147;14404;877179;345973;10.6;4.2
FR;39;2021-05-11;43338;16996;920517;362969;11.1;4.4
FR;39;2021-05-12;54580;16031;975097;379000;11.8;4.6
FR;39;2021-05-13;52071;5528;1027168;384528;12.4;4.6
FR;39;2021-05-14;60871;10867;1088039;395395;13.1;4.8
FR;39;2021-05-15;55121;6747;1143160;402142;13.8;4.8
FR;39;2021-05-16;35866;3064;1179026;405206;14.2;4.9
FR;39;2021-05-17;54910;11747;1233936;416953;14.9;5.0
FR;49;2020-12-27;2;0;2;0;0.0;0.0
FR;49;2020-12-28;1;0;3;0;0.0;0.0
FR;49;2020-12-29;1;0;4;0;0.0;0.0
FR;49;2020-12-30;6;0;10;0;0.0;0.0
FR;49;2020-12-31;1;0;11;0;0.0;0.0
FR;49;2021-01-01;3;0;14;0;0.0;0.0
FR;49;2021-01-02;9;0;23;0;0.0;0.0
FR;49;2021-01-03;4;0;27;0;0.0;0.0
FR;49;2021-01-04;85;0;112;0;0.0;0.0
FR;49;2021-01-05;333;1;445;1;0.0;0.0
FR;49;2021-01-06;854;3;1299;4;0.0;0.0
FR;49;2021-01-07;2157;6;3456;10;0.0;0.0
FR;49;2021-01-08;3356;5;6812;15;0.1;0.0
FR;49;2021-01-09;999;1;7811;16;0.1;0.0
FR;49;2021-01-10;472;1;8283;17;0.1;0.0
FR;49;2021-01-11;4163;8;12446;25;0.1;0.0
FR;49;2021-01-12;5838;9;18284;34;0.2;0.0
FR;49;2021-01-13;6135;11;24419;45;0.3;0.0
FR;49;2021-01-14;8312;63;32731;108;0.4;0.0
FR;49;2021-01-15;7583;17;40314;125;0.5;0.0
FR;49;2021-01-16;1415;8;41729;133;0.5;0.0
FR;49;2021-01-17;619;4;42348;137;0.5;0.0
FR;49;2021-01-18;5052;16;47400;153;0.6;0.0
FR;49;2021-01-19;6795;10;54195;163;0.6;0.0
FR;49;2021-01-20;6608;17;60803;180;0.7;0.0
FR;49;2021-01-21;8357;17;69160;197;0.8;0.0
FR;49;2021-01-22;6229;29;75389;226;0.9;0.0
FR;49;2021-01-23;1012;6;76401;232;0.9;0.0
FR;49;2021-01-24;282;2;76683;234;0.9;0.0
FR;49;2021-01-25;2601;95;79284;329;0.9;0.0
FR;49;2021-01-26;3714;214;82998;543;1.0;0.0
FR;49;2021-01-27;3969;384;86967;927;1.0;0.0
FR;49;2021-01-28;5524;961;92491;1888;1.1;0.0
FR;49;2021-01-29;4390;1552;96881;3440;1.1;0.0
FR;49;2021-01-30;690;377;97571;3817;1.1;0.0
FR;49;2021-01-31;137;125;97708;3942;1.1;0.0
FR;49;2021-02-01;1363;2086;99071;6028;1.2;0.1
FR;49;2021-02-02;2261;3195;101332;9223;1.2;0.1
FR;49;2021-02-03;2290;3374;103622;12597;1.2;0.1
FR;49;2021-02-04;3341;4763;106963;17360;1.2;0.2
FR;49;2021-02-05;2775;4881;109738;22241;1.3;0.3
FR;49;2021-02-06;565;885;110303;23126;1.3;0.3
FR;49;2021-02-07;520;290;110823;23416;1.3;0.3
FR;49;2021-02-08;1932;4045;112755;27461;1.3;0.3
FR;49;2021-02-09;4324;5715;117079;33176;1.4;0.4
FR;49;2021-02-10;5482;6019;122561;39195;1.4;0.5
FR;49;2021-02-11;7963;7920;130524;47115;1.5;0.5
FR;49;2021-02-12;7283;6407;137807;53522;1.6;0.6
FR;49;2021-02-13;1691;1007;139498;54529;1.6;0.6
FR;49;2021-02-14;404;405;139902;54934;1.6;0.6
FR;49;2021-02-15;4103;3846;144005;58780;1.7;0.7
FR;49;2021-02-16;5367;5298;149372;64078;1.7;0.7
FR;49;2021-02-17;5124;4625;154496;68703;1.8;0.8
FR;49;2021-02-18;7455;6139;161951;74842;1.9;0.9
FR;49;2021-02-19;7020;4825;168971;79667;2.0;0.9
FR;49;2021-02-20;1486;785;170457;80452;2.0;0.9
FR;49;2021-02-21;276;222;170733;80674;2.0;0.9
FR;49;2021-02-22;3509;2627;174242;83301;2.0;1.0
FR;49;2021-02-23;4828;3085;179070;86386;2.1;1.0
FR;49;2021-02-24;4868;2793;183938;89179;2.1;1.0
FR;49;2021-02-25;7500;4096;191438;93275;2.2;1.1
FR;49;2021-02-26;8214;3098;199652;96373;2.3;1.1
FR;49;2021-02-27;2664;549;202316;96922;2.4;1.1
FR;49;2021-02-28;329;135;202645;97057;2.4;1.1
FR;49;2021-03-01;3771;1603;206416;98660;2.4;1.1
FR;49;2021-03-02;5718;2409;212134;101069;2.5;1.2
FR;49;2021-03-03;5950;2434;218084;103503;2.5;1.2
FR;49;2021-03-04;8817;3361;226901;106864;2.6;1.2
FR;49;2021-03-05;12443;3091;239344;109955;2.8;1.3
FR;49;2021-03-06;8518;562;247862;110517;2.9;1.3
FR;49;2021-03-07;4665;374;252527;110891;2.9;1.3
FR;49;2021-03-08;6345;1597;258872;112488;3.0;1.3
FR;49;2021-03-09;9437;2197;268309;114685;3.1;1.3
FR;49;2021-03-10;8869;2245;277178;116930;3.2;1.4
FR;49;2021-03-11;12697;3269;289875;120199;3.4;1.4
FR;49;2021-03-12;16336;2758;306211;122957;3.6;1.4
FR;49;2021-03-13;9493;565;315704;123522;3.7;1.4
FR;49;2021-03-14;3124;220;318828;123742;3.7;1.4
FR;49;2021-03-15;6832;1409;325660;125151;3.8;1.5
FR;49;2021-03-16;4611;2096;330271;127247;3.8;1.5
FR;49;2021-03-17;5149;1968;335420;129215;3.9;1.5
FR;49;2021-03-18;6520;2719;341940;131934;4.0;1.5
FR;49;2021-03-19;9446;2226;351386;134160;4.1;1.6
FR;49;2021-03-20;5860;545;357246;134705;4.2;1.6
FR;49;2021-03-21;3140;196;360386;134901;4.2;1.6
FR;49;2021-03-22;6272;1442;366658;136343;4.3;1.6
FR;49;2021-03-23;8561;2111;375219;138454;4.4;1.6
FR;49;2021-03-24;9476;1918;384695;140372;4.5;1.6
FR;49;2021-03-25;12293;2276;396988;142648;4.6;1.7
FR;49;2021-03-26;14666;2230;411654;144878;4.8;1.7
FR;49;2021-03-27;9341;790;420995;145668;4.9;1.7
FR;49;2021-03-28;3847;288;424842;145956;4.9;1.7
FR;49;2021-03-29;9827;1776;434669;147732;5.1;1.7
FR;49;2021-03-30;14211;2588;448880;150320;5.2;1.7
FR;49;2021-03-31;15471;2659;464351;152979;5.4;1.8
FR;49;2021-04-01;19703;3549;484054;156528;5.6;1.8
FR;49;2021-04-02;17384;3316;501438;159844;5.8;1.9
FR;49;2021-04-03;9315;1798;510753;161642;5.9;1.9
FR;49;2021-04-04;4109;610;514862;162252;6.0;1.9
FR;49;2021-04-05;4195;514;519057;162766;6.0;1.9
FR;49;2021-04-06;13117;3294;532174;166060;6.2;1.9
FR;49;2021-04-07;17564;4140;549738;170200;6.4;2.0
FR;49;2021-04-08;22249;5025;571987;175225;6.7;2.0
FR;49;2021-04-09;23321;5199;595308;180424;6.9;2.1
FR;49;2021-04-10;12402;3339;607710;183763;7.1;2.1
FR;49;2021-04-11;4454;1665;612164;185428;7.1;2.2
FR;49;2021-04-12;14050;3709;626214;189137;7.3;2.2
FR;49;2021-04-13;18538;5664;644752;194801;7.5;2.3
FR;49;2021-04-14;19227;5852;663979;200653;7.7;2.3
FR;49;2021-04-15;20031;6888;684010;207541;8.0;2.4
FR;49;2021-04-16;17241;7224;701251;214765;8.2;2.5
FR;49;2021-04-17;9798;4616;711049;219381;8.3;2.6
FR;49;2021-04-18;3339;2275;714388;221656;8.3;2.6
FR;49;2021-04-19;11830;6321;726218;227977;8.5;2.7
FR;49;2021-04-20;13929;8932;740147;236909;8.6;2.8
FR;49;2021-04-21;15555;10044;755702;246953;8.8;2.9
FR;49;2021-04-22;17271;13024;772973;259977;9.0;3.0
FR;49;2021-04-23;17776;13958;790749;273935;9.2;3.2
FR;49;2021-04-24;12480;7755;803229;281690;9.3;3.3
FR;49;2021-04-25;5271;3101;808500;284791;9.4;3.3
FR;49;2021-04-26;13294;9878;821794;294669;9.6;3.4
FR;49;2021-04-27;18360;13009;840154;307678;9.8;3.6
FR;49;2021-04-28;22268;14440;862422;322118;10.0;3.7
FR;49;2021-04-29;26828;17133;889250;339251;10.3;3.9
FR;49;2021-04-30;31287;17936;920537;357187;10.7;4.2
FR;49;2021-05-01;23133;5654;943670;362841;11.0;4.2
FR;49;2021-05-02;16373;3834;960043;366675;11.2;4.3
FR;49;2021-05-03;38795;15442;998838;382117;11.6;4.4
FR;49;2021-05-04;45853;20194;1044691;402311;12.2;4.7
FR;49;2021-05-05;54641;21509;1099332;423820;12.8;4.9
FR;49;2021-05-06;61289;24436;1160621;448256;13.5;5.2
FR;49;2021-05-07;64358;25853;1224979;474109;14.3;5.5
FR;49;2021-05-08;49250;8934;1274229;483043;14.8;5.6
FR;49;2021-05-09;32120;6213;1306349;489256;15.2;5.7
FR;49;2021-05-10;56105;20517;1362454;509773;15.9;5.9
FR;49;2021-05-11;70719;23708;1433173;533481;16.7;6.2
FR;49;2021-05-12;87546;23665;1520719;557146;17.7;6.5
FR;49;2021-05-13;78771;7612;1599490;564758;18.6;6.6
FR;49;2021-05-14;94666;15507;1694156;580265;19.7;6.8
FR;49;2021-05-15;84694;10643;1778850;590908;20.7;6.9
FR;49;2021-05-16;52932;4450;1831782;595358;21.3;6.9
FR;49;2021-05-17;80091;16093;1911873;611451;22.2;7.1
FR;59;2020-12-27;2;0;2;0;0.0;0.0
FR;59;2020-12-28;5;0;7;0;0.0;0.0
FR;59;2020-12-29;2;0;9;0;0.0;0.0
FR;59;2020-12-30;6;0;15;0;0.0;0.0
FR;59;2020-12-31;9;0;24;0;0.0;0.0
FR;59;2021-01-01;24;1;48;1;0.0;0.0
FR;59;2021-01-02;26;0;74;1;0.0;0.0
FR;59;2021-01-03;36;0;110;1;0.0;0.0
FR;59;2021-01-04;592;1;702;2;0.0;0.0
FR;59;2021-01-05;2165;1;2867;3;0.0;0.0
FR;59;2021-01-06;4798;7;7665;10;0.1;0.0
FR;59;2021-01-07;10502;21;18167;31;0.2;0.0
FR;59;2021-01-08;14273;14;32440;45;0.4;0.0
FR;59;2021-01-09;4051;6;36491;51;0.4;0.0
FR;59;2021-01-10;1984;1;38475;52;0.4;0.0
FR;59;2021-01-11;15902;18;54377;70;0.6;0.0
FR;59;2021-01-12;21073;24;75450;94;0.9;0.0
FR;59;2021-01-13;22667;34;98117;128;1.1;0.0
FR;59;2021-01-14;24713;209;122830;337;1.4;0.0
FR;59;2021-01-15;21539;79;144369;416;1.6;0.0
FR;59;2021-01-16;5371;16;149740;432;1.7;0.0
FR;59;2021-01-17;1801;7;151541;439;1.7;0.0
FR;59;2021-01-18;13561;47;165102;486;1.9;0.0
FR;59;2021-01-19;17905;55;183007;541;2.1;0.0
FR;59;2021-01-20;17021;56;200028;597;2.3;0.0
FR;59;2021-01-21;18672;35;218700;632;2.5;0.0
FR;59;2021-01-22;13845;67;232545;699;2.6;0.0
FR;59;2021-01-23;2947;18;235492;717;2.7;0.0
FR;59;2021-01-24;826;12;236318;729;2.7;0.0
FR;59;2021-01-25;6691;603;243009;1332;2.8;0.0
FR;59;2021-01-26;8385;1364;251394;2696;2.9;0.0
FR;59;2021-01-27;8785;2382;260179;5078;3.0;0.1
FR;59;2021-01-28;10424;5013;270603;10091;3.1;0.1
FR;59;2021-01-29;7819;6634;278422;16725;3.2;0.2
FR;59;2021-01-30;1755;1507;280177;18232;3.2;0.2
FR;59;2021-01-31;370;546;280547;18778;3.2;0.2
FR;59;2021-02-01;3146;8735;283693;27513;3.2;0.3
FR;59;2021-02-02;4654;12470;288347;39983;3.3;0.5
FR;59;2021-02-03;4798;13532;293145;53515;3.3;0.6
FR;59;2021-02-04;5882;15874;299027;69389;3.4;0.8
FR;59;2021-02-05;4757;14905;303784;84294;3.5;1.0
FR;59;2021-02-06;1149;2996;304933;87290;3.5;1.0
FR;59;2021-02-07;389;981;305322;88271;3.5;1.0
FR;59;2021-02-08;2752;12452;308074;100723;3.5;1.1
FR;59;2021-02-09;4894;16131;312968;116854;3.6;1.3
FR;59;2021-02-10;5675;16013;318643;132867;3.6;1.5
FR;59;2021-02-11;7627;19647;326270;152514;3.7;1.7
FR;59;2021-02-12;6727;15966;332997;168480;3.8;1.9
FR;59;2021-02-13;1681;3440;334678;171920;3.8;2.0
FR;59;2021-02-14;360;981;335038;172901;3.8;2.0
FR;59;2021-02-15;3255;10496;338293;183397;3.8;2.1
FR;59;2021-02-16;4722;13509;343015;196906;3.9;2.2
FR;59;2021-02-17;4948;12258;347963;209164;4.0;2.4
FR;59;2021-02-18;7038;13774;355001;222938;4.0;2.5
FR;59;2021-02-19;6433;10626;361434;233564;4.1;2.7
FR;59;2021-02-20;1412;2473;362846;236037;4.1;2.7
FR;59;2021-02-21;281;566;363127;236603;4.1;2.7
FR;59;2021-02-22;3234;6335;366361;242938;4.2;2.8
FR;59;2021-02-23;4774;7062;371135;250000;4.2;2.8
FR;59;2021-02-24;6804;6345;377939;256345;4.3;2.9
FR;59;2021-02-25;21050;8349;398989;264694;4.5;3.0
FR;59;2021-02-26;28110;6089;427099;270783;4.9;3.1
FR;59;2021-02-27;16997;1436;444096;272219;5.1;3.1
FR;59;2021-02-28;1101;372;445197;272591;5.1;3.1
FR;59;2021-03-01;8718;3458;453915;276049;5.2;3.1
FR;59;2021-03-02;17003;4767;470918;280816;5.4;3.2
FR;59;2021-03-03;20441;4843;491359;285659;5.6;3.2
FR;59;2021-03-04;31914;5649;523273;291308;6.0;3.3
FR;59;2021-03-05;40496;5127;563769;296435;6.4;3.4
FR;59;2021-03-06;35499;1290;599268;297725;6.8;3.4
FR;59;2021-03-07;13922;923;613190;298648;7.0;3.4
FR;59;2021-03-08;12156;3048;625346;301696;7.1;3.4
FR;59;2021-03-09;22635;3996;647981;305692;7.4;3.5
FR;59;2021-03-10;22931;4044;670912;309736;7.6;3.5
FR;59;2021-03-11;33994;5169;704906;314905;8.0;3.6
FR;59;2021-03-12;45045;4248;749951;319153;8.5;3.6
FR;59;2021-03-13;35852;1124;785803;320277;8.9;3.6
FR;59;2021-03-14;7149;356;792952;320633;9.0;3.6
FR;59;2021-03-15;14361;2439;807313;323072;9.2;3.7
FR;59;2021-03-16;7852;2893;815165;325965;9.3;3.7
FR;59;2021-03-17;8693;3039;823858;329004;9.4;3.7
FR;59;2021-03-18;10361;3906;834219;332910;9.5;3.8
FR;59;2021-03-19;23292;3377;857511;336287;9.8;3.8
FR;59;2021-03-20;20966;980;878477;337267;10.0;3.8
FR;59;2021-03-21;6258;353;884735;337620;10.1;3.8
FR;59;2021-03-22;15363;2572;900098;340192;10.2;3.9
FR;59;2021-03-23;25230;3330;925328;343522;10.5;3.9
FR;59;2021-03-24;27817;3321;953145;346843;10.8;3.9
FR;59;2021-03-25;37659;3605;990804;350448;11.3;4.0
FR;59;2021-03-26;42564;3805;1033368;354253;11.8;4.0
FR;59;2021-03-27;26715;1586;1060083;355839;12.1;4.0
FR;59;2021-03-28;7507;421;1067590;356260;12.1;4.1
FR;59;2021-03-29;21560;3225;1089150;359485;12.4;4.1
FR;59;2021-03-30;31972;4133;1121122;363618;12.8;4.1
FR;59;2021-03-31;31215;4454;1152337;368072;13.1;4.2
FR;59;2021-04-01;38074;5544;1190411;373616;13.5;4.2
FR;59;2021-04-02;36678;5517;1227089;379133;14.0;4.3
FR;59;2021-04-03;21245;3355;1248334;382488;14.2;4.4
FR;59;2021-04-04;7324;1181;1255658;383669;14.3;4.4
FR;59;2021-04-05;8244;1056;1263902;384725;14.4;4.4
FR;59;2021-04-06;25530;5726;1289432;390451;14.7;4.4
FR;59;2021-04-07;33687;6933;1323119;397384;15.0;4.5
FR;59;2021-04-08;44679;8179;1367798;405563;15.6;4.6
FR;59;2021-04-09;60323;8649;1428121;414212;16.2;4.7
FR;59;2021-04-10;36304;6929;1464425;421141;16.7;4.8
FR;59;2021-04-11;9719;3479;1474144;424620;16.8;4.8
FR;59;2021-04-12;35077;7238;1509221;431858;17.2;4.9
FR;59;2021-04-13;49512;9885;1558733;441743;17.7;5.0
FR;59;2021-04-14;49827;9911;1608560;451654;18.3;5.1
FR;59;2021-04-15;58993;11395;1667553;463049;19.0;5.3
FR;59;2021-04-16;62789;12072;1730342;475121;19.7;5.4
FR;59;2021-04-17;41252;9512;1771594;484633;20.1;5.5
FR;59;2021-04-18;12246;4603;1783840;489236;20.3;5.6
FR;59;2021-04-19;32925;11002;1816765;500238;20.7;5.7
FR;59;2021-04-20;44185;14499;1860950;514737;21.2;5.9
FR;59;2021-04-21;46369;16217;1907319;530954;21.7;6.0
FR;59;2021-04-22;55158;19203;1962477;550157;22.3;6.3
FR;59;2021-04-23;64548;20388;2027025;570545;23.1;6.5
FR;59;2021-04-24;47223;15348;2074248;585893;23.6;6.7
FR;59;2021-04-25;16390;5389;2090638;591282;23.8;6.7
FR;59;2021-04-26;40659;17288;2131297;608570;24.2;6.9
FR;59;2021-04-27;56082;23042;2187379;631612;24.9;7.2
FR;59;2021-04-28;63717;25663;2251096;657275;25.6;7.5
FR;59;2021-04-29;77120;31271;2328216;688546;26.5;7.8
FR;59;2021-04-30;91789;36138;2420005;724684;27.5;8.2
FR;59;2021-05-01;42275;10829;2462280;735513;28.0;8.4
FR;59;2021-05-02;23284;7188;2485564;742701;28.3;8.4
FR;59;2021-05-03;61860;26083;2547424;768784;29.0;8.7
FR;59;2021-05-04;70245;34128;2617669;802912;29.8;9.1
FR;59;2021-05-05;76409;37085;2694078;839997;30.6;9.6
FR;59;2021-05-06;88330;43302;2782408;883299;31.6;10.0
FR;59;2021-05-07;96740;53575;2879148;936874;32.7;10.7
FR;59;2021-05-08;56707;16203;2935855;953077;33.4;10.8
FR;59;2021-05-09;39127;10254;2974982;963331;33.8;11.0
FR;59;2021-05-10;94029;39739;3069011;1003070;34.9;11.4
FR;59;2021-05-11;124320;48896;3193331;1051966;36.3;12.0
FR;59;2021-05-12;120884;45715;3314215;1097681;37.7;12.5
FR;59;2021-05-13;91826;14219;3406041;1111900;38.7;12.6
FR;59;2021-05-14;127718;33870;3533759;1145770;40.2;13.0
FR;59;2021-05-15;113358;25159;3647117;1170929;41.5;13.3
FR;59;2021-05-16;55129;7016;3702246;1177945;42.1;13.4
FR;59;2021-05-17;103806;30268;3806052;1208213;43.3;13.7
FR;64;2020-12-27;1;0;1;0;0.0;0.0
FR;64;2020-12-28;0;0;1;0;0.0;0.0
FR;64;2020-12-29;2;0;3;0;0.0;0.0
FR;64;2020-12-30;6;0;9;0;0.0;0.0
FR;64;2020-12-31;5;0;14;0;0.0;0.0
FR;64;2021-01-01;8;0;22;0;0.0;0.0
FR;64;2021-01-02;11;0;33;0;0.0;0.0
FR;64;2021-01-03;17;0;50;0;0.0;0.0
FR;64;2021-01-04;209;2;259;2;0.0;0.0
FR;64;2021-01-05;896;3;1155;5;0.0;0.0
FR;64;2021-01-06;1688;2;2843;7;0.1;0.0
FR;64;2021-01-07;3652;4;6495;11;0.2;0.0
FR;64;2021-01-08;4856;6;11351;17;0.3;0.0
FR;64;2021-01-09;1950;0;13301;17;0.3;0.0
FR;64;2021-01-10;1023;0;14324;17;0.3;0.0
FR;64;2021-01-11;5261;1;19585;18;0.5;0.0
FR;64;2021-01-12;7113;5;26698;23;0.7;0.0
FR;64;2021-01-13;7430;13;34128;36;0.8;0.0
FR;64;2021-01-14;8544;76;42672;112;1.0;0.0
FR;64;2021-01-15;7074;28;49746;140;1.2;0.0
FR;64;2021-01-16;2198;13;51944;153;1.3;0.0
FR;64;2021-01-17;842;8;52786;161;1.3;0.0
FR;64;2021-01-18;4678;11;57464;172;1.4;0.0
FR;64;2021-01-19;6391;11;63855;183;1.6;0.0
FR;64;2021-01-20;6208;24;70063;207;1.7;0.0
FR;64;2021-01-21;6871;16;76934;223;1.9;0.0
FR;64;2021-01-22;5392;19;82326;242;2.0;0.0
FR;64;2021-01-23;1412;8;83738;250;2.0;0.0
FR;64;2021-01-24;430;7;84168;257;2.1;0.0
FR;64;2021-01-25;2765;196;86933;453;2.1;0.0
FR;64;2021-01-26;3517;483;90450;936;2.2;0.0
FR;64;2021-01-27;3756;878;94206;1814;2.3;0.0
FR;64;2021-01-28;4559;1740;98765;3554;2.4;0.1
FR;64;2021-01-29;3521;2316;102286;5870;2.5;0.1
FR;64;2021-01-30;837;706;103123;6576;2.5;0.2
FR;64;2021-01-31;172;279;103295;6855;2.5;0.2
FR;64;2021-02-01;1512;2860;104807;9715;2.6;0.2
FR;64;2021-02-02;2140;4138;106947;13853;2.6;0.3
FR;64;2021-02-03;2301;4355;109248;18208;2.7;0.4
FR;64;2021-02-04;2800;5501;112048;23709;2.7;0.6
FR;64;2021-02-05;2177;4963;114225;28672;2.8;0.7
FR;64;2021-02-06;655;1303;114880;29975;2.8;0.7
FR;64;2021-02-07;164;493;115044;30468;2.8;0.7
FR;64;2021-02-08;1483;4193;116527;34661;2.8;0.8
FR;64;2021-02-09;2338;5653;118865;40314;2.9;1.0
FR;64;2021-02-10;2565;5660;121430;45974;3.0;1.1
FR;64;2021-02-11;3451;7211;124881;53185;3.0;1.3
FR;64;2021-02-12;3106;5427;127987;58612;3.1;1.4
FR;64;2021-02-13;833;1444;128820;60056;3.1;1.5
FR;64;2021-02-14;194;434;129014;60490;3.1;1.5
FR;64;2021-02-15;1584;3871;130598;64361;3.2;1.6
FR;64;2021-02-16;2081;5118;132679;69479;3.2;1.7
FR;64;2021-02-17;2204;4623;134883;74102;3.3;1.8
FR;64;2021-02-18;3217;5425;138100;79527;3.4;1.9
FR;64;2021-02-19;2982;4192;141082;83719;3.4;2.0
FR;64;2021-02-20;802;1192;141884;84911;3.5;2.1
FR;64;2021-02-21;133;253;142017;85164;3.5;2.1
FR;64;2021-02-22;1483;2658;143500;87822;3.5;2.1
FR;64;2021-02-23;2385;2901;145885;90723;3.6;2.2
FR;64;2021-02-24;3852;2831;149737;93554;3.7;2.3
FR;64;2021-02-25;15927;3801;165664;97355;4.0;2.4
FR;64;2021-02-26;21704;2718;187368;100073;4.6;2.4
FR;64;2021-02-27;12994;727;200362;100800;4.9;2.5
FR;64;2021-02-28;790;175;201152;100975;4.9;2.5
FR;64;2021-03-01;6494;1734;207646;102709;5.1;2.5
FR;64;2021-03-02;13063;2279;220709;104988;5.4;2.6
FR;64;2021-03-03;15810;2319;236519;107307;5.8;2.6
FR;64;2021-03-04;24948;2781;261467;110088;6.4;2.7
FR;64;2021-03-05;30276;2534;291743;112622;7.1;2.7
FR;64;2021-03-06;26486;684;318229;113306;7.8;2.8
FR;64;2021-03-07;9787;474;328016;113780;8.0;2.8
FR;64;2021-03-08;8721;1750;336737;115530;8.2;2.8
FR;64;2021-03-09;16720;1957;353457;117487;8.6;2.9
FR;64;2021-03-10;16931;2082;370388;119569;9.0;2.9
FR;64;2021-03-11;25751;2720;396139;122289;9.7;3.0
FR;64;2021-03-12;33256;2247;429395;124536;10.5;3.0
FR;64;2021-03-13;27145;650;456540;125186;11.1;3.1
FR;64;2021-03-14;5411;176;461951;125362;11.3;3.1
FR;64;2021-03-15;10947;1392;472898;126754;11.5;3.1
FR;64;2021-03-16;5971;1747;478869;128501;11.7;3.1
FR;64;2021-03-17;6084;1655;484953;130156;11.8;3.2
FR;64;2021-03-18;7621;2031;492574;132187;12.0;3.2
FR;64;2021-03-19;18803;1856;511377;134043;12.5;3.3
FR;64;2021-03-20;18452;673;529829;134716;12.9;3.3
FR;64;2021-03-21;4716;205;534545;134921;13.0;3.3
FR;64;2021-03-22;13453;1518;547998;136439;13.4;3.3
FR;64;2021-03-23;23383;1939;571381;138378;13.9;3.4
FR;64;2021-03-24;24981;2000;596362;140378;14.5;3.4
FR;64;2021-03-25;36407;2245;632769;142623;15.4;3.5
FR;64;2021-03-26;39975;2204;672744;144827;16.4;3.5
FR;64;2021-03-27;21169;941;693913;145768;16.9;3.6
FR;64;2021-03-28;5063;241;698976;146009;17.0;3.6
FR;64;2021-03-29;17472;2080;716448;148089;17.5;3.6
FR;64;2021-03-30;27222;2730;743670;150819;18.1;3.7
FR;64;2021-03-31;24007;2803;767677;153622;18.7;3.7
FR;64;2021-04-01;30361;3667;798038;157289;19.5;3.8
FR;64;2021-04-02;29088;3505;827126;160794;20.2;3.9
FR;64;2021-04-03;15946;2325;843072;163119;20.6;4.0
FR;64;2021-04-04;4024;784;847096;163903;20.6;4.0
FR;64;2021-04-05;5098;779;852194;164682;20.8;4.0
FR;64;2021-04-06;19066;4197;871260;168879;21.2;4.1
FR;64;2021-04-07;23446;4721;894706;173600;21.8;4.2
FR;64;2021-04-08;34408;5493;929114;179093;22.6;4.4
FR;64;2021-04-09;53203;5874;982317;184967;23.9;4.5
FR;64;2021-04-10;29746;4916;1012063;189883;24.7;4.6
FR;64;2021-04-11;6257;2592;1018320;192475;24.8;4.7
FR;64;2021-04-12;27902;5083;1046222;197558;25.5;4.8
FR;64;2021-04-13;42319;7256;1088541;204814;26.5;5.0
FR;64;2021-04-14;40555;7015;1129096;211829;27.5;5.2
FR;64;2021-04-15;51610;8221;1180706;220050;28.8;5.4
FR;64;2021-04-16;63941;8719;1244647;228769;30.3;5.6
FR;64;2021-04-17;38327;7002;1282974;235771;31.3;5.7
FR;64;2021-04-18;10894;3310;1293868;239081;31.5;5.8
FR;64;2021-04-19;41704;8478;1335572;247559;32.6;6.0
FR;64;2021-04-20;52297;10266;1387869;257825;33.8;6.3
FR;64;2021-04-21;52060;10709;1439929;268534;35.1;6.5
FR;64;2021-04-22;56961;12568;1496890;281102;36.5;6.9
FR;64;2021-04-23;60391;12466;1557281;293568;38.0;7.2
FR;64;2021-04-24;43152;8972;1600433;302540;39.0;7.4
FR;64;2021-04-25;16080;3303;1616513;305843;39.4;7.5
FR;64;2021-04-26;49193;11362;1665706;317205;40.6;7.7
FR;64;2021-04-27;62613;15340;1728319;332545;42.1;8.1
FR;64;2021-04-28;63587;15825;1791906;348370;43.7;8.5
FR;64;2021-04-29;73105;20213;1865011;368583;45.5;9.0
FR;64;2021-04-30;74782;21771;1939793;390354;47.3;9.5
FR;64;2021-05-01;29035;6589;1968828;396943;48.0;9.7
FR;64;2021-05-02;14366;3937;1983194;400880;48.3;9.8
FR;64;2021-05-03;51825;15719;2035019;416599;49.6;10.2
FR;64;2021-05-04;52709;21518;2087728;438117;50.9;10.7
FR;64;2021-05-05;48925;22569;2136653;460686;52.1;11.2
FR;64;2021-05-06;56345;28664;2192998;489350;53.5;11.9
FR;64;2021-05-07;50443;33860;2243441;523210;54.7;12.8
FR;64;2021-05-08;19747;9221;2263188;532431;55.2;13.0
FR;64;2021-05-09;9972;5468;2273160;537899;55.4;13.1
FR;64;2021-05-10;33886;26662;2307046;564561;56.2;13.8
FR;64;2021-05-11;43611;37010;2350657;601571;57.3;14.7
FR;64;2021-05-12;38421;34835;2389078;636406;58.2;15.5
FR;64;2021-05-13;21842;10008;2410920;646414;58.8;15.8
FR;64;2021-05-14;35956;28938;2446876;675352;59.6;16.5
FR;64;2021-05-15;21024;18931;2467900;694283;60.2;16.9
FR;64;2021-05-16;7926;4281;2475826;698564;60.4;17.0
FR;64;2021-05-17;26381;25265;2502207;723829;61.0;17.6
FR;69;2020-12-27;2;0;2;0;0.0;0.0
FR;69;2020-12-28;1;0;3;0;0.0;0.0
FR;69;2020-12-29;3;0;6;0;0.0;0.0
FR;69;2020-12-30;7;0;13;0;0.0;0.0
FR;69;2020-12-31;5;0;18;0;0.0;0.0
FR;69;2021-01-01;6;0;24;0;0.0;0.0
FR;69;2021-01-02;10;0;34;0;0.0;0.0
FR;69;2021-01-03;8;0;42;0;0.0;0.0
FR;69;2021-01-04;114;0;156;0;0.0;0.0
FR;69;2021-01-05;410;2;566;2;0.0;0.0
FR;69;2021-01-06;806;2;1372;4;0.0;0.0
FR;69;2021-01-07;1890;3;3262;7;0.1;0.0
FR;69;2021-01-08;2448;0;5710;7;0.1;0.0
FR;69;2021-01-09;1122;1;6832;8;0.2;0.0
FR;69;2021-01-10;655;0;7487;8;0.2;0.0
FR;69;2021-01-11;2726;3;10213;11;0.3;0.0
FR;69;2021-01-12;3861;1;14074;12;0.4;0.0
FR;69;2021-01-13;3778;9;17852;21;0.5;0.0
FR;69;2021-01-14;4559;44;22411;65;0.6;0.0
FR;69;2021-01-15;3830;13;26241;78;0.7;0.0
FR;69;2021-01-16;1341;8;27582;86;0.7;0.0
FR;69;2021-01-17;634;3;28216;89;0.7;0.0
FR;69;2021-01-18;3253;14;31469;103;0.8;0.0
FR;69;2021-01-19;4781;15;36250;118;0.9;0.0
FR;69;2021-01-20;4751;11;41001;129;1.1;0.0
FR;69;2021-01-21;5511;12;46512;141;1.2;0.0
FR;69;2021-01-22;4366;11;50878;152;1.3;0.0
FR;69;2021-01-23;1358;4;52236;156;1.3;0.0
FR;69;2021-01-24;446;5;52682;161;1.4;0.0
FR;69;2021-01-25;2719;81;55401;242;1.4;0.0
FR;69;2021-01-26;3343;180;58744;422;1.5;0.0
FR;69;2021-01-27;3664;404;62408;826;1.6;0.0
FR;69;2021-01-28;4319;884;66727;1710;1.7;0.0
FR;69;2021-01-29;3479;1231;70206;2941;1.8;0.1
FR;69;2021-01-30;937;402;71143;3343;1.8;0.1
FR;69;2021-01-31;180;159;71323;3502;1.8;0.1
FR;69;2021-02-01;1803;1521;73126;5023;1.9;0.1
FR;69;2021-02-02;2400;2199;75526;7222;1.9;0.2
FR;69;2021-02-03;2415;2271;77941;9493;2.0;0.2
FR;69;2021-02-04;2970;2920;80911;12413;2.1;0.3
FR;69;2021-02-05;2494;2536;83405;14949;2.1;0.4
FR;69;2021-02-06;720;808;84125;15757;2.2;0.4
FR;69;2021-02-07;162;391;84287;16148;2.2;0.4
FR;69;2021-02-08;1605;2408;85892;18556;2.2;0.5
FR;69;2021-02-09;2398;3410;88290;21966;2.3;0.6
FR;69;2021-02-10;2559;3401;90849;25367;2.3;0.7
FR;69;2021-02-11;3509;4856;94358;30223;2.4;0.8
FR;69;2021-02-12;3144;3414;97502;33637;2.5;0.9
FR;69;2021-02-13;861;1032;98363;34669;2.5;0.9
FR;69;2021-02-14;213;412;98576;35081;2.5;0.9
FR;69;2021-02-15;1325;2774;99901;37855;2.6;1.0
FR;69;2021-02-16;1861;3980;101762;41835;2.6;1.1
FR;69;2021-02-17;2010;3660;103772;45495;2.7;1.2
FR;69;2021-02-18;2988;4552;106760;50047;2.7;1.3
FR;69;2021-02-19;2852;3500;109612;53547;2.8;1.4
FR;69;2021-02-20;752;1025;110364;54572;2.8;1.4
FR;69;2021-02-21;149;233;110513;54805;2.8;1.4
FR;69;2021-02-22;1602;2574;112115;57379;2.9;1.5
FR;69;2021-02-23;2264;2813;114379;60192;2.9;1.5
FR;69;2021-02-24;2655;2904;117034;63096;3.0;1.6
FR;69;2021-02-25;3865;3568;120899;66664;3.1;1.7
FR;69;2021-02-26;4253;2617;125152;69281;3.2;1.8
FR;69;2021-02-27;1795;700;126947;69981;3.3;1.8
FR;69;2021-02-28;309;177;127256;70158;3.3;1.8
FR;69;2021-03-01;2790;1923;130046;72081;3.3;1.8
FR;69;2021-03-02;4702;2428;134748;74509;3.5;1.9
FR;69;2021-03-03;6634;2461;141382;76970;3.6;2.0
FR;69;2021-03-04;11663;2975;153045;79945;3.9;2.0
FR;69;2021-03-05;17360;2637;170405;82582;4.4;2.1
FR;69;2021-03-06;22938;710;193343;83292;5.0;2.1
FR;69;2021-03-07;14679;386;208022;83678;5.3;2.1
FR;69;2021-03-08;9701;2007;217723;85685;5.6;2.2
FR;69;2021-03-09;17388;2436;235111;88121;6.0;2.3
FR;69;2021-03-10;18690;2485;253801;90606;6.5;2.3
FR;69;2021-03-11;28996;3116;282797;93722;7.2;2.4
FR;69;2021-03-12;39648;2803;322445;96525;8.3;2.5
FR;69;2021-03-13;35761;862;358206;97387;9.2;2.5
FR;69;2021-03-14;8160;221;366366;97608;9.4;2.5
FR;69;2021-03-15;16578;1767;382944;99375;9.8;2.5
FR;69;2021-03-16;10702;2156;393646;101531;10.1;2.6
FR;69;2021-03-17;11703;2155;405349;103686;10.4;2.7
FR;69;2021-03-18;13089;2567;418438;106253;10.7;2.7
FR;69;2021-03-19;28678;2354;447116;108607;11.5;2.8
FR;69;2021-03-20;26838;830;473954;109437;12.1;2.8
FR;69;2021-03-21;7107;258;481061;109695;12.3;2.8
FR;69;2021-03-22;21110;2113;502171;111808;12.9;2.9
FR;69;2021-03-23;36049;2715;538220;114523;13.8;2.9
FR;69;2021-03-24;37332;2750;575552;117273;14.8;3.0
FR;69;2021-03-25;54767;2976;630319;120249;16.2;3.1
FR;69;2021-03-26;58931;2854;689250;123103;17.7;3.2
FR;69;2021-03-27;30016;1285;719266;124388;18.4;3.2
FR;69;2021-03-28;7595;362;726861;124750;18.6;3.2
FR;69;2021-03-29;27612;3363;754473;128113;19.3;3.3
FR;69;2021-03-30;42149;4249;796622;132362;20.4;3.4
FR;69;2021-03-31;35282;4308;831904;136670;21.3;3.5
FR;69;2021-04-01;43074;5667;874978;142337;22.4;3.6
FR;69;2021-04-02;41220;5821;916198;148158;23.5;3.8
FR;69;2021-04-03;21631;3895;937829;152053;24.0;3.9
FR;69;2021-04-04;5799;1298;943628;153351;24.2;3.9
FR;69;2021-04-05;7605;1050;951233;154401;24.4;4.0
FR;69;2021-04-06;27707;7113;978940;161514;25.1;4.1
FR;69;2021-04-07;32320;7675;1011260;169189;25.9;4.3
FR;69;2021-04-08;48439;8742;1059699;177931;27.2;4.6
FR;69;2021-04-09;70266;8859;1129965;186790;29.0;4.8
FR;69;2021-04-10;36583;7773;1166548;194563;29.9;5.0
FR;69;2021-04-11;7990;4271;1174538;198834;30.1;5.1
FR;69;2021-04-12;38468;8760;1213006;207594;31.1;5.3
FR;69;2021-04-13;53367;11835;1266373;219429;32.5;5.6
FR;69;2021-04-14;49134;11551;1315507;230980;33.7;5.9
FR;69;2021-04-15;61554;13390;1377061;244370;35.3;6.3
FR;69;2021-04-16;72305;13931;1449366;258301;37.1;6.6
FR;69;2021-04-17;39484;10599;1488850;268900;38.2;6.9
FR;69;2021-04-18;9986;5012;1498836;273912;38.4;7.0
FR;69;2021-04-19;45719;13787;1544555;287699;39.6;7.4
FR;69;2021-04-20;56820;16685;1601375;304384;41.0;7.8
FR;69;2021-04-21;53093;16414;1654468;320798;42.4;8.2
FR;69;2021-04-22;59870;18601;1714338;339399;43.9;8.7
FR;69;2021-04-23;58969;18576;1773307;357975;45.4;9.2
FR;69;2021-04-24;37123;13063;1810430;371038;46.4;9.5
FR;69;2021-04-25;13134;4954;1823564;375992;46.7;9.6
FR;69;2021-04-26;48866;18241;1872430;394233;48.0;10.1
FR;69;2021-04-27;61444;23041;1933874;417274;49.6;10.7
FR;69;2021-04-28;59451;21947;1993325;439221;51.1;11.3
FR;69;2021-04-29;69586;24684;2062911;463905;52.9;11.9
FR;69;2021-04-30;66584;23748;2129495;487653;54.6;12.5
FR;69;2021-05-01;23564;7555;2153059;495208;55.2;12.7
FR;69;2021-05-02;11125;5123;2164184;500331;55.5;12.8
FR;69;2021-05-03;47079;21240;2211263;521571;56.7;13.4
FR;69;2021-05-04;47579;27657;2258842;549228;57.9;14.1
FR;69;2021-05-05;42347;27083;2301189;576311;59.0;14.8
FR;69;2021-05-06;50456;30123;2351645;606434;60.3;15.5
FR;69;2021-05-07;41954;34209;2393599;640643;61.3;16.4
FR;69;2021-05-08;14948;9324;2408547;649967;61.7;16.7
FR;69;2021-05-09;7249;6548;2415796;656515;61.9;16.8
FR;69;2021-05-10;29182;34639;2444978;691154;62.7;17.7
FR;69;2021-05-11;37877;43684;2482855;734838;63.6;18.8
FR;69;2021-05-12;32549;39125;2515404;773963;64.5;19.8
FR;69;2021-05-13;17381;11482;2532785;785445;64.9;20.1
FR;69;2021-05-14;29730;34090;2562515;819535;65.7;21.0
FR;69;2021-05-15;15083;18477;2577598;838012;66.1;21.5
FR;69;2021-05-16;5410;4303;2583008;842315;66.2;21.6
FR;69;2021-05-17;21409;28707;2604417;871022;66.7;22.3
FR;74;2020-12-27;1;0;1;0;0.0;0.0
FR;74;2020-12-28;6;0;7;0;0.0;0.0
FR;74;2020-12-29;5;0;12;0;0.0;0.0
FR;74;2020-12-30;11;0;23;0;0.0;0.0
FR;74;2020-12-31;7;0;30;0;0.0;0.0
FR;74;2021-01-01;5;0;35;0;0.0;0.0
FR;74;2021-01-02;3;0;38;0;0.0;0.0
FR;74;2021-01-03;12;0;50;0;0.0;0.0
FR;74;2021-01-04;85;1;135;1;0.0;0.0
FR;74;2021-01-05;297;0;432;1;0.0;0.0
FR;74;2021-01-06;554;0;986;1;0.0;0.0
FR;74;2021-01-07;1463;0;2449;1;0.1;0.0
FR;74;2021-01-08;1789;3;4238;4;0.1;0.0
FR;74;2021-01-09;794;1;5032;5;0.1;0.0
FR;74;2021-01-10;534;0;5566;5;0.2;0.0
FR;74;2021-01-11;2117;0;7683;5;0.2;0.0
FR;74;2021-01-12;3143;3;10826;8;0.3;0.0
FR;74;2021-01-13;3192;5;14018;13;0.4;0.0
FR;74;2021-01-14;3933;39;17951;52;0.5;0.0
FR;74;2021-01-15;3528;8;21479;60;0.6;0.0
FR;74;2021-01-16;1333;2;22812;62;0.7;0.0
FR;74;2021-01-17;764;3;23576;65;0.7;0.0
FR;74;2021-01-18;4714;11;28290;76;0.8;0.0
FR;74;2021-01-19;6808;11;35098;87;1.0;0.0
FR;74;2021-01-20;7089;10;42187;97;1.2;0.0
FR;74;2021-01-21;8171;20;50358;117;1.4;0.0
FR;74;2021-01-22;6531;15;56889;132;1.6;0.0
FR;74;2021-01-23;2257;1;59146;133;1.7;0.0
FR;74;2021-01-24;608;0;59754;133;1.7;0.0
FR;74;2021-01-25;4529;56;64283;189;1.8;0.0
FR;74;2021-01-26;5615;148;69898;337;2.0;0.0
FR;74;2021-01-27;5970;270;75868;607;2.2;0.0
FR;74;2021-01-28;6961;749;82829;1356;2.4;0.0
FR;74;2021-01-29;5728;896;88557;2252;2.5;0.1
FR;74;2021-01-30;1769;261;90326;2513;2.6;0.1
FR;74;2021-01-31;294;114;90620;2627;2.6;0.1
FR;74;2021-02-01;3274;1060;93894;3687;2.7;0.1
FR;74;2021-02-02;4275;1783;98169;5470;2.8;0.2
FR;74;2021-02-03;4300;1805;102469;7275;2.9;0.2
FR;74;2021-02-04;5168;2467;107637;9742;3.1;0.3
FR;74;2021-02-05;4376;2178;112013;11920;3.2;0.3
FR;74;2021-02-06;1395;694;113408;12614;3.3;0.4
FR;74;2021-02-07;243;351;113651;12965;3.3;0.4
FR;74;2021-02-08;3069;2505;116720;15470;3.4;0.4
FR;74;2021-02-09;4099;3722;120819;19192;3.5;0.6
FR;74;2021-02-10;4408;3814;125227;23006;3.6;0.7
FR;74;2021-02-11;5611;5469;130838;28475;3.8;0.8
FR;74;2021-02-12;5250;3815;136088;32290;3.9;0.9
FR;74;2021-02-13;1646;1218;137734;33508;4.0;1.0
FR;74;2021-02-14;404;471;138138;33979;4.0;1.0
FR;74;2021-02-15;2395;4177;140533;38156;4.0;1.1
FR;74;2021-02-16;3274;5629;143807;43785;4.1;1.3
FR;74;2021-02-17;3391;5448;147198;49233;4.2;1.4
FR;74;2021-02-18;4913;6802;152111;56035;4.4;1.6
FR;74;2021-02-19;4871;5402;156982;61437;4.5;1.8
FR;74;2021-02-20;1546;1736;158528;63173;4.6;1.8
FR;74;2021-02-21;232;415;158760;63588;4.6;1.8
FR;74;2021-02-22;2855;4290;161615;67878;4.6;2.0
FR;74;2021-02-23;4129;4890;165744;72768;4.8;2.1
FR;74;2021-02-24;4515;4837;170259;77605;4.9;2.2
FR;74;2021-02-25;5515;5693;175774;83298;5.1;2.4
FR;74;2021-02-26;5462;4464;181236;87762;5.2;2.5
FR;74;2021-02-27;1999;1364;183235;89126;5.3;2.6
FR;74;2021-02-28;528;293;183763;89419;5.3;2.6
FR;74;2021-03-01;5056;3362;188819;92781;5.4;2.7
FR;74;2021-03-02;7433;4273;196252;97054;5.6;2.8
FR;74;2021-03-03;9637;4249;205889;101303;5.9;2.9
FR;74;2021-03-04;14950;4794;220839;106097;6.3;3.1
FR;74;2021-03-05;21566;4564;242405;110661;7.0;3.2
FR;74;2021-03-06;30958;1344;273363;112005;7.9;3.2
FR;74;2021-03-07;20816;479;294179;112484;8.5;3.2
FR;74;2021-03-08;14158;3642;308337;116126;8.9;3.3
FR;74;2021-03-09;23948;4200;332285;120326;9.6;3.5
FR;74;2021-03-10;26156;4373;358441;124699;10.3;3.6
FR;74;2021-03-11;38146;5240;396587;129939;11.4;3.7
FR;74;2021-03-12;50376;4629;446963;134568;12.8;3.9
FR;74;2021-03-13;47570;1485;494533;136053;14.2;3.9
FR;74;2021-03-14;11925;397;506458;136450;14.6;3.9
FR;74;2021-03-15;25425;3102;531883;139552;15.3;4.0
FR;74;2021-03-16;20009;3821;551892;143373;15.9;4.1
FR;74;2021-03-17;21745;3855;573637;147228;16.5;4.2
FR;74;2021-03-18;24362;4497;597999;151725;17.2;4.4
FR;74;2021-03-19;41227;3926;639226;155651;18.4;4.5
FR;74;2021-03-20;35288;1529;674514;157180;19.4;4.5
FR;74;2021-03-21;9468;393;683982;157573;19.7;4.5
FR;74;2021-03-22;31406;3868;715388;161441;20.6;4.6
FR;74;2021-03-23;50013;4749;765401;166190;22.0;4.8
FR;74;2021-03-24;51963;5130;817364;171320;23.5;4.9
FR;74;2021-03-25;74498;5469;891862;176789;25.6;5.1
FR;74;2021-03-26;80561;5094;972423;181883;28.0;5.2
FR;74;2021-03-27;50897;2339;1023320;184222;29.4;5.3
FR;74;2021-03-28;17780;727;1041100;184949;29.9;5.3
FR;74;2021-03-29;55987;6818;1097087;191767;31.5;5.5
FR;74;2021-03-30;76404;8677;1173491;200444;33.7;5.8
FR;74;2021-03-31;67781;9239;1241272;209683;35.7;6.0
FR;74;2021-04-01;78156;11617;1319428;221300;37.9;6.4
FR;74;2021-04-02;69854;12197;1389282;233497;39.9;6.7
FR;74;2021-04-03;37109;8403;1426391;241900;41.0;7.0
FR;74;2021-04-04;12492;2767;1438883;244667;41.4;7.0
FR;74;2021-04-05;19191;1843;1458074;246510;41.9;7.1
FR;74;2021-04-06;64208;15030;1522282;261540;43.8;7.5
FR;74;2021-04-07;72511;15901;1594793;277441;45.8;8.0
FR;74;2021-04-08;87444;17785;1682237;295226;48.4;8.5
FR;74;2021-04-09;96983;17555;1779220;312781;51.2;9.0
FR;74;2021-04-10;48560;13955;1827780;326736;52.5;9.4
FR;74;2021-04-11;12726;6808;1840506;333544;52.9;9.6
FR;74;2021-04-12;60772;17643;1901278;351187;54.7;10.1
FR;74;2021-04-13;68572;22093;1969850;373280;56.6;10.7
FR;74;2021-04-14;59911;21683;2029761;394963;58.4;11.4
FR;74;2021-04-15;61677;23622;2091438;418585;60.1;12.0
FR;74;2021-04-16;52050;24234;2143488;442819;61.6;12.7
FR;74;2021-04-17;25634;16750;2169122;459569;62.4;13.2
FR;74;2021-04-18;5731;6957;2174853;466526;62.5;13.4
FR;74;2021-04-19;31604;24226;2206457;490752;63.4;14.1
FR;74;2021-04-20;36049;29486;2242506;520238;64.5;15.0
FR;74;2021-04-21;33093;30128;2275599;550366;65.4;15.8
FR;74;2021-04-22;37842;35080;2313441;585446;66.5;16.8
FR;74;2021-04-23;34537;38651;2347978;624097;67.5;17.9
FR;74;2021-04-24;18522;30663;2366500;654760;68.0;18.8
FR;74;2021-04-25;6071;12535;2372571;667295;68.2;19.2
FR;74;2021-04-26;26265;46775;2398836;714070;69.0;20.5
FR;74;2021-04-27;32775;55942;2431611;770012;69.9;22.1
FR;74;2021-04-28;32352;52714;2463963;822726;70.8;23.7
FR;74;2021-04-29;38324;53835;2502287;876561;71.9;25.2
FR;74;2021-04-30;34795;49015;2537082;925576;72.9;26.6
FR;74;2021-05-01;11021;15110;2548103;940686;73.3;27.0
FR;74;2021-05-02;5130;11367;2553233;952053;73.4;27.4
FR;74;2021-05-03;23964;52017;2577197;1004070;74.1;28.9
FR;74;2021-05-04;24834;69150;2602031;1073220;74.8;30.9
FR;74;2021-05-05;22419;64847;2624450;1138067;75.5;32.7
FR;74;2021-05-06;27061;63182;2651511;1201249;76.2;34.5
FR;74;2021-05-07;22991;65923;2674502;1267172;76.9;36.4
FR;74;2021-05-08;7700;14258;2682202;1281430;77.1;36.8
FR;74;2021-05-09;3642;10462;2685844;1291892;77.2;37.1
FR;74;2021-05-10;15760;62992;2701604;1354884;77.7;39.0
FR;74;2021-05-11;20739;64040;2722343;1418924;78.3;40.8
FR;74;2021-05-12;18101;53101;2740444;1472025;78.8;42.3
FR;74;2021-05-13;9001;12067;2749445;1484092;79.0;42.7
FR;74;2021-05-14;16695;37699;2766140;1521791;79.5;43.8
FR;74;2021-05-15;8268;17533;2774408;1539324;79.8;44.3
FR;74;2021-05-16;2969;3491;2777377;1542815;79.8;44.4
FR;74;2021-05-17;11937;30728;2789314;1573543;80.2;45.2
FR;79;2020-12-27;1;0;1;0;0.0;0.0
FR;79;2020-12-28;6;0;7;0;0.0;0.0
FR;79;2020-12-29;16;0;23;0;0.0;0.0
FR;79;2020-12-30;11;0;34;0;0.0;0.0
FR;79;2020-12-31;6;0;40;0;0.0;0.0
FR;79;2021-01-01;4;0;44;0;0.0;0.0
FR;79;2021-01-02;4;0;48;0;0.0;0.0
FR;79;2021-01-03;2;0;50;0;0.0;0.0
FR;79;2021-01-04;49;0;99;0;0.0;0.0
FR;79;2021-01-05;171;0;270;0;0.0;0.0
FR;79;2021-01-06;339;0;609;0;0.0;0.0
FR;79;2021-01-07;905;0;1514;0;0.1;0.0
FR;79;2021-01-08;1076;1;2590;1;0.1;0.0
FR;79;2021-01-09;364;0;2954;1;0.1;0.0
FR;79;2021-01-10;191;0;3145;1;0.1;0.0
FR;79;2021-01-11;1147;2;4292;3;0.2;0.0
FR;79;2021-01-12;2202;2;6494;5;0.3;0.0
FR;79;2021-01-13;2745;2;9239;7;0.4;0.0
FR;79;2021-01-14;4431;35;13670;42;0.6;0.0
FR;79;2021-01-15;5247;16;18917;58;0.9;0.0
FR;79;2021-01-16;2820;11;21737;69;1.0;0.0
FR;79;2021-01-17;1305;3;23042;72;1.0;0.0
FR;79;2021-01-18;19644;36;42686;108;1.9;0.0
FR;79;2021-01-19;26023;34;68709;142;3.1;0.0
FR;79;2021-01-20;28016;31;96725;173;4.4;0.0
FR;79;2021-01-21;30040;31;126765;204;5.7;0.0
FR;79;2021-01-22;27886;26;154651;230;7.0;0.0
FR;79;2021-01-23;11661;10;166312;240;7.5;0.0
FR;79;2021-01-24;2172;2;168484;242;7.6;0.0
FR;79;2021-01-25;22547;44;191031;286;8.6;0.0
FR;79;2021-01-26;25719;116;216750;402;9.8;0.0
FR;79;2021-01-27;24997;192;241747;594;10.9;0.0
FR;79;2021-01-28;25190;559;266937;1153;12.0;0.1
FR;79;2021-01-29;22537;562;289474;1715;13.1;0.1
FR;79;2021-01-30;8782;137;298256;1852;13.5;0.1
FR;79;2021-01-31;1230;55;299486;1907;13.5;0.1
FR;79;2021-02-01;16134;643;315620;2550;14.2;0.1
FR;79;2021-02-02;19262;1271;334882;3821;15.1;0.2
FR;79;2021-02-03;18289;1576;353171;5397;15.9;0.2
FR;79;2021-02-04;19169;2531;372340;7928;16.8;0.4
FR;79;2021-02-05;18018;2679;390358;10607;17.6;0.5
FR;79;2021-02-06;6450;1004;396808;11611;17.9;0.5
FR;79;2021-02-07;872;390;397680;12001;17.9;0.5
FR;79;2021-02-08;13083;5810;410763;17811;18.5;0.8
FR;79;2021-02-09;15549;7670;426312;25481;19.2;1.1
FR;79;2021-02-10;15439;8044;441751;33525;19.9;1.5
FR;79;2021-02-11;16526;9602;458277;43127;20.7;1.9
FR;79;2021-02-12;15665;9404;473942;52531;21.4;2.4
FR;79;2021-02-13;5005;4122;478947;56653;21.6;2.6
FR;79;2021-02-14;905;1043;479852;57696;21.6;2.6
FR;79;2021-02-15;7131;19820;486983;77516;22.0;3.5
FR;79;2021-02-16;8349;23625;495332;101141;22.3;4.6
FR;79;2021-02-17;8248;24020;503580;125161;22.7;5.6
FR;79;2021-02-18;10282;24420;513862;149581;23.2;6.7
FR;79;2021-02-19;10310;20762;524172;170343;23.6;7.7
FR;79;2021-02-20;3766;8311;527938;178654;23.8;8.1
FR;79;2021-02-21;548;1555;528486;180209;23.8;8.1
FR;79;2021-02-22;6984;21881;535470;202090;24.1;9.1
FR;79;2021-02-23;9627;23562;545097;225652;24.6;10.2
FR;79;2021-02-24;10023;22201;555120;247853;25.0;11.2
FR;79;2021-02-25;11668;22079;566788;269932;25.6;12.2
FR;79;2021-02-26;12047;19107;578835;289039;26.1;13.0
FR;79;2021-02-27;4418;6733;583253;295772;26.3;13.3
FR;79;2021-02-28;873;1038;584126;296810;26.3;13.4
FR;79;2021-03-01;12110;16442;596236;313252;26.9;14.1
FR;79;2021-03-02;16312;19257;612548;332509;27.6;15.0
FR;79;2021-03-03;17712;18519;630260;351028;28.4;15.8
FR;79;2021-03-04;20881;17661;651141;368689;29.4;16.6
FR;79;2021-03-05;22423;16450;673564;385139;30.4;17.4
FR;79;2021-03-06;28946;5330;702510;390469;31.7;17.6
FR;79;2021-03-07;21036;1007;723546;391476;32.6;17.7
FR;79;2021-03-08;17348;15322;740894;406798;33.4;18.3
FR;79;2021-03-09;25710;16402;766604;423200;34.6;19.1
FR;79;2021-03-10;26834;15566;793438;438766;35.8;19.8
FR;79;2021-03-11;31783;15060;825221;453826;37.2;20.5
FR;79;2021-03-12;33305;12905;858526;466731;38.7;21.0
FR;79;2021-03-13;25245;4201;883771;470932;39.9;21.2
FR;79;2021-03-14;9457;764;893228;471696;40.3;21.3
FR;79;2021-03-15;28423;8659;921651;480355;41.6;21.7
FR;79;2021-03-16;32778;9278;954429;489633;43.0;22.1
FR;79;2021-03-17;33750;9235;988179;498868;44.6;22.5
FR;79;2021-03-18;36638;9719;1024817;508587;46.2;22.9
FR;79;2021-03-19;36662;8845;1061479;517432;47.9;23.3
FR;79;2021-03-20;20655;3268;1082134;520700;48.8;23.5
FR;79;2021-03-21;5874;596;1088008;521296;49.1;23.5
FR;79;2021-03-22;28533;9167;1116541;530463;50.4;23.9
FR;79;2021-03-23;36986;10750;1153527;541213;52.0;24.4
FR;79;2021-03-24;35478;11315;1189005;552528;53.6;24.9
FR;79;2021-03-25;41812;11090;1230817;563618;55.5;25.4
FR;79;2021-03-26;39295;10410;1270112;574028;57.3;25.9
FR;79;2021-03-27;17620;4396;1287732;578424;58.1;26.1
FR;79;2021-03-28;4793;900;1292525;579324;58.3;26.1
FR;79;2021-03-29;22234;14989;1314759;594313;59.3;26.8
FR;79;2021-03-30;27969;18883;1342728;613196;60.6;27.7
FR;79;2021-03-31;24642;19717;1367370;632913;61.7;28.5
FR;79;2021-04-01;27103;23168;1394473;656081;62.9;29.6
FR;79;2021-04-02;23000;24415;1417473;680496;63.9;30.7
FR;79;2021-04-03;9998;17354;1427471;697850;64.4;31.5
FR;79;2021-04-04;2797;5057;1430268;702907;64.5;31.7
FR;79;2021-04-05;4184;2744;1434452;705651;64.7;31.8
FR;79;2021-04-06;18873;28935;1453325;734586;65.5;33.1
FR;79;2021-04-07;20985;29826;1474310;764412;66.5;34.5
FR;79;2021-04-08;24922;29881;1499232;794293;67.6;35.8
FR;79;2021-04-09;26717;28053;1525949;822346;68.8;37.1
FR;79;2021-04-10;13623;18907;1539572;841253;69.4;37.9
FR;79;2021-04-11;3500;6442;1543072;847695;69.6;38.2
FR;79;2021-04-12;16688;28881;1559760;876576;70.3;39.5
FR;79;2021-04-13;19025;34972;1578785;911548;71.2;41.1
FR;79;2021-04-14;18061;33105;1596846;944653;72.0;42.6
FR;79;2021-04-15;18980;33281;1615826;977934;72.9;44.1
FR;79;2021-04-16;16142;31008;1631968;1008942;73.6;45.5
FR;79;2021-04-17;8109;16677;1640077;1025619;74.0;46.3
FR;79;2021-04-18;1762;4829;1641839;1030448;74.0;46.5
FR;79;2021-04-19;9785;29147;1651624;1059595;74.5;47.8
FR;79;2021-04-20;11584;34406;1663208;1094001;75.0;49.3
FR;79;2021-04-21;11169;31168;1674377;1125169;75.5;50.7
FR;79;2021-04-22;12727;31051;1687104;1156220;76.1;52.1
FR;79;2021-04-23;11795;27641;1698899;1183861;76.6;53.4
FR;79;2021-04-24;6107;13698;1705006;1197559;76.9;54.0
FR;79;2021-04-25;1884;3417;1706890;1200976;77.0;54.2
FR;79;2021-04-26;8786;20562;1715676;1221538;77.4;55.1
FR;79;2021-04-27;10958;23629;1726634;1245167;77.9;56.2
FR;79;2021-04-28;11488;20856;1738122;1266023;78.4;57.1
FR;79;2021-04-29;13457;20614;1751579;1286637;79.0;58.0
FR;79;2021-04-30;12697;17538;1764276;1304175;79.6;58.8
FR;79;2021-05-01;3773;3904;1768049;1308079;79.7;59.0
FR;79;2021-05-02;1719;2613;1769768;1310692;79.8;59.1
FR;79;2021-05-03;8489;15070;1778257;1325762;80.2;59.8
FR;79;2021-05-04;8809;20115;1787066;1345877;80.6;60.7
FR;79;2021-05-05;8257;18934;1795323;1364811;81.0;61.6
FR;79;2021-05-06;10089;18728;1805412;1383539;81.4;62.4
FR;79;2021-05-07;8811;19407;1814223;1402946;81.8;63.3
FR;79;2021-05-08;2890;4273;1817113;1407219;82.0;63.5
FR;79;2021-05-09;1376;2984;1818489;1410203;82.0;63.6
FR;79;2021-05-10;5988;17439;1824477;1427642;82.3;64.4
FR;79;2021-05-11;7844;18507;1832321;1446149;82.6;65.2
FR;79;2021-05-12;7066;15737;1839387;1461886;83.0;65.9
FR;79;2021-05-13;3466;3770;1842853;1465656;83.1;66.1
FR;79;2021-05-14;6651;11343;1849504;1476999;83.4;66.6
FR;79;2021-05-15;3235;5080;1852739;1482079;83.6;66.8
FR;79;2021-05-16;1137;1146;1853876;1483225;83.6;66.9
FR;79;2021-05-17;4766;8956;1858642;1492181;83.8;67.3
FR;80;2020-12-27;10;2;10;2;0.0;0.0
FR;80;2020-12-28;41;0;51;2;0.0;0.0
FR;80;2020-12-29;78;0;129;2;0.0;0.0
FR;80;2020-12-30;69;0;198;2;0.0;0.0
FR;80;2020-12-31;49;0;247;2;0.0;0.0
FR;80;2021-01-01;8;0;255;2;0.0;0.0
FR;80;2021-01-02;8;0;263;2;0.0;0.0
FR;80;2021-01-03;2;0;265;2;0.0;0.0
FR;80;2021-01-04;297;1;562;3;0.0;0.0
FR;80;2021-01-05;909;0;1471;3;0.0;0.0
FR;80;2021-01-06;1673;0;3144;3;0.1;0.0
FR;80;2021-01-07;6291;2;9435;5;0.2;0.0
FR;80;2021-01-08;5734;2;15169;7;0.4;0.0
FR;80;2021-01-09;979;0;16148;7;0.4;0.0
FR;80;2021-01-10;307;0;16455;7;0.4;0.0
FR;80;2021-01-11;4435;4;20890;11;0.5;0.0
FR;80;2021-01-12;12683;8;33573;19;0.8;0.0
FR;80;2021-01-13;12427;14;46000;33;1.1;0.0
FR;80;2021-01-14;18206;117;64206;150;1.5;0.0
FR;80;2021-01-15;12104;31;76310;181;1.8;0.0
FR;80;2021-01-16;4032;28;80342;209;1.9;0.0
FR;80;2021-01-17;3744;18;84086;227;2.0;0.0
FR;80;2021-01-18;28739;65;112825;292;2.7;0.0
FR;80;2021-01-19;53738;62;166563;354;4.0;0.0
FR;80;2021-01-20;59358;108;225921;462;5.4;0.0
FR;80;2021-01-21;69906;79;295827;541;7.1;0.0
FR;80;2021-01-22;48284;65;344111;606;8.3;0.0
FR;80;2021-01-23;16214;8;360325;614;8.7;0.0
FR;80;2021-01-24;4311;2;364636;616;8.8;0.0
FR;80;2021-01-25;32398;147;397034;763;9.5;0.0
FR;80;2021-01-26;45104;531;442138;1294;10.6;0.0
FR;80;2021-01-27;50854;889;492992;2183;11.9;0.1
FR;80;2021-01-28;59991;3939;552983;6122;13.3;0.1
FR;80;2021-01-29;39323;3275;592306;9397;14.2;0.2
FR;80;2021-01-30;13220;591;605526;9988;14.6;0.2
FR;80;2021-01-31;2333;285;607859;10273;14.6;0.2
FR;80;2021-02-01;22999;2784;630858;13057;15.2;0.3
FR;80;2021-02-02;33452;7427;664310;20484;16.0;0.5
FR;80;2021-02-03;34404;7864;698714;28348;16.8;0.7
FR;80;2021-02-04;38039;12581;736753;40929;17.7;1.0
FR;80;2021-02-05;29777;9525;766530;50454;18.4;1.2
FR;80;2021-02-06;9703;2123;776233;52577;18.7;1.3
FR;80;2021-02-07;1449;1867;777682;54444;18.7;1.3
FR;80;2021-02-08;19338;11137;797020;65581;19.2;1.6
FR;80;2021-02-09;25883;25606;822903;91187;19.8;2.2
FR;80;2021-02-10;26294;28912;849197;120099;20.4;2.9
FR;80;2021-02-11;30481;38114;879678;158213;21.2;3.8
FR;80;2021-02-12;26692;24676;906370;182889;21.8;4.4
FR;80;2021-02-13;7924;6522;914294;189411;22.0;4.6
FR;80;2021-02-14;1507;3099;915801;192510;22.0;4.6
FR;80;2021-02-15;11132;28308;926933;220818;22.3;5.3
FR;80;2021-02-16;15545;38925;942478;259743;22.7;6.2
FR;80;2021-02-17;15926;44486;958404;304229;23.1;7.3
FR;80;2021-02-18;21467;52509;979871;356738;23.6;8.6
FR;80;2021-02-19;19041;37487;998912;394225;24.0;9.5
FR;80;2021-02-20;6299;12322;1005211;406547;24.2;9.8
FR;80;2021-02-21;912;2970;1006123;409517;24.2;9.8
FR;80;2021-02-22;11168;30690;1017291;440207;24.5;10.6
FR;80;2021-02-23;17054;37262;1034345;477469;24.9;11.5
FR;80;2021-02-24;17968;37079;1052313;514548;25.3;12.4
FR;80;2021-02-25;22247;40856;1074560;555404;25.8;13.4
FR;80;2021-02-26;20504;30903;1095064;586307;26.3;14.1
FR;80;2021-02-27;7168;10283;1102232;596590;26.5;14.3
FR;80;2021-02-28;1260;2120;1103492;598710;26.5;14.4
FR;80;2021-03-01;18763;23197;1122255;621907;27.0;15.0
FR;80;2021-03-02;26860;29095;1149115;651002;27.6;15.7
FR;80;2021-03-03;28654;29226;1177769;680228;28.3;16.4
FR;80;2021-03-04;34832;29663;1212601;709891;29.2;17.1
FR;80;2021-03-05;35820;27465;1248421;737356;30.0;17.7
FR;80;2021-03-06;41273;8323;1289694;745679;31.0;17.9
FR;80;2021-03-07;29643;1989;1319337;747668;31.7;18.0
FR;80;2021-03-08;27141;22465;1346478;770133;32.4;18.5
FR;80;2021-03-09;40665;24627;1387143;794760;33.4;19.1
FR;80;2021-03-10;43015;25362;1430158;820122;34.4;19.7
FR;80;2021-03-11;51540;26832;1481698;846954;35.6;20.4
FR;80;2021-03-12;51974;22929;1533672;869883;36.9;20.9
FR;80;2021-03-13;37370;6970;1571042;876853;37.8;21.1
FR;80;2021-03-14;13873;1513;1584915;878366;38.1;21.1
FR;80;2021-03-15;43990;13905;1628905;892271;39.2;21.5
FR;80;2021-03-16;51774;16999;1680679;909270;40.4;21.9
FR;80;2021-03-17;54561;16513;1735240;925783;41.7;22.3
FR;80;2021-03-18;58393;18791;1793633;944574;43.1;22.7
FR;80;2021-03-19;57279;15691;1850912;960265;44.5;23.1
FR;80;2021-03-20;30944;5317;1881856;965582;45.3;23.2
FR;80;2021-03-21;8682;1089;1890538;966671;45.5;23.2
FR;80;2021-03-22;42795;14524;1933333;981195;46.5;23.6
FR;80;2021-03-23;55468;18017;1988801;999212;47.8;24.0
FR;80;2021-03-24;54332;19012;2043133;1018224;49.1;24.5
FR;80;2021-03-25;63823;19539;2106956;1037763;50.7;25.0
FR;80;2021-03-26;60006;18216;2166962;1055979;52.1;25.4
FR;80;2021-03-27;26540;7330;2193502;1063309;52.8;25.6
FR;80;2021-03-28;6922;1447;2200424;1064756;52.9;25.6
FR;80;2021-03-29;32791;23369;2233215;1088125;53.7;26.2
FR;80;2021-03-30;43111;30692;2276326;1118817;54.7;26.9
FR;80;2021-03-31;40426;32072;2316752;1150889;55.7;27.7
FR;80;2021-04-01;45961;37676;2362713;1188565;56.8;28.6
FR;80;2021-04-02;36981;39698;2399694;1228263;57.7;29.5
FR;80;2021-04-03;14485;26077;2414179;1254340;58.1;30.2
FR;80;2021-04-04;3861;7557;2418040;1261897;58.2;30.3
FR;80;2021-04-05;5609;4076;2423649;1265973;58.3;30.4
FR;80;2021-04-06;27470;44916;2451119;1310889;59.0;31.5
FR;80;2021-04-07;33323;48358;2484442;1359247;59.8;32.7
FR;80;2021-04-08;39897;49486;2524339;1408733;60.7;33.9
FR;80;2021-04-09;43271;46278;2567610;1455011;61.8;35.0
FR;80;2021-04-10;19798;28859;2587408;1483870;62.2;35.7
FR;80;2021-04-11;4826;9354;2592234;1493224;62.3;35.9
FR;80;2021-04-12;23411;45120;2615645;1538344;62.9;37.0
FR;80;2021-04-13;30050;54575;2645695;1592919;63.6;38.3
FR;80;2021-04-14;28829;52093;2674524;1645012;64.3;39.6
FR;80;2021-04-15;31128;52610;2705652;1697622;65.1;40.8
FR;80;2021-04-16;26273;48930;2731925;1746552;65.7;42.0
FR;80;2021-04-17;12288;25574;2744213;1772126;66.0;42.6
FR;80;2021-04-18;2525;7614;2746738;1779740;66.1;42.8
FR;80;2021-04-19;14161;43644;2760899;1823384;66.4;43.9
FR;80;2021-04-20;17775;52992;2778674;1876376;66.8;45.1
FR;80;2021-04-21;17760;49739;2796434;1926115;67.3;46.3
FR;80;2021-04-22;20420;51155;2816854;1977270;67.7;47.6
FR;80;2021-04-23;18901;44552;2835755;2021822;68.2;48.6
FR;80;2021-04-24;9334;21167;2845089;2042989;68.4;49.1
FR;80;2021-04-25;2649;5144;2847738;2048133;68.5;49.3
FR;80;2021-04-26;12165;30527;2859903;2078660;68.8;50.0
FR;80;2021-04-27;16561;36356;2876464;2115016;69.2;50.9
FR;80;2021-04-28;17772;34527;2894236;2149543;69.6;51.7
FR;80;2021-04-29;21330;35550;2915566;2185093;70.1;52.6
FR;80;2021-04-30;20148;29512;2935714;2214605;70.6;53.3
FR;80;2021-05-01;5757;5803;2941471;2220408;70.7;53.4
FR;80;2021-05-02;2581;3845;2944052;2224253;70.8;53.5
FR;80;2021-05-03;12329;21302;2956381;2245555;71.1;54.0
FR;80;2021-05-04;13676;29920;2970057;2275475;71.4;54.7
FR;80;2021-05-05;13258;29246;2983315;2304721;71.8;55.4
FR;80;2021-05-06;15610;29445;2998925;2334166;72.1;56.1
FR;80;2021-05-07;14309;29702;3013234;2363868;72.5;56.9
FR;80;2021-05-08;4384;6024;3017618;2369892;72.6;57.0
FR;80;2021-05-09;1902;4139;3019520;2374031;72.6;57.1
FR;80;2021-05-10;8967;24293;3028487;2398324;72.8;57.7
FR;80;2021-05-11;12210;27109;3040697;2425433;73.1;58.3
FR;80;2021-05-12;11151;23516;3051848;2448949;73.4;58.9
FR;80;2021-05-13;4849;5382;3056697;2454331;73.5;59.0
FR;80;2021-05-14;10151;16321;3066848;2470652;73.8;59.4
FR;80;2021-05-15;4763;7313;3071611;2477965;73.9;59.6
FR;80;2021-05-16;1526;1524;3073137;2479489;73.9;59.6
FR;80;2021-05-17;6774;13045;3079911;2492534;74.1;59.9
FR;0;2020-12-27;20;2;20;2;0.0;0.0
FR;0;2020-12-28;63;0;83;2;0.0;0.0
FR;0;2020-12-29;108;0;191;2;0.0;0.0
FR;0;2020-12-30;119;0;310;2;0.0;0.0
FR;0;2020-12-31;83;0;393;2;0.0;0.0
FR;0;2021-01-01;65;1;458;3;0.0;0.0
FR;0;2021-01-02;76;0;534;3;0.0;0.0
FR;0;2021-01-03;87;0;621;3;0.0;0.0
FR;0;2021-01-04;1468;5;2089;8;0.0;0.0
FR;0;2021-01-05;5379;7;7468;15;0.0;0.0
FR;0;2021-01-06;11278;14;18746;29;0.0;0.0
FR;0;2021-01-07;28528;42;47274;71;0.1;0.0
FR;0;2021-01-08;36056;36;83330;107;0.1;0.0
FR;0;2021-01-09;10889;9;94219;116;0.1;0.0
FR;0;2021-01-10;5602;3;99821;119;0.1;0.0
FR;0;2021-01-11;38855;45;138676;164;0.2;0.0
FR;0;2021-01-12;60635;67;199311;231;0.3;0.0
FR;0;2021-01-13;63555;100;262866;331;0.4;0.0
FR;0;2021-01-14;79647;640;342513;971;0.5;0.0
FR;0;2021-01-15;67191;207;409704;1178;0.6;0.0
FR;0;2021-01-16;19597;95;429301;1273;0.6;0.0
FR;0;2021-01-17;10455;48;439756;1321;0.7;0.0
FR;0;2021-01-18;84258;223;524014;1544;0.8;0.0
FR;0;2021-01-19;128192;216;652206;1760;1.0;0.0
FR;0;2021-01-20;134795;269;787001;2029;1.2;0.0
FR;0;2021-01-21;154876;233;941877;2262;1.4;0.0
FR;0;2021-01-22;118226;256;1060103;2518;1.6;0.0
FR;0;2021-01-23;37750;60;1097853;2578;1.6;0.0
FR;0;2021-01-24;9333;30;1107186;2608;1.6;0.0
FR;0;2021-01-25;76676;1276;1183862;3884;1.8;0.0
FR;0;2021-01-26;98603;3177;1282465;7061;1.9;0.0
FR;0;2021-01-27;105458;5677;1387923;12738;2.1;0.0
FR;0;2021-01-28;122080;14481;1510003;27219;2.2;0.0
FR;0;2021-01-29;90763;17412;1600766;44631;2.4;0.1
FR;0;2021-01-30;28620;4253;1629386;48884;2.4;0.1
FR;0;2021-01-31;4863;1681;1634249;50565;2.4;0.1
FR;0;2021-02-01;51407;21173;1685656;71738;2.5;0.1
FR;0;2021-02-02;70405;34688;1756061;106426;2.6;0.2
FR;0;2021-02-03;70837;37073;1826898;143499;2.7;0.2
FR;0;2021-02-04;80312;50205;1907210;193704;2.8;0.3
FR;0;2021-02-05;66896;45455;1974106;239159;2.9;0.4
FR;0;2021-02-06;21264;10421;1995370;249580;3.0;0.4
FR;0;2021-02-07;4826;5059;2000196;254639;3.0;0.4
FR;0;2021-02-08;45777;46123;2045973;300762;3.0;0.4
FR;0;2021-02-09;64644;72716;2110617;373478;3.1;0.6
FR;0;2021-02-10;69111;77068;2179728;450546;3.2;0.7
FR;0;2021-02-11;85366;99716;2265094;550262;3.4;0.8
FR;0;2021-02-12;77517;74804;2342611;625066;3.5;0.9
FR;0;2021-02-13;21601;19571;2364212;644637;3.5;1.0
FR;0;2021-02-14;4569;7218;2368781;651855;3.5;1.0
FR;0;2021-02-15;36937;76800;2405718;728655;3.6;1.1
FR;0;2021-02-16;49095;101093;2454813;829748;3.7;1.2
FR;0;2021-02-17;49208;103358;2504021;933106;3.7;1.4
FR;0;2021-02-18;67657;119196;2571678;1052302;3.8;1.6
FR;0;2021-02-19;63500;91290;2635178;1143592;3.9;1.7
FR;0;2021-02-20;17919;28519;2653097;1172111;4.0;1.7
FR;0;2021-02-21;2843;6392;2655940;1178503;4.0;1.8
FR;0;2021-02-22;36297;73482;2692237;1251985;4.0;1.9
FR;0;2021-02-23;52285;84455;2744522;1336440;4.1;2.0
FR;0;2021-02-24;57815;81506;2802337;1417946;4.2;2.1
FR;0;2021-02-25;97963;92276;2900300;1510222;4.3;2.3
FR;0;2021-02-26;111110;71859;3011410;1582081;4.5;2.4
FR;0;2021-02-27;50845;22272;3062255;1604353;4.6;2.4
FR;0;2021-02-28;5641;4472;3067896;1608825;4.6;2.4
FR;0;2021-03-01;63144;53238;3131040;1662063;4.7;2.5
FR;0;2021-03-02;98744;66919;3229784;1728982;4.8;2.6
FR;0;2021-03-03;112770;66426;3342554;1795408;5.0;2.7
FR;0;2021-03-04;158806;70302;3501360;1865710;5.2;2.8
FR;0;2021-03-05;196377;64975;3697737;1930685;5.5;2.9
FR;0;2021-03-06;202903;18875;3900640;1949560;5.8;2.9
FR;0;2021-03-07;119017;6012;4019657;1955572;6.0;2.9
FR;0;2021-03-08;104140;51492;4123797;2007064;6.1;3.0
FR;0;2021-03-09;168606;57947;4292403;2065011;6.4;3.1
FR;0;2021-03-10;174496;58427;4466899;2123438;6.7;3.2
FR;0;2021-03-11;237794;64931;4704693;2188369;7.0;3.3
FR;0;2021-03-12;289166;55606;4993859;2243975;7.4;3.3
FR;0;2021-03-13;226808;16460;5220667;2260435;7.8;3.4
FR;0;2021-03-14;61970;3885;5282637;2264320;7.9;3.4
FR;0;2021-03-15;155051;34244;5437688;2298564;8.1;3.4
FR;0;2021-03-16;139018;41174;5576706;2339738;8.3;3.5
FR;0;2021-03-17;147601;40700;5724307;2380438;8.5;3.5
FR;0;2021-03-18;164593;47272;5888900;2427710;8.8;3.6
FR;0;2021-03-19;225743;40767;6114643;2468477;9.1;3.7
FR;0;2021-03-20;164033;13702;6278676;2482179;9.4;3.7
FR;0;2021-03-21;48677;3355;6327353;2485534;9.4;3.7
FR;0;2021-03-22;166561;36947;6493914;2522481;9.7;3.8
FR;0;2021-03-23;245893;46224;6739807;2568705;10.0;3.8
FR;0;2021-03-24;252398;47668;6992205;2616373;10.4;3.9
FR;0;2021-03-25;336277;50036;7328482;2666409;10.9;4.0
FR;0;2021-03-26;353554;47594;7682036;2714003;11.4;4.0
FR;0;2021-03-27;192386;19684;7874422;2733687;11.7;4.1
FR;0;2021-03-28;58231;4686;7932653;2738373;11.8;4.1
FR;0;2021-03-29;199845;57713;8132498;2796086;12.1;4.2
FR;0;2021-03-30;281079;74968;8413577;2871054;12.5;4.3
FR;0;2021-03-31;258515;78314;8672092;2949368;12.9;4.4
FR;0;2021-04-01;308625;95124;8980717;3044492;13.4;4.5
FR;0;2021-04-02;276793;98353;9257510;3142845;13.8;4.7
FR;0;2021-04-03;138877;64872;9396387;3207717;14.0;4.8
FR;0;2021-04-04;44797;19834;9441184;3227551;14.1;4.8
FR;0;2021-04-05;58673;12623;9499857;3240174;14.2;4.8
FR;0;2021-04-06;212249;112774;9712106;3352948;14.5;5.0
FR;0;2021-04-07;255312;122125;9967418;3475073;14.9;5.2
FR;0;2021-04-08;331401;130678;10298819;3605751;15.3;5.4
FR;0;2021-04-09;402966;126280;10701785;3732031;15.9;5.6
FR;0;2021-04-10;209749;87781;10911534;3819812;16.3;5.7
FR;0;2021-04-11;54874;36236;10966408;3856048;16.3;5.7
FR;0;2021-04-12;232929;121096;11199337;3977144;16.7;5.9
FR;0;2021-04-13;303802;152830;11503139;4129974;17.1;6.2
FR;0;2021-04-14;287941;147793;11791080;4277767;17.6;6.4
FR;0;2021-04-15;329204;157480;12120284;4435247;18.1;6.6
FR;0;2021-04-16;332896;154867;12453180;4590114;18.6;6.8
FR;0;2021-04-17;185365;95162;12638545;4685276;18.8;7.0
FR;0;2021-04-18;50228;37105;12688773;4722381;18.9;7.0
FR;0;2021-04-19;201297;144513;12890070;4866894;19.2;7.3
FR;0;2021-04-20;248486;178563;13138556;5045457;19.6;7.5
FR;0;2021-04-21;245955;176775;13384511;5222232;19.9;7.8
FR;0;2021-04-22;280434;197855;13664945;5420087;20.4;8.1
FR;0;2021-04-23;287703;193694;13952648;5613781;20.8;8.4
FR;0;2021-04-24;186766;119216;14139414;5732997;21.1;8.5
FR;0;2021-04-25;67286;41527;14206700;5774524;21.2;8.6
FR;0;2021-04-26;213637;166190;14420337;5940714;21.5;8.9
FR;0;2021-04-27;278366;206622;14698703;6147336;21.9;9.2
FR;0;2021-04-28;292714;203716;14991417;6351052;22.3;9.5
FR;0;2021-04-29;347894;225568;15339311;6576620;22.9;9.8
FR;0;2021-04-30;364202;218622;15703513;6795242;23.4;10.1
FR;0;2021-05-01;159149;61235;15862662;6856477;23.6;10.2
FR;0;2021-05-02;89197;42202;15951859;6898679;23.8;10.3
FR;0;2021-05-03;279381;186555;16231240;7085234;24.2;10.6
FR;0;2021-05-04;305689;246476;16536929;7331710;24.6;10.9
FR;0;2021-05-05;314286;245578;16851215;7577288;25.1;11.3
FR;0;2021-05-06;367191;268338;17218406;7845626;25.7;11.7
FR;0;2021-05-07;360715;293943;17579121;8139569;26.2;12.1
FR;0;2021-05-08;201180;78444;17780301;8218013;26.5;12.2
FR;0;2021-05-09;127057;54020;17907358;8272033;26.7;12.3
FR;0;2021-05-10;298391;250856;18205749;8522889;27.1;12.7
FR;0;2021-05-11;390408;292001;18596157;8814890;27.7;13.1
FR;0;2021-05-12;411888;264019;19008045;9078909;28.3;13.5
FR;0;2021-05-13;325703;75328;19333748;9154237;28.8;13.6
FR;0;2021-05-14;436472;198408;19770220;9352645;29.5;13.9
FR;0;2021-05-15;359945;116673;20130165;9469318;30.0;14.1
FR;0;2021-05-16;198457;32557;20328622;9501875;30.3;14.2
FR;0;2021-05-17;360037;174804;20688659;9676679;30.8;14.4
