fra;clage_vacsi;jour;n_dose1;n_complet;n_cum_dose1;n_cum_complet;couv_dose1;couv_complet
FR;24;2020-12-27;1;0;1;0;0.0;0.0
FR;24;2020-12-28;2;0;3;0;0.0;0.0
FR;24;2020-12-29;0;0;3;0;0.0;0.0
FR;24;2020-12-30;0;0;3;0;0.0;0.0
FR;24;2020-12-31;0;0;3;0;0.0;0.0
FR;24;2021-01-01;1;0;4;0;0.0;0.0
FR;24;2021-01-02;1;0;5;0;0.0;0.0
FR;24;2021-01-03;2;0;7;0;0.0;0.0
FR;24;2021-01-04;4;0;11;0;0.0;0.0
FR;24;2021-01-05;17;1;28;1;0.0;0.0
FR;24;2021-01-06;36;0;64;1;0.0;0.0
FR;24;2021-01-07;180;0;244;1;0.0;0.0
FR;24;2021-01-08;216;0;460;1;0.0;0.0
FR;24;2021-01-09;40;0;500;1;0.0;0.0
FR;24;2021-01-10;35;0;535;1;0.0;0.0
FR;24;2021-01-11;251;2;786;3;0.0;0.0
FR;24;2021-01-12;397;5;1183;8;0.0;0.0
FR;24;2021-01-13;477;4;1660;12;0.0;0.0
FR;24;2021-01-14;612;6;2272;18;0.0;0.0
FR;24;2021-01-15;594;1;2866;19;0.1;0.0
FR;24;2021-01-16;117;3;2983;22;0.1;0.0
FR;24;2021-01-17;94;0;3077;22;0.1;0.0
FR;24;2021-01-18;508;4;3585;26;0.1;0.0
FR;24;2021-01-19;595;3;4180;29;0.1;0.0
FR;24;2021-01-20;649;0;4829;29;0.1;0.0
FR;24;2021-01-21;758;4;5587;33;0.1;0.0
FR;24;2021-01-22;601;4;6188;37;0.1;0.0
FR;24;2021-01-23;116;0;6304;37;0.1;0.0
FR;24;2021-01-24;22;0;6326;37;0.1;0.0
FR;24;2021-01-25;294;3;6620;40;0.1;0.0
FR;24;2021-01-26;366;12;6986;52;0.1;0.0
FR;24;2021-01-27;441;14;7427;66;0.1;0.0
FR;24;2021-01-28;595;51;8022;117;0.1;0.0
FR;24;2021-01-29;467;82;8489;199;0.2;0.0
FR;24;2021-01-30;87;16;8576;215;0.2;0.0
FR;24;2021-01-31;25;13;8601;228;0.2;0.0
FR;24;2021-02-01;157;134;8758;362;0.2;0.0
FR;24;2021-02-02;216;182;8974;544;0.2;0.0
FR;24;2021-02-03;217;185;9191;729;0.2;0.0
FR;24;2021-02-04;358;316;9549;1045;0.2;0.0
FR;24;2021-02-05;346;344;9895;1389;0.2;0.0
FR;24;2021-02-06;83;71;9978;1460;0.2;0.0
FR;24;2021-02-07;169;32;10147;1492;0.2;0.0
FR;24;2021-02-08;388;358;10535;1850;0.2;0.0
FR;24;2021-02-09;745;458;11280;2308;0.2;0.0
FR;24;2021-02-10;1091;596;12371;2904;0.2;0.1
FR;24;2021-02-11;1574;703;13945;3607;0.3;0.1
FR;24;2021-02-12;1622;563;15567;4170;0.3;0.1
FR;24;2021-02-13;292;92;15859;4262;0.3;0.1
FR;24;2021-02-14;62;30;15921;4292;0.3;0.1
FR;24;2021-02-15;1038;379;16959;4671;0.3;0.1
FR;24;2021-02-16;1563;578;18522;5249;0.3;0.1
FR;24;2021-02-17;1493;498;20015;5747;0.4;0.1
FR;24;2021-02-18;1945;628;21960;6375;0.4;0.1
FR;24;2021-02-19;1854;556;23814;6931;0.4;0.1
FR;24;2021-02-20;333;87;24147;7018;0.4;0.1
FR;24;2021-02-21;41;18;24188;7036;0.4;0.1
FR;24;2021-02-22;1167;284;25355;7320;0.5;0.1
FR;24;2021-02-23;1587;385;26942;7705;0.5;0.1
FR;24;2021-02-24;1650;328;28592;8033;0.5;0.1
FR;24;2021-02-25;2275;465;30867;8498;0.6;0.2
FR;24;2021-02-26;2196;392;33063;8890;0.6;0.2
FR;24;2021-02-27;532;84;33595;8974;0.6;0.2
FR;24;2021-02-28;93;15;33688;8989;0.6;0.2
FR;24;2021-03-01;1259;229;34947;9218;0.6;0.2
FR;24;2021-03-02;1661;296;36608;9514;0.7;0.2
FR;24;2021-03-03;1756;351;38364;9865;0.7;0.2
FR;24;2021-03-04;2144;504;40508;10369;0.7;0.2
FR;24;2021-03-05;3291;487;43799;10856;0.8;0.2
FR;24;2021-03-06;1708;138;45507;10994;0.8;0.2
FR;24;2021-03-07;980;66;46487;11060;0.9;0.2
FR;24;2021-03-08;1960;237;48447;11297;0.9;0.2
FR;24;2021-03-09;2603;305;51050;11602;0.9;0.2
FR;24;2021-03-10;2430;345;53480;11947;1.0;0.2
FR;24;2021-03-11;2919;490;56399;12437;1.0;0.2
FR;24;2021-03-12;3816;426;60215;12863;1.1;0.2
FR;24;2021-03-13;1482;93;61697;12956;1.1;0.2
FR;24;2021-03-14;532;35;62229;12991;1.1;0.2
FR;24;2021-03-15;1831;242;64060;13233;1.2;0.2
FR;24;2021-03-16;823;312;64883;13545;1.2;0.2
FR;24;2021-03-17;1072;319;65955;13864;1.2;0.3
FR;24;2021-03-18;1299;438;67254;14302;1.2;0.3
FR;24;2021-03-19;1868;358;69122;14660;1.3;0.3
FR;24;2021-03-20;831;90;69953;14750;1.3;0.3
FR;24;2021-03-21;633;53;70586;14803;1.3;0.3
FR;24;2021-03-22;1502;292;72088;15095;1.3;0.3
FR;24;2021-03-23;1796;396;73884;15491;1.4;0.3
FR;24;2021-03-24;2154;357;76038;15848;1.4;0.3
FR;24;2021-03-25;2561;495;78599;16343;1.4;0.3
FR;24;2021-03-26;3158;480;81757;16823;1.5;0.3
FR;24;2021-03-27;1897;195;83654;17018;1.5;0.3
FR;24;2021-03-28;1010;74;84664;17092;1.6;0.3
FR;24;2021-03-29;2439;372;87103;17464;1.6;0.3
FR;24;2021-03-30;3610;523;90713;17987;1.7;0.3
FR;24;2021-03-31;4137;528;94850;18515;1.7;0.3
FR;24;2021-04-01;5403;752;100253;19267;1.8;0.4
FR;24;2021-04-02;4452;628;104705;19895;1.9;0.4
FR;24;2021-04-03;1748;342;106453;20237;2.0;0.4
FR;24;2021-04-04;954;124;107407;20361;2.0;0.4
FR;24;2021-04-05;1095;130;108502;20491;2.0;0.4
FR;24;2021-04-06;3542;580;112044;21071;2.1;0.4
FR;24;2021-04-07;4779;811;116823;21882;2.2;0.4
FR;24;2021-04-08;6361;1106;123184;22988;2.3;0.4
FR;24;2021-04-09;5768;1048;128952;24036;2.4;0.4
FR;24;2021-04-10;2625;562;131577;24598;2.4;0.5
FR;24;2021-04-11;1255;307;132832;24905;2.4;0.5
FR;24;2021-04-12;3437;928;136269;25833;2.5;0.5
FR;24;2021-04-13;4754;1146;141023;26979;2.6;0.5
FR;24;2021-04-14;4943;1306;145966;28285;2.7;0.5
FR;24;2021-04-15;5196;1571;151162;29856;2.8;0.6
FR;24;2021-04-16;4801;1679;155963;31535;2.9;0.6
FR;24;2021-04-17;2125;796;158088;32331;2.9;0.6
FR;24;2021-04-18;724;437;158812;32768;2.9;0.6
FR;24;2021-04-19;2917;1513;161729;34281;3.0;0.6
FR;24;2021-04-20;3098;2116;164827;36397;3.0;0.7
FR;24;2021-04-21;3416;2466;168243;38863;3.1;0.7
FR;24;2021-04-22;3995;3116;172238;41979;3.2;0.8
FR;24;2021-04-23;4165;3278;176403;45257;3.3;0.8
FR;24;2021-04-24;2385;1680;178788;46937;3.3;0.9
FR;24;2021-04-25;1221;803;180009;47740;3.3;0.9
FR;24;2021-04-26;3061;2172;183070;49912;3.4;0.9
FR;24;2021-04-27;3881;3160;186951;53072;3.4;1.0
FR;24;2021-04-28;4390;3737;191341;56809;3.5;1.0
FR;24;2021-04-29;5455;4438;196796;61247;3.6;1.1
FR;24;2021-04-30;6162;4603;202958;65850;3.7;1.2
FR;24;2021-05-01;3963;1075;206921;66925;3.8;1.2
FR;24;2021-05-02;2737;902;209658;67827;3.9;1.3
FR;24;2021-05-03;6259;4140;215917;71967;4.0;1.3
FR;24;2021-05-04;7491;4704;223408;76671;4.1;1.4
FR;24;2021-05-05;8659;4937;232067;81608;4.3;1.5
FR;24;2021-05-06;10809;6358;242876;87966;4.5;1.6
FR;24;2021-05-07;11969;6400;254845;94366;4.7;1.7
FR;24;2021-05-08;9887;2526;264732;96892;4.9;1.8
FR;24;2021-05-09;6862;1928;271594;98820;5.0;1.8
FR;24;2021-05-10;10959;4944;282553;103764;5.2;1.9
FR;24;2021-05-11;15446;5726;297999;109490;5.5;2.0
FR;24;2021-05-12;22603;6111;320602;115601;5.9;2.1
FR;24;2021-05-13;26948;2980;347550;118581;6.4;2.2
FR;24;2021-05-14;31856;5458;379406;124039;7.0;2.3
FR;24;2021-05-15;33280;3895;412686;127934;7.6;2.4
FR;24;2021-05-16;21878;1960;434564;129894;8.0;2.4
FR;24;2021-05-17;29250;5163;463814;135057;8.6;2.5
FR;24;2021-05-18;37493;5982;501307;141039;9.2;2.6
FR;24;2021-05-19;39618;7013;540925;148052;10.0;2.7
FR;24;2021-05-20;45491;7377;586416;155429;10.8;2.9
FR;24;2021-05-21;46631;7114;633047;162543;11.7;3.0
FR;24;2021-05-22;44417;4447;677464;166990;12.5;3.1
FR;24;2021-05-23;23904;2285;701368;169275;12.9;3.1
FR;24;2021-05-24;34290;3547;735658;172822;13.6;3.2
FR;24;2021-05-25;44418;7730;780076;180552;14.4;3.3
FR;24;2021-05-26;44885;7363;824961;187915;15.2;3.5
FR;24;2021-05-27;51402;7995;876363;195910;16.2;3.6
FR;24;2021-05-28;47976;8773;924339;204683;17.0;3.8
FR;24;2021-05-29;43582;5777;967921;210460;17.8;3.9
FR;29;2020-12-27;0;0;0;0;0.0;0.0
FR;29;2020-12-28;1;0;1;0;0.0;0.0
FR;29;2020-12-29;0;0;1;0;0.0;0.0
FR;29;2020-12-30;0;0;1;0;0.0;0.0
FR;29;2020-12-31;0;0;1;0;0.0;0.0
FR;29;2021-01-01;2;0;3;0;0.0;0.0
FR;29;2021-01-02;2;0;5;0;0.0;0.0
FR;29;2021-01-03;2;0;7;0;0.0;0.0
FR;29;2021-01-04;10;0;17;0;0.0;0.0
FR;29;2021-01-05;42;0;59;0;0.0;0.0
FR;29;2021-01-06;142;0;201;0;0.0;0.0
FR;29;2021-01-07;306;1;507;1;0.0;0.0
FR;29;2021-01-08;518;2;1025;3;0.0;0.0
FR;29;2021-01-09;113;0;1138;3;0.0;0.0
FR;29;2021-01-10;91;0;1229;3;0.0;0.0
FR;29;2021-01-11;643;1;1872;4;0.1;0.0
FR;29;2021-01-12;932;7;2804;11;0.1;0.0
FR;29;2021-01-13;1213;6;4017;17;0.1;0.0
FR;29;2021-01-14;1562;10;5579;27;0.2;0.0
FR;29;2021-01-15;1310;2;6889;29;0.2;0.0
FR;29;2021-01-16;192;3;7081;32;0.2;0.0
FR;29;2021-01-17;158;0;7239;32;0.2;0.0
FR;29;2021-01-18;1039;4;8278;36;0.2;0.0
FR;29;2021-01-19;1147;5;9425;41;0.3;0.0
FR;29;2021-01-20;1194;3;10619;44;0.3;0.0
FR;29;2021-01-21;1455;5;12074;49;0.3;0.0
FR;29;2021-01-22;1150;7;13224;56;0.4;0.0
FR;29;2021-01-23;170;2;13394;58;0.4;0.0
FR;29;2021-01-24;52;0;13446;58;0.4;0.0
FR;29;2021-01-25;537;16;13983;74;0.4;0.0
FR;29;2021-01-26;663;35;14646;109;0.4;0.0
FR;29;2021-01-27;720;62;15366;171;0.4;0.0
FR;29;2021-01-28;1033;121;16399;292;0.4;0.0
FR;29;2021-01-29;803;170;17202;462;0.5;0.0
FR;29;2021-01-30;140;40;17342;502;0.5;0.0
FR;29;2021-01-31;33;26;17375;528;0.5;0.0
FR;29;2021-02-01;263;291;17638;819;0.5;0.0
FR;29;2021-02-02;405;372;18043;1191;0.5;0.0
FR;29;2021-02-03;456;458;18499;1649;0.5;0.0
FR;29;2021-02-04;609;716;19108;2365;0.5;0.1
FR;29;2021-02-05;533;749;19641;3114;0.5;0.1
FR;29;2021-02-06;141;107;19782;3221;0.5;0.1
FR;29;2021-02-07;304;64;20086;3285;0.5;0.1
FR;29;2021-02-08;604;802;20690;4087;0.6;0.1
FR;29;2021-02-09;1247;1015;21937;5102;0.6;0.1
FR;29;2021-02-10;1711;1131;23648;6233;0.6;0.2
FR;29;2021-02-11;2461;1415;26109;7648;0.7;0.2
FR;29;2021-02-12;2218;1217;28327;8865;0.8;0.2
FR;29;2021-02-13;426;156;28753;9021;0.8;0.2
FR;29;2021-02-14;134;81;28887;9102;0.8;0.2
FR;29;2021-02-15;1570;790;30457;9892;0.8;0.3
FR;29;2021-02-16;1920;1147;32377;11039;0.9;0.3
FR;29;2021-02-17;1883;936;34260;11975;0.9;0.3
FR;29;2021-02-18;2389;1153;36649;13128;1.0;0.4
FR;29;2021-02-19;2321;936;38970;14064;1.0;0.4
FR;29;2021-02-20;383;122;39353;14186;1.1;0.4
FR;29;2021-02-21;86;42;39439;14228;1.1;0.4
FR;29;2021-02-22;1362;521;40801;14749;1.1;0.4
FR;29;2021-02-23;1758;648;42559;15397;1.1;0.4
FR;29;2021-02-24;1784;538;44343;15935;1.2;0.4
FR;29;2021-02-25;2399;923;46742;16858;1.3;0.5
FR;29;2021-02-26;2572;650;49314;17508;1.3;0.5
FR;29;2021-02-27;607;108;49921;17616;1.3;0.5
FR;29;2021-02-28;112;28;50033;17644;1.3;0.5
FR;29;2021-03-01;1305;344;51338;17988;1.4;0.5
FR;29;2021-03-02;1800;584;53138;18572;1.4;0.5
FR;29;2021-03-03;1983;586;55121;19158;1.5;0.5
FR;29;2021-03-04;2481;748;57602;19906;1.5;0.5
FR;29;2021-03-05;3613;696;61215;20602;1.6;0.6
FR;29;2021-03-06;1634;138;62849;20740;1.7;0.6
FR;29;2021-03-07;820;95;63669;20835;1.7;0.6
FR;29;2021-03-08;1941;381;65610;21216;1.8;0.6
FR;29;2021-03-09;2636;459;68246;21675;1.8;0.6
FR;29;2021-03-10;2558;491;70804;22166;1.9;0.6
FR;29;2021-03-11;3332;797;74136;22963;2.0;0.6
FR;29;2021-03-12;3955;706;78091;23669;2.1;0.6
FR;29;2021-03-13;1625;129;79716;23798;2.1;0.6
FR;29;2021-03-14;564;62;80280;23860;2.2;0.6
FR;29;2021-03-15;1884;354;82164;24214;2.2;0.7
FR;29;2021-03-16;1118;497;83282;24711;2.2;0.7
FR;29;2021-03-17;1377;496;84659;25207;2.3;0.7
FR;29;2021-03-18;1643;668;86302;25875;2.3;0.7
FR;29;2021-03-19;2231;551;88533;26426;2.4;0.7
FR;29;2021-03-20;987;127;89520;26553;2.4;0.7
FR;29;2021-03-21;725;58;90245;26611;2.4;0.7
FR;29;2021-03-22;1657;404;91902;27015;2.5;0.7
FR;29;2021-03-23;2207;598;94109;27613;2.5;0.7
FR;29;2021-03-24;2531;562;96640;28175;2.6;0.8
FR;29;2021-03-25;3378;675;100018;28850;2.7;0.8
FR;29;2021-03-26;3728;689;103746;29539;2.8;0.8
FR;29;2021-03-27;2145;247;105891;29786;2.8;0.8
FR;29;2021-03-28;963;64;106854;29850;2.9;0.8
FR;29;2021-03-29;2759;517;109613;30367;2.9;0.8
FR;29;2021-03-30;3986;708;113599;31075;3.1;0.8
FR;29;2021-03-31;4503;797;118102;31872;3.2;0.9
FR;29;2021-04-01;5855;994;123957;32866;3.3;0.9
FR;29;2021-04-02;4894;906;128851;33772;3.5;0.9
FR;29;2021-04-03;1772;333;130623;34105;3.5;0.9
FR;29;2021-04-04;898;120;131521;34225;3.5;0.9
FR;29;2021-04-05;918;112;132439;34337;3.6;0.9
FR;29;2021-04-06;3495;751;135934;35088;3.7;0.9
FR;29;2021-04-07;4542;1100;140476;36188;3.8;1.0
FR;29;2021-04-08;6268;1441;146744;37629;3.9;1.0
FR;29;2021-04-09;6278;1267;153022;38896;4.1;1.0
FR;29;2021-04-10;2649;618;155671;39514;4.2;1.1
FR;29;2021-04-11;1163;336;156834;39850;4.2;1.1
FR;29;2021-04-12;3584;1030;160418;40880;4.3;1.1
FR;29;2021-04-13;4856;1482;165274;42362;4.4;1.1
FR;29;2021-04-14;4760;1506;170034;43868;4.6;1.2
FR;29;2021-04-15;5596;1809;175630;45677;4.7;1.2
FR;29;2021-04-16;4780;1870;180410;47547;4.9;1.3
FR;29;2021-04-17;2236;911;182646;48458;4.9;1.3
FR;29;2021-04-18;769;515;183415;48973;4.9;1.3
FR;29;2021-04-19;2846;1751;186261;50724;5.0;1.4
FR;29;2021-04-20;3477;2487;189738;53211;5.1;1.4
FR;29;2021-04-21;3449;2770;193187;55981;5.2;1.5
FR;29;2021-04-22;4414;3831;197601;59812;5.3;1.6
FR;29;2021-04-23;4561;3759;202162;63571;5.4;1.7
FR;29;2021-04-24;2690;1820;204852;65391;5.5;1.8
FR;29;2021-04-25;1185;737;206037;66128;5.5;1.8
FR;29;2021-04-26;2943;2460;208980;68588;5.6;1.8
FR;29;2021-04-27;3972;3592;212952;72180;5.7;1.9
FR;29;2021-04-28;4641;4016;217593;76196;5.9;2.1
FR;29;2021-04-29;5860;4964;223453;81160;6.0;2.2
FR;29;2021-04-30;6411;5182;229864;86342;6.2;2.3
FR;29;2021-05-01;4224;1209;234088;87551;6.3;2.4
FR;29;2021-05-02;2595;906;236683;88457;6.4;2.4
FR;29;2021-05-03;6803;4284;243486;92741;6.6;2.5
FR;29;2021-05-04;8093;5172;251579;97913;6.8;2.6
FR;29;2021-05-05;9558;5156;261137;103069;7.0;2.8
FR;29;2021-05-06;11163;6521;272300;109590;7.3;2.9
FR;29;2021-05-07;11590;6596;283890;116186;7.6;3.1
FR;29;2021-05-08;8783;2247;292673;118433;7.9;3.2
FR;29;2021-05-09;5904;1741;298577;120174;8.0;3.2
FR;29;2021-05-10;10569;5265;309146;125439;8.3;3.4
FR;29;2021-05-11;14492;6330;323638;131769;8.7;3.5
FR;29;2021-05-12;19804;6256;343442;138025;9.2;3.7
FR;29;2021-05-13;19455;2308;362897;140333;9.8;3.8
FR;29;2021-05-14;22179;4338;385076;144671;10.4;3.9
FR;29;2021-05-15;20957;2908;406033;147579;10.9;4.0
FR;29;2021-05-16;13383;1326;419416;148905;11.3;4.0
FR;29;2021-05-17;21407;4923;440823;153828;11.9;4.1
FR;29;2021-05-18;28173;5679;468996;159507;12.6;4.3
FR;29;2021-05-19;28698;5966;497694;165473;13.4;4.5
FR;29;2021-05-20;32600;6515;530294;171988;14.3;4.6
FR;29;2021-05-21;31595;6144;561889;178132;15.1;4.8
FR;29;2021-05-22;26018;3003;587907;181135;15.8;4.9
FR;29;2021-05-23;14151;1485;602058;182620;16.2;4.9
FR;29;2021-05-24;22516;2635;624574;185255;16.8;5.0
FR;29;2021-05-25;30379;6548;654953;191803;17.6;5.2
FR;29;2021-05-26;32094;6696;687047;198499;18.5;5.3
FR;29;2021-05-27;35331;7156;722378;205655;19.4;5.5
FR;29;2021-05-28;32802;7821;755180;213476;20.3;5.7
FR;29;2021-05-29;26363;4211;781543;217687;21.0;5.9
FR;39;2020-12-27;0;0;0;0;0.0;0.0
FR;39;2020-12-28;0;0;0;0;0.0;0.0
FR;39;2020-12-29;1;0;1;0;0.0;0.0
FR;39;2020-12-30;3;0;4;0;0.0;0.0
FR;39;2020-12-31;1;0;5;0;0.0;0.0
FR;39;2021-01-01;4;0;9;0;0.0;0.0
FR;39;2021-01-02;2;1;11;1;0.0;0.0
FR;39;2021-01-03;2;0;13;1;0.0;0.0
FR;39;2021-01-04;23;0;36;1;0.0;0.0
FR;39;2021-01-05;139;0;175;1;0.0;0.0
FR;39;2021-01-06;385;0;560;1;0.0;0.0
FR;39;2021-01-07;1175;5;1735;6;0.0;0.0
FR;39;2021-01-08;1785;4;3520;10;0.0;0.0
FR;39;2021-01-09;473;0;3993;10;0.0;0.0
FR;39;2021-01-10;307;2;4300;12;0.1;0.0
FR;39;2021-01-11;2207;7;6507;19;0.1;0.0
FR;39;2021-01-12;3402;14;9909;33;0.1;0.0
FR;39;2021-01-13;3495;12;13404;45;0.2;0.0
FR;39;2021-01-14;4775;45;18179;90;0.2;0.0
FR;39;2021-01-15;4394;15;22573;105;0.3;0.0
FR;39;2021-01-16;768;4;23341;109;0.3;0.0
FR;39;2021-01-17;490;2;23831;111;0.3;0.0
FR;39;2021-01-18;3065;24;26896;135;0.3;0.0
FR;39;2021-01-19;4000;19;30896;154;0.4;0.0
FR;39;2021-01-20;3901;15;34797;169;0.4;0.0
FR;39;2021-01-21;5140;20;39937;189;0.5;0.0
FR;39;2021-01-22;3962;23;43899;212;0.5;0.0
FR;39;2021-01-23;590;3;44489;215;0.5;0.0
FR;39;2021-01-24;184;0;44673;215;0.5;0.0
FR;39;2021-01-25;1595;40;46268;255;0.6;0.0
FR;39;2021-01-26;2166;100;48434;355;0.6;0.0
FR;39;2021-01-27;2278;212;50712;567;0.6;0.0
FR;39;2021-01-28;3475;468;54187;1035;0.7;0.0
FR;39;2021-01-29;2675;695;56862;1730;0.7;0.0
FR;39;2021-01-30;395;215;57257;1945;0.7;0.0
FR;39;2021-01-31;89;78;57346;2023;0.7;0.0
FR;39;2021-02-01;748;1058;58094;3081;0.7;0.0
FR;39;2021-02-02;1331;1647;59425;4728;0.7;0.1
FR;39;2021-02-03;1359;1655;60784;6383;0.7;0.1
FR;39;2021-02-04;1977;2536;62761;8919;0.8;0.1
FR;39;2021-02-05;1642;2703;64403;11622;0.8;0.1
FR;39;2021-02-06;397;431;64800;12053;0.8;0.1
FR;39;2021-02-07;553;209;65353;12262;0.8;0.1
FR;39;2021-02-08;1516;2423;66869;14685;0.8;0.2
FR;39;2021-02-09;3162;3373;70031;18058;0.8;0.2
FR;39;2021-02-10;3885;3513;73916;21571;0.9;0.3
FR;39;2021-02-11;6160;4837;80076;26408;1.0;0.3
FR;39;2021-02-12;5810;3982;85886;30390;1.0;0.4
FR;39;2021-02-13;1239;543;87125;30933;1.1;0.4
FR;39;2021-02-14;386;265;87511;31198;1.1;0.4
FR;39;2021-02-15;3418;2383;90929;33581;1.1;0.4
FR;39;2021-02-16;4418;3344;95347;36925;1.1;0.4
FR;39;2021-02-17;3989;2853;99336;39778;1.2;0.5
FR;39;2021-02-18;5968;3868;105304;43646;1.3;0.5
FR;39;2021-02-19;5834;3060;111138;46706;1.3;0.6
FR;39;2021-02-20;1139;471;112277;47177;1.4;0.6
FR;39;2021-02-21;186;118;112463;47295;1.4;0.6
FR;39;2021-02-22;3002;1661;115465;48956;1.4;0.6
FR;39;2021-02-23;3913;1914;119378;50870;1.4;0.6
FR;39;2021-02-24;3717;1701;123095;52571;1.5;0.6
FR;39;2021-02-25;5601;2527;128696;55098;1.6;0.7
FR;39;2021-02-26;6089;1923;134785;57021;1.6;0.7
FR;39;2021-02-27;1663;309;136448;57330;1.6;0.7
FR;39;2021-02-28;240;121;136688;57451;1.6;0.7
FR;39;2021-03-01;2946;1002;139634;58453;1.7;0.7
FR;39;2021-03-02;4255;1616;143889;60069;1.7;0.7
FR;39;2021-03-03;4240;1517;148129;61586;1.8;0.7
FR;39;2021-03-04;6296;2305;154425;63891;1.9;0.8
FR;39;2021-03-05;9143;2089;163568;65980;2.0;0.8
FR;39;2021-03-06;4928;420;168496;66400;2.0;0.8
FR;39;2021-03-07;2644;246;171140;66646;2.1;0.8
FR;39;2021-03-08;4668;1108;175808;67754;2.1;0.8
FR;39;2021-03-09;6851;1490;182659;69244;2.2;0.8
FR;39;2021-03-10;6082;1512;188741;70756;2.3;0.9
FR;39;2021-03-11;8646;2373;197387;73129;2.4;0.9
FR;39;2021-03-12;11408;2122;208795;75251;2.5;0.9
FR;39;2021-03-13;5220;414;214015;75665;2.6;0.9
FR;39;2021-03-14;1748;162;215763;75827;2.6;0.9
FR;39;2021-03-15;4767;1032;220530;76859;2.7;0.9
FR;39;2021-03-16;3366;1407;223896;78266;2.7;0.9
FR;39;2021-03-17;3443;1491;227339;79757;2.7;1.0
FR;39;2021-03-18;4648;1975;231987;81732;2.8;1.0
FR;39;2021-03-19;6273;1635;238260;83367;2.9;1.0
FR;39;2021-03-20;3170;364;241430;83731;2.9;1.0
FR;39;2021-03-21;2071;165;243501;83896;2.9;1.0
FR;39;2021-03-22;4441;1092;247942;84988;3.0;1.0
FR;39;2021-03-23;6159;1654;254101;86642;3.1;1.0
FR;39;2021-03-24;6313;1371;260414;88013;3.1;1.1
FR;39;2021-03-25;9052;1739;269466;89752;3.2;1.1
FR;39;2021-03-26;10638;1707;280104;91459;3.4;1.1
FR;39;2021-03-27;5990;618;286094;92077;3.4;1.1
FR;39;2021-03-28;2737;180;288831;92257;3.5;1.1
FR;39;2021-03-29;7184;1281;296015;93538;3.6;1.1
FR;39;2021-03-30;10520;1871;306535;95409;3.7;1.2
FR;39;2021-03-31;11159;1846;317694;97255;3.8;1.2
FR;39;2021-04-01;15000;2632;332694;99887;4.0;1.2
FR;39;2021-04-02;13257;2446;345951;102333;4.2;1.2
FR;39;2021-04-03;5604;1011;351555;103344;4.2;1.2
FR;39;2021-04-04;2523;345;354078;103689;4.3;1.2
FR;39;2021-04-05;2534;323;356612;104012;4.3;1.3
FR;39;2021-04-06;9274;2294;365886;106306;4.4;1.3
FR;39;2021-04-07;12188;2750;378074;109056;4.6;1.3
FR;39;2021-04-08;16853;3713;394927;112769;4.8;1.4
FR;39;2021-04-09;16871;3617;411798;116386;5.0;1.4
FR;39;2021-04-10;7413;1938;419211;118324;5.1;1.4
FR;39;2021-04-11;2987;982;422198;119306;5.1;1.4
FR;39;2021-04-12;9604;2748;431802;122054;5.2;1.5
FR;39;2021-04-13;12948;4006;444750;126060;5.4;1.5
FR;39;2021-04-14;12907;3848;457657;129908;5.5;1.6
FR;39;2021-04-15;14799;4831;472456;134739;5.7;1.6
FR;39;2021-04-16;12737;5292;485193;140031;5.8;1.7
FR;39;2021-04-17;6128;2720;491321;142751;5.9;1.7
FR;39;2021-04-18;2264;1558;493585;144309;6.0;1.7
FR;39;2021-04-19;7877;4700;501462;149009;6.0;1.8
FR;39;2021-04-20;9404;6731;510866;155740;6.2;1.9
FR;39;2021-04-21;10257;7188;521123;162928;6.3;2.0
FR;39;2021-04-22;11842;10308;532965;173236;6.4;2.1
FR;39;2021-04-23;12178;10511;545143;183747;6.6;2.2
FR;39;2021-04-24;7818;5082;552961;188829;6.7;2.3
FR;39;2021-04-25;3487;2156;556448;190985;6.7;2.3
FR;39;2021-04-26;8577;6953;565025;197938;6.8;2.4
FR;39;2021-04-27;11787;9558;576812;207496;7.0;2.5
FR;39;2021-04-28;13179;10062;589991;217558;7.1;2.6
FR;39;2021-04-29;17222;12952;607213;230510;7.3;2.8
FR;39;2021-04-30;19746;13264;626959;243774;7.6;2.9
FR;39;2021-05-01;13549;3540;640508;247314;7.7;3.0
FR;39;2021-05-02;9282;2493;649790;249807;7.8;3.0
FR;39;2021-05-03;22359;11326;672149;261133;8.1;3.1
FR;39;2021-05-04;26900;13946;699049;275079;8.4;3.3
FR;39;2021-05-05;30723;14262;729772;289341;8.8;3.5
FR;39;2021-05-06;37067;17690;766839;307031;9.2;3.7
FR;39;2021-05-07;38338;18555;805177;325586;9.7;3.9
FR;39;2021-05-08;28766;5621;833943;331207;10.1;4.0
FR;39;2021-05-09;18770;4300;852713;335507;10.3;4.0
FR;39;2021-05-10;33793;14501;886506;350008;10.7;4.2
FR;39;2021-05-11;44096;17093;930602;367101;11.2;4.4
FR;39;2021-05-12;56135;16169;986737;383270;11.9;4.6
FR;39;2021-05-13;52662;5582;1039399;388852;12.5;4.7
FR;39;2021-05-14;61741;10953;1101140;399805;13.3;4.8
FR;39;2021-05-15;55737;6816;1156877;406621;13.9;4.9
FR;39;2021-05-16;36055;3088;1192932;409709;14.4;4.9
FR;39;2021-05-17;56197;11893;1249129;421602;15.1;5.1
FR;39;2021-05-18;70855;13579;1319984;435181;15.9;5.2
FR;39;2021-05-19;74167;14120;1394151;449301;16.8;5.4
FR;39;2021-05-20;82827;14947;1476978;464248;17.8;5.6
FR;39;2021-05-21;81664;14918;1558642;479166;18.8;5.8
FR;39;2021-05-22;63452;7385;1622094;486551;19.6;5.9
FR;39;2021-05-23;33964;3292;1656058;489843;20.0;5.9
FR;39;2021-05-24;52248;5345;1708306;495188;20.6;6.0
FR;39;2021-05-25;73193;15824;1781499;511012;21.5;6.2
FR;39;2021-05-26;75670;15995;1857169;527007;22.4;6.4
FR;39;2021-05-27;84182;16912;1941351;543919;23.4;6.6
FR;39;2021-05-28;77867;19302;2019218;563221;24.3;6.8
FR;39;2021-05-29;57327;10020;2076545;573241;25.0;6.9
FR;49;2020-12-27;2;0;2;0;0.0;0.0
FR;49;2020-12-28;3;0;5;0;0.0;0.0
FR;49;2020-12-29;1;0;6;0;0.0;0.0
FR;49;2020-12-30;6;0;12;0;0.0;0.0
FR;49;2020-12-31;1;0;13;0;0.0;0.0
FR;49;2021-01-01;3;0;16;0;0.0;0.0
FR;49;2021-01-02;9;0;25;0;0.0;0.0
FR;49;2021-01-03;5;0;30;0;0.0;0.0
FR;49;2021-01-04;86;0;116;0;0.0;0.0
FR;49;2021-01-05;334;1;450;1;0.0;0.0
FR;49;2021-01-06;857;4;1307;5;0.0;0.0
FR;49;2021-01-07;2158;7;3465;12;0.0;0.0
FR;49;2021-01-08;3373;8;6838;20;0.1;0.0
FR;49;2021-01-09;1000;1;7838;21;0.1;0.0
FR;49;2021-01-10;472;2;8310;23;0.1;0.0
FR;49;2021-01-11;4169;11;12479;34;0.1;0.0
FR;49;2021-01-12;5854;11;18333;45;0.2;0.0
FR;49;2021-01-13;6154;16;24487;61;0.3;0.0
FR;49;2021-01-14;8328;71;32815;132;0.4;0.0
FR;49;2021-01-15;7604;26;40419;158;0.5;0.0
FR;49;2021-01-16;1415;9;41834;167;0.5;0.0
FR;49;2021-01-17;620;5;42454;172;0.5;0.0
FR;49;2021-01-18;5056;18;47510;190;0.6;0.0
FR;49;2021-01-19;6806;18;54316;208;0.6;0.0
FR;49;2021-01-20;6619;26;60935;234;0.7;0.0
FR;49;2021-01-21;8397;30;69332;264;0.8;0.0
FR;49;2021-01-22;6251;33;75583;297;0.9;0.0
FR;49;2021-01-23;1015;6;76598;303;0.9;0.0
FR;49;2021-01-24;282;3;76880;306;0.9;0.0
FR;49;2021-01-25;2613;98;79493;404;0.9;0.0
FR;49;2021-01-26;3725;225;83218;629;1.0;0.0
FR;49;2021-01-27;3975;387;87193;1016;1.0;0.0
FR;49;2021-01-28;5538;978;92731;1994;1.1;0.0
FR;49;2021-01-29;4396;1558;97127;3552;1.1;0.0
FR;49;2021-01-30;690;377;97817;3929;1.1;0.0
FR;49;2021-01-31;137;125;97954;4054;1.1;0.0
FR;49;2021-02-01;1368;2089;99322;6143;1.2;0.1
FR;49;2021-02-02;2274;3200;101596;9343;1.2;0.1
FR;49;2021-02-03;2299;3378;103895;12721;1.2;0.1
FR;49;2021-02-04;3361;4769;107256;17490;1.2;0.2
FR;49;2021-02-05;2790;4885;110046;22375;1.3;0.3
FR;49;2021-02-06;568;886;110614;23261;1.3;0.3
FR;49;2021-02-07;520;292;111134;23553;1.3;0.3
FR;49;2021-02-08;1935;4053;113069;27606;1.3;0.3
FR;49;2021-02-09;4334;5742;117403;33348;1.4;0.4
FR;49;2021-02-10;5489;6054;122892;39402;1.4;0.5
FR;49;2021-02-11;7988;7969;130880;47371;1.5;0.6
FR;49;2021-02-12;7298;6447;138178;53818;1.6;0.6
FR;49;2021-02-13;1698;1020;139876;54838;1.6;0.6
FR;49;2021-02-14;407;405;140283;55243;1.6;0.6
FR;49;2021-02-15;4124;3880;144407;59123;1.7;0.7
FR;49;2021-02-16;5375;5330;149782;64453;1.7;0.8
FR;49;2021-02-17;5138;4654;154920;69107;1.8;0.8
FR;49;2021-02-18;7474;6196;162394;75303;1.9;0.9
FR;49;2021-02-19;7046;4886;169440;80189;2.0;0.9
FR;49;2021-02-20;1493;799;170933;80988;2.0;0.9
FR;49;2021-02-21;279;224;171212;81212;2.0;0.9
FR;49;2021-02-22;3527;2650;174739;83862;2.0;1.0
FR;49;2021-02-23;4856;3131;179595;86993;2.1;1.0
FR;49;2021-02-24;4895;2837;184490;89830;2.1;1.0
FR;49;2021-02-25;7552;4166;192042;93996;2.2;1.1
FR;49;2021-02-26;8263;3157;200305;97153;2.3;1.1
FR;49;2021-02-27;2680;566;202985;97719;2.4;1.1
FR;49;2021-02-28;333;137;203318;97856;2.4;1.1
FR;49;2021-03-01;3828;1631;207146;99487;2.4;1.2
FR;49;2021-03-02;5778;2464;212924;101951;2.5;1.2
FR;49;2021-03-03;6014;2502;218938;104453;2.5;1.2
FR;49;2021-03-04;8901;3450;227839;107903;2.7;1.3
FR;49;2021-03-05;12538;3211;240377;111114;2.8;1.3
FR;49;2021-03-06;8579;610;248956;111724;2.9;1.3
FR;49;2021-03-07;4675;391;253631;112115;3.0;1.3
FR;49;2021-03-08;6384;1642;260015;113757;3.0;1.3
FR;49;2021-03-09;9467;2280;269482;116037;3.1;1.4
FR;49;2021-03-10;8916;2309;278398;118346;3.2;1.4
FR;49;2021-03-11;12744;3386;291142;121732;3.4;1.4
FR;49;2021-03-12;16378;2876;307520;124608;3.6;1.5
FR;49;2021-03-13;9525;612;317045;125220;3.7;1.5
FR;49;2021-03-14;3127;237;320172;125457;3.7;1.5
FR;49;2021-03-15;6861;1442;327033;126899;3.8;1.5
FR;49;2021-03-16;4622;2128;331655;129027;3.9;1.5
FR;49;2021-03-17;5167;2002;336822;131029;3.9;1.5
FR;49;2021-03-18;6535;2773;343357;133802;4.0;1.6
FR;49;2021-03-19;9496;2274;352853;136076;4.1;1.6
FR;49;2021-03-20;5867;555;358720;136631;4.2;1.6
FR;49;2021-03-21;3142;207;361862;136838;4.2;1.6
FR;49;2021-03-22;6288;1465;368150;138303;4.3;1.6
FR;49;2021-03-23;8582;2132;376732;140435;4.4;1.6
FR;49;2021-03-24;9502;1962;386234;142397;4.5;1.7
FR;49;2021-03-25;12323;2323;398557;144720;4.6;1.7
FR;49;2021-03-26;14687;2299;413244;147019;4.8;1.7
FR;49;2021-03-27;9349;829;422593;147848;4.9;1.7
FR;49;2021-03-28;3847;293;426440;148141;5.0;1.7
FR;49;2021-03-29;9859;1819;436299;149960;5.1;1.7
FR;49;2021-03-30;14252;2638;450551;152598;5.2;1.8
FR;49;2021-03-31;15518;2746;466069;155344;5.4;1.8
FR;49;2021-04-01;19812;3660;485881;159004;5.7;1.9
FR;49;2021-04-02;17427;3402;503308;162406;5.9;1.9
FR;49;2021-04-03;9321;1809;512629;164215;6.0;1.9
FR;49;2021-04-04;4110;616;516739;164831;6.0;1.9
FR;49;2021-04-05;4200;528;520939;165359;6.1;1.9
FR;49;2021-04-06;13151;3341;534090;168700;6.2;2.0
FR;49;2021-04-07;17643;4213;551733;172913;6.4;2.0
FR;49;2021-04-08;22365;5128;574098;178041;6.7;2.1
FR;49;2021-04-09;23446;5298;597544;183339;7.0;2.1
FR;49;2021-04-10;12409;3378;609953;186717;7.1;2.2
FR;49;2021-04-11;4466;1673;614419;188390;7.2;2.2
FR;49;2021-04-12;14102;3763;628521;192153;7.3;2.2
FR;49;2021-04-13;18663;5744;647184;197897;7.5;2.3
FR;49;2021-04-14;19359;5930;666543;203827;7.8;2.4
FR;49;2021-04-15;20298;6999;686841;210826;8.0;2.5
FR;49;2021-04-16;17374;7291;704215;218117;8.2;2.5
FR;49;2021-04-17;9860;4642;714075;222759;8.3;2.6
FR;49;2021-04-18;3359;2290;717434;225049;8.3;2.6
FR;49;2021-04-19;11905;6367;729339;231416;8.5;2.7
FR;49;2021-04-20;14039;8988;743378;240404;8.7;2.8
FR;49;2021-04-21;15870;10108;759248;250512;8.8;2.9
FR;49;2021-04-22;17398;13095;776646;263607;9.0;3.1
FR;49;2021-04-23;17929;14061;794575;277668;9.2;3.2
FR;49;2021-04-24;12567;7787;807142;285455;9.4;3.3
FR;49;2021-04-25;5428;3122;812570;288577;9.5;3.4
FR;49;2021-04-26;13466;9913;826036;298490;9.6;3.5
FR;49;2021-04-27;18480;13058;844516;311548;9.8;3.6
FR;49;2021-04-28;22410;14534;866926;326082;10.1;3.8
FR;49;2021-04-29;27302;17253;894228;343335;10.4;4.0
FR;49;2021-04-30;31592;18047;925820;361382;10.8;4.2
FR;49;2021-05-01;24087;5701;949907;367083;11.1;4.3
FR;49;2021-05-02;16396;3854;966303;370937;11.2;4.3
FR;49;2021-05-03;39232;15506;1005535;386443;11.7;4.5
FR;49;2021-05-04;46320;20249;1051855;406692;12.2;4.7
FR;49;2021-05-05;55417;21607;1107272;428299;12.9;5.0
FR;49;2021-05-06;62127;24596;1169399;452895;13.6;5.3
FR;49;2021-05-07;65208;26037;1234607;478932;14.4;5.6
FR;49;2021-05-08;51080;9097;1285687;488029;15.0;5.7
FR;49;2021-05-09;32173;6231;1317860;494260;15.3;5.8
FR;49;2021-05-10;56920;20647;1374780;514907;16.0;6.0
FR;49;2021-05-11;71669;23825;1446449;538732;16.8;6.3
FR;49;2021-05-12;89478;23901;1535927;562633;17.9;6.5
FR;49;2021-05-13;79254;7697;1615181;570330;18.8;6.6
FR;49;2021-05-14;95547;15627;1710728;585957;19.9;6.8
FR;49;2021-05-15;85338;10734;1796066;596691;20.9;6.9
FR;49;2021-05-16;53104;4490;1849170;601181;21.5;7.0
FR;49;2021-05-17;81513;16250;1930683;617431;22.5;7.2
FR;49;2021-05-18;97649;17804;2028332;635235;23.6;7.4
FR;49;2021-05-19;109412;19365;2137744;654600;24.9;7.6
FR;49;2021-05-20;113356;19694;2251100;674294;26.2;7.8
FR;49;2021-05-21;112274;19888;2363374;694182;27.5;8.1
FR;49;2021-05-22;87104;10476;2450478;704658;28.5;8.2
FR;49;2021-05-23;42757;3968;2493235;708626;29.0;8.2
FR;49;2021-05-24;66882;6839;2560117;715465;29.8;8.3
FR;49;2021-05-25;94096;20841;2654213;736306;30.9;8.6
FR;49;2021-05-26;99814;23053;2754027;759359;32.1;8.8
FR;49;2021-05-27;103383;22660;2857410;782019;33.3;9.1
FR;49;2021-05-28;98633;26520;2956043;808539;34.4;9.4
FR;49;2021-05-29;73563;15419;3029606;823958;35.3;9.6
FR;59;2020-12-27;2;0;2;0;0.0;0.0
FR;59;2020-12-28;6;0;8;0;0.0;0.0
FR;59;2020-12-29;2;0;10;0;0.0;0.0
FR;59;2020-12-30;6;0;16;0;0.0;0.0
FR;59;2020-12-31;9;0;25;0;0.0;0.0
FR;59;2021-01-01;25;1;50;1;0.0;0.0
FR;59;2021-01-02;26;0;76;1;0.0;0.0
FR;59;2021-01-03;36;0;112;1;0.0;0.0
FR;59;2021-01-04;593;2;705;3;0.0;0.0
FR;59;2021-01-05;2167;4;2872;7;0.0;0.0
FR;59;2021-01-06;4801;11;7673;18;0.1;0.0
FR;59;2021-01-07;10508;22;18181;40;0.2;0.0
FR;59;2021-01-08;14312;17;32493;57;0.4;0.0
FR;59;2021-01-09;4056;8;36549;65;0.4;0.0
FR;59;2021-01-10;1986;2;38535;67;0.4;0.0
FR;59;2021-01-11;15938;24;54473;91;0.6;0.0
FR;59;2021-01-12;21105;33;75578;124;0.9;0.0
FR;59;2021-01-13;22707;50;98285;174;1.1;0.0
FR;59;2021-01-14;24743;225;123028;399;1.4;0.0
FR;59;2021-01-15;21588;92;144616;491;1.6;0.0
FR;59;2021-01-16;5372;20;149988;511;1.7;0.0
FR;59;2021-01-17;1801;8;151789;519;1.7;0.0
FR;59;2021-01-18;13570;57;165359;576;1.9;0.0
FR;59;2021-01-19;17937;76;183296;652;2.1;0.0
FR;59;2021-01-20;17076;65;200372;717;2.3;0.0
FR;59;2021-01-21;18742;54;219114;771;2.5;0.0
FR;59;2021-01-22;13897;73;233011;844;2.7;0.0
FR;59;2021-01-23;2951;20;235962;864;2.7;0.0
FR;59;2021-01-24;839;12;236801;876;2.7;0.0
FR;59;2021-01-25;6709;609;243510;1485;2.8;0.0
FR;59;2021-01-26;8407;1374;251917;2859;2.9;0.0
FR;59;2021-01-27;8811;2392;260728;5251;3.0;0.1
FR;59;2021-01-28;10459;5031;271187;10282;3.1;0.1
FR;59;2021-01-29;7833;6642;279020;16924;3.2;0.2
FR;59;2021-01-30;1758;1512;280778;18436;3.2;0.2
FR;59;2021-01-31;370;547;281148;18983;3.2;0.2
FR;59;2021-02-01;3159;8739;284307;27722;3.2;0.3
FR;59;2021-02-02;4676;12482;288983;40204;3.3;0.5
FR;59;2021-02-03;4812;13545;293795;53749;3.3;0.6
FR;59;2021-02-04;5929;15893;299724;69642;3.4;0.8
FR;59;2021-02-05;4811;14917;304535;84559;3.5;1.0
FR;59;2021-02-06;1152;2996;305687;87555;3.5;1.0
FR;59;2021-02-07;389;985;306076;88540;3.5;1.0
FR;59;2021-02-08;2755;12468;308831;101008;3.5;1.1
FR;59;2021-02-09;4898;16154;313729;117162;3.6;1.3
FR;59;2021-02-10;5683;16044;319412;133206;3.6;1.5
FR;59;2021-02-11;7650;19698;327062;152904;3.7;1.7
FR;59;2021-02-12;6745;16011;333807;168915;3.8;1.9
FR;59;2021-02-13;1687;3444;335494;172359;3.8;2.0
FR;59;2021-02-14;361;983;335855;173342;3.8;2.0
FR;59;2021-02-15;3264;10527;339119;183869;3.9;2.1
FR;59;2021-02-16;4729;13553;343848;197422;3.9;2.2
FR;59;2021-02-17;4963;12297;348811;209719;4.0;2.4
FR;59;2021-02-18;7059;13846;355870;223565;4.0;2.5
FR;59;2021-02-19;6453;10685;362323;234250;4.1;2.7
FR;59;2021-02-20;1416;2483;363739;236733;4.1;2.7
FR;59;2021-02-21;282;573;364021;237306;4.1;2.7
FR;59;2021-02-22;3248;6358;367269;243664;4.2;2.8
FR;59;2021-02-23;4807;7117;372076;250781;4.2;2.9
FR;59;2021-02-24;6842;6398;378918;257179;4.3;2.9
FR;59;2021-02-25;21185;8446;400103;265625;4.6;3.0
FR;59;2021-02-26;28241;6224;428344;271849;4.9;3.1
FR;59;2021-02-27;17090;1493;445434;273342;5.1;3.1
FR;59;2021-02-28;1109;375;446543;273717;5.1;3.1
FR;59;2021-03-01;8783;3496;455326;277213;5.2;3.2
FR;59;2021-03-02;17131;4888;472457;282101;5.4;3.2
FR;59;2021-03-03;20572;4925;493029;287026;5.6;3.3
FR;59;2021-03-04;32188;5780;525217;292806;6.0;3.3
FR;59;2021-03-05;40801;5334;566018;298140;6.4;3.4
FR;59;2021-03-06;35791;1420;601809;299560;6.8;3.4
FR;59;2021-03-07;14008;980;615817;300540;7.0;3.4
FR;59;2021-03-08;12213;3109;628030;303649;7.1;3.5
FR;59;2021-03-09;22715;4104;650745;307753;7.4;3.5
FR;59;2021-03-10;23014;4142;673759;311895;7.7;3.5
FR;59;2021-03-11;34130;5321;707889;317216;8.1;3.6
FR;59;2021-03-12;45177;4416;753066;321632;8.6;3.7
FR;59;2021-03-13;35968;1250;789034;322882;9.0;3.7
FR;59;2021-03-14;7163;382;796197;323264;9.1;3.7
FR;59;2021-03-15;14416;2497;810613;325761;9.2;3.7
FR;59;2021-03-16;7874;2935;818487;328696;9.3;3.7
FR;59;2021-03-17;8714;3074;827201;331770;9.4;3.8
FR;59;2021-03-18;10384;3952;837585;335722;9.5;3.8
FR;59;2021-03-19;23366;3464;860951;339186;9.8;3.9
FR;59;2021-03-20;21003;1021;881954;340207;10.0;3.9
FR;59;2021-03-21;6264;372;888218;340579;10.1;3.9
FR;59;2021-03-22;15413;2616;903631;343195;10.3;3.9
FR;59;2021-03-23;25291;3405;928922;346600;10.6;3.9
FR;59;2021-03-24;27889;3398;956811;349998;10.9;4.0
FR;59;2021-03-25;37747;3702;994558;353700;11.3;4.0
FR;59;2021-03-26;42662;3950;1037220;357650;11.8;4.1
FR;59;2021-03-27;26750;1647;1063970;359297;12.1;4.1
FR;59;2021-03-28;7513;444;1071483;359741;12.2;4.1
FR;59;2021-03-29;21600;3274;1093083;363015;12.4;4.1
FR;59;2021-03-30;32004;4212;1125087;367227;12.8;4.2
FR;59;2021-03-31;31259;4533;1156346;371760;13.2;4.2
FR;59;2021-04-01;38196;5665;1194542;377425;13.6;4.3
FR;59;2021-04-02;36745;5606;1231287;383031;14.0;4.4
FR;59;2021-04-03;21260;3392;1252547;386423;14.2;4.4
FR;59;2021-04-04;7328;1193;1259875;387616;14.3;4.4
FR;59;2021-04-05;8246;1063;1268121;388679;14.4;4.4
FR;59;2021-04-06;25572;5806;1293693;394485;14.7;4.5
FR;59;2021-04-07;33770;7024;1327463;401509;15.1;4.6
FR;59;2021-04-08;44815;8314;1372278;409823;15.6;4.7
FR;59;2021-04-09;60473;8831;1432751;418654;16.3;4.8
FR;59;2021-04-10;36327;7000;1469078;425654;16.7;4.8
FR;59;2021-04-11;9725;3492;1478803;429146;16.8;4.9
FR;59;2021-04-12;35148;7316;1513951;436462;17.2;5.0
FR;59;2021-04-13;49639;10008;1563590;446470;17.8;5.1
FR;59;2021-04-14;49967;10026;1613557;456496;18.4;5.2
FR;59;2021-04-15;59292;11568;1672849;468064;19.0;5.3
FR;59;2021-04-16;63011;12247;1735860;480311;19.7;5.5
FR;59;2021-04-17;41336;9597;1777196;489908;20.2;5.6
FR;59;2021-04-18;12266;4622;1789462;494530;20.4;5.6
FR;59;2021-04-19;33035;11062;1822497;505592;20.7;5.8
FR;59;2021-04-20;44344;14604;1866841;520196;21.2;5.9
FR;59;2021-04-21;46993;16333;1913834;536529;21.8;6.1
FR;59;2021-04-22;55369;19328;1969203;555857;22.4;6.3
FR;59;2021-04-23;64807;20587;2034010;576444;23.1;6.6
FR;59;2021-04-24;47307;15416;2081317;591860;23.7;6.7
FR;59;2021-04-25;16526;5410;2097843;597270;23.9;6.8
FR;59;2021-04-26;40942;17367;2138785;614637;24.3;7.0
FR;59;2021-04-27;56302;23134;2195087;637771;25.0;7.3
FR;59;2021-04-28;63894;25772;2258981;663543;25.7;7.5
FR;59;2021-04-29;77743;31452;2336724;694995;26.6;7.9
FR;59;2021-04-30;92111;36330;2428835;731325;27.6;8.3
FR;59;2021-05-01;43383;10902;2472218;742227;28.1;8.4
FR;59;2021-05-02;23317;7224;2495535;749451;28.4;8.5
FR;59;2021-05-03;62301;26155;2557836;775606;29.1;8.8
FR;59;2021-05-04;70708;34236;2628544;809842;29.9;9.2
FR;59;2021-05-05;77068;37191;2705612;847033;30.8;9.6
FR;59;2021-05-06;89104;43474;2794716;890507;31.8;10.1
FR;59;2021-05-07;97396;53760;2892112;944267;32.9;10.7
FR;59;2021-05-08;58169;16388;2950281;960655;33.6;10.9
FR;59;2021-05-09;39221;10285;2989502;970940;34.0;11.0
FR;59;2021-05-10;94767;39893;3084269;1010833;35.1;11.5
FR;59;2021-05-11;125194;49062;3209463;1059895;36.5;12.1
FR;59;2021-05-12;122390;45960;3331853;1105855;37.9;12.6
FR;59;2021-05-13;92197;14289;3424050;1120144;38.9;12.7
FR;59;2021-05-14;128485;34030;3552535;1154174;40.4;13.1
FR;59;2021-05-15;113716;25292;3666251;1179466;41.7;13.4
FR;59;2021-05-16;55241;7078;3721492;1186544;42.3;13.5
FR;59;2021-05-17;105111;30443;3826603;1216987;43.5;13.8
FR;59;2021-05-18;116844;33908;3943447;1250895;44.8;14.2
FR;59;2021-05-19;118181;35280;4061628;1286175;46.2;14.6
FR;59;2021-05-20;121981;42087;4183609;1328262;47.6;15.1
FR;59;2021-05-21;121119;48431;4304728;1376693;49.0;15.7
FR;59;2021-05-22;81548;25251;4386276;1401944;49.9;15.9
FR;59;2021-05-23;31190;5101;4417466;1407045;50.2;16.0
FR;59;2021-05-24;51749;9846;4469215;1416891;50.8;16.1
FR;59;2021-05-25;83971;41925;4553186;1458816;51.8;16.6
FR;59;2021-05-26;82092;44767;4635278;1503583;52.7;17.1
FR;59;2021-05-27;89181;50312;4724459;1553895;53.7;17.7
FR;59;2021-05-28;90705;66181;4815164;1620076;54.8;18.4
FR;59;2021-05-29;59849;39796;4875013;1659872;55.4;18.9
FR;64;2020-12-27;1;0;1;0;0.0;0.0
FR;64;2020-12-28;1;0;2;0;0.0;0.0
FR;64;2020-12-29;2;0;4;0;0.0;0.0
FR;64;2020-12-30;6;0;10;0;0.0;0.0
FR;64;2020-12-31;5;0;15;0;0.0;0.0
FR;64;2021-01-01;8;0;23;0;0.0;0.0
FR;64;2021-01-02;11;0;34;0;0.0;0.0
FR;64;2021-01-03;18;0;52;0;0.0;0.0
FR;64;2021-01-04;209;2;261;2;0.0;0.0
FR;64;2021-01-05;898;4;1159;6;0.0;0.0
FR;64;2021-01-06;1688;2;2847;8;0.1;0.0
FR;64;2021-01-07;3657;7;6504;15;0.2;0.0
FR;64;2021-01-08;4872;7;11376;22;0.3;0.0
FR;64;2021-01-09;1953;1;13329;23;0.3;0.0
FR;64;2021-01-10;1024;1;14353;24;0.3;0.0
FR;64;2021-01-11;5272;2;19625;26;0.5;0.0
FR;64;2021-01-12;7127;10;26752;36;0.7;0.0
FR;64;2021-01-13;7442;16;34194;52;0.8;0.0
FR;64;2021-01-14;8558;81;42752;133;1.0;0.0
FR;64;2021-01-15;7089;31;49841;164;1.2;0.0
FR;64;2021-01-16;2199;17;52040;181;1.3;0.0
FR;64;2021-01-17;843;9;52883;190;1.3;0.0
FR;64;2021-01-18;4679;11;57562;201;1.4;0.0
FR;64;2021-01-19;6398;15;63960;216;1.6;0.0
FR;64;2021-01-20;6220;28;70180;244;1.7;0.0
FR;64;2021-01-21;6892;20;77072;264;1.9;0.0
FR;64;2021-01-22;5404;24;82476;288;2.0;0.0
FR;64;2021-01-23;1413;9;83889;297;2.0;0.0
FR;64;2021-01-24;433;8;84322;305;2.1;0.0
FR;64;2021-01-25;2770;198;87092;503;2.1;0.0
FR;64;2021-01-26;3523;488;90615;991;2.2;0.0
FR;64;2021-01-27;3762;881;94377;1872;2.3;0.0
FR;64;2021-01-28;4565;1746;98942;3618;2.4;0.1
FR;64;2021-01-29;3522;2321;102464;5939;2.5;0.1
FR;64;2021-01-30;839;706;103303;6645;2.5;0.2
FR;64;2021-01-31;172;280;103475;6925;2.5;0.2
FR;64;2021-02-01;1522;2865;104997;9790;2.6;0.2
FR;64;2021-02-02;2152;4143;107149;13933;2.6;0.3
FR;64;2021-02-03;2303;4361;109452;18294;2.7;0.4
FR;64;2021-02-04;2814;5506;112266;23800;2.7;0.6
FR;64;2021-02-05;2182;4969;114448;28769;2.8;0.7
FR;64;2021-02-06;657;1303;115105;30072;2.8;0.7
FR;64;2021-02-07;164;493;115269;30565;2.8;0.7
FR;64;2021-02-08;1481;4196;116750;34761;2.8;0.8
FR;64;2021-02-09;2341;5660;119091;40421;2.9;1.0
FR;64;2021-02-10;2568;5665;121659;46086;3.0;1.1
FR;64;2021-02-11;3458;7221;125117;53307;3.0;1.3
FR;64;2021-02-12;3111;5438;128228;58745;3.1;1.4
FR;64;2021-02-13;838;1445;129066;60190;3.1;1.5
FR;64;2021-02-14;195;438;129261;60628;3.2;1.5
FR;64;2021-02-15;1591;3881;130852;64509;3.2;1.6
FR;64;2021-02-16;2084;5134;132936;69643;3.2;1.7
FR;64;2021-02-17;2209;4632;135145;74275;3.3;1.8
FR;64;2021-02-18;3235;5450;138380;79725;3.4;1.9
FR;64;2021-02-19;2996;4203;141376;83928;3.4;2.0
FR;64;2021-02-20;808;1196;142184;85124;3.5;2.1
FR;64;2021-02-21;135;255;142319;85379;3.5;2.1
FR;64;2021-02-22;1489;2665;143808;88044;3.5;2.1
FR;64;2021-02-23;2394;2919;146202;90963;3.6;2.2
FR;64;2021-02-24;3867;2847;150069;93810;3.7;2.3
FR;64;2021-02-25;16023;3837;166092;97647;4.0;2.4
FR;64;2021-02-26;21815;2762;187907;100409;4.6;2.4
FR;64;2021-02-27;13069;755;200976;101164;4.9;2.5
FR;64;2021-02-28;792;173;201768;101337;4.9;2.5
FR;64;2021-03-01;6549;1747;208317;103084;5.1;2.5
FR;64;2021-03-02;13122;2321;221439;105405;5.4;2.6
FR;64;2021-03-03;15896;2361;237335;107766;5.8;2.6
FR;64;2021-03-04;25163;2847;262498;110613;6.4;2.7
FR;64;2021-03-05;30458;2631;292956;113244;7.1;2.8
FR;64;2021-03-06;26693;762;319649;114006;7.8;2.8
FR;64;2021-03-07;9847;500;329496;114506;8.0;2.8
FR;64;2021-03-08;8762;1773;338258;116279;8.2;2.8
FR;64;2021-03-09;16778;1998;355036;118277;8.7;2.9
FR;64;2021-03-10;16991;2136;372027;120413;9.1;2.9
FR;64;2021-03-11;25854;2804;397881;123217;9.7;3.0
FR;64;2021-03-12;33365;2349;431246;125566;10.5;3.1
FR;64;2021-03-13;27253;730;458499;126296;11.2;3.1
FR;64;2021-03-14;5422;187;463921;126483;11.3;3.1
FR;64;2021-03-15;10988;1428;474909;127911;11.6;3.1
FR;64;2021-03-16;5982;1763;480891;129674;11.7;3.2
FR;64;2021-03-17;6112;1670;487003;131344;11.9;3.2
FR;64;2021-03-18;7635;2043;494638;133387;12.1;3.3
FR;64;2021-03-19;18846;1894;513484;135281;12.5;3.3
FR;64;2021-03-20;18477;717;531961;135998;13.0;3.3
FR;64;2021-03-21;4720;215;536681;136213;13.1;3.3
FR;64;2021-03-22;13482;1547;550163;137760;13.4;3.4
FR;64;2021-03-23;23448;1990;573611;139750;14.0;3.4
FR;64;2021-03-24;25060;2062;598671;141812;14.6;3.5
FR;64;2021-03-25;36486;2337;635157;144149;15.5;3.5
FR;64;2021-03-26;40041;2272;675198;146421;16.5;3.6
FR;64;2021-03-27;21216;980;696414;147401;17.0;3.6
FR;64;2021-03-28;5068;252;701482;147653;17.1;3.6
FR;64;2021-03-29;17493;2109;718975;149762;17.5;3.7
FR;64;2021-03-30;27248;2785;746223;152547;18.2;3.7
FR;64;2021-03-31;24040;2845;770263;155392;18.8;3.8
FR;64;2021-04-01;30413;3721;800676;159113;19.5;3.9
FR;64;2021-04-02;29119;3545;829795;162658;20.2;4.0
FR;64;2021-04-03;15952;2350;845747;165008;20.6;4.0
FR;64;2021-04-04;4024;786;849771;165794;20.7;4.0
FR;64;2021-04-05;5098;787;854869;166581;20.8;4.1
FR;64;2021-04-06;19096;4232;873965;170813;21.3;4.2
FR;64;2021-04-07;23473;4757;897438;175570;21.9;4.3
FR;64;2021-04-08;34465;5555;931903;181125;22.7;4.4
FR;64;2021-04-09;53295;5968;985198;187093;24.0;4.6
FR;64;2021-04-10;29761;4954;1014959;192047;24.7;4.7
FR;64;2021-04-11;6264;2594;1021223;194641;24.9;4.7
FR;64;2021-04-12;27957;5138;1049180;199779;25.6;4.9
FR;64;2021-04-13;42376;7306;1091556;207085;26.6;5.0
FR;64;2021-04-14;40642;7077;1132198;214162;27.6;5.2
FR;64;2021-04-15;51797;8295;1183995;222457;28.9;5.4
FR;64;2021-04-16;64061;8816;1248056;231273;30.4;5.6
FR;64;2021-04-17;38402;7062;1286458;238335;31.4;5.8
FR;64;2021-04-18;10914;3322;1297372;241657;31.6;5.9
FR;64;2021-04-19;41781;8534;1339153;250191;32.6;6.1
FR;64;2021-04-20;52383;10347;1391536;260538;33.9;6.4
FR;64;2021-04-21;52290;10790;1443826;271328;35.2;6.6
FR;64;2021-04-22;57095;12646;1500921;283974;36.6;6.9
FR;64;2021-04-23;60553;12574;1561474;296548;38.1;7.2
FR;64;2021-04-24;43202;9023;1604676;305571;39.1;7.4
FR;64;2021-04-25;16144;3314;1620820;308885;39.5;7.5
FR;64;2021-04-26;49394;11421;1670214;320306;40.7;7.8
FR;64;2021-04-27;62741;15415;1732955;335721;42.2;8.2
FR;64;2021-04-28;63691;15884;1796646;351605;43.8;8.6
FR;64;2021-04-29;73371;20318;1870017;371923;45.6;9.1
FR;64;2021-04-30;74911;21865;1944928;393788;47.4;9.6
FR;64;2021-05-01;29226;6609;1974154;400397;48.1;9.8
FR;64;2021-05-02;14389;3950;1988543;404347;48.5;9.9
FR;64;2021-05-03;51970;15772;2040513;420119;49.7;10.2
FR;64;2021-05-04;52883;21566;2093396;441685;51.0;10.8
FR;64;2021-05-05;49139;22616;2142535;464301;52.2;11.3
FR;64;2021-05-06;56599;28732;2199134;493033;53.6;12.0
FR;64;2021-05-07;50669;34002;2249803;527035;54.8;12.8
FR;64;2021-05-08;20111;9284;2269914;536319;55.3;13.1
FR;64;2021-05-09;9993;5476;2279907;541795;55.6;13.2
FR;64;2021-05-10;34178;26711;2314085;568506;56.4;13.9
FR;64;2021-05-11;43840;37068;2357925;605574;57.5;14.8
FR;64;2021-05-12;38849;34917;2396774;640491;58.4;15.6
FR;64;2021-05-13;21918;10033;2418692;650524;59.0;15.9
FR;64;2021-05-14;36176;28987;2454868;679511;59.8;16.6
FR;64;2021-05-15;21110;18962;2475978;698473;60.4;17.0
FR;64;2021-05-16;7953;4289;2483931;702762;60.6;17.1
FR;64;2021-05-17;26751;25342;2510682;728104;61.2;17.7
FR;64;2021-05-18;33324;28234;2544006;756338;62.0;18.4
FR;64;2021-05-19;30268;26358;2574274;782696;62.8;19.1
FR;64;2021-05-20;34859;33219;2609133;815915;63.6;19.9
FR;64;2021-05-21;29998;37380;2639131;853295;64.3;20.8
FR;64;2021-05-22;14748;17682;2653879;870977;64.7;21.2
FR;64;2021-05-23;5093;2819;2658972;873796;64.8;21.3
FR;64;2021-05-24;10710;6476;2669682;880272;65.1;21.5
FR;64;2021-05-25;22546;34394;2692228;914666;65.6;22.3
FR;64;2021-05-26;21062;35396;2713290;950062;66.1;23.2
FR;64;2021-05-27;25718;41781;2739008;991843;66.8;24.2
FR;64;2021-05-28;24085;55560;2763093;1047403;67.4;25.5
FR;64;2021-05-29;11785;33428;2774878;1080831;67.6;26.3
FR;69;2020-12-27;2;0;2;0;0.0;0.0
FR;69;2020-12-28;2;0;4;0;0.0;0.0
FR;69;2020-12-29;3;0;7;0;0.0;0.0
FR;69;2020-12-30;7;0;14;0;0.0;0.0
FR;69;2020-12-31;5;0;19;0;0.0;0.0
FR;69;2021-01-01;6;0;25;0;0.0;0.0
FR;69;2021-01-02;10;0;35;0;0.0;0.0
FR;69;2021-01-03;8;0;43;0;0.0;0.0
FR;69;2021-01-04;114;0;157;0;0.0;0.0
FR;69;2021-01-05;410;4;567;4;0.0;0.0
FR;69;2021-01-06;808;2;1375;6;0.0;0.0
FR;69;2021-01-07;1890;3;3265;9;0.1;0.0
FR;69;2021-01-08;2452;0;5717;9;0.1;0.0
FR;69;2021-01-09;1124;1;6841;10;0.2;0.0
FR;69;2021-01-10;658;1;7499;11;0.2;0.0
FR;69;2021-01-11;2731;3;10230;14;0.3;0.0
FR;69;2021-01-12;3871;2;14101;16;0.4;0.0
FR;69;2021-01-13;3787;9;17888;25;0.5;0.0
FR;69;2021-01-14;4563;46;22451;71;0.6;0.0
FR;69;2021-01-15;3843;14;26294;85;0.7;0.0
FR;69;2021-01-16;1342;10;27636;95;0.7;0.0
FR;69;2021-01-17;634;3;28270;98;0.7;0.0
FR;69;2021-01-18;3256;16;31526;114;0.8;0.0
FR;69;2021-01-19;4788;19;36314;133;0.9;0.0
FR;69;2021-01-20;4754;13;41068;146;1.1;0.0
FR;69;2021-01-21;5521;14;46589;160;1.2;0.0
FR;69;2021-01-22;4367;14;50956;174;1.3;0.0
FR;69;2021-01-23;1359;4;52315;178;1.3;0.0
FR;69;2021-01-24;446;5;52761;183;1.4;0.0
FR;69;2021-01-25;2722;82;55483;265;1.4;0.0
FR;69;2021-01-26;3347;181;58830;446;1.5;0.0
FR;69;2021-01-27;3668;410;62498;856;1.6;0.0
FR;69;2021-01-28;4323;890;66821;1746;1.7;0.0
FR;69;2021-01-29;3483;1233;70304;2979;1.8;0.1
FR;69;2021-01-30;938;402;71242;3381;1.8;0.1
FR;69;2021-01-31;180;160;71422;3541;1.8;0.1
FR;69;2021-02-01;1817;1523;73239;5064;1.9;0.1
FR;69;2021-02-02;2416;2206;75655;7270;1.9;0.2
FR;69;2021-02-03;2415;2276;78070;9546;2.0;0.2
FR;69;2021-02-04;2977;2925;81047;12471;2.1;0.3
FR;69;2021-02-05;2503;2540;83550;15011;2.1;0.4
FR;69;2021-02-06;721;809;84271;15820;2.2;0.4
FR;69;2021-02-07;162;392;84433;16212;2.2;0.4
FR;69;2021-02-08;1606;2409;86039;18621;2.2;0.5
FR;69;2021-02-09;2402;3412;88441;22033;2.3;0.6
FR;69;2021-02-10;2564;3404;91005;25437;2.3;0.7
FR;69;2021-02-11;3515;4861;94520;30298;2.4;0.8
FR;69;2021-02-12;3154;3418;97674;33716;2.5;0.9
FR;69;2021-02-13;865;1034;98539;34750;2.5;0.9
FR;69;2021-02-14;215;414;98754;35164;2.5;0.9
FR;69;2021-02-15;1333;2775;100087;37939;2.6;1.0
FR;69;2021-02-16;1868;3981;101955;41920;2.6;1.1
FR;69;2021-02-17;2010;3661;103965;45581;2.7;1.2
FR;69;2021-02-18;2998;4560;106963;50141;2.7;1.3
FR;69;2021-02-19;2864;3507;109827;53648;2.8;1.4
FR;69;2021-02-20;753;1026;110580;54674;2.8;1.4
FR;69;2021-02-21;150;235;110730;54909;2.8;1.4
FR;69;2021-02-22;1607;2574;112337;57483;2.9;1.5
FR;69;2021-02-23;2269;2825;114606;60308;2.9;1.5
FR;69;2021-02-24;2658;2910;117264;63218;3.0;1.6
FR;69;2021-02-25;3878;3576;121142;66794;3.1;1.7
FR;69;2021-02-26;4274;2625;125416;69419;3.2;1.8
FR;69;2021-02-27;1810;705;127226;70124;3.3;1.8
FR;69;2021-02-28;312;179;127538;70303;3.3;1.8
FR;69;2021-03-01;2798;1931;130336;72234;3.3;1.9
FR;69;2021-03-02;4716;2434;135052;74668;3.5;1.9
FR;69;2021-03-03;6669;2469;141721;77137;3.6;2.0
FR;69;2021-03-04;11748;3002;153469;80139;3.9;2.1
FR;69;2021-03-05;17472;2675;170941;82814;4.4;2.1
FR;69;2021-03-06;23128;760;194069;83574;5.0;2.1
FR;69;2021-03-07;14752;423;208821;83997;5.4;2.2
FR;69;2021-03-08;9734;2025;218555;86022;5.6;2.2
FR;69;2021-03-09;17455;2472;236010;88494;6.0;2.3
FR;69;2021-03-10;18755;2525;254765;91019;6.5;2.3
FR;69;2021-03-11;29128;3194;283893;94213;7.3;2.4
FR;69;2021-03-12;39816;2884;323709;97097;8.3;2.5
FR;69;2021-03-13;35929;937;359638;98034;9.2;2.5
FR;69;2021-03-14;8169;238;367807;98272;9.4;2.5
FR;69;2021-03-15;16621;1789;384428;100061;9.9;2.6
FR;69;2021-03-16;10712;2169;395140;102230;10.1;2.6
FR;69;2021-03-17;11725;2166;406865;104396;10.4;2.7
FR;69;2021-03-18;13109;2582;419974;106978;10.8;2.7
FR;69;2021-03-19;28731;2386;448705;109364;11.5;2.8
FR;69;2021-03-20;26881;859;475586;110223;12.2;2.8
FR;69;2021-03-21;7116;269;482702;110492;12.4;2.8
FR;69;2021-03-22;21149;2143;503851;112635;12.9;2.9
FR;69;2021-03-23;36112;2757;539963;115392;13.8;3.0
FR;69;2021-03-24;37396;2790;577359;118182;14.8;3.0
FR;69;2021-03-25;54862;3044;632221;121226;16.2;3.1
FR;69;2021-03-26;59005;2928;691226;124154;17.7;3.2
FR;69;2021-03-27;30069;1326;721295;125480;18.5;3.2
FR;69;2021-03-28;7599;373;728894;125853;18.7;3.2
FR;69;2021-03-29;27630;3405;756524;129258;19.4;3.3
FR;69;2021-03-30;42174;4294;798698;133552;20.5;3.4
FR;69;2021-03-31;35302;4342;834000;137894;21.4;3.5
FR;69;2021-04-01;43123;5708;877123;143602;22.5;3.7
FR;69;2021-04-02;41253;5864;918376;149466;23.5;3.8
FR;69;2021-04-03;21637;3910;940013;153376;24.1;3.9
FR;69;2021-04-04;5803;1300;945816;154676;24.2;4.0
FR;69;2021-04-05;7608;1057;953424;155733;24.4;4.0
FR;69;2021-04-06;27731;7147;981155;162880;25.1;4.2
FR;69;2021-04-07;32347;7706;1013502;170586;26.0;4.4
FR;69;2021-04-08;48475;8791;1061977;179377;27.2;4.6
FR;69;2021-04-09;70424;8943;1132401;188320;29.0;4.8
FR;69;2021-04-10;36602;7799;1169003;196119;30.0;5.0
FR;69;2021-04-11;7995;4276;1176998;200395;30.2;5.1
FR;69;2021-04-12;38512;8792;1215510;209187;31.2;5.4
FR;69;2021-04-13;53430;11894;1268940;221081;32.5;5.7
FR;69;2021-04-14;49224;11601;1318164;232682;33.8;6.0
FR;69;2021-04-15;61731;13465;1379895;246147;35.4;6.3
FR;69;2021-04-16;72456;13988;1452351;260135;37.2;6.7
FR;69;2021-04-17;39558;10653;1491909;270788;38.2;6.9
FR;69;2021-04-18;10003;5017;1501912;275805;38.5;7.1
FR;69;2021-04-19;45774;13834;1547686;289639;39.7;7.4
FR;69;2021-04-20;56909;16748;1604595;306387;41.1;7.9
FR;69;2021-04-21;53292;16466;1657887;322853;42.5;8.3
FR;69;2021-04-22;60017;18655;1717904;341508;44.0;8.8
FR;69;2021-04-23;59148;18698;1777052;360206;45.5;9.2
FR;69;2021-04-24;37164;13095;1814216;373301;46.5;9.6
FR;69;2021-04-25;13190;4968;1827406;378269;46.8;9.7
FR;69;2021-04-26;49113;18304;1876519;396573;48.1;10.2
FR;69;2021-04-27;61579;23102;1938098;419675;49.7;10.8
FR;69;2021-04-28;59572;22006;1997670;441681;51.2;11.3
FR;69;2021-04-29;69826;24757;2067496;466438;53.0;12.0
FR;69;2021-04-30;66681;23813;2134177;490251;54.7;12.6
FR;69;2021-05-01;23779;7581;2157956;497832;55.3;12.8
FR;69;2021-05-02;11139;5129;2169095;502961;55.6;12.9
FR;69;2021-05-03;47183;21275;2216278;524236;56.8;13.4
FR;69;2021-05-04;47725;27697;2264003;551933;58.0;14.1
FR;69;2021-05-05;42518;27112;2306521;579045;59.1;14.8
FR;69;2021-05-06;50659;30172;2357180;609217;60.4;15.6
FR;69;2021-05-07;42138;34275;2399318;643492;61.5;16.5
FR;69;2021-05-08;15185;9380;2414503;652872;61.9;16.7
FR;69;2021-05-09;7267;6555;2421770;659427;62.1;16.9
FR;69;2021-05-10;29423;34687;2451193;694114;62.8;17.8
FR;69;2021-05-11;38063;43727;2489256;737841;63.8;18.9
FR;69;2021-05-12;32879;39183;2522135;777024;64.6;19.9
FR;69;2021-05-13;17441;11500;2539576;788524;65.1;20.2
FR;69;2021-05-14;29918;34138;2569494;822662;65.9;21.1
FR;69;2021-05-15;15158;18510;2584652;841172;66.2;21.6
FR;69;2021-05-16;5427;4310;2590079;845482;66.4;21.7
FR;69;2021-05-17;21745;28759;2611824;874241;66.9;22.4
FR;69;2021-05-18;27826;29589;2639650;903830;67.7;23.2
FR;69;2021-05-19;24225;25204;2663875;929034;68.3;23.8
FR;69;2021-05-20;28275;27799;2692150;956833;69.0;24.5
FR;69;2021-05-21;22860;30719;2715010;987552;69.6;25.3
FR;69;2021-05-22;9628;14376;2724638;1001928;69.8;25.7
FR;69;2021-05-23;3177;2374;2727815;1004302;69.9;25.7
FR;69;2021-05-24;8076;7125;2735891;1011427;70.1;25.9
FR;69;2021-05-25;17762;36252;2753653;1047679;70.6;26.9
FR;69;2021-05-26;16097;34968;2769750;1082647;71.0;27.7
FR;69;2021-05-27;20426;41224;2790176;1123871;71.5;28.8
FR;69;2021-05-28;18024;53745;2808200;1177616;72.0;30.2
FR;69;2021-05-29;7535;31183;2815735;1208799;72.2;31.0
FR;74;2020-12-27;1;0;1;0;0.0;0.0
FR;74;2020-12-28;7;0;8;0;0.0;0.0
FR;74;2020-12-29;5;0;13;0;0.0;0.0
FR;74;2020-12-30;11;0;24;0;0.0;0.0
FR;74;2020-12-31;7;0;31;0;0.0;0.0
FR;74;2021-01-01;5;0;36;0;0.0;0.0
FR;74;2021-01-02;3;0;39;0;0.0;0.0
FR;74;2021-01-03;12;0;51;0;0.0;0.0
FR;74;2021-01-04;86;1;137;1;0.0;0.0
FR;74;2021-01-05;298;0;435;1;0.0;0.0
FR;74;2021-01-06;554;1;989;2;0.0;0.0
FR;74;2021-01-07;1464;0;2453;2;0.1;0.0
FR;74;2021-01-08;1793;3;4246;5;0.1;0.0
FR;74;2021-01-09;794;1;5040;6;0.1;0.0
FR;74;2021-01-10;534;0;5574;6;0.2;0.0
FR;74;2021-01-11;2121;0;7695;6;0.2;0.0
FR;74;2021-01-12;3151;4;10846;10;0.3;0.0
FR;74;2021-01-13;3196;6;14042;16;0.4;0.0
FR;74;2021-01-14;3943;39;17985;55;0.5;0.0
FR;74;2021-01-15;3532;10;21517;65;0.6;0.0
FR;74;2021-01-16;1334;2;22851;67;0.7;0.0
FR;74;2021-01-17;764;3;23615;70;0.7;0.0
FR;74;2021-01-18;4717;11;28332;81;0.8;0.0
FR;74;2021-01-19;6823;11;35155;92;1.0;0.0
FR;74;2021-01-20;7095;12;42250;104;1.2;0.0
FR;74;2021-01-21;8182;22;50432;126;1.4;0.0
FR;74;2021-01-22;6539;18;56971;144;1.6;0.0
FR;74;2021-01-23;2258;1;59229;145;1.7;0.0
FR;74;2021-01-24;609;2;59838;147;1.7;0.0
FR;74;2021-01-25;4533;56;64371;203;1.9;0.0
FR;74;2021-01-26;5626;149;69997;352;2.0;0.0
FR;74;2021-01-27;5982;271;75979;623;2.2;0.0
FR;74;2021-01-28;6975;749;82954;1372;2.4;0.0
FR;74;2021-01-29;5732;898;88686;2270;2.5;0.1
FR;74;2021-01-30;1769;261;90455;2531;2.6;0.1
FR;74;2021-01-31;295;114;90750;2645;2.6;0.1
FR;74;2021-02-01;3290;1061;94040;3706;2.7;0.1
FR;74;2021-02-02;4298;1784;98338;5490;2.8;0.2
FR;74;2021-02-03;4307;1811;102645;7301;3.0;0.2
FR;74;2021-02-04;5174;2469;107819;9770;3.1;0.3
FR;74;2021-02-05;4385;2177;112204;11947;3.2;0.3
FR;74;2021-02-06;1396;695;113600;12642;3.3;0.4
FR;74;2021-02-07;243;351;113843;12993;3.3;0.4
FR;74;2021-02-08;3073;2506;116916;15499;3.4;0.4
FR;74;2021-02-09;4101;3725;121017;19224;3.5;0.6
FR;74;2021-02-10;4416;3814;125433;23038;3.6;0.7
FR;74;2021-02-11;5625;5471;131058;28509;3.8;0.8
FR;74;2021-02-12;5259;3822;136317;32331;3.9;0.9
FR;74;2021-02-13;1647;1220;137964;33551;4.0;1.0
FR;74;2021-02-14;405;471;138369;34022;4.0;1.0
FR;74;2021-02-15;2402;4182;140771;38204;4.0;1.1
FR;74;2021-02-16;3276;5632;144047;43836;4.1;1.3
FR;74;2021-02-17;3390;5450;147437;49286;4.2;1.4
FR;74;2021-02-18;4929;6811;152366;56097;4.4;1.6
FR;74;2021-02-19;4875;5409;157241;61506;4.5;1.8
FR;74;2021-02-20;1550;1737;158791;63243;4.6;1.8
FR;74;2021-02-21;233;415;159024;63658;4.6;1.8
FR;74;2021-02-22;2862;4292;161886;67950;4.7;2.0
FR;74;2021-02-23;4136;4898;166022;72848;4.8;2.1
FR;74;2021-02-24;4516;4841;170538;77689;4.9;2.2
FR;74;2021-02-25;5525;5695;176063;83384;5.1;2.4
FR;74;2021-02-26;5482;4467;181545;87851;5.2;2.5
FR;74;2021-02-27;2008;1364;183553;89215;5.3;2.6
FR;74;2021-02-28;528;294;184081;89509;5.3;2.6
FR;74;2021-03-01;5062;3363;189143;92872;5.4;2.7
FR;74;2021-03-02;7452;4280;196595;97152;5.7;2.8
FR;74;2021-03-03;9687;4262;206282;101414;5.9;2.9
FR;74;2021-03-04;15044;4808;221326;106222;6.4;3.1
FR;74;2021-03-05;21664;4589;242990;110811;7.0;3.2
FR;74;2021-03-06;31209;1391;274199;112202;7.9;3.2
FR;74;2021-03-07;20930;527;295129;112729;8.5;3.2
FR;74;2021-03-08;14199;3671;309328;116400;8.9;3.3
FR;74;2021-03-09;24030;4234;333358;120634;9.6;3.5
FR;74;2021-03-10;26258;4410;359616;125044;10.3;3.6
FR;74;2021-03-11;38266;5308;397882;130352;11.4;3.7
FR;74;2021-03-12;50542;4697;448424;135049;12.9;3.9
FR;74;2021-03-13;47741;1564;496165;136613;14.3;3.9
FR;74;2021-03-14;11932;419;508097;137032;14.6;3.9
FR;74;2021-03-15;25491;3135;533588;140167;15.3;4.0
FR;74;2021-03-16;20028;3840;553616;144007;15.9;4.1
FR;74;2021-03-17;21790;3876;575406;147883;16.5;4.3
FR;74;2021-03-18;24395;4512;599801;152395;17.2;4.4
FR;74;2021-03-19;41296;3971;641097;156366;18.4;4.5
FR;74;2021-03-20;35343;1564;676440;157930;19.4;4.5
FR;74;2021-03-21;9470;399;685910;158329;19.7;4.6
FR;74;2021-03-22;31445;3893;717355;162222;20.6;4.7
FR;74;2021-03-23;50069;4796;767424;167018;22.1;4.8
FR;74;2021-03-24;52048;5188;819472;172206;23.6;5.0
FR;74;2021-03-25;74617;5555;894089;177761;25.7;5.1
FR;74;2021-03-26;80636;5185;974725;182946;28.0;5.3
FR;74;2021-03-27;50956;2377;1025681;185323;29.5;5.3
FR;74;2021-03-28;17782;737;1043463;186060;30.0;5.3
FR;74;2021-03-29;56014;6867;1099477;192927;31.6;5.5
FR;74;2021-03-30;76445;8731;1175922;201658;33.8;5.8
FR;74;2021-03-31;67800;9282;1243722;210940;35.8;6.1
FR;74;2021-04-01;78213;11667;1321935;222607;38.0;6.4
FR;74;2021-04-02;69884;12247;1391819;234854;40.0;6.8
FR;74;2021-04-03;37123;8429;1428942;243283;41.1;7.0
FR;74;2021-04-04;12497;2776;1441439;246059;41.4;7.1
FR;74;2021-04-05;19195;1851;1460634;247910;42.0;7.1
FR;74;2021-04-06;64250;15069;1524884;262979;43.8;7.6
FR;74;2021-04-07;72582;15935;1597466;278914;45.9;8.0
FR;74;2021-04-08;87521;17837;1684987;296751;48.4;8.5
FR;74;2021-04-09;97121;17618;1782108;314369;51.2;9.0
FR;74;2021-04-10;48576;13979;1830684;328348;52.6;9.4
FR;74;2021-04-11;12734;6811;1843418;335159;53.0;9.6
FR;74;2021-04-12;60842;17671;1904260;352830;54.7;10.1
FR;74;2021-04-13;68630;22134;1972890;374964;56.7;10.8
FR;74;2021-04-14;60031;21722;2032921;396686;58.4;11.4
FR;74;2021-04-15;61846;23673;2094767;420359;60.2;12.1
FR;74;2021-04-16;52168;24273;2146935;444632;61.7;12.8
FR;74;2021-04-17;25673;16779;2172608;461411;62.5;13.3
FR;74;2021-04-18;5740;6958;2178348;468369;62.6;13.5
FR;74;2021-04-19;31651;24265;2209999;492634;63.5;14.2
FR;74;2021-04-20;36146;29526;2246145;522160;64.6;15.0
FR;74;2021-04-21;33276;30165;2279421;552325;65.5;15.9
FR;74;2021-04-22;37969;35122;2317390;587447;66.6;16.9
FR;74;2021-04-23;34700;38728;2352090;626175;67.6;18.0
FR;74;2021-04-24;18565;30671;2370655;656846;68.2;18.9
FR;74;2021-04-25;6108;12544;2376763;669390;68.3;19.2
FR;74;2021-04-26;26480;46813;2403243;716203;69.1;20.6
FR;74;2021-04-27;32947;55970;2436190;772173;70.0;22.2
FR;74;2021-04-28;32493;52767;2468683;824940;71.0;23.7
FR;74;2021-04-29;38536;53867;2507219;878807;72.1;25.3
FR;74;2021-04-30;34905;49055;2542124;927862;73.1;26.7
FR;74;2021-05-01;11055;15114;2553179;942976;73.4;27.1
FR;74;2021-05-02;5141;11370;2558320;954346;73.6;27.4
FR;74;2021-05-03;24049;52048;2582369;1006394;74.2;28.9
FR;74;2021-05-04;24929;69171;2607298;1075565;75.0;30.9
FR;74;2021-05-05;22540;64874;2629838;1140439;75.6;32.8
FR;74;2021-05-06;27198;63220;2657036;1203659;76.4;34.6
FR;74;2021-05-07;23121;65949;2680157;1269608;77.1;36.5
FR;74;2021-05-08;7838;14318;2687995;1283926;77.3;36.9
FR;74;2021-05-09;3649;10469;2691644;1294395;77.4;37.2
FR;74;2021-05-10;15892;63059;2707536;1357454;77.8;39.0
FR;74;2021-05-11;20873;64078;2728409;1421532;78.4;40.9
FR;74;2021-05-12;18294;53139;2746703;1474671;79.0;42.4
FR;74;2021-05-13;9048;12077;2755751;1486748;79.2;42.7
FR;74;2021-05-14;16856;37730;2772607;1524478;79.7;43.8
FR;74;2021-05-15;8320;17553;2780927;1542031;80.0;44.3
FR;74;2021-05-16;2978;3498;2783905;1545529;80.0;44.4
FR;74;2021-05-17;12159;30765;2796064;1576294;80.4;45.3
FR;74;2021-05-18;15338;30453;2811402;1606747;80.8;46.2
FR;74;2021-05-19;13915;25379;2825317;1632126;81.2;46.9
FR;74;2021-05-20;15933;27681;2841250;1659807;81.7;47.7
FR;74;2021-05-21;13256;30688;2854506;1690495;82.1;48.6
FR;74;2021-05-22;5734;14214;2860240;1704709;82.2;49.0
FR;74;2021-05-23;1849;2383;2862089;1707092;82.3;49.1
FR;74;2021-05-24;4613;5719;2866702;1712811;82.4;49.2
FR;74;2021-05-25;10474;35229;2877176;1748040;82.7;50.3
FR;74;2021-05-26;9803;33397;2886979;1781437;83.0;51.2
FR;74;2021-05-27;11739;38418;2898718;1819855;83.3;52.3
FR;74;2021-05-28;11033;44948;2909751;1864803;83.7;53.6
FR;74;2021-05-29;4645;24234;2914396;1889037;83.8;54.3
FR;79;2020-12-27;1;0;1;0;0.0;0.0
FR;79;2020-12-28;6;0;7;0;0.0;0.0
FR;79;2020-12-29;16;0;23;0;0.0;0.0
FR;79;2020-12-30;12;0;35;0;0.0;0.0
FR;79;2020-12-31;6;0;41;0;0.0;0.0
FR;79;2021-01-01;4;0;45;0;0.0;0.0
FR;79;2021-01-02;4;0;49;0;0.0;0.0
FR;79;2021-01-03;2;0;51;0;0.0;0.0
FR;79;2021-01-04;50;0;101;0;0.0;0.0
FR;79;2021-01-05;171;0;272;0;0.0;0.0
FR;79;2021-01-06;340;0;612;0;0.0;0.0
FR;79;2021-01-07;905;0;1517;0;0.1;0.0
FR;79;2021-01-08;1082;1;2599;1;0.1;0.0
FR;79;2021-01-09;364;0;2963;1;0.1;0.0
FR;79;2021-01-10;191;0;3154;1;0.1;0.0
FR;79;2021-01-11;1150;2;4304;3;0.2;0.0
FR;79;2021-01-12;2207;2;6511;5;0.3;0.0
FR;79;2021-01-13;2746;2;9257;7;0.4;0.0
FR;79;2021-01-14;4435;35;13692;42;0.6;0.0
FR;79;2021-01-15;5260;16;18952;58;0.9;0.0
FR;79;2021-01-16;2821;11;21773;69;1.0;0.0
FR;79;2021-01-17;1307;3;23080;72;1.0;0.0
FR;79;2021-01-18;19647;37;42727;109;1.9;0.0
FR;79;2021-01-19;26043;36;68770;145;3.1;0.0
FR;79;2021-01-20;28030;32;96800;177;4.4;0.0
FR;79;2021-01-21;30049;32;126849;209;5.7;0.0
FR;79;2021-01-22;27907;28;154756;237;7.0;0.0
FR;79;2021-01-23;11662;10;166418;247;7.5;0.0
FR;79;2021-01-24;2172;3;168590;250;7.6;0.0
FR;79;2021-01-25;22551;46;191141;296;8.6;0.0
FR;79;2021-01-26;25734;118;216875;414;9.8;0.0
FR;79;2021-01-27;25009;195;241884;609;10.9;0.0
FR;79;2021-01-28;25208;561;267092;1170;12.0;0.1
FR;79;2021-01-29;22541;562;289633;1732;13.1;0.1
FR;79;2021-01-30;8783;137;298416;1869;13.5;0.1
FR;79;2021-01-31;1230;55;299646;1924;13.5;0.1
FR;79;2021-02-01;16156;643;315802;2567;14.2;0.1
FR;79;2021-02-02;19282;1273;335084;3840;15.1;0.2
FR;79;2021-02-03;18292;1582;353376;5422;15.9;0.2
FR;79;2021-02-04;19175;2534;372551;7956;16.8;0.4
FR;79;2021-02-05;18024;2681;390575;10637;17.6;0.5
FR;79;2021-02-06;6452;1005;397027;11642;17.9;0.5
FR;79;2021-02-07;870;391;397897;12033;17.9;0.5
FR;79;2021-02-08;13085;5815;410982;17848;18.5;0.8
FR;79;2021-02-09;15553;7674;426535;25522;19.2;1.2
FR;79;2021-02-10;15449;8049;441984;33571;19.9;1.5
FR;79;2021-02-11;16532;9609;458516;43180;20.7;1.9
FR;79;2021-02-12;15670;9408;474186;52588;21.4;2.4
FR;79;2021-02-13;5005;4123;479191;56711;21.6;2.6
FR;79;2021-02-14;905;1043;480096;57754;21.7;2.6
FR;79;2021-02-15;7134;19825;487230;77579;22.0;3.5
FR;79;2021-02-16;8352;23628;495582;101207;22.4;4.6
FR;79;2021-02-17;8253;24028;503835;125235;22.7;5.6
FR;79;2021-02-18;10293;24429;514128;149664;23.2;6.7
FR;79;2021-02-19;10317;20766;524445;170430;23.7;7.7
FR;79;2021-02-20;3767;8313;528212;178743;23.8;8.1
FR;79;2021-02-21;549;1558;528761;180301;23.8;8.1
FR;79;2021-02-22;6987;21885;535748;202186;24.2;9.1
FR;79;2021-02-23;9639;23574;545387;225760;24.6;10.2
FR;79;2021-02-24;10030;22208;555417;247968;25.0;11.2
FR;79;2021-02-25;11681;22090;567098;270058;25.6;12.2
FR;79;2021-02-26;12064;19116;579162;289174;26.1;13.0
FR;79;2021-02-27;4421;6733;583583;295907;26.3;13.3
FR;79;2021-02-28;875;1038;584458;296945;26.4;13.4
FR;79;2021-03-01;12119;16457;596577;313402;26.9;14.1
FR;79;2021-03-02;16320;19268;612897;332670;27.6;15.0
FR;79;2021-03-03;17734;18535;630631;351205;28.4;15.8
FR;79;2021-03-04;20903;17671;651534;368876;29.4;16.6
FR;79;2021-03-05;22451;16463;673985;385339;30.4;17.4
FR;79;2021-03-06;29028;5360;703013;390699;31.7;17.6
FR;79;2021-03-07;21079;1032;724092;391731;32.7;17.7
FR;79;2021-03-08;17363;15329;741455;407060;33.4;18.4
FR;79;2021-03-09;25735;16424;767190;423484;34.6;19.1
FR;79;2021-03-10;26862;15591;794052;439075;35.8;19.8
FR;79;2021-03-11;31824;15089;825876;454164;37.2;20.5
FR;79;2021-03-12;33350;12933;859226;467097;38.8;21.1
FR;79;2021-03-13;25282;4222;884508;471319;39.9;21.3
FR;79;2021-03-14;9462;772;893970;472091;40.3;21.3
FR;79;2021-03-15;28446;8687;922416;480778;41.6;21.7
FR;79;2021-03-16;32793;9294;955209;490072;43.1;22.1
FR;79;2021-03-17;33771;9247;988980;499319;44.6;22.5
FR;79;2021-03-18;36661;9736;1025641;509055;46.3;23.0
FR;79;2021-03-19;36688;8869;1062329;517924;47.9;23.4
FR;79;2021-03-20;20664;3279;1082993;521203;48.8;23.5
FR;79;2021-03-21;5874;598;1088867;521801;49.1;23.5
FR;79;2021-03-22;28545;9176;1117412;530977;50.4;23.9
FR;79;2021-03-23;37007;10771;1154419;541748;52.1;24.4
FR;79;2021-03-24;35506;11335;1189925;553083;53.7;24.9
FR;79;2021-03-25;41853;11113;1231778;564196;55.6;25.4
FR;79;2021-03-26;39320;10430;1271098;574626;57.3;25.9
FR;79;2021-03-27;17628;4404;1288726;579030;58.1;26.1
FR;79;2021-03-28;4793;901;1293519;579931;58.3;26.2
FR;79;2021-03-29;22245;15005;1315764;594936;59.3;26.8
FR;79;2021-03-30;27976;18890;1343740;613826;60.6;27.7
FR;79;2021-03-31;24648;19731;1368388;633557;61.7;28.6
FR;79;2021-04-01;27128;23179;1395516;656736;62.9;29.6
FR;79;2021-04-02;23011;24431;1418527;681167;64.0;30.7
FR;79;2021-04-03;10001;17359;1428528;698526;64.4;31.5
FR;79;2021-04-04;2798;5061;1431326;703587;64.6;31.7
FR;79;2021-04-05;4184;2745;1435510;706332;64.7;31.9
FR;79;2021-04-06;18903;28952;1454413;735284;65.6;33.2
FR;79;2021-04-07;21011;29831;1475424;765115;66.5;34.5
FR;79;2021-04-08;24937;29899;1500361;795014;67.7;35.9
FR;79;2021-04-09;26773;28080;1527134;823094;68.9;37.1
FR;79;2021-04-10;13627;18917;1540761;842011;69.5;38.0
FR;79;2021-04-11;3502;6444;1544263;848455;69.6;38.3
FR;79;2021-04-12;16707;28883;1560970;877338;70.4;39.6
FR;79;2021-04-13;19055;34994;1580025;912332;71.3;41.1
FR;79;2021-04-14;18121;33121;1598146;945453;72.1;42.6
FR;79;2021-04-15;19049;33302;1617195;978755;72.9;44.1
FR;79;2021-04-16;16184;31025;1633379;1009780;73.7;45.5
FR;79;2021-04-17;8132;16686;1641511;1026466;74.0;46.3
FR;79;2021-04-18;1764;4830;1643275;1031296;74.1;46.5
FR;79;2021-04-19;9803;29161;1653078;1060457;74.6;47.8
FR;79;2021-04-20;11617;34424;1664695;1094881;75.1;49.4
FR;79;2021-04-21;11242;31190;1675937;1126071;75.6;50.8
FR;79;2021-04-22;12788;31063;1688725;1157134;76.2;52.2
FR;79;2021-04-23;11844;27665;1700569;1184799;76.7;53.4
FR;79;2021-04-24;6125;13704;1706694;1198503;77.0;54.1
FR;79;2021-04-25;1896;3418;1708590;1201921;77.1;54.2
FR;79;2021-04-26;8846;20578;1717436;1222499;77.5;55.1
FR;79;2021-04-27;11016;23635;1728452;1246134;78.0;56.2
FR;79;2021-04-28;11529;20874;1739981;1267008;78.5;57.1
FR;79;2021-04-29;13558;20634;1753539;1287642;79.1;58.1
FR;79;2021-04-30;12750;17564;1766289;1305206;79.7;58.9
FR;79;2021-05-01;3800;3908;1770089;1309114;79.8;59.0
FR;79;2021-05-02;1727;2615;1771816;1311729;79.9;59.2
FR;79;2021-05-03;8528;15077;1780344;1326806;80.3;59.8
FR;79;2021-05-04;8847;20123;1789191;1346929;80.7;60.7
FR;79;2021-05-05;8315;18953;1797506;1365882;81.1;61.6
FR;79;2021-05-06;10158;18749;1807664;1384631;81.5;62.4
FR;79;2021-05-07;8885;19423;1816549;1404054;81.9;63.3
FR;79;2021-05-08;2942;4293;1819491;1408347;82.1;63.5
FR;79;2021-05-09;1377;2985;1820868;1411332;82.1;63.7
FR;79;2021-05-10;6055;17455;1826923;1428787;82.4;64.4
FR;79;2021-05-11;7913;18529;1834836;1447316;82.8;65.3
FR;79;2021-05-12;7177;15761;1842013;1463077;83.1;66.0
FR;79;2021-05-13;3477;3776;1845490;1466853;83.2;66.2
FR;79;2021-05-14;6707;11361;1852197;1478214;83.5;66.7
FR;79;2021-05-15;3260;5090;1855457;1483304;83.7;66.9
FR;79;2021-05-16;1138;1150;1856595;1484454;83.7;66.9
FR;79;2021-05-17;4873;8968;1861468;1493422;84.0;67.4
FR;79;2021-05-18;6016;9117;1867484;1502539;84.2;67.8
FR;79;2021-05-19;5637;7938;1873121;1510477;84.5;68.1
FR;79;2021-05-20;6515;8083;1879636;1518560;84.8;68.5
FR;79;2021-05-21;5523;8713;1885159;1527273;85.0;68.9
FR;79;2021-05-22;2382;3800;1887541;1531073;85.1;69.1
FR;79;2021-05-23;726;784;1888267;1531857;85.2;69.1
FR;79;2021-05-24;1821;1596;1890088;1533453;85.2;69.2
FR;79;2021-05-25;4297;10191;1894385;1543644;85.4;69.6
FR;79;2021-05-26;4177;9656;1898562;1553300;85.6;70.1
FR;79;2021-05-27;5104;10449;1903666;1563749;85.9;70.5
FR;79;2021-05-28;4585;12322;1908251;1576071;86.1;71.1
FR;79;2021-05-29;1993;6630;1910244;1582701;86.2;71.4
FR;80;2020-12-27;10;2;10;2;0.0;0.0
FR;80;2020-12-28;41;0;51;2;0.0;0.0
FR;80;2020-12-29;78;0;129;2;0.0;0.0
FR;80;2020-12-30;69;0;198;2;0.0;0.0
FR;80;2020-12-31;49;0;247;2;0.0;0.0
FR;80;2021-01-01;9;0;256;2;0.0;0.0
FR;80;2021-01-02;8;0;264;2;0.0;0.0
FR;80;2021-01-03;2;0;266;2;0.0;0.0
FR;80;2021-01-04;297;1;563;3;0.0;0.0
FR;80;2021-01-05;909;0;1472;3;0.0;0.0
FR;80;2021-01-06;1675;0;3147;3;0.1;0.0
FR;80;2021-01-07;6292;2;9439;5;0.2;0.0
FR;80;2021-01-08;5750;2;15189;7;0.4;0.0
FR;80;2021-01-09;979;0;16168;7;0.4;0.0
FR;80;2021-01-10;309;0;16477;7;0.4;0.0
FR;80;2021-01-11;4439;4;20916;11;0.5;0.0
FR;80;2021-01-12;12719;9;33635;20;0.8;0.0
FR;80;2021-01-13;12443;14;46078;34;1.1;0.0
FR;80;2021-01-14;18246;118;64324;152;1.5;0.0
FR;80;2021-01-15;12135;32;76459;184;1.8;0.0
FR;80;2021-01-16;4034;28;80493;212;1.9;0.0
FR;80;2021-01-17;3745;18;84238;230;2.0;0.0
FR;80;2021-01-18;28749;67;112987;297;2.7;0.0
FR;80;2021-01-19;53774;105;166761;402;4.0;0.0
FR;80;2021-01-20;59403;113;226164;515;5.4;0.0
FR;80;2021-01-21;69943;81;296107;596;7.1;0.0
FR;80;2021-01-22;48314;66;344421;662;8.3;0.0
FR;80;2021-01-23;16216;9;360637;671;8.7;0.0
FR;80;2021-01-24;4312;2;364949;673;8.8;0.0
FR;80;2021-01-25;32411;149;397360;822;9.6;0.0
FR;80;2021-01-26;45111;533;442471;1355;10.6;0.0
FR;80;2021-01-27;50883;892;493354;2247;11.9;0.1
FR;80;2021-01-28;60021;3944;553375;6191;13.3;0.1
FR;80;2021-01-29;39334;3276;592709;9467;14.3;0.2
FR;80;2021-01-30;13221;592;605930;10059;14.6;0.2
FR;80;2021-01-31;2333;285;608263;10344;14.6;0.2
FR;80;2021-02-01;23011;2783;631274;13127;15.2;0.3
FR;80;2021-02-02;33531;7435;664805;20562;16.0;0.5
FR;80;2021-02-03;34429;7881;699234;28443;16.8;0.7
FR;80;2021-02-04;38062;12589;737296;41032;17.7;1.0
FR;80;2021-02-05;29793;9527;767089;50559;18.4;1.2
FR;80;2021-02-06;9704;2123;776793;52682;18.7;1.3
FR;80;2021-02-07;1449;1867;778242;54549;18.7;1.3
FR;80;2021-02-08;19348;11139;797590;65688;19.2;1.6
FR;80;2021-02-09;25896;25610;823486;91298;19.8;2.2
FR;80;2021-02-10;26308;28925;849794;120223;20.4;2.9
FR;80;2021-02-11;30505;38125;880299;158348;21.2;3.8
FR;80;2021-02-12;26714;24679;907013;183027;21.8;4.4
FR;80;2021-02-13;7933;6526;914946;189553;22.0;4.6
FR;80;2021-02-14;1508;3100;916454;192653;22.0;4.6
FR;80;2021-02-15;11136;28312;927590;220965;22.3;5.3
FR;80;2021-02-16;15553;38928;943143;259893;22.7;6.3
FR;80;2021-02-17;15939;44490;959082;304383;23.1;7.3
FR;80;2021-02-18;21509;52520;980591;356903;23.6;8.6
FR;80;2021-02-19;19050;37505;999641;394408;24.0;9.5
FR;80;2021-02-20;6302;12325;1005943;406733;24.2;9.8
FR;80;2021-02-21;913;2970;1006856;409703;24.2;9.9
FR;80;2021-02-22;11172;30692;1018028;440395;24.5;10.6
FR;80;2021-02-23;17083;37288;1035111;477683;24.9;11.5
FR;80;2021-02-24;17981;37084;1053092;514767;25.3;12.4
FR;80;2021-02-25;22281;40861;1075373;555628;25.9;13.4
FR;80;2021-02-26;20515;30907;1095888;586535;26.4;14.1
FR;80;2021-02-27;7168;10283;1103056;596818;26.5;14.4
FR;80;2021-02-28;1260;2120;1104316;598938;26.6;14.4
FR;80;2021-03-01;18777;23208;1123093;622146;27.0;15.0
FR;80;2021-03-02;26883;29104;1149976;651250;27.7;15.7
FR;80;2021-03-03;28685;29238;1178661;680488;28.3;16.4
FR;80;2021-03-04;34857;29683;1213518;710171;29.2;17.1
FR;80;2021-03-05;35854;27475;1249372;737646;30.0;17.7
FR;80;2021-03-06;41350;8339;1290722;745985;31.0;17.9
FR;80;2021-03-07;29691;2011;1320413;747996;31.8;18.0
FR;80;2021-03-08;27157;22477;1347570;770473;32.4;18.5
FR;80;2021-03-09;40689;24649;1388259;795122;33.4;19.1
FR;80;2021-03-10;43062;25378;1431321;820500;34.4;19.7
FR;80;2021-03-11;51598;26870;1482919;847370;35.7;20.4
FR;80;2021-03-12;52060;22960;1534979;870330;36.9;20.9
FR;80;2021-03-13;37413;6999;1572392;877329;37.8;21.1
FR;80;2021-03-14;13879;1520;1586271;878849;38.2;21.1
FR;80;2021-03-15;44015;13925;1630286;892774;39.2;21.5
FR;80;2021-03-16;51790;17019;1682076;909793;40.5;21.9
FR;80;2021-03-17;54616;16536;1736692;926329;41.8;22.3
FR;80;2021-03-18;58453;18810;1795145;945139;43.2;22.7
FR;80;2021-03-19;57304;15708;1852449;960847;44.6;23.1
FR;80;2021-03-20;30965;5329;1883414;966176;45.3;23.2
FR;80;2021-03-21;8685;1089;1892099;967265;45.5;23.3
FR;80;2021-03-22;42815;14540;1934914;981805;46.5;23.6
FR;80;2021-03-23;55508;18030;1990422;999835;47.9;24.0
FR;80;2021-03-24;54375;19027;2044797;1018862;49.2;24.5
FR;80;2021-03-25;63917;19569;2108714;1038431;50.7;25.0
FR;80;2021-03-26;60059;18241;2168773;1056672;52.2;25.4
FR;80;2021-03-27;26550;7335;2195323;1064007;52.8;25.6
FR;80;2021-03-28;6924;1449;2202247;1065456;53.0;25.6
FR;80;2021-03-29;32808;23383;2235055;1088839;53.8;26.2
FR;80;2021-03-30;43134;30707;2278189;1119546;54.8;26.9
FR;80;2021-03-31;40447;32078;2318636;1151624;55.8;27.7
FR;80;2021-04-01;46035;37693;2364671;1189317;56.9;28.6
FR;80;2021-04-02;37007;39707;2401678;1229024;57.8;29.6
FR;80;2021-04-03;14487;26083;2416165;1255107;58.1;30.2
FR;80;2021-04-04;3862;7558;2420027;1262665;58.2;30.4
FR;80;2021-04-05;5611;4079;2425638;1266744;58.3;30.5
FR;80;2021-04-06;27518;44934;2453156;1311678;59.0;31.5
FR;80;2021-04-07;33396;48368;2486552;1360046;59.8;32.7
FR;80;2021-04-08;39944;49497;2526496;1409543;60.8;33.9
FR;80;2021-04-09;43372;46301;2569868;1455844;61.8;35.0
FR;80;2021-04-10;19808;28864;2589676;1484708;62.3;35.7
FR;80;2021-04-11;4833;9355;2594509;1494063;62.4;35.9
FR;80;2021-04-12;23447;45126;2617956;1539189;63.0;37.0
FR;80;2021-04-13;30126;54599;2648082;1593788;63.7;38.3
FR;80;2021-04-14;28926;52116;2677008;1645904;64.4;39.6
FR;80;2021-04-15;31291;52632;2708299;1698536;65.1;40.9
FR;80;2021-04-16;26369;48959;2734668;1747495;65.8;42.0
FR;80;2021-04-17;12317;25586;2746985;1773081;66.1;42.6
FR;80;2021-04-18;2528;7615;2749513;1780696;66.1;42.8
FR;80;2021-04-19;14188;43690;2763701;1824386;66.5;43.9
FR;80;2021-04-20;17841;53008;2781542;1877394;66.9;45.2
FR;80;2021-04-21;17869;49758;2799411;1927152;67.3;46.3
FR;80;2021-04-22;20556;51176;2819967;1978328;67.8;47.6
FR;80;2021-04-23;18985;44586;2838952;2022914;68.3;48.7
FR;80;2021-04-24;9355;21178;2848307;2044092;68.5;49.2
FR;80;2021-04-25;2663;5144;2850970;2049236;68.6;49.3
FR;80;2021-04-26;12261;30549;2863231;2079785;68.9;50.0
FR;80;2021-04-27;16676;36378;2879907;2116163;69.3;50.9
FR;80;2021-04-28;17872;34559;2897779;2150722;69.7;51.7
FR;80;2021-04-29;21556;35601;2919335;2186323;70.2;52.6
FR;80;2021-04-30;20278;29536;2939613;2215859;70.7;53.3
FR;80;2021-05-01;5786;5809;2945399;2221668;70.8;53.4
FR;80;2021-05-02;2590;3846;2947989;2225514;70.9;53.5
FR;80;2021-05-03;12391;21314;2960380;2246828;71.2;54.0
FR;80;2021-05-04;13763;29935;2974143;2276763;71.5;54.8
FR;80;2021-05-05;13414;29298;2987557;2306061;71.9;55.5
FR;80;2021-05-06;15778;29492;3003335;2335553;72.2;56.2
FR;80;2021-05-07;14471;29749;3017806;2365302;72.6;56.9
FR;80;2021-05-08;4474;6048;3022280;2371350;72.7;57.0
FR;80;2021-05-09;1906;4141;3024186;2375491;72.7;57.1
FR;80;2021-05-10;9088;24337;3033274;2399828;73.0;57.7
FR;80;2021-05-11;12447;27156;3045721;2426984;73.3;58.4
FR;80;2021-05-12;11402;23553;3057123;2450537;73.5;58.9
FR;80;2021-05-13;4872;5393;3061995;2455930;73.6;59.1
FR;80;2021-05-14;10319;16361;3072314;2472291;73.9;59.5
FR;80;2021-05-15;4801;7324;3077115;2479615;74.0;59.6
FR;80;2021-05-16;1533;1526;3078648;2481141;74.0;59.7
FR;80;2021-05-17;7004;13084;3085652;2494225;74.2;60.0
FR;80;2021-05-18;9414;13448;3095066;2507673;74.4;60.3
FR;80;2021-05-19;8829;12082;3103895;2519755;74.7;60.6
FR;80;2021-05-20;10531;12663;3114426;2532418;74.9;60.9
FR;80;2021-05-21;8694;13042;3123120;2545460;75.1;61.2
FR;80;2021-05-22;3804;5183;3126924;2550643;75.2;61.3
FR;80;2021-05-23;1010;1134;3127934;2551777;75.2;61.4
FR;80;2021-05-24;2561;2219;3130495;2553996;75.3;61.4
FR;80;2021-05-25;6473;14237;3136968;2568233;75.4;61.8
FR;80;2021-05-26;6522;14590;3143490;2582823;75.6;62.1
FR;80;2021-05-27;8368;15648;3151858;2598471;75.8;62.5
FR;80;2021-05-28;7847;17902;3159705;2616373;76.0;62.9
FR;80;2021-05-29;3282;8715;3162987;2625088;76.1;63.1
FR;0;2020-12-27;20;2;20;2;0.0;0.0
FR;0;2020-12-28;69;0;89;2;0.0;0.0
FR;0;2020-12-29;108;0;197;2;0.0;0.0
FR;0;2020-12-30;120;0;317;2;0.0;0.0
FR;0;2020-12-31;83;0;400;2;0.0;0.0
FR;0;2021-01-01;67;1;467;3;0.0;0.0
FR;0;2021-01-02;77;1;544;4;0.0;0.0
FR;0;2021-01-03;89;0;633;4;0.0;0.0
FR;0;2021-01-04;1472;6;2105;10;0.0;0.0
FR;0;2021-01-05;5385;14;7490;24;0.0;0.0
FR;0;2021-01-06;11290;20;18780;44;0.0;0.0
FR;0;2021-01-07;28543;47;47323;91;0.1;0.0
FR;0;2021-01-08;36162;44;83485;135;0.1;0.0
FR;0;2021-01-09;10900;12;94385;147;0.1;0.0
FR;0;2021-01-10;5610;8;99995;155;0.1;0.0
FR;0;2021-01-11;38929;56;138924;211;0.2;0.0
FR;0;2021-01-12;60773;97;199697;308;0.3;0.0
FR;0;2021-01-13;63674;135;263371;443;0.4;0.0
FR;0;2021-01-14;79790;676;343161;1119;0.5;0.0
FR;0;2021-01-15;67374;239;410535;1358;0.6;0.0
FR;0;2021-01-16;19605;107;430140;1465;0.6;0.0
FR;0;2021-01-17;10462;51;440602;1516;0.7;0.0
FR;0;2021-01-18;84296;249;524898;1765;0.8;0.0
FR;0;2021-01-19;128332;307;653230;2072;1.0;0.0
FR;0;2021-01-20;134955;307;788185;2379;1.2;0.0
FR;0;2021-01-21;155110;283;943295;2662;1.4;0.0
FR;0;2021-01-22;118408;290;1061703;2952;1.6;0.0
FR;0;2021-01-23;37766;64;1099469;3016;1.6;0.0
FR;0;2021-01-24;9352;35;1108821;3051;1.7;0.0
FR;0;2021-01-25;76748;1297;1185569;4348;1.8;0.0
FR;0;2021-01-26;98692;3215;1284261;7563;1.9;0.0
FR;0;2021-01-27;105556;5716;1389817;13279;2.1;0.0
FR;0;2021-01-28;122210;14543;1512027;27822;2.3;0.0
FR;0;2021-01-29;90815;17438;1602842;45260;2.4;0.1
FR;0;2021-01-30;28630;4261;1631472;49521;2.4;0.1
FR;0;2021-01-31;4864;1684;1636336;51205;2.4;0.1
FR;0;2021-02-01;51506;21188;1687842;72393;2.5;0.1
FR;0;2021-02-02;70600;34730;1758442;107123;2.6;0.2
FR;0;2021-02-03;70912;37136;1829354;144259;2.7;0.2
FR;0;2021-02-04;80448;50262;1909802;194521;2.8;0.3
FR;0;2021-02-05;67026;45494;1976828;240015;2.9;0.4
FR;0;2021-02-06;21277;10427;1998105;250442;3.0;0.4
FR;0;2021-02-07;4824;5078;2002929;255520;3.0;0.4
FR;0;2021-02-08;45807;46176;2048736;301696;3.1;0.4
FR;0;2021-02-09;64693;72825;2113429;374521;3.1;0.6
FR;0;2021-02-10;69191;77200;2182620;451721;3.3;0.7
FR;0;2021-02-11;85501;99916;2268121;551637;3.4;0.8
FR;0;2021-02-12;77630;74989;2345751;626626;3.5;0.9
FR;0;2021-02-13;21641;19609;2367392;646235;3.5;1.0
FR;0;2021-02-14;4579;7230;2371971;653465;3.5;1.0
FR;0;2021-02-15;37019;76942;2408990;730407;3.6;1.1
FR;0;2021-02-16;49161;101266;2458151;831673;3.7;1.2
FR;0;2021-02-17;49282;103511;2507433;935184;3.7;1.4
FR;0;2021-02-18;67817;119471;2575250;1054655;3.8;1.6
FR;0;2021-02-19;63639;91527;2638889;1146182;3.9;1.7
FR;0;2021-02-20;17955;28568;2656844;1174750;4.0;1.8
FR;0;2021-02-21;2856;6408;2659700;1181158;4.0;1.8
FR;0;2021-02-22;36428;73591;2696128;1254749;4.0;1.9
FR;0;2021-02-23;52467;84714;2748595;1339463;4.1;2.0
FR;0;2021-02-24;57953;81702;2806548;1421165;4.2;2.1
FR;0;2021-02-25;98431;92613;2904979;1513778;4.3;2.3
FR;0;2021-02-26;111562;72237;3016541;1586015;4.5;2.4
FR;0;2021-02-27;51074;22408;3067615;1608423;4.6;2.4
FR;0;2021-02-28;5662;4481;3073277;1612904;4.6;2.4
FR;0;2021-03-01;63450;53420;3136727;1666324;4.7;2.5
FR;0;2021-03-02;99156;67269;3235883;1733593;4.8;2.6
FR;0;2021-03-03;113263;66771;3349146;1800364;5.0;2.7
FR;0;2021-03-04;159771;70811;3508917;1871175;5.2;2.8
FR;0;2021-03-05;197350;65660;3706267;1936835;5.5;2.9
FR;0;2021-03-06;204120;19345;3910387;1956180;5.8;2.9
FR;0;2021-03-07;119471;6272;4029858;1962452;6.0;2.9
FR;0;2021-03-08;104418;51767;4134276;2014219;6.2;3.0
FR;0;2021-03-09;169011;58420;4303287;2072639;6.4;3.1
FR;0;2021-03-10;174983;58855;4478270;2131494;6.7;3.2
FR;0;2021-03-11;238495;65644;4716765;2197138;7.0;3.3
FR;0;2021-03-12;289968;56380;5006733;2253518;7.5;3.4
FR;0;2021-03-13;227516;16960;5234249;2270478;7.8;3.4
FR;0;2021-03-14;62032;4016;5296281;2274494;7.9;3.4
FR;0;2021-03-15;155370;34540;5451651;2309034;8.1;3.4
FR;0;2021-03-16;139139;41374;5590790;2350408;8.3;3.5
FR;0;2021-03-17;147839;40889;5738629;2391297;8.6;3.6
FR;0;2021-03-18;164805;47506;5903434;2438803;8.8;3.6
FR;0;2021-03-19;226138;41121;6129572;2479924;9.1;3.7
FR;0;2021-03-20;164237;13907;6293809;2493831;9.4;3.7
FR;0;2021-03-21;48706;3425;6342515;2497256;9.5;3.7
FR;0;2021-03-22;166780;37176;6509295;2534432;9.7;3.8
FR;0;2021-03-23;246238;46541;6755533;2580973;10.1;3.8
FR;0;2021-03-24;252824;48064;7008357;2629037;10.4;3.9
FR;0;2021-03-25;336863;50567;7345220;2679604;10.9;4.0
FR;0;2021-03-26;353997;48192;7699217;2727796;11.5;4.1
FR;0;2021-03-27;192613;19962;7891830;2747758;11.8;4.1
FR;0;2021-03-28;58258;4767;7950088;2752525;11.8;4.1
FR;0;2021-03-29;200071;58040;8150159;2810565;12.1;4.2
FR;0;2021-03-30;281419;75376;8431578;2885941;12.6;4.3
FR;0;2021-03-31;258899;78741;8690477;2964682;12.9;4.4
FR;0;2021-04-01;309255;95681;8999732;3060363;13.4;4.6
FR;0;2021-04-02;277128;98809;9276860;3159172;13.8;4.7
FR;0;2021-04-03;138955;65029;9415815;3224201;14.0;4.8
FR;0;2021-04-04;44817;19884;9460632;3244085;14.1;4.8
FR;0;2021-04-05;58703;12680;9519335;3256765;14.2;4.9
FR;0;2021-04-06;212593;113147;9731928;3369912;14.5;5.0
FR;0;2021-04-07;255817;122529;9987745;3492441;14.9;5.2
FR;0;2021-04-08;332092;131300;10319837;3623741;15.4;5.4
FR;0;2021-04-09;403942;127003;10723779;3750744;16.0;5.6
FR;0;2021-04-10;209872;88032;10933651;3838776;16.3;5.7
FR;0;2021-04-11;54938;36285;10988589;3875061;16.4;5.8
FR;0;2021-04-12;233405;121425;11221994;3996486;16.7;6.0
FR;0;2021-04-13;304546;153343;11526540;4149829;17.2;6.2
FR;0;2021-04-14;288969;148283;11815509;4298112;17.6;6.4
FR;0;2021-04-15;330979;158168;12146488;4456280;18.1;6.6
FR;0;2021-04-16;334041;155472;12480529;4611752;18.6;6.9
FR;0;2021-04-17;185821;95474;12666350;4707226;18.9;7.0
FR;0;2021-04-18;50347;37169;12716697;4744395;18.9;7.1
FR;0;2021-04-19;201840;144900;12918537;4889295;19.2;7.3
FR;0;2021-04-20;249322;179028;13167859;5068323;19.6;7.6
FR;0;2021-04-21;248025;177276;13415884;5245599;20.0;7.8
FR;0;2021-04-22;281537;198374;13697421;5443973;20.4;8.1
FR;0;2021-04-23;288979;194500;13986400;5638473;20.8;8.4
FR;0;2021-04-24;187242;119485;14173642;5757958;21.1;8.6
FR;0;2021-04-25;67873;41627;14241515;5799585;21.2;8.6
FR;0;2021-04-26;215152;166558;14456667;5966143;21.5;8.9
FR;0;2021-04-27;279454;207038;14736121;6173181;22.0;9.2
FR;0;2021-04-28;293778;204256;15029899;6377437;22.4;9.5
FR;0;2021-04-29;350538;226282;15380437;6603719;22.9;9.8
FR;0;2021-04-30;365685;219312;15746122;6823031;23.5;10.2
FR;0;2021-05-01;162927;61461;15909049;6884492;23.7;10.3
FR;0;2021-05-02;89345;42305;15998394;6926797;23.8;10.3
FR;0;2021-05-03;281175;186926;16279569;7113723;24.3;10.6
FR;0;2021-05-04;307779;246859;16587348;7360582;24.7;11.0
FR;0;2021-05-05;317522;246079;16904870;7606661;25.2;11.3
FR;0;2021-05-06;370854;269088;17275724;7875749;25.7;11.7
FR;0;2021-05-07;364059;294840;17639783;8170589;26.3;12.2
FR;0;2021-05-08;207568;79243;17847351;8249832;26.6;12.3
FR;0;2021-05-09;127326;54133;17974677;8303965;26.8;12.4
FR;0;2021-05-10;301959;251543;18276636;8555508;27.2;12.7
FR;0;2021-05-11;394515;292663;18671151;8848171;27.8;13.2
FR;0;2021-05-12;419676;265046;19090827;9113217;28.4;13.6
FR;0;2021-05-13;327914;75688;19418741;9188905;28.9;13.7
FR;0;2021-05-14;440586;199057;19859327;9387962;29.6;14.0
FR;0;2021-05-15;362510;117155;20221837;9505117;30.1;14.2
FR;0;2021-05-16;199224;32757;20421061;9537874;30.4;14.2
FR;0;2021-05-17;366545;175647;20787606;9713521;31.0;14.5
FR;0;2021-05-18;443640;187855;21231246;9901376;31.6;14.8
FR;0;2021-05-19;454049;178823;21685295;10080199;32.3;15.0
FR;0;2021-05-20;493344;200162;22178639;10280361;33.0;15.3
FR;0;2021-05-21;474711;217156;22653350;10497517;33.8;15.6
FR;0;2021-05-22;340116;105911;22993466;10603428;34.3;15.8
FR;0;2021-05-23;158399;25670;23151865;10629098;34.5;15.8
FR;0;2021-05-24;256421;51423;23408286;10680521;34.9;15.9
FR;0;2021-05-25;388629;223301;23796915;10903822;35.5;16.2
FR;0;2021-05-26;393761;226027;24190676;11129849;36.0;16.6
FR;0;2021-05-27;436167;252701;24626843;11382550;36.7;17.0
FR;0;2021-05-28;414955;313243;25041798;11695793;37.3;17.4
FR;0;2021-05-29;291563;179569;25333361;11875362;37.7;17.7
