fra;clage_vacsi;jour;n_dose1;n_complet;n_cum_dose1;n_cum_complet;couv_dose1;couv_complet
FR;24;2020-12-27;0;0;0;0;0.0;0.0
FR;24;2020-12-28;0;0;0;0;0.0;0.0
FR;24;2020-12-29;0;0;0;0;0.0;0.0
FR;24;2020-12-30;0;0;0;0;0.0;0.0
FR;24;2020-12-31;0;0;0;0;0.0;0.0
FR;24;2021-01-01;1;0;1;0;0.0;0.0
FR;24;2021-01-02;0;0;1;0;0.0;0.0
FR;24;2021-01-03;2;0;3;0;0.0;0.0
FR;24;2021-01-04;4;0;7;0;0.0;0.0
FR;24;2021-01-05;17;0;24;0;0.0;0.0
FR;24;2021-01-06;36;0;60;0;0.0;0.0
FR;24;2021-01-07;179;0;239;0;0.0;0.0
FR;24;2021-01-08;216;0;455;0;0.0;0.0
FR;24;2021-01-09;40;0;495;0;0.0;0.0
FR;24;2021-01-10;35;0;530;0;0.0;0.0
FR;24;2021-01-11;249;0;779;0;0.0;0.0
FR;24;2021-01-12;394;0;1173;0;0.0;0.0
FR;24;2021-01-13;474;1;1647;1;0.0;0.0
FR;24;2021-01-14;607;0;2254;1;0.0;0.0
FR;24;2021-01-15;583;0;2837;1;0.1;0.0
FR;24;2021-01-16;116;4;2953;5;0.1;0.0
FR;24;2021-01-17;94;0;3047;5;0.1;0.0
FR;24;2021-01-18;506;1;3553;6;0.1;0.0
FR;24;2021-01-19;593;1;4146;7;0.1;0.0
FR;24;2021-01-20;648;0;4794;7;0.1;0.0
FR;24;2021-01-21;746;2;5540;9;0.1;0.0
FR;24;2021-01-22;597;4;6137;13;0.1;0.0
FR;24;2021-01-23;115;0;6252;13;0.1;0.0
FR;24;2021-01-24;22;1;6274;14;0.1;0.0
FR;24;2021-01-25;293;4;6567;18;0.1;0.0
FR;24;2021-01-26;357;12;6924;30;0.1;0.0
FR;24;2021-01-27;440;14;7364;44;0.1;0.0
FR;24;2021-01-28;593;54;7957;98;0.1;0.0
FR;24;2021-01-29;466;95;8423;193;0.2;0.0
FR;24;2021-01-30;86;17;8509;210;0.2;0.0
FR;24;2021-01-31;25;13;8534;223;0.2;0.0
FR;24;2021-02-01;154;152;8688;375;0.2;0.0
FR;24;2021-02-02;213;205;8901;580;0.2;0.0
FR;24;2021-02-03;215;227;9116;807;0.2;0.0
FR;24;2021-02-04;357;410;9473;1217;0.2;0.0
FR;24;2021-02-05;342;358;9815;1575;0.2;0.0
FR;24;2021-02-06;81;64;9896;1639;0.2;0.0
FR;24;2021-02-07;168;43;10064;1682;0.2;0.0
FR;24;2021-02-08;388;404;10452;2086;0.2;0.0
FR;24;2021-02-09;738;513;11190;2599;0.2;0.0
FR;24;2021-02-10;1066;680;12256;3279;0.2;0.1
FR;24;2021-02-11;1556;792;13812;4071;0.3;0.1
FR;24;2021-02-12;1591;564;15403;4635;0.3;0.1
FR;24;2021-02-13;289;82;15692;4717;0.3;0.1
FR;24;2021-02-14;58;23;15750;4740;0.3;0.1
FR;24;2021-02-15;1021;366;16771;5106;0.3;0.1
FR;24;2021-02-16;1543;445;18314;5551;0.3;0.1
FR;24;2021-02-17;1477;499;19791;6050;0.4;0.1
FR;24;2021-02-18;1899;654;21690;6704;0.4;0.1
FR;24;2021-02-19;1838;549;23528;7253;0.4;0.1
FR;24;2021-02-20;324;73;23852;7326;0.4;0.1
FR;24;2021-02-21;38;11;23890;7337;0.4;0.1
FR;24;2021-02-22;1144;236;25034;7573;0.5;0.1
FR;24;2021-02-23;1557;323;26591;7896;0.5;0.1
FR;24;2021-02-24;1638;316;28229;8212;0.5;0.2
FR;24;2021-02-25;2239;391;30468;8603;0.6;0.2
FR;24;2021-02-26;2148;326;32616;8929;0.6;0.2
FR;24;2021-02-27;525;84;33141;9013;0.6;0.2
FR;24;2021-02-28;90;13;33231;9026;0.6;0.2
FR;24;2021-03-01;1233;187;34464;9213;0.6;0.2
FR;24;2021-03-02;1633;283;36097;9496;0.7;0.2
FR;24;2021-03-03;1735;300;37832;9796;0.7;0.2
FR;24;2021-03-04;2083;507;39915;10303;0.7;0.2
FR;24;2021-03-05;3235;392;43150;10695;0.8;0.2
FR;24;2021-03-06;1688;84;44838;10779;0.8;0.2
FR;24;2021-03-07;972;16;45810;10795;0.8;0.2
FR;24;2021-03-08;1941;156;47751;10951;0.9;0.2
FR;24;2021-03-09;2582;230;50333;11181;0.9;0.2
FR;24;2021-03-10;2392;288;52725;11469;1.0;0.2
FR;24;2021-03-11;2886;450;55611;11919;1.0;0.2
FR;24;2021-03-12;3788;352;59399;12271;1.1;0.2
FR;24;2021-03-13;1464;65;60863;12336;1.1;0.2
FR;24;2021-03-14;529;20;61392;12356;1.1;0.2
FR;24;2021-03-15;1815;175;63207;12531;1.2;0.2
FR;24;2021-03-16;820;272;64027;12803;1.2;0.2
FR;24;2021-03-17;1065;309;65092;13112;1.2;0.2
FR;24;2021-03-18;1294;397;66386;13509;1.2;0.2
FR;24;2021-03-19;1858;330;68244;13839;1.3;0.3
FR;24;2021-03-20;824;71;69068;13910;1.3;0.3
FR;24;2021-03-21;631;34;69699;13944;1.3;0.3
FR;24;2021-03-22;1492;237;71191;14181;1.3;0.3
FR;24;2021-03-23;1790;363;72981;14544;1.3;0.3
FR;24;2021-03-24;2145;333;75126;14877;1.4;0.3
FR;24;2021-03-25;2552;447;77678;15324;1.4;0.3
FR;24;2021-03-26;3140;441;80818;15765;1.5;0.3
FR;24;2021-03-27;1880;174;82698;15939;1.5;0.3
FR;24;2021-03-28;1008;54;83706;15993;1.5;0.3
FR;24;2021-03-29;2365;321;86071;16314;1.6;0.3
FR;24;2021-03-30;3511;469;89582;16783;1.7;0.3
FR;24;2021-03-31;4009;465;93591;17248;1.7;0.3
FR;24;2021-04-01;5297;683;98888;17931;1.8;0.3
FR;24;2021-04-02;4364;583;103252;18514;1.9;0.3
FR;24;2021-04-03;1718;315;104970;18829;1.9;0.3
FR;24;2021-04-04;947;113;105917;18942;2.0;0.3
FR;24;2021-04-05;1082;123;106999;19065;2.0;0.4
FR;24;2021-04-06;3406;574;110405;19639;2.0;0.4
FR;24;2021-04-07;4674;734;115079;20373;2.1;0.4
FR;24;2021-04-08;6129;1045;121208;21418;2.2;0.4
FR;24;2021-04-09;5612;977;126820;22395;2.3;0.4
FR;24;2021-04-10;2602;524;129422;22919;2.4;0.4
FR;24;2021-04-11;1237;292;130659;23211;2.4;0.4
FR;24;2021-04-12;3335;876;133994;24087;2.5;0.4
FR;24;2021-04-13;4635;1044;138629;25131;2.6;0.5
FR;24;2021-04-14;4732;1244;143361;26375;2.6;0.5
FR;24;2021-04-15;4994;1512;148355;27887;2.7;0.5
FR;24;2021-04-16;4654;1621;153009;29508;2.8;0.5
FR;24;2021-04-17;2085;778;155094;30286;2.9;0.6
FR;24;2021-04-18;712;434;155806;30720;2.9;0.6
FR;24;2021-04-19;2861;1485;158667;32205;2.9;0.6
FR;24;2021-04-20;3030;2128;161697;34333;3.0;0.6
FR;24;2021-04-21;3314;2480;165011;36813;3.0;0.7
FR;24;2021-04-22;3926;3185;168937;39998;3.1;0.7
FR;24;2021-04-23;3993;3223;172930;43221;3.2;0.8
FR;24;2021-04-24;2349;1598;175279;44819;3.2;0.8
FR;24;2021-04-25;1198;784;176477;45603;3.3;0.8
FR;24;2021-04-26;2957;2242;179434;47845;3.3;0.9
FR;24;2021-04-27;3762;3072;183196;50917;3.4;0.9
FR;24;2021-04-28;4136;3647;187332;54564;3.5;1.0
FR;24;2021-04-29;5106;4215;192438;58779;3.5;1.1
FR;24;2021-04-30;5718;4328;198156;63107;3.7;1.2
FR;24;2021-05-01;3577;1011;201733;64118;3.7;1.2
FR;29;2020-12-27;0;0;0;0;0.0;0.0
FR;29;2020-12-28;1;0;1;0;0.0;0.0
FR;29;2020-12-29;0;0;1;0;0.0;0.0
FR;29;2020-12-30;0;0;1;0;0.0;0.0
FR;29;2020-12-31;0;0;1;0;0.0;0.0
FR;29;2021-01-01;2;0;3;0;0.0;0.0
FR;29;2021-01-02;2;0;5;0;0.0;0.0
FR;29;2021-01-03;2;0;7;0;0.0;0.0
FR;29;2021-01-04;10;0;17;0;0.0;0.0
FR;29;2021-01-05;42;0;59;0;0.0;0.0
FR;29;2021-01-06;142;0;201;0;0.0;0.0
FR;29;2021-01-07;305;0;506;0;0.0;0.0
FR;29;2021-01-08;514;0;1020;0;0.0;0.0
FR;29;2021-01-09;112;0;1132;0;0.0;0.0
FR;29;2021-01-10;91;0;1223;0;0.0;0.0
FR;29;2021-01-11;640;0;1863;0;0.1;0.0
FR;29;2021-01-12;921;2;2784;2;0.1;0.0
FR;29;2021-01-13;1201;2;3985;4;0.1;0.0
FR;29;2021-01-14;1549;2;5534;6;0.1;0.0
FR;29;2021-01-15;1294;1;6828;7;0.2;0.0
FR;29;2021-01-16;191;9;7019;16;0.2;0.0
FR;29;2021-01-17;158;0;7177;16;0.2;0.0
FR;29;2021-01-18;1036;2;8213;18;0.2;0.0
FR;29;2021-01-19;1139;4;9352;22;0.3;0.0
FR;29;2021-01-20;1187;2;10539;24;0.3;0.0
FR;29;2021-01-21;1439;4;11978;28;0.3;0.0
FR;29;2021-01-22;1138;2;13116;30;0.4;0.0
FR;29;2021-01-23;166;0;13282;30;0.4;0.0
FR;29;2021-01-24;51;1;13333;31;0.4;0.0
FR;29;2021-01-25;531;11;13864;42;0.4;0.0
FR;29;2021-01-26;654;33;14518;75;0.4;0.0
FR;29;2021-01-27;715;72;15233;147;0.4;0.0
FR;29;2021-01-28;1028;140;16261;287;0.4;0.0
FR;29;2021-01-29;797;177;17058;464;0.5;0.0
FR;29;2021-01-30;140;39;17198;503;0.5;0.0
FR;29;2021-01-31;33;33;17231;536;0.5;0.0
FR;29;2021-02-01;260;321;17491;857;0.5;0.0
FR;29;2021-02-02;402;446;17893;1303;0.5;0.0
FR;29;2021-02-03;452;532;18345;1835;0.5;0.0
FR;29;2021-02-04;601;819;18946;2654;0.5;0.1
FR;29;2021-02-05;528;811;19474;3465;0.5;0.1
FR;29;2021-02-06;140;116;19614;3581;0.5;0.1
FR;29;2021-02-07;304;76;19918;3657;0.5;0.1
FR;29;2021-02-08;598;887;20516;4544;0.6;0.1
FR;29;2021-02-09;1238;1167;21754;5711;0.6;0.2
FR;29;2021-02-10;1691;1341;23445;7052;0.6;0.2
FR;29;2021-02-11;2435;1610;25880;8662;0.7;0.2
FR;29;2021-02-12;2181;1249;28061;9911;0.8;0.3
FR;29;2021-02-13;421;125;28482;10036;0.8;0.3
FR;29;2021-02-14;129;60;28611;10096;0.8;0.3
FR;29;2021-02-15;1546;789;30157;10885;0.8;0.3
FR;29;2021-02-16;1893;922;32050;11807;0.9;0.3
FR;29;2021-02-17;1865;968;33915;12775;0.9;0.3
FR;29;2021-02-18;2358;1205;36273;13980;1.0;0.4
FR;29;2021-02-19;2306;927;38579;14907;1.0;0.4
FR;29;2021-02-20;378;97;38957;15004;1.0;0.4
FR;29;2021-02-21;86;24;39043;15028;1.1;0.4
FR;29;2021-02-22;1336;462;40379;15490;1.1;0.4
FR;29;2021-02-23;1743;623;42122;16113;1.1;0.4
FR;29;2021-02-24;1770;510;43892;16623;1.2;0.4
FR;29;2021-02-25;2364;770;46256;17393;1.2;0.5
FR;29;2021-02-26;2546;580;48802;17973;1.3;0.5
FR;29;2021-02-27;599;94;49401;18067;1.3;0.5
FR;29;2021-02-28;111;27;49512;18094;1.3;0.5
FR;29;2021-03-01;1261;304;50773;18398;1.4;0.5
FR;29;2021-03-02;1772;527;52545;18925;1.4;0.5
FR;29;2021-03-03;1959;501;54504;19426;1.5;0.5
FR;29;2021-03-04;2425;756;56929;20182;1.5;0.5
FR;29;2021-03-05;3560;586;60489;20768;1.6;0.6
FR;29;2021-03-06;1602;97;62091;20865;1.7;0.6
FR;29;2021-03-07;817;31;62908;20896;1.7;0.6
FR;29;2021-03-08;1924;284;64832;21180;1.7;0.6
FR;29;2021-03-09;2622;347;67454;21527;1.8;0.6
FR;29;2021-03-10;2510;436;69964;21963;1.9;0.6
FR;29;2021-03-11;3295;705;73259;22668;2.0;0.6
FR;29;2021-03-12;3915;625;77174;23293;2.1;0.6
FR;29;2021-03-13;1611;87;78785;23380;2.1;0.6
FR;29;2021-03-14;560;30;79345;23410;2.1;0.6
FR;29;2021-03-15;1867;258;81212;23668;2.2;0.6
FR;29;2021-03-16;1107;443;82319;24111;2.2;0.6
FR;29;2021-03-17;1366;488;83685;24599;2.3;0.7
FR;29;2021-03-18;1636;591;85321;25190;2.3;0.7
FR;29;2021-03-19;2213;477;87534;25667;2.4;0.7
FR;29;2021-03-20;985;103;88519;25770;2.4;0.7
FR;29;2021-03-21;724;31;89243;25801;2.4;0.7
FR;29;2021-03-22;1650;328;90893;26129;2.4;0.7
FR;29;2021-03-23;2197;538;93090;26667;2.5;0.7
FR;29;2021-03-24;2517;496;95607;27163;2.6;0.7
FR;29;2021-03-25;3356;615;98963;27778;2.7;0.7
FR;29;2021-03-26;3695;595;102658;28373;2.8;0.8
FR;29;2021-03-27;2137;215;104795;28588;2.8;0.8
FR;29;2021-03-28;962;51;105757;28639;2.8;0.8
FR;29;2021-03-29;2684;453;108441;29092;2.9;0.8
FR;29;2021-03-30;3888;641;112329;29733;3.0;0.8
FR;29;2021-03-31;4370;705;116699;30438;3.1;0.8
FR;29;2021-04-01;5744;924;122443;31362;3.3;0.8
FR;29;2021-04-02;4816;831;127259;32193;3.4;0.9
FR;29;2021-04-03;1739;291;128998;32484;3.5;0.9
FR;29;2021-04-04;894;107;129892;32591;3.5;0.9
FR;29;2021-04-05;907;95;130799;32686;3.5;0.9
FR;29;2021-04-06;3367;748;134166;33434;3.6;0.9
FR;29;2021-04-07;4412;1006;138578;34440;3.7;0.9
FR;29;2021-04-08;6068;1358;144646;35798;3.9;1.0
FR;29;2021-04-09;6145;1220;150791;37018;4.1;1.0
FR;29;2021-04-10;2623;574;153414;37592;4.1;1.0
FR;29;2021-04-11;1153;313;154567;37905;4.2;1.0
FR;29;2021-04-12;3501;944;158068;38849;4.3;1.0
FR;29;2021-04-13;4727;1346;162795;40195;4.4;1.1
FR;29;2021-04-14;4600;1419;167395;41614;4.5;1.1
FR;29;2021-04-15;5391;1764;172786;43378;4.6;1.2
FR;29;2021-04-16;4631;1794;177417;45172;4.8;1.2
FR;29;2021-04-17;2195;879;179612;46051;4.8;1.2
FR;29;2021-04-18;757;508;180369;46559;4.9;1.3
FR;29;2021-04-19;2782;1700;183151;48259;4.9;1.3
FR;29;2021-04-20;3395;2483;186546;50742;5.0;1.4
FR;29;2021-04-21;3329;2794;189875;53536;5.1;1.4
FR;29;2021-04-22;4320;3908;194195;57444;5.2;1.5
FR;29;2021-04-23;4359;3679;198554;61123;5.3;1.6
FR;29;2021-04-24;2649;1744;201203;62867;5.4;1.7
FR;29;2021-04-25;1159;714;202362;63581;5.4;1.7
FR;29;2021-04-26;2844;2509;205206;66090;5.5;1.8
FR;29;2021-04-27;3852;3508;209058;69598;5.6;1.9
FR;29;2021-04-28;4415;3894;213473;73492;5.7;2.0
FR;29;2021-04-29;5482;4719;218955;78211;5.9;2.1
FR;29;2021-04-30;5998;4870;224953;83081;6.1;2.2
FR;29;2021-05-01;3855;1121;228808;84202;6.2;2.3
FR;39;2020-12-27;0;0;0;0;0.0;0.0
FR;39;2020-12-28;0;0;0;0;0.0;0.0
FR;39;2020-12-29;1;0;1;0;0.0;0.0
FR;39;2020-12-30;3;0;4;0;0.0;0.0
FR;39;2020-12-31;1;0;5;0;0.0;0.0
FR;39;2021-01-01;3;0;8;0;0.0;0.0
FR;39;2021-01-02;0;0;8;0;0.0;0.0
FR;39;2021-01-03;2;0;10;0;0.0;0.0
FR;39;2021-01-04;23;0;33;0;0.0;0.0
FR;39;2021-01-05;138;0;171;0;0.0;0.0
FR;39;2021-01-06;384;0;555;0;0.0;0.0
FR;39;2021-01-07;1170;3;1725;3;0.0;0.0
FR;39;2021-01-08;1771;0;3496;3;0.0;0.0
FR;39;2021-01-09;472;0;3968;3;0.0;0.0
FR;39;2021-01-10;307;0;4275;3;0.1;0.0
FR;39;2021-01-11;2192;1;6467;4;0.1;0.0
FR;39;2021-01-12;3375;2;9842;6;0.1;0.0
FR;39;2021-01-13;3461;4;13303;10;0.2;0.0
FR;39;2021-01-14;4746;3;18049;13;0.2;0.0
FR;39;2021-01-15;4350;0;22399;13;0.3;0.0
FR;39;2021-01-16;768;54;23167;67;0.3;0.0
FR;39;2021-01-17;487;2;23654;69;0.3;0.0
FR;39;2021-01-18;3059;10;26713;79;0.3;0.0
FR;39;2021-01-19;3975;9;30688;88;0.4;0.0
FR;39;2021-01-20;3870;4;34558;92;0.4;0.0
FR;39;2021-01-21;5092;15;39650;107;0.5;0.0
FR;39;2021-01-22;3905;13;43555;120;0.5;0.0
FR;39;2021-01-23;587;3;44142;123;0.5;0.0
FR;39;2021-01-24;181;0;44323;123;0.5;0.0
FR;39;2021-01-25;1579;42;45902;165;0.6;0.0
FR;39;2021-01-26;2144;101;48046;266;0.6;0.0
FR;39;2021-01-27;2269;233;50315;499;0.6;0.0
FR;39;2021-01-28;3460;540;53775;1039;0.6;0.0
FR;39;2021-01-29;2662;771;56437;1810;0.7;0.0
FR;39;2021-01-30;393;219;56830;2029;0.7;0.0
FR;39;2021-01-31;89;84;56919;2113;0.7;0.0
FR;39;2021-02-01;745;1176;57664;3289;0.7;0.0
FR;39;2021-02-02;1319;1886;58983;5175;0.7;0.1
FR;39;2021-02-03;1344;1833;60327;7008;0.7;0.1
FR;39;2021-02-04;1952;2947;62279;9955;0.8;0.1
FR;39;2021-02-05;1624;3013;63903;12968;0.8;0.2
FR;39;2021-02-06;391;453;64294;13421;0.8;0.2
FR;39;2021-02-07;550;259;64844;13680;0.8;0.2
FR;39;2021-02-08;1496;2569;66340;16249;0.8;0.2
FR;39;2021-02-09;3142;3796;69482;20045;0.8;0.2
FR;39;2021-02-10;3825;3991;73307;24036;0.9;0.3
FR;39;2021-02-11;6092;5531;79399;29567;1.0;0.4
FR;39;2021-02-12;5719;4164;85118;33731;1.0;0.4
FR;39;2021-02-13;1222;496;86340;34227;1.0;0.4
FR;39;2021-02-14;381;216;86721;34443;1.0;0.4
FR;39;2021-02-15;3342;2327;90063;36770;1.1;0.4
FR;39;2021-02-16;4368;2835;94431;39605;1.1;0.5
FR;39;2021-02-17;3952;2897;98383;42502;1.2;0.5
FR;39;2021-02-18;5889;4101;104272;46603;1.3;0.6
FR;39;2021-02-19;5766;3058;110038;49661;1.3;0.6
FR;39;2021-02-20;1123;403;111161;50064;1.3;0.6
FR;39;2021-02-21;183;78;111344;50142;1.3;0.6
FR;39;2021-02-22;2938;1440;114282;51582;1.4;0.6
FR;39;2021-02-23;3850;1777;118132;53359;1.4;0.6
FR;39;2021-02-24;3673;1648;121805;55007;1.5;0.7
FR;39;2021-02-25;5506;2232;127311;57239;1.5;0.7
FR;39;2021-02-26;6024;1736;133335;58975;1.6;0.7
FR;39;2021-02-27;1639;271;134974;59246;1.6;0.7
FR;39;2021-02-28;239;76;135213;59322;1.6;0.7
FR;39;2021-03-01;2893;875;138106;60197;1.7;0.7
FR;39;2021-03-02;4172;1551;142278;61748;1.7;0.7
FR;39;2021-03-03;4182;1372;146460;63120;1.8;0.8
FR;39;2021-03-04;6169;2439;152629;65559;1.8;0.8
FR;39;2021-03-05;9029;1882;161658;67441;1.9;0.8
FR;39;2021-03-06;4845;282;166503;67723;2.0;0.8
FR;39;2021-03-07;2628;69;169131;67792;2.0;0.8
FR;39;2021-03-08;4637;798;173768;68590;2.1;0.8
FR;39;2021-03-09;6794;1249;180562;69839;2.2;0.8
FR;39;2021-03-10;6005;1372;186567;71211;2.2;0.9
FR;39;2021-03-11;8561;2258;195128;73469;2.4;0.9
FR;39;2021-03-12;11305;1851;206433;75320;2.5;0.9
FR;39;2021-03-13;5188;307;211621;75627;2.6;0.9
FR;39;2021-03-14;1732;60;213353;75687;2.6;0.9
FR;39;2021-03-15;4733;800;218086;76487;2.6;0.9
FR;39;2021-03-16;3339;1246;221425;77733;2.7;0.9
FR;39;2021-03-17;3421;1327;224846;79060;2.7;1.0
FR;39;2021-03-18;4621;1865;229467;80925;2.8;1.0
FR;39;2021-03-19;6211;1406;235678;82331;2.8;1.0
FR;39;2021-03-20;3159;294;238837;82625;2.9;1.0
FR;39;2021-03-21;2066;86;240903;82711;2.9;1.0
FR;39;2021-03-22;4421;927;245324;83638;3.0;1.0
FR;39;2021-03-23;6131;1460;251455;85098;3.0;1.0
FR;39;2021-03-24;6270;1218;257725;86316;3.1;1.0
FR;39;2021-03-25;8989;1587;266714;87903;3.2;1.1
FR;39;2021-03-26;10562;1470;277276;89373;3.3;1.1
FR;39;2021-03-27;5969;569;283245;89942;3.4;1.1
FR;39;2021-03-28;2730;160;285975;90102;3.4;1.1
FR;39;2021-03-29;7026;1084;293001;91186;3.5;1.1
FR;39;2021-03-30;10357;1687;303358;92873;3.7;1.1
FR;39;2021-03-31;10942;1660;314300;94533;3.8;1.1
FR;39;2021-04-01;14727;2488;329027;97021;4.0;1.2
FR;39;2021-04-02;13091;2361;342118;99382;4.1;1.2
FR;39;2021-04-03;5547;977;347665;100359;4.2;1.2
FR;39;2021-04-04;2505;322;350170;100681;4.2;1.2
FR;39;2021-04-05;2510;270;352680;100951;4.3;1.2
FR;39;2021-04-06;8971;2333;361651;103284;4.4;1.2
FR;39;2021-04-07;11933;2582;373584;105866;4.5;1.3
FR;39;2021-04-08;16396;3546;389980;109412;4.7;1.3
FR;39;2021-04-09;16521;3395;406501;112807;4.9;1.4
FR;39;2021-04-10;7356;1852;413857;114659;5.0;1.4
FR;39;2021-04-11;2964;915;416821;115574;5.0;1.4
FR;39;2021-04-12;9450;2592;426271;118166;5.1;1.4
FR;39;2021-04-13;12666;3672;438937;121838;5.3;1.5
FR;39;2021-04-14;12508;3695;451445;125533;5.4;1.5
FR;39;2021-04-15;14316;4669;465761;130202;5.6;1.6
FR;39;2021-04-16;12424;5159;478185;135361;5.8;1.6
FR;39;2021-04-17;6013;2677;484198;138038;5.8;1.7
FR;39;2021-04-18;2228;1536;486426;139574;5.9;1.7
FR;39;2021-04-19;7728;4563;494154;144137;6.0;1.7
FR;39;2021-04-20;9167;6673;503321;150810;6.1;1.8
FR;39;2021-04-21;9957;7241;513278;158051;6.2;1.9
FR;39;2021-04-22;11513;10409;524791;168460;6.3;2.0
FR;39;2021-04-23;11636;10334;536427;178794;6.5;2.2
FR;39;2021-04-24;7713;4933;544140;183727;6.6;2.2
FR;39;2021-04-25;3406;2086;547546;185813;6.6;2.2
FR;39;2021-04-26;8290;7013;555836;192826;6.7;2.3
FR;39;2021-04-27;11494;9276;567330;202102;6.8;2.4
FR;39;2021-04-28;12725;9735;580055;211837;7.0;2.6
FR;39;2021-04-29;16184;12385;596239;224222;7.2;2.7
FR;39;2021-04-30;18618;12580;614857;236802;7.4;2.9
FR;39;2021-05-01;12621;3331;627478;240133;7.6;2.9
FR;49;2020-12-27;1;0;1;0;0.0;0.0
FR;49;2020-12-28;1;0;2;0;0.0;0.0
FR;49;2020-12-29;1;0;3;0;0.0;0.0
FR;49;2020-12-30;6;0;9;0;0.0;0.0
FR;49;2020-12-31;1;0;10;0;0.0;0.0
FR;49;2021-01-01;3;0;13;0;0.0;0.0
FR;49;2021-01-02;9;0;22;0;0.0;0.0
FR;49;2021-01-03;4;0;26;0;0.0;0.0
FR;49;2021-01-04;85;0;111;0;0.0;0.0
FR;49;2021-01-05;331;0;442;0;0.0;0.0
FR;49;2021-01-06;853;0;1295;0;0.0;0.0
FR;49;2021-01-07;2149;2;3444;2;0.0;0.0
FR;49;2021-01-08;3329;2;6773;4;0.1;0.0
FR;49;2021-01-09;997;0;7770;4;0.1;0.0
FR;49;2021-01-10;472;0;8242;4;0.1;0.0
FR;49;2021-01-11;4134;3;12376;7;0.1;0.0
FR;49;2021-01-12;5814;3;18190;10;0.2;0.0
FR;49;2021-01-13;6117;1;24307;11;0.3;0.0
FR;49;2021-01-14;8297;7;32604;18;0.4;0.0
FR;49;2021-01-15;7556;1;40160;19;0.5;0.0
FR;49;2021-01-16;1415;74;41575;93;0.5;0.0
FR;49;2021-01-17;619;3;42194;96;0.5;0.0
FR;49;2021-01-18;5041;10;47235;106;0.5;0.0
FR;49;2021-01-19;6765;7;54000;113;0.6;0.0
FR;49;2021-01-20;6578;11;60578;124;0.7;0.0
FR;49;2021-01-21;8314;14;68892;138;0.8;0.0
FR;49;2021-01-22;6182;19;75074;157;0.9;0.0
FR;49;2021-01-23;1007;8;76081;165;0.9;0.0
FR;49;2021-01-24;280;3;76361;168;0.9;0.0
FR;49;2021-01-25;2590;100;78951;268;0.9;0.0
FR;49;2021-01-26;3688;238;82639;506;1.0;0.0
FR;49;2021-01-27;3960;443;86599;949;1.0;0.0
FR;49;2021-01-28;5503;1111;92102;2060;1.1;0.0
FR;49;2021-01-29;4374;1714;96476;3774;1.1;0.0
FR;49;2021-01-30;688;393;97164;4167;1.1;0.0
FR;49;2021-01-31;137;143;97301;4310;1.1;0.1
FR;49;2021-02-01;1358;2348;98659;6658;1.1;0.1
FR;49;2021-02-02;2251;3658;100910;10316;1.2;0.1
FR;49;2021-02-03;2284;3672;103194;13988;1.2;0.2
FR;49;2021-02-04;3312;5460;106506;19448;1.2;0.2
FR;49;2021-02-05;2753;5466;109259;24914;1.3;0.3
FR;49;2021-02-06;559;904;109818;25818;1.3;0.3
FR;49;2021-02-07;519;364;110337;26182;1.3;0.3
FR;49;2021-02-08;1918;4375;112255;30557;1.3;0.4
FR;49;2021-02-09;4309;6402;116564;36959;1.4;0.4
FR;49;2021-02-10;5417;6752;121981;43711;1.4;0.5
FR;49;2021-02-11;7893;8901;129874;52612;1.5;0.6
FR;49;2021-02-12;7218;6704;137092;59316;1.6;0.7
FR;49;2021-02-13;1674;908;138766;60224;1.6;0.7
FR;49;2021-02-14;400;349;139166;60573;1.6;0.7
FR;49;2021-02-15;4070;3705;143236;64278;1.7;0.7
FR;49;2021-02-16;5327;4766;148563;69044;1.7;0.8
FR;49;2021-02-17;5087;4852;153650;73896;1.8;0.9
FR;49;2021-02-18;7354;6388;161004;80284;1.9;0.9
FR;49;2021-02-19;6980;4942;167984;85226;2.0;1.0
FR;49;2021-02-20;1468;665;169452;85891;2.0;1.0
FR;49;2021-02-21;275;149;169727;86040;2.0;1.0
FR;49;2021-02-22;3484;2286;173211;88326;2.0;1.0
FR;49;2021-02-23;4785;2969;177996;91295;2.1;1.1
FR;49;2021-02-24;4846;2838;182842;94133;2.1;1.1
FR;49;2021-02-25;7467;3855;190309;97988;2.2;1.1
FR;49;2021-02-26;8179;2913;198488;100901;2.3;1.2
FR;49;2021-02-27;2658;517;201146;101418;2.3;1.2
FR;49;2021-02-28;328;92;201474;101510;2.3;1.2
FR;49;2021-03-01;3740;1419;205214;102929;2.4;1.2
FR;49;2021-03-02;5693;2389;210907;105318;2.5;1.2
FR;49;2021-03-03;5929;2413;216836;107731;2.5;1.3
FR;49;2021-03-04;8758;3602;225594;111333;2.6;1.3
FR;49;2021-03-05;12368;2914;237962;114247;2.8;1.3
FR;49;2021-03-06;8435;442;246397;114689;2.9;1.3
FR;49;2021-03-07;4655;102;251052;114791;2.9;1.3
FR;49;2021-03-08;6320;1224;257372;116015;3.0;1.4
FR;49;2021-03-09;9409;1835;266781;117850;3.1;1.4
FR;49;2021-03-10;8829;2037;275610;119887;3.2;1.4
FR;49;2021-03-11;12593;3052;288203;122939;3.4;1.4
FR;49;2021-03-12;16267;2532;304470;125471;3.5;1.5
FR;49;2021-03-13;9468;462;313938;125933;3.7;1.5
FR;49;2021-03-14;3117;123;317055;126056;3.7;1.5
FR;49;2021-03-15;6807;1128;323862;127184;3.8;1.5
FR;49;2021-03-16;4595;1837;328457;129021;3.8;1.5
FR;49;2021-03-17;5140;1740;333597;130761;3.9;1.5
FR;49;2021-03-18;6496;2535;340093;133296;4.0;1.6
FR;49;2021-03-19;9410;1906;349503;135202;4.1;1.6
FR;49;2021-03-20;5851;483;355354;135685;4.1;1.6
FR;49;2021-03-21;3138;107;358492;135792;4.2;1.6
FR;49;2021-03-22;6255;1213;364747;137005;4.2;1.6
FR;49;2021-03-23;8540;1916;373287;138921;4.3;1.6
FR;49;2021-03-24;9447;1753;382734;140674;4.5;1.6
FR;49;2021-03-25;12248;2207;394982;142881;4.6;1.7
FR;49;2021-03-26;14594;2020;409576;144901;4.8;1.7
FR;49;2021-03-27;9317;729;418893;145630;4.9;1.7
FR;49;2021-03-28;3844;248;422737;145878;4.9;1.7
FR;49;2021-03-29;9721;1562;432458;147440;5.0;1.7
FR;49;2021-03-30;14068;2434;446526;149874;5.2;1.7
FR;49;2021-03-31;15327;2498;461853;152372;5.4;1.8
FR;49;2021-04-01;19429;3571;481282;155943;5.6;1.8
FR;49;2021-04-02;17257;3273;498539;159216;5.8;1.9
FR;49;2021-04-03;9257;1756;507796;160972;5.9;1.9
FR;49;2021-04-04;4082;584;511878;161556;6.0;1.9
FR;49;2021-04-05;4169;443;516047;161999;6.0;1.9
FR;49;2021-04-06;12785;3503;528832;165502;6.2;1.9
FR;49;2021-04-07;17317;3968;546149;169470;6.4;2.0
FR;49;2021-04-08;21850;4985;567999;174455;6.6;2.0
FR;49;2021-04-09;22985;5100;590984;179555;6.9;2.1
FR;49;2021-04-10;12323;3232;603307;182787;7.0;2.1
FR;49;2021-04-11;4430;1571;607737;184358;7.1;2.1
FR;49;2021-04-12;13940;3497;621677;187855;7.2;2.2
FR;49;2021-04-13;18316;5237;639993;193092;7.4;2.2
FR;49;2021-04-14;18978;5742;658971;198834;7.7;2.3
FR;49;2021-04-15;19720;6761;678691;205595;7.9;2.4
FR;49;2021-04-16;16995;7168;695686;212763;8.1;2.5
FR;49;2021-04-17;9724;4559;705410;217322;8.2;2.5
FR;49;2021-04-18;3319;2220;708729;219542;8.2;2.6
FR;49;2021-04-19;11709;6140;720438;225682;8.4;2.6
FR;49;2021-04-20;13782;8927;734220;234609;8.5;2.7
FR;49;2021-04-21;15409;10173;749629;244782;8.7;2.8
FR;49;2021-04-22;16982;13193;766611;257975;8.9;3.0
FR;49;2021-04-23;17027;13853;783638;271828;9.1;3.2
FR;49;2021-04-24;12432;7617;796070;279445;9.3;3.3
FR;49;2021-04-25;5257;3029;801327;282474;9.3;3.3
FR;49;2021-04-26;13051;9952;814378;292426;9.5;3.4
FR;49;2021-04-27;18034;12714;832412;305140;9.7;3.6
FR;49;2021-04-28;21751;14104;854163;319244;9.9;3.7
FR;49;2021-04-29;25911;16540;880074;335784;10.2;3.9
FR;49;2021-04-30;29944;17079;910018;352863;10.6;4.1
FR;49;2021-05-01;22870;5390;932888;358253;10.9;4.2
FR;59;2020-12-27;2;0;2;0;0.0;0.0
FR;59;2020-12-28;4;0;6;0;0.0;0.0
FR;59;2020-12-29;2;0;8;0;0.0;0.0
FR;59;2020-12-30;5;0;13;0;0.0;0.0
FR;59;2020-12-31;9;0;22;0;0.0;0.0
FR;59;2021-01-01;18;0;40;0;0.0;0.0
FR;59;2021-01-02;25;0;65;0;0.0;0.0
FR;59;2021-01-03;36;0;101;0;0.0;0.0
FR;59;2021-01-04;589;0;690;0;0.0;0.0
FR;59;2021-01-05;2155;0;2845;0;0.0;0.0
FR;59;2021-01-06;4785;2;7630;2;0.1;0.0
FR;59;2021-01-07;10467;6;18097;8;0.2;0.0
FR;59;2021-01-08;14224;1;32321;9;0.4;0.0
FR;59;2021-01-09;4045;1;36366;10;0.4;0.0
FR;59;2021-01-10;1983;0;38349;10;0.4;0.0
FR;59;2021-01-11;15862;3;54211;13;0.6;0.0
FR;59;2021-01-12;20969;3;75180;16;0.9;0.0
FR;59;2021-01-13;22610;8;97790;24;1.1;0.0
FR;59;2021-01-14;24667;11;122457;35;1.4;0.0
FR;59;2021-01-15;21466;8;143923;43;1.6;0.0
FR;59;2021-01-16;5363;277;149286;320;1.7;0.0
FR;59;2021-01-17;1800;6;151086;326;1.7;0.0
FR;59;2021-01-18;13521;42;164607;368;1.9;0.0
FR;59;2021-01-19;17816;32;182423;400;2.1;0.0
FR;59;2021-01-20;16937;36;199360;436;2.3;0.0
FR;59;2021-01-21;18552;32;217912;468;2.5;0.0
FR;59;2021-01-22;13747;63;231659;531;2.6;0.0
FR;59;2021-01-23;2943;28;234602;559;2.7;0.0
FR;59;2021-01-24;821;34;235423;593;2.7;0.0
FR;59;2021-01-25;6669;694;242092;1287;2.8;0.0
FR;59;2021-01-26;8369;1593;250461;2880;2.8;0.0
FR;59;2021-01-27;8766;2683;259227;5563;2.9;0.1
FR;59;2021-01-28;10397;5770;269624;11333;3.1;0.1
FR;59;2021-01-29;7787;7385;277411;18718;3.2;0.2
FR;59;2021-01-30;1754;1673;279165;20391;3.2;0.2
FR;59;2021-01-31;370;609;279535;21000;3.2;0.2
FR;59;2021-02-01;3139;9912;282674;30912;3.2;0.4
FR;59;2021-02-02;4633;13803;287307;44715;3.3;0.5
FR;59;2021-02-03;4792;14736;292099;59451;3.3;0.7
FR;59;2021-02-04;5830;17756;297929;77207;3.4;0.9
FR;59;2021-02-05;4720;16222;302649;93429;3.4;1.1
FR;59;2021-02-06;1135;3328;303784;96757;3.5;1.1
FR;59;2021-02-07;384;1265;304168;98022;3.5;1.1
FR;59;2021-02-08;2734;13189;306902;111211;3.5;1.3
FR;59;2021-02-09;4872;17670;311774;128881;3.5;1.5
FR;59;2021-02-10;5634;17964;317408;146845;3.6;1.7
FR;59;2021-02-11;7590;20961;324998;167806;3.7;1.9
FR;59;2021-02-12;6685;16263;331683;184069;3.8;2.1
FR;59;2021-02-13;1670;3303;333353;187372;3.8;2.1
FR;59;2021-02-14;358;999;333711;188371;3.8;2.1
FR;59;2021-02-15;3241;10101;336952;198472;3.8;2.3
FR;59;2021-02-16;4691;12249;341643;210721;3.9;2.4
FR;59;2021-02-17;4917;12608;346560;223329;3.9;2.5
FR;59;2021-02-18;6949;14134;353509;237463;4.0;2.7
FR;59;2021-02-19;6404;10788;359913;248251;4.1;2.8
FR;59;2021-02-20;1394;2003;361307;250254;4.1;2.8
FR;59;2021-02-21;280;479;361587;250733;4.1;2.9
FR;59;2021-02-22;3214;5710;364801;256443;4.1;2.9
FR;59;2021-02-23;4751;6781;369552;263224;4.2;3.0
FR;59;2021-02-24;6763;6248;376315;269472;4.3;3.1
FR;59;2021-02-25;20967;7292;397282;276764;4.5;3.1
FR;59;2021-02-26;28000;5669;425282;282433;4.8;3.2
FR;59;2021-02-27;16918;1348;442200;283781;5.0;3.2
FR;59;2021-02-28;1097;293;443297;284074;5.0;3.2
FR;59;2021-03-01;8656;3066;451953;287140;5.1;3.3
FR;59;2021-03-02;16938;4465;468891;291605;5.3;3.3
FR;59;2021-03-03;20329;4397;489220;296002;5.6;3.4
FR;59;2021-03-04;31705;5734;520925;301736;5.9;3.4
FR;59;2021-03-05;40335;4507;561260;306243;6.4;3.5
FR;59;2021-03-06;35301;998;596561;307241;6.8;3.5
FR;59;2021-03-07;13879;187;610440;307428;6.9;3.5
FR;59;2021-03-08;12088;2239;622528;309667;7.1;3.5
FR;59;2021-03-09;22554;3272;645082;312939;7.3;3.6
FR;59;2021-03-10;22856;3596;667938;316535;7.6;3.6
FR;59;2021-03-11;33848;4669;701786;321204;8.0;3.7
FR;59;2021-03-12;44926;3731;746712;324935;8.5;3.7
FR;59;2021-03-13;35765;938;782477;325873;8.9;3.7
FR;59;2021-03-14;7139;202;789616;326075;9.0;3.7
FR;59;2021-03-15;14312;1787;803928;327862;9.1;3.7
FR;59;2021-03-16;7834;2516;811762;330378;9.2;3.8
FR;59;2021-03-17;8674;2628;820436;333006;9.3;3.8
FR;59;2021-03-18;10337;3353;830773;336359;9.4;3.8
FR;59;2021-03-19;23248;2868;854021;339227;9.7;3.9
FR;59;2021-03-20;20946;863;874967;340090;10.0;3.9
FR;59;2021-03-21;6249;220;881216;340310;10.0;3.9
FR;59;2021-03-22;15331;2112;896547;342422;10.2;3.9
FR;59;2021-03-23;25185;2980;921732;345402;10.5;3.9
FR;59;2021-03-24;27790;3056;949522;348458;10.8;4.0
FR;59;2021-03-25;37589;3462;987111;351920;11.2;4.0
FR;59;2021-03-26;42473;3381;1029584;355301;11.7;4.0
FR;59;2021-03-27;26691;1477;1056275;356778;12.0;4.1
FR;59;2021-03-28;7490;402;1063765;357180;12.1;4.1
FR;59;2021-03-29;21483;2863;1085248;360043;12.3;4.1
FR;59;2021-03-30;31859;3947;1117107;363990;12.7;4.1
FR;59;2021-03-31;31098;4301;1148205;368291;13.1;4.2
FR;59;2021-04-01;37798;5619;1186003;373910;13.5;4.3
FR;59;2021-04-02;36537;5467;1222540;379377;13.9;4.3
FR;59;2021-04-03;21183;3307;1243723;382684;14.1;4.4
FR;59;2021-04-04;7285;1174;1251008;383858;14.2;4.4
FR;59;2021-04-05;8206;727;1259214;384585;14.3;4.4
FR;59;2021-04-06;25027;5903;1284241;390488;14.6;4.4
FR;59;2021-04-07;33373;6690;1317614;397178;15.0;4.5
FR;59;2021-04-08;44249;8080;1361863;405258;15.5;4.6
FR;59;2021-04-09;59913;8547;1421776;413805;16.2;4.7
FR;59;2021-04-10;36162;6790;1457938;420595;16.6;4.8
FR;59;2021-04-11;9686;3371;1467624;423966;16.7;4.8
FR;59;2021-04-12;34879;6810;1502503;430776;17.1;4.9
FR;59;2021-04-13;49247;9121;1551750;439897;17.6;5.0
FR;59;2021-04-14;49497;9763;1601247;449660;18.2;5.1
FR;59;2021-04-15;58583;10993;1659830;460653;18.9;5.2
FR;59;2021-04-16;62324;11815;1722154;472468;19.6;5.4
FR;59;2021-04-17;41101;9382;1763255;481850;20.1;5.5
FR;59;2021-04-18;12207;4557;1775462;486407;20.2;5.5
FR;59;2021-04-19;32783;10690;1808245;497097;20.6;5.7
FR;59;2021-04-20;43747;14456;1851992;511553;21.1;5.8
FR;59;2021-04-21;46066;16150;1898058;527703;21.6;6.0
FR;59;2021-04-22;54477;19231;1952535;546934;22.2;6.2
FR;59;2021-04-23;62092;20084;2014627;567018;22.9;6.4
FR;59;2021-04-24;47153;15191;2061780;582209;23.4;6.6
FR;59;2021-04-25;16374;5300;2078154;587509;23.6;6.7
FR;59;2021-04-26;40321;17245;2118475;604754;24.1;6.9
FR;59;2021-04-27;55635;22533;2174110;627287;24.7;7.1
FR;59;2021-04-28;63089;25198;2237199;652485;25.4;7.4
FR;59;2021-04-29;75912;30392;2313111;682877;26.3;7.8
FR;59;2021-04-30;90084;35005;2403195;717882;27.3;8.2
FR;59;2021-05-01;41875;10472;2445070;728354;27.8;8.3
FR;64;2020-12-27;1;0;1;0;0.0;0.0
FR;64;2020-12-28;0;0;1;0;0.0;0.0
FR;64;2020-12-29;2;0;3;0;0.0;0.0
FR;64;2020-12-30;5;0;8;0;0.0;0.0
FR;64;2020-12-31;5;0;13;0;0.0;0.0
FR;64;2021-01-01;7;0;20;0;0.0;0.0
FR;64;2021-01-02;11;0;31;0;0.0;0.0
FR;64;2021-01-03;17;0;48;0;0.0;0.0
FR;64;2021-01-04;209;0;257;0;0.0;0.0
FR;64;2021-01-05;889;0;1146;0;0.0;0.0
FR;64;2021-01-06;1682;0;2828;0;0.1;0.0
FR;64;2021-01-07;3645;0;6473;0;0.2;0.0
FR;64;2021-01-08;4836;1;11309;1;0.3;0.0
FR;64;2021-01-09;1945;0;13254;1;0.3;0.0
FR;64;2021-01-10;1022;0;14276;1;0.3;0.0
FR;64;2021-01-11;5241;0;19517;1;0.5;0.0
FR;64;2021-01-12;7078;2;26595;3;0.6;0.0
FR;64;2021-01-13;7407;4;34002;7;0.8;0.0
FR;64;2021-01-14;8525;3;42527;10;1.0;0.0
FR;64;2021-01-15;7055;3;49582;13;1.2;0.0
FR;64;2021-01-16;2197;102;51779;115;1.3;0.0
FR;64;2021-01-17;842;4;52621;119;1.3;0.0
FR;64;2021-01-18;4663;10;57284;129;1.4;0.0
FR;64;2021-01-19;6370;7;63654;136;1.6;0.0
FR;64;2021-01-20;6189;12;69843;148;1.7;0.0
FR;64;2021-01-21;6852;13;76695;161;1.9;0.0
FR;64;2021-01-22;5369;24;82064;185;2.0;0.0
FR;64;2021-01-23;1410;14;83474;199;2.0;0.0
FR;64;2021-01-24;430;23;83904;222;2.0;0.0
FR;64;2021-01-25;2759;220;86663;442;2.1;0.0
FR;64;2021-01-26;3504;581;90167;1023;2.2;0.0
FR;64;2021-01-27;3743;990;93910;2013;2.3;0.0
FR;64;2021-01-28;4542;2045;98452;4058;2.4;0.1
FR;64;2021-01-29;3507;2552;101959;6610;2.5;0.2
FR;64;2021-01-30;837;781;102796;7391;2.5;0.2
FR;64;2021-01-31;172;341;102968;7732;2.5;0.2
FR;64;2021-02-01;1508;3250;104476;10982;2.5;0.3
FR;64;2021-02-02;2133;4613;106609;15595;2.6;0.4
FR;64;2021-02-03;2297;4746;108906;20341;2.7;0.5
FR;64;2021-02-04;2771;6142;111677;26483;2.7;0.6
FR;64;2021-02-05;2162;5492;113839;31975;2.8;0.8
FR;64;2021-02-06;649;1546;114488;33521;2.8;0.8
FR;64;2021-02-07;163;677;114651;34198;2.8;0.8
FR;64;2021-02-08;1477;4608;116128;38806;2.8;0.9
FR;64;2021-02-09;2329;6356;118457;45162;2.9;1.1
FR;64;2021-02-10;2557;6461;121014;51623;2.9;1.3
FR;64;2021-02-11;3443;7332;124457;58955;3.0;1.4
FR;64;2021-02-12;3088;5559;127545;64514;3.1;1.6
FR;64;2021-02-13;826;1395;128371;65909;3.1;1.6
FR;64;2021-02-14;192;523;128563;66432;3.1;1.6
FR;64;2021-02-15;1579;3663;130142;70095;3.2;1.7
FR;64;2021-02-16;2067;4534;132209;74629;3.2;1.8
FR;64;2021-02-17;2202;4838;134411;79467;3.3;1.9
FR;64;2021-02-18;3195;5526;137606;84993;3.4;2.1
FR;64;2021-02-19;2967;4189;140573;89182;3.4;2.2
FR;64;2021-02-20;796;978;141369;90160;3.4;2.2
FR;64;2021-02-21;133;222;141502;90382;3.4;2.2
FR;64;2021-02-22;1475;2419;142977;92801;3.5;2.3
FR;64;2021-02-23;2375;2797;145352;95598;3.5;2.3
FR;64;2021-02-24;3834;2857;149186;98455;3.6;2.4
FR;64;2021-02-25;15868;3284;165054;101739;4.0;2.5
FR;64;2021-02-26;21617;2507;186671;104246;4.6;2.5
FR;64;2021-02-27;12931;692;199602;104938;4.9;2.6
FR;64;2021-02-28;789;140;200391;105078;4.9;2.6
FR;64;2021-03-01;6460;1623;206851;106701;5.0;2.6
FR;64;2021-03-02;13028;2265;219879;108966;5.4;2.7
FR;64;2021-03-03;15721;2174;235600;111140;5.7;2.7
FR;64;2021-03-04;24793;2967;260393;114107;6.3;2.8
FR;64;2021-03-05;30160;2303;290553;116410;7.1;2.8
FR;64;2021-03-06;26324;550;316877;116960;7.7;2.9
FR;64;2021-03-07;9763;122;326640;117082;8.0;2.9
FR;64;2021-03-08;8673;1484;335313;118566;8.2;2.9
FR;64;2021-03-09;16653;1703;351966;120269;8.6;2.9
FR;64;2021-03-10;16884;1946;368850;122215;9.0;3.0
FR;64;2021-03-11;25673;2642;394523;124857;9.6;3.0
FR;64;2021-03-12;33185;2115;427708;126972;10.4;3.1
FR;64;2021-03-13;27066;564;454774;127536;11.1;3.1
FR;64;2021-03-14;5407;110;460181;127646;11.2;3.1
FR;64;2021-03-15;10908;1134;471089;128780;11.5;3.1
FR;64;2021-03-16;5964;1576;477053;130356;11.6;3.2
FR;64;2021-03-17;6074;1504;483127;131860;11.8;3.2
FR;64;2021-03-18;7608;1869;490735;133729;12.0;3.3
FR;64;2021-03-19;18773;1710;509508;135439;12.4;3.3
FR;64;2021-03-20;18442;591;527950;136030;12.9;3.3
FR;64;2021-03-21;4714;125;532664;136155;13.0;3.3
FR;64;2021-03-22;13424;1339;546088;137494;13.3;3.4
FR;64;2021-03-23;23368;1773;569456;139267;13.9;3.4
FR;64;2021-03-24;24966;1896;594422;141163;14.5;3.4
FR;64;2021-03-25;36353;2174;630775;143337;15.4;3.5
FR;64;2021-03-26;39913;2054;670688;145391;16.3;3.5
FR;64;2021-03-27;21150;911;691838;146302;16.9;3.6
FR;64;2021-03-28;5056;253;696894;146555;17.0;3.6
FR;64;2021-03-29;17455;1901;714349;148456;17.4;3.6
FR;64;2021-03-30;27174;2660;741523;151116;18.1;3.7
FR;64;2021-03-31;23953;2813;765476;153929;18.7;3.8
FR;64;2021-04-01;30227;3804;795703;157733;19.4;3.8
FR;64;2021-04-02;29017;3551;824720;161284;20.1;3.9
FR;64;2021-04-03;15905;2310;840625;163594;20.5;4.0
FR;64;2021-04-04;4007;802;844632;164396;20.6;4.0
FR;64;2021-04-05;5082;581;849714;164977;20.7;4.0
FR;64;2021-04-06;18761;4363;868475;169340;21.2;4.1
FR;64;2021-04-07;23291;4590;891766;173930;21.7;4.2
FR;64;2021-04-08;34137;5514;925903;179444;22.6;4.4
FR;64;2021-04-09;52925;5810;978828;185254;23.9;4.5
FR;64;2021-04-10;29642;4856;1008470;190110;24.6;4.6
FR;64;2021-04-11;6245;2520;1014715;192630;24.7;4.7
FR;64;2021-04-12;27774;4866;1042489;197496;25.4;4.8
FR;64;2021-04-13;42172;6854;1084661;204350;26.4;5.0
FR;64;2021-04-14;40394;6895;1125055;211245;27.4;5.1
FR;64;2021-04-15;51387;8003;1176442;219248;28.7;5.3
FR;64;2021-04-16;63634;8602;1240076;227850;30.2;5.6
FR;64;2021-04-17;38207;6887;1278283;234737;31.2;5.7
FR;64;2021-04-18;10857;3284;1289140;238021;31.4;5.8
FR;64;2021-04-19;41577;8299;1330717;246320;32.4;6.0
FR;64;2021-04-20;52141;10269;1382858;256589;33.7;6.3
FR;64;2021-04-21;51907;10636;1434765;267225;35.0;6.5
FR;64;2021-04-22;56761;12523;1491526;279748;36.4;6.8
FR;64;2021-04-23;59961;12312;1551487;292060;37.8;7.1
FR;64;2021-04-24;43096;8882;1594583;300942;38.9;7.3
FR;64;2021-04-25;16059;3243;1610642;304185;39.3;7.4
FR;64;2021-04-26;48978;11300;1659620;315485;40.5;7.7
FR;64;2021-04-27;62409;15019;1722029;330504;42.0;8.1
FR;64;2021-04-28;63318;15605;1785347;346109;43.5;8.4
FR;64;2021-04-29;72607;19801;1857954;365910;45.3;8.9
FR;64;2021-04-30;74018;21210;1931972;387120;47.1;9.4
FR;64;2021-05-01;28848;6423;1960820;393543;47.8;9.6
FR;69;2020-12-27;2;0;2;0;0.0;0.0
FR;69;2020-12-28;1;0;3;0;0.0;0.0
FR;69;2020-12-29;3;0;6;0;0.0;0.0
FR;69;2020-12-30;7;0;13;0;0.0;0.0
FR;69;2020-12-31;5;0;18;0;0.0;0.0
FR;69;2021-01-01;6;0;24;0;0.0;0.0
FR;69;2021-01-02;10;0;34;0;0.0;0.0
FR;69;2021-01-03;8;0;42;0;0.0;0.0
FR;69;2021-01-04;114;0;156;0;0.0;0.0
FR;69;2021-01-05;408;0;564;0;0.0;0.0
FR;69;2021-01-06;804;0;1368;0;0.0;0.0
FR;69;2021-01-07;1884;1;3252;1;0.1;0.0
FR;69;2021-01-08;2440;0;5692;1;0.1;0.0
FR;69;2021-01-09;1117;0;6809;1;0.2;0.0
FR;69;2021-01-10;655;0;7464;1;0.2;0.0
FR;69;2021-01-11;2719;0;10183;1;0.3;0.0
FR;69;2021-01-12;3840;0;14023;1;0.4;0.0
FR;69;2021-01-13;3769;2;17792;3;0.5;0.0
FR;69;2021-01-14;4550;4;22342;7;0.6;0.0
FR;69;2021-01-15;3822;1;26164;8;0.7;0.0
FR;69;2021-01-16;1341;61;27505;69;0.7;0.0
FR;69;2021-01-17;633;4;28138;73;0.7;0.0
FR;69;2021-01-18;3245;13;31383;86;0.8;0.0
FR;69;2021-01-19;4771;13;36154;99;0.9;0.0
FR;69;2021-01-20;4748;10;40902;109;1.0;0.0
FR;69;2021-01-21;5499;12;46401;121;1.2;0.0
FR;69;2021-01-22;4357;12;50758;133;1.3;0.0
FR;69;2021-01-23;1357;9;52115;142;1.3;0.0
FR;69;2021-01-24;445;14;52560;156;1.3;0.0
FR;69;2021-01-25;2713;99;55273;255;1.4;0.0
FR;69;2021-01-26;3332;240;58605;495;1.5;0.0
FR;69;2021-01-27;3654;480;62259;975;1.6;0.0
FR;69;2021-01-28;4305;1078;66564;2053;1.7;0.1
FR;69;2021-01-29;3469;1328;70033;3381;1.8;0.1
FR;69;2021-01-30;937;448;70970;3829;1.8;0.1
FR;69;2021-01-31;180;205;71150;4034;1.8;0.1
FR;69;2021-02-01;1803;1713;72953;5747;1.9;0.1
FR;69;2021-02-02;2392;2521;75345;8268;1.9;0.2
FR;69;2021-02-03;2415;2583;77760;10851;2.0;0.3
FR;69;2021-02-04;2931;3391;80691;14242;2.1;0.4
FR;69;2021-02-05;2486;2921;83177;17163;2.1;0.4
FR;69;2021-02-06;715;991;83892;18154;2.2;0.5
FR;69;2021-02-07;162;591;84054;18745;2.2;0.5
FR;69;2021-02-08;1602;2682;85656;21427;2.2;0.5
FR;69;2021-02-09;2391;3954;88047;25381;2.3;0.7
FR;69;2021-02-10;2558;3934;90605;29315;2.3;0.8
FR;69;2021-02-11;3491;4741;94096;34056;2.4;0.9
FR;69;2021-02-12;3128;3580;97224;37636;2.5;1.0
FR;69;2021-02-13;858;961;98082;38597;2.5;1.0
FR;69;2021-02-14;212;459;98294;39056;2.5;1.0
FR;69;2021-02-15;1318;2691;99612;41747;2.6;1.1
FR;69;2021-02-16;1848;3561;101460;45308;2.6;1.2
FR;69;2021-02-17;2007;3888;103467;49196;2.7;1.3
FR;69;2021-02-18;2981;4630;106448;53826;2.7;1.4
FR;69;2021-02-19;2844;3568;109292;57394;2.8;1.5
FR;69;2021-02-20;752;943;110044;58337;2.8;1.5
FR;69;2021-02-21;149;201;110193;58538;2.8;1.5
FR;69;2021-02-22;1598;2451;111791;60989;2.9;1.6
FR;69;2021-02-23;2259;2753;114050;63742;2.9;1.6
FR;69;2021-02-24;2644;2920;116694;66662;3.0;1.7
FR;69;2021-02-25;3845;3206;120539;69868;3.1;1.8
FR;69;2021-02-26;4236;2527;124775;72395;3.2;1.9
FR;69;2021-02-27;1780;715;126555;73110;3.2;1.9
FR;69;2021-02-28;309;128;126864;73238;3.3;1.9
FR;69;2021-03-01;2776;1920;129640;75158;3.3;1.9
FR;69;2021-03-02;4683;2534;134323;77692;3.4;2.0
FR;69;2021-03-03;6591;2418;140914;80110;3.6;2.1
FR;69;2021-03-04;11567;3245;152481;83355;3.9;2.1
FR;69;2021-03-05;17261;2550;169742;85905;4.4;2.2
FR;69;2021-03-06;22793;614;192535;86519;4.9;2.2
FR;69;2021-03-07;14655;123;207190;86642;5.3;2.2
FR;69;2021-03-08;9648;1806;216838;88448;5.6;2.3
FR;69;2021-03-09;17322;2236;234160;90684;6.0;2.3
FR;69;2021-03-10;18652;2410;252812;93094;6.5;2.4
FR;69;2021-03-11;28934;3184;281746;96278;7.2;2.5
FR;69;2021-03-12;39572;2737;321318;99015;8.2;2.5
FR;69;2021-03-13;35661;788;356979;99803;9.1;2.6
FR;69;2021-03-14;8159;160;365138;99963;9.4;2.6
FR;69;2021-03-15;16536;1523;381674;101486;9.8;2.6
FR;69;2021-03-16;10687;2008;392361;103494;10.1;2.7
FR;69;2021-03-17;11660;2006;404021;105500;10.4;2.7
FR;69;2021-03-18;13078;2474;417099;107974;10.7;2.8
FR;69;2021-03-19;28628;2261;445727;110235;11.4;2.8
FR;69;2021-03-20;26809;752;472536;110987;12.1;2.8
FR;69;2021-03-21;7106;147;479642;111134;12.3;2.8
FR;69;2021-03-22;21090;1988;500732;113122;12.8;2.9
FR;69;2021-03-23;36017;2561;536749;115683;13.8;3.0
FR;69;2021-03-24;37316;2659;574065;118342;14.7;3.0
FR;69;2021-03-25;54703;2973;628768;121315;16.1;3.1
FR;69;2021-03-26;58873;2730;687641;124045;17.6;3.2
FR;69;2021-03-27;29993;1236;717634;125281;18.4;3.2
FR;69;2021-03-28;7582;411;725216;125692;18.6;3.2
FR;69;2021-03-29;27586;3162;752802;128854;19.3;3.3
FR;69;2021-03-30;42097;4273;794899;133127;20.4;3.4
FR;69;2021-03-31;35225;4384;830124;137511;21.3;3.5
FR;69;2021-04-01;42957;5946;873081;143457;22.4;3.7
FR;69;2021-04-02;41146;5868;914227;149325;23.4;3.8
FR;69;2021-04-03;21605;3950;935832;153275;24.0;3.9
FR;69;2021-04-04;5776;1353;941608;154628;24.1;4.0
FR;69;2021-04-05;7567;874;949175;155502;24.3;4.0
FR;69;2021-04-06;27218;7429;976393;162931;25.0;4.2
FR;69;2021-04-07;32103;7547;1008496;170478;25.8;4.4
FR;69;2021-04-08;48096;8847;1056592;179325;27.1;4.6
FR;69;2021-04-09;69900;9501;1126492;188826;28.9;4.8
FR;69;2021-04-10;36449;7738;1162941;196564;29.8;5.0
FR;69;2021-04-11;7964;4141;1170905;200705;30.0;5.1
FR;69;2021-04-12;38292;8496;1209197;209201;31.0;5.4
FR;69;2021-04-13;53173;11663;1262370;220864;32.4;5.7
FR;69;2021-04-14;48922;11262;1311292;232126;33.6;5.9
FR;69;2021-04-15;61289;13374;1372581;245500;35.2;6.3
FR;69;2021-04-16;71939;13929;1444520;259429;37.0;6.6
FR;69;2021-04-17;39361;10507;1483881;269936;38.0;6.9
FR;69;2021-04-18;9941;4990;1493822;274926;38.3;7.0
FR;69;2021-04-19;45564;13451;1539386;288377;39.5;7.4
FR;69;2021-04-20;56673;16855;1596059;305232;40.9;7.8
FR;69;2021-04-21;52964;16244;1649023;321476;42.3;8.2
FR;69;2021-04-22;59724;18555;1708747;340031;43.8;8.7
FR;69;2021-04-23;58717;18326;1767464;358357;45.3;9.2
FR;69;2021-04-24;37066;12925;1804530;371282;46.2;9.5
FR;69;2021-04-25;13108;4927;1817638;376209;46.6;9.6
FR;69;2021-04-26;48623;18183;1866261;394392;47.8;10.1
FR;69;2021-04-27;61290;22493;1927551;416885;49.4;10.7
FR;69;2021-04-28;59214;21417;1986765;438302;50.9;11.2
FR;69;2021-04-29;69152;23934;2055917;462236;52.7;11.8
FR;69;2021-04-30;65950;23046;2121867;485282;54.4;12.4
FR;69;2021-05-01;23416;7377;2145283;492659;55.0;12.6
FR;74;2020-12-27;1;0;1;0;0.0;0.0
FR;74;2020-12-28;6;0;7;0;0.0;0.0
FR;74;2020-12-29;5;0;12;0;0.0;0.0
FR;74;2020-12-30;10;0;22;0;0.0;0.0
FR;74;2020-12-31;7;0;29;0;0.0;0.0
FR;74;2021-01-01;5;0;34;0;0.0;0.0
FR;74;2021-01-02;3;0;37;0;0.0;0.0
FR;74;2021-01-03;12;0;49;0;0.0;0.0
FR;74;2021-01-04;85;0;134;0;0.0;0.0
FR;74;2021-01-05;297;0;431;0;0.0;0.0
FR;74;2021-01-06;552;0;983;0;0.0;0.0
FR;74;2021-01-07;1462;0;2445;0;0.1;0.0
FR;74;2021-01-08;1782;0;4227;0;0.1;0.0
FR;74;2021-01-09;792;0;5019;0;0.1;0.0
FR;74;2021-01-10;533;0;5552;0;0.2;0.0
FR;74;2021-01-11;2106;0;7658;0;0.2;0.0
FR;74;2021-01-12;3121;0;10779;0;0.3;0.0
FR;74;2021-01-13;3186;0;13965;0;0.4;0.0
FR;74;2021-01-14;3930;3;17895;3;0.5;0.0
FR;74;2021-01-15;3522;0;21417;3;0.6;0.0
FR;74;2021-01-16;1332;49;22749;52;0.7;0.0
FR;74;2021-01-17;762;2;23511;54;0.7;0.0
FR;74;2021-01-18;4706;19;28217;73;0.8;0.0
FR;74;2021-01-19;6794;16;35011;89;1.0;0.0
FR;74;2021-01-20;7084;8;42095;97;1.2;0.0
FR;74;2021-01-21;8161;17;50256;114;1.4;0.0
FR;74;2021-01-22;6522;17;56778;131;1.6;0.0
FR;74;2021-01-23;2255;4;59033;135;1.7;0.0
FR;74;2021-01-24;605;19;59638;154;1.7;0.0
FR;74;2021-01-25;4526;68;64164;222;1.8;0.0
FR;74;2021-01-26;5601;203;69765;425;2.0;0.0
FR;74;2021-01-27;5959;335;75724;760;2.2;0.0
FR;74;2021-01-28;6940;957;82664;1717;2.4;0.0
FR;74;2021-01-29;5715;984;88379;2701;2.5;0.1
FR;74;2021-01-30;1770;296;90149;2997;2.6;0.1
FR;74;2021-01-31;292;168;90441;3165;2.6;0.1
FR;74;2021-02-01;3269;1260;93710;4425;2.7;0.1
FR;74;2021-02-02;4264;2165;97974;6590;2.8;0.2
FR;74;2021-02-03;4295;2163;102269;8753;2.9;0.3
FR;74;2021-02-04;5141;2951;107410;11704;3.1;0.3
FR;74;2021-02-05;4364;2542;111774;14246;3.2;0.4
FR;74;2021-02-06;1390;874;113164;15120;3.3;0.4
FR;74;2021-02-07;243;566;113407;15686;3.3;0.5
FR;74;2021-02-08;3068;2833;116475;18519;3.3;0.5
FR;74;2021-02-09;4095;4366;120570;22885;3.5;0.7
FR;74;2021-02-10;4395;4481;124965;27366;3.6;0.8
FR;74;2021-02-11;5594;5393;130559;32759;3.8;0.9
FR;74;2021-02-12;5236;4103;135795;36862;3.9;1.1
FR;74;2021-02-13;1644;1154;137439;38016;4.0;1.1
FR;74;2021-02-14;402;483;137841;38499;4.0;1.1
FR;74;2021-02-15;2389;4269;140230;42768;4.0;1.2
FR;74;2021-02-16;3262;5283;143492;48051;4.1;1.4
FR;74;2021-02-17;3391;5842;146883;53893;4.2;1.5
FR;74;2021-02-18;4908;7056;151791;60949;4.4;1.8
FR;74;2021-02-19;4861;5414;156652;66363;4.5;1.9
FR;74;2021-02-20;1546;1712;158198;68075;4.5;2.0
FR;74;2021-02-21;231;365;158429;68440;4.6;2.0
FR;74;2021-02-22;2855;4223;161284;72663;4.6;2.1
FR;74;2021-02-23;4126;4815;165410;77478;4.8;2.2
FR;74;2021-02-24;4511;4942;169921;82420;4.9;2.4
FR;74;2021-02-25;5498;5295;175419;87715;5.0;2.5
FR;74;2021-02-26;5457;4402;180876;92117;5.2;2.6
FR;74;2021-02-27;1993;1372;182869;93489;5.3;2.7
FR;74;2021-02-28;528;213;183397;93702;5.3;2.7
FR;74;2021-03-01;5043;3421;188440;97123;5.4;2.8
FR;74;2021-03-02;7416;4341;195856;101464;5.6;2.9
FR;74;2021-03-03;9605;4230;205461;105694;5.9;3.0
FR;74;2021-03-04;14855;5150;220316;110844;6.3;3.2
FR;74;2021-03-05;21465;4435;241781;115279;7.0;3.3
FR;74;2021-03-06;30815;1214;272596;116493;7.8;3.3
FR;74;2021-03-07;20759;201;293355;116694;8.4;3.4
FR;74;2021-03-08;14118;3399;307473;120093;8.8;3.5
FR;74;2021-03-09;23883;3979;331356;124072;9.5;3.6
FR;74;2021-03-10;26097;4288;357453;128360;10.3;3.7
FR;74;2021-03-11;38052;5269;395505;133629;11.4;3.8
FR;74;2021-03-12;50283;4523;445788;138152;12.8;4.0
FR;74;2021-03-13;47478;1427;493266;139579;14.2;4.0
FR;74;2021-03-14;11915;309;505181;139888;14.5;4.0
FR;74;2021-03-15;25342;2875;530523;142763;15.3;4.1
FR;74;2021-03-16;19995;3610;550518;146373;15.8;4.2
FR;74;2021-03-17;21717;3642;572235;150015;16.5;4.3
FR;74;2021-03-18;24345;4406;596580;154421;17.2;4.4
FR;74;2021-03-19;41191;3755;637771;158176;18.3;4.5
FR;74;2021-03-20;35278;1426;673049;159602;19.3;4.6
FR;74;2021-03-21;9465;237;682514;159839;19.6;4.6
FR;74;2021-03-22;31377;3682;713891;163521;20.5;4.7
FR;74;2021-03-23;49970;4647;763861;168168;22.0;4.8
FR;74;2021-03-24;51932;4973;815793;173141;23.5;5.0
FR;74;2021-03-25;74439;5372;890232;178513;25.6;5.1
FR;74;2021-03-26;80497;4988;970729;183501;27.9;5.3
FR;74;2021-03-27;50864;2306;1021593;185807;29.4;5.3
FR;74;2021-03-28;17761;868;1039354;186675;29.9;5.4
FR;74;2021-03-29;55951;6498;1095305;193173;31.5;5.6
FR;74;2021-03-30;76325;8635;1171630;201808;33.7;5.8
FR;74;2021-03-31;67696;9330;1239326;211138;35.6;6.1
FR;74;2021-04-01;78006;12288;1317332;223426;37.9;6.4
FR;74;2021-04-02;69749;12612;1387081;236038;39.9;6.8
FR;74;2021-04-03;37053;8500;1424134;244538;40.9;7.0
FR;74;2021-04-04;12442;2898;1436576;247436;41.3;7.1
FR;74;2021-04-05;19106;1666;1455682;249102;41.9;7.2
FR;74;2021-04-06;62775;15634;1518457;264736;43.7;7.6
FR;74;2021-04-07;71969;15517;1590426;280253;45.7;8.1
FR;74;2021-04-08;86624;19053;1677050;299306;48.2;8.6
FR;74;2021-04-09;96290;17449;1773340;316755;51.0;9.1
FR;74;2021-04-10;48340;13981;1821680;330736;52.4;9.5
FR;74;2021-04-11;12687;6655;1834367;337391;52.7;9.7
FR;74;2021-04-12;60450;17374;1894817;354765;54.5;10.2
FR;74;2021-04-13;68288;21105;1963105;375870;56.4;10.8
FR;74;2021-04-14;59581;21300;2022686;397170;58.2;11.4
FR;74;2021-04-15;61358;23802;2084044;420972;59.9;12.1
FR;74;2021-04-16;51743;23977;2135787;444949;61.4;12.8
FR;74;2021-04-17;25516;16582;2161303;461531;62.1;13.3
FR;74;2021-04-18;5693;6931;2166996;468462;62.3;13.5
FR;74;2021-04-19;31444;23834;2198440;492296;63.2;14.2
FR;74;2021-04-20;35954;29332;2234394;521628;64.2;15.0
FR;74;2021-04-21;32992;29665;2267386;551293;65.2;15.8
FR;74;2021-04-22;37735;34954;2305121;586247;66.3;16.9
FR;74;2021-04-23;34373;38501;2339494;624748;67.3;18.0
FR;74;2021-04-24;18481;30492;2357975;655240;67.8;18.8
FR;74;2021-04-25;6035;12525;2364010;667765;68.0;19.2
FR;74;2021-04-26;26140;47075;2390150;714840;68.7;20.6
FR;74;2021-04-27;32701;55178;2422851;770018;69.7;22.1
FR;74;2021-04-28;32175;52071;2455026;822089;70.6;23.6
FR;74;2021-04-29;38004;53075;2493030;875164;71.7;25.2
FR;74;2021-04-30;34370;48229;2527400;923393;72.7;26.5
FR;74;2021-05-01;10926;14936;2538326;938329;73.0;27.0
FR;79;2020-12-27;1;0;1;0;0.0;0.0
FR;79;2020-12-28;6;0;7;0;0.0;0.0
FR;79;2020-12-29;15;0;22;0;0.0;0.0
FR;79;2020-12-30;11;0;33;0;0.0;0.0
FR;79;2020-12-31;6;0;39;0;0.0;0.0
FR;79;2021-01-01;4;0;43;0;0.0;0.0
FR;79;2021-01-02;3;0;46;0;0.0;0.0
FR;79;2021-01-03;2;0;48;0;0.0;0.0
FR;79;2021-01-04;49;0;97;0;0.0;0.0
FR;79;2021-01-05;171;0;268;0;0.0;0.0
FR;79;2021-01-06;339;0;607;0;0.0;0.0
FR;79;2021-01-07;903;0;1510;0;0.1;0.0
FR;79;2021-01-08;1069;0;2579;0;0.1;0.0
FR;79;2021-01-09;364;0;2943;0;0.1;0.0
FR;79;2021-01-10;191;0;3134;0;0.1;0.0
FR;79;2021-01-11;1143;0;4277;0;0.2;0.0
FR;79;2021-01-12;2191;0;6468;0;0.3;0.0
FR;79;2021-01-13;2743;0;9211;0;0.4;0.0
FR;79;2021-01-14;4428;2;13639;2;0.6;0.0
FR;79;2021-01-15;5240;0;18879;2;0.9;0.0
FR;79;2021-01-16;2818;60;21697;62;1.0;0.0
FR;79;2021-01-17;1305;3;23002;65;1.0;0.0
FR;79;2021-01-18;19622;39;42624;104;1.9;0.0
FR;79;2021-01-19;25994;44;68618;148;3.1;0.0
FR;79;2021-01-20;28008;30;96626;178;4.4;0.0
FR;79;2021-01-21;30028;32;126654;210;5.7;0.0
FR;79;2021-01-22;27863;32;154517;242;7.0;0.0
FR;79;2021-01-23;11658;10;166175;252;7.5;0.0
FR;79;2021-01-24;2172;7;168347;259;7.6;0.0
FR;79;2021-01-25;22540;56;190887;315;8.6;0.0
FR;79;2021-01-26;25707;158;216594;473;9.8;0.0
FR;79;2021-01-27;24994;233;241588;706;10.9;0.0
FR;79;2021-01-28;25170;714;266758;1420;12.0;0.1
FR;79;2021-01-29;22521;642;289279;2062;13.0;0.1
FR;79;2021-01-30;8782;152;298061;2214;13.4;0.1
FR;79;2021-01-31;1229;69;299290;2283;13.5;0.1
FR;79;2021-02-01;16127;789;315417;3072;14.2;0.1
FR;79;2021-02-02;19250;1581;334667;4653;15.1;0.2
FR;79;2021-02-03;18282;1896;352949;6549;15.9;0.3
FR;79;2021-02-04;19154;2995;372103;9544;16.8;0.4
FR;79;2021-02-05;18010;2879;390113;12423;17.6;0.6
FR;79;2021-02-06;6449;1087;396562;13510;17.9;0.6
FR;79;2021-02-07;871;502;397433;14012;17.9;0.6
FR;79;2021-02-08;13080;6176;410513;20188;18.5;0.9
FR;79;2021-02-09;15542;8301;426055;28489;19.2;1.3
FR;79;2021-02-10;15435;8731;441490;37220;19.9;1.7
FR;79;2021-02-11;16513;10336;458003;47556;20.7;2.1
FR;79;2021-02-12;15662;9694;473665;57250;21.4;2.6
FR;79;2021-02-13;5003;4253;478668;61503;21.6;2.8
FR;79;2021-02-14;901;1116;479569;62619;21.6;2.8
FR;79;2021-02-15;7126;20287;486695;82906;21.9;3.7
FR;79;2021-02-16;8334;23613;495029;106519;22.3;4.8
FR;79;2021-02-17;8246;24923;503275;131442;22.7;5.9
FR;79;2021-02-18;10267;25409;513542;156851;23.2;7.1
FR;79;2021-02-19;10300;21103;523842;177954;23.6;8.0
FR;79;2021-02-20;3766;8745;527608;186699;23.8;8.4
FR;79;2021-02-21;548;1495;528156;188194;23.8;8.5
FR;79;2021-02-22;6979;22240;535135;210434;24.1;9.5
FR;79;2021-02-23;9625;23862;544760;234296;24.6;10.6
FR;79;2021-02-24;10019;22602;554779;256898;25.0;11.6
FR;79;2021-02-25;11645;21904;566424;278802;25.5;12.6
FR;79;2021-02-26;12041;19068;578465;297870;26.1;13.4
FR;79;2021-02-27;4415;7005;582880;304875;26.3;13.7
FR;79;2021-02-28;873;977;583753;305852;26.3;13.8
FR;79;2021-03-01;12103;16896;595856;322748;26.9;14.6
FR;79;2021-03-02;16286;19380;612142;342128;27.6;15.4
FR;79;2021-03-03;17695;18178;629837;360306;28.4;16.2
FR;79;2021-03-04;20837;18268;650674;378574;29.3;17.1
FR;79;2021-03-05;22389;15983;673063;394557;30.4;17.8
FR;79;2021-03-06;28922;5206;701985;399763;31.7;18.0
FR;79;2021-03-07;21026;734;723011;400497;32.6;18.1
FR;79;2021-03-08;17329;14807;740340;415304;33.4;18.7
FR;79;2021-03-09;25678;16054;766018;431358;34.5;19.5
FR;79;2021-03-10;26808;15300;792826;446658;35.8;20.1
FR;79;2021-03-11;31725;14907;824551;461565;37.2;20.8
FR;79;2021-03-12;33269;12590;857820;474155;38.7;21.4
FR;79;2021-03-13;25222;4136;883042;478291;39.8;21.6
FR;79;2021-03-14;9455;664;892497;478955;40.3;21.6
FR;79;2021-03-15;28403;8224;920900;487179;41.5;22.0
FR;79;2021-03-16;32761;8940;953661;496119;43.0;22.4
FR;79;2021-03-17;33730;8738;987391;504857;44.5;22.8
FR;79;2021-03-18;36626;9306;1024017;514163;46.2;23.2
FR;79;2021-03-19;36637;8413;1060654;522576;47.8;23.6
FR;79;2021-03-20;20641;3036;1081295;525612;48.8;23.7
FR;79;2021-03-21;5871;466;1087166;526078;49.0;23.7
FR;79;2021-03-22;28526;8924;1115692;535002;50.3;24.1
FR;79;2021-03-23;36968;10610;1152660;545612;52.0;24.6
FR;79;2021-03-24;35463;11010;1188123;556622;53.6;25.1
FR;79;2021-03-25;41776;10920;1229899;567542;55.5;25.6
FR;79;2021-03-26;39284;10283;1269183;577825;57.2;26.1
FR;79;2021-03-27;17612;4468;1286795;582293;58.0;26.3
FR;79;2021-03-28;4784;1320;1291579;583613;58.2;26.3
FR;79;2021-03-29;22220;14438;1313799;598051;59.3;27.0
FR;79;2021-03-30;27928;18781;1341727;616832;60.5;27.8
FR;79;2021-03-31;24609;19833;1366336;636665;61.6;28.7
FR;79;2021-04-01;27065;24576;1393401;661241;62.8;29.8
FR;79;2021-04-02;22975;25375;1416376;686616;63.9;31.0
FR;79;2021-04-03;9986;17476;1426362;704092;64.3;31.8
FR;79;2021-04-04;2793;5078;1429155;709170;64.5;32.0
FR;79;2021-04-05;4162;2637;1433317;711807;64.6;32.1
FR;79;2021-04-06;18430;30132;1451747;741939;65.5;33.5
FR;79;2021-04-07;20817;29190;1472564;771129;66.4;34.8
FR;79;2021-04-08;24725;29237;1497289;800366;67.5;36.1
FR;79;2021-04-09;26568;27448;1523857;827814;68.7;37.3
FR;79;2021-04-10;13572;18700;1537429;846514;69.3;38.2
FR;79;2021-04-11;3478;6269;1540907;852783;69.5;38.5
FR;79;2021-04-12;16609;28792;1557516;881575;70.2;39.8
FR;79;2021-04-13;18931;34225;1576447;915800;71.1;41.3
FR;79;2021-04-14;17952;32610;1594399;948410;71.9;42.8
FR;79;2021-04-15;18868;33407;1613267;981817;72.8;44.3
FR;79;2021-04-16;16046;30596;1629313;1012413;73.5;45.7
FR;79;2021-04-17;8068;16247;1637381;1028660;73.8;46.4
FR;79;2021-04-18;1753;4785;1639134;1033445;73.9;46.6
FR;79;2021-04-19;9728;28636;1648862;1062081;74.4;47.9
FR;79;2021-04-20;11554;33984;1660416;1096065;74.9;49.4
FR;79;2021-04-21;11133;30761;1671549;1126826;75.4;50.8
FR;79;2021-04-22;12682;30761;1684231;1157587;76.0;52.2
FR;79;2021-04-23;11705;27313;1695936;1184900;76.5;53.4
FR;79;2021-04-24;6088;13474;1702024;1198374;76.8;54.0
FR;79;2021-04-25;1878;3338;1703902;1201712;76.8;54.2
FR;79;2021-04-26;8741;20542;1712643;1222254;77.2;55.1
FR;79;2021-04-27;10910;23252;1723553;1245506;77.7;56.2
FR;79;2021-04-28;11385;20421;1734938;1265927;78.2;57.1
FR;79;2021-04-29;13282;20138;1748220;1286065;78.8;58.0
FR;79;2021-04-30;12447;17103;1760667;1303168;79.4;58.8
FR;79;2021-05-01;3746;3810;1764413;1306978;79.6;58.9
FR;80;2020-12-27;10;0;10;0;0.0;0.0
FR;80;2020-12-28;41;0;51;0;0.0;0.0
FR;80;2020-12-29;78;0;129;0;0.0;0.0
FR;80;2020-12-30;69;0;198;0;0.0;0.0
FR;80;2020-12-31;49;0;247;0;0.0;0.0
FR;80;2021-01-01;8;0;255;0;0.0;0.0
FR;80;2021-01-02;8;0;263;0;0.0;0.0
FR;80;2021-01-03;2;0;265;0;0.0;0.0
FR;80;2021-01-04;296;0;561;0;0.0;0.0
FR;80;2021-01-05;908;0;1469;0;0.0;0.0
FR;80;2021-01-06;1672;0;3141;0;0.1;0.0
FR;80;2021-01-07;6283;1;9424;1;0.2;0.0
FR;80;2021-01-08;5699;0;15123;1;0.4;0.0
FR;80;2021-01-09;979;0;16102;1;0.4;0.0
FR;80;2021-01-10;307;0;16409;1;0.4;0.0
FR;80;2021-01-11;4427;0;20836;1;0.5;0.0
FR;80;2021-01-12;12613;2;33449;3;0.8;0.0
FR;80;2021-01-13;12413;6;45862;9;1.1;0.0
FR;80;2021-01-14;18179;17;64041;26;1.5;0.0
FR;80;2021-01-15;12076;0;76117;26;1.8;0.0
FR;80;2021-01-16;4029;165;80146;191;1.9;0.0
FR;80;2021-01-17;3741;17;83887;208;2.0;0.0
FR;80;2021-01-18;28711;67;112598;275;2.7;0.0
FR;80;2021-01-19;53657;127;166255;402;4.0;0.0
FR;80;2021-01-20;59340;102;225595;504;5.4;0.0
FR;80;2021-01-21;69874;79;295469;583;7.1;0.0
FR;80;2021-01-22;48209;87;343678;670;8.3;0.0
FR;80;2021-01-23;16213;12;359891;682;8.7;0.0
FR;80;2021-01-24;4310;3;364201;685;8.8;0.0
FR;80;2021-01-25;32370;228;396571;913;9.5;0.0
FR;80;2021-01-26;45056;796;441627;1709;10.6;0.0
FR;80;2021-01-27;50842;1362;492469;3071;11.8;0.1
FR;80;2021-01-28;59899;5154;552368;8225;13.3;0.2
FR;80;2021-01-29;39293;4026;591661;12251;14.2;0.3
FR;80;2021-01-30;13221;655;604882;12906;14.5;0.3
FR;80;2021-01-31;2332;242;607214;13148;14.6;0.3
FR;80;2021-02-01;22982;3220;630196;16368;15.2;0.4
FR;80;2021-02-02;33423;9864;663619;26232;16.0;0.6
FR;80;2021-02-03;34391;9637;698010;35869;16.8;0.9
FR;80;2021-02-04;38011;15809;736021;51678;17.7;1.2
FR;80;2021-02-05;29749;9870;765770;61548;18.4;1.5
FR;80;2021-02-06;9700;2043;775470;63591;18.7;1.5
FR;80;2021-02-07;1448;2111;776918;65702;18.7;1.6
FR;80;2021-02-08;19326;12400;796244;78102;19.2;1.9
FR;80;2021-02-09;25869;29909;822113;108011;19.8;2.6
FR;80;2021-02-10;26281;33042;848394;141053;20.4;3.4
FR;80;2021-02-11;30432;44764;878826;185817;21.1;4.5
FR;80;2021-02-12;26679;23988;905505;209805;21.8;5.0
FR;80;2021-02-13;7922;5992;913427;215797;22.0;5.2
FR;80;2021-02-14;1507;2529;914934;218326;22.0;5.3
FR;80;2021-02-15;11110;26954;926044;245280;22.3;5.9
FR;80;2021-02-16;15519;38478;941563;283758;22.6;6.8
FR;80;2021-02-17;15906;46646;957469;330404;23.0;7.9
FR;80;2021-02-18;21440;56572;978909;386976;23.5;9.3
FR;80;2021-02-19;19009;36648;997918;423624;24.0;10.2
FR;80;2021-02-20;6298;12058;1004216;435682;24.2;10.5
FR;80;2021-02-21;913;2363;1005129;438045;24.2;10.5
FR;80;2021-02-22;11155;29421;1016284;467466;24.4;11.2
FR;80;2021-02-23;17033;37061;1033317;504527;24.9;12.1
FR;80;2021-02-24;17957;37803;1051274;542330;25.3;13.0
FR;80;2021-02-25;22222;40842;1073496;583172;25.8;14.0
FR;80;2021-02-26;20485;29722;1093981;612894;26.3;14.7
FR;80;2021-02-27;7167;10203;1101148;623097;26.5;15.0
FR;80;2021-02-28;1259;1642;1102407;624739;26.5;15.0
FR;80;2021-03-01;18715;22906;1121122;647645;27.0;15.6
FR;80;2021-03-02;26817;29022;1147939;676667;27.6;16.3
FR;80;2021-03-03;28622;28752;1176561;705419;28.3;17.0
FR;80;2021-03-04;34741;31249;1211302;736668;29.1;17.7
FR;80;2021-03-05;35779;26517;1247081;763185;30.0;18.4
FR;80;2021-03-06;41226;7796;1288307;770981;31.0;18.5
FR;80;2021-03-07;29634;1072;1317941;772053;31.7;18.6
FR;80;2021-03-08;27106;20973;1345047;793026;32.3;19.1
FR;80;2021-03-09;40588;23793;1385635;816819;33.3;19.6
FR;80;2021-03-10;42974;24662;1428609;841481;34.4;20.2
FR;80;2021-03-11;51449;27008;1480058;868489;35.6;20.9
FR;80;2021-03-12;51911;22088;1531969;890577;36.8;21.4
FR;80;2021-03-13;37325;6626;1569294;897203;37.7;21.6
FR;80;2021-03-14;13873;1047;1583167;898250;38.1;21.6
FR;80;2021-03-15;43965;12692;1627132;910942;39.1;21.9
FR;80;2021-03-16;51729;15972;1678861;926914;40.4;22.3
FR;80;2021-03-17;54522;15103;1733383;942017;41.7;22.7
FR;80;2021-03-18;58372;18233;1791755;960250;43.1;23.1
FR;80;2021-03-19;57247;14708;1849002;974958;44.5;23.4
FR;80;2021-03-20;30933;4913;1879935;979871;45.2;23.6
FR;80;2021-03-21;8680;664;1888615;980535;45.4;23.6
FR;80;2021-03-22;42758;13538;1931373;994073;46.5;23.9
FR;80;2021-03-23;55427;17435;1986800;1011508;47.8;24.3
FR;80;2021-03-24;54304;18260;2041104;1029768;49.1;24.8
FR;80;2021-03-25;63740;19331;2104844;1049099;50.6;25.2
FR;80;2021-03-26;59973;17545;2164817;1066644;52.1;25.7
FR;80;2021-03-27;26525;7279;2191342;1073923;52.7;25.8
FR;80;2021-03-28;6923;1834;2198265;1075757;52.9;25.9
FR;80;2021-03-29;32775;22287;2231040;1098044;53.7;26.4
FR;80;2021-03-30;43024;30210;2274064;1128254;54.7;27.1
FR;80;2021-03-31;40353;32267;2314417;1160521;55.7;27.9
FR;80;2021-04-01;45822;40038;2360239;1200559;56.8;28.9
FR;80;2021-04-02;36905;41043;2397144;1241602;57.7;29.9
FR;80;2021-04-03;14464;26158;2411608;1267760;58.0;30.5
FR;80;2021-04-04;3845;7493;2415453;1275253;58.1;30.7
FR;80;2021-04-05;5567;3815;2421020;1279068;58.2;30.8
FR;80;2021-04-06;26838;46825;2447858;1325893;58.9;31.9
FR;80;2021-04-07;32986;47674;2480844;1373567;59.7;33.0
FR;80;2021-04-08;39522;48654;2520366;1422221;60.6;34.2
FR;80;2021-04-09;42924;45036;2563290;1467257;61.6;35.3
FR;80;2021-04-10;19703;28284;2582993;1495541;62.1;36.0
FR;80;2021-04-11;4804;8952;2587797;1504493;62.2;36.2
FR;80;2021-04-12;23255;44729;2611052;1549222;62.8;37.3
FR;80;2021-04-13;29828;53522;2640880;1602744;63.5;38.5
FR;80;2021-04-14;28591;51304;2669471;1654048;64.2;39.8
FR;80;2021-04-15;30806;52862;2700277;1706910;64.9;41.1
FR;80;2021-04-16;25993;48278;2726270;1755188;65.6;42.2
FR;80;2021-04-17;12230;24803;2738500;1779991;65.9;42.8
FR;80;2021-04-18;2507;7404;2741007;1787395;65.9;43.0
FR;80;2021-04-19;14063;42697;2755070;1830092;66.3;44.0
FR;80;2021-04-20;17685;52241;2772755;1882333;66.7;45.3
FR;80;2021-04-21;17690;49411;2790445;1931744;67.1;46.5
FR;80;2021-04-22;20272;50738;2810717;1982482;67.6;47.7
FR;80;2021-04-23;18711;43889;2829428;2026371;68.1;48.7
FR;80;2021-04-24;9292;20654;2838720;2047025;68.3;49.2
FR;80;2021-04-25;2638;4878;2841358;2051903;68.3;49.3
FR;80;2021-04-26;12065;30006;2853423;2081909;68.6;50.1
FR;80;2021-04-27;16436;35447;2869859;2117356;69.0;50.9
FR;80;2021-04-28;17500;33553;2887359;2150909;69.4;51.7
FR;80;2021-04-29;20807;34570;2908166;2185479;69.9;52.6
FR;80;2021-04-30;19553;28252;2927719;2213731;70.4;53.2
FR;80;2021-05-01;5667;5461;2933386;2219192;70.6;53.4
FR;0;2020-12-27;18;0;18;0;0.0;0.0
FR;0;2020-12-28;60;0;78;0;0.0;0.0
FR;0;2020-12-29;107;0;185;0;0.0;0.0
FR;0;2020-12-30;116;0;301;0;0.0;0.0
FR;0;2020-12-31;83;0;384;0;0.0;0.0
FR;0;2021-01-01;57;0;441;0;0.0;0.0
FR;0;2021-01-02;72;0;513;0;0.0;0.0
FR;0;2021-01-03;87;0;600;0;0.0;0.0
FR;0;2021-01-04;1464;0;2064;0;0.0;0.0
FR;0;2021-01-05;5356;0;7420;0;0.0;0.0
FR;0;2021-01-06;11253;2;18673;2;0.0;0.0
FR;0;2021-01-07;28455;13;47128;15;0.1;0.0
FR;0;2021-01-08;35889;4;83017;19;0.1;0.0
FR;0;2021-01-09;10867;1;93884;20;0.1;0.0
FR;0;2021-01-10;5599;0;99483;20;0.1;0.0
FR;0;2021-01-11;38721;7;138204;27;0.2;0.0
FR;0;2021-01-12;60324;14;198528;41;0.3;0.0
FR;0;2021-01-13;63395;28;261923;69;0.4;0.0
FR;0;2021-01-14;79503;52;341426;121;0.5;0.0
FR;0;2021-01-15;66988;14;408414;135;0.6;0.0
FR;0;2021-01-16;19580;855;427994;990;0.6;0.0
FR;0;2021-01-17;10447;41;438441;1031;0.7;0.0
FR;0;2021-01-18;84120;213;522561;1244;0.8;0.0
FR;0;2021-01-19;127895;260;650456;1504;1.0;0.0
FR;0;2021-01-20;134603;215;785059;1719;1.2;0.0
FR;0;2021-01-21;154587;220;939646;1939;1.4;0.0
FR;0;2021-01-22;117904;273;1057550;2212;1.6;0.0
FR;0;2021-01-23;37727;88;1095277;2300;1.6;0.0
FR;0;2021-01-24;9318;105;1104595;2405;1.6;0.0
FR;0;2021-01-25;76582;1522;1181177;3927;1.8;0.0
FR;0;2021-01-26;98436;3955;1279613;7882;1.9;0.0
FR;0;2021-01-27;105369;6845;1384982;14727;2.1;0.0
FR;0;2021-01-28;121855;17572;1506837;32299;2.2;0.0
FR;0;2021-01-29;90620;19675;1597457;51974;2.4;0.1
FR;0;2021-01-30;28618;4678;1626075;56652;2.4;0.1
FR;0;2021-01-31;4859;1909;1630934;58561;2.4;0.1
FR;0;2021-02-01;51360;24143;1682294;82704;2.5;0.1
FR;0;2021-02-02;70299;40744;1752593;123448;2.6;0.2
FR;0;2021-02-03;70790;42027;1823383;165475;2.7;0.2
FR;0;2021-02-04;80072;58701;1903455;224176;2.8;0.3
FR;0;2021-02-05;66755;49579;1970210;273755;2.9;0.4
FR;0;2021-02-06;21215;11408;1991425;285163;3.0;0.4
FR;0;2021-02-07;4813;6457;1996238;291620;3.0;0.4
FR;0;2021-02-08;45703;50131;2041941;341751;3.0;0.5
FR;0;2021-02-09;64539;82438;2106480;424189;3.1;0.6
FR;0;2021-02-10;68886;87385;2175366;511574;3.2;0.8
FR;0;2021-02-11;85071;110370;2260437;621944;3.4;0.9
FR;0;2021-02-12;77215;75874;2337652;697818;3.5;1.0
FR;0;2021-02-13;21540;18676;2359192;716494;3.5;1.1
FR;0;2021-02-14;4541;6757;2363733;723251;3.5;1.1
FR;0;2021-02-15;36751;75158;2400484;798409;3.6;1.2
FR;0;2021-02-16;48873;96695;2449357;895104;3.6;1.3
FR;0;2021-02-17;49065;107973;2498422;1003077;3.7;1.5
FR;0;2021-02-18;67257;125685;2565679;1128762;3.8;1.7
FR;0;2021-02-19;63304;91205;2628983;1219967;3.9;1.8
FR;0;2021-02-20;17855;27684;2646838;1247651;3.9;1.9
FR;0;2021-02-21;2837;5387;2649675;1253038;3.9;1.9
FR;0;2021-02-22;36183;70899;2685858;1323937;4.0;2.0
FR;0;2021-02-23;52128;83778;2737986;1407715;4.1;2.1
FR;0;2021-02-24;57667;82699;2795653;1490414;4.2;2.2
FR;0;2021-02-25;97650;89094;2893303;1579508;4.3;2.4
FR;0;2021-02-26;110779;69465;3004082;1648973;4.5;2.5
FR;0;2021-02-27;50650;22307;3054732;1671280;4.6;2.5
FR;0;2021-02-28;5631;3602;3060363;1674882;4.6;2.5
FR;0;2021-03-01;62900;52629;3123263;1727511;4.7;2.6
FR;0;2021-03-02;98476;66769;3221739;1794280;4.8;2.7
FR;0;2021-03-03;112395;64763;3334134;1859043;5.0;2.8
FR;0;2021-03-04;157978;73933;3492112;1932976;5.2;2.9
FR;0;2021-03-05;195641;62079;3687753;1995055;5.5;3.0
FR;0;2021-03-06;202019;17287;3889772;2012342;5.8;3.0
FR;0;2021-03-07;118828;2657;4008600;2014999;6.0;3.0
FR;0;2021-03-08;103820;47177;4112420;2062176;6.1;3.1
FR;0;2021-03-09;168133;54702;4280553;2116878;6.4;3.2
FR;0;2021-03-10;174061;56353;4454614;2173231;6.6;3.2
FR;0;2021-03-11;237069;64156;4691683;2237387;7.0;3.3
FR;0;2021-03-12;288518;53154;4980201;2290541;7.4;3.4
FR;0;2021-03-13;226325;15410;5206526;2305951;7.8;3.4
FR;0;2021-03-14;61919;2726;5268445;2308677;7.8;3.4
FR;0;2021-03-15;154736;30600;5423181;2339277;8.1;3.5
FR;0;2021-03-16;138861;38427;5562042;2377704;8.3;3.5
FR;0;2021-03-17;147417;37492;5709459;2415196;8.5;3.6
FR;0;2021-03-18;164456;45045;5873915;2460241;8.8;3.7
FR;0;2021-03-19;225454;37846;6099369;2498087;9.1;3.7
FR;0;2021-03-20;163916;12534;6263285;2510621;9.3;3.7
FR;0;2021-03-21;48650;2117;6311935;2512738;9.4;3.7
FR;0;2021-03-22;166365;34290;6478300;2547028;9.7;3.8
FR;0;2021-03-23;245652;44296;6723952;2591324;10.0;3.9
FR;0;2021-03-24;252198;45664;6976150;2636988;10.4;3.9
FR;0;2021-03-25;335808;49103;7311958;2686091;10.9;4.0
FR;0;2021-03-26;353067;45516;7665025;2731607;11.4;4.1
FR;0;2021-03-27;192200;19368;7857225;2750975;11.7;4.1
FR;0;2021-03-28;58162;5601;7915387;2756576;11.8;4.1
FR;0;2021-03-29;199305;54578;8114692;2811154;12.1;4.2
FR;0;2021-03-30;280300;73755;8394992;2884909;12.5;4.3
FR;0;2021-03-31;257665;78271;8652657;2963180;12.9;4.4
FR;0;2021-04-01;307148;99952;8959805;3063132;13.3;4.6
FR;0;2021-04-02;275934;100988;9235739;3164120;13.8;4.7
FR;0;2021-04-03;138507;65053;9374246;3229173;14.0;4.8
FR;0;2021-04-04;44595;19929;9418841;3249102;14.0;4.8
FR;0;2021-04-05;58371;11238;9477212;3260340;14.1;4.9
FR;0;2021-04-06;207629;117481;9684841;3377821;14.4;5.0
FR;0;2021-04-07;252951;119521;9937792;3497342;14.8;5.2
FR;0;2021-04-08;327880;130342;10265672;3627684;15.3;5.4
FR;0;2021-04-09;399894;124511;10665566;3752195;15.9;5.6
FR;0;2021-04-10;208843;86554;10874409;3838749;16.2;5.7
FR;0;2021-04-11;54658;35013;10929067;3873762;16.3;5.8
FR;0;2021-04-12;231544;119004;11160611;3992766;16.6;5.9
FR;0;2021-04-13;302048;147820;11462659;4140586;17.1;6.2
FR;0;2021-04-14;285837;145266;11748496;4285852;17.5;6.4
FR;0;2021-04-15;326790;157167;12075286;4443019;18.0;6.6
FR;0;2021-04-16;330474;152974;12405760;4595993;18.5;6.8
FR;0;2021-04-17;184551;93337;12590311;4689330;18.8;7.0
FR;0;2021-04-18;49990;36655;12640301;4725985;18.8;7.0
FR;0;2021-04-19;200293;141516;12840594;4867501;19.1;7.3
FR;0;2021-04-20;247188;177395;13087782;5044896;19.5;7.5
FR;0;2021-04-21;244829;175600;13332611;5220496;19.9;7.8
FR;0;2021-04-22;278483;197493;13611094;5417989;20.3;8.1
FR;0;2021-04-23;282668;191566;13893762;5609555;20.7;8.4
FR;0;2021-04-24;186376;117541;14080138;5727096;21.0;8.5
FR;0;2021-04-25;67136;40836;14147274;5767932;21.1;8.6
FR;0;2021-04-26;212074;166088;14359348;5934020;21.4;8.8
FR;0;2021-04-27;276594;202521;14635942;6136541;21.8;9.1
FR;0;2021-04-28;289810;199688;14925752;6336229;22.2;9.4
FR;0;2021-04-29;342549;219812;15268301;6556041;22.7;9.8
FR;0;2021-04-30;356832;211750;15625133;6767791;23.3;10.1
FR;0;2021-05-01;157475;59345;15782608;6827136;23.5;10.2
