reg;jour;n_dose1;n_complet;n_cum_dose1;n_cum_complet;couv_dose1;couv_complet
01;2020-12-27;0;0;0;0;0.0;0.0
01;2020-12-28;0;0;0;0;0.0;0.0
01;2020-12-29;0;0;0;0;0.0;0.0
01;2020-12-30;0;0;0;0;0.0;0.0
01;2020-12-31;0;0;0;0;0.0;0.0
01;2021-01-01;0;0;0;0;0.0;0.0
01;2021-01-02;0;0;0;0;0.0;0.0
01;2021-01-03;0;0;0;0;0.0;0.0
01;2021-01-04;1;0;1;0;0.0;0.0
01;2021-01-05;0;0;1;0;0.0;0.0
01;2021-01-06;0;0;1;0;0.0;0.0
01;2021-01-07;0;0;1;0;0.0;0.0
01;2021-01-08;30;0;31;0;0.0;0.0
01;2021-01-09;13;0;44;0;0.0;0.0
01;2021-01-10;0;0;44;0;0.0;0.0
01;2021-01-11;26;0;70;0;0.0;0.0
01;2021-01-12;30;0;100;0;0.0;0.0
01;2021-01-13;54;0;154;0;0.0;0.0
01;2021-01-14;70;0;224;0;0.1;0.0
01;2021-01-15;80;0;304;0;0.1;0.0
01;2021-01-16;0;0;304;0;0.1;0.0
01;2021-01-17;0;0;304;0;0.1;0.0
01;2021-01-18;73;0;377;0;0.1;0.0
01;2021-01-19;148;0;525;0;0.1;0.0
01;2021-01-20;109;0;634;0;0.2;0.0
01;2021-01-21;119;0;753;0;0.2;0.0
01;2021-01-22;100;0;853;0;0.2;0.0
01;2021-01-23;1;0;854;0;0.2;0.0
01;2021-01-24;0;0;854;0;0.2;0.0
01;2021-01-25;164;0;1018;0;0.3;0.0
01;2021-01-26;177;1;1195;1;0.3;0.0
01;2021-01-27;209;0;1404;1;0.4;0.0
01;2021-01-28;187;2;1591;3;0.4;0.0
01;2021-01-29;177;1;1768;4;0.5;0.0
01;2021-01-30;6;0;1774;4;0.5;0.0
01;2021-01-31;0;0;1774;4;0.5;0.0
01;2021-02-01;188;4;1962;8;0.5;0.0
01;2021-02-02;226;24;2188;32;0.6;0.0
01;2021-02-03;160;2;2348;34;0.6;0.0
01;2021-02-04;246;20;2594;54;0.7;0.0
01;2021-02-05;159;32;2753;86;0.7;0.0
01;2021-02-06;8;0;2761;86;0.7;0.0
01;2021-02-07;0;0;2761;86;0.7;0.0
01;2021-02-08;114;22;2875;108;0.8;0.0
01;2021-02-09;214;27;3089;135;0.8;0.0
01;2021-02-10;159;30;3248;165;0.9;0.0
01;2021-02-11;248;109;3496;274;0.9;0.1
01;2021-02-12;298;24;3794;298;1.0;0.1
01;2021-02-13;7;7;3801;305;1.0;0.1
01;2021-02-14;12;36;3813;341;1.0;0.1
01;2021-02-15;100;45;3913;386;1.0;0.1
01;2021-02-16;14;1;3927;387;1.0;0.1
01;2021-02-17;15;1;3942;388;1.0;0.1
01;2021-02-18;174;14;4116;402;1.1;0.1
01;2021-02-19;224;19;4340;421;1.2;0.1
01;2021-02-20;2;0;4342;421;1.2;0.1
01;2021-02-21;1;0;4343;421;1.2;0.1
01;2021-02-22;120;64;4463;485;1.2;0.1
01;2021-02-23;179;124;4642;609;1.2;0.2
01;2021-02-24;211;125;4853;734;1.3;0.2
01;2021-02-25;270;114;5123;848;1.4;0.2
01;2021-02-26;160;95;5283;943;1.4;0.3
01;2021-02-27;1;0;5284;943;1.4;0.3
01;2021-02-28;1;0;5285;943;1.4;0.3
01;2021-03-01;98;81;5383;1024;1.4;0.3
01;2021-03-02;202;131;5585;1155;1.5;0.3
01;2021-03-03;141;117;5726;1272;1.5;0.3
01;2021-03-04;247;81;5973;1353;1.6;0.4
01;2021-03-05;246;152;6219;1505;1.7;0.4
01;2021-03-06;409;1;6628;1506;1.8;0.4
01;2021-03-07;1;0;6629;1506;1.8;0.4
01;2021-03-08;172;137;6801;1643;1.8;0.4
01;2021-03-09;274;149;7075;1792;1.9;0.5
01;2021-03-10;306;154;7381;1946;2.0;0.5
01;2021-03-11;125;57;7506;2003;2.0;0.5
01;2021-03-12;277;234;7783;2237;2.1;0.6
01;2021-03-13;62;1;7845;2238;2.1;0.6
01;2021-03-14;2;23;7847;2261;2.1;0.6
01;2021-03-15;241;41;8088;2302;2.1;0.6
01;2021-03-16;318;78;8406;2380;2.2;0.6
01;2021-03-17;318;82;8724;2462;2.3;0.7
01;2021-03-18;375;106;9099;2568;2.4;0.7
01;2021-03-19;401;111;9500;2679;2.5;0.7
01;2021-03-20;33;44;9533;2723;2.5;0.7
01;2021-03-21;0;0;9533;2723;2.5;0.7
01;2021-03-22;238;86;9771;2809;2.6;0.7
01;2021-03-23;351;155;10122;2964;2.7;0.8
01;2021-03-24;364;105;10486;3069;2.8;0.8
01;2021-03-25;561;177;11047;3246;2.9;0.9
01;2021-03-26;518;129;11565;3375;3.1;0.9
01;2021-03-27;251;47;11816;3422;3.1;0.9
01;2021-03-28;4;0;11820;3422;3.1;0.9
01;2021-03-29;278;80;12098;3502;3.2;0.9
01;2021-03-30;544;161;12642;3663;3.4;1.0
01;2021-03-31;463;138;13105;3801;3.5;1.0
01;2021-04-01;573;199;13678;4000;3.6;1.1
01;2021-04-02;39;35;13717;4035;3.6;1.1
01;2021-04-03;40;2;13757;4037;3.7;1.1
01;2021-04-04;4;18;13761;4055;3.7;1.1
01;2021-04-05;7;1;13768;4056;3.7;1.1
01;2021-04-06;313;186;14081;4242;3.7;1.1
01;2021-04-07;458;113;14539;4355;3.9;1.2
01;2021-04-08;382;175;14921;4530;4.0;1.2
01;2021-04-09;378;219;15299;4749;4.1;1.3
01;2021-04-10;90;8;15389;4757;4.1;1.3
01;2021-04-11;2;25;15391;4782;4.1;1.3
01;2021-04-12;170;256;15561;5038;4.1;1.3
01;2021-04-13;410;318;15971;5356;4.2;1.4
01;2021-04-14;318;224;16289;5580;4.3;1.5
01;2021-04-15;408;330;16697;5910;4.4;1.6
01;2021-04-16;452;273;17149;6183;4.6;1.6
01;2021-04-17;249;6;17398;6189;4.6;1.6
01;2021-04-18;3;14;17401;6203;4.6;1.6
01;2021-04-19;267;236;17668;6439;4.7;1.7
01;2021-04-20;578;361;18246;6800;4.8;1.8
01;2021-04-21;485;310;18731;7110;5.0;1.9
01;2021-04-22;640;328;19371;7438;5.1;2.0
01;2021-04-23;715;244;20086;7682;5.3;2.0
01;2021-04-24;264;147;20350;7829;5.4;2.1
01;2021-04-25;550;62;20900;7891;5.5;2.1
01;2021-04-26;768;206;21668;8097;5.7;2.1
01;2021-04-27;383;238;22051;8335;5.9;2.2
01;2021-04-28;506;258;22557;8593;6.0;2.3
01;2021-04-29;986;173;23543;8766;6.2;2.3
01;2021-04-30;1112;160;24655;8926;6.5;2.4
01;2021-05-01;551;45;25206;8971;6.7;2.4
01;2021-05-02;327;13;25533;8984;6.8;2.4
01;2021-05-03;729;167;26262;9151;7.0;2.4
01;2021-05-04;874;219;27136;9370;7.2;2.5
01;2021-05-05;813;246;27949;9616;7.4;2.6
01;2021-05-06;903;163;28852;9779;7.7;2.6
01;2021-05-07;832;248;29684;10027;7.9;2.7
01;2021-05-08;310;30;29994;10057;8.0;2.7
01;2021-05-09;177;9;30171;10066;8.0;2.7
01;2021-05-10;605;204;30776;10270;8.2;2.7
01;2021-05-11;720;302;31496;10572;8.4;2.8
01;2021-05-12;749;352;32245;10924;8.6;2.9
01;2021-05-13;203;77;32448;11001;8.6;2.9
01;2021-05-14;656;301;33104;11302;8.8;3.0
01;2021-05-15;326;13;33430;11315;8.9;3.0
01;2021-05-16;179;34;33609;11349;8.9;3.0
01;2021-05-17;495;269;34104;11618;9.0;3.1
01;2021-05-18;546;387;34650;12005;9.2;3.2
01;2021-05-19;528;518;35178;12523;9.3;3.3
01;2021-05-20;612;369;35790;12892;9.5;3.4
01;2021-05-21;621;378;36411;13270;9.7;3.5
01;2021-05-22;374;217;36785;13487;9.8;3.6
01;2021-05-23;195;112;36980;13599;9.8;3.6
01;2021-05-24;193;176;37173;13775;9.9;3.7
01;2021-05-25;382;657;37555;14432;10.0;3.8
01;2021-05-26;445;487;38000;14919;10.1;4.0
01;2021-05-27;132;198;38132;15117;10.1;4.0
01;2021-05-28;393;514;38525;15631;10.2;4.1
01;2021-05-29;157;135;38682;15766;10.3;4.2
01;2021-05-30;70;110;38752;15876;10.3;4.2
01;2021-05-31;360;527;39112;16403;10.4;4.4
01;2021-06-01;450;711;39562;17114;10.5;4.5
01;2021-06-02;465;704;40027;17818;10.6;4.7
01;2021-06-03;360;562;40387;18380;10.7;4.9
02;2020-12-27;0;0;0;0;0.0;0.0
02;2020-12-28;0;0;0;0;0.0;0.0
02;2020-12-29;0;0;0;0;0.0;0.0
02;2020-12-30;0;0;0;0;0.0;0.0
02;2020-12-31;0;0;0;0;0.0;0.0
02;2021-01-01;0;0;0;0;0.0;0.0
02;2021-01-02;0;0;0;0;0.0;0.0
02;2021-01-03;0;0;0;0;0.0;0.0
02;2021-01-04;0;0;0;0;0.0;0.0
02;2021-01-05;0;0;0;0;0.0;0.0
02;2021-01-06;5;0;5;0;0.0;0.0
02;2021-01-07;31;0;36;0;0.0;0.0
02;2021-01-08;80;1;116;1;0.0;0.0
02;2021-01-09;20;0;136;1;0.0;0.0
02;2021-01-10;0;0;136;1;0.0;0.0
02;2021-01-11;122;0;258;1;0.1;0.0
02;2021-01-12;78;0;336;1;0.1;0.0
02;2021-01-13;65;0;401;1;0.1;0.0
02;2021-01-14;87;0;488;1;0.1;0.0
02;2021-01-15;136;0;624;1;0.2;0.0
02;2021-01-16;51;0;675;1;0.2;0.0
02;2021-01-17;0;0;675;1;0.2;0.0
02;2021-01-18;158;0;833;1;0.2;0.0
02;2021-01-19;167;0;1000;1;0.3;0.0
02;2021-01-20;163;0;1163;1;0.3;0.0
02;2021-01-21;181;0;1344;1;0.4;0.0
02;2021-01-22;156;0;1500;1;0.4;0.0
02;2021-01-23;58;0;1558;1;0.4;0.0
02;2021-01-24;0;0;1558;1;0.4;0.0
02;2021-01-25;159;0;1717;1;0.5;0.0
02;2021-01-26;137;0;1854;1;0.5;0.0
02;2021-01-27;161;5;2015;6;0.6;0.0
02;2021-01-28;143;12;2158;18;0.6;0.0
02;2021-01-29;142;41;2300;59;0.6;0.0
02;2021-01-30;96;16;2396;75;0.7;0.0
02;2021-01-31;0;0;2396;75;0.7;0.0
02;2021-02-01;118;74;2514;149;0.7;0.0
02;2021-02-02;184;95;2698;244;0.8;0.1
02;2021-02-03;129;80;2827;324;0.8;0.1
02;2021-02-04;158;73;2985;397;0.8;0.1
02;2021-02-05;120;97;3105;494;0.9;0.1
02;2021-02-06;62;26;3167;520;0.9;0.1
02;2021-02-07;1;0;3168;520;0.9;0.1
02;2021-02-08;136;78;3304;598;0.9;0.2
02;2021-02-09;175;78;3479;676;1.0;0.2
02;2021-02-10;138;90;3617;766;1.0;0.2
02;2021-02-11;149;103;3766;869;1.0;0.2
02;2021-02-12;124;128;3890;997;1.1;0.3
02;2021-02-13;38;37;3928;1034;1.1;0.3
02;2021-02-14;0;0;3928;1034;1.1;0.3
02;2021-02-15;51;67;3979;1101;1.1;0.3
02;2021-02-16;0;1;3979;1102;1.1;0.3
02;2021-02-17;1;3;3980;1105;1.1;0.3
02;2021-02-18;68;128;4048;1233;1.1;0.3
02;2021-02-19;69;131;4117;1364;1.1;0.4
02;2021-02-20;48;69;4165;1433;1.2;0.4
02;2021-02-21;0;0;4165;1433;1.2;0.4
02;2021-02-22;99;60;4264;1493;1.2;0.4
02;2021-02-23;113;238;4377;1731;1.2;0.5
02;2021-02-24;106;223;4483;1954;1.2;0.5
02;2021-02-25;89;148;4572;2102;1.3;0.6
02;2021-02-26;127;169;4699;2271;1.3;0.6
02;2021-02-27;69;52;4768;2323;1.3;0.6
02;2021-02-28;0;0;4768;2323;1.3;0.6
02;2021-03-01;138;144;4906;2467;1.4;0.7
02;2021-03-02;158;78;5064;2545;1.4;0.7
02;2021-03-03;178;144;5242;2689;1.5;0.7
02;2021-03-04;145;133;5387;2822;1.5;0.8
02;2021-03-05;238;127;5625;2949;1.6;0.8
02;2021-03-06;119;59;5744;3008;1.6;0.8
02;2021-03-07;100;1;5844;3009;1.6;0.8
02;2021-03-08;195;131;6039;3140;1.7;0.9
02;2021-03-09;269;102;6308;3242;1.8;0.9
02;2021-03-10;321;133;6629;3375;1.8;0.9
02;2021-03-11;327;83;6956;3458;1.9;1.0
02;2021-03-12;398;51;7354;3509;2.0;1.0
02;2021-03-13;154;21;7508;3530;2.1;1.0
02;2021-03-14;4;1;7512;3531;2.1;1.0
02;2021-03-15;276;92;7788;3623;2.2;1.0
02;2021-03-16;305;55;8093;3678;2.3;1.0
02;2021-03-17;385;49;8478;3727;2.4;1.0
02;2021-03-18;435;44;8913;3771;2.5;1.1
02;2021-03-19;396;61;9309;3832;2.6;1.1
02;2021-03-20;149;47;9458;3879;2.6;1.1
02;2021-03-21;25;1;9483;3880;2.6;1.1
02;2021-03-22;362;116;9845;3996;2.7;1.1
02;2021-03-23;401;123;10246;4119;2.9;1.1
02;2021-03-24;424;104;10670;4223;3.0;1.2
02;2021-03-25;464;96;11134;4319;3.1;1.2
02;2021-03-26;632;100;11766;4419;3.3;1.2
02;2021-03-27;152;71;11918;4490;3.3;1.3
02;2021-03-28;81;2;11999;4492;3.3;1.3
02;2021-03-29;420;165;12419;4657;3.5;1.3
02;2021-03-30;466;244;12885;4901;3.6;1.4
02;2021-03-31;1139;184;14024;5085;3.9;1.4
02;2021-04-01;949;167;14973;5252;4.2;1.5
02;2021-04-02;892;6;15865;5258;4.4;1.5
02;2021-04-03;787;45;16652;5303;4.6;1.5
02;2021-04-04;750;10;17402;5313;4.9;1.5
02;2021-04-05;828;39;18230;5352;5.1;1.5
02;2021-04-06;883;131;19113;5483;5.3;1.5
02;2021-04-07;1424;321;20537;5804;5.7;1.6
02;2021-04-08;1301;266;21838;6070;6.1;1.7
02;2021-04-09;1233;316;23071;6386;6.4;1.8
02;2021-04-10;837;160;23908;6546;6.7;1.8
02;2021-04-11;621;12;24529;6558;6.8;1.8
02;2021-04-12;866;313;25395;6871;7.1;1.9
02;2021-04-13;865;325;26260;7196;7.3;2.0
02;2021-04-14;957;322;27217;7518;7.6;2.1
02;2021-04-15;949;291;28166;7809;7.9;2.2
02;2021-04-16;989;298;29155;8107;8.1;2.3
02;2021-04-17;524;161;29679;8268;8.3;2.3
02;2021-04-18;339;56;30018;8324;8.4;2.3
02;2021-04-19;667;347;30685;8671;8.6;2.4
02;2021-04-20;869;309;31554;8980;8.8;2.5
02;2021-04-21;996;358;32550;9338;9.1;2.6
02;2021-04-22;602;312;33152;9650;9.2;2.7
02;2021-04-23;602;464;33754;10114;9.4;2.8
02;2021-04-24;360;197;34114;10311;9.5;2.9
02;2021-04-25;168;200;34282;10511;9.6;2.9
02;2021-04-26;514;543;34796;11054;9.7;3.1
02;2021-04-27;556;608;35352;11662;9.9;3.3
02;2021-04-28;449;692;35801;12354;10.0;3.4
02;2021-04-29;641;642;36442;12996;10.2;3.6
02;2021-04-30;767;688;37209;13684;10.4;3.8
02;2021-05-01;243;245;37452;13929;10.4;3.9
02;2021-05-02;225;514;37677;14443;10.5;4.0
02;2021-05-03;559;771;38236;15214;10.7;4.2
02;2021-05-04;501;677;38737;15891;10.8;4.4
02;2021-05-05;532;898;39269;16789;10.9;4.7
02;2021-05-06;543;778;39812;17567;11.1;4.9
02;2021-05-07;625;1016;40437;18583;11.3;5.2
02;2021-05-08;213;526;40650;19109;11.3;5.3
02;2021-05-09;171;506;40821;19615;11.4;5.5
02;2021-05-10;515;860;41336;20475;11.5;5.7
02;2021-05-11;461;870;41797;21345;11.7;5.9
02;2021-05-12;549;913;42346;22258;11.8;6.2
02;2021-05-13;267;533;42613;22791;11.9;6.4
02;2021-05-14;381;753;42994;23544;12.0;6.6
02;2021-05-15;230;579;43224;24123;12.0;6.7
02;2021-05-16;155;442;43379;24565;12.1;6.8
02;2021-05-17;462;755;43841;25320;12.2;7.1
02;2021-05-18;439;675;44280;25995;12.3;7.2
02;2021-05-19;435;740;44715;26735;12.5;7.5
02;2021-05-20;587;501;45302;27236;12.6;7.6
02;2021-05-21;541;704;45843;27940;12.8;7.8
02;2021-05-22;182;365;46025;28305;12.8;7.9
02;2021-05-23;109;181;46134;28486;12.9;7.9
02;2021-05-24;131;242;46265;28728;12.9;8.0
02;2021-05-25;344;704;46609;29432;13.0;8.2
02;2021-05-26;371;712;46980;30144;13.1;8.4
02;2021-05-27;260;648;47240;30792;13.2;8.6
02;2021-05-28;264;818;47504;31610;13.2;8.8
02;2021-05-29;149;512;47653;32122;13.3;9.0
02;2021-05-30;15;33;47668;32155;13.3;9.0
02;2021-05-31;342;686;48010;32841;13.4;9.2
02;2021-06-01;289;548;48299;33389;13.5;9.3
02;2021-06-02;302;569;48601;33958;13.5;9.5
02;2021-06-03;238;430;48839;34388;13.6;9.6
03;2020-12-27;0;0;0;0;0.0;0.0
03;2020-12-28;0;0;0;0;0.0;0.0
03;2020-12-29;0;0;0;0;0.0;0.0
03;2020-12-30;0;0;0;0;0.0;0.0
03;2020-12-31;0;0;0;0;0.0;0.0
03;2021-01-01;0;0;0;0;0.0;0.0
03;2021-01-02;0;0;0;0;0.0;0.0
03;2021-01-03;0;0;0;0;0.0;0.0
03;2021-01-04;0;0;0;0;0.0;0.0
03;2021-01-05;0;0;0;0;0.0;0.0
03;2021-01-06;0;0;0;0;0.0;0.0
03;2021-01-07;0;0;0;0;0.0;0.0
03;2021-01-08;0;0;0;0;0.0;0.0
03;2021-01-09;0;0;0;0;0.0;0.0
03;2021-01-10;0;0;0;0;0.0;0.0
03;2021-01-11;0;0;0;0;0.0;0.0
03;2021-01-12;0;0;0;0;0.0;0.0
03;2021-01-13;30;0;30;0;0.0;0.0
03;2021-01-14;46;0;76;0;0.0;0.0
03;2021-01-15;34;0;110;0;0.0;0.0
03;2021-01-16;18;0;128;0;0.0;0.0
03;2021-01-17;0;0;128;0;0.0;0.0
03;2021-01-18;62;0;190;0;0.1;0.0
03;2021-01-19;149;1;339;1;0.1;0.0
03;2021-01-20;132;0;471;1;0.2;0.0
03;2021-01-21;118;0;589;1;0.2;0.0
03;2021-01-22;75;0;664;1;0.2;0.0
03;2021-01-23;0;0;664;1;0.2;0.0
03;2021-01-24;0;0;664;1;0.2;0.0
03;2021-01-25;56;0;720;1;0.2;0.0
03;2021-01-26;100;0;820;1;0.3;0.0
03;2021-01-27;109;0;929;1;0.3;0.0
03;2021-01-28;96;2;1025;3;0.4;0.0
03;2021-01-29;104;3;1129;6;0.4;0.0
03;2021-01-30;0;0;1129;6;0.4;0.0
03;2021-01-31;0;0;1129;6;0.4;0.0
03;2021-02-01;54;0;1183;6;0.4;0.0
03;2021-02-02;122;4;1305;10;0.4;0.0
03;2021-02-03;115;7;1420;17;0.5;0.0
03;2021-02-04;79;26;1499;43;0.5;0.0
03;2021-02-05;65;8;1564;51;0.5;0.0
03;2021-02-06;0;0;1564;51;0.5;0.0
03;2021-02-07;0;0;1564;51;0.5;0.0
03;2021-02-08;50;13;1614;64;0.6;0.0
03;2021-02-09;92;39;1706;103;0.6;0.0
03;2021-02-10;101;42;1807;145;0.6;0.0
03;2021-02-11;102;93;1909;238;0.7;0.1
03;2021-02-12;86;64;1995;302;0.7;0.1
03;2021-02-13;0;0;1995;302;0.7;0.1
03;2021-02-14;0;0;1995;302;0.7;0.1
03;2021-02-15;27;65;2022;367;0.7;0.1
03;2021-02-16;123;52;2145;419;0.7;0.1
03;2021-02-17;145;117;2290;536;0.8;0.2
03;2021-02-18;102;143;2392;679;0.8;0.2
03;2021-02-19;121;72;2513;751;0.9;0.3
03;2021-02-20;0;0;2513;751;0.9;0.3
03;2021-02-21;0;0;2513;751;0.9;0.3
03;2021-02-22;78;48;2591;799;0.9;0.3
03;2021-02-23;157;98;2748;897;0.9;0.3
03;2021-02-24;190;120;2938;1017;1.0;0.3
03;2021-02-25;258;87;3196;1104;1.1;0.4
03;2021-02-26;264;69;3460;1173;1.2;0.4
03;2021-02-27;121;1;3581;1174;1.2;0.4
03;2021-02-28;0;0;3581;1174;1.2;0.4
03;2021-03-01;173;85;3754;1259;1.3;0.4
03;2021-03-02;255;108;4009;1367;1.4;0.5
03;2021-03-03;254;129;4263;1496;1.5;0.5
03;2021-03-04;280;80;4543;1576;1.6;0.5
03;2021-03-05;270;41;4813;1617;1.7;0.6
03;2021-03-06;116;0;4929;1617;1.7;0.6
03;2021-03-07;0;0;4929;1617;1.7;0.6
03;2021-03-08;186;39;5115;1656;1.8;0.6
03;2021-03-09;349;88;5464;1744;1.9;0.6
03;2021-03-10;356;96;5820;1840;2.0;0.6
03;2021-03-11;269;115;6089;1955;2.1;0.7
03;2021-03-12;284;91;6373;2046;2.2;0.7
03;2021-03-13;110;2;6483;2048;2.2;0.7
03;2021-03-14;0;0;6483;2048;2.2;0.7
03;2021-03-15;180;26;6663;2074;2.3;0.7
03;2021-03-16;241;139;6904;2213;2.4;0.8
03;2021-03-17;272;128;7176;2341;2.5;0.8
03;2021-03-18;250;151;7426;2492;2.6;0.9
03;2021-03-19;284;122;7710;2614;2.7;0.9
03;2021-03-20;255;14;7965;2628;2.7;0.9
03;2021-03-21;119;0;8084;2628;2.8;0.9
03;2021-03-22;219;112;8303;2740;2.9;0.9
03;2021-03-23;259;184;8562;2924;2.9;1.0
03;2021-03-24;224;207;8786;3131;3.0;1.1
03;2021-03-25;167;176;8953;3307;3.1;1.1
03;2021-03-26;188;306;9141;3613;3.1;1.2
03;2021-03-27;55;92;9196;3705;3.2;1.3
03;2021-03-28;0;0;9196;3705;3.2;1.3
03;2021-03-29;174;244;9370;3949;3.2;1.4
03;2021-03-30;431;234;9801;4183;3.4;1.4
03;2021-03-31;314;289;10115;4472;3.5;1.5
03;2021-04-01;409;255;10524;4727;3.6;1.6
03;2021-04-02;279;278;10803;5005;3.7;1.7
03;2021-04-03;109;119;10912;5124;3.8;1.8
03;2021-04-04;0;0;10912;5124;3.8;1.8
03;2021-04-05;118;14;11030;5138;3.8;1.8
03;2021-04-06;418;322;11448;5460;3.9;1.9
03;2021-04-07;483;331;11931;5791;4.1;2.0
03;2021-04-08;492;253;12423;6044;4.3;2.1
03;2021-04-09;469;224;12892;6268;4.4;2.2
03;2021-04-10;146;91;13038;6359;4.5;2.2
03;2021-04-11;1;0;13039;6359;4.5;2.2
03;2021-04-12;493;261;13532;6620;4.7;2.3
03;2021-04-13;622;236;14154;6856;4.9;2.4
03;2021-04-14;663;305;14817;7161;5.1;2.5
03;2021-04-15;720;242;15537;7403;5.3;2.5
03;2021-04-16;707;292;16244;7695;5.6;2.6
03;2021-04-17;476;123;16720;7818;5.8;2.7
03;2021-04-18;489;36;17209;7854;5.9;2.7
03;2021-04-19;682;242;17891;8096;6.2;2.8
03;2021-04-20;549;267;18440;8363;6.3;2.9
03;2021-04-21;769;234;19209;8597;6.6;3.0
03;2021-04-22;651;215;19860;8812;6.8;3.0
03;2021-04-23;656;214;20516;9026;7.1;3.1
03;2021-04-24;521;90;21037;9116;7.2;3.1
03;2021-04-25;601;38;21638;9154;7.4;3.1
03;2021-04-26;733;221;22371;9375;7.7;3.2
03;2021-04-27;752;335;23123;9710;8.0;3.3
03;2021-04-28;644;313;23767;10023;8.2;3.4
03;2021-04-29;601;269;24368;10292;8.4;3.5
03;2021-04-30;667;251;25035;10543;8.6;3.6
03;2021-05-01;209;23;25244;10566;8.7;3.6
03;2021-05-02;589;74;25833;10640;8.9;3.7
03;2021-05-03;550;388;26383;11028;9.1;3.8
03;2021-05-04;514;308;26897;11336;9.3;3.9
03;2021-05-05;565;440;27462;11776;9.4;4.1
03;2021-05-06;533;454;27995;12230;9.6;4.2
03;2021-05-07;501;452;28496;12682;9.8;4.4
03;2021-05-08;329;58;28825;12740;9.9;4.4
03;2021-05-09;256;71;29081;12811;10.0;4.4
03;2021-05-10;406;611;29487;13422;10.1;4.6
03;2021-05-11;335;489;29822;13911;10.3;4.8
03;2021-05-12;387;628;30209;14539;10.4;5.0
03;2021-05-13;322;97;30531;14636;10.5;5.0
03;2021-05-14;417;545;30948;15181;10.6;5.2
03;2021-05-15;248;343;31196;15524;10.7;5.3
03;2021-05-16;203;208;31399;15732;10.8;5.4
03;2021-05-17;386;591;31785;16323;10.9;5.6
03;2021-05-18;468;553;32253;16876;11.1;5.8
03;2021-05-19;441;540;32694;17416;11.2;6.0
03;2021-05-20;538;440;33232;17856;11.4;6.1
03;2021-05-21;442;599;33674;18455;11.6;6.3
03;2021-05-22;161;500;33835;18955;11.6;6.5
03;2021-05-23;254;469;34089;19424;11.7;6.7
03;2021-05-24;541;242;34630;19666;11.9;6.8
03;2021-05-25;431;725;35061;20391;12.1;7.0
03;2021-05-26;351;679;35412;21070;12.2;7.2
03;2021-05-27;630;515;36042;21585;12.4;7.4
03;2021-05-28;445;545;36487;22130;12.6;7.6
03;2021-05-29;230;360;36717;22490;12.6;7.7
03;2021-05-30;146;401;36863;22891;12.7;7.9
03;2021-05-31;335;571;37198;23462;12.8;8.1
03;2021-06-01;368;465;37566;23927;12.9;8.2
03;2021-06-02;443;548;38009;24475;13.1;8.4
03;2021-06-03;355;464;38364;24939;13.2;8.6
04;2020-12-27;0;0;0;0;0.0;0.0
04;2020-12-28;0;0;0;0;0.0;0.0
04;2020-12-29;0;0;0;0;0.0;0.0
04;2020-12-30;0;0;0;0;0.0;0.0
04;2020-12-31;0;0;0;0;0.0;0.0
04;2021-01-01;1;0;1;0;0.0;0.0
04;2021-01-02;0;0;1;0;0.0;0.0
04;2021-01-03;0;0;1;0;0.0;0.0
04;2021-01-04;0;0;1;0;0.0;0.0
04;2021-01-05;2;0;3;0;0.0;0.0
04;2021-01-06;0;0;3;0;0.0;0.0
04;2021-01-07;0;0;3;0;0.0;0.0
04;2021-01-08;0;0;3;0;0.0;0.0
04;2021-01-09;1;0;4;0;0.0;0.0
04;2021-01-10;0;0;4;0;0.0;0.0
04;2021-01-11;0;0;4;0;0.0;0.0
04;2021-01-12;0;0;4;0;0.0;0.0
04;2021-01-13;0;0;4;0;0.0;0.0
04;2021-01-14;0;0;4;0;0.0;0.0
04;2021-01-15;332;0;336;0;0.0;0.0
04;2021-01-16;27;0;363;0;0.0;0.0
04;2021-01-17;0;0;363;0;0.0;0.0
04;2021-01-18;49;1;412;1;0.0;0.0
04;2021-01-19;393;0;805;1;0.1;0.0
04;2021-01-20;482;1;1287;2;0.1;0.0
04;2021-01-21;612;1;1899;3;0.2;0.0
04;2021-01-22;409;0;2308;3;0.3;0.0
04;2021-01-23;75;0;2383;3;0.3;0.0
04;2021-01-24;0;0;2383;3;0.3;0.0
04;2021-01-25;272;0;2655;3;0.3;0.0
04;2021-01-26;429;0;3084;3;0.4;0.0
04;2021-01-27;317;0;3401;3;0.4;0.0
04;2021-01-28;406;0;3807;3;0.4;0.0
04;2021-01-29;421;3;4228;6;0.5;0.0
04;2021-01-30;419;0;4647;6;0.5;0.0
04;2021-01-31;0;0;4647;6;0.5;0.0
04;2021-02-01;372;3;5019;9;0.6;0.0
04;2021-02-02;497;4;5516;13;0.6;0.0
04;2021-02-03;594;14;6110;27;0.7;0.0
04;2021-02-04;626;22;6736;49;0.8;0.0
04;2021-02-05;564;97;7300;146;0.8;0.0
04;2021-02-06;501;4;7801;150;0.9;0.0
04;2021-02-07;0;8;7801;158;0.9;0.0
04;2021-02-08;463;34;8264;192;1.0;0.0
04;2021-02-09;771;90;9035;282;1.1;0.0
04;2021-02-10;749;85;9784;367;1.1;0.0
04;2021-02-11;780;86;10564;453;1.2;0.1
04;2021-02-12;636;95;11200;548;1.3;0.1
04;2021-02-13;544;74;11744;622;1.4;0.1
04;2021-02-14;1;0;11745;622;1.4;0.1
04;2021-02-15;524;125;12269;747;1.4;0.1
04;2021-02-16;648;534;12917;1281;1.5;0.1
04;2021-02-17;526;328;13443;1609;1.6;0.2
04;2021-02-18;493;414;13936;2023;1.6;0.2
04;2021-02-19;496;320;14432;2343;1.7;0.3
04;2021-02-20;576;116;15008;2459;1.7;0.3
04;2021-02-21;0;0;15008;2459;1.7;0.3
04;2021-02-22;400;238;15408;2697;1.8;0.3
04;2021-02-23;607;236;16015;2933;1.9;0.3
04;2021-02-24;581;253;16596;3186;1.9;0.4
04;2021-02-25;644;296;17240;3482;2.0;0.4
04;2021-02-26;483;472;17723;3954;2.1;0.5
04;2021-02-27;345;430;18068;4384;2.1;0.5
04;2021-02-28;0;0;18068;4384;2.1;0.5
04;2021-03-01;288;391;18356;4775;2.1;0.6
04;2021-03-02;487;502;18843;5277;2.2;0.6
04;2021-03-03;755;557;19598;5834;2.3;0.7
04;2021-03-04;760;531;20358;6365;2.4;0.7
04;2021-03-05;727;539;21085;6904;2.5;0.8
04;2021-03-06;812;530;21897;7434;2.5;0.9
04;2021-03-07;0;0;21897;7434;2.5;0.9
04;2021-03-08;434;590;22331;8024;2.6;0.9
04;2021-03-09;668;775;22999;8799;2.7;1.0
04;2021-03-10;644;849;23643;9648;2.7;1.1
04;2021-03-11;693;645;24336;10293;2.8;1.2
04;2021-03-12;728;663;25064;10956;2.9;1.3
04;2021-03-13;667;610;25731;11566;3.0;1.3
04;2021-03-14;2;0;25733;11566;3.0;1.3
04;2021-03-15;503;506;26236;12072;3.1;1.4
04;2021-03-16;680;711;26916;12783;3.1;1.5
04;2021-03-17;846;535;27762;13318;3.2;1.5
04;2021-03-18;1045;571;28807;13889;3.3;1.6
04;2021-03-19;784;542;29591;14431;3.4;1.7
04;2021-03-20;575;597;30166;15028;3.5;1.7
04;2021-03-21;0;0;30166;15028;3.5;1.7
04;2021-03-22;565;481;30731;15509;3.6;1.8
04;2021-03-23;780;640;31511;16149;3.7;1.9
04;2021-03-24;792;671;32303;16820;3.8;2.0
04;2021-03-25;944;547;33247;17367;3.9;2.0
04;2021-03-26;920;448;34167;17815;4.0;2.1
04;2021-03-27;782;340;34949;18155;4.1;2.1
04;2021-03-28;1;0;34950;18155;4.1;2.1
04;2021-03-29;960;270;35910;18425;4.2;2.1
04;2021-03-30;881;501;36791;18926;4.3;2.2
04;2021-03-31;726;671;37517;19597;4.4;2.3
04;2021-04-01;678;709;38195;20306;4.4;2.4
04;2021-04-02;681;762;38876;21068;4.5;2.4
04;2021-04-03;685;706;39561;21774;4.6;2.5
04;2021-04-04;0;0;39561;21774;4.6;2.5
04;2021-04-05;0;2;39561;21776;4.6;2.5
04;2021-04-06;795;642;40356;22418;4.7;2.6
04;2021-04-07;1317;789;41673;23207;4.8;2.7
04;2021-04-08;1722;778;43395;23985;5.0;2.8
04;2021-04-09;1452;785;44847;24770;5.2;2.9
04;2021-04-10;1130;650;45977;25420;5.3;3.0
04;2021-04-11;2;0;45979;25420;5.3;3.0
04;2021-04-12;1238;552;47217;25972;5.5;3.0
04;2021-04-13;1435;754;48652;26726;5.7;3.1
04;2021-04-14;2002;774;50654;27500;5.9;3.2
04;2021-04-15;2349;947;53003;28447;6.2;3.3
04;2021-04-16;1842;785;54845;29232;6.4;3.4
04;2021-04-17;1274;604;56119;29836;6.5;3.5
04;2021-04-18;0;0;56119;29836;6.5;3.5
04;2021-04-19;1377;565;57496;30401;6.7;3.5
04;2021-04-20;1645;806;59141;31207;6.9;3.6
04;2021-04-21;2043;605;61184;31812;7.1;3.7
04;2021-04-22;2763;801;63947;32613;7.4;3.8
04;2021-04-23;2233;812;66180;33425;7.7;3.9
04;2021-04-24;1081;797;67261;34222;7.8;4.0
04;2021-04-25;2;0;67263;34222;7.8;4.0
04;2021-04-26;1162;920;68425;35142;8.0;4.1
04;2021-04-27;1678;1026;70103;36168;8.2;4.2
04;2021-04-28;2750;745;72853;36913;8.5;4.3
04;2021-04-29;3700;762;76553;37675;8.9;4.4
04;2021-04-30;3217;889;79770;38564;9.3;4.5
04;2021-05-01;2096;211;81866;38775;9.5;4.5
04;2021-05-02;1;0;81867;38775;9.5;4.5
04;2021-05-03;1861;570;83728;39345;9.7;4.6
04;2021-05-04;2099;1094;85827;40439;10.0;4.7
04;2021-05-05;2958;1605;88785;42044;10.3;4.9
04;2021-05-06;3705;1490;92490;43534;10.8;5.1
04;2021-05-07;3057;1453;95547;44987;11.1;5.2
04;2021-05-08;1483;500;97030;45487;11.3;5.3
04;2021-05-09;0;0;97030;45487;11.3;5.3
04;2021-05-10;2324;991;99354;46478;11.6;5.4
04;2021-05-11;3581;1636;102935;48114;12.0;5.6
04;2021-05-12;4489;2291;107424;50405;12.5;5.9
04;2021-05-13;3528;581;110952;50986;12.9;5.9
04;2021-05-14;5013;2368;115965;53354;13.5;6.2
04;2021-05-15;3052;1493;119017;54847;13.8;6.4
04;2021-05-16;14;18;119031;54865;13.8;6.4
04;2021-05-17;2975;1473;122006;56338;14.2;6.6
04;2021-05-18;3603;1749;125609;58087;14.6;6.8
04;2021-05-19;4493;2200;130102;60287;15.1;7.0
04;2021-05-20;4869;2653;134971;62940;15.7;7.3
04;2021-05-21;4708;2516;139679;65456;16.2;7.6
04;2021-05-22;3271;1232;142950;66688;16.6;7.8
04;2021-05-23;4;3;142954;66691;16.6;7.8
04;2021-05-24;3555;1063;146509;67754;17.0;7.9
04;2021-05-25;4093;1855;150602;69609;17.5;8.1
04;2021-05-26;4593;2786;155195;72395;18.0;8.4
04;2021-05-27;4357;3870;159552;76265;18.6;8.9
04;2021-05-28;4141;3615;163693;79880;19.0;9.3
04;2021-05-29;2454;2416;166147;82296;19.3;9.6
04;2021-05-30;6;14;166153;82310;19.3;9.6
04;2021-05-31;2313;2214;168466;84524;19.6;9.8
04;2021-06-01;3175;2655;171641;87179;20.0;10.1
04;2021-06-02;3615;3197;175256;90376;20.4;10.5
04;2021-06-03;3771;3362;179027;93738;20.8;10.9
05;2020-12-27;0;0;0;0;0.0;0.0
05;2020-12-28;0;0;0;0;0.0;0.0
05;2020-12-29;0;0;0;0;0.0;0.0
05;2020-12-30;0;0;0;0;0.0;0.0
05;2020-12-31;0;0;0;0;0.0;0.0
05;2021-01-01;0;0;0;0;0.0;0.0
05;2021-01-02;0;0;0;0;0.0;0.0
05;2021-01-03;0;0;0;0;0.0;0.0
05;2021-01-04;0;0;0;0;0.0;0.0
05;2021-01-05;0;0;0;0;0.0;0.0
05;2021-01-06;0;0;0;0;0.0;0.0
05;2021-01-07;0;0;0;0;0.0;0.0
05;2021-01-08;0;0;0;0;0.0;0.0
05;2021-01-09;0;0;0;0;0.0;0.0
05;2021-01-10;0;0;0;0;0.0;0.0
05;2021-01-11;0;0;0;0;0.0;0.0
05;2021-01-12;0;0;0;0;0.0;0.0
05;2021-01-13;0;0;0;0;0.0;0.0
05;2021-01-14;0;0;0;0;0.0;0.0
05;2021-01-15;0;0;0;0;0.0;0.0
05;2021-01-16;0;0;0;0;0.0;0.0
05;2021-01-17;0;0;0;0;0.0;0.0
05;2021-01-18;0;0;0;0;0.0;0.0
05;2021-01-19;0;0;0;0;0.0;0.0
05;2021-01-20;0;0;0;0;0.0;0.0
05;2021-01-21;0;0;0;0;0.0;0.0
05;2021-01-22;0;0;0;0;0.0;0.0
05;2021-01-23;0;0;0;0;0.0;0.0
05;2021-01-24;0;0;0;0;0.0;0.0
05;2021-01-25;0;0;0;0;0.0;0.0
05;2021-01-26;0;0;0;0;0.0;0.0
05;2021-01-27;0;0;0;0;0.0;0.0
05;2021-01-28;0;0;0;0;0.0;0.0
05;2021-01-29;0;0;0;0;0.0;0.0
05;2021-01-30;0;0;0;0;0.0;0.0
05;2021-01-31;0;0;0;0;0.0;0.0
05;2021-02-01;0;0;0;0;0.0;0.0
05;2021-02-02;0;0;0;0;0.0;0.0
05;2021-02-03;0;0;0;0;0.0;0.0
05;2021-02-04;0;0;0;0;0.0;0.0
05;2021-02-05;0;0;0;0;0.0;0.0
05;2021-02-06;0;0;0;0;0.0;0.0
05;2021-02-07;0;0;0;0;0.0;0.0
05;2021-02-08;0;0;0;0;0.0;0.0
05;2021-02-09;0;0;0;0;0.0;0.0
05;2021-02-10;0;0;0;0;0.0;0.0
05;2021-02-11;0;0;0;0;0.0;0.0
05;2021-02-12;0;0;0;0;0.0;0.0
05;2021-02-13;0;0;0;0;0.0;0.0
05;2021-02-14;0;0;0;0;0.0;0.0
05;2021-02-15;0;0;0;0;0.0;0.0
05;2021-02-16;0;0;0;0;0.0;0.0
05;2021-02-17;0;0;0;0;0.0;0.0
05;2021-02-18;0;0;0;0;0.0;0.0
05;2021-02-19;0;0;0;0;0.0;0.0
05;2021-02-20;0;0;0;0;0.0;0.0
05;2021-02-21;0;0;0;0;0.0;0.0
05;2021-02-22;0;0;0;0;0.0;0.0
05;2021-02-23;0;0;0;0;0.0;0.0
05;2021-02-24;0;0;0;0;0.0;0.0
05;2021-02-25;0;0;0;0;0.0;0.0
05;2021-02-26;0;0;0;0;0.0;0.0
05;2021-02-27;0;0;0;0;0.0;0.0
05;2021-02-28;0;0;0;0;0.0;0.0
05;2021-03-01;0;0;0;0;0.0;0.0
05;2021-03-02;0;0;0;0;0.0;0.0
05;2021-03-03;0;0;0;0;0.0;0.0
05;2021-03-04;0;0;0;0;0.0;0.0
05;2021-03-05;0;0;0;0;0.0;0.0
05;2021-03-06;0;0;0;0;0.0;0.0
05;2021-03-07;0;0;0;0;0.0;0.0
05;2021-03-08;0;0;0;0;0.0;0.0
05;2021-03-09;0;0;0;0;0.0;0.0
05;2021-03-10;0;0;0;0;0.0;0.0
05;2021-03-11;0;0;0;0;0.0;0.0
05;2021-03-12;0;0;0;0;0.0;0.0
05;2021-03-13;0;0;0;0;0.0;0.0
05;2021-03-14;0;0;0;0;0.0;0.0
05;2021-03-15;0;0;0;0;0.0;0.0
05;2021-03-16;0;0;0;0;0.0;0.0
05;2021-03-17;0;0;0;0;0.0;0.0
05;2021-03-18;0;0;0;0;0.0;0.0
05;2021-03-19;0;0;0;0;0.0;0.0
05;2021-03-20;0;0;0;0;0.0;0.0
05;2021-03-21;0;0;0;0;0.0;0.0
05;2021-03-22;0;0;0;0;0.0;0.0
05;2021-03-23;0;0;0;0;0.0;0.0
05;2021-03-24;0;0;0;0;0.0;0.0
05;2021-03-25;0;0;0;0;0.0;0.0
05;2021-03-26;0;0;0;0;0.0;0.0
05;2021-03-27;0;0;0;0;0.0;0.0
05;2021-03-28;0;0;0;0;0.0;0.0
05;2021-03-29;0;0;0;0;0.0;0.0
05;2021-03-30;0;0;0;0;0.0;0.0
05;2021-03-31;0;0;0;0;0.0;0.0
05;2021-04-01;0;0;0;0;0.0;0.0
05;2021-04-02;0;0;0;0;0.0;0.0
05;2021-04-03;0;0;0;0;0.0;0.0
05;2021-04-04;0;0;0;0;0.0;0.0
05;2021-04-05;0;0;0;0;0.0;0.0
05;2021-04-06;0;0;0;0;0.0;0.0
05;2021-04-07;0;0;0;0;0.0;0.0
05;2021-04-08;1;0;1;0;0.0;0.0
05;2021-04-09;0;0;1;0;0.0;0.0
05;2021-04-10;0;0;1;0;0.0;0.0
05;2021-04-11;0;0;1;0;0.0;0.0
05;2021-04-12;0;0;1;0;0.0;0.0
05;2021-04-13;0;0;1;0;0.0;0.0
05;2021-04-14;0;0;1;0;0.0;0.0
05;2021-04-15;0;0;1;0;0.0;0.0
05;2021-04-16;0;0;1;0;0.0;0.0
05;2021-04-17;0;0;1;0;0.0;0.0
05;2021-04-18;0;0;1;0;0.0;0.0
05;2021-04-19;0;0;1;0;0.0;0.0
05;2021-04-20;0;0;1;0;0.0;0.0
05;2021-04-21;0;0;1;0;0.0;0.0
05;2021-04-22;0;0;1;0;0.0;0.0
05;2021-04-23;0;0;1;0;0.0;0.0
05;2021-04-24;0;0;1;0;0.0;0.0
05;2021-04-25;0;0;1;0;0.0;0.0
05;2021-04-26;0;0;1;0;0.0;0.0
05;2021-04-27;0;0;1;0;0.0;0.0
05;2021-04-28;0;0;1;0;0.0;0.0
05;2021-04-29;0;0;1;0;0.0;0.0
05;2021-04-30;0;0;1;0;0.0;0.0
05;2021-05-01;0;0;1;0;0.0;0.0
05;2021-05-02;0;0;1;0;0.0;0.0
05;2021-05-03;0;0;1;0;0.0;0.0
05;2021-05-04;0;0;1;0;0.0;0.0
05;2021-05-05;0;0;1;0;0.0;0.0
05;2021-05-06;0;0;1;0;0.0;0.0
05;2021-05-07;0;0;1;0;0.0;0.0
05;2021-05-08;0;0;1;0;0.0;0.0
05;2021-05-09;0;0;1;0;0.0;0.0
05;2021-05-10;0;0;1;0;0.0;0.0
05;2021-05-11;0;0;1;0;0.0;0.0
05;2021-05-12;0;0;1;0;0.0;0.0
05;2021-05-13;0;0;1;0;0.0;0.0
05;2021-05-14;0;0;1;0;0.0;0.0
05;2021-05-15;0;0;1;0;0.0;0.0
05;2021-05-16;0;0;1;0;0.0;0.0
05;2021-05-17;0;0;1;0;0.0;0.0
05;2021-05-18;0;0;1;0;0.0;0.0
05;2021-05-19;0;0;1;0;0.0;0.0
05;2021-05-20;0;0;1;0;0.0;0.0
05;2021-05-21;0;0;1;0;0.0;0.0
05;2021-05-22;0;0;1;0;0.0;0.0
05;2021-05-23;0;0;1;0;0.0;0.0
05;2021-05-24;0;0;1;0;0.0;0.0
05;2021-05-25;0;0;1;0;0.0;0.0
05;2021-05-26;0;0;1;0;0.0;0.0
05;2021-05-27;0;0;1;0;0.0;0.0
05;2021-05-28;0;0;1;0;0.0;0.0
05;2021-05-29;0;0;1;0;0.0;0.0
05;2021-05-30;0;0;1;0;0.0;0.0
05;2021-05-31;0;0;1;0;0.0;0.0
05;2021-06-01;0;0;1;0;0.0;0.0
05;2021-06-02;0;0;1;0;0.0;0.0
05;2021-06-03;0;0;1;0;0.0;0.0
06;2020-12-27;0;0;0;0;0.0;0.0
06;2020-12-28;0;0;0;0;0.0;0.0
06;2020-12-29;0;0;0;0;0.0;0.0
06;2020-12-30;0;0;0;0;0.0;0.0
06;2020-12-31;0;0;0;0;0.0;0.0
06;2021-01-01;0;0;0;0;0.0;0.0
06;2021-01-02;0;0;0;0;0.0;0.0
06;2021-01-03;0;0;0;0;0.0;0.0
06;2021-01-04;0;0;0;0;0.0;0.0
06;2021-01-05;0;0;0;0;0.0;0.0
06;2021-01-06;0;0;0;0;0.0;0.0
06;2021-01-07;0;0;0;0;0.0;0.0
06;2021-01-08;0;0;0;0;0.0;0.0
06;2021-01-09;0;0;0;0;0.0;0.0
06;2021-01-10;0;0;0;0;0.0;0.0
06;2021-01-11;9;0;9;0;0.0;0.0
06;2021-01-12;0;0;9;0;0.0;0.0
06;2021-01-13;0;0;9;0;0.0;0.0
06;2021-01-14;0;0;9;0;0.0;0.0
06;2021-01-15;1;0;10;0;0.0;0.0
06;2021-01-16;1;0;11;0;0.0;0.0
06;2021-01-17;0;0;11;0;0.0;0.0
06;2021-01-18;0;0;11;0;0.0;0.0
06;2021-01-19;0;0;11;0;0.0;0.0
06;2021-01-20;0;0;11;0;0.0;0.0
06;2021-01-21;0;0;11;0;0.0;0.0
06;2021-01-22;0;0;11;0;0.0;0.0
06;2021-01-23;1;0;12;0;0.0;0.0
06;2021-01-24;0;0;12;0;0.0;0.0
06;2021-01-25;140;1;152;1;0.1;0.0
06;2021-01-26;165;2;317;3;0.1;0.0
06;2021-01-27;250;0;567;3;0.2;0.0
06;2021-01-28;102;5;669;8;0.2;0.0
06;2021-01-29;230;1;899;9;0.3;0.0
06;2021-01-30;285;4;1184;13;0.4;0.0
06;2021-01-31;1;0;1185;13;0.4;0.0
06;2021-02-01;103;0;1288;13;0.5;0.0
06;2021-02-02;328;3;1616;16;0.6;0.0
06;2021-02-03;214;1;1830;17;0.7;0.0
06;2021-02-04;213;5;2043;22;0.7;0.0
06;2021-02-05;211;1;2254;23;0.8;0.0
06;2021-02-06;83;10;2337;33;0.8;0.0
06;2021-02-07;0;0;2337;33;0.8;0.0
06;2021-02-08;81;2;2418;35;0.9;0.0
06;2021-02-09;160;0;2578;35;0.9;0.0
06;2021-02-10;152;1;2730;36;1.0;0.0
06;2021-02-11;224;1;2954;37;1.1;0.0
06;2021-02-12;269;3;3223;40;1.2;0.0
06;2021-02-13;56;0;3279;40;1.2;0.0
06;2021-02-14;1;0;3280;40;1.2;0.0
06;2021-02-15;272;1;3552;41;1.3;0.0
06;2021-02-16;252;5;3804;46;1.4;0.0
06;2021-02-17;166;1;3970;47;1.4;0.0
06;2021-02-18;213;11;4183;58;1.5;0.0
06;2021-02-19;235;19;4418;77;1.6;0.0
06;2021-02-20;138;6;4556;83;1.6;0.0
06;2021-02-21;0;0;4556;83;1.6;0.0
06;2021-02-22;131;119;4687;202;1.7;0.1
06;2021-02-23;186;151;4873;353;1.7;0.1
06;2021-02-24;175;141;5048;494;1.8;0.2
06;2021-02-25;202;225;5250;719;1.9;0.3
06;2021-02-26;238;257;5488;976;2.0;0.3
06;2021-02-27;0;0;5488;976;2.0;0.3
06;2021-02-28;0;0;5488;976;2.0;0.3
06;2021-03-01;137;258;5625;1234;2.0;0.4
06;2021-03-02;206;255;5831;1489;2.1;0.5
06;2021-03-03;163;125;5994;1614;2.1;0.6
06;2021-03-04;177;91;6171;1705;2.2;0.6
06;2021-03-05;105;67;6276;1772;2.2;0.6
06;2021-03-06;1;0;6277;1772;2.2;0.6
06;2021-03-07;0;0;6277;1772;2.2;0.6
06;2021-03-08;125;62;6402;1834;2.3;0.7
06;2021-03-09;328;38;6730;1872;2.4;0.7
06;2021-03-10;109;125;6839;1997;2.4;0.7
06;2021-03-11;107;73;6946;2070;2.5;0.7
06;2021-03-12;170;92;7116;2162;2.5;0.8
06;2021-03-13;1;0;7117;2162;2.5;0.8
06;2021-03-14;0;0;7117;2162;2.5;0.8
06;2021-03-15;142;274;7259;2436;2.6;0.9
06;2021-03-16;211;171;7470;2607;2.7;0.9
06;2021-03-17;234;90;7704;2697;2.8;1.0
06;2021-03-18;166;196;7870;2893;2.8;1.0
06;2021-03-19;147;245;8017;3138;2.9;1.1
06;2021-03-20;0;0;8017;3138;2.9;1.1
06;2021-03-21;0;0;8017;3138;2.9;1.1
06;2021-03-22;97;135;8114;3273;2.9;1.2
06;2021-03-23;136;240;8250;3513;3.0;1.3
06;2021-03-24;160;146;8410;3659;3.0;1.3
06;2021-03-25;182;205;8592;3864;3.1;1.4
06;2021-03-26;128;151;8720;4015;3.1;1.4
06;2021-03-27;18;0;8738;4015;3.1;1.4
06;2021-03-28;0;0;8738;4015;3.1;1.4
06;2021-03-29;0;2;8738;4017;3.1;1.4
06;2021-03-30;272;326;9010;4343;3.2;1.6
06;2021-03-31;224;125;9234;4468;3.3;1.6
06;2021-04-01;242;105;9476;4573;3.4;1.6
06;2021-04-02;215;185;9691;4758;3.5;1.7
06;2021-04-03;674;217;10365;4975;3.7;1.8
06;2021-04-04;1;0;10366;4975;3.7;1.8
06;2021-04-05;1;0;10367;4975;3.7;1.8
06;2021-04-06;130;216;10497;5191;3.8;1.9
06;2021-04-07;176;214;10673;5405;3.8;1.9
06;2021-04-08;239;131;10912;5536;3.9;2.0
06;2021-04-09;245;168;11157;5704;4.0;2.0
06;2021-04-10;107;58;11264;5762;4.0;2.1
06;2021-04-11;7;0;11271;5762;4.0;2.1
06;2021-04-12;0;19;11271;5781;4.0;2.1
06;2021-04-13;239;219;11510;6000;4.1;2.1
06;2021-04-14;135;143;11645;6143;4.2;2.2
06;2021-04-15;104;61;11749;6204;4.2;2.2
06;2021-04-16;101;69;11850;6273;4.2;2.2
06;2021-04-17;53;51;11903;6324;4.3;2.3
06;2021-04-18;0;0;11903;6324;4.3;2.3
06;2021-04-19;4;1;11907;6325;4.3;2.3
06;2021-04-20;301;148;12208;6473;4.4;2.3
06;2021-04-21;323;97;12531;6570;4.5;2.4
06;2021-04-22;384;131;12915;6701;4.6;2.4
06;2021-04-23;264;137;13179;6838;4.7;2.4
06;2021-04-24;283;50;13462;6888;4.8;2.5
06;2021-04-25;2;0;13464;6888;4.8;2.5
06;2021-04-26;54;8;13518;6896;4.8;2.5
06;2021-04-27;289;225;13807;7121;4.9;2.5
06;2021-04-28;329;473;14136;7594;5.1;2.7
06;2021-04-29;554;342;14690;7936;5.3;2.8
06;2021-04-30;400;238;15090;8174;5.4;2.9
06;2021-05-01;665;285;15755;8459;5.6;3.0
06;2021-05-02;0;0;15755;8459;5.6;3.0
06;2021-05-03;129;6;15884;8465;5.7;3.0
06;2021-05-04;330;427;16214;8892;5.8;3.2
06;2021-05-05;405;286;16619;9178;5.9;3.3
06;2021-05-06;318;199;16937;9377;6.1;3.4
06;2021-05-07;295;126;17232;9503;6.2;3.4
06;2021-05-08;242;110;17474;9613;6.3;3.4
06;2021-05-09;0;0;17474;9613;6.3;3.4
06;2021-05-10;7;9;17481;9622;6.3;3.4
06;2021-05-11;291;417;17772;10039;6.4;3.6
06;2021-05-12;194;228;17966;10267;6.4;3.7
06;2021-05-13;91;79;18057;10346;6.5;3.7
06;2021-05-14;0;0;18057;10346;6.5;3.7
06;2021-05-15;355;233;18412;10579;6.6;3.8
06;2021-05-16;0;0;18412;10579;6.6;3.8
06;2021-05-17;77;36;18489;10615;6.6;3.8
06;2021-05-18;234;162;18723;10777;6.7;3.9
06;2021-05-19;404;442;19127;11219;6.8;4.0
06;2021-05-20;673;306;19800;11525;7.1;4.1
06;2021-05-21;441;141;20241;11666;7.2;4.2
06;2021-05-22;737;170;20978;11836;7.5;4.2
06;2021-05-23;0;0;20978;11836;7.5;4.2
06;2021-05-24;1;0;20979;11836;7.5;4.2
06;2021-05-25;848;620;21827;12456;7.8;4.5
06;2021-05-26;1021;840;22848;13296;8.2;4.8
06;2021-05-27;1287;505;24135;13801;8.6;4.9
06;2021-05-28;935;369;25070;14170;9.0;5.1
06;2021-05-29;1110;388;26180;14558;9.4;5.2
06;2021-05-30;0;1;26180;14559;9.4;5.2
06;2021-05-31;97;6;26277;14565;9.4;5.2
06;2021-06-01;1123;643;27400;15208;9.8;5.4
06;2021-06-02;886;453;28286;15661;10.1;5.6
06;2021-06-03;759;325;29045;15986;10.4;5.7
07;2020-12-27;0;0;0;0;0.0;0.0
07;2020-12-28;0;0;0;0;0.0;0.0
07;2020-12-29;0;0;0;0;0.0;0.0
07;2020-12-30;0;0;0;0;0.0;0.0
07;2020-12-31;0;0;0;0;0.0;0.0
07;2021-01-01;0;0;0;0;0.0;0.0
07;2021-01-02;0;0;0;0;0.0;0.0
07;2021-01-03;0;0;0;0;0.0;0.0
07;2021-01-04;0;0;0;0;0.0;0.0
07;2021-01-05;0;0;0;0;0.0;0.0
07;2021-01-06;0;0;0;0;0.0;0.0
07;2021-01-07;0;0;0;0;0.0;0.0
07;2021-01-08;0;0;0;0;0.0;0.0
07;2021-01-09;0;0;0;0;0.0;0.0
07;2021-01-10;0;0;0;0;0.0;0.0
07;2021-01-11;1;0;1;0;0.0;0.0
07;2021-01-12;1;0;2;0;0.0;0.0
07;2021-01-13;0;0;2;0;0.0;0.0
07;2021-01-14;0;0;2;0;0.0;0.0
07;2021-01-15;1;0;3;0;0.0;0.0
07;2021-01-16;0;0;3;0;0.0;0.0
07;2021-01-17;0;0;3;0;0.0;0.0
07;2021-01-18;1;0;4;0;0.0;0.0
07;2021-01-19;1;0;5;0;0.1;0.0
07;2021-01-20;0;0;5;0;0.1;0.0
07;2021-01-21;2;0;7;0;0.1;0.0
07;2021-01-22;0;0;7;0;0.1;0.0
07;2021-01-23;0;0;7;0;0.1;0.0
07;2021-01-24;0;0;7;0;0.1;0.0
07;2021-01-25;1;0;8;0;0.1;0.0
07;2021-01-26;0;0;8;0;0.1;0.0
07;2021-01-27;0;0;8;0;0.1;0.0
07;2021-01-28;2;0;10;0;0.1;0.0
07;2021-01-29;0;0;10;0;0.1;0.0
07;2021-01-30;0;0;10;0;0.1;0.0
07;2021-01-31;0;0;10;0;0.1;0.0
07;2021-02-01;0;0;10;0;0.1;0.0
07;2021-02-02;0;0;10;0;0.1;0.0
07;2021-02-03;7;0;17;0;0.2;0.0
07;2021-02-04;12;0;29;0;0.3;0.0
07;2021-02-05;11;1;40;1;0.4;0.0
07;2021-02-06;0;1;40;2;0.4;0.0
07;2021-02-07;0;0;40;2;0.4;0.0
07;2021-02-08;11;0;51;2;0.5;0.0
07;2021-02-09;26;0;77;2;0.8;0.0
07;2021-02-10;18;0;95;2;1.0;0.0
07;2021-02-11;31;0;126;2;1.3;0.0
07;2021-02-12;21;0;147;2;1.5;0.0
07;2021-02-13;0;0;147;2;1.5;0.0
07;2021-02-14;0;0;147;2;1.5;0.0
07;2021-02-15;0;0;147;2;1.5;0.0
07;2021-02-16;1;0;148;2;1.5;0.0
07;2021-02-17;0;1;148;3;1.5;0.0
07;2021-02-18;18;0;166;3;1.7;0.0
07;2021-02-19;23;1;189;4;1.9;0.0
07;2021-02-20;0;1;189;5;1.9;0.1
07;2021-02-21;0;0;189;5;1.9;0.1
07;2021-02-22;0;0;189;5;1.9;0.1
07;2021-02-23;0;0;189;5;1.9;0.1
07;2021-02-24;20;0;209;5;2.1;0.1
07;2021-02-25;15;10;224;15;2.2;0.2
07;2021-02-26;20;10;244;25;2.4;0.3
07;2021-02-27;0;0;244;25;2.4;0.3
07;2021-02-28;0;0;244;25;2.4;0.3
07;2021-03-01;0;0;244;25;2.4;0.3
07;2021-03-02;17;13;261;38;2.6;0.4
07;2021-03-03;0;0;261;38;2.6;0.4
07;2021-03-04;24;20;285;58;2.9;0.6
07;2021-03-05;19;9;304;67;3.1;0.7
07;2021-03-06;0;0;304;67;3.1;0.7
07;2021-03-07;0;0;304;67;3.1;0.7
07;2021-03-08;1;0;305;67;3.1;0.7
07;2021-03-09;1;0;306;67;3.1;0.7
07;2021-03-10;0;0;306;67;3.1;0.7
07;2021-03-11;16;16;322;83;3.2;0.8
07;2021-03-12;30;21;352;104;3.5;1.0
07;2021-03-13;0;0;352;104;3.5;1.0
07;2021-03-14;11;0;363;104;3.6;1.0
07;2021-03-15;1;0;364;104;3.7;1.0
07;2021-03-16;30;9;394;113;4.0;1.1
07;2021-03-17;0;3;394;116;4.0;1.2
07;2021-03-18;29;16;423;132;4.2;1.3
07;2021-03-19;26;18;449;150;4.5;1.5
07;2021-03-20;0;2;449;152;4.5;1.5
07;2021-03-21;8;0;457;152;4.6;1.5
07;2021-03-22;0;0;457;152;4.6;1.5
07;2021-03-23;0;0;457;152;4.6;1.5
07;2021-03-24;0;0;457;152;4.6;1.5
07;2021-03-25;81;24;538;176;5.4;1.8
07;2021-03-26;50;15;588;191;5.9;1.9
07;2021-03-27;0;0;588;191;5.9;1.9
07;2021-03-28;0;0;588;191;5.9;1.9
07;2021-03-29;0;0;588;191;5.9;1.9
07;2021-03-30;40;17;628;208;6.3;2.1
07;2021-03-31;7;0;635;208;6.4;2.1
07;2021-04-01;60;32;695;240;7.0;2.4
07;2021-04-02;7;0;702;240;7.0;2.4
07;2021-04-03;14;0;716;240;7.2;2.4
07;2021-04-04;0;0;716;240;7.2;2.4
07;2021-04-05;0;0;716;240;7.2;2.4
07;2021-04-06;1;0;717;240;7.2;2.4
07;2021-04-07;53;0;770;240;7.7;2.4
07;2021-04-08;102;30;872;270;8.8;2.7
07;2021-04-09;92;21;964;291;9.7;2.9
07;2021-04-10;7;0;971;291;9.7;2.9
07;2021-04-11;0;0;971;291;9.7;2.9
07;2021-04-12;0;0;971;291;9.7;2.9
07;2021-04-13;0;0;971;291;9.7;2.9
07;2021-04-14;61;3;1032;294;10.4;3.0
07;2021-04-15;213;62;1245;356;12.5;3.6
07;2021-04-16;152;27;1397;383;14.0;3.8
07;2021-04-17;15;1;1412;384;14.2;3.9
07;2021-04-18;0;0;1412;384;14.2;3.9
07;2021-04-19;4;0;1416;384;14.2;3.9
07;2021-04-20;317;45;1733;429;17.4;4.3
07;2021-04-21;422;29;2155;458;21.6;4.6
07;2021-04-22;468;49;2623;507;26.3;5.1
07;2021-04-23;335;41;2958;548;29.7;5.5
07;2021-04-24;252;1;3210;549;32.2;5.5
07;2021-04-25;0;0;3210;549;32.2;5.5
07;2021-04-26;296;20;3506;569;35.2;5.7
07;2021-04-27;204;52;3710;621;37.2;6.2
07;2021-04-28;330;29;4040;650;40.6;6.5
07;2021-04-29;413;70;4453;720;44.7;7.2
07;2021-04-30;375;31;4828;751;48.5;7.5
07;2021-05-01;207;19;5035;770;50.5;7.7
07;2021-05-02;0;0;5035;770;50.5;7.7
07;2021-05-03;134;9;5169;779;51.9;7.8
07;2021-05-04;172;35;5341;814;53.6;8.2
07;2021-05-05;358;55;5699;869;57.2;8.7
07;2021-05-06;463;128;6162;997;61.9;10.0
07;2021-05-07;317;102;6479;1099;65.0;11.0
07;2021-05-08;0;0;6479;1099;65.0;11.0
07;2021-05-09;0;2;6479;1101;65.0;11.1
07;2021-05-10;0;0;6479;1101;65.0;11.1
07;2021-05-11;33;41;6512;1142;65.4;11.5
07;2021-05-12;193;99;6705;1241;67.3;12.5
07;2021-05-13;0;0;6705;1241;67.3;12.5
07;2021-05-14;274;194;6979;1435;70.1;14.4
07;2021-05-15;66;38;7045;1473;70.7;14.8
07;2021-05-16;0;0;7045;1473;70.7;14.8
07;2021-05-17;15;17;7060;1490;70.9;15.0
07;2021-05-18;80;54;7140;1544;71.7;15.5
07;2021-05-19;133;123;7273;1667;73.0;16.7
07;2021-05-20;212;148;7485;1815;75.1;18.2
07;2021-05-21;268;159;7753;1974;77.8;19.8
07;2021-05-22;45;19;7798;1993;78.3;20.0
07;2021-05-23;0;1;7798;1994;78.3;20.0
07;2021-05-24;5;5;7803;1999;78.3;20.1
07;2021-05-25;142;388;7945;2387;79.8;24.0
07;2021-05-26;234;520;8179;2907;82.1;29.2
07;2021-05-27;237;516;8416;3423;84.5;34.4
07;2021-05-28;239;465;8655;3888;86.9;39.0
07;2021-05-29;108;417;8763;4305;88.0;43.2
07;2021-05-30;0;1;8763;4306;88.0;43.2
07;2021-05-31;70;252;8833;4558;88.7;45.8
07;2021-06-01;126;289;8959;4847;89.9;48.7
07;2021-06-02;264;396;9223;5243;92.6;52.6
07;2021-06-03;238;531;9461;5774;95.0;58.0
08;2020-12-27;0;0;0;0;0.0;0.0
08;2020-12-28;0;0;0;0;0.0;0.0
08;2020-12-29;0;0;0;0;0.0;0.0
08;2020-12-30;0;0;0;0;0.0;0.0
08;2020-12-31;0;0;0;0;0.0;0.0
08;2021-01-01;0;0;0;0;0.0;0.0
08;2021-01-02;0;0;0;0;0.0;0.0
08;2021-01-03;0;0;0;0;0.0;0.0
08;2021-01-04;0;0;0;0;0.0;0.0
08;2021-01-05;0;0;0;0;0.0;0.0
08;2021-01-06;0;0;0;0;0.0;0.0
08;2021-01-07;0;0;0;0;0.0;0.0
08;2021-01-08;0;0;0;0;0.0;0.0
08;2021-01-09;0;0;0;0;0.0;0.0
08;2021-01-10;0;0;0;0;0.0;0.0
08;2021-01-11;0;0;0;0;0.0;0.0
08;2021-01-12;0;0;0;0;0.0;0.0
08;2021-01-13;0;0;0;0;0.0;0.0
08;2021-01-14;0;0;0;0;0.0;0.0
08;2021-01-15;0;0;0;0;0.0;0.0
08;2021-01-16;0;0;0;0;0.0;0.0
08;2021-01-17;0;0;0;0;0.0;0.0
08;2021-01-18;0;0;0;0;0.0;0.0
08;2021-01-19;0;0;0;0;0.0;0.0
08;2021-01-20;0;0;0;0;0.0;0.0
08;2021-01-21;0;0;0;0;0.0;0.0
08;2021-01-22;0;0;0;0;0.0;0.0
08;2021-01-23;0;0;0;0;0.0;0.0
08;2021-01-24;0;0;0;0;0.0;0.0
08;2021-01-25;0;0;0;0;0.0;0.0
08;2021-01-26;0;0;0;0;0.0;0.0
08;2021-01-27;0;0;0;0;0.0;0.0
08;2021-01-28;0;0;0;0;0.0;0.0
08;2021-01-29;0;0;0;0;0.0;0.0
08;2021-01-30;0;0;0;0;0.0;0.0
08;2021-01-31;0;0;0;0;0.0;0.0
08;2021-02-01;0;0;0;0;0.0;0.0
08;2021-02-02;4;0;4;0;0.0;0.0
08;2021-02-03;0;0;4;0;0.0;0.0
08;2021-02-04;27;0;31;0;0.1;0.0
08;2021-02-05;0;0;31;0;0.1;0.0
08;2021-02-06;0;0;31;0;0.1;0.0
08;2021-02-07;0;0;31;0;0.1;0.0
08;2021-02-08;0;0;31;0;0.1;0.0
08;2021-02-09;4;0;35;0;0.1;0.0
08;2021-02-10;3;0;38;0;0.1;0.0
08;2021-02-11;0;0;38;0;0.1;0.0
08;2021-02-12;1;0;39;0;0.1;0.0
08;2021-02-13;0;0;39;0;0.1;0.0
08;2021-02-14;0;0;39;0;0.1;0.0
08;2021-02-15;6;0;45;0;0.1;0.0
08;2021-02-16;0;0;45;0;0.1;0.0
08;2021-02-17;0;0;45;0;0.1;0.0
08;2021-02-18;0;0;45;0;0.1;0.0
08;2021-02-19;4;0;49;0;0.1;0.0
08;2021-02-20;0;0;49;0;0.1;0.0
08;2021-02-21;0;0;49;0;0.1;0.0
08;2021-02-22;4;0;53;0;0.1;0.0
08;2021-02-23;5;0;58;0;0.2;0.0
08;2021-02-24;32;0;90;0;0.3;0.0
08;2021-02-25;51;0;141;0;0.4;0.0
08;2021-02-26;36;3;177;3;0.5;0.0
08;2021-02-27;0;0;177;3;0.5;0.0
08;2021-02-28;0;0;177;3;0.5;0.0
08;2021-03-01;48;5;225;8;0.6;0.0
08;2021-03-02;6;27;231;35;0.7;0.1
08;2021-03-03;38;27;269;62;0.8;0.2
08;2021-03-04;30;26;299;88;0.8;0.2
08;2021-03-05;46;10;345;98;1.0;0.3
08;2021-03-06;0;0;345;98;1.0;0.3
08;2021-03-07;0;0;345;98;1.0;0.3
08;2021-03-08;29;7;374;105;1.1;0.3
08;2021-03-09;19;27;393;132;1.1;0.4
08;2021-03-10;21;28;414;160;1.2;0.5
08;2021-03-11;0;0;414;160;1.2;0.5
08;2021-03-12;50;21;464;181;1.3;0.5
08;2021-03-13;0;0;464;181;1.3;0.5
08;2021-03-14;0;0;464;181;1.3;0.5
08;2021-03-15;31;43;495;224;1.4;0.6
08;2021-03-16;73;6;568;230;1.6;0.7
08;2021-03-17;67;13;635;243;1.8;0.7
08;2021-03-18;57;23;692;266;2.0;0.8
08;2021-03-19;30;51;722;317;2.0;0.9
08;2021-03-20;0;0;722;317;2.0;0.9
08;2021-03-21;0;0;722;317;2.0;0.9
08;2021-03-22;33;45;755;362;2.1;1.0
08;2021-03-23;32;45;787;407;2.2;1.2
08;2021-03-24;38;42;825;449;2.3;1.3
08;2021-03-25;44;33;869;482;2.5;1.4
08;2021-03-26;43;33;912;515;2.6;1.5
08;2021-03-27;0;0;912;515;2.6;1.5
08;2021-03-28;0;0;912;515;2.6;1.5
08;2021-03-29;61;49;973;564;2.8;1.6
08;2021-03-30;93;24;1066;588;3.0;1.7
08;2021-03-31;73;46;1139;634;3.2;1.8
08;2021-04-01;55;48;1194;682;3.4;1.9
08;2021-04-02;0;0;1194;682;3.4;1.9
08;2021-04-03;0;0;1194;682;3.4;1.9
08;2021-04-04;0;0;1194;682;3.4;1.9
08;2021-04-05;0;0;1194;682;3.4;1.9
08;2021-04-06;49;63;1243;745;3.5;2.1
08;2021-04-07;91;32;1334;777;3.8;2.2
08;2021-04-08;120;8;1454;785;4.1;2.2
08;2021-04-09;89;39;1543;824;4.4;2.3
08;2021-04-10;94;3;1637;827;4.6;2.3
08;2021-04-11;0;0;1637;827;4.6;2.3
08;2021-04-12;41;75;1678;902;4.7;2.6
08;2021-04-13;46;71;1724;973;4.9;2.8
08;2021-04-14;73;45;1797;1018;5.1;2.9
08;2021-04-15;89;25;1886;1043;5.3;3.0
08;2021-04-16;75;42;1961;1085;5.5;3.1
08;2021-04-17;1;0;1962;1085;5.6;3.1
08;2021-04-18;0;0;1962;1085;5.6;3.1
08;2021-04-19;48;67;2010;1152;5.7;3.3
08;2021-04-20;80;27;2090;1179;5.9;3.3
08;2021-04-21;90;30;2180;1209;6.2;3.4
08;2021-04-22;100;20;2280;1229;6.5;3.5
08;2021-04-23;44;66;2324;1295;6.6;3.7
08;2021-04-24;1;0;2325;1295;6.6;3.7
08;2021-04-25;0;0;2325;1295;6.6;3.7
08;2021-04-26;28;93;2353;1388;6.7;3.9
08;2021-04-27;58;63;2411;1451;6.8;4.1
08;2021-04-28;87;38;2498;1489;7.1;4.2
08;2021-04-29;90;33;2588;1522;7.3;4.3
08;2021-04-30;103;15;2691;1537;7.6;4.3
08;2021-05-01;0;0;2691;1537;7.6;4.3
08;2021-05-02;0;0;2691;1537;7.6;4.3
08;2021-05-03;21;98;2712;1635;7.7;4.6
08;2021-05-04;32;92;2744;1727;7.8;4.9
08;2021-05-05;67;52;2811;1779;8.0;5.0
08;2021-05-06;104;42;2915;1821;8.2;5.2
08;2021-05-07;126;71;3041;1892;8.6;5.4
08;2021-05-08;66;122;3107;2014;8.8;5.7
08;2021-05-09;0;0;3107;2014;8.8;5.7
08;2021-05-10;123;101;3230;2115;9.1;6.0
08;2021-05-11;128;77;3358;2192;9.5;6.2
08;2021-05-12;153;75;3511;2267;9.9;6.4
08;2021-05-13;74;8;3585;2275;10.1;6.4
08;2021-05-14;128;61;3713;2336;10.5;6.6
08;2021-05-15;85;4;3798;2340;10.7;6.6
08;2021-05-16;0;0;3798;2340;10.7;6.6
08;2021-05-17;144;111;3942;2451;11.2;6.9
08;2021-05-18;148;95;4090;2546;11.6;7.2
08;2021-05-19;83;70;4173;2616;11.8;7.4
08;2021-05-20;103;26;4276;2642;12.1;7.5
08;2021-05-21;93;49;4369;2691;12.4;7.6
08;2021-05-22;98;10;4467;2701;12.6;7.6
08;2021-05-23;0;0;4467;2701;12.6;7.6
08;2021-05-24;33;7;4500;2708;12.7;7.7
08;2021-05-25;119;77;4619;2785;13.1;7.9
08;2021-05-26;105;50;4724;2835;13.4;8.0
08;2021-05-27;109;42;4833;2877;13.7;8.1
08;2021-05-28;33;1;4866;2878;13.8;8.1
08;2021-05-29;59;215;4925;3093;13.9;8.8
08;2021-05-30;0;0;4925;3093;13.9;8.8
08;2021-05-31;108;65;5033;3158;14.2;8.9
08;2021-06-01;112;63;5145;3221;14.6;9.1
08;2021-06-02;130;32;5275;3253;14.9;9.2
08;2021-06-03;100;35;5375;3288;15.2;9.3
11;2020-12-27;13;2;13;2;0.0;0.0
11;2020-12-28;11;0;24;2;0.0;0.0
11;2020-12-29;56;0;80;2;0.0;0.0
11;2020-12-30;90;0;170;2;0.0;0.0
11;2020-12-31;39;0;209;2;0.0;0.0
11;2021-01-01;27;1;236;3;0.0;0.0
11;2021-01-02;64;1;300;4;0.0;0.0
11;2021-01-03;78;0;378;4;0.0;0.0
11;2021-01-04;550;5;928;9;0.0;0.0
11;2021-01-05;2054;15;2982;24;0.0;0.0
11;2021-01-06;2996;19;5978;43;0.0;0.0
11;2021-01-07;5359;37;11337;80;0.1;0.0
11;2021-01-08;7078;46;18415;126;0.1;0.0
11;2021-01-09;1872;4;20287;130;0.2;0.0
11;2021-01-10;1736;7;22023;137;0.2;0.0
11;2021-01-11;7934;58;29957;195;0.2;0.0
11;2021-01-12;10261;86;40218;281;0.3;0.0
11;2021-01-13;9932;82;50150;363;0.4;0.0
11;2021-01-14;10022;122;60172;485;0.5;0.0
11;2021-01-15;8849;77;69021;562;0.6;0.0
11;2021-01-16;2379;25;71400;587;0.6;0.0
11;2021-01-17;1080;16;72480;603;0.6;0.0
11;2021-01-18;12162;115;84642;718;0.7;0.0
11;2021-01-19;15749;107;100391;825;0.8;0.0
11;2021-01-20;18288;106;118679;931;1.0;0.0
11;2021-01-21;22148;115;140827;1046;1.1;0.0
11;2021-01-22;16976;149;157803;1195;1.3;0.0
11;2021-01-23;4939;16;162742;1211;1.3;0.0
11;2021-01-24;1271;5;164013;1216;1.3;0.0
11;2021-01-25;8831;181;172844;1397;1.4;0.0
11;2021-01-26;12308;365;185152;1762;1.5;0.0
11;2021-01-27;16219;684;201371;2446;1.6;0.0
11;2021-01-28;20253;1180;221624;3626;1.8;0.0
11;2021-01-29;15357;1362;236981;4988;1.9;0.0
11;2021-01-30;4451;98;241432;5086;2.0;0.0
11;2021-01-31;582;22;242014;5108;2.0;0.0
11;2021-02-01;7353;1953;249367;7061;2.0;0.1
11;2021-02-02;8340;2813;257707;9874;2.1;0.1
11;2021-02-03;8113;3804;265820;13678;2.2;0.1
11;2021-02-04;8766;4584;274586;18262;2.2;0.1
11;2021-02-05;8939;4415;283525;22677;2.3;0.2
11;2021-02-06;3258;748;286783;23425;2.3;0.2
11;2021-02-07;588;540;287371;23965;2.3;0.2
11;2021-02-08;6218;5909;293589;29874;2.4;0.2
11;2021-02-09;8410;9655;301999;39529;2.5;0.3
11;2021-02-10;10011;11146;312010;50675;2.5;0.4
11;2021-02-11;12334;16467;324344;67142;2.6;0.5
11;2021-02-12;11813;10534;336157;77676;2.7;0.6
11;2021-02-13;2688;2577;338845;80253;2.8;0.7
11;2021-02-14;307;558;339152;80811;2.8;0.7
11;2021-02-15;4426;11995;343578;92806;2.8;0.8
11;2021-02-16;5637;18450;349215;111256;2.8;0.9
11;2021-02-17;5725;15579;354940;126835;2.9;1.0
11;2021-02-18;8590;20724;363530;147559;3.0;1.2
11;2021-02-19;9006;15373;372536;162932;3.0;1.3
11;2021-02-20;1686;4839;374222;167771;3.0;1.4
11;2021-02-21;396;832;374618;168603;3.1;1.4
11;2021-02-22;4211;9901;378829;178504;3.1;1.5
11;2021-02-23;4928;10497;383757;189001;3.1;1.5
11;2021-02-24;5379;9853;389136;198854;3.2;1.6
11;2021-02-25;8535;14069;397671;212923;3.2;1.7
11;2021-02-26;11131;10113;408802;223036;3.3;1.8
11;2021-02-27;5093;3338;413895;226374;3.4;1.8
11;2021-02-28;733;654;414628;227028;3.4;1.8
11;2021-03-01;8804;7927;423432;234955;3.4;1.9
11;2021-03-02;14298;9568;437730;244523;3.6;2.0
11;2021-03-03;18480;9976;456210;254499;3.7;2.1
11;2021-03-04;27966;10934;484176;265433;3.9;2.2
11;2021-03-05;36109;10806;520285;276239;4.2;2.2
11;2021-03-06;46270;3315;566555;279554;4.6;2.3
11;2021-03-07;34213;2589;600768;282143;4.9;2.3
11;2021-03-08;17584;7257;618352;289400;5.0;2.4
11;2021-03-09;26682;7544;645034;296944;5.3;2.4
11;2021-03-10;27396;8167;672430;305111;5.5;2.5
11;2021-03-11;36724;9562;709154;314673;5.8;2.6
11;2021-03-12;44500;9074;753654;323747;6.1;2.6
11;2021-03-13;39721;2435;793375;326182;6.5;2.7
11;2021-03-14;14232;720;807607;326902;6.6;2.7
11;2021-03-15;29055;3878;836662;330780;6.8;2.7
11;2021-03-16;23658;3768;860320;334548;7.0;2.7
11;2021-03-17;24266;3578;884586;338126;7.2;2.8
11;2021-03-18;28822;3996;913408;342122;7.4;2.8
11;2021-03-19;39381;4114;952789;346236;7.8;2.8
11;2021-03-20;25750;1474;978539;347710;8.0;2.8
11;2021-03-21;5596;1283;984135;348993;8.0;2.8
11;2021-03-22;31937;4119;1016072;353112;8.3;2.9
11;2021-03-23;43029;5262;1059101;358374;8.6;2.9
11;2021-03-24;42361;4851;1101462;363225;9.0;3.0
11;2021-03-25;57555;4984;1159017;368209;9.4;3.0
11;2021-03-26;57309;5714;1216326;373923;9.9;3.0
11;2021-03-27;34362;1946;1250688;375869;10.2;3.1
11;2021-03-28;10126;430;1260814;376299;10.3;3.1
11;2021-03-29;32856;8025;1293670;384324;10.5;3.1
11;2021-03-30;44602;11320;1338272;395644;10.9;3.2
11;2021-03-31;39577;13731;1377849;409375;11.2;3.3
11;2021-04-01;44982;21545;1422831;430920;11.6;3.5
11;2021-04-02;39008;23837;1461839;454757;11.9;3.7
11;2021-04-03;18282;21090;1480121;475847;12.1;3.9
11;2021-04-04;6071;7300;1486192;483147;12.1;3.9
11;2021-04-05;5929;2135;1492121;485282;12.2;4.0
11;2021-04-06;29760;18280;1521881;503562;12.4;4.1
11;2021-04-07;37287;19851;1559168;523413;12.7;4.3
11;2021-04-08;46397;20943;1605565;544356;13.1;4.4
11;2021-04-09;53460;21318;1659025;565674;13.5;4.6
11;2021-04-10;28829;19597;1687854;585271;13.7;4.8
11;2021-04-11;6531;7183;1694385;592454;13.8;4.8
11;2021-04-12;30138;19148;1724523;611602;14.0;5.0
11;2021-04-13;37049;27456;1761572;639058;14.3;5.2
11;2021-04-14;34710;24242;1796282;663300;14.6;5.4
11;2021-04-15;38897;28310;1835179;691610;14.9;5.6
11;2021-04-16;40775;27676;1875954;719286;15.3;5.9
11;2021-04-17;22672;14897;1898626;734183;15.5;6.0
11;2021-04-18;5256;3705;1903882;737888;15.5;6.0
11;2021-04-19;24959;23131;1928841;761019;15.7;6.2
11;2021-04-20;30407;27806;1959248;788825;16.0;6.4
11;2021-04-21;32006;28136;1991254;816961;16.2;6.7
11;2021-04-22;34299;34633;2025553;851594;16.5;6.9
11;2021-04-23;37629;32137;2063182;883731;16.8;7.2
11;2021-04-24;37747;23059;2100929;906790;17.1;7.4
11;2021-04-25;20415;7925;2121344;914715;17.3;7.4
11;2021-04-26;33375;25086;2154719;939801;17.5;7.7
11;2021-04-27;45373;29902;2200092;969703;17.9;7.9
11;2021-04-28;47981;29619;2248073;999322;18.3;8.1
11;2021-04-29;57332;32105;2305405;1031427;18.8;8.4
11;2021-04-30;60854;30843;2366259;1062270;19.3;8.7
11;2021-05-01;23919;5938;2390178;1068208;19.5;8.7
11;2021-05-02;14547;4921;2404725;1073129;19.6;8.7
11;2021-05-03;53756;35061;2458481;1108190;20.0;9.0
11;2021-05-04;59010;33702;2517491;1141892;20.5;9.3
11;2021-05-05;59104;33958;2576595;1175850;21.0;9.6
11;2021-05-06;66530;37886;2643125;1213736;21.5;9.9
11;2021-05-07;64824;39801;2707949;1253537;22.1;10.2
11;2021-05-08;48888;16695;2756837;1270232;22.5;10.3
11;2021-05-09;32889;10081;2789726;1280313;22.7;10.4
11;2021-05-10;69426;30309;2859152;1310622;23.3;10.7
11;2021-05-11;80680;37907;2939832;1348529;23.9;11.0
11;2021-05-12;82054;32186;3021886;1380715;24.6;11.2
11;2021-05-13;67238;9878;3089124;1390593;25.2;11.3
11;2021-05-14;83636;21919;3172760;1412512;25.8;11.5
11;2021-05-15;66085;15253;3238845;1427765;26.4;11.6
11;2021-05-16;36223;5069;3275068;1432834;26.7;11.7
11;2021-05-17;81809;16724;3356877;1449558;27.3;11.8
11;2021-05-18;97522;19596;3454399;1469154;28.1;12.0
11;2021-05-19;96533;27538;3550932;1496692;28.9;12.2
11;2021-05-20;105483;28587;3656415;1525279;29.8;12.4
11;2021-05-21;99486;25766;3755901;1551045;30.6;12.6
11;2021-05-22;78609;14690;3834510;1565735;31.2;12.8
11;2021-05-23;41028;5925;3875538;1571660;31.6;12.8
11;2021-05-24;58963;8711;3934501;1580371;32.0;12.9
11;2021-05-25;84358;32008;4018859;1612379;32.7;13.1
11;2021-05-26;81487;32244;4100346;1644623;33.4;13.4
11;2021-05-27;90166;40370;4190512;1684993;34.1;13.7
11;2021-05-28;84717;45339;4275229;1730332;34.8;14.1
11;2021-05-29;67307;27394;4342536;1757726;35.4;14.3
11;2021-05-30;35424;8431;4377960;1766157;35.7;14.4
11;2021-05-31;76819;39713;4454779;1805870;36.3;14.7
11;2021-06-01;85523;50586;4540302;1856456;37.0;15.1
11;2021-06-02;80760;44949;4621062;1901405;37.6;15.5
11;2021-06-03;86562;53175;4707624;1954580;38.3;15.9
24;2020-12-27;0;0;0;0;0.0;0.0
24;2020-12-28;17;0;17;0;0.0;0.0
24;2020-12-29;10;0;27;0;0.0;0.0
24;2020-12-30;0;0;27;0;0.0;0.0
24;2020-12-31;0;0;27;0;0.0;0.0
24;2021-01-01;1;0;28;0;0.0;0.0
24;2021-01-02;0;0;28;0;0.0;0.0
24;2021-01-03;0;0;28;0;0.0;0.0
24;2021-01-04;24;0;52;0;0.0;0.0
24;2021-01-05;163;0;215;0;0.0;0.0
24;2021-01-06;328;0;543;0;0.0;0.0
24;2021-01-07;492;0;1035;0;0.0;0.0
24;2021-01-08;951;1;1986;1;0.1;0.0
24;2021-01-09;503;0;2489;1;0.1;0.0
24;2021-01-10;395;0;2884;1;0.1;0.0
24;2021-01-11;1280;0;4164;1;0.2;0.0
24;2021-01-12;2575;8;6739;9;0.3;0.0
24;2021-01-13;2187;6;8926;15;0.3;0.0
24;2021-01-14;2498;51;11424;66;0.4;0.0
24;2021-01-15;2114;7;13538;73;0.5;0.0
24;2021-01-16;857;4;14395;77;0.6;0.0
24;2021-01-17;322;3;14717;80;0.6;0.0
24;2021-01-18;3214;16;17931;96;0.7;0.0
24;2021-01-19;6320;15;24251;111;0.9;0.0
24;2021-01-20;7163;8;31414;119;1.2;0.0
24;2021-01-21;7412;3;38826;122;1.5;0.0
24;2021-01-22;5117;1;43943;123;1.7;0.0
24;2021-01-23;1272;1;45215;124;1.8;0.0
24;2021-01-24;225;1;45440;125;1.8;0.0
24;2021-01-25;3111;24;48551;149;1.9;0.0
24;2021-01-26;4843;87;53394;236;2.1;0.0
24;2021-01-27;5044;179;58438;415;2.3;0.0
24;2021-01-28;5634;504;64072;919;2.5;0.0
24;2021-01-29;3420;727;67492;1646;2.6;0.1
24;2021-01-30;1207;398;68699;2044;2.7;0.1
24;2021-01-31;251;368;68950;2412;2.7;0.1
24;2021-02-01;2170;927;71120;3339;2.8;0.1
24;2021-02-02;3029;1890;74149;5229;2.9;0.2
24;2021-02-03;3110;1767;77259;6996;3.0;0.3
24;2021-02-04;3234;1615;80493;8611;3.1;0.3
24;2021-02-05;2394;1368;82887;9979;3.2;0.4
24;2021-02-06;706;262;83593;10241;3.3;0.4
24;2021-02-07;134;31;83727;10272;3.3;0.4
24;2021-02-08;1967;1569;85694;11841;3.3;0.5
24;2021-02-09;3411;3305;89105;15146;3.5;0.6
24;2021-02-10;4086;3750;93191;18896;3.6;0.7
24;2021-02-11;4650;4769;97841;23665;3.8;0.9
24;2021-02-12;3480;3267;101321;26932;4.0;1.1
24;2021-02-13;839;769;102160;27701;4.0;1.1
24;2021-02-14;426;255;102586;27956;4.0;1.1
24;2021-02-15;1961;2857;104547;30813;4.1;1.2
24;2021-02-16;2848;4491;107395;35304;4.2;1.4
24;2021-02-17;2692;5095;110087;40399;4.3;1.6
24;2021-02-18;3518;5153;113605;45552;4.4;1.8
24;2021-02-19;3195;3551;116800;49103;4.6;1.9
24;2021-02-20;1287;984;118087;50087;4.6;2.0
24;2021-02-21;433;239;118520;50326;4.6;2.0
24;2021-02-22;1649;3060;120169;53386;4.7;2.1
24;2021-02-23;2338;3138;122507;56524;4.8;2.2
24;2021-02-24;2093;3465;124600;59989;4.9;2.3
24;2021-02-25;3621;3160;128221;63149;5.0;2.5
24;2021-02-26;4464;2611;132685;65760;5.2;2.6
24;2021-02-27;1877;992;134562;66752;5.3;2.6
24;2021-02-28;97;219;134659;66971;5.3;2.6
24;2021-03-01;2161;2020;136820;68991;5.3;2.7
24;2021-03-02;3427;2886;140247;71877;5.5;2.8
24;2021-03-03;3542;3406;143789;75283;5.6;2.9
24;2021-03-04;5329;3682;149118;78965;5.8;3.1
24;2021-03-05;7034;3136;156152;82101;6.1;3.2
24;2021-03-06;7365;730;163517;82831;6.4;3.2
24;2021-03-07;2425;275;165942;83106;6.5;3.2
24;2021-03-08;2687;2614;168629;85720;6.6;3.3
24;2021-03-09;5777;2836;174406;88556;6.8;3.5
24;2021-03-10;6397;3508;180803;92064;7.1;3.6
24;2021-03-11;7768;3483;188571;95547;7.4;3.7
24;2021-03-12;10759;2642;199330;98189;7.8;3.8
24;2021-03-13;7092;707;206422;98896;8.1;3.9
24;2021-03-14;1548;269;207970;99165;8.1;3.9
24;2021-03-15;4553;1969;212523;101134;8.3;4.0
24;2021-03-16;4594;2364;217117;103498;8.5;4.0
24;2021-03-17;4461;1974;221578;105472;8.7;4.1
24;2021-03-18;5063;2080;226641;107552;8.9;4.2
24;2021-03-19;7758;1661;234399;109213;9.2;4.3
24;2021-03-20;4412;875;238811;110088;9.3;4.3
24;2021-03-21;557;346;239368;110434;9.4;4.3
24;2021-03-22;4853;1673;244221;112107;9.5;4.4
24;2021-03-23;8027;2286;252248;114393;9.9;4.5
24;2021-03-24;8782;1991;261030;116384;10.2;4.5
24;2021-03-25;12115;1944;273145;118328;10.7;4.6
24;2021-03-26;13234;1958;286379;120286;11.2;4.7
24;2021-03-27;5762;665;292141;120951;11.4;4.7
24;2021-03-28;519;97;292660;121048;11.4;4.7
24;2021-03-29;6754;1855;299414;122903;11.7;4.8
24;2021-03-30;10158;2770;309572;125673;12.1;4.9
24;2021-03-31;9882;2316;319454;127989;12.5;5.0
24;2021-04-01;12009;3362;331463;131351;13.0;5.1
24;2021-04-02;10595;3308;342058;134659;13.4;5.3
24;2021-04-03;3391;1705;345449;136364;13.5;5.3
24;2021-04-04;392;340;345841;136704;13.5;5.3
24;2021-04-05;393;49;346234;136753;13.5;5.3
24;2021-04-06;8307;3388;354541;140141;13.9;5.5
24;2021-04-07;11054;4525;365595;144666;14.3;5.7
24;2021-04-08;14154;4706;379749;149372;14.8;5.8
24;2021-04-09;17721;3657;397470;153029;15.5;6.0
24;2021-04-10;9366;2055;406836;155084;15.9;6.1
24;2021-04-11;2908;1243;409744;156327;16.0;6.1
24;2021-04-12;10833;3420;420577;159747;16.4;6.2
24;2021-04-13;14988;4798;435565;164545;17.0;6.4
24;2021-04-14;13445;4895;449010;169440;17.5;6.6
24;2021-04-15;15331;5093;464341;174533;18.1;6.8
24;2021-04-16;15653;4294;479994;178827;18.8;7.0
24;2021-04-17;8182;1301;488176;180128;19.1;7.0
24;2021-04-18;1099;282;489275;180410;19.1;7.0
24;2021-04-19;9430;4111;498705;184521;19.5;7.2
24;2021-04-20;12701;5944;511406;190465;20.0;7.4
24;2021-04-21;12308;5969;523714;196434;20.5;7.7
24;2021-04-22;13846;7502;537560;203936;21.0;8.0
24;2021-04-23;13681;7011;551241;210947;21.5;8.2
24;2021-04-24;10225;3226;561466;214173;21.9;8.4
24;2021-04-25;3000;420;564466;214593;22.1;8.4
24;2021-04-26;10150;5400;574616;219993;22.5;8.6
24;2021-04-27;13857;7720;588473;227713;23.0;8.9
24;2021-04-28;12996;8409;601469;236122;23.5;9.2
24;2021-04-29;16555;8551;618024;244673;24.2;9.6
24;2021-04-30;17447;7156;635471;251829;24.8;9.8
24;2021-05-01;2904;666;638375;252495;24.9;9.9
24;2021-05-02;2136;314;640511;252809;25.0;9.9
24;2021-05-03;11246;6083;651757;258892;25.5;10.1
24;2021-05-04;12743;10267;664500;269159;26.0;10.5
24;2021-05-05;13807;9552;678307;278711;26.5;10.9
24;2021-05-06;17405;9640;695712;288351;27.2;11.3
24;2021-05-07;14495;11944;710207;300295;27.8;11.7
24;2021-05-08;3523;2361;713730;302656;27.9;11.8
24;2021-05-09;2319;3725;716049;306381;28.0;12.0
24;2021-05-10;11381;12164;727430;318545;28.4;12.4
24;2021-05-11;16313;14171;743743;332716;29.1;13.0
24;2021-05-12;18127;13085;761870;345801;29.8;13.5
24;2021-05-13;6911;3145;768781;348946;30.0;13.6
24;2021-05-14;14473;9136;783254;358082;30.6;14.0
24;2021-05-15;10456;5027;793710;363109;31.0;14.2
24;2021-05-16;3150;1177;796860;364286;31.1;14.2
24;2021-05-17;13276;7643;810136;371929;31.7;14.5
24;2021-05-18;18322;8177;828458;380106;32.4;14.9
24;2021-05-19;18986;7458;847444;387564;33.1;15.1
24;2021-05-20;21266;8413;868710;395977;33.9;15.5
24;2021-05-21;18330;9038;887040;405015;34.7;15.8
24;2021-05-22;7613;4175;894653;409190;35.0;16.0
24;2021-05-23;2975;940;897628;410130;35.1;16.0
24;2021-05-24;8328;1584;905956;411714;35.4;16.1
24;2021-05-25;17705;8823;923661;420537;36.1;16.4
24;2021-05-26;19079;8253;942740;428790;36.8;16.8
24;2021-05-27;20788;10000;963528;438790;37.7;17.1
24;2021-05-28;20403;12215;983931;451005;38.4;17.6
24;2021-05-29;12363;5881;996294;456886;38.9;17.9
24;2021-05-30;2031;1484;998325;458370;39.0;17.9
24;2021-05-31;14558;8880;1012883;467250;39.6;18.3
24;2021-06-01;19608;11966;1032491;479216;40.3;18.7
24;2021-06-02;17485;10749;1049976;489965;41.0;19.1
24;2021-06-03;20518;11833;1070494;501798;41.8;19.6
27;2020-12-27;4;0;4;0;0.0;0.0
27;2020-12-28;0;0;4;0;0.0;0.0
27;2020-12-29;19;0;23;0;0.0;0.0
27;2020-12-30;20;0;43;0;0.0;0.0
27;2020-12-31;2;0;45;0;0.0;0.0
27;2021-01-01;0;0;45;0;0.0;0.0
27;2021-01-02;1;0;46;0;0.0;0.0
27;2021-01-03;1;0;47;0;0.0;0.0
27;2021-01-04;27;0;74;0;0.0;0.0
27;2021-01-05;263;0;337;0;0.0;0.0
27;2021-01-06;717;1;1054;1;0.0;0.0
27;2021-01-07;1554;2;2608;3;0.1;0.0
27;2021-01-08;1894;1;4502;4;0.2;0.0
27;2021-01-09;688;0;5190;4;0.2;0.0
27;2021-01-10;3;0;5193;4;0.2;0.0
27;2021-01-11;2403;1;7596;5;0.3;0.0
27;2021-01-12;3818;4;11414;9;0.4;0.0
27;2021-01-13;3846;8;15260;17;0.5;0.0
27;2021-01-14;4749;46;20009;63;0.7;0.0
27;2021-01-15;3591;20;23600;83;0.8;0.0
27;2021-01-16;793;8;24393;91;0.9;0.0
27;2021-01-17;116;1;24509;92;0.9;0.0
27;2021-01-18;6232;17;30741;109;1.1;0.0
27;2021-01-19;8389;22;39130;131;1.4;0.0
27;2021-01-20;7898;56;47028;187;1.7;0.0
27;2021-01-21;9448;15;56476;202;2.0;0.0
27;2021-01-22;7701;15;64177;217;2.3;0.0
27;2021-01-23;2978;6;67155;223;2.4;0.0
27;2021-01-24;347;0;67502;223;2.4;0.0
27;2021-01-25;5216;28;72718;251;2.6;0.0
27;2021-01-26;7387;226;80105;477;2.9;0.0
27;2021-01-27;7091;346;87196;823;3.1;0.0
27;2021-01-28;6326;893;93522;1716;3.4;0.1
27;2021-01-29;5894;1264;99416;2980;3.6;0.1
27;2021-01-30;2468;347;101884;3327;3.7;0.1
27;2021-01-31;251;22;102135;3349;3.7;0.1
27;2021-02-01;3356;1403;105491;4752;3.8;0.2
27;2021-02-02;4038;2223;109529;6975;3.9;0.3
27;2021-02-03;3618;2396;113147;9371;4.1;0.3
27;2021-02-04;3703;3151;116850;12522;4.2;0.4
27;2021-02-05;3240;2587;120090;15109;4.3;0.5
27;2021-02-06;1609;670;121699;15779;4.4;0.6
27;2021-02-07;5;87;121704;15866;4.4;0.6
27;2021-02-08;2910;2684;124614;18550;4.5;0.7
27;2021-02-09;3014;3651;127628;22201;4.6;0.8
27;2021-02-10;3051;3407;130679;25608;4.7;0.9
27;2021-02-11;3312;4642;133991;30250;4.8;1.1
27;2021-02-12;2725;4460;136716;34710;4.9;1.2
27;2021-02-13;985;1462;137701;36172;4.9;1.3
27;2021-02-14;258;297;137959;36469;5.0;1.3
27;2021-02-15;1240;5756;139199;42225;5.0;1.5
27;2021-02-16;1506;7434;140705;49659;5.1;1.8
27;2021-02-17;1807;6912;142512;56571;5.1;2.0
27;2021-02-18;2137;6460;144649;63031;5.2;2.3
27;2021-02-19;1730;5663;146379;68694;5.3;2.5
27;2021-02-20;707;2180;147086;70874;5.3;2.5
27;2021-02-21;1;280;147087;71154;5.3;2.6
27;2021-02-22;978;4900;148065;76054;5.3;2.7
27;2021-02-23;1202;5443;149267;81497;5.4;2.9
27;2021-02-24;1490;4863;150757;86360;5.4;3.1
27;2021-02-25;2909;5050;153666;91410;5.5;3.3
27;2021-02-26;3682;4203;157348;95613;5.7;3.4
27;2021-02-27;1905;1954;159253;97567;5.7;3.5
27;2021-02-28;107;282;159360;97849;5.7;3.5
27;2021-03-01;3662;3497;163022;101346;5.9;3.6
27;2021-03-02;5408;4319;168430;105665;6.1;3.8
27;2021-03-03;5946;3549;174376;109214;6.3;3.9
27;2021-03-04;7646;3541;182022;112755;6.5;4.1
27;2021-03-05;9665;3143;191687;115898;6.9;4.2
27;2021-03-06;6218;1063;197905;116961;7.1;4.2
27;2021-03-07;870;185;198775;117146;7.1;4.2
27;2021-03-08;4539;3405;203314;120551;7.3;4.3
27;2021-03-09;8402;3360;211716;123911;7.6;4.5
27;2021-03-10;8702;2766;220418;126677;7.9;4.6
27;2021-03-11;10240;3166;230658;129843;8.3;4.7
27;2021-03-12;11856;2410;242514;132253;8.7;4.8
27;2021-03-13;7022;669;249536;132922;9.0;4.8
27;2021-03-14;209;60;249745;132982;9.0;4.8
27;2021-03-15;7312;1368;257057;134350;9.2;4.8
27;2021-03-16;8242;1070;265299;135420;9.5;4.9
27;2021-03-17;8482;1143;273781;136563;9.8;4.9
27;2021-03-18;8618;1376;282399;137939;10.1;5.0
27;2021-03-19;9396;1068;291795;139007;10.5;5.0
27;2021-03-20;5660;382;297455;139389;10.7;5.0
27;2021-03-21;235;11;297690;139400;10.7;5.0
27;2021-03-22;9321;942;307011;140342;11.0;5.0
27;2021-03-23;14672;1137;321683;141479;11.6;5.1
27;2021-03-24;15151;1215;336834;142694;12.1;5.1
27;2021-03-25;18351;1413;355185;144107;12.8;5.2
27;2021-03-26;18360;1206;373545;145313;13.4;5.2
27;2021-03-27;7676;384;381221;145697;13.7;5.2
27;2021-03-28;492;124;381713;145821;13.7;5.2
27;2021-03-29;10022;3383;391735;149204;14.1;5.4
27;2021-03-30;12947;3956;404682;153160;14.5;5.5
27;2021-03-31;12831;4151;417513;157311;15.0;5.7
27;2021-04-01;14519;4084;432032;161395;15.5;5.8
27;2021-04-02;12923;4017;444955;165412;16.0;5.9
27;2021-04-03;4466;1125;449421;166537;16.1;6.0
27;2021-04-04;67;35;449488;166572;16.2;6.0
27;2021-04-05;345;5;449833;166577;16.2;6.0
27;2021-04-06;9537;6140;459370;172717;16.5;6.2
27;2021-04-07;10186;6436;469556;179153;16.9;6.4
27;2021-04-08;15702;6090;485258;185243;17.4;6.7
27;2021-04-09;17806;5926;503064;191169;18.1;6.9
27;2021-04-10;6055;1926;509119;193095;18.3;6.9
27;2021-04-11;418;83;509537;193178;18.3;6.9
27;2021-04-12;9047;6777;518584;199955;18.6;7.2
27;2021-04-13;11782;8521;530366;208476;19.1;7.5
27;2021-04-14;10323;7818;540689;216294;19.4;7.8
27;2021-04-15;12952;7632;553641;223926;19.9;8.0
27;2021-04-16;12775;6416;566416;230342;20.4;8.3
27;2021-04-17;5949;3041;572365;233383;20.6;8.4
27;2021-04-18;351;189;572716;233572;20.6;8.4
27;2021-04-19;6967;8841;579683;242413;20.8;8.7
27;2021-04-20;8512;10531;588195;252944;21.1;9.1
27;2021-04-21;8359;10135;596554;263079;21.4;9.5
27;2021-04-22;9849;11493;606403;274572;21.8;9.9
27;2021-04-23;11308;10239;617711;284811;22.2;10.2
27;2021-04-24;5190;3956;622901;288767;22.4;10.4
27;2021-04-25;441;294;623342;289061;22.4;10.4
27;2021-04-26;9437;8702;632779;297763;22.7;10.7
27;2021-04-27;13424;10188;646203;307951;23.2;11.1
27;2021-04-28;14139;10302;660342;318253;23.7;11.4
27;2021-04-29;17844;11466;678186;329719;24.4;11.8
27;2021-04-30;18669;9432;696855;339151;25.0;12.2
27;2021-05-01;5407;1516;702262;340667;25.2;12.2
27;2021-05-02;600;71;702862;340738;25.3;12.2
27;2021-05-03;14787;6251;717649;346989;25.8;12.5
27;2021-05-04;13922;10749;731571;357738;26.3;12.9
27;2021-05-05;15548;9970;747119;367708;26.8;13.2
27;2021-05-06;18174;12277;765293;379985;27.5;13.7
27;2021-05-07;17159;11686;782452;391671;28.1;14.1
27;2021-05-08;5823;1489;788275;393160;28.3;14.1
27;2021-05-09;530;436;788805;393596;28.3;14.1
27;2021-05-10;15124;9806;803929;403402;28.9;14.5
27;2021-05-11;20654;12780;824583;416182;29.6;15.0
27;2021-05-12;19455;11654;844038;427836;30.3;15.4
27;2021-05-13;12257;1995;856295;429831;30.8;15.4
27;2021-05-14;22839;8300;879134;438131;31.6;15.7
27;2021-05-15;15356;3372;894490;441503;32.1;15.9
27;2021-05-16;1879;229;896369;441732;32.2;15.9
27;2021-05-17;18911;6728;915280;448460;32.9;16.1
27;2021-05-18;20426;9217;935706;457677;33.6;16.4
27;2021-05-19;22185;7236;957891;464913;34.4;16.7
27;2021-05-20;23141;8115;981032;473028;35.3;17.0
27;2021-05-21;21026;9989;1002058;483017;36.0;17.4
27;2021-05-22;8250;3580;1010308;486597;36.3;17.5
27;2021-05-23;901;301;1011209;486898;36.3;17.5
27;2021-05-24;4223;1075;1015432;487973;36.5;17.5
27;2021-05-25;14781;11582;1030213;499555;37.0;17.9
27;2021-05-26;15242;10587;1045455;510142;37.6;18.3
27;2021-05-27;18224;11726;1063679;521868;38.2;18.8
27;2021-05-28;15971;14067;1079650;535935;38.8;19.3
27;2021-05-29;6793;5128;1086443;541063;39.0;19.4
27;2021-05-30;382;255;1086825;541318;39.1;19.5
27;2021-05-31;13260;10899;1100085;552217;39.5;19.8
27;2021-06-01;16387;13372;1116472;565589;40.1;20.3
27;2021-06-02;15966;11372;1132438;576961;40.7;20.7
27;2021-06-03;17534;11763;1149972;588724;41.3;21.2
28;2020-12-27;0;0;0;0;0.0;0.0
28;2020-12-28;1;0;1;0;0.0;0.0
28;2020-12-29;2;0;3;0;0.0;0.0
28;2020-12-30;0;0;3;0;0.0;0.0
28;2020-12-31;1;0;4;0;0.0;0.0
28;2021-01-01;1;0;5;0;0.0;0.0
28;2021-01-02;0;0;5;0;0.0;0.0
28;2021-01-03;1;0;6;0;0.0;0.0
28;2021-01-04;16;0;22;0;0.0;0.0
28;2021-01-05;169;0;191;0;0.0;0.0
28;2021-01-06;1392;1;1583;1;0.0;0.0
28;2021-01-07;2596;8;4179;9;0.1;0.0
28;2021-01-08;3425;3;7604;12;0.2;0.0
28;2021-01-09;1331;3;8935;15;0.3;0.0
28;2021-01-10;704;1;9639;16;0.3;0.0
28;2021-01-11;3177;1;12816;17;0.4;0.0
28;2021-01-12;3968;3;16784;20;0.5;0.0
28;2021-01-13;4301;5;21085;25;0.6;0.0
28;2021-01-14;8088;72;29173;97;0.9;0.0
28;2021-01-15;6214;24;35387;121;1.1;0.0
28;2021-01-16;2082;9;37469;130;1.1;0.0
28;2021-01-17;4070;20;41539;150;1.3;0.0
28;2021-01-18;8779;10;50318;160;1.5;0.0
28;2021-01-19;7138;13;57456;173;1.7;0.0
28;2021-01-20;6502;8;63958;181;1.9;0.0
28;2021-01-21;5990;7;69948;188;2.1;0.0
28;2021-01-22;5438;11;75386;199;2.3;0.0
28;2021-01-23;2017;7;77403;206;2.3;0.0
28;2021-01-24;1447;11;78850;217;2.4;0.0
28;2021-01-25;6236;178;85086;395;2.6;0.0
28;2021-01-26;4573;393;89659;788;2.7;0.0
28;2021-01-27;4032;765;93691;1553;2.8;0.0
28;2021-01-28;3752;1048;97443;2601;2.9;0.1
28;2021-01-29;3487;1305;100930;3906;3.1;0.1
28;2021-01-30;1386;516;102316;4422;3.1;0.1
28;2021-01-31;195;124;102511;4546;3.1;0.1
28;2021-02-01;2779;1661;105290;6207;3.2;0.2
28;2021-02-02;2981;2391;108271;8598;3.3;0.3
28;2021-02-03;2947;2670;111218;11268;3.4;0.3
28;2021-02-04;3722;5208;114940;16476;3.5;0.5
28;2021-02-05;3866;4389;118806;20865;3.6;0.6
28;2021-02-06;1137;1547;119943;22412;3.6;0.7
28;2021-02-07;716;1975;120659;24387;3.7;0.7
28;2021-02-08;3800;6855;124459;31242;3.8;0.9
28;2021-02-09;3461;6026;127920;37268;3.9;1.1
28;2021-02-10;3454;5070;131374;42338;4.0;1.3
28;2021-02-11;4207;4888;135581;47226;4.1;1.4
28;2021-02-12;4044;4609;139625;51835;4.2;1.6
28;2021-02-13;1122;1577;140747;53412;4.3;1.6
28;2021-02-14;285;1388;141032;54800;4.3;1.7
28;2021-02-15;2211;6274;143243;61074;4.3;1.8
28;2021-02-16;2654;5656;145897;66730;4.4;2.0
28;2021-02-17;1950;4554;147847;71284;4.5;2.2
28;2021-02-18;2566;4305;150413;75589;4.6;2.3
28;2021-02-19;2546;3714;152959;79303;4.6;2.4
28;2021-02-20;945;1259;153904;80562;4.7;2.4
28;2021-02-21;102;416;154006;80978;4.7;2.5
28;2021-02-22;1668;4231;155674;85209;4.7;2.6
28;2021-02-23;2173;3838;157847;89047;4.8;2.7
28;2021-02-24;2370;3892;160217;92939;4.8;2.8
28;2021-02-25;4768;4179;164985;97118;5.0;2.9
28;2021-02-26;5958;3725;170943;100843;5.2;3.1
28;2021-02-27;3005;1029;173948;101872;5.3;3.1
28;2021-02-28;340;386;174288;102258;5.3;3.1
28;2021-03-01;2522;4646;176810;106904;5.4;3.2
28;2021-03-02;3896;4082;180706;110986;5.5;3.4
28;2021-03-03;4775;3474;185481;114460;5.6;3.5
28;2021-03-04;7293;2852;192774;117312;5.8;3.6
28;2021-03-05;10139;2465;202913;119777;6.1;3.6
28;2021-03-06;9786;768;212699;120545;6.4;3.6
28;2021-03-07;3771;124;216470;120669;6.6;3.7
28;2021-03-08;5862;3260;222332;123929;6.7;3.8
28;2021-03-09;9277;2797;231609;126726;7.0;3.8
28;2021-03-10;9781;2432;241390;129158;7.3;3.9
28;2021-03-11;13935;1972;255325;131130;7.7;4.0
28;2021-03-12;17935;1489;273260;132619;8.3;4.0
28;2021-03-13;11076;503;284336;133122;8.6;4.0
28;2021-03-14;2255;95;286591;133217;8.7;4.0
28;2021-03-15;8637;856;295228;134073;8.9;4.1
28;2021-03-16;7481;1186;302709;135259;9.2;4.1
28;2021-03-17;7701;1180;310410;136439;9.4;4.1
28;2021-03-18;8162;1357;318572;137796;9.6;4.2
28;2021-03-19;11544;1435;330116;139231;10.0;4.2
28;2021-03-20;9660;532;339776;139763;10.3;4.2
28;2021-03-21;2405;16;342181;139779;10.4;4.2
28;2021-03-22;9380;1618;351561;141397;10.6;4.3
28;2021-03-23;12460;1483;364021;142880;11.0;4.3
28;2021-03-24;13227;1572;377248;144452;11.4;4.4
28;2021-03-25;17587;1767;394835;146219;12.0;4.4
28;2021-03-26;20765;1829;415600;148048;12.6;4.5
28;2021-03-27;11465;1102;427065;149150;12.9;4.5
28;2021-03-28;2964;79;430029;149229;13.0;4.5
28;2021-03-29;11743;2939;441772;152168;13.4;4.6
28;2021-03-30;14382;3027;456154;155195;13.8;4.7
28;2021-03-31;14340;3530;470494;158725;14.2;4.8
28;2021-04-01;17961;5492;488455;164217;14.8;5.0
28;2021-04-02;16819;6420;505274;170637;15.3;5.2
28;2021-04-03;7221;4039;512495;174676;15.5;5.3
28;2021-04-04;1776;789;514271;175465;15.6;5.3
28;2021-04-05;3286;732;517557;176197;15.7;5.3
28;2021-04-06;10811;7396;528368;183593;16.0;5.6
28;2021-04-07;12700;6946;541068;190539;16.4;5.8
28;2021-04-08;17668;7506;558736;198045;16.9;6.0
28;2021-04-09;23761;7781;582497;205826;17.6;6.2
28;2021-04-10;13873;4153;596370;209979;18.1;6.4
28;2021-04-11;3026;1185;599396;211164;18.1;6.4
28;2021-04-12;13755;8004;613151;219168;18.6;6.6
28;2021-04-13;16164;8012;629315;227180;19.0;6.9
28;2021-04-14;14276;7987;643591;235167;19.5;7.1
28;2021-04-15;17217;8356;660808;243523;20.0;7.4
28;2021-04-16;20217;7780;681025;251303;20.6;7.6
28;2021-04-17;12739;4998;693764;256301;21.0;7.8
28;2021-04-18;2289;1238;696053;257539;21.1;7.8
28;2021-04-19;10857;8853;706910;266392;21.4;8.1
28;2021-04-20;13886;9748;720796;276140;21.8;8.4
28;2021-04-21;13262;9966;734058;286106;22.2;8.7
28;2021-04-22;15262;11873;749320;297979;22.7;9.0
28;2021-04-23;16399;12278;765719;310257;23.2;9.4
28;2021-04-24;12550;7228;778269;317485;23.6;9.6
28;2021-04-25;3281;1897;781550;319382;23.7;9.7
28;2021-04-26;12461;10164;794011;329546;24.0;10.0
28;2021-04-27;14806;11710;808817;341256;24.5;10.3
28;2021-04-28;14998;10673;823815;351929;24.9;10.7
28;2021-04-29;18408;11710;842223;363639;25.5;11.0
28;2021-04-30;20329;11839;862552;375478;26.1;11.4
28;2021-05-01;12771;2935;875323;378413;26.5;11.5
28;2021-05-02;5951;1808;881274;380221;26.7;11.5
28;2021-05-03;12817;9964;894091;390185;27.1;11.8
28;2021-05-04;13746;13093;907837;403278;27.5;12.2
28;2021-05-05;13896;14431;921733;417709;27.9;12.6
28;2021-05-06;18271;15062;940004;432771;28.5;13.1
28;2021-05-07;17771;17345;957775;450116;29.0;13.6
28;2021-05-08;11869;4648;969644;454764;29.4;13.8
28;2021-05-09;7120;1810;976764;456574;29.6;13.8
28;2021-05-10;14095;14765;990859;471339;30.0;14.3
28;2021-05-11;18048;15309;1008907;486648;30.5;14.7
28;2021-05-12;18693;13951;1027600;500599;31.1;15.2
28;2021-05-13;19592;3672;1047192;504271;31.7;15.3
28;2021-05-14;26266;12464;1073458;516735;32.5;15.6
28;2021-05-15;26849;7025;1100307;523760;33.3;15.9
28;2021-05-16;14094;1544;1114401;525304;33.7;15.9
28;2021-05-17;16118;9385;1130519;534689;34.2;16.2
28;2021-05-18;20966;8728;1151485;543417;34.9;16.4
28;2021-05-19;20851;8457;1172336;551874;35.5;16.7
28;2021-05-20;23106;9640;1195442;561514;36.2;17.0
28;2021-05-21;21352;12050;1216794;573564;36.8;17.4
28;2021-05-22;17661;5961;1234455;579525;37.4;17.5
28;2021-05-23;9102;911;1243557;580436;37.6;17.6
28;2021-05-24;13384;3148;1256941;583584;38.0;17.7
28;2021-05-25;19080;11562;1276021;595146;38.6;18.0
28;2021-05-26;19178;9972;1295199;605118;39.2;18.3
28;2021-05-27;21679;12337;1316878;617455;39.9;18.7
28;2021-05-28;21503;16458;1338381;633913;40.5;19.2
28;2021-05-29;17494;10130;1355875;644043;41.0;19.5
28;2021-05-30;6259;1258;1362134;645301;41.2;19.5
28;2021-05-31;19789;11893;1381923;657194;41.8;19.9
28;2021-06-01;23625;13788;1405548;670982;42.5;20.3
28;2021-06-02;20537;12265;1426085;683247;43.2;20.7
28;2021-06-03;26184;14592;1452269;697839;44.0;21.1
32;2020-12-27;1;0;1;0;0.0;0.0
32;2020-12-28;26;0;27;0;0.0;0.0
32;2020-12-29;12;0;39;0;0.0;0.0
32;2020-12-30;0;0;39;0;0.0;0.0
32;2020-12-31;0;0;39;0;0.0;0.0
32;2021-01-01;1;0;40;0;0.0;0.0
32;2021-01-02;6;0;46;0;0.0;0.0
32;2021-01-03;2;0;48;0;0.0;0.0
32;2021-01-04;82;0;130;0;0.0;0.0
32;2021-01-05;300;0;430;0;0.0;0.0
32;2021-01-06;785;1;1215;1;0.0;0.0
32;2021-01-07;2428;2;3643;3;0.1;0.0
32;2021-01-08;3159;6;6802;9;0.1;0.0
32;2021-01-09;957;3;7759;12;0.1;0.0
32;2021-01-10;639;0;8398;12;0.1;0.0
32;2021-01-11;3263;5;11661;17;0.2;0.0
32;2021-01-12;4988;6;16649;23;0.3;0.0
32;2021-01-13;4934;8;21583;31;0.4;0.0
32;2021-01-14;5715;41;27298;72;0.5;0.0
32;2021-01-15;5209;17;32507;89;0.5;0.0
32;2021-01-16;1633;10;34140;99;0.6;0.0
32;2021-01-17;857;4;34997;103;0.6;0.0
32;2021-01-18;7227;19;42224;122;0.7;0.0
32;2021-01-19;9887;33;52111;155;0.9;0.0
32;2021-01-20;10331;26;62442;181;1.0;0.0
32;2021-01-21;12674;38;75116;219;1.3;0.0
32;2021-01-22;9856;17;84972;236;1.4;0.0
32;2021-01-23;3372;2;88344;238;1.5;0.0
32;2021-01-24;1119;2;89463;240;1.5;0.0
32;2021-01-25;6846;79;96309;319;1.6;0.0
32;2021-01-26;7401;176;103710;495;1.7;0.0
32;2021-01-27;4828;509;108538;1004;1.8;0.0
32;2021-01-28;8556;1682;117094;2686;2.0;0.0
32;2021-01-29;5366;1853;122460;4539;2.1;0.1
32;2021-01-30;534;413;122994;4952;2.1;0.1
32;2021-01-31;67;74;123061;5026;2.1;0.1
32;2021-02-01;192;1815;123253;6841;2.1;0.1
32;2021-02-02;786;3169;124039;10010;2.1;0.2
32;2021-02-03;4068;3190;128107;13200;2.1;0.2
32;2021-02-04;3681;3616;131788;16816;2.2;0.3
32;2021-02-05;1965;3277;133753;20093;2.2;0.3
32;2021-02-06;515;874;134268;20967;2.3;0.4
32;2021-02-07;538;94;134806;21061;2.3;0.4
32;2021-02-08;1866;3681;136672;24742;2.3;0.4
32;2021-02-09;2550;4364;139222;29106;2.3;0.5
32;2021-02-10;2982;5340;142204;34446;2.4;0.6
32;2021-02-11;4771;6181;146975;40627;2.5;0.7
32;2021-02-12;5082;4644;152057;45271;2.6;0.8
32;2021-02-13;938;1892;152995;47163;2.6;0.8
32;2021-02-14;116;711;153111;47874;2.6;0.8
32;2021-02-15;3610;6909;156721;54783;2.6;0.9
32;2021-02-16;4026;8227;160747;63010;2.7;1.1
32;2021-02-17;4276;8670;165023;71680;2.8;1.2
32;2021-02-18;7009;11406;172032;83086;2.9;1.4
32;2021-02-19;7071;8279;179103;91365;3.0;1.5
32;2021-02-20;2514;3008;181617;94373;3.0;1.6
32;2021-02-21;434;488;182051;94861;3.1;1.6
32;2021-02-22;3259;5319;185310;100180;3.1;1.7
32;2021-02-23;5484;5901;190794;106081;3.2;1.8
32;2021-02-24;7417;6040;198211;112121;3.3;1.9
32;2021-02-25;12795;4973;211006;117094;3.5;2.0
32;2021-02-26;12489;2837;223495;119931;3.7;2.0
32;2021-02-27;6472;285;229967;120216;3.9;2.0
32;2021-02-28;362;134;230329;120350;3.9;2.0
32;2021-03-01;7219;834;237548;121184;4.0;2.0
32;2021-03-02;10940;950;248488;122134;4.2;2.0
32;2021-03-03;11939;1692;260427;123826;4.4;2.1
32;2021-03-04;15075;2363;275502;126189;4.6;2.1
32;2021-03-05;17093;2034;292595;128223;4.9;2.2
32;2021-03-06;28034;951;320629;129174;5.4;2.2
32;2021-03-07;19853;433;340482;129607;5.7;2.2
32;2021-03-08;8889;2516;349371;132123;5.9;2.2
32;2021-03-09;14226;3225;363597;135348;6.1;2.3
32;2021-03-10;15714;3149;379311;138497;6.4;2.3
32;2021-03-11;20882;4600;400193;143097;6.7;2.4
32;2021-03-12;25985;4085;426178;147182;7.1;2.5
32;2021-03-13;41468;1852;467646;149034;7.8;2.5
32;2021-03-14;20086;505;487732;149539;8.2;2.5
32;2021-03-15;12957;3526;500689;153065;8.4;2.6
32;2021-03-16;9751;3458;510440;156523;8.6;2.6
32;2021-03-17;9688;4103;520128;160626;8.7;2.7
32;2021-03-18;10006;5002;530134;165628;8.9;2.8
32;2021-03-19;17891;3749;548025;169377;9.2;2.8
32;2021-03-20;36420;1840;584445;171217;9.8;2.9
32;2021-03-21;19829;715;604274;171932;10.1;2.9
32;2021-03-22;12099;4230;616373;176162;10.3;3.0
32;2021-03-23;18877;5871;635250;182033;10.7;3.1
32;2021-03-24;17858;6080;653108;188113;11.0;3.2
32;2021-03-25;25209;5594;678317;193707;11.4;3.2
32;2021-03-26;28927;5774;707244;199481;11.9;3.3
32;2021-03-27;36557;2012;743801;201493;12.5;3.4
32;2021-03-28;18604;552;762405;202045;12.8;3.4
32;2021-03-29;14546;6991;776951;209036;13.0;3.5
32;2021-03-30;18834;8572;795785;217608;13.3;3.6
32;2021-03-31;15735;9222;811520;226830;13.6;3.8
32;2021-04-01;18149;10948;829669;237778;13.9;4.0
32;2021-04-02;19872;12467;849541;250245;14.2;4.2
32;2021-04-03;29941;10052;879482;260297;14.7;4.4
32;2021-04-04;11644;4678;891126;264975;14.9;4.4
32;2021-04-05;9580;2289;900706;267264;15.1;4.5
32;2021-04-06;14223;10820;914929;278084;15.3;4.7
32;2021-04-07;18008;12457;932937;290541;15.6;4.9
32;2021-04-08;23431;12835;956368;303376;16.0;5.1
32;2021-04-09;29781;12977;986149;316353;16.5;5.3
32;2021-04-10;26027;18672;1012176;335025;17.0;5.6
32;2021-04-11;9128;11971;1021304;346996;17.1;5.8
32;2021-04-12;15372;9446;1036676;356442;17.4;6.0
32;2021-04-13;21749;11474;1058425;367916;17.8;6.2
32;2021-04-14;22374;11040;1080799;378956;18.1;6.4
32;2021-04-15;25643;11020;1106442;389976;18.6;6.5
32;2021-04-16;25210;12322;1131652;402298;19.0;6.7
32;2021-04-17;17879;22899;1149531;425197;19.3;7.1
32;2021-04-18;6388;14010;1155919;439207;19.4;7.4
32;2021-04-19;11613;9754;1167532;448961;19.6;7.5
32;2021-04-20;16392;12229;1183924;461190;19.9;7.7
32;2021-04-21;15744;12516;1199668;473706;20.1;7.9
32;2021-04-22;18957;14905;1218625;488611;20.4;8.2
32;2021-04-23;19531;15872;1238156;504483;20.8;8.5
32;2021-04-24;15412;20965;1253568;525448;21.0;8.8
32;2021-04-25;6935;12263;1260503;537711;21.1;9.0
32;2021-04-26;13096;10655;1273599;548366;21.4;9.2
32;2021-04-27;18614;14042;1292213;562408;21.7;9.4
32;2021-04-28;20085;15949;1312298;578357;22.0;9.7
32;2021-04-29;22316;19840;1334614;598197;22.4;10.0
32;2021-04-30;24909;21463;1359523;619660;22.8;10.4
32;2021-05-01;22953;13813;1382476;633473;23.2;10.6
32;2021-05-02;20892;10226;1403368;643699;23.5;10.8
32;2021-05-03;21882;11179;1425250;654878;23.9;11.0
32;2021-05-04;23687;16180;1448937;671058;24.3;11.3
32;2021-05-05;23850;17320;1472787;688378;24.7;11.5
32;2021-05-06;25656;19807;1498443;708185;25.1;11.9
32;2021-05-07;30652;21386;1529095;729571;25.6;12.2
32;2021-05-08;33174;8828;1562269;738399;26.2;12.4
32;2021-05-09;26690;6388;1588959;744787;26.6;12.5
32;2021-05-10;24033;15981;1612992;760768;27.1;12.8
32;2021-05-11;31191;18909;1644183;779677;27.6;13.1
32;2021-05-12;36880;18637;1681063;798314;28.2;13.4
32;2021-05-13;40405;7192;1721468;805506;28.9;13.5
32;2021-05-14;41652;14479;1763120;819985;29.6;13.8
32;2021-05-15;59442;11967;1822562;831952;30.6;14.0
32;2021-05-16;47740;4707;1870302;836659;31.4;14.0
32;2021-05-17;31354;10841;1901656;847500;31.9;14.2
32;2021-05-18;36347;12360;1938003;859860;32.5;14.4
32;2021-05-19;38690;11455;1976693;871315;33.2;14.6
32;2021-05-20;39608;14834;2016301;886149;33.8;14.9
32;2021-05-21;42227;16853;2058528;903002;34.5;15.1
32;2021-05-22;57616;12941;2116144;915943;35.5;15.4
32;2021-05-23;38846;4319;2154990;920262;36.1;15.4
32;2021-05-24;28406;3775;2183396;924037;36.6;15.5
32;2021-05-25;31003;14802;2214399;938839;37.1;15.7
32;2021-05-26;33873;16673;2248272;955512;37.7;16.0
32;2021-05-27;34457;20589;2282729;976101;38.3;16.4
32;2021-05-28;34163;25056;2316892;1001157;38.9;16.8
32;2021-05-29;37320;19513;2354212;1020670;39.5;17.1
32;2021-05-30;16076;3486;2370288;1024156;39.8;17.2
32;2021-05-31;27835;16451;2398123;1040607;40.2;17.5
32;2021-06-01;32629;23884;2430752;1064491;40.8;17.9
32;2021-06-02;31627;21478;2462379;1085969;41.3;18.2
32;2021-06-03;33711;24842;2496090;1110811;41.9;18.6
44;2020-12-27;0;0;0;0;0.0;0.0
44;2020-12-28;0;0;0;0;0.0;0.0
44;2020-12-29;0;0;0;0;0.0;0.0
44;2020-12-30;0;0;0;0;0.0;0.0
44;2020-12-31;11;0;11;0;0.0;0.0
44;2021-01-01;1;0;12;0;0.0;0.0
44;2021-01-02;3;0;15;0;0.0;0.0
44;2021-01-03;3;0;18;0;0.0;0.0
44;2021-01-04;243;0;261;0;0.0;0.0
44;2021-01-05;769;0;1030;0;0.0;0.0
44;2021-01-06;1241;2;2271;2;0.0;0.0
44;2021-01-07;2422;2;4693;4;0.1;0.0
44;2021-01-08;3128;5;7821;9;0.1;0.0
44;2021-01-09;935;1;8756;10;0.2;0.0
44;2021-01-10;231;0;8987;10;0.2;0.0
44;2021-01-11;2970;6;11957;16;0.2;0.0
44;2021-01-12;5268;4;17225;20;0.3;0.0
44;2021-01-13;7654;17;24879;37;0.5;0.0
44;2021-01-14;9533;79;34412;116;0.6;0.0
44;2021-01-15;6685;25;41097;141;0.7;0.0
44;2021-01-16;1909;9;43006;150;0.8;0.0
44;2021-01-17;902;1;43908;151;0.8;0.0
44;2021-01-18;8699;20;52607;171;1.0;0.0
44;2021-01-19;10641;14;63248;185;1.1;0.0
44;2021-01-20;10996;41;74244;226;1.3;0.0
44;2021-01-21;11720;21;85964;247;1.6;0.0
44;2021-01-22;9629;25;95593;272;1.7;0.0
44;2021-01-23;3286;19;98879;291;1.8;0.0
44;2021-01-24;1567;3;100446;294;1.8;0.0
44;2021-01-25;6616;301;107062;595;1.9;0.0
44;2021-01-26;5642;431;112704;1026;2.0;0.0
44;2021-01-27;7371;595;120075;1621;2.2;0.0
44;2021-01-28;8787;1246;128862;2867;2.3;0.1
44;2021-01-29;6756;1795;135618;4662;2.5;0.1
44;2021-01-30;2547;493;138165;5155;2.5;0.1
44;2021-01-31;1250;54;139415;5209;2.5;0.1
44;2021-02-01;6370;2379;145785;7588;2.6;0.1
44;2021-02-02;6214;3808;151999;11396;2.8;0.2
44;2021-02-03;5590;4542;157589;15938;2.9;0.3
44;2021-02-04;6429;6965;164018;22903;3.0;0.4
44;2021-02-05;6379;5231;170397;28134;3.1;0.5
44;2021-02-06;1972;1207;172369;29341;3.1;0.5
44;2021-02-07;406;593;172775;29934;3.1;0.5
44;2021-02-08;3821;4464;176596;34398;3.2;0.6
44;2021-02-09;5714;5826;182310;40224;3.3;0.7
44;2021-02-10;6241;6031;188551;46255;3.4;0.8
44;2021-02-11;7044;6548;195595;52803;3.5;1.0
44;2021-02-12;7266;5532;202861;58335;3.7;1.1
44;2021-02-13;2536;1253;205397;59588;3.7;1.1
44;2021-02-14;1611;822;207008;60410;3.8;1.1
44;2021-02-15;3996;7198;211004;67608;3.8;1.2
44;2021-02-16;4562;7960;215566;75568;3.9;1.4
44;2021-02-17;4704;8526;220270;84094;4.0;1.5
44;2021-02-18;5997;9249;226267;93343;4.1;1.7
44;2021-02-19;5481;7480;231748;100823;4.2;1.8
44;2021-02-20;2336;2839;234084;103662;4.2;1.9
44;2021-02-21;541;1398;234625;105060;4.3;1.9
44;2021-02-22;4480;7017;239105;112077;4.3;2.0
44;2021-02-23;6015;7242;245120;119319;4.4;2.2
44;2021-02-24;6598;5922;251718;125241;4.6;2.3
44;2021-02-25;10500;7528;262218;132769;4.8;2.4
44;2021-02-26;12353;6294;274571;139063;5.0;2.5
44;2021-02-27;7883;2137;282454;141200;5.1;2.6
44;2021-02-28;2112;517;284566;141717;5.2;2.6
44;2021-03-01;6071;4651;290637;146368;5.3;2.7
44;2021-03-02;9382;5632;300019;152000;5.4;2.8
44;2021-03-03;11255;5530;311274;157530;5.6;2.9
44;2021-03-04;13232;5730;324506;163260;5.9;3.0
44;2021-03-05;17822;5601;342328;168861;6.2;3.1
44;2021-03-06;21278;2074;363606;170935;6.6;3.1
44;2021-03-07;12190;694;375796;171629;6.8;3.1
44;2021-03-08;9387;4230;385183;175859;7.0;3.2
44;2021-03-09;15157;4902;400340;180761;7.3;3.3
44;2021-03-10;16571;5113;416911;185874;7.6;3.4
44;2021-03-11;20286;5576;437197;191450;7.9;3.5
44;2021-03-12;26703;5372;463900;196822;8.4;3.6
44;2021-03-13;24051;2309;487951;199131;8.9;3.6
44;2021-03-14;6749;841;494700;199972;9.0;3.6
44;2021-03-15;12930;3427;507630;203399;9.2;3.7
44;2021-03-16;12819;3947;520449;207346;9.4;3.8
44;2021-03-17;14173;3594;534622;210940;9.7;3.8
44;2021-03-18;15383;3717;550005;214657;10.0;3.9
44;2021-03-19;21355;3826;571360;218483;10.4;4.0
44;2021-03-20;15484;1888;586844;220371;10.6;4.0
44;2021-03-21;4613;273;591457;220644;10.7;4.0
44;2021-03-22;12499;3871;603956;224515;11.0;4.1
44;2021-03-23;19365;5013;623321;229528;11.3;4.2
44;2021-03-24;21983;5099;645304;234627;11.7;4.3
44;2021-03-25;28110;5676;673414;240303;12.2;4.4
44;2021-03-26;30249;5367;703663;245670;12.8;4.5
44;2021-03-27;16158;4612;719821;250282;13.1;4.5
44;2021-03-28;4076;1960;723897;252242;13.1;4.6
44;2021-03-29;14282;6067;738179;258309;13.4;4.7
44;2021-03-30;21332;7696;759511;266005;13.8;4.8
44;2021-03-31;20037;7934;779548;273939;14.1;5.0
44;2021-04-01;23479;9223;803027;283162;14.6;5.1
44;2021-04-02;16205;6818;819232;289980;14.9;5.3
44;2021-04-03;10166;5744;829398;295724;15.0;5.4
44;2021-04-04;3128;1644;832526;297368;15.1;5.4
44;2021-04-05;4422;1391;836948;298759;15.2;5.4
44;2021-04-06;13345;10498;850293;309257;15.4;5.6
44;2021-04-07;17578;12041;867871;321298;15.7;5.8
44;2021-04-08;25928;12258;893799;333556;16.2;6.1
44;2021-04-09;32130;12556;925929;346112;16.8;6.3
44;2021-04-10;18194;9955;944123;356067;17.1;6.5
44;2021-04-11;3023;5953;947146;362020;17.2;6.6
44;2021-04-12;16933;11167;964079;373187;17.5;6.8
44;2021-04-13;21923;13689;986002;386876;17.9;7.0
44;2021-04-14;23026;13977;1009028;400853;18.3;7.3
44;2021-04-15;26194;15264;1035222;416117;18.8;7.5
44;2021-04-16;28022;15087;1063244;431204;19.3;7.8
44;2021-04-17;19779;8954;1083023;440158;19.6;8.0
44;2021-04-18;5042;4617;1088065;444775;19.7;8.1
44;2021-04-19;16902;11678;1104967;456453;20.0;8.3
44;2021-04-20;19039;14222;1124006;470675;20.4;8.5
44;2021-04-21;21092;14868;1145098;485543;20.8;8.8
44;2021-04-22;23644;15785;1168742;501328;21.2;9.1
44;2021-04-23;27691;16437;1196433;517765;21.7;9.4
44;2021-04-24;16911;9092;1213344;526857;22.0;9.6
44;2021-04-25;4815;3532;1218159;530389;22.1;9.6
44;2021-04-26;16496;11939;1234655;542328;22.4;9.8
44;2021-04-27;21028;14538;1255683;556866;22.8;10.1
44;2021-04-28;23639;14675;1279322;571541;23.2;10.4
44;2021-04-29;28017;16791;1307339;588332;23.7;10.7
44;2021-04-30;33002;15850;1340341;604182;24.3;11.0
44;2021-05-01;14783;6938;1355124;611120;24.6;11.1
44;2021-05-02;7798;3943;1362922;615063;24.7;11.2
44;2021-05-03;23825;12247;1386747;627310;25.2;11.4
44;2021-05-04;26805;17163;1413552;644473;25.6;11.7
44;2021-05-05;30603;18992;1444155;663465;26.2;12.0
44;2021-05-06;37750;20904;1481905;684369;26.9;12.4
44;2021-05-07;35919;24629;1517824;708998;27.5;12.9
44;2021-05-08;18620;6570;1536444;715568;27.9;13.0
44;2021-05-09;11018;2848;1547462;718416;28.1;13.0
44;2021-05-10;24152;20622;1571614;739038;28.5;13.4
44;2021-05-11;34108;22726;1605722;761764;29.1;13.8
44;2021-05-12;36452;23812;1642174;785576;29.8;14.3
44;2021-05-13;27726;6290;1669900;791866;30.3;14.4
44;2021-05-14;43932;18648;1713832;810514;31.1;14.7
44;2021-05-15;33834;13945;1747666;824459;31.7;15.0
44;2021-05-16;15515;3456;1763181;827915;32.0;15.0
44;2021-05-17;27016;14391;1790197;842306;32.5;15.3
44;2021-05-18;34710;15112;1824907;857418;33.1;15.6
44;2021-05-19;36417;16217;1861324;873635;33.8;15.9
44;2021-05-20;40400;16255;1901724;889890;34.5;16.1
44;2021-05-21;42658;20727;1944382;910617;35.3;16.5
44;2021-05-22;27606;11454;1971988;922071;35.8;16.7
44;2021-05-23;8639;1697;1980627;923768;35.9;16.8
44;2021-05-24;17847;4605;1998474;928373;36.3;16.8
44;2021-05-25;30099;17488;2028573;945861;36.8;17.2
44;2021-05-26;32134;19363;2060707;965224;37.4;17.5
44;2021-05-27;34460;20719;2095167;985943;38.0;17.9
44;2021-05-28;37362;27656;2132529;1013599;38.7;18.4
44;2021-05-29;26666;20026;2159195;1033625;39.2;18.8
44;2021-05-30;6110;4202;2165305;1037827;39.3;18.8
44;2021-05-31;26734;19567;2192039;1057394;39.8;19.2
44;2021-06-01;31174;22761;2223213;1080155;40.3;19.6
44;2021-06-02;32979;22716;2256192;1102871;40.9;20.0
44;2021-06-03;34105;25070;2290297;1127941;41.6;20.5
52;2020-12-27;0;0;0;0;0.0;0.0
52;2020-12-28;1;0;1;0;0.0;0.0
52;2020-12-29;0;0;1;0;0.0;0.0
52;2020-12-30;0;0;1;0;0.0;0.0
52;2020-12-31;0;0;1;0;0.0;0.0
52;2021-01-01;3;0;4;0;0.0;0.0
52;2021-01-02;1;0;5;0;0.0;0.0
52;2021-01-03;1;0;6;0;0.0;0.0
52;2021-01-04;34;0;40;0;0.0;0.0
52;2021-01-05;168;0;208;0;0.0;0.0
52;2021-01-06;384;1;592;1;0.0;0.0
52;2021-01-07;963;0;1555;1;0.0;0.0
52;2021-01-08;1664;2;3219;3;0.1;0.0
52;2021-01-09;1048;1;4267;4;0.1;0.0
52;2021-01-10;643;1;4910;5;0.1;0.0
52;2021-01-11;2197;0;7107;5;0.2;0.0
52;2021-01-12;3146;4;10253;9;0.3;0.0
52;2021-01-13;2962;2;13215;11;0.3;0.0
52;2021-01-14;3302;24;16517;35;0.4;0.0
52;2021-01-15;3010;9;19527;44;0.5;0.0
52;2021-01-16;894;5;20421;49;0.5;0.0
52;2021-01-17;499;3;20920;52;0.6;0.0
52;2021-01-18;3198;5;24118;57;0.6;0.0
52;2021-01-19;6552;7;30670;64;0.8;0.0
52;2021-01-20;8317;9;38987;73;1.0;0.0
52;2021-01-21;12165;8;51152;81;1.3;0.0
52;2021-01-22;7271;26;58423;107;1.5;0.0
52;2021-01-23;1678;4;60101;111;1.6;0.0
52;2021-01-24;174;0;60275;111;1.6;0.0
52;2021-01-25;3004;10;63279;121;1.7;0.0
52;2021-01-26;6733;150;70012;271;1.8;0.0
52;2021-01-27;7283;149;77295;420;2.0;0.0
52;2021-01-28;9724;460;87019;880;2.3;0.0
52;2021-01-29;5955;909;92974;1789;2.4;0.0
52;2021-01-30;1258;271;94232;2060;2.5;0.1
52;2021-01-31;79;314;94311;2374;2.5;0.1
52;2021-02-01;2521;1189;96832;3563;2.5;0.1
52;2021-02-02;2970;1859;99802;5422;2.6;0.1
52;2021-02-03;2685;2160;102487;7582;2.7;0.2
52;2021-02-04;2961;2115;105448;9697;2.8;0.3
52;2021-02-05;2965;2205;108413;11902;2.9;0.3
52;2021-02-06;1074;661;109487;12563;2.9;0.3
52;2021-02-07;151;297;109638;12860;2.9;0.3
52;2021-02-08;1930;2111;111568;14971;2.9;0.4
52;2021-02-09;3175;3710;114743;18681;3.0;0.5
52;2021-02-10;3319;4760;118062;23441;3.1;0.6
52;2021-02-11;6094;9289;124156;32730;3.3;0.9
52;2021-02-12;4704;5144;128860;37874;3.4;1.0
52;2021-02-13;1151;1242;130011;39116;3.4;1.0
52;2021-02-14;22;541;130033;39657;3.4;1.0
52;2021-02-15;2029;3531;132062;43188;3.5;1.1
52;2021-02-16;4109;6754;136171;49942;3.6;1.3
52;2021-02-17;3853;6940;140024;56882;3.7;1.5
52;2021-02-18;6134;9277;146158;66159;3.8;1.7
52;2021-02-19;5328;5816;151486;71975;4.0;1.9
52;2021-02-20;1027;1475;152513;73450;4.0;1.9
52;2021-02-21;6;274;152519;73724;4.0;1.9
52;2021-02-22;2627;3487;155146;77211;4.1;2.0
52;2021-02-23;3422;3697;158568;80908;4.2;2.1
52;2021-02-24;3279;3034;161847;83942;4.3;2.2
52;2021-02-25;6337;3205;168184;87147;4.4;2.3
52;2021-02-26;6182;2914;174366;90061;4.6;2.4
52;2021-02-27;2215;1043;176581;91104;4.6;2.4
52;2021-02-28;76;88;176657;91192;4.6;2.4
52;2021-03-01;3110;2325;179767;93517;4.7;2.5
52;2021-03-02;4720;3432;184487;96949;4.9;2.6
52;2021-03-03;5264;3403;189751;100352;5.0;2.6
52;2021-03-04;7770;4755;197521;105107;5.2;2.8
52;2021-03-05;8963;3899;206484;109006;5.4;2.9
52;2021-03-06;5626;1130;212110;110136;5.6;2.9
52;2021-03-07;2661;129;214771;110265;5.6;2.9
52;2021-03-08;5821;2407;220592;112672;5.8;3.0
52;2021-03-09;9527;3301;230119;115973;6.1;3.1
52;2021-03-10;9349;3380;239468;119353;6.3;3.1
52;2021-03-11;13550;5005;253018;124358;6.7;3.3
52;2021-03-12;15265;3716;268283;128074;7.1;3.4
52;2021-03-13;8240;736;276523;128810;7.3;3.4
52;2021-03-14;624;72;277147;128882;7.3;3.4
52;2021-03-15;8819;1905;285966;130787;7.5;3.4
52;2021-03-16;7569;2609;293535;133396;7.7;3.5
52;2021-03-17;6435;2372;299970;135768;7.9;3.6
52;2021-03-18;8299;2500;308269;138268;8.1;3.6
52;2021-03-19;11831;2105;320100;140373;8.4;3.7
52;2021-03-20;7069;741;327169;141114;8.6;3.7
52;2021-03-21;1688;43;328857;141157;8.7;3.7
52;2021-03-22;8998;1995;337855;143152;8.9;3.8
52;2021-03-23;13147;2573;351002;145725;9.2;3.8
52;2021-03-24;13239;2014;364241;147739;9.6;3.9
52;2021-03-25;18115;2762;382356;150501;10.1;4.0
52;2021-03-26;18864;2343;401220;152844;10.6;4.0
52;2021-03-27;7526;642;408746;153486;10.8;4.0
52;2021-03-28;2189;65;410935;153551;10.8;4.0
52;2021-03-29;10951;2701;421886;156252;11.1;4.1
52;2021-03-30;15642;3571;437528;159823;11.5;4.2
52;2021-03-31;13668;3225;451196;163048;11.9;4.3
52;2021-04-01;18835;3640;470031;166688;12.4;4.4
52;2021-04-02;17042;3464;487073;170152;12.8;4.5
52;2021-04-03;5509;1189;492582;171341;13.0;4.5
52;2021-04-04;1322;49;493904;171390;13.0;4.5
52;2021-04-05;1779;530;495683;171920;13.0;4.5
52;2021-04-06;11774;5227;507457;177147;13.3;4.7
52;2021-04-07;15177;5617;522634;182764;13.7;4.8
52;2021-04-08;21177;6333;543811;189097;14.3;5.0
52;2021-04-09;26571;5228;570382;194325;15.0;5.1
52;2021-04-10;10106;2340;580488;196665;15.3;5.2
52;2021-04-11;2566;431;583054;197096;15.3;5.2
52;2021-04-12;16315;6547;599369;203643;15.8;5.4
52;2021-04-13;20709;8126;620078;211769;16.3;5.6
52;2021-04-14;17604;6883;637682;218652;16.8;5.8
52;2021-04-15;21117;7985;658799;226637;17.3;6.0
52;2021-04-16;22565;7414;681364;234051;17.9;6.2
52;2021-04-17;9959;3019;691323;237070;18.2;6.2
52;2021-04-18;3036;1298;694359;238368;18.3;6.3
52;2021-04-19;14169;7799;708528;246167;18.6;6.5
52;2021-04-20;18252;9360;726780;255527;19.1;6.7
52;2021-04-21;15946;9118;742726;264645;19.5;7.0
52;2021-04-22;19362;10129;762088;274774;20.0;7.2
52;2021-04-23;20477;9909;782565;284683;20.6;7.5
52;2021-04-24;10000;4961;792565;289644;20.8;7.6
52;2021-04-25;3972;1936;796537;291580;21.0;7.7
52;2021-04-26;16752;9868;813289;301448;21.4;7.9
52;2021-04-27;21004;12506;834293;313954;21.9;8.3
52;2021-04-28;22699;10588;856992;324542;22.5;8.5
52;2021-04-29;24959;12608;881951;337150;23.2;8.9
52;2021-04-30;25572;12423;907523;349573;23.9;9.2
52;2021-05-01;8610;2458;916133;352031;24.1;9.3
52;2021-05-02;4293;1256;920426;353287;24.2;9.3
52;2021-05-03;19019;10570;939445;363857;24.7;9.6
52;2021-05-04;20005;14342;959450;378199;25.2;9.9
52;2021-05-05;20799;12727;980249;390926;25.8;10.3
52;2021-05-06;22424;13776;1002673;404702;26.4;10.6
52;2021-05-07;20645;17977;1023318;422679;26.9;11.1
52;2021-05-08;11072;2047;1034390;424726;27.2;11.2
52;2021-05-09;5386;2209;1039776;426935;27.3;11.2
52;2021-05-10;20583;17237;1060359;444172;27.9;11.7
52;2021-05-11;24831;19555;1085190;463727;28.5;12.2
52;2021-05-12;24572;17049;1109762;480776;29.2;12.6
52;2021-05-13;18554;2678;1128316;483454;29.7;12.7
52;2021-05-14;22650;12359;1150966;495813;30.3;13.0
52;2021-05-15;15654;5162;1166620;500975;30.7;13.2
52;2021-05-16;10269;1133;1176889;502108;31.0;13.2
52;2021-05-17;21072;14615;1197961;516723;31.5;13.6
52;2021-05-18;24732;15037;1222693;531760;32.2;14.0
52;2021-05-19;26680;11385;1249373;543145;32.9;14.3
52;2021-05-20;29329;12024;1278702;555169;33.6;14.6
52;2021-05-21;27429;13872;1306131;569041;34.4;15.0
52;2021-05-22;15534;4738;1321665;573779;34.8;15.1
52;2021-05-23;4470;1135;1326135;574914;34.9;15.1
52;2021-05-24;15984;2732;1342119;577646;35.3;15.2
52;2021-05-25;24385;14490;1366504;592136;35.9;15.6
52;2021-05-26;25102;12623;1391606;604759;36.6;15.9
52;2021-05-27;29025;14767;1420631;619526;37.4;16.3
52;2021-05-28;27881;17815;1448512;637341;38.1;16.8
52;2021-05-29;18301;7752;1466813;645093;38.6;17.0
52;2021-05-30;4228;1714;1471041;646807;38.7;17.0
52;2021-05-31;24370;15829;1495411;662636;39.3;17.4
52;2021-06-01;28739;17743;1524150;680379;40.1;17.9
52;2021-06-02;27220;15128;1551370;695507;40.8;18.3
52;2021-06-03;31567;16211;1582937;711718;41.6;18.7
53;2020-12-27;0;0;0;0;0.0;0.0
53;2020-12-28;0;0;0;0;0.0;0.0
53;2020-12-29;0;0;0;0;0.0;0.0
53;2020-12-30;0;0;0;0;0.0;0.0
53;2020-12-31;0;0;0;0;0.0;0.0
53;2021-01-01;3;0;3;0;0.0;0.0
53;2021-01-02;3;0;6;0;0.0;0.0
53;2021-01-03;0;0;6;0;0.0;0.0
53;2021-01-04;43;0;49;0;0.0;0.0
53;2021-01-05;200;0;249;0;0.0;0.0
53;2021-01-06;331;1;580;1;0.0;0.0
53;2021-01-07;834;0;1414;1;0.0;0.0
53;2021-01-08;1209;0;2623;1;0.1;0.0
53;2021-01-09;34;0;2657;1;0.1;0.0
53;2021-01-10;4;0;2661;1;0.1;0.0
53;2021-01-11;1660;3;4321;4;0.1;0.0
53;2021-01-12;3377;1;7698;5;0.2;0.0
53;2021-01-13;3326;3;11024;8;0.3;0.0
53;2021-01-14;3806;27;14830;35;0.4;0.0
53;2021-01-15;3297;15;18127;50;0.5;0.0
53;2021-01-16;683;4;18810;54;0.6;0.0
53;2021-01-17;180;1;18990;55;0.6;0.0
53;2021-01-18;3361;5;22351;60;0.7;0.0
53;2021-01-19;8152;4;30503;64;0.9;0.0
53;2021-01-20;7004;4;37507;68;1.1;0.0
53;2021-01-21;11454;5;48961;73;1.5;0.0
53;2021-01-22;7794;6;56755;79;1.7;0.0
53;2021-01-23;1492;2;58247;81;1.7;0.0
53;2021-01-24;255;1;58502;82;1.8;0.0
53;2021-01-25;3055;35;61557;117;1.8;0.0
53;2021-01-26;4111;232;65668;349;2.0;0.0
53;2021-01-27;7232;325;72900;674;2.2;0.0
53;2021-01-28;7128;638;80028;1312;2.4;0.0
53;2021-01-29;4228;728;84256;2040;2.5;0.1
53;2021-01-30;846;43;85102;2083;2.5;0.1
53;2021-01-31;79;3;85181;2086;2.6;0.1
53;2021-02-01;2207;1026;87388;3112;2.6;0.1
53;2021-02-02;3438;2014;90826;5126;2.7;0.2
53;2021-02-03;3173;2184;93999;7310;2.8;0.2
53;2021-02-04;7087;2271;101086;9581;3.0;0.3
53;2021-02-05;5575;2134;106661;11715;3.2;0.4
53;2021-02-06;1201;276;107862;11991;3.2;0.4
53;2021-02-07;213;132;108075;12123;3.2;0.4
53;2021-02-08;1651;1531;109726;13654;3.3;0.4
53;2021-02-09;3972;5251;113698;18905;3.4;0.6
53;2021-02-10;3791;4644;117489;23549;3.5;0.7
53;2021-02-11;5728;8785;123217;32334;3.7;1.0
53;2021-02-12;5656;5245;128873;37579;3.9;1.1
53;2021-02-13;1232;851;130105;38430;3.9;1.2
53;2021-02-14;25;348;130130;38778;3.9;1.2
53;2021-02-15;2325;3583;132455;42361;4.0;1.3
53;2021-02-16;4047;3539;136502;45900;4.1;1.4
53;2021-02-17;4072;5372;140574;51272;4.2;1.5
53;2021-02-18;5947;5735;146521;57007;4.4;1.7
53;2021-02-19;5325;4842;151846;61849;4.5;1.9
53;2021-02-20;1189;888;153035;62737;4.6;1.9
53;2021-02-21;165;218;153200;62955;4.6;1.9
53;2021-02-22;2317;2822;155517;65777;4.7;2.0
53;2021-02-23;3930;3669;159447;69446;4.8;2.1
53;2021-02-24;4467;3774;163914;73220;4.9;2.2
53;2021-02-25;7935;7134;171849;80354;5.1;2.4
53;2021-02-26;8673;4395;180522;84749;5.4;2.5
53;2021-02-27;3446;1103;183968;85852;5.5;2.6
53;2021-02-28;228;194;184196;86046;5.5;2.6
53;2021-03-01;3476;2263;187672;88309;5.6;2.6
53;2021-03-02;5613;4454;193285;92763;5.8;2.8
53;2021-03-03;6431;3784;199716;96547;6.0;2.9
53;2021-03-04;9271;4911;208987;101458;6.3;3.0
53;2021-03-05;11894;5201;220881;106659;6.6;3.2
53;2021-03-06;5626;1007;226507;107666;6.8;3.2
53;2021-03-07;913;141;227420;107807;6.8;3.2
53;2021-03-08;5160;2203;232580;110010;7.0;3.3
53;2021-03-09;9641;2915;242221;112925;7.3;3.4
53;2021-03-10;9265;3352;251486;116277;7.5;3.5
53;2021-03-11;14272;4030;265758;120307;8.0;3.6
53;2021-03-12;18539;3201;284297;123508;8.5;3.7
53;2021-03-13;8762;927;293059;124435;8.8;3.7
53;2021-03-14;811;50;293870;124485;8.8;3.7
53;2021-03-15;6862;2023;300732;126508;9.0;3.8
53;2021-03-16;6977;3398;307709;129906;9.2;3.9
53;2021-03-17;8222;2813;315931;132719;9.5;4.0
53;2021-03-18;8707;4649;324638;137368;9.7;4.1
53;2021-03-19;12966;3640;337604;141008;10.1;4.2
53;2021-03-20;7104;805;344708;141813;10.3;4.2
53;2021-03-21;381;32;345089;141845;10.3;4.2
53;2021-03-22;7324;2155;352413;144000;10.6;4.3
53;2021-03-23;12956;3652;365369;147652;10.9;4.4
53;2021-03-24;14356;3213;379725;150865;11.4;4.5
53;2021-03-25;18231;3347;397956;154212;11.9;4.6
53;2021-03-26;20206;3171;418162;157383;12.5;4.7
53;2021-03-27;7389;1010;425551;158393;12.7;4.7
53;2021-03-28;526;86;426077;158479;12.8;4.7
53;2021-03-29;9785;3153;435862;161632;13.0;4.8
53;2021-03-30;15282;4582;451144;166214;13.5;5.0
53;2021-03-31;14095;4249;465239;170463;13.9;5.1
53;2021-04-01;18125;4251;483364;174714;14.5;5.2
53;2021-04-02;17842;4337;501206;179051;15.0;5.4
53;2021-04-03;6413;1419;507619;180470;15.2;5.4
53;2021-04-04;410;31;508029;180501;15.2;5.4
53;2021-04-05;1224;333;509253;180834;15.2;5.4
53;2021-04-06;12497;5676;521750;186510;15.6;5.6
53;2021-04-07;15017;5344;536767;191854;16.1;5.7
53;2021-04-08;20564;6072;557331;197926;16.7;5.9
53;2021-04-09;26572;5537;583903;203463;17.5;6.1
53;2021-04-10;10310;1706;594213;205169;17.8;6.1
53;2021-04-11;811;213;595024;205382;17.8;6.1
53;2021-04-12;15816;4894;610840;210276;18.3;6.3
53;2021-04-13;22658;7196;633498;217472;19.0;6.5
53;2021-04-14;19323;7907;652821;225379;19.5;6.7
53;2021-04-15;25310;8030;678131;233409;20.3;7.0
53;2021-04-16;26205;7536;704336;240945;21.1;7.2
53;2021-04-17;10455;3597;714791;244542;21.4;7.3
53;2021-04-18;1033;147;715824;244689;21.4;7.3
53;2021-04-19;15392;6521;731216;251210;21.9;7.5
53;2021-04-20;16933;9551;748149;260761;22.4;7.8
53;2021-04-21;16756;9444;764905;270205;22.9;8.1
53;2021-04-22;21730;10166;786635;280371;23.5;8.4
53;2021-04-23;21644;10046;808279;290417;24.2;8.7
53;2021-04-24;9952;4177;818231;294594;24.5;8.8
53;2021-04-25;902;331;819133;294925;24.5;8.8
53;2021-04-26;18031;8448;837164;303373;25.1;9.1
53;2021-04-27;19787;12033;856951;315406;25.7;9.4
53;2021-04-28;19872;10778;876823;326184;26.2;9.8
53;2021-04-29;23398;12229;900221;338413;26.9;10.1
53;2021-04-30;23803;12400;924024;350813;27.7;10.5
53;2021-05-01;5094;1619;929118;352432;27.8;10.6
53;2021-05-02;2784;512;931902;352944;27.9;10.6
53;2021-05-03;15629;9361;947531;362305;28.4;10.8
53;2021-05-04;15489;15771;963020;378076;28.8;11.3
53;2021-05-05;14820;14663;977840;392739;29.3;11.8
53;2021-05-06;19187;17815;997027;410554;29.8;12.3
53;2021-05-07;18540;18192;1015567;428746;30.4;12.8
53;2021-05-08;5397;1112;1020964;429858;30.6;12.9
53;2021-05-09;3501;852;1024465;430710;30.7;12.9
53;2021-05-10;16457;15192;1040922;445902;31.2;13.3
53;2021-05-11;18507;18715;1059429;464617;31.7;13.9
53;2021-05-12;20976;15593;1080405;480210;32.3;14.4
53;2021-05-13;9002;3943;1089407;484153;32.6;14.5
53;2021-05-14;21628;13704;1111035;497857;33.3;14.9
53;2021-05-15;13361;5320;1124396;503177;33.7;15.1
53;2021-05-16;3213;872;1127609;504049;33.8;15.1
53;2021-05-17;18092;11142;1145701;515191;34.3;15.4
53;2021-05-18;20775;12360;1166476;527551;34.9;15.8
53;2021-05-19;21501;10602;1187977;538153;35.6;16.1
53;2021-05-20;23785;14700;1211762;552853;36.3;16.6
53;2021-05-21;22803;15216;1234565;568069;37.0;17.0
53;2021-05-22;13124;5830;1247689;573899;37.4;17.2
53;2021-05-23;2970;308;1250659;574207;37.4;17.2
53;2021-05-24;13922;2481;1264581;576688;37.9;17.3
53;2021-05-25;19896;12797;1284477;589485;38.5;17.6
53;2021-05-26;19208;13763;1303685;603248;39.0;18.1
53;2021-05-27;22004;17373;1325689;620621;39.7;18.6
53;2021-05-28;21709;20378;1347398;640999;40.3;19.2
53;2021-05-29;12126;7315;1359524;648314;40.7;19.4
53;2021-05-30;2302;472;1361826;648786;40.8;19.4
53;2021-05-31;20652;14058;1382478;662844;41.4;19.8
53;2021-06-01;22844;16449;1405322;679293;42.1;20.3
53;2021-06-02;21577;14187;1426899;693480;42.7;20.8
53;2021-06-03;24898;16798;1451797;710278;43.5;21.3
75;2020-12-27;1;0;1;0;0.0;0.0
75;2020-12-28;2;0;3;0;0.0;0.0
75;2020-12-29;3;0;6;0;0.0;0.0
75;2020-12-30;2;0;8;0;0.0;0.0
75;2020-12-31;0;0;8;0;0.0;0.0
75;2021-01-01;4;0;12;0;0.0;0.0
75;2021-01-02;2;0;14;0;0.0;0.0
75;2021-01-03;0;0;14;0;0.0;0.0
75;2021-01-04;89;0;103;0;0.0;0.0
75;2021-01-05;124;0;227;0;0.0;0.0
75;2021-01-06;736;1;963;1;0.0;0.0
75;2021-01-07;4918;3;5881;4;0.1;0.0
75;2021-01-08;5454;3;11335;7;0.2;0.0
75;2021-01-09;844;1;12179;8;0.2;0.0
75;2021-01-10;479;0;12658;8;0.2;0.0
75;2021-01-11;3575;1;16233;9;0.3;0.0
75;2021-01-12;5944;4;22177;13;0.4;0.0
75;2021-01-13;6551;9;28728;22;0.5;0.0
75;2021-01-14;8117;71;36845;93;0.6;0.0
75;2021-01-15;7602;25;44447;118;0.7;0.0
75;2021-01-16;1607;14;46054;132;0.8;0.0
75;2021-01-17;425;4;46479;136;0.8;0.0
75;2021-01-18;6883;27;53362;163;0.9;0.0
75;2021-01-19;14035;10;67397;173;1.1;0.0
75;2021-01-20;15535;9;82932;182;1.4;0.0
75;2021-01-21;16946;18;99878;200;1.7;0.0
75;2021-01-22;12970;18;112848;218;1.9;0.0
75;2021-01-23;4419;3;117267;221;2.0;0.0
75;2021-01-24;700;1;117967;222;2.0;0.0
75;2021-01-25;8861;215;126828;437;2.1;0.0
75;2021-01-26;11714;449;138542;886;2.3;0.0
75;2021-01-27;12269;767;150811;1653;2.5;0.0
75;2021-01-28;12940;2651;163751;4304;2.7;0.1
75;2021-01-29;9995;2985;173746;7289;2.9;0.1
75;2021-01-30;3377;516;177123;7805;3.0;0.1
75;2021-01-31;646;420;177769;8225;3.0;0.1
75;2021-02-01;5767;2638;183536;10863;3.1;0.2
75;2021-02-02;9595;4354;193131;15217;3.2;0.3
75;2021-02-03;9594;4366;202725;19583;3.4;0.3
75;2021-02-04;10748;5678;213473;25261;3.6;0.4
75;2021-02-05;7485;5634;220958;30895;3.7;0.5
75;2021-02-06;2377;1105;223335;32000;3.7;0.5
75;2021-02-07;673;250;224008;32250;3.7;0.5
75;2021-02-08;5134;3651;229142;35901;3.8;0.6
75;2021-02-09;7307;8075;236449;43976;3.9;0.7
75;2021-02-10;7569;8729;244018;52705;4.1;0.9
75;2021-02-11;8839;10262;252857;62967;4.2;1.0
75;2021-02-12;7405;8826;260262;71793;4.3;1.2
75;2021-02-13;1951;1758;262213;73551;4.4;1.2
75;2021-02-14;274;364;262487;73915;4.4;1.2
75;2021-02-15;3235;7835;265722;81750;4.4;1.4
75;2021-02-16;4619;10514;270341;92264;4.5;1.5
75;2021-02-17;4755;11298;275096;103562;4.6;1.7
75;2021-02-18;5447;12832;280543;116394;4.7;1.9
75;2021-02-19;5416;9621;285959;126015;4.8;2.1
75;2021-02-20;987;2631;286946;128646;4.8;2.1
75;2021-02-21;185;667;287131;129313;4.8;2.2
75;2021-02-22;3647;8507;290778;137820;4.8;2.3
75;2021-02-23;5351;10929;296129;148749;4.9;2.5
75;2021-02-24;6126;10271;302255;159020;5.0;2.7
75;2021-02-25;10008;11766;312263;170786;5.2;2.8
75;2021-02-26;12216;8834;324479;179620;5.4;3.0
75;2021-02-27;5779;2479;330258;182099;5.5;3.0
75;2021-02-28;311;694;330569;182793;5.5;3.0
75;2021-03-01;5084;7001;335653;189794;5.6;3.2
75;2021-03-02;9357;8142;345010;197936;5.8;3.3
75;2021-03-03;10841;7805;355851;205741;5.9;3.4
75;2021-03-04;16700;8148;372551;213889;6.2;3.6
75;2021-03-05;20824;7409;393375;221298;6.6;3.7
75;2021-03-06;13400;2205;406775;223503;6.8;3.7
75;2021-03-07;3708;452;410483;223955;6.8;3.7
75;2021-03-08;9967;5366;420450;229321;7.0;3.8
75;2021-03-09;16828;6455;437278;235776;7.3;3.9
75;2021-03-10;18227;6278;455505;242054;7.6;4.0
75;2021-03-11;26405;6633;481910;248687;8.0;4.1
75;2021-03-12;31241;5317;513151;254004;8.6;4.2
75;2021-03-13;17773;1162;530924;255166;8.8;4.3
75;2021-03-14;1690;237;532614;255403;8.9;4.3
75;2021-03-15;14041;3397;546655;258800;9.1;4.3
75;2021-03-16;13676;3697;560331;262497;9.3;4.4
75;2021-03-17;14734;3863;575065;266360;9.6;4.4
75;2021-03-18;16315;4668;591380;271028;9.9;4.5
75;2021-03-19;22391;4243;613771;275271;10.2;4.6
75;2021-03-20;13984;805;627755;276076;10.5;4.6
75;2021-03-21;2458;105;630213;276181;10.5;4.6
75;2021-03-22;16756;3430;646969;279611;10.8;4.7
75;2021-03-23;25199;3852;672168;283463;11.2;4.7
75;2021-03-24;27093;4275;699261;287738;11.7;4.8
75;2021-03-25;35520;4573;734781;292311;12.2;4.9
75;2021-03-26;38500;4118;773281;296429;12.9;4.9
75;2021-03-27;15671;1250;788952;297679;13.1;5.0
75;2021-03-28;2719;384;791671;298063;13.2;5.0
75;2021-03-29;22802;4095;814473;302158;13.6;5.0
75;2021-03-30;31572;5910;846045;308068;14.1;5.1
75;2021-03-31;29696;5878;875741;313946;14.6;5.2
75;2021-04-01;34946;6879;910687;320825;15.2;5.3
75;2021-04-02;32269;6814;942956;327639;15.7;5.5
75;2021-04-03;12805;2617;955761;330256;15.9;5.5
75;2021-04-04;2134;335;957895;330591;16.0;5.5
75;2021-04-05;6358;592;964253;331183;16.1;5.5
75;2021-04-06;26323;10774;990576;341957;16.5;5.7
75;2021-04-07;32331;10964;1022907;352921;17.0;5.9
75;2021-04-08;39504;12279;1062411;365200;17.7;6.1
75;2021-04-09;49152;10889;1111563;376089;18.5;6.3
75;2021-04-10;24296;4937;1135859;381026;18.9;6.4
75;2021-04-11;4966;711;1140825;381737;19.0;6.4
75;2021-04-12;27338;11786;1168163;393523;19.5;6.6
75;2021-04-13;35652;14269;1203815;407792;20.1;6.8
75;2021-04-14;35362;14405;1239177;422197;20.7;7.0
75;2021-04-15;37619;15003;1276796;437200;21.3;7.3
75;2021-04-16;37085;15071;1313881;452271;21.9;7.5
75;2021-04-17;19517;7341;1333398;459612;22.2;7.7
75;2021-04-18;4070;2045;1337468;461657;22.3;7.7
75;2021-04-19;20877;14911;1358345;476568;22.6;7.9
75;2021-04-20;28461;19066;1386806;495634;23.1;8.3
75;2021-04-21;27771;18001;1414577;513635;23.6;8.6
75;2021-04-22;30306;19618;1444883;533253;24.1;8.9
75;2021-04-23;28942;20152;1473825;553405;24.6;9.2
75;2021-04-24;16959;9088;1490784;562493;24.8;9.4
75;2021-04-25;4588;1489;1495372;563982;24.9;9.4
75;2021-04-26;22031;19232;1517403;583214;25.3;9.7
75;2021-04-27;29071;24246;1546474;607460;25.8;10.1
75;2021-04-28;30973;23948;1577447;631408;26.3;10.5
75;2021-04-29;37087;26555;1614534;657963;26.9;11.0
75;2021-04-30;37593;25768;1652127;683731;27.5;11.4
75;2021-05-01;15634;5707;1667761;689438;27.8;11.5
75;2021-05-02;7212;2590;1674973;692028;27.9;11.5
75;2021-05-03;27111;21026;1702084;713054;28.4;11.9
75;2021-05-04;30167;29229;1732251;742283;28.9;12.4
75;2021-05-05;31299;30906;1763550;773189;29.4;12.9
75;2021-05-06;35781;32316;1799331;805505;30.0;13.4
75;2021-05-07;37331;34299;1836662;839804;30.6;14.0
75;2021-05-08;17316;8019;1853978;847823;30.9;14.1
75;2021-05-09;7288;4136;1861266;851959;31.0;14.2
75;2021-05-10;24937;28966;1886203;880925;31.4;14.7
75;2021-05-11;35380;32899;1921583;913824;32.0;15.2
75;2021-05-12;35319;30074;1956902;943898;32.6;15.7
75;2021-05-13;22594;7470;1979496;951368;33.0;15.9
75;2021-05-14;33714;20796;2013210;972164;33.6;16.2
75;2021-05-15;22854;11045;2036064;983209;33.9;16.4
75;2021-05-16;7364;2056;2043428;985265;34.1;16.4
75;2021-05-17;33771;19167;2077199;1004432;34.6;16.7
75;2021-05-18;42479;19851;2119678;1024283;35.3;17.1
75;2021-05-19;42525;17547;2162203;1041830;36.0;17.4
75;2021-05-20;45722;20293;2207925;1062123;36.8;17.7
75;2021-05-21;42698;21316;2250623;1083439;37.5;18.1
75;2021-05-22;23215;9761;2273838;1093200;37.9;18.2
75;2021-05-23;7798;1419;2281636;1094619;38.0;18.2
75;2021-05-24;18666;4030;2300302;1098649;38.3;18.3
75;2021-05-25;36768;20908;2337070;1119557;39.0;18.7
75;2021-05-26;38157;21412;2375227;1140969;39.6;19.0
75;2021-05-27;42760;27015;2417987;1167984;40.3;19.5
75;2021-05-28;38772;32215;2456759;1200199;40.9;20.0
75;2021-05-29;19623;18071;2476382;1218270;41.3;20.3
75;2021-05-30;5768;2281;2482150;1220551;41.4;20.3
75;2021-05-31;31579;23082;2513729;1243633;41.9;20.7
75;2021-06-01;40878;29530;2554607;1273163;42.6;21.2
75;2021-06-02;41056;28104;2595663;1301267;43.3;21.7
75;2021-06-03;47310;31065;2642973;1332332;44.0;22.2
76;2020-12-27;0;0;0;0;0.0;0.0
76;2020-12-28;3;0;3;0;0.0;0.0
76;2020-12-29;0;0;3;0;0.0;0.0
76;2020-12-30;0;0;3;0;0.0;0.0
76;2020-12-31;1;0;4;0;0.0;0.0
76;2021-01-01;3;0;7;0;0.0;0.0
76;2021-01-02;2;0;9;0;0.0;0.0
76;2021-01-03;2;0;11;0;0.0;0.0
76;2021-01-04;59;1;70;1;0.0;0.0
76;2021-01-05;473;1;543;2;0.0;0.0
76;2021-01-06;783;1;1326;3;0.0;0.0
76;2021-01-07;2537;3;3863;6;0.1;0.0
76;2021-01-08;3212;1;7075;7;0.1;0.0
76;2021-01-09;1537;0;8612;7;0.1;0.0
76;2021-01-10;517;0;9129;7;0.2;0.0
76;2021-01-11;3520;7;12649;14;0.2;0.0
76;2021-01-12;5733;5;18382;19;0.3;0.0
76;2021-01-13;6474;8;24856;27;0.4;0.0
76;2021-01-14;8985;78;33841;105;0.6;0.0
76;2021-01-15;7250;27;41091;132;0.7;0.0
76;2021-01-16;1951;20;43042;152;0.7;0.0
76;2021-01-17;708;3;43750;155;0.7;0.0
76;2021-01-18;7699;18;51449;173;0.9;0.0
76;2021-01-19;11189;20;62638;193;1.1;0.0
76;2021-01-20;13684;19;76322;212;1.3;0.0
76;2021-01-21;16663;16;92985;228;1.6;0.0
76;2021-01-22;11844;26;104829;254;1.8;0.0
76;2021-01-23;3878;7;108707;261;1.8;0.0
76;2021-01-24;764;11;109471;272;1.8;0.0
76;2021-01-25;7825;93;117296;365;2.0;0.0
76;2021-01-26;10337;278;127633;643;2.2;0.0
76;2021-01-27;10826;476;138459;1119;2.3;0.0
76;2021-01-28;10135;1689;148594;2808;2.5;0.0
76;2021-01-29;8082;1988;156676;4796;2.6;0.1
76;2021-01-30;3183;771;159859;5567;2.7;0.1
76;2021-01-31;516;267;160375;5834;2.7;0.1
76;2021-02-01;5849;2599;166224;8433;2.8;0.1
76;2021-02-02;10045;3994;176269;12427;3.0;0.2
76;2021-02-03;9512;4063;185781;16490;3.1;0.3
76;2021-02-04;10076;5954;195857;22444;3.3;0.4
76;2021-02-05;7772;5023;203629;27467;3.4;0.5
76;2021-02-06;2688;1050;206317;28517;3.5;0.5
76;2021-02-07;541;494;206858;29011;3.5;0.5
76;2021-02-08;4837;4526;211695;33537;3.6;0.6
76;2021-02-09;6312;6816;218007;40353;3.7;0.7
76;2021-02-10;7157;9228;225164;49581;3.8;0.8
76;2021-02-11;9110;10724;234274;60305;4.0;1.0
76;2021-02-12;8033;7677;242307;67982;4.1;1.1
76;2021-02-13;2645;2268;244952;70250;4.1;1.2
76;2021-02-14;356;994;245308;71244;4.1;1.2
76;2021-02-15;3380;6462;248688;77706;4.2;1.3
76;2021-02-16;4240;8685;252928;86391;4.3;1.5
76;2021-02-17;4372;9637;257300;96028;4.3;1.6
76;2021-02-18;5868;9982;263168;106010;4.4;1.8
76;2021-02-19;4838;8121;268006;114131;4.5;1.9
76;2021-02-20;1529;3034;269535;117165;4.5;2.0
76;2021-02-21;262;594;269797;117759;4.6;2.0
76;2021-02-22;3269;7654;273066;125413;4.6;2.1
76;2021-02-23;4915;10227;277981;135640;4.7;2.3
76;2021-02-24;4637;10406;282618;146046;4.8;2.5
76;2021-02-25;8299;9879;290917;155925;4.9;2.6
76;2021-02-26;9620;8368;300537;164293;5.1;2.8
76;2021-02-27;3698;3089;304235;167382;5.1;2.8
76;2021-02-28;430;452;304665;167834;5.1;2.8
76;2021-03-01;5288;6117;309953;173951;5.2;2.9
76;2021-03-02;8208;7549;318161;181500;5.4;3.1
76;2021-03-03;9201;7452;327362;188952;5.5;3.2
76;2021-03-04;14305;7879;341667;196831;5.8;3.3
76;2021-03-05;16898;7106;358565;203937;6.1;3.4
76;2021-03-06;15824;2103;374389;206040;6.3;3.5
76;2021-03-07;11361;433;385750;206473;6.5;3.5
76;2021-03-08;9906;5493;395656;211966;6.7;3.6
76;2021-03-09;16171;6427;411827;218393;7.0;3.7
76;2021-03-10;16388;6449;428215;224842;7.2;3.8
76;2021-03-11;22513;6339;450728;231181;7.6;3.9
76;2021-03-12;26309;5200;477037;236381;8.1;4.0
76;2021-03-13;14841;2125;491878;238506;8.3;4.0
76;2021-03-14;2313;348;494191;238854;8.3;4.0
76;2021-03-15;13450;3254;507641;242108;8.6;4.1
76;2021-03-16;11743;4505;519384;246613;8.8;4.2
76;2021-03-17;12823;3942;532207;250555;9.0;4.2
76;2021-03-18;13684;4957;545891;255512;9.2;4.3
76;2021-03-19;18606;3963;564497;259475;9.5;4.4
76;2021-03-20;10626;1103;575123;260578;9.7;4.4
76;2021-03-21;3190;215;578313;260793;9.8;4.4
76;2021-03-22;14619;3550;592932;264343;10.0;4.5
76;2021-03-23;22177;4283;615109;268626;10.4;4.5
76;2021-03-24;23518;4124;638627;272750;10.8;4.6
76;2021-03-25;31880;4533;670507;277283;11.3;4.7
76;2021-03-26;30719;3999;701226;281282;11.8;4.7
76;2021-03-27;16164;1366;717390;282648;12.1;4.8
76;2021-03-28;4861;179;722251;282827;12.2;4.8
76;2021-03-29;22232;4829;744483;287656;12.6;4.9
76;2021-03-30;29575;5628;774058;293284;13.1;5.0
76;2021-03-31;26799;5500;800857;298784;13.5;5.0
76;2021-04-01;34355;5797;835212;304581;14.1;5.1
76;2021-04-02;29251;5670;864463;310251;14.6;5.2
76;2021-04-03;12107;2817;876570;313068;14.8;5.3
76;2021-04-04;4344;642;880914;313710;14.9;5.3
76;2021-04-05;4278;658;885192;314368;14.9;5.3
76;2021-04-06;22774;9681;907966;324049;15.3;5.5
76;2021-04-07;25196;9791;933162;333840;15.7;5.6
76;2021-04-08;33028;10150;966190;343990;16.3;5.8
76;2021-04-09;38781;9500;1004971;353490;17.0;6.0
76;2021-04-10;22664;5088;1027635;358578;17.3;6.1
76;2021-04-11;8844;1409;1036479;359987;17.5;6.1
76;2021-04-12;25960;10435;1062439;370422;17.9;6.3
76;2021-04-13;35667;12747;1098106;383169;18.5;6.5
76;2021-04-14;32792;13172;1130898;396341;19.1;6.7
76;2021-04-15;37351;13721;1168249;410062;19.7;6.9
76;2021-04-16;34340;13024;1202589;423086;20.3;7.1
76;2021-04-17;21328;6591;1223917;429677;20.7;7.3
76;2021-04-18;7699;2667;1231616;432344;20.8;7.3
76;2021-04-19;22023;12865;1253639;445209;21.2;7.5
76;2021-04-20;27937;16652;1281576;461861;21.6;7.8
76;2021-04-21;26990;16871;1308566;478732;22.1;8.1
76;2021-04-22;30312;17841;1338878;496573;22.6;8.4
76;2021-04-23;28594;16314;1367472;512887;23.1;8.7
76;2021-04-24;18415;10337;1385887;523224;23.4;8.8
76;2021-04-25;6890;4171;1392777;527395;23.5;8.9
76;2021-04-26;19630;18329;1412407;545724;23.8;9.2
76;2021-04-27;26557;21311;1438964;567035;24.3;9.6
76;2021-04-28;25747;20881;1464711;587916;24.7;9.9
76;2021-04-29;29579;23106;1494290;611022;25.2;10.3
76;2021-04-30;30633;20049;1524923;631071;25.7;10.7
76;2021-05-01;17365;6957;1542288;638028;26.0;10.8
76;2021-05-02;9437;4755;1551725;642783;26.2;10.8
76;2021-05-03;26371;16711;1578096;659494;26.6;11.1
76;2021-05-04;29827;25748;1607923;685242;27.1;11.6
76;2021-05-05;27958;26337;1635881;711579;27.6;12.0
76;2021-05-06;30776;30769;1666657;742348;28.1;12.5
76;2021-05-07;31458;30700;1698115;773048;28.7;13.0
76;2021-05-08;16832;10489;1714947;783537;28.9;13.2
76;2021-05-09;9670;8657;1724617;792194;29.1;13.4
76;2021-05-10;23867;27995;1748484;820189;29.5;13.8
76;2021-05-11;31332;32989;1779816;853178;30.0;14.4
76;2021-05-12;32954;29314;1812770;882492;30.6;14.9
76;2021-05-13;25790;9660;1838560;892152;31.0;15.1
76;2021-05-14;34337;21218;1872897;913370;31.6;15.4
76;2021-05-15;24467;12170;1897364;925540;32.0;15.6
76;2021-05-16;15367;3757;1912731;929297;32.3;15.7
76;2021-05-17;27707;19166;1940438;948463;32.8;16.0
76;2021-05-18;34995;19500;1975433;967963;33.3;16.3
76;2021-05-19;36748;16867;2012181;984830;34.0;16.6
76;2021-05-20;40868;18603;2053049;1003433;34.7;16.9
76;2021-05-21;37804;19950;2090853;1023383;35.3;17.3
76;2021-05-22;26898;9213;2117751;1032596;35.7;17.4
76;2021-05-23;13254;1788;2131005;1034384;36.0;17.5
76;2021-05-24;15358;4083;2146363;1038467;36.2;17.5
76;2021-05-25;31389;20681;2177752;1059148;36.8;17.9
76;2021-05-26;33129;19126;2210881;1078274;37.3;18.2
76;2021-05-27;36026;24318;2246907;1102592;37.9;18.6
76;2021-05-28;32299;28186;2279206;1130778;38.5;19.1
76;2021-05-29;19355;16692;2298561;1147470;38.8;19.4
76;2021-05-30;6079;6296;2304640;1153766;38.9;19.5
76;2021-05-31;25628;22796;2330268;1176562;39.3;19.9
76;2021-06-01;30991;29713;2361259;1206275;39.9;20.4
76;2021-06-02;30390;27892;2391649;1234167;40.4;20.8
76;2021-06-03;33665;32877;2425314;1267044;40.9;21.4
84;2020-12-27;1;0;1;0;0.0;0.0
84;2020-12-28;7;0;8;0;0.0;0.0
84;2020-12-29;5;0;13;0;0.0;0.0
84;2020-12-30;5;0;18;0;0.0;0.0
84;2020-12-31;12;0;30;0;0.0;0.0
84;2021-01-01;10;0;40;0;0.0;0.0
84;2021-01-02;2;1;42;1;0.0;0.0
84;2021-01-03;0;0;42;1;0.0;0.0
84;2021-01-04;174;0;216;1;0.0;0.0
84;2021-01-05;458;0;674;1;0.0;0.0
84;2021-01-06;1135;0;1809;1;0.0;0.0
84;2021-01-07;2844;3;4653;4;0.1;0.0
84;2021-01-08;3067;1;7720;5;0.1;0.0
84;2021-01-09;512;1;8232;6;0.1;0.0
84;2021-01-10;160;0;8392;6;0.1;0.0
84;2021-01-11;4272;8;12664;14;0.2;0.0
84;2021-01-12;6344;14;19008;28;0.2;0.0
84;2021-01-13;6833;8;25841;36;0.3;0.0
84;2021-01-14;9036;53;34877;89;0.4;0.0
84;2021-01-15;7738;25;42615;114;0.5;0.0
84;2021-01-16;2952;6;45567;120;0.6;0.0
84;2021-01-17;918;2;46485;122;0.6;0.0
84;2021-01-18;8939;29;55424;151;0.7;0.0
84;2021-01-19;15035;73;70459;224;0.9;0.0
84;2021-01-20;15461;31;85920;255;1.1;0.0
84;2021-01-21;14515;39;100435;294;1.3;0.0
84;2021-01-22;12383;34;112818;328;1.4;0.0
84;2021-01-23;4756;1;117574;329;1.5;0.0
84;2021-01-24;810;1;118384;330;1.5;0.0
84;2021-01-25;8747;143;127131;473;1.6;0.0
84;2021-01-26;11873;311;139004;784;1.7;0.0
84;2021-01-27;12026;607;151030;1391;1.9;0.0
84;2021-01-28;13778;1530;164808;2921;2.1;0.0
84;2021-01-29;10789;1303;175597;4224;2.2;0.1
84;2021-01-30;4138;146;179735;4370;2.2;0.1
84;2021-01-31;498;1;180233;4371;2.2;0.1
84;2021-02-01;6529;1870;186762;6241;2.3;0.1
84;2021-02-02;10575;3507;197337;9748;2.5;0.1
84;2021-02-03;11509;3913;208846;13661;2.6;0.2
84;2021-02-04;12500;5515;221346;19176;2.8;0.2
84;2021-02-05;8596;4688;229942;23864;2.9;0.3
84;2021-02-06;2647;950;232589;24814;2.9;0.3
84;2021-02-07;452;438;233041;25252;2.9;0.3
84;2021-02-08;6211;4958;239252;30210;3.0;0.4
84;2021-02-09;9351;8230;248603;38440;3.1;0.5
84;2021-02-10;9657;8594;258260;47034;3.2;0.6
84;2021-02-11;10658;9868;268918;56902;3.3;0.7
84;2021-02-12;9689;7916;278607;64818;3.5;0.8
84;2021-02-13;3496;2332;282103;67150;3.5;0.8
84;2021-02-14;621;455;282724;67605;3.5;0.8
84;2021-02-15;4861;8346;287585;75951;3.6;0.9
84;2021-02-16;6079;10738;293664;86689;3.7;1.1
84;2021-02-17;6041;11544;299705;98233;3.7;1.2
84;2021-02-18;7068;11733;306773;109966;3.8;1.4
84;2021-02-19;6635;9315;313408;119281;3.9;1.5
84;2021-02-20;1836;3263;315244;122544;3.9;1.5
84;2021-02-21;179;504;315423;123048;3.9;1.5
84;2021-02-22;4280;8817;319703;131865;4.0;1.6
84;2021-02-23;7267;11382;326970;143247;4.1;1.8
84;2021-02-24;7772;11989;334742;155236;4.2;1.9
84;2021-02-25;12691;13710;347433;168946;4.3;2.1
84;2021-02-26;14861;10292;362294;179238;4.5;2.2
84;2021-02-27;5549;2902;367843;182140;4.6;2.3
84;2021-02-28;500;509;368343;182649;4.6;2.3
84;2021-03-01;9272;6390;377615;189039;4.7;2.4
84;2021-03-02;14937;8740;392552;197779;4.9;2.5
84;2021-03-03;14763;8594;407315;206373;5.1;2.6
84;2021-03-04;20901;8324;428216;214697;5.3;2.7
84;2021-03-05;25732;7558;453948;222255;5.7;2.8
84;2021-03-06;19456;2298;473404;224553;5.9;2.8
84;2021-03-07;8397;411;481801;224964;6.0;2.8
84;2021-03-08;12234;6766;494035;231730;6.2;2.9
84;2021-03-09;20672;7663;514707;239393;6.4;3.0
84;2021-03-10;20249;7461;534956;246854;6.7;3.1
84;2021-03-11;29379;8081;564335;254935;7.0;3.2
84;2021-03-12;36072;7493;600407;262428;7.5;3.3
84;2021-03-13;21363;1781;621770;264209;7.7;3.3
84;2021-03-14;4665;445;626435;264654;7.8;3.3
84;2021-03-15;18823;4689;645258;269343;8.0;3.4
84;2021-03-16;17054;6085;662312;275428;8.2;3.4
84;2021-03-17;17582;6445;679894;281873;8.5;3.5
84;2021-03-18;21459;6894;701353;288767;8.7;3.6
84;2021-03-19;28896;5451;730249;294218;9.1;3.7
84;2021-03-20;14506;1340;744755;295558;9.3;3.7
84;2021-03-21;3237;257;747992;295815;9.3;3.7
84;2021-03-22;19704;5080;767696;300895;9.6;3.7
84;2021-03-23;30704;5839;798400;306734;9.9;3.8
84;2021-03-24;29900;5737;828300;312471;10.3;3.9
84;2021-03-25;41430;6302;869730;318773;10.8;4.0
84;2021-03-26;42868;6592;912598;325365;11.4;4.1
84;2021-03-27;18113;2800;930711;328165;11.6;4.1
84;2021-03-28;6497;549;937208;328714;11.7;4.1
84;2021-03-29;22879;7811;960087;336525;12.0;4.2
84;2021-03-30;34844;9991;994931;346516;12.4;4.3
84;2021-03-31;29513;10850;1024444;357366;12.8;4.4
84;2021-04-01;37107;11220;1061551;368586;13.2;4.6
84;2021-04-02;34733;11137;1096284;379723;13.6;4.7
84;2021-04-03;14774;6176;1111058;385899;13.8;4.8
84;2021-04-04;9921;1969;1120979;387868;14.0;4.8
84;2021-04-05;13517;1625;1134496;389493;14.1;4.8
84;2021-04-06;26155;13075;1160651;402568;14.4;5.0
84;2021-04-07;29418;14552;1190069;417120;14.8;5.2
84;2021-04-08;39544;15252;1229613;432372;15.3;5.4
84;2021-04-09;49262;14812;1278875;447184;15.9;5.6
84;2021-04-10;20410;8041;1299285;455225;16.2;5.7
84;2021-04-11;7206;2653;1306491;457878;16.3;5.7
84;2021-04-12;27237;15499;1333728;473377;16.6;5.9
84;2021-04-13;36085;19283;1369813;492660;17.1;6.1
84;2021-04-14;34552;18168;1404365;510828;17.5;6.4
84;2021-04-15;40018;19564;1444383;530392;18.0;6.6
84;2021-04-16;38115;19919;1482498;550311;18.5;6.9
84;2021-04-17;20466;8978;1502964;559289;18.7;7.0
84;2021-04-18;6835;2679;1509799;561968;18.8;7.0
84;2021-04-19;26172;18490;1535971;580458;19.1;7.2
84;2021-04-20;31114;22402;1567085;602860;19.5;7.5
84;2021-04-21;27993;21387;1595078;624247;19.9;7.8
84;2021-04-22;32091;22526;1627169;646773;20.3;8.1
84;2021-04-23;32660;22975;1659829;669748;20.7;8.3
84;2021-04-24;17866;11884;1677695;681632;20.9;8.5
84;2021-04-25;7110;4242;1684805;685874;21.0;8.5
84;2021-04-26;23433;19977;1708238;705851;21.3;8.8
84;2021-04-27;31648;25165;1739886;731016;21.7;9.1
84;2021-04-28;32268;24753;1772154;755769;22.1;9.4
84;2021-04-29;39442;26422;1811596;782191;22.6;9.7
84;2021-04-30;38013;27720;1849609;809911;23.0;10.1
84;2021-05-01;17005;5295;1866614;815206;23.2;10.1
84;2021-05-02;7891;8554;1874505;823760;23.3;10.3
84;2021-05-03;30083;27416;1904588;851176;23.7;10.6
84;2021-05-04;36931;33666;1941519;884842;24.2;11.0
84;2021-05-05;39888;30087;1981407;914929;24.7;11.4
84;2021-05-06;46250;32510;2027657;947439;25.2;11.8
84;2021-05-07;46565;36703;2074222;984142;25.8;12.3
84;2021-05-08;19355;7512;2093577;991654;26.1;12.3
84;2021-05-09;15776;8860;2109353;1000514;26.3;12.5
84;2021-05-10;35611;31854;2144964;1032368;26.7;12.9
84;2021-05-11;52332;36089;2197296;1068457;27.4;13.3
84;2021-05-12;56027;31683;2253323;1100140;28.1;13.7
84;2021-05-13;47063;10388;2300386;1110528;28.6;13.8
84;2021-05-14;57002;24825;2357388;1135353;29.3;14.1
84;2021-05-15;43777;13494;2401165;1148847;29.9;14.3
84;2021-05-16;30257;5029;2431422;1153876;30.3;14.4
84;2021-05-17;48056;24824;2479478;1178700;30.9;14.7
84;2021-05-18;58688;27190;2538166;1205890;31.6;15.0
84;2021-05-19;58091;23408;2596257;1229298;32.3;15.3
84;2021-05-20;61152;26862;2657409;1256160;33.1;15.6
84;2021-05-21;60634;29216;2718043;1285376;33.8;16.0
84;2021-05-22;40291;12797;2758334;1298173;34.3;16.2
84;2021-05-23;21300;3881;2779634;1302054;34.6;16.2
84;2021-05-24;39483;8449;2819117;1310503;35.1;16.3
84;2021-05-25;50029;31545;2869146;1342048;35.7;16.7
84;2021-05-26;49539;28788;2918685;1370836;36.3;17.1
84;2021-05-27;55491;31710;2974176;1402546;37.0;17.5
84;2021-05-28;54603;40350;3028779;1442896;37.7;18.0
84;2021-05-29;37539;22300;3066318;1465196;38.2;18.2
84;2021-05-30;16108;7234;3082426;1472430;38.4;18.3
84;2021-05-31;44200;29291;3126626;1501721;38.9;18.7
84;2021-06-01;48066;36476;3174692;1538197;39.5;19.1
84;2021-06-02;47442;30958;3222134;1569155;40.1;19.5
84;2021-06-03;55280;36291;3277414;1605446;40.8;20.0
93;2020-12-27;0;0;0;0;0.0;0.0
93;2020-12-28;1;0;1;0;0.0;0.0
93;2020-12-29;1;0;2;0;0.0;0.0
93;2020-12-30;3;0;5;0;0.0;0.0
93;2020-12-31;19;0;24;0;0.0;0.0
93;2021-01-01;13;0;37;0;0.0;0.0
93;2021-01-02;2;0;39;0;0.0;0.0
93;2021-01-03;2;0;41;0;0.0;0.0
93;2021-01-04;133;1;174;1;0.0;0.0
93;2021-01-05;248;1;422;2;0.0;0.0
93;2021-01-06;408;0;830;2;0.0;0.0
93;2021-01-07;1243;2;2073;4;0.0;0.0
93;2021-01-08;1561;2;3634;6;0.1;0.0
93;2021-01-09;540;0;4174;6;0.1;0.0
93;2021-01-10;73;0;4247;6;0.1;0.0
93;2021-01-11;2406;1;6653;7;0.1;0.0
93;2021-01-12;5081;5;11734;12;0.2;0.0
93;2021-01-13;4387;14;16121;26;0.3;0.0
93;2021-01-14;5509;47;21630;73;0.4;0.0
93;2021-01-15;4915;12;26545;85;0.5;0.0
93;2021-01-16;1670;2;28215;87;0.6;0.0
93;2021-01-17;299;1;28514;88;0.6;0.0
93;2021-01-18;7138;26;35652;114;0.7;0.0
93;2021-01-19;13498;29;49150;143;1.0;0.0
93;2021-01-20;12228;30;61378;173;1.2;0.0
93;2021-01-21;12293;39;73671;212;1.5;0.0
93;2021-01-22;10115;21;83786;233;1.7;0.0
93;2021-01-23;3322;5;87108;238;1.7;0.0
93;2021-01-24;536;3;87644;241;1.7;0.0
93;2021-01-25;7226;37;94870;278;1.9;0.0
93;2021-01-26;10047;131;104917;409;2.1;0.0
93;2021-01-27;9674;285;114591;694;2.3;0.0
93;2021-01-28;13646;823;128237;1517;2.5;0.0
93;2021-01-29;9831;967;138068;2484;2.7;0.0
93;2021-01-30;2239;158;140307;2642;2.8;0.1
93;2021-01-31;301;5;140608;2647;2.8;0.1
93;2021-02-01;5156;1513;145764;4160;2.9;0.1
93;2021-02-02;6637;2376;152401;6536;3.0;0.1
93;2021-02-03;5014;1817;157415;8353;3.1;0.2
93;2021-02-04;5529;3156;162944;11509;3.2;0.2
93;2021-02-05;6102;4122;169046;15631;3.3;0.3
93;2021-02-06;1243;970;170289;16601;3.4;0.3
93;2021-02-07;280;81;170569;16682;3.4;0.3
93;2021-02-08;4301;3743;174870;20425;3.5;0.4
93;2021-02-09;5885;7099;180755;27524;3.6;0.5
93;2021-02-10;5940;5877;186695;33401;3.7;0.7
93;2021-02-11;6591;6710;193286;40111;3.8;0.8
93;2021-02-12;5706;6474;198992;46585;3.9;0.9
93;2021-02-13;1127;1446;200119;48031;4.0;1.0
93;2021-02-14;73;384;200192;48415;4.0;1.0
93;2021-02-15;2407;5634;202599;54049;4.0;1.1
93;2021-02-16;3187;7696;205786;61745;4.1;1.2
93;2021-02-17;3600;8516;209386;70261;4.1;1.4
93;2021-02-18;5995;11406;215381;81667;4.3;1.6
93;2021-02-19;5613;8658;220994;90325;4.4;1.8
93;2021-02-20;876;1800;221870;92125;4.4;1.8
93;2021-02-21;68;417;221938;92542;4.4;1.8
93;2021-02-22;3020;6988;224958;99530;4.4;2.0
93;2021-02-23;3953;7237;228911;106767;4.5;2.1
93;2021-02-24;4739;6790;233650;113557;4.6;2.2
93;2021-02-25;8217;6639;241867;120196;4.8;2.4
93;2021-02-26;8252;6150;250119;126346;4.9;2.5
93;2021-02-27;3270;1474;253389;127820;5.0;2.5
93;2021-02-28;300;237;253689;128057;5.0;2.5
93;2021-03-01;5622;4472;259311;132529;5.1;2.6
93;2021-03-02;7185;5907;266496;138436;5.3;2.7
93;2021-03-03;8937;6525;275433;144961;5.4;2.9
93;2021-03-04;11981;6411;287414;151372;5.7;3.0
93;2021-03-05;12120;6058;299534;157430;5.9;3.1
93;2021-03-06;22334;1224;321868;158654;6.4;3.1
93;2021-03-07;17825;540;339693;159194;6.7;3.1
93;2021-03-08;10208;5221;349901;164415;6.9;3.3
93;2021-03-09;13898;5512;363799;169927;7.2;3.4
93;2021-03-10;14409;5232;378208;175159;7.5;3.5
93;2021-03-11;20308;6073;398516;181232;7.9;3.6
93;2021-03-12;21819;5202;420335;186434;8.3;3.7
93;2021-03-13;24219;1133;444554;187567;8.8;3.7
93;2021-03-14;6318;240;450872;187807;8.9;3.7
93;2021-03-15;15876;3067;466748;190874;9.2;3.8
93;2021-03-16;12702;3601;479450;194475;9.5;3.8
93;2021-03-17;15977;4592;495427;199067;9.8;3.9
93;2021-03-18;17004;4855;512431;203922;10.1;4.0
93;2021-03-19;20950;4639;533381;208561;10.6;4.1
93;2021-03-20;10943;1296;544324;209857;10.8;4.2
93;2021-03-21;3251;125;547575;209982;10.8;4.2
93;2021-03-22;17017;3519;564592;213501;11.2;4.2
93;2021-03-23;22592;3818;587184;217319;11.6;4.3
93;2021-03-24;21879;6561;609063;223880;12.0;4.4
93;2021-03-25;28866;6418;637929;230298;12.6;4.6
93;2021-03-26;29758;4932;667687;235230;13.2;4.7
93;2021-03-27;12389;1605;680076;236835;13.5;4.7
93;2021-03-28;3553;97;683629;236932;13.5;4.7
93;2021-03-29;18443;5276;702072;242208;13.9;4.8
93;2021-03-30;28394;6583;730466;248791;14.4;4.9
93;2021-03-31;28658;6510;759124;255301;15.0;5.0
93;2021-04-01;30611;7380;789735;262681;15.6;5.2
93;2021-04-02;26825;8374;816560;271055;16.2;5.4
93;2021-04-03;9730;4952;826290;276007;16.3;5.5
93;2021-04-04;2103;1249;828393;277256;16.4;5.5
93;2021-04-05;6048;1542;834441;278798;16.5;5.5
93;2021-04-06;23064;9940;857505;288738;17.0;5.7
93;2021-04-07;25998;11600;883503;300338;17.5;5.9
93;2021-04-08;28728;14874;912231;315212;18.0;6.2
93;2021-04-09;33276;14477;945507;329689;18.7;6.5
93;2021-04-10;14971;8135;960478;337824;19.0;6.7
93;2021-04-11;3717;2946;964195;340770;19.1;6.7
93;2021-04-12;20520;12137;984715;352907;19.5;7.0
93;2021-04-13;25364;15123;1010079;368030;20.0;7.3
93;2021-04-14;25066;15158;1035145;383188;20.5;7.6
93;2021-04-15;26876;15533;1062021;398721;21.0;7.9
93;2021-04-16;27343;16367;1089364;415088;21.5;8.2
93;2021-04-17;12653;7694;1102017;422782;21.8;8.4
93;2021-04-18;5244;2952;1107261;425734;21.9;8.4
93;2021-04-19;18833;15886;1126094;441620;22.3;8.7
93;2021-04-20;20939;18664;1147033;460284;22.7;9.1
93;2021-04-21;23634;18207;1170667;478491;23.2;9.5
93;2021-04-22;25362;19126;1196029;497617;23.7;9.8
93;2021-04-23;24622;18029;1220651;515646;24.1;10.2
93;2021-04-24;11454;8661;1232105;524307;24.4;10.4
93;2021-04-25;3194;2129;1235299;526436;24.4;10.4
93;2021-04-26;16095;15791;1251394;542227;24.8;10.7
93;2021-04-27;19286;20157;1270680;562384;25.1;11.1
93;2021-04-28;20961;20044;1291641;582428;25.5;11.5
93;2021-04-29;27611;21657;1319252;604085;26.1;11.9
93;2021-04-30;26719;20477;1345971;624562;26.6;12.4
93;2021-05-01;11293;5219;1357264;629781;26.8;12.5
93;2021-05-02;4049;1872;1361313;631653;26.9;12.5
93;2021-05-03;20070;18096;1381383;649749;27.3;12.9
93;2021-05-04;20011;22644;1401394;672393;27.7;13.3
93;2021-05-05;19250;21466;1420644;693859;28.1;13.7
93;2021-05-06;24480;21548;1445124;715407;28.6;14.2
93;2021-05-07;22253;24927;1467377;740334;29.0;14.6
93;2021-05-08;12942;6833;1480319;747167;29.3;14.8
93;2021-05-09;3445;2302;1483764;749469;29.3;14.8
93;2021-05-10;18267;22535;1502031;772004;29.7;15.3
93;2021-05-11;24961;25533;1526992;797537;30.2;15.8
93;2021-05-12;30871;22360;1557863;819897;30.8;16.2
93;2021-05-13;27508;7772;1585371;827669;31.4;16.4
93;2021-05-14;31928;16104;1617299;843773;32.0;16.7
93;2021-05-15;26529;10048;1643828;853821;32.5;16.9
93;2021-05-16;12671;2476;1656499;856297;32.8;16.9
93;2021-05-17;23753;17134;1680252;873431;33.2;17.3
93;2021-05-18;27453;16362;1707705;889793;33.8;17.6
93;2021-05-19;27414;15078;1735119;904871;34.3;17.9
93;2021-05-20;31249;16520;1766368;921391;34.9;18.2
93;2021-05-21;31085;17637;1797453;939028;35.6;18.6
93;2021-05-22;18263;7672;1815716;946700;35.9;18.7
93;2021-05-23;5890;1997;1821606;948697;36.0;18.8
93;2021-05-24;17416;4965;1839022;953662;36.4;18.9
93;2021-05-25;22642;20341;1861664;974003;36.8;19.3
93;2021-05-26;21905;21619;1883569;995622;37.3;19.7
93;2021-05-27;24715;23096;1908284;1018718;37.7;20.2
93;2021-05-28;20870;26410;1929154;1045128;38.2;20.7
93;2021-05-29;12922;14320;1942076;1059448;38.4;21.0
93;2021-05-30;2579;3174;1944655;1062622;38.5;21.0
93;2021-05-31;19397;21178;1964052;1083800;38.8;21.4
93;2021-06-01;22910;25914;1986962;1109714;39.3;21.9
93;2021-06-02;21479;25879;2008441;1135593;39.7;22.5
93;2021-06-03;26729;26988;2035170;1162581;40.3;23.0
94;2020-12-27;0;0;0;0;0.0;0.0
94;2020-12-28;0;0;0;0;0.0;0.0
94;2020-12-29;0;0;0;0;0.0;0.0
94;2020-12-30;0;0;0;0;0.0;0.0
94;2020-12-31;0;0;0;0;0.0;0.0
94;2021-01-01;0;0;0;0;0.0;0.0
94;2021-01-02;0;0;0;0;0.0;0.0
94;2021-01-03;0;0;0;0;0.0;0.0
94;2021-01-04;2;0;2;0;0.0;0.0
94;2021-01-05;0;0;2;0;0.0;0.0
94;2021-01-06;53;0;55;0;0.0;0.0
94;2021-01-07;333;1;388;1;0.1;0.0
94;2021-01-08;310;0;698;1;0.2;0.0
94;2021-01-09;78;0;776;1;0.2;0.0
94;2021-01-10;34;0;810;1;0.2;0.0
94;2021-01-11;152;0;962;1;0.3;0.0
94;2021-01-12;207;1;1169;2;0.3;0.0
94;2021-01-13;203;0;1372;2;0.4;0.0
94;2021-01-14;263;1;1635;3;0.5;0.0
94;2021-01-15;402;0;2037;3;0.6;0.0
94;2021-01-16;198;1;2235;4;0.6;0.0
94;2021-01-17;89;1;2324;5;0.7;0.0
94;2021-01-18;471;2;2795;7;0.8;0.0
94;2021-01-19;980;0;3775;7;1.1;0.0
94;2021-01-20;808;0;4583;7;1.3;0.0
94;2021-01-21;807;1;5390;8;1.6;0.0
94;2021-01-22;709;0;6099;8;1.8;0.0
94;2021-01-23;243;0;6342;8;1.8;0.0
94;2021-01-24;146;0;6488;8;1.9;0.0
94;2021-01-25;422;2;6910;10;2.0;0.0
94;2021-01-26;789;7;7699;17;2.2;0.0
94;2021-01-27;664;55;8363;72;2.4;0.0
94;2021-01-28;699;230;9062;302;2.6;0.1
94;2021-01-29;616;229;9678;531;2.8;0.2
94;2021-01-30;204;74;9882;605;2.9;0.2
94;2021-01-31;150;12;10032;617;2.9;0.2
94;2021-02-01;455;147;10487;764;3.0;0.2
94;2021-02-02;643;196;11130;960;3.2;0.3
94;2021-02-03;783;166;11913;1126;3.5;0.3
94;2021-02-04;714;298;12627;1424;3.7;0.4
94;2021-02-05;647;201;13274;1625;3.9;0.5
94;2021-02-06;206;75;13480;1700;3.9;0.5
94;2021-02-07;126;58;13606;1758;3.9;0.5
94;2021-02-08;322;366;13928;2124;4.0;0.6
94;2021-02-09;713;616;14641;2740;4.2;0.8
94;2021-02-10;643;429;15284;3169;4.4;0.9
94;2021-02-11;679;497;15963;3666;4.6;1.1
94;2021-02-12;642;428;16605;4094;4.8;1.2
94;2021-02-13;301;72;16906;4166;4.9;1.2
94;2021-02-14;193;78;17099;4244;5.0;1.2
94;2021-02-15;377;309;17476;4553;5.1;1.3
94;2021-02-16;635;603;18111;5156;5.3;1.5
94;2021-02-17;592;482;18703;5638;5.4;1.6
94;2021-02-18;550;545;19253;6183;5.6;1.8
94;2021-02-19;309;611;19562;6794;5.7;2.0
94;2021-02-20;275;199;19837;6993;5.8;2.0
94;2021-02-21;84;84;19921;7077;5.8;2.1
94;2021-02-22;211;406;20132;7483;5.8;2.2
94;2021-02-23;352;648;20484;8131;5.9;2.4
94;2021-02-24;297;609;20781;8740;6.0;2.5
94;2021-02-25;347;608;21128;9348;6.1;2.7
94;2021-02-26;418;555;21546;9903;6.3;2.9
94;2021-02-27;368;152;21914;10055;6.4;2.9
94;2021-02-28;69;123;21983;10178;6.4;3.0
94;2021-03-01;359;412;22342;10590;6.5;3.1
94;2021-03-02;549;654;22891;11244;6.6;3.3
94;2021-03-03;525;690;23416;11934;6.8;3.5
94;2021-03-04;949;635;24365;12569;7.1;3.6
94;2021-03-05;1584;668;25949;13237;7.5;3.8
94;2021-03-06;1841;162;27790;13399;8.1;3.9
94;2021-03-07;1377;98;29167;13497;8.5;3.9
94;2021-03-08;1227;322;30394;13819;8.8;4.0
94;2021-03-09;1307;652;31701;14471;9.2;4.2
94;2021-03-10;1258;574;32959;15045;9.6;4.4
94;2021-03-11;1304;631;34263;15676;9.9;4.5
94;2021-03-12;1514;538;35777;16214;10.4;4.7
94;2021-03-13;1112;302;36889;16516;10.7;4.8
94;2021-03-14;537;184;37426;16700;10.9;4.8
94;2021-03-15;884;398;38310;17098;11.1;5.0
94;2021-03-16;1063;638;39373;17736;11.4;5.1
94;2021-03-17;1225;529;40598;18265;11.8;5.3
94;2021-03-18;992;527;41590;18792;12.1;5.5
94;2021-03-19;1284;335;42874;19127;12.4;5.5
94;2021-03-20;1726;287;44600;19414;12.9;5.6
94;2021-03-21;1125;78;45725;19492;13.3;5.7
94;2021-03-22;888;187;46613;19679;13.5;5.7
94;2021-03-23;1301;319;47914;19998;13.9;5.8
94;2021-03-24;1680;301;49594;20299;14.4;5.9
94;2021-03-25;1749;288;51343;20587;14.9;6.0
94;2021-03-26;2016;340;53359;20927;15.5;6.1
94;2021-03-27;2269;220;55628;21147;16.1;6.1
94;2021-03-28;1070;214;56698;21361;16.4;6.2
94;2021-03-29;1018;312;57716;21673;16.7;6.3
94;2021-03-30;1349;555;59065;22228;17.1;6.4
94;2021-03-31;1424;484;60489;22712;17.5;6.6
94;2021-04-01;1632;676;62121;23388;18.0;6.8
94;2021-04-02;1857;1185;63978;24573;18.6;7.1
94;2021-04-03;1891;1125;65869;25698;19.1;7.5
94;2021-04-04;770;838;66639;26536;19.3;7.7
94;2021-04-05;627;800;67266;27336;19.5;7.9
94;2021-04-06;1575;905;68841;28241;20.0;8.2
94;2021-04-07;2003;845;70844;29086;20.6;8.4
94;2021-04-08;2172;751;73016;29837;21.2;8.7
94;2021-04-09;2080;942;75096;30779;21.8;8.9
94;2021-04-10;2398;614;77494;31393;22.5;9.1
94;2021-04-11;1173;312;78667;31705;22.8;9.2
94;2021-04-12;1516;889;80183;32594;23.3;9.5
94;2021-04-13;1383;1007;81566;33601;23.7;9.7
94;2021-04-14;2084;1070;83650;34671;24.3;10.1
94;2021-04-15;1907;1020;85557;35691;24.8;10.4
94;2021-04-16;1774;1034;87331;36725;25.3;10.7
94;2021-04-17;1747;1363;89078;38088;25.8;11.1
94;2021-04-18;1229;1273;90307;39361;26.2;11.4
94;2021-04-19;1088;768;91395;40129;26.5;11.6
94;2021-04-20;1248;1187;92643;41316;26.9;12.0
94;2021-04-21;1778;1328;94421;42644;27.4;12.4
94;2021-04-22;1819;1372;96240;44016;27.9;12.8
94;2021-04-23;1636;1394;97876;45410;28.4;13.2
94;2021-04-24;2012;1736;99888;47146;29.0;13.7
94;2021-04-25;1249;770;101137;47916;29.3;13.9
94;2021-04-26;985;1142;102122;49058;29.6;14.2
94;2021-04-27;1303;1212;103425;50270;30.0;14.6
94;2021-04-28;2572;1248;105997;51518;30.8;14.9
94;2021-04-29;1956;1211;107953;52729;31.3;15.3
94;2021-04-30;2249;1864;110202;54593;32.0;15.8
94;2021-05-01;1404;1679;111606;56272;32.4;16.3
94;2021-05-02;999;943;112605;57215;32.7;16.6
94;2021-05-03;1575;1061;114180;58276;33.1;16.9
94;2021-05-04;1525;1682;115705;59958;33.6;17.4
94;2021-05-05;1787;2351;117492;62309;34.1;18.1
94;2021-05-06;2170;1800;119662;64109;34.7;18.6
94;2021-05-07;2161;1808;121823;65917;35.3;19.1
94;2021-05-08;841;1346;122664;67263;35.6;19.5
94;2021-05-09;1157;1315;123821;68578;35.9;19.9
94;2021-05-10;1327;1530;125148;70108;36.3;20.3
94;2021-05-11;1550;1571;126698;71679;36.8;20.8
94;2021-05-12;1665;1363;128363;73042;37.2;21.2
94;2021-05-13;1899;491;130262;73533;37.8;21.3
94;2021-05-14;1501;1247;131763;74780;38.2;21.7
94;2021-05-15;1446;992;133209;75772;38.6;22.0
94;2021-05-16;1000;663;134209;76435;38.9;22.2
94;2021-05-17;1566;961;135775;77396;39.4;22.5
94;2021-05-18;1535;851;137310;78247;39.8;22.7
94;2021-05-19;1524;889;138834;79136;40.3;23.0
94;2021-05-20;1324;885;140158;80021;40.7;23.2
94;2021-05-21;1188;974;141346;80995;41.0;23.5
94;2021-05-22;995;693;142341;81688;41.3;23.7
94;2021-05-23;680;326;143021;82014;41.5;23.8
94;2021-05-24;161;146;143182;82160;41.5;23.8
94;2021-05-25;941;853;144123;83013;41.8;24.1
94;2021-05-26;925;1949;145048;84962;42.1;24.6
94;2021-05-27;820;2233;145868;87195;42.3;25.3
94;2021-05-28;812;1816;146680;89011;42.6;25.8
94;2021-05-29;637;1251;147317;90262;42.7;26.2
94;2021-05-30;221;547;147538;90809;42.8;26.3
94;2021-05-31;546;1238;148084;92047;43.0;26.7
94;2021-06-01;712;1761;148796;93808;43.2;27.2
94;2021-06-02;599;1923;149395;95731;43.3;27.8
94;2021-06-03;762;1633;150157;97364;43.6;28.2
