fra;vaccin;jour;n_dose1;n_dose2;n_cum_dose1;n_cum_dose2
FR;1;2020-12-27;20;0;20;0
FR;1;2020-12-28;69;0;89;0
FR;1;2020-12-29;108;0;197;0
FR;1;2020-12-30;120;0;317;0
FR;1;2020-12-31;83;0;400;0
FR;1;2021-01-01;66;0;466;0
FR;1;2021-01-02;76;0;542;0
FR;1;2021-01-03;89;0;631;0
FR;1;2021-01-04;1472;0;2103;0
FR;1;2021-01-05;5384;0;7487;0
FR;1;2021-01-06;11289;0;18776;0
FR;1;2021-01-07;28541;0;47317;0
FR;1;2021-01-08;36146;0;83463;0
FR;1;2021-01-09;10900;0;94363;0
FR;1;2021-01-10;5606;0;99969;0
FR;1;2021-01-11;38921;0;138890;0
FR;1;2021-01-12;60764;0;199654;0
FR;1;2021-01-13;63662;0;263316;0
FR;1;2021-01-14;79637;0;342953;0
FR;1;2021-01-15;67114;0;410067;0
FR;1;2021-01-16;19417;78;429484;78
FR;1;2021-01-17;10459;42;439943;120
FR;1;2021-01-18;81386;163;521329;283
FR;1;2021-01-19;123829;127;645158;410
FR;1;2021-01-20;129968;159;775126;569
FR;1;2021-01-21;149983;135;925109;704
FR;1;2021-01-22;113503;162;1038612;866
FR;1;2021-01-23;36036;50;1074648;916
FR;1;2021-01-24;9253;27;1083901;943
FR;1;2021-01-25;73095;1218;1156996;2161
FR;1;2021-01-26;94961;3110;1251957;5271
FR;1;2021-01-27;102133;5600;1354090;10871
FR;1;2021-01-28;118710;14361;1472800;25232
FR;1;2021-01-29;87738;17294;1560538;42526
FR;1;2021-01-30;27571;4225;1588109;46751
FR;1;2021-01-31;4863;1681;1592972;48432
FR;1;2021-02-01;48256;21134;1641228;69566
FR;1;2021-02-02;66242;34586;1707470;104152
FR;1;2021-02-03;65856;36984;1773326;141136
FR;1;2021-02-04;75711;50079;1849037;191215
FR;1;2021-02-05;62406;45342;1911443;236557
FR;1;2021-02-06;19037;10398;1930480;246955
FR;1;2021-02-07;3434;5046;1933914;252001
FR;1;2021-02-08;35753;45989;1969667;297990
FR;1;2021-02-09;49804;72406;2019471;370396
FR;1;2021-02-10;50821;76662;2070292;447058
FR;1;2021-02-11;62121;99107;2132413;546165
FR;1;2021-02-12;54805;74060;2187218;620225
FR;1;2021-02-13;15129;19274;2202347;639499
FR;1;2021-02-14;3420;7193;2205767;646692
FR;1;2021-02-15;23555;73445;2229322;720137
FR;1;2021-02-16;32104;96887;2261426;817024
FR;1;2021-02-17;34368;98586;2295794;915610
FR;1;2021-02-18;48051;113505;2343845;1029115
FR;1;2021-02-19;44400;86437;2388245;1115552
FR;1;2021-02-20;13017;26923;2401262;1142475
FR;1;2021-02-21;2115;6290;2403377;1148765
FR;1;2021-02-22;24014;69418;2427391;1218183
FR;1;2021-02-23;36597;80454;2463988;1298637
FR;1;2021-02-24;39339;77670;2503327;1376307
FR;1;2021-02-25;48869;88001;2552196;1464308
FR;1;2021-02-26;46059;67893;2598255;1532201
FR;1;2021-02-27;15172;20929;2613427;1553130
FR;1;2021-02-28;3229;4386;2616656;1557516
FR;1;2021-03-01;38684;49040;2655340;1606556
FR;1;2021-03-02;54611;61542;2709951;1668098
FR;1;2021-03-03;59417;60660;2769368;1728758
FR;1;2021-03-04;70996;64908;2840364;1793666
FR;1;2021-03-05;73083;59280;2913447;1852946
FR;1;2021-03-06;81289;16091;2994736;1869037
FR;1;2021-03-07;62959;5422;3057695;1874459
FR;1;2021-03-08;58676;42479;3116371;1916938
FR;1;2021-03-09;84326;48323;3200697;1965261
FR;1;2021-03-10;88892;48067;3289589;2013328
FR;1;2021-03-11;103116;53882;3392705;2067210
FR;1;2021-03-12;102048;45278;3494753;2112488
FR;1;2021-03-13;87495;12729;3582248;2125217
FR;1;2021-03-14;43626;3031;3625874;2128248
FR;1;2021-03-15;93719;29168;3719593;2157416
FR;1;2021-03-16;121814;34919;3841407;2192335
FR;1;2021-03-17;127325;34884;3968732;2227219
FR;1;2021-03-18;140699;39755;4109431;2266974
FR;1;2021-03-19;134098;32918;4243529;2299892
FR;1;2021-03-20;74888;10211;4318417;2310103
FR;1;2021-03-21;25767;2476;4344184;2312579
FR;1;2021-03-22;112827;31190;4457011;2343769
FR;1;2021-03-23;140681;38180;4597692;2381949
FR;1;2021-03-24;139765;38793;4737457;2420742
FR;1;2021-03-25;162558;39633;4900015;2460375
FR;1;2021-03-26;163980;37504;5063995;2497879
FR;1;2021-03-27;109781;15261;5173776;2513140
FR;1;2021-03-28;41712;3624;5215488;2516764
FR;1;2021-03-29;128177;49979;5343665;2566743
FR;1;2021-03-30;165365;63597;5509030;2630340
FR;1;2021-03-31;168526;66913;5677556;2697253
FR;1;2021-04-01;190769;79261;5868325;2776514
FR;1;2021-04-02;162055;84326;6030380;2860840
FR;1;2021-04-03;87057;58188;6117437;2919028
FR;1;2021-04-04;32287;17732;6149724;2936760
FR;1;2021-04-05;42380;10177;6192104;2946937
FR;1;2021-04-06;157043;100908;6349147;3047845
FR;1;2021-04-07;193676;108274;6542823;3156119
FR;1;2021-04-08;218123;112414;6760946;3268533
FR;1;2021-04-09;210855;107554;6971801;3376087
FR;1;2021-04-10;116036;73466;7087837;3449553
FR;1;2021-04-11;40115;30292;7127952;3479845
FR;1;2021-04-12;166091;103804;7294043;3583649
FR;1;2021-04-13;200445;128287;7494488;3711936
FR;1;2021-04-14;204789;122822;7699277;3834758
FR;1;2021-04-15;217425;126780;7916702;3961538
FR;1;2021-04-16;202407;125163;8119109;4086701
FR;1;2021-04-17;120431;67485;8239540;4154186
FR;1;2021-04-18;35124;20993;8274664;4175179
FR;1;2021-04-19;160840;121985;8435504;4297164
FR;1;2021-04-20;185527;148832;8621031;4445996
FR;1;2021-04-21;190346;146790;8811377;4592786
FR;1;2021-04-22;204600;162689;9015977;4755475
FR;1;2021-04-23;194761;157065;9210738;4912540
FR;1;2021-04-24;124155;95512;9334893;5008052
FR;1;2021-04-25;52324;30135;9387217;5038187
FR;1;2021-04-26;176508;138304;9563725;5176491
FR;1;2021-04-27;217365;162022;9781090;5338513
FR;1;2021-04-28;234167;155200;10015257;5493713
FR;1;2021-04-29;265035;160168;10280292;5653881
FR;1;2021-04-30;266837;148239;10547129;5802120
FR;1;2021-05-01;136693;40718;10683822;5842838
FR;1;2021-05-02;79594;28165;10763416;5871003
FR;1;2021-05-03;244697;146613;11008113;6017616
FR;1;2021-05-04;259189;186895;11267302;6204511
FR;1;2021-05-05;275575;184720;11542877;6389231
FR;1;2021-05-06;302576;183234;11845453;6572465
FR;1;2021-05-07;278180;196130;12123633;6768595
FR;1;2021-05-08;176907;48503;12300540;6817098
FR;1;2021-05-09;112242;36236;12412782;6853334
FR;1;2021-05-10;247412;194470;12660194;7047804
FR;1;2021-05-11;310788;211547;12970982;7259351
FR;1;2021-05-12;343365;186151;13314347;7445502
FR;1;2021-05-13;274031;47716;13588378;7493218
FR;1;2021-05-14;358561;128997;13946939;7622215
FR;1;2021-05-15;286856;66177;14233795;7688392
FR;1;2021-05-16;155128;15587;14388923;7703979
FR;1;2021-05-17;310784;116798;14699707;7820777
FR;1;2021-05-18;369110;111531;15068817;7932308
FR;1;2021-05-19;384326;103247;15453143;8035555
FR;1;2021-05-20;408617;96629;15861760;8132184
FR;1;2021-05-21;387423;97675;16249183;8229859
FR;1;2021-05-22;269813;42193;16518996;8272052
FR;1;2021-05-23;120531;11250;16639527;8283302
FR;1;2021-05-24;237987;26398;16877514;8309700
FR;1;2021-05-25;355783;132445;17233297;8442145
FR;1;2021-05-26;361295;128990;17594592;8571135
FR;1;2021-05-27;391536;121207;17986128;8692342
FR;2;2020-12-27;0;0;0;0
FR;2;2020-12-28;0;0;0;0
FR;2;2020-12-29;0;0;0;0
FR;2;2020-12-30;0;0;0;0
FR;2;2020-12-31;0;0;0;0
FR;2;2021-01-01;0;0;0;0
FR;2;2021-01-02;0;0;0;0
FR;2;2021-01-03;0;0;0;0
FR;2;2021-01-04;0;0;0;0
FR;2;2021-01-05;0;0;0;0
FR;2;2021-01-06;0;0;0;0
FR;2;2021-01-07;0;0;0;0
FR;2;2021-01-08;0;0;0;0
FR;2;2021-01-09;0;0;0;0
FR;2;2021-01-10;0;0;0;0
FR;2;2021-01-11;0;0;0;0
FR;2;2021-01-12;0;0;0;0
FR;2;2021-01-13;0;0;0;0
FR;2;2021-01-14;143;0;143;0
FR;2;2021-01-15;217;0;360;0
FR;2;2021-01-16;185;0;545;0
FR;2;2021-01-17;3;0;548;0
FR;2;2021-01-18;2902;0;3450;0
FR;2;2021-01-19;4491;0;7941;0
FR;2;2021-01-20;4921;0;12862;0
FR;2;2021-01-21;5094;0;17956;0
FR;2;2021-01-22;4859;0;22815;0
FR;2;2021-01-23;1728;0;24543;0
FR;2;2021-01-24;97;0;24640;0
FR;2;2021-01-25;3634;0;28274;0
FR;2;2021-01-26;3711;0;31985;0
FR;2;2021-01-27;3421;0;35406;0
FR;2;2021-01-28;3483;0;38889;0
FR;2;2021-01-29;3072;0;41961;0
FR;2;2021-01-30;1056;0;43017;0
FR;2;2021-01-31;0;0;43017;0
FR;2;2021-02-01;3248;0;46265;0
FR;2;2021-02-02;4303;0;50568;0
FR;2;2021-02-03;5030;0;55598;0
FR;2;2021-02-04;4729;3;60327;3
FR;2;2021-02-05;4607;6;64934;9
FR;2;2021-02-06;1929;3;66863;12
FR;2;2021-02-07;42;0;66905;12
FR;2;2021-02-08;7417;8;74322;20
FR;2;2021-02-09;8251;15;82573;35
FR;2;2021-02-10;9136;49;91709;84
FR;2;2021-02-11;10049;67;101758;151
FR;2;2021-02-12;9800;238;111558;389
FR;2;2021-02-13;3012;222;114570;611
FR;2;2021-02-14;296;0;114866;611
FR;2;2021-02-15;3357;3067;118223;3678
FR;2;2021-02-16;4899;3881;123122;7559
FR;2;2021-02-17;4101;4403;127223;11962
FR;2;2021-02-18;5228;5105;132451;17067
FR;2;2021-02-19;5147;4329;137598;21396
FR;2;2021-02-20;1763;1509;139361;22905
FR;2;2021-02-21;197;87;139558;22992
FR;2;2021-02-22;3513;3725;143071;26717
FR;2;2021-02-23;4802;3694;147873;30411
FR;2;2021-02-24;4743;3483;152616;33894
FR;2;2021-02-25;5290;3427;157906;37321
FR;2;2021-02-26;4193;3149;162099;40470
FR;2;2021-02-27;1500;1042;163599;41512
FR;2;2021-02-28;99;28;163698;41540
FR;2;2021-03-01;4956;3764;168654;45304
FR;2;2021-03-02;6301;4728;174955;50032
FR;2;2021-03-03;6239;4883;181194;54915
FR;2;2021-03-04;8067;3967;189261;58882
FR;2;2021-03-05;7765;4059;197026;62941
FR;2;2021-03-06;4620;1682;201646;64623
FR;2;2021-03-07;2283;29;203929;64652
FR;2;2021-03-08;3978;8309;207907;72961
FR;2;2021-03-09;7264;8430;215171;81391
FR;2;2021-03-10;6854;9113;222025;90504
FR;2;2021-03-11;9049;9209;231074;99713
FR;2;2021-03-12;7708;8174;238782;107887
FR;2;2021-03-13;9865;2510;248647;110397
FR;2;2021-03-14;4753;400;253400;110797
FR;2;2021-03-15;10629;3482;264029;114279
FR;2;2021-03-16;16434;4621;280463;118900
FR;2;2021-03-17;19904;3952;300367;122852
FR;2;2021-03-18;22942;4911;323309;127763
FR;2;2021-03-19;22881;4537;346190;132300
FR;2;2021-03-20;25140;1540;371330;133840
FR;2;2021-03-21;17467;147;388797;133987
FR;2;2021-03-22;17380;3080;406177;137067
FR;2;2021-03-23;22258;4183;428435;141250
FR;2;2021-03-24;23537;4989;451972;146239
FR;2;2021-03-25;26258;5020;478230;151259
FR;2;2021-03-26;26576;4260;504806;155519
FR;2;2021-03-27;15633;1309;520439;156828
FR;2;2021-03-28;10391;94;530830;156922
FR;2;2021-03-29;18624;4280;549454;161202
FR;2;2021-03-30;24158;6002;573612;167204
FR;2;2021-03-31;28078;5957;601690;173161
FR;2;2021-04-01;33896;8496;635586;181657
FR;2;2021-04-02;29393;7663;664979;189320
FR;2;2021-04-03;16722;3582;681701;192902
FR;2;2021-04-04;9156;918;690857;193820
FR;2;2021-04-05;12113;811;702970;194631
FR;2;2021-04-06;26657;6935;729627;201566
FR;2;2021-04-07;30500;7174;760127;208740
FR;2;2021-04-08;36474;8818;796601;217558
FR;2;2021-04-09;33344;8601;829945;226159
FR;2;2021-04-10;19435;8969;849380;235128
FR;2;2021-04-11;7811;4271;857191;239399
FR;2;2021-04-12;16783;11254;873974;250653
FR;2;2021-04-13;19050;16426;893024;267079
FR;2;2021-04-14;17636;16285;910660;283364
FR;2;2021-04-15;21817;20791;932477;304155
FR;2;2021-04-16;20319;20076;952796;324231
FR;2;2021-04-17;13013;22463;965809;346694
FR;2;2021-04-18;5772;14405;971581;361099
FR;2;2021-04-19;16429;16265;988010;377364
FR;2;2021-04-20;18906;21597;1006916;398961
FR;2;2021-04-21;19573;21667;1026489;420628
FR;2;2021-04-22;23220;24866;1049709;445494
FR;2;2021-04-23;24079;25375;1073788;470869
FR;2;2021-04-24;24998;15115;1098786;485984
FR;2;2021-04-25;9410;8590;1108196;494574
FR;2;2021-04-26;16645;17202;1124841;511776
FR;2;2021-04-27;18920;24311;1143761;536087
FR;2;2021-04-28;21513;26209;1165274;562296
FR;2;2021-04-29;24818;30139;1190092;592435
FR;2;2021-04-30;25032;27783;1215124;620218
FR;2;2021-05-01;14747;9863;1229871;630081
FR;2;2021-05-02;6477;9184;1236348;639265
FR;2;2021-05-03;19018;19328;1255366;658593
FR;2;2021-05-04;17880;29056;1273246;687649
FR;2;2021-05-05;17891;29417;1291137;717066
FR;2;2021-05-06;23095;35298;1314232;752364
FR;2;2021-05-07;23609;33255;1337841;785619
FR;2;2021-05-08;19829;9715;1357670;795334
FR;2;2021-05-09;12896;7894;1370566;803228
FR;2;2021-05-10;32181;22234;1402747;825462
FR;2;2021-05-11;42376;21080;1445123;846542
FR;2;2021-05-12;47735;19907;1492858;866449
FR;2;2021-05-13;50446;5772;1543304;872221
FR;2;2021-05-14;60403;12958;1603707;885179
FR;2;2021-05-15;65181;7154;1668888;892333
FR;2;2021-05-16;42934;2575;1711822;894908
FR;2;2021-05-17;44047;12599;1755869;907507
FR;2;2021-05-18;52345;12279;1808214;919786
FR;2;2021-05-19;55193;10654;1863407;930440
FR;2;2021-05-20;62348;10916;1925755;941356
FR;2;2021-05-21;62164;11732;1987919;953088
FR;2;2021-05-22;60711;4527;2048630;957615
FR;2;2021-05-23;36907;577;2085537;958192
FR;2;2021-05-24;16815;2033;2102352;960225
FR;2;2021-05-25;20384;12318;2122736;972543
FR;2;2021-05-26;18216;11709;2140952;984252
FR;2;2021-05-27;22010;11963;2162962;996215
FR;3;2020-12-27;0;0;0;0
FR;3;2020-12-28;0;0;0;0
FR;3;2020-12-29;0;0;0;0
FR;3;2020-12-30;0;0;0;0
FR;3;2020-12-31;0;0;0;0
FR;3;2021-01-01;0;0;0;0
FR;3;2021-01-02;0;0;0;0
FR;3;2021-01-03;0;0;0;0
FR;3;2021-01-04;0;0;0;0
FR;3;2021-01-05;0;0;0;0
FR;3;2021-01-06;0;0;0;0
FR;3;2021-01-07;0;0;0;0
FR;3;2021-01-08;0;0;0;0
FR;3;2021-01-09;0;0;0;0
FR;3;2021-01-10;0;0;0;0
FR;3;2021-01-11;0;0;0;0
FR;3;2021-01-12;0;0;0;0
FR;3;2021-01-13;0;0;0;0
FR;3;2021-01-14;0;0;0;0
FR;3;2021-01-15;0;0;0;0
FR;3;2021-01-16;0;0;0;0
FR;3;2021-01-17;0;0;0;0
FR;3;2021-01-18;0;0;0;0
FR;3;2021-01-19;0;0;0;0
FR;3;2021-01-20;0;0;0;0
FR;3;2021-01-21;0;0;0;0
FR;3;2021-01-22;0;0;0;0
FR;3;2021-01-23;0;0;0;0
FR;3;2021-01-24;0;0;0;0
FR;3;2021-01-25;0;0;0;0
FR;3;2021-01-26;0;0;0;0
FR;3;2021-01-27;0;0;0;0
FR;3;2021-01-28;0;0;0;0
FR;3;2021-01-29;0;0;0;0
FR;3;2021-01-30;0;0;0;0
FR;3;2021-01-31;0;0;0;0
FR;3;2021-02-01;0;0;0;0
FR;3;2021-02-02;0;0;0;0
FR;3;2021-02-03;0;0;0;0
FR;3;2021-02-04;0;0;0;0
FR;3;2021-02-05;0;0;0;0
FR;3;2021-02-06;307;0;307;0
FR;3;2021-02-07;1348;0;1655;0
FR;3;2021-02-08;2629;0;4284;0
FR;3;2021-02-09;6624;0;10908;0
FR;3;2021-02-10;9210;0;20118;0
FR;3;2021-02-11;13321;0;33439;0
FR;3;2021-02-12;13023;0;46462;0
FR;3;2021-02-13;3499;0;49961;0
FR;3;2021-02-14;862;0;50823;0
FR;3;2021-02-15;10099;0;60922;0
FR;3;2021-02-16;12150;0;73072;0
FR;3;2021-02-17;10808;0;83880;0
FR;3;2021-02-18;14525;0;98405;0
FR;3;2021-02-19;14075;0;112480;0
FR;3;2021-02-20;3172;0;115652;0
FR;3;2021-02-21;540;0;116192;0
FR;3;2021-02-22;8890;0;125082;0
FR;3;2021-02-23;11063;0;136145;0
FR;3;2021-02-24;13853;0;149998;0
FR;3;2021-02-25;44258;0;194256;0
FR;3;2021-02-26;61264;0;255520;0
FR;3;2021-02-27;34378;8;289898;8
FR;3;2021-02-28;2331;0;292229;8
FR;3;2021-03-01;19777;11;312006;19
FR;3;2021-03-02;38193;13;350199;32
FR;3;2021-03-03;47526;17;397725;49
FR;3;2021-03-04;80582;20;478307;69
FR;3;2021-03-05;116180;61;594487;130
FR;3;2021-03-06;117754;52;712241;182
FR;3;2021-03-07;54057;29;766298;211
FR;3;2021-03-08;41708;24;808006;235
FR;3;2021-03-09;77370;30;885376;265
FR;3;2021-03-10;79172;42;964548;307
FR;3;2021-03-11;126222;50;1090770;357
FR;3;2021-03-12;180016;71;1270786;428
FR;3;2021-03-13;129955;53;1400741;481
FR;3;2021-03-14;13637;6;1414378;487
FR;3;2021-03-15;50986;41;1465364;528
FR;3;2021-03-16;876;14;1466240;542
FR;3;2021-03-17;590;6;1466830;548
FR;3;2021-03-18;1149;4;1467979;552
FR;3;2021-03-19;69076;38;1537055;590
FR;3;2021-03-20;64140;36;1601195;626
FR;3;2021-03-21;5468;5;1606663;631
FR;3;2021-03-22;36534;33;1643197;664
FR;3;2021-03-23;83249;50;1726446;714
FR;3;2021-03-24;89478;91;1815924;805
FR;3;2021-03-25;147920;114;1963844;919
FR;3;2021-03-26;163245;156;2127089;1075
FR;3;2021-03-27;67080;88;2194169;1163
FR;3;2021-03-28;6150;19;2200319;1182
FR;3;2021-03-29;53235;61;2253554;1243
FR;3;2021-03-30;91871;88;2345425;1331
FR;3;2021-03-31;62258;82;2407683;1413
FR;3;2021-04-01;84533;104;2492216;1517
FR;3;2021-04-02;85625;148;2577841;1665
FR;3;2021-04-03;35164;109;2613005;1774
FR;3;2021-04-04;3373;16;2616378;1790
FR;3;2021-04-05;4205;21;2620583;1811
FR;3;2021-04-06;28846;76;2649429;1887
FR;3;2021-04-07;31483;61;2680912;1948
FR;3;2021-04-08;77416;236;2758328;2184
FR;3;2021-04-09;159679;412;2918007;2596
FR;3;2021-04-10;74376;333;2992383;2929
FR;3;2021-04-11;7008;44;2999391;2973
FR;3;2021-04-12;50496;197;3049887;3170
FR;3;2021-04-13;84984;315;3134871;3485
FR;3;2021-04-14;66455;342;3201326;3827
FR;3;2021-04-15;91582;369;3292908;4196
FR;3;2021-04-16;110936;574;3403844;4770
FR;3;2021-04-17;52166;337;3456010;5107
FR;3;2021-04-18;9420;35;3465430;5142
FR;3;2021-04-19;24390;239;3489820;5381
FR;3;2021-04-20;44769;398;3534589;5779
FR;3;2021-04-21;38010;458;3572599;6237
FR;3;2021-04-22;53606;793;3626205;7030
FR;3;2021-04-23;69366;1032;3695571;8062
FR;3;2021-04-24;36475;985;3732046;9047
FR;3;2021-04-25;5907;168;3737953;9215
FR;3;2021-04-26;19071;665;3757024;9880
FR;3;2021-04-27;33679;1245;3790703;11125
FR;3;2021-04-28;28226;1926;3818929;13051
FR;3;2021-04-29;44493;5959;3863422;19010
FR;3;2021-04-30;54506;8933;3917928;27943
FR;3;2021-05-01;9158;1968;3927086;29911
FR;3;2021-05-02;2800;501;3929886;30412
FR;3;2021-05-03;12489;3887;3942375;34299
FR;3;2021-05-04;22388;8456;3964763;42755
FR;3;2021-05-05;18015;10573;3982778;53328
FR;3;2021-05-06;33847;20907;4016625;74235
FR;3;2021-05-07;43279;28414;4059904;102649
FR;3;2021-05-08;6308;8915;4066212;111564
FR;3;2021-05-09;1560;2656;4067772;114220
FR;3;2021-05-10;14366;12563;4082138;126783
FR;3;2021-05-11;26328;25751;4108466;152534
FR;3;2021-05-12;16640;27478;4125106;180012
FR;3;2021-05-13;1985;3487;4127091;183499
FR;3;2021-05-14;14004;25751;4141095;209250
FR;3;2021-05-15;6894;20743;4147989;229993
FR;3;2021-05-16;809;2683;4148798;232676
FR;3;2021-05-17;7468;19924;4156266;252600
FR;3;2021-05-18;12840;29672;4169106;282272
FR;3;2021-05-19;8754;31892;4177860;314164
FR;3;2021-05-20;12185;53292;4190045;367456
FR;3;2021-05-21;12141;65643;4202186;433099
FR;3;2021-05-22;4612;33365;4206798;466464
FR;3;2021-05-23;523;2681;4207321;469145
FR;3;2021-05-24;565;4922;4207886;474067
FR;3;2021-05-25;4735;45458;4212621;519525
FR;3;2021-05-26;4462;51717;4217083;571242
FR;3;2021-05-27;5718;76513;4222801;647755
FR;4;2020-12-27;0;0;0;0
FR;4;2020-12-28;0;0;0;0
FR;4;2020-12-29;0;0;0;0
FR;4;2020-12-30;0;0;0;0
FR;4;2020-12-31;0;0;0;0
FR;4;2021-01-01;0;0;0;0
FR;4;2021-01-02;0;0;0;0
FR;4;2021-01-03;0;0;0;0
FR;4;2021-01-04;0;0;0;0
FR;4;2021-01-05;0;0;0;0
FR;4;2021-01-06;0;0;0;0
FR;4;2021-01-07;0;0;0;0
FR;4;2021-01-08;0;0;0;0
FR;4;2021-01-09;0;0;0;0
FR;4;2021-01-10;0;0;0;0
FR;4;2021-01-11;0;0;0;0
FR;4;2021-01-12;0;0;0;0
FR;4;2021-01-13;0;0;0;0
FR;4;2021-01-14;0;0;0;0
FR;4;2021-01-15;0;0;0;0
FR;4;2021-01-16;0;0;0;0
FR;4;2021-01-17;0;0;0;0
FR;4;2021-01-18;0;0;0;0
FR;4;2021-01-19;0;0;0;0
FR;4;2021-01-20;0;0;0;0
FR;4;2021-01-21;0;0;0;0
FR;4;2021-01-22;0;0;0;0
FR;4;2021-01-23;0;0;0;0
FR;4;2021-01-24;0;0;0;0
FR;4;2021-01-25;0;0;0;0
FR;4;2021-01-26;0;0;0;0
FR;4;2021-01-27;0;0;0;0
FR;4;2021-01-28;0;0;0;0
FR;4;2021-01-29;0;0;0;0
FR;4;2021-01-30;0;0;0;0
FR;4;2021-01-31;0;0;0;0
FR;4;2021-02-01;0;0;0;0
FR;4;2021-02-02;0;0;0;0
FR;4;2021-02-03;0;0;0;0
FR;4;2021-02-04;0;0;0;0
FR;4;2021-02-05;0;0;0;0
FR;4;2021-02-06;0;0;0;0
FR;4;2021-02-07;0;0;0;0
FR;4;2021-02-08;0;0;0;0
FR;4;2021-02-09;0;0;0;0
FR;4;2021-02-10;0;0;0;0
FR;4;2021-02-11;0;0;0;0
FR;4;2021-02-12;0;0;0;0
FR;4;2021-02-13;0;0;0;0
FR;4;2021-02-14;0;0;0;0
FR;4;2021-02-15;0;0;0;0
FR;4;2021-02-16;0;0;0;0
FR;4;2021-02-17;0;0;0;0
FR;4;2021-02-18;0;0;0;0
FR;4;2021-02-19;0;0;0;0
FR;4;2021-02-20;0;0;0;0
FR;4;2021-02-21;0;0;0;0
FR;4;2021-02-22;0;0;0;0
FR;4;2021-02-23;0;0;0;0
FR;4;2021-02-24;0;0;0;0
FR;4;2021-02-25;0;0;0;0
FR;4;2021-02-26;0;0;0;0
FR;4;2021-02-27;0;0;0;0
FR;4;2021-02-28;0;0;0;0
FR;4;2021-03-01;0;0;0;0
FR;4;2021-03-02;0;0;0;0
FR;4;2021-03-03;0;0;0;0
FR;4;2021-03-04;0;0;0;0
FR;4;2021-03-05;0;0;0;0
FR;4;2021-03-06;0;0;0;0
FR;4;2021-03-07;0;0;0;0
FR;4;2021-03-08;0;0;0;0
FR;4;2021-03-09;0;0;0;0
FR;4;2021-03-10;0;0;0;0
FR;4;2021-03-11;0;0;0;0
FR;4;2021-03-12;0;0;0;0
FR;4;2021-03-13;0;0;0;0
FR;4;2021-03-14;0;0;0;0
FR;4;2021-03-15;0;0;0;0
FR;4;2021-03-16;0;0;0;0
FR;4;2021-03-17;0;0;0;0
FR;4;2021-03-18;0;0;0;0
FR;4;2021-03-19;0;0;0;0
FR;4;2021-03-20;0;0;0;0
FR;4;2021-03-21;0;0;0;0
FR;4;2021-03-22;0;0;0;0
FR;4;2021-03-23;0;0;0;0
FR;4;2021-03-24;0;0;0;0
FR;4;2021-03-25;0;0;0;0
FR;4;2021-03-26;0;0;0;0
FR;4;2021-03-27;0;0;0;0
FR;4;2021-03-28;0;0;0;0
FR;4;2021-03-29;0;0;0;0
FR;4;2021-03-30;0;0;0;0
FR;4;2021-03-31;0;0;0;0
FR;4;2021-04-01;0;0;0;0
FR;4;2021-04-02;0;0;0;0
FR;4;2021-04-03;0;0;0;0
FR;4;2021-04-04;0;0;0;0
FR;4;2021-04-05;0;0;0;0
FR;4;2021-04-06;0;0;0;0
FR;4;2021-04-07;0;0;0;0
FR;4;2021-04-08;0;0;0;0
FR;4;2021-04-09;0;0;0;0
FR;4;2021-04-10;0;0;0;0
FR;4;2021-04-11;0;0;0;0
FR;4;2021-04-12;0;0;0;0
FR;4;2021-04-13;0;0;0;0
FR;4;2021-04-14;0;0;0;0
FR;4;2021-04-15;0;0;0;0
FR;4;2021-04-16;0;0;0;0
FR;4;2021-04-17;0;0;0;0
FR;4;2021-04-18;0;0;0;0
FR;4;2021-04-19;0;0;0;0
FR;4;2021-04-20;0;0;0;0
FR;4;2021-04-21;0;0;0;0
FR;4;2021-04-22;0;0;0;0
FR;4;2021-04-23;618;0;618;0
FR;4;2021-04-24;1553;0;2171;0
FR;4;2021-04-25;117;0;2288;0
FR;4;2021-04-26;2826;0;5114;0
FR;4;2021-04-27;9352;3;14466;3
FR;4;2021-04-28;9750;3;24216;6
FR;4;2021-04-29;15860;7;40076;13
FR;4;2021-04-30;19048;7;59124;20
FR;4;2021-05-01;1886;5;61010;25
FR;4;2021-05-02;437;0;61447;25
FR;4;2021-05-03;4903;1;66350;26
FR;4;2021-05-04;8243;8;74593;34
FR;4;2021-05-05;5993;7;80586;41
FR;4;2021-05-06;11244;11;91830;52
FR;4;2021-05-07;18886;8;110716;60
FR;4;2021-05-08;2246;4;112962;64
FR;4;2021-05-09;627;2;113589;66
FR;4;2021-05-10;7052;12;120641;78
FR;4;2021-05-11;14077;12;134718;90
FR;4;2021-05-12;9923;14;144641;104
FR;4;2021-05-13;1435;3;146076;107
FR;4;2021-05-14;7555;8;153631;115
FR;4;2021-05-15;3556;9;157187;124
FR;4;2021-05-16;347;1;157534;125
FR;4;2021-05-17;4216;3;161750;128
FR;4;2021-05-18;8429;10;170179;138
FR;4;2021-05-19;5465;5;175644;143
FR;4;2021-05-20;9128;7;184772;150
FR;4;2021-05-21;12408;25;197180;175
FR;4;2021-05-22;4875;13;202055;188
FR;4;2021-05-23;413;2;202468;190
FR;4;2021-05-24;906;3;203374;193
FR;4;2021-05-25;7251;16;210625;209
FR;4;2021-05-26;7323;12;217948;221
FR;4;2021-05-27;13575;35;231523;256
FR;0;2020-12-27;20;0;20;0
FR;0;2020-12-28;69;0;89;0
FR;0;2020-12-29;108;0;197;0
FR;0;2020-12-30;120;0;317;0
FR;0;2020-12-31;83;0;400;0
FR;0;2021-01-01;66;0;466;0
FR;0;2021-01-02;76;0;542;0
FR;0;2021-01-03;89;0;631;0
FR;0;2021-01-04;1472;0;2103;0
FR;0;2021-01-05;5384;0;7487;0
FR;0;2021-01-06;11289;0;18776;0
FR;0;2021-01-07;28541;0;47317;0
FR;0;2021-01-08;36146;0;83463;0
FR;0;2021-01-09;10900;0;94363;0
FR;0;2021-01-10;5606;0;99969;0
FR;0;2021-01-11;38921;0;138890;0
FR;0;2021-01-12;60764;0;199654;0
FR;0;2021-01-13;63662;0;263316;0
FR;0;2021-01-14;79780;0;343096;0
FR;0;2021-01-15;67331;0;410427;0
FR;0;2021-01-16;19602;78;430029;78
FR;0;2021-01-17;10462;42;440491;120
FR;0;2021-01-18;84288;163;524779;283
FR;0;2021-01-19;128320;127;653099;410
FR;0;2021-01-20;134889;159;787988;569
FR;0;2021-01-21;155077;135;943065;704
FR;0;2021-01-22;118362;162;1061427;866
FR;0;2021-01-23;37764;50;1099191;916
FR;0;2021-01-24;9350;27;1108541;943
FR;0;2021-01-25;76729;1218;1185270;2161
FR;0;2021-01-26;98672;3110;1283942;5271
FR;0;2021-01-27;105554;5600;1389496;10871
FR;0;2021-01-28;122193;14361;1511689;25232
FR;0;2021-01-29;90810;17294;1602499;42526
FR;0;2021-01-30;28627;4225;1631126;46751
FR;0;2021-01-31;4863;1681;1635989;48432
FR;0;2021-02-01;51504;21134;1687493;69566
FR;0;2021-02-02;70545;34586;1758038;104152
FR;0;2021-02-03;70886;36984;1828924;141136
FR;0;2021-02-04;80440;50082;1909364;191218
FR;0;2021-02-05;67013;45348;1976377;236566
FR;0;2021-02-06;21273;10401;1997650;246967
FR;0;2021-02-07;4824;5046;2002474;252013
FR;0;2021-02-08;45799;45997;2048273;298010
FR;0;2021-02-09;64679;72421;2112952;370431
FR;0;2021-02-10;69167;76711;2182119;447142
FR;0;2021-02-11;85491;99174;2267610;546316
FR;0;2021-02-12;77628;74298;2345238;620614
FR;0;2021-02-13;21640;19496;2366878;640110
FR;0;2021-02-14;4578;7193;2371456;647303
FR;0;2021-02-15;37011;76512;2408467;723815
FR;0;2021-02-16;49153;100768;2457620;824583
FR;0;2021-02-17;49277;102989;2506897;927572
FR;0;2021-02-18;67804;118610;2574701;1046182
FR;0;2021-02-19;63622;90766;2638323;1136948
FR;0;2021-02-20;17952;28432;2656275;1165380
FR;0;2021-02-21;2852;6377;2659127;1171757
FR;0;2021-02-22;36417;73143;2695544;1244900
FR;0;2021-02-23;52462;84148;2748006;1329048
FR;0;2021-02-24;57935;81153;2805941;1410201
FR;0;2021-02-25;98417;91428;2904358;1501629
FR;0;2021-02-26;111516;71042;3015874;1572671
FR;0;2021-02-27;51050;21979;3066924;1594650
FR;0;2021-02-28;5659;4414;3072583;1599064
FR;0;2021-03-01;63417;52815;3136000;1651879
FR;0;2021-03-02;99105;66283;3235105;1718162
FR;0;2021-03-03;113182;65560;3348287;1783722
FR;0;2021-03-04;159645;68895;3507932;1852617
FR;0;2021-03-05;197028;63400;3704960;1916017
FR;0;2021-03-06;203663;17825;3908623;1933842
FR;0;2021-03-07;119299;5480;4027922;1939322
FR;0;2021-03-08;104362;50812;4132284;1990134
FR;0;2021-03-09;168960;56783;4301244;2046917
FR;0;2021-03-10;174918;57222;4476162;2104139
FR;0;2021-03-11;238387;63141;4714549;2167280
FR;0;2021-03-12;289772;53523;5004321;2220803
FR;0;2021-03-13;227315;15292;5231636;2236095
FR;0;2021-03-14;62016;3437;5293652;2239532
FR;0;2021-03-15;155334;32691;5448986;2272223
FR;0;2021-03-16;139124;39554;5588110;2311777
FR;0;2021-03-17;147819;38842;5735929;2350619
FR;0;2021-03-18;164790;44670;5900719;2395289
FR;0;2021-03-19;226055;37493;6126774;2432782
FR;0;2021-03-20;164168;11787;6290942;2444569
FR;0;2021-03-21;48702;2628;6339644;2447197
FR;0;2021-03-22;166741;34303;6506385;2481500
FR;0;2021-03-23;246188;42413;6752573;2523913
FR;0;2021-03-24;252780;43873;7005353;2567786
FR;0;2021-03-25;336736;44767;7342089;2612553
FR;0;2021-03-26;353801;41920;7695890;2654473
FR;0;2021-03-27;192494;16658;7888384;2671131
FR;0;2021-03-28;58253;3737;7946637;2674868
FR;0;2021-03-29;200036;54320;8146673;2729188
FR;0;2021-03-30;281394;69687;8428067;2798875
FR;0;2021-03-31;258862;72952;8686929;2871827
FR;0;2021-04-01;309198;87861;8996127;2959688
FR;0;2021-04-02;277073;92137;9273200;3051825
FR;0;2021-04-03;138943;61879;9412143;3113704
FR;0;2021-04-04;44816;18666;9456959;3132370
FR;0;2021-04-05;58698;11009;9515657;3143379
FR;0;2021-04-06;212546;107919;9728203;3251298
FR;0;2021-04-07;255659;115509;9983862;3366807
FR;0;2021-04-08;332013;121468;10315875;3488275
FR;0;2021-04-09;403878;116567;10719753;3604842
FR;0;2021-04-10;209847;82768;10929600;3687610
FR;0;2021-04-11;54934;34607;10984534;3722217
FR;0;2021-04-12;233370;115255;11217904;3837472
FR;0;2021-04-13;304479;145028;11522383;3982500
FR;0;2021-04-14;288880;139449;11811263;4121949
FR;0;2021-04-15;330824;147940;12142087;4269889
FR;0;2021-04-16;333662;145813;12475749;4415702
FR;0;2021-04-17;185610;90285;12661359;4505987
FR;0;2021-04-18;50316;35433;12711675;4541420
FR;0;2021-04-19;201659;138489;12913334;4679909
FR;0;2021-04-20;249202;170827;13162536;4850736
FR;0;2021-04-21;247929;168915;13410465;5019651
FR;0;2021-04-22;281426;188348;13691891;5207999
FR;0;2021-04-23;288824;183472;13980715;5391471
FR;0;2021-04-24;187181;111612;14167896;5503083
FR;0;2021-04-25;67758;38893;14235654;5541976
FR;0;2021-04-26;215050;156171;14450704;5698147
FR;0;2021-04-27;279316;187581;14730020;5885728
FR;0;2021-04-28;293656;183338;15023676;6069066
FR;0;2021-04-29;350206;196273;15373882;6265339
FR;0;2021-04-30;365423;184962;15739305;6450301
FR;0;2021-05-01;162484;52554;15901789;6502855
FR;0;2021-05-02;89308;37850;15991097;6540705
FR;0;2021-05-03;281107;169829;16272204;6710534
FR;0;2021-05-04;307700;224415;16579904;6934949
FR;0;2021-05-05;317474;224717;16897378;7159666
FR;0;2021-05-06;370762;239450;17268140;7399116
FR;0;2021-05-07;363954;257807;17632094;7656923
FR;0;2021-05-08;205290;67137;17837384;7724060
FR;0;2021-05-09;127325;46788;17964709;7770848
FR;0;2021-05-10;301011;229279;18265720;8000127
FR;0;2021-05-11;393569;258390;18659289;8258517
FR;0;2021-05-12;417663;233550;19076952;8492067
FR;0;2021-05-13;327897;56978;19404849;8549045
FR;0;2021-05-14;440523;167714;19845372;8716759
FR;0;2021-05-15;362487;94083;20207859;8810842
FR;0;2021-05-16;199218;20846;20407077;8831688
FR;0;2021-05-17;366515;149324;20773592;8981012
FR;0;2021-05-18;442724;153492;21216316;9134504
FR;0;2021-05-19;453738;145798;21670054;9280302
FR;0;2021-05-20;492278;160844;22162332;9441146
FR;0;2021-05-21;474136;175075;22636468;9616221
FR;0;2021-05-22;340011;80098;22976479;9696319
FR;0;2021-05-23;158374;14510;23134853;9710829
FR;0;2021-05-24;256273;33356;23391126;9744185
FR;0;2021-05-25;388153;190237;23779279;9934422
FR;0;2021-05-26;391296;192428;24170575;10126850
FR;0;2021-05-27;432839;209718;24603414;10336568
