fra;vaccin;jour;n_dose1;n_dose2;n_cum_dose1;n_cum_dose2
FR;1;2020-12-27;20;0;20;0
FR;1;2020-12-28;62;0;82;0
FR;1;2020-12-29;108;0;190;0
FR;1;2020-12-30;119;0;309;0
FR;1;2020-12-31;83;0;392;0
FR;1;2021-01-01;65;0;457;0
FR;1;2021-01-02;75;0;532;0
FR;1;2021-01-03;87;0;619;0
FR;1;2021-01-04;1468;0;2087;0
FR;1;2021-01-05;5374;0;7461;0
FR;1;2021-01-06;11272;0;18733;0
FR;1;2021-01-07;28512;0;47245;0
FR;1;2021-01-08;36017;0;83262;0
FR;1;2021-01-09;10878;0;94140;0
FR;1;2021-01-10;5601;0;99741;0
FR;1;2021-01-11;38821;0;138562;0
FR;1;2021-01-12;60578;0;199140;0
FR;1;2021-01-13;63528;0;262668;0
FR;1;2021-01-14;79479;0;342147;0
FR;1;2021-01-15;66929;0;409076;0
FR;1;2021-01-16;19408;78;428484;78
FR;1;2021-01-17;10446;42;438930;120
FR;1;2021-01-18;81317;163;520247;283
FR;1;2021-01-19;123637;127;643884;410
FR;1;2021-01-20;129855;159;773739;569
FR;1;2021-01-21;149748;135;923487;704
FR;1;2021-01-22;113319;162;1036806;866
FR;1;2021-01-23;36017;50;1072823;916
FR;1;2021-01-24;9247;27;1082070;943
FR;1;2021-01-25;73006;1218;1155076;2161
FR;1;2021-01-26;94869;3110;1249945;5271
FR;1;2021-01-27;102041;5597;1351986;10868
FR;1;2021-01-28;118520;14360;1470506;25228
FR;1;2021-01-29;87631;17293;1558137;42521
FR;1;2021-01-30;27565;4225;1585702;46746
FR;1;2021-01-31;4862;1679;1590564;48425
FR;1;2021-02-01;48155;21128;1638719;69553
FR;1;2021-02-02;66095;34568;1704814;104121
FR;1;2021-02-03;65799;36960;1770613;141081
FR;1;2021-02-04;75512;50057;1846125;191138
FR;1;2021-02-05;62301;45335;1908426;236473
FR;1;2021-02-06;19030;10396;1927456;246869
FR;1;2021-02-07;3436;5041;1930892;251910
FR;1;2021-02-08;35728;45985;1966620;297895
FR;1;2021-02-09;49763;72392;2016383;370287
FR;1;2021-02-10;50789;76646;2067172;446933
FR;1;2021-02-11;61975;99077;2129147;546010
FR;1;2021-02-12;54729;74038;2183876;620048
FR;1;2021-02-13;15101;19270;2198977;639318
FR;1;2021-02-14;3409;7190;2202386;646508
FR;1;2021-02-15;23522;73440;2225908;719948
FR;1;2021-02-16;32070;96864;2257978;816812
FR;1;2021-02-17;34330;98568;2292308;915380
FR;1;2021-02-18;47915;113475;2340223;1028855
FR;1;2021-02-19;44338;86412;2384561;1115267
FR;1;2021-02-20;13007;26919;2397568;1142186
FR;1;2021-02-21;2109;6287;2399677;1148473
FR;1;2021-02-22;23978;69414;2423655;1217887
FR;1;2021-02-23;36502;80365;2460157;1298252
FR;1;2021-02-24;39294;77661;2499451;1375913
FR;1;2021-02-25;48712;87994;2548163;1463907
FR;1;2021-02-26;45958;67886;2594121;1531793
FR;1;2021-02-27;15164;20930;2609285;1552723
FR;1;2021-02-28;3226;4386;2612511;1557109
FR;1;2021-03-01;38634;49029;2651145;1606138
FR;1;2021-03-02;54550;61505;2705695;1667643
FR;1;2021-03-03;59302;60650;2764997;1728293
FR;1;2021-03-04;70857;64894;2835854;1793187
FR;1;2021-03-05;72982;59269;2908836;1852456
FR;1;2021-03-06;81251;16091;2990087;1868547
FR;1;2021-03-07;62943;5422;3053030;1873969
FR;1;2021-03-08;58638;42474;3111668;1916443
FR;1;2021-03-09;84221;48316;3195889;1964759
FR;1;2021-03-10;88772;48064;3284661;2012823
FR;1;2021-03-11;102969;53858;3387630;2066681
FR;1;2021-03-12;101968;45266;3489598;2111947
FR;1;2021-03-13;87470;12720;3577068;2124667
FR;1;2021-03-14;43618;3031;3620686;2127698
FR;1;2021-03-15;93577;29150;3714263;2156848
FR;1;2021-03-16;121709;34905;3835972;2191753
FR;1;2021-03-17;127143;34868;3963115;2226621
FR;1;2021-03-18;140539;39750;4103654;2266371
FR;1;2021-03-19;133987;32912;4237641;2299283
FR;1;2021-03-20;74863;10211;4312504;2309494
FR;1;2021-03-21;25760;2476;4338264;2311970
FR;1;2021-03-22;112772;31188;4451036;2343158
FR;1;2021-03-23;140580;38173;4591616;2381331
FR;1;2021-03-24;139605;38790;4731221;2420121
FR;1;2021-03-25;162381;39617;4893602;2459738
FR;1;2021-03-26;163860;37495;5057462;2497233
FR;1;2021-03-27;109727;15256;5167189;2512489
FR;1;2021-03-28;41700;3624;5208889;2516113
FR;1;2021-03-29;128010;49969;5336899;2566082
FR;1;2021-03-30;165065;63596;5501964;2629678
FR;1;2021-03-31;168126;66913;5670090;2696591
FR;1;2021-04-01;190169;79252;5860259;2775843
FR;1;2021-04-02;161777;84318;6022036;2860161
FR;1;2021-04-03;86948;58184;6108984;2918345
FR;1;2021-04-04;32264;17732;6141248;2936077
FR;1;2021-04-05;42353;10177;6183601;2946254
FR;1;2021-04-06;156728;100887;6340329;3047141
FR;1;2021-04-07;193275;108269;6533604;3155410
FR;1;2021-04-08;217453;112406;6751057;3267816
FR;1;2021-04-09;209867;107518;6960924;3375334
FR;1;2021-04-10;115941;73462;7076865;3448796
FR;1;2021-04-11;40051;30288;7116916;3479084
FR;1;2021-04-12;165623;103796;7282539;3582880
FR;1;2021-04-13;199713;128256;7482252;3711136
FR;1;2021-04-14;203667;122819;7685919;3833955
FR;1;2021-04-15;215588;126758;7901507;3960713
FR;1;2021-04-16;201229;125148;8102736;4085861
FR;1;2021-04-17;119854;67479;8222590;4153340
FR;1;2021-04-18;34901;20992;8257491;4174332
FR;1;2021-04-19;160068;121928;8417559;4296260
FR;1;2021-04-20;184611;148796;8602170;4445056
FR;1;2021-04-21;189255;146750;8791425;4591806
FR;1;2021-04-22;203584;162647;8995009;4754453
FR;1;2021-04-23;193804;156930;9188813;4911383
FR;1;2021-04-24;123756;95506;9312569;5006889
FR;1;2021-04-25;51853;30129;9364422;5037018
FR;1;2021-04-26;174969;138279;9539391;5175297
FR;1;2021-04-27;216432;162008;9755823;5337305
FR;1;2021-04-28;232114;155136;9987937;5492441
FR;1;2021-04-29;261089;160092;10249026;5652533
FR;1;2021-04-30;263263;148176;10512289;5800709
FR;1;2021-05-01;132794;40718;10645083;5841427
FR;1;2021-05-02;79250;28163;10724333;5869590
FR;1;2021-05-03;241591;146547;10965924;6016137
FR;1;2021-05-04;255922;186876;11221846;6203013
FR;1;2021-05-05;272023;184599;11493869;6387612
FR;1;2021-05-06;298427;183068;11792296;6570680
FR;1;2021-05-07;274549;195762;12066845;6766442
FR;1;2021-05-08;168014;48326;12234859;6814768
FR;1;2021-05-09;111954;36232;12346813;6851000
FR;1;2021-05-10;243256;194294;12590069;7045294
FR;1;2021-05-11;306399;211451;12896468;7256745
FR;1;2021-05-12;330881;185960;13227349;7442705
FR;2;2020-12-27;0;0;0;0
FR;2;2020-12-28;0;0;0;0
FR;2;2020-12-29;0;0;0;0
FR;2;2020-12-30;0;0;0;0
FR;2;2020-12-31;0;0;0;0
FR;2;2021-01-01;0;0;0;0
FR;2;2021-01-02;0;0;0;0
FR;2;2021-01-03;0;0;0;0
FR;2;2021-01-04;0;0;0;0
FR;2;2021-01-05;0;0;0;0
FR;2;2021-01-06;0;0;0;0
FR;2;2021-01-07;0;0;0;0
FR;2;2021-01-08;0;0;0;0
FR;2;2021-01-09;0;0;0;0
FR;2;2021-01-10;0;0;0;0
FR;2;2021-01-11;0;0;0;0
FR;2;2021-01-12;0;0;0;0
FR;2;2021-01-13;0;0;0;0
FR;2;2021-01-14;142;0;142;0
FR;2;2021-01-15;217;0;359;0
FR;2;2021-01-16;185;0;544;0
FR;2;2021-01-17;3;0;547;0
FR;2;2021-01-18;2902;0;3449;0
FR;2;2021-01-19;4485;0;7934;0
FR;2;2021-01-20;4903;0;12837;0
FR;2;2021-01-21;5065;0;17902;0
FR;2;2021-01-22;4858;0;22760;0
FR;2;2021-01-23;1727;0;24487;0
FR;2;2021-01-24;83;0;24570;0
FR;2;2021-01-25;3633;0;28203;0
FR;2;2021-01-26;3695;0;31898;0
FR;2;2021-01-27;3402;0;35300;0
FR;2;2021-01-28;3479;0;38779;0
FR;2;2021-01-29;3071;0;41850;0
FR;2;2021-01-30;1054;0;42904;0
FR;2;2021-01-31;0;0;42904;0
FR;2;2021-02-01;3247;0;46151;0
FR;2;2021-02-02;4302;0;50453;0
FR;2;2021-02-03;5029;0;55482;0
FR;2;2021-02-04;4670;3;60152;3
FR;2;2021-02-05;4549;6;64701;9
FR;2;2021-02-06;1929;3;66630;12
FR;2;2021-02-07;42;0;66672;12
FR;2;2021-02-08;7415;8;74087;20
FR;2;2021-02-09;8249;15;82336;35
FR;2;2021-02-10;9134;49;91470;84
FR;2;2021-02-11;10048;67;101518;151
FR;2;2021-02-12;9759;238;111277;389
FR;2;2021-02-13;3010;222;114287;611
FR;2;2021-02-14;296;0;114583;611
FR;2;2021-02-15;3355;3067;117938;3678
FR;2;2021-02-16;4901;3881;122839;7559
FR;2;2021-02-17;4098;4403;126937;11962
FR;2;2021-02-18;5228;5087;132165;17049
FR;2;2021-02-19;5095;4323;137260;21372
FR;2;2021-02-20;1763;1509;139023;22881
FR;2;2021-02-21;197;86;139220;22967
FR;2;2021-02-22;3511;3723;142731;26690
FR;2;2021-02-23;4801;3693;147532;30383
FR;2;2021-02-24;4738;3468;152270;33851
FR;2;2021-02-25;5289;3426;157559;37277
FR;2;2021-02-26;4193;3125;161752;40402
FR;2;2021-02-27;1500;1042;163252;41444
FR;2;2021-02-28;99;28;163351;41472
FR;2;2021-03-01;4952;3764;168303;45236
FR;2;2021-03-02;6299;4728;174602;49964
FR;2;2021-03-03;6238;4882;180840;54846
FR;2;2021-03-04;8065;3967;188905;58813
FR;2;2021-03-05;7759;4059;196664;62872
FR;2;2021-03-06;4619;1682;201283;64554
FR;2;2021-03-07;2283;29;203566;64583
FR;2;2021-03-08;3977;8309;207543;72892
FR;2;2021-03-09;7263;8429;214806;81321
FR;2;2021-03-10;6848;9108;221654;90429
FR;2;2021-03-11;9039;9208;230693;99637
FR;2;2021-03-12;7697;8169;238390;107806
FR;2;2021-03-13;9863;2510;248253;110316
FR;2;2021-03-14;4752;400;253005;110716
FR;2;2021-03-15;10624;3482;263629;114198
FR;2;2021-03-16;16430;4621;280059;118819
FR;2;2021-03-17;19882;3952;299941;122771
FR;2;2021-03-18;22937;4910;322878;127681
FR;2;2021-03-19;22868;4536;345746;132217
FR;2;2021-03-20;25136;1540;370882;133757
FR;2;2021-03-21;17466;147;388348;133904
FR;2;2021-03-22;17371;3078;405719;136982
FR;2;2021-03-23;22252;4183;427971;141165
FR;2;2021-03-24;23514;4988;451485;146153
FR;2;2021-03-25;26241;5020;477726;151173
FR;2;2021-03-26;26564;4260;504290;155433
FR;2;2021-03-27;15630;1309;519920;156742
FR;2;2021-03-28;10391;94;530311;156836
FR;2;2021-03-29;18613;4280;548924;161116
FR;2;2021-03-30;24143;6002;573067;167118
FR;2;2021-03-31;28033;5956;601100;173074
FR;2;2021-04-01;33768;8495;634868;181569
FR;2;2021-04-02;29370;7661;664238;189230
FR;2;2021-04-03;16712;3582;680950;192812
FR;2;2021-04-04;9152;918;690102;193730
FR;2;2021-04-05;12113;811;702215;194541
FR;2;2021-04-06;26641;6934;728856;201475
FR;2;2021-04-07;30409;7174;759265;208649
FR;2;2021-04-08;36442;8817;795707;217466
FR;2;2021-04-09;33317;8601;829024;226067
FR;2;2021-04-10;19422;8968;848446;235035
FR;2;2021-04-11;7808;4271;856254;239306
FR;2;2021-04-12;16752;11254;873006;250560
FR;2;2021-04-13;19000;16426;892006;266986
FR;2;2021-04-14;17563;16284;909569;283270
FR;2;2021-04-15;21740;20757;931309;304027
FR;2;2021-04-16;20222;20073;951531;324100
FR;2;2021-04-17;12953;22462;964484;346562
FR;2;2021-04-18;5764;14405;970248;360967
FR;2;2021-04-19;16371;16261;986619;377228
FR;2;2021-04-20;18861;21595;1005480;398823
FR;2;2021-04-21;18314;21665;1023794;420488
FR;2;2021-04-22;23154;24861;1046948;445349
FR;2;2021-04-23;23981;25346;1070929;470695
FR;2;2021-04-24;24951;15111;1095880;485806
FR;2;2021-04-25;9406;8589;1105286;494395
FR;2;2021-04-26;16582;17194;1121868;511589
FR;2;2021-04-27;18861;24305;1140729;535894
FR;2;2021-04-28;21304;26189;1162033;562083
FR;2;2021-04-29;24582;30136;1186615;592219
FR;2;2021-04-30;24944;27782;1211559;620001
FR;2;2021-05-01;14749;9863;1226308;629864
FR;2;2021-05-02;6472;9184;1232780;639048
FR;2;2021-05-03;18872;19327;1251652;658375
FR;2;2021-05-04;17804;29055;1269456;687430
FR;2;2021-05-05;17821;29416;1287277;716846
FR;2;2021-05-06;22974;35293;1310251;752139
FR;2;2021-05-07;23500;33243;1333751;785382
FR;2;2021-05-08;18977;9703;1352728;795085
FR;2;2021-05-09;12884;7894;1365612;802979
FR;2;2021-05-10;31963;22221;1397575;825200
FR;2;2021-05-11;42162;21078;1439737;846278
FR;2;2021-05-12;46336;19907;1486073;866185
FR;3;2020-12-27;0;0;0;0
FR;3;2020-12-28;0;0;0;0
FR;3;2020-12-29;0;0;0;0
FR;3;2020-12-30;0;0;0;0
FR;3;2020-12-31;0;0;0;0
FR;3;2021-01-01;0;0;0;0
FR;3;2021-01-02;0;0;0;0
FR;3;2021-01-03;0;0;0;0
FR;3;2021-01-04;0;0;0;0
FR;3;2021-01-05;0;0;0;0
FR;3;2021-01-06;0;0;0;0
FR;3;2021-01-07;0;0;0;0
FR;3;2021-01-08;0;0;0;0
FR;3;2021-01-09;0;0;0;0
FR;3;2021-01-10;0;0;0;0
FR;3;2021-01-11;0;0;0;0
FR;3;2021-01-12;0;0;0;0
FR;3;2021-01-13;0;0;0;0
FR;3;2021-01-14;0;0;0;0
FR;3;2021-01-15;0;0;0;0
FR;3;2021-01-16;0;0;0;0
FR;3;2021-01-17;0;0;0;0
FR;3;2021-01-18;0;0;0;0
FR;3;2021-01-19;0;0;0;0
FR;3;2021-01-20;0;0;0;0
FR;3;2021-01-21;0;0;0;0
FR;3;2021-01-22;0;0;0;0
FR;3;2021-01-23;0;0;0;0
FR;3;2021-01-24;0;0;0;0
FR;3;2021-01-25;0;0;0;0
FR;3;2021-01-26;0;0;0;0
FR;3;2021-01-27;0;0;0;0
FR;3;2021-01-28;0;0;0;0
FR;3;2021-01-29;0;0;0;0
FR;3;2021-01-30;0;0;0;0
FR;3;2021-01-31;0;0;0;0
FR;3;2021-02-01;0;0;0;0
FR;3;2021-02-02;0;0;0;0
FR;3;2021-02-03;0;0;0;0
FR;3;2021-02-04;0;0;0;0
FR;3;2021-02-05;0;0;0;0
FR;3;2021-02-06;297;0;297;0
FR;3;2021-02-07;1348;0;1645;0
FR;3;2021-02-08;2627;0;4272;0
FR;3;2021-02-09;6619;0;10891;0
FR;3;2021-02-10;9180;0;20071;0
FR;3;2021-02-11;13272;0;33343;0
FR;3;2021-02-12;12971;0;46314;0
FR;3;2021-02-13;3478;0;49792;0
FR;3;2021-02-14;858;0;50650;0
FR;3;2021-02-15;9987;0;60637;0
FR;3;2021-02-16;12105;0;72742;0
FR;3;2021-02-17;10761;0;83503;0
FR;3;2021-02-18;14385;0;97888;0
FR;3;2021-02-19;13989;0;111877;0
FR;3;2021-02-20;3136;0;115013;0
FR;3;2021-02-21;535;0;115548;0
FR;3;2021-02-22;8780;0;124328;0
FR;3;2021-02-23;10943;0;135271;0
FR;3;2021-02-24;13755;0;149026;0
FR;3;2021-02-25;43867;0;192893;0
FR;3;2021-02-26;60889;0;253782;0
FR;3;2021-02-27;34107;8;287889;8
FR;3;2021-02-28;2311;0;290200;8
FR;3;2021-03-01;19488;11;309688;19
FR;3;2021-03-02;37852;13;347540;32
FR;3;2021-03-03;47162;19;394702;51
FR;3;2021-03-04;79740;20;474442;71
FR;3;2021-03-05;115485;65;589927;136
FR;3;2021-03-06;116851;51;706778;187
FR;3;2021-03-07;53739;30;760517;217
FR;3;2021-03-08;41468;25;801985;242
FR;3;2021-03-09;76999;33;878984;275
FR;3;2021-03-10;78791;43;957775;318
FR;3;2021-03-11;125619;52;1083394;370
FR;3;2021-03-12;179340;71;1262734;441
FR;3;2021-03-13;129203;54;1391937;495
FR;3;2021-03-14;13585;6;1405522;501
FR;3;2021-03-15;50696;41;1456218;542
FR;3;2021-03-16;841;15;1457059;557
FR;3;2021-03-17;562;6;1457621;563
FR;3;2021-03-18;1086;4;1458707;567
FR;3;2021-03-19;68816;38;1527523;605
FR;3;2021-03-20;63987;36;1591510;641
FR;3;2021-03-21;5445;5;1596955;646
FR;3;2021-03-22;36386;34;1633341;680
FR;3;2021-03-23;83008;50;1716349;730
FR;3;2021-03-24;89249;91;1805598;821
FR;3;2021-03-25;147564;117;1953162;938
FR;3;2021-03-26;163044;156;2116206;1094
FR;3;2021-03-27;66957;88;2183163;1182
FR;3;2021-03-28;6137;19;2189300;1201
FR;3;2021-03-29;53161;61;2242461;1262
FR;3;2021-03-30;91751;88;2334212;1350
FR;3;2021-03-31;62166;82;2396378;1432
FR;3;2021-04-01;84430;105;2480808;1537
FR;3;2021-04-02;85544;148;2566352;1685
FR;3;2021-04-03;35127;110;2601479;1795
FR;3;2021-04-04;3371;15;2604850;1810
FR;3;2021-04-05;4198;21;2609048;1831
FR;3;2021-04-06;28817;76;2637865;1907
FR;3;2021-04-07;31454;60;2669319;1967
FR;3;2021-04-08;77342;235;2746661;2202
FR;3;2021-04-09;159524;411;2906185;2613
FR;3;2021-04-10;74289;333;2980474;2946
FR;3;2021-04-11;7000;44;2987474;2990
FR;3;2021-04-12;50416;197;3037890;3187
FR;3;2021-04-13;84915;316;3122805;3503
FR;3;2021-04-14;66396;342;3189201;3845
FR;3;2021-04-15;91490;371;3280691;4216
FR;3;2021-04-16;110816;574;3391507;4790
FR;3;2021-04-17;52115;337;3443622;5127
FR;3;2021-04-18;9417;35;3453039;5162
FR;3;2021-04-19;24370;239;3477409;5401
FR;3;2021-04-20;44690;399;3522099;5800
FR;3;2021-04-21;37951;458;3560050;6258
FR;3;2021-04-22;53491;794;3613541;7052
FR;3;2021-04-23;69192;1031;3682733;8083
FR;3;2021-04-24;36429;988;3719162;9071
FR;3;2021-04-25;5892;169;3725054;9240
FR;3;2021-04-26;19055;667;3744109;9907
FR;3;2021-04-27;33611;1246;3777720;11153
FR;3;2021-04-28;28163;1925;3805883;13078
FR;3;2021-04-29;44412;5958;3850295;19036
FR;3;2021-04-30;54380;8932;3904675;27968
FR;3;2021-05-01;9116;1968;3913791;29936
FR;3;2021-05-02;2795;500;3916586;30436
FR;3;2021-05-03;12433;3880;3929019;34316
FR;3;2021-05-04;22292;8455;3951311;42771
FR;3;2021-05-05;17893;10575;3969204;53346
FR;3;2021-05-06;33729;20907;4002933;74253
FR;3;2021-05-07;42989;28407;4045922;102660
FR;3;2021-05-08;6104;8913;4052026;111573
FR;3;2021-05-09;1543;2657;4053569;114230
FR;3;2021-05-10;14193;12560;4067762;126790
FR;3;2021-05-11;26074;25741;4093836;152531
FR;3;2021-05-12;15979;27451;4109815;179982
FR;4;2020-12-27;0;0;0;0
FR;4;2020-12-28;0;0;0;0
FR;4;2020-12-29;0;0;0;0
FR;4;2020-12-30;0;0;0;0
FR;4;2020-12-31;0;0;0;0
FR;4;2021-01-01;0;0;0;0
FR;4;2021-01-02;0;0;0;0
FR;4;2021-01-03;0;0;0;0
FR;4;2021-01-04;0;0;0;0
FR;4;2021-01-05;0;0;0;0
FR;4;2021-01-06;0;0;0;0
FR;4;2021-01-07;0;0;0;0
FR;4;2021-01-08;0;0;0;0
FR;4;2021-01-09;0;0;0;0
FR;4;2021-01-10;0;0;0;0
FR;4;2021-01-11;0;0;0;0
FR;4;2021-01-12;0;0;0;0
FR;4;2021-01-13;0;0;0;0
FR;4;2021-01-14;0;0;0;0
FR;4;2021-01-15;0;0;0;0
FR;4;2021-01-16;0;0;0;0
FR;4;2021-01-17;0;0;0;0
FR;4;2021-01-18;0;0;0;0
FR;4;2021-01-19;0;0;0;0
FR;4;2021-01-20;0;0;0;0
FR;4;2021-01-21;0;0;0;0
FR;4;2021-01-22;0;0;0;0
FR;4;2021-01-23;0;0;0;0
FR;4;2021-01-24;0;0;0;0
FR;4;2021-01-25;0;0;0;0
FR;4;2021-01-26;0;0;0;0
FR;4;2021-01-27;0;0;0;0
FR;4;2021-01-28;0;0;0;0
FR;4;2021-01-29;0;0;0;0
FR;4;2021-01-30;0;0;0;0
FR;4;2021-01-31;0;0;0;0
FR;4;2021-02-01;0;0;0;0
FR;4;2021-02-02;0;0;0;0
FR;4;2021-02-03;0;0;0;0
FR;4;2021-02-04;0;0;0;0
FR;4;2021-02-05;0;0;0;0
FR;4;2021-02-06;0;0;0;0
FR;4;2021-02-07;0;0;0;0
FR;4;2021-02-08;0;0;0;0
FR;4;2021-02-09;0;0;0;0
FR;4;2021-02-10;0;0;0;0
FR;4;2021-02-11;0;0;0;0
FR;4;2021-02-12;0;0;0;0
FR;4;2021-02-13;0;0;0;0
FR;4;2021-02-14;0;0;0;0
FR;4;2021-02-15;0;0;0;0
FR;4;2021-02-16;0;0;0;0
FR;4;2021-02-17;0;0;0;0
FR;4;2021-02-18;0;0;0;0
FR;4;2021-02-19;0;0;0;0
FR;4;2021-02-20;0;0;0;0
FR;4;2021-02-21;0;0;0;0
FR;4;2021-02-22;0;0;0;0
FR;4;2021-02-23;0;0;0;0
FR;4;2021-02-24;0;0;0;0
FR;4;2021-02-25;0;0;0;0
FR;4;2021-02-26;0;0;0;0
FR;4;2021-02-27;0;0;0;0
FR;4;2021-02-28;0;0;0;0
FR;4;2021-03-01;0;0;0;0
FR;4;2021-03-02;0;0;0;0
FR;4;2021-03-03;0;0;0;0
FR;4;2021-03-04;0;0;0;0
FR;4;2021-03-05;0;0;0;0
FR;4;2021-03-06;0;0;0;0
FR;4;2021-03-07;0;0;0;0
FR;4;2021-03-08;0;0;0;0
FR;4;2021-03-09;0;0;0;0
FR;4;2021-03-10;0;0;0;0
FR;4;2021-03-11;0;0;0;0
FR;4;2021-03-12;0;0;0;0
FR;4;2021-03-13;0;0;0;0
FR;4;2021-03-14;0;0;0;0
FR;4;2021-03-15;0;0;0;0
FR;4;2021-03-16;0;0;0;0
FR;4;2021-03-17;0;0;0;0
FR;4;2021-03-18;0;0;0;0
FR;4;2021-03-19;0;0;0;0
FR;4;2021-03-20;0;0;0;0
FR;4;2021-03-21;0;0;0;0
FR;4;2021-03-22;0;0;0;0
FR;4;2021-03-23;0;0;0;0
FR;4;2021-03-24;0;0;0;0
FR;4;2021-03-25;0;0;0;0
FR;4;2021-03-26;0;0;0;0
FR;4;2021-03-27;0;0;0;0
FR;4;2021-03-28;0;0;0;0
FR;4;2021-03-29;0;0;0;0
FR;4;2021-03-30;0;0;0;0
FR;4;2021-03-31;0;0;0;0
FR;4;2021-04-01;0;0;0;0
FR;4;2021-04-02;0;0;0;0
FR;4;2021-04-03;0;0;0;0
FR;4;2021-04-04;0;0;0;0
FR;4;2021-04-05;0;0;0;0
FR;4;2021-04-06;0;0;0;0
FR;4;2021-04-07;0;0;0;0
FR;4;2021-04-08;0;0;0;0
FR;4;2021-04-09;0;0;0;0
FR;4;2021-04-10;0;0;0;0
FR;4;2021-04-11;0;0;0;0
FR;4;2021-04-12;0;0;0;0
FR;4;2021-04-13;0;0;0;0
FR;4;2021-04-14;0;0;0;0
FR;4;2021-04-15;0;0;0;0
FR;4;2021-04-16;0;0;0;0
FR;4;2021-04-17;0;0;0;0
FR;4;2021-04-18;0;0;0;0
FR;4;2021-04-19;0;0;0;0
FR;4;2021-04-20;0;0;0;0
FR;4;2021-04-21;0;0;0;0
FR;4;2021-04-22;0;0;0;0
FR;4;2021-04-23;487;0;487;0
FR;4;2021-04-24;1554;0;2041;0
FR;4;2021-04-25;117;0;2158;0
FR;4;2021-04-26;2818;0;4976;0
FR;4;2021-04-27;9346;3;14322;3
FR;4;2021-04-28;9738;3;24060;6
FR;4;2021-04-29;15830;7;39890;13
FR;4;2021-04-30;19002;7;58892;20
FR;4;2021-05-01;1873;5;60765;25
FR;4;2021-05-02;428;0;61193;25
FR;4;2021-05-03;4892;1;66085;26
FR;4;2021-05-04;8221;8;74306;34
FR;4;2021-05-05;5961;7;80267;41
FR;4;2021-05-06;11175;13;91442;54
FR;4;2021-05-07;18787;10;110229;64
FR;4;2021-05-08;2205;4;112434;68
FR;4;2021-05-09;612;2;113046;70
FR;4;2021-05-10;7001;11;120047;81
FR;4;2021-05-11;13916;11;133963;92
FR;4;2021-05-12;9571;13;143534;105
FR;0;2020-12-27;20;0;20;0
FR;0;2020-12-28;62;0;82;0
FR;0;2020-12-29;108;0;190;0
FR;0;2020-12-30;119;0;309;0
FR;0;2020-12-31;83;0;392;0
FR;0;2021-01-01;65;0;457;0
FR;0;2021-01-02;75;0;532;0
FR;0;2021-01-03;87;0;619;0
FR;0;2021-01-04;1468;0;2087;0
FR;0;2021-01-05;5374;0;7461;0
FR;0;2021-01-06;11272;0;18733;0
FR;0;2021-01-07;28512;0;47245;0
FR;0;2021-01-08;36017;0;83262;0
FR;0;2021-01-09;10878;0;94140;0
FR;0;2021-01-10;5601;0;99741;0
FR;0;2021-01-11;38821;0;138562;0
FR;0;2021-01-12;60578;0;199140;0
FR;0;2021-01-13;63528;0;262668;0
FR;0;2021-01-14;79621;0;342289;0
FR;0;2021-01-15;67146;0;409435;0
FR;0;2021-01-16;19593;78;429028;78
FR;0;2021-01-17;10449;42;439477;120
FR;0;2021-01-18;84219;163;523696;283
FR;0;2021-01-19;128122;127;651818;410
FR;0;2021-01-20;134758;159;786576;569
FR;0;2021-01-21;154813;135;941389;704
FR;0;2021-01-22;118177;162;1059566;866
FR;0;2021-01-23;37744;50;1097310;916
FR;0;2021-01-24;9330;27;1106640;943
FR;0;2021-01-25;76639;1218;1183279;2161
FR;0;2021-01-26;98564;3110;1281843;5271
FR;0;2021-01-27;105443;5597;1387286;10868
FR;0;2021-01-28;121999;14360;1509285;25228
FR;0;2021-01-29;90702;17293;1599987;42521
FR;0;2021-01-30;28619;4225;1628606;46746
FR;0;2021-01-31;4862;1679;1633468;48425
FR;0;2021-02-01;51402;21128;1684870;69553
FR;0;2021-02-02;70397;34568;1755267;104121
FR;0;2021-02-03;70828;36960;1826095;141081
FR;0;2021-02-04;80182;50060;1906277;191141
FR;0;2021-02-05;66850;45341;1973127;236482
FR;0;2021-02-06;21256;10399;1994383;246881
FR;0;2021-02-07;4826;5041;1999209;251922
FR;0;2021-02-08;45770;45993;2044979;297915
FR;0;2021-02-09;64631;72407;2109610;370322
FR;0;2021-02-10;69103;76695;2178713;447017
FR;0;2021-02-11;85295;99144;2264008;546161
FR;0;2021-02-12;77459;74276;2341467;620437
FR;0;2021-02-13;21589;19492;2363056;639929
FR;0;2021-02-14;4563;7190;2367619;647119
FR;0;2021-02-15;36864;76507;2404483;723626
FR;0;2021-02-16;49076;100745;2453559;824371
FR;0;2021-02-17;49189;102971;2502748;927342
FR;0;2021-02-18;67528;118562;2570276;1045904
FR;0;2021-02-19;63422;90735;2633698;1136639
FR;0;2021-02-20;17906;28428;2651604;1165067
FR;0;2021-02-21;2841;6373;2654445;1171440
FR;0;2021-02-22;36269;73137;2690714;1244577
FR;0;2021-02-23;52246;84058;2742960;1328635
FR;0;2021-02-24;57787;81129;2800747;1409764
FR;0;2021-02-25;97868;91420;2898615;1501184
FR;0;2021-02-26;111040;71011;3009655;1572195
FR;0;2021-02-27;50771;21980;3060426;1594175
FR;0;2021-02-28;5636;4414;3066062;1598589
FR;0;2021-03-01;63074;52804;3129136;1651393
FR;0;2021-03-02;98701;66246;3227837;1717639
FR;0;2021-03-03;112702;65551;3340539;1783190
FR;0;2021-03-04;158662;68881;3499201;1852071
FR;0;2021-03-05;196226;63393;3695427;1915464
FR;0;2021-03-06;202721;17824;3898148;1933288
FR;0;2021-03-07;118965;5481;4017113;1938769
FR;0;2021-03-08;104083;50808;4121196;1989577
FR;0;2021-03-09;168483;56778;4289679;2046355
FR;0;2021-03-10;174411;57215;4464090;2103570
FR;0;2021-03-11;237627;63118;4701717;2166688
FR;0;2021-03-12;289005;53506;4990722;2220194
FR;0;2021-03-13;226536;15284;5217258;2235478
FR;0;2021-03-14;61955;3437;5279213;2238915
FR;0;2021-03-15;154897;32673;5434110;2271588
FR;0;2021-03-16;138980;39541;5573090;2311129
FR;0;2021-03-17;147587;38826;5720677;2349955
FR;0;2021-03-18;164562;44664;5885239;2394619
FR;0;2021-03-19;225671;37486;6110910;2432105
FR;0;2021-03-20;163986;11787;6274896;2443892
FR;0;2021-03-21;48671;2628;6323567;2446520
FR;0;2021-03-22;166529;34300;6490096;2480820
FR;0;2021-03-23;245840;42406;6735936;2523226
FR;0;2021-03-24;252368;43869;6988304;2567095
FR;0;2021-03-25;336186;44754;7324490;2611849
FR;0;2021-03-26;353468;41911;7677958;2653760
FR;0;2021-03-27;192314;16653;7870272;2670413
FR;0;2021-03-28;58228;3737;7928500;2674150
FR;0;2021-03-29;199784;54310;8128284;2728460
FR;0;2021-03-30;280959;69686;8409243;2798146
FR;0;2021-03-31;258325;72951;8667568;2871097
FR;0;2021-04-01;308367;87852;8975935;2958949
FR;0;2021-04-02;276691;92127;9252626;3051076
FR;0;2021-04-03;138787;61876;9391413;3112952
FR;0;2021-04-04;44787;18665;9436200;3131617
FR;0;2021-04-05;58664;11009;9494864;3142626
FR;0;2021-04-06;212186;107897;9707050;3250523
FR;0;2021-04-07;255138;115503;9962188;3366026
FR;0;2021-04-08;331237;121458;10293425;3487484
FR;0;2021-04-09;402708;116530;10696133;3604014
FR;0;2021-04-10;209652;82763;10905785;3686777
FR;0;2021-04-11;54859;34603;10960644;3721380
FR;0;2021-04-12;232791;115247;11193435;3836627
FR;0;2021-04-13;303628;144998;11497063;3981625
FR;0;2021-04-14;287626;139445;11784689;4121070
FR;0;2021-04-15;328818;147886;12113507;4268956
FR;0;2021-04-16;332267;145795;12445774;4414751
FR;0;2021-04-17;184922;90278;12630696;4505029
FR;0;2021-04-18;50082;35432;12680778;4540461
FR;0;2021-04-19;200809;138428;12881587;4678889
FR;0;2021-04-20;248162;170790;13129749;4849679
FR;0;2021-04-21;245520;168873;13375269;5018552
FR;0;2021-04-22;280229;188302;13655498;5206854
FR;0;2021-04-23;287464;183307;13942962;5390161
FR;0;2021-04-24;186690;111605;14129652;5501766
FR;0;2021-04-25;67268;38887;14196920;5540653
FR;0;2021-04-26;213424;156140;14410344;5696793
FR;0;2021-04-27;278250;187562;14688594;5884355
FR;0;2021-04-28;291319;183253;14979913;6067608
FR;0;2021-04-29;345913;196193;15325826;6263801
FR;0;2021-04-30;361589;184897;15687415;6448698
FR;0;2021-05-01;158532;52554;15845947;6501252
FR;0;2021-05-02;88945;37847;15934892;6539099
FR;0;2021-05-03;277788;169755;16212680;6708854
FR;0;2021-05-04;304239;224394;16516919;6933248
FR;0;2021-05-05;313698;224597;16830617;7157845
FR;0;2021-05-06;366305;239281;17196922;7397126
FR;0;2021-05-07;359825;257422;17556747;7654548
FR;0;2021-05-08;195300;66946;17752047;7721494
FR;0;2021-05-09;126993;46785;17879040;7768279
FR;0;2021-05-10;296413;229086;18175453;7997365
FR;0;2021-05-11;388551;258281;18564004;8255646
FR;0;2021-05-12;402767;233331;18966771;8488977
