fra;clage_vacsi;jour;n_dose1;n_complet;n_cum_dose1;n_cum_complet;couv_dose1;couv_complet
FR;24;2020-12-27;0;0;0;0;0.0;0.0
FR;24;2020-12-28;0;0;0;0;0.0;0.0
FR;24;2020-12-29;0;0;0;0;0.0;0.0
FR;24;2020-12-30;0;0;0;0;0.0;0.0
FR;24;2020-12-31;0;0;0;0;0.0;0.0
FR;24;2021-01-01;1;0;1;0;0.0;0.0
FR;24;2021-01-02;0;0;1;0;0.0;0.0
FR;24;2021-01-03;2;0;3;0;0.0;0.0
FR;24;2021-01-04;4;0;7;0;0.0;0.0
FR;24;2021-01-05;17;0;24;0;0.0;0.0
FR;24;2021-01-06;36;0;60;0;0.0;0.0
FR;24;2021-01-07;179;0;239;0;0.0;0.0
FR;24;2021-01-08;216;0;455;0;0.0;0.0
FR;24;2021-01-09;40;0;495;0;0.0;0.0
FR;24;2021-01-10;35;0;530;0;0.0;0.0
FR;24;2021-01-11;249;0;779;0;0.0;0.0
FR;24;2021-01-12;394;0;1173;0;0.0;0.0
FR;24;2021-01-13;474;1;1647;1;0.0;0.0
FR;24;2021-01-14;607;0;2254;1;0.0;0.0
FR;24;2021-01-15;584;0;2838;1;0.1;0.0
FR;24;2021-01-16;116;4;2954;5;0.1;0.0
FR;24;2021-01-17;94;0;3048;5;0.1;0.0
FR;24;2021-01-18;506;1;3554;6;0.1;0.0
FR;24;2021-01-19;593;1;4147;7;0.1;0.0
FR;24;2021-01-20;648;0;4795;7;0.1;0.0
FR;24;2021-01-21;748;2;5543;9;0.1;0.0
FR;24;2021-01-22;597;4;6140;13;0.1;0.0
FR;24;2021-01-23;116;0;6256;13;0.1;0.0
FR;24;2021-01-24;22;1;6278;14;0.1;0.0
FR;24;2021-01-25;293;4;6571;18;0.1;0.0
FR;24;2021-01-26;357;12;6928;30;0.1;0.0
FR;24;2021-01-27;440;14;7368;44;0.1;0.0
FR;24;2021-01-28;593;54;7961;98;0.1;0.0
FR;24;2021-01-29;466;95;8427;193;0.2;0.0
FR;24;2021-01-30;86;17;8513;210;0.2;0.0
FR;24;2021-01-31;25;13;8538;223;0.2;0.0
FR;24;2021-02-01;155;152;8693;375;0.2;0.0
FR;24;2021-02-02;213;205;8906;580;0.2;0.0
FR;24;2021-02-03;215;227;9121;807;0.2;0.0
FR;24;2021-02-04;357;410;9478;1217;0.2;0.0
FR;24;2021-02-05;342;359;9820;1576;0.2;0.0
FR;24;2021-02-06;82;64;9902;1640;0.2;0.0
FR;24;2021-02-07;168;43;10070;1683;0.2;0.0
FR;24;2021-02-08;388;405;10458;2088;0.2;0.0
FR;24;2021-02-09;739;513;11197;2601;0.2;0.0
FR;24;2021-02-10;1068;680;12265;3281;0.2;0.1
FR;24;2021-02-11;1557;796;13822;4077;0.3;0.1
FR;24;2021-02-12;1593;566;15415;4643;0.3;0.1
FR;24;2021-02-13;289;82;15704;4725;0.3;0.1
FR;24;2021-02-14;58;23;15762;4748;0.3;0.1
FR;24;2021-02-15;1021;366;16783;5114;0.3;0.1
FR;24;2021-02-16;1543;446;18326;5560;0.3;0.1
FR;24;2021-02-17;1477;500;19803;6060;0.4;0.1
FR;24;2021-02-18;1906;656;21709;6716;0.4;0.1
FR;24;2021-02-19;1839;550;23548;7266;0.4;0.1
FR;24;2021-02-20;324;74;23872;7340;0.4;0.1
FR;24;2021-02-21;38;11;23910;7351;0.4;0.1
FR;24;2021-02-22;1144;239;25054;7590;0.5;0.1
FR;24;2021-02-23;1557;325;26611;7915;0.5;0.1
FR;24;2021-02-24;1638;317;28249;8232;0.5;0.2
FR;24;2021-02-25;2239;391;30488;8623;0.6;0.2
FR;24;2021-02-26;2150;328;32638;8951;0.6;0.2
FR;24;2021-02-27;525;85;33163;9036;0.6;0.2
FR;24;2021-02-28;90;13;33253;9049;0.6;0.2
FR;24;2021-03-01;1233;190;34486;9239;0.6;0.2
FR;24;2021-03-02;1633;283;36119;9522;0.7;0.2
FR;24;2021-03-03;1734;300;37853;9822;0.7;0.2
FR;24;2021-03-04;2083;509;39936;10331;0.7;0.2
FR;24;2021-03-05;3241;396;43177;10727;0.8;0.2
FR;24;2021-03-06;1688;84;44865;10811;0.8;0.2
FR;24;2021-03-07;972;16;45837;10827;0.8;0.2
FR;24;2021-03-08;1941;157;47778;10984;0.9;0.2
FR;24;2021-03-09;2582;230;50360;11214;0.9;0.2
FR;24;2021-03-10;2392;291;52752;11505;1.0;0.2
FR;24;2021-03-11;2887;452;55639;11957;1.0;0.2
FR;24;2021-03-12;3788;358;59427;12315;1.1;0.2
FR;24;2021-03-13;1464;67;60891;12382;1.1;0.2
FR;24;2021-03-14;529;20;61420;12402;1.1;0.2
FR;24;2021-03-15;1815;176;63235;12578;1.2;0.2
FR;24;2021-03-16;820;272;64055;12850;1.2;0.2
FR;24;2021-03-17;1066;309;65121;13159;1.2;0.2
FR;24;2021-03-18;1294;398;66415;13557;1.2;0.2
FR;24;2021-03-19;1858;330;68273;13887;1.3;0.3
FR;24;2021-03-20;824;72;69097;13959;1.3;0.3
FR;24;2021-03-21;631;34;69728;13993;1.3;0.3
FR;24;2021-03-22;1492;238;71220;14231;1.3;0.3
FR;24;2021-03-23;1790;364;73010;14595;1.3;0.3
FR;24;2021-03-24;2145;333;75155;14928;1.4;0.3
FR;24;2021-03-25;2552;447;77707;15375;1.4;0.3
FR;24;2021-03-26;3143;445;80850;15820;1.5;0.3
FR;24;2021-03-27;1880;175;82730;15995;1.5;0.3
FR;24;2021-03-28;1008;55;83738;16050;1.5;0.3
FR;24;2021-03-29;2372;321;86110;16371;1.6;0.3
FR;24;2021-03-30;3515;470;89625;16841;1.7;0.3
FR;24;2021-03-31;4016;466;93641;17307;1.7;0.3
FR;24;2021-04-01;5303;686;98944;17993;1.8;0.3
FR;24;2021-04-02;4368;585;103312;18578;1.9;0.3
FR;24;2021-04-03;1719;316;105031;18894;1.9;0.3
FR;24;2021-04-04;951;117;105982;19011;2.0;0.4
FR;24;2021-04-05;1083;123;107065;19134;2.0;0.4
FR;24;2021-04-06;3430;577;110495;19711;2.0;0.4
FR;24;2021-04-07;4682;736;115177;20447;2.1;0.4
FR;24;2021-04-08;6170;1048;121347;21495;2.2;0.4
FR;24;2021-04-09;5628;980;126975;22475;2.3;0.4
FR;24;2021-04-10;2603;527;129578;23002;2.4;0.4
FR;24;2021-04-11;1237;292;130815;23294;2.4;0.4
FR;24;2021-04-12;3341;896;134156;24190;2.5;0.4
FR;24;2021-04-13;4636;1073;138792;25263;2.6;0.5
FR;24;2021-04-14;4738;1283;143530;26546;2.6;0.5
FR;24;2021-04-15;5001;1560;148531;28106;2.7;0.5
FR;24;2021-04-16;4657;1670;153188;29776;2.8;0.5
FR;24;2021-04-17;2086;807;155274;30583;2.9;0.6
FR;24;2021-04-18;713;485;155987;31068;2.9;0.6
FR;24;2021-04-19;2868;1541;158855;32609;2.9;0.6
FR;24;2021-04-20;3032;2221;161887;34830;3.0;0.6
FR;24;2021-04-21;3315;2575;165202;37405;3.0;0.7
FR;24;2021-04-22;3934;3297;169136;40702;3.1;0.8
FR;24;2021-04-23;4023;3379;173159;44081;3.2;0.8
FR;24;2021-04-24;2354;1648;175513;45729;3.2;0.8
FR;24;2021-04-25;1201;848;176714;46577;3.3;0.9
FR;24;2021-04-26;2973;2349;179687;48926;3.3;0.9
FR;24;2021-04-27;3780;3221;183467;52147;3.4;1.0
FR;24;2021-04-28;4151;3670;187618;55817;3.5;1.0
FR;24;2021-04-29;5141;4267;192759;60084;3.6;1.1
FR;24;2021-04-30;5793;4378;198552;64462;3.7;1.2
FR;24;2021-05-01;3609;1020;202161;65482;3.7;1.2
FR;24;2021-05-02;2673;853;204834;66335;3.8;1.2
FR;24;2021-05-03;5911;2860;210745;69195;3.9;1.3
FR;29;2020-12-27;0;0;0;0;0.0;0.0
FR;29;2020-12-28;1;0;1;0;0.0;0.0
FR;29;2020-12-29;0;0;1;0;0.0;0.0
FR;29;2020-12-30;0;0;1;0;0.0;0.0
FR;29;2020-12-31;0;0;1;0;0.0;0.0
FR;29;2021-01-01;2;0;3;0;0.0;0.0
FR;29;2021-01-02;2;0;5;0;0.0;0.0
FR;29;2021-01-03;2;0;7;0;0.0;0.0
FR;29;2021-01-04;10;0;17;0;0.0;0.0
FR;29;2021-01-05;42;0;59;0;0.0;0.0
FR;29;2021-01-06;142;0;201;0;0.0;0.0
FR;29;2021-01-07;305;0;506;0;0.0;0.0
FR;29;2021-01-08;514;0;1020;0;0.0;0.0
FR;29;2021-01-09;112;0;1132;0;0.0;0.0
FR;29;2021-01-10;91;0;1223;0;0.0;0.0
FR;29;2021-01-11;640;0;1863;0;0.1;0.0
FR;29;2021-01-12;922;2;2785;2;0.1;0.0
FR;29;2021-01-13;1202;2;3987;4;0.1;0.0
FR;29;2021-01-14;1549;2;5536;6;0.1;0.0
FR;29;2021-01-15;1295;1;6831;7;0.2;0.0
FR;29;2021-01-16;191;9;7022;16;0.2;0.0
FR;29;2021-01-17;158;0;7180;16;0.2;0.0
FR;29;2021-01-18;1038;2;8218;18;0.2;0.0
FR;29;2021-01-19;1141;4;9359;22;0.3;0.0
FR;29;2021-01-20;1188;2;10547;24;0.3;0.0
FR;29;2021-01-21;1443;4;11990;28;0.3;0.0
FR;29;2021-01-22;1138;2;13128;30;0.4;0.0
FR;29;2021-01-23;166;0;13294;30;0.4;0.0
FR;29;2021-01-24;51;1;13345;31;0.4;0.0
FR;29;2021-01-25;531;12;13876;43;0.4;0.0
FR;29;2021-01-26;654;34;14530;77;0.4;0.0
FR;29;2021-01-27;716;72;15246;149;0.4;0.0
FR;29;2021-01-28;1028;140;16274;289;0.4;0.0
FR;29;2021-01-29;797;178;17071;467;0.5;0.0
FR;29;2021-01-30;140;39;17211;506;0.5;0.0
FR;29;2021-01-31;33;33;17244;539;0.5;0.0
FR;29;2021-02-01;260;321;17504;860;0.5;0.0
FR;29;2021-02-02;402;446;17906;1306;0.5;0.0
FR;29;2021-02-03;452;532;18358;1838;0.5;0.0
FR;29;2021-02-04;602;819;18960;2657;0.5;0.1
FR;29;2021-02-05;528;811;19488;3468;0.5;0.1
FR;29;2021-02-06;140;116;19628;3584;0.5;0.1
FR;29;2021-02-07;304;76;19932;3660;0.5;0.1
FR;29;2021-02-08;598;889;20530;4549;0.6;0.1
FR;29;2021-02-09;1240;1170;21770;5719;0.6;0.2
FR;29;2021-02-10;1691;1345;23461;7064;0.6;0.2
FR;29;2021-02-11;2435;1611;25896;8675;0.7;0.2
FR;29;2021-02-12;2183;1253;28079;9928;0.8;0.3
FR;29;2021-02-13;421;126;28500;10054;0.8;0.3
FR;29;2021-02-14;129;60;28629;10114;0.8;0.3
FR;29;2021-02-15;1546;794;30175;10908;0.8;0.3
FR;29;2021-02-16;1896;923;32071;11831;0.9;0.3
FR;29;2021-02-17;1866;968;33937;12799;0.9;0.3
FR;29;2021-02-18;2361;1207;36298;14006;1.0;0.4
FR;29;2021-02-19;2306;928;38604;14934;1.0;0.4
FR;29;2021-02-20;379;98;38983;15032;1.0;0.4
FR;29;2021-02-21;86;24;39069;15056;1.1;0.4
FR;29;2021-02-22;1338;462;40407;15518;1.1;0.4
FR;29;2021-02-23;1743;623;42150;16141;1.1;0.4
FR;29;2021-02-24;1771;511;43921;16652;1.2;0.4
FR;29;2021-02-25;2365;773;46286;17425;1.2;0.5
FR;29;2021-02-26;2546;582;48832;18007;1.3;0.5
FR;29;2021-02-27;600;95;49432;18102;1.3;0.5
FR;29;2021-02-28;111;28;49543;18130;1.3;0.5
FR;29;2021-03-01;1261;305;50804;18435;1.4;0.5
FR;29;2021-03-02;1772;531;52576;18966;1.4;0.5
FR;29;2021-03-03;1960;505;54536;19471;1.5;0.5
FR;29;2021-03-04;2427;758;56963;20229;1.5;0.5
FR;29;2021-03-05;3568;589;60531;20818;1.6;0.6
FR;29;2021-03-06;1603;98;62134;20916;1.7;0.6
FR;29;2021-03-07;818;31;62952;20947;1.7;0.6
FR;29;2021-03-08;1924;284;64876;21231;1.7;0.6
FR;29;2021-03-09;2622;348;67498;21579;1.8;0.6
FR;29;2021-03-10;2510;438;70008;22017;1.9;0.6
FR;29;2021-03-11;3295;710;73303;22727;2.0;0.6
FR;29;2021-03-12;3914;626;77217;23353;2.1;0.6
FR;29;2021-03-13;1611;88;78828;23441;2.1;0.6
FR;29;2021-03-14;560;30;79388;23471;2.1;0.6
FR;29;2021-03-15;1867;259;81255;23730;2.2;0.6
FR;29;2021-03-16;1109;444;82364;24174;2.2;0.7
FR;29;2021-03-17;1368;489;83732;24663;2.3;0.7
FR;29;2021-03-18;1637;591;85369;25254;2.3;0.7
FR;29;2021-03-19;2215;477;87584;25731;2.4;0.7
FR;29;2021-03-20;987;104;88571;25835;2.4;0.7
FR;29;2021-03-21;724;31;89295;25866;2.4;0.7
FR;29;2021-03-22;1650;330;90945;26196;2.4;0.7
FR;29;2021-03-23;2197;540;93142;26736;2.5;0.7
FR;29;2021-03-24;2517;497;95659;27233;2.6;0.7
FR;29;2021-03-25;3358;618;99017;27851;2.7;0.7
FR;29;2021-03-26;3699;599;102716;28450;2.8;0.8
FR;29;2021-03-27;2137;216;104853;28666;2.8;0.8
FR;29;2021-03-28;962;51;105815;28717;2.8;0.8
FR;29;2021-03-29;2688;453;108503;29170;2.9;0.8
FR;29;2021-03-30;3895;644;112398;29814;3.0;0.8
FR;29;2021-03-31;4379;709;116777;30523;3.1;0.8
FR;29;2021-04-01;5755;930;122532;31453;3.3;0.8
FR;29;2021-04-02;4818;836;127350;32289;3.4;0.9
FR;29;2021-04-03;1744;291;129094;32580;3.5;0.9
FR;29;2021-04-04;895;108;129989;32688;3.5;0.9
FR;29;2021-04-05;911;95;130900;32783;3.5;0.9
FR;29;2021-04-06;3389;750;134289;33533;3.6;0.9
FR;29;2021-04-07;4425;1009;138714;34542;3.7;0.9
FR;29;2021-04-08;6097;1364;144811;35906;3.9;1.0
FR;29;2021-04-09;6154;1220;150965;37126;4.1;1.0
FR;29;2021-04-10;2624;576;153589;37702;4.1;1.0
FR;29;2021-04-11;1153;314;154742;38016;4.2;1.0
FR;29;2021-04-12;3507;967;158249;38983;4.3;1.0
FR;29;2021-04-13;4729;1397;162978;40380;4.4;1.1
FR;29;2021-04-14;4606;1483;167584;41863;4.5;1.1
FR;29;2021-04-15;5401;1820;172985;43683;4.7;1.2
FR;29;2021-04-16;4636;1859;177621;45542;4.8;1.2
FR;29;2021-04-17;2195;908;179816;46450;4.8;1.2
FR;29;2021-04-18;757;526;180573;46976;4.9;1.3
FR;29;2021-04-19;2794;1777;183367;48753;4.9;1.3
FR;29;2021-04-20;3397;2556;186764;51309;5.0;1.4
FR;29;2021-04-21;3332;2908;190096;54217;5.1;1.5
FR;29;2021-04-22;4335;4042;194431;58259;5.2;1.6
FR;29;2021-04-23;4392;3829;198823;62088;5.3;1.7
FR;29;2021-04-24;2659;1791;201482;63879;5.4;1.7
FR;29;2021-04-25;1163;737;202645;64616;5.5;1.7
FR;29;2021-04-26;2853;2640;205498;67256;5.5;1.8
FR;29;2021-04-27;3872;3646;209370;70902;5.6;1.9
FR;29;2021-04-28;4431;3925;213801;74827;5.8;2.0
FR;29;2021-04-29;5535;4792;219336;79619;5.9;2.1
FR;29;2021-04-30;6068;4941;225404;84560;6.1;2.3
FR;29;2021-05-01;3881;1130;229285;85690;6.2;2.3
FR;29;2021-05-02;2546;867;231831;86557;6.2;2.3
FR;29;2021-05-03;6500;2921;238331;89478;6.4;2.4
FR;39;2020-12-27;0;0;0;0;0.0;0.0
FR;39;2020-12-28;0;0;0;0;0.0;0.0
FR;39;2020-12-29;1;0;1;0;0.0;0.0
FR;39;2020-12-30;3;0;4;0;0.0;0.0
FR;39;2020-12-31;1;0;5;0;0.0;0.0
FR;39;2021-01-01;4;0;9;0;0.0;0.0
FR;39;2021-01-02;0;0;9;0;0.0;0.0
FR;39;2021-01-03;2;0;11;0;0.0;0.0
FR;39;2021-01-04;23;0;34;0;0.0;0.0
FR;39;2021-01-05;138;0;172;0;0.0;0.0
FR;39;2021-01-06;384;0;556;0;0.0;0.0
FR;39;2021-01-07;1171;3;1727;3;0.0;0.0
FR;39;2021-01-08;1773;0;3500;3;0.0;0.0
FR;39;2021-01-09;472;0;3972;3;0.0;0.0
FR;39;2021-01-10;307;0;4279;3;0.1;0.0
FR;39;2021-01-11;2193;2;6472;5;0.1;0.0
FR;39;2021-01-12;3376;2;9848;7;0.1;0.0
FR;39;2021-01-13;3461;4;13309;11;0.2;0.0
FR;39;2021-01-14;4747;3;18056;14;0.2;0.0
FR;39;2021-01-15;4350;0;22406;14;0.3;0.0
FR;39;2021-01-16;768;55;23174;69;0.3;0.0
FR;39;2021-01-17;487;2;23661;71;0.3;0.0
FR;39;2021-01-18;3059;10;26720;81;0.3;0.0
FR;39;2021-01-19;3975;9;30695;90;0.4;0.0
FR;39;2021-01-20;3872;5;34567;95;0.4;0.0
FR;39;2021-01-21;5095;15;39662;110;0.5;0.0
FR;39;2021-01-22;3909;13;43571;123;0.5;0.0
FR;39;2021-01-23;587;3;44158;126;0.5;0.0
FR;39;2021-01-24;181;0;44339;126;0.5;0.0
FR;39;2021-01-25;1579;42;45918;168;0.6;0.0
FR;39;2021-01-26;2144;101;48062;269;0.6;0.0
FR;39;2021-01-27;2270;233;50332;502;0.6;0.0
FR;39;2021-01-28;3460;540;53792;1042;0.6;0.0
FR;39;2021-01-29;2663;772;56455;1814;0.7;0.0
FR;39;2021-01-30;393;219;56848;2033;0.7;0.0
FR;39;2021-01-31;89;84;56937;2117;0.7;0.0
FR;39;2021-02-01;745;1176;57682;3293;0.7;0.0
FR;39;2021-02-02;1319;1889;59001;5182;0.7;0.1
FR;39;2021-02-03;1344;1834;60345;7016;0.7;0.1
FR;39;2021-02-04;1952;2949;62297;9965;0.8;0.1
FR;39;2021-02-05;1624;3016;63921;12981;0.8;0.2
FR;39;2021-02-06;391;453;64312;13434;0.8;0.2
FR;39;2021-02-07;551;259;64863;13693;0.8;0.2
FR;39;2021-02-08;1498;2573;66361;16266;0.8;0.2
FR;39;2021-02-09;3146;3800;69507;20066;0.8;0.2
FR;39;2021-02-10;3826;3996;73333;24062;0.9;0.3
FR;39;2021-02-11;6097;5534;79430;29596;1.0;0.4
FR;39;2021-02-12;5724;4174;85154;33770;1.0;0.4
FR;39;2021-02-13;1223;497;86377;34267;1.0;0.4
FR;39;2021-02-14;381;216;86758;34483;1.0;0.4
FR;39;2021-02-15;3356;2331;90114;36814;1.1;0.4
FR;39;2021-02-16;4373;2838;94487;39652;1.1;0.5
FR;39;2021-02-17;3955;2902;98442;42554;1.2;0.5
FR;39;2021-02-18;5900;4110;104342;46664;1.3;0.6
FR;39;2021-02-19;5767;3062;110109;49726;1.3;0.6
FR;39;2021-02-20;1125;405;111234;50131;1.3;0.6
FR;39;2021-02-21;183;78;111417;50209;1.3;0.6
FR;39;2021-02-22;2938;1440;114355;51649;1.4;0.6
FR;39;2021-02-23;3851;1777;118206;53426;1.4;0.6
FR;39;2021-02-24;3673;1649;121879;55075;1.5;0.7
FR;39;2021-02-25;5508;2238;127387;57313;1.5;0.7
FR;39;2021-02-26;6027;1737;133414;59050;1.6;0.7
FR;39;2021-02-27;1639;273;135053;59323;1.6;0.7
FR;39;2021-02-28;239;76;135292;59399;1.6;0.7
FR;39;2021-03-01;2894;875;138186;60274;1.7;0.7
FR;39;2021-03-02;4172;1556;142358;61830;1.7;0.7
FR;39;2021-03-03;4182;1374;146540;63204;1.8;0.8
FR;39;2021-03-04;6177;2441;152717;65645;1.8;0.8
FR;39;2021-03-05;9037;1887;161754;67532;1.9;0.8
FR;39;2021-03-06;4847;285;166601;67817;2.0;0.8
FR;39;2021-03-07;2629;69;169230;67886;2.0;0.8
FR;39;2021-03-08;4637;806;173867;68692;2.1;0.8
FR;39;2021-03-09;6795;1254;180662;69946;2.2;0.8
FR;39;2021-03-10;6007;1374;186669;71320;2.3;0.9
FR;39;2021-03-11;8565;2264;195234;73584;2.4;0.9
FR;39;2021-03-12;11315;1865;206549;75449;2.5;0.9
FR;39;2021-03-13;5189;309;211738;75758;2.6;0.9
FR;39;2021-03-14;1733;60;213471;75818;2.6;0.9
FR;39;2021-03-15;4736;810;218207;76628;2.6;0.9
FR;39;2021-03-16;3339;1251;221546;77879;2.7;0.9
FR;39;2021-03-17;3423;1327;224969;79206;2.7;1.0
FR;39;2021-03-18;4622;1865;229591;81071;2.8;1.0
FR;39;2021-03-19;6215;1408;235806;82479;2.8;1.0
FR;39;2021-03-20;3160;295;238966;82774;2.9;1.0
FR;39;2021-03-21;2066;89;241032;82863;2.9;1.0
FR;39;2021-03-22;4422;928;245454;83791;3.0;1.0
FR;39;2021-03-23;6131;1466;251585;85257;3.0;1.0
FR;39;2021-03-24;6270;1220;257855;86477;3.1;1.0
FR;39;2021-03-25;8994;1594;266849;88071;3.2;1.1
FR;39;2021-03-26;10574;1476;277423;89547;3.3;1.1
FR;39;2021-03-27;5972;572;283395;90119;3.4;1.1
FR;39;2021-03-28;2730;161;286125;90280;3.4;1.1
FR;39;2021-03-29;7039;1090;293164;91370;3.5;1.1
FR;39;2021-03-30;10368;1689;303532;93059;3.7;1.1
FR;39;2021-03-31;10957;1663;314489;94722;3.8;1.1
FR;39;2021-04-01;14750;2499;329239;97221;4.0;1.2
FR;39;2021-04-02;13104;2365;342343;99586;4.1;1.2
FR;39;2021-04-03;5553;980;347896;100566;4.2;1.2
FR;39;2021-04-04;2510;325;350406;100891;4.2;1.2
FR;39;2021-04-05;2515;273;352921;101164;4.3;1.2
FR;39;2021-04-06;9020;2339;361941;103503;4.4;1.2
FR;39;2021-04-07;11966;2589;373907;106092;4.5;1.3
FR;39;2021-04-08;16426;3555;390333;109647;4.7;1.3
FR;39;2021-04-09;16546;3411;406879;113058;4.9;1.4
FR;39;2021-04-10;7357;1855;414236;114913;5.0;1.4
FR;39;2021-04-11;2963;917;417199;115830;5.0;1.4
FR;39;2021-04-12;9457;2658;426656;118488;5.1;1.4
FR;39;2021-04-13;12670;3783;439326;122271;5.3;1.5
FR;39;2021-04-14;12517;3810;451843;126081;5.4;1.5
FR;39;2021-04-15;14326;4817;466169;130898;5.6;1.6
FR;39;2021-04-16;12428;5315;478597;136213;5.8;1.6
FR;39;2021-04-17;6015;2714;484612;138927;5.8;1.7
FR;39;2021-04-18;2228;1565;486840;140492;5.9;1.7
FR;39;2021-04-19;7751;4682;494591;145174;6.0;1.8
FR;39;2021-04-20;9180;6844;503771;152018;6.1;1.8
FR;39;2021-04-21;9968;7430;513739;159448;6.2;1.9
FR;39;2021-04-22;11557;10683;525296;170131;6.3;2.1
FR;39;2021-04-23;11719;10645;537015;180776;6.5;2.2
FR;39;2021-04-24;7727;4988;544742;185764;6.6;2.2
FR;39;2021-04-25;3409;2160;548151;187924;6.6;2.3
FR;39;2021-04-26;8310;7259;556461;195183;6.7;2.4
FR;39;2021-04-27;11529;9540;567990;204723;6.8;2.5
FR;39;2021-04-28;12761;9818;580751;214541;7.0;2.6
FR;39;2021-04-29;16313;12558;597064;227099;7.2;2.7
FR;39;2021-04-30;18777;12819;615841;239918;7.4;2.9
FR;39;2021-05-01;12712;3363;628553;243281;7.6;2.9
FR;39;2021-05-02;9168;2386;637721;245667;7.7;3.0
FR;39;2021-05-03;21457;8418;659178;254085;7.9;3.1
FR;49;2020-12-27;1;0;1;0;0.0;0.0
FR;49;2020-12-28;1;0;2;0;0.0;0.0
FR;49;2020-12-29;1;0;3;0;0.0;0.0
FR;49;2020-12-30;6;0;9;0;0.0;0.0
FR;49;2020-12-31;1;0;10;0;0.0;0.0
FR;49;2021-01-01;3;0;13;0;0.0;0.0
FR;49;2021-01-02;9;0;22;0;0.0;0.0
FR;49;2021-01-03;4;0;26;0;0.0;0.0
FR;49;2021-01-04;85;0;111;0;0.0;0.0
FR;49;2021-01-05;331;0;442;0;0.0;0.0
FR;49;2021-01-06;853;1;1295;1;0.0;0.0
FR;49;2021-01-07;2149;2;3444;3;0.0;0.0
FR;49;2021-01-08;3333;2;6777;5;0.1;0.0
FR;49;2021-01-09;997;0;7774;5;0.1;0.0
FR;49;2021-01-10;473;0;8247;5;0.1;0.0
FR;49;2021-01-11;4139;3;12386;8;0.1;0.0
FR;49;2021-01-12;5817;3;18203;11;0.2;0.0
FR;49;2021-01-13;6117;1;24320;12;0.3;0.0
FR;49;2021-01-14;8298;7;32618;19;0.4;0.0
FR;49;2021-01-15;7557;3;40175;22;0.5;0.0
FR;49;2021-01-16;1415;74;41590;96;0.5;0.0
FR;49;2021-01-17;619;3;42209;99;0.5;0.0
FR;49;2021-01-18;5042;10;47251;109;0.5;0.0
FR;49;2021-01-19;6766;7;54017;116;0.6;0.0
FR;49;2021-01-20;6582;11;60599;127;0.7;0.0
FR;49;2021-01-21;8324;15;68923;142;0.8;0.0
FR;49;2021-01-22;6217;21;75140;163;0.9;0.0
FR;49;2021-01-23;1007;8;76147;171;0.9;0.0
FR;49;2021-01-24;280;3;76427;174;0.9;0.0
FR;49;2021-01-25;2590;102;79017;276;0.9;0.0
FR;49;2021-01-26;3689;238;82706;514;1.0;0.0
FR;49;2021-01-27;3961;444;86667;958;1.0;0.0
FR;49;2021-01-28;5503;1111;92170;2069;1.1;0.0
FR;49;2021-01-29;4375;1717;96545;3786;1.1;0.0
FR;49;2021-01-30;688;393;97233;4179;1.1;0.0
FR;49;2021-01-31;137;143;97370;4322;1.1;0.1
FR;49;2021-02-01;1358;2349;98728;6671;1.1;0.1
FR;49;2021-02-02;2253;3659;100981;10330;1.2;0.1
FR;49;2021-02-03;2284;3673;103265;14003;1.2;0.2
FR;49;2021-02-04;3312;5461;106577;19464;1.2;0.2
FR;49;2021-02-05;2754;5467;109331;24931;1.3;0.3
FR;49;2021-02-06;560;904;109891;25835;1.3;0.3
FR;49;2021-02-07;519;365;110410;26200;1.3;0.3
FR;49;2021-02-08;1922;4378;112332;30578;1.3;0.4
FR;49;2021-02-09;4310;6407;116642;36985;1.4;0.4
FR;49;2021-02-10;5419;6760;122061;43745;1.4;0.5
FR;49;2021-02-11;7895;8911;129956;52656;1.5;0.6
FR;49;2021-02-12;7221;6709;137177;59365;1.6;0.7
FR;49;2021-02-13;1676;909;138853;60274;1.6;0.7
FR;49;2021-02-14;400;349;139253;60623;1.6;0.7
FR;49;2021-02-15;4074;3707;143327;64330;1.7;0.7
FR;49;2021-02-16;5333;4772;148660;69102;1.7;0.8
FR;49;2021-02-17;5091;4854;153751;73956;1.8;0.9
FR;49;2021-02-18;7368;6408;161119;80364;1.9;0.9
FR;49;2021-02-19;6981;4964;168100;85328;2.0;1.0
FR;49;2021-02-20;1469;665;169569;85993;2.0;1.0
FR;49;2021-02-21;275;149;169844;86142;2.0;1.0
FR;49;2021-02-22;3485;2288;173329;88430;2.0;1.0
FR;49;2021-02-23;4786;2971;178115;91401;2.1;1.1
FR;49;2021-02-24;4848;2843;182963;94244;2.1;1.1
FR;49;2021-02-25;7470;3860;190433;98104;2.2;1.1
FR;49;2021-02-26;8180;2917;198613;101021;2.3;1.2
FR;49;2021-02-27;2658;517;201271;101538;2.3;1.2
FR;49;2021-02-28;328;92;201599;101630;2.3;1.2
FR;49;2021-03-01;3740;1427;205339;103057;2.4;1.2
FR;49;2021-03-02;5693;2394;211032;105451;2.5;1.2
FR;49;2021-03-03;5931;2416;216963;107867;2.5;1.3
FR;49;2021-03-04;8760;3608;225723;111475;2.6;1.3
FR;49;2021-03-05;12381;2924;238104;114399;2.8;1.3
FR;49;2021-03-06;8436;444;246540;114843;2.9;1.3
FR;49;2021-03-07;4657;103;251197;114946;2.9;1.3
FR;49;2021-03-08;6322;1230;257519;116176;3.0;1.4
FR;49;2021-03-09;9410;1838;266929;118014;3.1;1.4
FR;49;2021-03-10;8829;2038;275758;120052;3.2;1.4
FR;49;2021-03-11;12597;3060;288355;123112;3.4;1.4
FR;49;2021-03-12;16274;2540;304629;125652;3.5;1.5
FR;49;2021-03-13;9469;464;314098;126116;3.7;1.5
FR;49;2021-03-14;3122;124;317220;126240;3.7;1.5
FR;49;2021-03-15;6808;1131;324028;127371;3.8;1.5
FR;49;2021-03-16;4595;1843;328623;129214;3.8;1.5
FR;49;2021-03-17;5142;1741;333765;130955;3.9;1.5
FR;49;2021-03-18;6503;2535;340268;133490;4.0;1.6
FR;49;2021-03-19;9414;1908;349682;135398;4.1;1.6
FR;49;2021-03-20;5851;482;355533;135880;4.1;1.6
FR;49;2021-03-21;3139;108;358672;135988;4.2;1.6
FR;49;2021-03-22;6256;1214;364928;137202;4.2;1.6
FR;49;2021-03-23;8541;1918;373469;139120;4.3;1.6
FR;49;2021-03-24;9451;1757;382920;140877;4.5;1.6
FR;49;2021-03-25;12254;2215;395174;143092;4.6;1.7
FR;49;2021-03-26;14614;2025;409788;145117;4.8;1.7
FR;49;2021-03-27;9318;733;419106;145850;4.9;1.7
FR;49;2021-03-28;3845;249;422951;146099;4.9;1.7
FR;49;2021-03-29;9737;1570;432688;147669;5.0;1.7
FR;49;2021-03-30;14086;2439;446774;150108;5.2;1.7
FR;49;2021-03-31;15339;2502;462113;152610;5.4;1.8
FR;49;2021-04-01;19457;3577;481570;156187;5.6;1.8
FR;49;2021-04-02;17275;3285;498845;159472;5.8;1.9
FR;49;2021-04-03;9266;1762;508111;161234;5.9;1.9
FR;49;2021-04-04;4094;595;512205;161829;6.0;1.9
FR;49;2021-04-05;4176;440;516381;162269;6.0;1.9
FR;49;2021-04-06;12862;3515;529243;165784;6.2;1.9
FR;49;2021-04-07;17336;3976;546579;169760;6.4;2.0
FR;49;2021-04-08;21871;4999;568450;174759;6.6;2.0
FR;49;2021-04-09;23018;5121;591468;179880;6.9;2.1
FR;49;2021-04-10;12322;3235;603790;183115;7.0;2.1
FR;49;2021-04-11;4432;1571;608222;184686;7.1;2.1
FR;49;2021-04-12;13956;3583;622178;188269;7.2;2.2
FR;49;2021-04-13;18322;5370;640500;193639;7.5;2.3
FR;49;2021-04-14;18985;5890;659485;199529;7.7;2.3
FR;49;2021-04-15;19741;6937;679226;206466;7.9;2.4
FR;49;2021-04-16;17005;7359;696231;213825;8.1;2.5
FR;49;2021-04-17;9726;4614;705957;218439;8.2;2.5
FR;49;2021-04-18;3319;2248;709276;220687;8.3;2.6
FR;49;2021-04-19;11747;6280;721023;226967;8.4;2.6
FR;49;2021-04-20;13790;9101;734813;236068;8.6;2.7
FR;49;2021-04-21;15422;10382;750235;246450;8.7;2.9
FR;49;2021-04-22;17058;13459;767293;259909;8.9;3.0
FR;49;2021-04-23;17174;14146;784467;274055;9.1;3.2
FR;49;2021-04-24;12450;7697;796917;281752;9.3;3.3
FR;49;2021-04-25;5259;3083;802176;284835;9.3;3.3
FR;49;2021-04-26;13075;10198;815251;295033;9.5;3.4
FR;49;2021-04-27;18083;12979;833334;308012;9.7;3.6
FR;49;2021-04-28;21803;14183;855137;322195;10.0;3.7
FR;49;2021-04-29;26071;16763;881208;338958;10.3;3.9
FR;49;2021-04-30;30163;17326;911371;356284;10.6;4.1
FR;49;2021-05-01;22986;5418;934357;361702;10.9;4.2
FR;49;2021-05-02;16302;3733;950659;365435;11.1;4.3
FR;49;2021-05-03;37896;12344;988555;377779;11.5;4.4
FR;59;2020-12-27;2;0;2;0;0.0;0.0
FR;59;2020-12-28;4;0;6;0;0.0;0.0
FR;59;2020-12-29;2;0;8;0;0.0;0.0
FR;59;2020-12-30;5;0;13;0;0.0;0.0
FR;59;2020-12-31;9;0;22;0;0.0;0.0
FR;59;2021-01-01;18;0;40;0;0.0;0.0
FR;59;2021-01-02;25;0;65;0;0.0;0.0
FR;59;2021-01-03;36;0;101;0;0.0;0.0
FR;59;2021-01-04;589;0;690;0;0.0;0.0
FR;59;2021-01-05;2155;0;2845;0;0.0;0.0
FR;59;2021-01-06;4786;2;7631;2;0.1;0.0
FR;59;2021-01-07;10470;8;18101;10;0.2;0.0
FR;59;2021-01-08;14240;2;32341;12;0.4;0.0
FR;59;2021-01-09;4045;1;36386;13;0.4;0.0
FR;59;2021-01-10;1983;0;38369;13;0.4;0.0
FR;59;2021-01-11;15871;4;54240;17;0.6;0.0
FR;59;2021-01-12;20992;5;75232;22;0.9;0.0
FR;59;2021-01-13;22614;9;97846;31;1.1;0.0
FR;59;2021-01-14;24675;11;122521;42;1.4;0.0
FR;59;2021-01-15;21481;9;144002;51;1.6;0.0
FR;59;2021-01-16;5365;276;149367;327;1.7;0.0
FR;59;2021-01-17;1800;6;151167;333;1.7;0.0
FR;59;2021-01-18;13541;44;164708;377;1.9;0.0
FR;59;2021-01-19;17817;35;182525;412;2.1;0.0
FR;59;2021-01-20;16958;37;199483;449;2.3;0.0
FR;59;2021-01-21;18572;32;218055;481;2.5;0.0
FR;59;2021-01-22;13791;64;231846;545;2.6;0.0
FR;59;2021-01-23;2944;28;234790;573;2.7;0.0
FR;59;2021-01-24;821;34;235611;607;2.7;0.0
FR;59;2021-01-25;6670;695;242281;1302;2.8;0.0
FR;59;2021-01-26;8369;1595;250650;2897;2.9;0.0
FR;59;2021-01-27;8771;2683;259421;5580;3.0;0.1
FR;59;2021-01-28;10398;5772;269819;11352;3.1;0.1
FR;59;2021-01-29;7788;7390;277607;18742;3.2;0.2
FR;59;2021-01-30;1754;1673;279361;20415;3.2;0.2
FR;59;2021-01-31;370;610;279731;21025;3.2;0.2
FR;59;2021-02-01;3139;9914;282870;30939;3.2;0.4
FR;59;2021-02-02;4647;13807;287517;44746;3.3;0.5
FR;59;2021-02-03;4794;14739;292311;59485;3.3;0.7
FR;59;2021-02-04;5834;17761;298145;77246;3.4;0.9
FR;59;2021-02-05;4721;16236;302866;93482;3.4;1.1
FR;59;2021-02-06;1140;3331;304006;96813;3.5;1.1
FR;59;2021-02-07;384;1265;304390;98078;3.5;1.1
FR;59;2021-02-08;2737;13194;307127;111272;3.5;1.3
FR;59;2021-02-09;4875;17685;312002;128957;3.5;1.5
FR;59;2021-02-10;5636;17995;317638;146952;3.6;1.7
FR;59;2021-02-11;7590;20976;325228;167928;3.7;1.9
FR;59;2021-02-12;6687;16279;331915;184207;3.8;2.1
FR;59;2021-02-13;1672;3304;333587;187511;3.8;2.1
FR;59;2021-02-14;358;1000;333945;188511;3.8;2.1
FR;59;2021-02-15;3244;10108;337189;198619;3.8;2.3
FR;59;2021-02-16;4692;12250;341881;210869;3.9;2.4
FR;59;2021-02-17;4917;12616;346798;223485;3.9;2.5
FR;59;2021-02-18;6951;14165;353749;237650;4.0;2.7
FR;59;2021-02-19;6405;10811;360154;248461;4.1;2.8
FR;59;2021-02-20;1394;2003;361548;250464;4.1;2.8
FR;59;2021-02-21;280;479;361828;250943;4.1;2.9
FR;59;2021-02-22;3215;5710;365043;256653;4.2;2.9
FR;59;2021-02-23;4751;6783;369794;263436;4.2;3.0
FR;59;2021-02-24;6767;6255;376561;269691;4.3;3.1
FR;59;2021-02-25;20973;7317;397534;277008;4.5;3.2
FR;59;2021-02-26;28002;5671;425536;282679;4.8;3.2
FR;59;2021-02-27;16923;1356;442459;284035;5.0;3.2
FR;59;2021-02-28;1098;295;443557;284330;5.0;3.2
FR;59;2021-03-01;8666;3070;452223;287400;5.1;3.3
FR;59;2021-03-02;16939;4467;469162;291867;5.3;3.3
FR;59;2021-03-03;20330;4404;489492;296271;5.6;3.4
FR;59;2021-03-04;31710;5740;521202;302011;5.9;3.4
FR;59;2021-03-05;40352;4512;561554;306523;6.4;3.5
FR;59;2021-03-06;35307;1005;596861;307528;6.8;3.5
FR;59;2021-03-07;13879;189;610740;307717;6.9;3.5
FR;59;2021-03-08;12093;2241;622833;309958;7.1;3.5
FR;59;2021-03-09;22557;3279;645390;313237;7.3;3.6
FR;59;2021-03-10;22860;3604;668250;316841;7.6;3.6
FR;59;2021-03-11;33851;4679;702101;321520;8.0;3.7
FR;59;2021-03-12;44932;3746;747033;325266;8.5;3.7
FR;59;2021-03-13;35770;944;782803;326210;8.9;3.7
FR;59;2021-03-14;7140;206;789943;326416;9.0;3.7
FR;59;2021-03-15;14316;1792;804259;328208;9.1;3.7
FR;59;2021-03-16;7836;2516;812095;330724;9.2;3.8
FR;59;2021-03-17;8677;2633;820772;333357;9.3;3.8
FR;59;2021-03-18;10342;3357;831114;336714;9.5;3.8
FR;59;2021-03-19;23252;2870;854366;339584;9.7;3.9
FR;59;2021-03-20;20949;863;875315;340447;10.0;3.9
FR;59;2021-03-21;6251;222;881566;340669;10.0;3.9
FR;59;2021-03-22;15335;2113;896901;342782;10.2;3.9
FR;59;2021-03-23;25190;2989;922091;345771;10.5;3.9
FR;59;2021-03-24;27796;3057;949887;348828;10.8;4.0
FR;59;2021-03-25;37598;3473;987485;352301;11.2;4.0
FR;59;2021-03-26;42484;3391;1029969;355692;11.7;4.0
FR;59;2021-03-27;26692;1479;1056661;357171;12.0;4.1
FR;59;2021-03-28;7500;402;1064161;357573;12.1;4.1
FR;59;2021-03-29;21506;2869;1085667;360442;12.3;4.1
FR;59;2021-03-30;31868;3955;1117535;364397;12.7;4.1
FR;59;2021-03-31;31109;4307;1148644;368704;13.1;4.2
FR;59;2021-04-01;37817;5629;1186461;374333;13.5;4.3
FR;59;2021-04-02;36549;5477;1223010;379810;13.9;4.3
FR;59;2021-04-03;21199;3316;1244209;383126;14.2;4.4
FR;59;2021-04-04;7304;1180;1251513;384306;14.2;4.4
FR;59;2021-04-05;8222;729;1259735;385035;14.3;4.4
FR;59;2021-04-06;25160;5924;1284895;390959;14.6;4.4
FR;59;2021-04-07;33411;6705;1318306;397664;15.0;4.5
FR;59;2021-04-08;44284;8093;1362590;405757;15.5;4.6
FR;59;2021-04-09;59948;8568;1422538;414325;16.2;4.7
FR;59;2021-04-10;36169;6797;1458707;421122;16.6;4.8
FR;59;2021-04-11;9688;3371;1468395;424493;16.7;4.8
FR;59;2021-04-12;34896;6938;1503291;431431;17.1;4.9
FR;59;2021-04-13;49257;9276;1552548;440707;17.7;5.0
FR;59;2021-04-14;49548;9972;1602096;450679;18.2;5.1
FR;59;2021-04-15;58613;11187;1660709;461866;18.9;5.3
FR;59;2021-04-16;62347;12019;1723056;473885;19.6;5.4
FR;59;2021-04-17;41116;9442;1764172;483327;20.1;5.5
FR;59;2021-04-18;12208;4570;1776380;487897;20.2;5.5
FR;59;2021-04-19;32825;10909;1809205;498806;20.6;5.7
FR;59;2021-04-20;43758;14640;1852963;513446;21.1;5.8
FR;59;2021-04-21;46088;16380;1899051;529826;21.6;6.0
FR;59;2021-04-22;54751;19512;1953802;549338;22.2;6.2
FR;59;2021-04-23;62624;20402;2016426;569740;22.9;6.5
FR;59;2021-04-24;47167;15276;2063593;585016;23.5;6.7
FR;59;2021-04-25;16376;5326;2079969;590342;23.7;6.7
FR;59;2021-04-26;40357;17485;2120326;607827;24.1;6.9
FR;59;2021-04-27;55732;22757;2176058;630584;24.7;7.2
FR;59;2021-04-28;63219;25299;2239277;655883;25.5;7.5
FR;59;2021-04-29;76177;30723;2315454;686606;26.3;7.8
FR;59;2021-04-30;90552;35458;2406006;722064;27.4;8.2
FR;59;2021-05-01;42086;10568;2448092;732632;27.8;8.3
FR;59;2021-05-02;23202;7026;2471294;739658;28.1;8.4
FR;59;2021-05-03;60818;22445;2532112;762103;28.8;8.7
FR;64;2020-12-27;1;0;1;0;0.0;0.0
FR;64;2020-12-28;0;0;1;0;0.0;0.0
FR;64;2020-12-29;2;0;3;0;0.0;0.0
FR;64;2020-12-30;5;0;8;0;0.0;0.0
FR;64;2020-12-31;5;0;13;0;0.0;0.0
FR;64;2021-01-01;8;0;21;0;0.0;0.0
FR;64;2021-01-02;11;0;32;0;0.0;0.0
FR;64;2021-01-03;17;0;49;0;0.0;0.0
FR;64;2021-01-04;209;0;258;0;0.0;0.0
FR;64;2021-01-05;889;0;1147;0;0.0;0.0
FR;64;2021-01-06;1682;0;2829;0;0.1;0.0
FR;64;2021-01-07;3645;0;6474;0;0.2;0.0
FR;64;2021-01-08;4838;2;11312;2;0.3;0.0
FR;64;2021-01-09;1945;0;13257;2;0.3;0.0
FR;64;2021-01-10;1022;0;14279;2;0.3;0.0
FR;64;2021-01-11;5241;0;19520;2;0.5;0.0
FR;64;2021-01-12;7083;2;26603;4;0.6;0.0
FR;64;2021-01-13;7409;4;34012;8;0.8;0.0
FR;64;2021-01-14;8529;5;42541;13;1.0;0.0
FR;64;2021-01-15;7061;3;49602;16;1.2;0.0
FR;64;2021-01-16;2197;102;51799;118;1.3;0.0
FR;64;2021-01-17;842;4;52641;122;1.3;0.0
FR;64;2021-01-18;4667;11;57308;133;1.4;0.0
FR;64;2021-01-19;6370;7;63678;140;1.6;0.0
FR;64;2021-01-20;6195;13;69873;153;1.7;0.0
FR;64;2021-01-21;6858;13;76731;166;1.9;0.0
FR;64;2021-01-22;5379;25;82110;191;2.0;0.0
FR;64;2021-01-23;1410;14;83520;205;2.0;0.0
FR;64;2021-01-24;430;23;83950;228;2.0;0.0
FR;64;2021-01-25;2760;221;86710;449;2.1;0.0
FR;64;2021-01-26;3504;581;90214;1030;2.2;0.0
FR;64;2021-01-27;3745;991;93959;2021;2.3;0.0
FR;64;2021-01-28;4543;2046;98502;4067;2.4;0.1
FR;64;2021-01-29;3507;2554;102009;6621;2.5;0.2
FR;64;2021-01-30;837;781;102846;7402;2.5;0.2
FR;64;2021-01-31;172;341;103018;7743;2.5;0.2
FR;64;2021-02-01;1508;3251;104526;10994;2.5;0.3
FR;64;2021-02-02;2136;4613;106662;15607;2.6;0.4
FR;64;2021-02-03;2297;4748;108959;20355;2.7;0.5
FR;64;2021-02-04;2778;6145;111737;26500;2.7;0.6
FR;64;2021-02-05;2162;5494;113899;31994;2.8;0.8
FR;64;2021-02-06;651;1546;114550;33540;2.8;0.8
FR;64;2021-02-07;163;678;114713;34218;2.8;0.8
FR;64;2021-02-08;1477;4611;116190;38829;2.8;0.9
FR;64;2021-02-09;2332;6364;118522;45193;2.9;1.1
FR;64;2021-02-10;2558;6471;121080;51664;3.0;1.3
FR;64;2021-02-11;3443;7338;124523;59002;3.0;1.4
FR;64;2021-02-12;3088;5568;127611;64570;3.1;1.6
FR;64;2021-02-13;826;1395;128437;65965;3.1;1.6
FR;64;2021-02-14;192;523;128629;66488;3.1;1.6
FR;64;2021-02-15;1580;3664;130209;70152;3.2;1.7
FR;64;2021-02-16;2071;4536;132280;74688;3.2;1.8
FR;64;2021-02-17;2203;4841;134483;79529;3.3;1.9
FR;64;2021-02-18;3195;5534;137678;85063;3.4;2.1
FR;64;2021-02-19;2968;4197;140646;89260;3.4;2.2
FR;64;2021-02-20;796;980;141442;90240;3.4;2.2
FR;64;2021-02-21;133;222;141575;90462;3.5;2.2
FR;64;2021-02-22;1475;2420;143050;92882;3.5;2.3
FR;64;2021-02-23;2376;2798;145426;95680;3.5;2.3
FR;64;2021-02-24;3835;2859;149261;98539;3.6;2.4
FR;64;2021-02-25;15876;3291;165137;101830;4.0;2.5
FR;64;2021-02-26;21620;2509;186757;104339;4.6;2.5
FR;64;2021-02-27;12934;693;199691;105032;4.9;2.6
FR;64;2021-02-28;789;140;200480;105172;4.9;2.6
FR;64;2021-03-01;6467;1623;206947;106795;5.0;2.6
FR;64;2021-03-02;13028;2268;219975;109063;5.4;2.7
FR;64;2021-03-03;15724;2179;235699;111242;5.7;2.7
FR;64;2021-03-04;24797;2974;260496;114216;6.4;2.8
FR;64;2021-03-05;30162;2305;290658;116521;7.1;2.8
FR;64;2021-03-06;26332;554;316990;117075;7.7;2.9
FR;64;2021-03-07;9763;126;326753;117201;8.0;2.9
FR;64;2021-03-08;8673;1486;335426;118687;8.2;2.9
FR;64;2021-03-09;16655;1714;352081;120401;8.6;2.9
FR;64;2021-03-10;16883;1946;368964;122347;9.0;3.0
FR;64;2021-03-11;25675;2647;394639;124994;9.6;3.0
FR;64;2021-03-12;33190;2125;427829;127119;10.4;3.1
FR;64;2021-03-13;27071;565;454900;127684;11.1;3.1
FR;64;2021-03-14;5407;110;460307;127794;11.2;3.1
FR;64;2021-03-15;10909;1136;471216;128930;11.5;3.1
FR;64;2021-03-16;5965;1579;477181;130509;11.6;3.2
FR;64;2021-03-17;6076;1505;483257;132014;11.8;3.2
FR;64;2021-03-18;7608;1869;490865;133883;12.0;3.3
FR;64;2021-03-19;18776;1713;509641;135596;12.4;3.3
FR;64;2021-03-20;18442;593;528083;136189;12.9;3.3
FR;64;2021-03-21;4715;125;532798;136314;13.0;3.3
FR;64;2021-03-22;13432;1339;546230;137653;13.3;3.4
FR;64;2021-03-23;23370;1779;569600;139432;13.9;3.4
FR;64;2021-03-24;24968;1899;594568;141331;14.5;3.4
FR;64;2021-03-25;36362;2180;630930;143511;15.4;3.5
FR;64;2021-03-26;39916;2060;670846;145571;16.4;3.5
FR;64;2021-03-27;21154;913;692000;146484;16.9;3.6
FR;64;2021-03-28;5061;253;697061;146737;17.0;3.6
FR;64;2021-03-29;17456;1903;714517;148640;17.4;3.6
FR;64;2021-03-30;27175;2665;741692;151305;18.1;3.7
FR;64;2021-03-31;23960;2813;765652;154118;18.7;3.8
FR;64;2021-04-01;30237;3810;795889;157928;19.4;3.8
FR;64;2021-04-02;29024;3552;824913;161480;20.1;3.9
FR;64;2021-04-03;15914;2317;840827;163797;20.5;4.0
FR;64;2021-04-04;4017;804;844844;164601;20.6;4.0
FR;64;2021-04-05;5092;586;849936;165187;20.7;4.0
FR;64;2021-04-06;18841;4367;868777;169554;21.2;4.1
FR;64;2021-04-07;23316;4594;892093;174148;21.7;4.2
FR;64;2021-04-08;34167;5524;926260;179672;22.6;4.4
FR;64;2021-04-09;52947;5813;979207;185485;23.9;4.5
FR;64;2021-04-10;29648;4860;1008855;190345;24.6;4.6
FR;64;2021-04-11;6245;2520;1015100;192865;24.7;4.7
FR;64;2021-04-12;27781;4943;1042881;197808;25.4;4.8
FR;64;2021-04-13;42178;6941;1085059;204749;26.5;5.0
FR;64;2021-04-14;40408;7005;1125467;211754;27.4;5.2
FR;64;2021-04-15;51403;8117;1176870;219871;28.7;5.4
FR;64;2021-04-16;63652;8713;1240522;228584;30.2;5.6
FR;64;2021-04-17;38214;6906;1278736;235490;31.2;5.7
FR;64;2021-04-18;10857;3288;1289593;238778;31.4;5.8
FR;64;2021-04-19;41607;8390;1331200;247168;32.5;6.0
FR;64;2021-04-20;52145;10374;1383345;257542;33.7;6.3
FR;64;2021-04-21;51921;10763;1435266;268305;35.0;6.5
FR;64;2021-04-22;56840;12641;1492106;280946;36.4;6.8
FR;64;2021-04-23;60060;12429;1552166;293375;37.8;7.2
FR;64;2021-04-24;43106;8922;1595272;302297;38.9;7.4
FR;64;2021-04-25;16059;3246;1611331;305543;39.3;7.4
FR;64;2021-04-26;48996;11412;1660327;316955;40.5;7.7
FR;64;2021-04-27;62440;15104;1722767;332059;42.0;8.1
FR;64;2021-04-28;63370;15641;1786137;347700;43.5;8.5
FR;64;2021-04-29;72717;19993;1858854;367693;45.3;9.0
FR;64;2021-04-30;74283;21393;1933137;389086;47.1;9.5
FR;64;2021-05-01;28945;6483;1962082;395569;47.8;9.6
FR;64;2021-05-02;14342;3833;1976424;399402;48.2;9.7
FR;64;2021-05-03;51328;14009;2027752;413411;49.4;10.1
FR;69;2020-12-27;2;0;2;0;0.0;0.0
FR;69;2020-12-28;1;0;3;0;0.0;0.0
FR;69;2020-12-29;3;0;6;0;0.0;0.0
FR;69;2020-12-30;7;0;13;0;0.0;0.0
FR;69;2020-12-31;5;0;18;0;0.0;0.0
FR;69;2021-01-01;6;0;24;0;0.0;0.0
FR;69;2021-01-02;10;0;34;0;0.0;0.0
FR;69;2021-01-03;8;0;42;0;0.0;0.0
FR;69;2021-01-04;114;0;156;0;0.0;0.0
FR;69;2021-01-05;410;0;566;0;0.0;0.0
FR;69;2021-01-06;804;0;1370;0;0.0;0.0
FR;69;2021-01-07;1884;1;3254;1;0.1;0.0
FR;69;2021-01-08;2442;0;5696;1;0.1;0.0
FR;69;2021-01-09;1117;0;6813;1;0.2;0.0
FR;69;2021-01-10;655;0;7468;1;0.2;0.0
FR;69;2021-01-11;2720;0;10188;1;0.3;0.0
FR;69;2021-01-12;3842;0;14030;1;0.4;0.0
FR;69;2021-01-13;3769;2;17799;3;0.5;0.0
FR;69;2021-01-14;4550;4;22349;7;0.6;0.0
FR;69;2021-01-15;3824;1;26173;8;0.7;0.0
FR;69;2021-01-16;1341;61;27514;69;0.7;0.0
FR;69;2021-01-17;633;4;28147;73;0.7;0.0
FR;69;2021-01-18;3246;13;31393;86;0.8;0.0
FR;69;2021-01-19;4771;15;36164;101;0.9;0.0
FR;69;2021-01-20;4749;10;40913;111;1.0;0.0
FR;69;2021-01-21;5500;12;46413;123;1.2;0.0
FR;69;2021-01-22;4358;12;50771;135;1.3;0.0
FR;69;2021-01-23;1357;10;52128;145;1.3;0.0
FR;69;2021-01-24;445;14;52573;159;1.3;0.0
FR;69;2021-01-25;2713;99;55286;258;1.4;0.0
FR;69;2021-01-26;3333;240;58619;498;1.5;0.0
FR;69;2021-01-27;3654;480;62273;978;1.6;0.0
FR;69;2021-01-28;4305;1078;66578;2056;1.7;0.1
FR;69;2021-01-29;3469;1328;70047;3384;1.8;0.1
FR;69;2021-01-30;937;448;70984;3832;1.8;0.1
FR;69;2021-01-31;180;205;71164;4037;1.8;0.1
FR;69;2021-02-01;1803;1714;72967;5751;1.9;0.1
FR;69;2021-02-02;2394;2523;75361;8274;1.9;0.2
FR;69;2021-02-03;2415;2583;77776;10857;2.0;0.3
FR;69;2021-02-04;2935;3391;80711;14248;2.1;0.4
FR;69;2021-02-05;2486;2924;83197;17172;2.1;0.4
FR;69;2021-02-06;717;991;83914;18163;2.2;0.5
FR;69;2021-02-07;162;591;84076;18754;2.2;0.5
FR;69;2021-02-08;1602;2683;85678;21437;2.2;0.5
FR;69;2021-02-09;2393;3955;88071;25392;2.3;0.7
FR;69;2021-02-10;2558;3943;90629;29335;2.3;0.8
FR;69;2021-02-11;3491;4743;94120;34078;2.4;0.9
FR;69;2021-02-12;3129;3581;97249;37659;2.5;1.0
FR;69;2021-02-13;858;961;98107;38620;2.5;1.0
FR;69;2021-02-14;212;459;98319;39079;2.5;1.0
FR;69;2021-02-15;1319;2692;99638;41771;2.6;1.1
FR;69;2021-02-16;1849;3562;101487;45333;2.6;1.2
FR;69;2021-02-17;2007;3889;103494;49222;2.7;1.3
FR;69;2021-02-18;2981;4630;106475;53852;2.7;1.4
FR;69;2021-02-19;2844;3568;109319;57420;2.8;1.5
FR;69;2021-02-20;752;943;110071;58363;2.8;1.5
FR;69;2021-02-21;149;201;110220;58564;2.8;1.5
FR;69;2021-02-22;1599;2453;111819;61017;2.9;1.6
FR;69;2021-02-23;2259;2757;114078;63774;2.9;1.6
FR;69;2021-02-24;2645;2921;116723;66695;3.0;1.7
FR;69;2021-02-25;3852;3205;120575;69900;3.1;1.8
FR;69;2021-02-26;4236;2527;124811;72427;3.2;1.9
FR;69;2021-02-27;1783;716;126594;73143;3.2;1.9
FR;69;2021-02-28;309;128;126903;73271;3.3;1.9
FR;69;2021-03-01;2777;1921;129680;75192;3.3;1.9
FR;69;2021-03-02;4684;2534;134364;77726;3.4;2.0
FR;69;2021-03-03;6591;2419;140955;80145;3.6;2.1
FR;69;2021-03-04;11571;3245;152526;83390;3.9;2.1
FR;69;2021-03-05;17265;2555;169791;85945;4.4;2.2
FR;69;2021-03-06;22803;616;192594;86561;4.9;2.2
FR;69;2021-03-07;14657;127;207251;86688;5.3;2.2
FR;69;2021-03-08;9652;1812;216903;88500;5.6;2.3
FR;69;2021-03-09;17324;2241;234227;90741;6.0;2.3
FR;69;2021-03-10;18652;2413;252879;93154;6.5;2.4
FR;69;2021-03-11;28938;3191;281817;96345;7.2;2.5
FR;69;2021-03-12;39577;2741;321394;99086;8.2;2.5
FR;69;2021-03-13;35668;795;357062;99881;9.2;2.6
FR;69;2021-03-14;8159;161;365221;100042;9.4;2.6
FR;69;2021-03-15;16538;1524;381759;101566;9.8;2.6
FR;69;2021-03-16;10695;2009;392454;103575;10.1;2.7
FR;69;2021-03-17;11662;2006;404116;105581;10.4;2.7
FR;69;2021-03-18;13078;2476;417194;108057;10.7;2.8
FR;69;2021-03-19;28633;2266;445827;110323;11.4;2.8
FR;69;2021-03-20;26809;753;472636;111076;12.1;2.8
FR;69;2021-03-21;7106;147;479742;111223;12.3;2.9
FR;69;2021-03-22;21096;1991;500838;113214;12.8;2.9
FR;69;2021-03-23;36024;2564;536862;115778;13.8;3.0
FR;69;2021-03-24;37316;2659;574178;118437;14.7;3.0
FR;69;2021-03-25;54714;2979;628892;121416;16.1;3.1
FR;69;2021-03-26;58879;2736;687771;124152;17.6;3.2
FR;69;2021-03-27;29994;1239;717765;125391;18.4;3.2
FR;69;2021-03-28;7591;411;725356;125802;18.6;3.2
FR;69;2021-03-29;27592;3164;752948;128966;19.3;3.3
FR;69;2021-03-30;42102;4282;795050;133248;20.4;3.4
FR;69;2021-03-31;35229;4385;830279;137633;21.3;3.5
FR;69;2021-04-01;42965;5950;873244;143583;22.4;3.7
FR;69;2021-04-02;41163;5873;914407;149456;23.4;3.8
FR;69;2021-04-03;21613;3954;936020;153410;24.0;3.9
FR;69;2021-04-04;5789;1357;941809;154767;24.1;4.0
FR;69;2021-04-05;7585;877;949394;155644;24.3;4.0
FR;69;2021-04-06;27365;7437;976759;163081;25.0;4.2
FR;69;2021-04-07;32135;7552;1008894;170633;25.9;4.4
FR;69;2021-04-08;48120;8860;1057014;179493;27.1;4.6
FR;69;2021-04-09;69923;9505;1126937;188998;28.9;4.8
FR;69;2021-04-10;36458;7742;1163395;196740;29.8;5.0
FR;69;2021-04-11;7964;4141;1171359;200881;30.0;5.1
FR;69;2021-04-12;38293;8585;1209652;209466;31.0;5.4
FR;69;2021-04-13;53175;11768;1262827;221234;32.4;5.7
FR;69;2021-04-14;48928;11381;1311755;232615;33.6;6.0
FR;69;2021-04-15;61303;13476;1373058;246091;35.2;6.3
FR;69;2021-04-16;71952;14045;1445010;260136;37.0;6.7
FR;69;2021-04-17;39367;10526;1484377;270662;38.0;6.9
FR;69;2021-04-18;9941;4993;1494318;275655;38.3;7.1
FR;69;2021-04-19;45586;13551;1539904;289206;39.5;7.4
FR;69;2021-04-20;56674;16953;1596578;306159;40.9;7.8
FR;69;2021-04-21;52983;16357;1649561;322516;42.3;8.3
FR;69;2021-04-22;59779;18657;1709340;341173;43.8;8.7
FR;69;2021-04-23;58764;18480;1768104;359653;45.3;9.2
FR;69;2021-04-24;37086;12943;1805190;372596;46.3;9.5
FR;69;2021-04-25;13112;4932;1818302;377528;46.6;9.7
FR;69;2021-04-26;48652;18296;1866954;395824;47.8;10.1
FR;69;2021-04-27;61323;22591;1928277;418415;49.4;10.7
FR;69;2021-04-28;59261;21456;1987538;439871;50.9;11.3
FR;69;2021-04-29;69256;24125;2056794;463996;52.7;11.9
FR;69;2021-04-30;66202;23233;2122996;487229;54.4;12.5
FR;69;2021-05-01;23481;7425;2146477;494654;55.0;12.7
FR;69;2021-05-02;11101;5093;2157578;499747;55.3;12.8
FR;69;2021-05-03;46640;19449;2204218;519196;56.5;13.3
FR;74;2020-12-27;1;0;1;0;0.0;0.0
FR;74;2020-12-28;6;0;7;0;0.0;0.0
FR;74;2020-12-29;5;0;12;0;0.0;0.0
FR;74;2020-12-30;10;0;22;0;0.0;0.0
FR;74;2020-12-31;7;0;29;0;0.0;0.0
FR;74;2021-01-01;5;0;34;0;0.0;0.0
FR;74;2021-01-02;3;0;37;0;0.0;0.0
FR;74;2021-01-03;12;0;49;0;0.0;0.0
FR;74;2021-01-04;85;0;134;0;0.0;0.0
FR;74;2021-01-05;297;0;431;0;0.0;0.0
FR;74;2021-01-06;552;0;983;0;0.0;0.0
FR;74;2021-01-07;1462;0;2445;0;0.1;0.0
FR;74;2021-01-08;1782;0;4227;0;0.1;0.0
FR;74;2021-01-09;792;0;5019;0;0.1;0.0
FR;74;2021-01-10;533;0;5552;0;0.2;0.0
FR;74;2021-01-11;2106;0;7658;0;0.2;0.0
FR;74;2021-01-12;3121;0;10779;0;0.3;0.0
FR;74;2021-01-13;3186;0;13965;0;0.4;0.0
FR;74;2021-01-14;3931;3;17896;3;0.5;0.0
FR;74;2021-01-15;3524;0;21420;3;0.6;0.0
FR;74;2021-01-16;1332;49;22752;52;0.7;0.0
FR;74;2021-01-17;762;2;23514;54;0.7;0.0
FR;74;2021-01-18;4708;19;28222;73;0.8;0.0
FR;74;2021-01-19;6795;17;35017;90;1.0;0.0
FR;74;2021-01-20;7084;8;42101;98;1.2;0.0
FR;74;2021-01-21;8164;17;50265;115;1.4;0.0
FR;74;2021-01-22;6522;17;56787;132;1.6;0.0
FR;74;2021-01-23;2255;4;59042;136;1.7;0.0
FR;74;2021-01-24;605;19;59647;155;1.7;0.0
FR;74;2021-01-25;4526;69;64173;224;1.8;0.0
FR;74;2021-01-26;5601;203;69774;427;2.0;0.0
FR;74;2021-01-27;5960;335;75734;762;2.2;0.0
FR;74;2021-01-28;6941;957;82675;1719;2.4;0.0
FR;74;2021-01-29;5715;984;88390;2703;2.5;0.1
FR;74;2021-01-30;1770;296;90160;2999;2.6;0.1
FR;74;2021-01-31;292;168;90452;3167;2.6;0.1
FR;74;2021-02-01;3271;1261;93723;4428;2.7;0.1
FR;74;2021-02-02;4267;2165;97990;6593;2.8;0.2
FR;74;2021-02-03;4296;2163;102286;8756;2.9;0.3
FR;74;2021-02-04;5144;2951;107430;11707;3.1;0.3
FR;74;2021-02-05;4364;2544;111794;14251;3.2;0.4
FR;74;2021-02-06;1390;874;113184;15125;3.3;0.4
FR;74;2021-02-07;243;566;113427;15691;3.3;0.5
FR;74;2021-02-08;3068;2834;116495;18525;3.3;0.5
FR;74;2021-02-09;4096;4366;120591;22891;3.5;0.7
FR;74;2021-02-10;4398;4487;124989;27378;3.6;0.8
FR;74;2021-02-11;5594;5397;130583;32775;3.8;0.9
FR;74;2021-02-12;5237;4104;135820;36879;3.9;1.1
FR;74;2021-02-13;1645;1155;137465;38034;4.0;1.1
FR;74;2021-02-14;402;483;137867;38517;4.0;1.1
FR;74;2021-02-15;2389;4270;140256;42787;4.0;1.2
FR;74;2021-02-16;3265;5284;143521;48071;4.1;1.4
FR;74;2021-02-17;3391;5844;146912;53915;4.2;1.6
FR;74;2021-02-18;4908;7058;151820;60973;4.4;1.8
FR;74;2021-02-19;4864;5414;156684;66387;4.5;1.9
FR;74;2021-02-20;1546;1712;158230;68099;4.5;2.0
FR;74;2021-02-21;231;366;158461;68465;4.6;2.0
FR;74;2021-02-22;2855;4225;161316;72690;4.6;2.1
FR;74;2021-02-23;4127;4817;165443;77507;4.8;2.2
FR;74;2021-02-24;4512;4943;169955;82450;4.9;2.4
FR;74;2021-02-25;5501;5298;175456;87748;5.0;2.5
FR;74;2021-02-26;5458;4405;180914;92153;5.2;2.6
FR;74;2021-02-27;1993;1372;182907;93525;5.3;2.7
FR;74;2021-02-28;528;213;183435;93738;5.3;2.7
FR;74;2021-03-01;5045;3423;188480;97161;5.4;2.8
FR;74;2021-03-02;7417;4344;195897;101505;5.6;2.9
FR;74;2021-03-03;9608;4233;205505;105738;5.9;3.0
FR;74;2021-03-04;14855;5151;220360;110889;6.3;3.2
FR;74;2021-03-05;21472;4440;241832;115329;7.0;3.3
FR;74;2021-03-06;30818;1216;272650;116545;7.8;3.4
FR;74;2021-03-07;20762;201;293412;116746;8.4;3.4
FR;74;2021-03-08;14120;3405;307532;120151;8.8;3.5
FR;74;2021-03-09;23886;3986;331418;124137;9.5;3.6
FR;74;2021-03-10;26101;4291;357519;128428;10.3;3.7
FR;74;2021-03-11;38054;5271;395573;133699;11.4;3.8
FR;74;2021-03-12;50296;4525;445869;138224;12.8;4.0
FR;74;2021-03-13;47490;1432;493359;139656;14.2;4.0
FR;74;2021-03-14;11917;313;505276;139969;14.5;4.0
FR;74;2021-03-15;25344;2877;530620;142846;15.3;4.1
FR;74;2021-03-16;19999;3613;550619;146459;15.8;4.2
FR;74;2021-03-17;21718;3643;572337;150102;16.5;4.3
FR;74;2021-03-18;24347;4408;596684;154510;17.2;4.4
FR;74;2021-03-19;41193;3756;637877;158266;18.3;4.6
FR;74;2021-03-20;35278;1427;673155;159693;19.4;4.6
FR;74;2021-03-21;9466;238;682621;159931;19.6;4.6
FR;74;2021-03-22;31385;3682;714006;163613;20.5;4.7
FR;74;2021-03-23;49985;4654;763991;168267;22.0;4.8
FR;74;2021-03-24;51933;4972;815924;173239;23.5;5.0
FR;74;2021-03-25;74442;5378;890366;178617;25.6;5.1
FR;74;2021-03-26;80498;4993;970864;183610;27.9;5.3
FR;74;2021-03-27;50867;2307;1021731;185917;29.4;5.3
FR;74;2021-03-28;17774;869;1039505;186786;29.9;5.4
FR;74;2021-03-29;55954;6503;1095459;193289;31.5;5.6
FR;74;2021-03-30;76330;8639;1171789;201928;33.7;5.8
FR;74;2021-03-31;67706;9331;1239495;211259;35.6;6.1
FR;74;2021-04-01;78027;12302;1317522;223561;37.9;6.4
FR;74;2021-04-02;69764;12620;1387286;236181;39.9;6.8
FR;74;2021-04-03;37083;8505;1424369;244686;40.9;7.0
FR;74;2021-04-04;12481;2896;1436850;247582;41.3;7.1
FR;74;2021-04-05;19156;1669;1456006;249251;41.9;7.2
FR;74;2021-04-06;63283;15647;1519289;264898;43.7;7.6
FR;74;2021-04-07;72070;15522;1591359;280420;45.8;8.1
FR;74;2021-04-08;86701;19077;1678060;299497;48.2;8.6
FR;74;2021-04-09;96308;17458;1774368;316955;51.0;9.1
FR;74;2021-04-10;48349;13994;1822717;330949;52.4;9.5
FR;74;2021-04-11;12688;6656;1835405;337605;52.8;9.7
FR;74;2021-04-12;60454;17476;1895859;355081;54.5;10.2
FR;74;2021-04-13;68294;21226;1964153;376307;56.5;10.8
FR;74;2021-04-14;59594;21429;2023747;397736;58.2;11.4
FR;74;2021-04-15;61362;23944;2085109;421680;59.9;12.1
FR;74;2021-04-16;51756;24113;2136865;445793;61.4;12.8
FR;74;2021-04-17;25519;16606;2162384;462399;62.2;13.3
FR;74;2021-04-18;5693;6934;2168077;469333;62.3;13.5
FR;74;2021-04-19;31474;23923;2199551;493256;63.2;14.2
FR;74;2021-04-20;35958;29441;2235509;522697;64.3;15.0
FR;74;2021-04-21;32997;29801;2268506;552498;65.2;15.9
FR;74;2021-04-22;37763;35057;2306269;587555;66.3;16.9
FR;74;2021-04-23;34407;38636;2340676;626191;67.3;18.0
FR;74;2021-04-24;18496;30541;2359172;656732;67.8;18.9
FR;74;2021-04-25;6035;12529;2365207;669261;68.0;19.2
FR;74;2021-04-26;26148;47230;2391355;716491;68.8;20.6
FR;74;2021-04-27;32720;55269;2424075;771760;69.7;22.2
FR;74;2021-04-28;32224;52118;2456299;823878;70.6;23.7
FR;74;2021-04-29;38068;53288;2494367;877166;71.7;25.2
FR;74;2021-04-30;34534;48445;2528901;925611;72.7;26.6
FR;74;2021-05-01;10969;14982;2539870;940593;73.0;27.0
FR;74;2021-05-02;5118;11389;2544988;951982;73.2;27.4
FR;74;2021-05-03;23710;49911;2568698;1001893;73.8;28.8
FR;79;2020-12-27;1;0;1;0;0.0;0.0
FR;79;2020-12-28;6;0;7;0;0.0;0.0
FR;79;2020-12-29;15;0;22;0;0.0;0.0
FR;79;2020-12-30;11;0;33;0;0.0;0.0
FR;79;2020-12-31;6;0;39;0;0.0;0.0
FR;79;2021-01-01;4;0;43;0;0.0;0.0
FR;79;2021-01-02;3;0;46;0;0.0;0.0
FR;79;2021-01-03;2;0;48;0;0.0;0.0
FR;79;2021-01-04;49;0;97;0;0.0;0.0
FR;79;2021-01-05;171;0;268;0;0.0;0.0
FR;79;2021-01-06;339;0;607;0;0.0;0.0
FR;79;2021-01-07;903;0;1510;0;0.1;0.0
FR;79;2021-01-08;1069;0;2579;0;0.1;0.0
FR;79;2021-01-09;364;0;2943;0;0.1;0.0
FR;79;2021-01-10;191;0;3134;0;0.1;0.0
FR;79;2021-01-11;1143;0;4277;0;0.2;0.0
FR;79;2021-01-12;2191;0;6468;0;0.3;0.0
FR;79;2021-01-13;2743;0;9211;0;0.4;0.0
FR;79;2021-01-14;4429;2;13640;2;0.6;0.0
FR;79;2021-01-15;5242;0;18882;2;0.9;0.0
FR;79;2021-01-16;2818;60;21700;62;1.0;0.0
FR;79;2021-01-17;1305;3;23005;65;1.0;0.0
FR;79;2021-01-18;19623;39;42628;104;1.9;0.0
FR;79;2021-01-19;25995;44;68623;148;3.1;0.0
FR;79;2021-01-20;28011;30;96634;178;4.4;0.0
FR;79;2021-01-21;30031;32;126665;210;5.7;0.0
FR;79;2021-01-22;27863;32;154528;242;7.0;0.0
FR;79;2021-01-23;11658;10;166186;252;7.5;0.0
FR;79;2021-01-24;2172;7;168358;259;7.6;0.0
FR;79;2021-01-25;22540;56;190898;315;8.6;0.0
FR;79;2021-01-26;25708;158;216606;473;9.8;0.0
FR;79;2021-01-27;24994;233;241600;706;10.9;0.0
FR;79;2021-01-28;25172;714;266772;1420;12.0;0.1
FR;79;2021-01-29;22521;642;289293;2062;13.0;0.1
FR;79;2021-01-30;8782;152;298075;2214;13.4;0.1
FR;79;2021-01-31;1229;69;299304;2283;13.5;0.1
FR;79;2021-02-01;16127;789;315431;3072;14.2;0.1
FR;79;2021-02-02;19251;1581;334682;4653;15.1;0.2
FR;79;2021-02-03;18282;1896;352964;6549;15.9;0.3
FR;79;2021-02-04;19155;2995;372119;9544;16.8;0.4
FR;79;2021-02-05;18010;2880;390129;12424;17.6;0.6
FR;79;2021-02-06;6449;1087;396578;13511;17.9;0.6
FR;79;2021-02-07;871;502;397449;14013;17.9;0.6
FR;79;2021-02-08;13080;6176;410529;20189;18.5;0.9
FR;79;2021-02-09;15543;8303;426072;28492;19.2;1.3
FR;79;2021-02-10;15435;8731;441507;37223;19.9;1.7
FR;79;2021-02-11;16513;10339;458020;47562;20.7;2.1
FR;79;2021-02-12;15662;9696;473682;57258;21.4;2.6
FR;79;2021-02-13;5003;4253;478685;61511;21.6;2.8
FR;79;2021-02-14;901;1116;479586;62627;21.6;2.8
FR;79;2021-02-15;7126;20289;486712;82916;22.0;3.7
FR;79;2021-02-16;8334;23615;495046;106531;22.3;4.8
FR;79;2021-02-17;8246;24927;503292;131458;22.7;5.9
FR;79;2021-02-18;10268;25410;513560;156868;23.2;7.1
FR;79;2021-02-19;10302;21105;523862;177973;23.6;8.0
FR;79;2021-02-20;3766;8746;527628;186719;23.8;8.4
FR;79;2021-02-21;548;1496;528176;188215;23.8;8.5
FR;79;2021-02-22;6979;22241;535155;210456;24.1;9.5
FR;79;2021-02-23;9625;23863;544780;234319;24.6;10.6
FR;79;2021-02-24;10020;22602;554800;256921;25.0;11.6
FR;79;2021-02-25;11650;21905;566450;278826;25.5;12.6
FR;79;2021-02-26;12041;19070;578491;297896;26.1;13.4
FR;79;2021-02-27;4415;7006;582906;304902;26.3;13.8
FR;79;2021-02-28;873;977;583779;305879;26.3;13.8
FR;79;2021-03-01;12103;16898;595882;322777;26.9;14.6
FR;79;2021-03-02;16287;19383;612169;342160;27.6;15.4
FR;79;2021-03-03;17696;18193;629865;360353;28.4;16.3
FR;79;2021-03-04;20840;18271;650705;378624;29.3;17.1
FR;79;2021-03-05;22393;15985;673098;394609;30.4;17.8
FR;79;2021-03-06;28926;5206;702024;399815;31.7;18.0
FR;79;2021-03-07;21026;735;723050;400550;32.6;18.1
FR;79;2021-03-08;17331;14818;740381;415368;33.4;18.7
FR;79;2021-03-09;25678;16056;766059;431424;34.5;19.5
FR;79;2021-03-10;26808;15304;792867;446728;35.8;20.1
FR;79;2021-03-11;31726;14909;824593;461637;37.2;20.8
FR;79;2021-03-12;33272;12595;857865;474232;38.7;21.4
FR;79;2021-03-13;25223;4138;883088;478370;39.8;21.6
FR;79;2021-03-14;9456;664;892544;479034;40.3;21.6
FR;79;2021-03-15;28403;8226;920947;487260;41.5;22.0
FR;79;2021-03-16;32764;8944;953711;496204;43.0;22.4
FR;79;2021-03-17;33734;8739;987445;504943;44.5;22.8
FR;79;2021-03-18;36628;9306;1024073;514249;46.2;23.2
FR;79;2021-03-19;36639;8413;1060712;522662;47.8;23.6
FR;79;2021-03-20;20642;3036;1081354;525698;48.8;23.7
FR;79;2021-03-21;5871;465;1087225;526163;49.0;23.7
FR;79;2021-03-22;28530;8928;1115755;535091;50.3;24.1
FR;79;2021-03-23;36971;10613;1152726;545704;52.0;24.6
FR;79;2021-03-24;35464;11013;1188190;556717;53.6;25.1
FR;79;2021-03-25;41783;10923;1229973;567640;55.5;25.6
FR;79;2021-03-26;39286;10282;1269259;577922;57.2;26.1
FR;79;2021-03-27;17612;4469;1286871;582391;58.0;26.3
FR;79;2021-03-28;4788;1320;1291659;583711;58.3;26.3
FR;79;2021-03-29;22221;14443;1313880;598154;59.3;27.0
FR;79;2021-03-30;27929;18785;1341809;616939;60.5;27.8
FR;79;2021-03-31;24613;19836;1366422;636775;61.6;28.7
FR;79;2021-04-01;27067;24584;1393489;661359;62.8;29.8
FR;79;2021-04-02;22980;25378;1416469;686737;63.9;31.0
FR;79;2021-04-03;9992;17476;1426461;704213;64.3;31.8
FR;79;2021-04-04;2795;5077;1429256;709290;64.5;32.0
FR;79;2021-04-05;4168;2640;1433424;711930;64.6;32.1
FR;79;2021-04-06;18556;30140;1451980;742070;65.5;33.5
FR;79;2021-04-07;20839;29196;1472819;771266;66.4;34.8
FR;79;2021-04-08;24749;29255;1497568;800521;67.5;36.1
FR;79;2021-04-09;26573;27451;1524141;827972;68.7;37.3
FR;79;2021-04-10;13572;18707;1537713;846679;69.4;38.2
FR;79;2021-04-11;3478;6269;1541191;852948;69.5;38.5
FR;79;2021-04-12;16612;28841;1557803;881789;70.3;39.8
FR;79;2021-04-13;18936;34301;1576739;916090;71.1;41.3
FR;79;2021-04-14;17958;32685;1594697;948775;71.9;42.8
FR;79;2021-04-15;18875;33467;1613572;982242;72.8;44.3
FR;79;2021-04-16;16049;30657;1629621;1012899;73.5;45.7
FR;79;2021-04-17;8068;16256;1637689;1029155;73.9;46.4
FR;79;2021-04-18;1753;4785;1639442;1033940;73.9;46.6
FR;79;2021-04-19;9738;28690;1649180;1062630;74.4;47.9
FR;79;2021-04-20;11555;34028;1660735;1096658;74.9;49.5
FR;79;2021-04-21;11134;30814;1671869;1127472;75.4;50.8
FR;79;2021-04-22;12689;30821;1684558;1158293;76.0;52.2
FR;79;2021-04-23;11722;27364;1696280;1185657;76.5;53.5
FR;79;2021-04-24;6094;13488;1702374;1199145;76.8;54.1
FR;79;2021-04-25;1878;3338;1704252;1202483;76.9;54.2
FR;79;2021-04-26;8749;20589;1713001;1223072;77.3;55.2
FR;79;2021-04-27;10919;23294;1723920;1246366;77.7;56.2
FR;79;2021-04-28;11416;20447;1735336;1266813;78.3;57.1
FR;79;2021-04-29;13308;20222;1748644;1287035;78.9;58.0
FR;79;2021-04-30;12528;17182;1761172;1304217;79.4;58.8
FR;79;2021-05-01;3757;3824;1764929;1308041;79.6;59.0
FR;79;2021-05-02;1716;2592;1766645;1310633;79.7;59.1
FR;79;2021-05-03;8331;14132;1774976;1324765;80.1;59.7
FR;80;2020-12-27;10;0;10;0;0.0;0.0
FR;80;2020-12-28;41;0;51;0;0.0;0.0
FR;80;2020-12-29;78;0;129;0;0.0;0.0
FR;80;2020-12-30;69;0;198;0;0.0;0.0
FR;80;2020-12-31;49;0;247;0;0.0;0.0
FR;80;2021-01-01;8;0;255;0;0.0;0.0
FR;80;2021-01-02;8;0;263;0;0.0;0.0
FR;80;2021-01-03;2;0;265;0;0.0;0.0
FR;80;2021-01-04;296;0;561;0;0.0;0.0
FR;80;2021-01-05;908;0;1469;0;0.0;0.0
FR;80;2021-01-06;1672;0;3141;0;0.1;0.0
FR;80;2021-01-07;6283;1;9424;1;0.2;0.0
FR;80;2021-01-08;5700;0;15124;1;0.4;0.0
FR;80;2021-01-09;979;0;16103;1;0.4;0.0
FR;80;2021-01-10;307;0;16410;1;0.4;0.0
FR;80;2021-01-11;4428;0;20838;1;0.5;0.0
FR;80;2021-01-12;12613;2;33451;3;0.8;0.0
FR;80;2021-01-13;12415;7;45866;10;1.1;0.0
FR;80;2021-01-14;18180;17;64046;27;1.5;0.0
FR;80;2021-01-15;12078;0;76124;27;1.8;0.0
FR;80;2021-01-16;4029;165;80153;192;1.9;0.0
FR;80;2021-01-17;3741;17;83894;209;2.0;0.0
FR;80;2021-01-18;28712;67;112606;276;2.7;0.0
FR;80;2021-01-19;53657;128;166263;404;4.0;0.0
FR;80;2021-01-20;59345;102;225608;506;5.4;0.0
FR;80;2021-01-21;69877;79;295485;585;7.1;0.0
FR;80;2021-01-22;48209;87;343694;672;8.3;0.0
FR;80;2021-01-23;16213;12;359907;684;8.7;0.0
FR;80;2021-01-24;4310;3;364217;687;8.8;0.0
FR;80;2021-01-25;32370;228;396587;915;9.5;0.0
FR;80;2021-01-26;45062;798;441649;1713;10.6;0.0
FR;80;2021-01-27;50842;1363;492491;3076;11.8;0.1
FR;80;2021-01-28;59945;5154;552436;8230;13.3;0.2
FR;80;2021-01-29;39292;4027;591728;12257;14.2;0.3
FR;80;2021-01-30;13221;655;604949;12912;14.5;0.3
FR;80;2021-01-31;2332;242;607281;13154;14.6;0.3
FR;80;2021-02-01;22982;3220;630263;16374;15.2;0.4
FR;80;2021-02-02;33428;9865;663691;26239;16.0;0.6
FR;80;2021-02-03;34392;9637;698083;35876;16.8;0.9
FR;80;2021-02-04;38011;15809;736094;51685;17.7;1.2
FR;80;2021-02-05;29749;9871;765843;61556;18.4;1.5
FR;80;2021-02-06;9702;2043;775545;63599;18.7;1.5
FR;80;2021-02-07;1448;2111;776993;65710;18.7;1.6
FR;80;2021-02-08;19326;12400;796319;78110;19.2;1.9
FR;80;2021-02-09;25872;29909;822191;108019;19.8;2.6
FR;80;2021-02-10;26281;33043;848472;141062;20.4;3.4
FR;80;2021-02-11;30433;44772;878905;185834;21.1;4.5
FR;80;2021-02-12;26683;23991;905588;209825;21.8;5.0
FR;80;2021-02-13;7923;5992;913511;215817;22.0;5.2
FR;80;2021-02-14;1507;2529;915018;218346;22.0;5.3
FR;80;2021-02-15;11112;26956;926130;245302;22.3;5.9
FR;80;2021-02-16;15524;38484;941654;283786;22.6;6.8
FR;80;2021-02-17;15907;46657;957561;330443;23.0;7.9
FR;80;2021-02-18;21442;56612;979003;387055;23.5;9.3
FR;80;2021-02-19;19014;36654;998017;423709;24.0;10.2
FR;80;2021-02-20;6298;12059;1004315;435768;24.2;10.5
FR;80;2021-02-21;913;2363;1005228;438131;24.2;10.5
FR;80;2021-02-22;11155;29422;1016383;467553;24.4;11.2
FR;80;2021-02-23;17036;37064;1033419;504617;24.9;12.1
FR;80;2021-02-24;17957;37803;1051376;542420;25.3;13.0
FR;80;2021-02-25;22225;40845;1073601;583265;25.8;14.0
FR;80;2021-02-26;20485;29722;1094086;612987;26.3;14.7
FR;80;2021-02-27;7167;10204;1101253;623191;26.5;15.0
FR;80;2021-02-28;1259;1642;1102512;624833;26.5;15.0
FR;80;2021-03-01;18714;22907;1121226;647740;27.0;15.6
FR;80;2021-03-02;26818;29026;1148044;676766;27.6;16.3
FR;80;2021-03-03;28621;28763;1176665;705529;28.3;17.0
FR;80;2021-03-04;34766;31265;1211431;736794;29.1;17.7
FR;80;2021-03-05;35786;26522;1247217;763316;30.0;18.4
FR;80;2021-03-06;41232;7799;1288449;771115;31.0;18.5
FR;80;2021-03-07;29634;1075;1318083;772190;31.7;18.6
FR;80;2021-03-08;27119;20995;1345202;793185;32.4;19.1
FR;80;2021-03-09;40588;23797;1385790;816982;33.3;19.6
FR;80;2021-03-10;42974;24664;1428764;841646;34.4;20.2
FR;80;2021-03-11;51451;27013;1480215;868659;35.6;20.9
FR;80;2021-03-12;51913;22097;1532128;890756;36.8;21.4
FR;80;2021-03-13;37330;6628;1569458;897384;37.7;21.6
FR;80;2021-03-14;13873;1047;1583331;898431;38.1;21.6
FR;80;2021-03-15;43966;12694;1627297;911125;39.1;21.9
FR;80;2021-03-16;51735;15976;1679032;927101;40.4;22.3
FR;80;2021-03-17;54523;15103;1733555;942204;41.7;22.7
FR;80;2021-03-18;58374;18234;1791929;960438;43.1;23.1
FR;80;2021-03-19;57253;14709;1849182;975147;44.5;23.5
FR;80;2021-03-20;30934;4913;1880116;980060;45.2;23.6
FR;80;2021-03-21;8680;664;1888796;980724;45.4;23.6
FR;80;2021-03-22;42764;13536;1931560;994260;46.5;23.9
FR;80;2021-03-23;55435;17444;1986995;1011704;47.8;24.3
FR;80;2021-03-24;54305;18262;2041300;1029966;49.1;24.8
FR;80;2021-03-25;63748;19347;2105048;1049313;50.6;25.2
FR;80;2021-03-26;59978;17550;2165026;1066863;52.1;25.7
FR;80;2021-03-27;26525;7278;2191551;1074141;52.7;25.8
FR;80;2021-03-28;6921;1834;2198472;1075975;52.9;25.9
FR;80;2021-03-29;32777;22288;2231249;1098263;53.7;26.4
FR;80;2021-03-30;43026;30218;2274275;1128481;54.7;27.1
FR;80;2021-03-31;40370;32273;2314645;1160754;55.7;27.9
FR;80;2021-04-01;45828;40073;2360473;1200827;56.8;28.9
FR;80;2021-04-02;36927;41059;2397400;1241886;57.7;29.9
FR;80;2021-04-03;14475;26158;2411875;1268044;58.0;30.5
FR;80;2021-04-04;3858;7493;2415733;1275537;58.1;30.7
FR;80;2021-04-05;5583;3816;2421316;1279353;58.2;30.8
FR;80;2021-04-06;26985;46822;2448301;1326175;58.9;31.9
FR;80;2021-04-07;33027;47692;2481328;1373867;59.7;33.0
FR;80;2021-04-08;39550;48687;2520878;1422554;60.6;34.2
FR;80;2021-04-09;42975;45041;2563853;1467595;61.7;35.3
FR;80;2021-04-10;19705;28307;2583558;1495902;62.1;36.0
FR;80;2021-04-11;4804;8954;2588362;1504856;62.3;36.2
FR;80;2021-04-12;23263;44813;2611625;1549669;62.8;37.3
FR;80;2021-04-13;29848;53654;2641473;1603323;63.5;38.6
FR;80;2021-04-14;28613;51439;2670086;1654762;64.2;39.8
FR;80;2021-04-15;30819;52977;2700905;1707739;65.0;41.1
FR;80;2021-04-16;26015;48367;2726920;1756106;65.6;42.2
FR;80;2021-04-17;12234;24816;2739154;1780922;65.9;42.8
FR;80;2021-04-18;2507;7404;2741661;1788326;65.9;43.0
FR;80;2021-04-19;14087;42795;2755748;1831121;66.3;44.0
FR;80;2021-04-20;17695;52338;2773443;1883459;66.7;45.3
FR;80;2021-04-21;17698;49555;2791141;1933014;67.1;46.5
FR;80;2021-04-22;20312;50838;2811453;1983852;67.6;47.7
FR;80;2021-04-23;18767;44013;2830220;2027865;68.1;48.8
FR;80;2021-04-24;9307;20696;2839527;2048561;68.3;49.3
FR;80;2021-04-25;2638;4881;2842165;2053442;68.4;49.4
FR;80;2021-04-26;12078;30068;2854243;2083510;68.6;50.1
FR;80;2021-04-27;16463;35551;2870706;2119061;69.0;51.0
FR;80;2021-04-28;17578;33640;2888284;2152701;69.5;51.8
FR;80;2021-04-29;20928;34917;2909212;2187618;70.0;52.6
FR;80;2021-04-30;19792;28536;2929004;2216154;70.4;53.3
FR;80;2021-05-01;5701;5505;2934705;2221659;70.6;53.4
FR;80;2021-05-02;2574;3647;2937279;2225306;70.6;53.5
FR;80;2021-05-03;12016;19141;2949295;2244447;70.9;54.0
FR;0;2020-12-27;18;0;18;0;0.0;0.0
FR;0;2020-12-28;60;0;78;0;0.0;0.0
FR;0;2020-12-29;107;0;185;0;0.0;0.0
FR;0;2020-12-30;116;0;301;0;0.0;0.0
FR;0;2020-12-31;83;0;384;0;0.0;0.0
FR;0;2021-01-01;59;0;443;0;0.0;0.0
FR;0;2021-01-02;72;0;515;0;0.0;0.0
FR;0;2021-01-03;87;0;602;0;0.0;0.0
FR;0;2021-01-04;1464;0;2066;0;0.0;0.0
FR;0;2021-01-05;5358;0;7424;0;0.0;0.0
FR;0;2021-01-06;11254;3;18678;3;0.0;0.0
FR;0;2021-01-07;28459;15;47137;18;0.1;0.0
FR;0;2021-01-08;35916;6;83053;24;0.1;0.0
FR;0;2021-01-09;10867;1;93920;25;0.1;0.0
FR;0;2021-01-10;5600;0;99520;25;0.1;0.0
FR;0;2021-01-11;38738;9;138258;34;0.2;0.0
FR;0;2021-01-12;60359;16;198617;50;0.3;0.0
FR;0;2021-01-13;63404;30;262021;80;0.4;0.0
FR;0;2021-01-14;79520;54;341541;134;0.5;0.0
FR;0;2021-01-15;67020;17;408561;151;0.6;0.0
FR;0;2021-01-16;19582;855;428143;1006;0.6;0.0
FR;0;2021-01-17;10447;41;438590;1047;0.7;0.0
FR;0;2021-01-18;84152;216;522742;1263;0.8;0.0
FR;0;2021-01-19;127901;267;650643;1530;1.0;0.0
FR;0;2021-01-20;134646;218;785289;1748;1.2;0.0
FR;0;2021-01-21;154642;221;939931;1969;1.4;0.0
FR;0;2021-01-22;117998;277;1057929;2246;1.6;0.0
FR;0;2021-01-23;37729;89;1095658;2335;1.6;0.0
FR;0;2021-01-24;9318;105;1104976;2440;1.6;0.0
FR;0;2021-01-25;76584;1528;1181560;3968;1.8;0.0
FR;0;2021-01-26;98445;3960;1280005;7928;1.9;0.0
FR;0;2021-01-27;105380;6848;1385385;14776;2.1;0.0
FR;0;2021-01-28;121906;17575;1507291;32351;2.2;0.0
FR;0;2021-01-29;90622;19688;1597913;52039;2.4;0.1
FR;0;2021-01-30;28618;4678;1626531;56717;2.4;0.1
FR;0;2021-01-31;4859;1910;1631390;58627;2.4;0.1
FR;0;2021-02-01;51363;24149;1682753;82776;2.5;0.1
FR;0;2021-02-02;70329;40755;1753082;123531;2.6;0.2
FR;0;2021-02-03;70794;42034;1823876;165565;2.7;0.2
FR;0;2021-02-04;80092;58712;1903968;224277;2.8;0.3
FR;0;2021-02-05;66757;49607;1970725;273884;2.9;0.4
FR;0;2021-02-06;21228;11411;1991953;285295;3.0;0.4
FR;0;2021-02-07;4814;6459;1996767;291754;3.0;0.4
FR;0;2021-02-08;45712;50151;2042479;341905;3.0;0.5
FR;0;2021-02-09;64560;82476;2107039;424381;3.1;0.6
FR;0;2021-02-10;68897;87459;2175936;511840;3.2;0.8
FR;0;2021-02-11;85080;110426;2261016;622266;3.4;0.9
FR;0;2021-02-12;77235;75927;2338251;698193;3.5;1.0
FR;0;2021-02-13;21547;18681;2359798;716874;3.5;1.1
FR;0;2021-02-14;4541;6758;2364339;723632;3.5;1.1
FR;0;2021-02-15;36776;75183;2401115;798815;3.6;1.2
FR;0;2021-02-16;48901;96719;2450016;895534;3.7;1.3
FR;0;2021-02-17;49075;108010;2499091;1003544;3.7;1.5
FR;0;2021-02-18;67297;125800;2566388;1129344;3.8;1.7
FR;0;2021-02-19;63319;91272;2629707;1220616;3.9;1.8
FR;0;2021-02-20;17859;27692;2647566;1248308;3.9;1.9
FR;0;2021-02-21;2837;5389;2650403;1253697;3.9;1.9
FR;0;2021-02-22;36188;70911;2686591;1324608;4.0;2.0
FR;0;2021-02-23;52135;83795;2738726;1408403;4.1;2.1
FR;0;2021-02-24;57678;82718;2796404;1491121;4.2;2.2
FR;0;2021-02-25;97688;89146;2894092;1580267;4.3;2.4
FR;0;2021-02-26;110791;69483;3004883;1649750;4.5;2.5
FR;0;2021-02-27;50662;22323;3055545;1672073;4.6;2.5
FR;0;2021-02-28;5632;3605;3061177;1675678;4.6;2.5
FR;0;2021-03-01;62921;52651;3124098;1728329;4.7;2.6
FR;0;2021-03-02;98481;66798;3222579;1795127;4.8;2.7
FR;0;2021-03-03;112404;64814;3334983;1859941;5.0;2.8
FR;0;2021-03-04;158031;73978;3493014;1933919;5.2;2.9
FR;0;2021-03-05;195717;62125;3688731;1996044;5.5;3.0
FR;0;2021-03-06;202060;17311;3890791;2013355;5.8;3.0
FR;0;2021-03-07;118837;2672;4009628;2016027;6.0;3.0
FR;0;2021-03-08;103848;47241;4113476;2063268;6.1;3.1
FR;0;2021-03-09;168145;54747;4281621;2118015;6.4;3.2
FR;0;2021-03-10;174070;56381;4455691;2174396;6.6;3.2
FR;0;2021-03-11;237092;64208;4692783;2238604;7.0;3.3
FR;0;2021-03-12;288568;53228;4981351;2291832;7.4;3.4
FR;0;2021-03-13;226362;15440;5207713;2307272;7.8;3.4
FR;0;2021-03-14;61929;2736;5269642;2310008;7.9;3.4
FR;0;2021-03-15;154750;30629;5424392;2340637;8.1;3.5
FR;0;2021-03-16;138887;38454;5563279;2379091;8.3;3.5
FR;0;2021-03-17;147437;37502;5710716;2416593;8.5;3.6
FR;0;2021-03-18;164476;45055;5875192;2461648;8.8;3.7
FR;0;2021-03-19;225486;37862;6100678;2499510;9.1;3.7
FR;0;2021-03-20;163924;12540;6264602;2512050;9.3;3.7
FR;0;2021-03-21;48655;2123;6313257;2514173;9.4;3.7
FR;0;2021-03-22;166405;34301;6479662;2548474;9.7;3.8
FR;0;2021-03-23;245693;44344;6725355;2592818;10.0;3.9
FR;0;2021-03-24;252213;45679;6977568;2638497;10.4;3.9
FR;0;2021-03-25;335868;49169;7313436;2687666;10.9;4.0
FR;0;2021-03-26;353134;45566;7666570;2733232;11.4;4.1
FR;0;2021-03-27;192213;19385;7858783;2752617;11.7;4.1
FR;0;2021-03-28;58202;5605;7916985;2758222;11.8;4.1
FR;0;2021-03-29;199381;54613;8116366;2812835;12.1;4.2
FR;0;2021-03-30;280363;73804;8396729;2886639;12.5;4.3
FR;0;2021-03-31;257761;78300;8654490;2964939;12.9;4.4
FR;0;2021-04-01;307282;100055;8961772;3064994;13.4;4.6
FR;0;2021-04-02;276049;101054;9237821;3166048;13.8;4.7
FR;0;2021-04-03;138608;65088;9376429;3231136;14.0;4.8
FR;0;2021-04-04;44713;19957;9421142;3251093;14.0;4.8
FR;0;2021-04-05;58504;11255;9479646;3262348;14.1;4.9
FR;0;2021-04-06;208944;117555;9688590;3379903;14.4;5.0
FR;0;2021-04-07;253285;119594;9941875;3499497;14.8;5.2
FR;0;2021-04-08;328220;130485;10270095;3629982;15.3;5.4
FR;0;2021-04-09;400132;124596;10670227;3754578;15.9;5.6
FR;0;2021-04-10;208878;86623;10879105;3841201;16.2;5.7
FR;0;2021-04-11;54662;35019;10933767;3876220;16.3;5.8
FR;0;2021-04-12;231619;119728;11165386;3995948;16.6;6.0
FR;0;2021-04-13;302110;148820;11467496;4144768;17.1;6.2
FR;0;2021-04-14;285977;146409;11753473;4291177;17.5;6.4
FR;0;2021-04-15;326923;158324;12080396;4449501;18.0;6.6
FR;0;2021-04-16;330588;154152;12410984;4603653;18.5;6.9
FR;0;2021-04-17;184591;93631;12595575;4697284;18.8;7.0
FR;0;2021-04-18;49992;36804;12645567;4734088;18.8;7.1
FR;0;2021-04-19;200534;142561;12846101;4876649;19.1;7.3
FR;0;2021-04-20;247244;178543;13093345;5055192;19.5;7.5
FR;0;2021-04-21;244926;177011;13338271;5232203;19.9;7.8
FR;0;2021-04-22;279110;199045;13617381;5431248;20.3;8.1
FR;0;2021-04-23;283747;193375;13901128;5624623;20.7;8.4
FR;0;2021-04-24;186504;118021;14087632;5742644;21.0;8.6
FR;0;2021-04-25;67154;41092;14154786;5783736;21.1;8.6
FR;0;2021-04-26;212255;167547;14367041;5951283;21.4;8.9
FR;0;2021-04-27;276932;203981;14643973;6155264;21.8;9.2
FR;0;2021-04-28;290317;200240;14934290;6355504;22.3;9.5
FR;0;2021-04-29;343618;221695;15277908;6577199;22.8;9.8
FR;0;2021-04-30;358825;213759;15636733;6790958;23.3;10.1
FR;0;2021-05-01;158201;59731;15794934;6850689;23.5;10.2
FR;0;2021-05-02;88771;41431;15883705;6892120;23.7;10.3
FR;0;2021-05-03;274698;165654;16158403;7057774;24.1;10.5
