reg;jour;n_dose1;n_complet;n_cum_dose1;n_cum_complet;couv_dose1;couv_complet
01;2020-12-27;0;0;0;0;0.0;0.0
01;2020-12-28;0;0;0;0;0.0;0.0
01;2020-12-29;0;0;0;0;0.0;0.0
01;2020-12-30;0;0;0;0;0.0;0.0
01;2020-12-31;0;0;0;0;0.0;0.0
01;2021-01-01;0;0;0;0;0.0;0.0
01;2021-01-02;0;0;0;0;0.0;0.0
01;2021-01-03;0;0;0;0;0.0;0.0
01;2021-01-04;1;0;1;0;0.0;0.0
01;2021-01-05;0;0;1;0;0.0;0.0
01;2021-01-06;0;0;1;0;0.0;0.0
01;2021-01-07;0;0;1;0;0.0;0.0
01;2021-01-08;34;0;35;0;0.0;0.0
01;2021-01-09;14;0;49;0;0.0;0.0
01;2021-01-10;0;0;49;0;0.0;0.0
01;2021-01-11;27;0;76;0;0.0;0.0
01;2021-01-12;33;0;109;0;0.0;0.0
01;2021-01-13;45;0;154;0;0.0;0.0
01;2021-01-14;60;0;214;0;0.1;0.0
01;2021-01-15;75;0;289;0;0.1;0.0
01;2021-01-16;0;0;289;0;0.1;0.0
01;2021-01-17;0;0;289;0;0.1;0.0
01;2021-01-18;75;0;364;0;0.1;0.0
01;2021-01-19;137;0;501;0;0.1;0.0
01;2021-01-20;127;0;628;0;0.2;0.0
01;2021-01-21;138;1;766;1;0.2;0.0
01;2021-01-22;123;0;889;1;0.2;0.0
01;2021-01-23;1;0;890;1;0.2;0.0
01;2021-01-24;0;0;890;1;0.2;0.0
01;2021-01-25;200;1;1090;2;0.3;0.0
01;2021-01-26;197;1;1287;3;0.3;0.0
01;2021-01-27;229;0;1516;3;0.4;0.0
01;2021-01-28;207;3;1723;6;0.5;0.0
01;2021-01-29;189;2;1912;8;0.5;0.0
01;2021-01-30;10;0;1922;8;0.5;0.0
01;2021-01-31;1;0;1923;8;0.5;0.0
01;2021-02-01;217;4;2140;12;0.6;0.0
01;2021-02-02;234;24;2374;36;0.6;0.0
01;2021-02-03;189;4;2563;40;0.7;0.0
01;2021-02-04;265;20;2828;60;0.8;0.0
01;2021-02-05;211;33;3039;93;0.8;0.0
01;2021-02-06;45;1;3084;94;0.8;0.0
01;2021-02-07;0;0;3084;94;0.8;0.0
01;2021-02-08;179;22;3263;116;0.9;0.0
01;2021-02-09;308;28;3571;144;0.9;0.0
01;2021-02-10;186;30;3757;174;1.0;0.0
01;2021-02-11;291;109;4048;283;1.1;0.1
01;2021-02-12;279;24;4327;307;1.1;0.1
01;2021-02-13;14;8;4341;315;1.2;0.1
01;2021-02-14;18;36;4359;351;1.2;0.1
01;2021-02-15;58;45;4417;396;1.2;0.1
01;2021-02-16;14;1;4431;397;1.2;0.1
01;2021-02-17;19;1;4450;398;1.2;0.1
01;2021-02-18;169;17;4619;415;1.2;0.1
01;2021-02-19;202;19;4821;434;1.3;0.1
01;2021-02-20;6;0;4827;434;1.3;0.1
01;2021-02-21;1;0;4828;434;1.3;0.1
01;2021-02-22;88;66;4916;500;1.3;0.1
01;2021-02-23;154;75;5070;575;1.3;0.2
01;2021-02-24;239;125;5309;700;1.4;0.2
01;2021-02-25;270;79;5579;779;1.5;0.2
01;2021-02-26;151;86;5730;865;1.5;0.2
01;2021-02-27;59;0;5789;865;1.5;0.2
01;2021-02-28;1;0;5790;865;1.5;0.2
01;2021-03-01;123;81;5913;946;1.6;0.3
01;2021-03-02;234;131;6147;1077;1.6;0.3
01;2021-03-03;193;117;6340;1194;1.7;0.3
01;2021-03-04;288;82;6628;1276;1.8;0.3
01;2021-03-05;303;143;6931;1419;1.8;0.4
01;2021-03-06;571;2;7502;1421;2.0;0.4
01;2021-03-07;1;0;7503;1421;2.0;0.4
01;2021-03-08;257;141;7760;1562;2.1;0.4
01;2021-03-09;279;150;8039;1712;2.1;0.5
01;2021-03-10;310;155;8349;1867;2.2;0.5
01;2021-03-11;121;43;8470;1910;2.2;0.5
01;2021-03-12;260;212;8730;2122;2.3;0.6
01;2021-03-13;59;3;8789;2125;2.3;0.6
01;2021-03-14;13;23;8802;2148;2.3;0.6
01;2021-03-15;248;44;9050;2192;2.4;0.6
01;2021-03-16;323;78;9373;2270;2.5;0.6
01;2021-03-17;323;83;9696;2353;2.6;0.6
01;2021-03-18;384;106;10080;2459;2.7;0.7
01;2021-03-19;380;98;10460;2557;2.8;0.7
01;2021-03-20;86;44;10546;2601;2.8;0.7
01;2021-03-21;8;0;10554;2601;2.8;0.7
01;2021-03-22;333;86;10887;2687;2.9;0.7
01;2021-03-23;474;159;11361;2846;3.0;0.8
01;2021-03-24;481;109;11842;2955;3.1;0.8
01;2021-03-25;708;177;12550;3132;3.3;0.8
01;2021-03-26;649;120;13199;3252;3.5;0.9
01;2021-03-27;269;47;13468;3299;3.6;0.9
01;2021-03-28;4;0;13472;3299;3.6;0.9
01;2021-03-29;370;80;13842;3379;3.7;0.9
01;2021-03-30;607;164;14449;3543;3.8;0.9
01;2021-03-31;525;126;14974;3669;4.0;1.0
01;2021-04-01;607;201;15581;3870;4.1;1.0
01;2021-04-02;39;35;15620;3905;4.1;1.0
01;2021-04-03;40;2;15660;3907;4.2;1.0
01;2021-04-04;4;18;15664;3925;4.2;1.0
01;2021-04-05;3;0;15667;3925;4.2;1.0
01;2021-04-06;406;186;16073;4111;4.3;1.1
01;2021-04-07;559;115;16632;4226;4.4;1.1
01;2021-04-08;452;159;17084;4385;4.5;1.2
01;2021-04-09;464;211;17548;4596;4.7;1.2
01;2021-04-10;103;6;17651;4602;4.7;1.2
01;2021-04-11;2;25;17653;4627;4.7;1.2
01;2021-04-12;264;258;17917;4885;4.8;1.3
01;2021-04-13;529;320;18446;5205;4.9;1.4
01;2021-04-14;396;219;18842;5424;5.0;1.4
01;2021-04-15;534;314;19376;5738;5.1;1.5
01;2021-04-16;535;270;19911;6008;5.3;1.6
01;2021-04-17;169;2;20080;6010;5.3;1.6
01;2021-04-18;4;14;20084;6024;5.3;1.6
01;2021-04-19;373;236;20457;6260;5.4;1.7
01;2021-04-20;708;342;21165;6602;5.6;1.8
01;2021-04-21;608;309;21773;6911;5.8;1.8
01;2021-04-22;793;329;22566;7240;6.0;1.9
01;2021-04-23;838;247;23404;7487;6.2;2.0
01;2021-04-24;319;71;23723;7558;6.3;2.0
01;2021-04-25;598;63;24321;7621;6.5;2.0
01;2021-04-26;918;208;25239;7829;6.7;2.1
01;2021-04-27;614;225;25853;8054;6.9;2.1
01;2021-04-28;865;268;26718;8322;7.1;2.2
01;2021-04-29;1177;184;27895;8506;7.4;2.3
01;2021-04-30;1245;161;29140;8667;7.7;2.3
01;2021-05-01;554;37;29694;8704;7.9;2.3
01;2021-05-02;327;15;30021;8719;8.0;2.3
01;2021-05-03;900;166;30921;8885;8.2;2.4
01;2021-05-04;920;193;31841;9078;8.4;2.4
01;2021-05-05;942;239;32783;9317;8.7;2.5
01;2021-05-06;1094;161;33877;9478;9.0;2.5
01;2021-05-07;1175;259;35052;9737;9.3;2.6
01;2021-05-08;307;30;35359;9767;9.4;2.6
01;2021-05-09;178;9;35537;9776;9.4;2.6
01;2021-05-10;815;204;36352;9980;9.6;2.6
01;2021-05-11;941;303;37293;10283;9.9;2.7
01;2021-05-12;889;316;38182;10599;10.1;2.8
01;2021-05-13;206;78;38388;10677;10.2;2.8
01;2021-05-14;795;268;39183;10945;10.4;2.9
01;2021-05-15;433;13;39616;10958;10.5;2.9
01;2021-05-16;179;34;39795;10992;10.6;2.9
01;2021-05-17;617;267;40412;11259;10.7;3.0
01;2021-05-18;642;388;41054;11647;10.9;3.1
01;2021-05-19;673;537;41727;12184;11.1;3.2
01;2021-05-20;721;367;42448;12551;11.3;3.3
01;2021-05-21;750;397;43198;12948;11.5;3.4
01;2021-05-22;471;217;43669;13165;11.6;3.5
01;2021-05-23;195;115;43864;13280;11.6;3.5
01;2021-05-24;193;176;44057;13456;11.7;3.6
01;2021-05-25;475;662;44532;14118;11.8;3.7
01;2021-05-26;538;491;45070;14609;12.0;3.9
01;2021-05-27;127;185;45197;14794;12.0;3.9
01;2021-05-28;470;521;45667;15315;12.1;4.1
01;2021-05-29;218;135;45885;15450;12.2;4.1
01;2021-05-30;70;111;45955;15561;12.2;4.1
01;2021-05-31;410;536;46365;16097;12.3;4.3
01;2021-06-01;476;713;46841;16810;12.4;4.5
01;2021-06-02;465;708;47306;17518;12.6;4.6
01;2021-06-03;407;561;47713;18079;12.7;4.8
01;2021-06-04;592;796;48305;18875;12.8;5.0
01;2021-06-05;260;652;48565;19527;12.9;5.2
01;2021-06-06;121;530;48686;20057;12.9;5.3
01;2021-06-07;385;829;49071;20886;13.0;5.5
01;2021-06-08;694;659;49765;21545;13.2;5.7
01;2021-06-09;586;856;50351;22401;13.4;5.9
01;2021-06-10;418;849;50769;23250;13.5;6.2
02;2020-12-27;0;0;0;0;0.0;0.0
02;2020-12-28;0;0;0;0;0.0;0.0
02;2020-12-29;0;0;0;0;0.0;0.0
02;2020-12-30;0;0;0;0;0.0;0.0
02;2020-12-31;0;0;0;0;0.0;0.0
02;2021-01-01;0;0;0;0;0.0;0.0
02;2021-01-02;0;0;0;0;0.0;0.0
02;2021-01-03;0;0;0;0;0.0;0.0
02;2021-01-04;0;0;0;0;0.0;0.0
02;2021-01-05;0;0;0;0;0.0;0.0
02;2021-01-06;5;0;5;0;0.0;0.0
02;2021-01-07;31;0;36;0;0.0;0.0
02;2021-01-08;80;1;116;1;0.0;0.0
02;2021-01-09;20;0;136;1;0.0;0.0
02;2021-01-10;0;0;136;1;0.0;0.0
02;2021-01-11;122;0;258;1;0.1;0.0
02;2021-01-12;78;0;336;1;0.1;0.0
02;2021-01-13;64;0;400;1;0.1;0.0
02;2021-01-14;87;0;487;1;0.1;0.0
02;2021-01-15;136;0;623;1;0.2;0.0
02;2021-01-16;51;0;674;1;0.2;0.0
02;2021-01-17;0;0;674;1;0.2;0.0
02;2021-01-18;157;0;831;1;0.2;0.0
02;2021-01-19;167;0;998;1;0.3;0.0
02;2021-01-20;163;0;1161;1;0.3;0.0
02;2021-01-21;181;1;1342;2;0.4;0.0
02;2021-01-22;156;0;1498;2;0.4;0.0
02;2021-01-23;58;0;1556;2;0.4;0.0
02;2021-01-24;0;0;1556;2;0.4;0.0
02;2021-01-25;159;0;1715;2;0.5;0.0
02;2021-01-26;137;0;1852;2;0.5;0.0
02;2021-01-27;161;5;2013;7;0.6;0.0
02;2021-01-28;143;12;2156;19;0.6;0.0
02;2021-01-29;142;41;2298;60;0.6;0.0
02;2021-01-30;96;16;2394;76;0.7;0.0
02;2021-01-31;0;0;2394;76;0.7;0.0
02;2021-02-01;119;74;2513;150;0.7;0.0
02;2021-02-02;184;95;2697;245;0.8;0.1
02;2021-02-03;130;81;2827;326;0.8;0.1
02;2021-02-04;158;73;2985;399;0.8;0.1
02;2021-02-05;120;97;3105;496;0.9;0.1
02;2021-02-06;62;26;3167;522;0.9;0.1
02;2021-02-07;1;0;3168;522;0.9;0.1
02;2021-02-08;136;78;3304;600;0.9;0.2
02;2021-02-09;175;80;3479;680;1.0;0.2
02;2021-02-10;138;90;3617;770;1.0;0.2
02;2021-02-11;149;103;3766;873;1.0;0.2
02;2021-02-12;124;128;3890;1001;1.1;0.3
02;2021-02-13;38;37;3928;1038;1.1;0.3
02;2021-02-14;0;0;3928;1038;1.1;0.3
02;2021-02-15;51;67;3979;1105;1.1;0.3
02;2021-02-16;0;1;3979;1106;1.1;0.3
02;2021-02-17;1;3;3980;1109;1.1;0.3
02;2021-02-18;68;128;4048;1237;1.1;0.3
02;2021-02-19;69;131;4117;1368;1.1;0.4
02;2021-02-20;48;69;4165;1437;1.2;0.4
02;2021-02-21;0;0;4165;1437;1.2;0.4
02;2021-02-22;101;60;4266;1497;1.2;0.4
02;2021-02-23;113;238;4379;1735;1.2;0.5
02;2021-02-24;107;223;4486;1958;1.3;0.5
02;2021-02-25;89;150;4575;2108;1.3;0.6
02;2021-02-26;126;169;4701;2277;1.3;0.6
02;2021-02-27;69;52;4770;2329;1.3;0.6
02;2021-02-28;0;0;4770;2329;1.3;0.6
02;2021-03-01;138;144;4908;2473;1.4;0.7
02;2021-03-02;159;78;5067;2551;1.4;0.7
02;2021-03-03;178;144;5245;2695;1.5;0.8
02;2021-03-04;145;135;5390;2830;1.5;0.8
02;2021-03-05;240;128;5630;2958;1.6;0.8
02;2021-03-06;119;59;5749;3017;1.6;0.8
02;2021-03-07;100;1;5849;3018;1.6;0.8
02;2021-03-08;196;132;6045;3150;1.7;0.9
02;2021-03-09;269;102;6314;3252;1.8;0.9
02;2021-03-10;321;134;6635;3386;1.8;0.9
02;2021-03-11;328;83;6963;3469;1.9;1.0
02;2021-03-12;400;53;7363;3522;2.1;1.0
02;2021-03-13;155;21;7518;3543;2.1;1.0
02;2021-03-14;4;1;7522;3544;2.1;1.0
02;2021-03-15;276;92;7798;3636;2.2;1.0
02;2021-03-16;305;55;8103;3691;2.3;1.0
02;2021-03-17;387;49;8490;3740;2.4;1.0
02;2021-03-18;437;44;8927;3784;2.5;1.1
02;2021-03-19;396;61;9323;3845;2.6;1.1
02;2021-03-20;149;47;9472;3892;2.6;1.1
02;2021-03-21;25;1;9497;3893;2.6;1.1
02;2021-03-22;363;116;9860;4009;2.7;1.1
02;2021-03-23;401;123;10261;4132;2.9;1.2
02;2021-03-24;428;104;10689;4236;3.0;1.2
02;2021-03-25;470;99;11159;4335;3.1;1.2
02;2021-03-26;633;100;11792;4435;3.3;1.2
02;2021-03-27;152;71;11944;4506;3.3;1.3
02;2021-03-28;81;2;12025;4508;3.4;1.3
02;2021-03-29;420;170;12445;4678;3.5;1.3
02;2021-03-30;470;245;12915;4923;3.6;1.4
02;2021-03-31;1143;187;14058;5110;3.9;1.4
02;2021-04-01;953;167;15011;5277;4.2;1.5
02;2021-04-02;893;7;15904;5284;4.4;1.5
02;2021-04-03;787;48;16691;5332;4.7;1.5
02;2021-04-04;750;10;17441;5342;4.9;1.5
02;2021-04-05;828;39;18269;5381;5.1;1.5
02;2021-04-06;883;132;19152;5513;5.3;1.5
02;2021-04-07;1433;323;20585;5836;5.7;1.6
02;2021-04-08;1303;266;21888;6102;6.1;1.7
02;2021-04-09;1234;317;23122;6419;6.4;1.8
02;2021-04-10;837;161;23959;6580;6.7;1.8
02;2021-04-11;621;12;24580;6592;6.9;1.8
02;2021-04-12;868;313;25448;6905;7.1;1.9
02;2021-04-13;866;325;26314;7230;7.3;2.0
02;2021-04-14;957;323;27271;7553;7.6;2.1
02;2021-04-15;957;291;28228;7844;7.9;2.2
02;2021-04-16;991;298;29219;8142;8.1;2.3
02;2021-04-17;525;161;29744;8303;8.3;2.3
02;2021-04-18;339;56;30083;8359;8.4;2.3
02;2021-04-19;668;347;30751;8706;8.6;2.4
02;2021-04-20;869;309;31620;9015;8.8;2.5
02;2021-04-21;997;358;32617;9373;9.1;2.6
02;2021-04-22;602;312;33219;9685;9.3;2.7
02;2021-04-23;604;464;33823;10149;9.4;2.8
02;2021-04-24;360;197;34183;10346;9.5;2.9
02;2021-04-25;168;200;34351;10546;9.6;2.9
02;2021-04-26;514;543;34865;11089;9.7;3.1
02;2021-04-27;562;609;35427;11698;9.9;3.3
02;2021-04-28;464;692;35891;12390;10.0;3.5
02;2021-04-29;651;642;36542;13032;10.2;3.6
02;2021-04-30;773;689;37315;13721;10.4;3.8
02;2021-05-01;245;245;37560;13966;10.5;3.9
02;2021-05-02;226;513;37786;14479;10.5;4.0
02;2021-05-03;579;771;38365;15250;10.7;4.3
02;2021-05-04;521;677;38886;15927;10.8;4.4
02;2021-05-05;557;898;39443;16825;11.0;4.7
02;2021-05-06;556;780;39999;17605;11.1;4.9
02;2021-05-07;649;1016;40648;18621;11.3;5.2
02;2021-05-08;222;526;40870;19147;11.4;5.3
02;2021-05-09;181;506;41051;19653;11.4;5.5
02;2021-05-10;518;860;41569;20513;11.6;5.7
02;2021-05-11;477;870;42046;21383;11.7;6.0
02;2021-05-12;560;913;42606;22296;11.9;6.2
02;2021-05-13;270;533;42876;22829;12.0;6.4
02;2021-05-14;386;753;43262;23582;12.1;6.6
02;2021-05-15;232;579;43494;24161;12.1;6.7
02;2021-05-16;155;442;43649;24603;12.2;6.9
02;2021-05-17;462;755;44111;25358;12.3;7.1
02;2021-05-18;439;675;44550;26033;12.4;7.3
02;2021-05-19;435;740;44985;26773;12.5;7.5
02;2021-05-20;587;501;45572;27274;12.7;7.6
02;2021-05-21;541;705;46113;27979;12.9;7.8
02;2021-05-22;182;365;46295;28344;12.9;7.9
02;2021-05-23;109;181;46404;28525;12.9;8.0
02;2021-05-24;131;242;46535;28767;13.0;8.0
02;2021-05-25;344;705;46879;29472;13.1;8.2
02;2021-05-26;371;713;47250;30185;13.2;8.4
02;2021-05-27;260;648;47510;30833;13.2;8.6
02;2021-05-28;264;819;47774;31652;13.3;8.8
02;2021-05-29;149;513;47923;32165;13.4;9.0
02;2021-05-30;15;33;47938;32198;13.4;9.0
02;2021-05-31;342;686;48280;32884;13.5;9.2
02;2021-06-01;289;548;48569;33432;13.5;9.3
02;2021-06-02;308;573;48877;34005;13.6;9.5
02;2021-06-03;246;433;49123;34438;13.7;9.6
02;2021-06-04;348;651;49471;35089;13.8;9.8
02;2021-06-05;229;356;49700;35445;13.9;9.9
02;2021-06-06;21;31;49721;35476;13.9;9.9
02;2021-06-07;261;744;49982;36220;13.9;10.1
02;2021-06-08;399;513;50381;36733;14.0;10.2
02;2021-06-09;464;703;50845;37436;14.2;10.4
02;2021-06-10;285;452;51130;37888;14.3;10.6
03;2020-12-27;0;0;0;0;0.0;0.0
03;2020-12-28;0;0;0;0;0.0;0.0
03;2020-12-29;0;0;0;0;0.0;0.0
03;2020-12-30;0;0;0;0;0.0;0.0
03;2020-12-31;0;0;0;0;0.0;0.0
03;2021-01-01;0;0;0;0;0.0;0.0
03;2021-01-02;0;0;0;0;0.0;0.0
03;2021-01-03;0;0;0;0;0.0;0.0
03;2021-01-04;0;0;0;0;0.0;0.0
03;2021-01-05;0;0;0;0;0.0;0.0
03;2021-01-06;0;0;0;0;0.0;0.0
03;2021-01-07;0;0;0;0;0.0;0.0
03;2021-01-08;0;0;0;0;0.0;0.0
03;2021-01-09;0;0;0;0;0.0;0.0
03;2021-01-10;0;0;0;0;0.0;0.0
03;2021-01-11;0;0;0;0;0.0;0.0
03;2021-01-12;0;0;0;0;0.0;0.0
03;2021-01-13;30;0;30;0;0.0;0.0
03;2021-01-14;46;0;76;0;0.0;0.0
03;2021-01-15;34;0;110;0;0.0;0.0
03;2021-01-16;18;0;128;0;0.0;0.0
03;2021-01-17;0;0;128;0;0.0;0.0
03;2021-01-18;62;0;190;0;0.1;0.0
03;2021-01-19;149;1;339;1;0.1;0.0
03;2021-01-20;132;0;471;1;0.2;0.0
03;2021-01-21;118;0;589;1;0.2;0.0
03;2021-01-22;76;0;665;1;0.2;0.0
03;2021-01-23;0;0;665;1;0.2;0.0
03;2021-01-24;0;0;665;1;0.2;0.0
03;2021-01-25;56;0;721;1;0.2;0.0
03;2021-01-26;100;0;821;1;0.3;0.0
03;2021-01-27;109;0;930;1;0.3;0.0
03;2021-01-28;96;2;1026;3;0.4;0.0
03;2021-01-29;104;3;1130;6;0.4;0.0
03;2021-01-30;0;0;1130;6;0.4;0.0
03;2021-01-31;0;0;1130;6;0.4;0.0
03;2021-02-01;54;0;1184;6;0.4;0.0
03;2021-02-02;122;4;1306;10;0.4;0.0
03;2021-02-03;116;7;1422;17;0.5;0.0
03;2021-02-04;79;26;1501;43;0.5;0.0
03;2021-02-05;65;8;1566;51;0.5;0.0
03;2021-02-06;0;0;1566;51;0.5;0.0
03;2021-02-07;0;0;1566;51;0.5;0.0
03;2021-02-08;51;13;1617;64;0.6;0.0
03;2021-02-09;92;39;1709;103;0.6;0.0
03;2021-02-10;101;42;1810;145;0.6;0.0
03;2021-02-11;102;93;1912;238;0.7;0.1
03;2021-02-12;86;65;1998;303;0.7;0.1
03;2021-02-13;0;0;1998;303;0.7;0.1
03;2021-02-14;0;0;1998;303;0.7;0.1
03;2021-02-15;27;65;2025;368;0.7;0.1
03;2021-02-16;123;53;2148;421;0.7;0.1
03;2021-02-17;145;117;2293;538;0.8;0.2
03;2021-02-18;102;143;2395;681;0.8;0.2
03;2021-02-19;121;72;2516;753;0.9;0.3
03;2021-02-20;0;0;2516;753;0.9;0.3
03;2021-02-21;0;0;2516;753;0.9;0.3
03;2021-02-22;78;48;2594;801;0.9;0.3
03;2021-02-23;157;98;2751;899;0.9;0.3
03;2021-02-24;190;120;2941;1019;1.0;0.4
03;2021-02-25;258;87;3199;1106;1.1;0.4
03;2021-02-26;264;69;3463;1175;1.2;0.4
03;2021-02-27;121;1;3584;1176;1.2;0.4
03;2021-02-28;0;0;3584;1176;1.2;0.4
03;2021-03-01;180;85;3764;1261;1.3;0.4
03;2021-03-02;255;108;4019;1369;1.4;0.5
03;2021-03-03;255;129;4274;1498;1.5;0.5
03;2021-03-04;281;81;4555;1579;1.6;0.5
03;2021-03-05;270;42;4825;1621;1.7;0.6
03;2021-03-06;116;1;4941;1622;1.7;0.6
03;2021-03-07;0;0;4941;1622;1.7;0.6
03;2021-03-08;187;41;5128;1663;1.8;0.6
03;2021-03-09;349;90;5477;1753;1.9;0.6
03;2021-03-10;356;96;5833;1849;2.0;0.6
03;2021-03-11;269;118;6102;1967;2.1;0.7
03;2021-03-12;285;91;6387;2058;2.2;0.7
03;2021-03-13;110;2;6497;2060;2.2;0.7
03;2021-03-14;0;0;6497;2060;2.2;0.7
03;2021-03-15;180;26;6677;2086;2.3;0.7
03;2021-03-16;241;139;6918;2225;2.4;0.8
03;2021-03-17;272;128;7190;2353;2.5;0.8
03;2021-03-18;250;153;7440;2506;2.6;0.9
03;2021-03-19;285;124;7725;2630;2.7;0.9
03;2021-03-20;255;14;7980;2644;2.7;0.9
03;2021-03-21;119;0;8099;2644;2.8;0.9
03;2021-03-22;219;114;8318;2758;2.9;0.9
03;2021-03-23;259;184;8577;2942;3.0;1.0
03;2021-03-24;226;208;8803;3150;3.0;1.1
03;2021-03-25;167;176;8970;3326;3.1;1.1
03;2021-03-26;188;306;9158;3632;3.2;1.2
03;2021-03-27;55;93;9213;3725;3.2;1.3
03;2021-03-28;0;0;9213;3725;3.2;1.3
03;2021-03-29;174;244;9387;3969;3.2;1.4
03;2021-03-30;445;234;9832;4203;3.4;1.4
03;2021-03-31;316;289;10148;4492;3.5;1.5
03;2021-04-01;410;255;10558;4747;3.6;1.6
03;2021-04-02;279;278;10837;5025;3.7;1.7
03;2021-04-03;109;119;10946;5144;3.8;1.8
03;2021-04-04;0;0;10946;5144;3.8;1.8
03;2021-04-05;118;14;11064;5158;3.8;1.8
03;2021-04-06;418;322;11482;5480;3.9;1.9
03;2021-04-07;486;332;11968;5812;4.1;2.0
03;2021-04-08;492;253;12460;6065;4.3;2.1
03;2021-04-09;469;224;12929;6289;4.4;2.2
03;2021-04-10;146;91;13075;6380;4.5;2.2
03;2021-04-11;1;0;13076;6380;4.5;2.2
03;2021-04-12;497;261;13573;6641;4.7;2.3
03;2021-04-13;622;237;14195;6878;4.9;2.4
03;2021-04-14;665;306;14860;7184;5.1;2.5
03;2021-04-15;720;242;15580;7426;5.4;2.6
03;2021-04-16;708;296;16288;7722;5.6;2.7
03;2021-04-17;476;124;16764;7846;5.8;2.7
03;2021-04-18;489;36;17253;7882;5.9;2.7
03;2021-04-19;682;245;17935;8127;6.2;2.8
03;2021-04-20;550;268;18485;8395;6.4;2.9
03;2021-04-21;769;234;19254;8629;6.6;3.0
03;2021-04-22;652;216;19906;8845;6.8;3.0
03;2021-04-23;657;219;20563;9064;7.1;3.1
03;2021-04-24;523;94;21086;9158;7.3;3.2
03;2021-04-25;602;39;21688;9197;7.5;3.2
03;2021-04-26;736;222;22424;9419;7.7;3.2
03;2021-04-27;766;336;23190;9755;8.0;3.4
03;2021-04-28;646;316;23836;10071;8.2;3.5
03;2021-04-29;602;273;24438;10344;8.4;3.6
03;2021-04-30;676;251;25114;10595;8.6;3.6
03;2021-05-01;211;26;25325;10621;8.7;3.7
03;2021-05-02;594;76;25919;10697;8.9;3.7
03;2021-05-03;557;388;26476;11085;9.1;3.8
03;2021-05-04;526;308;27002;11393;9.3;3.9
03;2021-05-05;569;440;27571;11833;9.5;4.1
03;2021-05-06;590;461;28161;12294;9.7;4.2
03;2021-05-07;525;457;28686;12751;9.9;4.4
03;2021-05-08;338;57;29024;12808;10.0;4.4
03;2021-05-09;261;72;29285;12880;10.1;4.4
03;2021-05-10;422;613;29707;13493;10.2;4.6
03;2021-05-11;360;490;30067;13983;10.3;4.8
03;2021-05-12;435;627;30502;14610;10.5;5.0
03;2021-05-13;336;98;30838;14708;10.6;5.1
03;2021-05-14;425;546;31263;15254;10.8;5.2
03;2021-05-15;249;343;31512;15597;10.8;5.4
03;2021-05-16;205;208;31717;15805;10.9;5.4
03;2021-05-17;387;591;32104;16396;11.0;5.6
03;2021-05-18;499;559;32603;16955;11.2;5.8
03;2021-05-19;469;543;33072;17498;11.4;6.0
03;2021-05-20;581;445;33653;17943;11.6;6.2
03;2021-05-21;469;599;34122;18542;11.7;6.4
03;2021-05-22;161;500;34283;19042;11.8;6.6
03;2021-05-23;254;469;34537;19511;11.9;6.7
03;2021-05-24;541;242;35078;19753;12.1;6.8
03;2021-05-25;489;741;35567;20494;12.2;7.1
03;2021-05-26;368;680;35935;21174;12.4;7.3
03;2021-05-27;648;515;36583;21689;12.6;7.5
03;2021-05-28;464;545;37047;22234;12.7;7.6
03;2021-05-29;230;360;37277;22594;12.8;7.8
03;2021-05-30;146;401;37423;22995;12.9;7.9
03;2021-05-31;335;571;37758;23566;13.0;8.1
03;2021-06-01;383;465;38141;24031;13.1;8.3
03;2021-06-02;456;548;38597;24579;13.3;8.5
03;2021-06-03;392;466;38989;25045;13.4;8.6
03;2021-06-04;507;487;39496;25532;13.6;8.8
03;2021-06-05;269;290;39765;25822;13.7;8.9
03;2021-06-06;208;299;39973;26121;13.8;9.0
03;2021-06-07;463;448;40436;26569;13.9;9.1
03;2021-06-08;517;281;40953;26850;14.1;9.2
03;2021-06-09;634;374;41587;27224;14.3;9.4
03;2021-06-10;344;289;41931;27513;14.4;9.5
04;2020-12-27;0;0;0;0;0.0;0.0
04;2020-12-28;0;0;0;0;0.0;0.0
04;2020-12-29;0;0;0;0;0.0;0.0
04;2020-12-30;0;0;0;0;0.0;0.0
04;2020-12-31;0;0;0;0;0.0;0.0
04;2021-01-01;1;0;1;0;0.0;0.0
04;2021-01-02;0;0;1;0;0.0;0.0
04;2021-01-03;0;0;1;0;0.0;0.0
04;2021-01-04;0;0;1;0;0.0;0.0
04;2021-01-05;2;0;3;0;0.0;0.0
04;2021-01-06;0;0;3;0;0.0;0.0
04;2021-01-07;0;0;3;0;0.0;0.0
04;2021-01-08;0;0;3;0;0.0;0.0
04;2021-01-09;1;0;4;0;0.0;0.0
04;2021-01-10;0;0;4;0;0.0;0.0
04;2021-01-11;0;0;4;0;0.0;0.0
04;2021-01-12;0;0;4;0;0.0;0.0
04;2021-01-13;0;0;4;0;0.0;0.0
04;2021-01-14;0;0;4;0;0.0;0.0
04;2021-01-15;332;0;336;0;0.0;0.0
04;2021-01-16;27;0;363;0;0.0;0.0
04;2021-01-17;0;0;363;0;0.0;0.0
04;2021-01-18;49;1;412;1;0.0;0.0
04;2021-01-19;393;0;805;1;0.1;0.0
04;2021-01-20;482;1;1287;2;0.1;0.0
04;2021-01-21;614;1;1901;3;0.2;0.0
04;2021-01-22;409;0;2310;3;0.3;0.0
04;2021-01-23;75;0;2385;3;0.3;0.0
04;2021-01-24;0;0;2385;3;0.3;0.0
04;2021-01-25;272;0;2657;3;0.3;0.0
04;2021-01-26;429;0;3086;3;0.4;0.0
04;2021-01-27;317;0;3403;3;0.4;0.0
04;2021-01-28;406;0;3809;3;0.4;0.0
04;2021-01-29;421;3;4230;6;0.5;0.0
04;2021-01-30;419;0;4649;6;0.5;0.0
04;2021-01-31;0;0;4649;6;0.5;0.0
04;2021-02-01;372;3;5021;9;0.6;0.0
04;2021-02-02;498;4;5519;13;0.6;0.0
04;2021-02-03;601;14;6120;27;0.7;0.0
04;2021-02-04;626;22;6746;49;0.8;0.0
04;2021-02-05;564;98;7310;147;0.9;0.0
04;2021-02-06;501;4;7811;151;0.9;0.0
04;2021-02-07;0;8;7811;159;0.9;0.0
04;2021-02-08;472;34;8283;193;1.0;0.0
04;2021-02-09;783;90;9066;283;1.1;0.0
04;2021-02-10;820;85;9886;368;1.1;0.0
04;2021-02-11;798;86;10684;454;1.2;0.1
04;2021-02-12;636;95;11320;549;1.3;0.1
04;2021-02-13;649;74;11969;623;1.4;0.1
04;2021-02-14;1;0;11970;623;1.4;0.1
04;2021-02-15;524;126;12494;749;1.5;0.1
04;2021-02-16;649;534;13143;1283;1.5;0.1
04;2021-02-17;592;329;13735;1612;1.6;0.2
04;2021-02-18;493;414;14228;2026;1.7;0.2
04;2021-02-19;496;321;14724;2347;1.7;0.3
04;2021-02-20;576;117;15300;2464;1.8;0.3
04;2021-02-21;0;0;15300;2464;1.8;0.3
04;2021-02-22;401;238;15701;2702;1.8;0.3
04;2021-02-23;607;236;16308;2938;1.9;0.3
04;2021-02-24;581;253;16889;3191;2.0;0.4
04;2021-02-25;645;297;17534;3488;2.0;0.4
04;2021-02-26;483;472;18017;3960;2.1;0.5
04;2021-02-27;385;470;18402;4430;2.1;0.5
04;2021-02-28;0;0;18402;4430;2.1;0.5
04;2021-03-01;289;391;18691;4821;2.2;0.6
04;2021-03-02;487;504;19178;5325;2.2;0.6
04;2021-03-03;755;558;19933;5883;2.3;0.7
04;2021-03-04;776;542;20709;6425;2.4;0.7
04;2021-03-05;727;540;21436;6965;2.5;0.8
04;2021-03-06;812;530;22248;7495;2.6;0.9
04;2021-03-07;0;0;22248;7495;2.6;0.9
04;2021-03-08;436;591;22684;8086;2.6;0.9
04;2021-03-09;670;776;23354;8862;2.7;1.0
04;2021-03-10;644;849;23998;9711;2.8;1.1
04;2021-03-11;699;646;24697;10357;2.9;1.2
04;2021-03-12;728;663;25425;11020;3.0;1.3
04;2021-03-13;667;610;26092;11630;3.0;1.4
04;2021-03-14;2;0;26094;11630;3.0;1.4
04;2021-03-15;503;506;26597;12136;3.1;1.4
04;2021-03-16;680;711;27277;12847;3.2;1.5
04;2021-03-17;847;538;28124;13385;3.3;1.6
04;2021-03-18;1021;556;29145;13941;3.4;1.6
04;2021-03-19;784;543;29929;14484;3.5;1.7
04;2021-03-20;576;599;30505;15083;3.5;1.8
04;2021-03-21;0;0;30505;15083;3.5;1.8
04;2021-03-22;565;481;31070;15564;3.6;1.8
04;2021-03-23;780;640;31850;16204;3.7;1.9
04;2021-03-24;792;671;32642;16875;3.8;2.0
04;2021-03-25;929;554;33571;17429;3.9;2.0
04;2021-03-26;921;448;34492;17877;4.0;2.1
04;2021-03-27;782;340;35274;18217;4.1;2.1
04;2021-03-28;1;0;35275;18217;4.1;2.1
04;2021-03-29;960;271;36235;18488;4.2;2.1
04;2021-03-30;883;501;37118;18989;4.3;2.2
04;2021-03-31;733;671;37851;19660;4.4;2.3
04;2021-04-01;716;709;38567;20369;4.5;2.4
04;2021-04-02;687;762;39254;21131;4.6;2.5
04;2021-04-03;701;707;39955;21838;4.6;2.5
04;2021-04-04;0;0;39955;21838;4.6;2.5
04;2021-04-05;0;2;39955;21840;4.6;2.5
04;2021-04-06;795;642;40750;22482;4.7;2.6
04;2021-04-07;1369;789;42119;23271;4.9;2.7
04;2021-04-08;1792;780;43911;24051;5.1;2.8
04;2021-04-09;1506;785;45417;24836;5.3;2.9
04;2021-04-10;1137;651;46554;25487;5.4;3.0
04;2021-04-11;2;0;46556;25487;5.4;3.0
04;2021-04-12;1238;553;47794;26040;5.6;3.0
04;2021-04-13;1438;754;49232;26794;5.7;3.1
04;2021-04-14;2065;777;51297;27571;6.0;3.2
04;2021-04-15;2504;954;53801;28525;6.3;3.3
04;2021-04-16;1931;785;55732;29310;6.5;3.4
04;2021-04-17;1288;604;57020;29914;6.6;3.5
04;2021-04-18;0;0;57020;29914;6.6;3.5
04;2021-04-19;1378;565;58398;30479;6.8;3.5
04;2021-04-20;1646;807;60044;31286;7.0;3.6
04;2021-04-21;2128;606;62172;31892;7.2;3.7
04;2021-04-22;2948;802;65120;32694;7.6;3.8
04;2021-04-23;2314;813;67434;33507;7.8;3.9
04;2021-04-24;1102;797;68536;34304;8.0;4.0
04;2021-04-25;2;0;68538;34304;8.0;4.0
04;2021-04-26;1164;920;69702;35224;8.1;4.1
04;2021-04-27;1683;1026;71385;36250;8.3;4.2
04;2021-04-28;2896;752;74281;37002;8.6;4.3
04;2021-04-29;3949;812;78230;37814;9.1;4.4
04;2021-04-30;3430;906;81660;38720;9.5;4.5
04;2021-05-01;2109;220;83769;38940;9.7;4.5
04;2021-05-02;1;0;83770;38940;9.7;4.5
04;2021-05-03;1865;570;85635;39510;10.0;4.6
04;2021-05-04;2126;1095;87761;40605;10.2;4.7
04;2021-05-05;3125;1640;90886;42245;10.6;4.9
04;2021-05-06;4009;1589;94895;43834;11.0;5.1
04;2021-05-07;3234;1528;98129;45362;11.4;5.3
04;2021-05-08;1564;501;99693;45863;11.6;5.3
04;2021-05-09;0;0;99693;45863;11.6;5.3
04;2021-05-10;2463;994;102156;46857;11.9;5.4
04;2021-05-11;3904;1642;106060;48499;12.3;5.6
04;2021-05-12;5324;2394;111384;50893;13.0;5.9
04;2021-05-13;3605;581;114989;51474;13.4;6.0
04;2021-05-14;5274;2502;120263;53976;14.0;6.3
04;2021-05-15;3129;1533;123392;55509;14.3;6.5
04;2021-05-16;14;18;123406;55527;14.4;6.5
04;2021-05-17;2990;1478;126396;57005;14.7;6.6
04;2021-05-18;3678;1773;130074;58778;15.1;6.8
04;2021-05-19;4652;2327;134726;61105;15.7;7.1
04;2021-05-20;5105;2802;139831;63907;16.3;7.4
04;2021-05-21;4953;2625;144784;66532;16.8;7.7
04;2021-05-22;3317;1251;148101;67783;17.2;7.9
04;2021-05-23;4;3;148105;67786;17.2;7.9
04;2021-05-24;3565;1075;151670;68861;17.6;8.0
04;2021-05-25;4185;1907;155855;70768;18.1;8.2
04;2021-05-26;4868;2957;160723;73725;18.7;8.6
04;2021-05-27;4573;4089;165296;77814;19.2;9.0
04;2021-05-28;4354;3824;169650;81638;19.7;9.5
04;2021-05-29;2528;2459;172178;84097;20.0;9.8
04;2021-05-30;6;14;172184;84111;20.0;9.8
04;2021-05-31;2339;2246;174523;86357;20.3;10.0
04;2021-06-01;3260;2719;177783;89076;20.7;10.4
04;2021-06-02;3898;3349;181681;92425;21.1;10.7
04;2021-06-03;3998;3655;185679;96080;21.6;11.2
04;2021-06-04;3805;3747;189484;99827;22.0;11.6
04;2021-06-05;2191;1922;191675;101749;22.3;11.8
04;2021-06-06;1060;130;192735;101879;22.4;11.8
04;2021-06-07;2000;2530;194735;104409;22.6;12.1
04;2021-06-08;3230;3055;197965;107464;23.0;12.5
04;2021-06-09;4309;4747;202274;112211;23.5;13.0
04;2021-06-10;3294;4435;205568;116646;23.9;13.6
05;2020-12-27;0;0;0;0;0.0;0.0
05;2020-12-28;0;0;0;0;0.0;0.0
05;2020-12-29;0;0;0;0;0.0;0.0
05;2020-12-30;0;0;0;0;0.0;0.0
05;2020-12-31;0;0;0;0;0.0;0.0
05;2021-01-01;0;0;0;0;0.0;0.0
05;2021-01-02;0;0;0;0;0.0;0.0
05;2021-01-03;0;0;0;0;0.0;0.0
05;2021-01-04;0;0;0;0;0.0;0.0
05;2021-01-05;0;0;0;0;0.0;0.0
05;2021-01-06;0;0;0;0;0.0;0.0
05;2021-01-07;0;0;0;0;0.0;0.0
05;2021-01-08;0;0;0;0;0.0;0.0
05;2021-01-09;0;0;0;0;0.0;0.0
05;2021-01-10;0;0;0;0;0.0;0.0
05;2021-01-11;0;0;0;0;0.0;0.0
05;2021-01-12;0;0;0;0;0.0;0.0
05;2021-01-13;0;0;0;0;0.0;0.0
05;2021-01-14;0;0;0;0;0.0;0.0
05;2021-01-15;0;0;0;0;0.0;0.0
05;2021-01-16;0;0;0;0;0.0;0.0
05;2021-01-17;0;0;0;0;0.0;0.0
05;2021-01-18;0;0;0;0;0.0;0.0
05;2021-01-19;0;0;0;0;0.0;0.0
05;2021-01-20;0;0;0;0;0.0;0.0
05;2021-01-21;0;0;0;0;0.0;0.0
05;2021-01-22;0;0;0;0;0.0;0.0
05;2021-01-23;0;0;0;0;0.0;0.0
05;2021-01-24;0;0;0;0;0.0;0.0
05;2021-01-25;0;0;0;0;0.0;0.0
05;2021-01-26;0;0;0;0;0.0;0.0
05;2021-01-27;0;0;0;0;0.0;0.0
05;2021-01-28;0;0;0;0;0.0;0.0
05;2021-01-29;0;0;0;0;0.0;0.0
05;2021-01-30;0;0;0;0;0.0;0.0
05;2021-01-31;0;0;0;0;0.0;0.0
05;2021-02-01;0;0;0;0;0.0;0.0
05;2021-02-02;0;0;0;0;0.0;0.0
05;2021-02-03;0;0;0;0;0.0;0.0
05;2021-02-04;0;0;0;0;0.0;0.0
05;2021-02-05;0;0;0;0;0.0;0.0
05;2021-02-06;0;0;0;0;0.0;0.0
05;2021-02-07;0;0;0;0;0.0;0.0
05;2021-02-08;0;0;0;0;0.0;0.0
05;2021-02-09;0;0;0;0;0.0;0.0
05;2021-02-10;0;0;0;0;0.0;0.0
05;2021-02-11;0;0;0;0;0.0;0.0
05;2021-02-12;0;0;0;0;0.0;0.0
05;2021-02-13;0;0;0;0;0.0;0.0
05;2021-02-14;0;0;0;0;0.0;0.0
05;2021-02-15;0;0;0;0;0.0;0.0
05;2021-02-16;0;0;0;0;0.0;0.0
05;2021-02-17;0;0;0;0;0.0;0.0
05;2021-02-18;0;0;0;0;0.0;0.0
05;2021-02-19;0;0;0;0;0.0;0.0
05;2021-02-20;0;0;0;0;0.0;0.0
05;2021-02-21;0;0;0;0;0.0;0.0
05;2021-02-22;0;0;0;0;0.0;0.0
05;2021-02-23;0;0;0;0;0.0;0.0
05;2021-02-24;0;0;0;0;0.0;0.0
05;2021-02-25;0;0;0;0;0.0;0.0
05;2021-02-26;0;0;0;0;0.0;0.0
05;2021-02-27;0;0;0;0;0.0;0.0
05;2021-02-28;0;0;0;0;0.0;0.0
05;2021-03-01;0;0;0;0;0.0;0.0
05;2021-03-02;0;0;0;0;0.0;0.0
05;2021-03-03;0;0;0;0;0.0;0.0
05;2021-03-04;0;0;0;0;0.0;0.0
05;2021-03-05;0;0;0;0;0.0;0.0
05;2021-03-06;0;0;0;0;0.0;0.0
05;2021-03-07;0;0;0;0;0.0;0.0
05;2021-03-08;0;0;0;0;0.0;0.0
05;2021-03-09;0;0;0;0;0.0;0.0
05;2021-03-10;0;0;0;0;0.0;0.0
05;2021-03-11;0;0;0;0;0.0;0.0
05;2021-03-12;0;0;0;0;0.0;0.0
05;2021-03-13;0;0;0;0;0.0;0.0
05;2021-03-14;0;0;0;0;0.0;0.0
05;2021-03-15;0;0;0;0;0.0;0.0
05;2021-03-16;0;0;0;0;0.0;0.0
05;2021-03-17;0;0;0;0;0.0;0.0
05;2021-03-18;0;0;0;0;0.0;0.0
05;2021-03-19;0;0;0;0;0.0;0.0
05;2021-03-20;0;0;0;0;0.0;0.0
05;2021-03-21;0;0;0;0;0.0;0.0
05;2021-03-22;0;0;0;0;0.0;0.0
05;2021-03-23;0;0;0;0;0.0;0.0
05;2021-03-24;0;0;0;0;0.0;0.0
05;2021-03-25;0;0;0;0;0.0;0.0
05;2021-03-26;0;0;0;0;0.0;0.0
05;2021-03-27;0;0;0;0;0.0;0.0
05;2021-03-28;0;0;0;0;0.0;0.0
05;2021-03-29;2;0;2;0;0.0;0.0
05;2021-03-30;0;0;2;0;0.0;0.0
05;2021-03-31;0;0;2;0;0.0;0.0
05;2021-04-01;0;0;2;0;0.0;0.0
05;2021-04-02;0;0;2;0;0.0;0.0
05;2021-04-03;0;0;2;0;0.0;0.0
05;2021-04-04;0;0;2;0;0.0;0.0
05;2021-04-05;0;0;2;0;0.0;0.0
05;2021-04-06;0;0;2;0;0.0;0.0
05;2021-04-07;0;0;2;0;0.0;0.0
05;2021-04-08;1;0;3;0;0.1;0.0
05;2021-04-09;0;0;3;0;0.1;0.0
05;2021-04-10;0;0;3;0;0.1;0.0
05;2021-04-11;0;0;3;0;0.1;0.0
05;2021-04-12;0;0;3;0;0.1;0.0
05;2021-04-13;0;0;3;0;0.1;0.0
05;2021-04-14;0;0;3;0;0.1;0.0
05;2021-04-15;0;0;3;0;0.1;0.0
05;2021-04-16;0;0;3;0;0.1;0.0
05;2021-04-17;0;0;3;0;0.1;0.0
05;2021-04-18;0;0;3;0;0.1;0.0
05;2021-04-19;0;0;3;0;0.1;0.0
05;2021-04-20;0;0;3;0;0.1;0.0
05;2021-04-21;0;0;3;0;0.1;0.0
05;2021-04-22;0;0;3;0;0.1;0.0
05;2021-04-23;0;0;3;0;0.1;0.0
05;2021-04-24;0;0;3;0;0.1;0.0
05;2021-04-25;0;0;3;0;0.1;0.0
05;2021-04-26;0;0;3;0;0.1;0.0
05;2021-04-27;0;0;3;0;0.1;0.0
05;2021-04-28;0;0;3;0;0.1;0.0
05;2021-04-29;0;0;3;0;0.1;0.0
05;2021-04-30;0;0;3;0;0.1;0.0
05;2021-05-01;0;0;3;0;0.1;0.0
05;2021-05-02;0;0;3;0;0.1;0.0
05;2021-05-03;0;0;3;0;0.1;0.0
05;2021-05-04;0;0;3;0;0.1;0.0
05;2021-05-05;0;0;3;0;0.1;0.0
05;2021-05-06;0;0;3;0;0.1;0.0
05;2021-05-07;0;0;3;0;0.1;0.0
05;2021-05-08;0;0;3;0;0.1;0.0
05;2021-05-09;0;0;3;0;0.1;0.0
05;2021-05-10;0;0;3;0;0.1;0.0
05;2021-05-11;0;0;3;0;0.1;0.0
05;2021-05-12;0;0;3;0;0.1;0.0
05;2021-05-13;0;0;3;0;0.1;0.0
05;2021-05-14;0;0;3;0;0.1;0.0
05;2021-05-15;0;0;3;0;0.1;0.0
05;2021-05-16;0;0;3;0;0.1;0.0
05;2021-05-17;0;0;3;0;0.1;0.0
05;2021-05-18;0;0;3;0;0.1;0.0
05;2021-05-19;0;0;3;0;0.1;0.0
05;2021-05-20;0;0;3;0;0.1;0.0
05;2021-05-21;0;0;3;0;0.1;0.0
05;2021-05-22;0;0;3;0;0.1;0.0
05;2021-05-23;0;0;3;0;0.1;0.0
05;2021-05-24;0;0;3;0;0.1;0.0
05;2021-05-25;0;0;3;0;0.1;0.0
05;2021-05-26;0;0;3;0;0.1;0.0
05;2021-05-27;0;0;3;0;0.1;0.0
05;2021-05-28;0;0;3;0;0.1;0.0
05;2021-05-29;0;2;3;2;0.1;0.0
05;2021-05-30;0;0;3;2;0.1;0.0
05;2021-05-31;0;0;3;2;0.1;0.0
05;2021-06-01;0;0;3;2;0.1;0.0
05;2021-06-02;0;0;3;2;0.1;0.0
05;2021-06-03;0;0;3;2;0.1;0.0
05;2021-06-04;0;0;3;2;0.1;0.0
05;2021-06-05;0;0;3;2;0.1;0.0
05;2021-06-06;0;0;3;2;0.1;0.0
05;2021-06-07;0;0;3;2;0.1;0.0
05;2021-06-08;0;0;3;2;0.1;0.0
05;2021-06-09;0;0;3;2;0.1;0.0
05;2021-06-10;0;0;3;2;0.1;0.0
06;2020-12-27;0;0;0;0;0.0;0.0
06;2020-12-28;0;0;0;0;0.0;0.0
06;2020-12-29;0;0;0;0;0.0;0.0
06;2020-12-30;0;0;0;0;0.0;0.0
06;2020-12-31;0;0;0;0;0.0;0.0
06;2021-01-01;0;0;0;0;0.0;0.0
06;2021-01-02;0;0;0;0;0.0;0.0
06;2021-01-03;0;0;0;0;0.0;0.0
06;2021-01-04;0;0;0;0;0.0;0.0
06;2021-01-05;0;0;0;0;0.0;0.0
06;2021-01-06;0;0;0;0;0.0;0.0
06;2021-01-07;0;0;0;0;0.0;0.0
06;2021-01-08;0;0;0;0;0.0;0.0
06;2021-01-09;0;0;0;0;0.0;0.0
06;2021-01-10;0;0;0;0;0.0;0.0
06;2021-01-11;9;0;9;0;0.0;0.0
06;2021-01-12;0;0;9;0;0.0;0.0
06;2021-01-13;0;0;9;0;0.0;0.0
06;2021-01-14;0;0;9;0;0.0;0.0
06;2021-01-15;1;0;10;0;0.0;0.0
06;2021-01-16;1;0;11;0;0.0;0.0
06;2021-01-17;0;0;11;0;0.0;0.0
06;2021-01-18;1;0;12;0;0.0;0.0
06;2021-01-19;0;0;12;0;0.0;0.0
06;2021-01-20;0;0;12;0;0.0;0.0
06;2021-01-21;0;0;12;0;0.0;0.0
06;2021-01-22;0;0;12;0;0.0;0.0
06;2021-01-23;1;0;13;0;0.0;0.0
06;2021-01-24;0;0;13;0;0.0;0.0
06;2021-01-25;140;1;153;1;0.1;0.0
06;2021-01-26;166;3;319;4;0.1;0.0
06;2021-01-27;250;1;569;5;0.2;0.0
06;2021-01-28;103;5;672;10;0.2;0.0
06;2021-01-29;230;2;902;12;0.3;0.0
06;2021-01-30;285;5;1187;17;0.4;0.0
06;2021-01-31;1;0;1188;17;0.4;0.0
06;2021-02-01;160;0;1348;17;0.5;0.0
06;2021-02-02;330;3;1678;20;0.6;0.0
06;2021-02-03;228;1;1906;21;0.7;0.0
06;2021-02-04;215;5;2121;26;0.8;0.0
06;2021-02-05;214;1;2335;27;0.8;0.0
06;2021-02-06;83;10;2418;37;0.9;0.0
06;2021-02-07;0;0;2418;37;0.9;0.0
06;2021-02-08;82;3;2500;40;0.9;0.0
06;2021-02-09;193;0;2693;40;1.0;0.0
06;2021-02-10;187;1;2880;41;1.0;0.0
06;2021-02-11;235;1;3115;42;1.1;0.0
06;2021-02-12;287;4;3402;46;1.2;0.0
06;2021-02-13;56;0;3458;46;1.2;0.0
06;2021-02-14;1;0;3459;46;1.2;0.0
06;2021-02-15;359;2;3818;48;1.4;0.0
06;2021-02-16;266;5;4084;53;1.5;0.0
06;2021-02-17;167;1;4251;54;1.5;0.0
06;2021-02-18;216;11;4467;65;1.6;0.0
06;2021-02-19;235;21;4702;86;1.7;0.0
06;2021-02-20;138;6;4840;92;1.7;0.0
06;2021-02-21;0;0;4840;92;1.7;0.0
06;2021-02-22;131;119;4971;211;1.8;0.1
06;2021-02-23;186;151;5157;362;1.8;0.1
06;2021-02-24;175;142;5332;504;1.9;0.2
06;2021-02-25;228;282;5560;786;2.0;0.3
06;2021-02-26;242;257;5802;1043;2.1;0.4
06;2021-02-27;0;0;5802;1043;2.1;0.4
06;2021-02-28;0;0;5802;1043;2.1;0.4
06;2021-03-01;144;259;5946;1302;2.1;0.5
06;2021-03-02;228;257;6174;1559;2.2;0.6
06;2021-03-03;201;185;6375;1744;2.3;0.6
06;2021-03-04;205;138;6580;1882;2.4;0.7
06;2021-03-05;224;113;6804;1995;2.4;0.7
06;2021-03-06;1;0;6805;1995;2.4;0.7
06;2021-03-07;0;0;6805;1995;2.4;0.7
06;2021-03-08;189;125;6994;2120;2.5;0.8
06;2021-03-09;390;145;7384;2265;2.6;0.8
06;2021-03-10;179;177;7563;2442;2.7;0.9
06;2021-03-11;167;207;7730;2649;2.8;0.9
06;2021-03-12;238;287;7968;2936;2.9;1.1
06;2021-03-13;1;0;7969;2936;2.9;1.1
06;2021-03-14;0;0;7969;2936;2.9;1.1
06;2021-03-15;156;292;8125;3228;2.9;1.2
06;2021-03-16;237;220;8362;3448;3.0;1.2
06;2021-03-17;263;139;8625;3587;3.1;1.3
06;2021-03-18;172;233;8797;3820;3.1;1.4
06;2021-03-19;172;296;8969;4116;3.2;1.5
06;2021-03-20;0;0;8969;4116;3.2;1.5
06;2021-03-21;0;0;8969;4116;3.2;1.5
06;2021-03-22;97;136;9066;4252;3.2;1.5
06;2021-03-23;136;240;9202;4492;3.3;1.6
06;2021-03-24;160;146;9362;4638;3.3;1.7
06;2021-03-25;187;206;9549;4844;3.4;1.7
06;2021-03-26;162;211;9711;5055;3.5;1.8
06;2021-03-27;20;0;9731;5055;3.5;1.8
06;2021-03-28;0;0;9731;5055;3.5;1.8
06;2021-03-29;0;2;9731;5057;3.5;1.8
06;2021-03-30;272;333;10003;5390;3.6;1.9
06;2021-03-31;224;125;10227;5515;3.7;2.0
06;2021-04-01;244;105;10471;5620;3.7;2.0
06;2021-04-02;285;262;10756;5882;3.8;2.1
06;2021-04-03;906;307;11662;6189;4.2;2.2
06;2021-04-04;1;0;11663;6189;4.2;2.2
06;2021-04-05;1;0;11664;6189;4.2;2.2
06;2021-04-06;158;281;11822;6470;4.2;2.3
06;2021-04-07;237;264;12059;6734;4.3;2.4
06;2021-04-08;286;140;12345;6874;4.4;2.5
06;2021-04-09;248;170;12593;7044;4.5;2.5
06;2021-04-10;181;114;12774;7158;4.6;2.6
06;2021-04-11;7;0;12781;7158;4.6;2.6
06;2021-04-12;0;19;12781;7177;4.6;2.6
06;2021-04-13;396;343;13177;7520;4.7;2.7
06;2021-04-14;239;205;13416;7725;4.8;2.8
06;2021-04-15;210;118;13626;7843;4.9;2.8
06;2021-04-16;214;127;13840;7970;5.0;2.9
06;2021-04-17;226;132;14066;8102;5.0;2.9
06;2021-04-18;1;0;14067;8102;5.0;2.9
06;2021-04-19;6;1;14073;8103;5.0;2.9
06;2021-04-20;368;224;14441;8327;5.2;3.0
06;2021-04-21;413;149;14854;8476;5.3;3.0
06;2021-04-22;411;150;15265;8626;5.5;3.1
06;2021-04-23;367;166;15632;8792;5.6;3.1
06;2021-04-24;413;127;16045;8919;5.7;3.2
06;2021-04-25;2;0;16047;8919;5.7;3.2
06;2021-04-26;54;8;16101;8927;5.8;3.2
06;2021-04-27;350;293;16451;9220;5.9;3.3
06;2021-04-28;354;514;16805;9734;6.0;3.5
06;2021-04-29;559;342;17364;10076;6.2;3.6
06;2021-04-30;403;238;17767;10314;6.4;3.7
06;2021-05-01;671;285;18438;10599;6.6;3.8
06;2021-05-02;0;0;18438;10599;6.6;3.8
06;2021-05-03;134;6;18572;10605;6.6;3.8
06;2021-05-04;337;426;18909;11031;6.8;3.9
06;2021-05-05;443;316;19352;11347;6.9;4.1
06;2021-05-06;322;199;19674;11546;7.0;4.1
06;2021-05-07;344;134;20018;11680;7.2;4.2
06;2021-05-08;300;140;20318;11820;7.3;4.2
06;2021-05-09;0;0;20318;11820;7.3;4.2
06;2021-05-10;7;9;20325;11829;7.3;4.2
06;2021-05-11;374;488;20699;12317;7.4;4.4
06;2021-05-12;354;308;21053;12625;7.5;4.5
06;2021-05-13;131;97;21184;12722;7.6;4.6
06;2021-05-14;0;0;21184;12722;7.6;4.6
06;2021-05-15;513;282;21697;13004;7.8;4.7
06;2021-05-16;0;0;21697;13004;7.8;4.7
06;2021-05-17;129;90;21826;13094;7.8;4.7
06;2021-05-18;493;428;22319;13522;8.0;4.8
06;2021-05-19;641;660;22960;14182;8.2;5.1
06;2021-05-20;1040;495;24000;14677;8.6;5.3
06;2021-05-21;1028;315;25028;14992;9.0;5.4
06;2021-05-22;1214;293;26242;15285;9.4;5.5
06;2021-05-23;0;0;26242;15285;9.4;5.5
06;2021-05-24;1;0;26243;15285;9.4;5.5
06;2021-05-25;850;620;27093;15905;9.7;5.7
06;2021-05-26;1021;840;28114;16745;10.1;6.0
06;2021-05-27;1287;505;29401;17250;10.5;6.2
06;2021-05-28;936;369;30337;17619;10.9;6.3
06;2021-05-29;1111;388;31448;18007;11.3;6.4
06;2021-05-30;0;1;31448;18008;11.3;6.4
06;2021-05-31;99;6;31547;18014;11.3;6.4
06;2021-06-01;1124;646;32671;18660;11.7;6.7
06;2021-06-02;1007;484;33678;19144;12.1;6.9
06;2021-06-03;794;331;34472;19475;12.3;7.0
06;2021-06-04;976;318;35448;19793;12.7;7.1
06;2021-06-05;563;295;36011;20088;12.9;7.2
06;2021-06-06;0;0;36011;20088;12.9;7.2
06;2021-06-07;10;8;36021;20096;12.9;7.2
06;2021-06-08;861;336;36882;20432;13.2;7.3
06;2021-06-09;1204;532;38086;20964;13.6;7.5
06;2021-06-10;563;211;38649;21175;13.8;7.6
07;2020-12-27;0;0;0;0;0.0;0.0
07;2020-12-28;0;0;0;0;0.0;0.0
07;2020-12-29;0;0;0;0;0.0;0.0
07;2020-12-30;0;0;0;0;0.0;0.0
07;2020-12-31;0;0;0;0;0.0;0.0
07;2021-01-01;0;0;0;0;0.0;0.0
07;2021-01-02;0;0;0;0;0.0;0.0
07;2021-01-03;0;0;0;0;0.0;0.0
07;2021-01-04;0;0;0;0;0.0;0.0
07;2021-01-05;0;0;0;0;0.0;0.0
07;2021-01-06;0;0;0;0;0.0;0.0
07;2021-01-07;0;0;0;0;0.0;0.0
07;2021-01-08;0;0;0;0;0.0;0.0
07;2021-01-09;0;0;0;0;0.0;0.0
07;2021-01-10;0;0;0;0;0.0;0.0
07;2021-01-11;0;0;0;0;0.0;0.0
07;2021-01-12;0;0;0;0;0.0;0.0
07;2021-01-13;0;0;0;0;0.0;0.0
07;2021-01-14;0;0;0;0;0.0;0.0
07;2021-01-15;0;0;0;0;0.0;0.0
07;2021-01-16;0;0;0;0;0.0;0.0
07;2021-01-17;0;0;0;0;0.0;0.0
07;2021-01-18;1;0;1;0;0.0;0.0
07;2021-01-19;0;0;1;0;0.0;0.0
07;2021-01-20;0;0;1;0;0.0;0.0
07;2021-01-21;12;0;13;0;0.1;0.0
07;2021-01-22;12;0;25;0;0.3;0.0
07;2021-01-23;0;0;25;0;0.3;0.0
07;2021-01-24;0;0;25;0;0.3;0.0
07;2021-01-25;0;0;25;0;0.3;0.0
07;2021-01-26;0;0;25;0;0.3;0.0
07;2021-01-27;12;0;37;0;0.4;0.0
07;2021-01-28;1;0;38;0;0.4;0.0
07;2021-01-29;6;0;44;0;0.4;0.0
07;2021-01-30;0;0;44;0;0.4;0.0
07;2021-01-31;0;0;44;0;0.4;0.0
07;2021-02-01;0;0;44;0;0.4;0.0
07;2021-02-02;0;0;44;0;0.4;0.0
07;2021-02-03;11;0;55;0;0.6;0.0
07;2021-02-04;12;0;67;0;0.7;0.0
07;2021-02-05;11;0;78;0;0.8;0.0
07;2021-02-06;0;0;78;0;0.8;0.0
07;2021-02-07;0;0;78;0;0.8;0.0
07;2021-02-08;0;0;78;0;0.8;0.0
07;2021-02-09;13;0;91;0;0.9;0.0
07;2021-02-10;0;0;91;0;0.9;0.0
07;2021-02-11;16;0;107;0;1.1;0.0
07;2021-02-12;44;0;151;0;1.5;0.0
07;2021-02-13;0;0;151;0;1.5;0.0
07;2021-02-14;0;0;151;0;1.5;0.0
07;2021-02-15;0;0;151;0;1.5;0.0
07;2021-02-16;0;0;151;0;1.5;0.0
07;2021-02-17;0;0;151;0;1.5;0.0
07;2021-02-18;18;0;169;0;1.7;0.0
07;2021-02-19;34;0;203;0;2.0;0.0
07;2021-02-20;0;0;203;0;2.0;0.0
07;2021-02-21;0;0;203;0;2.0;0.0
07;2021-02-22;0;0;203;0;2.0;0.0
07;2021-02-23;0;22;203;22;2.0;0.2
07;2021-02-24;0;0;203;22;2.0;0.2
07;2021-02-25;15;10;218;32;2.2;0.3
07;2021-02-26;33;21;251;53;2.5;0.5
07;2021-02-27;0;0;251;53;2.5;0.5
07;2021-02-28;0;0;251;53;2.5;0.5
07;2021-03-01;0;0;251;53;2.5;0.5
07;2021-03-02;17;11;268;64;2.7;0.6
07;2021-03-03;0;0;268;64;2.7;0.6
07;2021-03-04;16;11;284;75;2.9;0.8
07;2021-03-05;33;19;317;94;3.2;0.9
07;2021-03-06;0;0;317;94;3.2;0.9
07;2021-03-07;0;0;317;94;3.2;0.9
07;2021-03-08;0;0;317;94;3.2;0.9
07;2021-03-09;1;0;318;94;3.2;0.9
07;2021-03-10;0;0;318;94;3.2;0.9
07;2021-03-11;20;30;338;124;3.4;1.2
07;2021-03-12;62;42;400;166;4.0;1.7
07;2021-03-13;0;0;400;166;4.0;1.7
07;2021-03-14;0;0;400;166;4.0;1.7
07;2021-03-15;0;0;400;166;4.0;1.7
07;2021-03-16;30;9;430;175;4.3;1.8
07;2021-03-17;0;0;430;175;4.3;1.8
07;2021-03-18;29;16;459;191;4.6;1.9
07;2021-03-19;55;31;514;222;5.2;2.2
07;2021-03-20;0;0;514;222;5.2;2.2
07;2021-03-21;0;0;514;222;5.2;2.2
07;2021-03-22;0;0;514;222;5.2;2.2
07;2021-03-23;0;0;514;222;5.2;2.2
07;2021-03-24;0;0;514;222;5.2;2.2
07;2021-03-25;65;15;579;237;5.8;2.4
07;2021-03-26;73;26;652;263;6.5;2.6
07;2021-03-27;0;0;652;263;6.5;2.6
07;2021-03-28;0;0;652;263;6.5;2.6
07;2021-03-29;0;0;652;263;6.5;2.6
07;2021-03-30;40;18;692;281;6.9;2.8
07;2021-03-31;26;15;718;296;7.2;3.0
07;2021-04-01;25;32;743;328;7.5;3.3
07;2021-04-02;0;0;743;328;7.5;3.3
07;2021-04-03;0;0;743;328;7.5;3.3
07;2021-04-04;0;0;743;328;7.5;3.3
07;2021-04-05;7;0;750;328;7.5;3.3
07;2021-04-06;0;0;750;328;7.5;3.3
07;2021-04-07;0;0;750;328;7.5;3.3
07;2021-04-08;57;46;807;374;8.1;3.8
07;2021-04-09;59;31;866;405;8.7;4.1
07;2021-04-10;0;0;866;405;8.7;4.1
07;2021-04-11;0;0;866;405;8.7;4.1
07;2021-04-12;0;0;866;405;8.7;4.1
07;2021-04-13;0;0;866;405;8.7;4.1
07;2021-04-14;5;6;871;411;8.7;4.1
07;2021-04-15;56;71;927;482;9.3;4.8
07;2021-04-16;90;35;1017;517;10.2;5.2
07;2021-04-17;0;1;1017;518;10.2;5.2
07;2021-04-18;0;0;1017;518;10.2;5.2
07;2021-04-19;1;0;1018;518;10.2;5.2
07;2021-04-20;335;66;1353;584;13.6;5.9
07;2021-04-21;337;30;1690;614;17.0;6.2
07;2021-04-22;284;49;1974;663;19.8;6.7
07;2021-04-23;258;41;2232;704;22.4;7.1
07;2021-04-24;231;1;2463;705;24.7;7.1
07;2021-04-25;0;0;2463;705;24.7;7.1
07;2021-04-26;285;20;2748;725;27.6;7.3
07;2021-04-27;225;69;2973;794;29.8;8.0
07;2021-04-28;192;26;3165;820;31.8;8.2
07;2021-04-29;170;22;3335;842;33.5;8.5
07;2021-04-30;174;15;3509;857;35.2;8.6
07;2021-05-01;200;12;3709;869;37.2;8.7
07;2021-05-02;0;0;3709;869;37.2;8.7
07;2021-05-03;134;10;3843;879;38.6;8.8
07;2021-05-04;161;54;4004;933;40.2;9.4
07;2021-05-05;221;29;4225;962;42.4;9.7
07;2021-05-06;175;31;4400;993;44.2;10.0
07;2021-05-07;149;30;4549;1023;45.7;10.3
07;2021-05-08;2;1;4551;1024;45.7;10.3
07;2021-05-09;0;2;4551;1026;45.7;10.3
07;2021-05-10;0;0;4551;1026;45.7;10.3
07;2021-05-11;2;41;4553;1067;45.7;10.7
07;2021-05-12;5;36;4558;1103;45.8;11.1
07;2021-05-13;0;0;4558;1103;45.8;11.1
07;2021-05-14;28;98;4586;1201;46.0;12.1
07;2021-05-15;0;0;4586;1201;46.0;12.1
07;2021-05-16;0;0;4586;1201;46.0;12.1
07;2021-05-17;1;13;4587;1214;46.0;12.2
07;2021-05-18;17;32;4604;1246;46.2;12.5
07;2021-05-19;0;1;4604;1247;46.2;12.5
07;2021-05-20;0;8;4604;1255;46.2;12.6
07;2021-05-21;12;32;4616;1287;46.3;12.9
07;2021-05-22;0;0;4616;1287;46.3;12.9
07;2021-05-23;0;0;4616;1287;46.3;12.9
07;2021-05-24;0;0;4616;1287;46.3;12.9
07;2021-05-25;50;334;4666;1621;46.8;16.3
07;2021-05-26;54;359;4720;1980;47.4;19.9
07;2021-05-27;34;317;4754;2297;47.7;23.1
07;2021-05-28;27;256;4781;2553;48.0;25.6
07;2021-05-29;35;376;4816;2929;48.3;29.4
07;2021-05-30;0;0;4816;2929;48.3;29.4
07;2021-05-31;45;218;4861;3147;48.8;31.6
07;2021-06-01;46;226;4907;3373;49.3;33.9
07;2021-06-02;69;273;4976;3646;50.0;36.6
07;2021-06-03;41;252;5017;3898;50.4;39.1
07;2021-06-04;70;269;5087;4167;51.1;41.8
07;2021-06-05;1;0;5088;4167;51.1;41.8
07;2021-06-06;0;0;5088;4167;51.1;41.8
07;2021-06-07;0;1;5088;4168;51.1;41.8
07;2021-06-08;6;1;5094;4169;51.1;41.9
07;2021-06-09;0;3;5094;4172;51.1;41.9
07;2021-06-10;8;4;5102;4176;51.2;41.9
08;2020-12-27;0;0;0;0;0.0;0.0
08;2020-12-28;0;0;0;0;0.0;0.0
08;2020-12-29;0;0;0;0;0.0;0.0
08;2020-12-30;0;0;0;0;0.0;0.0
08;2020-12-31;0;0;0;0;0.0;0.0
08;2021-01-01;0;0;0;0;0.0;0.0
08;2021-01-02;0;0;0;0;0.0;0.0
08;2021-01-03;0;0;0;0;0.0;0.0
08;2021-01-04;0;0;0;0;0.0;0.0
08;2021-01-05;0;0;0;0;0.0;0.0
08;2021-01-06;0;0;0;0;0.0;0.0
08;2021-01-07;0;0;0;0;0.0;0.0
08;2021-01-08;0;0;0;0;0.0;0.0
08;2021-01-09;0;0;0;0;0.0;0.0
08;2021-01-10;0;0;0;0;0.0;0.0
08;2021-01-11;0;0;0;0;0.0;0.0
08;2021-01-12;0;0;0;0;0.0;0.0
08;2021-01-13;10;0;10;0;0.0;0.0
08;2021-01-14;11;0;21;0;0.1;0.0
08;2021-01-15;7;0;28;0;0.1;0.0
08;2021-01-16;0;0;28;0;0.1;0.0
08;2021-01-17;0;0;28;0;0.1;0.0
08;2021-01-18;0;0;28;0;0.1;0.0
08;2021-01-19;12;0;40;0;0.1;0.0
08;2021-01-20;12;0;52;0;0.1;0.0
08;2021-01-21;6;0;58;0;0.2;0.0
08;2021-01-22;0;0;58;0;0.2;0.0
08;2021-01-23;0;0;58;0;0.2;0.0
08;2021-01-24;0;0;58;0;0.2;0.0
08;2021-01-25;0;0;58;0;0.2;0.0
08;2021-01-26;9;0;67;0;0.2;0.0
08;2021-01-27;10;0;77;0;0.2;0.0
08;2021-01-28;6;0;83;0;0.2;0.0
08;2021-01-29;0;0;83;0;0.2;0.0
08;2021-01-30;0;0;83;0;0.2;0.0
08;2021-01-31;0;0;83;0;0.2;0.0
08;2021-02-01;0;0;83;0;0.2;0.0
08;2021-02-02;38;0;121;0;0.3;0.0
08;2021-02-03;10;0;131;0;0.4;0.0
08;2021-02-04;28;0;159;0;0.4;0.0
08;2021-02-05;7;0;166;0;0.5;0.0
08;2021-02-06;0;0;166;0;0.5;0.0
08;2021-02-07;0;0;166;0;0.5;0.0
08;2021-02-08;0;0;166;0;0.5;0.0
08;2021-02-09;38;0;204;0;0.6;0.0
08;2021-02-10;27;1;231;1;0.7;0.0
08;2021-02-11;0;0;231;1;0.7;0.0
08;2021-02-12;35;0;266;1;0.8;0.0
08;2021-02-13;0;0;266;1;0.8;0.0
08;2021-02-14;0;0;266;1;0.8;0.0
08;2021-02-15;50;0;316;1;0.9;0.0
08;2021-02-16;0;0;316;1;0.9;0.0
08;2021-02-17;0;0;316;1;0.9;0.0
08;2021-02-18;27;0;343;1;1.0;0.0
08;2021-02-19;44;0;387;1;1.1;0.0
08;2021-02-20;0;0;387;1;1.1;0.0
08;2021-02-21;0;0;387;1;1.1;0.0
08;2021-02-22;46;4;433;5;1.2;0.0
08;2021-02-23;39;29;472;34;1.3;0.1
08;2021-02-24;35;1;507;35;1.4;0.1
08;2021-02-25;55;36;562;71;1.6;0.2
08;2021-02-26;39;5;601;76;1.7;0.2
08;2021-02-27;0;0;601;76;1.7;0.2
08;2021-02-28;0;0;601;76;1.7;0.2
08;2021-03-01;48;5;649;81;1.8;0.2
08;2021-03-02;7;27;656;108;1.9;0.3
08;2021-03-03;38;27;694;135;2.0;0.4
08;2021-03-04;30;26;724;161;2.0;0.5
08;2021-03-05;46;10;770;171;2.2;0.5
08;2021-03-06;0;0;770;171;2.2;0.5
08;2021-03-07;0;0;770;171;2.2;0.5
08;2021-03-08;29;7;799;178;2.3;0.5
08;2021-03-09;19;27;818;205;2.3;0.6
08;2021-03-10;32;28;850;233;2.4;0.7
08;2021-03-11;2;0;852;233;2.4;0.7
08;2021-03-12;52;21;904;254;2.6;0.7
08;2021-03-13;11;0;915;254;2.6;0.7
08;2021-03-14;0;0;915;254;2.6;0.7
08;2021-03-15;31;43;946;297;2.7;0.8
08;2021-03-16;73;6;1019;303;2.9;0.9
08;2021-03-17;67;13;1086;316;3.1;0.9
08;2021-03-18;82;39;1168;355;3.3;1.0
08;2021-03-19;30;51;1198;406;3.4;1.1
08;2021-03-20;0;0;1198;406;3.4;1.1
08;2021-03-21;0;0;1198;406;3.4;1.1
08;2021-03-22;33;45;1231;451;3.5;1.3
08;2021-03-23;32;45;1263;496;3.6;1.4
08;2021-03-24;38;42;1301;538;3.7;1.5
08;2021-03-25;90;34;1391;572;3.9;1.6
08;2021-03-26;45;33;1436;605;4.1;1.7
08;2021-03-27;93;3;1529;608;4.3;1.7
08;2021-03-28;0;0;1529;608;4.3;1.7
08;2021-03-29;69;49;1598;657;4.5;1.9
08;2021-03-30;98;24;1696;681;4.8;1.9
08;2021-03-31;89;46;1785;727;5.1;2.1
08;2021-04-01;56;48;1841;775;5.2;2.2
08;2021-04-02;0;0;1841;775;5.2;2.2
08;2021-04-03;0;0;1841;775;5.2;2.2
08;2021-04-04;0;0;1841;775;5.2;2.2
08;2021-04-05;0;0;1841;775;5.2;2.2
08;2021-04-06;49;63;1890;838;5.3;2.4
08;2021-04-07;91;32;1981;870;5.6;2.5
08;2021-04-08;120;8;2101;878;5.9;2.5
08;2021-04-09;89;39;2190;917;6.2;2.6
08;2021-04-10;161;7;2351;924;6.7;2.6
08;2021-04-11;0;0;2351;924;6.7;2.6
08;2021-04-12;41;76;2392;1000;6.8;2.8
08;2021-04-13;46;71;2438;1071;6.9;3.0
08;2021-04-14;80;45;2518;1116;7.1;3.2
08;2021-04-15;92;25;2610;1141;7.4;3.2
08;2021-04-16;77;42;2687;1183;7.6;3.3
08;2021-04-17;165;4;2852;1187;8.1;3.4
08;2021-04-18;0;0;2852;1187;8.1;3.4
08;2021-04-19;51;67;2903;1254;8.2;3.5
08;2021-04-20;83;27;2986;1281;8.5;3.6
08;2021-04-21;90;29;3076;1310;8.7;3.7
08;2021-04-22;100;20;3176;1330;9.0;3.8
08;2021-04-23;44;66;3220;1396;9.1;4.0
08;2021-04-24;99;78;3319;1474;9.4;4.2
08;2021-04-25;0;0;3319;1474;9.4;4.2
08;2021-04-26;28;93;3347;1567;9.5;4.4
08;2021-04-27;58;63;3405;1630;9.6;4.6
08;2021-04-28;90;38;3495;1668;9.9;4.7
08;2021-04-29;92;34;3587;1702;10.2;4.8
08;2021-04-30;107;15;3694;1717;10.5;4.9
08;2021-05-01;0;8;3694;1725;10.5;4.9
08;2021-05-02;0;0;3694;1725;10.5;4.9
08;2021-05-03;21;102;3715;1827;10.5;5.2
08;2021-05-04;147;102;3862;1929;10.9;5.5
08;2021-05-05;141;58;4003;1987;11.3;5.6
08;2021-05-06;188;49;4191;2036;11.9;5.8
08;2021-05-07;126;71;4317;2107;12.2;6.0
08;2021-05-08;67;122;4384;2229;12.4;6.3
08;2021-05-09;0;0;4384;2229;12.4;6.3
08;2021-05-10;125;101;4509;2330;12.8;6.6
08;2021-05-11;131;77;4640;2407;13.1;6.8
08;2021-05-12;160;75;4800;2482;13.6;7.0
08;2021-05-13;74;8;4874;2490;13.8;7.0
08;2021-05-14;129;61;5003;2551;14.2;7.2
08;2021-05-15;85;4;5088;2555;14.4;7.2
08;2021-05-16;0;0;5088;2555;14.4;7.2
08;2021-05-17;144;112;5232;2667;14.8;7.5
08;2021-05-18;148;95;5380;2762;15.2;7.8
08;2021-05-19;83;70;5463;2832;15.5;8.0
08;2021-05-20;103;26;5566;2858;15.8;8.1
08;2021-05-21;96;52;5662;2910;16.0;8.2
08;2021-05-22;98;11;5760;2921;16.3;8.3
08;2021-05-23;0;0;5760;2921;16.3;8.3
08;2021-05-24;33;7;5793;2928;16.4;8.3
08;2021-05-25;119;77;5912;3005;16.7;8.5
08;2021-05-26;106;49;6018;3054;17.0;8.6
08;2021-05-27;109;42;6127;3096;17.3;8.8
08;2021-05-28;33;1;6160;3097;17.4;8.8
08;2021-05-29;59;215;6219;3312;17.6;9.4
08;2021-05-30;0;0;6219;3312;17.6;9.4
08;2021-05-31;108;65;6327;3377;17.9;9.6
08;2021-06-01;112;63;6439;3440;18.2;9.7
08;2021-06-02;130;32;6569;3472;18.6;9.8
08;2021-06-03;100;38;6669;3510;18.9;9.9
08;2021-06-04;126;71;6795;3581;19.2;10.1
08;2021-06-05;81;21;6876;3602;19.5;10.2
08;2021-06-06;0;0;6876;3602;19.5;10.2
08;2021-06-07;96;95;6972;3697;19.7;10.5
08;2021-06-08;89;80;7061;3777;20.0;10.7
08;2021-06-09;130;74;7191;3851;20.4;10.9
08;2021-06-10;109;64;7300;3915;20.7;11.1
11;2020-12-27;13;2;13;2;0.0;0.0
11;2020-12-28;11;0;24;2;0.0;0.0
11;2020-12-29;56;0;80;2;0.0;0.0
11;2020-12-30;92;0;172;2;0.0;0.0
11;2020-12-31;39;0;211;2;0.0;0.0
11;2021-01-01;29;1;240;3;0.0;0.0
11;2021-01-02;64;1;304;4;0.0;0.0
11;2021-01-03;78;0;382;4;0.0;0.0
11;2021-01-04;551;6;933;10;0.0;0.0
11;2021-01-05;2061;17;2994;27;0.0;0.0
11;2021-01-06;3017;21;6011;48;0.0;0.0
11;2021-01-07;5367;37;11378;85;0.1;0.0
11;2021-01-08;7099;46;18477;131;0.2;0.0
11;2021-01-09;1880;5;20357;136;0.2;0.0
11;2021-01-10;1739;7;22096;143;0.2;0.0
11;2021-01-11;7985;58;30081;201;0.2;0.0
11;2021-01-12;10323;92;40404;293;0.3;0.0
11;2021-01-13;9983;85;50387;378;0.4;0.0
11;2021-01-14;10061;129;60448;507;0.5;0.0
11;2021-01-15;8879;77;69327;584;0.6;0.0
11;2021-01-16;2392;30;71719;614;0.6;0.0
11;2021-01-17;1082;16;72801;630;0.6;0.0
11;2021-01-18;12207;120;85008;750;0.7;0.0
11;2021-01-19;15784;113;100792;863;0.8;0.0
11;2021-01-20;18339;110;119131;973;1.0;0.0
11;2021-01-21;22233;132;141364;1105;1.2;0.0
11;2021-01-22;16997;155;158361;1260;1.3;0.0
11;2021-01-23;4952;18;163313;1278;1.3;0.0
11;2021-01-24;1274;6;164587;1284;1.3;0.0
11;2021-01-25;8850;185;173437;1469;1.4;0.0
11;2021-01-26;12321;370;185758;1839;1.5;0.0
11;2021-01-27;16221;686;201979;2525;1.6;0.0
11;2021-01-28;20284;1184;222263;3709;1.8;0.0
11;2021-01-29;15379;1370;237642;5079;1.9;0.0
11;2021-01-30;4455;101;242097;5180;2.0;0.0
11;2021-01-31;582;22;242679;5202;2.0;0.0
11;2021-02-01;7379;1954;250058;7156;2.0;0.1
11;2021-02-02;8348;2816;258406;9972;2.1;0.1
11;2021-02-03;8118;3811;266524;13783;2.2;0.1
11;2021-02-04;8777;4591;275301;18374;2.2;0.1
11;2021-02-05;8946;4425;284247;22799;2.3;0.2
11;2021-02-06;3264;748;287511;23547;2.3;0.2
11;2021-02-07;588;541;288099;24088;2.3;0.2
11;2021-02-08;6239;5916;294338;30004;2.4;0.2
11;2021-02-09;8425;9678;302763;39682;2.5;0.3
11;2021-02-10;9952;11180;312715;50862;2.5;0.4
11;2021-02-11;12368;16503;325083;67365;2.6;0.5
11;2021-02-12;11837;10574;336920;77939;2.7;0.6
11;2021-02-13;2596;2583;339516;80522;2.8;0.7
11;2021-02-14;309;559;339825;81081;2.8;0.7
11;2021-02-15;4471;12024;344296;93105;2.8;0.8
11;2021-02-16;5700;18472;349996;111577;2.9;0.9
11;2021-02-17;5686;15599;355682;127176;2.9;1.0
11;2021-02-18;8633;20762;364315;147938;3.0;1.2
11;2021-02-19;9035;15400;373350;163338;3.0;1.3
11;2021-02-20;1687;4847;375037;168185;3.1;1.4
11;2021-02-21;396;833;375433;169018;3.1;1.4
11;2021-02-22;4226;9910;379659;178928;3.1;1.5
11;2021-02-23;4935;10527;384594;189455;3.1;1.5
11;2021-02-24;5393;9870;389987;199325;3.2;1.6
11;2021-02-25;8586;14111;398573;213436;3.2;1.7
11;2021-02-26;11160;10150;409733;223586;3.3;1.8
11;2021-02-27;5063;3311;414796;226897;3.4;1.8
11;2021-02-28;739;657;415535;227554;3.4;1.9
11;2021-03-01;8835;7953;424370;235507;3.5;1.9
11;2021-03-02;14372;9610;438742;245117;3.6;2.0
11;2021-03-03;18622;10026;457364;255143;3.7;2.1
11;2021-03-04;28203;11013;485567;266156;4.0;2.2
11;2021-03-05;36443;10939;522010;277095;4.3;2.3
11;2021-03-06;46378;3422;568388;280517;4.6;2.3
11;2021-03-07;34272;2672;602660;283189;4.9;2.3
11;2021-03-08;17726;7311;620386;290500;5.1;2.4
11;2021-03-09;26801;7634;647187;298134;5.3;2.4
11;2021-03-10;27637;8245;674824;306379;5.5;2.5
11;2021-03-11;37027;9720;711851;316099;5.8;2.6
11;2021-03-12;44781;9238;756632;325337;6.2;2.6
11;2021-03-13;39886;2544;796518;327881;6.5;2.7
11;2021-03-14;14281;755;810799;328636;6.6;2.7
11;2021-03-15;29252;3946;840051;332582;6.8;2.7
11;2021-03-16;23724;3806;863775;336388;7.0;2.7
11;2021-03-17;24347;3617;888122;340005;7.2;2.8
11;2021-03-18;28974;4057;917096;344062;7.5;2.8
11;2021-03-19;39654;4213;956750;348275;7.8;2.8
11;2021-03-20;25864;1520;982614;349795;8.0;2.8
11;2021-03-21;5626;1306;988240;351101;8.0;2.9
11;2021-03-22;32140;4181;1020380;355282;8.3;2.9
11;2021-03-23;43347;5340;1063727;360622;8.7;2.9
11;2021-03-24;42849;4946;1106576;365568;9.0;3.0
11;2021-03-25;57874;5107;1164450;370675;9.5;3.0
11;2021-03-26;57617;5844;1222067;376519;10.0;3.1
11;2021-03-27;34458;2021;1256525;378540;10.2;3.1
11;2021-03-28;10148;455;1266673;378995;10.3;3.1
11;2021-03-29;32999;8104;1299672;387099;10.6;3.2
11;2021-03-30;44884;11459;1344556;398558;11.0;3.2
11;2021-03-31;39961;13830;1384517;412388;11.3;3.4
11;2021-04-01;45239;21696;1429756;434084;11.6;3.5
11;2021-04-02;39258;23973;1469014;458057;12.0;3.7
11;2021-04-03;18350;21122;1487364;479179;12.1;3.9
11;2021-04-04;6088;7316;1493452;486495;12.2;4.0
11;2021-04-05;5946;2146;1499398;488641;12.2;4.0
11;2021-04-06;29993;18381;1529391;507022;12.5;4.1
11;2021-04-07;37615;19963;1567006;526985;12.8;4.3
11;2021-04-08;46628;21055;1613634;548040;13.1;4.5
11;2021-04-09;53637;21472;1667271;569512;13.6;4.6
11;2021-04-10;28875;19656;1696146;589168;13.8;4.8
11;2021-04-11;6550;7194;1702696;596362;13.9;4.9
11;2021-04-12;30240;19225;1732936;615587;14.1;5.0
11;2021-04-13;37163;27547;1770099;643134;14.4;5.2
11;2021-04-14;34861;24338;1804960;667472;14.7;5.4
11;2021-04-15;39040;28422;1844000;695894;15.0;5.7
11;2021-04-16;40921;27808;1884921;723702;15.4;5.9
11;2021-04-17;22702;14934;1907623;738636;15.5;6.0
11;2021-04-18;5279;3726;1912902;742362;15.6;6.0
11;2021-04-19;25067;23207;1937969;765569;15.8;6.2
11;2021-04-20;30524;27858;1968493;793427;16.0;6.5
11;2021-04-21;32180;28208;2000673;821635;16.3;6.7
11;2021-04-22;34447;34703;2035120;856338;16.6;7.0
11;2021-04-23;37878;32283;2072998;888621;16.9;7.2
11;2021-04-24;37969;23164;2110967;911785;17.2;7.4
11;2021-04-25;20547;7987;2131514;919772;17.4;7.5
11;2021-04-26;33900;25231;2165414;945003;17.6;7.7
11;2021-04-27;47843;30048;2213257;975051;18.0;7.9
11;2021-04-28;53668;29816;2266925;1004867;18.5;8.2
11;2021-04-29;59329;32288;2326254;1037155;18.9;8.4
11;2021-04-30;62728;31022;2388982;1068177;19.5;8.7
11;2021-05-01;24575;5986;2413557;1074163;19.7;8.7
11;2021-05-02;14597;4968;2428154;1079131;19.8;8.8
11;2021-05-03;54043;35150;2482197;1114281;20.2;9.1
11;2021-05-04;59406;33781;2541603;1148062;20.7;9.4
11;2021-05-05;59521;34070;2601124;1182132;21.2;9.6
11;2021-05-06;66836;37987;2667960;1220119;21.7;9.9
11;2021-05-07;65240;39912;2733200;1260031;22.3;10.3
11;2021-05-08;49478;16794;2782678;1276825;22.7;10.4
11;2021-05-09;32949;10114;2815627;1286939;22.9;10.5
11;2021-05-10;69838;30420;2885465;1317359;23.5;10.7
11;2021-05-11;81192;37985;2966657;1355344;24.2;11.0
11;2021-05-12;82759;32312;3049416;1387656;24.8;11.3
11;2021-05-13;67583;9924;3116999;1397580;25.4;11.4
11;2021-05-14;83908;22015;3200907;1419595;26.1;11.6
11;2021-05-15;66193;15295;3267100;1434890;26.6;11.7
11;2021-05-16;36247;5101;3303347;1439991;26.9;11.7
11;2021-05-17;82095;16819;3385442;1456810;27.6;11.9
11;2021-05-18;97774;19732;3483216;1476542;28.4;12.0
11;2021-05-19;97549;27662;3580765;1504204;29.2;12.3
11;2021-05-20;106199;28701;3686964;1532905;30.0;12.5
11;2021-05-21;100712;25918;3787676;1558823;30.8;12.7
11;2021-05-22;79360;14753;3867036;1573576;31.5;12.8
11;2021-05-23;41589;5968;3908625;1579544;31.8;12.9
11;2021-05-24;59597;8739;3968222;1588283;32.3;12.9
11;2021-05-25;85184;32155;4053406;1620438;33.0;13.2
11;2021-05-26;83811;32442;4137217;1652880;33.7;13.5
11;2021-05-27;91978;40511;4229195;1693391;34.4;13.8
11;2021-05-28;86678;45580;4315873;1738971;35.2;14.2
11;2021-05-29;68011;27491;4383884;1766462;35.7;14.4
11;2021-05-30;35897;8473;4419781;1774935;36.0;14.5
11;2021-05-31;77851;39850;4497632;1814785;36.6;14.8
11;2021-06-01;86694;50833;4584326;1865618;37.3;15.2
11;2021-06-02;82616;45344;4666942;1910962;38.0;15.6
11;2021-06-03;88724;53531;4755666;1964493;38.7;16.0
11;2021-06-04;84549;58667;4840215;2023160;39.4;16.5
11;2021-06-05;63480;49813;4903695;2072973;39.9;16.9
11;2021-06-06;37814;17507;4941509;2090480;40.2;17.0
11;2021-06-07;68889;53639;5010398;2144119;40.8;17.5
11;2021-06-08;93109;50990;5103507;2195109;41.6;17.9
11;2021-06-09;97101;62596;5200608;2257705;42.4;18.4
11;2021-06-10;68417;80106;5269025;2337811;42.9;19.0
24;2020-12-27;0;0;0;0;0.0;0.0
24;2020-12-28;17;0;17;0;0.0;0.0
24;2020-12-29;10;0;27;0;0.0;0.0
24;2020-12-30;1;0;28;0;0.0;0.0
24;2020-12-31;0;0;28;0;0.0;0.0
24;2021-01-01;1;0;29;0;0.0;0.0
24;2021-01-02;0;0;29;0;0.0;0.0
24;2021-01-03;0;0;29;0;0.0;0.0
24;2021-01-04;24;0;53;0;0.0;0.0
24;2021-01-05;163;0;216;0;0.0;0.0
24;2021-01-06;328;0;544;0;0.0;0.0
24;2021-01-07;492;0;1036;0;0.0;0.0
24;2021-01-08;951;1;1987;1;0.1;0.0
24;2021-01-09;504;0;2491;1;0.1;0.0
24;2021-01-10;397;0;2888;1;0.1;0.0
24;2021-01-11;1280;0;4168;1;0.2;0.0
24;2021-01-12;2575;8;6743;9;0.3;0.0
24;2021-01-13;2188;6;8931;15;0.3;0.0
24;2021-01-14;2500;51;11431;66;0.4;0.0
24;2021-01-15;2114;7;13545;73;0.5;0.0
24;2021-01-16;857;5;14402;78;0.6;0.0
24;2021-01-17;322;3;14724;81;0.6;0.0
24;2021-01-18;3214;17;17938;98;0.7;0.0
24;2021-01-19;6320;16;24258;114;0.9;0.0
24;2021-01-20;7164;8;31422;122;1.2;0.0
24;2021-01-21;7414;3;38836;125;1.5;0.0
24;2021-01-22;5117;2;43953;127;1.7;0.0
24;2021-01-23;1272;1;45225;128;1.8;0.0
24;2021-01-24;225;1;45450;129;1.8;0.0
24;2021-01-25;3111;24;48561;153;1.9;0.0
24;2021-01-26;4845;87;53406;240;2.1;0.0
24;2021-01-27;5045;181;58451;421;2.3;0.0
24;2021-01-28;5634;506;64085;927;2.5;0.0
24;2021-01-29;3421;730;67506;1657;2.6;0.1
24;2021-01-30;1207;398;68713;2055;2.7;0.1
24;2021-01-31;253;368;68966;2423;2.7;0.1
24;2021-02-01;2170;927;71136;3350;2.8;0.1
24;2021-02-02;3033;1890;74169;5240;2.9;0.2
24;2021-02-03;3110;1768;77279;7008;3.0;0.3
24;2021-02-04;3234;1616;80513;8624;3.1;0.3
24;2021-02-05;2393;1370;82906;9994;3.2;0.4
24;2021-02-06;707;262;83613;10256;3.3;0.4
24;2021-02-07;135;32;83748;10288;3.3;0.4
24;2021-02-08;1967;1570;85715;11858;3.3;0.5
24;2021-02-09;3412;3308;89127;15166;3.5;0.6
24;2021-02-10;4085;3752;93212;18918;3.6;0.7
24;2021-02-11;4651;4771;97863;23689;3.8;0.9
24;2021-02-12;3481;3270;101344;26959;4.0;1.1
24;2021-02-13;839;769;102183;27728;4.0;1.1
24;2021-02-14;426;255;102609;27983;4.0;1.1
24;2021-02-15;1962;2857;104571;30840;4.1;1.2
24;2021-02-16;2849;4492;107420;35332;4.2;1.4
24;2021-02-17;2692;5098;110112;40430;4.3;1.6
24;2021-02-18;3527;5165;113639;45595;4.4;1.8
24;2021-02-19;3198;3553;116837;49148;4.6;1.9
24;2021-02-20;1288;984;118125;50132;4.6;2.0
24;2021-02-21;433;239;118558;50371;4.6;2.0
24;2021-02-22;1650;3060;120208;53431;4.7;2.1
24;2021-02-23;2340;3138;122548;56569;4.8;2.2
24;2021-02-24;2095;3466;124643;60035;4.9;2.3
24;2021-02-25;3621;3161;128264;63196;5.0;2.5
24;2021-02-26;4468;2617;132732;65813;5.2;2.6
24;2021-02-27;1878;995;134610;66808;5.3;2.6
24;2021-02-28;97;219;134707;67027;5.3;2.6
24;2021-03-01;2176;2022;136883;69049;5.3;2.7
24;2021-03-02;3430;2889;140313;71938;5.5;2.8
24;2021-03-03;3548;3408;143861;75346;5.6;2.9
24;2021-03-04;5343;3684;149204;79030;5.8;3.1
24;2021-03-05;7043;3145;156247;82175;6.1;3.2
24;2021-03-06;7383;737;163630;82912;6.4;3.2
24;2021-03-07;2427;287;166057;83199;6.5;3.3
24;2021-03-08;2696;2618;168753;85817;6.6;3.4
24;2021-03-09;5795;2842;174548;88659;6.8;3.5
24;2021-03-10;6423;3517;180971;92176;7.1;3.6
24;2021-03-11;7820;3497;188791;95673;7.4;3.7
24;2021-03-12;10823;2669;199614;98342;7.8;3.8
24;2021-03-13;7125;713;206739;99055;8.1;3.9
24;2021-03-14;1548;270;208287;99325;8.1;3.9
24;2021-03-15;4579;1971;212866;101296;8.3;4.0
24;2021-03-16;4594;2367;217460;103663;8.5;4.1
24;2021-03-17;4462;1983;221922;105646;8.7;4.1
24;2021-03-18;5063;2089;226985;107735;8.9;4.2
24;2021-03-19;7801;1670;234786;109405;9.2;4.3
24;2021-03-20;4443;877;239229;110282;9.3;4.3
24;2021-03-21;557;346;239786;110628;9.4;4.3
24;2021-03-22;4862;1710;244648;112338;9.6;4.4
24;2021-03-23;8072;2289;252720;114627;9.9;4.5
24;2021-03-24;8876;1998;261596;116625;10.2;4.6
24;2021-03-25;12155;1955;273751;118580;10.7;4.6
24;2021-03-26;13315;1962;287066;120542;11.2;4.7
24;2021-03-27;5780;667;292846;121209;11.4;4.7
24;2021-03-28;520;97;293366;121306;11.5;4.7
24;2021-03-29;6765;1864;300131;123170;11.7;4.8
24;2021-03-30;10208;2777;310339;125947;12.1;4.9
24;2021-03-31;9936;2328;320275;128275;12.5;5.0
24;2021-04-01;12027;3376;332302;131651;13.0;5.1
24;2021-04-02;10616;3321;342918;134972;13.4;5.3
24;2021-04-03;3406;1707;346324;136679;13.5;5.3
24;2021-04-04;393;341;346717;137020;13.5;5.4
24;2021-04-05;395;50;347112;137070;13.6;5.4
24;2021-04-06;8330;3397;355442;140467;13.9;5.5
24;2021-04-07;11107;4537;366549;145004;14.3;5.7
24;2021-04-08;14175;4723;380724;149727;14.9;5.9
24;2021-04-09;17752;3692;398476;153419;15.6;6.0
24;2021-04-10;9373;2068;407849;155487;15.9;6.1
24;2021-04-11;2908;1244;410757;156731;16.1;6.1
24;2021-04-12;10838;3428;421595;160159;16.5;6.3
24;2021-04-13;14999;4802;436594;164961;17.1;6.4
24;2021-04-14;13453;4904;450047;169865;17.6;6.6
24;2021-04-15;15341;5101;465388;174966;18.2;6.8
24;2021-04-16;15656;4308;481044;179274;18.8;7.0
24;2021-04-17;8185;1305;489229;180579;19.1;7.1
24;2021-04-18;1099;286;490328;180865;19.2;7.1
24;2021-04-19;9434;4130;499762;184995;19.5;7.2
24;2021-04-20;12720;5954;512482;190949;20.0;7.5
24;2021-04-21;12322;5979;524804;196928;20.5;7.7
24;2021-04-22;13867;7520;538671;204448;21.0;8.0
24;2021-04-23;13710;7032;552381;211480;21.6;8.3
24;2021-04-24;10250;3235;562631;214715;22.0;8.4
24;2021-04-25;3047;427;565678;215142;22.1;8.4
24;2021-04-26;10218;5417;575896;220559;22.5;8.6
24;2021-04-27;14364;7737;590260;228296;23.1;8.9
24;2021-04-28;14231;8428;604491;236724;23.6;9.3
24;2021-04-29;16964;8569;621455;245293;24.3;9.6
24;2021-04-30;18013;7201;639468;252494;25.0;9.9
24;2021-05-01;2948;668;642416;253162;25.1;9.9
24;2021-05-02;2141;314;644557;253476;25.2;9.9
24;2021-05-03;11291;6098;655848;259574;25.6;10.1
24;2021-05-04;12783;10277;668631;269851;26.1;10.5
24;2021-05-05;13871;9556;682502;279407;26.7;10.9
24;2021-05-06;17474;9647;699976;289054;27.4;11.3
24;2021-05-07;14508;11951;714484;301005;27.9;11.8
24;2021-05-08;3548;2367;718032;303372;28.1;11.9
24;2021-05-09;2325;3726;720357;307098;28.1;12.0
24;2021-05-10;11404;12173;731761;319271;28.6;12.5
24;2021-05-11;16385;14185;748146;333456;29.2;13.0
24;2021-05-12;18336;13111;766482;346567;30.0;13.5
24;2021-05-13;6916;3148;773398;349715;30.2;13.7
24;2021-05-14;14517;9147;787915;358862;30.8;14.0
24;2021-05-15;10458;5037;798373;363899;31.2;14.2
24;2021-05-16;3150;1178;801523;365077;31.3;14.3
24;2021-05-17;13290;7647;814813;372724;31.8;14.6
24;2021-05-18;18366;8199;833179;380923;32.6;14.9
24;2021-05-19;19002;7462;852181;388385;33.3;15.2
24;2021-05-20;21288;8428;873469;396813;34.1;15.5
24;2021-05-21;18343;9053;891812;405866;34.8;15.9
24;2021-05-22;7616;4183;899428;410049;35.1;16.0
24;2021-05-23;2977;940;902405;410989;35.3;16.1
24;2021-05-24;8328;1587;910733;412576;35.6;16.1
24;2021-05-25;17714;8834;928447;421410;36.3;16.5
24;2021-05-26;19148;8284;947595;429694;37.0;16.8
24;2021-05-27;20816;10021;968411;439715;37.8;17.2
24;2021-05-28;20431;12240;988842;451955;38.6;17.7
24;2021-05-29;12383;5887;1001225;457842;39.1;17.9
24;2021-05-30;2031;1486;1003256;459328;39.2;17.9
24;2021-05-31;14569;8894;1017825;468222;39.8;18.3
24;2021-06-01;19665;12005;1037490;480227;40.5;18.8
24;2021-06-02;17674;10794;1055164;491021;41.2;19.2
24;2021-06-03;20828;11893;1075992;502914;42.0;19.7
24;2021-06-04;19920;13880;1095912;516794;42.8;20.2
24;2021-06-05;9839;8834;1105751;525628;43.2;20.5
24;2021-06-06;1990;3020;1107741;528648;43.3;20.7
24;2021-06-07;14430;12027;1122171;540675;43.9;21.1
24;2021-06-08;21250;12638;1143421;553313;44.7;21.6
24;2021-06-09;22745;12623;1166166;565936;45.6;22.1
24;2021-06-10;17496;12033;1183662;577969;46.3;22.6
27;2020-12-27;4;0;4;0;0.0;0.0
27;2020-12-28;0;0;4;0;0.0;0.0
27;2020-12-29;19;0;23;0;0.0;0.0
27;2020-12-30;20;0;43;0;0.0;0.0
27;2020-12-31;2;0;45;0;0.0;0.0
27;2021-01-01;0;0;45;0;0.0;0.0
27;2021-01-02;1;0;46;0;0.0;0.0
27;2021-01-03;1;0;47;0;0.0;0.0
27;2021-01-04;27;0;74;0;0.0;0.0
27;2021-01-05;263;0;337;0;0.0;0.0
27;2021-01-06;720;1;1057;1;0.0;0.0
27;2021-01-07;1554;3;2611;4;0.1;0.0
27;2021-01-08;1895;3;4506;7;0.2;0.0
27;2021-01-09;689;0;5195;7;0.2;0.0
27;2021-01-10;3;0;5198;7;0.2;0.0
27;2021-01-11;2405;2;7603;9;0.3;0.0
27;2021-01-12;3818;5;11421;14;0.4;0.0
27;2021-01-13;3846;8;15267;22;0.5;0.0
27;2021-01-14;4750;47;20017;69;0.7;0.0
27;2021-01-15;3592;20;23609;89;0.8;0.0
27;2021-01-16;793;9;24402;98;0.9;0.0
27;2021-01-17;116;1;24518;99;0.9;0.0
27;2021-01-18;6240;18;30758;117;1.1;0.0
27;2021-01-19;8391;23;39149;140;1.4;0.0
27;2021-01-20;7898;56;47047;196;1.7;0.0
27;2021-01-21;9450;16;56497;212;2.0;0.0
27;2021-01-22;7702;17;64199;229;2.3;0.0
27;2021-01-23;2978;6;67177;235;2.4;0.0
27;2021-01-24;347;0;67524;235;2.4;0.0
27;2021-01-25;5217;29;72741;264;2.6;0.0
27;2021-01-26;7388;226;80129;490;2.9;0.0
27;2021-01-27;7091;346;87220;836;3.1;0.0
27;2021-01-28;6330;894;93550;1730;3.4;0.1
27;2021-01-29;5894;1264;99444;2994;3.6;0.1
27;2021-01-30;2469;347;101913;3341;3.7;0.1
27;2021-01-31;252;22;102165;3363;3.7;0.1
27;2021-02-01;3357;1403;105522;4766;3.8;0.2
27;2021-02-02;4038;2223;109560;6989;3.9;0.3
27;2021-02-03;3618;2396;113178;9385;4.1;0.3
27;2021-02-04;3703;3151;116881;12536;4.2;0.5
27;2021-02-05;3245;2588;120126;15124;4.3;0.5
27;2021-02-06;1609;671;121735;15795;4.4;0.6
27;2021-02-07;5;87;121740;15882;4.4;0.6
27;2021-02-08;2914;2684;124654;18566;4.5;0.7
27;2021-02-09;3015;3658;127669;22224;4.6;0.8
27;2021-02-10;3051;3410;130720;25634;4.7;0.9
27;2021-02-11;3316;4647;134036;30281;4.8;1.1
27;2021-02-12;2725;4460;136761;34741;4.9;1.2
27;2021-02-13;985;1467;137746;36208;4.9;1.3
27;2021-02-14;258;298;138004;36506;5.0;1.3
27;2021-02-15;1241;5761;139245;42267;5.0;1.5
27;2021-02-16;1506;7435;140751;49702;5.1;1.8
27;2021-02-17;1808;6915;142559;56617;5.1;2.0
27;2021-02-18;2140;6466;144699;63083;5.2;2.3
27;2021-02-19;1732;5667;146431;68750;5.3;2.5
27;2021-02-20;707;2181;147138;70931;5.3;2.5
27;2021-02-21;2;280;147140;71211;5.3;2.6
27;2021-02-22;978;4901;148118;76112;5.3;2.7
27;2021-02-23;1203;5446;149321;81558;5.4;2.9
27;2021-02-24;1495;4867;150816;86425;5.4;3.1
27;2021-02-25;2912;5058;153728;91483;5.5;3.3
27;2021-02-26;3685;4209;157413;95692;5.7;3.4
27;2021-02-27;1906;1956;159319;97648;5.7;3.5
27;2021-02-28;107;282;159426;97930;5.7;3.5
27;2021-03-01;3666;3506;163092;101436;5.9;3.6
27;2021-03-02;5415;4330;168507;105766;6.1;3.8
27;2021-03-03;5961;3564;174468;109330;6.3;3.9
27;2021-03-04;7694;3549;182162;112879;6.5;4.1
27;2021-03-05;9693;3167;191855;116046;6.9;4.2
27;2021-03-06;6227;1074;198082;117120;7.1;4.2
27;2021-03-07;870;185;198952;117305;7.1;4.2
27;2021-03-08;4545;3413;203497;120718;7.3;4.3
27;2021-03-09;8430;3378;211927;124096;7.6;4.5
27;2021-03-10;8718;2792;220645;126888;7.9;4.6
27;2021-03-11;10278;3183;230923;130071;8.3;4.7
27;2021-03-12;11904;2433;242827;132504;8.7;4.8
27;2021-03-13;7056;684;249883;133188;9.0;4.8
27;2021-03-14;209;60;250092;133248;9.0;4.8
27;2021-03-15;7349;1372;257441;134620;9.3;4.8
27;2021-03-16;8247;1076;265688;135696;9.5;4.9
27;2021-03-17;8534;1152;274222;136848;9.9;4.9
27;2021-03-18;8626;1398;282848;138246;10.2;5.0
27;2021-03-19;9434;1077;292282;139323;10.5;5.0
27;2021-03-20;5706;386;297988;139709;10.7;5.0
27;2021-03-21;236;11;298224;139720;10.7;5.0
27;2021-03-22;9345;948;307569;140668;11.1;5.1
27;2021-03-23;14744;1168;322313;141836;11.6;5.1
27;2021-03-24;15242;1228;337555;143064;12.1;5.1
27;2021-03-25;18396;1431;355951;144495;12.8;5.2
27;2021-03-26;18399;1222;374350;145717;13.5;5.2
27;2021-03-27;7695;396;382045;146113;13.7;5.3
27;2021-03-28;492;124;382537;146237;13.7;5.3
27;2021-03-29;10032;3385;392569;149622;14.1;5.4
27;2021-03-30;13036;3979;405605;153601;14.6;5.5
27;2021-03-31;12920;4172;418525;157773;15.0;5.7
27;2021-04-01;14561;4109;433086;161882;15.6;5.8
27;2021-04-02;12961;4030;446047;165912;16.0;6.0
27;2021-04-03;4478;1131;450525;167043;16.2;6.0
27;2021-04-04;67;35;450592;167078;16.2;6.0
27;2021-04-05;345;6;450937;167084;16.2;6.0
27;2021-04-06;9576;6151;460513;173235;16.5;6.2
27;2021-04-07;10233;6449;470746;179684;16.9;6.5
27;2021-04-08;15719;6112;486465;185796;17.5;6.7
27;2021-04-09;17836;5955;504301;191751;18.1;6.9
27;2021-04-10;6069;1932;510370;193683;18.3;7.0
27;2021-04-11;418;83;510788;193766;18.4;7.0
27;2021-04-12;9058;6782;519846;200548;18.7;7.2
27;2021-04-13;11733;8481;531579;209029;19.1;7.5
27;2021-04-14;10284;7821;541863;216850;19.5;7.8
27;2021-04-15;12950;7632;554813;224482;19.9;8.1
27;2021-04-16;12743;6414;567556;230896;20.4;8.3
27;2021-04-17;5915;3014;573471;233910;20.6;8.4
27;2021-04-18;351;189;573822;234099;20.6;8.4
27;2021-04-19;6971;8850;580793;242949;20.9;8.7
27;2021-04-20;8475;10521;589268;253470;21.2;9.1
27;2021-04-21;8330;10122;597598;263592;21.5;9.5
27;2021-04-22;9857;11505;607455;275097;21.8;9.9
27;2021-04-23;11337;10267;618792;285364;22.2;10.3
27;2021-04-24;5159;3944;623951;289308;22.4;10.4
27;2021-04-25;440;294;624391;289602;22.4;10.4
27;2021-04-26;9562;8728;633953;298330;22.8;10.7
27;2021-04-27;13897;10211;647850;308541;23.3;11.1
27;2021-04-28;15141;10327;662991;318868;23.8;11.5
27;2021-04-29;18257;11493;681248;330361;24.5;11.9
27;2021-04-30;19128;9471;700376;339832;25.2;12.2
27;2021-05-01;5527;1524;705903;341356;25.4;12.3
27;2021-05-02;600;72;706503;341428;25.4;12.3
27;2021-05-03;14842;6273;721345;347701;25.9;12.5
27;2021-05-04;13959;10762;735304;358463;26.4;12.9
27;2021-05-05;15588;9979;750892;368442;27.0;13.2
27;2021-05-06;18234;12306;769126;380748;27.6;13.7
27;2021-05-07;17185;11702;786311;392450;28.3;14.1
27;2021-05-08;5861;1490;792172;393940;28.5;14.2
27;2021-05-09;532;437;792704;394377;28.5;14.2
27;2021-05-10;15173;9821;807877;404198;29.0;14.5
27;2021-05-11;20787;12810;828664;417008;29.8;15.0
27;2021-05-12;19680;11675;848344;428683;30.5;15.4
27;2021-05-13;12270;2003;860614;430686;30.9;15.5
27;2021-05-14;22904;8316;883518;439002;31.7;15.8
27;2021-05-15;15366;3378;898884;442380;32.3;15.9
27;2021-05-16;1880;230;900764;442610;32.4;15.9
27;2021-05-17;18919;6751;919683;449361;33.0;16.1
27;2021-05-18;20484;9229;940167;458590;33.8;16.5
27;2021-05-19;22205;7254;962372;465844;34.6;16.7
27;2021-05-20;23168;8137;985540;473981;35.4;17.0
27;2021-05-21;21047;10008;1006587;483989;36.2;17.4
27;2021-05-22;8254;3586;1014841;487575;36.5;17.5
27;2021-05-23;901;301;1015742;487876;36.5;17.5
27;2021-05-24;4225;1079;1019967;488955;36.6;17.6
27;2021-05-25;14834;11595;1034801;500550;37.2;18.0
27;2021-05-26;15306;10601;1050107;511151;37.7;18.4
27;2021-05-27;18286;11746;1068393;522897;38.4;18.8
27;2021-05-28;16048;14089;1084441;536986;39.0;19.3
27;2021-05-29;6803;5140;1091244;542126;39.2;19.5
27;2021-05-30;385;255;1091629;542381;39.2;19.5
27;2021-05-31;13297;10934;1104926;553315;39.7;19.9
27;2021-06-01;16493;13420;1121419;566735;40.3;20.4
27;2021-06-02;16132;11421;1137551;578156;40.9;20.8
27;2021-06-03;17701;11839;1155252;589995;41.5;21.2
27;2021-06-04;16175;14614;1171427;604609;42.1;21.7
27;2021-06-05;8267;6742;1179694;611351;42.4;22.0
27;2021-06-06;1710;641;1181404;611992;42.5;22.0
27;2021-06-07;17375;13077;1198779;625069;43.1;22.5
27;2021-06-08;25227;13040;1224006;638109;44.0;22.9
27;2021-06-09;25597;12342;1249603;650451;44.9;23.4
27;2021-06-10;18580;13786;1268183;664237;45.6;23.9
28;2020-12-27;0;0;0;0;0.0;0.0
28;2020-12-28;1;0;1;0;0.0;0.0
28;2020-12-29;2;0;3;0;0.0;0.0
28;2020-12-30;0;0;3;0;0.0;0.0
28;2020-12-31;1;0;4;0;0.0;0.0
28;2021-01-01;2;0;6;0;0.0;0.0
28;2021-01-02;1;0;7;0;0.0;0.0
28;2021-01-03;1;0;8;0;0.0;0.0
28;2021-01-04;16;0;24;0;0.0;0.0
28;2021-01-05;169;0;193;0;0.0;0.0
28;2021-01-06;1393;2;1586;2;0.0;0.0
28;2021-01-07;2597;8;4183;10;0.1;0.0
28;2021-01-08;3427;3;7610;13;0.2;0.0
28;2021-01-09;1332;3;8942;16;0.3;0.0
28;2021-01-10;704;1;9646;17;0.3;0.0
28;2021-01-11;3178;3;12824;20;0.4;0.0
28;2021-01-12;3970;3;16794;23;0.5;0.0
28;2021-01-13;4302;5;21096;28;0.6;0.0
28;2021-01-14;8092;73;29188;101;0.9;0.0
28;2021-01-15;6219;24;35407;125;1.1;0.0
28;2021-01-16;2083;9;37490;134;1.1;0.0
28;2021-01-17;4072;21;41562;155;1.3;0.0
28;2021-01-18;8780;11;50342;166;1.5;0.0
28;2021-01-19;7141;13;57483;179;1.7;0.0
28;2021-01-20;6504;8;63987;187;1.9;0.0
28;2021-01-21;5990;7;69977;194;2.1;0.0
28;2021-01-22;5438;11;75415;205;2.3;0.0
28;2021-01-23;2018;7;77433;212;2.3;0.0
28;2021-01-24;1447;11;78880;223;2.4;0.0
28;2021-01-25;6238;179;85118;402;2.6;0.0
28;2021-01-26;4574;393;89692;795;2.7;0.0
28;2021-01-27;4034;765;93726;1560;2.8;0.0
28;2021-01-28;3753;1048;97479;2608;3.0;0.1
28;2021-01-29;3487;1305;100966;3913;3.1;0.1
28;2021-01-30;1386;517;102352;4430;3.1;0.1
28;2021-01-31;195;126;102547;4556;3.1;0.1
28;2021-02-01;2779;1661;105326;6217;3.2;0.2
28;2021-02-02;2987;2391;108313;8608;3.3;0.3
28;2021-02-03;2946;2670;111259;11278;3.4;0.3
28;2021-02-04;3723;5208;114982;16486;3.5;0.5
28;2021-02-05;3867;4392;118849;20878;3.6;0.6
28;2021-02-06;1139;1548;119988;22426;3.6;0.7
28;2021-02-07;718;1975;120706;24401;3.7;0.7
28;2021-02-08;3801;6857;124507;31258;3.8;0.9
28;2021-02-09;3461;6029;127968;37287;3.9;1.1
28;2021-02-10;3454;5072;131422;42359;4.0;1.3
28;2021-02-11;4209;4892;135631;47251;4.1;1.4
28;2021-02-12;4048;4611;139679;51862;4.2;1.6
28;2021-02-13;1122;1581;140801;53443;4.3;1.6
28;2021-02-14;285;1388;141086;54831;4.3;1.7
28;2021-02-15;2212;6277;143298;61108;4.3;1.8
28;2021-02-16;2657;5662;145955;66770;4.4;2.0
28;2021-02-17;1950;4556;147905;71326;4.5;2.2
28;2021-02-18;2567;4308;150472;75634;4.6;2.3
28;2021-02-19;2550;3719;153022;79353;4.6;2.4
28;2021-02-20;945;1259;153967;80612;4.7;2.4
28;2021-02-21;102;416;154069;81028;4.7;2.5
28;2021-02-22;1667;4233;155736;85261;4.7;2.6
28;2021-02-23;2173;3840;157909;89101;4.8;2.7
28;2021-02-24;2371;3893;160280;92994;4.9;2.8
28;2021-02-25;4769;4190;165049;97184;5.0;2.9
28;2021-02-26;5969;3730;171018;100914;5.2;3.1
28;2021-02-27;3006;1030;174024;101944;5.3;3.1
28;2021-02-28;340;386;174364;102330;5.3;3.1
28;2021-03-01;2526;4648;176890;106978;5.4;3.2
28;2021-03-02;3896;4088;180786;111066;5.5;3.4
28;2021-03-03;4788;3476;185574;114542;5.6;3.5
28;2021-03-04;7297;2856;192871;117398;5.8;3.6
28;2021-03-05;10148;2479;203019;119877;6.1;3.6
28;2021-03-06;9806;777;212825;120654;6.4;3.7
28;2021-03-07;3772;126;216597;120780;6.6;3.7
28;2021-03-08;5866;3267;222463;124047;6.7;3.8
28;2021-03-09;9298;2803;231761;126850;7.0;3.8
28;2021-03-10;9808;2435;241569;129285;7.3;3.9
28;2021-03-11;13954;1986;255523;131271;7.7;4.0
28;2021-03-12;17985;1526;273508;132797;8.3;4.0
28;2021-03-13;11135;515;284643;133312;8.6;4.0
28;2021-03-14;2258;97;286901;133409;8.7;4.0
28;2021-03-15;8653;860;295554;134269;8.9;4.1
28;2021-03-16;7483;1186;303037;135455;9.2;4.1
28;2021-03-17;7710;1184;310747;136639;9.4;4.1
28;2021-03-18;8161;1362;318908;138001;9.7;4.2
28;2021-03-19;11580;1442;330488;139443;10.0;4.2
28;2021-03-20;9687;533;340175;139976;10.3;4.2
28;2021-03-21;2410;19;342585;139995;10.4;4.2
28;2021-03-22;9391;1627;351976;141622;10.7;4.3
28;2021-03-23;12505;1491;364481;143113;11.0;4.3
28;2021-03-24;13353;1579;377834;144692;11.4;4.4
28;2021-03-25;17628;1784;395462;146476;12.0;4.4
28;2021-03-26;20802;1839;416264;148315;12.6;4.5
28;2021-03-27;11493;1112;427757;149427;12.9;4.5
28;2021-03-28;2964;84;430721;149511;13.0;4.5
28;2021-03-29;11755;2946;442476;152457;13.4;4.6
28;2021-03-30;14427;3046;456903;155503;13.8;4.7
28;2021-03-31;14412;3542;471315;159045;14.3;4.8
28;2021-04-01;18017;5513;489332;164558;14.8;5.0
28;2021-04-02;16776;6358;506108;170916;15.3;5.2
28;2021-04-03;6999;3954;513107;174870;15.5;5.3
28;2021-04-04;1776;793;514883;175663;15.6;5.3
28;2021-04-05;3288;732;518171;176395;15.7;5.3
28;2021-04-06;10810;7361;528981;183756;16.0;5.6
28;2021-04-07;12740;6928;541721;190684;16.4;5.8
28;2021-04-08;17659;7512;559380;198196;16.9;6.0
28;2021-04-09;23796;7799;583176;205995;17.7;6.2
28;2021-04-10;13813;4109;596989;210104;18.1;6.4
28;2021-04-11;3026;1191;600015;211295;18.2;6.4
28;2021-04-12;13763;8015;613778;219310;18.6;6.6
28;2021-04-13;16176;8021;629954;227331;19.1;6.9
28;2021-04-14;14280;7996;644234;235327;19.5;7.1
28;2021-04-15;17213;8372;661447;243699;20.0;7.4
28;2021-04-16;20212;7794;681659;251493;20.6;7.6
28;2021-04-17;12708;5008;694367;256501;21.0;7.8
28;2021-04-18;2289;1238;696656;257739;21.1;7.8
28;2021-04-19;10859;8862;707515;266601;21.4;8.1
28;2021-04-20;13896;9755;721411;276356;21.8;8.4
28;2021-04-21;13288;9979;734699;286335;22.2;8.7
28;2021-04-22;15278;11883;749977;298218;22.7;9.0
28;2021-04-23;16427;12298;766404;310516;23.2;9.4
28;2021-04-24;12577;7243;778981;317759;23.6;9.6
28;2021-04-25;3297;1904;782278;319663;23.7;9.7
28;2021-04-26;12549;10170;794827;329833;24.1;10.0
28;2021-04-27;15121;11729;809948;341562;24.5;10.3
28;2021-04-28;15998;10690;825946;352252;25.0;10.7
28;2021-04-29;18849;11745;844795;363997;25.6;11.0
28;2021-04-30;20906;11863;865701;375860;26.2;11.4
28;2021-05-01;13080;2946;878781;378806;26.6;11.5
28;2021-05-02;5974;1820;884755;380626;26.8;11.5
28;2021-05-03;12841;9972;897596;390598;27.2;11.8
28;2021-05-04;13775;13108;911371;403706;27.6;12.2
28;2021-05-05;13973;14441;925344;418147;28.0;12.7
28;2021-05-06;18291;15071;943635;433218;28.6;13.1
28;2021-05-07;17800;17356;961435;450574;29.1;13.6
28;2021-05-08;11939;4666;973374;455240;29.5;13.8
28;2021-05-09;7136;1811;980510;457051;29.7;13.8
28;2021-05-10;14128;14773;994638;471824;30.1;14.3
28;2021-05-11;18062;15304;1012700;487128;30.7;14.7
28;2021-05-12;18709;13931;1031409;501059;31.2;15.2
28;2021-05-13;19612;3687;1051021;504746;31.8;15.3
28;2021-05-14;26291;12480;1077312;517226;32.6;15.7
28;2021-05-15;26874;7045;1104186;524271;33.4;15.9
28;2021-05-16;14094;1556;1118280;525827;33.9;15.9
28;2021-05-17;16133;9400;1134413;535227;34.3;16.2
28;2021-05-18;20981;8738;1155394;543965;35.0;16.5
28;2021-05-19;20836;8443;1176230;552408;35.6;16.7
28;2021-05-20;23048;9625;1199278;562033;36.3;17.0
28;2021-05-21;21342;12057;1220620;574090;36.9;17.4
28;2021-05-22;17524;5946;1238144;580036;37.5;17.6
28;2021-05-23;9103;913;1247247;580949;37.8;17.6
28;2021-05-24;13385;3154;1260632;584103;38.2;17.7
28;2021-05-25;19097;11570;1279729;595673;38.7;18.0
28;2021-05-26;19199;9981;1298928;605654;39.3;18.3
28;2021-05-27;21686;12349;1320614;618003;40.0;18.7
28;2021-05-28;21525;16484;1342139;634487;40.6;19.2
28;2021-05-29;17535;10146;1359674;644633;41.2;19.5
28;2021-05-30;6263;1261;1365937;645894;41.3;19.6
28;2021-05-31;19811;11912;1385748;657806;41.9;19.9
28;2021-06-01;23665;13811;1409413;671617;42.7;20.3
28;2021-06-02;20729;12300;1430142;683917;43.3;20.7
28;2021-06-03;26427;14635;1456569;698552;44.1;21.1
28;2021-06-04;24494;18902;1481063;717454;44.8;21.7
28;2021-06-05;18134;12041;1499197;729495;45.4;22.1
28;2021-06-06;7485;2393;1506682;731888;45.6;22.2
28;2021-06-07;19209;14147;1525891;746035;46.2;22.6
28;2021-06-08;27103;14019;1552994;760054;47.0;23.0
28;2021-06-09;26628;14571;1579622;774625;47.8;23.4
28;2021-06-10;20721;14689;1600343;789314;48.4;23.9
32;2020-12-27;1;0;1;0;0.0;0.0
32;2020-12-28;26;0;27;0;0.0;0.0
32;2020-12-29;12;0;39;0;0.0;0.0
32;2020-12-30;0;0;39;0;0.0;0.0
32;2020-12-31;0;0;39;0;0.0;0.0
32;2021-01-01;1;0;40;0;0.0;0.0
32;2021-01-02;6;0;46;0;0.0;0.0
32;2021-01-03;4;0;50;0;0.0;0.0
32;2021-01-04;82;0;132;0;0.0;0.0
32;2021-01-05;300;0;432;0;0.0;0.0
32;2021-01-06;786;1;1218;1;0.0;0.0
32;2021-01-07;2431;3;3649;4;0.1;0.0
32;2021-01-08;3163;8;6812;12;0.1;0.0
32;2021-01-09;957;3;7769;15;0.1;0.0
32;2021-01-10;639;0;8408;15;0.1;0.0
32;2021-01-11;3266;6;11674;21;0.2;0.0
32;2021-01-12;4995;6;16669;27;0.3;0.0
32;2021-01-13;4943;8;21612;35;0.4;0.0
32;2021-01-14;5721;43;27333;78;0.5;0.0
32;2021-01-15;5216;21;32549;99;0.5;0.0
32;2021-01-16;1639;10;34188;109;0.6;0.0
32;2021-01-17;860;4;35048;113;0.6;0.0
32;2021-01-18;7229;20;42277;133;0.7;0.0
32;2021-01-19;9892;34;52169;167;0.9;0.0
32;2021-01-20;10342;28;62511;195;1.0;0.0
32;2021-01-21;12695;41;75206;236;1.3;0.0
32;2021-01-22;9870;21;85076;257;1.4;0.0
32;2021-01-23;3408;4;88484;261;1.5;0.0
32;2021-01-24;1119;2;89603;263;1.5;0.0
32;2021-01-25;6863;80;96466;343;1.6;0.0
32;2021-01-26;7446;178;103912;521;1.7;0.0
32;2021-01-27;4829;511;108741;1032;1.8;0.0
32;2021-01-28;8561;1683;117302;2715;2.0;0.0
32;2021-01-29;5369;1855;122671;4570;2.1;0.1
32;2021-01-30;534;413;123205;4983;2.1;0.1
32;2021-01-31;67;74;123272;5057;2.1;0.1
32;2021-02-01;191;1816;123463;6873;2.1;0.1
32;2021-02-02;786;3170;124249;10043;2.1;0.2
32;2021-02-03;4070;3190;128319;13233;2.2;0.2
32;2021-02-04;3686;3622;132005;16855;2.2;0.3
32;2021-02-05;1962;3280;133967;20135;2.2;0.3
32;2021-02-06;516;874;134483;21009;2.3;0.4
32;2021-02-07;539;94;135022;21103;2.3;0.4
32;2021-02-08;1866;3684;136888;24787;2.3;0.4
32;2021-02-09;2553;4370;139441;29157;2.3;0.5
32;2021-02-10;2983;5346;142424;34503;2.4;0.6
32;2021-02-11;4773;6187;147197;40690;2.5;0.7
32;2021-02-12;5085;4658;152282;45348;2.6;0.8
32;2021-02-13;944;1894;153226;47242;2.6;0.8
32;2021-02-14;116;712;153342;47954;2.6;0.8
32;2021-02-15;3612;6922;156954;54876;2.6;0.9
32;2021-02-16;4027;8232;160981;63108;2.7;1.1
32;2021-02-17;4279;8681;165260;71789;2.8;1.2
32;2021-02-18;7021;11421;172281;83210;2.9;1.4
32;2021-02-19;7078;8295;179359;91505;3.0;1.5
32;2021-02-20;2514;3013;181873;94518;3.1;1.6
32;2021-02-21;434;489;182307;95007;3.1;1.6
32;2021-02-22;3260;5327;185567;100334;3.1;1.7
32;2021-02-23;5502;5912;191069;106246;3.2;1.8
32;2021-02-24;7442;6047;198511;112293;3.3;1.9
32;2021-02-25;12821;4995;211332;117288;3.5;2.0
32;2021-02-26;12548;2863;223880;120151;3.8;2.0
32;2021-02-27;6480;292;230360;120443;3.9;2.0
32;2021-02-28;363;134;230723;120577;3.9;2.0
32;2021-03-01;7246;843;237969;121420;4.0;2.0
32;2021-03-02;10965;972;248934;122392;4.2;2.1
32;2021-03-03;11987;1710;260921;124102;4.4;2.1
32;2021-03-04;15092;2397;276013;126499;4.6;2.1
32;2021-03-05;17137;2070;293150;128569;4.9;2.2
32;2021-03-06;28070;983;321220;129552;5.4;2.2
32;2021-03-07;19865;455;341085;130007;5.7;2.2
32;2021-03-08;8930;2538;350015;132545;5.9;2.2
32;2021-03-09;14267;3267;364282;135812;6.1;2.3
32;2021-03-10;15759;3174;380041;138986;6.4;2.3
32;2021-03-11;20936;4652;400977;143638;6.7;2.4
32;2021-03-12;26094;4138;427071;147776;7.2;2.5
32;2021-03-13;41601;1921;468672;149697;7.9;2.5
32;2021-03-14;20103;537;488775;150234;8.2;2.5
32;2021-03-15;13109;3559;501884;153793;8.4;2.6
32;2021-03-16;9758;3468;511642;157261;8.6;2.6
32;2021-03-17;9691;4117;521333;161378;8.7;2.7
32;2021-03-18;10011;5016;531344;166394;8.9;2.8
32;2021-03-19;17996;3776;549340;170170;9.2;2.9
32;2021-03-20;36544;1893;585884;172063;9.8;2.9
32;2021-03-21;19841;740;605725;172803;10.2;2.9
32;2021-03-22;12135;4260;617860;177063;10.4;3.0
32;2021-03-23;19013;5888;636873;182951;10.7;3.1
32;2021-03-24;18075;6106;654948;189057;11.0;3.2
32;2021-03-25;25318;5643;680266;194700;11.4;3.3
32;2021-03-26;29045;5829;709311;200529;11.9;3.4
32;2021-03-27;36641;2062;745952;202591;12.5;3.4
32;2021-03-28;18632;580;764584;203171;12.8;3.4
32;2021-03-29;14577;7013;779161;210184;13.1;3.5
32;2021-03-30;18969;8617;798130;218801;13.4;3.7
32;2021-03-31;15907;9260;814037;228061;13.7;3.8
32;2021-04-01;18203;10987;832240;239048;14.0;4.0
32;2021-04-02;19955;12508;852195;251556;14.3;4.2
32;2021-04-03;30035;10098;882230;261654;14.8;4.4
32;2021-04-04;11652;4694;893882;266348;15.0;4.5
32;2021-04-05;9608;2299;903490;268647;15.2;4.5
32;2021-04-06;14286;10841;917776;279488;15.4;4.7
32;2021-04-07;18125;12496;935901;291984;15.7;4.9
32;2021-04-08;23464;12886;959365;304870;16.1;5.1
32;2021-04-09;29845;13028;989210;317898;16.6;5.3
32;2021-04-10;26067;18708;1015277;336606;17.0;5.6
32;2021-04-11;9129;11978;1024406;348584;17.2;5.8
32;2021-04-12;15389;9466;1039795;358050;17.4;6.0
32;2021-04-13;21777;11496;1061572;369546;17.8;6.2
32;2021-04-14;22417;11074;1083989;380620;18.2;6.4
32;2021-04-15;25678;11062;1109667;391682;18.6;6.6
32;2021-04-16;25247;12367;1134914;404049;19.0;6.8
32;2021-04-17;17890;22933;1152804;426982;19.3;7.2
32;2021-04-18;6389;14024;1159193;441006;19.4;7.4
32;2021-04-19;11633;9772;1170826;450778;19.6;7.6
32;2021-04-20;16401;12258;1187227;463036;19.9;7.8
32;2021-04-21;15781;12536;1203008;475572;20.2;8.0
32;2021-04-22;19014;14947;1222022;490519;20.5;8.2
32;2021-04-23;19627;15908;1241649;506427;20.8;8.5
32;2021-04-24;15434;20992;1257083;527419;21.1;8.8
32;2021-04-25;6960;12278;1264043;539697;21.2;9.1
32;2021-04-26;13235;10679;1277278;550376;21.4;9.2
32;2021-04-27;19370;14080;1296648;564456;21.7;9.5
32;2021-04-28;22011;15982;1318659;580438;22.1;9.7
32;2021-04-29;22858;19868;1341517;600306;22.5;10.1
32;2021-04-30;25596;21500;1367113;621806;22.9;10.4
32;2021-05-01;23594;13855;1390707;635661;23.3;10.7
32;2021-05-02;20964;10257;1411671;645918;23.7;10.8
32;2021-05-03;21949;11198;1433620;657116;24.0;11.0
32;2021-05-04;23798;16202;1457418;673318;24.4;11.3
32;2021-05-05;23993;17346;1481411;690664;24.8;11.6
32;2021-05-06;25739;19826;1507150;710490;25.3;11.9
32;2021-05-07;30707;21423;1537857;731913;25.8;12.3
32;2021-05-08;33286;8876;1571143;740789;26.3;12.4
32;2021-05-09;26714;6405;1597857;747194;26.8;12.5
32;2021-05-10;24100;16002;1621957;763196;27.2;12.8
32;2021-05-11;31288;18932;1653245;782128;27.7;13.1
32;2021-05-12;37044;18675;1690289;800803;28.3;13.4
32;2021-05-13;40445;7223;1730734;808026;29.0;13.6
32;2021-05-14;41690;14510;1772424;822536;29.7;13.8
32;2021-05-15;59485;12009;1831909;834545;30.7;14.0
32;2021-05-16;47746;4732;1879655;839277;31.5;14.1
32;2021-05-17;31365;10859;1911020;850136;32.0;14.3
32;2021-05-18;36434;12407;1947454;862543;32.7;14.5
32;2021-05-19;38705;11476;1986159;874019;33.3;14.7
32;2021-05-20;39658;14881;2025817;888900;34.0;14.9
32;2021-05-21;42229;16878;2068046;905778;34.7;15.2
32;2021-05-22;57631;12984;2125677;918762;35.6;15.4
32;2021-05-23;38853;4338;2164530;923100;36.3;15.5
32;2021-05-24;28411;3793;2192941;926893;36.8;15.5
32;2021-05-25;31014;14818;2223955;941711;37.3;15.8
32;2021-05-26;33892;16703;2257847;958414;37.9;16.1
32;2021-05-27;34550;20630;2292397;979044;38.4;16.4
32;2021-05-28;34233;25105;2326630;1004149;39.0;16.8
32;2021-05-29;37358;19554;2363988;1023703;39.6;17.2
32;2021-05-30;16076;3497;2380064;1027200;39.9;17.2
32;2021-05-31;27870;16480;2407934;1043680;40.4;17.5
32;2021-06-01;32722;23978;2440656;1067658;40.9;17.9
32;2021-06-02;32088;21589;2472744;1089247;41.5;18.3
32;2021-06-03;34267;25036;2507011;1114283;42.0;18.7
32;2021-06-04;35817;27699;2542828;1141982;42.6;19.2
32;2021-06-05;34290;22703;2577118;1164685;43.2;19.5
32;2021-06-06;16501;5682;2593619;1170367;43.5;19.6
32;2021-06-07;21132;19312;2614751;1189679;43.9;20.0
32;2021-06-08;34583;20387;2649334;1210066;44.4;20.3
32;2021-06-09;34630;24111;2683964;1234177;45.0;20.7
32;2021-06-10;24346;26230;2708310;1260407;45.4;21.1
44;2020-12-27;0;0;0;0;0.0;0.0
44;2020-12-28;0;0;0;0;0.0;0.0
44;2020-12-29;0;0;0;0;0.0;0.0
44;2020-12-30;0;0;0;0;0.0;0.0
44;2020-12-31;11;0;11;0;0.0;0.0
44;2021-01-01;1;0;12;0;0.0;0.0
44;2021-01-02;3;0;15;0;0.0;0.0
44;2021-01-03;3;0;18;0;0.0;0.0
44;2021-01-04;243;0;261;0;0.0;0.0
44;2021-01-05;769;0;1030;0;0.0;0.0
44;2021-01-06;1242;2;2272;2;0.0;0.0
44;2021-01-07;2422;2;4694;4;0.1;0.0
44;2021-01-08;3130;6;7824;10;0.1;0.0
44;2021-01-09;938;1;8762;11;0.2;0.0
44;2021-01-10;232;0;8994;11;0.2;0.0
44;2021-01-11;2976;7;11970;18;0.2;0.0
44;2021-01-12;5273;5;17243;23;0.3;0.0
44;2021-01-13;7656;17;24899;40;0.5;0.0
44;2021-01-14;9538;81;34437;121;0.6;0.0
44;2021-01-15;6692;27;41129;148;0.7;0.0
44;2021-01-16;1918;9;43047;157;0.8;0.0
44;2021-01-17;902;1;43949;158;0.8;0.0
44;2021-01-18;8710;25;52659;183;1.0;0.0
44;2021-01-19;10647;16;63306;199;1.1;0.0
44;2021-01-20;11027;41;74333;240;1.3;0.0
44;2021-01-21;11723;23;86056;263;1.6;0.0
44;2021-01-22;9631;26;95687;289;1.7;0.0
44;2021-01-23;3286;20;98973;309;1.8;0.0
44;2021-01-24;1568;3;100541;312;1.8;0.0
44;2021-01-25;6616;302;107157;614;1.9;0.0
44;2021-01-26;5641;433;112798;1047;2.0;0.0
44;2021-01-27;7370;596;120168;1643;2.2;0.0
44;2021-01-28;8789;1247;128957;2890;2.3;0.1
44;2021-01-29;6756;1798;135713;4688;2.5;0.1
44;2021-01-30;2549;494;138262;5182;2.5;0.1
44;2021-01-31;1250;54;139512;5236;2.5;0.1
44;2021-02-01;6374;2380;145886;7616;2.6;0.1
44;2021-02-02;6214;3811;152100;11427;2.8;0.2
44;2021-02-03;5591;4547;157691;15974;2.9;0.3
44;2021-02-04;6437;6966;164128;22940;3.0;0.4
44;2021-02-05;6387;5235;170515;28175;3.1;0.5
44;2021-02-06;1973;1208;172488;29383;3.1;0.5
44;2021-02-07;406;593;172894;29976;3.1;0.5
44;2021-02-08;3820;4469;176714;34445;3.2;0.6
44;2021-02-09;5715;5834;182429;40279;3.3;0.7
44;2021-02-10;6252;6036;188681;46315;3.4;0.8
44;2021-02-11;7051;6557;195732;52872;3.6;1.0
44;2021-02-12;7278;5541;203010;58413;3.7;1.1
44;2021-02-13;2547;1255;205557;59668;3.7;1.1
44;2021-02-14;1612;823;207169;60491;3.8;1.1
44;2021-02-15;3998;7205;211167;67696;3.8;1.2
44;2021-02-16;4564;7975;215731;75671;3.9;1.4
44;2021-02-17;4708;8540;220439;84211;4.0;1.5
44;2021-02-18;6006;9266;226445;93477;4.1;1.7
44;2021-02-19;5540;7491;231985;100968;4.2;1.8
44;2021-02-20;2336;2842;234321;103810;4.3;1.9
44;2021-02-21;542;1399;234863;105209;4.3;1.9
44;2021-02-22;4485;7025;239348;112234;4.3;2.0
44;2021-02-23;6028;7253;245376;119487;4.5;2.2
44;2021-02-24;6602;5933;251978;125420;4.6;2.3
44;2021-02-25;10508;7550;262486;132970;4.8;2.4
44;2021-02-26;12368;6318;274854;139288;5.0;2.5
44;2021-02-27;7889;2148;282743;141436;5.1;2.6
44;2021-02-28;2115;517;284858;141953;5.2;2.6
44;2021-03-01;6077;4660;290935;146613;5.3;2.7
44;2021-03-02;9392;5642;300327;152255;5.4;2.8
44;2021-03-03;11268;5559;311595;157814;5.7;2.9
44;2021-03-04;13259;5753;324854;163567;5.9;3.0
44;2021-03-05;17867;5646;342721;169213;6.2;3.1
44;2021-03-06;21334;2117;364055;171330;6.6;3.1
44;2021-03-07;12202;715;376257;172045;6.8;3.1
44;2021-03-08;9406;4243;385663;176288;7.0;3.2
44;2021-03-09;15195;4921;400858;181209;7.3;3.3
44;2021-03-10;16617;5141;417475;186350;7.6;3.4
44;2021-03-11;20361;5608;437836;191958;7.9;3.5
44;2021-03-12;26828;5445;464664;197403;8.4;3.6
44;2021-03-13;24194;2349;488858;199752;8.9;3.6
44;2021-03-14;6761;866;495619;200618;9.0;3.6
44;2021-03-15;12999;3445;508618;204063;9.2;3.7
44;2021-03-16;12826;3966;521444;208029;9.5;3.8
44;2021-03-17;14183;3621;535627;211650;9.7;3.8
44;2021-03-18;15390;3742;551017;215392;10.0;3.9
44;2021-03-19;21430;3850;572447;219242;10.4;4.0
44;2021-03-20;15555;1914;588002;221156;10.7;4.0
44;2021-03-21;4619;278;592621;221434;10.8;4.0
44;2021-03-22;12521;3886;605142;225320;11.0;4.1
44;2021-03-23;19457;5034;624599;230354;11.3;4.2
44;2021-03-24;22186;5129;646785;235483;11.7;4.3
44;2021-03-25;28200;5705;674985;241188;12.2;4.4
44;2021-03-26;30367;5413;705352;246601;12.8;4.5
44;2021-03-27;16200;4643;721552;251244;13.1;4.6
44;2021-03-28;4078;1969;725630;253213;13.2;4.6
44;2021-03-29;14309;6086;739939;259299;13.4;4.7
44;2021-03-30;21484;7743;761423;267042;13.8;4.8
44;2021-03-31;20215;7954;781638;274996;14.2;5.0
44;2021-04-01;23531;9284;805169;284280;14.6;5.2
44;2021-04-02;16222;6848;821391;291128;14.9;5.3
44;2021-04-03;10192;5751;831583;296879;15.1;5.4
44;2021-04-04;3131;1646;834714;298525;15.1;5.4
44;2021-04-05;4430;1398;839144;299923;15.2;5.4
44;2021-04-06;13454;10522;852598;310445;15.5;5.6
44;2021-04-07;17719;12063;870317;322508;15.8;5.9
44;2021-04-08;25967;12349;896284;334857;16.3;6.1
44;2021-04-09;32159;12622;928443;347479;16.8;6.3
44;2021-04-10;18222;10001;946665;357480;17.2;6.5
44;2021-04-11;3024;5957;949689;363437;17.2;6.6
44;2021-04-12;16949;11201;966638;374638;17.5;6.8
44;2021-04-13;21953;13725;988591;388363;17.9;7.0
44;2021-04-14;23070;14007;1011661;402370;18.4;7.3
44;2021-04-15;26228;15297;1037889;417667;18.8;7.6
44;2021-04-16;28058;15138;1065947;432805;19.3;7.9
44;2021-04-17;19796;8989;1085743;441794;19.7;8.0
44;2021-04-18;5044;4621;1090787;446415;19.8;8.1
44;2021-04-19;16918;11699;1107705;458114;20.1;8.3
44;2021-04-20;19069;14246;1126774;472360;20.4;8.6
44;2021-04-21;21123;14900;1147897;487260;20.8;8.8
44;2021-04-22;23678;15818;1171575;503078;21.3;9.1
44;2021-04-23;27796;16483;1199371;519561;21.8;9.4
44;2021-04-24;16982;9122;1216353;528683;22.1;9.6
44;2021-04-25;4826;3552;1221179;532235;22.2;9.7
44;2021-04-26;16761;11979;1237940;544214;22.5;9.9
44;2021-04-27;21803;14585;1259743;558799;22.9;10.1
44;2021-04-28;25640;14738;1285383;573537;23.3;10.4
44;2021-04-29;28793;16869;1314176;590406;23.8;10.7
44;2021-04-30;33817;15909;1347993;606315;24.5;11.0
44;2021-05-01;15204;6962;1363197;613277;24.7;11.1
44;2021-05-02;7913;3973;1371110;617250;24.9;11.2
44;2021-05-03;23901;12275;1395011;629525;25.3;11.4
44;2021-05-04;26966;17213;1421977;646738;25.8;11.7
44;2021-05-05;30779;19040;1452756;665778;26.4;12.1
44;2021-05-06;37872;21000;1490628;686778;27.0;12.5
44;2021-05-07;36037;24678;1526665;711456;27.7;12.9
44;2021-05-08;18757;6599;1545422;718055;28.0;13.0
44;2021-05-09;11053;2863;1556475;720918;28.2;13.1
44;2021-05-10;24228;20659;1580703;741577;28.7;13.5
44;2021-05-11;34307;22773;1615010;764350;29.3;13.9
44;2021-05-12;37020;23848;1652030;788198;30.0;14.3
44;2021-05-13;27779;6300;1679809;794498;30.5;14.4
44;2021-05-14;44048;18684;1723857;813182;31.3;14.8
44;2021-05-15;33884;13984;1757741;827166;31.9;15.0
44;2021-05-16;15516;3465;1773257;830631;32.2;15.1
44;2021-05-17;27034;14414;1800291;845045;32.7;15.3
44;2021-05-18;34967;15156;1835258;860201;33.3;15.6
44;2021-05-19;36775;16243;1872033;876444;34.0;15.9
44;2021-05-20;40522;16312;1912555;892756;34.7;16.2
44;2021-05-21;42680;20772;1955235;913528;35.5;16.6
44;2021-05-22;27615;11489;1982850;925017;36.0;16.8
44;2021-05-23;8644;1707;1991494;926724;36.1;16.8
44;2021-05-24;17856;4615;2009350;931339;36.5;16.9
44;2021-05-25;30112;17516;2039462;948855;37.0;17.2
44;2021-05-26;32245;19407;2071707;968262;37.6;17.6
44;2021-05-27;34469;20768;2106176;989030;38.2;17.9
44;2021-05-28;37408;27688;2143584;1016718;38.9;18.4
44;2021-05-29;26730;20061;2170314;1036779;39.4;18.8
44;2021-05-30;6111;4206;2176425;1040985;39.5;18.9
44;2021-05-31;26892;19624;2203317;1060609;40.0;19.2
44;2021-06-01;31440;22858;2234757;1083467;40.5;19.7
44;2021-06-02;33456;22827;2268213;1106294;41.2;20.1
44;2021-06-03;34374;25193;2302587;1131487;41.8;20.5
44;2021-06-04;39683;32227;2342270;1163714;42.5;21.1
44;2021-06-05;22858;20064;2365128;1183778;42.9;21.5
44;2021-06-06;8285;4444;2373413;1188222;43.1;21.6
44;2021-06-07;27907;22059;2401320;1210281;43.6;22.0
44;2021-06-08;42456;22205;2443776;1232486;44.3;22.4
44;2021-06-09;48122;24560;2491898;1257046;45.2;22.8
44;2021-06-10;33530;25345;2525428;1282391;45.8;23.3
52;2020-12-27;0;0;0;0;0.0;0.0
52;2020-12-28;1;0;1;0;0.0;0.0
52;2020-12-29;0;0;1;0;0.0;0.0
52;2020-12-30;0;0;1;0;0.0;0.0
52;2020-12-31;0;0;1;0;0.0;0.0
52;2021-01-01;3;0;4;0;0.0;0.0
52;2021-01-02;1;0;5;0;0.0;0.0
52;2021-01-03;1;0;6;0;0.0;0.0
52;2021-01-04;34;0;40;0;0.0;0.0
52;2021-01-05;168;0;208;0;0.0;0.0
52;2021-01-06;384;1;592;1;0.0;0.0
52;2021-01-07;963;0;1555;1;0.0;0.0
52;2021-01-08;1664;2;3219;3;0.1;0.0
52;2021-01-09;1049;1;4268;4;0.1;0.0
52;2021-01-10;643;1;4911;5;0.1;0.0
52;2021-01-11;2197;0;7108;5;0.2;0.0
52;2021-01-12;3166;4;10274;9;0.3;0.0
52;2021-01-13;2985;2;13259;11;0.3;0.0
52;2021-01-14;3302;24;16561;35;0.4;0.0
52;2021-01-15;3012;9;19573;44;0.5;0.0
52;2021-01-16;894;5;20467;49;0.5;0.0
52;2021-01-17;499;3;20966;52;0.6;0.0
52;2021-01-18;3198;6;24164;58;0.6;0.0
52;2021-01-19;6553;7;30717;65;0.8;0.0
52;2021-01-20;8328;10;39045;75;1.0;0.0
52;2021-01-21;12165;10;51210;85;1.3;0.0
52;2021-01-22;7271;26;58481;111;1.5;0.0
52;2021-01-23;1678;4;60159;115;1.6;0.0
52;2021-01-24;174;0;60333;115;1.6;0.0
52;2021-01-25;3005;10;63338;125;1.7;0.0
52;2021-01-26;6740;151;70078;276;1.8;0.0
52;2021-01-27;7286;150;77364;426;2.0;0.0
52;2021-01-28;9725;462;87089;888;2.3;0.0
52;2021-01-29;5956;910;93045;1798;2.4;0.0
52;2021-01-30;1258;271;94303;2069;2.5;0.1
52;2021-01-31;79;314;94382;2383;2.5;0.1
52;2021-02-01;2521;1191;96903;3574;2.5;0.1
52;2021-02-02;2970;1859;99873;5433;2.6;0.1
52;2021-02-03;2685;2161;102558;7594;2.7;0.2
52;2021-02-04;2961;2115;105519;9709;2.8;0.3
52;2021-02-05;2965;2206;108484;11915;2.9;0.3
52;2021-02-06;1075;661;109559;12576;2.9;0.3
52;2021-02-07;151;297;109710;12873;2.9;0.3
52;2021-02-08;1930;2114;111640;14987;2.9;0.4
52;2021-02-09;3177;3729;114817;18716;3.0;0.5
52;2021-02-10;3322;4777;118139;23493;3.1;0.6
52;2021-02-11;6097;9294;124236;32787;3.3;0.9
52;2021-02-12;4703;5145;128939;37932;3.4;1.0
52;2021-02-13;1151;1243;130090;39175;3.4;1.0
52;2021-02-14;22;541;130112;39716;3.4;1.0
52;2021-02-15;2030;3533;132142;43249;3.5;1.1
52;2021-02-16;4111;6755;136253;50004;3.6;1.3
52;2021-02-17;3854;6947;140107;56951;3.7;1.5
52;2021-02-18;6141;9280;146248;66231;3.8;1.7
52;2021-02-19;5329;5823;151577;72054;4.0;1.9
52;2021-02-20;1027;1475;152604;73529;4.0;1.9
52;2021-02-21;6;274;152610;73803;4.0;1.9
52;2021-02-22;2629;3490;155239;77293;4.1;2.0
52;2021-02-23;3424;3698;158663;80991;4.2;2.1
52;2021-02-24;3296;3037;161959;84028;4.3;2.2
52;2021-02-25;6341;3210;168300;87238;4.4;2.3
52;2021-02-26;6201;2920;174501;90158;4.6;2.4
52;2021-02-27;2216;1044;176717;91202;4.6;2.4
52;2021-02-28;76;88;176793;91290;4.7;2.4
52;2021-03-01;3116;2328;179909;93618;4.7;2.5
52;2021-03-02;4728;3433;184637;97051;4.9;2.6
52;2021-03-03;5281;3404;189918;100455;5.0;2.6
52;2021-03-04;7786;4765;197704;105220;5.2;2.8
52;2021-03-05;9009;3920;206713;109140;5.4;2.9
52;2021-03-06;5641;1141;212354;110281;5.6;2.9
52;2021-03-07;2664;129;215018;110410;5.7;2.9
52;2021-03-08;5835;2414;220853;112824;5.8;3.0
52;2021-03-09;9561;3313;230414;116137;6.1;3.1
52;2021-03-10;9411;3388;239825;119525;6.3;3.1
52;2021-03-11;13595;5022;253420;124547;6.7;3.3
52;2021-03-12;15340;3735;268760;128282;7.1;3.4
52;2021-03-13;8282;752;277042;129034;7.3;3.4
52;2021-03-14;624;72;277666;129106;7.3;3.4
52;2021-03-15;8874;1912;286540;131018;7.5;3.4
52;2021-03-16;7574;2612;294114;133630;7.7;3.5
52;2021-03-17;6440;2377;300554;136007;7.9;3.6
52;2021-03-18;8305;2508;308859;138515;8.1;3.6
52;2021-03-19;11878;2120;320737;140635;8.4;3.7
52;2021-03-20;7141;747;327878;141382;8.6;3.7
52;2021-03-21;1696;46;329574;141428;8.7;3.7
52;2021-03-22;9026;2002;338600;143430;8.9;3.8
52;2021-03-23;13209;2582;351809;146012;9.3;3.8
52;2021-03-24;13360;2020;365169;148032;9.6;3.9
52;2021-03-25;18199;2782;383368;150814;10.1;4.0
52;2021-03-26;18914;2358;402282;153172;10.6;4.0
52;2021-03-27;7543;645;409825;153817;10.8;4.0
52;2021-03-28;2189;65;412014;153882;10.8;4.0
52;2021-03-29;10956;2711;422970;156593;11.1;4.1
52;2021-03-30;15695;3585;438665;160178;11.5;4.2
52;2021-03-31;13775;3236;452440;163414;11.9;4.3
52;2021-04-01;18869;3660;471309;167074;12.4;4.4
52;2021-04-02;17095;3488;488404;170562;12.8;4.5
52;2021-04-03;5522;1189;493926;171751;13.0;4.5
52;2021-04-04;1323;50;495249;171801;13.0;4.5
52;2021-04-05;1780;534;497029;172335;13.1;4.5
52;2021-04-06;11787;5232;508816;177567;13.4;4.7
52;2021-04-07;15256;5642;524072;183209;13.8;4.8
52;2021-04-08;21203;6355;545275;189564;14.3;5.0
52;2021-04-09;26588;5253;571863;194817;15.0;5.1
52;2021-04-10;10112;2348;581975;197165;15.3;5.2
52;2021-04-11;2566;433;584541;197598;15.4;5.2
52;2021-04-12;16328;6566;600869;204164;15.8;5.4
52;2021-04-13;20728;8140;621597;212304;16.4;5.6
52;2021-04-14;17637;6898;639234;219202;16.8;5.8
52;2021-04-15;21115;7998;660349;227200;17.4;6.0
52;2021-04-16;22570;7427;682919;234627;18.0;6.2
52;2021-04-17;9960;3023;692879;237650;18.2;6.3
52;2021-04-18;3036;1301;695915;238951;18.3;6.3
52;2021-04-19;14171;7801;710086;246752;18.7;6.5
52;2021-04-20;18261;9369;728347;256121;19.2;6.7
52;2021-04-21;15975;9134;744322;265255;19.6;7.0
52;2021-04-22;19395;10138;763717;275393;20.1;7.2
52;2021-04-23;20512;9944;784229;285337;20.6;7.5
52;2021-04-24;10016;4969;794245;290306;20.9;7.6
52;2021-04-25;3981;1939;798226;292245;21.0;7.7
52;2021-04-26;16830;9889;815056;302134;21.4;7.9
52;2021-04-27;21434;12529;836490;314663;22.0;8.3
52;2021-04-28;24146;10624;860636;325287;22.6;8.6
52;2021-04-29;25550;12640;886186;337927;23.3;8.9
52;2021-04-30;26389;12440;912575;350367;24.0;9.2
52;2021-05-01;9125;2465;921700;352832;24.2;9.3
52;2021-05-02;4303;1266;926003;354098;24.4;9.3
52;2021-05-03;19050;10588;945053;364686;24.9;9.6
52;2021-05-04;20063;14350;965116;379036;25.4;10.0
52;2021-05-05;20879;12739;985995;391775;25.9;10.3
52;2021-05-06;22461;13789;1008456;405564;26.5;10.7
52;2021-05-07;20681;17988;1029137;423552;27.1;11.1
52;2021-05-08;11100;2050;1040237;425602;27.4;11.2
52;2021-05-09;5391;2212;1045628;427814;27.5;11.3
52;2021-05-10;20625;17250;1066253;445064;28.0;11.7
52;2021-05-11;24870;19511;1091123;464575;28.7;12.2
52;2021-05-12;24677;17042;1115800;481617;29.3;12.7
52;2021-05-13;18569;2680;1134369;484297;29.8;12.7
52;2021-05-14;22687;12369;1157056;496666;30.4;13.1
52;2021-05-15;15643;5161;1172699;501827;30.8;13.2
52;2021-05-16;10271;1135;1182970;502962;31.1;13.2
52;2021-05-17;21071;14620;1204041;517582;31.7;13.6
52;2021-05-18;24643;14969;1228684;532551;32.3;14.0
52;2021-05-19;26682;11393;1255366;543944;33.0;14.3
52;2021-05-20;29245;11965;1284611;555909;33.8;14.6
52;2021-05-21;27306;13818;1311917;569727;34.5;15.0
52;2021-05-22;15402;4692;1327319;574419;34.9;15.1
52;2021-05-23;4470;1137;1331789;575556;35.0;15.1
52;2021-05-24;15984;2739;1347773;578295;35.5;15.2
52;2021-05-25;24399;14508;1372172;592803;36.1;15.6
52;2021-05-26;25116;12640;1397288;605443;36.8;15.9
52;2021-05-27;29045;14789;1426333;620232;37.5;16.3
52;2021-05-28;27890;17836;1454223;638068;38.3;16.8
52;2021-05-29;18304;7757;1472527;645825;38.7;17.0
52;2021-05-30;4228;1716;1476755;647541;38.8;17.0
52;2021-05-31;24395;15849;1501150;663390;39.5;17.4
52;2021-06-01;28795;17782;1529945;681172;40.2;17.9
52;2021-06-02;27393;15186;1557338;696358;41.0;18.3
52;2021-06-03;31702;16259;1589040;712617;41.8;18.7
52;2021-06-04;29188;20712;1618228;733329;42.6;19.3
52;2021-06-05;14524;11786;1632752;745115;42.9;19.6
52;2021-06-06;4770;3528;1637522;748643;43.1;19.7
52;2021-06-07;21698;20864;1659220;769507;43.6;20.2
52;2021-06-08;32918;19662;1692138;789169;44.5;20.8
52;2021-06-09;35011;18476;1727149;807645;45.4;21.2
52;2021-06-10;28384;17504;1755533;825149;46.2;21.7
53;2020-12-27;0;0;0;0;0.0;0.0
53;2020-12-28;0;0;0;0;0.0;0.0
53;2020-12-29;0;0;0;0;0.0;0.0
53;2020-12-30;0;0;0;0;0.0;0.0
53;2020-12-31;0;0;0;0;0.0;0.0
53;2021-01-01;3;0;3;0;0.0;0.0
53;2021-01-02;4;0;7;0;0.0;0.0
53;2021-01-03;0;0;7;0;0.0;0.0
53;2021-01-04;43;0;50;0;0.0;0.0
53;2021-01-05;200;0;250;0;0.0;0.0
53;2021-01-06;331;1;581;1;0.0;0.0
53;2021-01-07;834;0;1415;1;0.0;0.0
53;2021-01-08;1210;0;2625;1;0.1;0.0
53;2021-01-09;34;0;2659;1;0.1;0.0
53;2021-01-10;4;0;2663;1;0.1;0.0
53;2021-01-11;1661;3;4324;4;0.1;0.0
53;2021-01-12;3379;1;7703;5;0.2;0.0
53;2021-01-13;3351;4;11054;9;0.3;0.0
53;2021-01-14;3809;30;14863;39;0.4;0.0
53;2021-01-15;3298;15;18161;54;0.5;0.0
53;2021-01-16;683;4;18844;58;0.6;0.0
53;2021-01-17;180;1;19024;59;0.6;0.0
53;2021-01-18;3361;5;22385;64;0.7;0.0
53;2021-01-19;8163;4;30548;68;0.9;0.0
53;2021-01-20;7026;4;37574;72;1.1;0.0
53;2021-01-21;11462;5;49036;77;1.5;0.0
53;2021-01-22;7800;8;56836;85;1.7;0.0
53;2021-01-23;1492;2;58328;87;1.7;0.0
53;2021-01-24;255;1;58583;88;1.8;0.0
53;2021-01-25;3055;35;61638;123;1.8;0.0
53;2021-01-26;4112;232;65750;355;2.0;0.0
53;2021-01-27;7234;326;72984;681;2.2;0.0
53;2021-01-28;7131;638;80115;1319;2.4;0.0
53;2021-01-29;4229;729;84344;2048;2.5;0.1
53;2021-01-30;844;43;85188;2091;2.6;0.1
53;2021-01-31;79;3;85267;2094;2.6;0.1
53;2021-02-01;2210;1026;87477;3120;2.6;0.1
53;2021-02-02;3438;2017;90915;5137;2.7;0.2
53;2021-02-03;3175;2189;94090;7326;2.8;0.2
53;2021-02-04;7094;2271;101184;9597;3.0;0.3
53;2021-02-05;5584;2135;106768;11732;3.2;0.4
53;2021-02-06;1201;277;107969;12009;3.2;0.4
53;2021-02-07;214;132;108183;12141;3.2;0.4
53;2021-02-08;1652;1531;109835;13672;3.3;0.4
53;2021-02-09;3973;5262;113808;18934;3.4;0.6
53;2021-02-10;3791;4648;117599;23582;3.5;0.7
53;2021-02-11;5731;8787;123330;32369;3.7;1.0
53;2021-02-12;5663;5248;128993;37617;3.9;1.1
53;2021-02-13;1232;851;130225;38468;3.9;1.2
53;2021-02-14;25;348;130250;38816;3.9;1.2
53;2021-02-15;2325;3584;132575;42400;4.0;1.3
53;2021-02-16;4049;3542;136624;45942;4.1;1.4
53;2021-02-17;4073;5376;140697;51318;4.2;1.5
53;2021-02-18;5948;5739;146645;57057;4.4;1.7
53;2021-02-19;5357;4848;152002;61905;4.6;1.9
53;2021-02-20;1189;889;153191;62794;4.6;1.9
53;2021-02-21;165;218;153356;63012;4.6;1.9
53;2021-02-22;2320;2826;155676;65838;4.7;2.0
53;2021-02-23;3947;3673;159623;69511;4.8;2.1
53;2021-02-24;4471;3782;164094;73293;4.9;2.2
53;2021-02-25;7951;7140;172045;80433;5.2;2.4
53;2021-02-26;8681;4396;180726;84829;5.4;2.5
53;2021-02-27;3447;1103;184173;85932;5.5;2.6
53;2021-02-28;228;194;184401;86126;5.5;2.6
53;2021-03-01;3477;2264;187878;88390;5.6;2.6
53;2021-03-02;5617;4456;193495;92846;5.8;2.8
53;2021-03-03;6441;3784;199936;96630;6.0;2.9
53;2021-03-04;9285;4923;209221;101553;6.3;3.0
53;2021-03-05;11916;5211;221137;106764;6.6;3.2
53;2021-03-06;5637;1011;226774;107775;6.8;3.2
53;2021-03-07;914;143;227688;107918;6.8;3.2
53;2021-03-08;5171;2205;232859;110123;7.0;3.3
53;2021-03-09;9677;2923;242536;113046;7.3;3.4
53;2021-03-10;9292;3365;251828;116411;7.5;3.5
53;2021-03-11;14318;4038;266146;120449;8.0;3.6
53;2021-03-12;18634;3220;284780;123669;8.5;3.7
53;2021-03-13;8827;942;293607;124611;8.8;3.7
53;2021-03-14;828;50;294435;124661;8.8;3.7
53;2021-03-15;6909;2025;301344;126686;9.0;3.8
53;2021-03-16;6980;3404;308324;130090;9.2;3.9
53;2021-03-17;8228;2818;316552;132908;9.5;4.0
53;2021-03-18;8719;4655;325271;137563;9.7;4.1
53;2021-03-19;13007;3641;338278;141204;10.1;4.2
53;2021-03-20;7148;809;345426;142013;10.3;4.3
53;2021-03-21;381;32;345807;142045;10.4;4.3
53;2021-03-22;7350;2159;353157;144204;10.6;4.3
53;2021-03-23;13010;3661;366167;147865;11.0;4.4
53;2021-03-24;14501;3223;380668;151088;11.4;4.5
53;2021-03-25;18278;3357;398946;154445;11.9;4.6
53;2021-03-26;20307;3183;419253;157628;12.6;4.7
53;2021-03-27;7411;1011;426664;158639;12.8;4.7
53;2021-03-28;526;86;427190;158725;12.8;4.8
53;2021-03-29;9800;3160;436990;161885;13.1;4.8
53;2021-03-30;15337;4587;452327;166472;13.5;5.0
53;2021-03-31;14189;4257;466516;170729;14.0;5.1
53;2021-04-01;18182;4264;484698;174993;14.5;5.2
53;2021-04-02;17862;4344;502560;179337;15.0;5.4
53;2021-04-03;6415;1421;508975;180758;15.2;5.4
53;2021-04-04;412;32;509387;180790;15.2;5.4
53;2021-04-05;1226;334;510613;181124;15.3;5.4
53;2021-04-06;12518;5667;523131;186791;15.7;5.6
53;2021-04-07;15048;5329;538179;192120;16.1;5.8
53;2021-04-08;20584;6078;558763;198198;16.7;5.9
53;2021-04-09;26600;5549;585363;203747;17.5;6.1
53;2021-04-10;10315;1713;595678;205460;17.8;6.2
53;2021-04-11;811;213;596489;205673;17.9;6.2
53;2021-04-12;15822;4903;612311;210576;18.3;6.3
53;2021-04-13;22676;7211;634987;217787;19.0;6.5
53;2021-04-14;19330;7913;654317;225700;19.6;6.8
53;2021-04-15;25327;8041;679644;233741;20.3;7.0
53;2021-04-16;26153;7519;705797;241260;21.1;7.2
53;2021-04-17;10384;3570;716181;244830;21.4;7.3
53;2021-04-18;1033;148;717214;244978;21.5;7.3
53;2021-04-19;15396;6523;732610;251501;21.9;7.5
53;2021-04-20;16919;9505;749529;261006;22.4;7.8
53;2021-04-21;16747;9432;766276;270438;22.9;8.1
53;2021-04-22;21728;10159;788004;280597;23.6;8.4
53;2021-04-23;21634;10056;809638;290653;24.2;8.7
53;2021-04-24;10009;4160;819647;294813;24.5;8.8
53;2021-04-25;904;331;820551;295144;24.6;8.8
53;2021-04-26;18254;8468;838805;303612;25.1;9.1
53;2021-04-27;20539;12052;859344;315664;25.7;9.4
53;2021-04-28;21506;10797;880850;326461;26.4;9.8
53;2021-04-29;23966;12249;904816;338710;27.1;10.1
53;2021-04-30;24338;12422;929154;351132;27.8;10.5
53;2021-05-01;5249;1622;934403;352754;28.0;10.6
53;2021-05-02;2784;515;937187;353269;28.1;10.6
53;2021-05-03;15655;9363;952842;362632;28.5;10.9
53;2021-05-04;15529;15772;968371;378404;29.0;11.3
53;2021-05-05;14872;14670;983243;393074;29.4;11.8
53;2021-05-06;19215;17830;1002458;410904;30.0;12.3
53;2021-05-07;18575;18207;1021033;429111;30.6;12.8
53;2021-05-08;5421;1116;1026454;430227;30.7;12.9
53;2021-05-09;3501;855;1029955;431082;30.8;12.9
53;2021-05-10;16477;15202;1046432;446284;31.3;13.4
53;2021-05-11;18569;18724;1065001;465008;31.9;13.9
53;2021-05-12;21056;15603;1086057;480611;32.5;14.4
53;2021-05-13;9007;3943;1095064;484554;32.8;14.5
53;2021-05-14;21644;13718;1116708;498272;33.4;14.9
53;2021-05-15;13371;5321;1130079;503593;33.8;15.1
53;2021-05-16;3214;873;1133293;504466;33.9;15.1
53;2021-05-17;18095;11152;1151388;515618;34.5;15.4
53;2021-05-18;20850;12374;1172238;527992;35.1;15.8
53;2021-05-19;21501;10609;1193739;538601;35.7;16.1
53;2021-05-20;23802;14706;1217541;553307;36.4;16.6
53;2021-05-21;22811;15223;1240352;568530;37.1;17.0
53;2021-05-22;13128;5833;1253480;574363;37.5;17.2
53;2021-05-23;2969;310;1256449;574673;37.6;17.2
53;2021-05-24;13922;2484;1270371;577157;38.0;17.3
53;2021-05-25;19901;12800;1290272;589957;38.6;17.7
53;2021-05-26;19224;13775;1309496;603732;39.2;18.1
53;2021-05-27;22017;17391;1331513;621123;39.9;18.6
53;2021-05-28;21728;20391;1353241;641514;40.5;19.2
53;2021-05-29;12131;7327;1365372;648841;40.9;19.4
53;2021-05-30;2303;472;1367675;649313;40.9;19.4
53;2021-05-31;20670;14076;1388345;663389;41.6;19.9
53;2021-06-01;22889;16467;1411234;679856;42.2;20.4
53;2021-06-02;21658;14215;1432892;694071;42.9;20.8
53;2021-06-03;24995;16845;1457887;710916;43.6;21.3
53;2021-06-04;23034;22572;1480921;733488;44.3;22.0
53;2021-06-05;17288;8986;1498209;742474;44.9;22.2
53;2021-06-06;4997;1321;1503206;743795;45.0;22.3
53;2021-06-07;18348;17792;1521554;761587;45.6;22.8
53;2021-06-08;30002;15354;1551556;776941;46.4;23.3
53;2021-06-09;32094;15789;1583650;792730;47.4;23.7
53;2021-06-10;26083;16783;1609733;809513;48.2;24.2
75;2020-12-27;1;0;1;0;0.0;0.0
75;2020-12-28;2;0;3;0;0.0;0.0
75;2020-12-29;3;0;6;0;0.0;0.0
75;2020-12-30;2;0;8;0;0.0;0.0
75;2020-12-31;0;0;8;0;0.0;0.0
75;2021-01-01;4;0;12;0;0.0;0.0
75;2021-01-02;2;0;14;0;0.0;0.0
75;2021-01-03;0;0;14;0;0.0;0.0
75;2021-01-04;90;0;104;0;0.0;0.0
75;2021-01-05;124;0;228;0;0.0;0.0
75;2021-01-06;736;1;964;1;0.0;0.0
75;2021-01-07;4922;3;5886;4;0.1;0.0
75;2021-01-08;5463;4;11349;8;0.2;0.0
75;2021-01-09;845;1;12194;9;0.2;0.0
75;2021-01-10;479;0;12673;9;0.2;0.0
75;2021-01-11;3578;1;16251;10;0.3;0.0
75;2021-01-12;5945;4;22196;14;0.4;0.0
75;2021-01-13;6550;13;28746;27;0.5;0.0
75;2021-01-14;8130;62;36876;89;0.6;0.0
75;2021-01-15;7609;26;44485;115;0.7;0.0
75;2021-01-16;1607;14;46092;129;0.8;0.0
75;2021-01-17;425;5;46517;134;0.8;0.0
75;2021-01-18;6884;30;53401;164;0.9;0.0
75;2021-01-19;14043;11;67444;175;1.1;0.0
75;2021-01-20;15534;13;82978;188;1.4;0.0
75;2021-01-21;16950;19;99928;207;1.7;0.0
75;2021-01-22;12972;22;112900;229;1.9;0.0
75;2021-01-23;4420;3;117320;232;2.0;0.0
75;2021-01-24;700;1;118020;233;2.0;0.0
75;2021-01-25;8865;216;126885;449;2.1;0.0
75;2021-01-26;11723;449;138608;898;2.3;0.0
75;2021-01-27;12272;769;150880;1667;2.5;0.0
75;2021-01-28;12940;2654;163820;4321;2.7;0.1
75;2021-01-29;10000;2989;173820;7310;2.9;0.1
75;2021-01-30;3378;516;177198;7826;3.0;0.1
75;2021-01-31;646;420;177844;8246;3.0;0.1
75;2021-02-01;5712;2642;183556;10888;3.1;0.2
75;2021-02-02;9599;4355;193155;15243;3.2;0.3
75;2021-02-03;9581;4370;202736;19613;3.4;0.3
75;2021-02-04;10755;5683;213491;25296;3.6;0.4
75;2021-02-05;7486;5635;220977;30931;3.7;0.5
75;2021-02-06;2378;1105;223355;32036;3.7;0.5
75;2021-02-07;673;251;224028;32287;3.7;0.5
75;2021-02-08;5133;3652;229161;35939;3.8;0.6
75;2021-02-09;7312;8078;236473;44017;3.9;0.7
75;2021-02-10;7539;8735;244012;52752;4.1;0.9
75;2021-02-11;8844;10267;252856;63019;4.2;1.1
75;2021-02-12;7394;8831;260250;71850;4.3;1.2
75;2021-02-13;1952;1759;262202;73609;4.4;1.2
75;2021-02-14;274;364;262476;73973;4.4;1.2
75;2021-02-15;3149;7837;265625;81810;4.4;1.4
75;2021-02-16;4608;10525;270233;92335;4.5;1.5
75;2021-02-17;4756;11301;274989;103636;4.6;1.7
75;2021-02-18;5448;12838;280437;116474;4.7;1.9
75;2021-02-19;5417;9626;285854;126100;4.8;2.1
75;2021-02-20;987;2632;286841;128732;4.8;2.1
75;2021-02-21;186;667;287027;129399;4.8;2.2
75;2021-02-22;3649;8514;290676;137913;4.8;2.3
75;2021-02-23;5358;10932;296034;148845;4.9;2.5
75;2021-02-24;6127;10281;302161;159126;5.0;2.7
75;2021-02-25;9989;11715;312150;170841;5.2;2.8
75;2021-02-26;12227;8850;324377;179691;5.4;3.0
75;2021-02-27;5782;2483;330159;182174;5.5;3.0
75;2021-02-28;311;694;330470;182868;5.5;3.0
75;2021-03-01;5082;7011;335552;189879;5.6;3.2
75;2021-03-02;9352;8151;344904;198030;5.7;3.3
75;2021-03-03;10823;7754;355727;205784;5.9;3.4
75;2021-03-04;16744;8162;372471;213946;6.2;3.6
75;2021-03-05;20805;7427;393276;221373;6.6;3.7
75;2021-03-06;13421;2211;406697;223584;6.8;3.7
75;2021-03-07;3724;459;410421;224043;6.8;3.7
75;2021-03-08;9986;5374;420407;229417;7.0;3.8
75;2021-03-09;16871;6466;437278;235883;7.3;3.9
75;2021-03-10;18294;6298;455572;242181;7.6;4.0
75;2021-03-11;26454;6648;482026;248829;8.0;4.1
75;2021-03-12;31319;5198;513345;254027;8.6;4.2
75;2021-03-13;17879;1180;531224;255207;8.9;4.3
75;2021-03-14;1706;240;532930;255447;8.9;4.3
75;2021-03-15;14086;3410;547016;258857;9.1;4.3
75;2021-03-16;13681;3704;560697;262561;9.3;4.4
75;2021-03-17;14744;3876;575441;266437;9.6;4.4
75;2021-03-18;16336;4684;591777;271121;9.9;4.5
75;2021-03-19;22475;4263;614252;275384;10.2;4.6
75;2021-03-20;14046;811;628298;276195;10.5;4.6
75;2021-03-21;2462;106;630760;276301;10.5;4.6
75;2021-03-22;16802;3442;647562;279743;10.8;4.7
75;2021-03-23;25283;3867;672845;283610;11.2;4.7
75;2021-03-24;27286;4289;700131;287899;11.7;4.8
75;2021-03-25;35693;4600;735824;292499;12.3;4.9
75;2021-03-26;38634;4148;774458;296647;12.9;4.9
75;2021-03-27;15717;1262;790175;297909;13.2;5.0
75;2021-03-28;2720;386;792895;298295;13.2;5.0
75;2021-03-29;22842;4116;815737;302411;13.6;5.0
75;2021-03-30;31698;5932;847435;308343;14.1;5.1
75;2021-03-31;29871;5898;877306;314241;14.6;5.2
75;2021-04-01;35016;6906;912322;321147;15.2;5.4
75;2021-04-02;32335;6844;944657;327991;15.7;5.5
75;2021-04-03;12823;2625;957480;330616;16.0;5.5
75;2021-04-04;2138;336;959618;330952;16.0;5.5
75;2021-04-05;6372;595;965990;331547;16.1;5.5
75;2021-04-06;26393;10803;992383;342350;16.5;5.7
75;2021-04-07;32450;10989;1024833;353339;17.1;5.9
75;2021-04-08;39562;12318;1064395;365657;17.7;6.1
75;2021-04-09;49203;10932;1113598;376589;18.6;6.3
75;2021-04-10;24364;4948;1137962;381537;19.0;6.4
75;2021-04-11;4971;713;1142933;382250;19.0;6.4
75;2021-04-12;27358;11812;1170291;394062;19.5;6.6
75;2021-04-13;35674;14296;1205965;408358;20.1;6.8
75;2021-04-14;35388;14442;1241353;422800;20.7;7.0
75;2021-04-15;37648;15027;1279001;437827;21.3;7.3
75;2021-04-16;37100;15091;1316101;452918;21.9;7.5
75;2021-04-17;19529;7361;1335630;460279;22.3;7.7
75;2021-04-18;4071;2049;1339701;462328;22.3;7.7
75;2021-04-19;20889;14931;1360590;477259;22.7;8.0
75;2021-04-20;28493;19092;1389083;496351;23.2;8.3
75;2021-04-21;27811;18057;1416894;514408;23.6;8.6
75;2021-04-22;30348;19645;1447242;534053;24.1;8.9
75;2021-04-23;29035;20192;1476277;554245;24.6;9.2
75;2021-04-24;17011;9115;1493288;563360;24.9;9.4
75;2021-04-25;4596;1496;1497884;564856;25.0;9.4
75;2021-04-26;22384;19266;1520268;584122;25.3;9.7
75;2021-04-27;29964;24281;1550232;608403;25.8;10.1
75;2021-04-28;33328;23988;1583560;632391;26.4;10.5
75;2021-04-29;38071;26593;1621631;658984;27.0;11.0
75;2021-04-30;38853;25830;1660484;684814;27.7;11.4
75;2021-05-01;16143;5721;1676627;690535;27.9;11.5
75;2021-05-02;7245;2593;1683872;693128;28.1;11.6
75;2021-05-03;27267;21078;1711139;714206;28.5;11.9
75;2021-05-04;30339;29259;1741478;743465;29.0;12.4
75;2021-05-05;31719;30931;1773197;774396;29.6;12.9
75;2021-05-06;35877;32354;1809074;806750;30.2;13.4
75;2021-05-07;37396;34324;1846470;841074;30.8;14.0
75;2021-05-08;17339;8044;1863809;849118;31.1;14.2
75;2021-05-09;7291;4139;1871100;853257;31.2;14.2
75;2021-05-10;25013;28984;1896113;882241;31.6;14.7
75;2021-05-11;35544;32938;1931657;915179;32.2;15.3
75;2021-05-12;35623;30111;1967280;945290;32.8;15.8
75;2021-05-13;22607;7484;1989887;952774;33.2;15.9
75;2021-05-14;33787;20815;2023674;973589;33.7;16.2
75;2021-05-15;22891;11062;2046565;984651;34.1;16.4
75;2021-05-16;7368;2059;2053933;986710;34.2;16.4
75;2021-05-17;33786;19178;2087719;1005888;34.8;16.8
75;2021-05-18;42534;19885;2130253;1025773;35.5;17.1
75;2021-05-19;42595;17572;2172848;1043345;36.2;17.4
75;2021-05-20;45810;20314;2218658;1063659;37.0;17.7
75;2021-05-21;42768;21348;2261426;1085007;37.7;18.1
75;2021-05-22;23215;9770;2284641;1094777;38.1;18.2
75;2021-05-23;7798;1419;2292439;1096196;38.2;18.3
75;2021-05-24;18786;4047;2311225;1100243;38.5;18.3
75;2021-05-25;36776;20937;2348001;1121180;39.1;18.7
75;2021-05-26;38221;21445;2386222;1142625;39.8;19.0
75;2021-05-27;42845;27038;2429067;1169663;40.5;19.5
75;2021-05-28;38798;32251;2467865;1201914;41.1;20.0
75;2021-05-29;19629;18082;2487494;1219996;41.5;20.3
75;2021-05-30;5771;2282;2493265;1222278;41.6;20.4
75;2021-05-31;31590;23104;2524855;1245382;42.1;20.8
75;2021-06-01;40920;29590;2565775;1274972;42.8;21.2
75;2021-06-02;41288;28187;2607063;1303159;43.5;21.7
75;2021-06-03;47549;31166;2654612;1334325;44.2;22.2
75;2021-06-04;44330;36942;2698942;1371267;45.0;22.9
75;2021-06-05;24351;18494;2723293;1389761;45.4;23.2
75;2021-06-06;8726;4313;2732019;1394074;45.5;23.2
75;2021-06-07;31315;31543;2763334;1425617;46.1;23.8
75;2021-06-08;48296;32062;2811630;1457679;46.9;24.3
75;2021-06-09;53922;32748;2865552;1490427;47.8;24.8
75;2021-06-10;42508;31649;2908060;1522076;48.5;25.4
76;2020-12-27;0;0;0;0;0.0;0.0
76;2020-12-28;4;0;4;0;0.0;0.0
76;2020-12-29;0;0;4;0;0.0;0.0
76;2020-12-30;0;0;4;0;0.0;0.0
76;2020-12-31;1;0;5;0;0.0;0.0
76;2021-01-01;3;0;8;0;0.0;0.0
76;2021-01-02;2;0;10;0;0.0;0.0
76;2021-01-03;2;0;12;0;0.0;0.0
76;2021-01-04;59;1;71;1;0.0;0.0
76;2021-01-05;473;1;544;2;0.0;0.0
76;2021-01-06;784;1;1328;3;0.0;0.0
76;2021-01-07;2537;3;3865;6;0.1;0.0
76;2021-01-08;3213;1;7078;7;0.1;0.0
76;2021-01-09;1537;0;8615;7;0.1;0.0
76;2021-01-10;517;0;9132;7;0.2;0.0
76;2021-01-11;3524;7;12656;14;0.2;0.0
76;2021-01-12;5739;6;18395;20;0.3;0.0
76;2021-01-13;6474;8;24869;28;0.4;0.0
76;2021-01-14;8997;83;33866;111;0.6;0.0
76;2021-01-15;7253;27;41119;138;0.7;0.0
76;2021-01-16;1952;20;43071;158;0.7;0.0
76;2021-01-17;708;3;43779;161;0.7;0.0
76;2021-01-18;7699;20;51478;181;0.9;0.0
76;2021-01-19;11192;23;62670;204;1.1;0.0
76;2021-01-20;13688;19;76358;223;1.3;0.0
76;2021-01-21;16687;17;93045;240;1.6;0.0
76;2021-01-22;11863;28;104908;268;1.8;0.0
76;2021-01-23;3880;7;108788;275;1.8;0.0
76;2021-01-24;768;11;109556;286;1.8;0.0
76;2021-01-25;7827;96;117383;382;2.0;0.0
76;2021-01-26;10343;279;127726;661;2.2;0.0
76;2021-01-27;10841;479;138567;1140;2.3;0.0
76;2021-01-28;10136;1694;148703;2834;2.5;0.0
76;2021-01-29;8084;1988;156787;4822;2.6;0.1
76;2021-01-30;3184;771;159971;5593;2.7;0.1
76;2021-01-31;517;267;160488;5860;2.7;0.1
76;2021-02-01;5853;2602;166341;8462;2.8;0.1
76;2021-02-02;10052;3996;176393;12458;3.0;0.2
76;2021-02-03;9515;4065;185908;16523;3.1;0.3
76;2021-02-04;10096;5958;196004;22481;3.3;0.4
76;2021-02-05;7769;5025;203773;27506;3.4;0.5
76;2021-02-06;2691;1050;206464;28556;3.5;0.5
76;2021-02-07;541;494;207005;29050;3.5;0.5
76;2021-02-08;4840;4528;211845;33578;3.6;0.6
76;2021-02-09;6312;6818;218157;40396;3.7;0.7
76;2021-02-10;7169;9234;225326;49630;3.8;0.8
76;2021-02-11;9127;10733;234453;60363;4.0;1.0
76;2021-02-12;8045;7686;242498;68049;4.1;1.1
76;2021-02-13;2648;2269;245146;70318;4.1;1.2
76;2021-02-14;356;994;245502;71312;4.1;1.2
76;2021-02-15;3380;6465;248882;77777;4.2;1.3
76;2021-02-16;4243;8691;253125;86468;4.3;1.5
76;2021-02-17;4373;9649;257498;96117;4.3;1.6
76;2021-02-18;5873;9985;263371;106102;4.4;1.8
76;2021-02-19;4841;8125;268212;114227;4.5;1.9
76;2021-02-20;1529;3035;269741;117262;4.6;2.0
76;2021-02-21;262;594;270003;117856;4.6;2.0
76;2021-02-22;3273;7662;273276;125518;4.6;2.1
76;2021-02-23;4915;10242;278191;135760;4.7;2.3
76;2021-02-24;4647;10417;282838;146177;4.8;2.5
76;2021-02-25;8306;9901;291144;156078;4.9;2.6
76;2021-02-26;9638;8382;300782;164460;5.1;2.8
76;2021-02-27;3720;3090;304502;167550;5.1;2.8
76;2021-02-28;430;452;304932;168002;5.1;2.8
76;2021-03-01;5300;6125;310232;174127;5.2;2.9
76;2021-03-02;8216;7561;318448;181688;5.4;3.1
76;2021-03-03;9235;7462;327683;189150;5.5;3.2
76;2021-03-04;14311;7861;341994;197011;5.8;3.3
76;2021-03-05;16870;7082;358864;204093;6.1;3.4
76;2021-03-06;15878;2132;374742;206225;6.3;3.5
76;2021-03-07;11381;444;386123;206669;6.5;3.5
76;2021-03-08;9940;5488;396063;212157;6.7;3.6
76;2021-03-09;16234;6440;412297;218597;7.0;3.7
76;2021-03-10;16469;6455;428766;225052;7.2;3.8
76;2021-03-11;22625;6351;451391;231403;7.6;3.9
76;2021-03-12;26449;5217;477840;236620;8.1;4.0
76;2021-03-13;14932;2135;492772;238755;8.3;4.0
76;2021-03-14;2317;354;495089;239109;8.4;4.0
76;2021-03-15;13535;3276;508624;242385;8.6;4.1
76;2021-03-16;11757;4514;520381;246899;8.8;4.2
76;2021-03-17;12828;3964;533209;250863;9.0;4.2
76;2021-03-18;13688;4972;546897;255835;9.2;4.3
76;2021-03-19;18650;3983;565547;259818;9.5;4.4
76;2021-03-20;10687;1110;576234;260928;9.7;4.4
76;2021-03-21;3195;217;579429;261145;9.8;4.4
76;2021-03-22;14661;3564;594090;264709;10.0;4.5
76;2021-03-23;22327;4300;616417;269009;10.4;4.5
76;2021-03-24;23690;4152;640107;273161;10.8;4.6
76;2021-03-25;32007;4567;672114;277728;11.3;4.7
76;2021-03-26;30824;4028;702938;281756;11.9;4.8
76;2021-03-27;16206;1391;719144;283147;12.1;4.8
76;2021-03-28;4864;182;724008;283329;12.2;4.8
76;2021-03-29;22292;4848;746300;288177;12.6;4.9
76;2021-03-30;29752;5661;776052;293838;13.1;5.0
76;2021-03-31;26966;5534;803018;299372;13.6;5.1
76;2021-04-01;34423;5834;837441;305206;14.1;5.2
76;2021-04-02;29303;5710;866744;310916;14.6;5.2
76;2021-04-03;12122;2829;878866;313745;14.8;5.3
76;2021-04-04;4348;649;883214;314394;14.9;5.3
76;2021-04-05;4282;665;887496;315059;15.0;5.3
76;2021-04-06;22861;9708;910357;324767;15.4;5.5
76;2021-04-07;25306;9824;935663;334591;15.8;5.6
76;2021-04-08;33092;10181;968755;344772;16.4;5.8
76;2021-04-09;38847;9553;1007602;354325;17.0;6.0
76;2021-04-10;22689;5117;1030291;359442;17.4;6.1
76;2021-04-11;8854;1416;1039145;360858;17.5;6.1
76;2021-04-12;25981;10463;1065126;371321;18.0;6.3
76;2021-04-13;35729;12790;1100855;384111;18.6;6.5
76;2021-04-14;32823;13206;1133678;397317;19.1;6.7
76;2021-04-15;37368;13769;1171046;411086;19.8;6.9
76;2021-04-16;34359;13065;1205405;424151;20.3;7.2
76;2021-04-17;21346;6612;1226751;430763;20.7;7.3
76;2021-04-18;7705;2673;1234456;433436;20.8;7.3
76;2021-04-19;22035;12893;1256491;446329;21.2;7.5
76;2021-04-20;27971;16686;1284462;463015;21.7;7.8
76;2021-04-21;27015;16890;1311477;479905;22.1;8.1
76;2021-04-22;30338;17876;1341815;497781;22.6;8.4
76;2021-04-23;28665;16351;1370480;514132;23.1;8.7
76;2021-04-24;18481;10379;1388961;524511;23.4;8.9
76;2021-04-25;6946;4186;1395907;528697;23.6;8.9
76;2021-04-26;19953;18370;1415860;547067;23.9;9.2
76;2021-04-27;27700;21363;1443560;568430;24.4;9.6
76;2021-04-28;28112;20928;1471672;589358;24.8;9.9
76;2021-04-29;30313;23161;1501985;612519;25.4;10.3
76;2021-04-30;31618;20084;1533603;632603;25.9;10.7
76;2021-05-01;18086;6980;1551689;639583;26.2;10.8
76;2021-05-02;9468;4766;1561157;644349;26.3;10.9
76;2021-05-03;26469;16734;1587626;661083;26.8;11.2
76;2021-05-04;29938;25768;1617564;686851;27.3;11.6
76;2021-05-05;28105;26356;1645669;713207;27.8;12.0
76;2021-05-06;30881;30809;1676550;744016;28.3;12.6
76;2021-05-07;31542;30736;1708092;774752;28.8;13.1
76;2021-05-08;16882;10510;1724974;785262;29.1;13.3
76;2021-05-09;9676;8664;1734650;793926;29.3;13.4
76;2021-05-10;23958;28007;1758608;821933;29.7;13.9
76;2021-05-11;31518;33027;1790126;854960;30.2;14.4
76;2021-05-12;33155;29332;1823281;884292;30.8;14.9
76;2021-05-13;25831;9673;1849112;893965;31.2;15.1
76;2021-05-14;34407;21247;1883519;915212;31.8;15.4
76;2021-05-15;24408;12147;1907927;927359;32.2;15.7
76;2021-05-16;15371;3765;1923298;931124;32.5;15.7
76;2021-05-17;27733;19191;1951031;950315;32.9;16.0
76;2021-05-18;35005;19427;1986036;969742;33.5;16.4
76;2021-05-19;36659;16781;2022695;986523;34.1;16.7
76;2021-05-20;40790;18588;2063485;1005111;34.8;17.0
76;2021-05-21;37581;19906;2101066;1025017;35.5;17.3
76;2021-05-22;26898;9228;2127964;1034245;35.9;17.5
76;2021-05-23;13255;1789;2141219;1036034;36.1;17.5
76;2021-05-24;15358;4086;2156577;1040120;36.4;17.6
76;2021-05-25;31474;20746;2188051;1060866;36.9;17.9
76;2021-05-26;33261;19292;2221312;1080158;37.5;18.2
76;2021-05-27;36194;24382;2257506;1104540;38.1;18.6
76;2021-05-28;32351;28233;2289857;1132773;38.6;19.1
76;2021-05-29;19373;16708;2309230;1149481;39.0;19.4
76;2021-05-30;6086;6302;2315316;1155783;39.1;19.5
76;2021-05-31;25669;22837;2340985;1178620;39.5;19.9
76;2021-06-01;31065;29773;2372050;1208393;40.0;20.4
76;2021-06-02;30641;28051;2402691;1236444;40.6;20.9
76;2021-06-03;34031;33048;2436722;1269492;41.1;21.4
76;2021-06-04;34907;34164;2471629;1303656;41.7;22.0
76;2021-06-05;25936;19670;2497565;1323326;42.2;22.3
76;2021-06-06;14090;6458;2511655;1329784;42.4;22.4
76;2021-06-07;25729;27686;2537384;1357470;42.8;22.9
76;2021-06-08;43017;26640;2580401;1384110;43.6;23.4
76;2021-06-09;44803;28856;2625204;1412966;44.3;23.8
76;2021-06-10;31343;29243;2656547;1442209;44.8;24.3
84;2020-12-27;1;0;1;0;0.0;0.0
84;2020-12-28;7;0;8;0;0.0;0.0
84;2020-12-29;5;0;13;0;0.0;0.0
84;2020-12-30;5;0;18;0;0.0;0.0
84;2020-12-31;12;0;30;0;0.0;0.0
84;2021-01-01;10;0;40;0;0.0;0.0
84;2021-01-02;2;1;42;1;0.0;0.0
84;2021-01-03;0;0;42;1;0.0;0.0
84;2021-01-04;174;0;216;1;0.0;0.0
84;2021-01-05;458;1;674;2;0.0;0.0
84;2021-01-06;1135;0;1809;2;0.0;0.0
84;2021-01-07;2848;3;4657;5;0.1;0.0
84;2021-01-08;3075;2;7732;7;0.1;0.0
84;2021-01-09;511;1;8243;8;0.1;0.0
84;2021-01-10;160;0;8403;8;0.1;0.0
84;2021-01-11;4276;8;12679;16;0.2;0.0
84;2021-01-12;6357;14;19036;30;0.2;0.0
84;2021-01-13;6835;13;25871;43;0.3;0.0
84;2021-01-14;9048;55;34919;98;0.4;0.0
84;2021-01-15;7751;27;42670;125;0.5;0.0
84;2021-01-16;2953;7;45623;132;0.6;0.0
84;2021-01-17;919;2;46542;134;0.6;0.0
84;2021-01-18;8954;33;55496;167;0.7;0.0
84;2021-01-19;15045;78;70541;245;0.9;0.0
84;2021-01-20;15473;33;86014;278;1.1;0.0
84;2021-01-21;14565;43;100579;321;1.3;0.0
84;2021-01-22;12386;36;112965;357;1.4;0.0
84;2021-01-23;4757;3;117722;360;1.5;0.0
84;2021-01-24;810;1;118532;361;1.5;0.0
84;2021-01-25;8751;143;127283;504;1.6;0.0
84;2021-01-26;11879;312;139162;816;1.7;0.0
84;2021-01-27;12045;610;151207;1426;1.9;0.0
84;2021-01-28;13792;1534;164999;2960;2.1;0.0
84;2021-01-29;10789;1308;175788;4268;2.2;0.1
84;2021-01-30;4138;147;179926;4415;2.2;0.1
84;2021-01-31;498;1;180424;4416;2.2;0.1
84;2021-02-01;6536;1880;186960;6296;2.3;0.1
84;2021-02-02;10578;3512;197538;9808;2.5;0.1
84;2021-02-03;11521;3916;209059;13724;2.6;0.2
84;2021-02-04;12538;5519;221597;19243;2.8;0.2
84;2021-02-05;8603;4693;230200;23936;2.9;0.3
84;2021-02-06;2649;955;232849;24891;2.9;0.3
84;2021-02-07;452;441;233301;25332;2.9;0.3
84;2021-02-08;6217;4967;239518;30299;3.0;0.4
84;2021-02-09;9337;8255;248855;38554;3.1;0.5
84;2021-02-10;9675;8610;258530;47164;3.2;0.6
84;2021-02-11;10678;9887;269208;57051;3.4;0.7
84;2021-02-12;9706;7926;278914;64977;3.5;0.8
84;2021-02-13;3498;2334;282412;67311;3.5;0.8
84;2021-02-14;622;455;283034;67766;3.5;0.8
84;2021-02-15;4871;8352;287905;76118;3.6;0.9
84;2021-02-16;6088;10753;293993;86871;3.7;1.1
84;2021-02-17;6041;11562;300034;98433;3.7;1.2
84;2021-02-18;7079;11747;307113;110180;3.8;1.4
84;2021-02-19;6642;9330;313755;119510;3.9;1.5
84;2021-02-20;1836;3268;315591;122778;3.9;1.5
84;2021-02-21;179;504;315770;123282;3.9;1.5
84;2021-02-22;4286;8830;320056;132112;4.0;1.6
84;2021-02-23;7274;11406;327330;143518;4.1;1.8
84;2021-02-24;7786;12011;335116;155529;4.2;1.9
84;2021-02-25;12722;13748;347838;169277;4.3;2.1
84;2021-02-26;14872;10321;362710;179598;4.5;2.2
84;2021-02-27;5554;2909;368264;182507;4.6;2.3
84;2021-02-28;500;511;368764;183018;4.6;2.3
84;2021-03-01;9285;6399;378049;189417;4.7;2.4
84;2021-03-02;14954;8780;393003;198197;4.9;2.5
84;2021-03-03;14792;8619;407795;206816;5.1;2.6
84;2021-03-04;20981;8388;428776;215204;5.3;2.7
84;2021-03-05;25777;7605;454553;222809;5.7;2.8
84;2021-03-06;19501;2335;474054;225144;5.9;2.8
84;2021-03-07;8425;429;482479;225573;6.0;2.8
84;2021-03-08;12206;6764;494685;232337;6.2;2.9
84;2021-03-09;20678;7641;515363;239978;6.4;3.0
84;2021-03-10;20260;7481;535623;247459;6.7;3.1
84;2021-03-11;29475;8057;565098;255516;7.0;3.2
84;2021-03-12;36223;7585;601321;263101;7.5;3.3
84;2021-03-13;21445;1833;622766;264934;7.8;3.3
84;2021-03-14;4690;456;627456;265390;7.8;3.3
84;2021-03-15;18941;4740;646397;270130;8.0;3.4
84;2021-03-16;17038;6066;663435;276196;8.3;3.4
84;2021-03-17;17562;6419;680997;282615;8.5;3.5
84;2021-03-18;21481;6898;702478;289513;8.7;3.6
84;2021-03-19;29016;5446;731494;294959;9.1;3.7
84;2021-03-20;14564;1359;746058;296318;9.3;3.7
84;2021-03-21;3240;263;749298;296581;9.3;3.7
84;2021-03-22;19750;5101;769048;301682;9.6;3.8
84;2021-03-23;30874;5893;799922;307575;10.0;3.8
84;2021-03-24;30145;5792;830067;313367;10.3;3.9
84;2021-03-25;41567;6398;871634;319765;10.9;4.0
84;2021-03-26;42982;6660;914616;326425;11.4;4.1
84;2021-03-27;18154;2888;932770;329313;11.6;4.1
84;2021-03-28;6498;578;939268;329891;11.7;4.1
84;2021-03-29;22959;7878;962227;337769;12.0;4.2
84;2021-03-30;35082;10088;997309;347857;12.4;4.3
84;2021-03-31;29733;10945;1027042;358802;12.8;4.5
84;2021-04-01;37262;11339;1064304;370141;13.3;4.6
84;2021-04-02;34901;11260;1099205;381401;13.7;4.7
84;2021-04-03;14805;6205;1114010;387606;13.9;4.8
84;2021-04-04;9930;1993;1123940;389599;14.0;4.9
84;2021-04-05;13525;1654;1137465;391253;14.2;4.9
84;2021-04-06;26320;13159;1163785;404412;14.5;5.0
84;2021-04-07;29573;14628;1193358;419040;14.9;5.2
84;2021-04-08;39628;15381;1232986;434421;15.4;5.4
84;2021-04-09;49343;14957;1282329;449378;16.0;5.6
84;2021-04-10;20444;8101;1302773;457479;16.2;5.7
84;2021-04-11;7215;2681;1309988;460160;16.3;5.7
84;2021-04-12;27276;15545;1337264;475705;16.6;5.9
84;2021-04-13;36066;19315;1373330;495020;17.1;6.2
84;2021-04-14;34577;18192;1407907;513212;17.5;6.4
84;2021-04-15;40046;19601;1447953;532813;18.0;6.6
84;2021-04-16;38139;20002;1486092;552815;18.5;6.9
84;2021-04-17;20446;9004;1506538;561819;18.8;7.0
84;2021-04-18;6837;2702;1513375;564521;18.8;7.0
84;2021-04-19;26194;18552;1539569;583073;19.2;7.3
84;2021-04-20;31188;22452;1570757;605525;19.6;7.5
84;2021-04-21;28042;21432;1598799;626957;19.9;7.8
84;2021-04-22;32184;22600;1630983;649557;20.3;8.1
84;2021-04-23;32696;23036;1663679;672593;20.7;8.4
84;2021-04-24;17856;11891;1681535;684484;20.9;8.5
84;2021-04-25;7150;4265;1688685;688749;21.0;8.6
84;2021-04-26;23792;20030;1712477;708779;21.3;8.8
84;2021-04-27;32587;25220;1745064;733999;21.7;9.1
84;2021-04-28;34368;24809;1779432;758808;22.2;9.4
84;2021-04-29;40532;26526;1819964;785334;22.7;9.8
84;2021-04-30;39148;27806;1859112;813140;23.1;10.1
84;2021-05-01;17959;5350;1877071;818490;23.4;10.2
84;2021-05-02;7932;8574;1885003;827064;23.5;10.3
84;2021-05-03;30226;27457;1915229;854521;23.8;10.6
84;2021-05-04;37159;33715;1952388;888236;24.3;11.1
84;2021-05-05;40226;30159;1992614;918395;24.8;11.4
84;2021-05-06;46454;32567;2039068;950962;25.4;11.8
84;2021-05-07;46761;36771;2085829;987733;26.0;12.3
84;2021-05-08;19741;7580;2105570;995313;26.2;12.4
84;2021-05-09;15819;8885;2121389;1004198;26.4;12.5
84;2021-05-10;35727;31985;2157116;1036183;26.9;12.9
84;2021-05-11;52604;36182;2209720;1072365;27.5;13.4
84;2021-05-12;56315;31796;2266035;1104161;28.2;13.7
84;2021-05-13;47171;10454;2313206;1114615;28.8;13.9
84;2021-05-14;57162;24919;2370368;1139534;29.5;14.2
84;2021-05-15;43830;13559;2414198;1153093;30.1;14.4
84;2021-05-16;30278;5085;2444476;1158178;30.4;14.4
84;2021-05-17;48070;24876;2492546;1183054;31.0;14.7
84;2021-05-18;58726;27281;2551272;1210335;31.8;15.1
84;2021-05-19;58121;23480;2609393;1233815;32.5;15.4
84;2021-05-20;61211;26984;2670604;1260799;33.2;15.7
84;2021-05-21;60693;29324;2731297;1290123;34.0;16.1
84;2021-05-22;40324;12847;2771621;1302970;34.5;16.2
84;2021-05-23;21310;3950;2792931;1306920;34.8;16.3
84;2021-05-24;39489;8494;2832420;1315414;35.3;16.4
84;2021-05-25;50124;31589;2882544;1347003;35.9;16.8
84;2021-05-26;49588;28865;2932132;1375868;36.5;17.1
84;2021-05-27;55522;31757;2987654;1407625;37.2;17.5
84;2021-05-28;54661;40449;3042315;1448074;37.9;18.0
84;2021-05-29;37553;22332;3079868;1470406;38.3;18.3
84;2021-05-30;16110;7247;3095978;1477653;38.5;18.4
84;2021-05-31;44229;29335;3140207;1506988;39.1;18.8
84;2021-06-01;48212;36561;3188419;1543549;39.7;19.2
84;2021-06-02;47649;31121;3236068;1574670;40.3;19.6
84;2021-06-03;55900;36495;3291968;1611165;41.0;20.1
84;2021-06-04;54531;42343;3346499;1653508;41.7;20.6
84;2021-06-05;38026;21578;3384525;1675086;42.1;20.9
84;2021-06-06;15877;6207;3400402;1681293;42.3;20.9
84;2021-06-07;41391;35223;3441793;1716516;42.8;21.4
84;2021-06-08;58199;31987;3499992;1748503;43.6;21.8
84;2021-06-09;55459;33536;3555451;1782039;44.3;22.2
84;2021-06-10;39859;33517;3595310;1815556;44.8;22.6
93;2020-12-27;0;0;0;0;0.0;0.0
93;2020-12-28;1;0;1;0;0.0;0.0
93;2020-12-29;1;0;2;0;0.0;0.0
93;2020-12-30;3;0;5;0;0.0;0.0
93;2020-12-31;19;0;24;0;0.0;0.0
93;2021-01-01;13;0;37;0;0.0;0.0
93;2021-01-02;2;0;39;0;0.0;0.0
93;2021-01-03;2;0;41;0;0.0;0.0
93;2021-01-04;133;1;174;1;0.0;0.0
93;2021-01-05;250;1;424;2;0.0;0.0
93;2021-01-06;409;0;833;2;0.0;0.0
93;2021-01-07;1244;2;2077;4;0.0;0.0
93;2021-01-08;1561;2;3638;6;0.1;0.0
93;2021-01-09;540;0;4178;6;0.1;0.0
93;2021-01-10;73;0;4251;6;0.1;0.0
93;2021-01-11;2406;1;6657;7;0.1;0.0
93;2021-01-12;5085;6;11742;13;0.2;0.0
93;2021-01-13;4403;14;16145;27;0.3;0.0
93;2021-01-14;5524;49;21669;76;0.4;0.0
93;2021-01-15;4918;13;26587;89;0.5;0.0
93;2021-01-16;1675;2;28262;91;0.6;0.0
93;2021-01-17;299;1;28561;92;0.6;0.0
93;2021-01-18;7145;29;35706;121;0.7;0.0
93;2021-01-19;13508;31;49214;152;1.0;0.0
93;2021-01-20;12233;31;61447;183;1.2;0.0
93;2021-01-21;12297;41;73744;224;1.5;0.0
93;2021-01-22;10149;23;83893;247;1.7;0.0
93;2021-01-23;3324;6;87217;253;1.7;0.0
93;2021-01-24;537;4;87754;257;1.7;0.0
93;2021-01-25;7233;37;94987;294;1.9;0.0
93;2021-01-26;10062;134;105049;428;2.1;0.0
93;2021-01-27;9678;286;114727;714;2.3;0.0
93;2021-01-28;13663;827;128390;1541;2.5;0.0
93;2021-01-29;9839;973;138229;2514;2.7;0.0
93;2021-01-30;2241;159;140470;2673;2.8;0.1
93;2021-01-31;303;5;140773;2678;2.8;0.1
93;2021-02-01;5158;1514;145931;4192;2.9;0.1
93;2021-02-02;6640;2379;152571;6571;3.0;0.1
93;2021-02-03;5020;1818;157591;8389;3.1;0.2
93;2021-02-04;5531;3158;163122;11547;3.2;0.2
93;2021-02-05;6108;4124;169230;15671;3.3;0.3
93;2021-02-06;1244;971;170474;16642;3.4;0.3
93;2021-02-07;280;81;170754;16723;3.4;0.3
93;2021-02-08;4300;3746;175054;20469;3.5;0.4
93;2021-02-09;5887;7103;180941;27572;3.6;0.5
93;2021-02-10;5952;5887;186893;33459;3.7;0.7
93;2021-02-11;6591;6716;193484;40175;3.8;0.8
93;2021-02-12;5714;6480;199198;46655;3.9;0.9
93;2021-02-13;1129;1446;200327;48101;4.0;1.0
93;2021-02-14;73;384;200400;48485;4.0;1.0
93;2021-02-15;2408;5636;202808;54121;4.0;1.1
93;2021-02-16;3192;7702;206000;61823;4.1;1.2
93;2021-02-17;3604;8522;209604;70345;4.1;1.4
93;2021-02-18;6002;11415;215606;81760;4.3;1.6
93;2021-02-19;5625;8668;221231;90428;4.4;1.8
93;2021-02-20;877;1800;222108;92228;4.4;1.8
93;2021-02-21;68;417;222176;92645;4.4;1.8
93;2021-02-22;3029;6993;225205;99638;4.5;2.0
93;2021-02-23;3955;7241;229160;106879;4.5;2.1
93;2021-02-24;4745;6795;233905;113674;4.6;2.2
93;2021-02-25;8241;6657;242146;120331;4.8;2.4
93;2021-02-26;8258;6164;250404;126495;5.0;2.5
93;2021-02-27;3281;1477;253685;127972;5.0;2.5
93;2021-02-28;303;237;253988;128209;5.0;2.5
93;2021-03-01;5634;4478;259622;132687;5.1;2.6
93;2021-03-02;7210;5923;266832;138610;5.3;2.7
93;2021-03-03;8982;6537;275814;145147;5.5;2.9
93;2021-03-04;12045;6432;287859;151579;5.7;3.0
93;2021-03-05;12188;6072;300047;157651;5.9;3.1
93;2021-03-06;22547;1252;322594;158903;6.4;3.1
93;2021-03-07;17938;562;340532;159465;6.7;3.2
93;2021-03-08;10247;5243;350779;164708;6.9;3.3
93;2021-03-09;13961;5534;364740;170242;7.2;3.4
93;2021-03-10;14470;5246;379210;175488;7.5;3.5
93;2021-03-11;20369;6109;399579;181597;7.9;3.6
93;2021-03-12;21919;5247;421498;186844;8.3;3.7
93;2021-03-13;24513;1172;446011;188016;8.8;3.7
93;2021-03-14;6502;251;452513;188267;9.0;3.7
93;2021-03-15;15977;3088;468490;191355;9.3;3.8
93;2021-03-16;12705;3616;481195;194971;9.5;3.9
93;2021-03-17;15973;4613;497168;199584;9.8;3.9
93;2021-03-18;17025;4865;514193;204449;10.2;4.0
93;2021-03-19;21015;4660;535208;209109;10.6;4.1
93;2021-03-20;11015;1303;546223;210412;10.8;4.2
93;2021-03-21;3255;127;549478;210539;10.9;4.2
93;2021-03-22;17070;3532;566548;214071;11.2;4.2
93;2021-03-23;22729;3838;589277;217909;11.7;4.3
93;2021-03-24;22073;6589;611350;224498;12.1;4.4
93;2021-03-25;29014;6462;640364;230960;12.7;4.6
93;2021-03-26;29864;4966;670228;235926;13.3;4.7
93;2021-03-27;12445;1615;682673;237541;13.5;4.7
93;2021-03-28;3560;98;686233;237639;13.6;4.7
93;2021-03-29;18486;5300;704719;242939;13.9;4.8
93;2021-03-30;28550;6626;733269;249565;14.5;4.9
93;2021-03-31;28945;6568;762214;256133;15.1;5.1
93;2021-04-01;30698;7425;792912;263558;15.7;5.2
93;2021-04-02;26923;8415;819835;271973;16.2;5.4
93;2021-04-03;9756;4967;829591;276940;16.4;5.5
93;2021-04-04;2116;1250;831707;278190;16.5;5.5
93;2021-04-05;6055;1548;837762;279738;16.6;5.5
93;2021-04-06;23418;9972;861180;289710;17.0;5.7
93;2021-04-07;26119;11622;887299;301332;17.6;6.0
93;2021-04-08;28808;14917;916107;316249;18.1;6.3
93;2021-04-09;33370;14524;949477;330773;18.8;6.5
93;2021-04-10;14924;8145;964401;338918;19.1;6.7
93;2021-04-11;3646;2953;968047;341871;19.1;6.8
93;2021-04-12;20553;12158;988600;354029;19.6;7.0
93;2021-04-13;25437;15163;1014037;369192;20.1;7.3
93;2021-04-14;25265;15192;1039302;384384;20.6;7.6
93;2021-04-15;26962;15580;1066264;399964;21.1;7.9
93;2021-04-16;27531;16402;1093795;416366;21.6;8.2
93;2021-04-17;12821;7706;1106616;424072;21.9;8.4
93;2021-04-18;5244;2956;1111860;427028;22.0;8.4
93;2021-04-19;18916;15917;1130776;442945;22.4;8.8
93;2021-04-20;21368;18699;1152144;461644;22.8;9.1
93;2021-04-21;23875;18238;1176019;479882;23.3;9.5
93;2021-04-22;25722;19162;1201741;499044;23.8;9.9
93;2021-04-23;24909;18088;1226650;517132;24.3;10.2
93;2021-04-24;11522;8684;1238172;525816;24.5;10.4
93;2021-04-25;3207;2137;1241379;527953;24.6;10.4
93;2021-04-26;16402;15835;1257781;543788;24.9;10.8
93;2021-04-27;19804;20137;1277585;563925;25.3;11.2
93;2021-04-28;22496;20065;1300081;583990;25.7;11.6
93;2021-04-29;28461;21709;1328542;605699;26.3;12.0
93;2021-04-30;27651;20537;1356193;626236;26.8;12.4
93;2021-05-01;11853;5241;1368046;631477;27.1;12.5
93;2021-05-02;4075;1879;1372121;633356;27.1;12.5
93;2021-05-03;20260;18122;1392381;651478;27.5;12.9
93;2021-05-04;20636;22667;1413017;674145;27.9;13.3
93;2021-05-05;19458;21455;1432475;695600;28.3;13.8
93;2021-05-06;24597;21565;1457072;717165;28.8;14.2
93;2021-05-07;22307;24946;1479379;742111;29.3;14.7
93;2021-05-08;12964;6822;1492343;748933;29.5;14.8
93;2021-05-09;3462;2307;1495805;751240;29.6;14.9
93;2021-05-10;18408;22559;1514213;773799;30.0;15.3
93;2021-05-11;25329;25566;1539542;799365;30.5;15.8
93;2021-05-12;31868;22433;1571410;821798;31.1;16.3
93;2021-05-13;27588;7794;1598998;829592;31.6;16.4
93;2021-05-14;35395;16295;1634393;845887;32.3;16.7
93;2021-05-15;29382;10188;1663775;856075;32.9;16.9
93;2021-05-16;12693;2487;1676468;858562;33.2;17.0
93;2021-05-17;25000;17245;1701468;875807;33.7;17.3
93;2021-05-18;29241;16571;1730709;892378;34.2;17.7
93;2021-05-19;29333;15104;1760042;907482;34.8;17.9
93;2021-05-20;32080;16637;1792122;924119;35.4;18.3
93;2021-05-21;33734;17785;1825856;941904;36.1;18.6
93;2021-05-22;18517;7647;1844373;949551;36.5;18.8
93;2021-05-23;5893;2001;1850266;951552;36.6;18.8
93;2021-05-24;17421;4970;1867687;956522;36.9;18.9
93;2021-05-25;23313;20394;1891000;976916;37.4;19.3
93;2021-05-26;23496;21761;1914496;998677;37.9;19.8
93;2021-05-27;25503;23365;1939999;1022042;38.4;20.2
93;2021-05-28;21310;26497;1961309;1048539;38.8;20.7
93;2021-05-29;13155;14341;1974464;1062880;39.1;21.0
93;2021-05-30;2583;3179;1977047;1066059;39.1;21.1
93;2021-05-31;20426;21225;1997473;1087284;39.5;21.5
93;2021-06-01;23628;26047;2021101;1113331;40.0;22.0
93;2021-06-02;22332;26438;2043433;1139769;40.4;22.5
93;2021-06-03;27432;27614;2070865;1167383;41.0;23.1
93;2021-06-04;27212;28219;2098077;1195602;41.5;23.6
93;2021-06-05;15981;14193;2114058;1209795;41.8;23.9
93;2021-06-06;4853;2785;2118911;1212580;41.9;24.0
93;2021-06-07;16033;24150;2134944;1236730;42.2;24.5
93;2021-06-08;26558;19214;2161502;1255944;42.8;24.8
93;2021-06-09;28486;25460;2189988;1281404;43.3;25.3
93;2021-06-10;20200;24335;2210188;1305739;43.7;25.8
94;2020-12-27;0;0;0;0;0.0;0.0
94;2020-12-28;0;0;0;0;0.0;0.0
94;2020-12-29;0;0;0;0;0.0;0.0
94;2020-12-30;0;0;0;0;0.0;0.0
94;2020-12-31;0;0;0;0;0.0;0.0
94;2021-01-01;0;0;0;0;0.0;0.0
94;2021-01-02;0;0;0;0;0.0;0.0
94;2021-01-03;0;0;0;0;0.0;0.0
94;2021-01-04;2;0;2;0;0.0;0.0
94;2021-01-05;0;0;2;0;0.0;0.0
94;2021-01-06;53;0;55;0;0.0;0.0
94;2021-01-07;333;1;388;1;0.1;0.0
94;2021-01-08;310;0;698;1;0.2;0.0
94;2021-01-09;78;0;776;1;0.2;0.0
94;2021-01-10;34;0;810;1;0.2;0.0
94;2021-01-11;152;2;962;3;0.3;0.0
94;2021-01-12;210;1;1172;4;0.3;0.0
94;2021-01-13;203;0;1375;4;0.4;0.0
94;2021-01-14;264;1;1639;5;0.5;0.0
94;2021-01-15;403;0;2042;5;0.6;0.0
94;2021-01-16;200;1;2242;6;0.7;0.0
94;2021-01-17;89;1;2331;7;0.7;0.0
94;2021-01-18;471;2;2802;9;0.8;0.0
94;2021-01-19;982;0;3784;9;1.1;0.0
94;2021-01-20;809;0;4593;9;1.3;0.0
94;2021-01-21;807;1;5400;10;1.6;0.0
94;2021-01-22;717;0;6117;10;1.8;0.0
94;2021-01-23;243;0;6360;10;1.8;0.0
94;2021-01-24;147;0;6507;10;1.9;0.0
94;2021-01-25;422;2;6929;12;2.0;0.0
94;2021-01-26;789;7;7718;19;2.2;0.0
94;2021-01-27;664;55;8382;74;2.4;0.0
94;2021-01-28;699;230;9081;304;2.6;0.1
94;2021-01-29;620;229;9701;533;2.8;0.2
94;2021-01-30;204;74;9905;607;2.9;0.2
94;2021-01-31;150;12;10055;619;2.9;0.2
94;2021-02-01;458;147;10513;766;3.1;0.2
94;2021-02-02;643;196;11156;962;3.2;0.3
94;2021-02-03;783;166;11939;1128;3.5;0.3
94;2021-02-04;717;298;12656;1426;3.7;0.4
94;2021-02-05;647;201;13303;1627;3.9;0.5
94;2021-02-06;206;75;13509;1702;3.9;0.5
94;2021-02-07;126;58;13635;1760;4.0;0.5
94;2021-02-08;322;366;13957;2126;4.0;0.6
94;2021-02-09;713;616;14670;2742;4.3;0.8
94;2021-02-10;643;430;15313;3172;4.4;0.9
94;2021-02-11;679;497;15992;3669;4.6;1.1
94;2021-02-12;635;429;16627;4098;4.8;1.2
94;2021-02-13;301;72;16928;4170;4.9;1.2
94;2021-02-14;195;78;17123;4248;5.0;1.2
94;2021-02-15;379;311;17502;4559;5.1;1.3
94;2021-02-16;636;605;18138;5164;5.3;1.5
94;2021-02-17;592;482;18730;5646;5.4;1.6
94;2021-02-18;550;545;19280;6191;5.6;1.8
94;2021-02-19;309;611;19589;6802;5.7;2.0
94;2021-02-20;275;199;19864;7001;5.8;2.0
94;2021-02-21;84;84;19948;7085;5.8;2.1
94;2021-02-22;211;406;20159;7491;5.8;2.2
94;2021-02-23;352;648;20511;8139;6.0;2.4
94;2021-02-24;298;609;20809;8748;6.0;2.5
94;2021-02-25;348;608;21157;9356;6.1;2.7
94;2021-02-26;419;558;21576;9914;6.3;2.9
94;2021-02-27;368;152;21944;10066;6.4;2.9
94;2021-02-28;70;123;22014;10189;6.4;3.0
94;2021-03-01;359;413;22373;10602;6.5;3.1
94;2021-03-02;549;654;22922;11256;6.7;3.3
94;2021-03-03;527;691;23449;11947;6.8;3.5
94;2021-03-04;954;635;24403;12582;7.1;3.7
94;2021-03-05;1584;672;25987;13254;7.5;3.8
94;2021-03-06;1843;164;27830;13418;8.1;3.9
94;2021-03-07;1379;99;29209;13517;8.5;3.9
94;2021-03-08;1228;323;30437;13840;8.8;4.0
94;2021-03-09;1317;653;31754;14493;9.2;4.2
94;2021-03-10;1258;576;33012;15069;9.6;4.4
94;2021-03-11;1309;632;34321;15701;10.0;4.6
94;2021-03-12;1517;539;35838;16240;10.4;4.7
94;2021-03-13;1113;303;36951;16543;10.7;4.8
94;2021-03-14;537;184;37488;16727;10.9;4.9
94;2021-03-15;886;399;38374;17126;11.1;5.0
94;2021-03-16;1065;639;39439;17765;11.4;5.2
94;2021-03-17;1225;529;40664;18294;11.8;5.3
94;2021-03-18;993;529;41657;18823;12.1;5.5
94;2021-03-19;1285;340;42942;19163;12.5;5.6
94;2021-03-20;1729;288;44671;19451;13.0;5.6
94;2021-03-21;1126;78;45797;19529;13.3;5.7
94;2021-03-22;888;187;46685;19716;13.5;5.7
94;2021-03-23;1305;319;47990;20035;13.9;5.8
94;2021-03-24;1690;302;49680;20337;14.4;5.9
94;2021-03-25;1749;288;51429;20625;14.9;6.0
94;2021-03-26;2020;341;53449;20966;15.5;6.1
94;2021-03-27;2271;226;55720;21192;16.2;6.1
94;2021-03-28;1069;214;56789;21406;16.5;6.2
94;2021-03-29;1022;312;57811;21718;16.8;6.3
94;2021-03-30;1353;556;59164;22274;17.2;6.5
94;2021-03-31;1439;485;60603;22759;17.6;6.6
94;2021-04-01;1633;676;62236;23435;18.1;6.8
94;2021-04-02;1858;1186;64094;24621;18.6;7.1
94;2021-04-03;1891;1125;65985;25746;19.1;7.5
94;2021-04-04;771;838;66756;26584;19.4;7.7
94;2021-04-05;630;804;67386;27388;19.6;7.9
94;2021-04-06;1576;907;68962;28295;20.0;8.2
94;2021-04-07;2005;848;70967;29143;20.6;8.5
94;2021-04-08;2173;753;73140;29896;21.2;8.7
94;2021-04-09;2096;944;75236;30840;21.8;8.9
94;2021-04-10;2400;619;77636;31459;22.5;9.1
94;2021-04-11;1174;312;78810;31771;22.9;9.2
94;2021-04-12;1518;895;80328;32666;23.3;9.5
94;2021-04-13;1384;1007;81712;33673;23.7;9.8
94;2021-04-14;2085;1073;83797;34746;24.3;10.1
94;2021-04-15;1911;1024;85708;35770;24.9;10.4
94;2021-04-16;1776;1039;87484;36809;25.4;10.7
94;2021-04-17;1751;1368;89235;38177;25.9;11.1
94;2021-04-18;1232;1274;90467;39451;26.2;11.4
94;2021-04-19;1088;769;91555;40220;26.6;11.7
94;2021-04-20;1252;1189;92807;41409;26.9;12.0
94;2021-04-21;1783;1330;94590;42739;27.4;12.4
94;2021-04-22;1821;1373;96411;44112;28.0;12.8
94;2021-04-23;1648;1400;98059;45512;28.4;13.2
94;2021-04-24;2035;1740;100094;47252;29.0;13.7
94;2021-04-25;1262;773;101356;48025;29.4;13.9
94;2021-04-26;1021;1145;102377;49170;29.7;14.3
94;2021-04-27;1365;1216;103742;50386;30.1;14.6
94;2021-04-28;2926;1261;106668;51647;30.9;15.0
94;2021-04-29;2034;1217;108702;52864;31.5;15.3
94;2021-04-30;2319;1872;111021;54736;32.2;15.9
94;2021-05-01;1443;1686;112464;56422;32.6;16.4
94;2021-05-02;1005;943;113469;57365;32.9;16.6
94;2021-05-03;1599;1064;115068;58429;33.4;17.0
94;2021-05-04;1557;1684;116625;60113;33.8;17.4
94;2021-05-05;1824;2353;118449;62466;34.4;18.1
94;2021-05-06;2182;1802;120631;64268;35.0;18.6
94;2021-05-07;2199;1818;122830;66086;35.6;19.2
94;2021-05-08;848;1348;123678;67434;35.9;19.6
94;2021-05-09;1157;1315;124835;68749;36.2;19.9
94;2021-05-10;1338;1532;126173;70281;36.6;20.4
94;2021-05-11;1571;1574;127744;71855;37.1;20.8
94;2021-05-12;1737;1367;129481;73222;37.6;21.2
94;2021-05-13;1908;495;131389;73717;38.1;21.4
94;2021-05-14;1513;1248;132902;74965;38.6;21.7
94;2021-05-15;1448;995;134350;75960;39.0;22.0
94;2021-05-16;999;664;135349;76624;39.3;22.2
94;2021-05-17;1566;964;136915;77588;39.7;22.5
94;2021-05-18;1537;851;138452;78439;40.2;22.8
94;2021-05-19;1530;891;139982;79330;40.6;23.0
94;2021-05-20;1325;884;141307;80214;41.0;23.3
94;2021-05-21;1197;975;142504;81189;41.3;23.6
94;2021-05-22;996;695;143500;81884;41.6;23.8
94;2021-05-23;680;327;144180;82211;41.8;23.9
94;2021-05-24;161;146;144341;82357;41.9;23.9
94;2021-05-25;944;854;145285;83211;42.2;24.1
94;2021-05-26;934;1951;146219;85162;42.4;24.7
94;2021-05-27;821;2235;147040;87397;42.7;25.4
94;2021-05-28;813;1819;147853;89216;42.9;25.9
94;2021-05-29;637;1252;148490;90468;43.1;26.2
94;2021-05-30;222;548;148712;91016;43.1;26.4
94;2021-05-31;547;1241;149259;92257;43.3;26.8
94;2021-06-01;729;1764;149988;94021;43.5;27.3
94;2021-06-02;616;1942;150604;95963;43.7;27.8
94;2021-06-03;773;1642;151377;97605;43.9;28.3
94;2021-06-04;601;2343;151978;99948;44.1;29.0
94;2021-06-05;554;1936;152532;101884;44.3;29.6
94;2021-06-06;213;1040;152745;102924;44.3;29.9
94;2021-06-07;439;1605;153184;104529;44.4;30.3
94;2021-06-08;1233;1552;154417;106081;44.8;30.8
94;2021-06-09;1506;2483;155923;108564;45.2;31.5
94;2021-06-10;661;1787;156584;110351;45.4;32.0
