reg;jour;n_dose1;n_complet;n_cum_dose1;n_cum_complet;couv_dose1;couv_complet
01;2020-12-27;0;0;0;0;0.0;0.0
01;2020-12-28;0;0;0;0;0.0;0.0
01;2020-12-29;0;0;0;0;0.0;0.0
01;2020-12-30;0;0;0;0;0.0;0.0
01;2020-12-31;0;0;0;0;0.0;0.0
01;2021-01-01;1;0;1;0;0.0;0.0
01;2021-01-02;0;0;1;0;0.0;0.0
01;2021-01-03;0;0;1;0;0.0;0.0
01;2021-01-04;1;0;2;0;0.0;0.0
01;2021-01-05;0;0;2;0;0.0;0.0
01;2021-01-06;0;0;2;0;0.0;0.0
01;2021-01-07;0;0;2;0;0.0;0.0
01;2021-01-08;33;0;35;0;0.0;0.0
01;2021-01-09;18;0;53;0;0.0;0.0
01;2021-01-10;0;0;53;0;0.0;0.0
01;2021-01-11;52;0;105;0;0.0;0.0
01;2021-01-12;38;0;143;0;0.0;0.0
01;2021-01-13;45;0;188;0;0.0;0.0
01;2021-01-14;60;0;248;0;0.1;0.0
01;2021-01-15;76;0;324;0;0.1;0.0
01;2021-01-16;0;0;324;0;0.1;0.0
01;2021-01-17;0;0;324;0;0.1;0.0
01;2021-01-18;75;0;399;0;0.1;0.0
01;2021-01-19;137;0;536;0;0.1;0.0
01;2021-01-20;134;0;670;0;0.2;0.0
01;2021-01-21;146;1;816;1;0.2;0.0
01;2021-01-22;130;0;946;1;0.3;0.0
01;2021-01-23;1;0;947;1;0.3;0.0
01;2021-01-24;0;0;947;1;0.3;0.0
01;2021-01-25;202;0;1149;1;0.3;0.0
01;2021-01-26;199;1;1348;2;0.4;0.0
01;2021-01-27;231;0;1579;2;0.4;0.0
01;2021-01-28;228;3;1807;5;0.5;0.0
01;2021-01-29;197;1;2004;6;0.5;0.0
01;2021-01-30;16;0;2020;6;0.5;0.0
01;2021-01-31;1;0;2021;6;0.5;0.0
01;2021-02-01;220;4;2241;10;0.6;0.0
01;2021-02-02;240;25;2481;35;0.7;0.0
01;2021-02-03;207;2;2688;37;0.7;0.0
01;2021-02-04;297;20;2985;57;0.8;0.0
01;2021-02-05;241;32;3226;89;0.9;0.0
01;2021-02-06;45;1;3271;90;0.9;0.0
01;2021-02-07;0;0;3271;90;0.9;0.0
01;2021-02-08;212;23;3483;113;0.9;0.0
01;2021-02-09;279;29;3762;142;1.0;0.0
01;2021-02-10;201;29;3963;171;1.1;0.0
01;2021-02-11;289;109;4252;280;1.1;0.1
01;2021-02-12;282;24;4534;304;1.2;0.1
01;2021-02-13;48;7;4582;311;1.2;0.1
01;2021-02-14;19;36;4601;347;1.2;0.1
01;2021-02-15;64;45;4665;392;1.2;0.1
01;2021-02-16;16;1;4681;393;1.2;0.1
01;2021-02-17;17;1;4698;394;1.2;0.1
01;2021-02-18;209;17;4907;411;1.3;0.1
01;2021-02-19;221;20;5128;431;1.4;0.1
01;2021-02-20;47;0;5175;431;1.4;0.1
01;2021-02-21;1;0;5176;431;1.4;0.1
01;2021-02-22;149;61;5325;492;1.4;0.1
01;2021-02-23;185;73;5510;565;1.5;0.1
01;2021-02-24;303;126;5813;691;1.5;0.2
01;2021-02-25;363;78;6176;769;1.6;0.2
01;2021-02-26;161;83;6337;852;1.7;0.2
01;2021-02-27;63;0;6400;852;1.7;0.2
01;2021-02-28;1;0;6401;852;1.7;0.2
01;2021-03-01;127;81;6528;933;1.7;0.2
01;2021-03-02;235;132;6763;1065;1.8;0.3
01;2021-03-03;194;118;6957;1183;1.8;0.3
01;2021-03-04;296;82;7253;1265;1.9;0.3
01;2021-03-05;303;142;7556;1407;2.0;0.4
01;2021-03-06;570;2;8126;1409;2.2;0.4
01;2021-03-07;1;0;8127;1409;2.2;0.4
01;2021-03-08;262;137;8389;1546;2.2;0.4
01;2021-03-09;343;150;8732;1696;2.3;0.5
01;2021-03-10;323;158;9055;1854;2.4;0.5
01;2021-03-11;119;44;9174;1898;2.4;0.5
01;2021-03-12;357;212;9531;2110;2.5;0.6
01;2021-03-13;125;2;9656;2112;2.6;0.6
01;2021-03-14;13;23;9669;2135;2.6;0.6
01;2021-03-15;397;42;10066;2177;2.7;0.6
01;2021-03-16;429;78;10495;2255;2.8;0.6
01;2021-03-17;405;83;10900;2338;2.9;0.6
01;2021-03-18;525;107;11425;2445;3.0;0.6
01;2021-03-19;507;98;11932;2543;3.2;0.7
01;2021-03-20;172;44;12104;2587;3.2;0.7
01;2021-03-21;8;0;12112;2587;3.2;0.7
01;2021-03-22;330;87;12442;2674;3.3;0.7
01;2021-03-23;473;156;12915;2830;3.4;0.8
01;2021-03-24;452;106;13367;2936;3.5;0.8
01;2021-03-25;685;178;14052;3114;3.7;0.8
01;2021-03-26;623;120;14675;3234;3.9;0.9
01;2021-03-27;260;48;14935;3282;4.0;0.9
01;2021-03-28;5;0;14940;3282;4.0;0.9
01;2021-03-29;357;81;15297;3363;4.1;0.9
01;2021-03-30;591;162;15888;3525;4.2;0.9
01;2021-03-31;510;124;16398;3649;4.4;1.0
01;2021-04-01;601;200;16999;3849;4.5;1.0
01;2021-04-02;39;35;17038;3884;4.5;1.0
01;2021-04-03;40;2;17078;3886;4.5;1.0
01;2021-04-04;4;18;17082;3904;4.5;1.0
01;2021-04-05;4;0;17086;3904;4.5;1.0
01;2021-04-06;404;187;17490;4091;4.6;1.1
01;2021-04-07;562;114;18052;4205;4.8;1.1
01;2021-04-08;470;159;18522;4364;4.9;1.2
01;2021-04-09;458;209;18980;4573;5.0;1.2
01;2021-04-10;96;4;19076;4577;5.1;1.2
01;2021-04-11;2;25;19078;4602;5.1;1.2
01;2021-04-12;270;257;19348;4859;5.1;1.3
01;2021-04-13;515;318;19863;5177;5.3;1.4
01;2021-04-14;406;220;20269;5397;5.4;1.4
01;2021-04-15;534;315;20803;5712;5.5;1.5
01;2021-04-16;540;265;21343;5977;5.7;1.6
01;2021-04-17;170;2;21513;5979;5.7;1.6
01;2021-04-18;4;14;21517;5993;5.7;1.6
01;2021-04-19;382;238;21899;6231;5.8;1.7
01;2021-04-20;704;342;22603;6573;6.0;1.7
01;2021-04-21;607;309;23210;6882;6.2;1.8
01;2021-04-22;783;328;23993;7210;6.4;1.9
01;2021-04-23;833;247;24826;7457;6.6;2.0
01;2021-04-24;319;73;25145;7530;6.7;2.0
01;2021-04-25;596;64;25741;7594;6.8;2.0
01;2021-04-26;915;208;26656;7802;7.1;2.1
01;2021-04-27;617;226;27273;8028;7.2;2.1
01;2021-04-28;827;262;28100;8290;7.5;2.2
01;2021-04-29;1191;183;29291;8473;7.8;2.2
01;2021-04-30;1245;164;30536;8637;8.1;2.3
01;2021-05-01;589;38;31125;8675;8.3;2.3
01;2021-05-02;339;15;31464;8690;8.3;2.3
01;2021-05-03;914;168;32378;8858;8.6;2.4
01;2021-05-04;932;194;33310;9052;8.8;2.4
01;2021-05-05;957;240;34267;9292;9.1;2.5
01;2021-05-06;1092;164;35359;9456;9.4;2.5
01;2021-05-07;1166;255;36525;9711;9.7;2.6
01;2021-05-08;307;29;36832;9740;9.8;2.6
01;2021-05-09;177;9;37009;9749;9.8;2.6
01;2021-05-10;814;208;37823;9957;10.0;2.6
01;2021-05-11;918;307;38741;10264;10.3;2.7
01;2021-05-12;879;319;39620;10583;10.5;2.8
01;2021-05-13;207;78;39827;10661;10.6;2.8
01;2021-05-14;836;269;40663;10930;10.8;2.9
01;2021-05-15;432;13;41095;10943;10.9;2.9
01;2021-05-16;179;34;41274;10977;11.0;2.9
01;2021-05-17;692;268;41966;11245;11.1;3.0
01;2021-05-18;687;388;42653;11633;11.3;3.1
01;2021-05-19;669;520;43322;12153;11.5;3.2
01;2021-05-20;740;364;44062;12517;11.7;3.3
01;2021-05-21;756;397;44818;12914;11.9;3.4
01;2021-05-22;471;217;45289;13131;12.0;3.5
01;2021-05-23;195;115;45484;13246;12.1;3.5
01;2021-05-24;193;176;45677;13422;12.1;3.6
01;2021-05-25;477;662;46154;14084;12.2;3.7
01;2021-05-26;547;492;46701;14576;12.4;3.9
01;2021-05-27;127;185;46828;14761;12.4;3.9
01;2021-05-28;470;520;47298;15281;12.5;4.1
01;2021-05-29;219;138;47517;15419;12.6;4.1
01;2021-05-30;71;111;47588;15530;12.6;4.1
01;2021-05-31;409;536;47997;16066;12.7;4.3
01;2021-06-01;476;713;48473;16779;12.9;4.5
01;2021-06-02;474;708;48947;17487;13.0;4.6
01;2021-06-03;407;561;49354;18048;13.1;4.8
01;2021-06-04;597;796;49951;18844;13.3;5.0
01;2021-06-05;263;640;50214;19484;13.3;5.2
01;2021-06-06;121;530;50335;20014;13.4;5.3
01;2021-06-07;361;783;50696;20797;13.5;5.5
01;2021-06-08;499;890;51195;21687;13.6;5.8
01;2021-06-09;372;857;51567;22544;13.7;6.0
01;2021-06-10;454;851;52021;23395;13.8;6.2
01;2021-06-11;438;1229;52459;24624;13.9;6.5
01;2021-06-12;289;660;52748;25284;14.0;6.7
01;2021-06-13;129;314;52877;25598;14.0;6.8
01;2021-06-14;347;3805;53224;29403;14.1;7.8
01;2021-06-15;445;2010;53669;31413;14.2;8.3
01;2021-06-16;415;1487;54084;32900;14.4;8.7
02;2020-12-27;0;0;0;0;0.0;0.0
02;2020-12-28;0;0;0;0;0.0;0.0
02;2020-12-29;0;0;0;0;0.0;0.0
02;2020-12-30;0;0;0;0;0.0;0.0
02;2020-12-31;0;0;0;0;0.0;0.0
02;2021-01-01;0;0;0;0;0.0;0.0
02;2021-01-02;0;0;0;0;0.0;0.0
02;2021-01-03;0;0;0;0;0.0;0.0
02;2021-01-04;0;0;0;0;0.0;0.0
02;2021-01-05;0;0;0;0;0.0;0.0
02;2021-01-06;5;0;5;0;0.0;0.0
02;2021-01-07;31;0;36;0;0.0;0.0
02;2021-01-08;80;1;116;1;0.0;0.0
02;2021-01-09;20;0;136;1;0.0;0.0
02;2021-01-10;0;0;136;1;0.0;0.0
02;2021-01-11;122;0;258;1;0.1;0.0
02;2021-01-12;78;0;336;1;0.1;0.0
02;2021-01-13;64;0;400;1;0.1;0.0
02;2021-01-14;88;0;488;1;0.1;0.0
02;2021-01-15;136;0;624;1;0.2;0.0
02;2021-01-16;51;0;675;1;0.2;0.0
02;2021-01-17;0;0;675;1;0.2;0.0
02;2021-01-18;157;0;832;1;0.2;0.0
02;2021-01-19;168;0;1000;1;0.3;0.0
02;2021-01-20;163;0;1163;1;0.3;0.0
02;2021-01-21;181;1;1344;2;0.4;0.0
02;2021-01-22;156;0;1500;2;0.4;0.0
02;2021-01-23;58;0;1558;2;0.4;0.0
02;2021-01-24;0;0;1558;2;0.4;0.0
02;2021-01-25;159;0;1717;2;0.5;0.0
02;2021-01-26;137;0;1854;2;0.5;0.0
02;2021-01-27;161;5;2015;7;0.6;0.0
02;2021-01-28;143;12;2158;19;0.6;0.0
02;2021-01-29;142;41;2300;60;0.6;0.0
02;2021-01-30;96;16;2396;76;0.7;0.0
02;2021-01-31;0;0;2396;76;0.7;0.0
02;2021-02-01;119;74;2515;150;0.7;0.0
02;2021-02-02;184;95;2699;245;0.8;0.1
02;2021-02-03;130;80;2829;325;0.8;0.1
02;2021-02-04;158;73;2987;398;0.8;0.1
02;2021-02-05;120;97;3107;495;0.9;0.1
02;2021-02-06;62;26;3169;521;0.9;0.1
02;2021-02-07;1;0;3170;521;0.9;0.1
02;2021-02-08;136;78;3306;599;0.9;0.2
02;2021-02-09;175;78;3481;677;1.0;0.2
02;2021-02-10;138;90;3619;767;1.0;0.2
02;2021-02-11;150;103;3769;870;1.1;0.2
02;2021-02-12;124;128;3893;998;1.1;0.3
02;2021-02-13;38;37;3931;1035;1.1;0.3
02;2021-02-14;0;0;3931;1035;1.1;0.3
02;2021-02-15;51;67;3982;1102;1.1;0.3
02;2021-02-16;0;1;3982;1103;1.1;0.3
02;2021-02-17;1;3;3983;1106;1.1;0.3
02;2021-02-18;68;128;4051;1234;1.1;0.3
02;2021-02-19;69;131;4120;1365;1.1;0.4
02;2021-02-20;48;69;4168;1434;1.2;0.4
02;2021-02-21;0;0;4168;1434;1.2;0.4
02;2021-02-22;100;60;4268;1494;1.2;0.4
02;2021-02-23;113;238;4381;1732;1.2;0.5
02;2021-02-24;106;223;4487;1955;1.3;0.5
02;2021-02-25;89;151;4576;2106;1.3;0.6
02;2021-02-26;126;169;4702;2275;1.3;0.6
02;2021-02-27;69;52;4771;2327;1.3;0.6
02;2021-02-28;0;0;4771;2327;1.3;0.6
02;2021-03-01;138;144;4909;2471;1.4;0.7
02;2021-03-02;158;78;5067;2549;1.4;0.7
02;2021-03-03;178;145;5245;2694;1.5;0.8
02;2021-03-04;146;134;5391;2828;1.5;0.8
02;2021-03-05;238;127;5629;2955;1.6;0.8
02;2021-03-06;119;59;5748;3014;1.6;0.8
02;2021-03-07;100;1;5848;3015;1.6;0.8
02;2021-03-08;196;132;6044;3147;1.7;0.9
02;2021-03-09;269;102;6313;3249;1.8;0.9
02;2021-03-10;324;134;6637;3383;1.9;0.9
02;2021-03-11;331;83;6968;3466;1.9;1.0
02;2021-03-12;398;53;7366;3519;2.1;1.0
02;2021-03-13;155;21;7521;3540;2.1;1.0
02;2021-03-14;4;1;7525;3541;2.1;1.0
02;2021-03-15;276;92;7801;3633;2.2;1.0
02;2021-03-16;305;55;8106;3688;2.3;1.0
02;2021-03-17;387;49;8493;3737;2.4;1.0
02;2021-03-18;435;44;8928;3781;2.5;1.1
02;2021-03-19;396;61;9324;3842;2.6;1.1
02;2021-03-20;149;47;9473;3889;2.6;1.1
02;2021-03-21;25;1;9498;3890;2.6;1.1
02;2021-03-22;362;116;9860;4006;2.7;1.1
02;2021-03-23;401;123;10261;4129;2.9;1.2
02;2021-03-24;425;104;10686;4233;3.0;1.2
02;2021-03-25;470;99;11156;4332;3.1;1.2
02;2021-03-26;632;100;11788;4432;3.3;1.2
02;2021-03-27;152;71;11940;4503;3.3;1.3
02;2021-03-28;81;2;12021;4505;3.4;1.3
02;2021-03-29;420;165;12441;4670;3.5;1.3
02;2021-03-30;468;244;12909;4914;3.6;1.4
02;2021-03-31;1143;187;14052;5101;3.9;1.4
02;2021-04-01;951;169;15003;5270;4.2;1.5
02;2021-04-02;895;7;15898;5277;4.4;1.5
02;2021-04-03;787;49;16685;5326;4.7;1.5
02;2021-04-04;750;10;17435;5336;4.9;1.5
02;2021-04-05;828;39;18263;5375;5.1;1.5
02;2021-04-06;883;133;19146;5508;5.3;1.5
02;2021-04-07;1430;323;20576;5831;5.7;1.6
02;2021-04-08;1303;267;21879;6098;6.1;1.7
02;2021-04-09;1238;317;23117;6415;6.4;1.8
02;2021-04-10;837;162;23954;6577;6.7;1.8
02;2021-04-11;621;12;24575;6589;6.9;1.8
02;2021-04-12;866;313;25441;6902;7.1;1.9
02;2021-04-13;865;325;26306;7227;7.3;2.0
02;2021-04-14;957;323;27263;7550;7.6;2.1
02;2021-04-15;958;294;28221;7844;7.9;2.2
02;2021-04-16;991;298;29212;8142;8.1;2.3
02;2021-04-17;526;161;29738;8303;8.3;2.3
02;2021-04-18;339;56;30077;8359;8.4;2.3
02;2021-04-19;668;347;30745;8706;8.6;2.4
02;2021-04-20;868;310;31613;9016;8.8;2.5
02;2021-04-21;997;358;32610;9374;9.1;2.6
02;2021-04-22;602;313;33212;9687;9.3;2.7
02;2021-04-23;604;465;33816;10152;9.4;2.8
02;2021-04-24;360;197;34176;10349;9.5;2.9
02;2021-04-25;168;200;34344;10549;9.6;2.9
02;2021-04-26;514;543;34858;11092;9.7;3.1
02;2021-04-27;558;609;35416;11701;9.9;3.3
02;2021-04-28;449;693;35865;12394;10.0;3.5
02;2021-04-29;647;642;36512;13036;10.2;3.6
02;2021-04-30;770;688;37282;13724;10.4;3.8
02;2021-05-01;243;245;37525;13969;10.5;3.9
02;2021-05-02;226;513;37751;14482;10.5;4.0
02;2021-05-03;567;771;38318;15253;10.7;4.3
02;2021-05-04;518;677;38836;15930;10.8;4.4
02;2021-05-05;541;898;39377;16828;11.0;4.7
02;2021-05-06;545;782;39922;17610;11.1;4.9
02;2021-05-07;628;1017;40550;18627;11.3;5.2
02;2021-05-08;222;526;40772;19153;11.4;5.3
02;2021-05-09;175;506;40947;19659;11.4;5.5
02;2021-05-10;520;861;41467;20520;11.6;5.7
02;2021-05-11;476;875;41943;21395;11.7;6.0
02;2021-05-12;552;914;42495;22309;11.8;6.2
02;2021-05-13;269;534;42764;22843;11.9;6.4
02;2021-05-14;387;753;43151;23596;12.0;6.6
02;2021-05-15;231;581;43382;24177;12.1;6.7
02;2021-05-16;155;442;43537;24619;12.1;6.9
02;2021-05-17;463;755;44000;25374;12.3;7.1
02;2021-05-18;440;676;44440;26050;12.4;7.3
02;2021-05-19;435;740;44875;26790;12.5;7.5
02;2021-05-20;587;501;45462;27291;12.7;7.6
02;2021-05-21;541;704;46003;27995;12.8;7.8
02;2021-05-22;182;365;46185;28360;12.9;7.9
02;2021-05-23;109;181;46294;28541;12.9;8.0
02;2021-05-24;131;242;46425;28783;12.9;8.0
02;2021-05-25;344;705;46769;29488;13.0;8.2
02;2021-05-26;372;713;47141;30201;13.1;8.4
02;2021-05-27;260;648;47401;30849;13.2;8.6
02;2021-05-28;264;820;47665;31669;13.3;8.8
02;2021-05-29;148;512;47813;32181;13.3;9.0
02;2021-05-30;15;33;47828;32214;13.3;9.0
02;2021-05-31;342;686;48170;32900;13.4;9.2
02;2021-06-01;289;548;48459;33448;13.5;9.3
02;2021-06-02;306;573;48765;34021;13.6;9.5
02;2021-06-03;246;432;49011;34453;13.7;9.6
02;2021-06-04;348;651;49359;35104;13.8;9.8
02;2021-06-05;234;362;49593;35466;13.8;9.9
02;2021-06-06;21;31;49614;35497;13.8;9.9
02;2021-06-07;257;741;49871;36238;13.9;10.1
02;2021-06-08;260;594;50131;36832;14.0;10.3
02;2021-06-09;286;704;50417;37536;14.1;10.5
02;2021-06-10;299;454;50716;37990;14.1;10.6
02;2021-06-11;334;543;51050;38533;14.2;10.7
02;2021-06-12;242;322;51292;38855;14.3;10.8
02;2021-06-13;32;29;51324;38884;14.3;10.8
02;2021-06-14;360;550;51684;39434;14.4;11.0
02;2021-06-15;387;476;52071;39910;14.5;11.1
02;2021-06-16;389;439;52460;40349;14.6;11.2
03;2020-12-27;0;0;0;0;0.0;0.0
03;2020-12-28;0;0;0;0;0.0;0.0
03;2020-12-29;0;0;0;0;0.0;0.0
03;2020-12-30;0;0;0;0;0.0;0.0
03;2020-12-31;0;0;0;0;0.0;0.0
03;2021-01-01;0;0;0;0;0.0;0.0
03;2021-01-02;0;0;0;0;0.0;0.0
03;2021-01-03;0;0;0;0;0.0;0.0
03;2021-01-04;0;0;0;0;0.0;0.0
03;2021-01-05;0;0;0;0;0.0;0.0
03;2021-01-06;0;0;0;0;0.0;0.0
03;2021-01-07;0;0;0;0;0.0;0.0
03;2021-01-08;0;0;0;0;0.0;0.0
03;2021-01-09;0;0;0;0;0.0;0.0
03;2021-01-10;0;0;0;0;0.0;0.0
03;2021-01-11;0;0;0;0;0.0;0.0
03;2021-01-12;0;0;0;0;0.0;0.0
03;2021-01-13;30;0;30;0;0.0;0.0
03;2021-01-14;46;0;76;0;0.0;0.0
03;2021-01-15;34;0;110;0;0.0;0.0
03;2021-01-16;18;0;128;0;0.0;0.0
03;2021-01-17;0;0;128;0;0.0;0.0
03;2021-01-18;63;0;191;0;0.1;0.0
03;2021-01-19;149;1;340;1;0.1;0.0
03;2021-01-20;132;0;472;1;0.2;0.0
03;2021-01-21;118;0;590;1;0.2;0.0
03;2021-01-22;76;0;666;1;0.2;0.0
03;2021-01-23;0;0;666;1;0.2;0.0
03;2021-01-24;0;0;666;1;0.2;0.0
03;2021-01-25;56;0;722;1;0.2;0.0
03;2021-01-26;100;0;822;1;0.3;0.0
03;2021-01-27;109;1;931;2;0.3;0.0
03;2021-01-28;96;2;1027;4;0.4;0.0
03;2021-01-29;104;3;1131;7;0.4;0.0
03;2021-01-30;0;0;1131;7;0.4;0.0
03;2021-01-31;0;0;1131;7;0.4;0.0
03;2021-02-01;54;0;1185;7;0.4;0.0
03;2021-02-02;122;4;1307;11;0.4;0.0
03;2021-02-03;116;7;1423;18;0.5;0.0
03;2021-02-04;79;26;1502;44;0.5;0.0
03;2021-02-05;65;8;1567;52;0.5;0.0
03;2021-02-06;0;0;1567;52;0.5;0.0
03;2021-02-07;0;0;1567;52;0.5;0.0
03;2021-02-08;51;13;1618;65;0.6;0.0
03;2021-02-09;92;39;1710;104;0.6;0.0
03;2021-02-10;101;42;1811;146;0.6;0.1
03;2021-02-11;102;93;1913;239;0.7;0.1
03;2021-02-12;86;65;1999;304;0.7;0.1
03;2021-02-13;0;0;1999;304;0.7;0.1
03;2021-02-14;0;0;1999;304;0.7;0.1
03;2021-02-15;27;65;2026;369;0.7;0.1
03;2021-02-16;123;53;2149;422;0.7;0.1
03;2021-02-17;145;118;2294;540;0.8;0.2
03;2021-02-18;102;143;2396;683;0.8;0.2
03;2021-02-19;121;72;2517;755;0.9;0.3
03;2021-02-20;0;0;2517;755;0.9;0.3
03;2021-02-21;0;0;2517;755;0.9;0.3
03;2021-02-22;78;49;2595;804;0.9;0.3
03;2021-02-23;158;100;2753;904;0.9;0.3
03;2021-02-24;190;120;2943;1024;1.0;0.4
03;2021-02-25;258;87;3201;1111;1.1;0.4
03;2021-02-26;264;69;3465;1180;1.2;0.4
03;2021-02-27;121;1;3586;1181;1.2;0.4
03;2021-02-28;0;0;3586;1181;1.2;0.4
03;2021-03-01;180;85;3766;1266;1.3;0.4
03;2021-03-02;255;108;4021;1374;1.4;0.5
03;2021-03-03;255;129;4276;1503;1.5;0.5
03;2021-03-04;281;81;4557;1584;1.6;0.5
03;2021-03-05;270;43;4827;1627;1.7;0.6
03;2021-03-06;116;1;4943;1628;1.7;0.6
03;2021-03-07;0;0;4943;1628;1.7;0.6
03;2021-03-08;187;41;5130;1669;1.8;0.6
03;2021-03-09;349;90;5479;1759;1.9;0.6
03;2021-03-10;357;97;5836;1856;2.0;0.6
03;2021-03-11;269;118;6105;1974;2.1;0.7
03;2021-03-12;285;91;6390;2065;2.2;0.7
03;2021-03-13;110;2;6500;2067;2.2;0.7
03;2021-03-14;0;0;6500;2067;2.2;0.7
03;2021-03-15;180;26;6680;2093;2.3;0.7
03;2021-03-16;241;139;6921;2232;2.4;0.8
03;2021-03-17;273;128;7194;2360;2.5;0.8
03;2021-03-18;250;153;7444;2513;2.6;0.9
03;2021-03-19;284;126;7728;2639;2.7;0.9
03;2021-03-20;255;14;7983;2653;2.7;0.9
03;2021-03-21;119;0;8102;2653;2.8;0.9
03;2021-03-22;219;112;8321;2765;2.9;1.0
03;2021-03-23;260;186;8581;2951;3.0;1.0
03;2021-03-24;224;208;8805;3159;3.0;1.1
03;2021-03-25;167;176;8972;3335;3.1;1.1
03;2021-03-26;188;306;9160;3641;3.2;1.3
03;2021-03-27;55;93;9215;3734;3.2;1.3
03;2021-03-28;0;0;9215;3734;3.2;1.3
03;2021-03-29;174;244;9389;3978;3.2;1.4
03;2021-03-30;445;234;9834;4212;3.4;1.4
03;2021-03-31;314;289;10148;4501;3.5;1.5
03;2021-04-01;444;261;10592;4762;3.6;1.6
03;2021-04-02;306;279;10898;5041;3.7;1.7
03;2021-04-03;151;122;11049;5163;3.8;1.8
03;2021-04-04;0;0;11049;5163;3.8;1.8
03;2021-04-05;118;14;11167;5177;3.8;1.8
03;2021-04-06;419;322;11586;5499;4.0;1.9
03;2021-04-07;485;333;12071;5832;4.2;2.0
03;2021-04-08;493;255;12564;6087;4.3;2.1
03;2021-04-09;471;225;13035;6312;4.5;2.2
03;2021-04-10;146;91;13181;6403;4.5;2.2
03;2021-04-11;2;0;13183;6403;4.5;2.2
03;2021-04-12;497;264;13680;6667;4.7;2.3
03;2021-04-13;633;237;14313;6904;4.9;2.4
03;2021-04-14;670;310;14983;7214;5.2;2.5
03;2021-04-15;722;242;15705;7456;5.4;2.6
03;2021-04-16;709;297;16414;7753;5.6;2.7
03;2021-04-17;476;124;16890;7877;5.8;2.7
03;2021-04-18;489;36;17379;7913;6.0;2.7
03;2021-04-19;682;247;18061;8160;6.2;2.8
03;2021-04-20;550;268;18611;8428;6.4;2.9
03;2021-04-21;791;235;19402;8663;6.7;3.0
03;2021-04-22;655;216;20057;8879;6.9;3.1
03;2021-04-23;662;220;20719;9099;7.1;3.1
03;2021-04-24;523;95;21242;9194;7.3;3.2
03;2021-04-25;602;40;21844;9234;7.5;3.2
03;2021-04-26;734;223;22578;9457;7.8;3.3
03;2021-04-27;765;337;23343;9794;8.0;3.4
03;2021-04-28;670;320;24013;10114;8.3;3.5
03;2021-04-29;609;275;24622;10389;8.5;3.6
03;2021-04-30;672;251;25294;10640;8.7;3.7
03;2021-05-01;209;26;25503;10666;8.8;3.7
03;2021-05-02;594;75;26097;10741;9.0;3.7
03;2021-05-03;554;388;26651;11129;9.2;3.8
03;2021-05-04;538;309;27189;11438;9.4;3.9
03;2021-05-05;592;439;27781;11877;9.6;4.1
03;2021-05-06;591;461;28372;12338;9.8;4.2
03;2021-05-07;532;462;28904;12800;9.9;4.4
03;2021-05-08;337;57;29241;12857;10.1;4.4
03;2021-05-09;262;73;29503;12930;10.1;4.4
03;2021-05-10;417;612;29920;13542;10.3;4.7
03;2021-05-11;365;491;30285;14033;10.4;4.8
03;2021-05-12;434;639;30719;14672;10.6;5.0
03;2021-05-13;330;98;31049;14770;10.7;5.1
03;2021-05-14;425;547;31474;15317;10.8;5.3
03;2021-05-15;253;344;31727;15661;10.9;5.4
03;2021-05-16;204;209;31931;15870;11.0;5.5
03;2021-05-17;391;591;32322;16461;11.1;5.7
03;2021-05-18;500;559;32822;17020;11.3;5.9
03;2021-05-19;478;546;33300;17566;11.5;6.0
03;2021-05-20;571;446;33871;18012;11.7;6.2
03;2021-05-21;467;599;34338;18611;11.8;6.4
03;2021-05-22;161;500;34499;19111;11.9;6.6
03;2021-05-23;254;469;34753;19580;12.0;6.7
03;2021-05-24;541;242;35294;19822;12.1;6.8
03;2021-05-25;489;741;35783;20563;12.3;7.1
03;2021-05-26;366;680;36149;21243;12.4;7.3
03;2021-05-27;645;516;36794;21759;12.7;7.5
03;2021-05-28;469;546;37263;22305;12.8;7.7
03;2021-05-29;230;362;37493;22667;12.9;7.8
03;2021-05-30;146;401;37639;23068;12.9;7.9
03;2021-05-31;335;571;37974;23639;13.1;8.1
03;2021-06-01;382;465;38356;24104;13.2;8.3
03;2021-06-02;456;549;38812;24653;13.4;8.5
03;2021-06-03;392;466;39204;25119;13.5;8.6
03;2021-06-04;503;487;39707;25606;13.7;8.8
03;2021-06-05;269;291;39976;25897;13.8;8.9
03;2021-06-06;208;299;40184;26196;13.8;9.0
03;2021-06-07;453;448;40637;26644;14.0;9.2
03;2021-06-08;489;312;41126;26956;14.1;9.3
03;2021-06-09;451;376;41577;27332;14.3;9.4
03;2021-06-10;345;290;41922;27622;14.4;9.5
03;2021-06-11;389;468;42311;28090;14.6;9.7
03;2021-06-12;163;285;42474;28375;14.6;9.8
03;2021-06-13;198;267;42672;28642;14.7;9.9
03;2021-06-14;350;547;43022;29189;14.8;10.0
03;2021-06-15;352;439;43374;29628;14.9;10.2
03;2021-06-16;379;444;43753;30072;15.1;10.3
04;2020-12-27;0;0;0;0;0.0;0.0
04;2020-12-28;0;0;0;0;0.0;0.0
04;2020-12-29;0;0;0;0;0.0;0.0
04;2020-12-30;0;0;0;0;0.0;0.0
04;2020-12-31;0;0;0;0;0.0;0.0
04;2021-01-01;1;0;1;0;0.0;0.0
04;2021-01-02;0;0;1;0;0.0;0.0
04;2021-01-03;0;0;1;0;0.0;0.0
04;2021-01-04;0;0;1;0;0.0;0.0
04;2021-01-05;2;0;3;0;0.0;0.0
04;2021-01-06;0;0;3;0;0.0;0.0
04;2021-01-07;0;0;3;0;0.0;0.0
04;2021-01-08;0;0;3;0;0.0;0.0
04;2021-01-09;1;0;4;0;0.0;0.0
04;2021-01-10;0;0;4;0;0.0;0.0
04;2021-01-11;0;0;4;0;0.0;0.0
04;2021-01-12;0;0;4;0;0.0;0.0
04;2021-01-13;0;0;4;0;0.0;0.0
04;2021-01-14;0;0;4;0;0.0;0.0
04;2021-01-15;332;0;336;0;0.0;0.0
04;2021-01-16;27;0;363;0;0.0;0.0
04;2021-01-17;0;0;363;0;0.0;0.0
04;2021-01-18;49;1;412;1;0.0;0.0
04;2021-01-19;393;0;805;1;0.1;0.0
04;2021-01-20;482;1;1287;2;0.1;0.0
04;2021-01-21;614;1;1901;3;0.2;0.0
04;2021-01-22;409;1;2310;4;0.3;0.0
04;2021-01-23;75;0;2385;4;0.3;0.0
04;2021-01-24;0;0;2385;4;0.3;0.0
04;2021-01-25;272;0;2657;4;0.3;0.0
04;2021-01-26;429;0;3086;4;0.4;0.0
04;2021-01-27;317;0;3403;4;0.4;0.0
04;2021-01-28;406;0;3809;4;0.4;0.0
04;2021-01-29;421;3;4230;7;0.5;0.0
04;2021-01-30;419;0;4649;7;0.5;0.0
04;2021-01-31;0;0;4649;7;0.5;0.0
04;2021-02-01;372;3;5021;10;0.6;0.0
04;2021-02-02;498;4;5519;14;0.6;0.0
04;2021-02-03;601;14;6120;28;0.7;0.0
04;2021-02-04;626;22;6746;50;0.8;0.0
04;2021-02-05;564;98;7310;148;0.9;0.0
04;2021-02-06;501;4;7811;152;0.9;0.0
04;2021-02-07;0;8;7811;160;0.9;0.0
04;2021-02-08;472;34;8283;194;1.0;0.0
04;2021-02-09;783;90;9066;284;1.1;0.0
04;2021-02-10;820;85;9886;369;1.1;0.0
04;2021-02-11;796;86;10682;455;1.2;0.1
04;2021-02-12;637;95;11319;550;1.3;0.1
04;2021-02-13;651;74;11970;624;1.4;0.1
04;2021-02-14;1;0;11971;624;1.4;0.1
04;2021-02-15;524;126;12495;750;1.5;0.1
04;2021-02-16;649;535;13144;1285;1.5;0.1
04;2021-02-17;592;329;13736;1614;1.6;0.2
04;2021-02-18;493;414;14229;2028;1.7;0.2
04;2021-02-19;496;321;14725;2349;1.7;0.3
04;2021-02-20;576;117;15301;2466;1.8;0.3
04;2021-02-21;0;0;15301;2466;1.8;0.3
04;2021-02-22;401;238;15702;2704;1.8;0.3
04;2021-02-23;607;238;16309;2942;1.9;0.3
04;2021-02-24;581;253;16890;3195;2.0;0.4
04;2021-02-25;645;297;17535;3492;2.0;0.4
04;2021-02-26;483;472;18018;3964;2.1;0.5
04;2021-02-27;385;471;18403;4435;2.1;0.5
04;2021-02-28;0;0;18403;4435;2.1;0.5
04;2021-03-01;289;392;18692;4827;2.2;0.6
04;2021-03-02;487;504;19179;5331;2.2;0.6
04;2021-03-03;755;558;19934;5889;2.3;0.7
04;2021-03-04;775;542;20709;6431;2.4;0.7
04;2021-03-05;727;541;21436;6972;2.5;0.8
04;2021-03-06;812;530;22248;7502;2.6;0.9
04;2021-03-07;0;0;22248;7502;2.6;0.9
04;2021-03-08;436;591;22684;8093;2.6;0.9
04;2021-03-09;670;777;23354;8870;2.7;1.0
04;2021-03-10;644;849;23998;9719;2.8;1.1
04;2021-03-11;699;648;24697;10367;2.9;1.2
04;2021-03-12;729;664;25426;11031;3.0;1.3
04;2021-03-13;667;610;26093;11641;3.0;1.4
04;2021-03-14;2;0;26095;11641;3.0;1.4
04;2021-03-15;503;506;26598;12147;3.1;1.4
04;2021-03-16;680;711;27278;12858;3.2;1.5
04;2021-03-17;847;538;28125;13396;3.3;1.6
04;2021-03-18;1021;556;29146;13952;3.4;1.6
04;2021-03-19;784;543;29930;14495;3.5;1.7
04;2021-03-20;576;599;30506;15094;3.5;1.8
04;2021-03-21;0;0;30506;15094;3.5;1.8
04;2021-03-22;565;482;31071;15576;3.6;1.8
04;2021-03-23;780;640;31851;16216;3.7;1.9
04;2021-03-24;792;671;32643;16887;3.8;2.0
04;2021-03-25;929;555;33572;17442;3.9;2.0
04;2021-03-26;921;450;34493;17892;4.0;2.1
04;2021-03-27;782;340;35275;18232;4.1;2.1
04;2021-03-28;1;0;35276;18232;4.1;2.1
04;2021-03-29;960;271;36236;18503;4.2;2.2
04;2021-03-30;883;501;37119;19004;4.3;2.2
04;2021-03-31;733;673;37852;19677;4.4;2.3
04;2021-04-01;716;709;38568;20386;4.5;2.4
04;2021-04-02;687;761;39255;21147;4.6;2.5
04;2021-04-03;699;707;39954;21854;4.6;2.5
04;2021-04-04;0;0;39954;21854;4.6;2.5
04;2021-04-05;0;2;39954;21856;4.6;2.5
04;2021-04-06;796;642;40750;22498;4.7;2.6
04;2021-04-07;1369;789;42119;23287;4.9;2.7
04;2021-04-08;1792;780;43911;24067;5.1;2.8
04;2021-04-09;1506;785;45417;24852;5.3;2.9
04;2021-04-10;1137;651;46554;25503;5.4;3.0
04;2021-04-11;2;0;46556;25503;5.4;3.0
04;2021-04-12;1239;553;47795;26056;5.6;3.0
04;2021-04-13;1438;754;49233;26810;5.7;3.1
04;2021-04-14;2068;777;51301;27587;6.0;3.2
04;2021-04-15;2502;956;53803;28543;6.3;3.3
04;2021-04-16;1931;785;55734;29328;6.5;3.4
04;2021-04-17;1288;604;57022;29932;6.6;3.5
04;2021-04-18;0;0;57022;29932;6.6;3.5
04;2021-04-19;1377;565;58399;30497;6.8;3.5
04;2021-04-20;1647;807;60046;31304;7.0;3.6
04;2021-04-21;2128;606;62174;31910;7.2;3.7
04;2021-04-22;2944;804;65118;32714;7.6;3.8
04;2021-04-23;2309;813;67427;33527;7.8;3.9
04;2021-04-24;1102;797;68529;34324;8.0;4.0
04;2021-04-25;2;0;68531;34324;8.0;4.0
04;2021-04-26;1164;920;69695;35244;8.1;4.1
04;2021-04-27;1679;1027;71374;36271;8.3;4.2
04;2021-04-28;2893;753;74267;37024;8.6;4.3
04;2021-04-29;3945;812;78212;37836;9.1;4.4
04;2021-04-30;3432;906;81644;38742;9.5;4.5
04;2021-05-01;2106;220;83750;38962;9.7;4.5
04;2021-05-02;2;0;83752;38962;9.7;4.5
04;2021-05-03;1865;572;85617;39534;10.0;4.6
04;2021-05-04;2127;1095;87744;40629;10.2;4.7
04;2021-05-05;3116;1641;90860;42270;10.6;4.9
04;2021-05-06;4002;1589;94862;43859;11.0;5.1
04;2021-05-07;3228;1527;98090;45386;11.4;5.3
04;2021-05-08;1565;502;99655;45888;11.6;5.3
04;2021-05-09;1;0;99656;45888;11.6;5.3
04;2021-05-10;2411;994;102067;46882;11.9;5.5
04;2021-05-11;3651;1642;105718;48524;12.3;5.6
04;2021-05-12;4714;2395;110432;50919;12.8;5.9
04;2021-05-13;3551;584;113983;51503;13.3;6.0
04;2021-05-14;5261;2510;119244;54013;13.9;6.3
04;2021-05-15;3159;1537;122403;55550;14.2;6.5
04;2021-05-16;15;18;122418;55568;14.2;6.5
04;2021-05-17;2995;1480;125413;57048;14.6;6.6
04;2021-05-18;3730;1778;129143;58826;15.0;6.8
04;2021-05-19;4664;2334;133807;61160;15.6;7.1
04;2021-05-20;5108;2802;138915;63962;16.2;7.4
04;2021-05-21;4955;2628;143870;66590;16.7;7.7
04;2021-05-22;3322;1250;147192;67840;17.1;7.9
04;2021-05-23;4;3;147196;67843;17.1;7.9
04;2021-05-24;3567;1075;150763;68918;17.5;8.0
04;2021-05-25;4188;1910;154951;70828;18.0;8.2
04;2021-05-26;4877;2958;159828;73786;18.6;8.6
04;2021-05-27;4574;4091;164402;77877;19.1;9.1
04;2021-05-28;4353;3826;168755;81703;19.6;9.5
04;2021-05-29;2528;2460;171283;84163;19.9;9.8
04;2021-05-30;6;14;171289;84177;19.9;9.8
04;2021-05-31;2340;2247;173629;86424;20.2;10.0
04;2021-06-01;3262;2721;176891;89145;20.6;10.4
04;2021-06-02;3904;3349;180795;92494;21.0;10.8
04;2021-06-03;4004;3662;184799;96156;21.5;11.2
04;2021-06-04;3817;3751;188616;99907;21.9;11.6
04;2021-06-05;2193;1923;190809;101830;22.2;11.8
04;2021-06-06;1060;129;191869;101959;22.3;11.9
04;2021-06-07;1999;2530;193868;104489;22.5;12.2
04;2021-06-08;2553;3319;196421;107808;22.8;12.5
04;2021-06-09;2891;4766;199312;112574;23.2;13.1
04;2021-06-10;3337;4442;202649;117016;23.6;13.6
04;2021-06-11;2818;4612;205467;121628;23.9;14.1
04;2021-06-12;1703;3371;207170;124999;24.1;14.5
04;2021-06-13;1312;242;208482;125241;24.2;14.6
04;2021-06-14;1480;3179;209962;128420;24.4;14.9
04;2021-06-15;2031;3613;211993;132033;24.7;15.4
04;2021-06-16;2610;4622;214603;136655;25.0;15.9
05;2020-12-27;0;0;0;0;0.0;0.0
05;2020-12-28;0;0;0;0;0.0;0.0
05;2020-12-29;0;0;0;0;0.0;0.0
05;2020-12-30;0;0;0;0;0.0;0.0
05;2020-12-31;0;0;0;0;0.0;0.0
05;2021-01-01;0;0;0;0;0.0;0.0
05;2021-01-02;0;0;0;0;0.0;0.0
05;2021-01-03;0;0;0;0;0.0;0.0
05;2021-01-04;0;0;0;0;0.0;0.0
05;2021-01-05;0;0;0;0;0.0;0.0
05;2021-01-06;0;0;0;0;0.0;0.0
05;2021-01-07;0;0;0;0;0.0;0.0
05;2021-01-08;0;0;0;0;0.0;0.0
05;2021-01-09;0;0;0;0;0.0;0.0
05;2021-01-10;0;0;0;0;0.0;0.0
05;2021-01-11;0;0;0;0;0.0;0.0
05;2021-01-12;0;0;0;0;0.0;0.0
05;2021-01-13;0;0;0;0;0.0;0.0
05;2021-01-14;0;0;0;0;0.0;0.0
05;2021-01-15;0;0;0;0;0.0;0.0
05;2021-01-16;0;0;0;0;0.0;0.0
05;2021-01-17;0;0;0;0;0.0;0.0
05;2021-01-18;0;0;0;0;0.0;0.0
05;2021-01-19;0;0;0;0;0.0;0.0
05;2021-01-20;0;0;0;0;0.0;0.0
05;2021-01-21;0;0;0;0;0.0;0.0
05;2021-01-22;0;0;0;0;0.0;0.0
05;2021-01-23;0;0;0;0;0.0;0.0
05;2021-01-24;0;0;0;0;0.0;0.0
05;2021-01-25;0;0;0;0;0.0;0.0
05;2021-01-26;0;0;0;0;0.0;0.0
05;2021-01-27;0;0;0;0;0.0;0.0
05;2021-01-28;0;0;0;0;0.0;0.0
05;2021-01-29;0;0;0;0;0.0;0.0
05;2021-01-30;0;0;0;0;0.0;0.0
05;2021-01-31;0;0;0;0;0.0;0.0
05;2021-02-01;0;0;0;0;0.0;0.0
05;2021-02-02;0;0;0;0;0.0;0.0
05;2021-02-03;0;0;0;0;0.0;0.0
05;2021-02-04;0;0;0;0;0.0;0.0
05;2021-02-05;0;0;0;0;0.0;0.0
05;2021-02-06;0;0;0;0;0.0;0.0
05;2021-02-07;0;0;0;0;0.0;0.0
05;2021-02-08;0;0;0;0;0.0;0.0
05;2021-02-09;0;0;0;0;0.0;0.0
05;2021-02-10;0;0;0;0;0.0;0.0
05;2021-02-11;0;0;0;0;0.0;0.0
05;2021-02-12;0;0;0;0;0.0;0.0
05;2021-02-13;0;0;0;0;0.0;0.0
05;2021-02-14;0;0;0;0;0.0;0.0
05;2021-02-15;0;0;0;0;0.0;0.0
05;2021-02-16;0;0;0;0;0.0;0.0
05;2021-02-17;0;0;0;0;0.0;0.0
05;2021-02-18;0;0;0;0;0.0;0.0
05;2021-02-19;0;0;0;0;0.0;0.0
05;2021-02-20;0;0;0;0;0.0;0.0
05;2021-02-21;0;0;0;0;0.0;0.0
05;2021-02-22;0;0;0;0;0.0;0.0
05;2021-02-23;0;0;0;0;0.0;0.0
05;2021-02-24;0;0;0;0;0.0;0.0
05;2021-02-25;0;0;0;0;0.0;0.0
05;2021-02-26;0;0;0;0;0.0;0.0
05;2021-02-27;0;0;0;0;0.0;0.0
05;2021-02-28;0;0;0;0;0.0;0.0
05;2021-03-01;0;0;0;0;0.0;0.0
05;2021-03-02;0;0;0;0;0.0;0.0
05;2021-03-03;0;0;0;0;0.0;0.0
05;2021-03-04;0;0;0;0;0.0;0.0
05;2021-03-05;0;0;0;0;0.0;0.0
05;2021-03-06;0;0;0;0;0.0;0.0
05;2021-03-07;0;0;0;0;0.0;0.0
05;2021-03-08;0;0;0;0;0.0;0.0
05;2021-03-09;0;0;0;0;0.0;0.0
05;2021-03-10;0;0;0;0;0.0;0.0
05;2021-03-11;0;0;0;0;0.0;0.0
05;2021-03-12;0;0;0;0;0.0;0.0
05;2021-03-13;0;0;0;0;0.0;0.0
05;2021-03-14;0;0;0;0;0.0;0.0
05;2021-03-15;0;0;0;0;0.0;0.0
05;2021-03-16;0;0;0;0;0.0;0.0
05;2021-03-17;0;0;0;0;0.0;0.0
05;2021-03-18;0;0;0;0;0.0;0.0
05;2021-03-19;0;0;0;0;0.0;0.0
05;2021-03-20;0;0;0;0;0.0;0.0
05;2021-03-21;0;0;0;0;0.0;0.0
05;2021-03-22;0;0;0;0;0.0;0.0
05;2021-03-23;0;0;0;0;0.0;0.0
05;2021-03-24;0;0;0;0;0.0;0.0
05;2021-03-25;0;0;0;0;0.0;0.0
05;2021-03-26;0;0;0;0;0.0;0.0
05;2021-03-27;0;0;0;0;0.0;0.0
05;2021-03-28;0;0;0;0;0.0;0.0
05;2021-03-29;2;0;2;0;0.0;0.0
05;2021-03-30;0;0;2;0;0.0;0.0
05;2021-03-31;0;0;2;0;0.0;0.0
05;2021-04-01;0;0;2;0;0.0;0.0
05;2021-04-02;0;0;2;0;0.0;0.0
05;2021-04-03;0;0;2;0;0.0;0.0
05;2021-04-04;0;0;2;0;0.0;0.0
05;2021-04-05;0;0;2;0;0.0;0.0
05;2021-04-06;0;0;2;0;0.0;0.0
05;2021-04-07;0;0;2;0;0.0;0.0
05;2021-04-08;1;0;3;0;0.1;0.0
05;2021-04-09;0;0;3;0;0.1;0.0
05;2021-04-10;0;0;3;0;0.1;0.0
05;2021-04-11;0;0;3;0;0.1;0.0
05;2021-04-12;0;0;3;0;0.1;0.0
05;2021-04-13;0;0;3;0;0.1;0.0
05;2021-04-14;0;0;3;0;0.1;0.0
05;2021-04-15;0;0;3;0;0.1;0.0
05;2021-04-16;0;0;3;0;0.1;0.0
05;2021-04-17;0;0;3;0;0.1;0.0
05;2021-04-18;0;0;3;0;0.1;0.0
05;2021-04-19;0;0;3;0;0.1;0.0
05;2021-04-20;0;0;3;0;0.1;0.0
05;2021-04-21;0;0;3;0;0.1;0.0
05;2021-04-22;0;0;3;0;0.1;0.0
05;2021-04-23;0;0;3;0;0.1;0.0
05;2021-04-24;0;0;3;0;0.1;0.0
05;2021-04-25;0;0;3;0;0.1;0.0
05;2021-04-26;0;0;3;0;0.1;0.0
05;2021-04-27;0;0;3;0;0.1;0.0
05;2021-04-28;0;0;3;0;0.1;0.0
05;2021-04-29;0;0;3;0;0.1;0.0
05;2021-04-30;0;0;3;0;0.1;0.0
05;2021-05-01;0;0;3;0;0.1;0.0
05;2021-05-02;0;0;3;0;0.1;0.0
05;2021-05-03;0;0;3;0;0.1;0.0
05;2021-05-04;0;0;3;0;0.1;0.0
05;2021-05-05;0;0;3;0;0.1;0.0
05;2021-05-06;0;0;3;0;0.1;0.0
05;2021-05-07;0;0;3;0;0.1;0.0
05;2021-05-08;0;0;3;0;0.1;0.0
05;2021-05-09;0;0;3;0;0.1;0.0
05;2021-05-10;0;0;3;0;0.1;0.0
05;2021-05-11;0;0;3;0;0.1;0.0
05;2021-05-12;0;0;3;0;0.1;0.0
05;2021-05-13;0;0;3;0;0.1;0.0
05;2021-05-14;0;0;3;0;0.1;0.0
05;2021-05-15;0;0;3;0;0.1;0.0
05;2021-05-16;0;0;3;0;0.1;0.0
05;2021-05-17;0;0;3;0;0.1;0.0
05;2021-05-18;0;0;3;0;0.1;0.0
05;2021-05-19;0;0;3;0;0.1;0.0
05;2021-05-20;0;0;3;0;0.1;0.0
05;2021-05-21;0;0;3;0;0.1;0.0
05;2021-05-22;0;0;3;0;0.1;0.0
05;2021-05-23;0;0;3;0;0.1;0.0
05;2021-05-24;0;0;3;0;0.1;0.0
05;2021-05-25;0;0;3;0;0.1;0.0
05;2021-05-26;0;0;3;0;0.1;0.0
05;2021-05-27;0;0;3;0;0.1;0.0
05;2021-05-28;0;0;3;0;0.1;0.0
05;2021-05-29;0;2;3;2;0.1;0.0
05;2021-05-30;0;0;3;2;0.1;0.0
05;2021-05-31;0;0;3;2;0.1;0.0
05;2021-06-01;0;0;3;2;0.1;0.0
05;2021-06-02;0;0;3;2;0.1;0.0
05;2021-06-03;0;0;3;2;0.1;0.0
05;2021-06-04;0;0;3;2;0.1;0.0
05;2021-06-05;0;0;3;2;0.1;0.0
05;2021-06-06;0;0;3;2;0.1;0.0
05;2021-06-07;0;0;3;2;0.1;0.0
05;2021-06-08;0;0;3;2;0.1;0.0
05;2021-06-09;0;0;3;2;0.1;0.0
05;2021-06-10;0;0;3;2;0.1;0.0
05;2021-06-11;0;0;3;2;0.1;0.0
05;2021-06-12;0;0;3;2;0.1;0.0
05;2021-06-13;0;0;3;2;0.1;0.0
05;2021-06-14;0;0;3;2;0.1;0.0
05;2021-06-15;0;0;3;2;0.1;0.0
05;2021-06-16;0;0;3;2;0.1;0.0
06;2020-12-27;0;0;0;0;0.0;0.0
06;2020-12-28;0;0;0;0;0.0;0.0
06;2020-12-29;0;0;0;0;0.0;0.0
06;2020-12-30;0;0;0;0;0.0;0.0
06;2020-12-31;0;0;0;0;0.0;0.0
06;2021-01-01;0;0;0;0;0.0;0.0
06;2021-01-02;0;0;0;0;0.0;0.0
06;2021-01-03;0;0;0;0;0.0;0.0
06;2021-01-04;0;0;0;0;0.0;0.0
06;2021-01-05;0;0;0;0;0.0;0.0
06;2021-01-06;0;0;0;0;0.0;0.0
06;2021-01-07;0;0;0;0;0.0;0.0
06;2021-01-08;0;0;0;0;0.0;0.0
06;2021-01-09;0;0;0;0;0.0;0.0
06;2021-01-10;0;0;0;0;0.0;0.0
06;2021-01-11;9;0;9;0;0.0;0.0
06;2021-01-12;0;0;9;0;0.0;0.0
06;2021-01-13;0;0;9;0;0.0;0.0
06;2021-01-14;0;0;9;0;0.0;0.0
06;2021-01-15;1;0;10;0;0.0;0.0
06;2021-01-16;1;0;11;0;0.0;0.0
06;2021-01-17;0;0;11;0;0.0;0.0
06;2021-01-18;1;0;12;0;0.0;0.0
06;2021-01-19;0;0;12;0;0.0;0.0
06;2021-01-20;0;0;12;0;0.0;0.0
06;2021-01-21;0;0;12;0;0.0;0.0
06;2021-01-22;0;0;12;0;0.0;0.0
06;2021-01-23;1;0;13;0;0.0;0.0
06;2021-01-24;0;0;13;0;0.0;0.0
06;2021-01-25;140;1;153;1;0.1;0.0
06;2021-01-26;166;4;319;5;0.1;0.0
06;2021-01-27;250;1;569;6;0.2;0.0
06;2021-01-28;101;5;670;11;0.2;0.0
06;2021-01-29;230;3;900;14;0.3;0.0
06;2021-01-30;285;5;1185;19;0.4;0.0
06;2021-01-31;1;0;1186;19;0.4;0.0
06;2021-02-01;160;0;1346;19;0.5;0.0
06;2021-02-02;329;4;1675;23;0.6;0.0
06;2021-02-03;228;1;1903;24;0.7;0.0
06;2021-02-04;215;7;2118;31;0.8;0.0
06;2021-02-05;214;1;2332;32;0.8;0.0
06;2021-02-06;83;10;2415;42;0.9;0.0
06;2021-02-07;0;0;2415;42;0.9;0.0
06;2021-02-08;82;3;2497;45;0.9;0.0
06;2021-02-09;193;0;2690;45;1.0;0.0
06;2021-02-10;187;2;2877;47;1.0;0.0
06;2021-02-11;235;1;3112;48;1.1;0.0
06;2021-02-12;287;4;3399;52;1.2;0.0
06;2021-02-13;56;0;3455;52;1.2;0.0
06;2021-02-14;1;0;3456;52;1.2;0.0
06;2021-02-15;359;2;3815;54;1.4;0.0
06;2021-02-16;266;6;4081;60;1.5;0.0
06;2021-02-17;167;4;4248;64;1.5;0.0
06;2021-02-18;216;11;4464;75;1.6;0.0
06;2021-02-19;235;21;4699;96;1.7;0.0
06;2021-02-20;138;7;4837;103;1.7;0.0
06;2021-02-21;0;0;4837;103;1.7;0.0
06;2021-02-22;131;120;4968;223;1.8;0.1
06;2021-02-23;186;151;5154;374;1.8;0.1
06;2021-02-24;175;143;5329;517;1.9;0.2
06;2021-02-25;227;283;5556;800;2.0;0.3
06;2021-02-26;242;259;5798;1059;2.1;0.4
06;2021-02-27;0;0;5798;1059;2.1;0.4
06;2021-02-28;0;0;5798;1059;2.1;0.4
06;2021-03-01;144;259;5942;1318;2.1;0.5
06;2021-03-02;228;257;6170;1575;2.2;0.6
06;2021-03-03;201;187;6371;1762;2.3;0.6
06;2021-03-04;205;138;6576;1900;2.4;0.7
06;2021-03-05;224;113;6800;2013;2.4;0.7
06;2021-03-06;1;0;6801;2013;2.4;0.7
06;2021-03-07;0;0;6801;2013;2.4;0.7
06;2021-03-08;189;125;6990;2138;2.5;0.8
06;2021-03-09;390;151;7380;2289;2.6;0.8
06;2021-03-10;180;178;7560;2467;2.7;0.9
06;2021-03-11;167;207;7727;2674;2.8;1.0
06;2021-03-12;238;287;7965;2961;2.9;1.1
06;2021-03-13;2;0;7967;2961;2.9;1.1
06;2021-03-14;0;0;7967;2961;2.9;1.1
06;2021-03-15;156;292;8123;3253;2.9;1.2
06;2021-03-16;236;222;8359;3475;3.0;1.2
06;2021-03-17;264;139;8623;3614;3.1;1.3
06;2021-03-18;172;232;8795;3846;3.1;1.4
06;2021-03-19;172;296;8967;4142;3.2;1.5
06;2021-03-20;0;0;8967;4142;3.2;1.5
06;2021-03-21;0;0;8967;4142;3.2;1.5
06;2021-03-22;97;136;9064;4278;3.2;1.5
06;2021-03-23;136;240;9200;4518;3.3;1.6
06;2021-03-24;160;146;9360;4664;3.3;1.7
06;2021-03-25;186;206;9546;4870;3.4;1.7
06;2021-03-26;160;211;9706;5081;3.5;1.8
06;2021-03-27;18;0;9724;5081;3.5;1.8
06;2021-03-28;0;0;9724;5081;3.5;1.8
06;2021-03-29;0;2;9724;5083;3.5;1.8
06;2021-03-30;272;333;9996;5416;3.6;1.9
06;2021-03-31;225;125;10221;5541;3.7;2.0
06;2021-04-01;243;105;10464;5646;3.7;2.0
06;2021-04-02;285;262;10749;5908;3.8;2.1
06;2021-04-03;906;307;11655;6215;4.2;2.2
06;2021-04-04;1;0;11656;6215;4.2;2.2
06;2021-04-05;1;0;11657;6215;4.2;2.2
06;2021-04-06;158;281;11815;6496;4.2;2.3
06;2021-04-07;237;264;12052;6760;4.3;2.4
06;2021-04-08;286;140;12338;6900;4.4;2.5
06;2021-04-09;248;171;12586;7071;4.5;2.5
06;2021-04-10;181;114;12767;7185;4.6;2.6
06;2021-04-11;7;0;12774;7185;4.6;2.6
06;2021-04-12;0;19;12774;7204;4.6;2.6
06;2021-04-13;393;344;13167;7548;4.7;2.7
06;2021-04-14;239;205;13406;7753;4.8;2.8
06;2021-04-15;207;118;13613;7871;4.9;2.8
06;2021-04-16;214;127;13827;7998;4.9;2.9
06;2021-04-17;226;132;14053;8130;5.0;2.9
06;2021-04-18;1;0;14054;8130;5.0;2.9
06;2021-04-19;6;1;14060;8131;5.0;2.9
06;2021-04-20;368;224;14428;8355;5.2;3.0
06;2021-04-21;411;149;14839;8504;5.3;3.0
06;2021-04-22;410;150;15249;8654;5.5;3.1
06;2021-04-23;367;166;15616;8820;5.6;3.2
06;2021-04-24;413;127;16029;8947;5.7;3.2
06;2021-04-25;2;0;16031;8947;5.7;3.2
06;2021-04-26;54;8;16085;8955;5.8;3.2
06;2021-04-27;351;293;16436;9248;5.9;3.3
06;2021-04-28;354;514;16790;9762;6.0;3.5
06;2021-04-29;555;342;17345;10104;6.2;3.6
06;2021-04-30;402;238;17747;10342;6.4;3.7
06;2021-05-01;670;285;18417;10627;6.6;3.8
06;2021-05-02;0;0;18417;10627;6.6;3.8
06;2021-05-03;134;6;18551;10633;6.6;3.8
06;2021-05-04;352;426;18903;11059;6.8;4.0
06;2021-05-05;443;317;19346;11376;6.9;4.1
06;2021-05-06;319;199;19665;11575;7.0;4.1
06;2021-05-07;341;134;20006;11709;7.2;4.2
06;2021-05-08;300;140;20306;11849;7.3;4.2
06;2021-05-09;0;0;20306;11849;7.3;4.2
06;2021-05-10;7;9;20313;11858;7.3;4.2
06;2021-05-11;358;488;20671;12346;7.4;4.4
06;2021-05-12;329;310;21000;12656;7.5;4.5
06;2021-05-13;127;97;21127;12753;7.6;4.6
06;2021-05-14;0;0;21127;12753;7.6;4.6
06;2021-05-15;484;283;21611;13036;7.7;4.7
06;2021-05-16;0;0;21611;13036;7.7;4.7
06;2021-05-17;123;51;21734;13087;7.8;4.7
06;2021-05-18;511;429;22245;13516;8.0;4.8
06;2021-05-19;648;663;22893;14179;8.2;5.1
06;2021-05-20;1044;496;23937;14675;8.6;5.3
06;2021-05-21;1042;315;24979;14990;8.9;5.4
06;2021-05-22;1223;295;26202;15285;9.4;5.5
06;2021-05-23;0;0;26202;15285;9.4;5.5
06;2021-05-24;1;0;26203;15285;9.4;5.5
06;2021-05-25;851;620;27054;15905;9.7;5.7
06;2021-05-26;1021;840;28075;16745;10.0;6.0
06;2021-05-27;1287;505;29362;17250;10.5;6.2
06;2021-05-28;936;371;30298;17621;10.8;6.3
06;2021-05-29;1111;388;31409;18009;11.2;6.4
06;2021-05-30;0;1;31409;18010;11.2;6.4
06;2021-05-31;99;6;31508;18016;11.3;6.4
06;2021-06-01;1127;649;32635;18665;11.7;6.7
06;2021-06-02;1132;484;33767;19149;12.1;6.9
06;2021-06-03;787;331;34554;19480;12.4;7.0
06;2021-06-04;977;320;35531;19800;12.7;7.1
06;2021-06-05;654;297;36185;20097;12.9;7.2
06;2021-06-06;0;0;36185;20097;12.9;7.2
06;2021-06-07;63;10;36248;20107;13.0;7.2
06;2021-06-08;783;439;37031;20546;13.3;7.4
06;2021-06-09;941;538;37972;21084;13.6;7.5
06;2021-06-10;649;222;38621;21306;13.8;7.6
06;2021-06-11;819;366;39440;21672;14.1;7.8
06;2021-06-12;563;273;40003;21945;14.3;7.9
06;2021-06-13;0;0;40003;21945;14.3;7.9
06;2021-06-14;178;112;40181;22057;14.4;7.9
06;2021-06-15;398;834;40579;22891;14.5;8.2
06;2021-06-16;831;1423;41410;24314;14.8;8.7
07;2020-12-27;0;0;0;0;0.0;0.0
07;2020-12-28;0;0;0;0;0.0;0.0
07;2020-12-29;0;0;0;0;0.0;0.0
07;2020-12-30;0;0;0;0;0.0;0.0
07;2020-12-31;0;0;0;0;0.0;0.0
07;2021-01-01;0;0;0;0;0.0;0.0
07;2021-01-02;0;0;0;0;0.0;0.0
07;2021-01-03;0;0;0;0;0.0;0.0
07;2021-01-04;0;0;0;0;0.0;0.0
07;2021-01-05;0;0;0;0;0.0;0.0
07;2021-01-06;0;0;0;0;0.0;0.0
07;2021-01-07;0;0;0;0;0.0;0.0
07;2021-01-08;0;0;0;0;0.0;0.0
07;2021-01-09;0;0;0;0;0.0;0.0
07;2021-01-10;0;0;0;0;0.0;0.0
07;2021-01-11;0;0;0;0;0.0;0.0
07;2021-01-12;0;0;0;0;0.0;0.0
07;2021-01-13;0;0;0;0;0.0;0.0
07;2021-01-14;0;0;0;0;0.0;0.0
07;2021-01-15;0;0;0;0;0.0;0.0
07;2021-01-16;0;0;0;0;0.0;0.0
07;2021-01-17;0;0;0;0;0.0;0.0
07;2021-01-18;1;0;1;0;0.0;0.0
07;2021-01-19;0;0;1;0;0.0;0.0
07;2021-01-20;0;0;1;0;0.0;0.0
07;2021-01-21;12;0;13;0;0.1;0.0
07;2021-01-22;12;0;25;0;0.3;0.0
07;2021-01-23;0;0;25;0;0.3;0.0
07;2021-01-24;0;0;25;0;0.3;0.0
07;2021-01-25;0;0;25;0;0.3;0.0
07;2021-01-26;0;0;25;0;0.3;0.0
07;2021-01-27;12;0;37;0;0.4;0.0
07;2021-01-28;1;0;38;0;0.4;0.0
07;2021-01-29;6;0;44;0;0.4;0.0
07;2021-01-30;0;0;44;0;0.4;0.0
07;2021-01-31;0;0;44;0;0.4;0.0
07;2021-02-01;0;0;44;0;0.4;0.0
07;2021-02-02;0;0;44;0;0.4;0.0
07;2021-02-03;11;0;55;0;0.6;0.0
07;2021-02-04;12;0;67;0;0.7;0.0
07;2021-02-05;11;0;78;0;0.8;0.0
07;2021-02-06;0;0;78;0;0.8;0.0
07;2021-02-07;0;0;78;0;0.8;0.0
07;2021-02-08;0;0;78;0;0.8;0.0
07;2021-02-09;13;0;91;0;0.9;0.0
07;2021-02-10;0;0;91;0;0.9;0.0
07;2021-02-11;16;0;107;0;1.1;0.0
07;2021-02-12;44;0;151;0;1.5;0.0
07;2021-02-13;0;0;151;0;1.5;0.0
07;2021-02-14;0;0;151;0;1.5;0.0
07;2021-02-15;0;0;151;0;1.5;0.0
07;2021-02-16;0;0;151;0;1.5;0.0
07;2021-02-17;0;0;151;0;1.5;0.0
07;2021-02-18;18;0;169;0;1.7;0.0
07;2021-02-19;34;0;203;0;2.0;0.0
07;2021-02-20;0;0;203;0;2.0;0.0
07;2021-02-21;0;0;203;0;2.0;0.0
07;2021-02-22;0;0;203;0;2.0;0.0
07;2021-02-23;0;22;203;22;2.0;0.2
07;2021-02-24;0;0;203;22;2.0;0.2
07;2021-02-25;15;10;218;32;2.2;0.3
07;2021-02-26;33;21;251;53;2.5;0.5
07;2021-02-27;0;0;251;53;2.5;0.5
07;2021-02-28;0;0;251;53;2.5;0.5
07;2021-03-01;0;0;251;53;2.5;0.5
07;2021-03-02;17;11;268;64;2.7;0.6
07;2021-03-03;0;0;268;64;2.7;0.6
07;2021-03-04;16;11;284;75;2.9;0.8
07;2021-03-05;33;19;317;94;3.2;0.9
07;2021-03-06;0;0;317;94;3.2;0.9
07;2021-03-07;0;0;317;94;3.2;0.9
07;2021-03-08;0;0;317;94;3.2;0.9
07;2021-03-09;1;0;318;94;3.2;0.9
07;2021-03-10;0;0;318;94;3.2;0.9
07;2021-03-11;20;30;338;124;3.4;1.2
07;2021-03-12;62;42;400;166;4.0;1.7
07;2021-03-13;0;0;400;166;4.0;1.7
07;2021-03-14;0;0;400;166;4.0;1.7
07;2021-03-15;0;0;400;166;4.0;1.7
07;2021-03-16;30;9;430;175;4.3;1.8
07;2021-03-17;0;0;430;175;4.3;1.8
07;2021-03-18;29;16;459;191;4.6;1.9
07;2021-03-19;56;31;515;222;5.2;2.2
07;2021-03-20;0;0;515;222;5.2;2.2
07;2021-03-21;0;0;515;222;5.2;2.2
07;2021-03-22;0;0;515;222;5.2;2.2
07;2021-03-23;0;0;515;222;5.2;2.2
07;2021-03-24;0;0;515;222;5.2;2.2
07;2021-03-25;65;16;580;238;5.8;2.4
07;2021-03-26;73;26;653;264;6.6;2.7
07;2021-03-27;0;0;653;264;6.6;2.7
07;2021-03-28;0;0;653;264;6.6;2.7
07;2021-03-29;0;0;653;264;6.6;2.7
07;2021-03-30;40;18;693;282;7.0;2.8
07;2021-03-31;26;15;719;297;7.2;3.0
07;2021-04-01;25;32;744;329;7.5;3.3
07;2021-04-02;0;0;744;329;7.5;3.3
07;2021-04-03;0;0;744;329;7.5;3.3
07;2021-04-04;0;0;744;329;7.5;3.3
07;2021-04-05;9;0;753;329;7.6;3.3
07;2021-04-06;0;0;753;329;7.6;3.3
07;2021-04-07;0;0;753;329;7.6;3.3
07;2021-04-08;57;46;810;375;8.1;3.8
07;2021-04-09;59;31;869;406;8.7;4.1
07;2021-04-10;0;0;869;406;8.7;4.1
07;2021-04-11;0;0;869;406;8.7;4.1
07;2021-04-12;0;0;869;406;8.7;4.1
07;2021-04-13;0;0;869;406;8.7;4.1
07;2021-04-14;5;6;874;412;8.8;4.1
07;2021-04-15;56;71;930;483;9.3;4.8
07;2021-04-16;90;35;1020;518;10.2;5.2
07;2021-04-17;0;1;1020;519;10.2;5.2
07;2021-04-18;0;0;1020;519;10.2;5.2
07;2021-04-19;1;0;1021;519;10.2;5.2
07;2021-04-20;335;66;1356;585;13.6;5.9
07;2021-04-21;337;30;1693;615;17.0;6.2
07;2021-04-22;284;49;1977;664;19.8;6.7
07;2021-04-23;258;41;2235;705;22.4;7.1
07;2021-04-24;231;1;2466;706;24.8;7.1
07;2021-04-25;0;0;2466;706;24.8;7.1
07;2021-04-26;283;20;2749;726;27.6;7.3
07;2021-04-27;224;69;2973;795;29.8;8.0
07;2021-04-28;192;26;3165;821;31.8;8.2
07;2021-04-29;170;22;3335;843;33.5;8.5
07;2021-04-30;172;15;3507;858;35.2;8.6
07;2021-05-01;200;12;3707;870;37.2;8.7
07;2021-05-02;0;0;3707;870;37.2;8.7
07;2021-05-03;134;10;3841;880;38.6;8.8
07;2021-05-04;161;54;4002;934;40.2;9.4
07;2021-05-05;221;30;4223;964;42.4;9.7
07;2021-05-06;175;31;4398;995;44.2;10.0
07;2021-05-07;149;31;4547;1026;45.6;10.3
07;2021-05-08;0;0;4547;1026;45.6;10.3
07;2021-05-09;0;2;4547;1028;45.6;10.3
07;2021-05-10;0;0;4547;1028;45.6;10.3
07;2021-05-11;2;41;4549;1069;45.7;10.7
07;2021-05-12;6;36;4555;1105;45.7;11.1
07;2021-05-13;0;0;4555;1105;45.7;11.1
07;2021-05-14;28;98;4583;1203;46.0;12.1
07;2021-05-15;0;0;4583;1203;46.0;12.1
07;2021-05-16;0;0;4583;1203;46.0;12.1
07;2021-05-17;1;14;4584;1217;46.0;12.2
07;2021-05-18;17;32;4601;1249;46.2;12.5
07;2021-05-19;0;1;4601;1250;46.2;12.5
07;2021-05-20;0;8;4601;1258;46.2;12.6
07;2021-05-21;12;32;4613;1290;46.3;13.0
07;2021-05-22;0;0;4613;1290;46.3;13.0
07;2021-05-23;0;0;4613;1290;46.3;13.0
07;2021-05-24;0;0;4613;1290;46.3;13.0
07;2021-05-25;50;334;4663;1624;46.8;16.3
07;2021-05-26;54;359;4717;1983;47.4;19.9
07;2021-05-27;34;317;4751;2300;47.7;23.1
07;2021-05-28;27;256;4778;2556;48.0;25.7
07;2021-05-29;35;376;4813;2932;48.3;29.4
07;2021-05-30;0;0;4813;2932;48.3;29.4
07;2021-05-31;45;218;4858;3150;48.8;31.6
07;2021-06-01;46;226;4904;3376;49.2;33.9
07;2021-06-02;69;273;4973;3649;49.9;36.6
07;2021-06-03;41;252;5014;3901;50.3;39.2
07;2021-06-04;70;269;5084;4170;51.0;41.9
07;2021-06-05;1;0;5085;4170;51.0;41.9
07;2021-06-06;0;0;5085;4170;51.0;41.9
07;2021-06-07;0;1;5085;4171;51.0;41.9
07;2021-06-08;4;2;5089;4173;51.1;41.9
07;2021-06-09;0;3;5089;4176;51.1;41.9
07;2021-06-10;8;4;5097;4180;51.2;42.0
07;2021-06-11;3;8;5100;4188;51.2;42.0
07;2021-06-12;15;59;5115;4247;51.4;42.6
07;2021-06-13;0;0;5115;4247;51.4;42.6
07;2021-06-14;0;0;5115;4247;51.4;42.6
07;2021-06-15;0;1;5115;4248;51.4;42.6
07;2021-06-16;0;0;5115;4248;51.4;42.6
08;2020-12-27;0;0;0;0;0.0;0.0
08;2020-12-28;0;0;0;0;0.0;0.0
08;2020-12-29;0;0;0;0;0.0;0.0
08;2020-12-30;0;0;0;0;0.0;0.0
08;2020-12-31;0;0;0;0;0.0;0.0
08;2021-01-01;0;0;0;0;0.0;0.0
08;2021-01-02;0;0;0;0;0.0;0.0
08;2021-01-03;0;0;0;0;0.0;0.0
08;2021-01-04;0;0;0;0;0.0;0.0
08;2021-01-05;0;0;0;0;0.0;0.0
08;2021-01-06;0;0;0;0;0.0;0.0
08;2021-01-07;0;0;0;0;0.0;0.0
08;2021-01-08;0;0;0;0;0.0;0.0
08;2021-01-09;0;0;0;0;0.0;0.0
08;2021-01-10;0;0;0;0;0.0;0.0
08;2021-01-11;0;0;0;0;0.0;0.0
08;2021-01-12;0;0;0;0;0.0;0.0
08;2021-01-13;10;0;10;0;0.0;0.0
08;2021-01-14;12;0;22;0;0.1;0.0
08;2021-01-15;7;0;29;0;0.1;0.0
08;2021-01-16;0;0;29;0;0.1;0.0
08;2021-01-17;0;0;29;0;0.1;0.0
08;2021-01-18;0;0;29;0;0.1;0.0
08;2021-01-19;12;0;41;0;0.1;0.0
08;2021-01-20;12;0;53;0;0.1;0.0
08;2021-01-21;6;0;59;0;0.2;0.0
08;2021-01-22;0;0;59;0;0.2;0.0
08;2021-01-23;0;0;59;0;0.2;0.0
08;2021-01-24;0;0;59;0;0.2;0.0
08;2021-01-25;0;0;59;0;0.2;0.0
08;2021-01-26;9;0;68;0;0.2;0.0
08;2021-01-27;10;0;78;0;0.2;0.0
08;2021-01-28;6;0;84;0;0.2;0.0
08;2021-01-29;0;0;84;0;0.2;0.0
08;2021-01-30;0;0;84;0;0.2;0.0
08;2021-01-31;0;0;84;0;0.2;0.0
08;2021-02-01;0;0;84;0;0.2;0.0
08;2021-02-02;38;0;122;0;0.3;0.0
08;2021-02-03;10;0;132;0;0.4;0.0
08;2021-02-04;29;0;161;0;0.5;0.0
08;2021-02-05;7;0;168;0;0.5;0.0
08;2021-02-06;0;0;168;0;0.5;0.0
08;2021-02-07;0;0;168;0;0.5;0.0
08;2021-02-08;0;0;168;0;0.5;0.0
08;2021-02-09;38;0;206;0;0.6;0.0
08;2021-02-10;27;1;233;1;0.7;0.0
08;2021-02-11;0;0;233;1;0.7;0.0
08;2021-02-12;35;0;268;1;0.8;0.0
08;2021-02-13;0;0;268;1;0.8;0.0
08;2021-02-14;0;0;268;1;0.8;0.0
08;2021-02-15;50;0;318;1;0.9;0.0
08;2021-02-16;0;0;318;1;0.9;0.0
08;2021-02-17;0;0;318;1;0.9;0.0
08;2021-02-18;27;0;345;1;1.0;0.0
08;2021-02-19;44;0;389;1;1.1;0.0
08;2021-02-20;0;0;389;1;1.1;0.0
08;2021-02-21;0;0;389;1;1.1;0.0
08;2021-02-22;46;4;435;5;1.2;0.0
08;2021-02-23;39;29;474;34;1.3;0.1
08;2021-02-24;35;1;509;35;1.4;0.1
08;2021-02-25;55;36;564;71;1.6;0.2
08;2021-02-26;39;5;603;76;1.7;0.2
08;2021-02-27;0;0;603;76;1.7;0.2
08;2021-02-28;0;0;603;76;1.7;0.2
08;2021-03-01;48;5;651;81;1.8;0.2
08;2021-03-02;7;27;658;108;1.9;0.3
08;2021-03-03;38;27;696;135;2.0;0.4
08;2021-03-04;30;26;726;161;2.1;0.5
08;2021-03-05;46;11;772;172;2.2;0.5
08;2021-03-06;0;0;772;172;2.2;0.5
08;2021-03-07;0;0;772;172;2.2;0.5
08;2021-03-08;30;7;802;179;2.3;0.5
08;2021-03-09;19;27;821;206;2.3;0.6
08;2021-03-10;32;28;853;234;2.4;0.7
08;2021-03-11;2;0;855;234;2.4;0.7
08;2021-03-12;52;21;907;255;2.6;0.7
08;2021-03-13;11;0;918;255;2.6;0.7
08;2021-03-14;0;0;918;255;2.6;0.7
08;2021-03-15;31;43;949;298;2.7;0.8
08;2021-03-16;73;6;1022;304;2.9;0.9
08;2021-03-17;67;13;1089;317;3.1;0.9
08;2021-03-18;82;39;1171;356;3.3;1.0
08;2021-03-19;30;51;1201;407;3.4;1.2
08;2021-03-20;0;0;1201;407;3.4;1.2
08;2021-03-21;0;0;1201;407;3.4;1.2
08;2021-03-22;33;45;1234;452;3.5;1.3
08;2021-03-23;32;45;1266;497;3.6;1.4
08;2021-03-24;38;42;1304;539;3.7;1.5
08;2021-03-25;90;34;1394;573;3.9;1.6
08;2021-03-26;45;33;1439;606;4.1;1.7
08;2021-03-27;93;3;1532;609;4.3;1.7
08;2021-03-28;0;0;1532;609;4.3;1.7
08;2021-03-29;69;49;1601;658;4.5;1.9
08;2021-03-30;98;24;1699;682;4.8;1.9
08;2021-03-31;89;47;1788;729;5.1;2.1
08;2021-04-01;56;48;1844;777;5.2;2.2
08;2021-04-02;0;0;1844;777;5.2;2.2
08;2021-04-03;0;0;1844;777;5.2;2.2
08;2021-04-04;0;0;1844;777;5.2;2.2
08;2021-04-05;0;0;1844;777;5.2;2.2
08;2021-04-06;49;63;1893;840;5.4;2.4
08;2021-04-07;91;32;1984;872;5.6;2.5
08;2021-04-08;120;8;2104;880;6.0;2.5
08;2021-04-09;89;39;2193;919;6.2;2.6
08;2021-04-10;161;8;2354;927;6.7;2.6
08;2021-04-11;0;0;2354;927;6.7;2.6
08;2021-04-12;41;76;2395;1003;6.8;2.8
08;2021-04-13;47;71;2442;1074;6.9;3.0
08;2021-04-14;80;45;2522;1119;7.1;3.2
08;2021-04-15;92;25;2614;1144;7.4;3.2
08;2021-04-16;77;42;2691;1186;7.6;3.4
08;2021-04-17;165;4;2856;1190;8.1;3.4
08;2021-04-18;0;0;2856;1190;8.1;3.4
08;2021-04-19;51;67;2907;1257;8.2;3.6
08;2021-04-20;83;27;2990;1284;8.5;3.6
08;2021-04-21;90;29;3080;1313;8.7;3.7
08;2021-04-22;101;20;3181;1333;9.0;3.8
08;2021-04-23;44;66;3225;1399;9.1;4.0
08;2021-04-24;99;78;3324;1477;9.4;4.2
08;2021-04-25;0;0;3324;1477;9.4;4.2
08;2021-04-26;28;93;3352;1570;9.5;4.4
08;2021-04-27;58;63;3410;1633;9.7;4.6
08;2021-04-28;88;39;3498;1672;9.9;4.7
08;2021-04-29;90;34;3588;1706;10.2;4.8
08;2021-04-30;104;15;3692;1721;10.4;4.9
08;2021-05-01;0;8;3692;1729;10.4;4.9
08;2021-05-02;0;0;3692;1729;10.4;4.9
08;2021-05-03;24;102;3716;1831;10.5;5.2
08;2021-05-04;156;102;3872;1933;11.0;5.5
08;2021-05-05;142;59;4014;1992;11.4;5.6
08;2021-05-06;197;49;4211;2041;11.9;5.8
08;2021-05-07;126;71;4337;2112;12.3;6.0
08;2021-05-08;68;122;4405;2234;12.5;6.3
08;2021-05-09;0;0;4405;2234;12.5;6.3
08;2021-05-10;123;101;4528;2335;12.8;6.6
08;2021-05-11;130;77;4658;2412;13.2;6.8
08;2021-05-12;154;76;4812;2488;13.6;7.0
08;2021-05-13;74;8;4886;2496;13.8;7.1
08;2021-05-14;129;61;5015;2557;14.2;7.2
08;2021-05-15;85;4;5100;2561;14.4;7.2
08;2021-05-16;0;0;5100;2561;14.4;7.2
08;2021-05-17;145;112;5245;2673;14.8;7.6
08;2021-05-18;150;95;5395;2768;15.3;7.8
08;2021-05-19;84;70;5479;2838;15.5;8.0
08;2021-05-20;103;26;5582;2864;15.8;8.1
08;2021-05-21;97;52;5679;2916;16.1;8.3
08;2021-05-22;99;11;5778;2927;16.4;8.3
08;2021-05-23;0;0;5778;2927;16.4;8.3
08;2021-05-24;33;7;5811;2934;16.4;8.3
08;2021-05-25;119;77;5930;3011;16.8;8.5
08;2021-05-26;106;49;6036;3060;17.1;8.7
08;2021-05-27;109;42;6145;3102;17.4;8.8
08;2021-05-28;33;1;6178;3103;17.5;8.8
08;2021-05-29;59;215;6237;3318;17.7;9.4
08;2021-05-30;0;0;6237;3318;17.7;9.4
08;2021-05-31;108;65;6345;3383;18.0;9.6
08;2021-06-01;112;63;6457;3446;18.3;9.8
08;2021-06-02;130;32;6587;3478;18.6;9.8
08;2021-06-03;100;38;6687;3516;18.9;10.0
08;2021-06-04;126;71;6813;3587;19.3;10.2
08;2021-06-05;82;21;6895;3608;19.5;10.2
08;2021-06-06;0;0;6895;3608;19.5;10.2
08;2021-06-07;96;95;6991;3703;19.8;10.5
08;2021-06-08;81;89;7072;3792;20.0;10.7
08;2021-06-09;96;74;7168;3866;20.3;10.9
08;2021-06-10;111;65;7279;3931;20.6;11.1
08;2021-06-11;116;108;7395;4039;20.9;11.4
08;2021-06-12;56;30;7451;4069;21.1;11.5
08;2021-06-13;0;0;7451;4069;21.1;11.5
08;2021-06-14;106;128;7557;4197;21.4;11.9
08;2021-06-15;86;118;7643;4315;21.6;12.2
08;2021-06-16;103;148;7746;4463;21.9;12.6
11;2020-12-27;13;2;13;2;0.0;0.0
11;2020-12-28;11;0;24;2;0.0;0.0
11;2020-12-29;56;0;80;2;0.0;0.0
11;2020-12-30;91;0;171;2;0.0;0.0
11;2020-12-31;39;0;210;2;0.0;0.0
11;2021-01-01;28;1;238;3;0.0;0.0
11;2021-01-02;64;1;302;4;0.0;0.0
11;2021-01-03;78;0;380;4;0.0;0.0
11;2021-01-04;551;5;931;9;0.0;0.0
11;2021-01-05;2064;17;2995;26;0.0;0.0
11;2021-01-06;3014;20;6009;46;0.0;0.0
11;2021-01-07;5366;38;11375;84;0.1;0.0
11;2021-01-08;7105;46;18480;130;0.2;0.0
11;2021-01-09;1882;6;20362;136;0.2;0.0
11;2021-01-10;1746;7;22108;143;0.2;0.0
11;2021-01-11;7986;62;30094;205;0.2;0.0
11;2021-01-12;10336;97;40430;302;0.3;0.0
11;2021-01-13;9997;93;50427;395;0.4;0.0
11;2021-01-14;10077;133;60504;528;0.5;0.0
11;2021-01-15;8887;82;69391;610;0.6;0.0
11;2021-01-16;2393;32;71784;642;0.6;0.0
11;2021-01-17;1082;19;72866;661;0.6;0.0
11;2021-01-18;12223;127;85089;788;0.7;0.0
11;2021-01-19;15786;122;100875;910;0.8;0.0
11;2021-01-20;18353;115;119228;1025;1.0;0.0
11;2021-01-21;22238;137;141466;1162;1.2;0.0
11;2021-01-22;17029;159;158495;1321;1.3;0.0
11;2021-01-23;4958;19;163453;1340;1.3;0.0
11;2021-01-24;1276;6;164729;1346;1.3;0.0
11;2021-01-25;8852;185;173581;1531;1.4;0.0
11;2021-01-26;12327;377;185908;1908;1.5;0.0
11;2021-01-27;16219;688;202127;2596;1.6;0.0
11;2021-01-28;20288;1191;222415;3787;1.8;0.0
11;2021-01-29;15387;1376;237802;5163;1.9;0.0
11;2021-01-30;4458;101;242260;5264;2.0;0.0
11;2021-01-31;582;22;242842;5286;2.0;0.0
11;2021-02-01;7376;1954;250218;7240;2.0;0.1
11;2021-02-02;8348;2819;258566;10059;2.1;0.1
11;2021-02-03;8118;3807;266684;13866;2.2;0.1
11;2021-02-04;8779;4594;275463;18460;2.2;0.2
11;2021-02-05;8948;4427;284411;22887;2.3;0.2
11;2021-02-06;3265;749;287676;23636;2.3;0.2
11;2021-02-07;588;540;288264;24176;2.3;0.2
11;2021-02-08;6226;5918;294490;30094;2.4;0.2
11;2021-02-09;8424;9677;302914;39771;2.5;0.3
11;2021-02-10;9951;11202;312865;50973;2.5;0.4
11;2021-02-11;12357;16503;325222;67476;2.6;0.5
11;2021-02-12;11848;10590;337070;78066;2.7;0.6
11;2021-02-13;2589;2588;339659;80654;2.8;0.7
11;2021-02-14;311;560;339970;81214;2.8;0.7
11;2021-02-15;4444;12013;344414;93227;2.8;0.8
11;2021-02-16;5653;18484;350067;111711;2.9;0.9
11;2021-02-17;5667;15611;355734;127322;2.9;1.0
11;2021-02-18;8627;20788;364361;148110;3.0;1.2
11;2021-02-19;9022;15423;373383;163533;3.0;1.3
11;2021-02-20;1688;4846;375071;168379;3.1;1.4
11;2021-02-21;396;832;375467;169211;3.1;1.4
11;2021-02-22;4218;9920;379685;179131;3.1;1.5
11;2021-02-23;4937;10541;384622;189672;3.1;1.5
11;2021-02-24;5391;9877;390013;199549;3.2;1.6
11;2021-02-25;8595;14150;398608;213699;3.2;1.7
11;2021-02-26;11157;10164;409765;223863;3.3;1.8
11;2021-02-27;5059;3324;414824;227187;3.4;1.9
11;2021-02-28;737;660;415561;227847;3.4;1.9
11;2021-03-01;8826;7972;424387;235819;3.5;1.9
11;2021-03-02;14362;9633;438749;245452;3.6;2.0
11;2021-03-03;18625;10093;457374;255545;3.7;2.1
11;2021-03-04;28174;11083;485548;266628;4.0;2.2
11;2021-03-05;36416;11033;521964;277661;4.3;2.3
11;2021-03-06;46360;3500;568324;281161;4.6;2.3
11;2021-03-07;34263;2722;602587;283883;4.9;2.3
11;2021-03-08;17711;7378;620298;291261;5.1;2.4
11;2021-03-09;26790;7688;647088;298949;5.3;2.4
11;2021-03-10;27566;8316;674654;307265;5.5;2.5
11;2021-03-11;36933;9820;711587;317085;5.8;2.6
11;2021-03-12;44677;9354;756264;326439;6.2;2.7
11;2021-03-13;39832;2629;796096;329068;6.5;2.7
11;2021-03-14;14256;779;810352;329847;6.6;2.7
11;2021-03-15;29163;3993;839515;333840;6.8;2.7
11;2021-03-16;23726;3851;863241;337691;7.0;2.8
11;2021-03-17;24357;3660;887598;341351;7.2;2.8
11;2021-03-18;28970;4099;916568;345450;7.5;2.8
11;2021-03-19;39594;4288;956162;349738;7.8;2.8
11;2021-03-20;25812;1569;981974;351307;8.0;2.9
11;2021-03-21;5617;1317;987591;352624;8.0;2.9
11;2021-03-22;32064;4223;1019655;356847;8.3;2.9
11;2021-03-23;43223;5425;1062878;362272;8.7;3.0
11;2021-03-24;42552;5034;1105430;367306;9.0;3.0
11;2021-03-25;57755;5179;1163185;372485;9.5;3.0
11;2021-03-26;57579;5945;1220764;378430;9.9;3.1
11;2021-03-27;34424;2075;1255188;380505;10.2;3.1
11;2021-03-28;10149;472;1265337;380977;10.3;3.1
11;2021-03-29;32962;8158;1298299;389135;10.6;3.2
11;2021-03-30;44756;11559;1343055;400694;10.9;3.3
11;2021-03-31;39749;13904;1382804;414598;11.3;3.4
11;2021-04-01;45187;21776;1427991;436374;11.6;3.6
11;2021-04-02;39210;24062;1467201;460436;11.9;3.8
11;2021-04-03;18342;21152;1485543;481588;12.1;3.9
11;2021-04-04;6088;7336;1491631;488924;12.1;4.0
11;2021-04-05;5938;2151;1497569;491075;12.2;4.0
11;2021-04-06;29907;18428;1527476;509503;12.4;4.1
11;2021-04-07;37442;20014;1564918;529517;12.7;4.3
11;2021-04-08;46563;21115;1611481;550632;13.1;4.5
11;2021-04-09;53654;21567;1665135;572199;13.6;4.7
11;2021-04-10;28896;19699;1694031;591898;13.8;4.8
11;2021-04-11;6538;7216;1700569;599114;13.9;4.9
11;2021-04-12;30229;19268;1730798;618382;14.1;5.0
11;2021-04-13;37198;27579;1767996;645961;14.4;5.3
11;2021-04-14;34879;24362;1802875;670323;14.7;5.5
11;2021-04-15;39049;28479;1841924;698802;15.0;5.7
11;2021-04-16;40913;27816;1882837;726618;15.3;5.9
11;2021-04-17;22716;14975;1905553;741593;15.5;6.0
11;2021-04-18;5275;3735;1910828;745328;15.6;6.1
11;2021-04-19;25039;23211;1935867;768539;15.8;6.3
11;2021-04-20;30500;27911;1966367;796450;16.0;6.5
11;2021-04-21;32145;28234;1998512;824684;16.3;6.7
11;2021-04-22;34413;34754;2032925;859438;16.6;7.0
11;2021-04-23;37827;32324;2070752;891762;16.9;7.3
11;2021-04-24;37922;23196;2108674;914958;17.2;7.5
11;2021-04-25;20506;8012;2129180;922970;17.3;7.5
11;2021-04-26;33813;25252;2162993;948222;17.6;7.7
11;2021-04-27;45645;30113;2208638;978335;18.0;8.0
11;2021-04-28;48351;29855;2256989;1008190;18.4;8.2
11;2021-04-29;57644;32321;2314633;1040511;18.9;8.5
11;2021-04-30;61199;31116;2375832;1071627;19.3;8.7
11;2021-05-01;24074;6038;2399906;1077665;19.5;8.8
11;2021-05-02;14610;5008;2414516;1082673;19.7;8.8
11;2021-05-03;54274;35293;2468790;1117966;20.1;9.1
11;2021-05-04;59593;33942;2528383;1151908;20.6;9.4
11;2021-05-05;60145;34173;2588528;1186081;21.1;9.7
11;2021-05-06;66869;38045;2655397;1224126;21.6;10.0
11;2021-05-07;65238;39971;2720635;1264097;22.2;10.3
11;2021-05-08;49862;16857;2770497;1280954;22.6;10.4
11;2021-05-09;32995;10145;2803492;1291099;22.8;10.5
11;2021-05-10;69793;30472;2873285;1321571;23.4;10.8
11;2021-05-11;81064;38026;2954349;1359597;24.1;11.1
11;2021-05-12;82501;32361;3036850;1391958;24.7;11.3
11;2021-05-13;67528;9959;3104378;1401917;25.3;11.4
11;2021-05-14;83908;22052;3188286;1423969;26.0;11.6
11;2021-05-15;66194;15351;3254480;1439320;26.5;11.7
11;2021-05-16;36300;5134;3290780;1444454;26.8;11.8
11;2021-05-17;82135;16842;3372915;1461296;27.5;11.9
11;2021-05-18;97876;19801;3470791;1481097;28.3;12.1
11;2021-05-19;97499;27742;3568290;1508839;29.1;12.3
11;2021-05-20;106190;28755;3674480;1537594;29.9;12.5
11;2021-05-21;100585;25934;3775065;1563528;30.7;12.7
11;2021-05-22;79260;14813;3854325;1578341;31.4;12.9
11;2021-05-23;41533;6011;3895858;1584352;31.7;12.9
11;2021-05-24;59489;8773;3955347;1593125;32.2;13.0
11;2021-05-25;85057;32176;4040404;1625301;32.9;13.2
11;2021-05-26;83484;32455;4123888;1657756;33.6;13.5
11;2021-05-27;91634;40519;4215522;1698275;34.3;13.8
11;2021-05-28;86450;45547;4301972;1743822;35.0;14.2
11;2021-05-29;67892;27514;4369864;1771336;35.6;14.4
11;2021-05-30;35839;8492;4405703;1779828;35.9;14.5
11;2021-05-31;77663;39908;4483366;1819736;36.5;14.8
11;2021-06-01;86564;50903;4569930;1870639;37.2;15.2
11;2021-06-02;82489;45449;4652419;1916088;37.9;15.6
11;2021-06-03;88480;53614;4740899;1969702;38.6;16.0
11;2021-06-04;84413;58689;4825312;2028391;39.3;16.5
11;2021-06-05;63428;49871;4888740;2078262;39.8;16.9
11;2021-06-06;37825;17544;4926565;2095806;40.1;17.1
11;2021-06-07;68757;53579;4995322;2149385;40.7;17.5
11;2021-06-08;73185;61909;5068507;2211294;41.3;18.0
11;2021-06-09;69501;62941;5138008;2274235;41.8;18.5
11;2021-06-10;69889;80523;5207897;2354758;42.4;19.2
11;2021-06-11;64900;71931;5272797;2426689;42.9;19.8
11;2021-06-12;63211;47469;5336008;2474158;43.5;20.2
11;2021-06-13;29355;22800;5365363;2496958;43.7;20.3
11;2021-06-14;42517;75045;5407880;2572003;44.0;20.9
11;2021-06-15;50280;82647;5458160;2654650;44.5;21.6
11;2021-06-16;51413;77832;5509573;2732482;44.9;22.3
24;2020-12-27;0;0;0;0;0.0;0.0
24;2020-12-28;17;0;17;0;0.0;0.0
24;2020-12-29;10;0;27;0;0.0;0.0
24;2020-12-30;1;0;28;0;0.0;0.0
24;2020-12-31;0;0;28;0;0.0;0.0
24;2021-01-01;1;0;29;0;0.0;0.0
24;2021-01-02;0;0;29;0;0.0;0.0
24;2021-01-03;0;0;29;0;0.0;0.0
24;2021-01-04;24;0;53;0;0.0;0.0
24;2021-01-05;163;0;216;0;0.0;0.0
24;2021-01-06;328;0;544;0;0.0;0.0
24;2021-01-07;492;0;1036;0;0.0;0.0
24;2021-01-08;952;2;1988;2;0.1;0.0
24;2021-01-09;505;0;2493;2;0.1;0.0
24;2021-01-10;395;0;2888;2;0.1;0.0
24;2021-01-11;1279;0;4167;2;0.2;0.0
24;2021-01-12;2575;8;6742;10;0.3;0.0
24;2021-01-13;2189;6;8931;16;0.3;0.0
24;2021-01-14;2500;52;11431;68;0.4;0.0
24;2021-01-15;2114;7;13545;75;0.5;0.0
24;2021-01-16;857;5;14402;80;0.6;0.0
24;2021-01-17;322;3;14724;83;0.6;0.0
24;2021-01-18;3214;16;17938;99;0.7;0.0
24;2021-01-19;6323;17;24261;116;0.9;0.0
24;2021-01-20;7166;10;31427;126;1.2;0.0
24;2021-01-21;7416;4;38843;130;1.5;0.0
24;2021-01-22;5117;2;43960;132;1.7;0.0
24;2021-01-23;1274;1;45234;133;1.8;0.0
24;2021-01-24;225;1;45459;134;1.8;0.0
24;2021-01-25;3111;24;48570;158;1.9;0.0
24;2021-01-26;4845;88;53415;246;2.1;0.0
24;2021-01-27;5044;183;58459;429;2.3;0.0
24;2021-01-28;5634;506;64093;935;2.5;0.0
24;2021-01-29;3421;731;67514;1666;2.6;0.1
24;2021-01-30;1207;398;68721;2064;2.7;0.1
24;2021-01-31;251;368;68972;2432;2.7;0.1
24;2021-02-01;2170;927;71142;3359;2.8;0.1
24;2021-02-02;3032;1891;74174;5250;2.9;0.2
24;2021-02-03;3110;1768;77284;7018;3.0;0.3
24;2021-02-04;3234;1618;80518;8636;3.1;0.3
24;2021-02-05;2393;1370;82911;10006;3.2;0.4
24;2021-02-06;707;262;83618;10268;3.3;0.4
24;2021-02-07;134;32;83752;10300;3.3;0.4
24;2021-02-08;1967;1570;85719;11870;3.3;0.5
24;2021-02-09;3412;3314;89131;15184;3.5;0.6
24;2021-02-10;4085;3754;93216;18938;3.6;0.7
24;2021-02-11;4653;4775;97869;23713;3.8;0.9
24;2021-02-12;3481;3270;101350;26983;4.0;1.1
24;2021-02-13;839;770;102189;27753;4.0;1.1
24;2021-02-14;426;256;102615;28009;4.0;1.1
24;2021-02-15;1962;2859;104577;30868;4.1;1.2
24;2021-02-16;2849;4495;107426;35363;4.2;1.4
24;2021-02-17;2692;5102;110118;40465;4.3;1.6
24;2021-02-18;3520;5167;113638;45632;4.4;1.8
24;2021-02-19;3195;3554;116833;49186;4.6;1.9
24;2021-02-20;1288;984;118121;50170;4.6;2.0
24;2021-02-21;433;239;118554;50409;4.6;2.0
24;2021-02-22;1650;3061;120204;53470;4.7;2.1
24;2021-02-23;2339;3138;122543;56608;4.8;2.2
24;2021-02-24;2093;3467;124636;60075;4.9;2.3
24;2021-02-25;3621;3162;128257;63237;5.0;2.5
24;2021-02-26;4465;2617;132722;65854;5.2;2.6
24;2021-02-27;1877;995;134599;66849;5.3;2.6
24;2021-02-28;97;219;134696;67068;5.3;2.6
24;2021-03-01;2171;2022;136867;69090;5.3;2.7
24;2021-03-02;3430;2890;140297;71980;5.5;2.8
24;2021-03-03;3547;3411;143844;75391;5.6;2.9
24;2021-03-04;5335;3690;149179;79081;5.8;3.1
24;2021-03-05;7036;3148;156215;82229;6.1;3.2
24;2021-03-06;7375;745;163590;82974;6.4;3.2
24;2021-03-07;2427;288;166017;83262;6.5;3.3
24;2021-03-08;2689;2623;168706;85885;6.6;3.4
24;2021-03-09;5778;2846;174484;88731;6.8;3.5
24;2021-03-10;6405;3522;180889;92253;7.1;3.6
24;2021-03-11;7801;3501;188690;95754;7.4;3.7
24;2021-03-12;10784;2673;199474;98427;7.8;3.8
24;2021-03-13;7111;717;206585;99144;8.1;3.9
24;2021-03-14;1550;270;208135;99414;8.1;3.9
24;2021-03-15;4559;1971;212694;101385;8.3;4.0
24;2021-03-16;4595;2368;217289;103753;8.5;4.1
24;2021-03-17;4462;1983;221751;105736;8.7;4.1
24;2021-03-18;5064;2091;226815;107827;8.9;4.2
24;2021-03-19;7775;1678;234590;109505;9.2;4.3
24;2021-03-20;4428;878;239018;110383;9.3;4.3
24;2021-03-21;557;348;239575;110731;9.4;4.3
24;2021-03-22;4860;1715;244435;112446;9.6;4.4
24;2021-03-23;8036;2294;252471;114740;9.9;4.5
24;2021-03-24;8803;2005;261274;116745;10.2;4.6
24;2021-03-25;12134;1955;273408;118700;10.7;4.6
24;2021-03-26;13263;1967;286671;120667;11.2;4.7
24;2021-03-27;5764;670;292435;121337;11.4;4.7
24;2021-03-28;520;97;292955;121434;11.4;4.7
24;2021-03-29;6756;1869;299711;123303;11.7;4.8
24;2021-03-30;10167;2781;309878;126084;12.1;4.9
24;2021-03-31;9886;2333;319764;128417;12.5;5.0
24;2021-04-01;12033;3385;331797;131802;13.0;5.2
24;2021-04-02;10604;3324;342401;135126;13.4;5.3
24;2021-04-03;3401;1710;345802;136836;13.5;5.3
24;2021-04-04;394;341;346196;137177;13.5;5.4
24;2021-04-05;395;50;346591;137227;13.5;5.4
24;2021-04-06;8312;3401;354903;140628;13.9;5.5
24;2021-04-07;11060;4543;365963;145171;14.3;5.7
24;2021-04-08;14170;4730;380133;149901;14.9;5.9
24;2021-04-09;17733;3705;397866;153606;15.5;6.0
24;2021-04-10;9371;2076;407237;155682;15.9;6.1
24;2021-04-11;2908;1245;410145;156927;16.0;6.1
24;2021-04-12;10837;3434;420982;160361;16.5;6.3
24;2021-04-13;14989;4815;435971;165176;17.0;6.5
24;2021-04-14;13450;4909;449421;170085;17.6;6.6
24;2021-04-15;15332;5111;464753;175196;18.2;6.8
24;2021-04-16;15655;4321;480408;179517;18.8;7.0
24;2021-04-17;8186;1314;488594;180831;19.1;7.1
24;2021-04-18;1099;286;489693;181117;19.1;7.1
24;2021-04-19;9433;4134;499126;185251;19.5;7.2
24;2021-04-20;12720;5964;511846;191215;20.0;7.5
24;2021-04-21;12315;5989;524161;197204;20.5;7.7
24;2021-04-22;13857;7529;538018;204733;21.0;8.0
24;2021-04-23;13691;7038;551709;211771;21.6;8.3
24;2021-04-24;10236;3243;561945;215014;22.0;8.4
24;2021-04-25;3047;430;564992;215444;22.1;8.4
24;2021-04-26;10200;5418;575192;220862;22.5;8.6
24;2021-04-27;13870;7746;589062;228608;23.0;8.9
24;2021-04-28;13012;8444;602074;237052;23.5;9.3
24;2021-04-29;16575;8577;618649;245629;24.2;9.6
24;2021-04-30;17474;7221;636123;252850;24.9;9.9
24;2021-05-01;2911;670;639034;253520;25.0;9.9
24;2021-05-02;2140;316;641174;253836;25.1;9.9
24;2021-05-03;11281;6107;652455;259943;25.5;10.2
24;2021-05-04;12797;10290;665252;270233;26.0;10.6
24;2021-05-05;13868;9574;679120;279807;26.5;10.9
24;2021-05-06;17448;9660;696568;289467;27.2;11.3
24;2021-05-07;14505;11963;711073;301430;27.8;11.8
24;2021-05-08;3610;2367;714683;303797;27.9;11.9
24;2021-05-09;2321;3728;717004;307525;28.0;12.0
24;2021-05-10;11400;12176;728404;319701;28.5;12.5
24;2021-05-11;16335;14190;744739;333891;29.1;13.0
24;2021-05-12;18154;13130;762893;347021;29.8;13.6
24;2021-05-13;6915;3152;769808;350173;30.1;13.7
24;2021-05-14;14479;9162;784287;359335;30.6;14.0
24;2021-05-15;10459;5043;794746;364378;31.1;14.2
24;2021-05-16;3154;1178;797900;365556;31.2;14.3
24;2021-05-17;13289;7650;811189;373206;31.7;14.6
24;2021-05-18;18366;8198;829555;381404;32.4;14.9
24;2021-05-19;18995;7473;848550;388877;33.2;15.2
24;2021-05-20;21281;8438;869831;397315;34.0;15.5
24;2021-05-21;18353;9075;888184;406390;34.7;15.9
24;2021-05-22;7614;4183;895798;410573;35.0;16.0
24;2021-05-23;2976;942;898774;411515;35.1;16.1
24;2021-05-24;8328;1591;907102;413106;35.4;16.1
24;2021-05-25;17713;8838;924815;421944;36.1;16.5
24;2021-05-26;19196;8278;944011;430222;36.9;16.8
24;2021-05-27;20823;10025;964834;440247;37.7;17.2
24;2021-05-28;20428;12249;985262;452496;38.5;17.7
24;2021-05-29;12394;5894;997656;458390;39.0;17.9
24;2021-05-30;2032;1485;999688;459875;39.1;18.0
24;2021-05-31;14572;8903;1014260;468778;39.6;18.3
24;2021-06-01;19667;12013;1033927;480791;40.4;18.8
24;2021-06-02;17704;10785;1051631;491576;41.1;19.2
24;2021-06-03;20836;11889;1072467;503465;41.9;19.7
24;2021-06-04;19897;13843;1092364;517308;42.7;20.2
24;2021-06-05;9853;8838;1102217;526146;43.1;20.6
24;2021-06-06;1989;3020;1104206;529166;43.1;20.7
24;2021-06-07;14412;12009;1118618;541175;43.7;21.1
24;2021-06-08;16262;15000;1134880;556175;44.3;21.7
24;2021-06-09;16154;12712;1151034;568887;45.0;22.2
24;2021-06-10;17789;12088;1168823;580975;45.7;22.7
24;2021-06-11;17137;15269;1185960;596244;46.3;23.3
24;2021-06-12;10056;7313;1196016;603557;46.7;23.6
24;2021-06-13;890;1312;1196906;604869;46.8;23.6
24;2021-06-14;10431;15250;1207337;620119;47.2;24.2
24;2021-06-15;12932;17101;1220269;637220;47.7;24.9
24;2021-06-16;13358;16239;1233627;653459;48.2;25.5
27;2020-12-27;4;0;4;0;0.0;0.0
27;2020-12-28;0;0;4;0;0.0;0.0
27;2020-12-29;19;0;23;0;0.0;0.0
27;2020-12-30;20;0;43;0;0.0;0.0
27;2020-12-31;2;0;45;0;0.0;0.0
27;2021-01-01;0;0;45;0;0.0;0.0
27;2021-01-02;1;0;46;0;0.0;0.0
27;2021-01-03;1;0;47;0;0.0;0.0
27;2021-01-04;27;0;74;0;0.0;0.0
27;2021-01-05;263;0;337;0;0.0;0.0
27;2021-01-06;718;1;1055;1;0.0;0.0
27;2021-01-07;1555;3;2610;4;0.1;0.0
27;2021-01-08;1895;3;4505;7;0.2;0.0
27;2021-01-09;689;0;5194;7;0.2;0.0
27;2021-01-10;3;0;5197;7;0.2;0.0
27;2021-01-11;2419;3;7616;10;0.3;0.0
27;2021-01-12;3821;5;11437;15;0.4;0.0
27;2021-01-13;3847;8;15284;23;0.5;0.0
27;2021-01-14;4750;47;20034;70;0.7;0.0
27;2021-01-15;3591;20;23625;90;0.8;0.0
27;2021-01-16;793;11;24418;101;0.9;0.0
27;2021-01-17;116;1;24534;102;0.9;0.0
27;2021-01-18;6248;19;30782;121;1.1;0.0
27;2021-01-19;8392;23;39174;144;1.4;0.0
27;2021-01-20;7899;58;47073;202;1.7;0.0
27;2021-01-21;9451;19;56524;221;2.0;0.0
27;2021-01-22;7702;17;64226;238;2.3;0.0
27;2021-01-23;2985;6;67211;244;2.4;0.0
27;2021-01-24;347;0;67558;244;2.4;0.0
27;2021-01-25;5217;30;72775;274;2.6;0.0
27;2021-01-26;7389;227;80164;501;2.9;0.0
27;2021-01-27;7092;346;87256;847;3.1;0.0
27;2021-01-28;6332;893;93588;1740;3.4;0.1
27;2021-01-29;5908;1264;99496;3004;3.6;0.1
27;2021-01-30;2469;347;101965;3351;3.7;0.1
27;2021-01-31;252;22;102217;3373;3.7;0.1
27;2021-02-01;3358;1403;105575;4776;3.8;0.2
27;2021-02-02;4040;2224;109615;7000;3.9;0.3
27;2021-02-03;3618;2395;113233;9395;4.1;0.3
27;2021-02-04;3703;3151;116936;12546;4.2;0.5
27;2021-02-05;3241;2588;120177;15134;4.3;0.5
27;2021-02-06;1608;671;121785;15805;4.4;0.6
27;2021-02-07;5;87;121790;15892;4.4;0.6
27;2021-02-08;2911;2685;124701;18577;4.5;0.7
27;2021-02-09;3015;3660;127716;22237;4.6;0.8
27;2021-02-10;3055;3411;130771;25648;4.7;0.9
27;2021-02-11;3316;4650;134087;30298;4.8;1.1
27;2021-02-12;2725;4460;136812;34758;4.9;1.2
27;2021-02-13;985;1466;137797;36224;5.0;1.3
27;2021-02-14;258;299;138055;36523;5.0;1.3
27;2021-02-15;1241;5758;139296;42281;5.0;1.5
27;2021-02-16;1507;7437;140803;49718;5.1;1.8
27;2021-02-17;1807;6917;142610;56635;5.1;2.0
27;2021-02-18;2143;6470;144753;63105;5.2;2.3
27;2021-02-19;1732;5668;146485;68773;5.3;2.5
27;2021-02-20;708;2180;147193;70953;5.3;2.5
27;2021-02-21;2;280;147195;71233;5.3;2.6
27;2021-02-22;978;4901;148173;76134;5.3;2.7
27;2021-02-23;1203;5447;149376;81581;5.4;2.9
27;2021-02-24;1506;4869;150882;86450;5.4;3.1
27;2021-02-25;2919;5061;153801;91511;5.5;3.3
27;2021-02-26;3684;4213;157485;95724;5.7;3.4
27;2021-02-27;1908;1956;159393;97680;5.7;3.5
27;2021-02-28;107;282;159500;97962;5.7;3.5
27;2021-03-01;3669;3508;163169;101470;5.9;3.6
27;2021-03-02;5409;4339;168578;105809;6.1;3.8
27;2021-03-03;5960;3571;174538;109380;6.3;3.9
27;2021-03-04;7699;3559;182237;112939;6.5;4.1
27;2021-03-05;9690;3178;191927;116117;6.9;4.2
27;2021-03-06;6225;1080;198152;117197;7.1;4.2
27;2021-03-07;872;187;199024;117384;7.2;4.2
27;2021-03-08;4542;3418;203566;120802;7.3;4.3
27;2021-03-09;8420;3388;211986;124190;7.6;4.5
27;2021-03-10;8715;2806;220701;126996;7.9;4.6
27;2021-03-11;10262;3194;230963;130190;8.3;4.7
27;2021-03-12;11885;2451;242848;132641;8.7;4.8
27;2021-03-13;7047;693;249895;133334;9.0;4.8
27;2021-03-14;212;60;250107;133394;9.0;4.8
27;2021-03-15;7321;1379;257428;134773;9.2;4.8
27;2021-03-16;8246;1085;265674;135858;9.5;4.9
27;2021-03-17;8532;1177;274206;137035;9.9;4.9
27;2021-03-18;8626;1410;282832;138445;10.2;5.0
27;2021-03-19;9441;1088;292273;139533;10.5;5.0
27;2021-03-20;5668;393;297941;139926;10.7;5.0
27;2021-03-21;238;11;298179;139937;10.7;5.0
27;2021-03-22;9330;958;307509;140895;11.0;5.1
27;2021-03-23;14708;1180;322217;142075;11.6;5.1
27;2021-03-24;15178;1238;337395;143313;12.1;5.1
27;2021-03-25;18365;1452;355760;144765;12.8;5.2
27;2021-03-26;18371;1243;374131;146008;13.4;5.2
27;2021-03-27;7683;405;381814;146413;13.7;5.3
27;2021-03-28;492;124;382306;146537;13.7;5.3
27;2021-03-29;10027;3391;392333;149928;14.1;5.4
27;2021-03-30;12957;3992;405290;153920;14.6;5.5
27;2021-03-31;12833;4191;418123;158111;15.0;5.7
27;2021-04-01;14541;4121;432664;162232;15.5;5.8
27;2021-04-02;12937;4042;445601;166274;16.0;6.0
27;2021-04-03;4471;1134;450072;167408;16.2;6.0
27;2021-04-04;68;35;450140;167443;16.2;6.0
27;2021-04-05;345;7;450485;167450;16.2;6.0
27;2021-04-06;9558;6175;460043;173625;16.5;6.2
27;2021-04-07;10189;6456;470232;180081;16.9;6.5
27;2021-04-08;15711;6133;485943;186214;17.5;6.7
27;2021-04-09;17819;5977;503762;192191;18.1;6.9
27;2021-04-10;6059;1939;509821;194130;18.3;7.0
27;2021-04-11;419;83;510240;194213;18.3;7.0
27;2021-04-12;9058;6792;519298;201005;18.7;7.2
27;2021-04-13;11731;8495;531029;209500;19.1;7.5
27;2021-04-14;10280;7833;541309;217333;19.5;7.8
27;2021-04-15;12953;7652;554262;224985;19.9;8.1
27;2021-04-16;12748;6430;567010;231415;20.4;8.3
27;2021-04-17;5914;3022;572924;234437;20.6;8.4
27;2021-04-18;353;189;573277;234626;20.6;8.4
27;2021-04-19;6969;8855;580246;243481;20.8;8.7
27;2021-04-20;8474;10523;588720;254004;21.2;9.1
27;2021-04-21;8325;10130;597045;264134;21.5;9.5
27;2021-04-22;9850;11518;606895;275652;21.8;9.9
27;2021-04-23;11328;10280;618223;285932;22.2;10.3
27;2021-04-24;5159;3947;623382;289879;22.4;10.4
27;2021-04-25;440;294;623822;290173;22.4;10.4
27;2021-04-26;9536;8737;633358;298910;22.8;10.7
27;2021-04-27;13457;10224;646815;309134;23.2;11.1
27;2021-04-28;14188;10345;661003;319479;23.8;11.5
27;2021-04-29;17871;11506;678874;330985;24.4;11.9
27;2021-04-30;18714;9496;697588;340481;25.1;12.2
27;2021-05-01;5426;1535;703014;342016;25.3;12.3
27;2021-05-02;601;73;703615;342089;25.3;12.3
27;2021-05-03;14898;6303;718513;348392;25.8;12.5
27;2021-05-04;13926;10777;732439;359169;26.3;12.9
27;2021-05-05;15548;10006;747987;369175;26.9;13.3
27;2021-05-06;18237;12311;766224;381486;27.5;13.7
27;2021-05-07;17180;11725;783404;393211;28.1;14.1
27;2021-05-08;5869;1494;789273;394705;28.4;14.2
27;2021-05-09;532;438;789805;395143;28.4;14.2
27;2021-05-10;15159;9837;804964;404980;28.9;14.6
27;2021-05-11;20700;12834;825664;417814;29.7;15.0
27;2021-05-12;19516;11695;845180;429509;30.4;15.4
27;2021-05-13;12268;2007;857448;431516;30.8;15.5
27;2021-05-14;22849;8330;880297;439846;31.6;15.8
27;2021-05-15;15360;3385;895657;443231;32.2;15.9
27;2021-05-16;1881;232;897538;443463;32.3;15.9
27;2021-05-17;18915;6761;916453;450224;32.9;16.2
27;2021-05-18;20486;9254;936939;459478;33.7;16.5
27;2021-05-19;22194;7269;959133;466747;34.5;16.8
27;2021-05-20;23162;8156;982295;474903;35.3;17.1
27;2021-05-21;21054;10015;1003349;484918;36.1;17.4
27;2021-05-22;8252;3593;1011601;488511;36.3;17.6
27;2021-05-23;901;303;1012502;488814;36.4;17.6
27;2021-05-24;4223;1079;1016725;489893;36.5;17.6
27;2021-05-25;14835;11602;1031560;501495;37.1;18.0
27;2021-05-26;15336;10618;1046896;512113;37.6;18.4
27;2021-05-27;18358;11784;1065254;523897;38.3;18.8
27;2021-05-28;16050;14089;1081304;537986;38.9;19.3
27;2021-05-29;6805;5147;1088109;543133;39.1;19.5
27;2021-05-30;387;255;1088496;543388;39.1;19.5
27;2021-05-31;13300;10919;1101796;554307;39.6;19.9
27;2021-06-01;16488;13410;1118284;567717;40.2;20.4
27;2021-06-02;16119;11426;1134403;579143;40.8;20.8
27;2021-06-03;17713;11843;1152116;590986;41.4;21.2
27;2021-06-04;16152;14590;1168268;605576;42.0;21.8
27;2021-06-05;8327;6741;1176595;612317;42.3;22.0
27;2021-06-06;1717;644;1178312;612961;42.3;22.0
27;2021-06-07;17419;13076;1195731;626037;43.0;22.5
27;2021-06-08;19844;15352;1215575;641389;43.7;23.0
27;2021-06-09;18677;12453;1234252;653842;44.3;23.5
27;2021-06-10;18945;13865;1253197;667707;45.0;24.0
27;2021-06-11;18080;17061;1271277;684768;45.7;24.6
27;2021-06-12;9454;7826;1280731;692594;46.0;24.9
27;2021-06-13;932;938;1281663;693532;46.1;24.9
27;2021-06-14;11042;17020;1292705;710552;46.4;25.5
27;2021-06-15;13981;17583;1306686;728135;47.0;26.2
27;2021-06-16;14518;15549;1321204;743684;47.5;26.7
28;2020-12-27;0;0;0;0;0.0;0.0
28;2020-12-28;1;0;1;0;0.0;0.0
28;2020-12-29;2;0;3;0;0.0;0.0
28;2020-12-30;0;0;3;0;0.0;0.0
28;2020-12-31;1;0;4;0;0.0;0.0
28;2021-01-01;2;0;6;0;0.0;0.0
28;2021-01-02;1;0;7;0;0.0;0.0
28;2021-01-03;1;0;8;0;0.0;0.0
28;2021-01-04;16;0;24;0;0.0;0.0
28;2021-01-05;169;0;193;0;0.0;0.0
28;2021-01-06;1393;2;1586;2;0.0;0.0
28;2021-01-07;2597;9;4183;11;0.1;0.0
28;2021-01-08;3428;3;7611;14;0.2;0.0
28;2021-01-09;1331;3;8942;17;0.3;0.0
28;2021-01-10;704;1;9646;18;0.3;0.0
28;2021-01-11;3179;3;12825;21;0.4;0.0
28;2021-01-12;3976;3;16801;24;0.5;0.0
28;2021-01-13;4302;6;21103;30;0.6;0.0
28;2021-01-14;8097;72;29200;102;0.9;0.0
28;2021-01-15;6219;25;35419;127;1.1;0.0
28;2021-01-16;2086;9;37505;136;1.1;0.0
28;2021-01-17;4071;21;41576;157;1.3;0.0
28;2021-01-18;8783;12;50359;169;1.5;0.0
28;2021-01-19;7141;13;57500;182;1.7;0.0
28;2021-01-20;6505;9;64005;191;1.9;0.0
28;2021-01-21;5991;9;69996;200;2.1;0.0
28;2021-01-22;5439;12;75435;212;2.3;0.0
28;2021-01-23;2018;7;77453;219;2.3;0.0
28;2021-01-24;1447;11;78900;230;2.4;0.0
28;2021-01-25;6238;179;85138;409;2.6;0.0
28;2021-01-26;4574;394;89712;803;2.7;0.0
28;2021-01-27;4034;765;93746;1568;2.8;0.0
28;2021-01-28;3754;1048;97500;2616;3.0;0.1
28;2021-01-29;3487;1305;100987;3921;3.1;0.1
28;2021-01-30;1386;517;102373;4438;3.1;0.1
28;2021-01-31;195;126;102568;4564;3.1;0.1
28;2021-02-01;2780;1661;105348;6225;3.2;0.2
28;2021-02-02;2985;2392;108333;8617;3.3;0.3
28;2021-02-03;2946;2670;111279;11287;3.4;0.3
28;2021-02-04;3724;5208;115003;16495;3.5;0.5
28;2021-02-05;3885;4392;118888;20887;3.6;0.6
28;2021-02-06;1139;1548;120027;22435;3.6;0.7
28;2021-02-07;715;1975;120742;24410;3.7;0.7
28;2021-02-08;3800;6860;124542;31270;3.8;0.9
28;2021-02-09;3459;6031;128001;37301;3.9;1.1
28;2021-02-10;3454;5075;131455;42376;4.0;1.3
28;2021-02-11;4208;4895;135663;47271;4.1;1.4
28;2021-02-12;4042;4612;139705;51883;4.2;1.6
28;2021-02-13;1122;1581;140827;53464;4.3;1.6
28;2021-02-14;285;1388;141112;54852;4.3;1.7
28;2021-02-15;2212;6279;143324;61131;4.3;1.9
28;2021-02-16;2654;5665;145978;66796;4.4;2.0
28;2021-02-17;1951;4557;147929;71353;4.5;2.2
28;2021-02-18;2567;4311;150496;75664;4.6;2.3
28;2021-02-19;2547;3721;153043;79385;4.6;2.4
28;2021-02-20;945;1260;153988;80645;4.7;2.4
28;2021-02-21;102;416;154090;81061;4.7;2.5
28;2021-02-22;1667;4233;155757;85294;4.7;2.6
28;2021-02-23;2173;3841;157930;89135;4.8;2.7
28;2021-02-24;2371;3896;160301;93031;4.9;2.8
28;2021-02-25;4770;4195;165071;97226;5.0;2.9
28;2021-02-26;5959;3736;171030;100962;5.2;3.1
28;2021-02-27;3008;1030;174038;101992;5.3;3.1
28;2021-02-28;340;387;174378;102379;5.3;3.1
28;2021-03-01;2523;4653;176901;107032;5.4;3.2
28;2021-03-02;3899;4095;180800;111127;5.5;3.4
28;2021-03-03;4787;3481;185587;114608;5.6;3.5
28;2021-03-04;7296;2857;192883;117465;5.8;3.6
28;2021-03-05;10143;2489;203026;119954;6.1;3.6
28;2021-03-06;9805;783;212831;120737;6.4;3.7
28;2021-03-07;3771;127;216602;120864;6.6;3.7
28;2021-03-08;5865;3273;222467;124137;6.7;3.8
28;2021-03-09;9283;2807;231750;126944;7.0;3.8
28;2021-03-10;9799;2437;241549;129381;7.3;3.9
28;2021-03-11;13954;1997;255503;131378;7.7;4.0
28;2021-03-12;17965;1536;273468;132914;8.3;4.0
28;2021-03-13;11143;519;284611;133433;8.6;4.0
28;2021-03-14;2258;97;286869;133530;8.7;4.0
28;2021-03-15;8643;861;295512;134391;8.9;4.1
28;2021-03-16;7485;1186;302997;135577;9.2;4.1
28;2021-03-17;7713;1186;310710;136763;9.4;4.1
28;2021-03-18;8161;1365;318871;138128;9.7;4.2
28;2021-03-19;11558;1455;330429;139583;10.0;4.2
28;2021-03-20;9665;537;340094;140120;10.3;4.2
28;2021-03-21;2409;20;342503;140140;10.4;4.2
28;2021-03-22;9382;1630;351885;141770;10.7;4.3
28;2021-03-23;12478;1498;364363;143268;11.0;4.3
28;2021-03-24;13241;1586;377604;144854;11.4;4.4
28;2021-03-25;17600;1793;395204;146647;12.0;4.4
28;2021-03-26;20800;1858;416004;148505;12.6;4.5
28;2021-03-27;11480;1115;427484;149620;12.9;4.5
28;2021-03-28;2964;86;430448;149706;13.0;4.5
28;2021-03-29;11754;2951;442202;152657;13.4;4.6
28;2021-03-30;14399;3057;456601;155714;13.8;4.7
28;2021-03-31;14358;3550;470959;159264;14.3;4.8
28;2021-04-01;17987;5534;488946;164798;14.8;5.0
28;2021-04-02;16779;6371;505725;171169;15.3;5.2
28;2021-04-03;6993;3961;512718;175130;15.5;5.3
28;2021-04-04;1776;795;514494;175925;15.6;5.3
28;2021-04-05;3287;737;517781;176662;15.7;5.3
28;2021-04-06;10797;7366;528578;184028;16.0;5.6
28;2021-04-07;12679;6942;541257;190970;16.4;5.8
28;2021-04-08;17635;7523;558892;198493;16.9;6.0
28;2021-04-09;23794;7819;582686;206312;17.6;6.2
28;2021-04-10;13818;4112;596504;210424;18.1;6.4
28;2021-04-11;3026;1192;599530;211616;18.1;6.4
28;2021-04-12;13759;8026;613289;219642;18.6;6.6
28;2021-04-13;16169;8035;629458;227677;19.1;6.9
28;2021-04-14;14287;8012;643745;235689;19.5;7.1
28;2021-04-15;17206;8386;660951;244075;20.0;7.4
28;2021-04-16;20216;7815;681167;251890;20.6;7.6
28;2021-04-17;12730;5012;693897;256902;21.0;7.8
28;2021-04-18;2287;1240;696184;258142;21.1;7.8
28;2021-04-19;10859;8865;707043;267007;21.4;8.1
28;2021-04-20;13896;9762;720939;276769;21.8;8.4
28;2021-04-21;13274;9988;734213;286757;22.2;8.7
28;2021-04-22;15272;11892;749485;298649;22.7;9.0
28;2021-04-23;16417;12310;765902;310959;23.2;9.4
28;2021-04-24;12575;7254;778477;318213;23.6;9.6
28;2021-04-25;3293;1906;781770;320119;23.7;9.7
28;2021-04-26;12532;10176;794302;330295;24.0;10.0
28;2021-04-27;14846;11734;809148;342029;24.5;10.4
28;2021-04-28;15044;10702;824192;352731;24.9;10.7
28;2021-04-29;18430;11749;842622;364480;25.5;11.0
28;2021-04-30;20367;11878;862989;376358;26.1;11.4
28;2021-05-01;12804;2964;875793;379322;26.5;11.5
28;2021-05-02;5983;1834;881776;381156;26.7;11.5
28;2021-05-03;12846;9994;894622;391150;27.1;11.8
28;2021-05-04;13796;13130;908418;404280;27.5;12.2
28;2021-05-05;13932;14461;922350;418741;27.9;12.7
28;2021-05-06;18285;15086;940635;433827;28.5;13.1
28;2021-05-07;17791;17364;958426;451191;29.0;13.7
28;2021-05-08;12300;4677;970726;455868;29.4;13.8
28;2021-05-09;7122;1815;977848;457683;29.6;13.9
28;2021-05-10;14106;14780;991954;472463;30.0;14.3
28;2021-05-11;18038;15316;1009992;487779;30.6;14.8
28;2021-05-12;18679;13936;1028671;501715;31.1;15.2
28;2021-05-13;19601;3696;1048272;505411;31.7;15.3
28;2021-05-14;26272;12488;1074544;517899;32.5;15.7
28;2021-05-15;26859;7056;1101403;524955;33.3;15.9
28;2021-05-16;14099;1559;1115502;526514;33.8;15.9
28;2021-05-17;16138;9407;1131640;535921;34.3;16.2
28;2021-05-18;20986;8749;1152626;544670;34.9;16.5
28;2021-05-19;20841;8459;1173467;553129;35.5;16.7
28;2021-05-20;23063;9628;1196530;562757;36.2;17.0
28;2021-05-21;21347;12063;1217877;574820;36.9;17.4
28;2021-05-22;17527;5959;1235404;580779;37.4;17.6
28;2021-05-23;9104;918;1244508;581697;37.7;17.6
28;2021-05-24;13388;3158;1257896;584855;38.1;17.7
28;2021-05-25;19094;11575;1276990;596430;38.7;18.1
28;2021-05-26;19213;9989;1296203;606419;39.2;18.4
28;2021-05-27;21683;12356;1317886;618775;39.9;18.7
28;2021-05-28;21550;16494;1339436;635269;40.5;19.2
28;2021-05-29;17538;10152;1356974;645421;41.1;19.5
28;2021-05-30;6264;1264;1363238;646685;41.3;19.6
28;2021-05-31;19810;11919;1383048;658604;41.9;19.9
28;2021-06-01;23667;13823;1406715;672427;42.6;20.4
28;2021-06-02;20715;12302;1427430;684729;43.2;20.7
28;2021-06-03;26437;14642;1453867;699371;44.0;21.2
28;2021-06-04;24491;18897;1478358;718268;44.8;21.7
28;2021-06-05;18318;12068;1496676;730336;45.3;22.1
28;2021-06-06;7472;2396;1504148;732732;45.5;22.2
28;2021-06-07;19202;14152;1523350;746884;46.1;22.6
28;2021-06-08;22813;15544;1546163;762428;46.8;23.1
28;2021-06-09;19441;14634;1565604;777062;47.4;23.5
28;2021-06-10;21128;14750;1586732;791812;48.0;24.0
28;2021-06-11;20945;21101;1607677;812913;48.7;24.6
28;2021-06-12;17893;17106;1625570;830019;49.2;25.1
28;2021-06-13;6332;5869;1631902;835888;49.4;25.3
28;2021-06-14;13839;17683;1645741;853571;49.8;25.8
28;2021-06-15;16136;18686;1661877;872257;50.3;26.4
28;2021-06-16;16458;18508;1678335;890765;50.8;27.0
32;2020-12-27;1;0;1;0;0.0;0.0
32;2020-12-28;26;0;27;0;0.0;0.0
32;2020-12-29;12;0;39;0;0.0;0.0
32;2020-12-30;0;0;39;0;0.0;0.0
32;2020-12-31;0;0;39;0;0.0;0.0
32;2021-01-01;1;0;40;0;0.0;0.0
32;2021-01-02;6;0;46;0;0.0;0.0
32;2021-01-03;4;0;50;0;0.0;0.0
32;2021-01-04;82;0;132;0;0.0;0.0
32;2021-01-05;300;0;432;0;0.0;0.0
32;2021-01-06;786;2;1218;2;0.0;0.0
32;2021-01-07;2431;4;3649;6;0.1;0.0
32;2021-01-08;3162;9;6811;15;0.1;0.0
32;2021-01-09;957;3;7768;18;0.1;0.0
32;2021-01-10;639;0;8407;18;0.1;0.0
32;2021-01-11;3267;6;11674;24;0.2;0.0
32;2021-01-12;5000;6;16674;30;0.3;0.0
32;2021-01-13;4939;11;21613;41;0.4;0.0
32;2021-01-14;5722;44;27335;85;0.5;0.0
32;2021-01-15;5222;24;32557;109;0.5;0.0
32;2021-01-16;1636;11;34193;120;0.6;0.0
32;2021-01-17;859;3;35052;123;0.6;0.0
32;2021-01-18;7231;20;42283;143;0.7;0.0
32;2021-01-19;9895;35;52178;178;0.9;0.0
32;2021-01-20;10343;29;62521;207;1.0;0.0
32;2021-01-21;12698;41;75219;248;1.3;0.0
32;2021-01-22;9873;26;85092;274;1.4;0.0
32;2021-01-23;3409;4;88501;278;1.5;0.0
32;2021-01-24;1119;2;89620;280;1.5;0.0
32;2021-01-25;6863;83;96483;363;1.6;0.0
32;2021-01-26;7445;180;103928;543;1.7;0.0
32;2021-01-27;4828;512;108756;1055;1.8;0.0
32;2021-01-28;8588;1688;117344;2743;2.0;0.0
32;2021-01-29;5370;1859;122714;4602;2.1;0.1
32;2021-01-30;534;413;123248;5015;2.1;0.1
32;2021-01-31;67;74;123315;5089;2.1;0.1
32;2021-02-01;191;1816;123506;6905;2.1;0.1
32;2021-02-02;786;3170;124292;10075;2.1;0.2
32;2021-02-03;4069;3190;128361;13265;2.2;0.2
32;2021-02-04;3682;3620;132043;16885;2.2;0.3
32;2021-02-05;1962;3280;134005;20165;2.2;0.3
32;2021-02-06;516;875;134521;21040;2.3;0.4
32;2021-02-07;539;97;135060;21137;2.3;0.4
32;2021-02-08;1866;3683;136926;24820;2.3;0.4
32;2021-02-09;2550;4368;139476;29188;2.3;0.5
32;2021-02-10;2983;5345;142459;34533;2.4;0.6
32;2021-02-11;4772;6194;147231;40727;2.5;0.7
32;2021-02-12;5086;4662;152317;45389;2.6;0.8
32;2021-02-13;939;1893;153256;47282;2.6;0.8
32;2021-02-14;116;711;153372;47993;2.6;0.8
32;2021-02-15;3613;6924;156985;54917;2.6;0.9
32;2021-02-16;4028;8234;161013;63151;2.7;1.1
32;2021-02-17;4278;8689;165291;71840;2.8;1.2
32;2021-02-18;7022;11433;172313;83273;2.9;1.4
32;2021-02-19;7079;8308;179392;91581;3.0;1.5
32;2021-02-20;2515;3015;181907;94596;3.1;1.6
32;2021-02-21;434;489;182341;95085;3.1;1.6
32;2021-02-22;3260;5332;185601;100417;3.1;1.7
32;2021-02-23;5501;5921;191102;106338;3.2;1.8
32;2021-02-24;7440;6054;198542;112392;3.3;1.9
32;2021-02-25;12825;5013;211367;117405;3.5;2.0
32;2021-02-26;12534;2878;223901;120283;3.8;2.0
32;2021-02-27;6485;305;230386;120588;3.9;2.0
32;2021-02-28;363;134;230749;120722;3.9;2.0
32;2021-03-01;7241;851;237990;121573;4.0;2.0
32;2021-03-02;10959;981;248949;122554;4.2;2.1
32;2021-03-03;11977;1726;260926;124280;4.4;2.1
32;2021-03-04;15092;2429;276018;126709;4.6;2.1
32;2021-03-05;17113;2086;293131;128795;4.9;2.2
32;2021-03-06;28080;1018;321211;129813;5.4;2.2
32;2021-03-07;19861;475;341072;130288;5.7;2.2
32;2021-03-08;8911;2556;349983;132844;5.9;2.2
32;2021-03-09;14280;3299;364263;136143;6.1;2.3
32;2021-03-10;15757;3200;380020;139343;6.4;2.3
32;2021-03-11;20914;4677;400934;144020;6.7;2.4
32;2021-03-12;26042;4199;426976;148219;7.2;2.5
32;2021-03-13;41559;1959;468535;150178;7.9;2.5
32;2021-03-14;20096;562;488631;150740;8.2;2.5
32;2021-03-15;13031;3573;501662;154313;8.4;2.6
32;2021-03-16;9787;3472;511449;157785;8.6;2.6
32;2021-03-17;9711;4124;521160;161909;8.7;2.7
32;2021-03-18;10009;5031;531169;166940;8.9;2.8
32;2021-03-19;17937;3794;549106;170734;9.2;2.9
32;2021-03-20;36469;1930;585575;172664;9.8;2.9
32;2021-03-21;19832;755;605407;173419;10.2;2.9
32;2021-03-22;12135;4268;617542;177687;10.4;3.0
32;2021-03-23;18901;5912;636443;183599;10.7;3.1
32;2021-03-24;17889;6131;654332;189730;11.0;3.2
32;2021-03-25;25248;5679;679580;195409;11.4;3.3
32;2021-03-26;28964;5864;708544;201273;11.9;3.4
32;2021-03-27;36623;2116;745167;203389;12.5;3.4
32;2021-03-28;18634;594;763801;203983;12.8;3.4
32;2021-03-29;14564;7030;778365;211013;13.1;3.5
32;2021-03-30;18852;8639;797217;219652;13.4;3.7
32;2021-03-31;15751;9283;812968;228935;13.6;3.8
32;2021-04-01;18183;11010;831151;239945;13.9;4.0
32;2021-04-02;19928;12531;851079;252476;14.3;4.2
32;2021-04-03;29999;10134;881078;262610;14.8;4.4
32;2021-04-04;11649;4716;892727;267326;15.0;4.5
32;2021-04-05;9585;2313;902312;269639;15.1;4.5
32;2021-04-06;14238;10859;916550;280498;15.4;4.7
32;2021-04-07;18024;12517;934574;293015;15.7;4.9
32;2021-04-08;23470;12919;958044;305934;16.1;5.1
32;2021-04-09;29847;13072;987891;319006;16.6;5.4
32;2021-04-10;26073;18752;1013964;337758;17.0;5.7
32;2021-04-11;9129;11994;1023093;349752;17.2;5.9
32;2021-04-12;15375;9479;1038468;359231;17.4;6.0
32;2021-04-13;21765;11532;1060233;370763;17.8;6.2
32;2021-04-14;22428;11089;1082661;381852;18.2;6.4
32;2021-04-15;25676;11087;1108337;392939;18.6;6.6
32;2021-04-16;25244;12399;1133581;405338;19.0;6.8
32;2021-04-17;17919;22957;1151500;428295;19.3;7.2
32;2021-04-18;6389;14034;1157889;442329;19.4;7.4
32;2021-04-19;11631;9788;1169520;452117;19.6;7.6
32;2021-04-20;16397;12273;1185917;464390;19.9;7.8
32;2021-04-21;15774;12556;1201691;476946;20.2;8.0
32;2021-04-22;19021;14968;1220712;491914;20.5;8.2
32;2021-04-23;19614;15941;1240326;507855;20.8;8.5
32;2021-04-24;15417;21003;1255743;528858;21.1;8.9
32;2021-04-25;6947;12283;1262690;541141;21.2;9.1
32;2021-04-26;13205;10694;1275895;551835;21.4;9.3
32;2021-04-27;18667;14089;1294562;565924;21.7;9.5
32;2021-04-28;20154;16008;1314716;581932;22.0;9.8
32;2021-04-29;22377;19898;1337093;601830;22.4;10.1
32;2021-04-30;24980;21531;1362073;623361;22.8;10.5
32;2021-05-01;23018;13901;1385091;637262;23.2;10.7
32;2021-05-02;20942;10315;1406033;647577;23.6;10.9
32;2021-05-03;21920;11255;1427953;658832;23.9;11.0
32;2021-05-04;23784;16254;1451737;675086;24.3;11.3
32;2021-05-05;23921;17399;1475658;692485;24.7;11.6
32;2021-05-06;25696;19848;1501354;712333;25.2;11.9
32;2021-05-07;30694;21445;1532048;733778;25.7;12.3
32;2021-05-08;33554;8940;1565602;742718;26.3;12.5
32;2021-05-09;26707;6444;1592309;749162;26.7;12.6
32;2021-05-10;24085;16036;1616394;765198;27.1;12.8
32;2021-05-11;31220;18962;1647614;784160;27.6;13.2
32;2021-05-12;36970;18705;1684584;802865;28.3;13.5
32;2021-05-13;40421;7239;1725005;810104;28.9;13.6
32;2021-05-14;41670;14525;1766675;824629;29.6;13.8
32;2021-05-15;59471;12048;1826146;836677;30.6;14.0
32;2021-05-16;47755;4758;1873901;841435;31.4;14.1
32;2021-05-17;31370;10889;1905271;852324;32.0;14.3
32;2021-05-18;36484;12411;1941755;864735;32.6;14.5
32;2021-05-19;38696;11489;1980451;876224;33.2;14.7
32;2021-05-20;39663;14869;2020114;891093;33.9;14.9
32;2021-05-21;42241;16906;2062355;907999;34.6;15.2
32;2021-05-22;57648;13012;2120003;921011;35.6;15.4
32;2021-05-23;38857;4353;2158860;925364;36.2;15.5
32;2021-05-24;28412;3808;2187272;929172;36.7;15.6
32;2021-05-25;31020;14836;2218292;944008;37.2;15.8
32;2021-05-26;33913;16724;2252205;960732;37.8;16.1
32;2021-05-27;34561;20628;2286766;981360;38.4;16.5
32;2021-05-28;34222;25133;2320988;1006493;38.9;16.9
32;2021-05-29;37369;19575;2358357;1026068;39.6;17.2
32;2021-05-30;16085;3508;2374442;1029576;39.8;17.3
32;2021-05-31;27862;16495;2402304;1046071;40.3;17.5
32;2021-06-01;32715;23984;2435019;1070055;40.8;17.9
32;2021-06-02;32156;21626;2467175;1091681;41.4;18.3
32;2021-06-03;34252;25019;2501427;1116700;42.0;18.7
32;2021-06-04;35813;27673;2537240;1144373;42.6;19.2
32;2021-06-05;34298;22732;2571538;1167105;43.1;19.6
32;2021-06-06;16508;5696;2588046;1172801;43.4;19.7
32;2021-06-07;21156;19315;2609202;1192116;43.8;20.0
32;2021-06-08;26628;24368;2635830;1216484;44.2;20.4
32;2021-06-09;23877;24300;2659707;1240784;44.6;20.8
32;2021-06-10;24832;26378;2684539;1267162;45.0;21.3
32;2021-06-11;26267;35997;2710806;1303159;45.5;21.9
32;2021-06-12;25929;31462;2736735;1334621;45.9;22.4
32;2021-06-13;11794;14787;2748529;1349408;46.1;22.6
32;2021-06-14;13148;27999;2761677;1377407;46.3;23.1
32;2021-06-15;19471;34531;2781148;1411938;46.6;23.7
32;2021-06-16;20289;32343;2801437;1444281;47.0;24.2
44;2020-12-27;0;0;0;0;0.0;0.0
44;2020-12-28;0;0;0;0;0.0;0.0
44;2020-12-29;0;0;0;0;0.0;0.0
44;2020-12-30;0;0;0;0;0.0;0.0
44;2020-12-31;11;0;11;0;0.0;0.0
44;2021-01-01;1;0;12;0;0.0;0.0
44;2021-01-02;3;0;15;0;0.0;0.0
44;2021-01-03;3;0;18;0;0.0;0.0
44;2021-01-04;243;0;261;0;0.0;0.0
44;2021-01-05;770;0;1031;0;0.0;0.0
44;2021-01-06;1242;2;2273;2;0.0;0.0
44;2021-01-07;2423;3;4696;5;0.1;0.0
44;2021-01-08;3130;7;7826;12;0.1;0.0
44;2021-01-09;940;1;8766;13;0.2;0.0
44;2021-01-10;237;0;9003;13;0.2;0.0
44;2021-01-11;2980;8;11983;21;0.2;0.0
44;2021-01-12;5277;7;17260;28;0.3;0.0
44;2021-01-13;7661;18;24921;46;0.5;0.0
44;2021-01-14;9545;82;34466;128;0.6;0.0
44;2021-01-15;6694;28;41160;156;0.7;0.0
44;2021-01-16;1917;10;43077;166;0.8;0.0
44;2021-01-17;902;1;43979;167;0.8;0.0
44;2021-01-18;8711;25;52690;192;1.0;0.0
44;2021-01-19;10652;16;63342;208;1.1;0.0
44;2021-01-20;11025;42;74367;250;1.3;0.0
44;2021-01-21;11721;25;86088;275;1.6;0.0
44;2021-01-22;9630;30;95718;305;1.7;0.0
44;2021-01-23;3286;20;99004;325;1.8;0.0
44;2021-01-24;1566;4;100570;329;1.8;0.0
44;2021-01-25;6617;303;107187;632;1.9;0.0
44;2021-01-26;5641;435;112828;1067;2.0;0.0
44;2021-01-27;7372;599;120200;1666;2.2;0.0
44;2021-01-28;8792;1248;128992;2914;2.3;0.1
44;2021-01-29;6756;1800;135748;4714;2.5;0.1
44;2021-01-30;2547;496;138295;5210;2.5;0.1
44;2021-01-31;1250;55;139545;5265;2.5;0.1
44;2021-02-01;6381;2382;145926;7647;2.6;0.1
44;2021-02-02;6214;3812;152140;11459;2.8;0.2
44;2021-02-03;5594;4550;157734;16009;2.9;0.3
44;2021-02-04;6441;6968;164175;22977;3.0;0.4
44;2021-02-05;6388;5235;170563;28212;3.1;0.5
44;2021-02-06;1972;1207;172535;29419;3.1;0.5
44;2021-02-07;406;594;172941;30013;3.1;0.5
44;2021-02-08;3822;4469;176763;34482;3.2;0.6
44;2021-02-09;5717;5835;182480;40317;3.3;0.7
44;2021-02-10;6249;6044;188729;46361;3.4;0.8
44;2021-02-11;7051;6567;195780;52928;3.6;1.0
44;2021-02-12;7278;5551;203058;58479;3.7;1.1
44;2021-02-13;2543;1257;205601;59736;3.7;1.1
44;2021-02-14;1612;825;207213;60561;3.8;1.1
44;2021-02-15;4003;7210;211216;67771;3.8;1.2
44;2021-02-16;4563;7981;215779;75752;3.9;1.4
44;2021-02-17;4704;8544;220483;84296;4.0;1.5
44;2021-02-18;6008;9275;226491;93571;4.1;1.7
44;2021-02-19;5539;7498;232030;101069;4.2;1.8
44;2021-02-20;2337;2843;234367;103912;4.3;1.9
44;2021-02-21;541;1401;234908;105313;4.3;1.9
44;2021-02-22;4485;7031;239393;112344;4.3;2.0
44;2021-02-23;6026;7258;245419;119602;4.5;2.2
44;2021-02-24;6601;5942;252020;125544;4.6;2.3
44;2021-02-25;10515;7559;262535;133103;4.8;2.4
44;2021-02-26;12364;6339;274899;139442;5.0;2.5
44;2021-02-27;7886;2160;282785;141602;5.1;2.6
44;2021-02-28;2116;519;284901;142121;5.2;2.6
44;2021-03-01;6077;4667;290978;146788;5.3;2.7
44;2021-03-02;9387;5655;300365;152443;5.4;2.8
44;2021-03-03;11267;5577;311632;158020;5.7;2.9
44;2021-03-04;13255;5776;324887;163796;5.9;3.0
44;2021-03-05;17869;5671;342756;169467;6.2;3.1
44;2021-03-06;21331;2140;364087;171607;6.6;3.1
44;2021-03-07;12195;727;376282;172334;6.8;3.1
44;2021-03-08;9399;4254;385681;176588;7.0;3.2
44;2021-03-09;15178;4937;400859;181525;7.3;3.3
44;2021-03-10;16595;5169;417454;186694;7.6;3.4
44;2021-03-11;20337;5639;437791;192333;7.9;3.5
44;2021-03-12;26774;5476;464565;197809;8.4;3.6
44;2021-03-13;24194;2382;488759;200191;8.9;3.6
44;2021-03-14;6765;872;495524;201063;9.0;3.6
44;2021-03-15;12950;3461;508474;204524;9.2;3.7
44;2021-03-16;12827;3970;521301;208494;9.5;3.8
44;2021-03-17;14187;3625;535488;212119;9.7;3.8
44;2021-03-18;15400;3757;550888;215876;10.0;3.9
44;2021-03-19;21402;3875;572290;219751;10.4;4.0
44;2021-03-20;15550;1927;587840;221678;10.7;4.0
44;2021-03-21;4617;284;592457;221962;10.7;4.0
44;2021-03-22;12516;3898;604973;225860;11.0;4.1
44;2021-03-23;19424;5054;624397;230914;11.3;4.2
44;2021-03-24;22037;5169;646434;236083;11.7;4.3
44;2021-03-25;28165;5739;674599;241822;12.2;4.4
44;2021-03-26;30306;5448;704905;247270;12.8;4.5
44;2021-03-27;16180;4668;721085;251938;13.1;4.6
44;2021-03-28;4077;1969;725162;253907;13.2;4.6
44;2021-03-29;14293;6093;739455;260000;13.4;4.7
44;2021-03-30;21376;7771;760831;267771;13.8;4.9
44;2021-03-31;20083;7977;780914;275748;14.2;5.0
44;2021-04-01;23512;9304;804426;285052;14.6;5.2
44;2021-04-02;16215;6869;820641;291921;14.9;5.3
44;2021-04-03;10178;5758;830819;297679;15.1;5.4
44;2021-04-04;3131;1648;833950;299327;15.1;5.4
44;2021-04-05;4423;1407;838373;300734;15.2;5.5
44;2021-04-06;13404;10540;851777;311274;15.5;5.6
44;2021-04-07;17630;12085;869407;323359;15.8;5.9
44;2021-04-08;25968;12365;895375;335724;16.2;6.1
44;2021-04-09;32165;12685;927540;348409;16.8;6.3
44;2021-04-10;18217;10029;945757;358438;17.2;6.5
44;2021-04-11;3026;5962;948783;364400;17.2;6.6
44;2021-04-12;16944;11215;965727;375615;17.5;6.8
44;2021-04-13;21942;13740;987669;389355;17.9;7.1
44;2021-04-14;23068;14032;1010737;403387;18.3;7.3
44;2021-04-15;26220;15327;1036957;418714;18.8;7.6
44;2021-04-16;28052;15163;1065009;433877;19.3;7.9
44;2021-04-17;19793;9010;1084802;442887;19.7;8.0
44;2021-04-18;5044;4622;1089846;447509;19.8;8.1
44;2021-04-19;16919;11726;1106765;459235;20.1;8.3
44;2021-04-20;19072;14262;1125837;473497;20.4;8.6
44;2021-04-21;21105;14922;1146942;488419;20.8;8.9
44;2021-04-22;23668;15841;1170610;504260;21.2;9.1
44;2021-04-23;27764;16516;1198374;520776;21.7;9.4
44;2021-04-24;16958;9136;1215332;529912;22.0;9.6
44;2021-04-25;4818;3556;1220150;533468;22.1;9.7
44;2021-04-26;16687;11998;1236837;545466;22.4;9.9
44;2021-04-27;21136;14602;1257973;560068;22.8;10.2
44;2021-04-28;23752;14760;1281725;574828;23.3;10.4
44;2021-04-29;28110;16895;1309835;591723;23.8;10.7
44;2021-04-30;33086;15961;1342921;607684;24.4;11.0
44;2021-05-01;14841;6996;1357762;614680;24.6;11.2
44;2021-05-02;7891;3983;1365653;618663;24.8;11.2
44;2021-05-03;23982;12347;1389635;631010;25.2;11.4
44;2021-05-04;26936;17235;1416571;648245;25.7;11.8
44;2021-05-05;30767;19104;1447338;667349;26.3;12.1
44;2021-05-06;37910;21003;1485248;688352;26.9;12.5
44;2021-05-07;36025;24720;1521273;713072;27.6;12.9
44;2021-05-08;19086;6634;1540359;719706;27.9;13.1
44;2021-05-09;11214;2880;1551573;722586;28.2;13.1
44;2021-05-10;24193;20677;1575766;743263;28.6;13.5
44;2021-05-11;34184;22801;1609950;766064;29.2;13.9
44;2021-05-12;36766;23880;1646716;789944;29.9;14.3
44;2021-05-13;27748;6322;1674464;796266;30.4;14.4
44;2021-05-14;43960;18736;1718424;815002;31.2;14.8
44;2021-05-15;33887;14007;1752311;829009;31.8;15.0
44;2021-05-16;15522;3475;1767833;832484;32.1;15.1
44;2021-05-17;27054;14439;1794887;846923;32.6;15.4
44;2021-05-18;34972;15185;1829859;862108;33.2;15.6
44;2021-05-19;36743;16266;1866602;878374;33.9;15.9
44;2021-05-20;40691;16347;1907293;894721;34.6;16.2
44;2021-05-21;42685;20808;1949978;915529;35.4;16.6
44;2021-05-22;27619;11510;1977597;927039;35.9;16.8
44;2021-05-23;8642;1705;1986239;928744;36.0;16.9
44;2021-05-24;17859;4624;2004098;933368;36.4;16.9
44;2021-05-25;30115;17535;2034213;950903;36.9;17.3
44;2021-05-26;32253;19425;2066466;970328;37.5;17.6
44;2021-05-27;34469;20763;2100935;991091;38.1;18.0
44;2021-05-28;37415;27732;2138350;1018823;38.8;18.5
44;2021-05-29;26725;20084;2165075;1038907;39.3;18.8
44;2021-05-30;6112;4205;2171187;1043112;39.4;18.9
44;2021-05-31;26942;19638;2198129;1062750;39.9;19.3
44;2021-06-01;31433;22832;2229562;1085582;40.5;19.7
44;2021-06-02;33456;22850;2263018;1108432;41.1;20.1
44;2021-06-03;34491;25207;2297509;1133639;41.7;20.6
44;2021-06-04;39862;32100;2337371;1165739;42.4;21.2
44;2021-06-05;23009;20062;2360380;1185801;42.8;21.5
44;2021-06-06;8296;4447;2368676;1190248;43.0;21.6
44;2021-06-07;27929;21996;2396605;1212244;43.5;22.0
44;2021-06-08;33448;26657;2430053;1238901;44.1;22.5
44;2021-06-09;34872;24747;2464925;1263648;44.7;22.9
44;2021-06-10;34279;25508;2499204;1289156;45.3;23.4
44;2021-06-11;32136;35290;2531340;1324446;45.9;24.0
44;2021-06-12;25571;23374;2556911;1347820;46.4;24.5
44;2021-06-13;6751;6048;2563662;1353868;46.5;24.6
44;2021-06-14;17423;29505;2581085;1383373;46.8;25.1
44;2021-06-15;23275;34851;2604360;1418224;47.3;25.7
44;2021-06-16;23986;36452;2628346;1454676;47.7;26.4
52;2020-12-27;0;0;0;0;0.0;0.0
52;2020-12-28;1;0;1;0;0.0;0.0
52;2020-12-29;0;0;1;0;0.0;0.0
52;2020-12-30;0;0;1;0;0.0;0.0
52;2020-12-31;0;0;1;0;0.0;0.0
52;2021-01-01;5;0;6;0;0.0;0.0
52;2021-01-02;1;0;7;0;0.0;0.0
52;2021-01-03;1;0;8;0;0.0;0.0
52;2021-01-04;34;0;42;0;0.0;0.0
52;2021-01-05;168;0;210;0;0.0;0.0
52;2021-01-06;384;1;594;1;0.0;0.0
52;2021-01-07;963;0;1557;1;0.0;0.0
52;2021-01-08;1664;2;3221;3;0.1;0.0
52;2021-01-09;1049;2;4270;5;0.1;0.0
52;2021-01-10;643;1;4913;6;0.1;0.0
52;2021-01-11;2197;0;7110;6;0.2;0.0
52;2021-01-12;3167;4;10277;10;0.3;0.0
52;2021-01-13;2983;3;13260;13;0.3;0.0
52;2021-01-14;3302;24;16562;37;0.4;0.0
52;2021-01-15;3013;9;19575;46;0.5;0.0
52;2021-01-16;894;7;20469;53;0.5;0.0
52;2021-01-17;499;3;20968;56;0.6;0.0
52;2021-01-18;3198;6;24166;62;0.6;0.0
52;2021-01-19;6553;7;30719;69;0.8;0.0
52;2021-01-20;8329;10;39048;79;1.0;0.0
52;2021-01-21;12165;11;51213;90;1.3;0.0
52;2021-01-22;7273;28;58486;118;1.5;0.0
52;2021-01-23;1677;5;60163;123;1.6;0.0
52;2021-01-24;174;0;60337;123;1.6;0.0
52;2021-01-25;3006;11;63343;134;1.7;0.0
52;2021-01-26;6737;153;70080;287;1.8;0.0
52;2021-01-27;7284;150;77364;437;2.0;0.0
52;2021-01-28;9727;465;87091;902;2.3;0.0
52;2021-01-29;5957;909;93048;1811;2.4;0.0
52;2021-01-30;1258;271;94306;2082;2.5;0.1
52;2021-01-31;79;314;94385;2396;2.5;0.1
52;2021-02-01;2521;1191;96906;3587;2.5;0.1
52;2021-02-02;2970;1859;99876;5446;2.6;0.1
52;2021-02-03;2685;2161;102561;7607;2.7;0.2
52;2021-02-04;2961;2115;105522;9722;2.8;0.3
52;2021-02-05;2965;2206;108487;11928;2.9;0.3
52;2021-02-06;1075;662;109562;12590;2.9;0.3
52;2021-02-07;151;297;109713;12887;2.9;0.3
52;2021-02-08;1930;2116;111643;15003;2.9;0.4
52;2021-02-09;3175;3718;114818;18721;3.0;0.5
52;2021-02-10;3319;4762;118137;23483;3.1;0.6
52;2021-02-11;6097;9298;124234;32781;3.3;0.9
52;2021-02-12;4704;5146;128938;37927;3.4;1.0
52;2021-02-13;1151;1242;130089;39169;3.4;1.0
52;2021-02-14;22;541;130111;39710;3.4;1.0
52;2021-02-15;2030;3533;132141;43243;3.5;1.1
52;2021-02-16;4111;6756;136252;49999;3.6;1.3
52;2021-02-17;3874;6949;140126;56948;3.7;1.5
52;2021-02-18;6136;9294;146262;66242;3.8;1.7
52;2021-02-19;5329;5830;151591;72072;4.0;1.9
52;2021-02-20;1028;1475;152619;73547;4.0;1.9
52;2021-02-21;6;274;152625;73821;4.0;1.9
52;2021-02-22;2629;3492;155254;77313;4.1;2.0
52;2021-02-23;3424;3699;158678;81012;4.2;2.1
52;2021-02-24;3292;3038;161970;84050;4.3;2.2
52;2021-02-25;6342;3215;168312;87265;4.4;2.3
52;2021-02-26;6201;2923;174513;90188;4.6;2.4
52;2021-02-27;2215;1044;176728;91232;4.6;2.4
52;2021-02-28;76;88;176804;91320;4.7;2.4
52;2021-03-01;3112;2330;179916;93650;4.7;2.5
52;2021-03-02;4723;3434;184639;97084;4.9;2.6
52;2021-03-03;5277;3409;189916;100493;5.0;2.6
52;2021-03-04;7785;4770;197701;105263;5.2;2.8
52;2021-03-05;9004;3923;206705;109186;5.4;2.9
52;2021-03-06;5635;1147;212340;110333;5.6;2.9
52;2021-03-07;2661;131;215001;110464;5.7;2.9
52;2021-03-08;5837;2420;220838;112884;5.8;3.0
52;2021-03-09;9543;3326;230381;116210;6.1;3.1
52;2021-03-10;9387;3390;239768;119600;6.3;3.1
52;2021-03-11;13567;5039;253335;124639;6.7;3.3
52;2021-03-12;15326;3742;268661;128381;7.1;3.4
52;2021-03-13;8282;758;276943;129139;7.3;3.4
52;2021-03-14;624;72;277567;129211;7.3;3.4
52;2021-03-15;8831;1915;286398;131126;7.5;3.4
52;2021-03-16;7572;2616;293970;133742;7.7;3.5
52;2021-03-17;6455;2382;300425;136124;7.9;3.6
52;2021-03-18;8298;2512;308723;138636;8.1;3.6
52;2021-03-19;11875;2126;320598;140762;8.4;3.7
52;2021-03-20;7083;754;327681;141516;8.6;3.7
52;2021-03-21;1688;46;329369;141562;8.7;3.7
52;2021-03-22;9008;2006;338377;143568;8.9;3.8
52;2021-03-23;13176;2591;351553;146159;9.2;3.8
52;2021-03-24;13254;2028;364807;148187;9.6;3.9
52;2021-03-25;18149;2791;382956;150978;10.1;4.0
52;2021-03-26;18894;2362;401850;153340;10.6;4.0
52;2021-03-27;7539;647;409389;153987;10.8;4.1
52;2021-03-28;2193;66;411582;154053;10.8;4.1
52;2021-03-29;10953;2714;422535;156767;11.1;4.1
52;2021-03-30;15651;3595;438186;160362;11.5;4.2
52;2021-03-31;13677;3239;451863;163601;11.9;4.3
52;2021-04-01;18853;3674;470716;167275;12.4;4.4
52;2021-04-02;17069;3495;487785;170770;12.8;4.5
52;2021-04-03;5511;1192;493296;171962;13.0;4.5
52;2021-04-04;1323;50;494619;172012;13.0;4.5
52;2021-04-05;1780;536;496399;172548;13.1;4.5
52;2021-04-06;11777;5238;508176;177786;13.4;4.7
52;2021-04-07;15181;5674;523357;183460;13.8;4.8
52;2021-04-08;21197;6375;544554;189835;14.3;5.0
52;2021-04-09;26596;5282;571150;195117;15.0;5.1
52;2021-04-10;10109;2353;581259;197470;15.3;5.2
52;2021-04-11;2566;433;583825;197903;15.4;5.2
52;2021-04-12;16326;6573;600151;204476;15.8;5.4
52;2021-04-13;20716;8151;620867;212627;16.3;5.6
52;2021-04-14;17633;6914;638500;219541;16.8;5.8
52;2021-04-15;21127;8012;659627;227553;17.4;6.0
52;2021-04-16;22569;7447;682196;235000;17.9;6.2
52;2021-04-17;9961;3026;692157;238026;18.2;6.3
52;2021-04-18;3036;1303;695193;239329;18.3;6.3
52;2021-04-19;14169;7806;709362;247135;18.7;6.5
52;2021-04-20;18255;9379;727617;256514;19.1;6.7
52;2021-04-21;15967;9145;743584;265659;19.6;7.0
52;2021-04-22;19389;10147;762973;275806;20.1;7.3
52;2021-04-23;20495;9953;783468;285759;20.6;7.5
52;2021-04-24;10010;4970;793478;290729;20.9;7.6
52;2021-04-25;3977;1942;797455;292671;21.0;7.7
52;2021-04-26;16813;9898;814268;302569;21.4;8.0
52;2021-04-27;21045;12541;835313;315110;22.0;8.3
52;2021-04-28;22751;10641;858064;325751;22.6;8.6
52;2021-04-29;25002;12660;883066;338411;23.2;8.9
52;2021-04-30;25631;12465;908697;350876;23.9;9.2
52;2021-05-01;8613;2473;917310;353349;24.1;9.3
52;2021-05-02;4298;1269;921608;354618;24.2;9.3
52;2021-05-03;19059;10617;940667;365235;24.7;9.6
52;2021-05-04;20055;14371;960722;379606;25.3;10.0
52;2021-05-05;20846;12755;981568;392361;25.8;10.3
52;2021-05-06;22448;13813;1004016;406174;26.4;10.7
52;2021-05-07;20669;18000;1024685;424174;27.0;11.2
52;2021-05-08;11125;2061;1035810;426235;27.2;11.2
52;2021-05-09;5386;2216;1041196;428451;27.4;11.3
52;2021-05-10;20620;17263;1061816;445714;27.9;11.7
52;2021-05-11;24811;19523;1086627;465237;28.6;12.2
52;2021-05-12;24587;17054;1111214;482291;29.2;12.7
52;2021-05-13;18545;2692;1129759;484983;29.7;12.8
52;2021-05-14;22657;12377;1152416;497360;30.3;13.1
52;2021-05-15;15615;5171;1168031;502531;30.7;13.2
52;2021-05-16;10270;1140;1178301;503671;31.0;13.2
52;2021-05-17;21082;14635;1199383;518306;31.5;13.6
52;2021-05-18;24653;14957;1224036;533263;32.2;14.0
52;2021-05-19;26683;11404;1250719;544667;32.9;14.3
52;2021-05-20;29245;11980;1279964;556647;33.7;14.6
52;2021-05-21;27304;13820;1307268;570467;34.4;15.0
52;2021-05-22;15402;4697;1322670;575164;34.8;15.1
52;2021-05-23;4470;1139;1327140;576303;34.9;15.2
52;2021-05-24;15985;2742;1343125;579045;35.3;15.2
52;2021-05-25;24405;14518;1367530;593563;36.0;15.6
52;2021-05-26;25117;12645;1392647;606208;36.6;15.9
52;2021-05-27;29052;14792;1421699;621000;37.4;16.3
52;2021-05-28;27889;17843;1449588;638843;38.1;16.8
52;2021-05-29;18306;7762;1467894;646605;38.6;17.0
52;2021-05-30;4229;1717;1472123;648322;38.7;17.1
52;2021-05-31;24391;15852;1496514;664174;39.4;17.5
52;2021-06-01;28791;17785;1525305;681959;40.1;17.9
52;2021-06-02;27398;15196;1552703;697155;40.8;18.3
52;2021-06-03;31690;16250;1584393;713405;41.7;18.8
52;2021-06-04;29197;20704;1613590;734109;42.4;19.3
52;2021-06-05;14524;11791;1628114;745900;42.8;19.6
52;2021-06-06;4772;3530;1632886;749430;43.0;19.7
52;2021-06-07;21691;20859;1654577;770289;43.5;20.3
52;2021-06-08;26867;22080;1681444;792369;44.2;20.8
52;2021-06-09;25293;18557;1706737;810926;44.9;21.3
52;2021-06-10;28674;17564;1735411;828490;45.6;21.8
52;2021-06-11;26931;24288;1762342;852778;46.4;22.4
52;2021-06-12;14584;11825;1776926;864603;46.7;22.7
52;2021-06-13;4379;4514;1781305;869117;46.9;22.9
52;2021-06-14;17567;25358;1798872;894475;47.3;23.5
52;2021-06-15;23675;25306;1822547;919781;47.9;24.2
52;2021-06-16;23133;22401;1845680;942182;48.5;24.8
53;2020-12-27;0;0;0;0;0.0;0.0
53;2020-12-28;0;0;0;0;0.0;0.0
53;2020-12-29;0;0;0;0;0.0;0.0
53;2020-12-30;0;0;0;0;0.0;0.0
53;2020-12-31;0;0;0;0;0.0;0.0
53;2021-01-01;3;0;3;0;0.0;0.0
53;2021-01-02;4;0;7;0;0.0;0.0
53;2021-01-03;0;0;7;0;0.0;0.0
53;2021-01-04;43;0;50;0;0.0;0.0
53;2021-01-05;200;0;250;0;0.0;0.0
53;2021-01-06;331;1;581;1;0.0;0.0
53;2021-01-07;834;1;1415;2;0.0;0.0
53;2021-01-08;1213;0;2628;2;0.1;0.0
53;2021-01-09;34;0;2662;2;0.1;0.0
53;2021-01-10;4;0;2666;2;0.1;0.0
53;2021-01-11;1661;3;4327;5;0.1;0.0
53;2021-01-12;3379;1;7706;6;0.2;0.0
53;2021-01-13;3354;4;11060;10;0.3;0.0
53;2021-01-14;3813;30;14873;40;0.4;0.0
53;2021-01-15;3298;15;18171;55;0.5;0.0
53;2021-01-16;683;4;18854;59;0.6;0.0
53;2021-01-17;180;1;19034;60;0.6;0.0
53;2021-01-18;3361;7;22395;67;0.7;0.0
53;2021-01-19;8165;4;30560;71;0.9;0.0
53;2021-01-20;7054;4;37614;75;1.1;0.0
53;2021-01-21;11469;5;49083;80;1.5;0.0
53;2021-01-22;7807;9;56890;89;1.7;0.0
53;2021-01-23;1493;2;58383;91;1.7;0.0
53;2021-01-24;255;1;58638;92;1.8;0.0
53;2021-01-25;3056;35;61694;127;1.8;0.0
53;2021-01-26;4111;232;65805;359;2.0;0.0
53;2021-01-27;7238;326;73043;685;2.2;0.0
53;2021-01-28;7132;638;80175;1323;2.4;0.0
53;2021-01-29;4230;730;84405;2053;2.5;0.1
53;2021-01-30;844;43;85249;2096;2.6;0.1
53;2021-01-31;79;3;85328;2099;2.6;0.1
53;2021-02-01;2210;1027;87538;3126;2.6;0.1
53;2021-02-02;3438;2014;90976;5140;2.7;0.2
53;2021-02-03;3174;2184;94150;7324;2.8;0.2
53;2021-02-04;7094;2271;101244;9595;3.0;0.3
53;2021-02-05;5584;2135;106828;11730;3.2;0.4
53;2021-02-06;1201;277;108029;12007;3.2;0.4
53;2021-02-07;214;132;108243;12139;3.2;0.4
53;2021-02-08;1651;1532;109894;13671;3.3;0.4
53;2021-02-09;3973;5256;113867;18927;3.4;0.6
53;2021-02-10;3791;4649;117658;23576;3.5;0.7
53;2021-02-11;5733;8791;123391;32367;3.7;1.0
53;2021-02-12;5661;5249;129052;37616;3.9;1.1
53;2021-02-13;1232;851;130284;38467;3.9;1.2
53;2021-02-14;25;348;130309;38815;3.9;1.2
53;2021-02-15;2325;3583;132634;42398;4.0;1.3
53;2021-02-16;4051;3543;136685;45941;4.1;1.4
53;2021-02-17;4073;5375;140758;51316;4.2;1.5
53;2021-02-18;5948;5739;146706;57055;4.4;1.7
53;2021-02-19;5355;4852;152061;61907;4.6;1.9
53;2021-02-20;1189;890;153250;62797;4.6;1.9
53;2021-02-21;165;218;153415;63015;4.6;1.9
53;2021-02-22;2318;2828;155733;65843;4.7;2.0
53;2021-02-23;3947;3674;159680;69517;4.8;2.1
53;2021-02-24;4467;3780;164147;73297;4.9;2.2
53;2021-02-25;7947;7141;172094;80438;5.2;2.4
53;2021-02-26;8676;4403;180770;84841;5.4;2.5
53;2021-02-27;3448;1105;184218;85946;5.5;2.6
53;2021-02-28;228;194;184446;86140;5.5;2.6
53;2021-03-01;3478;2264;187924;88404;5.6;2.6
53;2021-03-02;5617;4457;193541;92861;5.8;2.8
53;2021-03-03;6436;3786;199977;96647;6.0;2.9
53;2021-03-04;9279;4924;209256;101571;6.3;3.0
53;2021-03-05;11904;5213;221160;106784;6.6;3.2
53;2021-03-06;5630;1014;226790;107798;6.8;3.2
53;2021-03-07;913;145;227703;107943;6.8;3.2
53;2021-03-08;5162;2208;232865;110151;7.0;3.3
53;2021-03-09;9659;2929;242524;113080;7.3;3.4
53;2021-03-10;9274;3369;251798;116449;7.5;3.5
53;2021-03-11;14298;4046;266096;120495;8.0;3.6
53;2021-03-12;18594;3236;284690;123731;8.5;3.7
53;2021-03-13;8797;945;293487;124676;8.8;3.7
53;2021-03-14;812;50;294299;124726;8.8;3.7
53;2021-03-15;6888;2029;301187;126755;9.0;3.8
53;2021-03-16;6980;3406;308167;130161;9.2;3.9
53;2021-03-17;8226;2824;316393;132985;9.5;4.0
53;2021-03-18;8713;4657;325106;137642;9.7;4.1
53;2021-03-19;12990;3646;338096;141288;10.1;4.2
53;2021-03-20;7122;815;345218;142103;10.3;4.3
53;2021-03-21;381;32;345599;142135;10.3;4.3
53;2021-03-22;7341;2162;352940;144297;10.6;4.3
53;2021-03-23;12982;3663;365922;147960;11.0;4.4
53;2021-03-24;14379;3228;380301;151188;11.4;4.5
53;2021-03-25;18244;3360;398545;154548;11.9;4.6
53;2021-03-26;20272;3190;418817;157738;12.5;4.7
53;2021-03-27;7395;1013;426212;158751;12.8;4.8
53;2021-03-28;526;86;426738;158837;12.8;4.8
53;2021-03-29;9789;3163;436527;162000;13.1;4.8
53;2021-03-30;15291;4589;451818;166589;13.5;5.0
53;2021-03-31;14112;4262;465930;170851;13.9;5.1
53;2021-04-01;18164;4265;484094;175116;14.5;5.2
53;2021-04-02;17854;4349;501948;179465;15.0;5.4
53;2021-04-03;6414;1424;508362;180889;15.2;5.4
53;2021-04-04;413;32;508775;180921;15.2;5.4
53;2021-04-05;1227;334;510002;181255;15.3;5.4
53;2021-04-06;12512;5670;522514;186925;15.6;5.6
53;2021-04-07;15010;5332;537524;192257;16.1;5.8
53;2021-04-08;20579;6087;558103;198344;16.7;5.9
53;2021-04-09;26611;5561;584714;203905;17.5;6.1
53;2021-04-10;10311;1719;595025;205624;17.8;6.2
53;2021-04-11;814;213;595839;205837;17.8;6.2
53;2021-04-12;15817;4909;611656;210746;18.3;6.3
53;2021-04-13;22683;7228;634339;217974;19.0;6.5
53;2021-04-14;19330;7917;653669;225891;19.6;6.8
53;2021-04-15;25333;8048;679002;233939;20.3;7.0
53;2021-04-16;26150;7531;705152;241470;21.1;7.2
53;2021-04-17;10383;3572;715535;245042;21.4;7.3
53;2021-04-18;1033;148;716568;245190;21.5;7.3
53;2021-04-19;15397;6527;731965;251717;21.9;7.5
53;2021-04-20;16912;9508;748877;261225;22.4;7.8
53;2021-04-21;16736;9432;765613;270657;22.9;8.1
53;2021-04-22;21722;10166;787335;280823;23.6;8.4
53;2021-04-23;21627;10069;808962;290892;24.2;8.7
53;2021-04-24;9984;4161;818946;295053;24.5;8.8
53;2021-04-25;905;332;819851;295385;24.5;8.8
53;2021-04-26;18214;8473;838065;303858;25.1;9.1
53;2021-04-27;19850;12059;857915;315917;25.7;9.5
53;2021-04-28;19936;10799;877851;326716;26.3;9.8
53;2021-04-29;23527;12260;901378;338976;27.0;10.1
53;2021-04-30;23889;12431;925267;351407;27.7;10.5
53;2021-05-01;5117;1629;930384;353036;27.9;10.6
53;2021-05-02;2793;519;933177;353555;27.9;10.6
53;2021-05-03;15710;9376;948887;362931;28.4;10.9
53;2021-05-04;15679;15783;964566;378714;28.9;11.3
53;2021-05-05;14935;14685;979501;393399;29.3;11.8
53;2021-05-06;19222;17834;998723;411233;29.9;12.3
53;2021-05-07;18568;18213;1017291;429446;30.5;12.9
53;2021-05-08;5433;1121;1022724;430567;30.6;12.9
53;2021-05-09;3503;856;1026227;431423;30.7;12.9
53;2021-05-10;16472;15205;1042699;446628;31.2;13.4
53;2021-05-11;18514;18729;1061213;465357;31.8;13.9
53;2021-05-12;20996;15619;1082209;480976;32.4;14.4
53;2021-05-13;9003;3943;1091212;484919;32.7;14.5
53;2021-05-14;21639;13724;1112851;498643;33.3;14.9
53;2021-05-15;13368;5321;1126219;503964;33.7;15.1
53;2021-05-16;3215;873;1129434;504837;33.8;15.1
53;2021-05-17;18098;11158;1147532;515995;34.4;15.4
53;2021-05-18;20868;12382;1168400;528377;35.0;15.8
53;2021-05-19;21541;10619;1189941;538996;35.6;16.1
53;2021-05-20;23798;14710;1213739;553706;36.3;16.6
53;2021-05-21;22813;15229;1236552;568935;37.0;17.0
53;2021-05-22;13127;5836;1249679;574771;37.4;17.2
53;2021-05-23;2969;310;1252648;575081;37.5;17.2
53;2021-05-24;13925;2487;1266573;577568;37.9;17.3
53;2021-05-25;19901;12807;1286474;590375;38.5;17.7
53;2021-05-26;19238;13785;1305712;604160;39.1;18.1
53;2021-05-27;22023;17403;1327735;621563;39.7;18.6
53;2021-05-28;21734;20397;1349469;641960;40.4;19.2
53;2021-05-29;12132;7327;1361601;649287;40.8;19.4
53;2021-05-30;2303;472;1363904;649759;40.8;19.5
53;2021-05-31;20669;14082;1384573;663841;41.4;19.9
53;2021-06-01;22895;16467;1407468;680308;42.1;20.4
53;2021-06-02;21667;14213;1429135;694521;42.8;20.8
53;2021-06-03;25014;16844;1454149;711365;43.5;21.3
53;2021-06-04;23050;22556;1477199;733921;44.2;22.0
53;2021-06-05;17278;8985;1494477;742906;44.7;22.2
53;2021-06-06;4997;1322;1499474;744228;44.9;22.3
53;2021-06-07;18369;17783;1517843;762011;45.4;22.8
53;2021-06-08;23565;18087;1541408;780098;46.1;23.4
53;2021-06-09;23231;15851;1564639;795949;46.8;23.8
53;2021-06-10;26655;16851;1591294;812800;47.6;24.3
53;2021-06-11;26119;21406;1617413;834206;48.4;25.0
53;2021-06-12;18577;7502;1635990;841708;49.0;25.2
53;2021-06-13;7793;3117;1643783;844825;49.2;25.3
53;2021-06-14;15991;19788;1659774;864613;49.7;25.9
53;2021-06-15;19976;20930;1679750;885543;50.3;26.5
53;2021-06-16;20941;18497;1700691;904040;50.9;27.1
75;2020-12-27;1;0;1;0;0.0;0.0
75;2020-12-28;2;0;3;0;0.0;0.0
75;2020-12-29;3;0;6;0;0.0;0.0
75;2020-12-30;2;0;8;0;0.0;0.0
75;2020-12-31;0;0;8;0;0.0;0.0
75;2021-01-01;4;0;12;0;0.0;0.0
75;2021-01-02;2;0;14;0;0.0;0.0
75;2021-01-03;0;0;14;0;0.0;0.0
75;2021-01-04;90;0;104;0;0.0;0.0
75;2021-01-05;124;0;228;0;0.0;0.0
75;2021-01-06;736;1;964;1;0.0;0.0
75;2021-01-07;4922;2;5886;3;0.1;0.0
75;2021-01-08;5463;4;11349;7;0.2;0.0
75;2021-01-09;845;1;12194;8;0.2;0.0
75;2021-01-10;479;0;12673;8;0.2;0.0
75;2021-01-11;3585;1;16258;9;0.3;0.0
75;2021-01-12;5949;6;22207;15;0.4;0.0
75;2021-01-13;6551;15;28758;30;0.5;0.0
75;2021-01-14;8121;62;36879;92;0.6;0.0
75;2021-01-15;7625;28;44504;120;0.7;0.0
75;2021-01-16;1607;14;46111;134;0.8;0.0
75;2021-01-17;425;5;46536;139;0.8;0.0
75;2021-01-18;6886;30;53422;169;0.9;0.0
75;2021-01-19;14044;13;67466;182;1.1;0.0
75;2021-01-20;15535;13;83001;195;1.4;0.0
75;2021-01-21;16951;19;99952;214;1.7;0.0
75;2021-01-22;12970;22;112922;236;1.9;0.0
75;2021-01-23;4421;3;117343;239;2.0;0.0
75;2021-01-24;700;1;118043;240;2.0;0.0
75;2021-01-25;8864;218;126907;458;2.1;0.0
75;2021-01-26;11720;452;138627;910;2.3;0.0
75;2021-01-27;12275;769;150902;1679;2.5;0.0
75;2021-01-28;12939;2659;163841;4338;2.7;0.1
75;2021-01-29;10000;2986;173841;7324;2.9;0.1
75;2021-01-30;3379;516;177220;7840;3.0;0.1
75;2021-01-31;646;420;177866;8260;3.0;0.1
75;2021-02-01;5713;2639;183579;10899;3.1;0.2
75;2021-02-02;9607;4356;193186;15255;3.2;0.3
75;2021-02-03;9593;4369;202779;19624;3.4;0.3
75;2021-02-04;10757;5683;213536;25307;3.6;0.4
75;2021-02-05;7487;5636;221023;30943;3.7;0.5
75;2021-02-06;2377;1106;223400;32049;3.7;0.5
75;2021-02-07;673;251;224073;32300;3.7;0.5
75;2021-02-08;5134;3653;229207;35953;3.8;0.6
75;2021-02-09;7310;8077;236517;44030;3.9;0.7
75;2021-02-10;7541;8736;244058;52766;4.1;0.9
75;2021-02-11;8849;10272;252907;63038;4.2;1.1
75;2021-02-12;7405;8835;260312;71873;4.3;1.2
75;2021-02-13;1952;1759;262264;73632;4.4;1.2
75;2021-02-14;274;364;262538;73996;4.4;1.2
75;2021-02-15;3152;7838;265690;81834;4.4;1.4
75;2021-02-16;4607;10525;270297;92359;4.5;1.5
75;2021-02-17;4757;11302;275054;103661;4.6;1.7
75;2021-02-18;5449;12839;280503;116500;4.7;1.9
75;2021-02-19;5419;9633;285922;126133;4.8;2.1
75;2021-02-20;987;2632;286909;128765;4.8;2.1
75;2021-02-21;186;667;287095;129432;4.8;2.2
75;2021-02-22;3649;8513;290744;137945;4.8;2.3
75;2021-02-23;5354;10942;296098;148887;4.9;2.5
75;2021-02-24;6128;10285;302226;159172;5.0;2.7
75;2021-02-25;9991;11718;312217;170890;5.2;2.8
75;2021-02-26;12243;8863;324460;179753;5.4;3.0
75;2021-02-27;5784;2485;330244;182238;5.5;3.0
75;2021-02-28;312;694;330556;182932;5.5;3.0
75;2021-03-01;5090;7014;335646;189946;5.6;3.2
75;2021-03-02;9347;8159;344993;198105;5.7;3.3
75;2021-03-03;10816;7762;355809;205867;5.9;3.4
75;2021-03-04;16730;8165;372539;214032;6.2;3.6
75;2021-03-05;20783;7449;393322;221481;6.6;3.7
75;2021-03-06;13407;2221;406729;223702;6.8;3.7
75;2021-03-07;3719;464;410448;224166;6.8;3.7
75;2021-03-08;9986;5384;420434;229550;7.0;3.8
75;2021-03-09;16849;6477;437283;236027;7.3;3.9
75;2021-03-10;18251;6305;455534;242332;7.6;4.0
75;2021-03-11;26419;6667;481953;248999;8.0;4.1
75;2021-03-12;31280;5232;513233;254231;8.6;4.2
75;2021-03-13;17851;1191;531084;255422;8.9;4.3
75;2021-03-14;1700;245;532784;255667;8.9;4.3
75;2021-03-15;14066;3415;546850;259082;9.1;4.3
75;2021-03-16;13683;3707;560533;262789;9.3;4.4
75;2021-03-17;14745;3874;575278;266663;9.6;4.4
75;2021-03-18;16372;4687;591650;271350;9.9;4.5
75;2021-03-19;22423;4273;614073;275623;10.2;4.6
75;2021-03-20;14019;816;628092;276439;10.5;4.6
75;2021-03-21;2462;107;630554;276546;10.5;4.6
75;2021-03-22;16787;3451;647341;279997;10.8;4.7
75;2021-03-23;25254;3879;672595;283876;11.2;4.7
75;2021-03-24;27136;4301;699731;288177;11.7;4.8
75;2021-03-25;35595;4614;735326;292791;12.3;4.9
75;2021-03-26;38567;4166;773893;296957;12.9;4.9
75;2021-03-27;15694;1276;789587;298233;13.2;5.0
75;2021-03-28;2724;388;792311;298621;13.2;5.0
75;2021-03-29;22826;4129;815137;302750;13.6;5.0
75;2021-03-30;31618;5960;846755;308710;14.1;5.1
75;2021-03-31;29728;5926;876483;314636;14.6;5.2
75;2021-04-01;34975;6931;911458;321567;15.2;5.4
75;2021-04-02;32313;6864;943771;328431;15.7;5.5
75;2021-04-03;12813;2631;956584;331062;15.9;5.5
75;2021-04-04;2135;339;958719;331401;16.0;5.5
75;2021-04-05;6366;600;965085;332001;16.1;5.5
75;2021-04-06;26367;10816;991452;342817;16.5;5.7
75;2021-04-07;32352;11005;1023804;353822;17.1;5.9
75;2021-04-08;39538;12342;1063342;366164;17.7;6.1
75;2021-04-09;49212;10962;1112554;377126;18.5;6.3
75;2021-04-10;24427;4962;1136981;382088;18.9;6.4
75;2021-04-11;4969;716;1141950;382804;19.0;6.4
75;2021-04-12;27361;11833;1169311;394637;19.5;6.6
75;2021-04-13;35687;14319;1204998;408956;20.1;6.8
75;2021-04-14;35392;14474;1240390;423430;20.7;7.1
75;2021-04-15;37640;15042;1278030;438472;21.3;7.3
75;2021-04-16;37110;15108;1315140;453580;21.9;7.6
75;2021-04-17;19546;7374;1334686;460954;22.2;7.7
75;2021-04-18;4072;2051;1338758;463005;22.3;7.7
75;2021-04-19;20884;14943;1359642;477948;22.7;8.0
75;2021-04-20;28479;19100;1388121;497048;23.1;8.3
75;2021-04-21;27802;18071;1415923;515119;23.6;8.6
75;2021-04-22;30357;19664;1446280;534783;24.1;8.9
75;2021-04-23;29034;20221;1475314;555004;24.6;9.3
75;2021-04-24;16999;9124;1492313;564128;24.9;9.4
75;2021-04-25;4596;1498;1496909;565626;24.9;9.4
75;2021-04-26;22308;19282;1519217;584908;25.3;9.7
75;2021-04-27;29180;24301;1548397;609209;25.8;10.2
75;2021-04-28;31134;24004;1579531;633213;26.3;10.6
75;2021-04-29;37244;26627;1616775;659840;26.9;11.0
75;2021-04-30;37738;25865;1654513;685705;27.6;11.4
75;2021-05-01;15684;5743;1670197;691448;27.8;11.5
75;2021-05-02;7253;2594;1677450;694042;28.0;11.6
75;2021-05-03;27252;21177;1704702;715219;28.4;11.9
75;2021-05-04;30341;29293;1735043;744512;28.9;12.4
75;2021-05-05;31471;30984;1766514;775496;29.4;12.9
75;2021-05-06;35885;32382;1802399;807878;30.0;13.5
75;2021-05-07;37388;34344;1839787;842222;30.7;14.0
75;2021-05-08;17477;8069;1857264;850291;31.0;14.2
75;2021-05-09;7294;4144;1864558;854435;31.1;14.2
75;2021-05-10;25020;28996;1889578;883431;31.5;14.7
75;2021-05-11;35480;32946;1925058;916377;32.1;15.3
75;2021-05-12;35396;30122;1960454;946499;32.7;15.8
75;2021-05-13;22609;7502;1983063;954001;33.1;15.9
75;2021-05-14;33774;20830;2016837;974831;33.6;16.2
75;2021-05-15;22862;11084;2039699;985915;34.0;16.4
75;2021-05-16;7374;2060;2047073;987975;34.1;16.5
75;2021-05-17;33783;19199;2080856;1007174;34.7;16.8
75;2021-05-18;42562;19909;2123418;1027083;35.4;17.1
75;2021-05-19;42582;17588;2166000;1044671;36.1;17.4
75;2021-05-20;45842;20336;2211842;1065007;36.9;17.8
75;2021-05-21;42794;21371;2254636;1086378;37.6;18.1
75;2021-05-22;23220;9784;2277856;1096162;38.0;18.3
75;2021-05-23;7798;1419;2285654;1097581;38.1;18.3
75;2021-05-24;18773;4058;2304427;1101639;38.4;18.4
75;2021-05-25;36783;20946;2341210;1122585;39.0;18.7
75;2021-05-26;38220;21460;2379430;1144045;39.7;19.1
75;2021-05-27;42846;27057;2422276;1171102;40.4;19.5
75;2021-05-28;38815;32257;2461091;1203359;41.0;20.1
75;2021-05-29;19632;18093;2480723;1221452;41.3;20.4
75;2021-05-30;5769;2282;2486492;1223734;41.4;20.4
75;2021-05-31;31590;23113;2518082;1246847;42.0;20.8
75;2021-06-01;40945;29597;2559027;1276444;42.7;21.3
75;2021-06-02;41296;28209;2600323;1304653;43.3;21.7
75;2021-06-03;47569;31187;2647892;1335840;44.1;22.3
75;2021-06-04;44343;36937;2692235;1372777;44.9;22.9
75;2021-06-05;24361;18502;2716596;1391279;45.3;23.2
75;2021-06-06;8727;4314;2725323;1395593;45.4;23.3
75;2021-06-07;31358;31508;2756681;1427101;45.9;23.8
75;2021-06-08;39080;36010;2795761;1463111;46.6;24.4
75;2021-06-09;38722;32865;2834483;1495976;47.2;24.9
75;2021-06-10;42854;31770;2877337;1527746;48.0;25.5
75;2021-06-11;40204;40293;2917541;1568039;48.6;26.1
75;2021-06-12;23174;21504;2940715;1589543;49.0;26.5
75;2021-06-13;8076;5643;2948791;1595186;49.1;26.6
75;2021-06-14;23862;37898;2972653;1633084;49.5;27.2
75;2021-06-15;32999;41628;3005652;1674712;50.1;27.9
75;2021-06-16;34396;37209;3040048;1711921;50.7;28.5
76;2020-12-27;0;0;0;0;0.0;0.0
76;2020-12-28;4;0;4;0;0.0;0.0
76;2020-12-29;0;0;4;0;0.0;0.0
76;2020-12-30;0;0;4;0;0.0;0.0
76;2020-12-31;1;0;5;0;0.0;0.0
76;2021-01-01;3;0;8;0;0.0;0.0
76;2021-01-02;2;0;10;0;0.0;0.0
76;2021-01-03;2;0;12;0;0.0;0.0
76;2021-01-04;59;1;71;1;0.0;0.0
76;2021-01-05;473;1;544;2;0.0;0.0
76;2021-01-06;784;1;1328;3;0.0;0.0
76;2021-01-07;2537;3;3865;6;0.1;0.0
76;2021-01-08;3214;2;7079;8;0.1;0.0
76;2021-01-09;1537;1;8616;9;0.1;0.0
76;2021-01-10;517;0;9133;9;0.2;0.0
76;2021-01-11;3524;7;12657;16;0.2;0.0
76;2021-01-12;5741;9;18398;25;0.3;0.0
76;2021-01-13;6474;9;24872;34;0.4;0.0
76;2021-01-14;8995;83;33867;117;0.6;0.0
76;2021-01-15;7250;31;41117;148;0.7;0.0
76;2021-01-16;1952;21;43069;169;0.7;0.0
76;2021-01-17;710;3;43779;172;0.7;0.0
76;2021-01-18;7700;21;51479;193;0.9;0.0
76;2021-01-19;11193;26;62672;219;1.1;0.0
76;2021-01-20;13689;22;76361;241;1.3;0.0
76;2021-01-21;16690;19;93051;260;1.6;0.0
76;2021-01-22;11863;30;104914;290;1.8;0.0
76;2021-01-23;3879;8;108793;298;1.8;0.0
76;2021-01-24;766;11;109559;309;1.8;0.0
76;2021-01-25;7826;97;117385;406;2.0;0.0
76;2021-01-26;10344;280;127729;686;2.2;0.0
76;2021-01-27;10847;481;138576;1167;2.3;0.0
76;2021-01-28;10136;1695;148712;2862;2.5;0.0
76;2021-01-29;8086;1988;156798;4850;2.6;0.1
76;2021-01-30;3185;772;159983;5622;2.7;0.1
76;2021-01-31;518;267;160501;5889;2.7;0.1
76;2021-02-01;5853;2603;166354;8492;2.8;0.1
76;2021-02-02;10056;3996;176410;12488;3.0;0.2
76;2021-02-03;9515;4067;185925;16555;3.1;0.3
76;2021-02-04;10098;5959;196023;22514;3.3;0.4
76;2021-02-05;7771;5026;203794;27540;3.4;0.5
76;2021-02-06;2692;1050;206486;28590;3.5;0.5
76;2021-02-07;542;496;207028;29086;3.5;0.5
76;2021-02-08;4840;4528;211868;33614;3.6;0.6
76;2021-02-09;6316;6819;218184;40433;3.7;0.7
76;2021-02-10;7171;9234;225355;49667;3.8;0.8
76;2021-02-11;9126;10737;234481;60404;4.0;1.0
76;2021-02-12;8045;7684;242526;68088;4.1;1.1
76;2021-02-13;2646;2272;245172;70360;4.1;1.2
76;2021-02-14;356;994;245528;71354;4.1;1.2
76;2021-02-15;3383;6467;248911;77821;4.2;1.3
76;2021-02-16;4240;8691;253151;86512;4.3;1.5
76;2021-02-17;4372;9653;257523;96165;4.3;1.6
76;2021-02-18;5869;9987;263392;106152;4.4;1.8
76;2021-02-19;4839;8128;268231;114280;4.5;1.9
76;2021-02-20;1529;3037;269760;117317;4.6;2.0
76;2021-02-21;262;594;270022;117911;4.6;2.0
76;2021-02-22;3272;7663;273294;125574;4.6;2.1
76;2021-02-23;4916;10242;278210;135816;4.7;2.3
76;2021-02-24;4644;10417;282854;146233;4.8;2.5
76;2021-02-25;8308;9905;291162;156138;4.9;2.6
76;2021-02-26;9635;8390;300797;164528;5.1;2.8
76;2021-02-27;3716;3094;304513;167622;5.1;2.8
76;2021-02-28;430;452;304943;168074;5.1;2.8
76;2021-03-01;5303;6143;310246;174217;5.2;2.9
76;2021-03-02;8212;7566;318458;181783;5.4;3.1
76;2021-03-03;9229;7479;327687;189262;5.5;3.2
76;2021-03-04;14313;7879;342000;197141;5.8;3.3
76;2021-03-05;16857;7100;358857;204241;6.1;3.4
76;2021-03-06;15878;2144;374735;206385;6.3;3.5
76;2021-03-07;11371;463;386106;206848;6.5;3.5
76;2021-03-08;9970;5504;396076;212352;6.7;3.6
76;2021-03-09;16220;6455;412296;218807;7.0;3.7
76;2021-03-10;16399;6481;428695;225288;7.2;3.8
76;2021-03-11;22584;6379;451279;231667;7.6;3.9
76;2021-03-12;26378;5242;477657;236909;8.1;4.0
76;2021-03-13;14893;2150;492550;239059;8.3;4.0
76;2021-03-14;2318;355;494868;239414;8.4;4.0
76;2021-03-15;13503;3291;508371;242705;8.6;4.1
76;2021-03-16;11755;4520;520126;247225;8.8;4.2
76;2021-03-17;12836;3967;532962;251192;9.0;4.2
76;2021-03-18;13693;4977;546655;256169;9.2;4.3
76;2021-03-19;18637;3995;565292;260164;9.5;4.4
76;2021-03-20;10651;1122;575943;261286;9.7;4.4
76;2021-03-21;3194;218;579137;261504;9.8;4.4
76;2021-03-22;14658;3575;593795;265079;10.0;4.5
76;2021-03-23;22213;4313;616008;269392;10.4;4.5
76;2021-03-24;23578;4170;639586;273562;10.8;4.6
76;2021-03-25;31974;4592;671560;278154;11.3;4.7
76;2021-03-26;30769;4047;702329;282201;11.9;4.8
76;2021-03-27;16209;1403;718538;283604;12.1;4.8
76;2021-03-28;4866;188;723404;283792;12.2;4.8
76;2021-03-29;22277;4867;745681;288659;12.6;4.9
76;2021-03-30;29669;5693;775350;294352;13.1;5.0
76;2021-03-31;26843;5561;802193;299913;13.5;5.1
76;2021-04-01;34404;5872;836597;305785;14.1;5.2
76;2021-04-02;29296;5741;865893;311526;14.6;5.3
76;2021-04-03;12125;2842;878018;314368;14.8;5.3
76;2021-04-04;4351;654;882369;315022;14.9;5.3
76;2021-04-05;4287;671;886656;315693;15.0;5.3
76;2021-04-06;22810;9725;909466;325418;15.4;5.5
76;2021-04-07;25223;9841;934689;335259;15.8;5.7
76;2021-04-08;33067;10209;967756;345468;16.3;5.8
76;2021-04-09;38839;9586;1006595;355054;17.0;6.0
76;2021-04-10;22676;5138;1029271;360192;17.4;6.1
76;2021-04-11;8856;1424;1038127;361616;17.5;6.1
76;2021-04-12;25991;10491;1064118;372107;18.0;6.3
76;2021-04-13;35722;12831;1099840;384938;18.6;6.5
76;2021-04-14;32820;13232;1132660;398170;19.1;6.7
76;2021-04-15;37374;13803;1170034;411973;19.7;7.0
76;2021-04-16;34354;13109;1204388;425082;20.3;7.2
76;2021-04-17;21350;6628;1225738;431710;20.7;7.3
76;2021-04-18;7706;2681;1233444;434391;20.8;7.3
76;2021-04-19;22034;12907;1255478;447298;21.2;7.5
76;2021-04-20;27948;16709;1283426;464007;21.7;7.8
76;2021-04-21;27003;16910;1310429;480917;22.1;8.1
76;2021-04-22;30328;17902;1340757;498819;22.6;8.4
76;2021-04-23;28648;16374;1369405;515193;23.1;8.7
76;2021-04-24;18457;10386;1387862;525579;23.4;8.9
76;2021-04-25;6911;4193;1394773;529772;23.5;8.9
76;2021-04-26;19915;18386;1414688;548158;23.9;9.3
76;2021-04-27;26703;21393;1441391;569551;24.3;9.6
76;2021-04-28;25870;20946;1467261;590497;24.8;10.0
76;2021-04-29;29707;23186;1496968;613683;25.3;10.4
76;2021-04-30;30755;20117;1527723;633800;25.8;10.7
76;2021-05-01;17418;7008;1545141;640808;26.1;10.8
76;2021-05-02;9476;4776;1554617;645584;26.2;10.9
76;2021-05-03;26504;16768;1581121;662352;26.7;11.2
76;2021-05-04;29968;25813;1611089;688165;27.2;11.6
76;2021-05-05;28127;26388;1639216;714553;27.7;12.1
76;2021-05-06;30943;30833;1670159;745386;28.2;12.6
76;2021-05-07;31539;30764;1701698;776150;28.7;13.1
76;2021-05-08;17018;10520;1718716;786670;29.0;13.3
76;2021-05-09;9677;8665;1728393;795335;29.2;13.4
76;2021-05-10;23920;28019;1752313;823354;29.6;13.9
76;2021-05-11;31525;33035;1783838;856389;30.1;14.5
76;2021-05-12;33009;29353;1816847;885742;30.7;14.9
76;2021-05-13;25807;9684;1842654;895426;31.1;15.1
76;2021-05-14;34366;21263;1877020;916689;31.7;15.5
76;2021-05-15;24392;12160;1901412;928849;32.1;15.7
76;2021-05-16;15377;3775;1916789;932624;32.4;15.7
76;2021-05-17;27722;19209;1944511;951833;32.8;16.1
76;2021-05-18;34994;19442;1979505;971275;33.4;16.4
76;2021-05-19;36649;16789;2016154;988064;34.0;16.7
76;2021-05-20;40779;18612;2056933;1006676;34.7;17.0
76;2021-05-21;37590;19924;2094523;1026600;35.4;17.3
76;2021-05-22;26904;9236;2121427;1035836;35.8;17.5
76;2021-05-23;13257;1793;2134684;1037629;36.0;17.5
76;2021-05-24;15361;4094;2150045;1041723;36.3;17.6
76;2021-05-25;31460;20724;2181505;1062447;36.8;17.9
76;2021-05-26;33236;19176;2214741;1081623;37.4;18.3
76;2021-05-27;36190;24384;2250931;1106007;38.0;18.7
76;2021-05-28;32358;28223;2283289;1134230;38.5;19.1
76;2021-05-29;19437;16728;2302726;1150958;38.9;19.4
76;2021-05-30;6129;6312;2308855;1157270;39.0;19.5
76;2021-05-31;25677;22857;2334532;1180127;39.4;19.9
76;2021-06-01;31095;29790;2365627;1209917;39.9;20.4
76;2021-06-02;30634;28015;2396261;1237932;40.4;20.9
76;2021-06-03;34063;33055;2430324;1270987;41.0;21.5
76;2021-06-04;34960;34185;2465284;1305172;41.6;22.0
76;2021-06-05;25957;19703;2491241;1324875;42.0;22.4
76;2021-06-06;14067;6453;2505308;1331328;42.3;22.5
76;2021-06-07;25693;27631;2531001;1358959;42.7;22.9
76;2021-06-08;32905;31588;2563906;1390547;43.3;23.5
76;2021-06-09;32174;28971;2596080;1419518;43.8;24.0
76;2021-06-10;31840;29398;2627920;1448916;44.4;24.5
76;2021-06-11;33406;36054;2661326;1484970;44.9;25.1
76;2021-06-12;23142;21861;2684468;1506831;45.3;25.4
76;2021-06-13;12009;7119;2696477;1513950;45.5;25.6
76;2021-06-14;21480;33574;2717957;1547524;45.9;26.1
76;2021-06-15;28563;39617;2746520;1587141;46.4;26.8
76;2021-06-16;26793;36215;2773313;1623356;46.8;27.4
84;2020-12-27;1;0;1;0;0.0;0.0
84;2020-12-28;7;0;8;0;0.0;0.0
84;2020-12-29;5;0;13;0;0.0;0.0
84;2020-12-30;6;0;19;0;0.0;0.0
84;2020-12-31;14;0;33;0;0.0;0.0
84;2021-01-01;10;0;43;0;0.0;0.0
84;2021-01-02;2;1;45;1;0.0;0.0
84;2021-01-03;0;0;45;1;0.0;0.0
84;2021-01-04;174;0;219;1;0.0;0.0
84;2021-01-05;466;1;685;2;0.0;0.0
84;2021-01-06;1135;0;1820;2;0.0;0.0
84;2021-01-07;2845;3;4665;5;0.1;0.0
84;2021-01-08;3074;3;7739;8;0.1;0.0
84;2021-01-09;513;1;8252;9;0.1;0.0
84;2021-01-10;160;0;8412;9;0.1;0.0
84;2021-01-11;4279;8;12691;17;0.2;0.0
84;2021-01-12;6354;15;19045;32;0.2;0.0
84;2021-01-13;6837;14;25882;46;0.3;0.0
84;2021-01-14;9048;56;34930;102;0.4;0.0
84;2021-01-15;7755;28;42685;130;0.5;0.0
84;2021-01-16;2953;7;45638;137;0.6;0.0
84;2021-01-17;919;2;46557;139;0.6;0.0
84;2021-01-18;8955;34;55512;173;0.7;0.0
84;2021-01-19;15045;81;70557;254;0.9;0.0
84;2021-01-20;15486;34;86043;288;1.1;0.0
84;2021-01-21;14568;48;100611;336;1.3;0.0
84;2021-01-22;12404;43;113015;379;1.4;0.0
84;2021-01-23;4757;3;117772;382;1.5;0.0
84;2021-01-24;810;1;118582;383;1.5;0.0
84;2021-01-25;8756;145;127338;528;1.6;0.0
84;2021-01-26;11894;318;139232;846;1.7;0.0
84;2021-01-27;12047;615;151279;1461;1.9;0.0
84;2021-01-28;13796;1538;165075;2999;2.1;0.0
84;2021-01-29;10790;1309;175865;4308;2.2;0.1
84;2021-01-30;4138;147;180003;4455;2.2;0.1
84;2021-01-31;498;1;180501;4456;2.2;0.1
84;2021-02-01;6532;1886;187033;6342;2.3;0.1
84;2021-02-02;10586;3517;197619;9859;2.5;0.1
84;2021-02-03;11525;3922;209144;13781;2.6;0.2
84;2021-02-04;12548;5535;221692;19316;2.8;0.2
84;2021-02-05;8609;4694;230301;24010;2.9;0.3
84;2021-02-06;2651;957;232952;24967;2.9;0.3
84;2021-02-07;452;441;233404;25408;2.9;0.3
84;2021-02-08;6222;4968;239626;30376;3.0;0.4
84;2021-02-09;9339;8259;248965;38635;3.1;0.5
84;2021-02-10;9675;8613;258640;47248;3.2;0.6
84;2021-02-11;10689;9902;269329;57150;3.4;0.7
84;2021-02-12;9709;7933;279038;65083;3.5;0.8
84;2021-02-13;3497;2341;282535;67424;3.5;0.8
84;2021-02-14;623;456;283158;67880;3.5;0.8
84;2021-02-15;4869;8359;288027;76239;3.6;0.9
84;2021-02-16;6092;10768;294119;87007;3.7;1.1
84;2021-02-17;6045;11567;300164;98574;3.7;1.2
84;2021-02-18;7096;11764;307260;110338;3.8;1.4
84;2021-02-19;6643;9346;313903;119684;3.9;1.5
84;2021-02-20;1836;3269;315739;122953;3.9;1.5
84;2021-02-21;180;504;315919;123457;3.9;1.5
84;2021-02-22;4288;8851;320207;132308;4.0;1.6
84;2021-02-23;7275;11418;327482;143726;4.1;1.8
84;2021-02-24;7788;12024;335270;155750;4.2;1.9
84;2021-02-25;12722;13774;347992;169524;4.3;2.1
84;2021-02-26;14873;10345;362865;179869;4.5;2.2
84;2021-02-27;5558;2917;368423;182786;4.6;2.3
84;2021-02-28;500;514;368923;183300;4.6;2.3
84;2021-03-01;9287;6412;378210;189712;4.7;2.4
84;2021-03-02;14958;8801;393168;198513;4.9;2.5
84;2021-03-03;14793;8656;407961;207169;5.1;2.6
84;2021-03-04;20982;8426;428943;215595;5.3;2.7
84;2021-03-05;25766;7664;454709;223259;5.7;2.8
84;2021-03-06;19489;2366;474198;225625;5.9;2.8
84;2021-03-07;8413;451;482611;226076;6.0;2.8
84;2021-03-08;12199;6790;494810;232866;6.2;2.9
84;2021-03-09;20664;7687;515474;240553;6.4;3.0
84;2021-03-10;20218;7506;535692;248059;6.7;3.1
84;2021-03-11;29436;8109;565128;256168;7.0;3.2
84;2021-03-12;36157;7647;601285;263815;7.5;3.3
84;2021-03-13;21417;1855;622702;265670;7.8;3.3
84;2021-03-14;4681;468;627383;266138;7.8;3.3
84;2021-03-15;18846;4774;646229;270912;8.0;3.4
84;2021-03-16;17048;6092;663277;277004;8.3;3.4
84;2021-03-17;17567;6463;680844;283467;8.5;3.5
84;2021-03-18;21493;6928;702337;290395;8.7;3.6
84;2021-03-19;28961;5485;731298;295880;9.1;3.7
84;2021-03-20;14535;1391;745833;297271;9.3;3.7
84;2021-03-21;3236;269;749069;297540;9.3;3.7
84;2021-03-22;19729;5133;768798;302673;9.6;3.8
84;2021-03-23;30771;5943;799569;308616;10.0;3.8
84;2021-03-24;29938;5853;829507;314469;10.3;3.9
84;2021-03-25;41509;6452;871016;320921;10.8;4.0
84;2021-03-26;42914;6733;913930;327654;11.4;4.1
84;2021-03-27;18179;2910;932109;330564;11.6;4.1
84;2021-03-28;6502;589;938611;331153;11.7;4.1
84;2021-03-29;22926;7907;961537;339060;12.0;4.2
84;2021-03-30;34904;10149;996441;349209;12.4;4.3
84;2021-03-31;29559;10989;1026000;360198;12.8;4.5
84;2021-04-01;37209;11413;1063209;371611;13.2;4.6
84;2021-04-02;34840;11338;1098049;382949;13.7;4.8
84;2021-04-03;14780;6219;1112829;389168;13.9;4.8
84;2021-04-04;9928;1998;1122757;391166;14.0;4.9
84;2021-04-05;13520;1663;1136277;392829;14.1;4.9
84;2021-04-06;26261;13214;1162538;406043;14.5;5.1
84;2021-04-07;29468;14666;1192006;420709;14.8;5.2
84;2021-04-08;39614;15438;1231620;436147;15.3;5.4
84;2021-04-09;49338;15049;1280958;451196;15.9;5.6
84;2021-04-10;20435;8122;1301393;459318;16.2;5.7
84;2021-04-11;7211;2699;1308604;462017;16.3;5.8
84;2021-04-12;27277;15572;1335881;477589;16.6;5.9
84;2021-04-13;36063;19357;1371944;496946;17.1;6.2
84;2021-04-14;34569;18250;1406513;515196;17.5;6.4
84;2021-04-15;40040;19674;1446553;534870;18.0;6.7
84;2021-04-16;38139;20067;1484692;554937;18.5;6.9
84;2021-04-17;20453;9024;1505145;563961;18.7;7.0
84;2021-04-18;6836;2706;1511981;566667;18.8;7.1
84;2021-04-19;26189;18575;1538170;585242;19.1;7.3
84;2021-04-20;31170;22497;1569340;607739;19.5;7.6
84;2021-04-21;28020;21468;1597360;629207;19.9;7.8
84;2021-04-22;32214;22621;1629574;651828;20.3;8.1
84;2021-04-23;32669;23084;1662243;674912;20.7;8.4
84;2021-04-24;17845;11896;1680088;686808;20.9;8.6
84;2021-04-25;7132;4280;1687220;691088;21.0;8.6
84;2021-04-26;23691;20042;1710911;711130;21.3;8.9
84;2021-04-27;31740;25264;1742651;736394;21.7;9.2
84;2021-04-28;32457;24839;1775108;761233;22.1;9.5
84;2021-04-29;39617;26553;1814725;787786;22.6;9.8
84;2021-04-30;38123;27853;1852848;815639;23.1;10.2
84;2021-05-01;17152;5366;1870000;821005;23.3;10.2
84;2021-05-02;7967;8582;1877967;829587;23.4;10.3
84;2021-05-03;30280;27496;1908247;857083;23.8;10.7
84;2021-05-04;37109;33739;1945356;890822;24.2;11.1
84;2021-05-05;40186;30175;1985542;920997;24.7;11.5
84;2021-05-06;46523;32618;2032065;953615;25.3;11.9
84;2021-05-07;46861;36801;2078926;990416;25.9;12.3
84;2021-05-08;20327;7609;2099253;998025;26.1;12.4
84;2021-05-09;15817;8897;2115070;1006922;26.3;12.5
84;2021-05-10;35731;31967;2150801;1038889;26.8;12.9
84;2021-05-11;52440;36218;2203241;1075107;27.4;13.4
84;2021-05-12;56249;31818;2259490;1106925;28.1;13.8
84;2021-05-13;47132;10481;2306622;1117406;28.7;13.9
84;2021-05-14;57113;24946;2363735;1142352;29.4;14.2
84;2021-05-15;43855;13579;2407590;1155931;30.0;14.4
84;2021-05-16;30300;5099;2437890;1161030;30.4;14.5
84;2021-05-17;48082;24893;2485972;1185923;30.9;14.8
84;2021-05-18;58761;27325;2544733;1213248;31.7;15.1
84;2021-05-19;58137;23503;2602870;1236751;32.4;15.4
84;2021-05-20;61276;27004;2664146;1263755;33.2;15.7
84;2021-05-21;60703;29359;2724849;1293114;33.9;16.1
84;2021-05-22;40326;12884;2765175;1305998;34.4;16.3
84;2021-05-23;21317;3961;2786492;1309959;34.7;16.3
84;2021-05-24;39484;8510;2825976;1318469;35.2;16.4
84;2021-05-25;50171;31643;2876147;1350112;35.8;16.8
84;2021-05-26;49609;28897;2925756;1379009;36.4;17.2
84;2021-05-27;55577;31807;2981333;1410816;37.1;17.6
84;2021-05-28;54658;40474;3035991;1451290;37.8;18.1
84;2021-05-29;37552;22369;3073543;1473659;38.3;18.3
84;2021-05-30;16109;7255;3089652;1480914;38.5;18.4
84;2021-05-31;44249;29389;3133901;1510303;39.0;18.8
84;2021-06-01;48215;36607;3182116;1546910;39.6;19.3
84;2021-06-02;47645;31171;3229761;1578081;40.2;19.6
84;2021-06-03;55950;36536;3285711;1614617;40.9;20.1
84;2021-06-04;54523;42331;3340234;1656948;41.6;20.6
84;2021-06-05;38024;21652;3378258;1678600;42.1;20.9
84;2021-06-06;15889;6268;3394147;1684868;42.3;21.0
84;2021-06-07;41289;35111;3435436;1719979;42.8;21.4
84;2021-06-08;45623;37962;3481059;1757941;43.3;21.9
84;2021-06-09;40533;33764;3521592;1791705;43.8;22.3
84;2021-06-10;40993;33783;3562585;1825488;44.4;22.7
84;2021-06-11;43201;46225;3605786;1871713;44.9;23.3
84;2021-06-12;28091;22860;3633877;1894573;45.2;23.6
84;2021-06-13;8596;7083;3642473;1901656;45.3;23.7
84;2021-06-14;25425;44461;3667898;1946117;45.7;24.2
84;2021-06-15;31392;49182;3699290;1995299;46.1;24.8
84;2021-06-16;32829;45293;3732119;2040592;46.5;25.4
93;2020-12-27;0;0;0;0;0.0;0.0
93;2020-12-28;2;0;2;0;0.0;0.0
93;2020-12-29;1;0;3;0;0.0;0.0
93;2020-12-30;3;0;6;0;0.0;0.0
93;2020-12-31;19;0;25;0;0.0;0.0
93;2021-01-01;13;0;38;0;0.0;0.0
93;2021-01-02;2;0;40;0;0.0;0.0
93;2021-01-03;2;0;42;0;0.0;0.0
93;2021-01-04;133;1;175;1;0.0;0.0
93;2021-01-05;250;1;425;2;0.0;0.0
93;2021-01-06;409;0;834;2;0.0;0.0
93;2021-01-07;1245;2;2079;4;0.0;0.0
93;2021-01-08;1562;2;3641;6;0.1;0.0
93;2021-01-09;540;1;4181;7;0.1;0.0
93;2021-01-10;73;0;4254;7;0.1;0.0
93;2021-01-11;2407;1;6661;8;0.1;0.0
93;2021-01-12;5086;6;11747;14;0.2;0.0
93;2021-01-13;4442;14;16189;28;0.3;0.0
93;2021-01-14;5538;49;21727;77;0.4;0.0
93;2021-01-15;4922;15;26649;92;0.5;0.0
93;2021-01-16;1676;4;28325;96;0.6;0.0
93;2021-01-17;299;1;28624;97;0.6;0.0
93;2021-01-18;7154;29;35778;126;0.7;0.0
93;2021-01-19;13519;32;49297;158;1.0;0.0
93;2021-01-20;12243;33;61540;191;1.2;0.0
93;2021-01-21;12300;45;73840;236;1.5;0.0
93;2021-01-22;10166;25;84006;261;1.7;0.0
93;2021-01-23;3325;6;87331;267;1.7;0.0
93;2021-01-24;537;4;87868;271;1.7;0.0
93;2021-01-25;7244;38;95112;309;1.9;0.0
93;2021-01-26;10066;135;105178;444;2.1;0.0
93;2021-01-27;9680;288;114858;732;2.3;0.0
93;2021-01-28;13662;827;128520;1559;2.5;0.0
93;2021-01-29;9841;976;138361;2535;2.7;0.1
93;2021-01-30;2240;159;140601;2694;2.8;0.1
93;2021-01-31;303;5;140904;2699;2.8;0.1
93;2021-02-01;5159;1517;146063;4216;2.9;0.1
93;2021-02-02;6641;2379;152704;6595;3.0;0.1
93;2021-02-03;5021;1819;157725;8414;3.1;0.2
93;2021-02-04;5532;3159;163257;11573;3.2;0.2
93;2021-02-05;6106;4125;169363;15698;3.3;0.3
93;2021-02-06;1245;970;170608;16668;3.4;0.3
93;2021-02-07;280;81;170888;16749;3.4;0.3
93;2021-02-08;4301;3746;175189;20495;3.5;0.4
93;2021-02-09;5888;7102;181077;27597;3.6;0.5
93;2021-02-10;5949;5884;187026;33481;3.7;0.7
93;2021-02-11;6595;6717;193621;40198;3.8;0.8
93;2021-02-12;5717;6479;199338;46677;3.9;0.9
93;2021-02-13;1127;1448;200465;48125;4.0;1.0
93;2021-02-14;73;384;200538;48509;4.0;1.0
93;2021-02-15;2412;5638;202950;54147;4.0;1.1
93;2021-02-16;3190;7701;206140;61848;4.1;1.2
93;2021-02-17;3605;8526;209745;70374;4.1;1.4
93;2021-02-18;5999;11416;215744;81790;4.3;1.6
93;2021-02-19;5633;8672;221377;90462;4.4;1.8
93;2021-02-20;877;1800;222254;92262;4.4;1.8
93;2021-02-21;68;417;222322;92679;4.4;1.8
93;2021-02-22;3027;6994;225349;99673;4.5;2.0
93;2021-02-23;3958;7243;229307;106916;4.5;2.1
93;2021-02-24;4748;6796;234055;113712;4.6;2.2
93;2021-02-25;8238;6660;242293;120372;4.8;2.4
93;2021-02-26;8268;6172;250561;126544;5.0;2.5
93;2021-02-27;3284;1487;253845;128031;5.0;2.5
93;2021-02-28;303;238;254148;128269;5.0;2.5
93;2021-03-01;5641;4482;259789;132751;5.1;2.6
93;2021-03-02;7210;5928;266999;138679;5.3;2.7
93;2021-03-03;8979;6547;275978;145226;5.5;2.9
93;2021-03-04;12048;6443;288026;151669;5.7;3.0
93;2021-03-05;12184;6087;300210;157756;5.9;3.1
93;2021-03-06;22750;1275;322960;159031;6.4;3.1
93;2021-03-07;17969;583;340929;159614;6.7;3.2
93;2021-03-08;10236;5250;351165;164864;6.9;3.3
93;2021-03-09;13947;5552;365112;170416;7.2;3.4
93;2021-03-10;14482;5259;379594;175675;7.5;3.5
93;2021-03-11;20367;6129;399961;181804;7.9;3.6
93;2021-03-12;21894;5273;421855;187077;8.3;3.7
93;2021-03-13;24576;1206;446431;188283;8.8;3.7
93;2021-03-14;6467;255;452898;188538;9.0;3.7
93;2021-03-15;15926;3099;468824;191637;9.3;3.8
93;2021-03-16;12710;3630;481534;195267;9.5;3.9
93;2021-03-17;15982;4624;497516;199891;9.8;4.0
93;2021-03-18;17027;4882;514543;204773;10.2;4.1
93;2021-03-19;21008;4677;535551;209450;10.6;4.1
93;2021-03-20;10987;1311;546538;210761;10.8;4.2
93;2021-03-21;3254;129;549792;210890;10.9;4.2
93;2021-03-22;17079;3544;566871;214434;11.2;4.2
93;2021-03-23;22638;3859;589509;218293;11.7;4.3
93;2021-03-24;21963;6611;611472;224904;12.1;4.4
93;2021-03-25;28967;6492;640439;231396;12.7;4.6
93;2021-03-26;29853;4994;670292;236390;13.3;4.7
93;2021-03-27;12434;1622;682726;238012;13.5;4.7
93;2021-03-28;3562;99;686288;238111;13.6;4.7
93;2021-03-29;18474;5313;704762;243424;13.9;4.8
93;2021-03-30;28447;6650;733209;250074;14.5;4.9
93;2021-03-31;28749;6604;761958;256678;15.1;5.1
93;2021-04-01;30681;7448;792639;264126;15.7;5.2
93;2021-04-02;26889;8441;819528;272567;16.2;5.4
93;2021-04-03;9740;4970;829268;277537;16.4;5.5
93;2021-04-04;2113;1250;831381;278787;16.4;5.5
93;2021-04-05;6052;1550;837433;280337;16.6;5.5
93;2021-04-06;23385;9997;860818;290334;17.0;5.7
93;2021-04-07;26045;11654;886863;301988;17.5;6.0
93;2021-04-08;28795;14938;915658;316926;18.1;6.3
93;2021-04-09;33528;14567;949186;331493;18.8;6.6
93;2021-04-10;14801;8160;963987;339653;19.1;6.7
93;2021-04-11;3625;2958;967612;342611;19.1;6.8
93;2021-04-12;20567;12182;988179;354793;19.5;7.0
93;2021-04-13;25464;15193;1013643;369986;20.0;7.3
93;2021-04-14;25159;15215;1038802;385201;20.5;7.6
93;2021-04-15;26955;15613;1065757;400814;21.1;7.9
93;2021-04-16;27857;16419;1093614;417233;21.6;8.3
93;2021-04-17;12805;7715;1106419;424948;21.9;8.4
93;2021-04-18;5247;2957;1111666;427905;22.0;8.5
93;2021-04-19;19065;15934;1130731;443839;22.4;8.8
93;2021-04-20;21300;18725;1152031;462564;22.8;9.1
93;2021-04-21;23829;18264;1175860;480828;23.3;9.5
93;2021-04-22;25805;19203;1201665;500031;23.8;9.9
93;2021-04-23;25280;18124;1226945;518155;24.3;10.2
93;2021-04-24;11527;8691;1238472;526846;24.5;10.4
93;2021-04-25;3202;2138;1241674;528984;24.6;10.5
93;2021-04-26;16417;15842;1258091;544826;24.9;10.8
93;2021-04-27;19410;20148;1277501;564974;25.3;11.2
93;2021-04-28;21305;20083;1298806;585057;25.7;11.6
93;2021-04-29;27814;21738;1326620;606795;26.2;12.0
93;2021-04-30;27208;20569;1353828;627364;26.8;12.4
93;2021-05-01;11556;5270;1365384;632634;27.0;12.5
93;2021-05-02;4056;1884;1369440;634518;27.1;12.6
93;2021-05-03;20357;18158;1389797;652676;27.5;12.9
93;2021-05-04;20713;22708;1410510;675384;27.9;13.4
93;2021-05-05;19390;21495;1429900;696879;28.3;13.8
93;2021-05-06;24643;21601;1454543;718480;28.8;14.2
93;2021-05-07;22324;24983;1476867;743463;29.2;14.7
93;2021-05-08;13178;6846;1490045;750309;29.5;14.8
93;2021-05-09;3453;2309;1493498;752618;29.5;14.9
93;2021-05-10;18458;22575;1511956;775193;29.9;15.3
93;2021-05-11;25212;25595;1537168;800788;30.4;15.8
93;2021-05-12;31970;22476;1569138;823264;31.0;16.3
93;2021-05-13;27655;7823;1596793;831087;31.6;16.4
93;2021-05-14;34940;16328;1631733;847415;32.3;16.8
93;2021-05-15;29187;10210;1660920;857625;32.9;17.0
93;2021-05-16;12691;2500;1673611;860125;33.1;17.0
93;2021-05-17;25080;17277;1698691;877402;33.6;17.4
93;2021-05-18;29420;16618;1728111;894020;34.2;17.7
93;2021-05-19;29384;15120;1757495;909140;34.8;18.0
93;2021-05-20;32523;16660;1790018;925800;35.4;18.3
93;2021-05-21;33542;17816;1823560;943616;36.1;18.7
93;2021-05-22;18503;7658;1842063;951274;36.4;18.8
93;2021-05-23;5892;2008;1847955;953282;36.6;18.9
93;2021-05-24;17424;4973;1865379;958255;36.9;19.0
93;2021-05-25;23511;20427;1888890;978682;37.4;19.4
93;2021-05-26;24426;21873;1913316;1000555;37.8;19.8
93;2021-05-27;26257;23275;1939573;1023830;38.4;20.3
93;2021-05-28;22717;26595;1962290;1050425;38.8;20.8
93;2021-05-29;13119;14350;1975409;1064775;39.1;21.1
93;2021-05-30;2580;3180;1977989;1067955;39.1;21.1
93;2021-05-31;20694;21243;1998683;1089198;39.5;21.5
93;2021-06-01;24109;26079;2022792;1115277;40.0;22.1
93;2021-06-02;22123;26057;2044915;1141334;40.4;22.6
93;2021-06-03;27466;27230;2072381;1168564;41.0;23.1
93;2021-06-04;27883;28292;2100264;1196856;41.5;23.7
93;2021-06-05;16248;14199;2116512;1211055;41.9;24.0
93;2021-06-06;4855;2788;2121367;1213843;42.0;24.0
93;2021-06-07;16479;24200;2137846;1238043;42.3;24.5
93;2021-06-08;20265;24027;2158111;1262070;42.7;25.0
93;2021-06-09;19930;25571;2178041;1287641;43.1;25.5
93;2021-06-10;20856;24495;2198897;1312136;43.5;26.0
93;2021-06-11;18799;30601;2217696;1342737;43.9;26.6
93;2021-06-12;12265;15197;2229961;1357934;44.1;26.9
93;2021-06-13;2537;3309;2232498;1361243;44.2;26.9
93;2021-06-14;12954;29301;2245452;1390544;44.4;27.5
93;2021-06-15;15958;30848;2261410;1421392;44.7;28.1
93;2021-06-16;16552;25490;2277962;1446882;45.1;28.6
94;2020-12-27;0;0;0;0;0.0;0.0
94;2020-12-28;0;0;0;0;0.0;0.0
94;2020-12-29;0;0;0;0;0.0;0.0
94;2020-12-30;0;0;0;0;0.0;0.0
94;2020-12-31;0;0;0;0;0.0;0.0
94;2021-01-01;0;0;0;0;0.0;0.0
94;2021-01-02;0;0;0;0;0.0;0.0
94;2021-01-03;0;0;0;0;0.0;0.0
94;2021-01-04;2;0;2;0;0.0;0.0
94;2021-01-05;0;0;2;0;0.0;0.0
94;2021-01-06;53;0;55;0;0.0;0.0
94;2021-01-07;333;1;388;1;0.1;0.0
94;2021-01-08;310;0;698;1;0.2;0.0
94;2021-01-09;78;0;776;1;0.2;0.0
94;2021-01-10;34;0;810;1;0.2;0.0
94;2021-01-11;152;2;962;3;0.3;0.0
94;2021-01-12;209;1;1171;4;0.3;0.0
94;2021-01-13;203;0;1374;4;0.4;0.0
94;2021-01-14;264;1;1638;5;0.5;0.0
94;2021-01-15;403;0;2041;5;0.6;0.0
94;2021-01-16;200;1;2241;6;0.7;0.0
94;2021-01-17;89;1;2330;7;0.7;0.0
94;2021-01-18;471;2;2801;9;0.8;0.0
94;2021-01-19;982;0;3783;9;1.1;0.0
94;2021-01-20;808;0;4591;9;1.3;0.0
94;2021-01-21;807;1;5398;10;1.6;0.0
94;2021-01-22;722;0;6120;10;1.8;0.0
94;2021-01-23;243;0;6363;10;1.8;0.0
94;2021-01-24;147;0;6510;10;1.9;0.0
94;2021-01-25;422;2;6932;12;2.0;0.0
94;2021-01-26;790;7;7722;19;2.2;0.0
94;2021-01-27;663;55;8385;74;2.4;0.0
94;2021-01-28;699;230;9084;304;2.6;0.1
94;2021-01-29;620;229;9704;533;2.8;0.2
94;2021-01-30;204;74;9908;607;2.9;0.2
94;2021-01-31;150;12;10058;619;2.9;0.2
94;2021-02-01;459;147;10517;766;3.1;0.2
94;2021-02-02;643;196;11160;962;3.2;0.3
94;2021-02-03;783;167;11943;1129;3.5;0.3
94;2021-02-04;714;298;12657;1427;3.7;0.4
94;2021-02-05;647;201;13304;1628;3.9;0.5
94;2021-02-06;207;75;13511;1703;3.9;0.5
94;2021-02-07;126;58;13637;1761;4.0;0.5
94;2021-02-08;322;366;13959;2127;4.0;0.6
94;2021-02-09;713;616;14672;2743;4.3;0.8
94;2021-02-10;643;430;15315;3173;4.4;0.9
94;2021-02-11;678;497;15993;3670;4.6;1.1
94;2021-02-12;635;428;16628;4098;4.8;1.2
94;2021-02-13;301;72;16929;4170;4.9;1.2
94;2021-02-14;195;78;17124;4248;5.0;1.2
94;2021-02-15;377;310;17501;4558;5.1;1.3
94;2021-02-16;634;604;18135;5162;5.3;1.5
94;2021-02-17;592;482;18727;5644;5.4;1.6
94;2021-02-18;550;545;19277;6189;5.6;1.8
94;2021-02-19;309;611;19586;6800;5.7;2.0
94;2021-02-20;275;199;19861;6999;5.8;2.0
94;2021-02-21;84;84;19945;7083;5.8;2.1
94;2021-02-22;211;406;20156;7489;5.8;2.2
94;2021-02-23;352;648;20508;8137;5.9;2.4
94;2021-02-24;298;609;20806;8746;6.0;2.5
94;2021-02-25;348;608;21154;9354;6.1;2.7
94;2021-02-26;420;555;21574;9909;6.3;2.9
94;2021-02-27;368;152;21942;10061;6.4;2.9
94;2021-02-28;70;123;22012;10184;6.4;3.0
94;2021-03-01;360;413;22372;10597;6.5;3.1
94;2021-03-02;549;654;22921;11251;6.6;3.3
94;2021-03-03;530;692;23451;11943;6.8;3.5
94;2021-03-04;950;635;24401;12578;7.1;3.6
94;2021-03-05;1584;672;25985;13250;7.5;3.8
94;2021-03-06;1843;164;27828;13414;8.1;3.9
94;2021-03-07;1379;100;29207;13514;8.5;3.9
94;2021-03-08;1228;323;30435;13837;8.8;4.0
94;2021-03-09;1312;654;31747;14491;9.2;4.2
94;2021-03-10;1259;578;33006;15069;9.6;4.4
94;2021-03-11;1307;635;34313;15704;10.0;4.6
94;2021-03-12;1515;540;35828;16244;10.4;4.7
94;2021-03-13;1116;303;36944;16547;10.7;4.8
94;2021-03-14;537;184;37481;16731;10.9;4.9
94;2021-03-15;886;399;38367;17130;11.1;5.0
94;2021-03-16;1064;639;39431;17769;11.4;5.2
94;2021-03-17;1225;529;40656;18298;11.8;5.3
94;2021-03-18;993;529;41649;18827;12.1;5.5
94;2021-03-19;1284;339;42933;19166;12.5;5.6
94;2021-03-20;1730;288;44663;19454;13.0;5.6
94;2021-03-21;1126;82;45789;19536;13.3;5.7
94;2021-03-22;888;187;46677;19723;13.5;5.7
94;2021-03-23;1302;319;47979;20042;13.9;5.8
94;2021-03-24;1682;303;49661;20345;14.4;5.9
94;2021-03-25;1750;292;51411;20637;14.9;6.0
94;2021-03-26;2020;343;53431;20980;15.5;6.1
94;2021-03-27;2270;226;55701;21206;16.2;6.2
94;2021-03-28;1070;217;56771;21423;16.5;6.2
94;2021-03-29;1021;312;57792;21735;16.8;6.3
94;2021-03-30;1350;556;59142;22291;17.2;6.5
94;2021-03-31;1425;485;60567;22776;17.6;6.6
94;2021-04-01;1633;678;62200;23454;18.0;6.8
94;2021-04-02;1858;1189;64058;24643;18.6;7.1
94;2021-04-03;1890;1126;65948;25769;19.1;7.5
94;2021-04-04;770;842;66718;26611;19.4;7.7
94;2021-04-05;628;806;67346;27417;19.5;8.0
94;2021-04-06;1578;912;68924;28329;20.0;8.2
94;2021-04-07;2004;848;70928;29177;20.6;8.5
94;2021-04-08;2173;755;73101;29932;21.2;8.7
94;2021-04-09;2097;947;75198;30879;21.8;9.0
94;2021-04-10;2402;623;77600;31502;22.5;9.1
94;2021-04-11;1173;312;78773;31814;22.9;9.2
94;2021-04-12;1517;896;80290;32710;23.3;9.5
94;2021-04-13;1384;1007;81674;33717;23.7;9.8
94;2021-04-14;2084;1074;83758;34791;24.3;10.1
94;2021-04-15;1909;1026;85667;35817;24.9;10.4
94;2021-04-16;1775;1038;87442;36855;25.4;10.7
94;2021-04-17;1749;1370;89191;38225;25.9;11.1
94;2021-04-18;1232;1277;90423;39502;26.2;11.5
94;2021-04-19;1089;772;91512;40274;26.5;11.7
94;2021-04-20;1249;1189;92761;41463;26.9;12.0
94;2021-04-21;1780;1331;94541;42794;27.4;12.4
94;2021-04-22;1821;1371;96362;44165;28.0;12.8
94;2021-04-23;1644;1401;98006;45566;28.4;13.2
94;2021-04-24;2031;1743;100037;47309;29.0;13.7
94;2021-04-25;1260;775;101297;48084;29.4;14.0
94;2021-04-26;1015;1144;102312;49228;29.7;14.3
94;2021-04-27;1307;1216;103619;50444;30.1;14.6
94;2021-04-28;2588;1265;106207;51709;30.8;15.0
94;2021-04-29;1968;1218;108175;52927;31.4;15.4
94;2021-04-30;2261;1877;110436;54804;32.0;15.9
94;2021-05-01;1423;1686;111859;56490;32.5;16.4
94;2021-05-02;1007;945;112866;57435;32.7;16.7
94;2021-05-03;1595;1066;114461;58501;33.2;17.0
94;2021-05-04;1554;1684;116015;60185;33.7;17.5
94;2021-05-05;1802;2356;117817;62541;34.2;18.1
94;2021-05-06;2180;1806;119997;64347;34.8;18.7
94;2021-05-07;2191;1813;122188;66160;35.4;19.2
94;2021-05-08;852;1351;123040;67511;35.7;19.6
94;2021-05-09;1157;1317;124197;68828;36.0;20.0
94;2021-05-10;1342;1533;125539;70361;36.4;20.4
94;2021-05-11;1560;1573;127099;71934;36.9;20.9
94;2021-05-12;1726;1369;128825;73303;37.4;21.3
94;2021-05-13;1903;497;130728;73800;37.9;21.4
94;2021-05-14;1503;1249;132231;75049;38.4;21.8
94;2021-05-15;1447;992;133678;76041;38.8;22.1
94;2021-05-16;1000;664;134678;76705;39.1;22.3
94;2021-05-17;1567;964;136245;77669;39.5;22.5
94;2021-05-18;1535;852;137780;78521;40.0;22.8
94;2021-05-19;1527;892;139307;79413;40.4;23.0
94;2021-05-20;1326;885;140633;80298;40.8;23.3
94;2021-05-21;1198;977;141831;81275;41.1;23.6
94;2021-05-22;996;694;142827;81969;41.4;23.8
94;2021-05-23;680;327;143507;82296;41.6;23.9
94;2021-05-24;161;146;143668;82442;41.7;23.9
94;2021-05-25;943;856;144611;83298;42.0;24.2
94;2021-05-26;940;1953;145551;85251;42.2;24.7
94;2021-05-27;819;2236;146370;87487;42.5;25.4
94;2021-05-28;813;1819;147183;89306;42.7;25.9
94;2021-05-29;637;1252;147820;90558;42.9;26.3
94;2021-05-30;222;548;148042;91106;43.0;26.4
94;2021-05-31;547;1241;148589;92347;43.1;26.8
94;2021-06-01;729;1765;149318;94112;43.3;27.3
94;2021-06-02;610;1925;149928;96037;43.5;27.9
94;2021-06-03;773;1642;150701;97679;43.7;28.3
94;2021-06-04;601;2343;151302;100022;43.9;29.0
94;2021-06-05;552;1934;151854;101956;44.1;29.6
94;2021-06-06;213;1040;152067;102996;44.1;29.9
94;2021-06-07;437;1607;152504;104603;44.2;30.3
94;2021-06-08;741;1869;153245;106472;44.5;30.9
94;2021-06-09;799;2487;154044;108959;44.7;31.6
94;2021-06-10;668;1791;154712;110750;44.9;32.1
94;2021-06-11;690;2293;155402;113043;45.1;32.8
94;2021-06-12;346;1202;155748;114245;45.2;33.1
94;2021-06-13;202;854;155950;115099;45.2;33.4
94;2021-06-14;419;2036;156369;117135;45.4;34.0
94;2021-06-15;540;1723;156909;118858;45.5;34.5
94;2021-06-16;572;1711;157481;120569;45.7;35.0
