fra;clage_vacsi;jour;n_dose1;n_complet;n_cum_dose1;n_cum_complet;couv_dose1;couv_complet
FR;24;2020-12-27;1;0;1;0;0.0;0.0
FR;24;2020-12-28;3;0;4;0;0.0;0.0
FR;24;2020-12-29;0;0;4;0;0.0;0.0
FR;24;2020-12-30;0;0;4;0;0.0;0.0
FR;24;2020-12-31;1;0;5;0;0.0;0.0
FR;24;2021-01-01;2;0;7;0;0.0;0.0
FR;24;2021-01-02;1;0;8;0;0.0;0.0
FR;24;2021-01-03;2;0;10;0;0.0;0.0
FR;24;2021-01-04;4;0;14;0;0.0;0.0
FR;24;2021-01-05;17;1;31;1;0.0;0.0
FR;24;2021-01-06;36;0;67;1;0.0;0.0
FR;24;2021-01-07;180;0;247;1;0.0;0.0
FR;24;2021-01-08;217;0;464;1;0.0;0.0
FR;24;2021-01-09;39;0;503;1;0.0;0.0
FR;24;2021-01-10;35;0;538;1;0.0;0.0
FR;24;2021-01-11;255;2;793;3;0.0;0.0
FR;24;2021-01-12;398;5;1191;8;0.0;0.0
FR;24;2021-01-13;482;5;1673;13;0.0;0.0
FR;24;2021-01-14;616;7;2289;20;0.0;0.0
FR;24;2021-01-15;600;2;2889;22;0.1;0.0
FR;24;2021-01-16;118;3;3007;25;0.1;0.0
FR;24;2021-01-17;94;0;3101;25;0.1;0.0
FR;24;2021-01-18;510;5;3611;30;0.1;0.0
FR;24;2021-01-19;599;7;4210;37;0.1;0.0
FR;24;2021-01-20;652;2;4862;39;0.1;0.0
FR;24;2021-01-21;761;4;5623;43;0.1;0.0
FR;24;2021-01-22;606;6;6229;49;0.1;0.0
FR;24;2021-01-23;117;0;6346;49;0.1;0.0
FR;24;2021-01-24;22;0;6368;49;0.1;0.0
FR;24;2021-01-25;295;7;6663;56;0.1;0.0
FR;24;2021-01-26;367;13;7030;69;0.1;0.0
FR;24;2021-01-27;449;14;7479;83;0.1;0.0
FR;24;2021-01-28;603;53;8082;136;0.1;0.0
FR;24;2021-01-29;470;85;8552;221;0.2;0.0
FR;24;2021-01-30;88;16;8640;237;0.2;0.0
FR;24;2021-01-31;25;13;8665;250;0.2;0.0
FR;24;2021-02-01;157;136;8822;386;0.2;0.0
FR;24;2021-02-02;219;182;9041;568;0.2;0.0
FR;24;2021-02-03;219;188;9260;756;0.2;0.0
FR;24;2021-02-04;361;317;9621;1073;0.2;0.0
FR;24;2021-02-05;348;345;9969;1418;0.2;0.0
FR;24;2021-02-06;84;71;10053;1489;0.2;0.0
FR;24;2021-02-07;169;31;10222;1520;0.2;0.0
FR;24;2021-02-08;388;361;10610;1881;0.2;0.0
FR;24;2021-02-09;751;466;11361;2347;0.2;0.0
FR;24;2021-02-10;1095;610;12456;2957;0.2;0.1
FR;24;2021-02-11;1585;730;14041;3687;0.3;0.1
FR;24;2021-02-12;1629;580;15670;4267;0.3;0.1
FR;24;2021-02-13;293;97;15963;4364;0.3;0.1
FR;24;2021-02-14;63;32;16026;4396;0.3;0.1
FR;24;2021-02-15;1051;397;17077;4793;0.3;0.1
FR;24;2021-02-16;1568;597;18645;5390;0.3;0.1
FR;24;2021-02-17;1498;510;20143;5900;0.4;0.1
FR;24;2021-02-18;1954;650;22097;6550;0.4;0.1
FR;24;2021-02-19;1864;586;23961;7136;0.4;0.1
FR;24;2021-02-20;335;90;24296;7226;0.4;0.1
FR;24;2021-02-21;41;19;24337;7245;0.4;0.1
FR;24;2021-02-22;1171;311;25508;7556;0.5;0.1
FR;24;2021-02-23;1594;404;27102;7960;0.5;0.1
FR;24;2021-02-24;1659;357;28761;8317;0.5;0.2
FR;24;2021-02-25;2296;513;31057;8830;0.6;0.2
FR;24;2021-02-26;2209;430;33266;9260;0.6;0.2
FR;24;2021-02-27;534;91;33800;9351;0.6;0.2
FR;24;2021-02-28;92;17;33892;9368;0.6;0.2
FR;24;2021-03-01;1271;261;35163;9629;0.6;0.2
FR;24;2021-03-02;1668;334;36831;9963;0.7;0.2
FR;24;2021-03-03;1777;396;38608;10359;0.7;0.2
FR;24;2021-03-04;2202;558;40810;10917;0.8;0.2
FR;24;2021-03-05;3345;566;44155;11483;0.8;0.2
FR;24;2021-03-06;1730;173;45885;11656;0.8;0.2
FR;24;2021-03-07;991;92;46876;11748;0.9;0.2
FR;24;2021-03-08;1996;285;48872;12033;0.9;0.2
FR;24;2021-03-09;2647;381;51519;12414;0.9;0.2
FR;24;2021-03-10;2464;420;53983;12834;1.0;0.2
FR;24;2021-03-11;2975;569;56958;13403;1.1;0.2
FR;24;2021-03-12;3869;503;60827;13906;1.1;0.3
FR;24;2021-03-13;1506;131;62333;14037;1.1;0.3
FR;24;2021-03-14;538;48;62871;14085;1.2;0.3
FR;24;2021-03-15;1851;295;64722;14380;1.2;0.3
FR;24;2021-03-16;834;323;65556;14703;1.2;0.3
FR;24;2021-03-17;1082;338;66638;15041;1.2;0.3
FR;24;2021-03-18;1313;466;67951;15507;1.3;0.3
FR;24;2021-03-19;1878;391;69829;15898;1.3;0.3
FR;24;2021-03-20;840;100;70669;15998;1.3;0.3
FR;24;2021-03-21;638;83;71307;16081;1.3;0.3
FR;24;2021-03-22;1511;324;72818;16405;1.3;0.3
FR;24;2021-03-23;1809;427;74627;16832;1.4;0.3
FR;24;2021-03-24;2167;394;76794;17226;1.4;0.3
FR;24;2021-03-25;2574;531;79368;17757;1.5;0.3
FR;24;2021-03-26;3176;537;82544;18294;1.5;0.3
FR;24;2021-03-27;1907;236;84451;18530;1.6;0.3
FR;24;2021-03-28;1014;89;85465;18619;1.6;0.3
FR;24;2021-03-29;2465;396;87930;19015;1.6;0.4
FR;24;2021-03-30;3664;578;91594;19593;1.7;0.4
FR;24;2021-03-31;4204;588;95798;20181;1.8;0.4
FR;24;2021-04-01;5452;830;101250;21011;1.9;0.4
FR;24;2021-04-02;4498;698;105748;21709;1.9;0.4
FR;24;2021-04-03;1761;357;107509;22066;2.0;0.4
FR;24;2021-04-04;959;140;108468;22206;2.0;0.4
FR;24;2021-04-05;1103;143;109571;22349;2.0;0.4
FR;24;2021-04-06;3581;649;113152;22998;2.1;0.4
FR;24;2021-04-07;4803;879;117955;23877;2.2;0.4
FR;24;2021-04-08;6414;1183;124369;25060;2.3;0.5
FR;24;2021-04-09;5809;1140;130178;26200;2.4;0.5
FR;24;2021-04-10;2633;595;132811;26795;2.4;0.5
FR;24;2021-04-11;1262;325;134073;27120;2.5;0.5
FR;24;2021-04-12;3465;975;137538;28095;2.5;0.5
FR;24;2021-04-13;4809;1189;142347;29284;2.6;0.5
FR;24;2021-04-14;4992;1363;147339;30647;2.7;0.6
FR;24;2021-04-15;5263;1639;152602;32286;2.8;0.6
FR;24;2021-04-16;4871;1721;157473;34007;2.9;0.6
FR;24;2021-04-17;2142;816;159615;34823;2.9;0.6
FR;24;2021-04-18;729;448;160344;35271;3.0;0.7
FR;24;2021-04-19;2962;1546;163306;36817;3.0;0.7
FR;24;2021-04-20;3149;2163;166455;38980;3.1;0.7
FR;24;2021-04-21;3459;2511;169914;41491;3.1;0.8
FR;24;2021-04-22;4059;3176;173973;44667;3.2;0.8
FR;24;2021-04-23;4254;3334;178227;48001;3.3;0.9
FR;24;2021-04-24;2400;1697;180627;49698;3.3;0.9
FR;24;2021-04-25;1234;808;181861;50506;3.4;0.9
FR;24;2021-04-26;3136;2208;184997;52714;3.4;1.0
FR;24;2021-04-27;3967;3206;188964;55920;3.5;1.0
FR;24;2021-04-28;4510;3787;193474;59707;3.6;1.1
FR;24;2021-04-29;5557;4497;199031;64204;3.7;1.2
FR;24;2021-04-30;6299;4668;205330;68872;3.8;1.3
FR;24;2021-05-01;4038;1105;209368;69977;3.9;1.3
FR;24;2021-05-02;2801;915;212169;70892;3.9;1.3
FR;24;2021-05-03;6419;4181;218588;75073;4.0;1.4
FR;24;2021-05-04;7694;4763;226282;79836;4.2;1.5
FR;24;2021-05-05;8892;5010;235174;84846;4.3;1.6
FR;24;2021-05-06;11003;6432;246177;91278;4.5;1.7
FR;24;2021-05-07;12260;6478;258437;97756;4.8;1.8
FR;24;2021-05-08;10553;2591;268990;100347;5.0;1.9
FR;24;2021-05-09;6950;1970;275940;102317;5.1;1.9
FR;24;2021-05-10;11270;5015;287210;107332;5.3;2.0
FR;24;2021-05-11;15713;5826;302923;113158;5.6;2.1
FR;24;2021-05-12;23143;6278;326066;119436;6.0;2.2
FR;24;2021-05-13;27734;3150;353800;122586;6.5;2.3
FR;24;2021-05-14;32841;5638;386641;128224;7.1;2.4
FR;24;2021-05-15;34227;4074;420868;132298;7.8;2.4
FR;24;2021-05-16;21943;2032;442811;134330;8.2;2.5
FR;24;2021-05-17;29709;5322;472520;139652;8.7;2.6
FR;24;2021-05-18;38172;6163;510692;145815;9.4;2.7
FR;24;2021-05-19;40390;7139;551082;152954;10.2;2.8
FR;24;2021-05-20;46100;7548;597182;160502;11.0;3.0
FR;24;2021-05-21;47516;7327;644698;167829;11.9;3.1
FR;24;2021-05-22;44745;4571;689443;172400;12.7;3.2
FR;24;2021-05-23;24055;2360;713498;174760;13.2;3.2
FR;24;2021-05-24;34431;3631;747929;178391;13.8;3.3
FR;24;2021-05-25;44842;7865;792771;186256;14.6;3.4
FR;24;2021-05-26;46034;7419;838805;193675;15.5;3.6
FR;24;2021-05-27;52144;8558;890949;202233;16.4;3.7
FR;24;2021-05-28;48901;8985;939850;211218;17.3;3.9
FR;24;2021-05-29;44033;5932;983883;217150;18.1;4.0
FR;24;2021-05-30;18383;2254;1002266;219404;18.5;4.0
FR;24;2021-05-31;51868;8257;1054134;227661;19.4;4.2
FR;24;2021-06-01;59488;10166;1113622;237827;20.5;4.4
FR;24;2021-06-02;60806;9606;1174428;247433;21.7;4.6
FR;24;2021-06-03;67336;10537;1241764;257970;22.9;4.8
FR;24;2021-06-04;64677;10697;1306441;268667;24.1;5.0
FR;24;2021-06-05;54894;7763;1361335;276430;25.1;5.1
FR;24;2021-06-06;26735;3617;1388070;280047;25.6;5.2
FR;24;2021-06-07;56940;9894;1445010;289941;26.6;5.3
FR;24;2021-06-08;62752;10902;1507762;300843;27.8;5.5
FR;24;2021-06-09;61575;11372;1569337;312215;28.9;5.8
FR;24;2021-06-10;63391;13967;1632728;326182;30.1;6.0
FR;24;2021-06-11;59517;13027;1692245;339209;31.2;6.3
FR;24;2021-06-12;53274;11579;1745519;350788;32.2;6.5
FR;24;2021-06-13;20665;5387;1766184;356175;32.6;6.6
FR;24;2021-06-14;41368;13527;1807552;369702;33.3;6.8
FR;24;2021-06-15;43839;14643;1851391;384345;34.1;7.1
FR;24;2021-06-16;39909;15189;1891300;399534;34.9;7.4
FR;24;2021-06-17;45396;17880;1936696;417414;35.7;7.7
FR;24;2021-06-18;42825;21534;1979521;438948;36.5;8.1
FR;24;2021-06-19;33516;19174;2013037;458122;37.1;8.4
FR;24;2021-06-20;11388;9250;2024425;467372;37.3;8.6
FR;24;2021-06-21;30319;23791;2054744;491163;37.9;9.1
FR;29;2020-12-27;0;0;0;0;0.0;0.0
FR;29;2020-12-28;1;0;1;0;0.0;0.0
FR;29;2020-12-29;0;0;1;0;0.0;0.0
FR;29;2020-12-30;0;0;1;0;0.0;0.0
FR;29;2020-12-31;1;0;2;0;0.0;0.0
FR;29;2021-01-01;2;0;4;0;0.0;0.0
FR;29;2021-01-02;3;0;7;0;0.0;0.0
FR;29;2021-01-03;3;0;10;0;0.0;0.0
FR;29;2021-01-04;10;0;20;0;0.0;0.0
FR;29;2021-01-05;42;0;62;0;0.0;0.0
FR;29;2021-01-06;142;0;204;0;0.0;0.0
FR;29;2021-01-07;308;2;512;2;0.0;0.0
FR;29;2021-01-08;522;5;1034;7;0.0;0.0
FR;29;2021-01-09;113;0;1147;7;0.0;0.0
FR;29;2021-01-10;91;1;1238;8;0.0;0.0
FR;29;2021-01-11;648;5;1886;13;0.1;0.0
FR;29;2021-01-12;943;14;2829;27;0.1;0.0
FR;29;2021-01-13;1221;14;4050;41;0.1;0.0
FR;29;2021-01-14;1570;17;5620;58;0.2;0.0
FR;29;2021-01-15;1319;8;6939;66;0.2;0.0
FR;29;2021-01-16;193;4;7132;70;0.2;0.0
FR;29;2021-01-17;158;0;7290;70;0.2;0.0
FR;29;2021-01-18;1044;16;8334;86;0.2;0.0
FR;29;2021-01-19;1154;7;9488;93;0.3;0.0
FR;29;2021-01-20;1201;9;10689;102;0.3;0.0
FR;29;2021-01-21;1471;9;12160;111;0.3;0.0
FR;29;2021-01-22;1158;11;13318;122;0.4;0.0
FR;29;2021-01-23;170;2;13488;124;0.4;0.0
FR;29;2021-01-24;52;0;13540;124;0.4;0.0
FR;29;2021-01-25;542;19;14082;143;0.4;0.0
FR;29;2021-01-26;667;36;14749;179;0.4;0.0
FR;29;2021-01-27;731;63;15480;242;0.4;0.0
FR;29;2021-01-28;1046;126;16526;368;0.4;0.0
FR;29;2021-01-29;807;176;17333;544;0.5;0.0
FR;29;2021-01-30;143;41;17476;585;0.5;0.0
FR;29;2021-01-31;34;26;17510;611;0.5;0.0
FR;29;2021-02-01;263;295;17773;906;0.5;0.0
FR;29;2021-02-02;410;372;18183;1278;0.5;0.0
FR;29;2021-02-03;460;461;18643;1739;0.5;0.0
FR;29;2021-02-04;620;718;19263;2457;0.5;0.1
FR;29;2021-02-05;538;751;19801;3208;0.5;0.1
FR;29;2021-02-06;143;109;19944;3317;0.5;0.1
FR;29;2021-02-07;304;69;20248;3386;0.5;0.1
FR;29;2021-02-08;605;809;20853;4195;0.6;0.1
FR;29;2021-02-09;1253;1030;22106;5225;0.6;0.1
FR;29;2021-02-10;1720;1155;23826;6380;0.6;0.2
FR;29;2021-02-11;2475;1452;26301;7832;0.7;0.2
FR;29;2021-02-12;2227;1247;28528;9079;0.8;0.2
FR;29;2021-02-13;431;162;28959;9241;0.8;0.2
FR;29;2021-02-14;135;82;29094;9323;0.8;0.3
FR;29;2021-02-15;1577;816;30671;10139;0.8;0.3
FR;29;2021-02-16;1928;1188;32599;11327;0.9;0.3
FR;29;2021-02-17;1893;977;34492;12304;0.9;0.3
FR;29;2021-02-18;2408;1192;36900;13496;1.0;0.4
FR;29;2021-02-19;2328;965;39228;14461;1.1;0.4
FR;29;2021-02-20;385;127;39613;14588;1.1;0.4
FR;29;2021-02-21;86;43;39699;14631;1.1;0.4
FR;29;2021-02-22;1367;543;41066;15174;1.1;0.4
FR;29;2021-02-23;1765;673;42831;15847;1.2;0.4
FR;29;2021-02-24;1795;561;44626;16408;1.2;0.4
FR;29;2021-02-25;2414;974;47040;17382;1.3;0.5
FR;29;2021-02-26;2587;691;49627;18073;1.3;0.5
FR;29;2021-02-27;608;113;50235;18186;1.4;0.5
FR;29;2021-02-28;112;28;50347;18214;1.4;0.5
FR;29;2021-03-01;1316;368;51663;18582;1.4;0.5
FR;29;2021-03-02;1809;618;53472;19200;1.4;0.5
FR;29;2021-03-03;1997;628;55469;19828;1.5;0.5
FR;29;2021-03-04;2522;803;57991;20631;1.6;0.6
FR;29;2021-03-05;3647;775;61638;21406;1.7;0.6
FR;29;2021-03-06;1649;158;63287;21564;1.7;0.6
FR;29;2021-03-07;821;108;64108;21672;1.7;0.6
FR;29;2021-03-08;1981;437;66089;22109;1.8;0.6
FR;29;2021-03-09;2679;541;68768;22650;1.9;0.6
FR;29;2021-03-10;2599;557;71367;23207;1.9;0.6
FR;29;2021-03-11;3379;895;74746;24102;2.0;0.6
FR;29;2021-03-12;4002;798;78748;24900;2.1;0.7
FR;29;2021-03-13;1642;161;80390;25061;2.2;0.7
FR;29;2021-03-14;569;67;80959;25128;2.2;0.7
FR;29;2021-03-15;1900;399;82859;25527;2.2;0.7
FR;29;2021-03-16;1125;517;83984;26044;2.3;0.7
FR;29;2021-03-17;1387;530;85371;26574;2.3;0.7
FR;29;2021-03-18;1657;704;87028;27278;2.3;0.7
FR;29;2021-03-19;2249;594;89277;27872;2.4;0.7
FR;29;2021-03-20;993;139;90270;28011;2.4;0.8
FR;29;2021-03-21;725;70;90995;28081;2.4;0.8
FR;29;2021-03-22;1671;427;92666;28508;2.5;0.8
FR;29;2021-03-23;2225;626;94891;29134;2.6;0.8
FR;29;2021-03-24;2546;612;97437;29746;2.6;0.8
FR;29;2021-03-25;3398;729;100835;30475;2.7;0.8
FR;29;2021-03-26;3750;756;104585;31231;2.8;0.8
FR;29;2021-03-27;2152;283;106737;31514;2.9;0.8
FR;29;2021-03-28;967;85;107704;31599;2.9;0.9
FR;29;2021-03-29;2776;567;110480;32166;3.0;0.9
FR;29;2021-03-30;4027;777;114507;32943;3.1;0.9
FR;29;2021-03-31;4556;865;119063;33808;3.2;0.9
FR;29;2021-04-01;5901;1090;124964;34898;3.4;0.9
FR;29;2021-04-02;4941;982;129905;35880;3.5;1.0
FR;29;2021-04-03;1783;351;131688;36231;3.5;1.0
FR;29;2021-04-04;902;132;132590;36363;3.6;1.0
FR;29;2021-04-05;926;123;133516;36486;3.6;1.0
FR;29;2021-04-06;3525;804;137041;37290;3.7;1.0
FR;29;2021-04-07;4569;1161;141610;38451;3.8;1.0
FR;29;2021-04-08;6308;1544;147918;39995;4.0;1.1
FR;29;2021-04-09;6322;1341;154240;41336;4.1;1.1
FR;29;2021-04-10;2654;647;156894;41983;4.2;1.1
FR;29;2021-04-11;1163;347;158057;42330;4.3;1.1
FR;29;2021-04-12;3609;1078;161666;43408;4.3;1.2
FR;29;2021-04-13;4912;1548;166578;44956;4.5;1.2
FR;29;2021-04-14;4802;1537;171380;46493;4.6;1.3
FR;29;2021-04-15;5643;1869;177023;48362;4.8;1.3
FR;29;2021-04-16;4846;1923;181869;50285;4.9;1.4
FR;29;2021-04-17;2255;936;184124;51221;5.0;1.4
FR;29;2021-04-18;777;525;184901;51746;5.0;1.4
FR;29;2021-04-19;2877;1790;187778;53536;5.1;1.4
FR;29;2021-04-20;3539;2537;191317;56073;5.1;1.5
FR;29;2021-04-21;3508;2819;194825;58892;5.2;1.6
FR;29;2021-04-22;4494;3886;199319;62778;5.4;1.7
FR;29;2021-04-23;4641;3833;203960;66611;5.5;1.8
FR;29;2021-04-24;2711;1844;206671;68455;5.6;1.8
FR;29;2021-04-25;1197;746;207868;69201;5.6;1.9
FR;29;2021-04-26;3024;2491;210892;71692;5.7;1.9
FR;29;2021-04-27;4027;3627;214919;75319;5.8;2.0
FR;29;2021-04-28;4756;4064;219675;79383;5.9;2.1
FR;29;2021-04-29;5963;5029;225638;84412;6.1;2.3
FR;29;2021-04-30;6552;5262;232190;89674;6.2;2.4
FR;29;2021-05-01;4295;1237;236485;90911;6.4;2.4
FR;29;2021-05-02;2641;930;239126;91841;6.4;2.5
FR;29;2021-05-03;7011;4321;246137;96162;6.6;2.6
FR;29;2021-05-04;8293;5247;254430;101409;6.8;2.7
FR;29;2021-05-05;9801;5237;264231;106646;7.1;2.9
FR;29;2021-05-06;11403;6610;275634;113256;7.4;3.0
FR;29;2021-05-07;11865;6669;287499;119925;7.7;3.2
FR;29;2021-05-08;9391;2311;296890;122236;8.0;3.3
FR;29;2021-05-09;5982;1779;302872;124015;8.1;3.3
FR;29;2021-05-10;10854;5374;313726;129389;8.4;3.5
FR;29;2021-05-11;14736;6429;328462;135818;8.8;3.7
FR;29;2021-05-12;20324;6388;348786;142206;9.4;3.8
FR;29;2021-05-13;19954;2406;368740;144612;9.9;3.9
FR;29;2021-05-14;22825;4473;391565;149085;10.5;4.0
FR;29;2021-05-15;21602;3000;413167;152085;11.1;4.1
FR;29;2021-05-16;13439;1373;426606;153458;11.5;4.1
FR;29;2021-05-17;21741;5042;448347;158500;12.1;4.3
FR;29;2021-05-18;28620;5802;476967;164302;12.8;4.4
FR;29;2021-05-19;29255;6050;506222;170352;13.6;4.6
FR;29;2021-05-20;33019;6618;539241;176970;14.5;4.8
FR;29;2021-05-21;32222;6251;571463;183221;15.4;4.9
FR;29;2021-05-22;26254;3071;597717;186292;16.1;5.0
FR;29;2021-05-23;14241;1526;611958;187818;16.5;5.1
FR;29;2021-05-24;22632;2676;634590;190494;17.1;5.1
FR;29;2021-05-25;30696;6623;665286;197117;17.9;5.3
FR;29;2021-05-26;32823;6677;698109;203794;18.8;5.5
FR;29;2021-05-27;35904;7687;734013;211481;19.7;5.7
FR;29;2021-05-28;33481;7973;767494;219454;20.6;5.9
FR;29;2021-05-29;26629;4295;794123;223749;21.4;6.0
FR;29;2021-05-30;11855;1646;805978;225395;21.7;6.1
FR;29;2021-05-31;33681;6853;839659;232248;22.6;6.2
FR;29;2021-06-01;38580;8303;878239;240551;23.6;6.5
FR;29;2021-06-02;38968;7893;917207;248444;24.7;6.7
FR;29;2021-06-03;43960;8911;961167;257355;25.9;6.9
FR;29;2021-06-04;42624;9121;1003791;266476;27.0;7.2
FR;29;2021-06-05;31711;5655;1035502;272131;27.9;7.3
FR;29;2021-06-06;16878;2574;1052380;274705;28.3;7.4
FR;29;2021-06-07;37262;8265;1089642;282970;29.3;7.6
FR;29;2021-06-08;41376;9151;1131018;292121;30.4;7.9
FR;29;2021-06-09;39408;9544;1170426;301665;31.5;8.1
FR;29;2021-06-10;41577;11407;1212003;313072;32.6;8.4
FR;29;2021-06-11;38335;11093;1250338;324165;33.6;8.7
FR;29;2021-06-12;31517;8598;1281855;332763;34.5;9.0
FR;29;2021-06-13;13758;4323;1295613;337086;34.9;9.1
FR;29;2021-06-14;26074;12038;1321687;349124;35.6;9.4
FR;29;2021-06-15;28509;13394;1350196;362518;36.3;9.8
FR;29;2021-06-16;25793;14093;1375989;376611;37.0;10.1
FR;29;2021-06-17;29033;15343;1405022;391954;37.8;10.5
FR;29;2021-06-18;25357;17416;1430379;409370;38.5;11.0
FR;29;2021-06-19;18108;13919;1448487;423289;39.0;11.4
FR;29;2021-06-20;6759;7246;1455246;430535;39.2;11.6
FR;29;2021-06-21;17338;19118;1472584;449653;39.6;12.1
FR;39;2020-12-27;0;0;0;0;0.0;0.0
FR;39;2020-12-28;0;0;0;0;0.0;0.0
FR;39;2020-12-29;1;0;1;0;0.0;0.0
FR;39;2020-12-30;5;0;6;0;0.0;0.0
FR;39;2020-12-31;1;0;7;0;0.0;0.0
FR;39;2021-01-01;4;0;11;0;0.0;0.0
FR;39;2021-01-02;2;1;13;1;0.0;0.0
FR;39;2021-01-03;2;0;15;1;0.0;0.0
FR;39;2021-01-04;23;0;38;1;0.0;0.0
FR;39;2021-01-05;140;0;178;1;0.0;0.0
FR;39;2021-01-06;387;0;565;1;0.0;0.0
FR;39;2021-01-07;1179;7;1744;8;0.0;0.0
FR;39;2021-01-08;1793;5;3537;13;0.0;0.0
FR;39;2021-01-09;476;1;4013;14;0.0;0.0
FR;39;2021-01-10;309;1;4322;15;0.1;0.0
FR;39;2021-01-11;2223;11;6545;26;0.1;0.0
FR;39;2021-01-12;3428;21;9973;47;0.1;0.0
FR;39;2021-01-13;3516;23;13489;70;0.2;0.0
FR;39;2021-01-14;4798;57;18287;127;0.2;0.0
FR;39;2021-01-15;4408;26;22695;153;0.3;0.0
FR;39;2021-01-16;771;4;23466;157;0.3;0.0
FR;39;2021-01-17;493;5;23959;162;0.3;0.0
FR;39;2021-01-18;3082;40;27041;202;0.3;0.0
FR;39;2021-01-19;4017;23;31058;225;0.4;0.0
FR;39;2021-01-20;3924;26;34982;251;0.4;0.0
FR;39;2021-01-21;5166;29;40148;280;0.5;0.0
FR;39;2021-01-22;3983;42;44131;322;0.5;0.0
FR;39;2021-01-23;595;4;44726;326;0.5;0.0
FR;39;2021-01-24;184;0;44910;326;0.5;0.0
FR;39;2021-01-25;1603;48;46513;374;0.6;0.0
FR;39;2021-01-26;2173;104;48686;478;0.6;0.0
FR;39;2021-01-27;2293;220;50979;698;0.6;0.0
FR;39;2021-01-28;3495;484;54474;1182;0.7;0.0
FR;39;2021-01-29;2680;703;57154;1885;0.7;0.0
FR;39;2021-01-30;397;216;57551;2101;0.7;0.0
FR;39;2021-01-31;89;78;57640;2179;0.7;0.0
FR;39;2021-02-01;752;1061;58392;3240;0.7;0.0
FR;39;2021-02-02;1338;1650;59730;4890;0.7;0.1
FR;39;2021-02-03;1371;1662;61101;6552;0.7;0.1
FR;39;2021-02-04;1993;2542;63094;9094;0.8;0.1
FR;39;2021-02-05;1649;2707;64743;11801;0.8;0.1
FR;39;2021-02-06;400;433;65143;12234;0.8;0.1
FR;39;2021-02-07;554;213;65697;12447;0.8;0.2
FR;39;2021-02-08;1523;2432;67220;14879;0.8;0.2
FR;39;2021-02-09;3170;3405;70390;18284;0.8;0.2
FR;39;2021-02-10;3897;3546;74287;21830;0.9;0.3
FR;39;2021-02-11;6182;4907;80469;26737;1.0;0.3
FR;39;2021-02-12;5829;4043;86298;30780;1.0;0.4
FR;39;2021-02-13;1242;551;87540;31331;1.1;0.4
FR;39;2021-02-14;391;268;87931;31599;1.1;0.4
FR;39;2021-02-15;3427;2414;91358;34013;1.1;0.4
FR;39;2021-02-16;4427;3402;95785;37415;1.2;0.5
FR;39;2021-02-17;3995;2902;99780;40317;1.2;0.5
FR;39;2021-02-18;5991;3943;105771;44260;1.3;0.5
FR;39;2021-02-19;5858;3125;111629;47385;1.3;0.6
FR;39;2021-02-20;1141;482;112770;47867;1.4;0.6
FR;39;2021-02-21;187;121;112957;47988;1.4;0.6
FR;39;2021-02-22;3020;1695;115977;49683;1.4;0.6
FR;39;2021-02-23;3931;1956;119908;51639;1.4;0.6
FR;39;2021-02-24;3744;1753;123652;53392;1.5;0.6
FR;39;2021-02-25;5629;2605;129281;55997;1.6;0.7
FR;39;2021-02-26;6112;1981;135393;57978;1.6;0.7
FR;39;2021-02-27;1668;324;137061;58302;1.7;0.7
FR;39;2021-02-28;241;126;137302;58428;1.7;0.7
FR;39;2021-03-01;2969;1048;140271;59476;1.7;0.7
FR;39;2021-03-02;4282;1681;144553;61157;1.7;0.7
FR;39;2021-03-03;4294;1594;148847;62751;1.8;0.8
FR;39;2021-03-04;6374;2426;155221;65177;1.9;0.8
FR;39;2021-03-05;9255;2229;164476;67406;2.0;0.8
FR;39;2021-03-06;4986;467;169462;67873;2.0;0.8
FR;39;2021-03-07;2662;295;172124;68168;2.1;0.8
FR;39;2021-03-08;4715;1187;176839;69355;2.1;0.8
FR;39;2021-03-09;6957;1620;183796;70975;2.2;0.9
FR;39;2021-03-10;6161;1617;189957;72592;2.3;0.9
FR;39;2021-03-11;8782;2553;198739;75145;2.4;0.9
FR;39;2021-03-12;11564;2310;210303;77455;2.5;0.9
FR;39;2021-03-13;5275;488;215578;77943;2.6;0.9
FR;39;2021-03-14;1758;186;217336;78129;2.6;0.9
FR;39;2021-03-15;4818;1104;222154;79233;2.7;1.0
FR;39;2021-03-16;3391;1443;225545;80676;2.7;1.0
FR;39;2021-03-17;3470;1544;229015;82220;2.8;1.0
FR;39;2021-03-18;4681;2036;233696;84256;2.8;1.0
FR;39;2021-03-19;6310;1729;240006;85985;2.9;1.0
FR;39;2021-03-20;3182;394;243188;86379;2.9;1.0
FR;39;2021-03-21;2074;176;245262;86555;3.0;1.0
FR;39;2021-03-22;4472;1150;249734;87705;3.0;1.1
FR;39;2021-03-23;6203;1722;255937;89427;3.1;1.1
FR;39;2021-03-24;6347;1432;262284;90859;3.2;1.1
FR;39;2021-03-25;9101;1824;271385;92683;3.3;1.1
FR;39;2021-03-26;10696;1823;282081;94506;3.4;1.1
FR;39;2021-03-27;6010;689;288091;95195;3.5;1.1
FR;39;2021-03-28;2744;210;290835;95405;3.5;1.2
FR;39;2021-03-29;7231;1369;298066;96774;3.6;1.2
FR;39;2021-03-30;10599;2024;308665;98798;3.7;1.2
FR;39;2021-03-31;11243;1987;319908;100785;3.9;1.2
FR;39;2021-04-01;15103;2809;335011;103594;4.0;1.2
FR;39;2021-04-02;13352;2613;348363;106207;4.2;1.3
FR;39;2021-04-03;5634;1050;353997;107257;4.3;1.3
FR;39;2021-04-04;2530;364;356527;107621;4.3;1.3
FR;39;2021-04-05;2543;337;359070;107958;4.3;1.3
FR;39;2021-04-06;9341;2407;368411;110365;4.4;1.3
FR;39;2021-04-07;12258;2874;380669;113239;4.6;1.4
FR;39;2021-04-08;16950;3873;397619;117112;4.8;1.4
FR;39;2021-04-09;16993;3772;414612;120884;5.0;1.5
FR;39;2021-04-10;7426;1988;422038;122872;5.1;1.5
FR;39;2021-04-11;2992;1001;425030;123873;5.1;1.5
FR;39;2021-04-12;9658;2818;434688;126691;5.2;1.5
FR;39;2021-04-13;13034;4120;447722;130811;5.4;1.6
FR;39;2021-04-14;12989;3940;460711;134751;5.6;1.6
FR;39;2021-04-15;14903;4941;475614;139692;5.7;1.7
FR;39;2021-04-16;12916;5390;488530;145082;5.9;1.7
FR;39;2021-04-17;6165;2751;494695;147833;6.0;1.8
FR;39;2021-04-18;2286;1570;496981;149403;6.0;1.8
FR;39;2021-04-19;7983;4771;504964;154174;6.1;1.9
FR;39;2021-04-20;9556;6785;514520;160959;6.2;1.9
FR;39;2021-04-21;10405;7273;524925;168232;6.3;2.0
FR;39;2021-04-22;12032;10436;536957;178668;6.5;2.2
FR;39;2021-04-23;12408;10619;549365;189287;6.6;2.3
FR;39;2021-04-24;7897;5130;557262;194417;6.7;2.3
FR;39;2021-04-25;3538;2182;560800;196599;6.8;2.4
FR;39;2021-04-26;8779;7015;569579;203614;6.9;2.5
FR;39;2021-04-27;12003;9652;581582;213266;7.0;2.6
FR;39;2021-04-28;13487;10178;595069;223444;7.2;2.7
FR;39;2021-04-29;17542;13103;612611;236547;7.4;2.9
FR;39;2021-04-30;20084;13424;632695;249971;7.6;3.0
FR;39;2021-05-01;13766;3611;646461;253582;7.8;3.1
FR;39;2021-05-02;9405;2547;655866;256129;7.9;3.1
FR;39;2021-05-03;22828;11431;678694;267560;8.2;3.2
FR;39;2021-05-04;27453;14093;706147;281653;8.5;3.4
FR;39;2021-05-05;31291;14438;737438;296091;8.9;3.6
FR;39;2021-05-06;37567;17877;775005;313968;9.3;3.8
FR;39;2021-05-07;39067;18687;814072;332655;9.8;4.0
FR;39;2021-05-08;30416;5811;844488;338466;10.2;4.1
FR;39;2021-05-09;18956;4369;863444;342835;10.4;4.1
FR;39;2021-05-10;34520;14681;897964;357516;10.8;4.3
FR;39;2021-05-11;44747;17304;942711;374820;11.4;4.5
FR;39;2021-05-12;57258;16448;999969;391268;12.1;4.7
FR;39;2021-05-13;53776;5732;1053745;397000;12.7;4.8
FR;39;2021-05-14;63156;11223;1116901;408223;13.5;4.9
FR;39;2021-05-15;57011;7036;1173912;415259;14.2;5.0
FR;39;2021-05-16;36173;3176;1210085;418435;14.6;5.0
FR;39;2021-05-17;56944;12101;1267029;430536;15.3;5.2
FR;39;2021-05-18;72048;13847;1339077;444383;16.1;5.4
FR;39;2021-05-19;75358;14292;1414435;458675;17.1;5.5
FR;39;2021-05-20;83748;15137;1498183;473812;18.1;5.7
FR;39;2021-05-21;82963;15152;1581146;488964;19.1;5.9
FR;39;2021-05-22;63904;7527;1645050;496491;19.8;6.0
FR;39;2021-05-23;34143;3373;1679193;499864;20.2;6.0
FR;39;2021-05-24;52453;5460;1731646;505324;20.9;6.1
FR;39;2021-05-25;73847;15958;1805493;521282;21.8;6.3
FR;39;2021-05-26;77388;16027;1882881;537309;22.7;6.5
FR;39;2021-05-27;85336;18067;1968217;555376;23.7;6.7
FR;39;2021-05-28;79216;19622;2047433;574998;24.7;6.9
FR;39;2021-05-29;57917;10190;2105350;585188;25.4;7.1
FR;39;2021-05-30;24580;3677;2129930;588865;25.7;7.1
FR;39;2021-05-31;74901;15967;2204831;604832;26.6;7.3
FR;39;2021-06-01;86185;19772;2291016;624604;27.6;7.5
FR;39;2021-06-02;86276;19155;2377292;643759;28.7;7.8
FR;39;2021-06-03;97575;21649;2474867;665408;29.8;8.0
FR;39;2021-06-04;95810;23092;2570677;688500;31.0;8.3
FR;39;2021-06-05;63987;13691;2634664;702191;31.8;8.5
FR;39;2021-06-06;31852;5784;2666516;707975;32.1;8.5
FR;39;2021-06-07;74983;20467;2741499;728442;33.0;8.8
FR;39;2021-06-08;86208;22692;2827707;751134;34.1;9.1
FR;39;2021-06-09;82996;24288;2910703;775422;35.1;9.3
FR;39;2021-06-10;85760;27495;2996463;802917;36.1;9.7
FR;39;2021-06-11;83861;30615;3080324;833532;37.1;10.0
FR;39;2021-06-12;60279;23285;3140603;856817;37.9;10.3
FR;39;2021-06-13;25082;11646;3165685;868463;38.2;10.5
FR;39;2021-06-14;51623;35375;3217308;903838;38.8;10.9
FR;39;2021-06-15;58132;39541;3275440;943379;39.5;11.4
FR;39;2021-06-16;54991;41835;3330431;985214;40.1;11.9
FR;39;2021-06-17;59967;43232;3390398;1028446;40.9;12.4
FR;39;2021-06-18;55011;51422;3445409;1079868;41.5;13.0
FR;39;2021-06-19;35135;38573;3480544;1118441;42.0;13.5
FR;39;2021-06-20;12467;18563;3493011;1137004;42.1;13.7
FR;39;2021-06-21;33497;53505;3526508;1190509;42.5;14.4
FR;49;2020-12-27;2;0;2;0;0.0;0.0
FR;49;2020-12-28;4;0;6;0;0.0;0.0
FR;49;2020-12-29;1;0;7;0;0.0;0.0
FR;49;2020-12-30;6;0;13;0;0.0;0.0
FR;49;2020-12-31;1;0;14;0;0.0;0.0
FR;49;2021-01-01;4;0;18;0;0.0;0.0
FR;49;2021-01-02;11;0;29;0;0.0;0.0
FR;49;2021-01-03;5;0;34;0;0.0;0.0
FR;49;2021-01-04;87;0;121;0;0.0;0.0
FR;49;2021-01-05;338;1;459;1;0.0;0.0
FR;49;2021-01-06;862;6;1321;7;0.0;0.0
FR;49;2021-01-07;2163;7;3484;14;0.0;0.0
FR;49;2021-01-08;3380;10;6864;24;0.1;0.0
FR;49;2021-01-09;1004;2;7868;26;0.1;0.0
FR;49;2021-01-10;475;2;8343;28;0.1;0.0
FR;49;2021-01-11;4183;17;12526;45;0.1;0.0
FR;49;2021-01-12;5879;20;18405;65;0.2;0.0
FR;49;2021-01-13;6179;25;24584;90;0.3;0.0
FR;49;2021-01-14;8352;84;32936;174;0.4;0.0
FR;49;2021-01-15;7628;37;40564;211;0.5;0.0
FR;49;2021-01-16;1427;11;41991;222;0.5;0.0
FR;49;2021-01-17;622;7;42613;229;0.5;0.0
FR;49;2021-01-18;5080;34;47693;263;0.6;0.0
FR;49;2021-01-19;6831;31;54524;294;0.6;0.0
FR;49;2021-01-20;6649;37;61173;331;0.7;0.0
FR;49;2021-01-21;8443;48;69616;379;0.8;0.0
FR;49;2021-01-22;6296;52;75912;431;0.9;0.0
FR;49;2021-01-23;1020;7;76932;438;0.9;0.0
FR;49;2021-01-24;283;4;77215;442;0.9;0.0
FR;49;2021-01-25;2630;101;79845;543;0.9;0.0
FR;49;2021-01-26;3741;234;83586;777;1.0;0.0
FR;49;2021-01-27;3989;398;87575;1175;1.0;0.0
FR;49;2021-01-28;5567;998;93142;2173;1.1;0.0
FR;49;2021-01-29;4413;1571;97555;3744;1.1;0.0
FR;49;2021-01-30;695;380;98250;4124;1.1;0.0
FR;49;2021-01-31;137;125;98387;4249;1.1;0.0
FR;49;2021-02-01;1376;2092;99763;6341;1.2;0.1
FR;49;2021-02-02;2294;3206;102057;9547;1.2;0.1
FR;49;2021-02-03;2312;3387;104369;12934;1.2;0.2
FR;49;2021-02-04;3389;4793;107758;17727;1.3;0.2
FR;49;2021-02-05;2808;4896;110566;22623;1.3;0.3
FR;49;2021-02-06;572;892;111138;23515;1.3;0.3
FR;49;2021-02-07;519;297;111657;23812;1.3;0.3
FR;49;2021-02-08;1944;4076;113601;27888;1.3;0.3
FR;49;2021-02-09;4345;5783;117946;33671;1.4;0.4
FR;49;2021-02-10;5512;6098;123458;39769;1.4;0.5
FR;49;2021-02-11;8018;8038;131476;47807;1.5;0.6
FR;49;2021-02-12;7322;6506;138798;54313;1.6;0.6
FR;49;2021-02-13;1704;1033;140502;55346;1.6;0.6
FR;49;2021-02-14;408;408;140910;55754;1.6;0.6
FR;49;2021-02-15;4132;3911;145042;59665;1.7;0.7
FR;49;2021-02-16;5391;5382;150433;65047;1.8;0.8
FR;49;2021-02-17;5142;4689;155575;69736;1.8;0.8
FR;49;2021-02-18;7513;6273;163088;76009;1.9;0.9
FR;49;2021-02-19;7086;4954;170174;80963;2.0;0.9
FR;49;2021-02-20;1496;814;171670;81777;2.0;1.0
FR;49;2021-02-21;279;226;171949;82003;2.0;1.0
FR;49;2021-02-22;3542;2686;175491;84689;2.0;1.0
FR;49;2021-02-23;4892;3179;180383;87868;2.1;1.0
FR;49;2021-02-24;4918;2890;185301;90758;2.2;1.1
FR;49;2021-02-25;7596;4262;192897;95020;2.2;1.1
FR;49;2021-02-26;8290;3228;201187;98248;2.3;1.1
FR;49;2021-02-27;2699;586;203886;98834;2.4;1.2
FR;49;2021-02-28;336;138;204222;98972;2.4;1.2
FR;49;2021-03-01;3854;1685;208076;100657;2.4;1.2
FR;49;2021-03-02;5821;2546;213897;103203;2.5;1.2
FR;49;2021-03-03;6075;2592;219972;105795;2.6;1.2
FR;49;2021-03-04;8992;3573;228964;109368;2.7;1.3
FR;49;2021-03-05;12633;3385;241597;112753;2.8;1.3
FR;49;2021-03-06;8653;688;250250;113441;2.9;1.3
FR;49;2021-03-07;4700;448;254950;113889;3.0;1.3
FR;49;2021-03-08;6445;1751;261395;115640;3.0;1.3
FR;49;2021-03-09;9602;2438;270997;118078;3.2;1.4
FR;49;2021-03-10;9042;2456;280039;120534;3.3;1.4
FR;49;2021-03-11;12907;3604;292946;124138;3.4;1.4
FR;49;2021-03-12;16534;3150;309480;127288;3.6;1.5
FR;49;2021-03-13;9581;713;319061;128001;3.7;1.5
FR;49;2021-03-14;3144;273;322205;128274;3.7;1.5
FR;49;2021-03-15;6934;1505;329139;129779;3.8;1.5
FR;49;2021-03-16;4656;2178;333795;131957;3.9;1.5
FR;49;2021-03-17;5202;2058;338997;134015;3.9;1.6
FR;49;2021-03-18;6575;2862;345572;136877;4.0;1.6
FR;49;2021-03-19;9562;2396;355134;139273;4.1;1.6
FR;49;2021-03-20;5896;613;361030;139886;4.2;1.6
FR;49;2021-03-21;3145;236;364175;140122;4.2;1.6
FR;49;2021-03-22;6328;1538;370503;141660;4.3;1.6
FR;49;2021-03-23;8627;2217;379130;143877;4.4;1.7
FR;49;2021-03-24;9558;2050;388688;145927;4.5;1.7
FR;49;2021-03-25;12390;2456;401078;148383;4.7;1.7
FR;49;2021-03-26;14758;2411;415836;150794;4.8;1.8
FR;49;2021-03-27;9382;910;425218;151704;4.9;1.8
FR;49;2021-03-28;3851;322;429069;152026;5.0;1.8
FR;49;2021-03-29;9898;1920;438967;153946;5.1;1.8
FR;49;2021-03-30;14320;2792;453287;156738;5.3;1.8
FR;49;2021-03-31;15603;2904;468890;159642;5.5;1.9
FR;49;2021-04-01;19933;3855;488823;163497;5.7;1.9
FR;49;2021-04-02;17527;3585;506350;167082;5.9;1.9
FR;49;2021-04-03;9374;1871;515724;168953;6.0;2.0
FR;49;2021-04-04;4123;641;519847;169594;6.0;2.0
FR;49;2021-04-05;4215;551;524062;170145;6.1;2.0
FR;49;2021-04-06;13241;3466;537303;173611;6.3;2.0
FR;49;2021-04-07;17721;4361;555024;177972;6.5;2.1
FR;49;2021-04-08;22495;5330;577519;183302;6.7;2.1
FR;49;2021-04-09;23617;5504;601136;188806;7.0;2.2
FR;49;2021-04-10;12442;3446;613578;192252;7.1;2.2
FR;49;2021-04-11;4479;1698;618057;193950;7.2;2.3
FR;49;2021-04-12;14161;3853;632218;197803;7.4;2.3
FR;49;2021-04-13;18797;5874;651015;203677;7.6;2.4
FR;49;2021-04-14;19493;6065;670508;209742;7.8;2.4
FR;49;2021-04-15;20431;7169;690939;216911;8.0;2.5
FR;49;2021-04-16;17596;7419;708535;224330;8.2;2.6
FR;49;2021-04-17;9910;4703;718445;229033;8.4;2.7
FR;49;2021-04-18;3373;2316;721818;231349;8.4;2.7
FR;49;2021-04-19;12048;6445;733866;237794;8.5;2.8
FR;49;2021-04-20;14235;9107;748101;246901;8.7;2.9
FR;49;2021-04-21;16069;10238;764170;257139;8.9;3.0
FR;49;2021-04-22;17692;13253;781862;270392;9.1;3.1
FR;49;2021-04-23;18217;14213;800079;284605;9.3;3.3
FR;49;2021-04-24;12677;7849;812756;292454;9.5;3.4
FR;49;2021-04-25;5508;3168;818264;295622;9.5;3.4
FR;49;2021-04-26;13780;10028;832044;305650;9.7;3.6
FR;49;2021-04-27;18750;13178;850794;318828;9.9;3.7
FR;49;2021-04-28;22811;14695;873605;333523;10.2;3.9
FR;49;2021-04-29;27779;17443;901384;350966;10.5;4.1
FR;49;2021-04-30;32054;18244;933438;369210;10.9;4.3
FR;49;2021-05-01;24329;5838;957767;375048;11.1;4.4
FR;49;2021-05-02;16586;3942;974353;378990;11.3;4.4
FR;49;2021-05-03;39835;15684;1014188;394674;11.8;4.6
FR;49;2021-05-04;46924;20483;1061112;415157;12.3;4.8
FR;49;2021-05-05;56158;21857;1117270;437014;13.0;5.1
FR;49;2021-05-06;62668;24884;1179938;461898;13.7;5.4
FR;49;2021-05-07;66054;26261;1245992;488159;14.5;5.7
FR;49;2021-05-08;53683;9414;1299675;497573;15.1;5.8
FR;49;2021-05-09;32378;6345;1332053;503918;15.5;5.9
FR;49;2021-05-10;57876;20938;1389929;524856;16.2;6.1
FR;49;2021-05-11;72317;24096;1462246;548952;17.0;6.4
FR;49;2021-05-12;90727;24288;1552973;573240;18.1;6.7
FR;49;2021-05-13;80447;7918;1633420;581158;19.0;6.8
FR;49;2021-05-14;96991;15951;1730411;597109;20.1;6.9
FR;49;2021-05-15;86682;11033;1817093;608142;21.1;7.1
FR;49;2021-05-16;53198;4619;1870291;612761;21.8;7.1
FR;49;2021-05-17;82221;16483;1952512;629244;22.7;7.3
FR;49;2021-05-18;99043;18134;2051555;647378;23.9;7.5
FR;49;2021-05-19;110658;19588;2162213;666966;25.2;7.8
FR;49;2021-05-20;114259;19959;2276472;686925;26.5;8.0
FR;49;2021-05-21;113622;20166;2390094;707091;27.8;8.2
FR;49;2021-05-22;87479;10657;2477573;717748;28.8;8.4
FR;49;2021-05-23;42876;4068;2520449;721816;29.3;8.4
FR;49;2021-05-24;67105;6950;2587554;728766;30.1;8.5
FR;49;2021-05-25;94686;20997;2682240;749763;31.2;8.7
FR;49;2021-05-26;101568;22935;2783808;772698;32.4;9.0
FR;49;2021-05-27;104426;24171;2888234;796869;33.6;9.3
FR;49;2021-05-28;99948;26893;2988182;823762;34.8;9.6
FR;49;2021-05-29;74143;15618;3062325;839380;35.6;9.8
FR;49;2021-05-30;26768;4749;3089093;844129;35.9;9.8
FR;49;2021-05-31;87585;21362;3176678;865491;37.0;10.1
FR;49;2021-06-01;100317;26549;3276995;892040;38.1;10.4
FR;49;2021-06-02;101588;26715;3378583;918755;39.3;10.7
FR;49;2021-06-03;108979;28035;3487562;946790;40.6;11.0
FR;49;2021-06-04;108696;31461;3596258;978251;41.9;11.4
FR;49;2021-06-05;74488;21018;3670746;999269;42.7;11.6
FR;49;2021-06-06;31891;7624;3702637;1006893;43.1;11.7
FR;49;2021-06-07;77523;27879;3780160;1034772;44.0;12.0
FR;49;2021-06-08;89012;30971;3869172;1065743;45.0;12.4
FR;49;2021-06-09;88111;35678;3957283;1101421;46.1;12.8
FR;49;2021-06-10;87279;36634;4044562;1138055;47.1;13.2
FR;49;2021-06-11;87397;46403;4131959;1184458;48.1;13.8
FR;49;2021-06-12;65102;38351;4197061;1222809;48.8;14.2
FR;49;2021-06-13;23504;18063;4220565;1240872;49.1;14.4
FR;49;2021-06-14;50355;56684;4270920;1297556;49.7;15.1
FR;49;2021-06-15;58235;61304;4329155;1358860;50.4;15.8
FR;49;2021-06-16;57168;69380;4386323;1428240;51.0;16.6
FR;49;2021-06-17;59685;63534;4446008;1491774;51.7;17.4
FR;49;2021-06-18;57522;79487;4503530;1571261;52.4;18.3
FR;49;2021-06-19;38690;63475;4542220;1634736;52.9;19.0
FR;49;2021-06-20;11917;27072;4554137;1661808;53.0;19.3
FR;49;2021-06-21;32625;80886;4586762;1742694;53.4;20.3
FR;59;2020-12-27;2;0;2;0;0.0;0.0
FR;59;2020-12-28;6;0;8;0;0.0;0.0
FR;59;2020-12-29;2;0;10;0;0.0;0.0
FR;59;2020-12-30;6;0;16;0;0.0;0.0
FR;59;2020-12-31;10;0;26;0;0.0;0.0
FR;59;2021-01-01;26;1;52;1;0.0;0.0
FR;59;2021-01-02;30;0;82;1;0.0;0.0
FR;59;2021-01-03;36;0;118;1;0.0;0.0
FR;59;2021-01-04;595;4;713;5;0.0;0.0
FR;59;2021-01-05;2179;8;2892;13;0.0;0.0
FR;59;2021-01-06;4818;19;7710;32;0.1;0.0
FR;59;2021-01-07;10528;35;18238;67;0.2;0.0
FR;59;2021-01-08;14350;34;32588;101;0.4;0.0
FR;59;2021-01-09;4076;14;36664;115;0.4;0.0
FR;59;2021-01-10;1991;4;38655;119;0.4;0.0
FR;59;2021-01-11;15997;40;54652;159;0.6;0.0
FR;59;2021-01-12;21187;67;75839;226;0.9;0.0
FR;59;2021-01-13;22768;78;98607;304;1.1;0.0
FR;59;2021-01-14;24812;250;123419;554;1.4;0.0
FR;59;2021-01-15;21646;133;145065;687;1.6;0.0
FR;59;2021-01-16;5446;33;150511;720;1.7;0.0
FR;59;2021-01-17;1803;14;152314;734;1.7;0.0
FR;59;2021-01-18;13620;93;165934;827;1.9;0.0
FR;59;2021-01-19;17999;113;183933;940;2.1;0.0
FR;59;2021-01-20;17146;93;201079;1033;2.3;0.0
FR;59;2021-01-21;18867;97;219946;1130;2.5;0.0
FR;59;2021-01-22;13971;111;233917;1241;2.7;0.0
FR;59;2021-01-23;2964;25;236881;1266;2.7;0.0
FR;59;2021-01-24;847;16;237728;1282;2.7;0.0
FR;59;2021-01-25;6725;632;244453;1914;2.8;0.0
FR;59;2021-01-26;8467;1402;252920;3316;2.9;0.0
FR;59;2021-01-27;8845;2417;261765;5733;3.0;0.1
FR;59;2021-01-28;10537;5071;272302;10804;3.1;0.1
FR;59;2021-01-29;7852;6659;280154;17463;3.2;0.2
FR;59;2021-01-30;1766;1515;281920;18978;3.2;0.2
FR;59;2021-01-31;371;548;282291;19526;3.2;0.2
FR;59;2021-02-01;3172;8755;285463;28281;3.2;0.3
FR;59;2021-02-02;4704;12489;290167;40770;3.3;0.5
FR;59;2021-02-03;4832;13559;294999;54329;3.4;0.6
FR;59;2021-02-04;5970;15916;300969;70245;3.4;0.8
FR;59;2021-02-05;4841;14932;305810;85177;3.5;1.0
FR;59;2021-02-06;1163;3001;306973;88178;3.5;1.0
FR;59;2021-02-07;388;985;307361;89163;3.5;1.0
FR;59;2021-02-08;2765;12486;310126;101649;3.5;1.2
FR;59;2021-02-09;4923;16201;315049;117850;3.6;1.3
FR;59;2021-02-10;5711;16098;320760;133948;3.6;1.5
FR;59;2021-02-11;7680;19757;328440;153705;3.7;1.7
FR;59;2021-02-12;6783;16056;335223;169761;3.8;1.9
FR;59;2021-02-13;1701;3459;336924;173220;3.8;2.0
FR;59;2021-02-14;361;984;337285;174204;3.8;2.0
FR;59;2021-02-15;3276;10554;340561;184758;3.9;2.1
FR;59;2021-02-16;4745;13593;345306;198351;3.9;2.3
FR;59;2021-02-17;4968;12365;350274;210716;4.0;2.4
FR;59;2021-02-18;7093;13905;357367;224621;4.1;2.6
FR;59;2021-02-19;6492;10767;363859;235388;4.1;2.7
FR;59;2021-02-20;1418;2495;365277;237883;4.2;2.7
FR;59;2021-02-21;284;571;365561;238454;4.2;2.7
FR;59;2021-02-22;3278;6395;368839;244849;4.2;2.8
FR;59;2021-02-23;4855;7162;373694;252011;4.3;2.9
FR;59;2021-02-24;6876;6446;380570;258457;4.3;2.9
FR;59;2021-02-25;21265;8618;401835;267075;4.6;3.0
FR;59;2021-02-26;28311;6365;430146;273440;4.9;3.1
FR;59;2021-02-27;17138;1579;447284;275019;5.1;3.1
FR;59;2021-02-28;1114;386;448398;275405;5.1;3.1
FR;59;2021-03-01;8845;3576;457243;278981;5.2;3.2
FR;59;2021-03-02;17200;4993;474443;283974;5.4;3.2
FR;59;2021-03-03;20712;5114;495155;289088;5.6;3.3
FR;59;2021-03-04;32385;6049;527540;295137;6.0;3.4
FR;59;2021-03-05;40997;5663;568537;300800;6.5;3.4
FR;59;2021-03-06;36170;1692;604707;302492;6.9;3.4
FR;59;2021-03-07;14129;1123;618836;303615;7.0;3.5
FR;59;2021-03-08;12331;3265;631167;306880;7.2;3.5
FR;59;2021-03-09;22919;4314;654086;311194;7.4;3.5
FR;59;2021-03-10;23191;4404;677277;315598;7.7;3.6
FR;59;2021-03-11;34429;5641;711706;321239;8.1;3.7
FR;59;2021-03-12;45455;4853;757161;326092;8.6;3.7
FR;59;2021-03-13;36234;1496;793395;327588;9.0;3.7
FR;59;2021-03-14;7205;451;800600;328039;9.1;3.7
FR;59;2021-03-15;14537;2609;815137;330648;9.3;3.8
FR;59;2021-03-16;7936;3019;823073;333667;9.4;3.8
FR;59;2021-03-17;8776;3179;831849;336846;9.5;3.8
FR;59;2021-03-18;10482;4058;842331;340904;9.6;3.9
FR;59;2021-03-19;23538;3634;865869;344538;9.8;3.9
FR;59;2021-03-20;21135;1164;887004;345702;10.1;3.9
FR;59;2021-03-21;6287;410;893291;346112;10.2;3.9
FR;59;2021-03-22;15525;2718;908816;348830;10.3;4.0
FR;59;2021-03-23;25452;3599;934268;352429;10.6;4.0
FR;59;2021-03-24;28059;3610;962327;356039;10.9;4.0
FR;59;2021-03-25;38044;3990;1000371;360029;11.4;4.1
FR;59;2021-03-26;42962;4274;1043333;364303;11.9;4.1
FR;59;2021-03-27;26918;1848;1070251;366151;12.2;4.2
FR;59;2021-03-28;7541;486;1077792;366637;12.3;4.2
FR;59;2021-03-29;21699;3426;1099491;370063;12.5;4.2
FR;59;2021-03-30;32162;4486;1131653;374549;12.9;4.3
FR;59;2021-03-31;31462;4768;1163115;379317;13.2;4.3
FR;59;2021-04-01;38457;5950;1201572;385267;13.7;4.4
FR;59;2021-04-02;36937;5919;1238509;391186;14.1;4.4
FR;59;2021-04-03;21332;3502;1259841;394688;14.3;4.5
FR;59;2021-04-04;7353;1246;1267194;395934;14.4;4.5
FR;59;2021-04-05;8264;1130;1275458;397064;14.5;4.5
FR;59;2021-04-06;25744;5998;1301202;403062;14.8;4.6
FR;59;2021-04-07;33913;7241;1335115;410303;15.2;4.7
FR;59;2021-04-08;45040;8654;1380155;418957;15.7;4.8
FR;59;2021-04-09;60792;9282;1440947;428239;16.4;4.9
FR;59;2021-04-10;36482;7192;1477429;435431;16.8;5.0
FR;59;2021-04-11;9746;3552;1487175;438983;16.9;5.0
FR;59;2021-04-12;35283;7509;1522458;446492;17.3;5.1
FR;59;2021-04-13;49835;10304;1572293;456796;17.9;5.2
FR;59;2021-04-14;50181;10289;1622474;467085;18.5;5.3
FR;59;2021-04-15;59521;11937;1681995;479022;19.1;5.4
FR;59;2021-04-16;63354;12642;1745349;491664;19.9;5.6
FR;59;2021-04-17;41477;9811;1786826;501475;20.3;5.7
FR;59;2021-04-18;12289;4676;1799115;506151;20.5;5.8
FR;59;2021-04-19;33273;11264;1832388;517415;20.8;5.9
FR;59;2021-04-20;44731;14847;1877119;532262;21.3;6.1
FR;59;2021-04-21;47384;16610;1924503;548872;21.9;6.2
FR;59;2021-04-22;55912;19634;1980415;568506;22.5;6.5
FR;59;2021-04-23;65439;20993;2045854;589499;23.3;6.7
FR;59;2021-04-24;47531;15651;2093385;605150;23.8;6.9
FR;59;2021-04-25;16659;5499;2110044;610649;24.0;6.9
FR;59;2021-04-26;41491;17600;2151535;628249;24.5;7.1
FR;59;2021-04-27;56655;23433;2208190;651682;25.1;7.4
FR;59;2021-04-28;64423;26090;2272613;677772;25.8;7.7
FR;59;2021-04-29;78258;31808;2350871;709580;26.7;8.1
FR;59;2021-04-30;92686;36769;2443557;746349;27.8;8.5
FR;59;2021-05-01;43637;11120;2487194;757469;28.3;8.6
FR;59;2021-05-02;23511;7337;2510705;764806;28.6;8.7
FR;59;2021-05-03;62939;26424;2573644;791230;29.3;9.0
FR;59;2021-05-04;71448;34525;2645092;825755;30.1;9.4
FR;59;2021-05-05;77796;37510;2722888;863265;31.0;9.8
FR;59;2021-05-06;89726;43822;2812614;907087;32.0;10.3
FR;59;2021-05-07;98217;54085;2910831;961172;33.1;10.9
FR;59;2021-05-08;60875;16718;2971706;977890;33.8;11.1
FR;59;2021-05-09;39448;10471;3011154;988361;34.2;11.2
FR;59;2021-05-10;96214;40256;3107368;1028617;35.3;11.7
FR;59;2021-05-11;125943;49484;3233311;1078101;36.8;12.3
FR;59;2021-05-12;123539;46302;3356850;1124403;38.2;12.8
FR;59;2021-05-13;92729;14480;3449579;1138883;39.2;13.0
FR;59;2021-05-14;129299;34355;3578878;1173238;40.7;13.3
FR;59;2021-05-15;114462;25548;3693340;1198786;42.0;13.6
FR;59;2021-05-16;55312;7192;3748652;1205978;42.6;13.7
FR;59;2021-05-17;105640;30759;3854292;1236737;43.8;14.1
FR;59;2021-05-18;117829;34237;3972121;1270974;45.2;14.5
FR;59;2021-05-19;119005;35485;4091126;1306459;46.5;14.9
FR;59;2021-05-20;122631;42322;4213757;1348781;47.9;15.3
FR;59;2021-05-21;122076;48647;4335833;1397428;49.3;15.9
FR;59;2021-05-22;81885;25399;4417718;1422827;50.2;16.2
FR;59;2021-05-23;31275;5155;4448993;1427982;50.6;16.2
FR;59;2021-05-24;52006;9924;4500999;1437906;51.2;16.4
FR;59;2021-05-25;84441;41972;4585440;1479878;52.2;16.8
FR;59;2021-05-26;83494;44265;4668934;1524143;53.1;17.3
FR;59;2021-05-27;90149;52441;4759083;1576584;54.1;17.9
FR;59;2021-05-28;91903;66660;4850986;1643244;55.2;18.7
FR;59;2021-05-29;60386;40073;4911372;1683317;55.9;19.1
FR;59;2021-05-30;16144;7802;4927516;1691119;56.0;19.2
FR;59;2021-05-31;58657;42437;4986173;1733556;56.7;19.7
FR;59;2021-06-01;68315;53802;5054488;1787358;57.5;20.3
FR;59;2021-06-02;62443;52809;5116931;1840167;58.2;20.9
FR;59;2021-06-03;69812;58434;5186743;1898601;59.0;21.6
FR;59;2021-06-04;71852;71804;5258595;1970405;59.8;22.4
FR;59;2021-06-05;45828;48821;5304423;2019226;60.3;23.0
FR;59;2021-06-06;14274;12598;5318697;2031824;60.5;23.1
FR;59;2021-06-07;43977;54869;5362674;2086693;61.0;23.7
FR;59;2021-06-08;53926;61646;5416600;2148339;61.6;24.4
FR;59;2021-06-09;50398;65057;5466998;2213396;62.2;25.2
FR;59;2021-06-10;53853;64839;5520851;2278235;62.8;25.9
FR;59;2021-06-11;55903;85222;5576754;2363457;63.4;26.9
FR;59;2021-06-12;38781;56748;5615535;2420205;63.9;27.5
FR;59;2021-06-13;11111;19642;5626646;2439847;64.0;27.7
FR;59;2021-06-14;30142;79351;5656788;2519198;64.3;28.7
FR;59;2021-06-15;35603;85440;5692391;2604638;64.7;29.6
FR;59;2021-06-16;33602;87359;5725993;2691997;65.1;30.6
FR;59;2021-06-17;36954;86140;5762947;2778137;65.5;31.6
FR;59;2021-06-18;37680;113585;5800627;2891722;66.0;32.9
FR;59;2021-06-19;23896;80135;5824523;2971857;66.2;33.8
FR;59;2021-06-20;6049;30776;5830572;3002633;66.3;34.1
FR;59;2021-06-21;20068;114127;5850640;3116760;66.5;35.4
FR;64;2020-12-27;1;0;1;0;0.0;0.0
FR;64;2020-12-28;1;0;2;0;0.0;0.0
FR;64;2020-12-29;2;0;4;0;0.0;0.0
FR;64;2020-12-30;6;0;10;0;0.0;0.0
FR;64;2020-12-31;5;0;15;0;0.0;0.0
FR;64;2021-01-01;9;0;24;0;0.0;0.0
FR;64;2021-01-02;13;0;37;0;0.0;0.0
FR;64;2021-01-03;19;0;56;0;0.0;0.0
FR;64;2021-01-04;209;1;265;1;0.0;0.0
FR;64;2021-01-05;902;4;1167;5;0.0;0.0
FR;64;2021-01-06;1694;4;2861;9;0.1;0.0
FR;64;2021-01-07;3663;10;6524;19;0.2;0.0
FR;64;2021-01-08;4897;14;11421;33;0.3;0.0
FR;64;2021-01-09;1964;2;13385;35;0.3;0.0
FR;64;2021-01-10;1028;1;14413;36;0.4;0.0
FR;64;2021-01-11;5298;10;19711;46;0.5;0.0
FR;64;2021-01-12;7160;15;26871;61;0.7;0.0
FR;64;2021-01-13;7475;18;34346;79;0.8;0.0
FR;64;2021-01-14;8587;89;42933;168;1.0;0.0
FR;64;2021-01-15;7113;38;50046;206;1.2;0.0
FR;64;2021-01-16;2221;18;52267;224;1.3;0.0
FR;64;2021-01-17;844;9;53111;233;1.3;0.0
FR;64;2021-01-18;4695;20;57806;253;1.4;0.0
FR;64;2021-01-19;6416;26;64222;279;1.6;0.0
FR;64;2021-01-20;6246;36;70468;315;1.7;0.0
FR;64;2021-01-21;6938;28;77406;343;1.9;0.0
FR;64;2021-01-22;5439;34;82845;377;2.0;0.0
FR;64;2021-01-23;1422;13;84267;390;2.1;0.0
FR;64;2021-01-24;435;9;84702;399;2.1;0.0
FR;64;2021-01-25;2782;206;87484;605;2.1;0.0
FR;64;2021-01-26;3549;500;91033;1105;2.2;0.0
FR;64;2021-01-27;3773;890;94806;1995;2.3;0.0
FR;64;2021-01-28;4579;1759;99385;3754;2.4;0.1
FR;64;2021-01-29;3538;2331;102923;6085;2.5;0.1
FR;64;2021-01-30;840;708;103763;6793;2.5;0.2
FR;64;2021-01-31;172;279;103935;7072;2.5;0.2
FR;64;2021-02-01;1533;2869;105468;9941;2.6;0.2
FR;64;2021-02-02;2159;4149;107627;14090;2.6;0.3
FR;64;2021-02-03;2314;4367;109941;18457;2.7;0.4
FR;64;2021-02-04;2830;5510;112771;23967;2.7;0.6
FR;64;2021-02-05;2196;4974;114967;28941;2.8;0.7
FR;64;2021-02-06;668;1305;115635;30246;2.8;0.7
FR;64;2021-02-07;165;493;115800;30739;2.8;0.7
FR;64;2021-02-08;1493;4199;117293;34938;2.9;0.9
FR;64;2021-02-09;2351;5670;119644;40608;2.9;1.0
FR;64;2021-02-10;2581;5678;122225;46286;3.0;1.1
FR;64;2021-02-11;3470;7231;125695;53517;3.1;1.3
FR;64;2021-02-12;3116;5456;128811;58973;3.1;1.4
FR;64;2021-02-13;851;1449;129662;60422;3.2;1.5
FR;64;2021-02-14;198;437;129860;60859;3.2;1.5
FR;64;2021-02-15;1596;3889;131456;64748;3.2;1.6
FR;64;2021-02-16;2089;5151;133545;69899;3.3;1.7
FR;64;2021-02-17;2214;4649;135759;74548;3.3;1.8
FR;64;2021-02-18;3255;5464;139014;80012;3.4;2.0
FR;64;2021-02-19;3024;4221;142038;84233;3.5;2.1
FR;64;2021-02-20;813;1204;142851;85437;3.5;2.1
FR;64;2021-02-21;135;255;142986;85692;3.5;2.1
FR;64;2021-02-22;1502;2671;144488;88363;3.5;2.2
FR;64;2021-02-23;2419;2920;146907;91283;3.6;2.2
FR;64;2021-02-24;3884;2864;150791;94147;3.7;2.3
FR;64;2021-02-25;16093;3901;166884;98048;4.1;2.4
FR;64;2021-02-26;21863;2838;188747;100886;4.6;2.5
FR;64;2021-02-27;13103;799;201850;101685;4.9;2.5
FR;64;2021-02-28;800;175;202650;101860;4.9;2.5
FR;64;2021-03-01;6584;1772;209234;103632;5.1;2.5
FR;64;2021-03-02;13165;2400;222399;106032;5.4;2.6
FR;64;2021-03-03;15995;2462;238394;108494;5.8;2.6
FR;64;2021-03-04;25276;2977;263670;111471;6.4;2.7
FR;64;2021-03-05;30593;2798;294263;114269;7.2;2.8
FR;64;2021-03-06;26950;913;321213;115182;7.8;2.8
FR;64;2021-03-07;9917;573;331130;115755;8.1;2.8
FR;64;2021-03-08;8859;1851;339989;117606;8.3;2.9
FR;64;2021-03-09;16881;2104;356870;119710;8.7;2.9
FR;64;2021-03-10;17152;2241;374022;121951;9.1;3.0
FR;64;2021-03-11;26024;2948;400046;124899;9.8;3.0
FR;64;2021-03-12;33545;2586;433591;127485;10.6;3.1
FR;64;2021-03-13;27442;896;461033;128381;11.2;3.1
FR;64;2021-03-14;5455;225;466488;128606;11.4;3.1
FR;64;2021-03-15;11091;1495;477579;130101;11.6;3.2
FR;64;2021-03-16;6020;1797;483599;131898;11.8;3.2
FR;64;2021-03-17;6159;1707;489758;133605;11.9;3.3
FR;64;2021-03-18;7703;2099;497461;135704;12.1;3.3
FR;64;2021-03-19;18991;2000;516452;137704;12.6;3.4
FR;64;2021-03-20;18570;814;535022;138518;13.0;3.4
FR;64;2021-03-21;4730;243;539752;138761;13.2;3.4
FR;64;2021-03-22;13568;1621;553320;140382;13.5;3.4
FR;64;2021-03-23;23575;2099;576895;142481;14.1;3.5
FR;64;2021-03-24;25228;2205;602123;144686;14.7;3.5
FR;64;2021-03-25;36724;2516;638847;147202;15.6;3.6
FR;64;2021-03-26;40279;2476;679126;149678;16.6;3.6
FR;64;2021-03-27;21348;1095;700474;150773;17.1;3.7
FR;64;2021-03-28;5098;272;705572;151045;17.2;3.7
FR;64;2021-03-29;17591;2202;723163;153247;17.6;3.7
FR;64;2021-03-30;27349;2936;750512;156183;18.3;3.8
FR;64;2021-03-31;24181;3000;774693;159183;18.9;3.9
FR;64;2021-04-01;30614;3874;805307;163057;19.6;4.0
FR;64;2021-04-02;29259;3691;834566;166748;20.3;4.1
FR;64;2021-04-03;16008;2411;850574;169159;20.7;4.1
FR;64;2021-04-04;4036;806;854610;169965;20.8;4.1
FR;64;2021-04-05;5113;813;859723;170778;21.0;4.2
FR;64;2021-04-06;19239;4337;878962;175115;21.4;4.3
FR;64;2021-04-07;23578;4881;902540;179996;22.0;4.4
FR;64;2021-04-08;34628;5734;937168;185730;22.8;4.5
FR;64;2021-04-09;53552;6264;990720;191994;24.2;4.7
FR;64;2021-04-10;29875;5106;1020595;197100;24.9;4.8
FR;64;2021-04-11;6268;2626;1026863;199726;25.0;4.9
FR;64;2021-04-12;28062;5255;1054925;204981;25.7;5.0
FR;64;2021-04-13;42529;7483;1097454;212464;26.8;5.2
FR;64;2021-04-14;40764;7247;1138218;219711;27.7;5.4
FR;64;2021-04-15;51948;8512;1190166;228223;29.0;5.6
FR;64;2021-04-16;64295;9036;1254461;237259;30.6;5.8
FR;64;2021-04-17;38532;7204;1292993;244463;31.5;6.0
FR;64;2021-04-18;10922;3361;1303915;247824;31.8;6.0
FR;64;2021-04-19;41979;8656;1345894;256480;32.8;6.3
FR;64;2021-04-20;52644;10521;1398538;267001;34.1;6.5
FR;64;2021-04-21;52507;10978;1451045;277979;35.4;6.8
FR;64;2021-04-22;57384;12878;1508429;290857;36.8;7.1
FR;64;2021-04-23;60904;12837;1569333;303694;38.3;7.4
FR;64;2021-04-24;43388;9164;1612721;312858;39.3;7.6
FR;64;2021-04-25;16226;3402;1628947;316260;39.7;7.7
FR;64;2021-04-26;50035;11609;1678982;327869;40.9;8.0
FR;64;2021-04-27;63016;15636;1741998;343505;42.5;8.4
FR;64;2021-04-28;64058;16099;1806056;359604;44.0;8.8
FR;64;2021-04-29;73722;20532;1879778;380136;45.8;9.3
FR;64;2021-04-30;75289;22090;1955067;402226;47.7;9.8
FR;64;2021-05-01;29351;6725;1984418;408951;48.4;10.0
FR;64;2021-05-02;14491;4007;1998909;412958;48.7;10.1
FR;64;2021-05-03;52347;15962;2051256;428920;50.0;10.5
FR;64;2021-05-04;53332;21697;2104588;450617;51.3;11.0
FR;64;2021-05-05;49531;22762;2154119;473379;52.5;11.5
FR;64;2021-05-06;56906;28897;2211025;502276;53.9;12.2
FR;64;2021-05-07;50974;34061;2261999;536337;55.1;13.1
FR;64;2021-05-08;21083;9348;2283082;545685;55.7;13.3
FR;64;2021-05-09;10060;5520;2293142;551205;55.9;13.4
FR;64;2021-05-10;34705;26832;2327847;578037;56.7;14.1
FR;64;2021-05-11;44077;37176;2371924;615213;57.8;15.0
FR;64;2021-05-12;39161;35008;2411085;650221;58.8;15.9
FR;64;2021-05-13;22029;10070;2433114;660291;59.3;16.1
FR;64;2021-05-14;36360;29076;2469474;689367;60.2;16.8
FR;64;2021-05-15;21274;19008;2490748;708375;60.7;17.3
FR;64;2021-05-16;7976;4312;2498724;712687;60.9;17.4
FR;64;2021-05-17;26934;25440;2525658;738127;61.6;18.0
FR;64;2021-05-18;33597;28367;2559255;766494;62.4;18.7
FR;64;2021-05-19;30493;26395;2589748;792889;63.1;19.3
FR;64;2021-05-20;35062;33273;2624810;826162;64.0;20.1
FR;64;2021-05-21;30260;37398;2655070;863560;64.7;21.1
FR;64;2021-05-22;14847;17706;2669917;881266;65.1;21.5
FR;64;2021-05-23;5121;2835;2675038;884101;65.2;21.6
FR;64;2021-05-24;10769;6494;2685807;890595;65.5;21.7
FR;64;2021-05-25;22720;34350;2708527;924945;66.0;22.5
FR;64;2021-05-26;21477;34972;2730004;959917;66.5;23.4
FR;64;2021-05-27;26024;42988;2756028;1002905;67.2;24.4
FR;64;2021-05-28;24507;55752;2780535;1058657;67.8;25.8
FR;64;2021-05-29;11929;33519;2792464;1092176;68.1;26.6
FR;64;2021-05-30;2675;7429;2795139;1099605;68.1;26.8
FR;64;2021-05-31;15842;45984;2810981;1145589;68.5;27.9
FR;64;2021-06-01;20859;56395;2831840;1201984;69.0;29.3
FR;64;2021-06-02;17047;50425;2848887;1252409;69.4;30.5
FR;64;2021-06-03;21205;55025;2870092;1307434;70.0;31.9
FR;64;2021-06-04;19850;66558;2889942;1373992;70.4;33.5
FR;64;2021-06-05;9390;43230;2899332;1417222;70.7;34.5
FR;64;2021-06-06;2667;10962;2901999;1428184;70.7;34.8
FR;64;2021-06-07;12329;60859;2914328;1489043;71.0;36.3
FR;64;2021-06-08;16788;66736;2931116;1555779;71.5;37.9
FR;64;2021-06-09;14472;58356;2945588;1614135;71.8;39.3
FR;64;2021-06-10;16531;57013;2962119;1671148;72.2;40.7
FR;64;2021-06-11;15064;69912;2977183;1741060;72.6;42.4
FR;64;2021-06-12;8075;36103;2985258;1777163;72.8;43.3
FR;64;2021-06-13;2119;9747;2987377;1786910;72.8;43.6
FR;64;2021-06-14;8916;64677;2996293;1851587;73.0;45.1
FR;64;2021-06-15;11694;66309;3007987;1917896;73.3;46.8
FR;64;2021-06-16;9936;53306;3017923;1971202;73.6;48.1
FR;64;2021-06-17;11998;55802;3029921;2027004;73.9;49.4
FR;64;2021-06-18;10997;61234;3040918;2088238;74.1;50.9
FR;64;2021-06-19;5447;29052;3046365;2117290;74.3;51.6
FR;64;2021-06-20;1137;6579;3047502;2123869;74.3;51.8
FR;64;2021-06-21;6201;45118;3053703;2168987;74.4;52.9
FR;69;2020-12-27;2;0;2;0;0.0;0.0
FR;69;2020-12-28;2;0;4;0;0.0;0.0
FR;69;2020-12-29;3;0;7;0;0.0;0.0
FR;69;2020-12-30;7;0;14;0;0.0;0.0
FR;69;2020-12-31;5;0;19;0;0.0;0.0
FR;69;2021-01-01;6;0;25;0;0.0;0.0
FR;69;2021-01-02;11;1;36;1;0.0;0.0
FR;69;2021-01-03;8;0;44;1;0.0;0.0
FR;69;2021-01-04;115;0;159;1;0.0;0.0
FR;69;2021-01-05;411;4;570;5;0.0;0.0
FR;69;2021-01-06;810;2;1380;7;0.0;0.0
FR;69;2021-01-07;1894;3;3274;10;0.1;0.0
FR;69;2021-01-08;2464;1;5738;11;0.1;0.0
FR;69;2021-01-09;1127;1;6865;12;0.2;0.0
FR;69;2021-01-10;660;1;7525;13;0.2;0.0
FR;69;2021-01-11;2743;6;10268;19;0.3;0.0
FR;69;2021-01-12;3887;3;14155;22;0.4;0.0
FR;69;2021-01-13;3805;14;17960;36;0.5;0.0
FR;69;2021-01-14;4575;48;22535;84;0.6;0.0
FR;69;2021-01-15;3853;14;26388;98;0.7;0.0
FR;69;2021-01-16;1345;14;27733;112;0.7;0.0
FR;69;2021-01-17;637;3;28370;115;0.7;0.0
FR;69;2021-01-18;3264;18;31634;133;0.8;0.0
FR;69;2021-01-19;4801;21;36435;154;0.9;0.0
FR;69;2021-01-20;4771;18;41206;172;1.1;0.0
FR;69;2021-01-21;5558;23;46764;195;1.2;0.0
FR;69;2021-01-22;4379;21;51143;216;1.3;0.0
FR;69;2021-01-23;1364;5;52507;221;1.3;0.0
FR;69;2021-01-24;450;6;52957;227;1.4;0.0
FR;69;2021-01-25;2736;82;55693;309;1.4;0.0
FR;69;2021-01-26;3370;186;59063;495;1.5;0.0
FR;69;2021-01-27;3675;416;62738;911;1.6;0.0
FR;69;2021-01-28;4334;896;67072;1807;1.7;0.0
FR;69;2021-01-29;3493;1237;70565;3044;1.8;0.1
FR;69;2021-01-30;941;403;71506;3447;1.8;0.1
FR;69;2021-01-31;180;162;71686;3609;1.8;0.1
FR;69;2021-02-01;1831;1522;73517;5131;1.9;0.1
FR;69;2021-02-02;2436;2204;75953;7335;1.9;0.2
FR;69;2021-02-03;2428;2274;78381;9609;2.0;0.2
FR;69;2021-02-04;2996;2929;81377;12538;2.1;0.3
FR;69;2021-02-05;2519;2540;83896;15078;2.2;0.4
FR;69;2021-02-06;728;809;84624;15887;2.2;0.4
FR;69;2021-02-07;162;391;84786;16278;2.2;0.4
FR;69;2021-02-08;1617;2412;86403;18690;2.2;0.5
FR;69;2021-02-09;2424;3419;88827;22109;2.3;0.6
FR;69;2021-02-10;2579;3410;91406;25519;2.3;0.7
FR;69;2021-02-11;3536;4867;94942;30386;2.4;0.8
FR;69;2021-02-12;3168;3424;98110;33810;2.5;0.9
FR;69;2021-02-13;870;1037;98980;34847;2.5;0.9
FR;69;2021-02-14;218;415;99198;35262;2.5;0.9
FR;69;2021-02-15;1340;2780;100538;38042;2.6;1.0
FR;69;2021-02-16;1875;3987;102413;42029;2.6;1.1
FR;69;2021-02-17;2013;3665;104426;45694;2.7;1.2
FR;69;2021-02-18;3016;4566;107442;50260;2.8;1.3
FR;69;2021-02-19;2890;3517;110332;53777;2.8;1.4
FR;69;2021-02-20;760;1027;111092;54804;2.8;1.4
FR;69;2021-02-21;150;236;111242;55040;2.9;1.4
FR;69;2021-02-22;1623;2577;112865;57617;2.9;1.5
FR;69;2021-02-23;2291;2824;115156;60441;3.0;1.5
FR;69;2021-02-24;2670;2916;117826;63357;3.0;1.6
FR;69;2021-02-25;3901;3592;121727;66949;3.1;1.7
FR;69;2021-02-26;4289;2637;126016;69586;3.2;1.8
FR;69;2021-02-27;1823;709;127839;70295;3.3;1.8
FR;69;2021-02-28;312;183;128151;70478;3.3;1.8
FR;69;2021-03-01;2813;1944;130964;72422;3.4;1.9
FR;69;2021-03-02;4732;2457;135696;74879;3.5;1.9
FR;69;2021-03-03;6743;2496;142439;77375;3.7;2.0
FR;69;2021-03-04;11845;3056;154284;80431;4.0;2.1
FR;69;2021-03-05;17570;2743;171854;83174;4.4;2.1
FR;69;2021-03-06;23381;868;195235;84042;5.0;2.2
FR;69;2021-03-07;14839;494;210074;84536;5.4;2.2
FR;69;2021-03-08;9818;2089;219892;86625;5.6;2.2
FR;69;2021-03-09;17558;2545;237450;89170;6.1;2.3
FR;69;2021-03-10;18911;2605;256361;91775;6.6;2.4
FR;69;2021-03-11;29295;3315;285656;95090;7.3;2.4
FR;69;2021-03-12;40049;3084;325705;98174;8.3;2.5
FR;69;2021-03-13;36195;1110;361900;99284;9.3;2.5
FR;69;2021-03-14;8224;282;370124;99566;9.5;2.6
FR;69;2021-03-15;16764;1861;386888;101427;9.9;2.6
FR;69;2021-03-16;10755;2211;397643;103638;10.2;2.7
FR;69;2021-03-17;11787;2211;409430;105849;10.5;2.7
FR;69;2021-03-18;13169;2641;422599;108490;10.8;2.8
FR;69;2021-03-19;28944;2499;451543;110989;11.6;2.8
FR;69;2021-03-20;27025;960;478568;111949;12.3;2.9
FR;69;2021-03-21;7134;287;485702;112236;12.4;2.9
FR;69;2021-03-22;21262;2229;506964;114465;13.0;2.9
FR;69;2021-03-23;36323;2883;543287;117348;13.9;3.0
FR;69;2021-03-24;37608;2928;580895;120276;14.9;3.1
FR;69;2021-03-25;55195;3235;636090;123511;16.3;3.2
FR;69;2021-03-26;59331;3127;695421;126638;17.8;3.2
FR;69;2021-03-27;30262;1446;725683;128084;18.6;3.3
FR;69;2021-03-28;7614;411;733297;128495;18.8;3.3
FR;69;2021-03-29;27742;3516;761039;132011;19.5;3.4
FR;69;2021-03-30;42319;4474;803358;136485;20.6;3.5
FR;69;2021-03-31;35410;4498;838768;140983;21.5;3.6
FR;69;2021-04-01;43345;5859;882113;146842;22.6;3.8
FR;69;2021-04-02;41401;5999;923514;152841;23.7;3.9
FR;69;2021-04-03;21680;3965;945194;156806;24.2;4.0
FR;69;2021-04-04;5813;1316;951007;158122;24.4;4.1
FR;69;2021-04-05;7619;1075;958626;159197;24.6;4.1
FR;69;2021-04-06;27927;7258;986553;166455;25.3;4.3
FR;69;2021-04-07;32446;7811;1018999;174266;26.1;4.5
FR;69;2021-04-08;48615;8947;1067614;183213;27.4;4.7
FR;69;2021-04-09;70692;9189;1138306;192402;29.2;4.9
FR;69;2021-04-10;36708;7927;1175014;200329;30.1;5.1
FR;69;2021-04-11;7985;4301;1182999;204630;30.3;5.2
FR;69;2021-04-12;38611;8913;1221610;213543;31.3;5.5
FR;69;2021-04-13;53569;12051;1275179;225594;32.7;5.8
FR;69;2021-04-14;49340;11737;1324519;237331;33.9;6.1
FR;69;2021-04-15;61866;13637;1386385;250968;35.5;6.4
FR;69;2021-04-16;72663;14169;1459048;265137;37.4;6.8
FR;69;2021-04-17;39678;10746;1498726;275883;38.4;7.1
FR;69;2021-04-18;10023;5042;1508749;280925;38.7;7.2
FR;69;2021-04-19;45906;13952;1554655;294877;39.8;7.6
FR;69;2021-04-20;57163;16885;1611818;311762;41.3;8.0
FR;69;2021-04-21;53500;16618;1665318;328380;42.7;8.4
FR;69;2021-04-22;60273;18810;1725591;347190;44.2;8.9
FR;69;2021-04-23;59438;18862;1785029;366052;45.7;9.4
FR;69;2021-04-24;37329;13205;1822358;379257;46.7;9.7
FR;69;2021-04-25;13277;5024;1835635;384281;47.0;9.8
FR;69;2021-04-26;49723;18434;1885358;402715;48.3;10.3
FR;69;2021-04-27;61807;23279;1947165;425994;49.9;10.9
FR;69;2021-04-28;59875;22162;2007040;448156;51.4;11.5
FR;69;2021-04-29;70160;24939;2077200;473095;53.2;12.1
FR;69;2021-04-30;66980;24007;2144180;497102;55.0;12.7
FR;69;2021-05-01;23897;7650;2168077;504752;55.6;12.9
FR;69;2021-05-02;11199;5178;2179276;509930;55.9;13.1
FR;69;2021-05-03;47534;21427;2226810;531357;57.1;13.6
FR;69;2021-05-04;48070;27793;2274880;559150;58.3;14.3
FR;69;2021-05-05;42816;27200;2317696;586350;59.4;15.0
FR;69;2021-05-06;50916;30285;2368612;616635;60.7;15.8
FR;69;2021-05-07;42386;34366;2410998;651001;61.8;16.7
FR;69;2021-05-08;16027;9418;2427025;660419;62.2;16.9
FR;69;2021-05-09;7331;6576;2434356;666995;62.4;17.1
FR;69;2021-05-10;29870;34770;2464226;701765;63.2;18.0
FR;69;2021-05-11;38282;43803;2502508;745568;64.1;19.1
FR;69;2021-05-12;33147;39252;2535655;784820;65.0;20.1
FR;69;2021-05-13;17503;11527;2553158;796347;65.4;20.4
FR;69;2021-05-14;30076;34195;2583234;830542;66.2;21.3
FR;69;2021-05-15;15271;18542;2598505;849084;66.6;21.8
FR;69;2021-05-16;5446;4318;2603951;853402;66.7;21.9
FR;69;2021-05-17;21884;28833;2625835;882235;67.3;22.6
FR;69;2021-05-18;28015;29644;2653850;911879;68.0;23.4
FR;69;2021-05-19;24395;25241;2678245;937120;68.6;24.0
FR;69;2021-05-20;28443;27843;2706688;964963;69.4;24.7
FR;69;2021-05-21;23015;30755;2729703;995718;70.0;25.5
FR;69;2021-05-22;9684;14378;2739387;1010096;70.2;25.9
FR;69;2021-05-23;3195;2383;2742582;1012479;70.3;25.9
FR;69;2021-05-24;8116;7135;2750698;1019614;70.5;26.1
FR;69;2021-05-25;17916;36225;2768614;1055839;71.0;27.1
FR;69;2021-05-26;16382;34478;2784996;1090317;71.4;27.9
FR;69;2021-05-27;20628;42281;2805624;1132598;71.9;29.0
FR;69;2021-05-28;18309;53869;2823933;1186467;72.4;30.4
FR;69;2021-05-29;7662;31258;2831595;1217725;72.6;31.2
FR;69;2021-05-30;1701;6902;2833296;1224627;72.6;31.4
FR;69;2021-05-31;12344;47517;2845640;1272144;72.9;32.6
FR;69;2021-06-01;16214;57669;2861854;1329813;73.3;34.1
FR;69;2021-06-02;12975;50013;2874829;1379826;73.7;35.4
FR;69;2021-06-03;16369;57674;2891198;1437500;74.1;36.8
FR;69;2021-06-04;14589;67118;2905787;1504618;74.5;38.6
FR;69;2021-06-05;6091;39524;2911878;1544142;74.6;39.6
FR;69;2021-06-06;1567;9076;2913445;1553218;74.7;39.8
FR;69;2021-06-07;9734;59511;2923179;1612729;74.9;41.3
FR;69;2021-06-08;14212;66618;2937391;1679347;75.3;43.0
FR;69;2021-06-09;11023;54858;2948414;1734205;75.6;44.4
FR;69;2021-06-10;13910;57840;2962324;1792045;75.9;45.9
FR;69;2021-06-11;12078;69287;2974402;1861332;76.2;47.7
FR;69;2021-06-12;5615;32224;2980017;1893556;76.4;48.5
FR;69;2021-06-13;1312;7821;2981329;1901377;76.4;48.7
FR;69;2021-06-14;7323;61136;2988652;1962513;76.6;50.3
FR;69;2021-06-15;9952;66401;2998604;2028914;76.9;52.0
FR;69;2021-06-16;8138;50169;3006742;2079083;77.1;53.3
FR;69;2021-06-17;9698;57149;3016440;2136232;77.3;54.7
FR;69;2021-06-18;8544;60758;3024984;2196990;77.5;56.3
FR;69;2021-06-19;3654;24268;3028638;2221258;77.6;56.9
FR;69;2021-06-20;725;4934;3029363;2226192;77.6;57.1
FR;69;2021-06-21;4999;41848;3034362;2268040;77.8;58.1
FR;74;2020-12-27;1;0;1;0;0.0;0.0
FR;74;2020-12-28;7;0;8;0;0.0;0.0
FR;74;2020-12-29;5;0;13;0;0.0;0.0
FR;74;2020-12-30;12;0;25;0;0.0;0.0
FR;74;2020-12-31;8;0;33;0;0.0;0.0
FR;74;2021-01-01;5;0;38;0;0.0;0.0
FR;74;2021-01-02;3;0;41;0;0.0;0.0
FR;74;2021-01-03;13;0;54;0;0.0;0.0
FR;74;2021-01-04;89;1;143;1;0.0;0.0
FR;74;2021-01-05;301;0;444;1;0.0;0.0
FR;74;2021-01-06;555;1;999;2;0.0;0.0
FR;74;2021-01-07;1465;0;2464;2;0.1;0.0
FR;74;2021-01-08;1813;4;4277;6;0.1;0.0
FR;74;2021-01-09;799;0;5076;6;0.1;0.0
FR;74;2021-01-10;542;0;5618;6;0.2;0.0
FR;74;2021-01-11;2140;2;7758;8;0.2;0.0
FR;74;2021-01-12;3161;6;10919;14;0.3;0.0
FR;74;2021-01-13;3226;7;14145;21;0.4;0.0
FR;74;2021-01-14;3970;41;18115;62;0.5;0.0
FR;74;2021-01-15;3550;11;21665;73;0.6;0.0
FR;74;2021-01-16;1344;5;23009;78;0.7;0.0
FR;74;2021-01-17;766;4;23775;82;0.7;0.0
FR;74;2021-01-18;4731;13;28506;95;0.8;0.0
FR;74;2021-01-19;6835;14;35341;109;1.0;0.0
FR;74;2021-01-20;7121;12;42462;121;1.2;0.0
FR;74;2021-01-21;8219;29;50681;150;1.5;0.0
FR;74;2021-01-22;6569;22;57250;172;1.6;0.0
FR;74;2021-01-23;2264;4;59514;176;1.7;0.0
FR;74;2021-01-24;612;2;60126;178;1.7;0.0
FR;74;2021-01-25;4552;57;64678;235;1.9;0.0
FR;74;2021-01-26;5647;153;70325;388;2.0;0.0
FR;74;2021-01-27;5993;273;76318;661;2.2;0.0
FR;74;2021-01-28;6992;754;83310;1415;2.4;0.0
FR;74;2021-01-29;5748;900;89058;2315;2.6;0.1
FR;74;2021-01-30;1772;264;90830;2579;2.6;0.1
FR;74;2021-01-31;296;114;91126;2693;2.6;0.1
FR;74;2021-02-01;3303;1065;94429;3758;2.7;0.1
FR;74;2021-02-02;4314;1788;98743;5546;2.8;0.2
FR;74;2021-02-03;4327;1808;103070;7354;3.0;0.2
FR;74;2021-02-04;5190;2469;108260;9823;3.1;0.3
FR;74;2021-02-05;4403;2181;112663;12004;3.2;0.3
FR;74;2021-02-06;1414;695;114077;12699;3.3;0.4
FR;74;2021-02-07;243;351;114320;13050;3.3;0.4
FR;74;2021-02-08;3096;2508;117416;15558;3.4;0.4
FR;74;2021-02-09;4129;3729;121545;19287;3.5;0.6
FR;74;2021-02-10;4435;3820;125980;23107;3.6;0.7
FR;74;2021-02-11;5652;5477;131632;28584;3.8;0.8
FR;74;2021-02-12;5286;3823;136918;32407;3.9;0.9
FR;74;2021-02-13;1658;1219;138576;33626;4.0;1.0
FR;74;2021-02-14;408;471;138984;34097;4.0;1.0
FR;74;2021-02-15;2408;4184;141392;38281;4.1;1.1
FR;74;2021-02-16;3277;5636;144669;43917;4.2;1.3
FR;74;2021-02-17;3399;5458;148068;49375;4.3;1.4
FR;74;2021-02-18;4956;6818;153024;56193;4.4;1.6
FR;74;2021-02-19;4894;5420;157918;61613;4.5;1.8
FR;74;2021-02-20;1559;1740;159477;63353;4.6;1.8
FR;74;2021-02-21;233;415;159710;63768;4.6;1.8
FR;74;2021-02-22;2883;4294;162593;68062;4.7;2.0
FR;74;2021-02-23;4158;4902;166751;72964;4.8;2.1
FR;74;2021-02-24;4540;4851;171291;77815;4.9;2.2
FR;74;2021-02-25;5549;5707;176840;83522;5.1;2.4
FR;74;2021-02-26;5506;4486;182346;88008;5.2;2.5
FR;74;2021-02-27;2037;1370;184383;89378;5.3;2.6
FR;74;2021-02-28;529;294;184912;89672;5.3;2.6
FR;74;2021-03-01;5091;3379;190003;93051;5.5;2.7
FR;74;2021-03-02;7484;4299;197487;97350;5.7;2.8
FR;74;2021-03-03;9744;4288;207231;101638;6.0;2.9
FR;74;2021-03-04;15163;4865;222394;106503;6.4;3.1
FR;74;2021-03-05;21776;4671;244170;111174;7.0;3.2
FR;74;2021-03-06;31440;1516;275610;112690;7.9;3.2
FR;74;2021-03-07;21037;635;296647;113325;8.5;3.3
FR;74;2021-03-08;14298;3725;310945;117050;8.9;3.4
FR;74;2021-03-09;24151;4305;335096;121355;9.6;3.5
FR;74;2021-03-10;26415;4500;361511;125855;10.4;3.6
FR;74;2021-03-11;38464;5468;399975;131323;11.5;3.8
FR;74;2021-03-12;50816;4887;450791;136210;13.0;3.9
FR;74;2021-03-13;48050;1726;498841;137936;14.3;4.0
FR;74;2021-03-14;12002;470;510843;138406;14.7;4.0
FR;74;2021-03-15;25635;3226;536478;141632;15.4;4.1
FR;74;2021-03-16;20077;3898;556555;145530;16.0;4.2
FR;74;2021-03-17;21849;3933;578404;149463;16.6;4.3
FR;74;2021-03-18;24487;4582;602891;154045;17.3;4.4
FR;74;2021-03-19;41512;4093;644403;158138;18.5;4.5
FR;74;2021-03-20;35492;1664;679895;159802;19.5;4.6
FR;74;2021-03-21;9476;435;689371;160237;19.8;4.6
FR;74;2021-03-22;31576;3974;720947;164211;20.7;4.7
FR;74;2021-03-23;50285;4945;771232;169156;22.2;4.9
FR;74;2021-03-24;52238;5310;823470;174466;23.7;5.0
FR;74;2021-03-25;74968;5743;898438;180209;25.8;5.2
FR;74;2021-03-26;80991;5433;979429;185642;28.2;5.3
FR;74;2021-03-27;51139;2507;1030568;188149;29.6;5.4
FR;74;2021-03-28;17820;777;1048388;188926;30.1;5.4
FR;74;2021-03-29;56138;7001;1104526;195927;31.8;5.6
FR;74;2021-03-30;76592;8916;1181118;204843;34.0;5.9
FR;74;2021-03-31;67981;9465;1249099;214308;35.9;6.2
FR;74;2021-04-01;78426;11870;1327525;226178;38.2;6.5
FR;74;2021-04-02;70024;12425;1397549;238603;40.2;6.9
FR;74;2021-04-03;37168;8518;1434717;247121;41.2;7.1
FR;74;2021-04-04;12503;2806;1447220;249927;41.6;7.2
FR;74;2021-04-05;19209;1907;1466429;251834;42.2;7.2
FR;74;2021-04-06;64422;15210;1530851;267044;44.0;7.7
FR;74;2021-04-07;72665;16073;1603516;283117;46.1;8.1
FR;74;2021-04-08;87654;18012;1691170;301129;48.6;8.7
FR;74;2021-04-09;97339;17845;1788509;318974;51.4;9.2
FR;74;2021-04-10;48618;14108;1837127;333082;52.8;9.6
FR;74;2021-04-11;12708;6842;1849835;339924;53.2;9.8
FR;74;2021-04-12;60920;17775;1910755;357699;54.9;10.3
FR;74;2021-04-13;68743;22267;1979498;379966;56.9;10.9
FR;74;2021-04-14;60141;21836;2039639;401802;58.6;11.6
FR;74;2021-04-15;61976;23781;2101615;425583;60.4;12.2
FR;74;2021-04-16;52311;24364;2153926;449947;61.9;12.9
FR;74;2021-04-17;25734;16837;2179660;466784;62.7;13.4
FR;74;2021-04-18;5748;6971;2185408;473755;62.8;13.6
FR;74;2021-04-19;31746;24333;2217154;498088;63.7;14.3
FR;74;2021-04-20;36310;29614;2253464;527702;64.8;15.2
FR;74;2021-04-21;33388;30231;2286852;557933;65.7;16.0
FR;74;2021-04-22;38122;35203;2324974;593136;66.8;17.1
FR;74;2021-04-23;34875;38806;2359849;631942;67.8;18.2
FR;74;2021-04-24;18654;30730;2378503;662672;68.4;19.1
FR;74;2021-04-25;6144;12563;2384647;675235;68.6;19.4
FR;74;2021-04-26;26758;46871;2411405;722106;69.3;20.8
FR;74;2021-04-27;33073;56053;2444478;778159;70.3;22.4
FR;74;2021-04-28;32657;52832;2477135;830991;71.2;23.9
FR;74;2021-04-29;38758;53978;2515893;884969;72.3;25.4
FR;74;2021-04-30;35067;49146;2550960;934115;73.3;26.9
FR;74;2021-05-01;11101;15154;2562061;949269;73.7;27.3
FR;74;2021-05-02;5181;11399;2567242;960668;73.8;27.6
FR;74;2021-05-03;24218;52130;2591460;1012798;74.5;29.1
FR;74;2021-05-04;25156;69237;2616616;1082035;75.2;31.1
FR;74;2021-05-05;22731;64917;2639347;1146952;75.9;33.0
FR;74;2021-05-06;27405;63269;2666752;1210221;76.7;34.8
FR;74;2021-05-07;23299;66006;2690051;1276227;77.3;36.7
FR;74;2021-05-08;8241;14318;2698292;1290545;77.6;37.1
FR;74;2021-05-09;3689;10477;2701981;1301022;77.7;37.4
FR;74;2021-05-10;16117;63062;2718098;1364084;78.1;39.2
FR;74;2021-05-11;20981;64106;2739079;1428190;78.7;41.1
FR;74;2021-05-12;18447;53163;2757526;1481353;79.3;42.6
FR;74;2021-05-13;9082;12091;2766608;1493444;79.5;42.9
FR;74;2021-05-14;16965;37762;2783573;1531206;80.0;44.0
FR;74;2021-05-15;8380;17575;2791953;1548781;80.3;44.5
FR;74;2021-05-16;2987;3501;2794940;1552282;80.4;44.6
FR;74;2021-05-17;12252;30814;2807192;1583096;80.7;45.5
FR;74;2021-05-18;15472;30491;2822664;1613587;81.2;46.4
FR;74;2021-05-19;14055;25398;2836719;1638985;81.6;47.1
FR;74;2021-05-20;16050;27693;2852769;1666678;82.0;47.9
FR;74;2021-05-21;13386;30697;2866155;1697375;82.4;48.8
FR;74;2021-05-22;5775;14222;2871930;1711597;82.6;49.2
FR;74;2021-05-23;1857;2383;2873787;1713980;82.6;49.3
FR;74;2021-05-24;4638;5728;2878425;1719708;82.8;49.4
FR;74;2021-05-25;10616;35193;2889041;1754901;83.1;50.5
FR;74;2021-05-26;10019;32943;2899060;1787844;83.3;51.4
FR;74;2021-05-27;11844;39437;2910904;1827281;83.7;52.5
FR;74;2021-05-28;11251;45047;2922155;1872328;84.0;53.8
FR;74;2021-05-29;4754;24306;2926909;1896634;84.1;54.5
FR;74;2021-05-30;1042;4238;2927951;1900872;84.2;54.6
FR;74;2021-05-31;7569;29833;2935520;1930705;84.4;55.5
FR;74;2021-06-01;10286;40160;2945806;1970865;84.7;56.7
FR;74;2021-06-02;8465;34080;2954271;2004945;84.9;57.6
FR;74;2021-06-03;10541;42323;2964812;2047268;85.2;58.9
FR;74;2021-06-04;9701;48037;2974513;2095305;85.5;60.2
FR;74;2021-06-05;4051;25144;2978564;2120449;85.6;61.0
FR;74;2021-06-06;935;4685;2979499;2125134;85.7;61.1
FR;74;2021-06-07;6125;31626;2985624;2156760;85.8;62.0
FR;74;2021-06-08;9210;38225;2994834;2194985;86.1;63.1
FR;74;2021-06-09;7275;32422;3002109;2227407;86.3;64.0
FR;74;2021-06-10;8948;37876;3011057;2265283;86.6;65.1
FR;74;2021-06-11;8198;46563;3019255;2311846;86.8;66.5
FR;74;2021-06-12;3636;20542;3022891;2332388;86.9;67.1
FR;74;2021-06-13;848;4156;3023739;2336544;86.9;67.2
FR;74;2021-06-14;4965;34071;3028704;2370615;87.1;68.2
FR;74;2021-06-15;6887;42627;3035591;2413242;87.3;69.4
FR;74;2021-06-16;5623;33262;3041214;2446504;87.4;70.3
FR;74;2021-06-17;6952;40718;3048166;2487222;87.6;71.5
FR;74;2021-06-18;5869;43627;3054035;2530849;87.8;72.8
FR;74;2021-06-19;2489;15749;3056524;2546598;87.9;73.2
FR;74;2021-06-20;469;2796;3056993;2549394;87.9;73.3
FR;74;2021-06-21;3514;25068;3060507;2574462;88.0;74.0
FR;79;2020-12-27;1;0;1;0;0.0;0.0
FR;79;2020-12-28;6;0;7;0;0.0;0.0
FR;79;2020-12-29;16;0;23;0;0.0;0.0
FR;79;2020-12-30;12;0;35;0;0.0;0.0
FR;79;2020-12-31;6;0;41;0;0.0;0.0
FR;79;2021-01-01;6;0;47;0;0.0;0.0
FR;79;2021-01-02;4;0;51;0;0.0;0.0
FR;79;2021-01-03;2;0;53;0;0.0;0.0
FR;79;2021-01-04;50;0;103;0;0.0;0.0
FR;79;2021-01-05;173;0;276;0;0.0;0.0
FR;79;2021-01-06;342;1;618;1;0.0;0.0
FR;79;2021-01-07;905;0;1523;1;0.1;0.0
FR;79;2021-01-08;1087;1;2610;2;0.1;0.0
FR;79;2021-01-09;364;0;2974;2;0.1;0.0
FR;79;2021-01-10;196;0;3170;2;0.1;0.0
FR;79;2021-01-11;1169;3;4339;5;0.2;0.0
FR;79;2021-01-12;2215;2;6554;7;0.3;0.0
FR;79;2021-01-13;2766;2;9320;9;0.4;0.0
FR;79;2021-01-14;4449;36;13769;45;0.6;0.0
FR;79;2021-01-15;5279;18;19048;63;0.9;0.0
FR;79;2021-01-16;2830;14;21878;77;1.0;0.0
FR;79;2021-01-17;1309;3;23187;80;1.0;0.0
FR;79;2021-01-18;19695;40;42882;120;1.9;0.0
FR;79;2021-01-19;26089;42;68971;162;3.1;0.0
FR;79;2021-01-20;28095;34;97066;196;4.4;0.0
FR;79;2021-01-21;30119;43;127185;239;5.7;0.0
FR;79;2021-01-22;27984;38;155169;277;7.0;0.0
FR;79;2021-01-23;11686;12;166855;289;7.5;0.0
FR;79;2021-01-24;2173;4;169028;293;7.6;0.0
FR;79;2021-01-25;22596;50;191624;343;8.6;0.0
FR;79;2021-01-26;25777;126;217401;469;9.8;0.0
FR;79;2021-01-27;25057;203;242458;672;10.9;0.0
FR;79;2021-01-28;25243;568;267701;1240;12.1;0.1
FR;79;2021-01-29;22568;571;290269;1811;13.1;0.1
FR;79;2021-01-30;8794;139;299063;1950;13.5;0.1
FR;79;2021-01-31;1235;55;300298;2005;13.5;0.1
FR;79;2021-02-01;16200;651;316498;2656;14.3;0.1
FR;79;2021-02-02;19318;1280;335816;3936;15.1;0.2
FR;79;2021-02-03;18334;1592;354150;5528;16.0;0.2
FR;79;2021-02-04;19222;2540;373372;8068;16.8;0.4
FR;79;2021-02-05;18077;2693;391449;10761;17.7;0.5
FR;79;2021-02-06;6464;1011;397913;11772;17.9;0.5
FR;79;2021-02-07;870;392;398783;12164;18.0;0.5
FR;79;2021-02-08;13126;5819;411909;17983;18.6;0.8
FR;79;2021-02-09;15598;7682;427507;25665;19.3;1.2
FR;79;2021-02-10;15474;8064;442981;33729;20.0;1.5
FR;79;2021-02-11;16550;9623;459531;43352;20.7;2.0
FR;79;2021-02-12;15702;9430;475233;52782;21.4;2.4
FR;79;2021-02-13;5017;4127;480250;56909;21.7;2.6
FR;79;2021-02-14;907;1045;481157;57954;21.7;2.6
FR;79;2021-02-15;7141;19835;488298;77789;22.0;3.5
FR;79;2021-02-16;8358;23642;496656;101431;22.4;4.6
FR;79;2021-02-17;8261;24038;504917;125469;22.8;5.7
FR;79;2021-02-18;10334;24439;515251;149908;23.2;6.8
FR;79;2021-02-19;10345;20777;525596;170685;23.7;7.7
FR;79;2021-02-20;3782;8318;529378;179003;23.9;8.1
FR;79;2021-02-21;549;1559;529927;180562;23.9;8.1
FR;79;2021-02-22;7004;21897;536931;202459;24.2;9.1
FR;79;2021-02-23;9664;23579;546595;226038;24.7;10.2
FR;79;2021-02-24;10070;22220;556665;248258;25.1;11.2
FR;79;2021-02-25;11729;22111;568394;270369;25.6;12.2
FR;79;2021-02-26;12087;19141;580481;289510;26.2;13.1
FR;79;2021-02-27;4431;6745;584912;296255;26.4;13.4
FR;79;2021-02-28;877;1038;585789;297293;26.4;13.4
FR;79;2021-03-01;12146;16478;597935;313771;27.0;14.2
FR;79;2021-03-02;16349;19294;614284;333065;27.7;15.0
FR;79;2021-03-03;17772;18576;632056;351641;28.5;15.9
FR;79;2021-03-04;20983;17730;653039;369371;29.5;16.7
FR;79;2021-03-05;22506;16530;675545;385901;30.5;17.4
FR;79;2021-03-06;29097;5465;704642;391366;31.8;17.7
FR;79;2021-03-07;21098;1106;725740;392472;32.7;17.7
FR;79;2021-03-08;17403;15376;743143;407848;33.5;18.4
FR;79;2021-03-09;25797;16497;768940;424345;34.7;19.1
FR;79;2021-03-10;26917;15663;795857;440008;35.9;19.8
FR;79;2021-03-11;31910;15201;827767;455209;37.3;20.5
FR;79;2021-03-12;33445;13032;861212;468241;38.8;21.1
FR;79;2021-03-13;25415;4296;886627;472537;40.0;21.3
FR;79;2021-03-14;9487;796;896114;473333;40.4;21.3
FR;79;2021-03-15;28540;8771;924654;482104;41.7;21.7
FR;79;2021-03-16;32847;9349;957501;491453;43.2;22.2
FR;79;2021-03-17;33830;9316;991331;500769;44.7;22.6
FR;79;2021-03-18;36730;9816;1028061;510585;46.4;23.0
FR;79;2021-03-19;36767;8935;1064828;519520;48.0;23.4
FR;79;2021-03-20;20699;3336;1085527;522856;49.0;23.6
FR;79;2021-03-21;5876;612;1091403;523468;49.2;23.6
FR;79;2021-03-22;28612;9242;1120015;532710;50.5;24.0
FR;79;2021-03-23;37082;10849;1157097;543559;52.2;24.5
FR;79;2021-03-24;35565;11405;1192662;554964;53.8;25.0
FR;79;2021-03-25;41960;11181;1234622;566145;55.7;25.5
FR;79;2021-03-26;39421;10496;1274043;576641;57.5;26.0
FR;79;2021-03-27;17660;4441;1291703;581082;58.3;26.2
FR;79;2021-03-28;4798;914;1296501;581996;58.5;26.2
FR;79;2021-03-29;22292;15026;1318793;597022;59.5;26.9
FR;79;2021-03-30;28042;18946;1346835;615968;60.7;27.8
FR;79;2021-03-31;24691;19773;1371526;635741;61.9;28.7
FR;79;2021-04-01;27188;23226;1398714;658967;63.1;29.7
FR;79;2021-04-02;23066;24475;1421780;683442;64.1;30.8
FR;79;2021-04-03;10013;17374;1431793;700816;64.6;31.6
FR;79;2021-04-04;2802;5067;1434595;705883;64.7;31.8
FR;79;2021-04-05;4187;2757;1438782;708640;64.9;32.0
FR;79;2021-04-06;18998;28986;1457780;737626;65.7;33.3
FR;79;2021-04-07;21059;29865;1478839;767491;66.7;34.6
FR;79;2021-04-08;24982;29950;1503821;797441;67.8;36.0
FR;79;2021-04-09;26827;28124;1530648;825565;69.0;37.2
FR;79;2021-04-10;13580;18944;1544228;844509;69.6;38.1
FR;79;2021-04-11;3487;6455;1547715;850964;69.8;38.4
FR;79;2021-04-12;16742;28912;1564457;879876;70.6;39.7
FR;79;2021-04-13;19117;35023;1583574;914899;71.4;41.3
FR;79;2021-04-14;18168;33157;1601742;948056;72.2;42.8
FR;79;2021-04-15;19096;33345;1620838;981401;73.1;44.3
FR;79;2021-04-16;16235;31057;1637073;1012458;73.8;45.7
FR;79;2021-04-17;8156;16704;1645229;1029162;74.2;46.4
FR;79;2021-04-18;1767;4834;1646996;1033996;74.3;46.6
FR;79;2021-04-19;9841;29170;1656837;1063166;74.7;47.9
FR;79;2021-04-20;11702;34445;1668539;1097611;75.3;49.5
FR;79;2021-04-21;11289;31212;1679828;1128823;75.8;50.9
FR;79;2021-04-22;12850;31099;1692678;1159922;76.3;52.3
FR;79;2021-04-23;11910;27691;1704588;1187613;76.9;53.6
FR;79;2021-04-24;6156;13720;1710744;1201333;77.2;54.2
FR;79;2021-04-25;1913;3427;1712657;1204760;77.2;54.3
FR;79;2021-04-26;8948;20604;1721605;1225364;77.6;55.3
FR;79;2021-04-27;11073;23671;1732678;1249035;78.1;56.3
FR;79;2021-04-28;11601;20908;1744279;1269943;78.7;57.3
FR;79;2021-04-29;13662;20675;1757941;1290618;79.3;58.2
FR;79;2021-04-30;12827;17613;1770768;1308231;79.9;59.0
FR;79;2021-05-01;3818;3920;1774586;1312151;80.0;59.2
FR;79;2021-05-02;1744;2618;1776330;1314769;80.1;59.3
FR;79;2021-05-03;8605;15108;1784935;1329877;80.5;60.0
FR;79;2021-05-04;8941;20145;1793876;1350022;80.9;60.9
FR;79;2021-05-05;8419;18967;1802295;1368989;81.3;61.7
FR;79;2021-05-06;10257;18770;1812552;1387759;81.7;62.6
FR;79;2021-05-07;8961;19455;1821513;1407214;82.1;63.5
FR;79;2021-05-08;3085;4292;1824598;1411506;82.3;63.7
FR;79;2021-05-09;1385;2989;1825983;1414495;82.4;63.8
FR;79;2021-05-10;6172;17474;1832155;1431969;82.6;64.6
FR;79;2021-05-11;7992;18540;1840147;1450509;83.0;65.4
FR;79;2021-05-12;7264;15775;1847411;1466284;83.3;66.1
FR;79;2021-05-13;3492;3782;1850903;1470066;83.5;66.3
FR;79;2021-05-14;6767;11368;1857670;1481434;83.8;66.8
FR;79;2021-05-15;3296;5090;1860966;1486524;83.9;67.0
FR;79;2021-05-16;1140;1152;1862106;1487676;84.0;67.1
FR;79;2021-05-17;4925;8991;1867031;1496667;84.2;67.5
FR;79;2021-05-18;6096;9130;1873127;1505797;84.5;67.9
FR;79;2021-05-19;5702;7948;1878829;1513745;84.7;68.3
FR;79;2021-05-20;6581;8087;1885410;1521832;85.0;68.6
FR;79;2021-05-21;5603;8733;1891013;1530565;85.3;69.0
FR;79;2021-05-22;2403;3802;1893416;1534367;85.4;69.2
FR;79;2021-05-23;728;788;1894144;1535155;85.4;69.2
FR;79;2021-05-24;1832;1600;1895976;1536755;85.5;69.3
FR;79;2021-05-25;4346;10183;1900322;1546938;85.7;69.8
FR;79;2021-05-26;4288;9496;1904610;1556434;85.9;70.2
FR;79;2021-05-27;5188;10942;1909798;1567376;86.1;70.7
FR;79;2021-05-28;4708;12369;1914506;1579745;86.3;71.2
FR;79;2021-05-29;2040;6659;1916546;1586404;86.4;71.5
FR;79;2021-05-30;435;1253;1916981;1587657;86.5;71.6
FR;79;2021-05-31;3180;9024;1920161;1596681;86.6;72.0
FR;79;2021-06-01;4398;11090;1924559;1607771;86.8;72.5
FR;79;2021-06-02;3826;9702;1928385;1617473;87.0;72.9
FR;79;2021-06-03;4760;11227;1933145;1628700;87.2;73.5
FR;79;2021-06-04;4267;12683;1937412;1641383;87.4;74.0
FR;79;2021-06-05;1918;6450;1939330;1647833;87.5;74.3
FR;79;2021-06-06;431;1438;1939761;1649271;87.5;74.4
FR;79;2021-06-07;2674;10027;1942435;1659298;87.6;74.8
FR;79;2021-06-08;3968;11757;1946403;1671055;87.8;75.4
FR;79;2021-06-09;3121;10050;1949524;1681105;87.9;75.8
FR;79;2021-06-10;3869;11071;1953393;1692176;88.1;76.3
FR;79;2021-06-11;3638;13186;1957031;1705362;88.3;76.9
FR;79;2021-06-12;1650;5617;1958681;1710979;88.3;77.2
FR;79;2021-06-13;311;1316;1958992;1712295;88.3;77.2
FR;79;2021-06-14;2008;11090;1961000;1723385;88.4;77.7
FR;79;2021-06-15;2871;12655;1963871;1736040;88.6;78.3
FR;79;2021-06-16;2448;9945;1966319;1745985;88.7;78.7
FR;79;2021-06-17;2852;11217;1969171;1757202;88.8;79.2
FR;79;2021-06-18;2663;12306;1971834;1769508;88.9;79.8
FR;79;2021-06-19;1152;4459;1972986;1773967;89.0;80.0
FR;79;2021-06-20;205;927;1973191;1774894;89.0;80.0
FR;79;2021-06-21;1519;8140;1974710;1783034;89.1;80.4
FR;80;2020-12-27;10;2;10;2;0.0;0.0
FR;80;2020-12-28;41;0;51;2;0.0;0.0
FR;80;2020-12-29;78;0;129;2;0.0;0.0
FR;80;2020-12-30;69;0;198;2;0.0;0.0
FR;80;2020-12-31;50;0;248;2;0.0;0.0
FR;80;2021-01-01;10;0;258;2;0.0;0.0
FR;80;2021-01-02;9;0;267;2;0.0;0.0
FR;80;2021-01-03;2;0;269;2;0.0;0.0
FR;80;2021-01-04;297;1;566;3;0.0;0.0
FR;80;2021-01-05;913;2;1479;5;0.0;0.0
FR;80;2021-01-06;1675;2;3154;7;0.1;0.0
FR;80;2021-01-07;6295;5;9449;12;0.2;0.0
FR;80;2021-01-08;5774;11;15223;23;0.4;0.0
FR;80;2021-01-09;979;0;16202;23;0.4;0.0
FR;80;2021-01-10;310;0;16512;23;0.4;0.0
FR;80;2021-01-11;4469;10;20981;33;0.5;0.0
FR;80;2021-01-12;12752;18;33733;51;0.8;0.0
FR;80;2021-01-13;12499;19;46232;70;1.1;0.0
FR;80;2021-01-14;18284;112;64516;182;1.6;0.0
FR;80;2021-01-15;12186;34;76702;216;1.8;0.0
FR;80;2021-01-16;4048;32;80750;248;1.9;0.0
FR;80;2021-01-17;3746;20;84496;268;2.0;0.0
FR;80;2021-01-18;28781;73;113277;341;2.7;0.0
FR;80;2021-01-19;53843;114;167120;455;4.0;0.0
FR;80;2021-01-20;59575;134;226695;589;5.5;0.0
FR;80;2021-01-21;70042;94;296737;683;7.1;0.0
FR;80;2021-01-22;48443;78;345180;761;8.3;0.0
FR;80;2021-01-23;16246;13;361426;774;8.7;0.0
FR;80;2021-01-24;4316;3;365742;777;8.8;0.0
FR;80;2021-01-25;32474;158;398216;935;9.6;0.0
FR;80;2021-01-26;45157;543;443373;1478;10.7;0.0
FR;80;2021-01-27;50925;900;494298;2378;11.9;0.1
FR;80;2021-01-28;60082;3957;554380;6335;13.3;0.2
FR;80;2021-01-29;39376;3287;593756;9622;14.3;0.2
FR;80;2021-01-30;13240;594;606996;10216;14.6;0.2
FR;80;2021-01-31;2336;288;609332;10504;14.7;0.3
FR;80;2021-02-01;23040;2794;632372;13298;15.2;0.3
FR;80;2021-02-02;33553;7437;665925;20735;16.0;0.5
FR;80;2021-02-03;34448;7882;700373;28617;16.8;0.7
FR;80;2021-02-04;38119;12593;738492;41210;17.8;1.0
FR;80;2021-02-05;29824;9541;768316;50751;18.5;1.2
FR;80;2021-02-06;9711;2127;778027;52878;18.7;1.3
FR;80;2021-02-07;1450;1868;779477;54746;18.7;1.3
FR;80;2021-02-08;19376;11148;798853;65894;19.2;1.6
FR;80;2021-02-09;25925;25615;824778;91509;19.8;2.2
FR;80;2021-02-10;26342;28933;851120;120442;20.5;2.9
FR;80;2021-02-11;30560;38131;881680;158573;21.2;3.8
FR;80;2021-02-12;26762;24686;908442;183259;21.8;4.4
FR;80;2021-02-13;7943;6531;916385;189790;22.0;4.6
FR;80;2021-02-14;1508;3101;917893;192891;22.1;4.6
FR;80;2021-02-15;11142;28315;929035;221206;22.3;5.3
FR;80;2021-02-16;15564;38944;944599;260150;22.7;6.3
FR;80;2021-02-17;15955;44496;960554;304646;23.1;7.3
FR;80;2021-02-18;21576;52528;982130;357174;23.6;8.6
FR;80;2021-02-19;19070;37505;1001200;394679;24.1;9.5
FR;80;2021-02-20;6319;12331;1007519;407010;24.2;9.8
FR;80;2021-02-21;913;2970;1008432;409980;24.3;9.9
FR;80;2021-02-22;11187;30704;1019619;440684;24.5;10.6
FR;80;2021-02-23;17116;37290;1036735;477974;24.9;11.5
FR;80;2021-02-24;18011;37094;1054746;515068;25.4;12.4
FR;80;2021-02-25;22365;40882;1077111;555950;25.9;13.4
FR;80;2021-02-26;20576;30941;1097687;586891;26.4;14.1
FR;80;2021-02-27;7187;10287;1104874;597178;26.6;14.4
FR;80;2021-02-28;1262;2121;1106136;599299;26.6;14.4
FR;80;2021-03-01;18804;23222;1124940;622521;27.1;15.0
FR;80;2021-03-02;26922;29128;1151862;651649;27.7;15.7
FR;80;2021-03-03;28753;29272;1180615;680921;28.4;16.4
FR;80;2021-03-04;34995;29733;1215610;710654;29.2;17.1
FR;80;2021-03-05;35919;27521;1251529;738175;30.1;17.8
FR;80;2021-03-06;41419;8405;1292948;746580;31.1;18.0
FR;80;2021-03-07;29722;2085;1322670;748665;31.8;18.0
FR;80;2021-03-08;27201;22530;1349871;771195;32.5;18.5
FR;80;2021-03-09;40781;24715;1390652;795910;33.4;19.1
FR;80;2021-03-10;43156;25419;1433808;821329;34.5;19.8
FR;80;2021-03-11;51700;26941;1485508;848270;35.7;20.4
FR;80;2021-03-12;52185;23031;1537693;871301;37.0;21.0
FR;80;2021-03-13;37564;7049;1575257;878350;37.9;21.1
FR;80;2021-03-14;13907;1538;1589164;879888;38.2;21.2
FR;80;2021-03-15;44124;13975;1633288;893863;39.3;21.5
FR;80;2021-03-16;51838;17082;1685126;910945;40.5;21.9
FR;80;2021-03-17;54695;16589;1739821;927534;41.8;22.3
FR;80;2021-03-18;58554;18871;1798375;946405;43.3;22.8
FR;80;2021-03-19;57417;15776;1855792;962181;44.6;23.1
FR;80;2021-03-20;31037;5369;1886829;967550;45.4;23.3
FR;80;2021-03-21;8687;1100;1895516;968650;45.6;23.3
FR;80;2021-03-22;42891;14580;1938407;983230;46.6;23.6
FR;80;2021-03-23;55650;18073;1994057;1001303;48.0;24.1
FR;80;2021-03-24;54471;19106;2048528;1020409;49.3;24.5
FR;80;2021-03-25;64038;19644;2112566;1040053;50.8;25.0
FR;80;2021-03-26;60219;18296;2172785;1058349;52.3;25.5
FR;80;2021-03-27;26594;7376;2199379;1065725;52.9;25.6
FR;80;2021-03-28;6925;1456;2206304;1067181;53.1;25.7
FR;80;2021-03-29;32862;23412;2239166;1090593;53.9;26.2
FR;80;2021-03-30;43221;30767;2282387;1121360;54.9;27.0
FR;80;2021-03-31;40510;32110;2322897;1153470;55.9;27.7
FR;80;2021-04-01;46138;37758;2369035;1191228;57.0;28.7
FR;80;2021-04-02;37105;39748;2406140;1230976;57.9;29.6
FR;80;2021-04-03;14501;26098;2420641;1257074;58.2;30.2
FR;80;2021-04-04;3871;7573;2424512;1264647;58.3;30.4
FR;80;2021-04-05;5619;4085;2430131;1268732;58.4;30.5
FR;80;2021-04-06;27652;44967;2457783;1313699;59.1;31.6
FR;80;2021-04-07;33474;48405;2491257;1362104;59.9;32.8
FR;80;2021-04-08;40047;49539;2531304;1411643;60.9;34.0
FR;80;2021-04-09;43480;46352;2574784;1457995;61.9;35.1
FR;80;2021-04-10;19787;28889;2594571;1486884;62.4;35.8
FR;80;2021-04-11;4814;9362;2599385;1496246;62.5;36.0
FR;80;2021-04-12;23510;45159;2622895;1541405;63.1;37.1
FR;80;2021-04-13;30198;54631;2653093;1596036;63.8;38.4
FR;80;2021-04-14;29017;52148;2682110;1648184;64.5;39.6
FR;80;2021-04-15;31403;52652;2713513;1700836;65.3;40.9
FR;80;2021-04-16;26442;48984;2739955;1749820;65.9;42.1
FR;80;2021-04-17;12351;25602;2752306;1775422;66.2;42.7
FR;80;2021-04-18;2529;7622;2754835;1783044;66.3;42.9
FR;80;2021-04-19;14248;43670;2769083;1826714;66.6;43.9
FR;80;2021-04-20;17918;53042;2787001;1879756;67.0;45.2
FR;80;2021-04-21;17947;49771;2804948;1929527;67.5;46.4
FR;80;2021-04-22;20682;51198;2825630;1980725;68.0;47.6
FR;80;2021-04-23;19087;44596;2844717;2025321;68.4;48.7
FR;80;2021-04-24;9408;21197;2854125;2046518;68.6;49.2
FR;80;2021-04-25;2685;5152;2856810;2051670;68.7;49.3
FR;80;2021-04-26;12375;30574;2869185;2082244;69.0;50.1
FR;80;2021-04-27;16777;36406;2885962;2118650;69.4;51.0
FR;80;2021-04-28;17998;34585;2903960;2153235;69.8;51.8
FR;80;2021-04-29;21773;35649;2925733;2188884;70.4;52.6
FR;80;2021-04-30;20392;29574;2946125;2218458;70.9;53.4
FR;80;2021-05-01;5812;5819;2951937;2224277;71.0;53.5
FR;80;2021-05-02;2606;3857;2954543;2228134;71.1;53.6
FR;80;2021-05-03;12499;21381;2967042;2249515;71.4;54.1
FR;80;2021-05-04;13903;29953;2980945;2279468;71.7;54.8
FR;80;2021-05-05;13610;29298;2994555;2308766;72.0;55.5
FR;80;2021-05-06;15961;29512;3010516;2338278;72.4;56.2
FR;80;2021-05-07;14607;29756;3025123;2368034;72.8;57.0
FR;80;2021-05-08;4682;6046;3029805;2374080;72.9;57.1
FR;80;2021-05-09;1924;4142;3031729;2378222;72.9;57.2
FR;80;2021-05-10;9259;24334;3040988;2402556;73.1;57.8
FR;80;2021-05-11;12611;27189;3053599;2429745;73.4;58.4
FR;80;2021-05-12;11557;23563;3065156;2453308;73.7;59.0
FR;80;2021-05-13;4897;5403;3070053;2458711;73.8;59.1
FR;80;2021-05-14;10441;16367;3080494;2475078;74.1;59.5
FR;80;2021-05-15;4845;7336;3085339;2482414;74.2;59.7
FR;80;2021-05-16;1541;1527;3086880;2483941;74.2;59.7
FR;80;2021-05-17;7080;13105;3093960;2497046;74.4;60.1
FR;80;2021-05-18;9585;13472;3103545;2510518;74.6;60.4
FR;80;2021-05-19;8952;12079;3112497;2522597;74.9;60.7
FR;80;2021-05-20;10772;12645;3123269;2535242;75.1;61.0
FR;80;2021-05-21;8837;13052;3132106;2548294;75.3;61.3
FR;80;2021-05-22;3845;5191;3135951;2553485;75.4;61.4
FR;80;2021-05-23;1010;1132;3136961;2554617;75.4;61.4
FR;80;2021-05-24;2577;2223;3139538;2556840;75.5;61.5
FR;80;2021-05-25;6594;14205;3146132;2571045;75.7;61.8
FR;80;2021-05-26;6767;14202;3152899;2585247;75.8;62.2
FR;80;2021-05-27;8648;16800;3161547;2602047;76.0;62.6
FR;80;2021-05-28;8250;18053;3169797;2620100;76.2;63.0
FR;80;2021-05-29;3431;8812;3173228;2628912;76.3;63.2
FR;80;2021-05-30;637;1595;3173865;2630507;76.3;63.3
FR;80;2021-05-31;4969;12691;3178834;2643198;76.5;63.6
FR;80;2021-06-01;7263;16607;3186097;2659805;76.6;64.0
FR;80;2021-06-02;6352;14847;3192449;2674652;76.8;64.3
FR;80;2021-06-03;8410;16933;3200859;2691585;77.0;64.7
FR;80;2021-06-04;7553;18898;3208412;2710483;77.2;65.2
FR;80;2021-06-05;3352;9221;3211764;2719704;77.2;65.4
FR;80;2021-06-06;635;2042;3212399;2721746;77.3;65.5
FR;80;2021-06-07;4254;14084;3216653;2735830;77.4;65.8
FR;80;2021-06-08;6601;17443;3223254;2753273;77.5;66.2
FR;80;2021-06-09;5460;15342;3228714;2768615;77.7;66.6
FR;80;2021-06-10;6935;17002;3235649;2785617;77.8;67.0
FR;80;2021-06-11;6438;19775;3242087;2805392;78.0;67.5
FR;80;2021-06-12;2737;8271;3244824;2813663;78.0;67.7
FR;80;2021-06-13;489;2031;3245313;2815694;78.1;67.7
FR;80;2021-06-14;3161;15301;3248474;2830995;78.1;68.1
FR;80;2021-06-15;4783;18415;3253257;2849410;78.2;68.5
FR;80;2021-06-16;4320;15077;3257577;2864487;78.3;68.9
FR;80;2021-06-17;5228;17195;3262805;2881682;78.5;69.3
FR;80;2021-06-18;4696;18023;3267501;2899705;78.6;69.7
FR;80;2021-06-19;2007;6588;3269508;2906293;78.6;69.9
FR;80;2021-06-20;311;1304;3269819;2907597;78.6;69.9
FR;80;2021-06-21;2350;11988;3272169;2919585;78.7;70.2
FR;0;2020-12-27;20;2;20;2;0.0;0.0
FR;0;2020-12-28;71;0;91;2;0.0;0.0
FR;0;2020-12-29;108;0;199;2;0.0;0.0
FR;0;2020-12-30;123;0;322;2;0.0;0.0
FR;0;2020-12-31;88;0;410;2;0.0;0.0
FR;0;2021-01-01;75;1;485;3;0.0;0.0
FR;0;2021-01-02;88;2;573;5;0.0;0.0
FR;0;2021-01-03;92;0;665;5;0.0;0.0
FR;0;2021-01-04;1479;7;2144;12;0.0;0.0
FR;0;2021-01-05;5416;20;7560;32;0.0;0.0
FR;0;2021-01-06;11325;35;18885;67;0.0;0.0
FR;0;2021-01-07;28588;69;47473;136;0.1;0.0
FR;0;2021-01-08;36306;85;83779;221;0.1;0.0
FR;0;2021-01-09;10944;20;94723;241;0.1;0.0
FR;0;2021-01-10;5640;10;100363;251;0.1;0.0
FR;0;2021-01-11;39133;106;139496;357;0.2;0.0
FR;0;2021-01-12;61018;171;200514;528;0.3;0.0
FR;0;2021-01-13;63951;205;264465;733;0.4;0.0
FR;0;2021-01-14;80038;741;344503;1474;0.5;0.0
FR;0;2021-01-15;67607;321;412110;1795;0.6;0.0
FR;0;2021-01-16;19754;138;431864;1933;0.6;0.0
FR;0;2021-01-17;10478;65;442342;1998;0.7;0.0
FR;0;2021-01-18;84512;352;526854;2350;0.8;0.0
FR;0;2021-01-19;128605;398;655459;2748;1.0;0.0
FR;0;2021-01-20;135395;401;790854;3149;1.2;0.0
FR;0;2021-01-21;155615;405;946469;3554;1.4;0.0
FR;0;2021-01-22;118845;415;1065314;3969;1.6;0.0
FR;0;2021-01-23;37864;85;1103178;4054;1.6;0.0
FR;0;2021-01-24;9375;44;1112553;4098;1.7;0.0
FR;0;2021-01-25;76948;1360;1189501;5458;1.8;0.0
FR;0;2021-01-26;98938;3297;1288439;8755;1.9;0.0
FR;0;2021-01-27;105757;5794;1394196;14549;2.1;0.0
FR;0;2021-01-28;122496;14670;1516692;29219;2.3;0.0
FR;0;2021-01-29;90974;17521;1607666;46740;2.4;0.1
FR;0;2021-01-30;28686;4279;1636352;51019;2.4;0.1
FR;0;2021-01-31;4875;1689;1641227;52708;2.4;0.1
FR;0;2021-02-01;51642;21242;1692869;73950;2.5;0.1
FR;0;2021-02-02;70764;34763;1763633;108713;2.6;0.2
FR;0;2021-02-03;71068;37184;1834701;145897;2.7;0.2
FR;0;2021-02-04;80702;50336;1915403;196233;2.9;0.3
FR;0;2021-02-05;67220;45562;1982623;241795;3.0;0.4
FR;0;2021-02-06;21353;10454;2003976;252249;3.0;0.4
FR;0;2021-02-07;4825;5092;2008801;257341;3.0;0.4
FR;0;2021-02-08;45950;46257;2054751;303598;3.1;0.5
FR;0;2021-02-09;64883;73002;2119634;376600;3.2;0.6
FR;0;2021-02-10;69372;77417;2189006;454017;3.3;0.7
FR;0;2021-02-11;85741;100220;2274747;554237;3.4;0.8
FR;0;2021-02-12;77853;75255;2352600;629492;3.5;0.9
FR;0;2021-02-13;21722;19671;2374322;649163;3.5;1.0
FR;0;2021-02-14;4598;7243;2378920;656406;3.5;1.0
FR;0;2021-02-15;37099;77103;2416019;733509;3.6;1.1
FR;0;2021-02-16;49245;101533;2465264;835042;3.7;1.2
FR;0;2021-02-17;49353;103760;2514617;938802;3.7;1.4
FR;0;2021-02-18;68114;119788;2582731;1058590;3.8;1.6
FR;0;2021-02-19;63880;91851;2646611;1150441;3.9;1.7
FR;0;2021-02-20;18019;28637;2664630;1179078;4.0;1.8
FR;0;2021-02-21;2860;6415;2667490;1185493;4.0;1.8
FR;0;2021-02-22;36582;73782;2704072;1259275;4.0;1.9
FR;0;2021-02-23;52710;84904;2756782;1344179;4.1;2.0
FR;0;2021-02-24;58180;81962;2814962;1426141;4.2;2.1
FR;0;2021-02-25;98869;93192;2913831;1519333;4.3;2.3
FR;0;2021-02-26;111882;72752;3025713;1592085;4.5;2.4
FR;0;2021-02-27;51255;22611;3076968;1614696;4.6;2.4
FR;0;2021-02-28;5683;4507;3082651;1619203;4.6;2.4
FR;0;2021-03-01;63718;53745;3146369;1672948;4.7;2.5
FR;0;2021-03-02;99471;67764;3245840;1740712;4.8;2.6
FR;0;2021-03-03;113891;67443;3359731;1808155;5.0;2.7
FR;0;2021-03-04;160784;71783;3520515;1879938;5.2;2.8
FR;0;2021-03-05;198307;66891;3718822;1946829;5.5;2.9
FR;0;2021-03-06;205547;20352;3924369;1967181;5.8;2.9
FR;0;2021-03-07;119965;6960;4044334;1974141;6.0;2.9
FR;0;2021-03-08;105084;52511;4149418;2026652;6.2;3.0
FR;0;2021-03-09;170027;59466;4319445;2086118;6.4;3.1
FR;0;2021-03-10;176067;59898;4495512;2146016;6.7;3.2
FR;0;2021-03-11;239923;67147;4735435;2213163;7.1;3.3
FR;0;2021-03-12;291565;58245;5027000;2271408;7.5;3.4
FR;0;2021-03-13;228986;18075;5255986;2289483;7.8;3.4
FR;0;2021-03-14;62324;4338;5318310;2293821;7.9;3.4
FR;0;2021-03-15;156244;35249;5474554;2329070;8.2;3.5
FR;0;2021-03-16;139511;41828;5614065;2370898;8.4;3.5
FR;0;2021-03-17;148289;41417;5762354;2412315;8.6;3.6
FR;0;2021-03-18;165396;48152;5927750;2460467;8.8;3.7
FR;0;2021-03-19;227209;42058;6154959;2502525;9.2;3.7
FR;0;2021-03-20;164923;14555;6319882;2517080;9.4;3.8
FR;0;2021-03-21;48778;3652;6368660;2520732;9.5;3.8
FR;0;2021-03-22;167459;37810;6536119;2558542;9.7;3.8
FR;0;2021-03-23;247291;47452;6783410;2605994;10.1;3.9
FR;0;2021-03-24;253837;49064;7037247;2655058;10.5;4.0
FR;0;2021-03-25;338466;51865;7375713;2706923;11.0;4.0
FR;0;2021-03-26;355647;49640;7731360;2756563;11.5;4.1
FR;0;2021-03-27;193436;20835;7924796;2777398;11.8;4.1
FR;0;2021-03-28;58394;5022;7983190;2782420;11.9;4.1
FR;0;2021-03-29;200735;58843;8183925;2841263;12.2;4.2
FR;0;2021-03-30;282367;76713;8466292;2917976;12.6;4.3
FR;0;2021-03-31;259928;79971;8726220;2997947;13.0;4.5
FR;0;2021-04-01;310640;97133;9036860;3095080;13.5;4.6
FR;0;2021-04-02;278192;100162;9315052;3195242;13.9;4.8
FR;0;2021-04-03;139303;65508;9454355;3260750;14.1;4.9
FR;0;2021-04-04;44912;20096;9499267;3280846;14.2;4.9
FR;0;2021-04-05;58813;12927;9558080;3293773;14.2;4.9
FR;0;2021-04-06;213733;114122;9771813;3407895;14.6;5.1
FR;0;2021-04-07;256577;123584;10028390;3531479;14.9;5.3
FR;0;2021-04-08;333222;132785;10361612;3664264;15.4;5.5
FR;0;2021-04-09;405546;128844;10767158;3793108;16.0;5.7
FR;0;2021-04-10;210282;88865;10977440;3881973;16.4;5.8
FR;0;2021-04-11;54920;36524;11032360;3918497;16.4;5.8
FR;0;2021-04-12;234087;122277;11266447;4040774;16.8;6.0
FR;0;2021-04-13;305616;154521;11572063;4195295;17.2;6.3
FR;0;2021-04-14;289975;149349;11862038;4344644;17.7;6.5
FR;0;2021-04-15;332137;159506;12194175;4504150;18.2;6.7
FR;0;2021-04-16;335631;156738;12529806;4660888;18.7;6.9
FR;0;2021-04-17;186455;96151;12716261;4757039;18.9;7.1
FR;0;2021-04-18;50460;37370;12766721;4794409;19.0;7.1
FR;0;2021-04-19;202929;145619;12969650;4940028;19.3;7.4
FR;0;2021-04-20;251017;179996;13220667;5120024;19.7;7.6
FR;0;2021-04-21;249530;178303;13470197;5298327;20.1;7.9
FR;0;2021-04-22;283602;199608;13753799;5497935;20.5;8.2
FR;0;2021-04-23;291286;195838;14045085;5693773;20.9;8.5
FR;0;2021-04-24;188216;120216;14233301;5813989;21.2;8.7
FR;0;2021-04-25;68407;41982;14301708;5855971;21.3;8.7
FR;0;2021-04-26;218126;167463;14519834;6023434;21.6;9.0
FR;0;2021-04-27;281227;208177;14801061;6231611;22.1;9.3
FR;0;2021-04-28;296286;205446;15097347;6437057;22.5;9.6
FR;0;2021-04-29;353289;227699;15450636;6664756;23.0;9.9
FR;0;2021-04-30;368375;220851;15819011;6885607;23.6;10.3
FR;0;2021-05-01;164127;62192;15983138;6947799;23.8;10.4
FR;0;2021-05-02;90205;42747;16073343;6990546;23.9;10.4
FR;0;2021-05-03;284343;188079;16357686;7178625;24.4;10.7
FR;0;2021-05-04;311352;247996;16669038;7426621;24.8;11.1
FR;0;2021-05-05;321228;247270;16990266;7673891;25.3;11.4
FR;0;2021-05-06;374017;270443;17364283;7944334;25.9;11.8
FR;0;2021-05-07;367978;295919;17732261;8240253;26.4;12.3
FR;0;2021-05-08;218425;80311;17950686;8320564;26.7;12.4
FR;0;2021-05-09;128316;54662;18079002;8375226;26.9;12.5
FR;0;2021-05-10;307197;252779;18386199;8628005;27.4;12.9
FR;0;2021-05-11;397904;294023;18784103;8922028;28.0;13.3
FR;0;2021-05-12;425267;266566;19209370;9188594;28.6;13.7
FR;0;2021-05-13;332306;76617;19541676;9265211;29.1;13.8
FR;0;2021-05-14;446550;200483;19988226;9465694;29.8;14.1
FR;0;2021-05-15;367898;118314;20356124;9584008;30.3;14.3
FR;0;2021-05-16;199696;33247;20555820;9617255;30.6;14.3
FR;0;2021-05-17;369882;176947;20925702;9794202;31.2;14.6
FR;0;2021-05-18;449206;189351;21374908;9983553;31.8;14.9
FR;0;2021-05-19;459383;179737;21834291;10163290;32.5;15.1
FR;0;2021-05-20;497665;201225;22331956;10364515;33.3;15.4
FR;0;2021-05-21;480634;218302;22812590;10582817;34.0;15.8
FR;0;2021-05-22;342118;106618;23154708;10689435;34.5;15.9
FR;0;2021-05-23;159081;26048;23313789;10715483;34.7;16.0
FR;0;2021-05-24;257526;51899;23571315;10767382;35.1;16.0
FR;0;2021-05-25;391740;223706;23963055;10991088;35.7;16.4
FR;0;2021-05-26;401836;223572;24364891;11214660;36.3;16.7
FR;0;2021-05-27;441643;263526;24806534;11478186;37.0;17.1
FR;0;2021-05-28;421912;315397;25228446;11793583;37.6;17.6
FR;0;2021-05-29;294606;180831;25523052;11974414;38.0;17.8
FR;0;2021-05-30;104819;41597;25627871;12016011;38.2;17.9
FR;0;2021-05-31;351827;240065;25979698;12256076;38.7;18.3
FR;0;2021-06-01;413361;300679;26393059;12556755;39.3;18.7
FR;0;2021-06-02;400917;275451;26793976;12832206;39.9;19.1
FR;0;2021-06-03;450961;310980;27244937;13143186;40.6;19.6
FR;0;2021-06-04;441876;359733;27686813;13502919;41.3;20.1
FR;0;2021-06-05;298221;220798;27985034;13723717;41.7;20.4
FR;0;2021-06-06;129164;60540;28114198;13784257;41.9;20.5
FR;0;2021-06-07;328252;297707;28442450;14081964;42.4;21.0
FR;0;2021-06-08;387160;336457;28829610;14418421;43.0;21.5
FR;0;2021-06-09;368846;317487;29198456;14735908;43.5;22.0
FR;0;2021-06-10;386023;335551;29584479;15071459;44.1;22.5
FR;0;2021-06-11;374827;405603;29959306;15477062;44.6;23.1
FR;0;2021-06-12;275873;241890;30235179;15718952;45.0;23.4
FR;0;2021-06-13;101539;84400;30336718;15803352;45.2;23.5
FR;0;2021-06-14;229850;383714;30566568;16187066;45.5;24.1
FR;0;2021-06-15;294352;422760;30860920;16609826;46.0;24.7
FR;0;2021-06-16;302738;393289;31163658;17003115;46.4;25.3
FR;0;2021-06-17;306671;410853;31470329;17413968;46.9;25.9
FR;0;2021-06-18;307876;483534;31778205;17897502;47.3;26.7
FR;0;2021-06-19;217722;299316;31995927;18196818;47.7;27.1
FR;0;2021-06-20;70370;111023;32066297;18307841;47.8;27.3
FR;0;2021-06-21;185167;426187;32251464;18734028;48.1;27.9
