fra;clage_vacsi;jour;n_dose1;n_complet;n_cum_dose1;n_cum_complet;couv_dose1;couv_complet
FR;24;2020-12-27;1;0;1;0;0.0;0.0
FR;24;2020-12-28;2;0;3;0;0.0;0.0
FR;24;2020-12-29;0;0;3;0;0.0;0.0
FR;24;2020-12-30;0;0;3;0;0.0;0.0
FR;24;2020-12-31;1;0;4;0;0.0;0.0
FR;24;2021-01-01;1;0;5;0;0.0;0.0
FR;24;2021-01-02;1;0;6;0;0.0;0.0
FR;24;2021-01-03;2;0;8;0;0.0;0.0
FR;24;2021-01-04;4;0;12;0;0.0;0.0
FR;24;2021-01-05;17;1;29;1;0.0;0.0
FR;24;2021-01-06;36;0;65;1;0.0;0.0
FR;24;2021-01-07;180;0;245;1;0.0;0.0
FR;24;2021-01-08;216;0;461;1;0.0;0.0
FR;24;2021-01-09;40;0;501;1;0.0;0.0
FR;24;2021-01-10;35;0;536;1;0.0;0.0
FR;24;2021-01-11;251;2;787;3;0.0;0.0
FR;24;2021-01-12;397;5;1184;8;0.0;0.0
FR;24;2021-01-13;478;6;1662;14;0.0;0.0
FR;24;2021-01-14;612;6;2274;20;0.0;0.0
FR;24;2021-01-15;596;2;2870;22;0.1;0.0
FR;24;2021-01-16;118;3;2988;25;0.1;0.0
FR;24;2021-01-17;94;0;3082;25;0.1;0.0
FR;24;2021-01-18;508;3;3590;28;0.1;0.0
FR;24;2021-01-19;597;3;4187;31;0.1;0.0
FR;24;2021-01-20;649;0;4836;31;0.1;0.0
FR;24;2021-01-21;758;4;5594;35;0.1;0.0
FR;24;2021-01-22;601;4;6195;39;0.1;0.0
FR;24;2021-01-23;117;0;6312;39;0.1;0.0
FR;24;2021-01-24;22;0;6334;39;0.1;0.0
FR;24;2021-01-25;294;4;6628;43;0.1;0.0
FR;24;2021-01-26;367;12;6995;55;0.1;0.0
FR;24;2021-01-27;443;14;7438;69;0.1;0.0
FR;24;2021-01-28;596;51;8034;120;0.1;0.0
FR;24;2021-01-29;467;82;8501;202;0.2;0.0
FR;24;2021-01-30;87;16;8588;218;0.2;0.0
FR;24;2021-01-31;25;13;8613;231;0.2;0.0
FR;24;2021-02-01;157;134;8770;365;0.2;0.0
FR;24;2021-02-02;216;183;8986;548;0.2;0.0
FR;24;2021-02-03;218;186;9204;734;0.2;0.0
FR;24;2021-02-04;358;316;9562;1050;0.2;0.0
FR;24;2021-02-05;346;344;9908;1394;0.2;0.0
FR;24;2021-02-06;83;71;9991;1465;0.2;0.0
FR;24;2021-02-07;169;32;10160;1497;0.2;0.0
FR;24;2021-02-08;388;358;10548;1855;0.2;0.0
FR;24;2021-02-09;745;458;11293;2313;0.2;0.0
FR;24;2021-02-10;1093;598;12386;2911;0.2;0.1
FR;24;2021-02-11;1577;718;13963;3629;0.3;0.1
FR;24;2021-02-12;1622;565;15585;4194;0.3;0.1
FR;24;2021-02-13;292;94;15877;4288;0.3;0.1
FR;24;2021-02-14;62;31;15939;4319;0.3;0.1
FR;24;2021-02-15;1040;383;16979;4702;0.3;0.1
FR;24;2021-02-16;1563;582;18542;5284;0.3;0.1
FR;24;2021-02-17;1493;505;20035;5789;0.4;0.1
FR;24;2021-02-18;1946;631;21981;6420;0.4;0.1
FR;24;2021-02-19;1856;562;23837;6982;0.4;0.1
FR;24;2021-02-20;333;88;24170;7070;0.4;0.1
FR;24;2021-02-21;41;19;24211;7089;0.4;0.1
FR;24;2021-02-22;1168;292;25379;7381;0.5;0.1
FR;24;2021-02-23;1588;393;26967;7774;0.5;0.1
FR;24;2021-02-24;1652;340;28619;8114;0.5;0.1
FR;24;2021-02-25;2278;482;30897;8596;0.6;0.2
FR;24;2021-02-26;2198;401;33095;8997;0.6;0.2
FR;24;2021-02-27;533;87;33628;9084;0.6;0.2
FR;24;2021-02-28;92;17;33720;9101;0.6;0.2
FR;24;2021-03-01;1261;237;34981;9338;0.6;0.2
FR;24;2021-03-02;1664;319;36645;9657;0.7;0.2
FR;24;2021-03-03;1759;373;38404;10030;0.7;0.2
FR;24;2021-03-04;2156;529;40560;10559;0.7;0.2
FR;24;2021-03-05;3296;518;43856;11077;0.8;0.2
FR;24;2021-03-06;1714;148;45570;11225;0.8;0.2
FR;24;2021-03-07;984;79;46554;11304;0.9;0.2
FR;24;2021-03-08;1968;259;48522;11563;0.9;0.2
FR;24;2021-03-09;2626;329;51148;11892;0.9;0.2
FR;24;2021-03-10;2442;379;53590;12271;1.0;0.2
FR;24;2021-03-11;2931;520;56521;12791;1.0;0.2
FR;24;2021-03-12;3837;459;60358;13250;1.1;0.2
FR;24;2021-03-13;1487;106;61845;13356;1.1;0.2
FR;24;2021-03-14;532;37;62377;13393;1.2;0.2
FR;24;2021-03-15;1834;257;64211;13650;1.2;0.3
FR;24;2021-03-16;824;315;65035;13965;1.2;0.3
FR;24;2021-03-17;1073;327;66108;14292;1.2;0.3
FR;24;2021-03-18;1300;441;67408;14733;1.2;0.3
FR;24;2021-03-19;1868;373;69276;15106;1.3;0.3
FR;24;2021-03-20;834;88;70110;15194;1.3;0.3
FR;24;2021-03-21;633;72;70743;15266;1.3;0.3
FR;24;2021-03-22;1502;303;72245;15569;1.3;0.3
FR;24;2021-03-23;1797;402;74042;15971;1.4;0.3
FR;24;2021-03-24;2155;366;76197;16337;1.4;0.3
FR;24;2021-03-25;2561;504;78758;16841;1.5;0.3
FR;24;2021-03-26;3162;489;81920;17330;1.5;0.3
FR;24;2021-03-27;1898;197;83818;17527;1.5;0.3
FR;24;2021-03-28;1010;77;84828;17604;1.6;0.3
FR;24;2021-03-29;2446;378;87274;17982;1.6;0.3
FR;24;2021-03-30;3616;531;90890;18513;1.7;0.3
FR;24;2021-03-31;4150;537;95040;19050;1.8;0.4
FR;24;2021-04-01;5409;765;100449;19815;1.9;0.4
FR;24;2021-04-02;4455;641;104904;20456;1.9;0.4
FR;24;2021-04-03;1749;344;106653;20800;2.0;0.4
FR;24;2021-04-04;954;126;107607;20926;2.0;0.4
FR;24;2021-04-05;1099;135;108706;21061;2.0;0.4
FR;24;2021-04-06;3548;587;112254;21648;2.1;0.4
FR;24;2021-04-07;4782;824;117036;22472;2.2;0.4
FR;24;2021-04-08;6373;1117;123409;23589;2.3;0.4
FR;24;2021-04-09;5781;1059;129190;24648;2.4;0.5
FR;24;2021-04-10;2625;566;131815;25214;2.4;0.5
FR;24;2021-04-11;1256;310;133071;25524;2.5;0.5
FR;24;2021-04-12;3441;936;136512;26460;2.5;0.5
FR;24;2021-04-13;4765;1150;141277;27610;2.6;0.5
FR;24;2021-04-14;4954;1315;146231;28925;2.7;0.5
FR;24;2021-04-15;5202;1588;151433;30513;2.8;0.6
FR;24;2021-04-16;4821;1686;156254;32199;2.9;0.6
FR;24;2021-04-17;2133;798;158387;32997;2.9;0.6
FR;24;2021-04-18;724;439;159111;33436;2.9;0.6
FR;24;2021-04-19;2933;1520;162044;34956;3.0;0.6
FR;24;2021-04-20;3115;2128;165159;37084;3.0;0.7
FR;24;2021-04-21;3429;2479;168588;39563;3.1;0.7
FR;24;2021-04-22;4015;3122;172603;42685;3.2;0.8
FR;24;2021-04-23;4173;3283;176776;45968;3.3;0.8
FR;24;2021-04-24;2387;1684;179163;47652;3.3;0.9
FR;24;2021-04-25;1222;804;180385;48456;3.3;0.9
FR;24;2021-04-26;3065;2180;183450;50636;3.4;0.9
FR;24;2021-04-27;3888;3165;187338;53801;3.5;1.0
FR;24;2021-04-28;4414;3747;191752;57548;3.5;1.1
FR;24;2021-04-29;5483;4452;197235;62000;3.6;1.1
FR;24;2021-04-30;6206;4613;203441;66613;3.8;1.2
FR;24;2021-05-01;3975;1082;207416;67695;3.8;1.2
FR;24;2021-05-02;2767;904;210183;68599;3.9;1.3
FR;24;2021-05-03;6295;4146;216478;72745;4.0;1.3
FR;24;2021-05-04;7514;4716;223992;77461;4.1;1.4
FR;24;2021-05-05;8702;4975;232694;82436;4.3;1.5
FR;24;2021-05-06;10842;6389;243536;88825;4.5;1.6
FR;24;2021-05-07;12024;6435;255560;95260;4.7;1.8
FR;24;2021-05-08;9918;2536;265478;97796;4.9;1.8
FR;24;2021-05-09;6868;1937;272346;99733;5.0;1.8
FR;24;2021-05-10;11036;4978;283382;104711;5.2;1.9
FR;24;2021-05-11;15500;5758;298882;110469;5.5;2.0
FR;24;2021-05-12;22657;6149;321539;116618;5.9;2.2
FR;24;2021-05-13;27548;3040;349087;119658;6.4;2.2
FR;24;2021-05-14;32177;5513;381264;125171;7.0;2.3
FR;24;2021-05-15;33485;3936;414749;129107;7.6;2.4
FR;24;2021-05-16;21889;1972;436638;131079;8.1;2.4
FR;24;2021-05-17;29298;5216;465936;136295;8.6;2.5
FR;24;2021-05-18;37556;6012;503492;142307;9.3;2.6
FR;24;2021-05-19;39672;7029;543164;149336;10.0;2.8
FR;24;2021-05-20;45558;7396;588722;156732;10.9;2.9
FR;24;2021-05-21;46740;7148;635462;163880;11.7;3.0
FR;24;2021-05-22;44442;4459;679904;168339;12.5;3.1
FR;24;2021-05-23;23908;2288;703812;170627;13.0;3.1
FR;24;2021-05-24;34304;3559;738116;174186;13.6;3.2
FR;24;2021-05-25;44471;7765;782587;181951;14.4;3.4
FR;24;2021-05-26;45093;7409;827680;189360;15.3;3.5
FR;24;2021-05-27;51507;8043;879187;197403;16.2;3.6
FR;24;2021-05-28;48173;8824;927360;206227;17.1;3.8
FR;24;2021-05-29;43824;5834;971184;212061;17.9;3.9
FR;24;2021-05-30;18246;2209;989430;214270;18.2;4.0
FR;24;2021-05-31;51332;8097;1040762;222367;19.2;4.1
FR;24;2021-06-01;58751;9950;1099513;232317;20.3;4.3
FR;24;2021-06-02;59152;9224;1158665;241541;21.4;4.5
FR;29;2020-12-27;0;0;0;0;0.0;0.0
FR;29;2020-12-28;1;0;1;0;0.0;0.0
FR;29;2020-12-29;0;0;1;0;0.0;0.0
FR;29;2020-12-30;0;0;1;0;0.0;0.0
FR;29;2020-12-31;1;0;2;0;0.0;0.0
FR;29;2021-01-01;2;0;4;0;0.0;0.0
FR;29;2021-01-02;3;0;7;0;0.0;0.0
FR;29;2021-01-03;2;0;9;0;0.0;0.0
FR;29;2021-01-04;10;0;19;0;0.0;0.0
FR;29;2021-01-05;42;0;61;0;0.0;0.0
FR;29;2021-01-06;142;0;203;0;0.0;0.0
FR;29;2021-01-07;307;2;510;2;0.0;0.0
FR;29;2021-01-08;518;4;1028;6;0.0;0.0
FR;29;2021-01-09;113;0;1141;6;0.0;0.0
FR;29;2021-01-10;91;1;1232;7;0.0;0.0
FR;29;2021-01-11;643;4;1875;11;0.1;0.0
FR;29;2021-01-12;933;14;2808;25;0.1;0.0
FR;29;2021-01-13;1213;12;4021;37;0.1;0.0
FR;29;2021-01-14;1562;15;5583;52;0.2;0.0
FR;29;2021-01-15;1313;7;6896;59;0.2;0.0
FR;29;2021-01-16;193;4;7089;63;0.2;0.0
FR;29;2021-01-17;158;0;7247;63;0.2;0.0
FR;29;2021-01-18;1039;9;8286;72;0.2;0.0
FR;29;2021-01-19;1148;6;9434;78;0.3;0.0
FR;29;2021-01-20;1197;6;10631;84;0.3;0.0
FR;29;2021-01-21;1459;6;12090;90;0.3;0.0
FR;29;2021-01-22;1151;11;13241;101;0.4;0.0
FR;29;2021-01-23;170;2;13411;103;0.4;0.0
FR;29;2021-01-24;52;0;13463;103;0.4;0.0
FR;29;2021-01-25;539;16;14002;119;0.4;0.0
FR;29;2021-01-26;665;35;14667;154;0.4;0.0
FR;29;2021-01-27;721;62;15388;216;0.4;0.0
FR;29;2021-01-28;1033;121;16421;337;0.4;0.0
FR;29;2021-01-29;803;170;17224;507;0.5;0.0
FR;29;2021-01-30;141;40;17365;547;0.5;0.0
FR;29;2021-01-31;34;26;17399;573;0.5;0.0
FR;29;2021-02-01;263;293;17662;866;0.5;0.0
FR;29;2021-02-02;405;372;18067;1238;0.5;0.0
FR;29;2021-02-03;456;459;18523;1697;0.5;0.0
FR;29;2021-02-04;609;716;19132;2413;0.5;0.1
FR;29;2021-02-05;532;749;19664;3162;0.5;0.1
FR;29;2021-02-06;141;107;19805;3269;0.5;0.1
FR;29;2021-02-07;304;65;20109;3334;0.5;0.1
FR;29;2021-02-08;604;804;20713;4138;0.6;0.1
FR;29;2021-02-09;1249;1021;21962;5159;0.6;0.1
FR;29;2021-02-10;1712;1135;23674;6294;0.6;0.2
FR;29;2021-02-11;2463;1425;26137;7719;0.7;0.2
FR;29;2021-02-12;2219;1228;28356;8947;0.8;0.2
FR;29;2021-02-13;427;155;28783;9102;0.8;0.2
FR;29;2021-02-14;134;81;28917;9183;0.8;0.2
FR;29;2021-02-15;1570;797;30487;9980;0.8;0.3
FR;29;2021-02-16;1922;1156;32409;11136;0.9;0.3
FR;29;2021-02-17;1885;942;34294;12078;0.9;0.3
FR;29;2021-02-18;2391;1161;36685;13239;1.0;0.4
FR;29;2021-02-19;2321;941;39006;14180;1.0;0.4
FR;29;2021-02-20;383;124;39389;14304;1.1;0.4
FR;29;2021-02-21;86;43;39475;14347;1.1;0.4
FR;29;2021-02-22;1362;530;40837;14877;1.1;0.4
FR;29;2021-02-23;1759;655;42596;15532;1.1;0.4
FR;29;2021-02-24;1788;539;44384;16071;1.2;0.4
FR;29;2021-02-25;2400;932;46784;17003;1.3;0.5
FR;29;2021-02-26;2576;665;49360;17668;1.3;0.5
FR;29;2021-02-27;607;110;49967;17778;1.3;0.5
FR;29;2021-02-28;112;28;50079;17806;1.3;0.5
FR;29;2021-03-01;1305;351;51384;18157;1.4;0.5
FR;29;2021-03-02;1804;598;53188;18755;1.4;0.5
FR;29;2021-03-03;1984;600;55172;19355;1.5;0.5
FR;29;2021-03-04;2490;770;57662;20125;1.6;0.5
FR;29;2021-03-05;3614;714;61276;20839;1.6;0.6
FR;29;2021-03-06;1637;149;62913;20988;1.7;0.6
FR;29;2021-03-07;820;98;63733;21086;1.7;0.6
FR;29;2021-03-08;1955;394;65688;21480;1.8;0.6
FR;29;2021-03-09;2655;493;68343;21973;1.8;0.6
FR;29;2021-03-10;2577;520;70920;22493;1.9;0.6
FR;29;2021-03-11;3346;826;74266;23319;2.0;0.6
FR;29;2021-03-12;3976;733;78242;24052;2.1;0.6
FR;29;2021-03-13;1626;137;79868;24189;2.1;0.7
FR;29;2021-03-14;564;62;80432;24251;2.2;0.7
FR;29;2021-03-15;1888;373;82320;24624;2.2;0.7
FR;29;2021-03-16;1120;503;83440;25127;2.2;0.7
FR;29;2021-03-17;1377;504;84817;25631;2.3;0.7
FR;29;2021-03-18;1643;677;86460;26308;2.3;0.7
FR;29;2021-03-19;2232;565;88692;26873;2.4;0.7
FR;29;2021-03-20;987;130;89679;27003;2.4;0.7
FR;29;2021-03-21;725;64;90404;27067;2.4;0.7
FR;29;2021-03-22;1659;409;92063;27476;2.5;0.7
FR;29;2021-03-23;2210;605;94273;28081;2.5;0.8
FR;29;2021-03-24;2532;571;96805;28652;2.6;0.8
FR;29;2021-03-25;3380;686;100185;29338;2.7;0.8
FR;29;2021-03-26;3729;706;103914;30044;2.8;0.8
FR;29;2021-03-27;2146;255;106060;30299;2.9;0.8
FR;29;2021-03-28;963;67;107023;30366;2.9;0.8
FR;29;2021-03-29;2761;531;109784;30897;3.0;0.8
FR;29;2021-03-30;3991;723;113775;31620;3.1;0.9
FR;29;2021-03-31;4509;809;118284;32429;3.2;0.9
FR;29;2021-04-01;5860;1006;124144;33435;3.3;0.9
FR;29;2021-04-02;4899;924;129043;34359;3.5;0.9
FR;29;2021-04-03;1774;335;130817;34694;3.5;0.9
FR;29;2021-04-04;898;121;131715;34815;3.5;0.9
FR;29;2021-04-05;921;114;132636;34929;3.6;0.9
FR;29;2021-04-06;3500;761;136136;35690;3.7;1.0
FR;29;2021-04-07;4546;1112;140682;36802;3.8;1.0
FR;29;2021-04-08;6273;1468;146955;38270;4.0;1.0
FR;29;2021-04-09;6284;1280;153239;39550;4.1;1.1
FR;29;2021-04-10;2649;623;155888;40173;4.2;1.1
FR;29;2021-04-11;1163;337;157051;40510;4.2;1.1
FR;29;2021-04-12;3591;1039;160642;41549;4.3;1.1
FR;29;2021-04-13;4866;1493;165508;43042;4.5;1.2
FR;29;2021-04-14;4766;1512;170274;44554;4.6;1.2
FR;29;2021-04-15;5605;1817;175879;46371;4.7;1.2
FR;29;2021-04-16;4794;1876;180673;48247;4.9;1.3
FR;29;2021-04-17;2239;915;182912;49162;4.9;1.3
FR;29;2021-04-18;774;517;183686;49679;4.9;1.3
FR;29;2021-04-19;2858;1760;186544;51439;5.0;1.4
FR;29;2021-04-20;3504;2500;190048;53939;5.1;1.5
FR;29;2021-04-21;3473;2782;193521;56721;5.2;1.5
FR;29;2021-04-22;4432;3845;197953;60566;5.3;1.6
FR;29;2021-04-23;4575;3771;202528;64337;5.4;1.7
FR;29;2021-04-24;2692;1824;205220;66161;5.5;1.8
FR;29;2021-04-25;1186;737;206406;66898;5.6;1.8
FR;29;2021-04-26;2951;2466;209357;69364;5.6;1.9
FR;29;2021-04-27;3975;3598;213332;72962;5.7;2.0
FR;29;2021-04-28;4661;4021;217993;76983;5.9;2.1
FR;29;2021-04-29;5887;4977;223880;81960;6.0;2.2
FR;29;2021-04-30;6451;5192;230331;87152;6.2;2.3
FR;29;2021-05-01;4231;1212;234562;88364;6.3;2.4
FR;29;2021-05-02;2616;908;237178;89272;6.4;2.4
FR;29;2021-05-03;6863;4287;244041;93559;6.6;2.5
FR;29;2021-05-04;8124;5190;252165;98749;6.8;2.7
FR;29;2021-05-05;9598;5190;261763;103939;7.0;2.8
FR;29;2021-05-06;11201;6554;272964;110493;7.3;3.0
FR;29;2021-05-07;11648;6625;284612;117118;7.7;3.2
FR;29;2021-05-08;8814;2258;293426;119376;7.9;3.2
FR;29;2021-05-09;5907;1747;299333;121123;8.1;3.3
FR;29;2021-05-10;10646;5312;309979;126435;8.3;3.4
FR;29;2021-05-11;14540;6363;324519;132798;8.7;3.6
FR;29;2021-05-12;19870;6306;344389;139104;9.3;3.7
FR;29;2021-05-13;19819;2351;364208;141455;9.8;3.8
FR;29;2021-05-14;22394;4387;386602;145842;10.4;3.9
FR;29;2021-05-15;21087;2935;407689;148777;11.0;4.0
FR;29;2021-05-16;13394;1340;421083;150117;11.3;4.0
FR;29;2021-05-17;21438;4965;442521;155082;11.9;4.2
FR;29;2021-05-18;28204;5700;470725;160782;12.7;4.3
FR;29;2021-05-19;28756;5977;499481;166759;13.4;4.5
FR;29;2021-05-20;32664;6534;532145;173293;14.3;4.7
FR;29;2021-05-21;31678;6161;563823;179454;15.2;4.8
FR;29;2021-05-22;26034;3013;589857;182467;15.9;4.9
FR;29;2021-05-23;14151;1487;604008;183954;16.3;4.9
FR;29;2021-05-24;22518;2640;626526;186594;16.9;5.0
FR;29;2021-05-25;30406;6565;656932;193159;17.7;5.2
FR;29;2021-05-26;32230;6729;689162;199888;18.5;5.4
FR;29;2021-05-27;35422;7196;724584;207084;19.5;5.6
FR;29;2021-05-28;32945;7859;757529;214943;20.4;5.8
FR;29;2021-05-29;26488;4239;784017;219182;21.1;5.9
FR;29;2021-05-30;11766;1627;795783;220809;21.4;5.9
FR;29;2021-05-31;33304;6762;829087;227571;22.3;6.1
FR;29;2021-06-01;38134;8162;867221;235733;23.3;6.3
FR;29;2021-06-02;37966;7642;905187;243375;24.4;6.5
FR;39;2020-12-27;0;0;0;0;0.0;0.0
FR;39;2020-12-28;0;0;0;0;0.0;0.0
FR;39;2020-12-29;1;0;1;0;0.0;0.0
FR;39;2020-12-30;3;0;4;0;0.0;0.0
FR;39;2020-12-31;1;0;5;0;0.0;0.0
FR;39;2021-01-01;4;0;9;0;0.0;0.0
FR;39;2021-01-02;2;1;11;1;0.0;0.0
FR;39;2021-01-03;2;0;13;1;0.0;0.0
FR;39;2021-01-04;23;0;36;1;0.0;0.0
FR;39;2021-01-05;139;0;175;1;0.0;0.0
FR;39;2021-01-06;385;0;560;1;0.0;0.0
FR;39;2021-01-07;1176;7;1736;8;0.0;0.0
FR;39;2021-01-08;1786;4;3522;12;0.0;0.0
FR;39;2021-01-09;473;0;3995;12;0.0;0.0
FR;39;2021-01-10;308;2;4303;14;0.1;0.0
FR;39;2021-01-11;2209;11;6512;25;0.1;0.0
FR;39;2021-01-12;3403;19;9915;44;0.1;0.0
FR;39;2021-01-13;3497;16;13412;60;0.2;0.0
FR;39;2021-01-14;4781;54;18193;114;0.2;0.0
FR;39;2021-01-15;4396;20;22589;134;0.3;0.0
FR;39;2021-01-16;768;4;23357;138;0.3;0.0
FR;39;2021-01-17;491;4;23848;142;0.3;0.0
FR;39;2021-01-18;3067;32;26915;174;0.3;0.0
FR;39;2021-01-19;4005;19;30920;193;0.4;0.0
FR;39;2021-01-20;3903;20;34823;213;0.4;0.0
FR;39;2021-01-21;5143;21;39966;234;0.5;0.0
FR;39;2021-01-22;3969;31;43935;265;0.5;0.0
FR;39;2021-01-23;590;3;44525;268;0.5;0.0
FR;39;2021-01-24;184;0;44709;268;0.5;0.0
FR;39;2021-01-25;1595;43;46304;311;0.6;0.0
FR;39;2021-01-26;2167;100;48471;411;0.6;0.0
FR;39;2021-01-27;2283;213;50754;624;0.6;0.0
FR;39;2021-01-28;3478;471;54232;1095;0.7;0.0
FR;39;2021-01-29;2676;696;56908;1791;0.7;0.0
FR;39;2021-01-30;395;215;57303;2006;0.7;0.0
FR;39;2021-01-31;89;78;57392;2084;0.7;0.0
FR;39;2021-02-01;750;1058;58142;3142;0.7;0.0
FR;39;2021-02-02;1332;1647;59474;4789;0.7;0.1
FR;39;2021-02-03;1360;1659;60834;6448;0.7;0.1
FR;39;2021-02-04;1978;2536;62812;8984;0.8;0.1
FR;39;2021-02-05;1642;2704;64454;11688;0.8;0.1
FR;39;2021-02-06;397;432;64851;12120;0.8;0.1
FR;39;2021-02-07;553;210;65404;12330;0.8;0.1
FR;39;2021-02-08;1516;2426;66920;14756;0.8;0.2
FR;39;2021-02-09;3164;3379;70084;18135;0.8;0.2
FR;39;2021-02-10;3889;3521;73973;21656;0.9;0.3
FR;39;2021-02-11;6162;4861;80135;26517;1.0;0.3
FR;39;2021-02-12;5816;3998;85951;30515;1.0;0.4
FR;39;2021-02-13;1240;545;87191;31060;1.1;0.4
FR;39;2021-02-14;386;266;87577;31326;1.1;0.4
FR;39;2021-02-15;3419;2392;90996;33718;1.1;0.4
FR;39;2021-02-16;4418;3356;95414;37074;1.2;0.4
FR;39;2021-02-17;3990;2862;99404;39936;1.2;0.5
FR;39;2021-02-18;5969;3887;105373;43823;1.3;0.5
FR;39;2021-02-19;5836;3082;111209;46905;1.3;0.6
FR;39;2021-02-20;1139;475;112348;47380;1.4;0.6
FR;39;2021-02-21;187;122;112535;47502;1.4;0.6
FR;39;2021-02-22;3004;1669;115539;49171;1.4;0.6
FR;39;2021-02-23;3920;1924;119459;51095;1.4;0.6
FR;39;2021-02-24;3720;1721;123179;52816;1.5;0.6
FR;39;2021-02-25;5609;2543;128788;55359;1.6;0.7
FR;39;2021-02-26;6096;1941;134884;57300;1.6;0.7
FR;39;2021-02-27;1664;313;136548;57613;1.6;0.7
FR;39;2021-02-28;241;122;136789;57735;1.6;0.7
FR;39;2021-03-01;2957;1015;139746;58750;1.7;0.7
FR;39;2021-03-02;4263;1639;144009;60389;1.7;0.7
FR;39;2021-03-03;4253;1540;148262;61929;1.8;0.7
FR;39;2021-03-04;6314;2330;154576;64259;1.9;0.8
FR;39;2021-03-05;9154;2133;163730;66392;2.0;0.8
FR;39;2021-03-06;4943;432;168673;66824;2.0;0.8
FR;39;2021-03-07;2649;259;171322;67083;2.1;0.8
FR;39;2021-03-08;4687;1130;176009;68213;2.1;0.8
FR;39;2021-03-09;6918;1537;182927;69750;2.2;0.8
FR;39;2021-03-10;6117;1556;189044;71306;2.3;0.9
FR;39;2021-03-11;8675;2431;197719;73737;2.4;0.9
FR;39;2021-03-12;11464;2180;209183;75917;2.5;0.9
FR;39;2021-03-13;5228;435;214411;76352;2.6;0.9
FR;39;2021-03-14;1751;168;216162;76520;2.6;0.9
FR;39;2021-03-15;4779;1057;220941;77577;2.7;0.9
FR;39;2021-03-16;3368;1411;224309;78988;2.7;1.0
FR;39;2021-03-17;3447;1509;227756;80497;2.7;1.0
FR;39;2021-03-18;4649;1992;232405;82489;2.8;1.0
FR;39;2021-03-19;6275;1654;238680;84143;2.9;1.0
FR;39;2021-03-20;3171;376;241851;84519;2.9;1.0
FR;39;2021-03-21;2072;168;243923;84687;2.9;1.0
FR;39;2021-03-22;4445;1107;248368;85794;3.0;1.0
FR;39;2021-03-23;6163;1668;254531;87462;3.1;1.1
FR;39;2021-03-24;6319;1382;260850;88844;3.1;1.1
FR;39;2021-03-25;9056;1749;269906;90593;3.3;1.1
FR;39;2021-03-26;10645;1733;280551;92326;3.4;1.1
FR;39;2021-03-27;5994;632;286545;92958;3.5;1.1
FR;39;2021-03-28;2737;183;289282;93141;3.5;1.1
FR;39;2021-03-29;7189;1303;296471;94444;3.6;1.1
FR;39;2021-03-30;10543;1897;307014;96341;3.7;1.2
FR;39;2021-03-31;11180;1869;318194;98210;3.8;1.2
FR;39;2021-04-01;15016;2670;333210;100880;4.0;1.2
FR;39;2021-04-02;13274;2481;346484;103361;4.2;1.2
FR;39;2021-04-03;5604;1019;352088;104380;4.2;1.3
FR;39;2021-04-04;2524;347;354612;104727;4.3;1.3
FR;39;2021-04-05;2536;326;357148;105053;4.3;1.3
FR;39;2021-04-06;9282;2311;366430;107364;4.4;1.3
FR;39;2021-04-07;12195;2768;378625;110132;4.6;1.3
FR;39;2021-04-08;16870;3735;395495;113867;4.8;1.4
FR;39;2021-04-09;16893;3648;412388;117515;5.0;1.4
FR;39;2021-04-10;7413;1947;419801;119462;5.1;1.4
FR;39;2021-04-11;2989;985;422790;120447;5.1;1.5
FR;39;2021-04-12;9612;2762;432402;123209;5.2;1.5
FR;39;2021-04-13;12962;4019;445364;127228;5.4;1.5
FR;39;2021-04-14;12919;3866;458283;131094;5.5;1.6
FR;39;2021-04-15;14816;4856;473099;135950;5.7;1.6
FR;39;2021-04-16;12790;5313;485889;141263;5.9;1.7
FR;39;2021-04-17;6140;2729;492029;143992;5.9;1.7
FR;39;2021-04-18;2271;1558;494300;145550;6.0;1.8
FR;39;2021-04-19;7912;4713;502212;150263;6.1;1.8
FR;39;2021-04-20;9475;6746;511687;157009;6.2;1.9
FR;39;2021-04-21;10309;7208;521996;164217;6.3;2.0
FR;39;2021-04-22;11905;10334;533901;174551;6.4;2.1
FR;39;2021-04-23;12208;10539;546109;185090;6.6;2.2
FR;39;2021-04-24;7826;5090;553935;190180;6.7;2.3
FR;39;2021-04-25;3493;2161;557428;192341;6.7;2.3
FR;39;2021-04-26;8597;6964;566025;199305;6.8;2.4
FR;39;2021-04-27;11815;9578;577840;208883;7.0;2.5
FR;39;2021-04-28;13224;10094;591064;218977;7.1;2.6
FR;39;2021-04-29;17322;12974;608386;231951;7.3;2.8
FR;39;2021-04-30;19853;13287;628239;245238;7.6;3.0
FR;39;2021-05-01;13571;3550;641810;248788;7.7;3.0
FR;39;2021-05-02;9330;2498;651140;251286;7.8;3.0
FR;39;2021-05-03;22498;11336;673638;262622;8.1;3.2
FR;39;2021-05-04;26973;13976;700611;276598;8.4;3.3
FR;39;2021-05-05;30812;14321;731423;290919;8.8;3.5
FR;39;2021-05-06;37133;17735;768556;308654;9.3;3.7
FR;39;2021-05-07;38481;18605;807037;327259;9.7;3.9
FR;39;2021-05-08;28849;5655;835886;332914;10.1;4.0
FR;39;2021-05-09;18770;4307;854656;337221;10.3;4.1
FR;39;2021-05-10;33957;14557;888613;351778;10.7;4.2
FR;39;2021-05-11;44203;17163;932816;368941;11.2;4.4
FR;39;2021-05-12;56276;16265;989092;385206;11.9;4.6
FR;39;2021-05-13;53460;5640;1042552;390846;12.6;4.7
FR;39;2021-05-14;62198;11030;1104750;401876;13.3;4.8
FR;39;2021-05-15;55984;6867;1160734;408743;14.0;4.9
FR;39;2021-05-16;36063;3106;1196797;411849;14.4;5.0
FR;39;2021-05-17;56254;11951;1253051;423800;15.1;5.1
FR;39;2021-05-18;70951;13629;1324002;437429;16.0;5.3
FR;39;2021-05-19;74266;14143;1398268;451572;16.9;5.4
FR;39;2021-05-20;82976;14989;1481244;466561;17.9;5.6
FR;39;2021-05-21;81876;14955;1563120;481516;18.8;5.8
FR;39;2021-05-22;63502;7406;1626622;488922;19.6;5.9
FR;39;2021-05-23;33968;3304;1660590;492226;20.0;5.9
FR;39;2021-05-24;52259;5365;1712849;497591;20.6;6.0
FR;39;2021-05-25;73297;15863;1786146;513454;21.5;6.2
FR;39;2021-05-26;76036;16062;1862182;529516;22.4;6.4
FR;39;2021-05-27;84404;16968;1946586;546484;23.5;6.6
FR;39;2021-05-28;78273;19414;2024859;565898;24.4;6.8
FR;39;2021-05-29;57648;10086;2082507;575984;25.1;6.9
FR;39;2021-05-30;24455;3641;2106962;579625;25.4;7.0
FR;39;2021-05-31;74236;15770;2181198;595395;26.3;7.2
FR;39;2021-06-01;85248;19481;2266446;614876;27.3;7.4
FR;39;2021-06-02;84171;18699;2350617;633575;28.3;7.6
FR;49;2020-12-27;2;0;2;0;0.0;0.0
FR;49;2020-12-28;3;0;5;0;0.0;0.0
FR;49;2020-12-29;1;0;6;0;0.0;0.0
FR;49;2020-12-30;6;0;12;0;0.0;0.0
FR;49;2020-12-31;1;0;13;0;0.0;0.0
FR;49;2021-01-01;3;0;16;0;0.0;0.0
FR;49;2021-01-02;9;0;25;0;0.0;0.0
FR;49;2021-01-03;5;0;30;0;0.0;0.0
FR;49;2021-01-04;86;0;116;0;0.0;0.0
FR;49;2021-01-05;336;1;452;1;0.0;0.0
FR;49;2021-01-06;857;5;1309;6;0.0;0.0
FR;49;2021-01-07;2158;7;3467;13;0.0;0.0
FR;49;2021-01-08;3375;9;6842;22;0.1;0.0
FR;49;2021-01-09;1001;1;7843;23;0.1;0.0
FR;49;2021-01-10;473;2;8316;25;0.1;0.0
FR;49;2021-01-11;4171;15;12487;40;0.1;0.0
FR;49;2021-01-12;5856;15;18343;55;0.2;0.0
FR;49;2021-01-13;6157;19;24500;74;0.3;0.0
FR;49;2021-01-14;8331;76;32831;150;0.4;0.0
FR;49;2021-01-15;7609;31;40440;181;0.5;0.0
FR;49;2021-01-16;1424;9;41864;190;0.5;0.0
FR;49;2021-01-17;620;6;42484;196;0.5;0.0
FR;49;2021-01-18;5058;29;47542;225;0.6;0.0
FR;49;2021-01-19;6820;25;54362;250;0.6;0.0
FR;49;2021-01-20;6627;31;60989;281;0.7;0.0
FR;49;2021-01-21;8405;34;69394;315;0.8;0.0
FR;49;2021-01-22;6259;39;75653;354;0.9;0.0
FR;49;2021-01-23;1016;7;76669;361;0.9;0.0
FR;49;2021-01-24;282;3;76951;364;0.9;0.0
FR;49;2021-01-25;2616;102;79567;466;0.9;0.0
FR;49;2021-01-26;3730;227;83297;693;1.0;0.0
FR;49;2021-01-27;3982;389;87279;1082;1.0;0.0
FR;49;2021-01-28;5546;986;92825;2068;1.1;0.0
FR;49;2021-01-29;4401;1561;97226;3629;1.1;0.0
FR;49;2021-01-30;693;377;97919;4006;1.1;0.0
FR;49;2021-01-31;137;125;98056;4131;1.1;0.0
FR;49;2021-02-01;1370;2090;99426;6221;1.2;0.1
FR;49;2021-02-02;2275;3202;101701;9423;1.2;0.1
FR;49;2021-02-03;2301;3380;104002;12803;1.2;0.1
FR;49;2021-02-04;3364;4777;107366;17580;1.2;0.2
FR;49;2021-02-05;2792;4889;110158;22469;1.3;0.3
FR;49;2021-02-06;570;889;110728;23358;1.3;0.3
FR;49;2021-02-07;520;294;111248;23652;1.3;0.3
FR;49;2021-02-08;1937;4057;113185;27709;1.3;0.3
FR;49;2021-02-09;4337;5753;117522;33462;1.4;0.4
FR;49;2021-02-10;5495;6068;123017;39530;1.4;0.5
FR;49;2021-02-11;7993;7989;131010;47519;1.5;0.6
FR;49;2021-02-12;7301;6473;138311;53992;1.6;0.6
FR;49;2021-02-13;1698;1024;140009;55016;1.6;0.6
FR;49;2021-02-14;408;407;140417;55423;1.6;0.6
FR;49;2021-02-15;4128;3886;144545;59309;1.7;0.7
FR;49;2021-02-16;5382;5347;149927;64656;1.7;0.8
FR;49;2021-02-17;5138;4665;155065;69321;1.8;0.8
FR;49;2021-02-18;7478;6206;162543;75527;1.9;0.9
FR;49;2021-02-19;7049;4895;169592;80422;2.0;0.9
FR;49;2021-02-20;1493;804;171085;81226;2.0;0.9
FR;49;2021-02-21;279;225;171364;81451;2.0;0.9
FR;49;2021-02-22;3530;2657;174894;84108;2.0;1.0
FR;49;2021-02-23;4868;3137;179762;87245;2.1;1.0
FR;49;2021-02-24;4898;2853;184660;90098;2.1;1.0
FR;49;2021-02-25;7559;4187;192219;94285;2.2;1.1
FR;49;2021-02-26;8267;3176;200486;97461;2.3;1.1
FR;49;2021-02-27;2682;569;203168;98030;2.4;1.1
FR;49;2021-02-28;333;137;203501;98167;2.4;1.1
FR;49;2021-03-01;3836;1641;207337;99808;2.4;1.2
FR;49;2021-03-02;5790;2494;213127;102302;2.5;1.2
FR;49;2021-03-03;6022;2528;219149;104830;2.6;1.2
FR;49;2021-03-04;8922;3487;228071;108317;2.7;1.3
FR;49;2021-03-05;12557;3265;240628;111582;2.8;1.3
FR;49;2021-03-06;8590;628;249218;112210;2.9;1.3
FR;49;2021-03-07;4683;406;253901;112616;3.0;1.3
FR;49;2021-03-08;6407;1675;260308;114291;3.0;1.3
FR;49;2021-03-09;9555;2317;269863;116608;3.1;1.4
FR;49;2021-03-10;8978;2354;278841;118962;3.2;1.4
FR;49;2021-03-11;12789;3454;291630;122416;3.4;1.4
FR;49;2021-03-12;16422;2935;308052;125351;3.6;1.5
FR;49;2021-03-13;9531;637;317583;125988;3.7;1.5
FR;49;2021-03-14;3129;243;320712;126231;3.7;1.5
FR;49;2021-03-15;6872;1461;327584;127692;3.8;1.5
FR;49;2021-03-16;4625;2135;332209;129827;3.9;1.5
FR;49;2021-03-17;5172;2014;337381;131841;3.9;1.5
FR;49;2021-03-18;6541;2798;343922;134639;4.0;1.6
FR;49;2021-03-19;9513;2310;353435;136949;4.1;1.6
FR;49;2021-03-20;5871;567;359306;137516;4.2;1.6
FR;49;2021-03-21;3143;213;362449;137729;4.2;1.6
FR;49;2021-03-22;6293;1479;368742;139208;4.3;1.6
FR;49;2021-03-23;8589;2148;377331;141356;4.4;1.6
FR;49;2021-03-24;9509;1979;386840;143335;4.5;1.7
FR;49;2021-03-25;12333;2345;399173;145680;4.6;1.7
FR;49;2021-03-26;14698;2320;413871;148000;4.8;1.7
FR;49;2021-03-27;9355;843;423226;148843;4.9;1.7
FR;49;2021-03-28;3848;296;427074;149139;5.0;1.7
FR;49;2021-03-29;9866;1840;436940;150979;5.1;1.8
FR;49;2021-03-30;14259;2661;451199;153640;5.3;1.8
FR;49;2021-03-31;15536;2775;466735;156415;5.4;1.8
FR;49;2021-04-01;19833;3687;486568;160102;5.7;1.9
FR;49;2021-04-02;17440;3424;504008;163526;5.9;1.9
FR;49;2021-04-03;9323;1819;513331;165345;6.0;1.9
FR;49;2021-04-04;4112;618;517443;165963;6.0;1.9
FR;49;2021-04-05;4205;531;521648;166494;6.1;1.9
FR;49;2021-04-06;13161;3360;534809;169854;6.2;2.0
FR;49;2021-04-07;17655;4238;552464;174092;6.4;2.0
FR;49;2021-04-08;22397;5159;574861;179251;6.7;2.1
FR;49;2021-04-09;23471;5338;598332;184589;7.0;2.1
FR;49;2021-04-10;12414;3387;610746;187976;7.1;2.2
FR;49;2021-04-11;4470;1678;615216;189654;7.2;2.2
FR;49;2021-04-12;14116;3782;629332;193436;7.3;2.3
FR;49;2021-04-13;18693;5766;648025;199202;7.5;2.3
FR;49;2021-04-14;19376;5951;667401;205153;7.8;2.4
FR;49;2021-04-15;20325;7028;687726;212181;8.0;2.5
FR;49;2021-04-16;17432;7322;705158;219503;8.2;2.6
FR;49;2021-04-17;9872;4652;715030;224155;8.3;2.6
FR;49;2021-04-18;3369;2297;718399;226452;8.4;2.6
FR;49;2021-04-19;11957;6381;730356;232833;8.5;2.7
FR;49;2021-04-20;14123;9034;744479;241867;8.7;2.8
FR;49;2021-04-21;15952;10150;760431;252017;8.8;2.9
FR;49;2021-04-22;17472;13133;777903;265150;9.1;3.1
FR;49;2021-04-23;17978;14099;795881;279249;9.3;3.2
FR;49;2021-04-24;12582;7792;808463;287041;9.4;3.3
FR;49;2021-04-25;5433;3125;813896;290166;9.5;3.4
FR;49;2021-04-26;13497;9929;827393;300095;9.6;3.5
FR;49;2021-04-27;18505;13083;845898;313178;9.8;3.6
FR;49;2021-04-28;22436;14555;868334;327733;10.1;3.8
FR;49;2021-04-29;27462;17280;895796;345013;10.4;4.0
FR;49;2021-04-30;31761;18089;927557;363102;10.8;4.2
FR;49;2021-05-01;24129;5722;951686;368824;11.1;4.3
FR;49;2021-05-02;16477;3859;968163;372683;11.3;4.3
FR;49;2021-05-03;39440;15530;1007603;388213;11.7;4.5
FR;49;2021-05-04;46397;20290;1054000;408503;12.3;4.8
FR;49;2021-05-05;55510;21668;1109510;430171;12.9;5.0
FR;49;2021-05-06;62214;24664;1171724;454835;13.6;5.3
FR;49;2021-05-07;65404;26107;1237128;480942;14.4;5.6
FR;49;2021-05-08;51212;9153;1288340;490095;15.0;5.7
FR;49;2021-05-09;32185;6247;1320525;496342;15.4;5.8
FR;49;2021-05-10;57105;20723;1377630;517065;16.0;6.0
FR;49;2021-05-11;71784;23909;1449414;540974;16.9;6.3
FR;49;2021-05-12;89594;23997;1539008;564971;17.9;6.6
FR;49;2021-05-13;80146;7766;1619154;572737;18.8;6.7
FR;49;2021-05-14;96009;15705;1715163;588442;20.0;6.8
FR;49;2021-05-15;85602;10809;1800765;599251;21.0;7.0
FR;49;2021-05-16;53118;4516;1853883;603767;21.6;7.0
FR;49;2021-05-17;81564;16312;1935447;620079;22.5;7.2
FR;49;2021-05-18;97819;17853;2033266;637932;23.7;7.4
FR;49;2021-05-19;109498;19410;2142764;657342;24.9;7.6
FR;49;2021-05-20;113490;19749;2256254;677091;26.3;7.9
FR;49;2021-05-21;112456;19929;2368710;697020;27.6;8.1
FR;49;2021-05-22;87174;10506;2455884;707526;28.6;8.2
FR;49;2021-05-23;42761;3982;2498645;711508;29.1;8.3
FR;49;2021-05-24;66897;6857;2565542;718365;29.9;8.4
FR;49;2021-05-25;94215;20898;2659757;739263;31.0;8.6
FR;49;2021-05-26;100265;23121;2760022;762384;32.1;8.9
FR;49;2021-05-27;103596;22733;2863618;785117;33.3;9.1
FR;49;2021-05-28;99055;26645;2962673;811762;34.5;9.4
FR;49;2021-05-29;73935;15490;3036608;827252;35.3;9.6
FR;49;2021-05-30;26699;4706;3063307;831958;35.6;9.7
FR;49;2021-05-31;86967;21146;3150274;853104;36.7;9.9
FR;49;2021-06-01;99337;26242;3249611;879346;37.8;10.2
FR;49;2021-06-02;99156;26212;3348767;905558;39.0;10.5
FR;59;2020-12-27;2;0;2;0;0.0;0.0
FR;59;2020-12-28;6;0;8;0;0.0;0.0
FR;59;2020-12-29;2;0;10;0;0.0;0.0
FR;59;2020-12-30;6;0;16;0;0.0;0.0
FR;59;2020-12-31;9;0;25;0;0.0;0.0
FR;59;2021-01-01;25;1;50;1;0.0;0.0
FR;59;2021-01-02;28;0;78;1;0.0;0.0
FR;59;2021-01-03;36;0;114;1;0.0;0.0
FR;59;2021-01-04;594;3;708;4;0.0;0.0
FR;59;2021-01-05;2168;6;2876;10;0.0;0.0
FR;59;2021-01-06;4803;14;7679;24;0.1;0.0
FR;59;2021-01-07;10511;31;18190;55;0.2;0.0
FR;59;2021-01-08;14317;29;32507;84;0.4;0.0
FR;59;2021-01-09;4062;10;36569;94;0.4;0.0
FR;59;2021-01-10;1987;2;38556;96;0.4;0.0
FR;59;2021-01-11;15946;33;54502;129;0.6;0.0
FR;59;2021-01-12;21123;52;75625;181;0.9;0.0
FR;59;2021-01-13;22719;59;98344;240;1.1;0.0
FR;59;2021-01-14;24751;234;123095;474;1.4;0.0
FR;59;2021-01-15;21603;107;144698;581;1.6;0.0
FR;59;2021-01-16;5437;23;150135;604;1.7;0.0
FR;59;2021-01-17;1801;10;151936;614;1.7;0.0
FR;59;2021-01-18;13573;70;165509;684;1.9;0.0
FR;59;2021-01-19;17969;94;183478;778;2.1;0.0
FR;59;2021-01-20;17096;80;200574;858;2.3;0.0
FR;59;2021-01-21;18783;70;219357;928;2.5;0.0
FR;59;2021-01-22;13923;95;233280;1023;2.7;0.0
FR;59;2021-01-23;2958;23;236238;1046;2.7;0.0
FR;59;2021-01-24;845;15;237083;1061;2.7;0.0
FR;59;2021-01-25;6710;616;243793;1677;2.8;0.0
FR;59;2021-01-26;8440;1384;252233;3061;2.9;0.0
FR;59;2021-01-27;8828;2403;261061;5464;3.0;0.1
FR;59;2021-01-28;10491;5052;271552;10516;3.1;0.1
FR;59;2021-01-29;7840;6649;279392;17165;3.2;0.2
FR;59;2021-01-30;1762;1513;281154;18678;3.2;0.2
FR;59;2021-01-31;370;548;281524;19226;3.2;0.2
FR;59;2021-02-01;3162;8741;284686;27967;3.2;0.3
FR;59;2021-02-02;4676;12484;289362;40451;3.3;0.5
FR;59;2021-02-03;4812;13550;294174;54001;3.3;0.6
FR;59;2021-02-04;5932;15901;300106;69902;3.4;0.8
FR;59;2021-02-05;4814;14921;304920;84823;3.5;1.0
FR;59;2021-02-06;1154;2996;306074;87819;3.5;1.0
FR;59;2021-02-07;389;985;306463;88804;3.5;1.0
FR;59;2021-02-08;2755;12471;309218;101275;3.5;1.2
FR;59;2021-02-09;4903;16163;314121;117438;3.6;1.3
FR;59;2021-02-10;5689;16054;319810;133492;3.6;1.5
FR;59;2021-02-11;7656;19720;327466;153212;3.7;1.7
FR;59;2021-02-12;6751;16029;334217;169241;3.8;1.9
FR;59;2021-02-13;1688;3446;335905;172687;3.8;2.0
FR;59;2021-02-14;361;983;336266;173670;3.8;2.0
FR;59;2021-02-15;3267;10534;339533;184204;3.9;2.1
FR;59;2021-02-16;4737;13567;344270;197771;3.9;2.2
FR;59;2021-02-17;4964;12318;349234;210089;4.0;2.4
FR;59;2021-02-18;7064;13861;356298;223950;4.1;2.5
FR;59;2021-02-19;6452;10706;362750;234656;4.1;2.7
FR;59;2021-02-20;1416;2486;364166;237142;4.1;2.7
FR;59;2021-02-21;282;573;364448;237715;4.1;2.7
FR;59;2021-02-22;3252;6364;367700;244079;4.2;2.8
FR;59;2021-02-23;4825;7130;372525;251209;4.2;2.9
FR;59;2021-02-24;6848;6420;379373;257629;4.3;2.9
FR;59;2021-02-25;21199;8488;400572;266117;4.6;3.0
FR;59;2021-02-26;28260;6254;428832;272371;4.9;3.1
FR;59;2021-02-27;17096;1507;445928;273878;5.1;3.1
FR;59;2021-02-28;1110;375;447038;274253;5.1;3.1
FR;59;2021-03-01;8799;3514;455837;277767;5.2;3.2
FR;59;2021-03-02;17147;4925;472984;282692;5.4;3.2
FR;59;2021-03-03;20604;4977;493588;287669;5.6;3.3
FR;59;2021-03-04;32226;5844;525814;293513;6.0;3.3
FR;59;2021-03-05;40832;5396;566646;298909;6.4;3.4
FR;59;2021-03-06;35864;1472;602510;300381;6.9;3.4
FR;59;2021-03-07;14051;1028;616561;301409;7.0;3.4
FR;59;2021-03-08;12241;3154;628802;304563;7.2;3.5
FR;59;2021-03-09;22777;4159;651579;308722;7.4;3.5
FR;59;2021-03-10;23088;4214;674667;312936;7.7;3.6
FR;59;2021-03-11;34179;5388;708846;318324;8.1;3.6
FR;59;2021-03-12;45229;4500;754075;322824;8.6;3.7
FR;59;2021-03-13;35995;1309;790070;324133;9.0;3.7
FR;59;2021-03-14;7164;393;797234;324526;9.1;3.7
FR;59;2021-03-15;14436;2527;811670;327053;9.2;3.7
FR;59;2021-03-16;7883;2954;819553;330007;9.3;3.8
FR;59;2021-03-17;8723;3100;828276;333107;9.4;3.8
FR;59;2021-03-18;10391;3979;838667;337086;9.5;3.8
FR;59;2021-03-19;23390;3505;862057;340591;9.8;3.9
FR;59;2021-03-20;21022;1046;883079;341637;10.0;3.9
FR;59;2021-03-21;6267;379;889346;342016;10.1;3.9
FR;59;2021-03-22;15428;2639;904774;344655;10.3;3.9
FR;59;2021-03-23;25318;3448;930092;348103;10.6;4.0
FR;59;2021-03-24;27919;3434;958011;351537;10.9;4.0
FR;59;2021-03-25;37773;3751;995784;355288;11.3;4.0
FR;59;2021-03-26;42692;4000;1038476;359288;11.8;4.1
FR;59;2021-03-27;26782;1684;1065258;360972;12.1;4.1
FR;59;2021-03-28;7519;452;1072777;361424;12.2;4.1
FR;59;2021-03-29;21614;3295;1094391;364719;12.4;4.1
FR;59;2021-03-30;32042;4253;1126433;368972;12.8;4.2
FR;59;2021-03-31;31300;4569;1157733;373541;13.2;4.2
FR;59;2021-04-01;38229;5719;1195962;379260;13.6;4.3
FR;59;2021-04-02;36766;5660;1232728;384920;14.0;4.4
FR;59;2021-04-03;21268;3418;1253996;388338;14.3;4.4
FR;59;2021-04-04;7332;1201;1261328;389539;14.3;4.4
FR;59;2021-04-05;8252;1074;1269580;390613;14.4;4.4
FR;59;2021-04-06;25592;5844;1295172;396457;14.7;4.5
FR;59;2021-04-07;33786;7067;1328958;403524;15.1;4.6
FR;59;2021-04-08;44859;8375;1373817;411899;15.6;4.7
FR;59;2021-04-09;60526;8893;1434343;420792;16.3;4.8
FR;59;2021-04-10;36334;7032;1470677;427824;16.7;4.9
FR;59;2021-04-11;9728;3501;1480405;431325;16.8;4.9
FR;59;2021-04-12;35165;7351;1515570;438676;17.2;5.0
FR;59;2021-04-13;49665;10068;1565235;448744;17.8;5.1
FR;59;2021-04-14;49997;10086;1615232;458830;18.4;5.2
FR;59;2021-04-15;59318;11644;1674550;470474;19.0;5.4
FR;59;2021-04-16;63077;12320;1737627;482794;19.8;5.5
FR;59;2021-04-17;41348;9635;1778975;492429;20.2;5.6
FR;59;2021-04-18;12275;4627;1791250;497056;20.4;5.7
FR;59;2021-04-19;33112;11121;1824362;508177;20.7;5.8
FR;59;2021-04-20;44502;14662;1868864;522839;21.3;5.9
FR;59;2021-04-21;47139;16400;1916003;539239;21.8;6.1
FR;59;2021-04-22;55466;19396;1971469;558635;22.4;6.4
FR;59;2021-04-23;64880;20655;2036349;579290;23.2;6.6
FR;59;2021-04-24;47332;15451;2083681;594741;23.7;6.8
FR;59;2021-04-25;16531;5422;2100212;600163;23.9;6.8
FR;59;2021-04-26;40983;17413;2141195;617576;24.4;7.0
FR;59;2021-04-27;56336;23196;2197531;640772;25.0;7.3
FR;59;2021-04-28;63941;25810;2261472;666582;25.7;7.6
FR;59;2021-04-29;77875;31513;2339347;698095;26.6;7.9
FR;59;2021-04-30;92273;36398;2431620;734493;27.7;8.4
FR;59;2021-05-01;43432;10927;2475052;745420;28.1;8.5
FR;59;2021-05-02;23409;7242;2498461;752662;28.4;8.6
FR;59;2021-05-03;62507;26193;2560968;778855;29.1;8.9
FR;59;2021-05-04;70792;34285;2631760;813140;29.9;9.2
FR;59;2021-05-05;77144;37261;2708904;850401;30.8;9.7
FR;59;2021-05-06;89203;43545;2798107;893946;31.8;10.2
FR;59;2021-05-07;97577;53839;2895684;947785;32.9;10.8
FR;59;2021-05-08;58315;16432;2953999;964217;33.6;11.0
FR;59;2021-05-09;39232;10301;2993231;974518;34.0;11.1
FR;59;2021-05-10;94969;39957;3088200;1014475;35.1;11.5
FR;59;2021-05-11;125309;49139;3213509;1063614;36.5;12.1
FR;59;2021-05-12;122501;46030;3336010;1109644;37.9;12.6
FR;59;2021-05-13;92531;14320;3428541;1123964;39.0;12.8
FR;59;2021-05-14;128726;34088;3557267;1158052;40.5;13.2
FR;59;2021-05-15;113833;25347;3671100;1183399;41.8;13.5
FR;59;2021-05-16;55254;7096;3726354;1190495;42.4;13.5
FR;59;2021-05-17;105138;30494;3831492;1220989;43.6;13.9
FR;59;2021-05-18;116974;33947;3948466;1254936;44.9;14.3
FR;59;2021-05-19;118267;35327;4066733;1290263;46.3;14.7
FR;59;2021-05-20;122071;42145;4188804;1332408;47.6;15.2
FR;59;2021-05-21;121269;48494;4310073;1380902;49.0;15.7
FR;59;2021-05-22;81601;25268;4391674;1406170;49.9;16.0
FR;59;2021-05-23;31190;5108;4422864;1411278;50.3;16.1
FR;59;2021-05-24;51778;9867;4474642;1421145;50.9;16.2
FR;59;2021-05-25;84082;41977;4558724;1463122;51.8;16.6
FR;59;2021-05-26;82488;44852;4641212;1507974;52.8;17.2
FR;59;2021-05-27;89501;50455;4730713;1558429;53.8;17.7
FR;59;2021-05-28;91158;66401;4821871;1624830;54.8;18.5
FR;59;2021-05-29;60176;39944;4882047;1664774;55.5;18.9
FR;59;2021-05-30;16050;7768;4898097;1672542;55.7;19.0
FR;59;2021-05-31;58199;42295;4956296;1714837;56.4;19.5
FR;59;2021-06-01;67577;53501;5023873;1768338;57.1;20.1
FR;59;2021-06-02;60661;52276;5084534;1820614;57.8;20.7
FR;64;2020-12-27;1;0;1;0;0.0;0.0
FR;64;2020-12-28;1;0;2;0;0.0;0.0
FR;64;2020-12-29;2;0;4;0;0.0;0.0
FR;64;2020-12-30;6;0;10;0;0.0;0.0
FR;64;2020-12-31;5;0;15;0;0.0;0.0
FR;64;2021-01-01;8;0;23;0;0.0;0.0
FR;64;2021-01-02;12;0;35;0;0.0;0.0
FR;64;2021-01-03;18;0;53;0;0.0;0.0
FR;64;2021-01-04;209;2;262;2;0.0;0.0
FR;64;2021-01-05;898;4;1160;6;0.0;0.0
FR;64;2021-01-06;1688;3;2848;9;0.1;0.0
FR;64;2021-01-07;3658;9;6506;18;0.2;0.0
FR;64;2021-01-08;4874;11;11380;29;0.3;0.0
FR;64;2021-01-09;1954;1;13334;30;0.3;0.0
FR;64;2021-01-10;1025;1;14359;31;0.4;0.0
FR;64;2021-01-11;5277;6;19636;37;0.5;0.0
FR;64;2021-01-12;7133;11;26769;48;0.7;0.0
FR;64;2021-01-13;7451;17;34220;65;0.8;0.0
FR;64;2021-01-14;8560;83;42780;148;1.0;0.0
FR;64;2021-01-15;7092;35;49872;183;1.2;0.0
FR;64;2021-01-16;2215;18;52087;201;1.3;0.0
FR;64;2021-01-17;844;10;52931;211;1.3;0.0
FR;64;2021-01-18;4681;16;57612;227;1.4;0.0
FR;64;2021-01-19;6403;22;64015;249;1.6;0.0
FR;64;2021-01-20;6223;32;70238;281;1.7;0.0
FR;64;2021-01-21;6898;24;77136;305;1.9;0.0
FR;64;2021-01-22;5412;28;82548;333;2.0;0.0
FR;64;2021-01-23;1413;11;83961;344;2.0;0.0
FR;64;2021-01-24;433;8;84394;352;2.1;0.0
FR;64;2021-01-25;2770;202;87164;554;2.1;0.0
FR;64;2021-01-26;3536;494;90700;1048;2.2;0.0
FR;64;2021-01-27;3767;883;94467;1931;2.3;0.0
FR;64;2021-01-28;4571;1752;99038;3683;2.4;0.1
FR;64;2021-01-29;3529;2324;102567;6007;2.5;0.1
FR;64;2021-01-30;840;707;103407;6714;2.5;0.2
FR;64;2021-01-31;172;280;103579;6994;2.5;0.2
FR;64;2021-02-01;1524;2868;105103;9862;2.6;0.2
FR;64;2021-02-02;2150;4144;107253;14006;2.6;0.3
FR;64;2021-02-03;2305;4364;109558;18370;2.7;0.4
FR;64;2021-02-04;2816;5507;112374;23877;2.7;0.6
FR;64;2021-02-05;2185;4971;114559;28848;2.8;0.7
FR;64;2021-02-06;658;1304;115217;30152;2.8;0.7
FR;64;2021-02-07;164;493;115381;30645;2.8;0.7
FR;64;2021-02-08;1482;4196;116863;34841;2.8;0.8
FR;64;2021-02-09;2341;5664;119204;40505;2.9;1.0
FR;64;2021-02-10;2568;5670;121772;46175;3.0;1.1
FR;64;2021-02-11;3459;7224;125231;53399;3.1;1.3
FR;64;2021-02-12;3112;5444;128343;58843;3.1;1.4
FR;64;2021-02-13;843;1446;129186;60289;3.1;1.5
FR;64;2021-02-14;195;438;129381;60727;3.2;1.5
FR;64;2021-02-15;1592;3883;130973;64610;3.2;1.6
FR;64;2021-02-16;2087;5138;133060;69748;3.2;1.7
FR;64;2021-02-17;2209;4633;135269;74381;3.3;1.8
FR;64;2021-02-18;3236;5455;138505;79836;3.4;1.9
FR;64;2021-02-19;2999;4207;141504;84043;3.4;2.0
FR;64;2021-02-20;808;1200;142312;85243;3.5;2.1
FR;64;2021-02-21;135;255;142447;85498;3.5;2.1
FR;64;2021-02-22;1489;2665;143936;88163;3.5;2.1
FR;64;2021-02-23;2401;2921;146337;91084;3.6;2.2
FR;64;2021-02-24;3867;2851;150204;93935;3.7;2.3
FR;64;2021-02-25;16028;3847;166232;97782;4.1;2.4
FR;64;2021-02-26;21825;2782;188057;100564;4.6;2.5
FR;64;2021-02-27;13073;766;201130;101330;4.9;2.5
FR;64;2021-02-28;795;174;201925;101504;4.9;2.5
FR;64;2021-03-01;6562;1752;208487;103256;5.1;2.5
FR;64;2021-03-02;13136;2337;221623;105593;5.4;2.6
FR;64;2021-03-03;15916;2378;237539;107971;5.8;2.6
FR;64;2021-03-04;25186;2879;262725;110850;6.4;2.7
FR;64;2021-03-05;30483;2669;293208;113519;7.1;2.8
FR;64;2021-03-06;26755;794;319963;114313;7.8;2.8
FR;64;2021-03-07;9871;524;329834;114837;8.0;2.8
FR;64;2021-03-08;8796;1795;338630;116632;8.3;2.8
FR;64;2021-03-09;16815;2030;355445;118662;8.7;2.9
FR;64;2021-03-10;17039;2176;372484;120838;9.1;2.9
FR;64;2021-03-11;25883;2838;398367;123676;9.7;3.0
FR;64;2021-03-12;33404;2402;431771;126078;10.5;3.1
FR;64;2021-03-13;27274;756;459045;126834;11.2;3.1
FR;64;2021-03-14;5424;197;464469;127031;11.3;3.1
FR;64;2021-03-15;11009;1442;475478;128473;11.6;3.1
FR;64;2021-03-16;5985;1774;481463;130247;11.7;3.2
FR;64;2021-03-17;6118;1678;487581;131925;11.9;3.2
FR;64;2021-03-18;7643;2056;495224;133981;12.1;3.3
FR;64;2021-03-19;18870;1916;514094;135897;12.5;3.3
FR;64;2021-03-20;18498;736;532592;136633;13.0;3.3
FR;64;2021-03-21;4721;219;537313;136852;13.1;3.3
FR;64;2021-03-22;13493;1559;550806;138411;13.4;3.4
FR;64;2021-03-23;23473;2010;574279;140421;14.0;3.4
FR;64;2021-03-24;25093;2096;599372;142517;14.6;3.5
FR;64;2021-03-25;36507;2363;635879;144880;15.5;3.5
FR;64;2021-03-26;40072;2307;675951;147187;16.5;3.6
FR;64;2021-03-27;21228;993;697179;148180;17.0;3.6
FR;64;2021-03-28;5072;257;702251;148437;17.1;3.6
FR;64;2021-03-29;17507;2120;719758;150557;17.5;3.7
FR;64;2021-03-30;27266;2818;747024;153375;18.2;3.7
FR;64;2021-03-31;24073;2881;771097;156256;18.8;3.8
FR;64;2021-04-01;30446;3755;801543;160011;19.5;3.9
FR;64;2021-04-02;29134;3564;830677;163575;20.2;4.0
FR;64;2021-04-03;15956;2354;846633;165929;20.6;4.0
FR;64;2021-04-04;4027;791;850660;166720;20.7;4.1
FR;64;2021-04-05;5099;793;855759;167513;20.9;4.1
FR;64;2021-04-06;19114;4256;874873;171769;21.3;4.2
FR;64;2021-04-07;23504;4787;898377;176556;21.9;4.3
FR;64;2021-04-08;34485;5582;932862;182138;22.7;4.4
FR;64;2021-04-09;53320;6017;986182;188155;24.0;4.6
FR;64;2021-04-10;29771;4976;1015953;193131;24.8;4.7
FR;64;2021-04-11;6265;2598;1022218;195729;24.9;4.8
FR;64;2021-04-12;27975;5161;1050193;200890;25.6;4.9
FR;64;2021-04-13;42393;7342;1092586;208232;26.6;5.1
FR;64;2021-04-14;40658;7111;1133244;215343;27.6;5.2
FR;64;2021-04-15;51823;8338;1185067;223681;28.9;5.5
FR;64;2021-04-16;64088;8856;1249155;232537;30.5;5.7
FR;64;2021-04-17;38411;7082;1287566;239619;31.4;5.8
FR;64;2021-04-18;10923;3331;1298489;242950;31.7;5.9
FR;64;2021-04-19;41850;8568;1340339;251518;32.7;6.1
FR;64;2021-04-20;52505;10398;1392844;261916;34.0;6.4
FR;64;2021-04-21;52395;10847;1445239;272763;35.2;6.6
FR;64;2021-04-22;57180;12696;1502419;285459;36.6;7.0
FR;64;2021-04-23;60646;12642;1563065;298101;38.1;7.3
FR;64;2021-04-24;43224;9048;1606289;307149;39.2;7.5
FR;64;2021-04-25;16146;3326;1622435;310475;39.6;7.6
FR;64;2021-04-26;49425;11446;1671860;321921;40.8;7.8
FR;64;2021-04-27;62764;15446;1734624;337367;42.3;8.2
FR;64;2021-04-28;63704;15918;1798328;353285;43.8;8.6
FR;64;2021-04-29;73445;20349;1871773;373634;45.6;9.1
FR;64;2021-04-30;74960;21888;1946733;395522;47.5;9.6
FR;64;2021-05-01;29238;6618;1975971;402140;48.2;9.8
FR;64;2021-05-02;14422;3956;1990393;406096;48.5;9.9
FR;64;2021-05-03;52026;15791;2042419;421887;49.8;10.3
FR;64;2021-05-04;52927;21581;2095346;443468;51.1;10.8
FR;64;2021-05-05;49182;22646;2144528;466114;52.3;11.4
FR;64;2021-05-06;56623;28759;2201151;494873;53.7;12.1
FR;64;2021-05-07;50718;34027;2251869;528900;54.9;12.9
FR;64;2021-05-08;20158;9306;2272027;538206;55.4;13.1
FR;64;2021-05-09;9996;5481;2282023;543687;55.6;13.3
FR;64;2021-05-10;34224;26732;2316247;570419;56.5;13.9
FR;64;2021-05-11;43857;37091;2360104;607510;57.5;14.8
FR;64;2021-05-12;38873;34934;2398977;642444;58.5;15.7
FR;64;2021-05-13;21967;10036;2420944;652480;59.0;15.9
FR;64;2021-05-14;36227;29003;2457171;681483;59.9;16.6
FR;64;2021-05-15;21134;18970;2478305;700453;60.4;17.1
FR;64;2021-05-16;7958;4296;2486263;704749;60.6;17.2
FR;64;2021-05-17;26768;25368;2513031;730117;61.3;17.8
FR;64;2021-05-18;33352;28250;2546383;758367;62.1;18.5
FR;64;2021-05-19;30299;26368;2576682;784735;62.8;19.1
FR;64;2021-05-20;34891;33233;2611573;817968;63.7;19.9
FR;64;2021-05-21;30049;37397;2641622;855365;64.4;20.9
FR;64;2021-05-22;14762;17689;2656384;873054;64.8;21.3
FR;64;2021-05-23;5093;2821;2661477;875875;64.9;21.4
FR;64;2021-05-24;10720;6484;2672197;882359;65.1;21.5
FR;64;2021-05-25;22591;34409;2694788;916768;65.7;22.3
FR;64;2021-05-26;21176;35420;2715964;952188;66.2;23.2
FR;64;2021-05-27;25815;41826;2741779;994014;66.8;24.2
FR;64;2021-05-28;24260;55659;2766039;1049673;67.4;25.6
FR;64;2021-05-29;11868;33488;2777907;1083161;67.7;26.4
FR;64;2021-05-30;2654;7426;2780561;1090587;67.8;26.6
FR;64;2021-05-31;15688;45947;2796249;1136534;68.2;27.7
FR;64;2021-06-01;20648;56286;2816897;1192820;68.7;29.1
FR;64;2021-06-02;16537;50239;2833434;1243059;69.1;30.3
FR;69;2020-12-27;2;0;2;0;0.0;0.0
FR;69;2020-12-28;2;0;4;0;0.0;0.0
FR;69;2020-12-29;3;0;7;0;0.0;0.0
FR;69;2020-12-30;7;0;14;0;0.0;0.0
FR;69;2020-12-31;5;0;19;0;0.0;0.0
FR;69;2021-01-01;6;0;25;0;0.0;0.0
FR;69;2021-01-02;11;1;36;1;0.0;0.0
FR;69;2021-01-03;8;0;44;1;0.0;0.0
FR;69;2021-01-04;114;0;158;1;0.0;0.0
FR;69;2021-01-05;410;4;568;5;0.0;0.0
FR;69;2021-01-06;808;2;1376;7;0.0;0.0
FR;69;2021-01-07;1892;3;3268;10;0.1;0.0
FR;69;2021-01-08;2456;0;5724;10;0.1;0.0
FR;69;2021-01-09;1124;1;6848;11;0.2;0.0
FR;69;2021-01-10;659;1;7507;12;0.2;0.0
FR;69;2021-01-11;2732;5;10239;17;0.3;0.0
FR;69;2021-01-12;3872;2;14111;19;0.4;0.0
FR;69;2021-01-13;3793;11;17904;30;0.5;0.0
FR;69;2021-01-14;4563;48;22467;78;0.6;0.0
FR;69;2021-01-15;3846;14;26313;92;0.7;0.0
FR;69;2021-01-16;1342;11;27655;103;0.7;0.0
FR;69;2021-01-17;634;3;28289;106;0.7;0.0
FR;69;2021-01-18;3257;18;31546;124;0.8;0.0
FR;69;2021-01-19;4792;21;36338;145;0.9;0.0
FR;69;2021-01-20;4757;17;41095;162;1.1;0.0
FR;69;2021-01-21;5527;17;46622;179;1.2;0.0
FR;69;2021-01-22;4368;18;50990;197;1.3;0.0
FR;69;2021-01-23;1359;4;52349;201;1.3;0.0
FR;69;2021-01-24;447;6;52796;207;1.4;0.0
FR;69;2021-01-25;2726;82;55522;289;1.4;0.0
FR;69;2021-01-26;3351;182;58873;471;1.5;0.0
FR;69;2021-01-27;3670;413;62543;884;1.6;0.0
FR;69;2021-01-28;4326;893;66869;1777;1.7;0.0
FR;69;2021-01-29;3484;1237;70353;3014;1.8;0.1
FR;69;2021-01-30;938;402;71291;3416;1.8;0.1
FR;69;2021-01-31;180;161;71471;3577;1.8;0.1
FR;69;2021-02-01;1817;1523;73288;5100;1.9;0.1
FR;69;2021-02-02;2419;2206;75707;7306;1.9;0.2
FR;69;2021-02-03;2417;2276;78124;9582;2.0;0.2
FR;69;2021-02-04;2979;2927;81103;12509;2.1;0.3
FR;69;2021-02-05;2505;2540;83608;15049;2.1;0.4
FR;69;2021-02-06;721;809;84329;15858;2.2;0.4
FR;69;2021-02-07;162;392;84491;16250;2.2;0.4
FR;69;2021-02-08;1606;2410;86097;18660;2.2;0.5
FR;69;2021-02-09;2403;3415;88500;22075;2.3;0.6
FR;69;2021-02-10;2566;3407;91066;25482;2.3;0.7
FR;69;2021-02-11;3519;4863;94585;30345;2.4;0.8
FR;69;2021-02-12;3156;3422;97741;33767;2.5;0.9
FR;69;2021-02-13;868;1034;98609;34801;2.5;0.9
FR;69;2021-02-14;215;414;98824;35215;2.5;0.9
FR;69;2021-02-15;1333;2776;100157;37991;2.6;1.0
FR;69;2021-02-16;1869;3982;102026;41973;2.6;1.1
FR;69;2021-02-17;2010;3662;104036;45635;2.7;1.2
FR;69;2021-02-18;2999;4563;107035;50198;2.7;1.3
FR;69;2021-02-19;2863;3511;109898;53709;2.8;1.4
FR;69;2021-02-20;753;1027;110651;54736;2.8;1.4
FR;69;2021-02-21;150;235;110801;54971;2.8;1.4
FR;69;2021-02-22;1607;2574;112408;57545;2.9;1.5
FR;69;2021-02-23;2279;2826;114687;60371;2.9;1.5
FR;69;2021-02-24;2658;2911;117345;63282;3.0;1.6
FR;69;2021-02-25;3881;3582;121226;66864;3.1;1.7
FR;69;2021-02-26;4276;2630;125502;69494;3.2;1.8
FR;69;2021-02-27;1810;705;127312;70199;3.3;1.8
FR;69;2021-02-28;312;179;127624;70378;3.3;1.8
FR;69;2021-03-01;2802;1934;130426;72312;3.3;1.9
FR;69;2021-03-02;4721;2441;135147;74753;3.5;1.9
FR;69;2021-03-03;6685;2477;141832;77230;3.6;2.0
FR;69;2021-03-04;11768;3020;153600;80250;3.9;2.1
FR;69;2021-03-05;17483;2696;171083;82946;4.4;2.1
FR;69;2021-03-06;23182;780;194265;83726;5.0;2.1
FR;69;2021-03-07;14772;446;209037;84172;5.4;2.2
FR;69;2021-03-08;9747;2041;218784;86213;5.6;2.2
FR;69;2021-03-09;17491;2493;236275;88706;6.1;2.3
FR;69;2021-03-10;18812;2546;255087;91252;6.5;2.3
FR;69;2021-03-11;29155;3219;284242;94471;7.3;2.4
FR;69;2021-03-12;39842;2930;324084;97401;8.3;2.5
FR;69;2021-03-13;35953;979;360037;98380;9.2;2.5
FR;69;2021-03-14;8177;248;368214;98628;9.4;2.5
FR;69;2021-03-15;16639;1803;384853;100431;9.9;2.6
FR;69;2021-03-16;10713;2182;395566;102613;10.1;2.6
FR;69;2021-03-17;11729;2179;407295;104792;10.4;2.7
FR;69;2021-03-18;13109;2594;420404;107386;10.8;2.8
FR;69;2021-03-19;28762;2414;449166;109800;11.5;2.8
FR;69;2021-03-20;26902;885;476068;110685;12.2;2.8
FR;69;2021-03-21;7118;270;483186;110955;12.4;2.8
FR;69;2021-03-22;21174;2159;504360;113114;12.9;2.9
FR;69;2021-03-23;36145;2781;540505;115895;13.9;3.0
FR;69;2021-03-24;37424;2809;577929;118704;14.8;3.0
FR;69;2021-03-25;54894;3073;632823;121777;16.2;3.1
FR;69;2021-03-26;59040;2964;691863;124741;17.7;3.2
FR;69;2021-03-27;30094;1353;721957;126094;18.5;3.2
FR;69;2021-03-28;7602;382;729559;126476;18.7;3.2
FR;69;2021-03-29;27654;3438;757213;129914;19.4;3.3
FR;69;2021-03-30;42206;4315;799419;134229;20.5;3.4
FR;69;2021-03-31;35320;4375;834739;138604;21.4;3.6
FR;69;2021-04-01;43157;5729;877896;144333;22.5;3.7
FR;69;2021-04-02;41269;5890;919165;150223;23.6;3.9
FR;69;2021-04-03;21643;3921;940808;154144;24.1;4.0
FR;69;2021-04-04;5804;1304;946612;155448;24.3;4.0
FR;69;2021-04-05;7609;1060;954221;156508;24.5;4.0
FR;69;2021-04-06;27745;7174;981966;163682;25.2;4.2
FR;69;2021-04-07;32355;7719;1014321;171401;26.0;4.4
FR;69;2021-04-08;48491;8816;1062812;180217;27.2;4.6
FR;69;2021-04-09;70456;8979;1133268;189196;29.0;4.8
FR;69;2021-04-10;36606;7823;1169874;197019;30.0;5.0
FR;69;2021-04-11;7993;4281;1177867;201300;30.2;5.2
FR;69;2021-04-12;38525;8815;1216392;210115;31.2;5.4
FR;69;2021-04-13;53447;11924;1269839;222039;32.5;5.7
FR;69;2021-04-14;49237;11628;1319076;233667;33.8;6.0
FR;69;2021-04-15;61745;13496;1380821;247163;35.4;6.3
FR;69;2021-04-16;72486;14014;1453307;261177;37.2;6.7
FR;69;2021-04-17;39568;10672;1492875;271849;38.3;7.0
FR;69;2021-04-18;10013;5021;1502888;276870;38.5;7.1
FR;69;2021-04-19;45831;13863;1548719;290733;39.7;7.5
FR;69;2021-04-20;57040;16782;1605759;307515;41.2;7.9
FR;69;2021-04-21;53424;16521;1659183;324036;42.5;8.3
FR;69;2021-04-22;60087;18686;1719270;342722;44.1;8.8
FR;69;2021-04-23;59213;18731;1778483;361453;45.6;9.3
FR;69;2021-04-24;37192;13116;1815675;374569;46.5;9.6
FR;69;2021-04-25;13192;4974;1828867;379543;46.9;9.7
FR;69;2021-04-26;49147;18319;1878014;397862;48.1;10.2
FR;69;2021-04-27;61594;23132;1939608;420994;49.7;10.8
FR;69;2021-04-28;59592;22026;1999200;443020;51.2;11.4
FR;69;2021-04-29;69897;24793;2069097;467813;53.0;12.0
FR;69;2021-04-30;66729;23836;2135826;491649;54.7;12.6
FR;69;2021-05-01;23790;7586;2159616;499235;55.3;12.8
FR;69;2021-05-02;11155;5132;2170771;504367;55.6;12.9
FR;69;2021-05-03;47248;21291;2218019;525658;56.8;13.5
FR;69;2021-05-04;47757;27708;2265776;553366;58.1;14.2
FR;69;2021-05-05;42551;27129;2308327;580495;59.2;14.9
FR;69;2021-05-06;50693;30201;2359020;610696;60.5;15.7
FR;69;2021-05-07;42191;34298;2401211;644994;61.5;16.5
FR;69;2021-05-08;15218;9388;2416429;654382;61.9;16.8
FR;69;2021-05-09;7269;6558;2423698;660940;62.1;16.9
FR;69;2021-05-10;29474;34702;2453172;695642;62.9;17.8
FR;69;2021-05-11;38081;43738;2491253;739380;63.8;18.9
FR;69;2021-05-12;32902;39200;2524155;778580;64.7;20.0
FR;69;2021-05-13;17467;11503;2541622;790083;65.1;20.2
FR;69;2021-05-14;29959;34151;2571581;824234;65.9;21.1
FR;69;2021-05-15;15174;18516;2586755;842750;66.3;21.6
FR;69;2021-05-16;5428;4311;2592183;847061;66.4;21.7
FR;69;2021-05-17;21756;28773;2613939;875834;67.0;22.4
FR;69;2021-05-18;27845;29600;2641784;905434;67.7;23.2
FR;69;2021-05-19;24253;25215;2666037;930649;68.3;23.9
FR;69;2021-05-20;28297;27810;2694334;958459;69.1;24.6
FR;69;2021-05-21;22897;30734;2717231;989193;69.6;25.4
FR;69;2021-05-22;9636;14379;2726867;1003572;69.9;25.7
FR;69;2021-05-23;3177;2375;2730044;1005947;70.0;25.8
FR;69;2021-05-24;8080;7126;2738124;1013073;70.2;26.0
FR;69;2021-05-25;17799;36266;2755923;1049339;70.6;26.9
FR;69;2021-05-26;16173;34988;2772096;1084327;71.0;27.8
FR;69;2021-05-27;20508;41259;2792604;1125586;71.6;28.8
FR;69;2021-05-28;18148;53816;2810752;1179402;72.0;30.2
FR;69;2021-05-29;7619;31235;2818371;1210637;72.2;31.0
FR;69;2021-05-30;1686;6895;2820057;1217532;72.3;31.2
FR;69;2021-05-31;12218;47476;2832275;1265008;72.6;32.4
FR;69;2021-06-01;16018;57577;2848293;1322585;73.0;33.9
FR;69;2021-06-02;12570;49854;2860863;1372439;73.3;35.2
FR;74;2020-12-27;1;0;1;0;0.0;0.0
FR;74;2020-12-28;7;0;8;0;0.0;0.0
FR;74;2020-12-29;5;0;13;0;0.0;0.0
FR;74;2020-12-30;11;0;24;0;0.0;0.0
FR;74;2020-12-31;7;0;31;0;0.0;0.0
FR;74;2021-01-01;5;0;36;0;0.0;0.0
FR;74;2021-01-02;3;0;39;0;0.0;0.0
FR;74;2021-01-03;12;0;51;0;0.0;0.0
FR;74;2021-01-04;87;1;138;1;0.0;0.0
FR;74;2021-01-05;298;0;436;1;0.0;0.0
FR;74;2021-01-06;554;1;990;2;0.0;0.0
FR;74;2021-01-07;1465;0;2455;2;0.1;0.0
FR;74;2021-01-08;1794;4;4249;6;0.1;0.0
FR;74;2021-01-09;794;0;5043;6;0.1;0.0
FR;74;2021-01-10;536;0;5579;6;0.2;0.0
FR;74;2021-01-11;2125;2;7704;8;0.2;0.0
FR;74;2021-01-12;3151;4;10855;12;0.3;0.0
FR;74;2021-01-13;3203;6;14058;18;0.4;0.0
FR;74;2021-01-14;3948;40;18006;58;0.5;0.0
FR;74;2021-01-15;3536;11;21542;69;0.6;0.0
FR;74;2021-01-16;1334;3;22876;72;0.7;0.0
FR;74;2021-01-17;764;4;23640;76;0.7;0.0
FR;74;2021-01-18;4718;12;28358;88;0.8;0.0
FR;74;2021-01-19;6826;11;35184;99;1.0;0.0
FR;74;2021-01-20;7103;12;42287;111;1.2;0.0
FR;74;2021-01-21;8193;26;50480;137;1.5;0.0
FR;74;2021-01-22;6546;21;57026;158;1.6;0.0
FR;74;2021-01-23;2259;3;59285;161;1.7;0.0
FR;74;2021-01-24;609;2;59894;163;1.7;0.0
FR;74;2021-01-25;4535;56;64429;219;1.9;0.0
FR;74;2021-01-26;5627;149;70056;368;2.0;0.0
FR;74;2021-01-27;5982;271;76038;639;2.2;0.0
FR;74;2021-01-28;6977;750;83015;1389;2.4;0.0
FR;74;2021-01-29;5732;901;88747;2290;2.6;0.1
FR;74;2021-01-30;1769;262;90516;2552;2.6;0.1
FR;74;2021-01-31;295;114;90811;2666;2.6;0.1
FR;74;2021-02-01;3291;1064;94102;3730;2.7;0.1
FR;74;2021-02-02;4299;1786;98401;5516;2.8;0.2
FR;74;2021-02-03;4309;1811;102710;7327;3.0;0.2
FR;74;2021-02-04;5174;2470;107884;9797;3.1;0.3
FR;74;2021-02-05;4385;2180;112269;11977;3.2;0.3
FR;74;2021-02-06;1399;696;113668;12673;3.3;0.4
FR;74;2021-02-07;243;351;113911;13024;3.3;0.4
FR;74;2021-02-08;3073;2508;116984;15532;3.4;0.4
FR;74;2021-02-09;4101;3725;121085;19257;3.5;0.6
FR;74;2021-02-10;4416;3814;125501;23071;3.6;0.7
FR;74;2021-02-11;5628;5473;131129;28544;3.8;0.8
FR;74;2021-02-12;5261;3823;136390;32367;3.9;0.9
FR;74;2021-02-13;1647;1220;138037;33587;4.0;1.0
FR;74;2021-02-14;406;471;138443;34058;4.0;1.0
FR;74;2021-02-15;2405;4182;140848;38240;4.0;1.1
FR;74;2021-02-16;3276;5633;144124;43873;4.1;1.3
FR;74;2021-02-17;3391;5450;147515;49323;4.2;1.4
FR;74;2021-02-18;4932;6813;152447;56136;4.4;1.6
FR;74;2021-02-19;4875;5412;157322;61548;4.5;1.8
FR;74;2021-02-20;1550;1737;158872;63285;4.6;1.8
FR;74;2021-02-21;233;415;159105;63700;4.6;1.8
FR;74;2021-02-22;2864;4293;161969;67993;4.7;2.0
FR;74;2021-02-23;4144;4901;166113;72894;4.8;2.1
FR;74;2021-02-24;4516;4843;170629;77737;4.9;2.2
FR;74;2021-02-25;5526;5698;176155;83435;5.1;2.4
FR;74;2021-02-26;5484;4473;181639;87908;5.2;2.5
FR;74;2021-02-27;2008;1366;183647;89274;5.3;2.6
FR;74;2021-02-28;528;294;184175;89568;5.3;2.6
FR;74;2021-03-01;5066;3366;189241;92934;5.4;2.7
FR;74;2021-03-02;7457;4286;196698;97220;5.7;2.8
FR;74;2021-03-03;9698;4266;206396;101486;5.9;2.9
FR;74;2021-03-04;15066;4827;221462;106313;6.4;3.1
FR;74;2021-03-05;21683;4608;243145;110921;7.0;3.2
FR;74;2021-03-06;31255;1415;274400;112336;7.9;3.2
FR;74;2021-03-07;20977;555;295377;112891;8.5;3.2
FR;74;2021-03-08;14220;3687;309597;116578;8.9;3.4
FR;74;2021-03-09;24068;4249;333665;120827;9.6;3.5
FR;74;2021-03-10;26320;4435;359985;125262;10.3;3.6
FR;74;2021-03-11;38305;5341;398290;130603;11.5;3.8
FR;74;2021-03-12;50581;4743;448871;135346;12.9;3.9
FR;74;2021-03-13;47770;1594;496641;136940;14.3;3.9
FR;74;2021-03-14;11937;425;508578;137365;14.6;3.9
FR;74;2021-03-15;25516;3159;534094;140524;15.4;4.0
FR;74;2021-03-16;20031;3850;554125;144374;15.9;4.2
FR;74;2021-03-17;21793;3882;575918;148256;16.6;4.3
FR;74;2021-03-18;24404;4522;600322;152778;17.3;4.4
FR;74;2021-03-19;41326;3987;641648;156765;18.4;4.5
FR;74;2021-03-20;35361;1581;677009;158346;19.5;4.6
FR;74;2021-03-21;9470;411;686479;158757;19.7;4.6
FR;74;2021-03-22;31459;3904;717938;162661;20.6;4.7
FR;74;2021-03-23;50107;4827;768045;167488;22.1;4.8
FR;74;2021-03-24;52077;5213;820122;172701;23.6;5.0
FR;74;2021-03-25;74652;5587;894774;178288;25.7;5.1
FR;74;2021-03-26;80665;5225;975439;183513;28.0;5.3
FR;74;2021-03-27;50992;2403;1026431;185916;29.5;5.3
FR;74;2021-03-28;17786;743;1044217;186659;30.0;5.4
FR;74;2021-03-29;56032;6893;1100249;193552;31.6;5.6
FR;74;2021-03-30;76483;8759;1176732;202311;33.8;5.8
FR;74;2021-03-31;67840;9322;1244572;211633;35.8;6.1
FR;74;2021-04-01;78247;11695;1322819;223328;38.0;6.4
FR;74;2021-04-02;69910;12286;1392729;235614;40.0;6.8
FR;74;2021-04-03;37134;8442;1429863;244056;41.1;7.0
FR;74;2021-04-04;12499;2778;1442362;246834;41.5;7.1
FR;74;2021-04-05;19198;1859;1461560;248693;42.0;7.1
FR;74;2021-04-06;64265;15082;1525825;263775;43.9;7.6
FR;74;2021-04-07;72588;15959;1598413;279734;46.0;8.0
FR;74;2021-04-08;87529;17872;1685942;297606;48.5;8.6
FR;74;2021-04-09;97145;17660;1783087;315266;51.3;9.1
FR;74;2021-04-10;48578;14001;1831665;329267;52.7;9.5
FR;74;2021-04-11;12736;6815;1844401;336082;53.0;9.7
FR;74;2021-04-12;60862;17687;1905263;353769;54.8;10.2
FR;74;2021-04-13;68650;22165;1973913;375934;56.7;10.8
FR;74;2021-04-14;60047;21740;2033960;397674;58.5;11.4
FR;74;2021-04-15;61867;23697;2095827;421371;60.3;12.1
FR;74;2021-04-16;52181;24290;2148008;445661;61.8;12.8
FR;74;2021-04-17;25674;16786;2173682;462447;62.5;13.3
FR;74;2021-04-18;5740;6960;2179422;469407;62.7;13.5
FR;74;2021-04-19;31692;24278;2211114;493685;63.6;14.2
FR;74;2021-04-20;36225;29552;2247339;523237;64.6;15.0
FR;74;2021-04-21;33339;30184;2280678;553421;65.6;15.9
FR;74;2021-04-22;37991;35133;2318669;588554;66.7;16.9
FR;74;2021-04-23;34725;38755;2353394;627309;67.7;18.0
FR;74;2021-04-24;18578;30686;2371972;657995;68.2;18.9
FR;74;2021-04-25;6109;12547;2378081;670542;68.4;19.3
FR;74;2021-04-26;26491;46830;2404572;717372;69.1;20.6
FR;74;2021-04-27;32952;55981;2437524;773353;70.1;22.2
FR;74;2021-04-28;32506;52778;2470030;826131;71.0;23.8
FR;74;2021-04-29;38605;53881;2508635;880012;72.1;25.3
FR;74;2021-04-30;34935;49073;2543570;929085;73.1;26.7
FR;74;2021-05-01;11058;15117;2554628;944202;73.4;27.1
FR;74;2021-05-02;5160;11373;2559788;955575;73.6;27.5
FR;74;2021-05-03;24076;52058;2583864;1007633;74.3;29.0
FR;74;2021-05-04;24969;69184;2608833;1076817;75.0;31.0
FR;74;2021-05-05;22577;64891;2631410;1141708;75.7;32.8
FR;74;2021-05-06;27232;63242;2658642;1204950;76.4;34.6
FR;74;2021-05-07;23156;65961;2681798;1270911;77.1;36.5
FR;74;2021-05-08;7862;14331;2689660;1285242;77.3;37.0
FR;74;2021-05-09;3650;10469;2693310;1295711;77.4;37.3
FR;74;2021-05-10;15912;63070;2709222;1358781;77.9;39.1
FR;74;2021-05-11;20889;64084;2730111;1422865;78.5;40.9
FR;74;2021-05-12;18301;53148;2748412;1476013;79.0;42.4
FR;74;2021-05-13;9056;12078;2757468;1488091;79.3;42.8
FR;74;2021-05-14;16871;37740;2774339;1525831;79.8;43.9
FR;74;2021-05-15;8330;17556;2782669;1543387;80.0;44.4
FR;74;2021-05-16;2980;3499;2785649;1546886;80.1;44.5
FR;74;2021-05-17;12169;30781;2797818;1577667;80.4;45.4
FR;74;2021-05-18;15353;30458;2813171;1608125;80.9;46.2
FR;74;2021-05-19;13934;25388;2827105;1633513;81.3;47.0
FR;74;2021-05-20;15951;27684;2843056;1661197;81.7;47.8
FR;74;2021-05-21;13281;30693;2856337;1691890;82.1;48.6
FR;74;2021-05-22;5742;14218;2862079;1706108;82.3;49.0
FR;74;2021-05-23;1849;2384;2863928;1708492;82.3;49.1
FR;74;2021-05-24;4618;5725;2868546;1714217;82.5;49.3
FR;74;2021-05-25;10505;35236;2879051;1749453;82.8;50.3
FR;74;2021-05-26;9847;33406;2888898;1782859;83.1;51.3
FR;74;2021-05-27;11784;38441;2900682;1821300;83.4;52.4
FR;74;2021-05-28;11138;45006;2911820;1866306;83.7;53.7
FR;74;2021-05-29;4717;24282;2916537;1890588;83.8;54.4
FR;74;2021-05-30;1038;4237;2917575;1894825;83.9;54.5
FR;74;2021-05-31;7490;29804;2925065;1924629;84.1;55.3
FR;74;2021-06-01;10123;40078;2935188;1964707;84.4;56.5
FR;74;2021-06-02;8127;33937;2943315;1998644;84.6;57.5
FR;79;2020-12-27;1;0;1;0;0.0;0.0
FR;79;2020-12-28;6;0;7;0;0.0;0.0
FR;79;2020-12-29;16;0;23;0;0.0;0.0
FR;79;2020-12-30;12;0;35;0;0.0;0.0
FR;79;2020-12-31;6;0;41;0;0.0;0.0
FR;79;2021-01-01;4;0;45;0;0.0;0.0
FR;79;2021-01-02;4;0;49;0;0.0;0.0
FR;79;2021-01-03;2;0;51;0;0.0;0.0
FR;79;2021-01-04;50;0;101;0;0.0;0.0
FR;79;2021-01-05;172;0;273;0;0.0;0.0
FR;79;2021-01-06;340;1;613;1;0.0;0.0
FR;79;2021-01-07;905;0;1518;1;0.1;0.0
FR;79;2021-01-08;1082;1;2600;2;0.1;0.0
FR;79;2021-01-09;364;0;2964;2;0.1;0.0
FR;79;2021-01-10;191;0;3155;2;0.1;0.0
FR;79;2021-01-11;1152;3;4307;5;0.2;0.0
FR;79;2021-01-12;2208;2;6515;7;0.3;0.0
FR;79;2021-01-13;2748;2;9263;9;0.4;0.0
FR;79;2021-01-14;4435;35;13698;44;0.6;0.0
FR;79;2021-01-15;5264;17;18962;61;0.9;0.0
FR;79;2021-01-16;2823;11;21785;72;1.0;0.0
FR;79;2021-01-17;1307;3;23092;75;1.0;0.0
FR;79;2021-01-18;19659;39;42751;114;1.9;0.0
FR;79;2021-01-19;26046;38;68797;152;3.1;0.0
FR;79;2021-01-20;28045;33;96842;185;4.4;0.0
FR;79;2021-01-21;30059;34;126901;219;5.7;0.0
FR;79;2021-01-22;27929;29;154830;248;7.0;0.0
FR;79;2021-01-23;11665;11;166495;259;7.5;0.0
FR;79;2021-01-24;2172;3;168667;262;7.6;0.0
FR;79;2021-01-25;22557;50;191224;312;8.6;0.0
FR;79;2021-01-26;25738;118;216962;430;9.8;0.0
FR;79;2021-01-27;25014;198;241976;628;10.9;0.0
FR;79;2021-01-28;25211;566;267187;1194;12.1;0.1
FR;79;2021-01-29;22543;565;289730;1759;13.1;0.1
FR;79;2021-01-30;8785;137;298515;1896;13.5;0.1
FR;79;2021-01-31;1231;55;299746;1951;13.5;0.1
FR;79;2021-02-01;16159;646;315905;2597;14.2;0.1
FR;79;2021-02-02;19287;1275;335192;3872;15.1;0.2
FR;79;2021-02-03;18297;1587;353489;5459;15.9;0.2
FR;79;2021-02-04;19182;2538;372671;7997;16.8;0.4
FR;79;2021-02-05;18033;2684;390704;10681;17.6;0.5
FR;79;2021-02-06;6453;1005;397157;11686;17.9;0.5
FR;79;2021-02-07;870;391;398027;12077;18.0;0.5
FR;79;2021-02-08;13086;5817;411113;17894;18.5;0.8
FR;79;2021-02-09;15558;7674;426671;25568;19.2;1.2
FR;79;2021-02-10;15452;8052;442123;33620;19.9;1.5
FR;79;2021-02-11;16534;9611;458657;43231;20.7;1.9
FR;79;2021-02-12;15675;9413;474332;52644;21.4;2.4
FR;79;2021-02-13;5008;4124;479340;56768;21.6;2.6
FR;79;2021-02-14;905;1043;480245;57811;21.7;2.6
FR;79;2021-02-15;7135;19828;487380;77639;22.0;3.5
FR;79;2021-02-16;8354;23631;495734;101270;22.4;4.6
FR;79;2021-02-17;8255;24030;503989;125300;22.7;5.7
FR;79;2021-02-18;10301;24432;514290;149732;23.2;6.8
FR;79;2021-02-19;10319;20770;524609;170502;23.7;7.7
FR;79;2021-02-20;3768;8314;528377;178816;23.8;8.1
FR;79;2021-02-21;549;1558;528926;180374;23.9;8.1
FR;79;2021-02-22;6991;21885;535917;202259;24.2;9.1
FR;79;2021-02-23;9655;23576;545572;225835;24.6;10.2
FR;79;2021-02-24;10030;22211;555602;248046;25.1;11.2
FR;79;2021-02-25;11680;22094;567282;270140;25.6;12.2
FR;79;2021-02-26;12069;19119;579351;289259;26.1;13.0
FR;79;2021-02-27;4422;6736;583773;295995;26.3;13.3
FR;79;2021-02-28;875;1038;584648;297033;26.4;13.4
FR;79;2021-03-01;12120;16462;596768;313495;26.9;14.1
FR;79;2021-03-02;16322;19271;613090;332766;27.7;15.0
FR;79;2021-03-03;17739;18548;630829;351314;28.5;15.8
FR;79;2021-03-04;20921;17679;651750;368993;29.4;16.6
FR;79;2021-03-05;22457;16482;674207;385475;30.4;17.4
FR;79;2021-03-06;29038;5373;703245;390848;31.7;17.6
FR;79;2021-03-07;21090;1042;724335;391890;32.7;17.7
FR;79;2021-03-08;17366;15338;741701;407228;33.5;18.4
FR;79;2021-03-09;25747;16442;767448;423670;34.6;19.1
FR;79;2021-03-10;26879;15608;794327;439278;35.8;19.8
FR;79;2021-03-11;31850;15113;826177;454391;37.3;20.5
FR;79;2021-03-12;33364;12949;859541;467340;38.8;21.1
FR;79;2021-03-13;25283;4241;884824;471581;39.9;21.3
FR;79;2021-03-14;9462;775;894286;472356;40.3;21.3
FR;79;2021-03-15;28465;8707;922751;481063;41.6;21.7
FR;79;2021-03-16;32796;9304;955547;490367;43.1;22.1
FR;79;2021-03-17;33778;9264;989325;499631;44.6;22.5
FR;79;2021-03-18;36672;9749;1025997;509380;46.3;23.0
FR;79;2021-03-19;36692;8879;1062689;518259;47.9;23.4
FR;79;2021-03-20;20666;3285;1083355;521544;48.9;23.5
FR;79;2021-03-21;5874;601;1089229;522145;49.1;23.5
FR;79;2021-03-22;28549;9190;1117778;531335;50.4;24.0
FR;79;2021-03-23;37013;10785;1154791;542120;52.1;24.4
FR;79;2021-03-24;35518;11345;1190309;553465;53.7;25.0
FR;79;2021-03-25;41860;11124;1232169;564589;55.6;25.5
FR;79;2021-03-26;39333;10439;1271502;575028;57.3;25.9
FR;79;2021-03-27;17628;4409;1289130;579437;58.1;26.1
FR;79;2021-03-28;4794;902;1293924;580339;58.4;26.2
FR;79;2021-03-29;22251;15010;1316175;595349;59.4;26.9
FR;79;2021-03-30;27985;18896;1344160;614245;60.6;27.7
FR;79;2021-03-31;24656;19739;1368816;633984;61.7;28.6
FR;79;2021-04-01;27142;23183;1395958;657167;63.0;29.6
FR;79;2021-04-02;23022;24435;1418980;681602;64.0;30.7
FR;79;2021-04-03;10003;17360;1428983;698962;64.4;31.5
FR;79;2021-04-04;2798;5062;1431781;704024;64.6;31.8
FR;79;2021-04-05;4184;2745;1435965;706769;64.8;31.9
FR;79;2021-04-06;18912;28960;1454877;735729;65.6;33.2
FR;79;2021-04-07;21016;29837;1475893;765566;66.6;34.5
FR;79;2021-04-08;24942;29908;1500835;795474;67.7;35.9
FR;79;2021-04-09;26788;28088;1527623;823562;68.9;37.1
FR;79;2021-04-10;13627;18920;1541250;842482;69.5;38.0
FR;79;2021-04-11;3502;6446;1544752;848928;69.7;38.3
FR;79;2021-04-12;16711;28886;1561463;877814;70.4;39.6
FR;79;2021-04-13;19070;35001;1580533;912815;71.3;41.2
FR;79;2021-04-14;18134;33123;1598667;945938;72.1;42.7
FR;79;2021-04-15;19057;33315;1617724;979253;73.0;44.2
FR;79;2021-04-16;16192;31029;1633916;1010282;73.7;45.6
FR;79;2021-04-17;8133;16689;1642049;1026971;74.1;46.3
FR;79;2021-04-18;1766;4830;1643815;1031801;74.1;46.5
FR;79;2021-04-19;9819;29165;1653634;1060966;74.6;47.8
FR;79;2021-04-20;11650;34431;1665284;1095397;75.1;49.4
FR;79;2021-04-21;11267;31200;1676551;1126597;75.6;50.8
FR;79;2021-04-22;12795;31069;1689346;1157666;76.2;52.2
FR;79;2021-04-23;11863;27668;1701209;1185334;76.7;53.5
FR;79;2021-04-24;6127;13706;1707336;1199040;77.0;54.1
FR;79;2021-04-25;1896;3419;1709232;1202459;77.1;54.2
FR;79;2021-04-26;8850;20584;1718082;1223043;77.5;55.2
FR;79;2021-04-27;11015;23641;1729097;1246684;78.0;56.2
FR;79;2021-04-28;11532;20880;1740629;1267564;78.5;57.2
FR;79;2021-04-29;13594;20642;1754223;1288206;79.1;58.1
FR;79;2021-04-30;12769;17576;1766992;1305782;79.7;58.9
FR;79;2021-05-01;3801;3909;1770793;1309691;79.9;59.1
FR;79;2021-05-02;1733;2615;1772526;1312306;79.9;59.2
FR;79;2021-05-03;8537;15080;1781063;1327386;80.3;59.9
FR;79;2021-05-04;8860;20129;1789923;1347515;80.7;60.8
FR;79;2021-05-05;8345;18960;1798268;1366475;81.1;61.6
FR;79;2021-05-06;10168;18757;1808436;1385232;81.6;62.5
FR;79;2021-05-07;8893;19426;1817329;1404658;82.0;63.3
FR;79;2021-05-08;2947;4294;1820276;1408952;82.1;63.5
FR;79;2021-05-09;1377;2986;1821653;1411938;82.2;63.7
FR;79;2021-05-10;6063;17458;1827716;1429396;82.4;64.5
FR;79;2021-05-11;7917;18531;1835633;1447927;82.8;65.3
FR;79;2021-05-12;7185;15763;1842818;1463690;83.1;66.0
FR;79;2021-05-13;3483;3777;1846301;1467467;83.3;66.2
FR;79;2021-05-14;6715;11366;1853016;1478833;83.6;66.7
FR;79;2021-05-15;3264;5091;1856280;1483924;83.7;66.9
FR;79;2021-05-16;1138;1150;1857418;1485074;83.8;67.0
FR;79;2021-05-17;4875;8972;1862293;1494046;84.0;67.4
FR;79;2021-05-18;6023;9117;1868316;1503163;84.3;67.8
FR;79;2021-05-19;5644;7942;1873960;1511105;84.5;68.2
FR;79;2021-05-20;6523;8085;1880483;1519190;84.8;68.5
FR;79;2021-05-21;5545;8721;1886028;1527911;85.1;68.9
FR;79;2021-05-22;2384;3802;1888412;1531713;85.2;69.1
FR;79;2021-05-23;726;786;1889138;1532499;85.2;69.1
FR;79;2021-05-24;1822;1598;1890960;1534097;85.3;69.2
FR;79;2021-05-25;4307;10197;1895267;1544294;85.5;69.6
FR;79;2021-05-26;4210;9661;1899477;1553955;85.7;70.1
FR;79;2021-05-27;5139;10467;1904616;1564422;85.9;70.6
FR;79;2021-05-28;4648;12345;1909264;1576767;86.1;71.1
FR;79;2021-05-29;2025;6647;1911289;1583414;86.2;71.4
FR;79;2021-05-30;432;1250;1911721;1584664;86.2;71.5
FR;79;2021-05-31;3131;9001;1914852;1593665;86.4;71.9
FR;79;2021-06-01;4319;11054;1919171;1604719;86.6;72.4
FR;79;2021-06-02;3660;9625;1922831;1614344;86.7;72.8
FR;80;2020-12-27;10;2;10;2;0.0;0.0
FR;80;2020-12-28;41;0;51;2;0.0;0.0
FR;80;2020-12-29;78;0;129;2;0.0;0.0
FR;80;2020-12-30;69;0;198;2;0.0;0.0
FR;80;2020-12-31;49;0;247;2;0.0;0.0
FR;80;2021-01-01;9;0;256;2;0.0;0.0
FR;80;2021-01-02;8;0;264;2;0.0;0.0
FR;80;2021-01-03;2;0;266;2;0.0;0.0
FR;80;2021-01-04;297;1;563;3;0.0;0.0
FR;80;2021-01-05;909;1;1472;4;0.0;0.0
FR;80;2021-01-06;1675;2;3147;6;0.1;0.0
FR;80;2021-01-07;6292;4;9439;10;0.2;0.0
FR;80;2021-01-08;5754;11;15193;21;0.4;0.0
FR;80;2021-01-09;979;0;16172;21;0.4;0.0
FR;80;2021-01-10;310;0;16482;21;0.4;0.0
FR;80;2021-01-11;4440;8;20922;29;0.5;0.0
FR;80;2021-01-12;12721;18;33643;47;0.8;0.0
FR;80;2021-01-13;12457;19;46100;66;1.1;0.0
FR;80;2021-01-14;18245;118;64345;184;1.5;0.0
FR;80;2021-01-15;12140;34;76485;218;1.8;0.0
FR;80;2021-01-16;4039;28;80524;246;1.9;0.0
FR;80;2021-01-17;3746;20;84270;266;2.0;0.0
FR;80;2021-01-18;28754;72;113024;338;2.7;0.0
FR;80;2021-01-19;53782;109;166806;447;4.0;0.0
FR;80;2021-01-20;59445;115;226251;562;5.4;0.0
FR;80;2021-01-21;69957;82;296208;644;7.1;0.0
FR;80;2021-01-22;48343;71;344551;715;8.3;0.0
FR;80;2021-01-23;16219;9;360770;724;8.7;0.0
FR;80;2021-01-24;4314;2;365084;726;8.8;0.0
FR;80;2021-01-25;32427;151;397511;877;9.6;0.0
FR;80;2021-01-26;45117;536;442628;1413;10.6;0.0
FR;80;2021-01-27;50884;893;493512;2306;11.9;0.1
FR;80;2021-01-28;60030;3949;553542;6255;13.3;0.2
FR;80;2021-01-29;39342;3277;592884;9532;14.3;0.2
FR;80;2021-01-30;13222;592;606106;10124;14.6;0.2
FR;80;2021-01-31;2333;286;608439;10410;14.6;0.3
FR;80;2021-02-01;23018;2783;631457;13193;15.2;0.3
FR;80;2021-02-02;33535;7438;664992;20631;16.0;0.5
FR;80;2021-02-03;34431;7882;699423;28513;16.8;0.7
FR;80;2021-02-04;38067;12590;737490;41103;17.7;1.0
FR;80;2021-02-05;29795;9528;767285;50631;18.5;1.2
FR;80;2021-02-06;9704;2126;776989;52757;18.7;1.3
FR;80;2021-02-07;1449;1867;778438;54624;18.7;1.3
FR;80;2021-02-08;19352;11143;797790;65767;19.2;1.6
FR;80;2021-02-09;25896;25611;823686;91378;19.8;2.2
FR;80;2021-02-10;26310;28927;849996;120305;20.4;2.9
FR;80;2021-02-11;30510;38128;880506;158433;21.2;3.8
FR;80;2021-02-12;26724;24679;907230;183112;21.8;4.4
FR;80;2021-02-13;7935;6526;915165;189638;22.0;4.6
FR;80;2021-02-14;1508;3100;916673;192738;22.0;4.6
FR;80;2021-02-15;11136;28312;927809;221050;22.3;5.3
FR;80;2021-02-16;15552;38929;943361;259979;22.7;6.3
FR;80;2021-02-17;15937;44493;959298;304472;23.1;7.3
FR;80;2021-02-18;21518;52525;980816;356997;23.6;8.6
FR;80;2021-02-19;19051;37508;999867;394505;24.0;9.5
FR;80;2021-02-20;6302;12326;1006169;406831;24.2;9.8
FR;80;2021-02-21;913;2970;1007082;409801;24.2;9.9
FR;80;2021-02-22;11172;30694;1018254;440495;24.5;10.6
FR;80;2021-02-23;17105;37292;1035359;477787;24.9;11.5
FR;80;2021-02-24;17982;37086;1053341;514873;25.3;12.4
FR;80;2021-02-25;22283;40866;1075624;555739;25.9;13.4
FR;80;2021-02-26;20520;30913;1096144;586652;26.4;14.1
FR;80;2021-02-27;7169;10284;1103313;596936;26.5;14.4
FR;80;2021-02-28;1260;2121;1104573;599057;26.6;14.4
FR;80;2021-03-01;18778;23212;1123351;622269;27.0;15.0
FR;80;2021-03-02;26888;29110;1150239;651379;27.7;15.7
FR;80;2021-03-03;28690;29243;1178929;680622;28.4;16.4
FR;80;2021-03-04;34878;29694;1213807;710316;29.2;17.1
FR;80;2021-03-05;35861;27482;1249668;737798;30.1;17.7
FR;80;2021-03-06;41361;8351;1291029;746149;31.1;17.9
FR;80;2021-03-07;29708;2019;1320737;748168;31.8;18.0
FR;80;2021-03-08;27161;22490;1347898;770658;32.4;18.5
FR;80;2021-03-09;40702;24657;1388600;795315;33.4;19.1
FR;80;2021-03-10;43097;25387;1431697;820702;34.4;19.7
FR;80;2021-03-11;51626;26885;1483323;847587;35.7;20.4
FR;80;2021-03-12;52081;22966;1535404;870553;36.9;20.9
FR;80;2021-03-13;37422;7010;1572826;877563;37.8;21.1
FR;80;2021-03-14;13879;1521;1586705;879084;38.2;21.1
FR;80;2021-03-15;44028;13930;1630733;893014;39.2;21.5
FR;80;2021-03-16;51791;17036;1682524;910050;40.5;21.9
FR;80;2021-03-17;54627;16547;1737151;926597;41.8;22.3
FR;80;2021-03-18;58455;18822;1795606;945419;43.2;22.7
FR;80;2021-03-19;57317;15720;1852923;961139;44.6;23.1
FR;80;2021-03-20;30967;5331;1883890;966470;45.3;23.2
FR;80;2021-03-21;8686;1091;1892576;967561;45.5;23.3
FR;80;2021-03-22;42825;14545;1935401;982106;46.5;23.6
FR;80;2021-03-23;55551;18037;1990952;1000143;47.9;24.1
FR;80;2021-03-24;54382;19043;2045334;1019186;49.2;24.5
FR;80;2021-03-25;63928;19579;2109262;1038765;50.7;25.0
FR;80;2021-03-26;60084;18254;2169346;1057019;52.2;25.4
FR;80;2021-03-27;26552;7342;2195898;1064361;52.8;25.6
FR;80;2021-03-28;6924;1449;2202822;1065810;53.0;25.6
FR;80;2021-03-29;32820;23390;2235642;1089200;53.8;26.2
FR;80;2021-03-30;43148;30714;2278790;1119914;54.8;26.9
FR;80;2021-03-31;40464;32082;2319254;1151996;55.8;27.7
FR;80;2021-04-01;46043;37707;2365297;1189703;56.9;28.6
FR;80;2021-04-02;37022;39716;2402319;1229419;57.8;29.6
FR;80;2021-04-03;14488;26085;2416807;1255504;58.1;30.2
FR;80;2021-04-04;3866;7559;2420673;1263063;58.2;30.4
FR;80;2021-04-05;5613;4080;2426286;1267143;58.4;30.5
FR;80;2021-04-06;27528;44942;2453814;1312085;59.0;31.6
FR;80;2021-04-07;33408;48374;2487222;1360459;59.8;32.7
FR;80;2021-04-08;39962;49514;2527184;1409973;60.8;33.9
FR;80;2021-04-09;43391;46309;2570575;1456282;61.8;35.0
FR;80;2021-04-10;19810;28865;2590385;1485147;62.3;35.7
FR;80;2021-04-11;4832;9355;2595217;1494502;62.4;35.9
FR;80;2021-04-12;23462;45130;2618679;1539632;63.0;37.0
FR;80;2021-04-13;30144;54602;2648823;1594234;63.7;38.3
FR;80;2021-04-14;28942;52124;2677765;1646358;64.4;39.6
FR;80;2021-04-15;31317;52638;2709082;1698996;65.2;40.9
FR;80;2021-04-16;26379;48960;2735461;1747956;65.8;42.0
FR;80;2021-04-17;12318;25587;2747779;1773543;66.1;42.7
FR;80;2021-04-18;2529;7615;2750308;1781158;66.1;42.8
FR;80;2021-04-19;14208;43694;2764516;1824852;66.5;43.9
FR;80;2021-04-20;17867;53020;2782383;1877872;66.9;45.2
FR;80;2021-04-21;17903;49769;2800286;1927641;67.3;46.4
FR;80;2021-04-22;20576;51184;2820862;1978825;67.8;47.6
FR;80;2021-04-23;19002;44585;2839864;2023410;68.3;48.7
FR;80;2021-04-24;9359;21181;2849223;2044591;68.5;49.2
FR;80;2021-04-25;2663;5146;2851886;2049737;68.6;49.3
FR;80;2021-04-26;12270;30551;2864156;2080288;68.9;50.0
FR;80;2021-04-27;16693;36386;2880849;2116674;69.3;50.9
FR;80;2021-04-28;17888;34568;2898737;2151242;69.7;51.7
FR;80;2021-04-29;21628;35612;2920365;2186854;70.2;52.6
FR;80;2021-04-30;20294;29543;2940659;2216397;70.7;53.3
FR;80;2021-05-01;5789;5809;2946448;2222206;70.9;53.4
FR;80;2021-05-02;2595;3849;2949043;2226055;70.9;53.5
FR;80;2021-05-03;12414;21319;2961457;2247374;71.2;54.1
FR;80;2021-05-04;13780;29940;2975237;2277314;71.6;54.8
FR;80;2021-05-05;13489;29312;2988726;2306626;71.9;55.5
FR;80;2021-05-06;15803;29501;3004529;2336127;72.3;56.2
FR;80;2021-05-07;14505;29754;3019034;2365881;72.6;56.9
FR;80;2021-05-08;4497;6051;3023531;2371932;72.7;57.0
FR;80;2021-05-09;1908;4142;3025439;2376074;72.8;57.1
FR;80;2021-05-10;9123;24340;3034562;2400414;73.0;57.7
FR;80;2021-05-11;12467;27168;3047029;2427582;73.3;58.4
FR;80;2021-05-12;11420;23560;3058449;2451142;73.6;59.0
FR;80;2021-05-13;4878;5395;3063327;2456537;73.7;59.1
FR;80;2021-05-14;10337;16366;3073664;2472903;73.9;59.5
FR;80;2021-05-15;4808;7327;3078472;2480230;74.0;59.7
FR;80;2021-05-16;1533;1526;3080005;2481756;74.1;59.7
FR;80;2021-05-17;7013;13094;3087018;2494850;74.2;60.0
FR;80;2021-05-18;9441;13451;3096459;2508301;74.5;60.3
FR;80;2021-05-19;8854;12087;3105313;2520388;74.7;60.6
FR;80;2021-05-20;10579;12668;3115892;2533056;74.9;60.9
FR;80;2021-05-21;8724;13054;3124616;2546110;75.1;61.2
FR;80;2021-05-22;3813;5185;3128429;2551295;75.2;61.4
FR;80;2021-05-23;1010;1134;3129439;2552429;75.3;61.4
FR;80;2021-05-24;2564;2221;3132003;2554650;75.3;61.4
FR;80;2021-05-25;6514;14249;3138517;2568899;75.5;61.8
FR;80;2021-05-26;6612;14610;3145129;2583509;75.6;62.1
FR;80;2021-05-27;8491;15699;3153620;2599208;75.8;62.5
FR;80;2021-05-28;8096;18002;3161716;2617210;76.0;62.9
FR;80;2021-05-29;3389;8784;3165105;2625994;76.1;63.2
FR;80;2021-05-30;633;1592;3165738;2627586;76.1;63.2
FR;80;2021-05-31;4871;12651;3170609;2640237;76.3;63.5
FR;80;2021-06-01;7041;16516;3177650;2656753;76.4;63.9
FR;80;2021-06-02;5902;14682;3183552;2671435;76.6;64.3
FR;0;2020-12-27;20;2;20;2;0.0;0.0
FR;0;2020-12-28;69;0;89;2;0.0;0.0
FR;0;2020-12-29;108;0;197;2;0.0;0.0
FR;0;2020-12-30;120;0;317;2;0.0;0.0
FR;0;2020-12-31;85;0;402;2;0.0;0.0
FR;0;2021-01-01;68;1;470;3;0.0;0.0
FR;0;2021-01-02;82;2;552;5;0.0;0.0
FR;0;2021-01-03;89;0;641;5;0.0;0.0
FR;0;2021-01-04;1474;7;2115;12;0.0;0.0
FR;0;2021-01-05;5389;17;7504;29;0.0;0.0
FR;0;2021-01-06;11292;28;18796;57;0.0;0.0
FR;0;2021-01-07;28552;63;47348;120;0.1;0.0
FR;0;2021-01-08;36181;73;83529;193;0.1;0.0
FR;0;2021-01-09;10908;13;94437;206;0.1;0.0
FR;0;2021-01-10;5618;9;100055;215;0.1;0.0
FR;0;2021-01-11;38954;89;139009;304;0.2;0.0
FR;0;2021-01-12;60805;142;199814;446;0.3;0.0
FR;0;2021-01-13;63730;167;263544;613;0.4;0.0
FR;0;2021-01-14;79813;709;343357;1322;0.5;0.0
FR;0;2021-01-15;67420;278;410777;1600;0.6;0.0
FR;0;2021-01-16;19704;114;430481;1714;0.6;0.0
FR;0;2021-01-17;10465;60;440946;1774;0.7;0.0
FR;0;2021-01-18;84324;300;525270;2074;0.8;0.0
FR;0;2021-01-19;128409;348;653679;2422;1.0;0.0
FR;0;2021-01-20;135059;346;788738;2768;1.2;0.0
FR;0;2021-01-21;155213;319;943951;3087;1.4;0.0
FR;0;2021-01-22;118517;347;1062468;3434;1.6;0.0
FR;0;2021-01-23;37782;73;1100250;3507;1.6;0.0
FR;0;2021-01-24;9361;39;1109611;3546;1.7;0.0
FR;0;2021-01-25;76782;1322;1186393;4868;1.8;0.0
FR;0;2021-01-26;98762;3237;1285155;8105;1.9;0.0
FR;0;2021-01-27;105601;5739;1390756;13844;2.1;0.0
FR;0;2021-01-28;122277;14595;1513033;28439;2.3;0.0
FR;0;2021-01-29;90846;17463;1603879;45902;2.4;0.1
FR;0;2021-01-30;28642;4264;1632521;50166;2.4;0.1
FR;0;2021-01-31;4866;1687;1637387;51853;2.4;0.1
FR;0;2021-02-01;51526;21202;1688913;73055;2.5;0.1
FR;0;2021-02-02;70613;34743;1759526;107798;2.6;0.2
FR;0;2021-02-03;70929;37158;1830455;144956;2.7;0.2
FR;0;2021-02-04;80471;50287;1910926;195243;2.8;0.3
FR;0;2021-02-05;67046;45512;1977972;240755;2.9;0.4
FR;0;2021-02-06;21287;10436;1999259;251191;3.0;0.4
FR;0;2021-02-07;4824;5082;2004083;256273;3.0;0.4
FR;0;2021-02-08;45816;46197;2049899;302470;3.1;0.5
FR;0;2021-02-09;64711;72865;2114610;375335;3.2;0.6
FR;0;2021-02-10;69217;77251;2183827;452586;3.3;0.7
FR;0;2021-02-11;85534;100019;2269361;552605;3.4;0.8
FR;0;2021-02-12;77666;75078;2347027;627683;3.5;0.9
FR;0;2021-02-13;21657;19620;2368684;647303;3.5;1.0
FR;0;2021-02-14;4581;7234;2373265;654537;3.5;1.0
FR;0;2021-02-15;37034;76981;2410299;731518;3.6;1.1
FR;0;2021-02-16;49183;101332;2459482;832850;3.7;1.2
FR;0;2021-02-17;49287;103572;2508769;936422;3.7;1.4
FR;0;2021-02-18;67852;119544;2576621;1055966;3.8;1.6
FR;0;2021-02-19;63650;91608;2640271;1147574;3.9;1.7
FR;0;2021-02-20;17956;28590;2658227;1176164;4.0;1.8
FR;0;2021-02-21;2857;6415;2661084;1182579;4.0;1.8
FR;0;2021-02-22;36444;73632;2697528;1256211;4.0;1.9
FR;0;2021-02-23;52569;84770;2750097;1340981;4.1;2.0
FR;0;2021-02-24;57972;81785;2808069;1422766;4.2;2.1
FR;0;2021-02-25;98474;92746;2906543;1515512;4.3;2.3
FR;0;2021-02-26;111622;72368;3018165;1587880;4.5;2.4
FR;0;2021-02-27;51090;22451;3069255;1610331;4.6;2.4
FR;0;2021-02-28;5666;4486;3074921;1614817;4.6;2.4
FR;0;2021-03-01;63510;53496;3138431;1668313;4.7;2.5
FR;0;2021-03-02;99230;67434;3237661;1735747;4.8;2.6
FR;0;2021-03-03;113377;66955;3351038;1802702;5.0;2.7
FR;0;2021-03-04;159973;71072;3511011;1873774;5.2;2.8
FR;0;2021-03-05;197485;65973;3708496;1939747;5.5;2.9
FR;0;2021-03-06;204412;19549;3912908;1959296;5.8;2.9
FR;0;2021-03-07;119652;6457;4032560;1965753;6.0;2.9
FR;0;2021-03-08;104586;51978;4137146;2017731;6.2;3.0
FR;0;2021-03-09;169407;58711;4306553;2076442;6.4;3.1
FR;0;2021-03-10;175404;59191;4481957;2135633;6.7;3.2
FR;0;2021-03-11;238796;66027;4720753;2201660;7.0;3.3
FR;0;2021-03-12;290301;56808;5011054;2258468;7.5;3.4
FR;0;2021-03-13;227648;17214;5238702;2275682;7.8;3.4
FR;0;2021-03-14;62053;4071;5300755;2279753;7.9;3.4
FR;0;2021-03-15;155516;34725;5456271;2314478;8.1;3.4
FR;0;2021-03-16;139168;41475;5595439;2355953;8.3;3.5
FR;0;2021-03-17;147889;41016;5743328;2396969;8.6;3.6
FR;0;2021-03-18;164850;47647;5908178;2444616;8.8;3.6
FR;0;2021-03-19;226284;41334;6134462;2485950;9.1;3.7
FR;0;2021-03-20;164328;14027;6298790;2499977;9.4;3.7
FR;0;2021-03-21;48715;3488;6347505;2503465;9.5;3.7
FR;0;2021-03-22;166870;37302;6514375;2540767;9.7;3.8
FR;0;2021-03-23;246425;46723;6760800;2587490;10.1;3.9
FR;0;2021-03-24;252978;48250;7013778;2635740;10.5;3.9
FR;0;2021-03-25;337011;50776;7350789;2686516;11.0;4.0
FR;0;2021-03-26;354184;48448;7704973;2734964;11.5;4.1
FR;0;2021-03-27;192732;20115;7897705;2755079;11.8;4.1
FR;0;2021-03-28;58277;4808;7955982;2759887;11.9;4.1
FR;0;2021-03-29;200180;58206;8156162;2818093;12.2;4.2
FR;0;2021-03-30;281609;75584;8437771;2893677;12.6;4.3
FR;0;2021-03-31;259114;78971;8696885;2972648;13.0;4.4
FR;0;2021-04-01;309460;95926;9006345;3068574;13.4;4.6
FR;0;2021-04-02;277270;99048;9283615;3167622;13.8;4.7
FR;0;2021-04-03;138992;65108;9422607;3232730;14.0;4.8
FR;0;2021-04-04;44834;19912;9467441;3252642;14.1;4.8
FR;0;2021-04-05;58731;12722;9526172;3265364;14.2;4.9
FR;0;2021-04-06;212710;113318;9738882;3378682;14.5;5.0
FR;0;2021-04-07;255921;122719;9994803;3501401;14.9;5.2
FR;0;2021-04-08;332270;131565;10327073;3632966;15.4;5.4
FR;0;2021-04-09;404176;127303;10731249;3760269;16.0;5.6
FR;0;2021-04-10;209902;88163;10941151;3848432;16.3;5.7
FR;0;2021-04-11;54948;36321;10996099;3884753;16.4;5.8
FR;0;2021-04-12;233525;121579;11229624;4006332;16.7;6.0
FR;0;2021-04-13;304724;153560;11534348;4159892;17.2;6.2
FR;0;2021-04-14;289119;148486;11823467;4308378;17.6;6.4
FR;0;2021-04-15;331159;158441;12154626;4466819;18.1;6.7
FR;0;2021-04-16;334340;155699;12488966;4622518;18.6;6.9
FR;0;2021-04-17;185890;95587;12674856;4718105;18.9;7.0
FR;0;2021-04-18;50401;37200;12725257;4755305;19.0;7.1
FR;0;2021-04-19;202237;145086;12927494;4900391;19.3;7.3
FR;0;2021-04-20;250074;179303;13177568;5079694;19.6;7.6
FR;0;2021-04-21;248704;177582;13426272;5257276;20.0;7.8
FR;0;2021-04-22;282013;198632;13708285;5455908;20.4;8.1
FR;0;2021-04-23;289373;194781;13997658;5650689;20.9;8.4
FR;0;2021-04-24;187363;119607;14185021;5770296;21.1;8.6
FR;0;2021-04-25;67897;41672;14252918;5811968;21.2;8.7
FR;0;2021-04-26;215346;166711;14468264;5978679;21.6;8.9
FR;0;2021-04-27;279610;207242;14747874;6185921;22.0;9.2
FR;0;2021-04-28;294005;204442;15041879;6390363;22.4;9.5
FR;0;2021-04-29;351307;226519;15393186;6616882;22.9;9.9
FR;0;2021-04-30;366371;219549;15759557;6836431;23.5;10.2
FR;0;2021-05-01;163089;61545;15922646;6897976;23.7;10.3
FR;0;2021-05-02;89696;42353;16012342;6940329;23.9;10.3
FR;0;2021-05-03;282005;187060;16294347;7127389;24.3;10.6
FR;0;2021-05-04;308217;247059;16602564;7374448;24.7;11.0
FR;0;2021-05-05;318082;246427;16920646;7620875;25.2;11.4
FR;0;2021-05-06;371305;269431;17291951;7890306;25.8;11.8
FR;0;2021-05-07;364873;295171;17656824;8185477;26.3;12.2
FR;0;2021-05-08;208126;79445;17864950;8264922;26.6;12.3
FR;0;2021-05-09;127366;54197;17992316;8319119;26.8;12.4
FR;0;2021-05-10;302825;251873;18295141;8570992;27.3;12.8
FR;0;2021-05-11;395030;293013;18690171;8864005;27.8;13.2
FR;0;2021-05-12;420245;265448;19110416;9129453;28.5;13.6
FR;0;2021-05-13;331008;75959;19441424;9205412;29.0;13.7
FR;0;2021-05-14;442418;199423;19883842;9404835;29.6;14.0
FR;0;2021-05-15;363536;117425;20247378;9522260;30.2;14.2
FR;0;2021-05-16;199289;32854;20446667;9555114;30.5;14.2
FR;0;2021-05-17;366809;175983;20813476;9731097;31.0;14.5
FR;0;2021-05-18;444228;188080;21257704;9919177;31.7;14.8
FR;0;2021-05-19;454542;179004;21712246;10098181;32.4;15.0
FR;0;2021-05-20;493978;200390;22206224;10298571;33.1;15.3
FR;0;2021-05-21;475618;217405;22681842;10515976;33.8;15.7
FR;0;2021-05-22;340373;106019;23022215;10621995;34.3;15.8
FR;0;2021-05-23;158411;25714;23180626;10647709;34.5;15.9
FR;0;2021-05-24;256516;51518;23437142;10699227;34.9;15.9
FR;0;2021-05-25;389208;223555;23826350;10922782;35.5;16.3
FR;0;2021-05-26;395690;226406;24222040;11149188;36.1;16.6
FR;0;2021-05-27;437505;253233;24659545;11402421;36.7;17.0
FR;0;2021-05-28;417311;314142;25076856;11716563;37.4;17.5
FR;0;2021-05-29;293355;180190;25370211;11896753;37.8;17.7
FR;0;2021-05-30;104253;41403;25474464;11938156;38.0;17.8
FR;0;2021-05-31;348653;239085;25823117;12177241;38.5;18.1
FR;0;2021-06-01;408623;298998;26231740;12476239;39.1;18.6
FR;0;2021-06-02;389979;272588;26621719;12748827;39.7;19.0
