fra;clage_vacsi;jour;n_dose1;n_complet;n_cum_dose1;n_cum_complet;couv_dose1;couv_complet
FR;24;2020-12-27;1;0;1;0;0.0;0.0
FR;24;2020-12-28;3;0;4;0;0.0;0.0
FR;24;2020-12-29;0;0;4;0;0.0;0.0
FR;24;2020-12-30;0;0;4;0;0.0;0.0
FR;24;2020-12-31;1;0;5;0;0.0;0.0
FR;24;2021-01-01;2;0;7;0;0.0;0.0
FR;24;2021-01-02;1;0;8;0;0.0;0.0
FR;24;2021-01-03;2;0;10;0;0.0;0.0
FR;24;2021-01-04;4;0;14;0;0.0;0.0
FR;24;2021-01-05;17;1;31;1;0.0;0.0
FR;24;2021-01-06;36;0;67;1;0.0;0.0
FR;24;2021-01-07;180;0;247;1;0.0;0.0
FR;24;2021-01-08;216;0;463;1;0.0;0.0
FR;24;2021-01-09;39;0;502;1;0.0;0.0
FR;24;2021-01-10;35;0;537;1;0.0;0.0
FR;24;2021-01-11;254;2;791;3;0.0;0.0
FR;24;2021-01-12;398;5;1189;8;0.0;0.0
FR;24;2021-01-13;482;5;1671;13;0.0;0.0
FR;24;2021-01-14;616;6;2287;19;0.0;0.0
FR;24;2021-01-15;599;2;2886;21;0.1;0.0
FR;24;2021-01-16;118;3;3004;24;0.1;0.0
FR;24;2021-01-17;94;0;3098;24;0.1;0.0
FR;24;2021-01-18;508;4;3606;28;0.1;0.0
FR;24;2021-01-19;599;5;4205;33;0.1;0.0
FR;24;2021-01-20;652;2;4857;35;0.1;0.0
FR;24;2021-01-21;760;4;5617;39;0.1;0.0
FR;24;2021-01-22;604;4;6221;43;0.1;0.0
FR;24;2021-01-23;117;0;6338;43;0.1;0.0
FR;24;2021-01-24;22;0;6360;43;0.1;0.0
FR;24;2021-01-25;294;5;6654;48;0.1;0.0
FR;24;2021-01-26;367;13;7021;61;0.1;0.0
FR;24;2021-01-27;447;14;7468;75;0.1;0.0
FR;24;2021-01-28;598;51;8066;126;0.1;0.0
FR;24;2021-01-29;469;85;8535;211;0.2;0.0
FR;24;2021-01-30;87;16;8622;227;0.2;0.0
FR;24;2021-01-31;25;13;8647;240;0.2;0.0
FR;24;2021-02-01;157;135;8804;375;0.2;0.0
FR;24;2021-02-02;219;182;9023;557;0.2;0.0
FR;24;2021-02-03;218;187;9241;744;0.2;0.0
FR;24;2021-02-04;359;315;9600;1059;0.2;0.0
FR;24;2021-02-05;348;345;9948;1404;0.2;0.0
FR;24;2021-02-06;83;71;10031;1475;0.2;0.0
FR;24;2021-02-07;169;31;10200;1506;0.2;0.0
FR;24;2021-02-08;388;360;10588;1866;0.2;0.0
FR;24;2021-02-09;748;459;11336;2325;0.2;0.0
FR;24;2021-02-10;1095;604;12431;2929;0.2;0.1
FR;24;2021-02-11;1580;726;14011;3655;0.3;0.1
FR;24;2021-02-12;1625;574;15636;4229;0.3;0.1
FR;24;2021-02-13;292;95;15928;4324;0.3;0.1
FR;24;2021-02-14;63;31;15991;4355;0.3;0.1
FR;24;2021-02-15;1045;389;17036;4744;0.3;0.1
FR;24;2021-02-16;1567;589;18603;5333;0.3;0.1
FR;24;2021-02-17;1494;506;20097;5839;0.4;0.1
FR;24;2021-02-18;1950;639;22047;6478;0.4;0.1
FR;24;2021-02-19;1861;577;23908;7055;0.4;0.1
FR;24;2021-02-20;333;89;24241;7144;0.4;0.1
FR;24;2021-02-21;41;19;24282;7163;0.4;0.1
FR;24;2021-02-22;1171;298;25453;7461;0.5;0.1
FR;24;2021-02-23;1591;401;27044;7862;0.5;0.1
FR;24;2021-02-24;1657;350;28701;8212;0.5;0.2
FR;24;2021-02-25;2290;500;30991;8712;0.6;0.2
FR;24;2021-02-26;2203;420;33194;9132;0.6;0.2
FR;24;2021-02-27;534;91;33728;9223;0.6;0.2
FR;24;2021-02-28;92;17;33820;9240;0.6;0.2
FR;24;2021-03-01;1270;253;35090;9493;0.6;0.2
FR;24;2021-03-02;1668;333;36758;9826;0.7;0.2
FR;24;2021-03-03;1773;385;38531;10211;0.7;0.2
FR;24;2021-03-04;2185;548;40716;10759;0.8;0.2
FR;24;2021-03-05;3328;544;44044;11303;0.8;0.2
FR;24;2021-03-06;1724;161;45768;11464;0.8;0.2
FR;24;2021-03-07;989;89;46757;11553;0.9;0.2
FR;24;2021-03-08;1984;276;48741;11829;0.9;0.2
FR;24;2021-03-09;2642;357;51383;12186;0.9;0.2
FR;24;2021-03-10;2453;396;53836;12582;1.0;0.2
FR;24;2021-03-11;2961;554;56797;13136;1.0;0.2
FR;24;2021-03-12;3857;489;60654;13625;1.1;0.3
FR;24;2021-03-13;1499;124;62153;13749;1.1;0.3
FR;24;2021-03-14;535;42;62688;13791;1.2;0.3
FR;24;2021-03-15;1844;283;64532;14074;1.2;0.3
FR;24;2021-03-16;830;316;65362;14390;1.2;0.3
FR;24;2021-03-17;1079;333;66441;14723;1.2;0.3
FR;24;2021-03-18;1310;460;67751;15183;1.2;0.3
FR;24;2021-03-19;1877;385;69628;15568;1.3;0.3
FR;24;2021-03-20;839;94;70467;15662;1.3;0.3
FR;24;2021-03-21;637;78;71104;15740;1.3;0.3
FR;24;2021-03-22;1505;318;72609;16058;1.3;0.3
FR;24;2021-03-23;1808;414;74417;16472;1.4;0.3
FR;24;2021-03-24;2162;385;76579;16857;1.4;0.3
FR;24;2021-03-25;2567;520;79146;17377;1.5;0.3
FR;24;2021-03-26;3171;520;82317;17897;1.5;0.3
FR;24;2021-03-27;1904;219;84221;18116;1.6;0.3
FR;24;2021-03-28;1011;83;85232;18199;1.6;0.3
FR;24;2021-03-29;2460;388;87692;18587;1.6;0.3
FR;24;2021-03-30;3649;556;91341;19143;1.7;0.4
FR;24;2021-03-31;4190;561;95531;19704;1.8;0.4
FR;24;2021-04-01;5437;812;100968;20516;1.9;0.4
FR;24;2021-04-02;4481;669;105449;21185;1.9;0.4
FR;24;2021-04-03;1755;350;107204;21535;2.0;0.4
FR;24;2021-04-04;956;131;108160;21666;2.0;0.4
FR;24;2021-04-05;1101;142;109261;21808;2.0;0.4
FR;24;2021-04-06;3570;620;112831;22428;2.1;0.4
FR;24;2021-04-07;4797;867;117628;23295;2.2;0.4
FR;24;2021-04-08;6398;1160;124026;24455;2.3;0.5
FR;24;2021-04-09;5797;1107;129823;25562;2.4;0.5
FR;24;2021-04-10;2629;587;132452;26149;2.4;0.5
FR;24;2021-04-11;1259;319;133711;26468;2.5;0.5
FR;24;2021-04-12;3454;956;137165;27424;2.5;0.5
FR;24;2021-04-13;4783;1175;141948;28599;2.6;0.5
FR;24;2021-04-14;4973;1348;146921;29947;2.7;0.6
FR;24;2021-04-15;5237;1619;152158;31566;2.8;0.6
FR;24;2021-04-16;4847;1705;157005;33271;2.9;0.6
FR;24;2021-04-17;2141;813;159146;34084;2.9;0.6
FR;24;2021-04-18;724;444;159870;34528;2.9;0.6
FR;24;2021-04-19;2952;1532;162822;36060;3.0;0.7
FR;24;2021-04-20;3136;2146;165958;38206;3.1;0.7
FR;24;2021-04-21;3451;2501;169409;40707;3.1;0.8
FR;24;2021-04-22;4048;3164;173457;43871;3.2;0.8
FR;24;2021-04-23;4224;3316;177681;47187;3.3;0.9
FR;24;2021-04-24;2397;1689;180078;48876;3.3;0.9
FR;24;2021-04-25;1232;804;181310;49680;3.3;0.9
FR;24;2021-04-26;3127;2199;184437;51879;3.4;1.0
FR;24;2021-04-27;3952;3194;188389;55073;3.5;1.0
FR;24;2021-04-28;4480;3771;192869;58844;3.6;1.1
FR;24;2021-04-29;5541;4484;198410;63328;3.7;1.2
FR;24;2021-04-30;6264;4646;204674;67974;3.8;1.3
FR;24;2021-05-01;4027;1100;208701;69074;3.8;1.3
FR;24;2021-05-02;2784;909;211485;69983;3.9;1.3
FR;24;2021-05-03;6363;4170;217848;74153;4.0;1.4
FR;24;2021-05-04;7605;4740;225453;78893;4.2;1.5
FR;24;2021-05-05;8779;4991;234232;83884;4.3;1.5
FR;24;2021-05-06;10921;6402;245153;90286;4.5;1.7
FR;24;2021-05-07;12133;6454;257286;96740;4.7;1.8
FR;24;2021-05-08;10059;2559;267345;99299;4.9;1.8
FR;24;2021-05-09;6886;1944;274231;101243;5.1;1.9
FR;24;2021-05-10;11118;4987;285349;106230;5.3;2.0
FR;24;2021-05-11;15606;5792;300955;112022;5.5;2.1
FR;24;2021-05-12;22907;6213;323862;118235;6.0;2.2
FR;24;2021-05-13;27613;3099;351475;121334;6.5;2.2
FR;24;2021-05-14;32732;5595;384207;126929;7.1;2.3
FR;24;2021-05-15;34149;4027;418356;130956;7.7;2.4
FR;24;2021-05-16;21899;2002;440255;132958;8.1;2.5
FR;24;2021-05-17;29594;5276;469849;138234;8.7;2.5
FR;24;2021-05-18;37961;6100;507810;144334;9.4;2.7
FR;24;2021-05-19;40187;7081;547997;151415;10.1;2.8
FR;24;2021-05-20;45912;7491;593909;158906;10.9;2.9
FR;24;2021-05-21;47380;7264;641289;166170;11.8;3.1
FR;24;2021-05-22;44675;4529;685964;170699;12.6;3.1
FR;24;2021-05-23;24015;2336;709979;173035;13.1;3.2
FR;24;2021-05-24;34385;3593;744364;176628;13.7;3.3
FR;24;2021-05-25;44752;7802;789116;184430;14.5;3.4
FR;24;2021-05-26;45830;7358;834946;191788;15.4;3.5
FR;24;2021-05-27;51983;8500;886929;200288;16.4;3.7
FR;24;2021-05-28;48727;8925;935656;209213;17.3;3.9
FR;24;2021-05-29;44011;5891;979667;215104;18.1;4.0
FR;24;2021-05-30;18356;2239;998023;217343;18.4;4.0
FR;24;2021-05-31;51814;8180;1049837;225523;19.4;4.2
FR;24;2021-06-01;59329;10082;1109166;235605;20.4;4.3
FR;24;2021-06-02;60657;9493;1169823;245098;21.6;4.5
FR;24;2021-06-03;67215;10449;1237038;255547;22.8;4.7
FR;24;2021-06-04;64492;10601;1301530;266148;24.0;4.9
FR;24;2021-06-05;54727;7702;1356257;273850;25.0;5.0
FR;24;2021-06-06;26684;3578;1382941;277428;25.5;5.1
FR;24;2021-06-07;56647;9797;1439588;287225;26.5;5.3
FR;24;2021-06-08;62475;10667;1502063;297892;27.7;5.5
FR;24;2021-06-09;62154;10871;1564217;308763;28.8;5.7
FR;24;2021-06-10;63369;13306;1627586;322069;30.0;5.9
FR;24;2021-06-11;59141;12874;1686727;334943;31.1;6.2
FR;24;2021-06-12;52920;11420;1739647;346363;32.1;6.4
FR;29;2020-12-27;0;0;0;0;0.0;0.0
FR;29;2020-12-28;1;0;1;0;0.0;0.0
FR;29;2020-12-29;0;0;1;0;0.0;0.0
FR;29;2020-12-30;0;0;1;0;0.0;0.0
FR;29;2020-12-31;1;0;2;0;0.0;0.0
FR;29;2021-01-01;2;0;4;0;0.0;0.0
FR;29;2021-01-02;3;0;7;0;0.0;0.0
FR;29;2021-01-03;3;0;10;0;0.0;0.0
FR;29;2021-01-04;10;0;20;0;0.0;0.0
FR;29;2021-01-05;42;0;62;0;0.0;0.0
FR;29;2021-01-06;142;0;204;0;0.0;0.0
FR;29;2021-01-07;307;2;511;2;0.0;0.0
FR;29;2021-01-08;521;5;1032;7;0.0;0.0
FR;29;2021-01-09;113;0;1145;7;0.0;0.0
FR;29;2021-01-10;91;1;1236;8;0.0;0.0
FR;29;2021-01-11;647;4;1883;12;0.1;0.0
FR;29;2021-01-12;941;14;2824;26;0.1;0.0
FR;29;2021-01-13;1220;13;4044;39;0.1;0.0
FR;29;2021-01-14;1568;17;5612;56;0.2;0.0
FR;29;2021-01-15;1316;7;6928;63;0.2;0.0
FR;29;2021-01-16;193;4;7121;67;0.2;0.0
FR;29;2021-01-17;158;0;7279;67;0.2;0.0
FR;29;2021-01-18;1040;15;8319;82;0.2;0.0
FR;29;2021-01-19;1151;6;9470;88;0.3;0.0
FR;29;2021-01-20;1198;8;10668;96;0.3;0.0
FR;29;2021-01-21;1463;8;12131;104;0.3;0.0
FR;29;2021-01-22;1155;11;13286;115;0.4;0.0
FR;29;2021-01-23;170;2;13456;117;0.4;0.0
FR;29;2021-01-24;52;0;13508;117;0.4;0.0
FR;29;2021-01-25;541;19;14049;136;0.4;0.0
FR;29;2021-01-26;667;35;14716;171;0.4;0.0
FR;29;2021-01-27;729;63;15445;234;0.4;0.0
FR;29;2021-01-28;1038;125;16483;359;0.4;0.0
FR;29;2021-01-29;805;171;17288;530;0.5;0.0
FR;29;2021-01-30;141;40;17429;570;0.5;0.0
FR;29;2021-01-31;34;26;17463;596;0.5;0.0
FR;29;2021-02-01;263;295;17726;891;0.5;0.0
FR;29;2021-02-02;410;372;18136;1263;0.5;0.0
FR;29;2021-02-03;459;461;18595;1724;0.5;0.0
FR;29;2021-02-04;618;717;19213;2441;0.5;0.1
FR;29;2021-02-05;536;749;19749;3190;0.5;0.1
FR;29;2021-02-06;143;109;19892;3299;0.5;0.1
FR;29;2021-02-07;304;67;20196;3366;0.5;0.1
FR;29;2021-02-08;605;807;20801;4173;0.6;0.1
FR;29;2021-02-09;1250;1027;22051;5200;0.6;0.1
FR;29;2021-02-10;1716;1149;23767;6349;0.6;0.2
FR;29;2021-02-11;2472;1443;26239;7792;0.7;0.2
FR;29;2021-02-12;2222;1240;28461;9032;0.8;0.2
FR;29;2021-02-13;429;157;28890;9189;0.8;0.2
FR;29;2021-02-14;134;81;29024;9270;0.8;0.2
FR;29;2021-02-15;1573;806;30597;10076;0.8;0.3
FR;29;2021-02-16;1925;1172;32522;11248;0.9;0.3
FR;29;2021-02-17;1890;962;34412;12210;0.9;0.3
FR;29;2021-02-18;2400;1182;36812;13392;1.0;0.4
FR;29;2021-02-19;2324;958;39136;14350;1.1;0.4
FR;29;2021-02-20;384;126;39520;14476;1.1;0.4
FR;29;2021-02-21;86;43;39606;14519;1.1;0.4
FR;29;2021-02-22;1364;540;40970;15059;1.1;0.4
FR;29;2021-02-23;1764;666;42734;15725;1.1;0.4
FR;29;2021-02-24;1790;548;44524;16273;1.2;0.4
FR;29;2021-02-25;2410;954;46934;17227;1.3;0.5
FR;29;2021-02-26;2583;679;49517;17906;1.3;0.5
FR;29;2021-02-27;607;112;50124;18018;1.3;0.5
FR;29;2021-02-28;112;28;50236;18046;1.4;0.5
FR;29;2021-03-01;1313;360;51549;18406;1.4;0.5
FR;29;2021-03-02;1808;613;53357;19019;1.4;0.5
FR;29;2021-03-03;1996;617;55353;19636;1.5;0.5
FR;29;2021-03-04;2514;788;57867;20424;1.6;0.5
FR;29;2021-03-05;3641;756;61508;21180;1.7;0.6
FR;29;2021-03-06;1647;153;63155;21333;1.7;0.6
FR;29;2021-03-07;820;104;63975;21437;1.7;0.6
FR;29;2021-03-08;1972;418;65947;21855;1.8;0.6
FR;29;2021-03-09;2671;516;68618;22371;1.8;0.6
FR;29;2021-03-10;2592;544;71210;22915;1.9;0.6
FR;29;2021-03-11;3374;870;74584;23785;2.0;0.6
FR;29;2021-03-12;3993;774;78577;24559;2.1;0.7
FR;29;2021-03-13;1636;154;80213;24713;2.2;0.7
FR;29;2021-03-14;567;65;80780;24778;2.2;0.7
FR;29;2021-03-15;1895;390;82675;25168;2.2;0.7
FR;29;2021-03-16;1122;511;83797;25679;2.3;0.7
FR;29;2021-03-17;1383;517;85180;26196;2.3;0.7
FR;29;2021-03-18;1655;696;86835;26892;2.3;0.7
FR;29;2021-03-19;2242;579;89077;27471;2.4;0.7
FR;29;2021-03-20;988;136;90065;27607;2.4;0.7
FR;29;2021-03-21;725;67;90790;27674;2.4;0.7
FR;29;2021-03-22;1668;421;92458;28095;2.5;0.8
FR;29;2021-03-23;2221;616;94679;28711;2.5;0.8
FR;29;2021-03-24;2542;592;97221;29303;2.6;0.8
FR;29;2021-03-25;3390;717;100611;30020;2.7;0.8
FR;29;2021-03-26;3742;739;104353;30759;2.8;0.8
FR;29;2021-03-27;2150;277;106503;31036;2.9;0.8
FR;29;2021-03-28;966;82;107469;31118;2.9;0.8
FR;29;2021-03-29;2770;554;110239;31672;3.0;0.9
FR;29;2021-03-30;4016;751;114255;32423;3.1;0.9
FR;29;2021-03-31;4548;846;118803;33269;3.2;0.9
FR;29;2021-04-01;5882;1055;124685;34324;3.4;0.9
FR;29;2021-04-02;4931;964;129616;35288;3.5;0.9
FR;29;2021-04-03;1782;345;131398;35633;3.5;1.0
FR;29;2021-04-04;900;127;132298;35760;3.6;1.0
FR;29;2021-04-05;926;118;133224;35878;3.6;1.0
FR;29;2021-04-06;3520;788;136744;36666;3.7;1.0
FR;29;2021-04-07;4562;1145;141306;37811;3.8;1.0
FR;29;2021-04-08;6296;1518;147602;39329;4.0;1.1
FR;29;2021-04-09;6309;1313;153911;40642;4.1;1.1
FR;29;2021-04-10;2652;639;156563;41281;4.2;1.1
FR;29;2021-04-11;1163;343;157726;41624;4.2;1.1
FR;29;2021-04-12;3606;1061;161332;42685;4.3;1.1
FR;29;2021-04-13;4896;1530;166228;44215;4.5;1.2
FR;29;2021-04-14;4785;1527;171013;45742;4.6;1.2
FR;29;2021-04-15;5630;1847;176643;47589;4.8;1.3
FR;29;2021-04-16;4821;1907;181464;49496;4.9;1.3
FR;29;2021-04-17;2248;927;183712;50423;4.9;1.4
FR;29;2021-04-18;775;521;184487;50944;5.0;1.4
FR;29;2021-04-19;2870;1783;187357;52727;5.0;1.4
FR;29;2021-04-20;3532;2523;190889;55250;5.1;1.5
FR;29;2021-04-21;3495;2805;194384;58055;5.2;1.6
FR;29;2021-04-22;4479;3874;198863;61929;5.4;1.7
FR;29;2021-04-23;4622;3813;203485;65742;5.5;1.8
FR;29;2021-04-24;2709;1840;206194;67582;5.5;1.8
FR;29;2021-04-25;1193;742;207387;68324;5.6;1.8
FR;29;2021-04-26;3014;2482;210401;70806;5.7;1.9
FR;29;2021-04-27;4015;3616;214416;74422;5.8;2.0
FR;29;2021-04-28;4736;4052;219152;78474;5.9;2.1
FR;29;2021-04-29;5946;5006;225098;83480;6.1;2.2
FR;29;2021-04-30;6521;5246;231619;88726;6.2;2.4
FR;29;2021-05-01;4288;1231;235907;89957;6.3;2.4
FR;29;2021-05-02;2633;924;238540;90881;6.4;2.4
FR;29;2021-05-03;6943;4301;245483;95182;6.6;2.6
FR;29;2021-05-04;8214;5219;253697;100401;6.8;2.7
FR;29;2021-05-05;9678;5211;263375;105612;7.1;2.8
FR;29;2021-05-06;11311;6576;274686;112188;7.4;3.0
FR;29;2021-05-07;11772;6636;286458;118824;7.7;3.2
FR;29;2021-05-08;9015;2289;295473;121113;7.9;3.3
FR;29;2021-05-09;5930;1756;301403;122869;8.1;3.3
FR;29;2021-05-10;10709;5319;312112;128188;8.4;3.4
FR;29;2021-05-11;14640;6390;326752;134578;8.8;3.6
FR;29;2021-05-12;20103;6354;346855;140932;9.3;3.8
FR;29;2021-05-13;19868;2383;366723;143315;9.9;3.9
FR;29;2021-05-14;22756;4455;389479;147770;10.5;4.0
FR;29;2021-05-15;21537;2987;411016;150757;11.1;4.1
FR;29;2021-05-16;13409;1360;424425;152117;11.4;4.1
FR;29;2021-05-17;21614;5002;446039;157119;12.0;4.2
FR;29;2021-05-18;28478;5760;474517;162879;12.8;4.4
FR;29;2021-05-19;29099;6003;503616;168882;13.5;4.5
FR;29;2021-05-20;32898;6570;536514;175452;14.4;4.7
FR;29;2021-05-21;32129;6215;568643;181667;15.3;4.9
FR;29;2021-05-22;26219;3056;594862;184723;16.0;5.0
FR;29;2021-05-23;14218;1505;609080;186228;16.4;5.0
FR;29;2021-05-24;22604;2657;631684;188885;17.0;5.1
FR;29;2021-05-25;30652;6586;662336;195471;17.8;5.3
FR;29;2021-05-26;32723;6642;695059;202113;18.7;5.4
FR;29;2021-05-27;35807;7640;730866;209753;19.7;5.6
FR;29;2021-05-28;33383;7928;764249;217681;20.6;5.9
FR;29;2021-05-29;26618;4274;790867;221955;21.3;6.0
FR;29;2021-05-30;11842;1642;802709;223597;21.6;6.0
FR;29;2021-05-31;33643;6814;836352;230411;22.5;6.2
FR;29;2021-06-01;38507;8250;874859;238661;23.5;6.4
FR;29;2021-06-02;38876;7830;913735;246491;24.6;6.6
FR;29;2021-06-03;43879;8852;957614;255343;25.8;6.9
FR;29;2021-06-04;42517;9065;1000131;264408;26.9;7.1
FR;29;2021-06-05;31607;5621;1031738;270029;27.8;7.3
FR;29;2021-06-06;16856;2557;1048594;272586;28.2;7.3
FR;29;2021-06-07;37095;8206;1085689;280792;29.2;7.6
FR;29;2021-06-08;41305;8939;1126994;289731;30.3;7.8
FR;29;2021-06-09;39950;9031;1166944;298762;31.4;8.0
FR;29;2021-06-10;41811;10738;1208755;309500;32.5;8.3
FR;29;2021-06-11;38099;10998;1246854;320498;33.5;8.6
FR;29;2021-06-12;31314;8497;1278168;328995;34.4;8.9
FR;39;2020-12-27;0;0;0;0;0.0;0.0
FR;39;2020-12-28;0;0;0;0;0.0;0.0
FR;39;2020-12-29;1;0;1;0;0.0;0.0
FR;39;2020-12-30;5;0;6;0;0.0;0.0
FR;39;2020-12-31;1;0;7;0;0.0;0.0
FR;39;2021-01-01;4;0;11;0;0.0;0.0
FR;39;2021-01-02;2;1;13;1;0.0;0.0
FR;39;2021-01-03;2;0;15;1;0.0;0.0
FR;39;2021-01-04;23;0;38;1;0.0;0.0
FR;39;2021-01-05;140;0;178;1;0.0;0.0
FR;39;2021-01-06;386;0;564;1;0.0;0.0
FR;39;2021-01-07;1178;6;1742;7;0.0;0.0
FR;39;2021-01-08;1791;5;3533;12;0.0;0.0
FR;39;2021-01-09;476;0;4009;12;0.0;0.0
FR;39;2021-01-10;308;1;4317;13;0.1;0.0
FR;39;2021-01-11;2217;10;6534;23;0.1;0.0
FR;39;2021-01-12;3421;21;9955;44;0.1;0.0
FR;39;2021-01-13;3509;18;13464;62;0.2;0.0
FR;39;2021-01-14;4787;57;18251;119;0.2;0.0
FR;39;2021-01-15;4404;24;22655;143;0.3;0.0
FR;39;2021-01-16;771;4;23426;147;0.3;0.0
FR;39;2021-01-17;492;5;23918;152;0.3;0.0
FR;39;2021-01-18;3079;38;26997;190;0.3;0.0
FR;39;2021-01-19;4013;19;31010;209;0.4;0.0
FR;39;2021-01-20;3914;21;34924;230;0.4;0.0
FR;39;2021-01-21;5157;25;40081;255;0.5;0.0
FR;39;2021-01-22;3974;40;44055;295;0.5;0.0
FR;39;2021-01-23;594;4;44649;299;0.5;0.0
FR;39;2021-01-24;184;0;44833;299;0.5;0.0
FR;39;2021-01-25;1599;45;46432;344;0.6;0.0
FR;39;2021-01-26;2171;104;48603;448;0.6;0.0
FR;39;2021-01-27;2289;217;50892;665;0.6;0.0
FR;39;2021-01-28;3485;477;54377;1142;0.7;0.0
FR;39;2021-01-29;2678;701;57055;1843;0.7;0.0
FR;39;2021-01-30;396;215;57451;2058;0.7;0.0
FR;39;2021-01-31;89;78;57540;2136;0.7;0.0
FR;39;2021-02-01;752;1059;58292;3195;0.7;0.0
FR;39;2021-02-02;1336;1650;59628;4845;0.7;0.1
FR;39;2021-02-03;1363;1662;60991;6507;0.7;0.1
FR;39;2021-02-04;1990;2539;62981;9046;0.8;0.1
FR;39;2021-02-05;1649;2707;64630;11753;0.8;0.1
FR;39;2021-02-06;400;433;65030;12186;0.8;0.1
FR;39;2021-02-07;554;212;65584;12398;0.8;0.1
FR;39;2021-02-08;1520;2430;67104;14828;0.8;0.2
FR;39;2021-02-09;3170;3390;70274;18218;0.8;0.2
FR;39;2021-02-10;3896;3538;74170;21756;0.9;0.3
FR;39;2021-02-11;6177;4883;80347;26639;1.0;0.3
FR;39;2021-02-12;5827;4018;86174;30657;1.0;0.4
FR;39;2021-02-13;1242;548;87416;31205;1.1;0.4
FR;39;2021-02-14;389;268;87805;31473;1.1;0.4
FR;39;2021-02-15;3424;2402;91229;33875;1.1;0.4
FR;39;2021-02-16;4424;3380;95653;37255;1.2;0.4
FR;39;2021-02-17;3991;2889;99644;40144;1.2;0.5
FR;39;2021-02-18;5983;3926;105627;44070;1.3;0.5
FR;39;2021-02-19;5855;3107;111482;47177;1.3;0.6
FR;39;2021-02-20;1140;479;112622;47656;1.4;0.6
FR;39;2021-02-21;187;122;112809;47778;1.4;0.6
FR;39;2021-02-22;3015;1683;115824;49461;1.4;0.6
FR;39;2021-02-23;3929;1949;119753;51410;1.4;0.6
FR;39;2021-02-24;3736;1743;123489;53153;1.5;0.6
FR;39;2021-02-25;5622;2576;129111;55729;1.6;0.7
FR;39;2021-02-26;6108;1963;135219;57692;1.6;0.7
FR;39;2021-02-27;1667;317;136886;58009;1.7;0.7
FR;39;2021-02-28;241;125;137127;58134;1.7;0.7
FR;39;2021-03-01;2964;1022;140091;59156;1.7;0.7
FR;39;2021-03-02;4278;1664;144369;60820;1.7;0.7
FR;39;2021-03-03;4281;1570;148650;62390;1.8;0.8
FR;39;2021-03-04;6356;2380;155006;64770;1.9;0.8
FR;39;2021-03-05;9224;2200;164230;66970;2.0;0.8
FR;39;2021-03-06;4977;458;169207;67428;2.0;0.8
FR;39;2021-03-07;2659;290;171866;67718;2.1;0.8
FR;39;2021-03-08;4704;1161;176570;68879;2.1;0.8
FR;39;2021-03-09;6947;1594;183517;70473;2.2;0.8
FR;39;2021-03-10;6149;1599;189666;72072;2.3;0.9
FR;39;2021-03-11;8757;2513;198423;74585;2.4;0.9
FR;39;2021-03-12;11527;2260;209950;76845;2.5;0.9
FR;39;2021-03-13;5262;471;215212;77316;2.6;0.9
FR;39;2021-03-14;1757;181;216969;77497;2.6;0.9
FR;39;2021-03-15;4804;1093;221773;78590;2.7;0.9
FR;39;2021-03-16;3379;1432;225152;80022;2.7;1.0
FR;39;2021-03-17;3462;1533;228614;81555;2.8;1.0
FR;39;2021-03-18;4671;2018;233285;83573;2.8;1.0
FR;39;2021-03-19;6301;1707;239586;85280;2.9;1.0
FR;39;2021-03-20;3178;389;242764;85669;2.9;1.0
FR;39;2021-03-21;2072;174;244836;85843;3.0;1.0
FR;39;2021-03-22;4462;1140;249298;86983;3.0;1.0
FR;39;2021-03-23;6188;1700;255486;88683;3.1;1.1
FR;39;2021-03-24;6335;1414;261821;90097;3.2;1.1
FR;39;2021-03-25;9085;1800;270906;91897;3.3;1.1
FR;39;2021-03-26;10679;1790;281585;93687;3.4;1.1
FR;39;2021-03-27;6005;672;287590;94359;3.5;1.1
FR;39;2021-03-28;2740;198;290330;94557;3.5;1.1
FR;39;2021-03-29;7224;1343;297554;95900;3.6;1.2
FR;39;2021-03-30;10585;1977;308139;97877;3.7;1.2
FR;39;2021-03-31;11225;1937;319364;99814;3.8;1.2
FR;39;2021-04-01;15075;2752;334439;102566;4.0;1.2
FR;39;2021-04-02;13318;2574;347757;105140;4.2;1.3
FR;39;2021-04-03;5620;1034;353377;106174;4.3;1.3
FR;39;2021-04-04;2529;355;355906;106529;4.3;1.3
FR;39;2021-04-05;2539;333;358445;106862;4.3;1.3
FR;39;2021-04-06;9323;2366;367768;109228;4.4;1.3
FR;39;2021-04-07;12234;2825;380002;112053;4.6;1.4
FR;39;2021-04-08;16925;3832;396927;115885;4.8;1.4
FR;39;2021-04-09;16959;3724;413886;119609;5.0;1.4
FR;39;2021-04-10;7420;1974;421306;121583;5.1;1.5
FR;39;2021-04-11;2989;995;424295;122578;5.1;1.5
FR;39;2021-04-12;9647;2794;433942;125372;5.2;1.5
FR;39;2021-04-13;13003;4095;446945;129467;5.4;1.6
FR;39;2021-04-14;12959;3906;459904;133373;5.5;1.6
FR;39;2021-04-15;14874;4905;474778;138278;5.7;1.7
FR;39;2021-04-16;12877;5357;487655;143635;5.9;1.7
FR;39;2021-04-17;6159;2745;493814;146380;6.0;1.8
FR;39;2021-04-18;2280;1565;496094;147945;6.0;1.8
FR;39;2021-04-19;7963;4746;504057;152691;6.1;1.8
FR;39;2021-04-20;9544;6763;513601;159454;6.2;1.9
FR;39;2021-04-21;10375;7245;523976;166699;6.3;2.0
FR;39;2021-04-22;12011;10400;535987;177099;6.5;2.1
FR;39;2021-04-23;12340;10590;548327;187689;6.6;2.3
FR;39;2021-04-24;7885;5117;556212;192806;6.7;2.3
FR;39;2021-04-25;3538;2179;559750;194985;6.7;2.4
FR;39;2021-04-26;8754;6995;568504;201980;6.9;2.4
FR;39;2021-04-27;11969;9626;580473;211606;7.0;2.6
FR;39;2021-04-28;13434;10147;593907;221753;7.2;2.7
FR;39;2021-04-29;17500;13056;611407;234809;7.4;2.8
FR;39;2021-04-30;20043;13376;631450;248185;7.6;3.0
FR;39;2021-05-01;13735;3592;645185;251777;7.8;3.0
FR;39;2021-05-02;9382;2529;654567;254306;7.9;3.1
FR;39;2021-05-03;22677;11391;677244;265697;8.2;3.2
FR;39;2021-05-04;27203;14028;704447;279725;8.5;3.4
FR;39;2021-05-05;30991;14365;735438;294090;8.9;3.5
FR;39;2021-05-06;37331;17794;772769;311884;9.3;3.8
FR;39;2021-05-07;38823;18619;811592;330503;9.8;4.0
FR;39;2021-05-08;29285;5702;840877;336205;10.1;4.1
FR;39;2021-05-09;18827;4323;859704;340528;10.4;4.1
FR;39;2021-05-10;34136;14595;893840;355123;10.8;4.3
FR;39;2021-05-11;44479;17235;938319;372358;11.3;4.5
FR;39;2021-05-12;56784;16357;995103;388715;12.0;4.7
FR;39;2021-05-13;53575;5688;1048678;394403;12.6;4.8
FR;39;2021-05-14;63028;11157;1111706;405560;13.4;4.9
FR;39;2021-05-15;56890;6988;1168596;412548;14.1;5.0
FR;39;2021-05-16;36084;3145;1204680;415693;14.5;5.0
FR;39;2021-05-17;56680;12025;1261360;427718;15.2;5.2
FR;39;2021-05-18;71597;13737;1332957;441455;16.1;5.3
FR;39;2021-05-19;75032;14201;1407989;455656;17.0;5.5
FR;39;2021-05-20;83485;15060;1491474;470716;18.0;5.7
FR;39;2021-05-21;82794;15078;1574268;485794;19.0;5.9
FR;39;2021-05-22;63823;7482;1638091;493276;19.7;5.9
FR;39;2021-05-23;34097;3338;1672188;496614;20.2;6.0
FR;39;2021-05-24;52402;5417;1724590;502031;20.8;6.1
FR;39;2021-05-25;73755;15882;1798345;517913;21.7;6.2
FR;39;2021-05-26;77159;15932;1875504;533845;22.6;6.4
FR;39;2021-05-27;85139;17989;1960643;551834;23.6;6.7
FR;39;2021-05-28;79015;19550;2039658;571384;24.6;6.9
FR;39;2021-05-29;57887;10142;2097545;581526;25.3;7.0
FR;39;2021-05-30;24567;3659;2122112;585185;25.6;7.1
FR;39;2021-05-31;74835;15893;2196947;601078;26.5;7.2
FR;39;2021-06-01;85998;19676;2282945;620754;27.5;7.5
FR;39;2021-06-02;86105;19054;2369050;639808;28.6;7.7
FR;39;2021-06-03;97391;21541;2466441;661349;29.7;8.0
FR;39;2021-06-04;95584;23003;2562025;684352;30.9;8.2
FR;39;2021-06-05;63788;13621;2625813;697973;31.7;8.4
FR;39;2021-06-06;31775;5752;2657588;703725;32.0;8.5
FR;39;2021-06-07;74627;20357;2732215;724082;32.9;8.7
FR;39;2021-06-08;86234;22045;2818449;746127;34.0;9.0
FR;39;2021-06-09;84904;22664;2903353;768791;35.0;9.3
FR;39;2021-06-10;86948;25312;2990301;794103;36.0;9.6
FR;39;2021-06-11;83311;30420;3073612;824523;37.1;9.9
FR;39;2021-06-12;59835;23082;3133447;847605;37.8;10.2
FR;49;2020-12-27;2;0;2;0;0.0;0.0
FR;49;2020-12-28;3;0;5;0;0.0;0.0
FR;49;2020-12-29;1;0;6;0;0.0;0.0
FR;49;2020-12-30;6;0;12;0;0.0;0.0
FR;49;2020-12-31;1;0;13;0;0.0;0.0
FR;49;2021-01-01;4;0;17;0;0.0;0.0
FR;49;2021-01-02;11;0;28;0;0.0;0.0
FR;49;2021-01-03;5;0;33;0;0.0;0.0
FR;49;2021-01-04;87;0;120;0;0.0;0.0
FR;49;2021-01-05;338;1;458;1;0.0;0.0
FR;49;2021-01-06;861;5;1319;6;0.0;0.0
FR;49;2021-01-07;2160;7;3479;13;0.0;0.0
FR;49;2021-01-08;3379;10;6858;23;0.1;0.0
FR;49;2021-01-09;1003;1;7861;24;0.1;0.0
FR;49;2021-01-10;474;2;8335;26;0.1;0.0
FR;49;2021-01-11;4177;17;12512;43;0.1;0.0
FR;49;2021-01-12;5871;19;18383;62;0.2;0.0
FR;49;2021-01-13;6173;23;24556;85;0.3;0.0
FR;49;2021-01-14;8343;80;32899;165;0.4;0.0
FR;49;2021-01-15;7625;36;40524;201;0.5;0.0
FR;49;2021-01-16;1426;9;41950;210;0.5;0.0
FR;49;2021-01-17;621;7;42571;217;0.5;0.0
FR;49;2021-01-18;5069;33;47640;250;0.6;0.0
FR;49;2021-01-19;6827;31;54467;281;0.6;0.0
FR;49;2021-01-20;6640;32;61107;313;0.7;0.0
FR;49;2021-01-21;8427;38;69534;351;0.8;0.0
FR;49;2021-01-22;6280;44;75814;395;0.9;0.0
FR;49;2021-01-23;1016;7;76830;402;0.9;0.0
FR;49;2021-01-24;282;3;77112;405;0.9;0.0
FR;49;2021-01-25;2623;101;79735;506;0.9;0.0
FR;49;2021-01-26;3739;229;83474;735;1.0;0.0
FR;49;2021-01-27;3988;396;87462;1131;1.0;0.0
FR;49;2021-01-28;5555;993;93017;2124;1.1;0.0
FR;49;2021-01-29;4411;1566;97428;3690;1.1;0.0
FR;49;2021-01-30;693;380;98121;4070;1.1;0.0
FR;49;2021-01-31;137;125;98258;4195;1.1;0.0
FR;49;2021-02-01;1374;2091;99632;6286;1.2;0.1
FR;49;2021-02-02;2293;3205;101925;9491;1.2;0.1
FR;49;2021-02-03;2307;3384;104232;12875;1.2;0.1
FR;49;2021-02-04;3387;4784;107619;17659;1.3;0.2
FR;49;2021-02-05;2805;4893;110424;22552;1.3;0.3
FR;49;2021-02-06;572;890;110996;23442;1.3;0.3
FR;49;2021-02-07;519;296;111515;23738;1.3;0.3
FR;49;2021-02-08;1942;4071;113457;27809;1.3;0.3
FR;49;2021-02-09;4341;5772;117798;33581;1.4;0.4
FR;49;2021-02-10;5507;6091;123305;39672;1.4;0.5
FR;49;2021-02-11;8008;8024;131313;47696;1.5;0.6
FR;49;2021-02-12;7317;6490;138630;54186;1.6;0.6
FR;49;2021-02-13;1703;1029;140333;55215;1.6;0.6
FR;49;2021-02-14;408;407;140741;55622;1.6;0.6
FR;49;2021-02-15;4129;3902;144870;59524;1.7;0.7
FR;49;2021-02-16;5389;5364;150259;64888;1.7;0.8
FR;49;2021-02-17;5139;4682;155398;69570;1.8;0.8
FR;49;2021-02-18;7502;6240;162900;75810;1.9;0.9
FR;49;2021-02-19;7083;4934;169983;80744;2.0;0.9
FR;49;2021-02-20;1496;807;171479;81551;2.0;0.9
FR;49;2021-02-21;279;226;171758;81777;2.0;1.0
FR;49;2021-02-22;3539;2674;175297;84451;2.0;1.0
FR;49;2021-02-23;4883;3160;180180;87611;2.1;1.0
FR;49;2021-02-24;4909;2877;185089;90488;2.2;1.1
FR;49;2021-02-25;7583;4230;192672;94718;2.2;1.1
FR;49;2021-02-26;8280;3210;200952;97928;2.3;1.1
FR;49;2021-02-27;2694;580;203646;98508;2.4;1.1
FR;49;2021-02-28;336;137;203982;98645;2.4;1.1
FR;49;2021-03-01;3853;1665;207835;100310;2.4;1.2
FR;49;2021-03-02;5812;2532;213647;102842;2.5;1.2
FR;49;2021-03-03;6060;2558;219707;105400;2.6;1.2
FR;49;2021-03-04;8971;3535;228678;108935;2.7;1.3
FR;49;2021-03-05;12611;3344;241289;112279;2.8;1.3
FR;49;2021-03-06;8639;658;249928;112937;2.9;1.3
FR;49;2021-03-07;4695;436;254623;113373;3.0;1.3
FR;49;2021-03-08;6435;1728;261058;115101;3.0;1.3
FR;49;2021-03-09;9592;2408;270650;117509;3.1;1.4
FR;49;2021-03-10;9022;2419;279672;119928;3.3;1.4
FR;49;2021-03-11;12881;3541;292553;123469;3.4;1.4
FR;49;2021-03-12;16503;3071;309056;126540;3.6;1.5
FR;49;2021-03-13;9563;679;318619;127219;3.7;1.5
FR;49;2021-03-14;3140;260;321759;127479;3.7;1.5
FR;49;2021-03-15;6911;1487;328670;128966;3.8;1.5
FR;49;2021-03-16;4636;2162;333306;131128;3.9;1.5
FR;49;2021-03-17;5187;2041;338493;133169;3.9;1.5
FR;49;2021-03-18;6562;2836;345055;136005;4.0;1.6
FR;49;2021-03-19;9547;2360;354602;138365;4.1;1.6
FR;49;2021-03-20;5886;593;360488;138958;4.2;1.6
FR;49;2021-03-21;3144;230;363632;139188;4.2;1.6
FR;49;2021-03-22;6317;1512;369949;140700;4.3;1.6
FR;49;2021-03-23;8612;2189;378561;142889;4.4;1.7
FR;49;2021-03-24;9535;2021;388096;144910;4.5;1.7
FR;49;2021-03-25;12374;2422;400470;147332;4.7;1.7
FR;49;2021-03-26;14741;2380;415211;149712;4.8;1.7
FR;49;2021-03-27;9370;885;424581;150597;4.9;1.8
FR;49;2021-03-28;3849;312;428430;150909;5.0;1.8
FR;49;2021-03-29;9897;1885;438327;152794;5.1;1.8
FR;49;2021-03-30;14296;2748;452623;155542;5.3;1.8
FR;49;2021-03-31;15586;2849;468209;158391;5.4;1.8
FR;49;2021-04-01;19903;3786;488112;162177;5.7;1.9
FR;49;2021-04-02;17493;3517;505605;165694;5.9;1.9
FR;49;2021-04-03;9350;1851;514955;167545;6.0;1.9
FR;49;2021-04-04;4121;632;519076;168177;6.0;2.0
FR;49;2021-04-05;4210;541;523286;168718;6.1;2.0
FR;49;2021-04-06;13215;3413;536501;172131;6.2;2.0
FR;49;2021-04-07;17701;4301;554202;176432;6.4;2.1
FR;49;2021-04-08;22470;5263;576672;181695;6.7;2.1
FR;49;2021-04-09;23563;5431;600235;187126;7.0;2.2
FR;49;2021-04-10;12427;3421;612662;190547;7.1;2.2
FR;49;2021-04-11;4477;1689;617139;192236;7.2;2.2
FR;49;2021-04-12;14146;3827;631285;196063;7.3;2.3
FR;49;2021-04-13;18751;5828;650036;201891;7.6;2.3
FR;49;2021-04-14;19434;6015;669470;207906;7.8;2.4
FR;49;2021-04-15;20397;7107;689867;215013;8.0;2.5
FR;49;2021-04-16;17531;7379;707398;222392;8.2;2.6
FR;49;2021-04-17;9897;4690;717295;227082;8.3;2.6
FR;49;2021-04-18;3372;2309;720667;229391;8.4;2.7
FR;49;2021-04-19;12031;6425;732698;235816;8.5;2.7
FR;49;2021-04-20;14221;9075;746919;244891;8.7;2.8
FR;49;2021-04-21;16031;10205;762950;255096;8.9;3.0
FR;49;2021-04-22;17654;13209;780604;268305;9.1;3.1
FR;49;2021-04-23;18151;14168;798755;282473;9.3;3.3
FR;49;2021-04-24;12670;7826;811425;290299;9.4;3.4
FR;49;2021-04-25;5504;3155;816929;293454;9.5;3.4
FR;49;2021-04-26;13741;10003;830670;303457;9.7;3.5
FR;49;2021-04-27;18712;13141;849382;316598;9.9;3.7
FR;49;2021-04-28;22724;14649;872106;331247;10.1;3.9
FR;49;2021-04-29;27701;17390;899807;348637;10.5;4.1
FR;49;2021-04-30;31980;18202;931787;366839;10.8;4.3
FR;49;2021-05-01;24285;5823;956072;372662;11.1;4.3
FR;49;2021-05-02;16549;3917;972621;376579;11.3;4.4
FR;49;2021-05-03;39656;15609;1012277;392188;11.8;4.6
FR;49;2021-05-04;46691;20382;1058968;412570;12.3;4.8
FR;49;2021-05-05;55716;21745;1114684;434315;13.0;5.1
FR;49;2021-05-06;62388;24757;1177072;459072;13.7;5.3
FR;49;2021-05-07;65789;26136;1242861;485208;14.5;5.6
FR;49;2021-05-08;51727;9251;1294588;494459;15.1;5.8
FR;49;2021-05-09;32226;6278;1326814;500737;15.4;5.8
FR;49;2021-05-10;57307;20777;1384121;521514;16.1;6.1
FR;49;2021-05-11;72042;23986;1456163;545500;16.9;6.3
FR;49;2021-05-12;90169;24128;1546332;569628;18.0;6.6
FR;49;2021-05-13;80246;7846;1626578;577474;18.9;6.7
FR;49;2021-05-14;96853;15850;1723431;593324;20.1;6.9
FR;49;2021-05-15;86604;10964;1810035;604288;21.1;7.0
FR;49;2021-05-16;53133;4566;1863168;608854;21.7;7.1
FR;49;2021-05-17;81992;16395;1945160;625249;22.6;7.3
FR;49;2021-05-18;98552;18006;2043712;643255;23.8;7.5
FR;49;2021-05-19;110289;19485;2154001;662740;25.1;7.7
FR;49;2021-05-20;114037;19863;2268038;682603;26.4;7.9
FR;49;2021-05-21;113468;20061;2381506;702664;27.7;8.2
FR;49;2021-05-22;87411;10601;2468917;713265;28.7;8.3
FR;49;2021-05-23;42843;4029;2511760;717294;29.2;8.3
FR;49;2021-05-24;67040;6908;2578800;724202;30.0;8.4
FR;49;2021-05-25;94601;20917;2673401;745119;31.1;8.7
FR;49;2021-05-26;101352;22835;2774753;767954;32.3;8.9
FR;49;2021-05-27;104237;24058;2878990;792012;33.5;9.2
FR;49;2021-05-28;99786;26804;2978776;818816;34.7;9.5
FR;49;2021-05-29;74119;15570;3052895;834386;35.5;9.7
FR;49;2021-05-30;26761;4731;3079656;839117;35.8;9.8
FR;49;2021-05-31;87524;21292;3167180;860409;36.9;10.0
FR;49;2021-06-01;100119;26445;3267299;886854;38.0;10.3
FR;49;2021-06-02;101421;26604;3368720;913458;39.2;10.6
FR;49;2021-06-03;108808;27912;3477528;941370;40.5;11.0
FR;49;2021-06-04;108441;31331;3585969;972701;41.7;11.3
FR;49;2021-06-05;74299;20926;3660268;993627;42.6;11.6
FR;49;2021-06-06;31816;7575;3692084;1001202;43.0;11.7
FR;49;2021-06-07;77183;27763;3769267;1028965;43.9;12.0
FR;49;2021-06-08;89639;29727;3858906;1058692;44.9;12.3
FR;49;2021-06-09;91640;32576;3950546;1091268;46.0;12.7
FR;49;2021-06-10;90242;32749;4040788;1124017;47.0;13.1
FR;49;2021-06-11;86823;46183;4127611;1170200;48.0;13.6
FR;49;2021-06-12;64627;38133;4192238;1208333;48.8;14.1
FR;59;2020-12-27;2;0;2;0;0.0;0.0
FR;59;2020-12-28;6;0;8;0;0.0;0.0
FR;59;2020-12-29;2;0;10;0;0.0;0.0
FR;59;2020-12-30;6;0;16;0;0.0;0.0
FR;59;2020-12-31;9;0;25;0;0.0;0.0
FR;59;2021-01-01;26;1;51;1;0.0;0.0
FR;59;2021-01-02;30;0;81;1;0.0;0.0
FR;59;2021-01-03;36;0;117;1;0.0;0.0
FR;59;2021-01-04;595;4;712;5;0.0;0.0
FR;59;2021-01-05;2174;8;2886;13;0.0;0.0
FR;59;2021-01-06;4815;17;7701;30;0.1;0.0
FR;59;2021-01-07;10520;34;18221;64;0.2;0.0
FR;59;2021-01-08;14344;32;32565;96;0.4;0.0
FR;59;2021-01-09;4067;11;36632;107;0.4;0.0
FR;59;2021-01-10;1987;3;38619;110;0.4;0.0
FR;59;2021-01-11;15978;38;54597;148;0.6;0.0
FR;59;2021-01-12;21172;60;75769;208;0.9;0.0
FR;59;2021-01-13;22759;72;98528;280;1.1;0.0
FR;59;2021-01-14;24782;246;123310;526;1.4;0.0
FR;59;2021-01-15;21632;118;144942;644;1.6;0.0
FR;59;2021-01-16;5443;30;150385;674;1.7;0.0
FR;59;2021-01-17;1802;13;152187;687;1.7;0.0
FR;59;2021-01-18;13601;91;165788;778;1.9;0.0
FR;59;2021-01-19;17992;103;183780;881;2.1;0.0
FR;59;2021-01-20;17141;90;200921;971;2.3;0.0
FR;59;2021-01-21;18847;88;219768;1059;2.5;0.0
FR;59;2021-01-22;13956;102;233724;1161;2.7;0.0
FR;59;2021-01-23;2962;24;236686;1185;2.7;0.0
FR;59;2021-01-24;847;16;237533;1201;2.7;0.0
FR;59;2021-01-25;6715;627;244248;1828;2.8;0.0
FR;59;2021-01-26;8461;1393;252709;3221;2.9;0.0
FR;59;2021-01-27;8838;2410;261547;5631;3.0;0.1
FR;59;2021-01-28;10523;5064;272070;10695;3.1;0.1
FR;59;2021-01-29;7848;6659;279918;17354;3.2;0.2
FR;59;2021-01-30;1764;1515;281682;18869;3.2;0.2
FR;59;2021-01-31;372;547;282054;19416;3.2;0.2
FR;59;2021-02-01;3173;8746;285227;28162;3.2;0.3
FR;59;2021-02-02;4699;12487;289926;40649;3.3;0.5
FR;59;2021-02-03;4824;13551;294750;54200;3.4;0.6
FR;59;2021-02-04;5962;15909;300712;70109;3.4;0.8
FR;59;2021-02-05;4831;14927;305543;85036;3.5;1.0
FR;59;2021-02-06;1162;3000;306705;88036;3.5;1.0
FR;59;2021-02-07;389;985;307094;89021;3.5;1.0
FR;59;2021-02-08;2761;12482;309855;101503;3.5;1.2
FR;59;2021-02-09;4916;16184;314771;117687;3.6;1.3
FR;59;2021-02-10;5700;16077;320471;133764;3.6;1.5
FR;59;2021-02-11;7676;19737;328147;153501;3.7;1.7
FR;59;2021-02-12;6778;16043;334925;169544;3.8;1.9
FR;59;2021-02-13;1700;3450;336625;172994;3.8;2.0
FR;59;2021-02-14;362;983;336987;173977;3.8;2.0
FR;59;2021-02-15;3272;10547;340259;184524;3.9;2.1
FR;59;2021-02-16;4742;13578;345001;198102;3.9;2.3
FR;59;2021-02-17;4966;12345;349967;210447;4.0;2.4
FR;59;2021-02-18;7082;13880;357049;224327;4.1;2.6
FR;59;2021-02-19;6490;10737;363539;235064;4.1;2.7
FR;59;2021-02-20;1417;2492;364956;237556;4.2;2.7
FR;59;2021-02-21;284;571;365240;238127;4.2;2.7
FR;59;2021-02-22;3265;6380;368505;244507;4.2;2.8
FR;59;2021-02-23;4852;7144;373357;251651;4.2;2.9
FR;59;2021-02-24;6869;6433;380226;258084;4.3;2.9
FR;59;2021-02-25;21242;8573;401468;266657;4.6;3.0
FR;59;2021-02-26;28287;6308;429755;272965;4.9;3.1
FR;59;2021-02-27;17129;1547;446884;274512;5.1;3.1
FR;59;2021-02-28;1113;383;447997;274895;5.1;3.1
FR;59;2021-03-01;8826;3552;456823;278447;5.2;3.2
FR;59;2021-03-02;17184;4958;474007;283405;5.4;3.2
FR;59;2021-03-03;20685;5040;494692;288445;5.6;3.3
FR;59;2021-03-04;32354;5953;527046;294398;6.0;3.3
FR;59;2021-03-05;40966;5562;568012;299960;6.5;3.4
FR;59;2021-03-06;36034;1608;604046;301568;6.9;3.4
FR;59;2021-03-07;14081;1088;618127;302656;7.0;3.4
FR;59;2021-03-08;12305;3231;630432;305887;7.2;3.5
FR;59;2021-03-09;22877;4249;653309;310136;7.4;3.5
FR;59;2021-03-10;23154;4328;676463;314464;7.7;3.6
FR;59;2021-03-11;34385;5552;710848;320016;8.1;3.6
FR;59;2021-03-12;45383;4704;756231;324720;8.6;3.7
FR;59;2021-03-13;36168;1443;792399;326163;9.0;3.7
FR;59;2021-03-14;7193;440;799592;326603;9.1;3.7
FR;59;2021-03-15;14504;2581;814096;329184;9.3;3.7
FR;59;2021-03-16;7902;2991;821998;332175;9.3;3.8
FR;59;2021-03-17;8744;3153;830742;335328;9.4;3.8
FR;59;2021-03-18;10440;4022;841182;339350;9.6;3.9
FR;59;2021-03-19;23482;3581;864664;342931;9.8;3.9
FR;59;2021-03-20;21092;1119;885756;344050;10.1;3.9
FR;59;2021-03-21;6279;395;892035;344445;10.1;3.9
FR;59;2021-03-22;15490;2692;907525;347137;10.3;3.9
FR;59;2021-03-23;25394;3531;932919;350668;10.6;4.0
FR;59;2021-03-24;28012;3538;960931;354206;10.9;4.0
FR;59;2021-03-25;37912;3903;998843;358109;11.4;4.1
FR;59;2021-03-26;42846;4158;1041689;362267;11.8;4.1
FR;59;2021-03-27;26847;1782;1068536;364049;12.2;4.1
FR;59;2021-03-28;7531;475;1076067;364524;12.2;4.1
FR;59;2021-03-29;21668;3372;1097735;367896;12.5;4.2
FR;59;2021-03-30;32108;4393;1129843;372289;12.8;4.2
FR;59;2021-03-31;31404;4688;1161247;376977;13.2;4.3
FR;59;2021-04-01;38371;5864;1199618;382841;13.6;4.4
FR;59;2021-04-02;36871;5816;1236489;388657;14.1;4.4
FR;59;2021-04-03;21306;3481;1257795;392138;14.3;4.5
FR;59;2021-04-04;7343;1230;1265138;393368;14.4;4.5
FR;59;2021-04-05;8259;1106;1273397;394474;14.5;4.5
FR;59;2021-04-06;25704;5940;1299101;400414;14.8;4.6
FR;59;2021-04-07;33879;7165;1332980;407579;15.2;4.6
FR;59;2021-04-08;44968;8558;1377948;416137;15.7;4.7
FR;59;2021-04-09;60685;9128;1438633;425265;16.4;4.8
FR;59;2021-04-10;36429;7133;1475062;432398;16.8;4.9
FR;59;2021-04-11;9734;3533;1484796;435931;16.9;5.0
FR;59;2021-04-12;35234;7456;1520030;443387;17.3;5.0
FR;59;2021-04-13;49764;10195;1569794;453582;17.9;5.2
FR;59;2021-04-14;50095;10211;1619889;463793;18.4;5.3
FR;59;2021-04-15;59417;11811;1679306;475604;19.1;5.4
FR;59;2021-04-16;63241;12509;1742547;488113;19.8;5.6
FR;59;2021-04-17;41434;9728;1783981;497841;20.3;5.7
FR;59;2021-04-18;12283;4656;1796264;502497;20.4;5.7
FR;59;2021-04-19;33235;11208;1829499;513705;20.8;5.8
FR;59;2021-04-20;44680;14761;1874179;528466;21.3;6.0
FR;59;2021-04-21;47301;16505;1921480;544971;21.9;6.2
FR;59;2021-04-22;55847;19543;1977327;564514;22.5;6.4
FR;59;2021-04-23;65228;20861;2042555;585375;23.2;6.7
FR;59;2021-04-24;47504;15591;2090059;600966;23.8;6.8
FR;59;2021-04-25;16660;5482;2106719;606448;24.0;6.9
FR;59;2021-04-26;41449;17549;2148168;623997;24.4;7.1
FR;59;2021-04-27;56604;23357;2204772;647354;25.1;7.4
FR;59;2021-04-28;64324;26008;2269096;673362;25.8;7.7
FR;59;2021-04-29;78181;31700;2347277;705062;26.7;8.0
FR;59;2021-04-30;92602;36629;2439879;741691;27.7;8.4
FR;59;2021-05-01;43600;11069;2483479;752760;28.2;8.6
FR;59;2021-05-02;23466;7302;2506945;760062;28.5;8.6
FR;59;2021-05-03;62758;26329;2569703;786391;29.2;8.9
FR;59;2021-05-04;71143;34396;2640846;820787;30.0;9.3
FR;59;2021-05-05;77368;37361;2718214;858148;30.9;9.8
FR;59;2021-05-06;89404;43636;2807618;901784;31.9;10.3
FR;59;2021-05-07;97924;53925;2905542;955709;33.0;10.9
FR;59;2021-05-08;58743;16525;2964285;972234;33.7;11.1
FR;59;2021-05-09;39265;10367;3003550;982601;34.2;11.2
FR;59;2021-05-10;95332;40079;3098882;1022680;35.2;11.6
FR;59;2021-05-11;125641;49291;3224523;1071971;36.7;12.2
FR;59;2021-05-12;123009;46149;3347532;1118120;38.1;12.7
FR;59;2021-05-13;92604;14393;3440136;1132513;39.1;12.9
FR;59;2021-05-14;129192;34251;3569328;1166764;40.6;13.3
FR;59;2021-05-15;114382;25472;3683710;1192236;41.9;13.6
FR;59;2021-05-16;55264;7151;3738974;1199387;42.5;13.6
FR;59;2021-05-17;105441;30606;3844415;1229993;43.7;14.0
FR;59;2021-05-18;117508;34098;3961923;1264091;45.1;14.4
FR;59;2021-05-19;118792;35383;4080715;1299474;46.4;14.8
FR;59;2021-05-20;122440;42216;4203155;1341690;47.8;15.3
FR;59;2021-05-21;121954;48558;4325109;1390248;49.2;15.8
FR;59;2021-05-22;81836;25340;4406945;1415588;50.1;16.1
FR;59;2021-05-23;31259;5140;4438204;1420728;50.5;16.2
FR;59;2021-05-24;51947;9905;4490151;1430633;51.1;16.3
FR;59;2021-05-25;84374;41916;4574525;1472549;52.0;16.7
FR;59;2021-05-26;83319;44191;4657844;1516740;53.0;17.3
FR;59;2021-05-27;90010;52375;4747854;1569115;54.0;17.8
FR;59;2021-05-28;91760;66581;4839614;1635696;55.0;18.6
FR;59;2021-05-29;60364;40027;4899978;1675723;55.7;19.1
FR;59;2021-05-30;16133;7788;4916111;1683511;55.9;19.1
FR;59;2021-05-31;58620;42380;4974731;1725891;56.6;19.6
FR;59;2021-06-01;68193;53727;5042924;1779618;57.4;20.2
FR;59;2021-06-02;62301;52705;5105225;1832323;58.1;20.8
FR;59;2021-06-03;69689;58342;5174914;1890665;58.9;21.5
FR;59;2021-06-04;71672;71715;5246586;1962380;59.7;22.3
FR;59;2021-06-05;45687;48749;5292273;2011129;60.2;22.9
FR;59;2021-06-06;14248;12574;5306521;2023703;60.4;23.0
FR;59;2021-06-07;43766;54770;5350287;2078473;60.8;23.6
FR;59;2021-06-08;56902;58276;5407189;2136749;61.5;24.3
FR;59;2021-06-09;58194;57164;5465383;2193913;62.2;25.0
FR;59;2021-06-10;62480;55540;5527863;2249453;62.9;25.6
FR;59;2021-06-11;55450;85010;5583313;2334463;63.5;26.6
FR;59;2021-06-12;38430;56548;5621743;2391011;63.9;27.2
FR;64;2020-12-27;1;0;1;0;0.0;0.0
FR;64;2020-12-28;1;0;2;0;0.0;0.0
FR;64;2020-12-29;2;0;4;0;0.0;0.0
FR;64;2020-12-30;6;0;10;0;0.0;0.0
FR;64;2020-12-31;5;0;15;0;0.0;0.0
FR;64;2021-01-01;8;0;23;0;0.0;0.0
FR;64;2021-01-02;13;0;36;0;0.0;0.0
FR;64;2021-01-03;19;0;55;0;0.0;0.0
FR;64;2021-01-04;209;1;264;1;0.0;0.0
FR;64;2021-01-05;899;4;1163;5;0.0;0.0
FR;64;2021-01-06;1691;3;2854;8;0.1;0.0
FR;64;2021-01-07;3662;10;6516;18;0.2;0.0
FR;64;2021-01-08;4892;12;11408;30;0.3;0.0
FR;64;2021-01-09;1959;2;13367;32;0.3;0.0
FR;64;2021-01-10;1027;1;14394;33;0.4;0.0
FR;64;2021-01-11;5292;10;19686;43;0.5;0.0
FR;64;2021-01-12;7150;14;26836;57;0.7;0.0
FR;64;2021-01-13;7470;18;34306;75;0.8;0.0
FR;64;2021-01-14;8581;88;42887;163;1.0;0.0
FR;64;2021-01-15;7104;35;49991;198;1.2;0.0
FR;64;2021-01-16;2221;18;52212;216;1.3;0.0
FR;64;2021-01-17;844;10;53056;226;1.3;0.0
FR;64;2021-01-18;4687;17;57743;243;1.4;0.0
FR;64;2021-01-19;6411;24;64154;267;1.6;0.0
FR;64;2021-01-20;6242;35;70396;302;1.7;0.0
FR;64;2021-01-21;6928;25;77324;327;1.9;0.0
FR;64;2021-01-22;5436;34;82760;361;2.0;0.0
FR;64;2021-01-23;1415;13;84175;374;2.1;0.0
FR;64;2021-01-24;434;9;84609;383;2.1;0.0
FR;64;2021-01-25;2775;203;87384;586;2.1;0.0
FR;64;2021-01-26;3544;495;90928;1081;2.2;0.0
FR;64;2021-01-27;3771;888;94699;1969;2.3;0.0
FR;64;2021-01-28;4576;1755;99275;3724;2.4;0.1
FR;64;2021-01-29;3534;2330;102809;6054;2.5;0.1
FR;64;2021-01-30;840;708;103649;6762;2.5;0.2
FR;64;2021-01-31;172;279;103821;7041;2.5;0.2
FR;64;2021-02-01;1528;2868;105349;9909;2.6;0.2
FR;64;2021-02-02;2154;4145;107503;14054;2.6;0.3
FR;64;2021-02-03;2310;4366;109813;18420;2.7;0.4
FR;64;2021-02-04;2829;5508;112642;23928;2.7;0.6
FR;64;2021-02-05;2195;4972;114837;28900;2.8;0.7
FR;64;2021-02-06;667;1305;115504;30205;2.8;0.7
FR;64;2021-02-07;165;493;115669;30698;2.8;0.7
FR;64;2021-02-08;1489;4197;117158;34895;2.9;0.9
FR;64;2021-02-09;2352;5669;119510;40564;2.9;1.0
FR;64;2021-02-10;2575;5674;122085;46238;3.0;1.1
FR;64;2021-02-11;3469;7227;125554;53465;3.1;1.3
FR;64;2021-02-12;3116;5452;128670;58917;3.1;1.4
FR;64;2021-02-13;849;1448;129519;60365;3.2;1.5
FR;64;2021-02-14;198;436;129717;60801;3.2;1.5
FR;64;2021-02-15;1595;3886;131312;64687;3.2;1.6
FR;64;2021-02-16;2088;5143;133400;69830;3.3;1.7
FR;64;2021-02-17;2212;4643;135612;74473;3.3;1.8
FR;64;2021-02-18;3247;5460;138859;79933;3.4;1.9
FR;64;2021-02-19;3022;4212;141881;84145;3.5;2.1
FR;64;2021-02-20;811;1205;142692;85350;3.5;2.1
FR;64;2021-02-21;135;255;142827;85605;3.5;2.1
FR;64;2021-02-22;1494;2670;144321;88275;3.5;2.2
FR;64;2021-02-23;2413;2918;146734;91193;3.6;2.2
FR;64;2021-02-24;3880;2857;150614;94050;3.7;2.3
FR;64;2021-02-25;16072;3878;166686;97928;4.1;2.4
FR;64;2021-02-26;21848;2820;188534;100748;4.6;2.5
FR;64;2021-02-27;13095;783;201629;101531;4.9;2.5
FR;64;2021-02-28;799;174;202428;101705;4.9;2.5
FR;64;2021-03-01;6576;1761;209004;103466;5.1;2.5
FR;64;2021-03-02;13158;2379;222162;105845;5.4;2.6
FR;64;2021-03-03;15976;2427;238138;108272;5.8;2.6
FR;64;2021-03-04;25265;2931;263403;111203;6.4;2.7
FR;64;2021-03-05;30564;2747;293967;113950;7.2;2.8
FR;64;2021-03-06;26869;864;320836;114814;7.8;2.8
FR;64;2021-03-07;9896;544;330732;115358;8.1;2.8
FR;64;2021-03-08;8842;1826;339574;117184;8.3;2.9
FR;64;2021-03-09;16861;2080;356435;119264;8.7;2.9
FR;64;2021-03-10;17107;2215;373542;121479;9.1;3.0
FR;64;2021-03-11;26001;2911;399543;124390;9.7;3.0
FR;64;2021-03-12;33512;2520;433055;126910;10.6;3.1
FR;64;2021-03-13;27402;851;460457;127761;11.2;3.1
FR;64;2021-03-14;5445;214;465902;127975;11.4;3.1
FR;64;2021-03-15;11055;1479;476957;129454;11.6;3.2
FR;64;2021-03-16;6000;1788;482957;131242;11.8;3.2
FR;64;2021-03-17;6134;1697;489091;132939;11.9;3.2
FR;64;2021-03-18;7668;2085;496759;135024;12.1;3.3
FR;64;2021-03-19;18954;1961;515713;136985;12.6;3.3
FR;64;2021-03-20;18545;781;534258;137766;13.0;3.4
FR;64;2021-03-21;4726;230;538984;137996;13.1;3.4
FR;64;2021-03-22;13538;1595;552522;139591;13.5;3.4
FR;64;2021-03-23;23522;2057;576044;141648;14.0;3.5
FR;64;2021-03-24;25174;2158;601218;143806;14.7;3.5
FR;64;2021-03-25;36634;2451;637852;146257;15.5;3.6
FR;64;2021-03-26;40194;2411;678046;148668;16.5;3.6
FR;64;2021-03-27;21294;1050;699340;149718;17.0;3.6
FR;64;2021-03-28;5083;267;704423;149985;17.2;3.7
FR;64;2021-03-29;17560;2161;721983;152146;17.6;3.7
FR;64;2021-03-30;27313;2892;749296;155038;18.3;3.8
FR;64;2021-03-31;24144;2945;773440;157983;18.9;3.9
FR;64;2021-04-01;30550;3825;803990;161808;19.6;3.9
FR;64;2021-04-02;29215;3643;833205;165451;20.3;4.0
FR;64;2021-04-03;15985;2394;849190;167845;20.7;4.1
FR;64;2021-04-04;4031;802;853221;168647;20.8;4.1
FR;64;2021-04-05;5106;805;858327;169452;20.9;4.1
FR;64;2021-04-06;19200;4301;877527;173753;21.4;4.2
FR;64;2021-04-07;23548;4832;901075;178585;22.0;4.4
FR;64;2021-04-08;34572;5675;935647;184260;22.8;4.5
FR;64;2021-04-09;53461;6167;989108;190427;24.1;4.6
FR;64;2021-04-10;29833;5054;1018941;195481;24.8;4.8
FR;64;2021-04-11;6265;2617;1025206;198098;25.0;4.8
FR;64;2021-04-12;28030;5210;1053236;203308;25.7;5.0
FR;64;2021-04-13;42466;7420;1095702;210728;26.7;5.1
FR;64;2021-04-14;40714;7178;1136416;217906;27.7;5.3
FR;64;2021-04-15;51886;8437;1188302;226343;29.0;5.5
FR;64;2021-04-16;64200;8953;1252502;235296;30.5;5.7
FR;64;2021-04-17;38494;7153;1290996;242449;31.5;5.9
FR;64;2021-04-18;10923;3350;1301919;245799;31.7;6.0
FR;64;2021-04-19;41956;8623;1343875;254422;32.8;6.2
FR;64;2021-04-20;52620;10463;1396495;264885;34.0;6.5
FR;64;2021-04-21;52475;10924;1448970;275809;35.3;6.7
FR;64;2021-04-22;57365;12821;1506335;288630;36.7;7.0
FR;64;2021-04-23;60835;12774;1567170;301404;38.2;7.3
FR;64;2021-04-24;43370;9130;1610540;310534;39.3;7.6
FR;64;2021-04-25;16228;3378;1626768;313912;39.7;7.7
FR;64;2021-04-26;50020;11577;1676788;325489;40.9;7.9
FR;64;2021-04-27;62987;15589;1739775;341078;42.4;8.3
FR;64;2021-04-28;64006;16047;1803781;357125;44.0;8.7
FR;64;2021-04-29;73694;20481;1877475;377606;45.8;9.2
FR;64;2021-04-30;75230;22050;1952705;399656;47.6;9.7
FR;64;2021-05-01;29341;6705;1982046;406361;48.3;9.9
FR;64;2021-05-02;14468;3985;1996514;410346;48.7;10.0
FR;64;2021-05-03;52199;15879;2048713;426225;49.9;10.4
FR;64;2021-05-04;53078;21636;2101791;447861;51.2;10.9
FR;64;2021-05-05;49288;22701;2151079;470562;52.4;11.5
FR;64;2021-05-06;56729;28815;2207808;499377;53.8;12.2
FR;64;2021-05-07;50829;33999;2258637;533376;55.1;13.0
FR;64;2021-05-08;20319;9312;2278956;542688;55.6;13.2
FR;64;2021-05-09;10003;5492;2288959;548180;55.8;13.4
FR;64;2021-05-10;34384;26772;2323343;574952;56.6;14.0
FR;64;2021-05-11;43976;37122;2367319;612074;57.7;14.9
FR;64;2021-05-12;38983;34962;2406302;647036;58.7;15.8
FR;64;2021-05-13;21995;10048;2428297;657084;59.2;16.0
FR;64;2021-05-14;36336;29045;2464633;686129;60.1;16.7
FR;64;2021-05-15;21252;18995;2485885;705124;60.6;17.2
FR;64;2021-05-16;7963;4304;2493848;709428;60.8;17.3
FR;64;2021-05-17;26865;25391;2520713;734819;61.4;17.9
FR;64;2021-05-18;33513;28325;2554226;763144;62.3;18.6
FR;64;2021-05-19;30443;26369;2584669;789513;63.0;19.2
FR;64;2021-05-20;34998;33235;2619667;822748;63.9;20.1
FR;64;2021-05-21;30234;37370;2649901;860118;64.6;21.0
FR;64;2021-05-22;14828;17698;2664729;877816;65.0;21.4
FR;64;2021-05-23;5114;2826;2669843;880642;65.1;21.5
FR;64;2021-05-24;10759;6491;2680602;887133;65.3;21.6
FR;64;2021-05-25;22683;34334;2703285;921467;65.9;22.5
FR;64;2021-05-26;21428;34948;2724713;956415;66.4;23.3
FR;64;2021-05-27;25962;42964;2750675;999379;67.1;24.4
FR;64;2021-05-28;24454;55729;2775129;1055108;67.6;25.7
FR;64;2021-05-29;11926;33506;2787055;1088614;67.9;26.5
FR;64;2021-05-30;2674;7429;2789729;1096043;68.0;26.7
FR;64;2021-05-31;15829;45969;2805558;1142012;68.4;27.8
FR;64;2021-06-01;20816;56358;2826374;1198370;68.9;29.2
FR;64;2021-06-02;17016;50402;2843390;1248772;69.3;30.4
FR;64;2021-06-03;21169;55001;2864559;1303773;69.8;31.8
FR;64;2021-06-04;19779;66518;2884338;1370291;70.3;33.4
FR;64;2021-06-05;9343;43207;2893681;1413498;70.5;34.5
FR;64;2021-06-06;2661;10956;2896342;1424454;70.6;34.7
FR;64;2021-06-07;12268;60821;2908610;1485275;70.9;36.2
FR;64;2021-06-08;20452;62968;2929062;1548243;71.4;37.7
FR;64;2021-06-09;21784;51027;2950846;1599270;71.9;39.0
FR;64;2021-06-10;24264;49025;2975110;1648295;72.5;40.2
FR;64;2021-06-11;14892;69827;2990002;1718122;72.9;41.9
FR;64;2021-06-12;7990;36052;2997992;1754174;73.1;42.8
FR;69;2020-12-27;2;0;2;0;0.0;0.0
FR;69;2020-12-28;2;0;4;0;0.0;0.0
FR;69;2020-12-29;3;0;7;0;0.0;0.0
FR;69;2020-12-30;7;0;14;0;0.0;0.0
FR;69;2020-12-31;5;0;19;0;0.0;0.0
FR;69;2021-01-01;6;0;25;0;0.0;0.0
FR;69;2021-01-02;11;1;36;1;0.0;0.0
FR;69;2021-01-03;8;0;44;1;0.0;0.0
FR;69;2021-01-04;115;0;159;1;0.0;0.0
FR;69;2021-01-05;411;4;570;5;0.0;0.0
FR;69;2021-01-06;810;2;1380;7;0.0;0.0
FR;69;2021-01-07;1893;3;3273;10;0.1;0.0
FR;69;2021-01-08;2461;1;5734;11;0.1;0.0
FR;69;2021-01-09;1125;1;6859;12;0.2;0.0
FR;69;2021-01-10;660;1;7519;13;0.2;0.0
FR;69;2021-01-11;2741;6;10260;19;0.3;0.0
FR;69;2021-01-12;3884;1;14144;20;0.4;0.0
FR;69;2021-01-13;3802;14;17946;34;0.5;0.0
FR;69;2021-01-14;4570;47;22516;81;0.6;0.0
FR;69;2021-01-15;3853;14;26369;95;0.7;0.0
FR;69;2021-01-16;1344;12;27713;107;0.7;0.0
FR;69;2021-01-17;634;3;28347;110;0.7;0.0
FR;69;2021-01-18;3260;18;31607;128;0.8;0.0
FR;69;2021-01-19;4797;22;36404;150;0.9;0.0
FR;69;2021-01-20;4767;17;41171;167;1.1;0.0
FR;69;2021-01-21;5549;20;46720;187;1.2;0.0
FR;69;2021-01-22;4375;20;51095;207;1.3;0.0
FR;69;2021-01-23;1363;5;52458;212;1.3;0.0
FR;69;2021-01-24;448;6;52906;218;1.4;0.0
FR;69;2021-01-25;2729;82;55635;300;1.4;0.0
FR;69;2021-01-26;3363;183;58998;483;1.5;0.0
FR;69;2021-01-27;3670;415;62668;898;1.6;0.0
FR;69;2021-01-28;4333;895;67001;1793;1.7;0.0
FR;69;2021-01-29;3490;1237;70491;3030;1.8;0.1
FR;69;2021-01-30;939;403;71430;3433;1.8;0.1
FR;69;2021-01-31;180;162;71610;3595;1.8;0.1
FR;69;2021-02-01;1830;1522;73440;5117;1.9;0.1
FR;69;2021-02-02;2430;2202;75870;7319;1.9;0.2
FR;69;2021-02-03;2423;2272;78293;9591;2.0;0.2
FR;69;2021-02-04;2993;2926;81286;12517;2.1;0.3
FR;69;2021-02-05;2512;2540;83798;15057;2.1;0.4
FR;69;2021-02-06;727;808;84525;15865;2.2;0.4
FR;69;2021-02-07;162;391;84687;16256;2.2;0.4
FR;69;2021-02-08;1611;2411;86298;18667;2.2;0.5
FR;69;2021-02-09;2428;3417;88726;22084;2.3;0.6
FR;69;2021-02-10;2570;3406;91296;25490;2.3;0.7
FR;69;2021-02-11;3532;4867;94828;30357;2.4;0.8
FR;69;2021-02-12;3165;3424;97993;33781;2.5;0.9
FR;69;2021-02-13;870;1034;98863;34815;2.5;0.9
FR;69;2021-02-14;217;414;99080;35229;2.5;0.9
FR;69;2021-02-15;1337;2779;100417;38008;2.6;1.0
FR;69;2021-02-16;1874;3985;102291;41993;2.6;1.1
FR;69;2021-02-17;2009;3664;104300;45657;2.7;1.2
FR;69;2021-02-18;3009;4564;107309;50221;2.8;1.3
FR;69;2021-02-19;2886;3516;110195;53737;2.8;1.4
FR;69;2021-02-20;760;1027;110955;54764;2.8;1.4
FR;69;2021-02-21;150;235;111105;54999;2.8;1.4
FR;69;2021-02-22;1619;2577;112724;57576;2.9;1.5
FR;69;2021-02-23;2289;2823;115013;60399;2.9;1.5
FR;69;2021-02-24;2669;2912;117682;63311;3.0;1.6
FR;69;2021-02-25;3898;3588;121580;66899;3.1;1.7
FR;69;2021-02-26;4285;2635;125865;69534;3.2;1.8
FR;69;2021-02-27;1820;707;127685;70241;3.3;1.8
FR;69;2021-02-28;312;181;127997;70422;3.3;1.8
FR;69;2021-03-01;2812;1942;130809;72364;3.4;1.9
FR;69;2021-03-02;4728;2450;135537;74814;3.5;1.9
FR;69;2021-03-03;6730;2482;142267;77296;3.6;2.0
FR;69;2021-03-04;11828;3045;154095;80341;3.9;2.1
FR;69;2021-03-05;17546;2730;171641;83071;4.4;2.1
FR;69;2021-03-06;23272;837;194913;83908;5.0;2.2
FR;69;2021-03-07;14809;481;209722;84389;5.4;2.2
FR;69;2021-03-08;9802;2071;219524;86460;5.6;2.2
FR;69;2021-03-09;17536;2526;237060;88986;6.1;2.3
FR;69;2021-03-10;18887;2588;255947;91574;6.6;2.3
FR;69;2021-03-11;29271;3285;285218;94859;7.3;2.4
FR;69;2021-03-12;40009;3041;325227;97900;8.3;2.5
FR;69;2021-03-13;36129;1060;361356;98960;9.3;2.5
FR;69;2021-03-14;8212;272;369568;99232;9.5;2.5
FR;69;2021-03-15;16719;1839;386287;101071;9.9;2.6
FR;69;2021-03-16;10728;2197;397015;103268;10.2;2.6
FR;69;2021-03-17;11750;2203;408765;105471;10.5;2.7
FR;69;2021-03-18;13138;2621;421903;108092;10.8;2.8
FR;69;2021-03-19;28881;2468;450784;110560;11.6;2.8
FR;69;2021-03-20;26985;917;477769;111477;12.2;2.9
FR;69;2021-03-21;7127;284;484896;111761;12.4;2.9
FR;69;2021-03-22;21235;2199;506131;113960;13.0;2.9
FR;69;2021-03-23;36234;2831;542365;116791;13.9;3.0
FR;69;2021-03-24;37527;2875;579892;119666;14.9;3.1
FR;69;2021-03-25;55054;3170;634946;122836;16.3;3.1
FR;69;2021-03-26;59205;3052;694151;125888;17.8;3.2
FR;69;2021-03-27;30185;1410;724336;127298;18.6;3.3
FR;69;2021-03-28;7608;398;731944;127696;18.8;3.3
FR;69;2021-03-29;27703;3487;759647;131183;19.5;3.4
FR;69;2021-03-30;42274;4417;801921;135600;20.6;3.5
FR;69;2021-03-31;35381;4437;837302;140037;21.5;3.6
FR;69;2021-04-01;43288;5817;880590;145854;22.6;3.7
FR;69;2021-04-02;41356;5960;921946;151814;23.6;3.9
FR;69;2021-04-03;21663;3947;943609;155761;24.2;4.0
FR;69;2021-04-04;5810;1310;949419;157071;24.3;4.0
FR;69;2021-04-05;7615;1070;957034;158141;24.5;4.1
FR;69;2021-04-06;27900;7222;984934;165363;25.2;4.2
FR;69;2021-04-07;32424;7780;1017358;173143;26.1;4.4
FR;69;2021-04-08;48552;8903;1065910;182046;27.3;4.7
FR;69;2021-04-09;70600;9110;1136510;191156;29.1;4.9
FR;69;2021-04-10;36663;7884;1173173;199040;30.1;5.1
FR;69;2021-04-11;7980;4293;1181153;203333;30.3;5.2
FR;69;2021-04-12;38579;8866;1219732;212199;31.3;5.4
FR;69;2021-04-13;53506;11999;1273238;224198;32.6;5.7
FR;69;2021-04-14;49300;11687;1322538;235885;33.9;6.0
FR;69;2021-04-15;61813;13578;1384351;249463;35.5;6.4
FR;69;2021-04-16;72602;14104;1456953;263567;37.3;6.8
FR;69;2021-04-17;39640;10717;1496593;274284;38.4;7.0
FR;69;2021-04-18;10021;5036;1506614;279320;38.6;7.2
FR;69;2021-04-19;45895;13915;1552509;293235;39.8;7.5
FR;69;2021-04-20;57158;16849;1609667;310084;41.3;7.9
FR;69;2021-04-21;53485;16586;1663152;326670;42.6;8.4
FR;69;2021-04-22;60240;18767;1723392;345437;44.2;8.9
FR;69;2021-04-23;59393;18803;1782785;364240;45.7;9.3
FR;69;2021-04-24;37317;13179;1820102;377419;46.6;9.7
FR;69;2021-04-25;13272;5014;1833374;382433;47.0;9.8
FR;69;2021-04-26;49697;18399;1883071;400832;48.3;10.3
FR;69;2021-04-27;61791;23241;1944862;424073;49.8;10.9
FR;69;2021-04-28;59851;22119;2004713;446192;51.4;11.4
FR;69;2021-04-29;70138;24896;2074851;471088;53.2;12.1
FR;69;2021-04-30;66950;23960;2141801;495048;54.9;12.7
FR;69;2021-05-01;23890;7634;2165691;502682;55.5;12.9
FR;69;2021-05-02;11180;5156;2176871;507838;55.8;13.0
FR;69;2021-05-03;47396;21367;2224267;529205;57.0;13.6
FR;69;2021-05-04;47894;27739;2272161;556944;58.2;14.3
FR;69;2021-05-05;42615;27155;2314776;584099;59.3;15.0
FR;69;2021-05-06;50777;30234;2365553;614333;60.6;15.7
FR;69;2021-05-07;42294;34326;2407847;648659;61.7;16.6
FR;69;2021-05-08;15354;9379;2423201;658038;62.1;16.9
FR;69;2021-05-09;7281;6567;2430482;664605;62.3;17.0
FR;69;2021-05-10;29610;34710;2460092;699315;63.0;17.9
FR;69;2021-05-11;38189;43759;2498281;743074;64.0;19.0
FR;69;2021-05-12;33005;39218;2531286;782292;64.9;20.0
FR;69;2021-05-13;17477;11509;2548763;793801;65.3;20.3
FR;69;2021-05-14;30053;34171;2578816;827972;66.1;21.2
FR;69;2021-05-15;15254;18531;2594070;846503;66.5;21.7
FR;69;2021-05-16;5431;4316;2599501;850819;66.6;21.8
FR;69;2021-05-17;21819;28795;2621320;879614;67.2;22.5
FR;69;2021-05-18;27963;29625;2649283;909239;67.9;23.3
FR;69;2021-05-19;24360;25226;2673643;934465;68.5;23.9
FR;69;2021-05-20;28390;27826;2702033;962291;69.2;24.7
FR;69;2021-05-21;22996;30740;2725029;993031;69.8;25.5
FR;69;2021-05-22;9671;14372;2734700;1007403;70.1;25.8
FR;69;2021-05-23;3188;2378;2737888;1009781;70.2;25.9
FR;69;2021-05-24;8108;7129;2745996;1016910;70.4;26.1
FR;69;2021-05-25;17874;36207;2763870;1053117;70.8;27.0
FR;69;2021-05-26;16360;34464;2780230;1087581;71.3;27.9
FR;69;2021-05-27;20599;42262;2800829;1129843;71.8;29.0
FR;69;2021-05-28;18282;53857;2819111;1183700;72.2;30.3
FR;69;2021-05-29;7654;31253;2826765;1214953;72.4;31.1
FR;69;2021-05-30;1699;6901;2828464;1221854;72.5;31.3
FR;69;2021-05-31;12335;47504;2840799;1269358;72.8;32.5
FR;69;2021-06-01;16188;57646;2856987;1327004;73.2;34.0
FR;69;2021-06-02;12947;49989;2869934;1376993;73.6;35.3
FR;69;2021-06-03;16341;57657;2886275;1434650;74.0;36.8
FR;69;2021-06-04;14548;67081;2900823;1501731;74.3;38.5
FR;69;2021-06-05;6055;39498;2906878;1541229;74.5;39.5
FR;69;2021-06-06;1565;9070;2908443;1550299;74.5;39.7
FR;69;2021-06-07;9690;59493;2918133;1609792;74.8;41.3
FR;69;2021-06-08;18963;61690;2937096;1671482;75.3;42.8
FR;69;2021-06-09;19640;46565;2956736;1718047;75.8;44.0
FR;69;2021-06-10;23116;48445;2979852;1766492;76.4;45.3
FR;69;2021-06-11;11948;69223;2991800;1835715;76.7;47.0
FR;69;2021-06-12;5514;32181;2997314;1867896;76.8;47.9
FR;74;2020-12-27;1;0;1;0;0.0;0.0
FR;74;2020-12-28;7;0;8;0;0.0;0.0
FR;74;2020-12-29;5;0;13;0;0.0;0.0
FR;74;2020-12-30;11;0;24;0;0.0;0.0
FR;74;2020-12-31;7;0;31;0;0.0;0.0
FR;74;2021-01-01;5;0;36;0;0.0;0.0
FR;74;2021-01-02;3;0;39;0;0.0;0.0
FR;74;2021-01-03;13;0;52;0;0.0;0.0
FR;74;2021-01-04;89;1;141;1;0.0;0.0
FR;74;2021-01-05;298;0;439;1;0.0;0.0
FR;74;2021-01-06;555;1;994;2;0.0;0.0
FR;74;2021-01-07;1465;0;2459;2;0.1;0.0
FR;74;2021-01-08;1805;4;4264;6;0.1;0.0
FR;74;2021-01-09;799;0;5063;6;0.1;0.0
FR;74;2021-01-10;538;0;5601;6;0.2;0.0
FR;74;2021-01-11;2135;2;7736;8;0.2;0.0
FR;74;2021-01-12;3157;6;10893;14;0.3;0.0
FR;74;2021-01-13;3217;7;14110;21;0.4;0.0
FR;74;2021-01-14;3959;41;18069;62;0.5;0.0
FR;74;2021-01-15;3546;11;21615;73;0.6;0.0
FR;74;2021-01-16;1339;5;22954;78;0.7;0.0
FR;74;2021-01-17;766;4;23720;82;0.7;0.0
FR;74;2021-01-18;4724;13;28444;95;0.8;0.0
FR;74;2021-01-19;6832;14;35276;109;1.0;0.0
FR;74;2021-01-20;7119;12;42395;121;1.2;0.0
FR;74;2021-01-21;8215;26;50610;147;1.5;0.0
FR;74;2021-01-22;6561;22;57171;169;1.6;0.0
FR;74;2021-01-23;2262;4;59433;173;1.7;0.0
FR;74;2021-01-24;612;2;60045;175;1.7;0.0
FR;74;2021-01-25;4549;56;64594;231;1.9;0.0
FR;74;2021-01-26;5639;152;70233;383;2.0;0.0
FR;74;2021-01-27;5988;272;76221;655;2.2;0.0
FR;74;2021-01-28;6988;750;83209;1405;2.4;0.0
FR;74;2021-01-29;5741;900;88950;2305;2.6;0.1
FR;74;2021-01-30;1770;262;90720;2567;2.6;0.1
FR;74;2021-01-31;296;114;91016;2681;2.6;0.1
FR;74;2021-02-01;3300;1064;94316;3745;2.7;0.1
FR;74;2021-02-02;4313;1785;98629;5530;2.8;0.2
FR;74;2021-02-03;4321;1807;102950;7337;3.0;0.2
FR;74;2021-02-04;5188;2469;108138;9806;3.1;0.3
FR;74;2021-02-05;4397;2180;112535;11986;3.2;0.3
FR;74;2021-02-06;1413;695;113948;12681;3.3;0.4
FR;74;2021-02-07;243;351;114191;13032;3.3;0.4
FR;74;2021-02-08;3085;2508;117276;15540;3.4;0.4
FR;74;2021-02-09;4126;3726;121402;19266;3.5;0.6
FR;74;2021-02-10;4428;3816;125830;23082;3.6;0.7
FR;74;2021-02-11;5648;5476;131478;28558;3.8;0.8
FR;74;2021-02-12;5281;3821;136759;32379;3.9;0.9
FR;74;2021-02-13;1658;1219;138417;33598;4.0;1.0
FR;74;2021-02-14;408;471;138825;34069;4.0;1.0
FR;74;2021-02-15;2408;4183;141233;38252;4.1;1.1
FR;74;2021-02-16;3276;5634;144509;43886;4.2;1.3
FR;74;2021-02-17;3393;5455;147902;49341;4.3;1.4
FR;74;2021-02-18;4950;6817;152852;56158;4.4;1.6
FR;74;2021-02-19;4889;5418;157741;61576;4.5;1.8
FR;74;2021-02-20;1557;1738;159298;63314;4.6;1.8
FR;74;2021-02-21;233;415;159531;63729;4.6;1.8
FR;74;2021-02-22;2881;4293;162412;68022;4.7;2.0
FR;74;2021-02-23;4157;4899;166569;72921;4.8;2.1
FR;74;2021-02-24;4538;4848;171107;77769;4.9;2.2
FR;74;2021-02-25;5540;5708;176647;83477;5.1;2.4
FR;74;2021-02-26;5494;4483;182141;87960;5.2;2.5
FR;74;2021-02-27;2033;1368;184174;89328;5.3;2.6
FR;74;2021-02-28;529;294;184703;89622;5.3;2.6
FR;74;2021-03-01;5088;3375;189791;92997;5.5;2.7
FR;74;2021-03-02;7483;4292;197274;97289;5.7;2.8
FR;74;2021-03-03;9738;4275;207012;101564;6.0;2.9
FR;74;2021-03-04;15141;4852;222153;106416;6.4;3.1
FR;74;2021-03-05;21757;4649;243910;111065;7.0;3.2
FR;74;2021-03-06;31351;1472;275261;112537;7.9;3.2
FR;74;2021-03-07;21008;599;296269;113136;8.5;3.3
FR;74;2021-03-08;14283;3708;310552;116844;8.9;3.4
FR;74;2021-03-09;24124;4278;334676;121122;9.6;3.5
FR;74;2021-03-10;26382;4479;361058;125601;10.4;3.6
FR;74;2021-03-11;38441;5417;399499;131018;11.5;3.8
FR;74;2021-03-12;50760;4837;450259;135855;12.9;3.9
FR;74;2021-03-13;47979;1676;498238;137531;14.3;4.0
FR;74;2021-03-14;11991;459;510229;137990;14.7;4.0
FR;74;2021-03-15;25579;3201;535808;141191;15.4;4.1
FR;74;2021-03-16;20042;3879;555850;145070;16.0;4.2
FR;74;2021-03-17;21812;3916;577662;148986;16.6;4.3
FR;74;2021-03-18;24447;4565;602109;153551;17.3;4.4
FR;74;2021-03-19;41438;4059;643547;157610;18.5;4.5
FR;74;2021-03-20;35461;1631;679008;159241;19.5;4.6
FR;74;2021-03-21;9474;422;688482;159663;19.8;4.6
FR;74;2021-03-22;31531;3955;720013;163618;20.7;4.7
FR;74;2021-03-23;50199;4897;770212;168515;22.1;4.8
FR;74;2021-03-24;52167;5265;822379;173780;23.6;5.0
FR;74;2021-03-25;74829;5674;897208;179454;25.8;5.2
FR;74;2021-03-26;80836;5349;978044;184803;28.1;5.3
FR;74;2021-03-27;51074;2471;1029118;187274;29.6;5.4
FR;74;2021-03-28;17806;767;1046924;188041;30.1;5.4
FR;74;2021-03-29;56091;6970;1103015;195011;31.7;5.6
FR;74;2021-03-30;76551;8848;1179566;203859;33.9;5.9
FR;74;2021-03-31;67936;9399;1247502;213258;35.9;6.1
FR;74;2021-04-01;78368;11793;1325870;225051;38.1;6.5
FR;74;2021-04-02;69984;12360;1395854;237411;40.1;6.8
FR;74;2021-04-03;37163;8477;1433017;245888;41.2;7.1
FR;74;2021-04-04;12499;2796;1445516;248684;41.6;7.1
FR;74;2021-04-05;19203;1891;1464719;250575;42.1;7.2
FR;74;2021-04-06;64398;15156;1529117;265731;44.0;7.6
FR;74;2021-04-07;72638;16030;1601755;281761;46.0;8.1
FR;74;2021-04-08;87601;17962;1689356;299723;48.6;8.6
FR;74;2021-04-09;97263;17778;1786619;317501;51.4;9.1
FR;74;2021-04-10;48603;14058;1835222;331559;52.8;9.5
FR;74;2021-04-11;12705;6827;1847927;338386;53.1;9.7
FR;74;2021-04-12;60891;17741;1908818;356127;54.9;10.2
FR;74;2021-04-13;68708;22222;1977526;378349;56.9;10.9
FR;74;2021-04-14;60096;21791;2037622;400140;58.6;11.5
FR;74;2021-04-15;61943;23749;2099565;423889;60.4;12.2
FR;74;2021-04-16;52255;24326;2151820;448215;61.9;12.9
FR;74;2021-04-17;25716;16811;2177536;465026;62.6;13.4
FR;74;2021-04-18;5743;6964;2183279;471990;62.8;13.6
FR;74;2021-04-19;31743;24302;2215022;496292;63.7;14.3
FR;74;2021-04-20;36306;29591;2251328;525883;64.7;15.1
FR;74;2021-04-21;33379;30214;2284707;556097;65.7;16.0
FR;74;2021-04-22;38096;35174;2322803;591271;66.8;17.0
FR;74;2021-04-23;34826;38782;2357629;630053;67.8;18.1
FR;74;2021-04-24;18648;30726;2376277;660779;68.3;19.0
FR;74;2021-04-25;6144;12560;2382421;673339;68.5;19.4
FR;74;2021-04-26;26751;46850;2409172;720189;69.3;20.7
FR;74;2021-04-27;33072;56029;2442244;776218;70.2;22.3
FR;74;2021-04-28;32635;52805;2474879;829023;71.2;23.8
FR;74;2021-04-29;38743;53938;2513622;882961;72.3;25.4
FR;74;2021-04-30;35056;49127;2548678;932088;73.3;26.8
FR;74;2021-05-01;11100;15143;2559778;947231;73.6;27.2
FR;74;2021-05-02;5174;11389;2564952;958620;73.7;27.6
FR;74;2021-05-03;24161;52097;2589113;1010717;74.4;29.1
FR;74;2021-05-04;25058;69203;2614171;1079920;75.2;31.0
FR;74;2021-05-05;22626;64897;2636797;1144817;75.8;32.9
FR;74;2021-05-06;27297;63249;2664094;1208066;76.6;34.7
FR;74;2021-05-07;23234;65981;2687328;1274047;77.3;36.6
FR;74;2021-05-08;7960;14300;2695288;1288347;77.5;37.0
FR;74;2021-05-09;3661;10472;2698949;1298819;77.6;37.3
FR;74;2021-05-10;15994;63043;2714943;1361862;78.1;39.2
FR;74;2021-05-11;20952;64086;2735895;1425948;78.7;41.0
FR;74;2021-05-12;18368;53150;2754263;1479098;79.2;42.5
FR;74;2021-05-13;9062;12078;2763325;1491176;79.4;42.9
FR;74;2021-05-14;16942;37745;2780267;1528921;79.9;44.0
FR;74;2021-05-15;8372;17564;2788639;1546485;80.2;44.5
FR;74;2021-05-16;2980;3500;2791619;1549985;80.3;44.6
FR;74;2021-05-17;12214;30786;2803833;1580771;80.6;45.4
FR;74;2021-05-18;15434;30477;2819267;1611248;81.1;46.3
FR;74;2021-05-19;14019;25387;2833286;1636635;81.5;47.1
FR;74;2021-05-20;16008;27674;2849294;1664309;81.9;47.8
FR;74;2021-05-21;13370;30682;2862664;1694991;82.3;48.7
FR;74;2021-05-22;5769;14218;2868433;1709209;82.5;49.1
FR;74;2021-05-23;1852;2381;2870285;1711590;82.5;49.2
FR;74;2021-05-24;4632;5723;2874917;1717313;82.7;49.4
FR;74;2021-05-25;10569;35181;2885486;1752494;83.0;50.4
FR;74;2021-05-26;10008;32938;2895494;1785432;83.2;51.3
FR;74;2021-05-27;11832;39425;2907326;1824857;83.6;52.5
FR;74;2021-05-28;11231;45032;2918557;1869889;83.9;53.8
FR;74;2021-05-29;4750;24301;2923307;1894190;84.0;54.5
FR;74;2021-05-30;1042;4238;2924349;1898428;84.1;54.6
FR;74;2021-05-31;7561;29824;2931910;1928252;84.3;55.4
FR;74;2021-06-01;10265;40143;2942175;1968395;84.6;56.6
FR;74;2021-06-02;8438;34067;2950613;2002462;84.8;57.6
FR;74;2021-06-03;10508;42304;2961121;2044766;85.1;58.8
FR;74;2021-06-04;9657;48021;2970778;2092787;85.4;60.2
FR;74;2021-06-05;4036;25138;2974814;2117925;85.5;60.9
FR;74;2021-06-06;933;4682;2975747;2122607;85.6;61.0
FR;74;2021-06-07;6103;31611;2981850;2154218;85.7;61.9
FR;74;2021-06-08;12680;34641;2994530;2188859;86.1;62.9
FR;74;2021-06-09;13659;26210;3008189;2215069;86.5;63.7
FR;74;2021-06-10;16426;30293;3024615;2245362;87.0;64.6
FR;74;2021-06-11;8090;46515;3032705;2291877;87.2;65.9
FR;74;2021-06-12;3561;20506;3036266;2312383;87.3;66.5
FR;79;2020-12-27;1;0;1;0;0.0;0.0
FR;79;2020-12-28;6;0;7;0;0.0;0.0
FR;79;2020-12-29;16;0;23;0;0.0;0.0
FR;79;2020-12-30;12;0;35;0;0.0;0.0
FR;79;2020-12-31;6;0;41;0;0.0;0.0
FR;79;2021-01-01;6;0;47;0;0.0;0.0
FR;79;2021-01-02;4;0;51;0;0.0;0.0
FR;79;2021-01-03;2;0;53;0;0.0;0.0
FR;79;2021-01-04;50;0;103;0;0.0;0.0
FR;79;2021-01-05;172;0;275;0;0.0;0.0
FR;79;2021-01-06;341;1;616;1;0.0;0.0
FR;79;2021-01-07;905;0;1521;1;0.1;0.0
FR;79;2021-01-08;1086;1;2607;2;0.1;0.0
FR;79;2021-01-09;364;0;2971;2;0.1;0.0
FR;79;2021-01-10;192;0;3163;2;0.1;0.0
FR;79;2021-01-11;1160;3;4323;5;0.2;0.0
FR;79;2021-01-12;2211;2;6534;7;0.3;0.0
FR;79;2021-01-13;2759;2;9293;9;0.4;0.0
FR;79;2021-01-14;4441;35;13734;44;0.6;0.0
FR;79;2021-01-15;5276;18;19010;62;0.9;0.0
FR;79;2021-01-16;2828;12;21838;74;1.0;0.0
FR;79;2021-01-17;1309;3;23147;77;1.0;0.0
FR;79;2021-01-18;19684;40;42831;117;1.9;0.0
FR;79;2021-01-19;26072;40;68903;157;3.1;0.0
FR;79;2021-01-20;28083;34;96986;191;4.4;0.0
FR;79;2021-01-21;30111;40;127097;231;5.7;0.0
FR;79;2021-01-22;27964;33;155061;264;7.0;0.0
FR;79;2021-01-23;11684;12;166745;276;7.5;0.0
FR;79;2021-01-24;2173;3;168918;279;7.6;0.0
FR;79;2021-01-25;22583;50;191501;329;8.6;0.0
FR;79;2021-01-26;25764;123;217265;452;9.8;0.0
FR;79;2021-01-27;25039;201;242304;653;10.9;0.0
FR;79;2021-01-28;25238;567;267542;1220;12.1;0.1
FR;79;2021-01-29;22559;566;290101;1786;13.1;0.1
FR;79;2021-01-30;8789;138;298890;1924;13.5;0.1
FR;79;2021-01-31;1233;55;300123;1979;13.5;0.1
FR;79;2021-02-01;16188;649;316311;2628;14.3;0.1
FR;79;2021-02-02;19315;1277;335626;3905;15.1;0.2
FR;79;2021-02-03;18323;1588;353949;5493;16.0;0.2
FR;79;2021-02-04;19217;2538;373166;8031;16.8;0.4
FR;79;2021-02-05;18066;2690;391232;10721;17.6;0.5
FR;79;2021-02-06;6460;1008;397692;11729;17.9;0.5
FR;79;2021-02-07;870;391;398562;12120;18.0;0.5
FR;79;2021-02-08;13116;5816;411678;17936;18.6;0.8
FR;79;2021-02-09;15601;7679;427279;25615;19.3;1.2
FR;79;2021-02-10;15467;8060;442746;33675;20.0;1.5
FR;79;2021-02-11;16549;9615;459295;43290;20.7;2.0
FR;79;2021-02-12;15695;9422;474990;52712;21.4;2.4
FR;79;2021-02-13;5015;4126;480005;56838;21.6;2.6
FR;79;2021-02-14;905;1044;480910;57882;21.7;2.6
FR;79;2021-02-15;7137;19833;488047;77715;22.0;3.5
FR;79;2021-02-16;8356;23636;496403;101351;22.4;4.6
FR;79;2021-02-17;8256;24032;504659;125383;22.8;5.7
FR;79;2021-02-18;10325;24433;514984;149816;23.2;6.8
FR;79;2021-02-19;10345;20773;525329;170589;23.7;7.7
FR;79;2021-02-20;3783;8315;529112;178904;23.9;8.1
FR;79;2021-02-21;549;1557;529661;180461;23.9;8.1
FR;79;2021-02-22;7002;21892;536663;202353;24.2;9.1
FR;79;2021-02-23;9663;23574;546326;225927;24.6;10.2
FR;79;2021-02-24;10066;22215;556392;248142;25.1;11.2
FR;79;2021-02-25;11719;22104;568111;270246;25.6;12.2
FR;79;2021-02-26;12086;19132;580197;289378;26.2;13.1
FR;79;2021-02-27;4431;6741;584628;296119;26.4;13.4
FR;79;2021-02-28;876;1038;585504;297157;26.4;13.4
FR;79;2021-03-01;12141;16471;597645;313628;27.0;14.1
FR;79;2021-03-02;16344;19283;613989;332911;27.7;15.0
FR;79;2021-03-03;17767;18561;631756;351472;28.5;15.9
FR;79;2021-03-04;20970;17703;652726;369175;29.4;16.6
FR;79;2021-03-05;22501;16513;675227;385688;30.5;17.4
FR;79;2021-03-06;29087;5435;704314;391123;31.8;17.6
FR;79;2021-03-07;21095;1083;725409;392206;32.7;17.7
FR;79;2021-03-08;17399;15357;742808;407563;33.5;18.4
FR;79;2021-03-09;25777;16473;768585;424036;34.7;19.1
FR;79;2021-03-10;26905;15648;795490;439684;35.9;19.8
FR;79;2021-03-11;31892;15160;827382;454844;37.3;20.5
FR;79;2021-03-12;33412;13000;860794;467844;38.8;21.1
FR;79;2021-03-13;25349;4275;886143;472119;40.0;21.3
FR;79;2021-03-14;9486;785;895629;472904;40.4;21.3
FR;79;2021-03-15;28489;8739;924118;481643;41.7;21.7
FR;79;2021-03-16;32812;9334;956930;490977;43.2;22.1
FR;79;2021-03-17;33804;9301;990734;500278;44.7;22.6
FR;79;2021-03-18;36701;9795;1027435;510073;46.3;23.0
FR;79;2021-03-19;36734;8910;1064169;518983;48.0;23.4
FR;79;2021-03-20;20678;3314;1084847;522297;48.9;23.6
FR;79;2021-03-21;5875;609;1090722;522906;49.2;23.6
FR;79;2021-03-22;28601;9222;1119323;532128;50.5;24.0
FR;79;2021-03-23;37052;10823;1156375;542951;52.2;24.5
FR;79;2021-03-24;35548;11380;1191923;554331;53.8;25.0
FR;79;2021-03-25;41910;11149;1233833;565480;55.6;25.5
FR;79;2021-03-26;39385;10472;1273218;575952;57.4;26.0
FR;79;2021-03-27;17649;4421;1290867;580373;58.2;26.2
FR;79;2021-03-28;4797;908;1295664;581281;58.4;26.2
FR;79;2021-03-29;22279;15017;1317943;596298;59.4;26.9
FR;79;2021-03-30;28020;18923;1345963;615221;60.7;27.7
FR;79;2021-03-31;24680;19754;1370643;634975;61.8;28.6
FR;79;2021-04-01;27171;23204;1397814;658179;63.0;29.7
FR;79;2021-04-02;23058;24456;1420872;682635;64.1;30.8
FR;79;2021-04-03;10009;17371;1430881;700006;64.5;31.6
FR;79;2021-04-04;2800;5064;1433681;705070;64.7;31.8
FR;79;2021-04-05;4186;2753;1437867;707823;64.8;31.9
FR;79;2021-04-06;18990;28970;1456857;736793;65.7;33.2
FR;79;2021-04-07;21047;29859;1477904;766652;66.7;34.6
FR;79;2021-04-08;24976;29924;1502880;796576;67.8;35.9
FR;79;2021-04-09;26814;28106;1529694;824682;69.0;37.2
FR;79;2021-04-10;13611;18930;1543305;843612;69.6;38.0
FR;79;2021-04-11;3487;6449;1546792;850061;69.8;38.3
FR;79;2021-04-12;16734;28899;1563526;878960;70.5;39.6
FR;79;2021-04-13;19097;35005;1582623;913965;71.4;41.2
FR;79;2021-04-14;18155;33145;1600778;947110;72.2;42.7
FR;79;2021-04-15;19086;33332;1619864;980442;73.1;44.2
FR;79;2021-04-16;16220;31040;1636084;1011482;73.8;45.6
FR;79;2021-04-17;8147;16696;1644231;1028178;74.2;46.4
FR;79;2021-04-18;1766;4834;1645997;1033012;74.2;46.6
FR;79;2021-04-19;9840;29165;1655837;1062177;74.7;47.9
FR;79;2021-04-20;11697;34435;1667534;1096612;75.2;49.5
FR;79;2021-04-21;11285;31204;1678819;1127816;75.7;50.9
FR;79;2021-04-22;12841;31087;1691660;1158903;76.3;52.3
FR;79;2021-04-23;11898;27678;1703558;1186581;76.8;53.5
FR;79;2021-04-24;6157;13717;1709715;1200298;77.1;54.1
FR;79;2021-04-25;1913;3424;1711628;1203722;77.2;54.3
FR;79;2021-04-26;8939;20598;1720567;1224320;77.6;55.2
FR;79;2021-04-27;11069;23663;1731636;1247983;78.1;56.3
FR;79;2021-04-28;11593;20901;1743229;1268884;78.6;57.2
FR;79;2021-04-29;13655;20667;1756884;1289551;79.2;58.2
FR;79;2021-04-30;12818;17605;1769702;1307156;79.8;59.0
FR;79;2021-05-01;3818;3914;1773520;1311070;80.0;59.1
FR;79;2021-05-02;1739;2615;1775259;1313685;80.1;59.2
FR;79;2021-05-03;8578;15096;1783837;1328781;80.5;59.9
FR;79;2021-05-04;8903;20132;1792740;1348913;80.9;60.8
FR;79;2021-05-05;8369;18963;1801109;1367876;81.2;61.7
FR;79;2021-05-06;10208;18765;1811317;1386641;81.7;62.5
FR;79;2021-05-07;8939;19431;1820256;1406072;82.1;63.4
FR;79;2021-05-08;2971;4284;1823227;1410356;82.2;63.6
FR;79;2021-05-09;1379;2986;1824606;1413342;82.3;63.7
FR;79;2021-05-10;6112;17459;1830718;1430801;82.6;64.5
FR;79;2021-05-11;7957;18534;1838675;1449335;82.9;65.4
FR;79;2021-05-12;7223;15768;1845898;1465103;83.2;66.1
FR;79;2021-05-13;3487;3780;1849385;1468883;83.4;66.2
FR;79;2021-05-14;6753;11365;1856138;1480248;83.7;66.8
FR;79;2021-05-15;3289;5089;1859427;1485337;83.9;67.0
FR;79;2021-05-16;1138;1151;1860565;1486488;83.9;67.0
FR;79;2021-05-17;4902;8978;1865467;1495466;84.1;67.4
FR;79;2021-05-18;6070;9125;1871537;1504591;84.4;67.9
FR;79;2021-05-19;5688;7945;1877225;1512536;84.7;68.2
FR;79;2021-05-20;6562;8082;1883787;1520618;85.0;68.6
FR;79;2021-05-21;5588;8721;1889375;1529339;85.2;69.0
FR;79;2021-05-22;2399;3798;1891774;1533137;85.3;69.1
FR;79;2021-05-23;727;787;1892501;1533924;85.4;69.2
FR;79;2021-05-24;1830;1599;1894331;1535523;85.4;69.3
FR;79;2021-05-25;4338;10177;1898669;1545700;85.6;69.7
FR;79;2021-05-26;4270;9494;1902939;1555194;85.8;70.1
FR;79;2021-05-27;5177;10936;1908116;1566130;86.1;70.6
FR;79;2021-05-28;4689;12358;1912805;1578488;86.3;71.2
FR;79;2021-05-29;2039;6655;1914844;1585143;86.4;71.5
FR;79;2021-05-30;434;1252;1915278;1586395;86.4;71.5
FR;79;2021-05-31;3173;9016;1918451;1595411;86.5;72.0
FR;79;2021-06-01;4391;11082;1922842;1606493;86.7;72.5
FR;79;2021-06-02;3817;9692;1926659;1616185;86.9;72.9
FR;79;2021-06-03;4732;11213;1931391;1627398;87.1;73.4
FR;79;2021-06-04;4246;12666;1935637;1640064;87.3;74.0
FR;79;2021-06-05;1909;6443;1937546;1646507;87.4;74.3
FR;79;2021-06-06;430;1437;1937976;1647944;87.4;74.3
FR;79;2021-06-07;2656;10018;1940632;1657962;87.5;74.8
FR;79;2021-06-08;5073;10592;1945705;1668554;87.8;75.3
FR;79;2021-06-09;5290;7970;1950995;1676524;88.0;75.6
FR;79;2021-06-10;6054;8827;1957049;1685351;88.3;76.0
FR;79;2021-06-11;3581;13157;1960630;1698508;88.4;76.6
FR;79;2021-06-12;1618;5593;1962248;1704101;88.5;76.9
FR;80;2020-12-27;10;2;10;2;0.0;0.0
FR;80;2020-12-28;41;0;51;2;0.0;0.0
FR;80;2020-12-29;78;0;129;2;0.0;0.0
FR;80;2020-12-30;69;0;198;2;0.0;0.0
FR;80;2020-12-31;49;0;247;2;0.0;0.0
FR;80;2021-01-01;9;0;256;2;0.0;0.0
FR;80;2021-01-02;9;0;265;2;0.0;0.0
FR;80;2021-01-03;2;0;267;2;0.0;0.0
FR;80;2021-01-04;297;1;564;3;0.0;0.0
FR;80;2021-01-05;909;2;1473;5;0.0;0.0
FR;80;2021-01-06;1675;2;3148;7;0.1;0.0
FR;80;2021-01-07;6294;4;9442;11;0.2;0.0
FR;80;2021-01-08;5772;11;15214;22;0.4;0.0
FR;80;2021-01-09;979;0;16193;22;0.4;0.0
FR;80;2021-01-10;310;0;16503;22;0.4;0.0
FR;80;2021-01-11;4465;8;20968;30;0.5;0.0
FR;80;2021-01-12;12738;18;33706;48;0.8;0.0
FR;80;2021-01-13;12480;19;46186;67;1.1;0.0
FR;80;2021-01-14;18267;112;64453;179;1.6;0.0
FR;80;2021-01-15;12176;34;76629;213;1.8;0.0
FR;80;2021-01-16;4047;28;80676;241;1.9;0.0
FR;80;2021-01-17;3746;20;84422;261;2.0;0.0
FR;80;2021-01-18;28773;73;113195;334;2.7;0.0
FR;80;2021-01-19;53813;111;167008;445;4.0;0.0
FR;80;2021-01-20;59546;117;226554;562;5.4;0.0
FR;80;2021-01-21;70026;90;296580;652;7.1;0.0
FR;80;2021-01-22;48396;75;344976;727;8.3;0.0
FR;80;2021-01-23;16247;11;361223;738;8.7;0.0
FR;80;2021-01-24;4315;2;365538;740;8.8;0.0
FR;80;2021-01-25;32461;152;397999;892;9.6;0.0
FR;80;2021-01-26;45153;539;443152;1431;10.7;0.0
FR;80;2021-01-27;50907;897;494059;2328;11.9;0.1
FR;80;2021-01-28;60058;3950;554117;6278;13.3;0.2
FR;80;2021-01-29;39359;3283;593476;9561;14.3;0.2
FR;80;2021-01-30;13224;592;606700;10153;14.6;0.2
FR;80;2021-01-31;2333;288;609033;10441;14.6;0.3
FR;80;2021-02-01;23032;2790;632065;13231;15.2;0.3
FR;80;2021-02-02;33547;7434;665612;20665;16.0;0.5
FR;80;2021-02-03;34443;7879;700055;28544;16.8;0.7
FR;80;2021-02-04;38108;12590;738163;41134;17.8;1.0
FR;80;2021-02-05;29815;9539;767978;50673;18.5;1.2
FR;80;2021-02-06;9711;2126;777689;52799;18.7;1.3
FR;80;2021-02-07;1450;1867;779139;54666;18.7;1.3
FR;80;2021-02-08;19371;11145;798510;65811;19.2;1.6
FR;80;2021-02-09;25930;25612;824440;91423;19.8;2.2
FR;80;2021-02-10;26333;28930;850773;120353;20.5;2.9
FR;80;2021-02-11;30545;38130;881318;158483;21.2;3.8
FR;80;2021-02-12;26749;24682;908067;183165;21.8;4.4
FR;80;2021-02-13;7942;6529;916009;189694;22.0;4.6
FR;80;2021-02-14;1508;3101;917517;192795;22.1;4.6
FR;80;2021-02-15;11141;28314;928658;221109;22.3;5.3
FR;80;2021-02-16;15563;38940;944221;260049;22.7;6.3
FR;80;2021-02-17;15938;44494;960159;304543;23.1;7.3
FR;80;2021-02-18;21561;52523;981720;357066;23.6;8.6
FR;80;2021-02-19;19066;37504;1000786;394570;24.1;9.5
FR;80;2021-02-20;6314;12326;1007100;406896;24.2;9.8
FR;80;2021-02-21;913;2970;1008013;409866;24.2;9.9
FR;80;2021-02-22;11186;30700;1019199;440566;24.5;10.6
FR;80;2021-02-23;17117;37265;1036316;477831;24.9;11.5
FR;80;2021-02-24;18006;37091;1054322;514922;25.4;12.4
FR;80;2021-02-25;22321;40877;1076643;555799;25.9;13.4
FR;80;2021-02-26;20549;30925;1097192;586724;26.4;14.1
FR;80;2021-02-27;7185;10286;1104377;597010;26.6;14.4
FR;80;2021-02-28;1261;2121;1105638;599131;26.6;14.4
FR;80;2021-03-01;18797;23217;1124435;622348;27.0;15.0
FR;80;2021-03-02;26915;29121;1151350;651469;27.7;15.7
FR;80;2021-03-03;28742;29257;1180092;680726;28.4;16.4
FR;80;2021-03-04;34980;29722;1215072;710448;29.2;17.1
FR;80;2021-03-05;35908;27506;1250980;737954;30.1;17.7
FR;80;2021-03-06;41403;8380;1292383;746334;31.1;17.9
FR;80;2021-03-07;29717;2060;1322100;748394;31.8;18.0
FR;80;2021-03-08;27196;22511;1349296;770905;32.5;18.5
FR;80;2021-03-09;40756;24688;1390052;795593;33.4;19.1
FR;80;2021-03-10;43140;25403;1433192;820996;34.5;19.7
FR;80;2021-03-11;51682;26909;1484874;847905;35.7;20.4
FR;80;2021-03-12;52150;22998;1537024;870903;37.0;20.9
FR;80;2021-03-13;37493;7037;1574517;877940;37.9;21.1
FR;80;2021-03-14;13905;1531;1588422;879471;38.2;21.2
FR;80;2021-03-15;44066;13957;1632488;893428;39.3;21.5
FR;80;2021-03-16;51805;17059;1684293;910487;40.5;21.9
FR;80;2021-03-17;54655;16574;1738948;927061;41.8;22.3
FR;80;2021-03-18;58515;18857;1797463;945918;43.2;22.8
FR;80;2021-03-19;57382;15759;1854845;961677;44.6;23.1
FR;80;2021-03-20;31009;5355;1885854;967032;45.4;23.3
FR;80;2021-03-21;8686;1097;1894540;968129;45.6;23.3
FR;80;2021-03-22;42874;14567;1937414;982696;46.6;23.6
FR;80;2021-03-23;55602;18054;1993016;1000750;47.9;24.1
FR;80;2021-03-24;54443;19085;2047459;1019835;49.2;24.5
FR;80;2021-03-25;63996;19615;2111455;1039450;50.8;25.0
FR;80;2021-03-26;60163;18281;2171618;1057731;52.2;25.4
FR;80;2021-03-27;26579;7361;2198197;1065092;52.9;25.6
FR;80;2021-03-28;6924;1453;2205121;1066545;53.0;25.7
FR;80;2021-03-29;32851;23402;2237972;1089947;53.8;26.2
FR;80;2021-03-30;43207;30750;2281179;1120697;54.9;27.0
FR;80;2021-03-31;40494;32101;2321673;1152798;55.8;27.7
FR;80;2021-04-01;46103;37742;2367776;1190540;56.9;28.6
FR;80;2021-04-02;37082;39730;2404858;1230270;57.8;29.6
FR;80;2021-04-03;14496;26094;2419354;1256364;58.2;30.2
FR;80;2021-04-04;3869;7570;2423223;1263934;58.3;30.4
FR;80;2021-04-05;5616;4083;2428839;1268017;58.4;30.5
FR;80;2021-04-06;27635;44948;2456474;1312965;59.1;31.6
FR;80;2021-04-07;33458;48385;2489932;1361350;59.9;32.7
FR;80;2021-04-08;40038;49524;2529970;1410874;60.8;33.9
FR;80;2021-04-09;43464;46330;2573434;1457204;61.9;35.0
FR;80;2021-04-10;19805;28880;2593239;1486084;62.4;35.7
FR;80;2021-04-11;4812;9362;2598051;1495446;62.5;36.0
FR;80;2021-04-12;23487;45146;2621538;1540592;63.1;37.1
FR;80;2021-04-13;30166;54615;2651704;1595207;63.8;38.4
FR;80;2021-04-14;28992;52141;2680696;1647348;64.5;39.6
FR;80;2021-04-15;31370;52640;2712066;1699988;65.2;40.9
FR;80;2021-04-16;26404;48967;2738470;1748955;65.9;42.1
FR;80;2021-04-17;12342;25597;2750812;1774552;66.2;42.7
FR;80;2021-04-18;2530;7619;2753342;1782171;66.2;42.9
FR;80;2021-04-19;14246;43661;2767588;1825832;66.6;43.9
FR;80;2021-04-20;17914;53031;2785502;1878863;67.0;45.2
FR;80;2021-04-21;17936;49767;2803438;1928630;67.4;46.4
FR;80;2021-04-22;20658;51192;2824096;1979822;67.9;47.6
FR;80;2021-04-23;19058;44586;2843154;2024408;68.4;48.7
FR;80;2021-04-24;9406;21196;2852560;2045604;68.6;49.2
FR;80;2021-04-25;2683;5150;2855243;2050754;68.7;49.3
FR;80;2021-04-26;12369;30572;2867612;2081326;69.0;50.1
FR;80;2021-04-27;16757;36401;2884369;2117727;69.4;50.9
FR;80;2021-04-28;17978;34575;2902347;2152302;69.8;51.8
FR;80;2021-04-29;21750;35630;2924097;2187932;70.3;52.6
FR;80;2021-04-30;20381;29559;2944478;2217491;70.8;53.3
FR;80;2021-05-01;5810;5817;2950288;2223308;71.0;53.5
FR;80;2021-05-02;2604;3856;2952892;2227164;71.0;53.6
FR;80;2021-05-03;12460;21368;2965352;2248532;71.3;54.1
FR;80;2021-05-04;13843;29943;2979195;2278475;71.7;54.8
FR;80;2021-05-05;13534;29288;2992729;2307763;72.0;55.5
FR;80;2021-05-06;15883;29497;3008612;2337260;72.4;56.2
FR;80;2021-05-07;14569;29748;3023181;2367008;72.7;56.9
FR;80;2021-05-08;4517;6038;3027698;2373046;72.8;57.1
FR;80;2021-05-09;1914;4143;3029612;2377189;72.9;57.2
FR;80;2021-05-10;9177;24342;3038789;2401531;73.1;57.8
FR;80;2021-05-11;12571;27175;3051360;2428706;73.4;58.4
FR;80;2021-05-12;11493;23562;3062853;2452268;73.7;59.0
FR;80;2021-05-13;4884;5398;3067737;2457666;73.8;59.1
FR;80;2021-05-14;10406;16360;3078143;2474026;74.0;59.5
FR;80;2021-05-15;4832;7332;3082975;2481358;74.1;59.7
FR;80;2021-05-16;1534;1526;3084509;2482884;74.2;59.7
FR;80;2021-05-17;7055;13098;3091564;2495982;74.4;60.0
FR;80;2021-05-18;9532;13476;3101096;2509458;74.6;60.4
FR;80;2021-05-19;8928;12071;3110024;2521529;74.8;60.6
FR;80;2021-05-20;10672;12662;3120696;2534191;75.1;60.9
FR;80;2021-05-21;8819;13052;3129515;2547243;75.3;61.3
FR;80;2021-05-22;3840;5189;3133355;2552432;75.4;61.4
FR;80;2021-05-23;1008;1132;3134363;2553564;75.4;61.4
FR;80;2021-05-24;2574;2223;3136937;2555787;75.4;61.5
FR;80;2021-05-25;6572;14200;3143509;2569987;75.6;61.8
FR;80;2021-05-26;6741;14199;3150250;2584186;75.8;62.2
FR;80;2021-05-27;8610;16783;3158860;2600969;76.0;62.6
FR;80;2021-05-28;8232;18042;3167092;2619011;76.2;63.0
FR;80;2021-05-29;3429;8808;3170521;2627819;76.3;63.2
FR;80;2021-05-30;638;1595;3171159;2629414;76.3;63.2
FR;80;2021-05-31;4955;12679;3176114;2642093;76.4;63.5
FR;80;2021-06-01;7232;16594;3183346;2658687;76.6;63.9
FR;80;2021-06-02;6309;14834;3189655;2673521;76.7;64.3
FR;80;2021-06-03;8311;16891;3197966;2690412;76.9;64.7
FR;80;2021-06-04;7482;18872;3205448;2709284;77.1;65.2
FR;80;2021-06-05;3315;9196;3208763;2718480;77.2;65.4
FR;80;2021-06-06;630;2037;3209393;2720517;77.2;65.4
FR;80;2021-06-07;4218;14066;3213611;2734583;77.3;65.8
FR;80;2021-06-08;8449;15447;3222060;2750030;77.5;66.1
FR;80;2021-06-09;8843;11986;3230903;2762016;77.7;66.4
FR;80;2021-06-10;10418;13310;3241321;2775326;78.0;66.7
FR;80;2021-06-11;6173;19669;3247494;2794995;78.1;67.2
FR;80;2021-06-12;2613;8204;3250107;2803199;78.2;67.4
FR;0;2020-12-27;20;2;20;2;0.0;0.0
FR;0;2020-12-28;70;0;90;2;0.0;0.0
FR;0;2020-12-29;108;0;198;2;0.0;0.0
FR;0;2020-12-30;122;0;320;2;0.0;0.0
FR;0;2020-12-31;85;0;405;2;0.0;0.0
FR;0;2021-01-01;73;1;478;3;0.0;0.0
FR;0;2021-01-02;88;2;566;5;0.0;0.0
FR;0;2021-01-03;92;0;658;5;0.0;0.0
FR;0;2021-01-04;1479;7;2137;12;0.0;0.0
FR;0;2021-01-05;5400;20;7537;32;0.0;0.0
FR;0;2021-01-06;11316;31;18853;63;0.0;0.0
FR;0;2021-01-07;28572;66;47425;129;0.1;0.0
FR;0;2021-01-08;36276;81;83701;210;0.1;0.0
FR;0;2021-01-09;10928;15;94629;225;0.1;0.0
FR;0;2021-01-10;5625;9;100254;234;0.1;0.0
FR;0;2021-01-11;39075;100;139329;334;0.2;0.0
FR;0;2021-01-12;60951;160;200280;494;0.3;0.0
FR;0;2021-01-13;63885;191;264165;685;0.4;0.0
FR;0;2021-01-14;79939;729;344104;1414;0.5;0.0
FR;0;2021-01-15;67556;299;411660;1713;0.6;0.0
FR;0;2021-01-16;19741;125;431401;1838;0.6;0.0
FR;0;2021-01-17;10472;65;441873;1903;0.7;0.0
FR;0;2021-01-18;84435;342;526308;2245;0.8;0.0
FR;0;2021-01-19;128528;375;654836;2620;1.0;0.0
FR;0;2021-01-20;135316;368;790152;2988;1.2;0.0
FR;0;2021-01-21;155514;365;945666;3353;1.4;0.0
FR;0;2021-01-22;118718;385;1064384;3738;1.6;0.0
FR;0;2021-01-23;37846;82;1102230;3820;1.6;0.0
FR;0;2021-01-24;9370;41;1111600;3861;1.7;0.0
FR;0;2021-01-25;76882;1340;1188482;5201;1.8;0.0
FR;0;2021-01-26;98891;3266;1287373;8467;1.9;0.0
FR;0;2021-01-27;105693;5773;1393066;14240;2.1;0.0
FR;0;2021-01-28;122410;14631;1515476;28871;2.3;0.0
FR;0;2021-01-29;90923;17499;1606399;46370;2.4;0.1
FR;0;2021-01-30;28653;4272;1635052;50642;2.4;0.1
FR;0;2021-01-31;4871;1688;1639923;52330;2.4;0.1
FR;0;2021-02-01;51612;21221;1691535;73551;2.5;0.1
FR;0;2021-02-02;70735;34745;1762270;108296;2.6;0.2
FR;0;2021-02-03;71014;37161;1833284;145457;2.7;0.2
FR;0;2021-02-04;80663;50304;1913947;195761;2.9;0.3
FR;0;2021-02-05;67171;45544;1981118;241305;3.0;0.4
FR;0;2021-02-06;21345;10446;2002463;251751;3.0;0.4
FR;0;2021-02-07;4826;5086;2007289;256837;3.0;0.4
FR;0;2021-02-08;45905;46234;2053194;303071;3.1;0.5
FR;0;2021-02-09;64876;72937;2118070;376008;3.2;0.6
FR;0;2021-02-10;69313;77350;2187383;453358;3.3;0.7
FR;0;2021-02-11;85689;100135;2273072;553493;3.4;0.8
FR;0;2021-02-12;77804;75170;2350876;628663;3.5;0.9
FR;0;2021-02-13;21711;19641;2372587;648304;3.5;1.0
FR;0;2021-02-14;4593;7236;2377180;655540;3.5;1.0
FR;0;2021-02-15;37070;77049;2414250;732589;3.6;1.1
FR;0;2021-02-16;49227;101432;2463477;834021;3.7;1.2
FR;0;2021-02-17;49303;103683;2512780;937704;3.7;1.4
FR;0;2021-02-18;68027;119674;2580807;1057378;3.8;1.6
FR;0;2021-02-19;63850;91750;2644657;1149128;3.9;1.7
FR;0;2021-02-20;18006;28613;2662663;1177741;4.0;1.8
FR;0;2021-02-21;2859;6413;2665522;1184154;4.0;1.8
FR;0;2021-02-22;36541;73716;2702063;1257870;4.0;1.9
FR;0;2021-02-23;52683;84814;2754746;1342684;4.1;2.0
FR;0;2021-02-24;58133;81884;2812879;1424568;4.2;2.1
FR;0;2021-02-25;98729;93015;2911608;1517583;4.3;2.3
FR;0;2021-02-26;111776;72589;3023384;1590172;4.5;2.4
FR;0;2021-02-27;51222;22540;3074606;1612712;4.6;2.4
FR;0;2021-02-28;5679;4499;3080285;1617211;4.6;2.4
FR;0;2021-03-01;63665;53630;3143950;1670841;4.7;2.5
FR;0;2021-03-02;99416;67639;3243366;1738480;4.8;2.6
FR;0;2021-03-03;113778;67197;3357144;1805677;5.0;2.7
FR;0;2021-03-04;160610;71470;3517754;1877147;5.2;2.8
FR;0;2021-03-05;198111;66561;3715865;1943708;5.5;2.9
FR;0;2021-03-06;205075;20033;3920940;1963741;5.8;2.9
FR;0;2021-03-07;119816;6775;4040756;1970516;6.0;2.9
FR;0;2021-03-08;104959;52302;4145715;2022818;6.2;3.0
FR;0;2021-03-09;169838;59175;4315553;2081993;6.4;3.1
FR;0;2021-03-10;175850;59635;4491403;2141628;6.7;3.2
FR;0;2021-03-11;239703;66724;4731106;2208352;7.0;3.3
FR;0;2021-03-12;291208;57705;5022314;2266057;7.5;3.4
FR;0;2021-03-13;228562;17779;5250876;2283836;7.8;3.4
FR;0;2021-03-14;62265;4251;5313141;2288087;7.9;3.4
FR;0;2021-03-15;155916;35058;5469057;2323145;8.1;3.5
FR;0;2021-03-16;139288;41680;5608345;2364825;8.4;3.5
FR;0;2021-03-17;148062;41280;5756407;2406105;8.6;3.6
FR;0;2021-03-18;165150;47972;5921557;2454077;8.8;3.7
FR;0;2021-03-19;226878;41780;6148435;2495857;9.2;3.7
FR;0;2021-03-20;164712;14331;6313147;2510188;9.4;3.7
FR;0;2021-03-21;48751;3586;6361898;2513774;9.5;3.7
FR;0;2021-03-22;167264;37628;6529162;2551402;9.7;3.8
FR;0;2021-03-23;246892;47124;6776054;2598526;10.1;3.9
FR;0;2021-03-24;253495;48725;7029549;2647251;10.5;3.9
FR;0;2021-03-25;337822;51437;7367371;2698688;11.0;4.0
FR;0;2021-03-26;355026;49163;7722397;2747851;11.5;4.1
FR;0;2021-03-27;193120;20552;7915517;2768403;11.8;4.1
FR;0;2021-03-28;58337;4943;7973854;2773346;11.9;4.1
FR;0;2021-03-29;200543;58587;8174397;2831933;12.2;4.2
FR;0;2021-03-30;282090;76272;8456487;2908205;12.6;4.3
FR;0;2021-03-31;259675;79530;8716162;2987735;13.0;4.5
FR;0;2021-04-01;310227;96662;9026389;3084397;13.4;4.6
FR;0;2021-04-02;277869;99716;9304258;3184113;13.9;4.7
FR;0;2021-04-03;139179;65355;9443437;3249468;14.1;4.8
FR;0;2021-04-04;44878;20022;9488315;3269490;14.1;4.9
FR;0;2021-04-05;58776;12848;9547091;3282338;14.2;4.9
FR;0;2021-04-06;213518;113764;9760609;3396102;14.5;5.1
FR;0;2021-04-07;256376;123223;10016985;3519325;14.9;5.2
FR;0;2021-04-08;332885;132338;10349870;3651663;15.4;5.4
FR;0;2021-04-09;405037;128225;10754907;3779888;16.0;5.6
FR;0;2021-04-10;210148;88583;10965055;3868471;16.3;5.8
FR;0;2021-04-11;54887;36442;11019942;3904913;16.4;5.8
FR;0;2021-04-12;233873;121986;11253815;4026899;16.8;6.0
FR;0;2021-04-13;305211;154115;11559026;4181014;17.2;6.2
FR;0;2021-04-14;289591;148979;11848617;4329993;17.7;6.5
FR;0;2021-04-15;331739;159049;12180356;4489042;18.1;6.7
FR;0;2021-04-16;335099;156280;12515455;4645322;18.6;6.9
FR;0;2021-04-17;186273;95919;12701728;4741241;18.9;7.1
FR;0;2021-04-18;50434;37303;12752162;4778544;19.0;7.1
FR;0;2021-04-19;202796;145383;12954958;4923927;19.3;7.3
FR;0;2021-04-20;250877;179687;13205835;5103614;19.7;7.6
FR;0;2021-04-21;249287;177998;13455122;5281612;20.0;7.9
FR;0;2021-04-22;283338;199266;13738460;5480878;20.5;8.2
FR;0;2021-04-23;290688;195425;14029148;5676303;20.9;8.5
FR;0;2021-04-24;188128;120040;14217276;5796343;21.2;8.6
FR;0;2021-04-25;68393;41899;14285669;5838242;21.3;8.7
FR;0;2021-04-26;217937;167253;14503606;6005495;21.6;8.9
FR;0;2021-04-27;281005;207893;14784611;6213388;22.0;9.3
FR;0;2021-04-28;295870;205119;15080481;6418507;22.5;9.6
FR;0;2021-04-29;352963;227294;15433444;6645801;23.0;9.9
FR;0;2021-04-30;367991;220454;15801435;6866255;23.5;10.2
FR;0;2021-05-01;163977;62041;15965412;6928296;23.8;10.3
FR;0;2021-05-02;90014;42599;16055426;6970895;23.9;10.4
FR;0;2021-05-03;283295;187636;16338721;7158531;24.3;10.7
FR;0;2021-05-04;309759;247478;16648480;7406009;24.8;11.0
FR;0;2021-05-05;319138;246751;16967618;7652760;25.3;11.4
FR;0;2021-05-06;372447;269810;17340065;7922570;25.8;11.8
FR;0;2021-05-07;366587;295350;17706652;8217920;26.4;12.2
FR;0;2021-05-08;210296;79682;17916948;8297602;26.7;12.4
FR;0;2021-05-09;127578;54352;18044526;8351954;26.9;12.4
FR;0;2021-05-10;304198;252127;18348724;8604081;27.3;12.8
FR;0;2021-05-11;396543;293439;18745267;8897520;27.9;13.3
FR;0;2021-05-12;422723;265957;19167990;9163477;28.6;13.7
FR;0;2021-05-13;331465;76277;19499455;9239754;29.1;13.8
FR;0;2021-05-14;445872;200070;19945327;9439824;29.7;14.1
FR;0;2021-05-15;367399;118021;20312726;9557845;30.3;14.2
FR;0;2021-05-16;199368;33064;20512094;9590909;30.6;14.3
FR;0;2021-05-17;368715;176409;20880809;9767318;31.1;14.6
FR;0;2021-05-18;447324;188793;21328133;9956111;31.8;14.8
FR;0;2021-05-19;457946;179269;21786079;10135380;32.5;15.1
FR;0;2021-05-20;496392;200777;22282471;10336157;33.2;15.4
FR;0;2021-05-21;479846;217862;22762317;10554019;33.9;15.7
FR;0;2021-05-22;341762;106377;23104079;10660396;34.4;15.9
FR;0;2021-05-23;158899;25897;23262978;10686293;34.7;15.9
FR;0;2021-05-24;257241;51721;23520219;10738014;35.0;16.0
FR;0;2021-05-25;391201;223333;23911420;10961347;35.6;16.3
FR;0;2021-05-26;400770;223154;24312190;11184501;36.2;16.7
FR;0;2021-05-27;440705;263086;24752895;11447587;36.9;17.1
FR;0;2021-05-28;420988;314980;25173883;11762567;37.5;17.5
FR;0;2021-05-29;294469;180590;25468352;11943157;37.9;17.8
FR;0;2021-05-30;104745;41526;25573097;11984683;38.1;17.9
FR;0;2021-05-31;351515;239689;25924612;12224372;38.6;18.2
FR;0;2021-06-01;412490;300168;26337102;12524540;39.2;18.7
FR;0;2021-06-02;400044;274875;26737146;12799415;39.8;19.1
FR;0;2021-06-03;450046;310390;27187192;13109805;40.5;19.5
FR;0;2021-06-04;440648;359132;27627840;13468937;41.2;20.1
FR;0;2021-06-05;297273;220378;27925113;13689315;41.6;20.4
FR;0;2021-06-06;128896;60355;28054009;13749670;41.8;20.5
FR;0;2021-06-07;326689;297124;28380698;14046794;42.3;20.9
FR;0;2021-06-08;405278;315294;28785976;14362088;42.9;21.4
FR;0;2021-06-09;411078;276561;29197054;14638649;43.5;21.8
FR;0;2021-06-10;429048;287934;29626102;14926583;44.1;22.2
FR;0;2021-06-11;371828;404377;29997930;15330960;44.7;22.8
FR;0;2021-06-12;273501;240764;30271431;15571724;45.1;23.2
