reg;jour;n_dose1;n_complet;n_cum_dose1;n_cum_complet;couv_dose1;couv_complet
01;2020-12-27;0;0;0;0;0.0;0.0
01;2020-12-28;0;0;0;0;0.0;0.0
01;2020-12-29;0;0;0;0;0.0;0.0
01;2020-12-30;0;0;0;0;0.0;0.0
01;2020-12-31;0;0;0;0;0.0;0.0
01;2021-01-01;1;0;1;0;0.0;0.0
01;2021-01-02;0;0;1;0;0.0;0.0
01;2021-01-03;0;0;1;0;0.0;0.0
01;2021-01-04;1;0;2;0;0.0;0.0
01;2021-01-05;0;0;2;0;0.0;0.0
01;2021-01-06;1;0;3;0;0.0;0.0
01;2021-01-07;0;0;3;0;0.0;0.0
01;2021-01-08;49;0;52;0;0.0;0.0
01;2021-01-09;18;0;70;0;0.0;0.0
01;2021-01-10;0;0;70;0;0.0;0.0
01;2021-01-11;55;0;125;0;0.0;0.0
01;2021-01-12;44;0;169;0;0.0;0.0
01;2021-01-13;45;0;214;0;0.1;0.0
01;2021-01-14;60;0;274;0;0.1;0.0
01;2021-01-15;76;0;350;0;0.1;0.0
01;2021-01-16;0;0;350;0;0.1;0.0
01;2021-01-17;0;0;350;0;0.1;0.0
01;2021-01-18;75;0;425;0;0.1;0.0
01;2021-01-19;143;0;568;0;0.2;0.0
01;2021-01-20;134;0;702;0;0.2;0.0
01;2021-01-21;149;1;851;1;0.2;0.0
01;2021-01-22;132;0;983;1;0.3;0.0
01;2021-01-23;1;0;984;1;0.3;0.0
01;2021-01-24;0;0;984;1;0.3;0.0
01;2021-01-25;203;0;1187;1;0.3;0.0
01;2021-01-26;210;1;1397;2;0.4;0.0
01;2021-01-27;233;0;1630;2;0.4;0.0
01;2021-01-28;238;3;1868;5;0.5;0.0
01;2021-01-29;197;0;2065;5;0.5;0.0
01;2021-01-30;17;0;2082;5;0.6;0.0
01;2021-01-31;1;0;2083;5;0.6;0.0
01;2021-02-01;222;4;2305;9;0.6;0.0
01;2021-02-02;241;26;2546;35;0.7;0.0
01;2021-02-03;213;3;2759;38;0.7;0.0
01;2021-02-04;299;21;3058;59;0.8;0.0
01;2021-02-05;252;32;3310;91;0.9;0.0
01;2021-02-06;49;1;3359;92;0.9;0.0
01;2021-02-07;0;0;3359;92;0.9;0.0
01;2021-02-08;222;23;3581;115;1.0;0.0
01;2021-02-09;289;29;3870;144;1.0;0.0
01;2021-02-10;221;29;4091;173;1.1;0.0
01;2021-02-11;293;110;4384;283;1.2;0.1
01;2021-02-12;284;25;4668;308;1.2;0.1
01;2021-02-13;50;7;4718;315;1.3;0.1
01;2021-02-14;19;36;4737;351;1.3;0.1
01;2021-02-15;71;46;4808;397;1.3;0.1
01;2021-02-16;16;1;4824;398;1.3;0.1
01;2021-02-17;17;1;4841;399;1.3;0.1
01;2021-02-18;219;17;5060;416;1.3;0.1
01;2021-02-19;229;20;5289;436;1.4;0.1
01;2021-02-20;47;0;5336;436;1.4;0.1
01;2021-02-21;1;0;5337;436;1.4;0.1
01;2021-02-22;157;63;5494;499;1.5;0.1
01;2021-02-23;189;74;5683;573;1.5;0.2
01;2021-02-24;307;126;5990;699;1.6;0.2
01;2021-02-25;370;79;6360;778;1.7;0.2
01;2021-02-26;208;84;6568;862;1.7;0.2
01;2021-02-27;63;0;6631;862;1.8;0.2
01;2021-02-28;1;0;6632;862;1.8;0.2
01;2021-03-01;140;81;6772;943;1.8;0.3
01;2021-03-02;240;131;7012;1074;1.9;0.3
01;2021-03-03;211;120;7223;1194;1.9;0.3
01;2021-03-04;303;84;7526;1278;2.0;0.3
01;2021-03-05;330;145;7856;1423;2.1;0.4
01;2021-03-06;586;3;8442;1426;2.2;0.4
01;2021-03-07;1;0;8443;1426;2.2;0.4
01;2021-03-08;278;140;8721;1566;2.3;0.4
01;2021-03-09;358;151;9079;1717;2.4;0.5
01;2021-03-10;368;163;9447;1880;2.5;0.5
01;2021-03-11;120;45;9567;1925;2.5;0.5
01;2021-03-12;406;214;9973;2139;2.6;0.6
01;2021-03-13;132;2;10105;2141;2.7;0.6
01;2021-03-14;13;24;10118;2165;2.7;0.6
01;2021-03-15;407;44;10525;2209;2.8;0.6
01;2021-03-16;449;78;10974;2287;2.9;0.6
01;2021-03-17;420;83;11394;2370;3.0;0.6
01;2021-03-18;540;108;11934;2478;3.2;0.7
01;2021-03-19;523;97;12457;2575;3.3;0.7
01;2021-03-20;174;44;12631;2619;3.4;0.7
01;2021-03-21;8;0;12639;2619;3.4;0.7
01;2021-03-22;335;87;12974;2706;3.4;0.7
01;2021-03-23;483;156;13457;2862;3.6;0.8
01;2021-03-24;456;108;13913;2970;3.7;0.8
01;2021-03-25;730;178;14643;3148;3.9;0.8
01;2021-03-26;635;120;15278;3268;4.1;0.9
01;2021-03-27;268;49;15546;3317;4.1;0.9
01;2021-03-28;7;0;15553;3317;4.1;0.9
01;2021-03-29;359;83;15912;3400;4.2;0.9
01;2021-03-30;616;161;16528;3561;4.4;0.9
01;2021-03-31;526;129;17054;3690;4.5;1.0
01;2021-04-01;622;199;17676;3889;4.7;1.0
01;2021-04-02;38;35;17714;3924;4.7;1.0
01;2021-04-03;43;2;17757;3926;4.7;1.0
01;2021-04-04;4;18;17761;3944;4.7;1.0
01;2021-04-05;11;0;17772;3944;4.7;1.0
01;2021-04-06;436;189;18208;4133;4.8;1.1
01;2021-04-07;568;115;18776;4248;5.0;1.1
01;2021-04-08;483;159;19259;4407;5.1;1.2
01;2021-04-09;481;209;19740;4616;5.2;1.2
01;2021-04-10;96;4;19836;4620;5.3;1.2
01;2021-04-11;2;24;19838;4644;5.3;1.2
01;2021-04-12;282;258;20120;4902;5.3;1.3
01;2021-04-13;551;319;20671;5221;5.5;1.4
01;2021-04-14;426;222;21097;5443;5.6;1.4
01;2021-04-15;550;313;21647;5756;5.7;1.5
01;2021-04-16;548;269;22195;6025;5.9;1.6
01;2021-04-17;191;4;22386;6029;5.9;1.6
01;2021-04-18;4;14;22390;6043;5.9;1.6
01;2021-04-19;389;239;22779;6282;6.0;1.7
01;2021-04-20;722;344;23501;6626;6.2;1.8
01;2021-04-21;617;312;24118;6938;6.4;1.8
01;2021-04-22;802;330;24920;7268;6.6;1.9
01;2021-04-23;841;248;25761;7516;6.8;2.0
01;2021-04-24;373;75;26134;7591;6.9;2.0
01;2021-04-25;591;63;26725;7654;7.1;2.0
01;2021-04-26;941;213;27666;7867;7.3;2.1
01;2021-04-27;644;231;28310;8098;7.5;2.1
01;2021-04-28;834;264;29144;8362;7.7;2.2
01;2021-04-29;1191;191;30335;8553;8.0;2.3
01;2021-04-30;1257;173;31592;8726;8.4;2.3
01;2021-05-01;594;39;32186;8765;8.5;2.3
01;2021-05-02;343;17;32529;8782;8.6;2.3
01;2021-05-03;917;173;33446;8955;8.9;2.4
01;2021-05-04;953;200;34399;9155;9.1;2.4
01;2021-05-05;1000;242;35399;9397;9.4;2.5
01;2021-05-06;1113;167;36512;9564;9.7;2.5
01;2021-05-07;1232;260;37744;9824;10.0;2.6
01;2021-05-08;316;33;38060;9857;10.1;2.6
01;2021-05-09;178;9;38238;9866;10.1;2.6
01;2021-05-10;832;211;39070;10077;10.4;2.7
01;2021-05-11;941;304;40011;10381;10.6;2.8
01;2021-05-12;894;323;40905;10704;10.9;2.8
01;2021-05-13;211;79;41116;10783;10.9;2.9
01;2021-05-14;859;270;41975;11053;11.1;2.9
01;2021-05-15;474;14;42449;11067;11.3;2.9
01;2021-05-16;182;36;42631;11103;11.3;2.9
01;2021-05-17;708;270;43339;11373;11.5;3.0
01;2021-05-18;721;388;44060;11761;11.7;3.1
01;2021-05-19;694;524;44754;12285;11.9;3.3
01;2021-05-20;776;369;45530;12654;12.1;3.4
01;2021-05-21;809;401;46339;13055;12.3;3.5
01;2021-05-22;490;218;46829;13273;12.4;3.5
01;2021-05-23;201;115;47030;13388;12.5;3.6
01;2021-05-24;198;174;47228;13562;12.5;3.6
01;2021-05-25;531;661;47759;14223;12.7;3.8
01;2021-05-26;576;492;48335;14715;12.8;3.9
01;2021-05-27;128;186;48463;14901;12.9;4.0
01;2021-05-28;514;526;48977;15427;13.0;4.1
01;2021-05-29;226;138;49203;15565;13.1;4.1
01;2021-05-30;71;111;49274;15676;13.1;4.2
01;2021-05-31;418;535;49692;16211;13.2;4.3
01;2021-06-01;533;708;50225;16919;13.3;4.5
01;2021-06-02;556;708;50781;17627;13.5;4.7
01;2021-06-03;486;562;51267;18189;13.6;4.8
01;2021-06-04;698;801;51965;18990;13.8;5.0
01;2021-06-05;319;657;52284;19647;13.9;5.2
01;2021-06-06;122;528;52406;20175;13.9;5.4
01;2021-06-07;411;782;52817;20957;14.0;5.6
01;2021-06-08;487;889;53304;21846;14.1;5.8
01;2021-06-09;405;861;53709;22707;14.3;6.0
01;2021-06-10;473;852;54182;23559;14.4;6.3
01;2021-06-11;450;1232;54632;24791;14.5;6.6
01;2021-06-12;290;660;54922;25451;14.6;6.8
01;2021-06-13;128;314;55050;25765;14.6;6.8
01;2021-06-14;350;3806;55400;29571;14.7;7.8
01;2021-06-15;445;2010;55845;31581;14.8;8.4
01;2021-06-16;447;1491;56292;33072;14.9;8.8
01;2021-06-17;417;1018;56709;34090;15.0;9.0
01;2021-06-18;451;1020;57160;35110;15.2;9.3
01;2021-06-19;294;508;57454;35618;15.2;9.5
01;2021-06-20;108;232;57562;35850;15.3;9.5
01;2021-06-21;317;682;57879;36532;15.4;9.7
01;2021-06-22;312;867;58191;37399;15.4;9.9
01;2021-06-23;348;890;58539;38289;15.5;10.2
01;2021-06-24;378;734;58917;39023;15.6;10.4
01;2021-06-25;434;764;59351;39787;15.7;10.6
01;2021-06-26;291;506;59642;40293;15.8;10.7
01;2021-06-27;106;152;59748;40445;15.9;10.7
01;2021-06-28;285;690;60033;41135;15.9;10.9
01;2021-06-29;357;778;60390;41913;16.0;11.1
01;2021-06-30;402;912;60792;42825;16.1;11.4
01;2021-07-01;329;650;61121;43475;16.2;11.5
01;2021-07-02;413;693;61534;44168;16.3;11.7
01;2021-07-03;266;461;61800;44629;16.4;11.8
01;2021-07-04;110;239;61910;44868;16.4;11.9
01;2021-07-05;314;506;62224;45374;16.5;12.0
01;2021-07-06;352;757;62576;46131;16.6;12.2
02;2020-12-27;0;0;0;0;0.0;0.0
02;2020-12-28;0;0;0;0;0.0;0.0
02;2020-12-29;0;0;0;0;0.0;0.0
02;2020-12-30;0;0;0;0;0.0;0.0
02;2020-12-31;0;0;0;0;0.0;0.0
02;2021-01-01;0;0;0;0;0.0;0.0
02;2021-01-02;0;0;0;0;0.0;0.0
02;2021-01-03;0;0;0;0;0.0;0.0
02;2021-01-04;0;0;0;0;0.0;0.0
02;2021-01-05;0;0;0;0;0.0;0.0
02;2021-01-06;5;0;5;0;0.0;0.0
02;2021-01-07;31;0;36;0;0.0;0.0
02;2021-01-08;80;1;116;1;0.0;0.0
02;2021-01-09;20;0;136;1;0.0;0.0
02;2021-01-10;0;0;136;1;0.0;0.0
02;2021-01-11;122;0;258;1;0.1;0.0
02;2021-01-12;78;0;336;1;0.1;0.0
02;2021-01-13;64;0;400;1;0.1;0.0
02;2021-01-14;88;1;488;2;0.1;0.0
02;2021-01-15;136;0;624;2;0.2;0.0
02;2021-01-16;51;0;675;2;0.2;0.0
02;2021-01-17;0;0;675;2;0.2;0.0
02;2021-01-18;157;0;832;2;0.2;0.0
02;2021-01-19;168;1;1000;3;0.3;0.0
02;2021-01-20;164;0;1164;3;0.3;0.0
02;2021-01-21;181;2;1345;5;0.4;0.0
02;2021-01-22;156;0;1501;5;0.4;0.0
02;2021-01-23;58;0;1559;5;0.4;0.0
02;2021-01-24;0;0;1559;5;0.4;0.0
02;2021-01-25;160;0;1719;5;0.5;0.0
02;2021-01-26;137;0;1856;5;0.5;0.0
02;2021-01-27;162;5;2018;10;0.6;0.0
02;2021-01-28;143;12;2161;22;0.6;0.0
02;2021-01-29;143;41;2304;63;0.6;0.0
02;2021-01-30;96;16;2400;79;0.7;0.0
02;2021-01-31;0;0;2400;79;0.7;0.0
02;2021-02-01;119;74;2519;153;0.7;0.0
02;2021-02-02;184;96;2703;249;0.8;0.1
02;2021-02-03;131;80;2834;329;0.8;0.1
02;2021-02-04;158;73;2992;402;0.8;0.1
02;2021-02-05;120;97;3112;499;0.9;0.1
02;2021-02-06;62;26;3174;525;0.9;0.1
02;2021-02-07;1;0;3175;525;0.9;0.1
02;2021-02-08;137;80;3312;605;0.9;0.2
02;2021-02-09;176;78;3488;683;1.0;0.2
02;2021-02-10;138;90;3626;773;1.0;0.2
02;2021-02-11;150;103;3776;876;1.1;0.2
02;2021-02-12;124;130;3900;1006;1.1;0.3
02;2021-02-13;38;37;3938;1043;1.1;0.3
02;2021-02-14;0;0;3938;1043;1.1;0.3
02;2021-02-15;51;67;3989;1110;1.1;0.3
02;2021-02-16;0;1;3989;1111;1.1;0.3
02;2021-02-17;1;3;3990;1114;1.1;0.3
02;2021-02-18;68;127;4058;1241;1.1;0.3
02;2021-02-19;69;131;4127;1372;1.2;0.4
02;2021-02-20;48;69;4175;1441;1.2;0.4
02;2021-02-21;0;0;4175;1441;1.2;0.4
02;2021-02-22;102;60;4277;1501;1.2;0.4
02;2021-02-23;113;237;4390;1738;1.2;0.5
02;2021-02-24;106;223;4496;1961;1.3;0.5
02;2021-02-25;89;151;4585;2112;1.3;0.6
02;2021-02-26;126;169;4711;2281;1.3;0.6
02;2021-02-27;69;52;4780;2333;1.3;0.7
02;2021-02-28;0;0;4780;2333;1.3;0.7
02;2021-03-01;138;145;4918;2478;1.4;0.7
02;2021-03-02;158;78;5076;2556;1.4;0.7
02;2021-03-03;178;145;5254;2701;1.5;0.8
02;2021-03-04;145;135;5399;2836;1.5;0.8
02;2021-03-05;238;129;5637;2965;1.6;0.8
02;2021-03-06;119;59;5756;3024;1.6;0.8
02;2021-03-07;100;1;5856;3025;1.6;0.8
02;2021-03-08;196;132;6052;3157;1.7;0.9
02;2021-03-09;269;101;6321;3258;1.8;0.9
02;2021-03-10;324;134;6645;3392;1.9;0.9
02;2021-03-11;334;83;6979;3475;1.9;1.0
02;2021-03-12;398;53;7377;3528;2.1;1.0
02;2021-03-13;155;21;7532;3549;2.1;1.0
02;2021-03-14;4;1;7536;3550;2.1;1.0
02;2021-03-15;276;90;7812;3640;2.2;1.0
02;2021-03-16;305;55;8117;3695;2.3;1.0
02;2021-03-17;387;49;8504;3744;2.4;1.0
02;2021-03-18;435;44;8939;3788;2.5;1.1
02;2021-03-19;396;62;9335;3850;2.6;1.1
02;2021-03-20;149;48;9484;3898;2.6;1.1
02;2021-03-21;25;1;9509;3899;2.7;1.1
02;2021-03-22;362;118;9871;4017;2.8;1.1
02;2021-03-23;401;123;10272;4140;2.9;1.2
02;2021-03-24;427;105;10699;4245;3.0;1.2
02;2021-03-25;472;99;11171;4344;3.1;1.2
02;2021-03-26;632;99;11803;4443;3.3;1.2
02;2021-03-27;152;70;11955;4513;3.3;1.3
02;2021-03-28;81;2;12036;4515;3.4;1.3
02;2021-03-29;421;166;12457;4681;3.5;1.3
02;2021-03-30;469;244;12926;4925;3.6;1.4
02;2021-03-31;1143;188;14069;5113;3.9;1.4
02;2021-04-01;951;170;15020;5283;4.2;1.5
02;2021-04-02;895;8;15915;5291;4.4;1.5
02;2021-04-03;788;51;16703;5342;4.7;1.5
02;2021-04-04;750;10;17453;5352;4.9;1.5
02;2021-04-05;828;42;18281;5394;5.1;1.5
02;2021-04-06;883;133;19164;5527;5.3;1.5
02;2021-04-07;1435;325;20599;5852;5.7;1.6
02;2021-04-08;1306;268;21905;6120;6.1;1.7
02;2021-04-09;1239;316;23144;6436;6.5;1.8
02;2021-04-10;838;164;23982;6600;6.7;1.8
02;2021-04-11;621;12;24603;6612;6.9;1.8
02;2021-04-12;868;314;25471;6926;7.1;1.9
02;2021-04-13;867;326;26338;7252;7.3;2.0
02;2021-04-14;957;322;27295;7574;7.6;2.1
02;2021-04-15;958;295;28253;7869;7.9;2.2
02;2021-04-16;991;298;29244;8167;8.2;2.3
02;2021-04-17;528;161;29772;8328;8.3;2.3
02;2021-04-18;339;56;30111;8384;8.4;2.3
02;2021-04-19;668;344;30779;8728;8.6;2.4
02;2021-04-20;869;309;31648;9037;8.8;2.5
02;2021-04-21;999;358;32647;9395;9.1;2.6
02;2021-04-22;602;313;33249;9708;9.3;2.7
02;2021-04-23;606;466;33855;10174;9.4;2.8
02;2021-04-24;360;197;34215;10371;9.5;2.9
02;2021-04-25;168;200;34383;10571;9.6;2.9
02;2021-04-26;515;542;34898;11113;9.7;3.1
02;2021-04-27;563;609;35461;11722;9.9;3.3
02;2021-04-28;449;690;35910;12412;10.0;3.5
02;2021-04-29;651;641;36561;13053;10.2;3.6
02;2021-04-30;771;686;37332;13739;10.4;3.8
02;2021-05-01;243;246;37575;13985;10.5;3.9
02;2021-05-02;226;513;37801;14498;10.5;4.0
02;2021-05-03;569;771;38370;15269;10.7;4.3
02;2021-05-04;524;677;38894;15946;10.8;4.4
02;2021-05-05;541;896;39435;16842;11.0;4.7
02;2021-05-06;546;783;39981;17625;11.1;4.9
02;2021-05-07;629;1016;40610;18641;11.3;5.2
02;2021-05-08;224;526;40834;19167;11.4;5.3
02;2021-05-09;174;506;41008;19673;11.4;5.5
02;2021-05-10;519;859;41527;20532;11.6;5.7
02;2021-05-11;477;872;42004;21404;11.7;6.0
02;2021-05-12;556;912;42560;22316;11.9;6.2
02;2021-05-13;273;534;42833;22850;11.9;6.4
02;2021-05-14;388;752;43221;23602;12.0;6.6
02;2021-05-15;233;580;43454;24182;12.1;6.7
02;2021-05-16;155;442;43609;24624;12.2;6.9
02;2021-05-17;472;753;44081;25377;12.3;7.1
02;2021-05-18;446;678;44527;26055;12.4;7.3
02;2021-05-19;451;742;44978;26797;12.5;7.5
02;2021-05-20;593;500;45571;27297;12.7;7.6
02;2021-05-21;545;704;46116;28001;12.9;7.8
02;2021-05-22;185;364;46301;28365;12.9;7.9
02;2021-05-23;110;181;46411;28546;12.9;8.0
02;2021-05-24;135;241;46546;28787;13.0;8.0
02;2021-05-25;350;698;46896;29485;13.1;8.2
02;2021-05-26;380;712;47276;30197;13.2;8.4
02;2021-05-27;264;647;47540;30844;13.3;8.6
02;2021-05-28;275;816;47815;31660;13.3;8.8
02;2021-05-29;152;512;47967;32172;13.4;9.0
02;2021-05-30;16;33;47983;32205;13.4;9.0
02;2021-05-31;342;682;48325;32887;13.5;9.2
02;2021-06-01;295;547;48620;33434;13.6;9.3
02;2021-06-02;319;576;48939;34010;13.6;9.5
02;2021-06-03;246;424;49185;34434;13.7;9.6
02;2021-06-04;349;645;49534;35079;13.8;9.8
02;2021-06-05;256;372;49790;35451;13.9;9.9
02;2021-06-06;22;31;49812;35482;13.9;9.9
02;2021-06-07;258;738;50070;36220;14.0;10.1
02;2021-06-08;253;590;50323;36810;14.0;10.3
02;2021-06-09;296;707;50619;37517;14.1;10.5
02;2021-06-10;302;454;50921;37971;14.2;10.6
02;2021-06-11;334;545;51255;38516;14.3;10.7
02;2021-06-12;243;324;51498;38840;14.4;10.8
02;2021-06-13;32;29;51530;38869;14.4;10.8
02;2021-06-14;363;555;51893;39424;14.5;11.0
02;2021-06-15;407;494;52300;39918;14.6;11.1
02;2021-06-16;411;445;52711;40363;14.7;11.3
02;2021-06-17;346;579;53057;40942;14.8;11.4
02;2021-06-18;420;542;53477;41484;14.9;11.6
02;2021-06-19;225;196;53702;41680;15.0;11.6
02;2021-06-20;25;17;53727;41697;15.0;11.6
02;2021-06-21;317;581;54044;42278;15.1;11.8
02;2021-06-22;288;467;54332;42745;15.1;11.9
02;2021-06-23;406;564;54738;43309;15.3;12.1
02;2021-06-24;312;438;55050;43747;15.3;12.2
02;2021-06-25;306;391;55356;44138;15.4;12.3
02;2021-06-26;215;199;55571;44337;15.5;12.4
02;2021-06-27;15;23;55586;44360;15.5;12.4
02;2021-06-28;317;425;55903;44785;15.6;12.5
02;2021-06-29;317;429;56220;45214;15.7;12.6
02;2021-06-30;426;417;56646;45631;15.8;12.7
02;2021-07-01;333;390;56979;46021;15.9;12.8
02;2021-07-02;121;202;57100;46223;15.9;12.9
02;2021-07-03;97;117;57197;46340;15.9;12.9
02;2021-07-04;24;35;57221;46375;16.0;12.9
02;2021-07-05;480;579;57701;46954;16.1;13.1
02;2021-07-06;422;416;58123;47370;16.2;13.2
03;2020-12-27;0;0;0;0;0.0;0.0
03;2020-12-28;0;0;0;0;0.0;0.0
03;2020-12-29;0;0;0;0;0.0;0.0
03;2020-12-30;0;0;0;0;0.0;0.0
03;2020-12-31;0;0;0;0;0.0;0.0
03;2021-01-01;0;0;0;0;0.0;0.0
03;2021-01-02;2;2;2;2;0.0;0.0
03;2021-01-03;0;0;2;2;0.0;0.0
03;2021-01-04;0;0;2;2;0.0;0.0
03;2021-01-05;0;0;2;2;0.0;0.0
03;2021-01-06;0;0;2;2;0.0;0.0
03;2021-01-07;0;0;2;2;0.0;0.0
03;2021-01-08;0;0;2;2;0.0;0.0
03;2021-01-09;0;0;2;2;0.0;0.0
03;2021-01-10;0;0;2;2;0.0;0.0
03;2021-01-11;0;0;2;2;0.0;0.0
03;2021-01-12;0;0;2;2;0.0;0.0
03;2021-01-13;30;0;32;2;0.0;0.0
03;2021-01-14;46;0;78;2;0.0;0.0
03;2021-01-15;35;0;113;2;0.0;0.0
03;2021-01-16;18;0;131;2;0.0;0.0
03;2021-01-17;0;0;131;2;0.0;0.0
03;2021-01-18;63;0;194;2;0.1;0.0
03;2021-01-19;149;1;343;3;0.1;0.0
03;2021-01-20;133;0;476;3;0.2;0.0
03;2021-01-21;118;0;594;3;0.2;0.0
03;2021-01-22;76;0;670;3;0.2;0.0
03;2021-01-23;0;0;670;3;0.2;0.0
03;2021-01-24;0;0;670;3;0.2;0.0
03;2021-01-25;56;0;726;3;0.2;0.0
03;2021-01-26;100;1;826;4;0.3;0.0
03;2021-01-27;109;1;935;5;0.3;0.0
03;2021-01-28;96;2;1031;7;0.4;0.0
03;2021-01-29;104;3;1135;10;0.4;0.0
03;2021-01-30;0;0;1135;10;0.4;0.0
03;2021-01-31;0;0;1135;10;0.4;0.0
03;2021-02-01;54;0;1189;10;0.4;0.0
03;2021-02-02;122;4;1311;14;0.5;0.0
03;2021-02-03;116;7;1427;21;0.5;0.0
03;2021-02-04;79;26;1506;47;0.5;0.0
03;2021-02-05;65;8;1571;55;0.5;0.0
03;2021-02-06;0;0;1571;55;0.5;0.0
03;2021-02-07;0;0;1571;55;0.5;0.0
03;2021-02-08;52;13;1623;68;0.6;0.0
03;2021-02-09;92;39;1715;107;0.6;0.0
03;2021-02-10;101;42;1816;149;0.6;0.1
03;2021-02-11;105;93;1921;242;0.7;0.1
03;2021-02-12;87;64;2008;306;0.7;0.1
03;2021-02-13;0;0;2008;306;0.7;0.1
03;2021-02-14;0;0;2008;306;0.7;0.1
03;2021-02-15;27;65;2035;371;0.7;0.1
03;2021-02-16;123;54;2158;425;0.7;0.1
03;2021-02-17;145;120;2303;545;0.8;0.2
03;2021-02-18;103;143;2406;688;0.8;0.2
03;2021-02-19;122;72;2528;760;0.9;0.3
03;2021-02-20;0;0;2528;760;0.9;0.3
03;2021-02-21;0;0;2528;760;0.9;0.3
03;2021-02-22;78;49;2606;809;0.9;0.3
03;2021-02-23;158;100;2764;909;1.0;0.3
03;2021-02-24;190;120;2954;1029;1.0;0.4
03;2021-02-25;258;87;3212;1116;1.1;0.4
03;2021-02-26;264;69;3476;1185;1.2;0.4
03;2021-02-27;121;1;3597;1186;1.2;0.4
03;2021-02-28;0;0;3597;1186;1.2;0.4
03;2021-03-01;180;85;3777;1271;1.3;0.4
03;2021-03-02;255;108;4032;1379;1.4;0.5
03;2021-03-03;255;132;4287;1511;1.5;0.5
03;2021-03-04;281;82;4568;1593;1.6;0.5
03;2021-03-05;271;44;4839;1637;1.7;0.6
03;2021-03-06;116;1;4955;1638;1.7;0.6
03;2021-03-07;0;0;4955;1638;1.7;0.6
03;2021-03-08;187;40;5142;1678;1.8;0.6
03;2021-03-09;350;91;5492;1769;1.9;0.6
03;2021-03-10;357;99;5849;1868;2.0;0.6
03;2021-03-11;270;116;6119;1984;2.1;0.7
03;2021-03-12;287;89;6406;2073;2.2;0.7
03;2021-03-13;110;2;6516;2075;2.2;0.7
03;2021-03-14;0;0;6516;2075;2.2;0.7
03;2021-03-15;180;26;6696;2101;2.3;0.7
03;2021-03-16;241;139;6937;2240;2.4;0.8
03;2021-03-17;273;129;7210;2369;2.5;0.8
03;2021-03-18;249;153;7459;2522;2.6;0.9
03;2021-03-19;284;126;7743;2648;2.7;0.9
03;2021-03-20;255;14;7998;2662;2.8;0.9
03;2021-03-21;119;0;8117;2662;2.8;0.9
03;2021-03-22;219;112;8336;2774;2.9;1.0
03;2021-03-23;274;194;8610;2968;3.0;1.0
03;2021-03-24;235;214;8845;3182;3.0;1.1
03;2021-03-25;167;176;9012;3358;3.1;1.2
03;2021-03-26;189;307;9201;3665;3.2;1.3
03;2021-03-27;56;93;9257;3758;3.2;1.3
03;2021-03-28;0;0;9257;3758;3.2;1.3
03;2021-03-29;175;246;9432;4004;3.2;1.4
03;2021-03-30;445;235;9877;4239;3.4;1.5
03;2021-03-31;318;291;10195;4530;3.5;1.6
03;2021-04-01;444;260;10639;4790;3.7;1.6
03;2021-04-02;306;279;10945;5069;3.8;1.7
03;2021-04-03;152;122;11097;5191;3.8;1.8
03;2021-04-04;0;0;11097;5191;3.8;1.8
03;2021-04-05;118;14;11215;5205;3.9;1.8
03;2021-04-06;438;331;11653;5536;4.0;1.9
03;2021-04-07;501;343;12154;5879;4.2;2.0
03;2021-04-08;511;263;12665;6142;4.4;2.1
03;2021-04-09;496;226;13161;6368;4.5;2.2
03;2021-04-10;146;91;13307;6459;4.6;2.2
03;2021-04-11;2;0;13309;6459;4.6;2.2
03;2021-04-12;552;267;13861;6726;4.8;2.3
03;2021-04-13;671;242;14532;6968;5.0;2.4
03;2021-04-14;718;311;15250;7279;5.2;2.5
03;2021-04-15;773;245;16023;7524;5.5;2.6
03;2021-04-16;752;296;16775;7820;5.8;2.7
03;2021-04-17;499;130;17274;7950;5.9;2.7
03;2021-04-18;499;39;17773;7989;6.1;2.7
03;2021-04-19;713;249;18486;8238;6.4;2.8
03;2021-04-20;604;276;19090;8514;6.6;2.9
03;2021-04-21;865;246;19955;8760;6.9;3.0
03;2021-04-22;723;228;20678;8988;7.1;3.1
03;2021-04-23;704;224;21382;9212;7.4;3.2
03;2021-04-24;525;95;21907;9307;7.5;3.2
03;2021-04-25;612;51;22519;9358;7.7;3.2
03;2021-04-26;777;228;23296;9586;8.0;3.3
03;2021-04-27;784;342;24080;9928;8.3;3.4
03;2021-04-28;692;326;24772;10254;8.5;3.5
03;2021-04-29;621;279;25393;10533;8.7;3.6
03;2021-04-30;673;252;26066;10785;9.0;3.7
03;2021-05-01;210;27;26276;10812;9.0;3.7
03;2021-05-02;602;80;26878;10892;9.2;3.7
03;2021-05-03;553;390;27431;11282;9.4;3.9
03;2021-05-04;617;311;28048;11593;9.6;4.0
03;2021-05-05;657;447;28705;12040;9.9;4.1
03;2021-05-06;650;465;29355;12505;10.1;4.3
03;2021-05-07;546;466;29901;12971;10.3;4.5
03;2021-05-08;341;58;30242;13029;10.4;4.5
03;2021-05-09;262;73;30504;13102;10.5;4.5
03;2021-05-10;418;612;30922;13714;10.6;4.7
03;2021-05-11;392;491;31314;14205;10.8;4.9
03;2021-05-12;502;645;31816;14850;10.9;5.1
03;2021-05-13;333;98;32149;14948;11.1;5.1
03;2021-05-14;473;549;32622;15497;11.2;5.3
03;2021-05-15;254;345;32876;15842;11.3;5.4
03;2021-05-16;207;210;33083;16052;11.4;5.5
03;2021-05-17;444;599;33527;16651;11.5;5.7
03;2021-05-18;559;563;34086;17214;11.7;5.9
03;2021-05-19;525;551;34611;17765;11.9;6.1
03;2021-05-20;636;450;35247;18215;12.1;6.3
03;2021-05-21;490;606;35737;18821;12.3;6.5
03;2021-05-22;168;501;35905;19322;12.4;6.6
03;2021-05-23;269;474;36174;19796;12.4;6.8
03;2021-05-24;560;245;36734;20041;12.6;6.9
03;2021-05-25;495;741;37229;20782;12.8;7.1
03;2021-05-26;433;683;37662;21465;13.0;7.4
03;2021-05-27;690;521;38352;21986;13.2;7.6
03;2021-05-28;546;552;38898;22538;13.4;7.8
03;2021-05-29;239;360;39137;22898;13.5;7.9
03;2021-05-30;151;399;39288;23297;13.5;8.0
03;2021-05-31;341;573;39629;23870;13.6;8.2
03;2021-06-01;394;461;40023;24331;13.8;8.4
03;2021-06-02;523;550;40546;24881;13.9;8.6
03;2021-06-03;475;469;41021;25350;14.1;8.7
03;2021-06-04;542;492;41563;25842;14.3;8.9
03;2021-06-05;271;292;41834;26134;14.4;9.0
03;2021-06-06;211;299;42045;26433;14.5;9.1
03;2021-06-07;464;448;42509;26881;14.6;9.2
03;2021-06-08;518;312;43027;27193;14.8;9.4
03;2021-06-09;493;381;43520;27574;15.0;9.5
03;2021-06-10;344;289;43864;27863;15.1;9.6
03;2021-06-11;408;469;44272;28332;15.2;9.7
03;2021-06-12;166;284;44438;28616;15.3;9.8
03;2021-06-13;200;267;44638;28883;15.4;9.9
03;2021-06-14;352;547;44990;29430;15.5;10.1
03;2021-06-15;355;439;45345;29869;15.6;10.3
03;2021-06-16;394;450;45739;30319;15.7;10.4
03;2021-06-17;364;575;46103;30894;15.9;10.6
03;2021-06-18;338;561;46441;31455;16.0;10.8
03;2021-06-19;230;259;46671;31714;16.1;10.9
03;2021-06-20;123;272;46794;31986;16.1;11.0
03;2021-06-21;264;597;47058;32583;16.2;11.2
03;2021-06-22;306;456;47364;33039;16.3;11.4
03;2021-06-23;272;532;47636;33571;16.4;11.5
03;2021-06-24;387;494;48023;34065;16.5;11.7
03;2021-06-25;377;544;48400;34609;16.6;11.9
03;2021-06-26;164;320;48564;34929;16.7;12.0
03;2021-06-27;117;170;48681;35099;16.7;12.1
03;2021-06-28;281;590;48962;35689;16.8;12.3
03;2021-06-29;325;499;49287;36188;17.0;12.4
03;2021-06-30;268;664;49555;36852;17.0;12.7
03;2021-07-01;311;390;49866;37242;17.2;12.8
03;2021-07-02;347;510;50213;37752;17.3;13.0
03;2021-07-03;203;271;50416;38023;17.3;13.1
03;2021-07-04;85;242;50501;38265;17.4;13.2
03;2021-07-05;291;538;50792;38803;17.5;13.3
03;2021-07-06;291;468;51083;39271;17.6;13.5
04;2020-12-27;0;0;0;0;0.0;0.0
04;2020-12-28;0;0;0;0;0.0;0.0
04;2020-12-29;0;0;0;0;0.0;0.0
04;2020-12-30;0;0;0;0;0.0;0.0
04;2020-12-31;0;0;0;0;0.0;0.0
04;2021-01-01;1;0;1;0;0.0;0.0
04;2021-01-02;0;0;1;0;0.0;0.0
04;2021-01-03;0;0;1;0;0.0;0.0
04;2021-01-04;0;0;1;0;0.0;0.0
04;2021-01-05;2;0;3;0;0.0;0.0
04;2021-01-06;0;0;3;0;0.0;0.0
04;2021-01-07;0;0;3;0;0.0;0.0
04;2021-01-08;0;0;3;0;0.0;0.0
04;2021-01-09;1;0;4;0;0.0;0.0
04;2021-01-10;0;0;4;0;0.0;0.0
04;2021-01-11;0;0;4;0;0.0;0.0
04;2021-01-12;0;0;4;0;0.0;0.0
04;2021-01-13;0;0;4;0;0.0;0.0
04;2021-01-14;0;0;4;0;0.0;0.0
04;2021-01-15;332;0;336;0;0.0;0.0
04;2021-01-16;27;0;363;0;0.0;0.0
04;2021-01-17;0;0;363;0;0.0;0.0
04;2021-01-18;49;1;412;1;0.0;0.0
04;2021-01-19;393;0;805;1;0.1;0.0
04;2021-01-20;481;1;1286;2;0.1;0.0
04;2021-01-21;614;1;1900;3;0.2;0.0
04;2021-01-22;409;1;2309;4;0.3;0.0
04;2021-01-23;75;0;2384;4;0.3;0.0
04;2021-01-24;0;0;2384;4;0.3;0.0
04;2021-01-25;272;0;2656;4;0.3;0.0
04;2021-01-26;429;0;3085;4;0.4;0.0
04;2021-01-27;317;0;3402;4;0.4;0.0
04;2021-01-28;407;0;3809;4;0.4;0.0
04;2021-01-29;421;3;4230;7;0.5;0.0
04;2021-01-30;419;0;4649;7;0.5;0.0
04;2021-01-31;0;0;4649;7;0.5;0.0
04;2021-02-01;372;3;5021;10;0.6;0.0
04;2021-02-02;499;4;5520;14;0.6;0.0
04;2021-02-03;602;14;6122;28;0.7;0.0
04;2021-02-04;626;22;6748;50;0.8;0.0
04;2021-02-05;564;98;7312;148;0.9;0.0
04;2021-02-06;501;5;7813;153;0.9;0.0
04;2021-02-07;0;8;7813;161;0.9;0.0
04;2021-02-08;472;34;8285;195;1.0;0.0
04;2021-02-09;784;90;9069;285;1.1;0.0
04;2021-02-10;820;85;9889;370;1.1;0.0
04;2021-02-11;796;86;10685;456;1.2;0.1
04;2021-02-12;637;95;11322;551;1.3;0.1
04;2021-02-13;651;74;11973;625;1.4;0.1
04;2021-02-14;1;0;11974;625;1.4;0.1
04;2021-02-15;524;126;12498;751;1.5;0.1
04;2021-02-16;651;534;13149;1285;1.5;0.1
04;2021-02-17;592;329;13741;1614;1.6;0.2
04;2021-02-18;493;412;14234;2026;1.7;0.2
04;2021-02-19;496;319;14730;2345;1.7;0.3
04;2021-02-20;576;117;15306;2462;1.8;0.3
04;2021-02-21;0;0;15306;2462;1.8;0.3
04;2021-02-22;402;238;15708;2700;1.8;0.3
04;2021-02-23;607;237;16315;2937;1.9;0.3
04;2021-02-24;583;253;16898;3190;2.0;0.4
04;2021-02-25;645;296;17543;3486;2.0;0.4
04;2021-02-26;483;472;18026;3958;2.1;0.5
04;2021-02-27;386;468;18412;4426;2.1;0.5
04;2021-02-28;0;0;18412;4426;2.1;0.5
04;2021-03-01;290;389;18702;4815;2.2;0.6
04;2021-03-02;486;501;19188;5316;2.2;0.6
04;2021-03-03;755;541;19943;5857;2.3;0.7
04;2021-03-04;775;513;20718;6370;2.4;0.7
04;2021-03-05;727;537;21445;6907;2.5;0.8
04;2021-03-06;812;525;22257;7432;2.6;0.9
04;2021-03-07;0;0;22257;7432;2.6;0.9
04;2021-03-08;435;580;22692;8012;2.6;0.9
04;2021-03-09;670;769;23362;8781;2.7;1.0
04;2021-03-10;644;843;24006;9624;2.8;1.1
04;2021-03-11;699;641;24705;10265;2.9;1.2
04;2021-03-12;729;661;25434;10926;3.0;1.3
04;2021-03-13;668;608;26102;11534;3.0;1.3
04;2021-03-14;2;0;26104;11534;3.0;1.3
04;2021-03-15;504;506;26608;12040;3.1;1.4
04;2021-03-16;680;709;27288;12749;3.2;1.5
04;2021-03-17;846;531;28134;13280;3.3;1.5
04;2021-03-18;1021;555;29155;13835;3.4;1.6
04;2021-03-19;784;537;29939;14372;3.5;1.7
04;2021-03-20;576;597;30515;14969;3.5;1.7
04;2021-03-21;0;0;30515;14969;3.5;1.7
04;2021-03-22;565;469;31080;15438;3.6;1.8
04;2021-03-23;780;640;31860;16078;3.7;1.9
04;2021-03-24;792;665;32652;16743;3.8;1.9
04;2021-03-25;929;552;33581;17295;3.9;2.0
04;2021-03-26;921;450;34502;17745;4.0;2.1
04;2021-03-27;782;338;35284;18083;4.1;2.1
04;2021-03-28;1;0;35285;18083;4.1;2.1
04;2021-03-29;961;270;36246;18353;4.2;2.1
04;2021-03-30;883;500;37129;18853;4.3;2.2
04;2021-03-31;740;665;37869;19518;4.4;2.3
04;2021-04-01;716;706;38585;20224;4.5;2.4
04;2021-04-02;688;759;39273;20983;4.6;2.4
04;2021-04-03;699;705;39972;21688;4.6;2.5
04;2021-04-04;0;0;39972;21688;4.6;2.5
04;2021-04-05;0;2;39972;21690;4.6;2.5
04;2021-04-06;795;635;40767;22325;4.7;2.6
04;2021-04-07;1369;788;42136;23113;4.9;2.7
04;2021-04-08;1792;773;43928;23886;5.1;2.8
04;2021-04-09;1508;785;45436;24671;5.3;2.9
04;2021-04-10;1137;650;46573;25321;5.4;2.9
04;2021-04-11;2;0;46575;25321;5.4;2.9
04;2021-04-12;1238;548;47813;25869;5.6;3.0
04;2021-04-13;1440;754;49253;26623;5.7;3.1
04;2021-04-14;2069;777;51322;27400;6.0;3.2
04;2021-04-15;2504;954;53826;28354;6.3;3.3
04;2021-04-16;1932;781;55758;29135;6.5;3.4
04;2021-04-17;1289;604;57047;29739;6.6;3.5
04;2021-04-18;0;0;57047;29739;6.6;3.5
04;2021-04-19;1377;563;58424;30302;6.8;3.5
04;2021-04-20;1649;803;60073;31105;7.0;3.6
04;2021-04-21;2127;623;62200;31728;7.2;3.7
04;2021-04-22;2946;816;65146;32544;7.6;3.8
04;2021-04-23;2309;813;67455;33357;7.8;3.9
04;2021-04-24;1102;798;68557;34155;8.0;4.0
04;2021-04-25;2;0;68559;34155;8.0;4.0
04;2021-04-26;1164;915;69723;35070;8.1;4.1
04;2021-04-27;1683;1024;71406;36094;8.3;4.2
04;2021-04-28;2897;750;74303;36844;8.6;4.3
04;2021-04-29;3946;810;78249;37654;9.1;4.4
04;2021-04-30;3432;903;81681;38557;9.5;4.5
04;2021-05-01;2106;221;83787;38778;9.7;4.5
04;2021-05-02;2;0;83789;38778;9.7;4.5
04;2021-05-03;1865;574;85654;39352;10.0;4.6
04;2021-05-04;2127;1098;87781;40450;10.2;4.7
04;2021-05-05;3118;1638;90899;42088;10.6;4.9
04;2021-05-06;4005;1584;94904;43672;11.0;5.1
04;2021-05-07;3228;1524;98132;45196;11.4;5.3
04;2021-05-08;1566;502;99698;45698;11.6;5.3
04;2021-05-09;1;0;99699;45698;11.6;5.3
04;2021-05-10;2411;996;102110;46694;11.9;5.4
04;2021-05-11;3650;1638;105760;48332;12.3;5.6
04;2021-05-12;4722;2392;110482;50724;12.8;5.9
04;2021-05-13;3554;595;114036;51319;13.3;6.0
04;2021-05-14;5267;2511;119303;53830;13.9;6.3
04;2021-05-15;3161;1538;122464;55368;14.2;6.4
04;2021-05-16;15;18;122479;55386;14.2;6.4
04;2021-05-17;2999;1488;125478;56874;14.6;6.6
04;2021-05-18;3754;1788;129232;58662;15.0;6.8
04;2021-05-19;4680;2357;133912;61019;15.6;7.1
04;2021-05-20;5140;2828;139052;63847;16.2;7.4
04;2021-05-21;4988;2635;144040;66482;16.7;7.7
04;2021-05-22;3367;1253;147407;67735;17.1;7.9
04;2021-05-23;5;3;147412;67738;17.1;7.9
04;2021-05-24;3642;1077;151054;68815;17.6;8.0
04;2021-05-25;4246;1918;155300;70733;18.1;8.2
04;2021-05-26;4979;2975;160279;73708;18.6;8.6
04;2021-05-27;4612;4099;164891;77807;19.2;9.0
04;2021-05-28;4374;3827;169265;81634;19.7;9.5
04;2021-05-29;2553;2452;171818;84086;20.0;9.8
04;2021-05-30;7;14;171825;84100;20.0;9.8
04;2021-05-31;2349;2257;174174;86357;20.3;10.0
04;2021-06-01;3296;2723;177470;89080;20.6;10.4
04;2021-06-02;3961;3350;181431;92430;21.1;10.7
04;2021-06-03;4040;3654;185471;96084;21.6;11.2
04;2021-06-04;3846;3753;189317;99837;22.0;11.6
04;2021-06-05;2209;1918;191526;101755;22.3;11.8
04;2021-06-06;1070;131;192596;101886;22.4;11.8
04;2021-06-07;2009;2530;194605;104416;22.6;12.1
04;2021-06-08;2536;3339;197141;107755;22.9;12.5
04;2021-06-09;2956;4781;200097;112536;23.3;13.1
04;2021-06-10;3351;4449;203448;116985;23.7;13.6
04;2021-06-11;2832;4628;206280;121613;24.0;14.1
04;2021-06-12;1712;3380;207992;124993;24.2;14.5
04;2021-06-13;1314;243;209306;125236;24.3;14.6
04;2021-06-14;1480;3182;210786;128418;24.5;14.9
04;2021-06-15;2037;3620;212823;132038;24.7;15.4
04;2021-06-16;2714;4658;215537;136696;25.1;15.9
04;2021-06-17;2498;4907;218035;141603;25.4;16.5
04;2021-06-18;2559;4907;220594;146510;25.7;17.0
04;2021-06-19;1295;3520;221889;150030;25.8;17.4
04;2021-06-20;625;287;222514;150317;25.9;17.5
04;2021-06-21;1255;3244;223769;153561;26.0;17.9
04;2021-06-22;1603;3762;225372;157323;26.2;18.3
04;2021-06-23;2227;4971;227599;162294;26.5;18.9
04;2021-06-24;2272;4077;229871;166371;26.7;19.3
04;2021-06-25;2173;4114;232044;170485;27.0;19.8
04;2021-06-26;1386;2715;233430;173200;27.1;20.1
04;2021-06-27;655;264;234085;173464;27.2;20.2
04;2021-06-28;1297;2483;235382;175947;27.4;20.5
04;2021-06-29;1726;2847;237108;178794;27.6;20.8
04;2021-06-30;2537;3842;239645;182636;27.9;21.2
04;2021-07-01;2654;3828;242299;186464;28.2;21.7
04;2021-07-02;2481;3713;244780;190177;28.5;22.1
04;2021-07-03;1597;2453;246377;192630;28.6;22.4
04;2021-07-04;871;1039;247248;193669;28.8;22.5
04;2021-07-05;1669;2222;248917;195891;28.9;22.8
04;2021-07-06;2378;2517;251295;198408;29.2;23.1
05;2020-12-27;0;0;0;0;0.0;0.0
05;2020-12-28;0;0;0;0;0.0;0.0
05;2020-12-29;0;0;0;0;0.0;0.0
05;2020-12-30;0;0;0;0;0.0;0.0
05;2020-12-31;0;0;0;0;0.0;0.0
05;2021-01-01;0;0;0;0;0.0;0.0
05;2021-01-02;0;0;0;0;0.0;0.0
05;2021-01-03;0;0;0;0;0.0;0.0
05;2021-01-04;0;0;0;0;0.0;0.0
05;2021-01-05;0;0;0;0;0.0;0.0
05;2021-01-06;0;0;0;0;0.0;0.0
05;2021-01-07;0;0;0;0;0.0;0.0
05;2021-01-08;0;0;0;0;0.0;0.0
05;2021-01-09;0;0;0;0;0.0;0.0
05;2021-01-10;0;0;0;0;0.0;0.0
05;2021-01-11;0;0;0;0;0.0;0.0
05;2021-01-12;0;0;0;0;0.0;0.0
05;2021-01-13;0;0;0;0;0.0;0.0
05;2021-01-14;0;0;0;0;0.0;0.0
05;2021-01-15;0;0;0;0;0.0;0.0
05;2021-01-16;0;0;0;0;0.0;0.0
05;2021-01-17;0;0;0;0;0.0;0.0
05;2021-01-18;0;0;0;0;0.0;0.0
05;2021-01-19;0;0;0;0;0.0;0.0
05;2021-01-20;0;0;0;0;0.0;0.0
05;2021-01-21;0;0;0;0;0.0;0.0
05;2021-01-22;0;0;0;0;0.0;0.0
05;2021-01-23;0;0;0;0;0.0;0.0
05;2021-01-24;0;0;0;0;0.0;0.0
05;2021-01-25;0;0;0;0;0.0;0.0
05;2021-01-26;0;0;0;0;0.0;0.0
05;2021-01-27;0;0;0;0;0.0;0.0
05;2021-01-28;0;0;0;0;0.0;0.0
05;2021-01-29;0;0;0;0;0.0;0.0
05;2021-01-30;0;0;0;0;0.0;0.0
05;2021-01-31;0;0;0;0;0.0;0.0
05;2021-02-01;0;0;0;0;0.0;0.0
05;2021-02-02;0;0;0;0;0.0;0.0
05;2021-02-03;0;0;0;0;0.0;0.0
05;2021-02-04;0;0;0;0;0.0;0.0
05;2021-02-05;0;0;0;0;0.0;0.0
05;2021-02-06;0;0;0;0;0.0;0.0
05;2021-02-07;0;0;0;0;0.0;0.0
05;2021-02-08;0;0;0;0;0.0;0.0
05;2021-02-09;0;0;0;0;0.0;0.0
05;2021-02-10;0;0;0;0;0.0;0.0
05;2021-02-11;0;0;0;0;0.0;0.0
05;2021-02-12;0;0;0;0;0.0;0.0
05;2021-02-13;0;0;0;0;0.0;0.0
05;2021-02-14;0;0;0;0;0.0;0.0
05;2021-02-15;0;0;0;0;0.0;0.0
05;2021-02-16;0;0;0;0;0.0;0.0
05;2021-02-17;0;0;0;0;0.0;0.0
05;2021-02-18;0;0;0;0;0.0;0.0
05;2021-02-19;0;0;0;0;0.0;0.0
05;2021-02-20;0;0;0;0;0.0;0.0
05;2021-02-21;0;0;0;0;0.0;0.0
05;2021-02-22;0;0;0;0;0.0;0.0
05;2021-02-23;0;0;0;0;0.0;0.0
05;2021-02-24;0;0;0;0;0.0;0.0
05;2021-02-25;0;0;0;0;0.0;0.0
05;2021-02-26;0;0;0;0;0.0;0.0
05;2021-02-27;0;0;0;0;0.0;0.0
05;2021-02-28;0;0;0;0;0.0;0.0
05;2021-03-01;0;0;0;0;0.0;0.0
05;2021-03-02;0;0;0;0;0.0;0.0
05;2021-03-03;0;0;0;0;0.0;0.0
05;2021-03-04;0;0;0;0;0.0;0.0
05;2021-03-05;0;0;0;0;0.0;0.0
05;2021-03-06;0;0;0;0;0.0;0.0
05;2021-03-07;0;0;0;0;0.0;0.0
05;2021-03-08;0;0;0;0;0.0;0.0
05;2021-03-09;0;0;0;0;0.0;0.0
05;2021-03-10;0;0;0;0;0.0;0.0
05;2021-03-11;0;0;0;0;0.0;0.0
05;2021-03-12;0;0;0;0;0.0;0.0
05;2021-03-13;0;0;0;0;0.0;0.0
05;2021-03-14;0;0;0;0;0.0;0.0
05;2021-03-15;0;0;0;0;0.0;0.0
05;2021-03-16;0;0;0;0;0.0;0.0
05;2021-03-17;0;0;0;0;0.0;0.0
05;2021-03-18;0;0;0;0;0.0;0.0
05;2021-03-19;0;0;0;0;0.0;0.0
05;2021-03-20;0;0;0;0;0.0;0.0
05;2021-03-21;0;0;0;0;0.0;0.0
05;2021-03-22;0;0;0;0;0.0;0.0
05;2021-03-23;0;0;0;0;0.0;0.0
05;2021-03-24;0;0;0;0;0.0;0.0
05;2021-03-25;0;0;0;0;0.0;0.0
05;2021-03-26;0;0;0;0;0.0;0.0
05;2021-03-27;0;0;0;0;0.0;0.0
05;2021-03-28;0;0;0;0;0.0;0.0
05;2021-03-29;2;0;2;0;0.0;0.0
05;2021-03-30;0;0;2;0;0.0;0.0
05;2021-03-31;0;0;2;0;0.0;0.0
05;2021-04-01;0;0;2;0;0.0;0.0
05;2021-04-02;0;0;2;0;0.0;0.0
05;2021-04-03;0;0;2;0;0.0;0.0
05;2021-04-04;0;0;2;0;0.0;0.0
05;2021-04-05;0;0;2;0;0.0;0.0
05;2021-04-06;0;0;2;0;0.0;0.0
05;2021-04-07;0;0;2;0;0.0;0.0
05;2021-04-08;1;0;3;0;0.1;0.0
05;2021-04-09;0;0;3;0;0.1;0.0
05;2021-04-10;0;0;3;0;0.1;0.0
05;2021-04-11;0;0;3;0;0.1;0.0
05;2021-04-12;0;0;3;0;0.1;0.0
05;2021-04-13;0;0;3;0;0.1;0.0
05;2021-04-14;0;0;3;0;0.1;0.0
05;2021-04-15;0;0;3;0;0.1;0.0
05;2021-04-16;0;0;3;0;0.1;0.0
05;2021-04-17;0;0;3;0;0.1;0.0
05;2021-04-18;0;0;3;0;0.1;0.0
05;2021-04-19;0;0;3;0;0.1;0.0
05;2021-04-20;0;0;3;0;0.1;0.0
05;2021-04-21;0;0;3;0;0.1;0.0
05;2021-04-22;0;0;3;0;0.1;0.0
05;2021-04-23;0;0;3;0;0.1;0.0
05;2021-04-24;0;0;3;0;0.1;0.0
05;2021-04-25;0;0;3;0;0.1;0.0
05;2021-04-26;0;0;3;0;0.1;0.0
05;2021-04-27;0;0;3;0;0.1;0.0
05;2021-04-28;0;0;3;0;0.1;0.0
05;2021-04-29;0;0;3;0;0.1;0.0
05;2021-04-30;0;0;3;0;0.1;0.0
05;2021-05-01;0;0;3;0;0.1;0.0
05;2021-05-02;0;0;3;0;0.1;0.0
05;2021-05-03;0;0;3;0;0.1;0.0
05;2021-05-04;0;0;3;0;0.1;0.0
05;2021-05-05;0;0;3;0;0.1;0.0
05;2021-05-06;0;0;3;0;0.1;0.0
05;2021-05-07;0;0;3;0;0.1;0.0
05;2021-05-08;0;0;3;0;0.1;0.0
05;2021-05-09;0;0;3;0;0.1;0.0
05;2021-05-10;0;0;3;0;0.1;0.0
05;2021-05-11;0;0;3;0;0.1;0.0
05;2021-05-12;0;0;3;0;0.1;0.0
05;2021-05-13;0;0;3;0;0.1;0.0
05;2021-05-14;0;0;3;0;0.1;0.0
05;2021-05-15;0;0;3;0;0.1;0.0
05;2021-05-16;0;0;3;0;0.1;0.0
05;2021-05-17;0;0;3;0;0.1;0.0
05;2021-05-18;0;0;3;0;0.1;0.0
05;2021-05-19;0;0;3;0;0.1;0.0
05;2021-05-20;0;0;3;0;0.1;0.0
05;2021-05-21;0;0;3;0;0.1;0.0
05;2021-05-22;0;0;3;0;0.1;0.0
05;2021-05-23;0;0;3;0;0.1;0.0
05;2021-05-24;0;0;3;0;0.1;0.0
05;2021-05-25;0;0;3;0;0.1;0.0
05;2021-05-26;0;0;3;0;0.1;0.0
05;2021-05-27;0;0;3;0;0.1;0.0
05;2021-05-28;0;0;3;0;0.1;0.0
05;2021-05-29;0;2;3;2;0.1;0.0
05;2021-05-30;0;0;3;2;0.1;0.0
05;2021-05-31;0;0;3;2;0.1;0.0
05;2021-06-01;0;0;3;2;0.1;0.0
05;2021-06-02;0;0;3;2;0.1;0.0
05;2021-06-03;0;0;3;2;0.1;0.0
05;2021-06-04;0;0;3;2;0.1;0.0
05;2021-06-05;0;0;3;2;0.1;0.0
05;2021-06-06;0;0;3;2;0.1;0.0
05;2021-06-07;0;0;3;2;0.1;0.0
05;2021-06-08;0;0;3;2;0.1;0.0
05;2021-06-09;0;0;3;2;0.1;0.0
05;2021-06-10;0;0;3;2;0.1;0.0
05;2021-06-11;0;0;3;2;0.1;0.0
05;2021-06-12;0;0;3;2;0.1;0.0
05;2021-06-13;0;0;3;2;0.1;0.0
05;2021-06-14;0;0;3;2;0.1;0.0
05;2021-06-15;0;0;3;2;0.1;0.0
05;2021-06-16;0;0;3;2;0.1;0.0
05;2021-06-17;0;0;3;2;0.1;0.0
05;2021-06-18;0;0;3;2;0.1;0.0
05;2021-06-19;0;0;3;2;0.1;0.0
05;2021-06-20;0;0;3;2;0.1;0.0
05;2021-06-21;0;0;3;2;0.1;0.0
05;2021-06-22;0;0;3;2;0.1;0.0
05;2021-06-23;0;0;3;2;0.1;0.0
05;2021-06-24;0;0;3;2;0.1;0.0
05;2021-06-25;0;0;3;2;0.1;0.0
05;2021-06-26;0;0;3;2;0.1;0.0
05;2021-06-27;0;0;3;2;0.1;0.0
05;2021-06-28;0;0;3;2;0.1;0.0
05;2021-06-29;0;0;3;2;0.1;0.0
05;2021-06-30;0;0;3;2;0.1;0.0
05;2021-07-01;0;0;3;2;0.1;0.0
05;2021-07-02;0;0;3;2;0.1;0.0
05;2021-07-03;0;0;3;2;0.1;0.0
05;2021-07-04;0;0;3;2;0.1;0.0
05;2021-07-05;0;0;3;2;0.1;0.0
05;2021-07-06;0;0;3;2;0.1;0.0
06;2020-12-27;0;0;0;0;0.0;0.0
06;2020-12-28;0;0;0;0;0.0;0.0
06;2020-12-29;0;0;0;0;0.0;0.0
06;2020-12-30;0;0;0;0;0.0;0.0
06;2020-12-31;0;0;0;0;0.0;0.0
06;2021-01-01;0;0;0;0;0.0;0.0
06;2021-01-02;0;0;0;0;0.0;0.0
06;2021-01-03;0;0;0;0;0.0;0.0
06;2021-01-04;0;0;0;0;0.0;0.0
06;2021-01-05;0;0;0;0;0.0;0.0
06;2021-01-06;0;0;0;0;0.0;0.0
06;2021-01-07;0;0;0;0;0.0;0.0
06;2021-01-08;0;0;0;0;0.0;0.0
06;2021-01-09;0;0;0;0;0.0;0.0
06;2021-01-10;0;0;0;0;0.0;0.0
06;2021-01-11;9;0;9;0;0.0;0.0
06;2021-01-12;0;0;9;0;0.0;0.0
06;2021-01-13;0;0;9;0;0.0;0.0
06;2021-01-14;0;0;9;0;0.0;0.0
06;2021-01-15;1;0;10;0;0.0;0.0
06;2021-01-16;1;0;11;0;0.0;0.0
06;2021-01-17;0;0;11;0;0.0;0.0
06;2021-01-18;1;0;12;0;0.0;0.0
06;2021-01-19;0;0;12;0;0.0;0.0
06;2021-01-20;0;0;12;0;0.0;0.0
06;2021-01-21;0;0;12;0;0.0;0.0
06;2021-01-22;0;0;12;0;0.0;0.0
06;2021-01-23;1;0;13;0;0.0;0.0
06;2021-01-24;0;0;13;0;0.0;0.0
06;2021-01-25;141;1;154;1;0.1;0.0
06;2021-01-26;165;4;319;5;0.1;0.0
06;2021-01-27;250;2;569;7;0.2;0.0
06;2021-01-28;102;6;671;13;0.2;0.0
06;2021-01-29;231;2;902;15;0.3;0.0
06;2021-01-30;285;10;1187;25;0.4;0.0
06;2021-01-31;1;0;1188;25;0.4;0.0
06;2021-02-01;160;0;1348;25;0.5;0.0
06;2021-02-02;330;8;1678;33;0.6;0.0
06;2021-02-03;228;3;1906;36;0.7;0.0
06;2021-02-04;215;7;2121;43;0.8;0.0
06;2021-02-05;214;1;2335;44;0.8;0.0
06;2021-02-06;83;10;2418;54;0.9;0.0
06;2021-02-07;0;0;2418;54;0.9;0.0
06;2021-02-08;82;3;2500;57;0.9;0.0
06;2021-02-09;194;0;2694;57;1.0;0.0
06;2021-02-10;187;3;2881;60;1.0;0.0
06;2021-02-11;236;3;3117;63;1.1;0.0
06;2021-02-12;287;3;3404;66;1.2;0.0
06;2021-02-13;56;0;3460;66;1.2;0.0
06;2021-02-14;1;0;3461;66;1.2;0.0
06;2021-02-15;359;5;3820;71;1.4;0.0
06;2021-02-16;266;7;4086;78;1.5;0.0
06;2021-02-17;167;6;4253;84;1.5;0.0
06;2021-02-18;217;12;4470;96;1.6;0.0
06;2021-02-19;235;23;4705;119;1.7;0.0
06;2021-02-20;139;8;4844;127;1.7;0.0
06;2021-02-21;0;0;4844;127;1.7;0.0
06;2021-02-22;130;122;4974;249;1.8;0.1
06;2021-02-23;185;151;5159;400;1.8;0.1
06;2021-02-24;176;145;5335;545;1.9;0.2
06;2021-02-25;227;278;5562;823;2.0;0.3
06;2021-02-26;242;246;5804;1069;2.1;0.4
06;2021-02-27;0;0;5804;1069;2.1;0.4
06;2021-02-28;0;0;5804;1069;2.1;0.4
06;2021-03-01;145;258;5949;1327;2.1;0.5
06;2021-03-02;228;258;6177;1585;2.2;0.6
06;2021-03-03;202;189;6379;1774;2.3;0.6
06;2021-03-04;205;140;6584;1914;2.4;0.7
06;2021-03-05;224;113;6808;2027;2.4;0.7
06;2021-03-06;1;0;6809;2027;2.4;0.7
06;2021-03-07;0;0;6809;2027;2.4;0.7
06;2021-03-08;189;109;6998;2136;2.5;0.8
06;2021-03-09;390;158;7388;2294;2.6;0.8
06;2021-03-10;180;178;7568;2472;2.7;0.9
06;2021-03-11;167;207;7735;2679;2.8;1.0
06;2021-03-12;238;290;7973;2969;2.9;1.1
06;2021-03-13;2;0;7975;2969;2.9;1.1
06;2021-03-14;0;0;7975;2969;2.9;1.1
06;2021-03-15;157;292;8132;3261;2.9;1.2
06;2021-03-16;236;223;8368;3484;3.0;1.2
06;2021-03-17;264;142;8632;3626;3.1;1.3
06;2021-03-18;172;233;8804;3859;3.2;1.4
06;2021-03-19;172;298;8976;4157;3.2;1.5
06;2021-03-20;0;0;8976;4157;3.2;1.5
06;2021-03-21;0;0;8976;4157;3.2;1.5
06;2021-03-22;97;136;9073;4293;3.2;1.5
06;2021-03-23;136;240;9209;4533;3.3;1.6
06;2021-03-24;160;146;9369;4679;3.4;1.7
06;2021-03-25;186;206;9555;4885;3.4;1.7
06;2021-03-26;160;211;9715;5096;3.5;1.8
06;2021-03-27;18;0;9733;5096;3.5;1.8
06;2021-03-28;0;0;9733;5096;3.5;1.8
06;2021-03-29;0;2;9733;5098;3.5;1.8
06;2021-03-30;272;334;10005;5432;3.6;1.9
06;2021-03-31;225;125;10230;5557;3.7;2.0
06;2021-04-01;243;103;10473;5660;3.7;2.0
06;2021-04-02;286;263;10759;5923;3.8;2.1
06;2021-04-03;906;307;11665;6230;4.2;2.2
06;2021-04-04;1;0;11666;6230;4.2;2.2
06;2021-04-05;1;0;11667;6230;4.2;2.2
06;2021-04-06;160;278;11827;6508;4.2;2.3
06;2021-04-07;237;265;12064;6773;4.3;2.4
06;2021-04-08;286;140;12350;6913;4.4;2.5
06;2021-04-09;248;171;12598;7084;4.5;2.5
06;2021-04-10;181;114;12779;7198;4.6;2.6
06;2021-04-11;7;0;12786;7198;4.6;2.6
06;2021-04-12;0;19;12786;7217;4.6;2.6
06;2021-04-13;393;343;13179;7560;4.7;2.7
06;2021-04-14;239;205;13418;7765;4.8;2.8
06;2021-04-15;207;117;13625;7882;4.9;2.8
06;2021-04-16;214;127;13839;8009;5.0;2.9
06;2021-04-17;226;131;14065;8140;5.0;2.9
06;2021-04-18;1;0;14066;8140;5.0;2.9
06;2021-04-19;7;1;14073;8141;5.0;2.9
06;2021-04-20;368;225;14441;8366;5.2;3.0
06;2021-04-21;412;150;14853;8516;5.3;3.0
06;2021-04-22;410;151;15263;8667;5.5;3.1
06;2021-04-23;367;166;15630;8833;5.6;3.2
06;2021-04-24;413;127;16043;8960;5.7;3.2
06;2021-04-25;2;0;16045;8960;5.7;3.2
06;2021-04-26;54;8;16099;8968;5.8;3.2
06;2021-04-27;351;293;16450;9261;5.9;3.3
06;2021-04-28;355;515;16805;9776;6.0;3.5
06;2021-04-29;558;344;17363;10120;6.2;3.6
06;2021-04-30;403;238;17766;10358;6.4;3.7
06;2021-05-01;670;285;18436;10643;6.6;3.8
06;2021-05-02;0;0;18436;10643;6.6;3.8
06;2021-05-03;139;6;18575;10649;6.6;3.8
06;2021-05-04;353;426;18928;11075;6.8;4.0
06;2021-05-05;447;318;19375;11393;6.9;4.1
06;2021-05-06;320;200;19695;11593;7.0;4.1
06;2021-05-07;341;133;20036;11726;7.2;4.2
06;2021-05-08;300;140;20336;11866;7.3;4.2
06;2021-05-09;0;0;20336;11866;7.3;4.2
06;2021-05-10;8;9;20344;11875;7.3;4.2
06;2021-05-11;359;489;20703;12364;7.4;4.4
06;2021-05-12;332;310;21035;12674;7.5;4.5
06;2021-05-13;127;97;21162;12771;7.6;4.6
06;2021-05-14;0;0;21162;12771;7.6;4.6
06;2021-05-15;484;283;21646;13054;7.7;4.7
06;2021-05-16;0;0;21646;13054;7.7;4.7
06;2021-05-17;122;51;21768;13105;7.8;4.7
06;2021-05-18;515;429;22283;13534;8.0;4.8
06;2021-05-19;650;663;22933;14197;8.2;5.1
06;2021-05-20;1055;495;23988;14692;8.6;5.3
06;2021-05-21;1046;314;25034;15006;9.0;5.4
06;2021-05-22;1241;299;26275;15305;9.4;5.5
06;2021-05-23;0;0;26275;15305;9.4;5.5
06;2021-05-24;1;0;26276;15305;9.4;5.5
06;2021-05-25;883;624;27159;15929;9.7;5.7
06;2021-05-26;1035;839;28194;16768;10.1;6.0
06;2021-05-27;1310;506;29504;17274;10.6;6.2
06;2021-05-28;952;372;30456;17646;10.9;6.3
06;2021-05-29;1130;390;31586;18036;11.3;6.5
06;2021-05-30;0;1;31586;18037;11.3;6.5
06;2021-05-31;104;6;31690;18043;11.3;6.5
06;2021-06-01;1147;651;32837;18694;11.7;6.7
06;2021-06-02;1198;526;34035;19220;12.2;6.9
06;2021-06-03;804;351;34839;19571;12.5;7.0
06;2021-06-04;993;321;35832;19892;12.8;7.1
06;2021-06-05;673;300;36505;20192;13.1;7.2
06;2021-06-06;1;0;36506;20192;13.1;7.2
06;2021-06-07;84;12;36590;20204;13.1;7.2
06;2021-06-08;928;441;37518;20645;13.4;7.4
06;2021-06-09;958;551;38476;21196;13.8;7.6
06;2021-06-10;664;224;39140;21420;14.0;7.7
06;2021-06-11;831;369;39971;21789;14.3;7.8
06;2021-06-12;565;275;40536;22064;14.5;7.9
06;2021-06-13;0;0;40536;22064;14.5;7.9
06;2021-06-14;178;112;40714;22176;14.6;7.9
06;2021-06-15;399;839;41113;23015;14.7;8.2
06;2021-06-16;880;1437;41993;24452;15.0;8.7
06;2021-06-17;757;652;42750;25104;15.3;9.0
06;2021-06-18;686;618;43436;25722;15.5;9.2
06;2021-06-19;527;639;43963;26361;15.7;9.4
06;2021-06-20;0;0;43963;26361;15.7;9.4
06;2021-06-21;124;128;44087;26489;15.8;9.5
06;2021-06-22;424;1144;44511;27633;15.9;9.9
06;2021-06-23;647;1179;45158;28812;16.2;10.3
06;2021-06-24;456;541;45614;29353;16.3;10.5
06;2021-06-25;523;472;46137;29825;16.5;10.7
06;2021-06-26;382;684;46519;30509;16.6;10.9
06;2021-06-27;0;0;46519;30509;16.6;10.9
06;2021-06-28;99;190;46618;30699;16.7;11.0
06;2021-06-29;610;971;47228;31670;16.9;11.3
06;2021-06-30;630;944;47858;32614;17.1;11.7
06;2021-07-01;541;539;48399;33153;17.3;11.9
06;2021-07-02;430;421;48829;33574;17.5;12.0
06;2021-07-03;434;408;49263;33982;17.6;12.2
06;2021-07-04;0;0;49263;33982;17.6;12.2
06;2021-07-05;64;225;49327;34207;17.7;12.2
06;2021-07-06;493;851;49820;35058;17.8;12.5
07;2020-12-27;0;0;0;0;0.0;0.0
07;2020-12-28;0;0;0;0;0.0;0.0
07;2020-12-29;0;0;0;0;0.0;0.0
07;2020-12-30;0;0;0;0;0.0;0.0
07;2020-12-31;0;0;0;0;0.0;0.0
07;2021-01-01;0;0;0;0;0.0;0.0
07;2021-01-02;0;0;0;0;0.0;0.0
07;2021-01-03;0;0;0;0;0.0;0.0
07;2021-01-04;0;0;0;0;0.0;0.0
07;2021-01-05;0;0;0;0;0.0;0.0
07;2021-01-06;0;0;0;0;0.0;0.0
07;2021-01-07;0;0;0;0;0.0;0.0
07;2021-01-08;0;0;0;0;0.0;0.0
07;2021-01-09;0;0;0;0;0.0;0.0
07;2021-01-10;0;0;0;0;0.0;0.0
07;2021-01-11;0;0;0;0;0.0;0.0
07;2021-01-12;0;0;0;0;0.0;0.0
07;2021-01-13;0;0;0;0;0.0;0.0
07;2021-01-14;0;0;0;0;0.0;0.0
07;2021-01-15;0;0;0;0;0.0;0.0
07;2021-01-16;0;0;0;0;0.0;0.0
07;2021-01-17;0;0;0;0;0.0;0.0
07;2021-01-18;1;0;1;0;0.0;0.0
07;2021-01-19;0;0;1;0;0.0;0.0
07;2021-01-20;0;0;1;0;0.0;0.0
07;2021-01-21;12;0;13;0;0.1;0.0
07;2021-01-22;12;0;25;0;0.3;0.0
07;2021-01-23;0;0;25;0;0.3;0.0
07;2021-01-24;0;0;25;0;0.3;0.0
07;2021-01-25;0;0;25;0;0.3;0.0
07;2021-01-26;0;0;25;0;0.3;0.0
07;2021-01-27;12;0;37;0;0.4;0.0
07;2021-01-28;1;0;38;0;0.4;0.0
07;2021-01-29;6;0;44;0;0.4;0.0
07;2021-01-30;0;0;44;0;0.4;0.0
07;2021-01-31;0;0;44;0;0.4;0.0
07;2021-02-01;0;0;44;0;0.4;0.0
07;2021-02-02;0;0;44;0;0.4;0.0
07;2021-02-03;11;0;55;0;0.6;0.0
07;2021-02-04;12;0;67;0;0.7;0.0
07;2021-02-05;11;0;78;0;0.8;0.0
07;2021-02-06;0;0;78;0;0.8;0.0
07;2021-02-07;0;0;78;0;0.8;0.0
07;2021-02-08;0;0;78;0;0.8;0.0
07;2021-02-09;13;0;91;0;0.9;0.0
07;2021-02-10;0;0;91;0;0.9;0.0
07;2021-02-11;17;0;108;0;1.1;0.0
07;2021-02-12;45;0;153;0;1.5;0.0
07;2021-02-13;0;0;153;0;1.5;0.0
07;2021-02-14;0;0;153;0;1.5;0.0
07;2021-02-15;0;0;153;0;1.5;0.0
07;2021-02-16;0;0;153;0;1.5;0.0
07;2021-02-17;0;0;153;0;1.5;0.0
07;2021-02-18;18;0;171;0;1.7;0.0
07;2021-02-19;34;0;205;0;2.1;0.0
07;2021-02-20;0;0;205;0;2.1;0.0
07;2021-02-21;0;0;205;0;2.1;0.0
07;2021-02-22;0;0;205;0;2.1;0.0
07;2021-02-23;0;22;205;22;2.1;0.2
07;2021-02-24;0;0;205;22;2.1;0.2
07;2021-02-25;15;10;220;32;2.2;0.3
07;2021-02-26;33;20;253;52;2.5;0.5
07;2021-02-27;0;0;253;52;2.5;0.5
07;2021-02-28;0;0;253;52;2.5;0.5
07;2021-03-01;0;0;253;52;2.5;0.5
07;2021-03-02;17;11;270;63;2.7;0.6
07;2021-03-03;0;0;270;63;2.7;0.6
07;2021-03-04;16;11;286;74;2.9;0.7
07;2021-03-05;33;19;319;93;3.2;0.9
07;2021-03-06;0;0;319;93;3.2;0.9
07;2021-03-07;0;0;319;93;3.2;0.9
07;2021-03-08;0;0;319;93;3.2;0.9
07;2021-03-09;1;0;320;93;3.2;0.9
07;2021-03-10;0;0;320;93;3.2;0.9
07;2021-03-11;20;30;340;123;3.4;1.2
07;2021-03-12;62;42;402;165;4.0;1.7
07;2021-03-13;0;0;402;165;4.0;1.7
07;2021-03-14;0;0;402;165;4.0;1.7
07;2021-03-15;0;0;402;165;4.0;1.7
07;2021-03-16;30;9;432;174;4.3;1.7
07;2021-03-17;0;0;432;174;4.3;1.7
07;2021-03-18;29;16;461;190;4.6;1.9
07;2021-03-19;56;31;517;221;5.2;2.2
07;2021-03-20;0;0;517;221;5.2;2.2
07;2021-03-21;0;0;517;221;5.2;2.2
07;2021-03-22;0;0;517;221;5.2;2.2
07;2021-03-23;0;0;517;221;5.2;2.2
07;2021-03-24;0;0;517;221;5.2;2.2
07;2021-03-25;65;17;582;238;5.8;2.4
07;2021-03-26;73;26;655;264;6.6;2.7
07;2021-03-27;0;0;655;264;6.6;2.7
07;2021-03-28;0;0;655;264;6.6;2.7
07;2021-03-29;0;0;655;264;6.6;2.7
07;2021-03-30;40;18;695;282;7.0;2.8
07;2021-03-31;26;15;721;297;7.2;3.0
07;2021-04-01;25;32;746;329;7.5;3.3
07;2021-04-02;0;0;746;329;7.5;3.3
07;2021-04-03;0;0;746;329;7.5;3.3
07;2021-04-04;0;0;746;329;7.5;3.3
07;2021-04-05;9;0;755;329;7.6;3.3
07;2021-04-06;0;0;755;329;7.6;3.3
07;2021-04-07;0;0;755;329;7.6;3.3
07;2021-04-08;57;46;812;375;8.2;3.8
07;2021-04-09;59;31;871;406;8.7;4.1
07;2021-04-10;0;0;871;406;8.7;4.1
07;2021-04-11;0;0;871;406;8.7;4.1
07;2021-04-12;0;0;871;406;8.7;4.1
07;2021-04-13;0;0;871;406;8.7;4.1
07;2021-04-14;5;6;876;412;8.8;4.1
07;2021-04-15;56;71;932;483;9.4;4.8
07;2021-04-16;90;35;1022;518;10.3;5.2
07;2021-04-17;0;1;1022;519;10.3;5.2
07;2021-04-18;0;0;1022;519;10.3;5.2
07;2021-04-19;1;0;1023;519;10.3;5.2
07;2021-04-20;335;66;1358;585;13.6;5.9
07;2021-04-21;337;29;1695;614;17.0;6.2
07;2021-04-22;284;50;1979;664;19.9;6.7
07;2021-04-23;258;41;2237;705;22.5;7.1
07;2021-04-24;231;1;2468;706;24.8;7.1
07;2021-04-25;0;0;2468;706;24.8;7.1
07;2021-04-26;283;20;2751;726;27.6;7.3
07;2021-04-27;224;69;2975;795;29.9;8.0
07;2021-04-28;192;26;3167;821;31.8;8.2
07;2021-04-29;170;22;3337;843;33.5;8.5
07;2021-04-30;172;15;3509;858;35.2;8.6
07;2021-05-01;201;12;3710;870;37.2;8.7
07;2021-05-02;0;0;3710;870;37.2;8.7
07;2021-05-03;135;9;3845;879;38.6;8.8
07;2021-05-04;161;54;4006;933;40.2;9.4
07;2021-05-05;221;30;4227;963;42.4;9.7
07;2021-05-06;175;31;4402;994;44.2;10.0
07;2021-05-07;149;31;4551;1025;45.7;10.3
07;2021-05-08;1;0;4552;1025;45.7;10.3
07;2021-05-09;0;2;4552;1027;45.7;10.3
07;2021-05-10;0;0;4552;1027;45.7;10.3
07;2021-05-11;2;41;4554;1068;45.7;10.7
07;2021-05-12;6;36;4560;1104;45.8;11.1
07;2021-05-13;0;0;4560;1104;45.8;11.1
07;2021-05-14;28;98;4588;1202;46.1;12.1
07;2021-05-15;0;0;4588;1202;46.1;12.1
07;2021-05-16;1;0;4589;1202;46.1;12.1
07;2021-05-17;1;14;4590;1216;46.1;12.2
07;2021-05-18;17;32;4607;1248;46.3;12.5
07;2021-05-19;0;1;4607;1249;46.3;12.5
07;2021-05-20;0;8;4607;1257;46.3;12.6
07;2021-05-21;12;32;4619;1289;46.4;12.9
07;2021-05-22;0;0;4619;1289;46.4;12.9
07;2021-05-23;0;0;4619;1289;46.4;12.9
07;2021-05-24;0;0;4619;1289;46.4;12.9
07;2021-05-25;50;333;4669;1622;46.9;16.3
07;2021-05-26;54;359;4723;1981;47.4;19.9
07;2021-05-27;34;317;4757;2298;47.8;23.1
07;2021-05-28;27;256;4784;2554;48.0;25.6
07;2021-05-29;35;376;4819;2930;48.4;29.4
07;2021-05-30;0;0;4819;2930;48.4;29.4
07;2021-05-31;45;218;4864;3148;48.8;31.6
07;2021-06-01;47;227;4911;3375;49.3;33.9
07;2021-06-02;69;273;4980;3648;50.0;36.6
07;2021-06-03;41;252;5021;3900;50.4;39.2
07;2021-06-04;74;273;5095;4173;51.1;41.9
07;2021-06-05;1;0;5096;4173;51.2;41.9
07;2021-06-06;0;0;5096;4173;51.2;41.9
07;2021-06-07;1;1;5097;4174;51.2;41.9
07;2021-06-08;3;2;5100;4176;51.2;41.9
07;2021-06-09;0;3;5100;4179;51.2;42.0
07;2021-06-10;8;4;5108;4183;51.3;42.0
07;2021-06-11;3;8;5111;4191;51.3;42.1
07;2021-06-12;16;59;5127;4250;51.5;42.7
07;2021-06-13;0;0;5127;4250;51.5;42.7
07;2021-06-14;0;0;5127;4250;51.5;42.7
07;2021-06-15;0;1;5127;4251;51.5;42.7
07;2021-06-16;0;0;5127;4251;51.5;42.7
07;2021-06-17;2;6;5129;4257;51.5;42.7
07;2021-06-18;0;2;5129;4259;51.5;42.8
07;2021-06-19;25;49;5154;4308;51.7;43.2
07;2021-06-20;0;0;5154;4308;51.7;43.2
07;2021-06-21;0;2;5154;4310;51.7;43.3
07;2021-06-22;8;0;5162;4310;51.8;43.3
07;2021-06-23;15;9;5177;4319;52.0;43.4
07;2021-06-24;10;5;5187;4324;52.1;43.4
07;2021-06-25;0;0;5187;4324;52.1;43.4
07;2021-06-26;28;49;5215;4373;52.4;43.9
07;2021-06-27;0;0;5215;4373;52.4;43.9
07;2021-06-28;0;0;5215;4373;52.4;43.9
07;2021-06-29;0;0;5215;4373;52.4;43.9
07;2021-06-30;0;0;5215;4373;52.4;43.9
07;2021-07-01;26;35;5241;4408;52.6;44.3
07;2021-07-02;26;32;5267;4440;52.9;44.6
07;2021-07-03;27;211;5294;4651;53.1;46.7
07;2021-07-04;0;0;5294;4651;53.1;46.7
07;2021-07-05;4;8;5298;4659;53.2;46.8
07;2021-07-06;0;0;5298;4659;53.2;46.8
08;2020-12-27;0;0;0;0;0.0;0.0
08;2020-12-28;0;0;0;0;0.0;0.0
08;2020-12-29;0;0;0;0;0.0;0.0
08;2020-12-30;0;0;0;0;0.0;0.0
08;2020-12-31;0;0;0;0;0.0;0.0
08;2021-01-01;0;0;0;0;0.0;0.0
08;2021-01-02;0;0;0;0;0.0;0.0
08;2021-01-03;0;0;0;0;0.0;0.0
08;2021-01-04;0;0;0;0;0.0;0.0
08;2021-01-05;0;0;0;0;0.0;0.0
08;2021-01-06;0;0;0;0;0.0;0.0
08;2021-01-07;0;0;0;0;0.0;0.0
08;2021-01-08;0;0;0;0;0.0;0.0
08;2021-01-09;0;0;0;0;0.0;0.0
08;2021-01-10;0;0;0;0;0.0;0.0
08;2021-01-11;0;0;0;0;0.0;0.0
08;2021-01-12;0;0;0;0;0.0;0.0
08;2021-01-13;10;0;10;0;0.0;0.0
08;2021-01-14;12;0;22;0;0.1;0.0
08;2021-01-15;8;0;30;0;0.1;0.0
08;2021-01-16;0;0;30;0;0.1;0.0
08;2021-01-17;0;0;30;0;0.1;0.0
08;2021-01-18;0;0;30;0;0.1;0.0
08;2021-01-19;12;0;42;0;0.1;0.0
08;2021-01-20;12;0;54;0;0.2;0.0
08;2021-01-21;6;0;60;0;0.2;0.0
08;2021-01-22;0;0;60;0;0.2;0.0
08;2021-01-23;0;0;60;0;0.2;0.0
08;2021-01-24;0;0;60;0;0.2;0.0
08;2021-01-25;0;0;60;0;0.2;0.0
08;2021-01-26;9;0;69;0;0.2;0.0
08;2021-01-27;10;0;79;0;0.2;0.0
08;2021-01-28;6;0;85;0;0.2;0.0
08;2021-01-29;0;0;85;0;0.2;0.0
08;2021-01-30;0;0;85;0;0.2;0.0
08;2021-01-31;0;0;85;0;0.2;0.0
08;2021-02-01;0;0;85;0;0.2;0.0
08;2021-02-02;38;0;123;0;0.3;0.0
08;2021-02-03;10;0;133;0;0.4;0.0
08;2021-02-04;29;0;162;0;0.5;0.0
08;2021-02-05;6;0;168;0;0.5;0.0
08;2021-02-06;0;0;168;0;0.5;0.0
08;2021-02-07;0;0;168;0;0.5;0.0
08;2021-02-08;0;0;168;0;0.5;0.0
08;2021-02-09;38;0;206;0;0.6;0.0
08;2021-02-10;27;1;233;1;0.7;0.0
08;2021-02-11;0;0;233;1;0.7;0.0
08;2021-02-12;36;0;269;1;0.8;0.0
08;2021-02-13;0;0;269;1;0.8;0.0
08;2021-02-14;0;0;269;1;0.8;0.0
08;2021-02-15;50;0;319;1;0.9;0.0
08;2021-02-16;0;0;319;1;0.9;0.0
08;2021-02-17;0;0;319;1;0.9;0.0
08;2021-02-18;27;0;346;1;1.0;0.0
08;2021-02-19;44;0;390;1;1.1;0.0
08;2021-02-20;0;0;390;1;1.1;0.0
08;2021-02-21;0;0;390;1;1.1;0.0
08;2021-02-22;45;4;435;5;1.2;0.0
08;2021-02-23;41;29;476;34;1.3;0.1
08;2021-02-24;35;1;511;35;1.4;0.1
08;2021-02-25;55;36;566;71;1.6;0.2
08;2021-02-26;39;5;605;76;1.7;0.2
08;2021-02-27;0;0;605;76;1.7;0.2
08;2021-02-28;0;0;605;76;1.7;0.2
08;2021-03-01;48;5;653;81;1.8;0.2
08;2021-03-02;7;27;660;108;1.9;0.3
08;2021-03-03;38;27;698;135;2.0;0.4
08;2021-03-04;30;26;728;161;2.1;0.5
08;2021-03-05;46;11;774;172;2.2;0.5
08;2021-03-06;0;0;774;172;2.2;0.5
08;2021-03-07;0;0;774;172;2.2;0.5
08;2021-03-08;30;7;804;179;2.3;0.5
08;2021-03-09;19;27;823;206;2.3;0.6
08;2021-03-10;32;28;855;234;2.4;0.7
08;2021-03-11;2;0;857;234;2.4;0.7
08;2021-03-12;52;21;909;255;2.6;0.7
08;2021-03-13;11;0;920;255;2.6;0.7
08;2021-03-14;0;0;920;255;2.6;0.7
08;2021-03-15;31;42;951;297;2.7;0.8
08;2021-03-16;73;6;1024;303;2.9;0.9
08;2021-03-17;67;13;1091;316;3.1;0.9
08;2021-03-18;82;39;1173;355;3.3;1.0
08;2021-03-19;30;50;1203;405;3.4;1.1
08;2021-03-20;0;0;1203;405;3.4;1.1
08;2021-03-21;0;0;1203;405;3.4;1.1
08;2021-03-22;34;45;1237;450;3.5;1.3
08;2021-03-23;30;43;1267;493;3.6;1.4
08;2021-03-24;38;42;1305;535;3.7;1.5
08;2021-03-25;92;34;1397;569;4.0;1.6
08;2021-03-26;45;33;1442;602;4.1;1.7
08;2021-03-27;94;3;1536;605;4.3;1.7
08;2021-03-28;0;0;1536;605;4.3;1.7
08;2021-03-29;69;49;1605;654;4.5;1.9
08;2021-03-30;98;24;1703;678;4.8;1.9
08;2021-03-31;89;48;1792;726;5.1;2.1
08;2021-04-01;56;48;1848;774;5.2;2.2
08;2021-04-02;0;0;1848;774;5.2;2.2
08;2021-04-03;0;0;1848;774;5.2;2.2
08;2021-04-04;0;0;1848;774;5.2;2.2
08;2021-04-05;0;0;1848;774;5.2;2.2
08;2021-04-06;49;63;1897;837;5.4;2.4
08;2021-04-07;91;32;1988;869;5.6;2.5
08;2021-04-08;120;7;2108;876;6.0;2.5
08;2021-04-09;89;39;2197;915;6.2;2.6
08;2021-04-10;164;9;2361;924;6.7;2.6
08;2021-04-11;0;0;2361;924;6.7;2.6
08;2021-04-12;41;76;2402;1000;6.8;2.8
08;2021-04-13;48;71;2450;1071;6.9;3.0
08;2021-04-14;81;45;2531;1116;7.2;3.2
08;2021-04-15;92;24;2623;1140;7.4;3.2
08;2021-04-16;77;42;2700;1182;7.6;3.3
08;2021-04-17;165;4;2865;1186;8.1;3.4
08;2021-04-18;0;0;2865;1186;8.1;3.4
08;2021-04-19;52;67;2917;1253;8.3;3.5
08;2021-04-20;83;27;3000;1280;8.5;3.6
08;2021-04-21;91;29;3091;1309;8.7;3.7
08;2021-04-22;101;20;3192;1329;9.0;3.8
08;2021-04-23;44;66;3236;1395;9.2;3.9
08;2021-04-24;99;78;3335;1473;9.4;4.2
08;2021-04-25;0;0;3335;1473;9.4;4.2
08;2021-04-26;28;91;3363;1564;9.5;4.4
08;2021-04-27;59;63;3422;1627;9.7;4.6
08;2021-04-28;90;39;3512;1666;9.9;4.7
08;2021-04-29;89;34;3601;1700;10.2;4.8
08;2021-04-30;104;15;3705;1715;10.5;4.9
08;2021-05-01;0;8;3705;1723;10.5;4.9
08;2021-05-02;0;0;3705;1723;10.5;4.9
08;2021-05-03;24;101;3729;1824;10.6;5.2
08;2021-05-04;157;102;3886;1926;11.0;5.5
08;2021-05-05;141;58;4027;1984;11.4;5.6
08;2021-05-06;199;49;4226;2033;12.0;5.8
08;2021-05-07;127;71;4353;2104;12.3;6.0
08;2021-05-08;69;122;4422;2226;12.5;6.3
08;2021-05-09;0;0;4422;2226;12.5;6.3
08;2021-05-10;124;99;4546;2325;12.9;6.6
08;2021-05-11;132;72;4678;2397;13.2;6.8
08;2021-05-12;156;79;4834;2476;13.7;7.0
08;2021-05-13;83;6;4917;2482;13.9;7.0
08;2021-05-14;129;62;5046;2544;14.3;7.2
08;2021-05-15;86;4;5132;2548;14.5;7.2
08;2021-05-16;0;0;5132;2548;14.5;7.2
08;2021-05-17;146;114;5278;2662;14.9;7.5
08;2021-05-18;151;94;5429;2756;15.4;7.8
08;2021-05-19;84;69;5513;2825;15.6;8.0
08;2021-05-20;104;26;5617;2851;15.9;8.1
08;2021-05-21;98;53;5715;2904;16.2;8.2
08;2021-05-22;100;11;5815;2915;16.5;8.2
08;2021-05-23;0;0;5815;2915;16.5;8.2
08;2021-05-24;33;7;5848;2922;16.6;8.3
08;2021-05-25;119;78;5967;3000;16.9;8.5
08;2021-05-26;108;50;6075;3050;17.2;8.6
08;2021-05-27;111;42;6186;3092;17.5;8.8
08;2021-05-28;33;1;6219;3093;17.6;8.8
08;2021-05-29;59;214;6278;3307;17.8;9.4
08;2021-05-30;0;0;6278;3307;17.8;9.4
08;2021-05-31;109;63;6387;3370;18.1;9.5
08;2021-06-01;112;63;6499;3433;18.4;9.7
08;2021-06-02;131;33;6630;3466;18.8;9.8
08;2021-06-03;100;38;6730;3504;19.0;9.9
08;2021-06-04;128;70;6858;3574;19.4;10.1
08;2021-06-05;82;21;6940;3595;19.6;10.2
08;2021-06-06;0;0;6940;3595;19.6;10.2
08;2021-06-07;96;96;7036;3691;19.9;10.4
08;2021-06-08;81;90;7117;3781;20.1;10.7
08;2021-06-09;98;73;7215;3854;20.4;10.9
08;2021-06-10;111;65;7326;3919;20.7;11.1
08;2021-06-11;116;108;7442;4027;21.1;11.4
08;2021-06-12;57;30;7499;4057;21.2;11.5
08;2021-06-13;0;0;7499;4057;21.2;11.5
08;2021-06-14;106;128;7605;4185;21.5;11.8
08;2021-06-15;86;119;7691;4304;21.8;12.2
08;2021-06-16;103;149;7794;4453;22.1;12.6
08;2021-06-17;84;72;7878;4525;22.3;12.8
08;2021-06-18;66;99;7944;4624;22.5;13.1
08;2021-06-19;64;79;8008;4703;22.7;13.3
08;2021-06-20;0;0;8008;4703;22.7;13.3
08;2021-06-21;78;152;8086;4855;22.9;13.7
08;2021-06-22;70;103;8156;4958;23.1;14.0
08;2021-06-23;68;115;8224;5073;23.3;14.4
08;2021-06-24;42;76;8266;5149;23.4;14.6
08;2021-06-25;63;100;8329;5249;23.6;14.9
08;2021-06-26;35;61;8364;5310;23.7;15.0
08;2021-06-27;0;0;8364;5310;23.7;15.0
08;2021-06-28;70;127;8434;5437;23.9;15.4
08;2021-06-29;59;105;8493;5542;24.0;15.7
08;2021-06-30;56;110;8549;5652;24.2;16.0
08;2021-07-01;41;87;8590;5739;24.3;16.2
08;2021-07-02;52;91;8642;5830;24.5;16.5
08;2021-07-03;40;90;8682;5920;24.6;16.8
08;2021-07-04;0;1;8682;5921;24.6;16.8
08;2021-07-05;66;93;8748;6014;24.8;17.0
08;2021-07-06;55;75;8803;6089;24.9;17.2
11;2020-12-27;13;2;13;2;0.0;0.0
11;2020-12-28;12;0;25;2;0.0;0.0
11;2020-12-29;56;0;81;2;0.0;0.0
11;2020-12-30;91;0;172;2;0.0;0.0
11;2020-12-31;39;0;211;2;0.0;0.0
11;2021-01-01;32;1;243;3;0.0;0.0
11;2021-01-02;64;1;307;4;0.0;0.0
11;2021-01-03;78;0;385;4;0.0;0.0
11;2021-01-04;554;5;939;9;0.0;0.0
11;2021-01-05;2075;17;3014;26;0.0;0.0
11;2021-01-06;3022;26;6036;52;0.0;0.0
11;2021-01-07;5393;39;11429;91;0.1;0.0
11;2021-01-08;7136;49;18565;140;0.2;0.0
11;2021-01-09;1895;7;20460;147;0.2;0.0
11;2021-01-10;1756;7;22216;154;0.2;0.0
11;2021-01-11;8021;67;30237;221;0.2;0.0
11;2021-01-12;10381;103;40618;324;0.3;0.0
11;2021-01-13;10027;102;50645;426;0.4;0.0
11;2021-01-14;10160;140;60805;566;0.5;0.0
11;2021-01-15;8929;92;69734;658;0.6;0.0
11;2021-01-16;2417;34;72151;692;0.6;0.0
11;2021-01-17;1092;20;73243;712;0.6;0.0
11;2021-01-18;12268;142;85511;854;0.7;0.0
11;2021-01-19;15867;138;101378;992;0.8;0.0
11;2021-01-20;18389;136;119767;1128;1.0;0.0
11;2021-01-21;22320;164;142087;1292;1.2;0.0
11;2021-01-22;17115;180;159202;1472;1.3;0.0
11;2021-01-23;4962;25;164164;1497;1.3;0.0
11;2021-01-24;1284;6;165448;1503;1.3;0.0
11;2021-01-25;8875;195;174323;1698;1.4;0.0
11;2021-01-26;12347;389;186670;2087;1.5;0.0
11;2021-01-27;16232;696;202902;2783;1.7;0.0
11;2021-01-28;20312;1198;223214;3981;1.8;0.0
11;2021-01-29;15404;1374;238618;5355;1.9;0.0
11;2021-01-30;4468;106;243086;5461;2.0;0.0
11;2021-01-31;586;22;243672;5483;2.0;0.0
11;2021-02-01;7390;1959;251062;7442;2.0;0.1
11;2021-02-02;8359;2818;259421;10260;2.1;0.1
11;2021-02-03;8128;3802;267549;14062;2.2;0.1
11;2021-02-04;8785;4597;276334;18659;2.3;0.2
11;2021-02-05;8953;4426;285287;23085;2.3;0.2
11;2021-02-06;3271;753;288558;23838;2.4;0.2
11;2021-02-07;588;544;289146;24382;2.4;0.2
11;2021-02-08;6230;5911;295376;30293;2.4;0.2
11;2021-02-09;8440;9644;303816;39937;2.5;0.3
11;2021-02-10;9968;11184;313784;51121;2.6;0.4
11;2021-02-11;12386;16489;326170;67610;2.7;0.6
11;2021-02-12;11877;10598;338047;78208;2.8;0.6
11;2021-02-13;2596;2580;340643;80788;2.8;0.7
11;2021-02-14;315;560;340958;81348;2.8;0.7
11;2021-02-15;4458;12013;345416;93361;2.8;0.8
11;2021-02-16;5682;18482;351098;111843;2.9;0.9
11;2021-02-17;5692;15588;356790;127431;2.9;1.0
11;2021-02-18;8649;20779;365439;148210;3.0;1.2
11;2021-02-19;9046;15404;374485;163614;3.0;1.3
11;2021-02-20;1691;4839;376176;168453;3.1;1.4
11;2021-02-21;398;829;376574;169282;3.1;1.4
11;2021-02-22;4229;9889;380803;179171;3.1;1.5
11;2021-02-23;4952;10558;385755;189729;3.1;1.5
11;2021-02-24;5421;9866;391176;199595;3.2;1.6
11;2021-02-25;8624;14134;399800;213729;3.3;1.7
11;2021-02-26;11198;10193;410998;223922;3.3;1.8
11;2021-02-27;5068;3338;416066;227260;3.4;1.9
11;2021-02-28;743;662;416809;227922;3.4;1.9
11;2021-03-01;8859;7981;425668;235903;3.5;1.9
11;2021-03-02;14394;9633;440062;245536;3.6;2.0
11;2021-03-03;18695;10147;458757;255683;3.7;2.1
11;2021-03-04;28289;11201;487046;266884;4.0;2.2
11;2021-03-05;36525;11216;523571;278100;4.3;2.3
11;2021-03-06;46455;3663;570026;281763;4.6;2.3
11;2021-03-07;34311;2846;604337;284609;4.9;2.3
11;2021-03-08;17785;7458;622122;292067;5.1;2.4
11;2021-03-09;26890;7806;649012;299873;5.3;2.4
11;2021-03-10;27676;8438;676688;308311;5.5;2.5
11;2021-03-11;37090;10033;713778;318344;5.8;2.6
11;2021-03-12;44840;9595;758618;327939;6.2;2.7
11;2021-03-13;39899;2778;798517;330717;6.5;2.7
11;2021-03-14;14275;840;812792;331557;6.6;2.7
11;2021-03-15;29244;4089;842036;335646;6.9;2.7
11;2021-03-16;23773;3908;865809;339554;7.1;2.8
11;2021-03-17;24457;3721;890266;343275;7.3;2.8
11;2021-03-18;29042;4185;919308;347460;7.5;2.8
11;2021-03-19;39705;4412;959013;351872;7.8;2.9
11;2021-03-20;25879;1659;984892;353531;8.0;2.9
11;2021-03-21;5637;1337;990529;354868;8.1;2.9
11;2021-03-22;32174;4323;1022703;359191;8.3;2.9
11;2021-03-23;43360;5547;1066063;364738;8.7;3.0
11;2021-03-24;42711;5133;1108774;369871;9.0;3.0
11;2021-03-25;58010;5358;1166784;375229;9.5;3.1
11;2021-03-26;57831;6145;1224615;381374;10.0;3.1
11;2021-03-27;34518;2197;1259133;383571;10.3;3.1
11;2021-03-28;10173;507;1269306;384078;10.3;3.1
11;2021-03-29;33114;8253;1302420;392331;10.6;3.2
11;2021-03-30;44923;11701;1347343;404032;11.0;3.3
11;2021-03-31;39952;13979;1387295;418011;11.3;3.4
11;2021-04-01;45479;21932;1432774;439943;11.7;3.6
11;2021-04-02;39516;24199;1472290;464142;12.0;3.8
11;2021-04-03;18407;21175;1490697;485317;12.1;4.0
11;2021-04-04;6126;7369;1496823;492686;12.2;4.0
11;2021-04-05;5974;2178;1502797;494864;12.2;4.0
11;2021-04-06;30021;18492;1532818;513356;12.5;4.2
11;2021-04-07;37608;20117;1570426;533473;12.8;4.3
11;2021-04-08;46766;21267;1617192;554740;13.2;4.5
11;2021-04-09;53892;21738;1671084;576478;13.6;4.7
11;2021-04-10;29001;19778;1700085;596256;13.8;4.9
11;2021-04-11;6557;7241;1706642;603497;13.9;4.9
11;2021-04-12;30348;19365;1736990;622862;14.1;5.1
11;2021-04-13;37372;27636;1774362;650498;14.5;5.3
11;2021-04-14;35078;24442;1809440;674940;14.7;5.5
11;2021-04-15;39219;28620;1848659;703560;15.1;5.7
11;2021-04-16;41127;27982;1889786;731542;15.4;6.0
11;2021-04-17;22816;15034;1912602;746576;15.6;6.1
11;2021-04-18;5324;3762;1917926;750338;15.6;6.1
11;2021-04-19;25144;23276;1943070;773614;15.8;6.3
11;2021-04-20;30633;27991;1973703;801605;16.1;6.5
11;2021-04-21;32269;28309;2005972;829914;16.3;6.8
11;2021-04-22;34527;34896;2040499;864810;16.6;7.0
11;2021-04-23;37988;32455;2078487;897265;16.9;7.3
11;2021-04-24;37988;23259;2116475;920524;17.2;7.5
11;2021-04-25;20530;8055;2137005;928579;17.4;7.6
11;2021-04-26;33917;25338;2170922;953917;17.7;7.8
11;2021-04-27;45791;30218;2216713;984135;18.1;8.0
11;2021-04-28;48460;30002;2265173;1014137;18.4;8.3
11;2021-04-29;57832;32496;2323005;1046633;18.9;8.5
11;2021-04-30;61365;31318;2384370;1077951;19.4;8.8
11;2021-05-01;24132;6123;2408502;1084074;19.6;8.8
11;2021-05-02;14664;5049;2423166;1089123;19.7;8.9
11;2021-05-03;54474;35333;2477640;1124456;20.2;9.2
11;2021-05-04;59762;34084;2537402;1158540;20.7;9.4
11;2021-05-05;60417;34288;2597819;1192828;21.2;9.7
11;2021-05-06;67359;38266;2665178;1231094;21.7;10.0
11;2021-05-07;65641;40120;2730819;1271214;22.2;10.4
11;2021-05-08;51207;17014;2782026;1288228;22.7;10.5
11;2021-05-09;33202;10285;2815228;1298513;22.9;10.6
11;2021-05-10;70825;30723;2886053;1329236;23.5;10.8
11;2021-05-11;81860;38278;2967913;1367514;24.2;11.1
11;2021-05-12;83727;32630;3051640;1400144;24.9;11.4
11;2021-05-13;68244;10100;3119884;1410244;25.4;11.5
11;2021-05-14;84664;22301;3204548;1432545;26.1;11.7
11;2021-05-15;66814;15538;3271362;1448083;26.6;11.8
11;2021-05-16;36730;5233;3308092;1453316;26.9;11.8
11;2021-05-17;82967;17114;3391059;1470430;27.6;12.0
11;2021-05-18;99794;20184;3490853;1490614;28.4;12.1
11;2021-05-19;98445;28125;3589298;1518739;29.2;12.4
11;2021-05-20;107387;29133;3696685;1547872;30.1;12.6
11;2021-05-21;101729;26267;3798414;1574139;30.9;12.8
11;2021-05-22;80126;15050;3878540;1589189;31.6;12.9
11;2021-05-23;42072;6154;3920612;1595343;31.9;13.0
11;2021-05-24;60135;8923;3980747;1604266;32.4;13.1
11;2021-05-25;86199;32506;4066946;1636772;33.1;13.3
11;2021-05-26;84702;32740;4151648;1669512;33.8;13.6
11;2021-05-27;92616;40771;4244264;1710283;34.6;13.9
11;2021-05-28;87150;45785;4331414;1756068;35.3;14.3
11;2021-05-29;68302;27665;4399716;1783733;35.8;14.5
11;2021-05-30;36034;8575;4435750;1792308;36.1;14.6
11;2021-05-31;78083;40100;4513833;1832408;36.8;14.9
11;2021-06-01;87232;51140;4601065;1883548;37.5;15.3
11;2021-06-02;83358;45697;4684423;1929245;38.2;15.7
11;2021-06-03;89019;53849;4773442;1983094;38.9;16.2
11;2021-06-04;84767;58918;4858209;2042012;39.6;16.6
11;2021-06-05;63663;50010;4921872;2092022;40.1;17.0
11;2021-06-06;37977;17628;4959849;2109650;40.4;17.2
11;2021-06-07;69025;53766;5028874;2163416;41.0;17.6
11;2021-06-08;72456;62071;5101330;2225487;41.5;18.1
11;2021-06-09;70617;63236;5171947;2288723;42.1;18.6
11;2021-06-10;71214;80967;5243161;2369690;42.7;19.3
11;2021-06-11;65614;72293;5308775;2441983;43.2;19.9
11;2021-06-12;63756;47807;5372531;2489790;43.8;20.3
11;2021-06-13;29550;22916;5402081;2512706;44.0;20.5
11;2021-06-14;43201;75407;5445282;2588113;44.3;21.1
11;2021-06-15;51094;83073;5496376;2671186;44.8;21.8
11;2021-06-16;52333;78380;5548709;2749566;45.2;22.4
11;2021-06-17;54012;81884;5602721;2831450;45.6;23.1
11;2021-06-18;49971;96142;5652692;2927592;46.0;23.8
11;2021-06-19;43465;69278;5696157;2996870;46.4;24.4
11;2021-06-20;16298;36106;5712455;3032976;46.5;24.7
11;2021-06-21;34355;84437;5746810;3117413;46.8;25.4
11;2021-06-22;38957;101321;5785767;3218734;47.1;26.2
11;2021-06-23;39426;98288;5825193;3317022;47.4;27.0
11;2021-06-24;42275;96248;5867468;3413270;47.8;27.8
11;2021-06-25;38717;110874;5906185;3524144;48.1;28.7
11;2021-06-26;35320;86160;5941505;3610304;48.4;29.4
11;2021-06-27;13316;40401;5954821;3650705;48.5;29.7
11;2021-06-28;30193;96047;5985014;3746752;48.7;30.5
11;2021-06-29;34006;108412;6019020;3855164;49.0;31.4
11;2021-06-30;36607;105766;6055627;3960930;49.3;32.3
11;2021-07-01;39045;105861;6094672;4066791;49.6;33.1
11;2021-07-02;38256;110120;6132928;4176911;49.9;34.0
11;2021-07-03;32060;93309;6164988;4270220;50.2;34.8
11;2021-07-04;14208;42965;6179196;4313185;50.3;35.1
11;2021-07-05;32449;86649;6211645;4399834;50.6;35.8
11;2021-07-06;35857;100670;6247502;4500504;50.9;36.7
24;2020-12-27;0;0;0;0;0.0;0.0
24;2020-12-28;17;0;17;0;0.0;0.0
24;2020-12-29;10;0;27;0;0.0;0.0
24;2020-12-30;1;0;28;0;0.0;0.0
24;2020-12-31;0;0;28;0;0.0;0.0
24;2021-01-01;1;0;29;0;0.0;0.0
24;2021-01-02;0;0;29;0;0.0;0.0
24;2021-01-03;0;0;29;0;0.0;0.0
24;2021-01-04;24;0;53;0;0.0;0.0
24;2021-01-05;163;0;216;0;0.0;0.0
24;2021-01-06;328;0;544;0;0.0;0.0
24;2021-01-07;492;1;1036;1;0.0;0.0
24;2021-01-08;952;2;1988;3;0.1;0.0
24;2021-01-09;504;0;2492;3;0.1;0.0
24;2021-01-10;395;0;2887;3;0.1;0.0
24;2021-01-11;1279;2;4166;5;0.2;0.0
24;2021-01-12;2575;9;6741;14;0.3;0.0
24;2021-01-13;2190;8;8931;22;0.3;0.0
24;2021-01-14;2504;52;11435;74;0.4;0.0
24;2021-01-15;2115;9;13550;83;0.5;0.0
24;2021-01-16;857;6;14407;89;0.6;0.0
24;2021-01-17;322;3;14729;92;0.6;0.0
24;2021-01-18;3214;15;17943;107;0.7;0.0
24;2021-01-19;6325;17;24268;124;0.9;0.0
24;2021-01-20;7165;11;31433;135;1.2;0.0
24;2021-01-21;7418;5;38851;140;1.5;0.0
24;2021-01-22;5120;6;43971;146;1.7;0.0
24;2021-01-23;1276;1;45247;147;1.8;0.0
24;2021-01-24;225;1;45472;148;1.8;0.0
24;2021-01-25;3114;25;48586;173;1.9;0.0
24;2021-01-26;4848;89;53434;262;2.1;0.0
24;2021-01-27;5045;186;58479;448;2.3;0.0
24;2021-01-28;5634;510;64113;958;2.5;0.0
24;2021-01-29;3423;729;67536;1687;2.6;0.1
24;2021-01-30;1208;398;68744;2085;2.7;0.1
24;2021-01-31;251;368;68995;2453;2.7;0.1
24;2021-02-01;2170;926;71165;3379;2.8;0.1
24;2021-02-02;3032;1889;74197;5268;2.9;0.2
24;2021-02-03;3111;1762;77308;7030;3.0;0.3
24;2021-02-04;3234;1613;80542;8643;3.1;0.3
24;2021-02-05;2394;1368;82936;10011;3.2;0.4
24;2021-02-06;707;260;83643;10271;3.3;0.4
24;2021-02-07;134;32;83777;10303;3.3;0.4
24;2021-02-08;1968;1569;85745;11872;3.4;0.5
24;2021-02-09;3413;3315;89158;15187;3.5;0.6
24;2021-02-10;4085;3754;93243;18941;3.6;0.7
24;2021-02-11;4656;4769;97899;23710;3.8;0.9
24;2021-02-12;3483;3263;101382;26973;4.0;1.1
24;2021-02-13;840;770;102222;27743;4.0;1.1
24;2021-02-14;426;254;102648;27997;4.0;1.1
24;2021-02-15;1963;2846;104611;30843;4.1;1.2
24;2021-02-16;2849;4479;107460;35322;4.2;1.4
24;2021-02-17;2691;5078;110151;40400;4.3;1.6
24;2021-02-18;3521;5160;113672;45560;4.4;1.8
24;2021-02-19;3257;3542;116929;49102;4.6;1.9
24;2021-02-20;1288;981;118217;50083;4.6;2.0
24;2021-02-21;433;237;118650;50320;4.6;2.0
24;2021-02-22;1652;3047;120302;53367;4.7;2.1
24;2021-02-23;2340;3122;122642;56489;4.8;2.2
24;2021-02-24;2093;3446;124735;59935;4.9;2.3
24;2021-02-25;3623;3138;128358;63073;5.0;2.5
24;2021-02-26;4467;2605;132825;65678;5.2;2.6
24;2021-02-27;1877;992;134702;66670;5.3;2.6
24;2021-02-28;97;219;134799;66889;5.3;2.6
24;2021-03-01;2176;2002;136975;68891;5.4;2.7
24;2021-03-02;3431;2877;140406;71768;5.5;2.8
24;2021-03-03;3551;3390;143957;75158;5.6;2.9
24;2021-03-04;5337;3715;149294;78873;5.8;3.1
24;2021-03-05;7039;3165;156333;82038;6.1;3.2
24;2021-03-06;7376;756;163709;82794;6.4;3.2
24;2021-03-07;2429;294;166138;83088;6.5;3.2
24;2021-03-08;2689;2605;168827;85693;6.6;3.3
24;2021-03-09;5778;2827;174605;88520;6.8;3.5
24;2021-03-10;6413;3490;181018;92010;7.1;3.6
24;2021-03-11;7805;3480;188823;95490;7.4;3.7
24;2021-03-12;10788;2685;199611;98175;7.8;3.8
24;2021-03-13;7122;722;206733;98897;8.1;3.9
24;2021-03-14;1549;275;208282;99172;8.1;3.9
24;2021-03-15;4559;1956;212841;101128;8.3;4.0
24;2021-03-16;4597;2355;217438;103483;8.5;4.0
24;2021-03-17;4462;1965;221900;105448;8.7;4.1
24;2021-03-18;5064;2080;226964;107528;8.9;4.2
24;2021-03-19;7783;1666;234747;109194;9.2;4.3
24;2021-03-20;4436;882;239183;110076;9.3;4.3
24;2021-03-21;557;349;239740;110425;9.4;4.3
24;2021-03-22;4861;1704;244601;112129;9.6;4.4
24;2021-03-23;8039;2287;252640;114416;9.9;4.5
24;2021-03-24;8816;1990;261456;116406;10.2;4.5
24;2021-03-25;12134;1962;273590;118368;10.7;4.6
24;2021-03-26;13273;1985;286863;120353;11.2;4.7
24;2021-03-27;5782;680;292645;121033;11.4;4.7
24;2021-03-28;520;97;293165;121130;11.5;4.7
24;2021-03-29;6762;1874;299927;123004;11.7;4.8
24;2021-03-30;10174;2785;310101;125789;12.1;4.9
24;2021-03-31;9894;2341;319995;128130;12.5;5.0
24;2021-04-01;12047;3397;332042;131527;13.0;5.1
24;2021-04-02;10642;3344;342684;134871;13.4;5.3
24;2021-04-03;3415;1718;346099;136589;13.5;5.3
24;2021-04-04;394;343;346493;136932;13.5;5.4
24;2021-04-05;400;52;346893;136984;13.6;5.4
24;2021-04-06;8328;3328;355221;140312;13.9;5.5
24;2021-04-07;11071;4541;366292;144853;14.3;5.7
24;2021-04-08;14189;4724;380481;149577;14.9;5.8
24;2021-04-09;17765;3714;398246;153291;15.6;6.0
24;2021-04-10;9392;2080;407638;155371;15.9;6.1
24;2021-04-11;2910;1248;410548;156619;16.0;6.1
24;2021-04-12;10848;3439;421396;160058;16.5;6.3
24;2021-04-13;14995;4807;436391;164865;17.1;6.4
24;2021-04-14;13477;4910;449868;169775;17.6;6.6
24;2021-04-15;15360;5100;465228;174875;18.2;6.8
24;2021-04-16;15693;4329;480921;179204;18.8;7.0
24;2021-04-17;8196;1325;489117;180529;19.1;7.1
24;2021-04-18;1101;288;490218;180817;19.2;7.1
24;2021-04-19;9439;4126;499657;184943;19.5;7.2
24;2021-04-20;12727;5964;512384;190907;20.0;7.5
24;2021-04-21;12329;6004;524713;196911;20.5;7.7
24;2021-04-22;13865;7536;538578;204447;21.0;8.0
24;2021-04-23;13701;7062;552279;211509;21.6;8.3
24;2021-04-24;10238;3260;562517;214769;22.0;8.4
24;2021-04-25;3048;435;565565;215204;22.1;8.4
24;2021-04-26;10206;5404;575771;220608;22.5;8.6
24;2021-04-27;13875;7734;589646;228342;23.0;8.9
24;2021-04-28;13025;8434;602671;236776;23.6;9.3
24;2021-04-29;16583;8598;619254;245374;24.2;9.6
24;2021-04-30;17476;7239;636730;252613;24.9;9.9
24;2021-05-01;2911;670;639641;253283;25.0;9.9
24;2021-05-02;2142;321;641783;253604;25.1;9.9
24;2021-05-03;11295;6123;653078;259727;25.5;10.1
24;2021-05-04;12819;10300;665897;270027;26.0;10.6
24;2021-05-05;13885;9574;679782;279601;26.6;10.9
24;2021-05-06;17490;9744;697272;289345;27.2;11.3
24;2021-05-07;14564;11966;711836;301311;27.8;11.8
24;2021-05-08;3705;2373;715541;303684;28.0;11.9
24;2021-05-09;2349;3722;717890;307406;28.1;12.0
24;2021-05-10;11538;12196;729428;319602;28.5;12.5
24;2021-05-11;16369;14228;745797;333830;29.1;13.0
24;2021-05-12;18238;13151;764035;346981;29.9;13.6
24;2021-05-13;6930;3171;770965;350152;30.1;13.7
24;2021-05-14;14512;9188;785477;359340;30.7;14.0
24;2021-05-15;10466;5048;795943;364388;31.1;14.2
24;2021-05-16;3167;1186;799110;365574;31.2;14.3
24;2021-05-17;13318;7671;812428;373245;31.7;14.6
24;2021-05-18;18481;8259;830909;381504;32.5;14.9
24;2021-05-19;19046;7530;849955;389034;33.2;15.2
24;2021-05-20;21343;8458;871298;397492;34.0;15.5
24;2021-05-21;18436;9101;889734;406593;34.8;15.9
24;2021-05-22;7627;4190;897361;410783;35.1;16.1
24;2021-05-23;2992;950;900353;411733;35.2;16.1
24;2021-05-24;8349;1608;908702;413341;35.5;16.2
24;2021-05-25;17803;8911;926505;422252;36.2;16.5
24;2021-05-26;19332;8348;945837;430600;37.0;16.8
24;2021-05-27;20892;10086;966729;440686;37.8;17.2
24;2021-05-28;20472;12291;987201;452977;38.6;17.7
24;2021-05-29;12421;5902;999622;458879;39.1;17.9
24;2021-05-30;2033;1483;1001655;460362;39.1;18.0
24;2021-05-31;14582;8932;1016237;469294;39.7;18.3
24;2021-06-01;19702;12052;1035939;481346;40.5;18.8
24;2021-06-02;17777;10831;1053716;492177;41.2;19.2
24;2021-06-03;20893;11940;1074609;504117;42.0;19.7
24;2021-06-04;19937;13851;1094546;517968;42.8;20.2
24;2021-06-05;9875;8848;1104421;526816;43.2;20.6
24;2021-06-06;1993;3020;1106414;529836;43.2;20.7
24;2021-06-07;14416;12040;1120830;541876;43.8;21.2
24;2021-06-08;16078;15006;1136908;556882;44.4;21.8
24;2021-06-09;16454;12794;1153362;569676;45.1;22.3
24;2021-06-10;17888;12156;1171250;581832;45.8;22.7
24;2021-06-11;17164;15348;1188414;597180;46.4;23.3
24;2021-06-12;10078;7353;1198492;604533;46.8;23.6
24;2021-06-13;893;1316;1199385;605849;46.9;23.7
24;2021-06-14;10452;15295;1209837;621144;47.3;24.3
24;2021-06-15;12977;17154;1222814;638298;47.8;24.9
24;2021-06-16;13441;16297;1236255;654595;48.3;25.6
24;2021-06-17;13122;17333;1249377;671928;48.8;26.3
24;2021-06-18;14543;19862;1263920;691790;49.4;27.0
24;2021-06-19;7925;6662;1271845;698452;49.7;27.3
24;2021-06-20;554;858;1272399;699310;49.7;27.3
24;2021-06-21;8853;16520;1281252;715830;50.1;28.0
24;2021-06-22;10206;19448;1291458;735278;50.5;28.7
24;2021-06-23;9700;17896;1301158;753174;50.8;29.4
24;2021-06-24;9009;12909;1310167;766083;51.2;29.9
24;2021-06-25;10642;19949;1320809;786032;51.6;30.7
24;2021-06-26;5294;10984;1326103;797016;51.8;31.1
24;2021-06-27;794;2215;1326897;799231;51.9;31.2
24;2021-06-28;6480;18580;1333377;817811;52.1;32.0
24;2021-06-29;7915;24147;1341292;841958;52.4;32.9
24;2021-06-30;8137;22286;1349429;864244;52.7;33.8
24;2021-07-01;7684;19624;1357113;883868;53.0;34.5
24;2021-07-02;8214;23525;1365327;907393;53.4;35.5
24;2021-07-03;4168;11140;1369495;918533;53.5;35.9
24;2021-07-04;499;2802;1369994;921335;53.5;36.0
24;2021-07-05;6633;18644;1376627;939979;53.8;36.7
24;2021-07-06;7926;23515;1384553;963494;54.1;37.7
27;2020-12-27;4;0;4;0;0.0;0.0
27;2020-12-28;0;0;4;0;0.0;0.0
27;2020-12-29;19;0;23;0;0.0;0.0
27;2020-12-30;20;0;43;0;0.0;0.0
27;2020-12-31;2;0;45;0;0.0;0.0
27;2021-01-01;0;0;45;0;0.0;0.0
27;2021-01-02;1;0;46;0;0.0;0.0
27;2021-01-03;1;0;47;0;0.0;0.0
27;2021-01-04;28;0;75;0;0.0;0.0
27;2021-01-05;263;2;338;2;0.0;0.0
27;2021-01-06;718;1;1056;3;0.0;0.0
27;2021-01-07;1582;3;2638;6;0.1;0.0
27;2021-01-08;1896;4;4534;10;0.2;0.0
27;2021-01-09;688;0;5222;10;0.2;0.0
27;2021-01-10;3;0;5225;10;0.2;0.0
27;2021-01-11;2420;4;7645;14;0.3;0.0
27;2021-01-12;3823;4;11468;18;0.4;0.0
27;2021-01-13;3849;8;15317;26;0.6;0.0
27;2021-01-14;4752;48;20069;74;0.7;0.0
27;2021-01-15;3601;21;23670;95;0.9;0.0
27;2021-01-16;795;9;24465;104;0.9;0.0
27;2021-01-17;116;1;24581;105;0.9;0.0
27;2021-01-18;6254;20;30835;125;1.1;0.0
27;2021-01-19;8401;22;39236;147;1.4;0.0
27;2021-01-20;7910;61;47146;208;1.7;0.0
27;2021-01-21;9461;22;56607;230;2.0;0.0
27;2021-01-22;7710;18;64317;248;2.3;0.0
27;2021-01-23;2986;6;67303;254;2.4;0.0
27;2021-01-24;347;0;67650;254;2.4;0.0
27;2021-01-25;5222;31;72872;285;2.6;0.0
27;2021-01-26;7390;230;80262;515;2.9;0.0
27;2021-01-27;7098;356;87360;871;3.1;0.0
27;2021-01-28;6337;894;93697;1765;3.4;0.1
27;2021-01-29;5931;1269;99628;3034;3.6;0.1
27;2021-01-30;2496;347;102124;3381;3.7;0.1
27;2021-01-31;252;22;102376;3403;3.7;0.1
27;2021-02-01;3359;1400;105735;4803;3.8;0.2
27;2021-02-02;4040;2221;109775;7024;3.9;0.3
27;2021-02-03;3618;2397;113393;9421;4.1;0.3
27;2021-02-04;3702;3150;117095;12571;4.2;0.5
27;2021-02-05;3239;2584;120334;15155;4.3;0.5
27;2021-02-06;1608;671;121942;15826;4.4;0.6
27;2021-02-07;5;87;121947;15913;4.4;0.6
27;2021-02-08;2912;2683;124859;18596;4.5;0.7
27;2021-02-09;3016;3657;127875;22253;4.6;0.8
27;2021-02-10;3054;3413;130929;25666;4.7;0.9
27;2021-02-11;3314;4651;134243;30317;4.8;1.1
27;2021-02-12;2727;4461;136970;34778;4.9;1.2
27;2021-02-13;986;1467;137956;36245;5.0;1.3
27;2021-02-14;258;301;138214;36546;5.0;1.3
27;2021-02-15;1239;5741;139453;42287;5.0;1.5
27;2021-02-16;1507;7435;140960;49722;5.1;1.8
27;2021-02-17;1806;6894;142766;56616;5.1;2.0
27;2021-02-18;2146;6462;144912;63078;5.2;2.3
27;2021-02-19;1736;5666;146648;68744;5.3;2.5
27;2021-02-20;712;2179;147360;70923;5.3;2.5
27;2021-02-21;2;280;147362;71203;5.3;2.6
27;2021-02-22;979;4892;148341;76095;5.3;2.7
27;2021-02-23;1203;5416;149544;81511;5.4;2.9
27;2021-02-24;1508;4852;151052;86363;5.4;3.1
27;2021-02-25;2921;5051;153973;91414;5.5;3.3
27;2021-02-26;3683;4215;157656;95629;5.7;3.4
27;2021-02-27;1911;1955;159567;97584;5.7;3.5
27;2021-02-28;107;282;159674;97866;5.7;3.5
27;2021-03-01;3673;3505;163347;101371;5.9;3.6
27;2021-03-02;5417;4348;168764;105719;6.1;3.8
27;2021-03-03;5975;3570;174739;109289;6.3;3.9
27;2021-03-04;7714;3578;182453;112867;6.6;4.1
27;2021-03-05;9701;3203;192154;116070;6.9;4.2
27;2021-03-06;6231;1095;198385;117165;7.1;4.2
27;2021-03-07;872;191;199257;117356;7.2;4.2
27;2021-03-08;4552;3421;203809;120777;7.3;4.3
27;2021-03-09;8424;3418;212233;124195;7.6;4.5
27;2021-03-10;8726;2811;220959;127006;7.9;4.6
27;2021-03-11;10269;3217;231228;130223;8.3;4.7
27;2021-03-12;11896;2482;243124;132705;8.7;4.8
27;2021-03-13;7050;698;250174;133403;9.0;4.8
27;2021-03-14;214;59;250388;133462;9.0;4.8
27;2021-03-15;7320;1382;257708;134844;9.3;4.8
27;2021-03-16;8246;1094;265954;135938;9.6;4.9
27;2021-03-17;8540;1193;274494;137131;9.9;4.9
27;2021-03-18;8624;1419;283118;138550;10.2;5.0
27;2021-03-19;9448;1107;292566;139657;10.5;5.0
27;2021-03-20;5670;400;298236;140057;10.7;5.0
27;2021-03-21;238;11;298474;140068;10.7;5.0
27;2021-03-22;9346;969;307820;141037;11.1;5.1
27;2021-03-23;14728;1206;322548;142243;11.6;5.1
27;2021-03-24;15193;1254;337741;143497;12.1;5.2
27;2021-03-25;18385;1474;356126;144971;12.8;5.2
27;2021-03-26;18390;1286;374516;146257;13.5;5.3
27;2021-03-27;7690;413;382206;146670;13.7;5.3
27;2021-03-28;492;124;382698;146794;13.8;5.3
27;2021-03-29;10033;3402;392731;150196;14.1;5.4
27;2021-03-30;12974;4005;405705;154201;14.6;5.5
27;2021-03-31;12844;4210;418549;158411;15.0;5.7
27;2021-04-01;14555;4155;433104;162566;15.6;5.8
27;2021-04-02;12954;4045;446058;166611;16.0;6.0
27;2021-04-03;4481;1137;450539;167748;16.2;6.0
27;2021-04-04;70;35;450609;167783;16.2;6.0
27;2021-04-05;345;7;450954;167790;16.2;6.0
27;2021-04-06;9564;6174;460518;173964;16.5;6.3
27;2021-04-07;10199;6435;470717;180399;16.9;6.5
27;2021-04-08;15735;6167;486452;186566;17.5;6.7
27;2021-04-09;17853;6019;504305;192585;18.1;6.9
27;2021-04-10;6073;1954;510378;194539;18.3;7.0
27;2021-04-11;422;84;510800;194623;18.4;7.0
27;2021-04-12;9070;6794;519870;201417;18.7;7.2
27;2021-04-13;11744;8495;531614;209912;19.1;7.5
27;2021-04-14;10296;7826;541910;217738;19.5;7.8
27;2021-04-15;12961;7674;554871;225412;19.9;8.1
27;2021-04-16;12763;6450;567634;231862;20.4;8.3
27;2021-04-17;5923;3034;573557;234896;20.6;8.4
27;2021-04-18;357;189;573914;235085;20.6;8.4
27;2021-04-19;6968;8857;580882;243942;20.9;8.8
27;2021-04-20;8482;10534;589364;254476;21.2;9.1
27;2021-04-21;8340;10136;597704;264612;21.5;9.5
27;2021-04-22;9854;11523;607558;276135;21.8;9.9
27;2021-04-23;11344;10293;618902;286428;22.2;10.3
27;2021-04-24;5172;3963;624074;290391;22.4;10.4
27;2021-04-25;440;295;624514;290686;22.4;10.4
27;2021-04-26;9540;8730;634054;299416;22.8;10.8
27;2021-04-27;13460;10235;647514;309651;23.3;11.1
27;2021-04-28;14194;10361;661708;320012;23.8;11.5
27;2021-04-29;17873;11535;679581;331547;24.4;11.9
27;2021-04-30;18733;9500;698314;341047;25.1;12.3
27;2021-05-01;5428;1544;703742;342591;25.3;12.3
27;2021-05-02;604;76;704346;342667;25.3;12.3
27;2021-05-03;14907;6324;719253;348991;25.8;12.5
27;2021-05-04;13946;10789;733199;359780;26.3;12.9
27;2021-05-05;15559;10014;748758;369794;26.9;13.3
27;2021-05-06;18276;12350;767034;382144;27.6;13.7
27;2021-05-07;17216;11763;784250;393907;28.2;14.2
27;2021-05-08;5949;1512;790199;395419;28.4;14.2
27;2021-05-09;533;440;790732;395859;28.4;14.2
27;2021-05-10;15280;9873;806012;405732;29.0;14.6
27;2021-05-11;20754;12906;826766;418638;29.7;15.0
27;2021-05-12;19670;11743;846436;430381;30.4;15.5
27;2021-05-13;12298;2035;858734;432416;30.9;15.5
27;2021-05-14;22928;8387;881662;440803;31.7;15.8
27;2021-05-15;15419;3398;897081;444201;32.2;16.0
27;2021-05-16;1892;239;898973;444440;32.3;16.0
27;2021-05-17;18965;6807;917938;451247;33.0;16.2
27;2021-05-18;20696;9301;938634;460548;33.7;16.5
27;2021-05-19;22253;7302;960887;467850;34.5;16.8
27;2021-05-20;23236;8229;984123;476079;35.4;17.1
27;2021-05-21;21166;10059;1005289;486138;36.1;17.5
27;2021-05-22;8284;3610;1013573;489748;36.4;17.6
27;2021-05-23;913;305;1014486;490053;36.5;17.6
27;2021-05-24;4244;1087;1018730;491140;36.6;17.6
27;2021-05-25;14968;11632;1033698;502772;37.1;18.1
27;2021-05-26;15435;10676;1049133;513448;37.7;18.4
27;2021-05-27;18408;11840;1067541;525288;38.4;18.9
27;2021-05-28;16078;14122;1083619;539410;38.9;19.4
27;2021-05-29;6814;5154;1090433;544564;39.2;19.6
27;2021-05-30;393;255;1090826;544819;39.2;19.6
27;2021-05-31;13309;10929;1104135;555748;39.7;20.0
27;2021-06-01;16548;13448;1120683;569196;40.3;20.5
27;2021-06-02;16165;11452;1136848;580648;40.8;20.9
27;2021-06-03;17739;11863;1154587;592511;41.5;21.3
27;2021-06-04;16183;14613;1170770;607124;42.1;21.8
27;2021-06-05;8345;6758;1179115;613882;42.4;22.1
27;2021-06-06;1722;645;1180837;614527;42.4;22.1
27;2021-06-07;17433;13107;1198270;627634;43.1;22.6
27;2021-06-08;19685;15344;1217955;642978;43.8;23.1
27;2021-06-09;19056;12505;1237011;655483;44.4;23.6
27;2021-06-10;19020;13918;1256031;669401;45.1;24.1
27;2021-06-11;18117;17115;1274148;686516;45.8;24.7
27;2021-06-12;9473;7843;1283621;694359;46.1;24.9
27;2021-06-13;953;951;1284574;695310;46.2;25.0
27;2021-06-14;11056;17057;1295630;712367;46.6;25.6
27;2021-06-15;14132;17644;1309762;730011;47.1;26.2
27;2021-06-16;14686;15617;1324448;745628;47.6;26.8
27;2021-06-17;15155;17263;1339603;762891;48.1;27.4
27;2021-06-18;14782;20195;1354385;783086;48.7;28.1
27;2021-06-19;7669;8665;1362054;791751;48.9;28.4
27;2021-06-20;172;458;1362226;792209;48.9;28.5
27;2021-06-21;7761;19040;1369987;811249;49.2;29.1
27;2021-06-22;9557;24268;1379544;835517;49.6;30.0
27;2021-06-23;11258;19311;1390802;854828;50.0;30.7
27;2021-06-24;10503;17994;1401305;872822;50.4;31.4
27;2021-06-25;9351;27016;1410656;899838;50.7;32.3
27;2021-06-26;5074;15807;1415730;915645;50.9;32.9
27;2021-06-27;663;1886;1416393;917531;50.9;33.0
27;2021-06-28;6237;21974;1422630;939505;51.1;33.8
27;2021-06-29;7152;24624;1429782;964129;51.4;34.6
27;2021-06-30;9015;22738;1438797;986867;51.7;35.5
27;2021-07-01;9183;22497;1447980;1009364;52.0;36.3
27;2021-07-02;10580;20987;1458560;1030351;52.4;37.0
27;2021-07-03;4605;9289;1463165;1039640;52.6;37.4
27;2021-07-04;520;1063;1463685;1040703;52.6;37.4
27;2021-07-05;8661;17724;1472346;1058427;52.9;38.0
27;2021-07-06;8950;21384;1481296;1079811;53.2;38.8
28;2020-12-27;0;0;0;0;0.0;0.0
28;2020-12-28;1;0;1;0;0.0;0.0
28;2020-12-29;2;0;3;0;0.0;0.0
28;2020-12-30;0;0;3;0;0.0;0.0
28;2020-12-31;1;0;4;0;0.0;0.0
28;2021-01-01;1;0;5;0;0.0;0.0
28;2021-01-02;1;0;6;0;0.0;0.0
28;2021-01-03;1;0;7;0;0.0;0.0
28;2021-01-04;16;0;23;0;0.0;0.0
28;2021-01-05;169;0;192;0;0.0;0.0
28;2021-01-06;1393;2;1585;2;0.0;0.0
28;2021-01-07;2600;9;4185;11;0.1;0.0
28;2021-01-08;3428;3;7613;14;0.2;0.0
28;2021-01-09;1333;3;8946;17;0.3;0.0
28;2021-01-10;705;1;9651;18;0.3;0.0
28;2021-01-11;3178;4;12829;22;0.4;0.0
28;2021-01-12;3977;3;16806;25;0.5;0.0
28;2021-01-13;4302;8;21108;33;0.6;0.0
28;2021-01-14;8098;74;29206;107;0.9;0.0
28;2021-01-15;6218;25;35424;132;1.1;0.0
28;2021-01-16;2087;10;37511;142;1.1;0.0
28;2021-01-17;4073;24;41584;166;1.3;0.0
28;2021-01-18;8785;17;50369;183;1.5;0.0
28;2021-01-19;7142;12;57511;195;1.7;0.0
28;2021-01-20;6509;11;64020;206;1.9;0.0
28;2021-01-21;5992;10;70012;216;2.1;0.0
28;2021-01-22;5440;12;75452;228;2.3;0.0
28;2021-01-23;2019;8;77471;236;2.3;0.0
28;2021-01-24;1447;10;78918;246;2.4;0.0
28;2021-01-25;6242;179;85160;425;2.6;0.0
28;2021-01-26;4577;394;89737;819;2.7;0.0
28;2021-01-27;4034;764;93771;1583;2.8;0.0
28;2021-01-28;3755;1046;97526;2629;3.0;0.1
28;2021-01-29;3489;1306;101015;3935;3.1;0.1
28;2021-01-30;1386;517;102401;4452;3.1;0.1
28;2021-01-31;195;126;102596;4578;3.1;0.1
28;2021-02-01;2782;1659;105378;6237;3.2;0.2
28;2021-02-02;2985;2389;108363;8626;3.3;0.3
28;2021-02-03;2948;2668;111311;11294;3.4;0.3
28;2021-02-04;3726;5200;115037;16494;3.5;0.5
28;2021-02-05;3887;4387;118924;20881;3.6;0.6
28;2021-02-06;1140;1549;120064;22430;3.6;0.7
28;2021-02-07;715;1974;120779;24404;3.7;0.7
28;2021-02-08;3802;6847;124581;31251;3.8;0.9
28;2021-02-09;3461;6026;128042;37277;3.9;1.1
28;2021-02-10;3454;5070;131496;42347;4.0;1.3
28;2021-02-11;4211;4895;135707;47242;4.1;1.4
28;2021-02-12;4042;4614;139749;51856;4.2;1.6
28;2021-02-13;1124;1575;140873;53431;4.3;1.6
28;2021-02-14;285;1387;141158;54818;4.3;1.7
28;2021-02-15;2211;6280;143369;61098;4.3;1.8
28;2021-02-16;2655;5659;146024;66757;4.4;2.0
28;2021-02-17;1949;4539;147973;71296;4.5;2.2
28;2021-02-18;2569;4285;150542;75581;4.6;2.3
28;2021-02-19;2548;3716;153090;79297;4.6;2.4
28;2021-02-20;945;1256;154035;80553;4.7;2.4
28;2021-02-21;103;414;154138;80967;4.7;2.5
28;2021-02-22;1666;4225;155804;85192;4.7;2.6
28;2021-02-23;2171;3841;157975;89033;4.8;2.7
28;2021-02-24;2372;3884;160347;92917;4.9;2.8
28;2021-02-25;4772;4195;165119;97112;5.0;2.9
28;2021-02-26;5961;3742;171080;100854;5.2;3.1
28;2021-02-27;3008;1030;174088;101884;5.3;3.1
28;2021-02-28;340;386;174428;102270;5.3;3.1
28;2021-03-01;2526;4642;176954;106912;5.4;3.2
28;2021-03-02;3900;4096;180854;111008;5.5;3.4
28;2021-03-03;4792;3474;185646;114482;5.6;3.5
28;2021-03-04;7305;2860;192951;117342;5.8;3.6
28;2021-03-05;10147;2500;203098;119842;6.1;3.6
28;2021-03-06;9809;795;212907;120637;6.4;3.7
28;2021-03-07;3772;127;216679;120764;6.6;3.7
28;2021-03-08;5867;3273;222546;124037;6.7;3.8
28;2021-03-09;9283;2814;231829;126851;7.0;3.8
28;2021-03-10;9804;2438;241633;129289;7.3;3.9
28;2021-03-11;13963;2016;255596;131305;7.7;4.0
28;2021-03-12;17992;1564;273588;132869;8.3;4.0
28;2021-03-13;11154;527;284742;133396;8.6;4.0
28;2021-03-14;2259;100;287001;133496;8.7;4.0
28;2021-03-15;8650;871;295651;134367;8.9;4.1
28;2021-03-16;7489;1189;303140;135556;9.2;4.1
28;2021-03-17;7719;1191;310859;136747;9.4;4.1
28;2021-03-18;8165;1372;319024;138119;9.7;4.2
28;2021-03-19;11563;1460;330587;139579;10.0;4.2
28;2021-03-20;9670;545;340257;140124;10.3;4.2
28;2021-03-21;2410;24;342667;140148;10.4;4.2
28;2021-03-22;9385;1631;352052;141779;10.7;4.3
28;2021-03-23;12484;1510;364536;143289;11.0;4.3
28;2021-03-24;13257;1595;377793;144884;11.4;4.4
28;2021-03-25;17618;1820;395411;146704;12.0;4.4
28;2021-03-26;20828;1887;416239;148591;12.6;4.5
28;2021-03-27;11498;1132;427737;149723;12.9;4.5
28;2021-03-28;2966;92;430703;149815;13.0;4.5
28;2021-03-29;11771;2962;442474;152777;13.4;4.6
28;2021-03-30;14419;3075;456893;155852;13.8;4.7
28;2021-03-31;14394;3571;471287;159423;14.3;4.8
28;2021-04-01;18037;5515;489324;164938;14.8;5.0
28;2021-04-02;16813;6373;506137;171311;15.3;5.2
28;2021-04-03;7004;3964;513141;175275;15.5;5.3
28;2021-04-04;1778;796;514919;176071;15.6;5.3
28;2021-04-05;3290;735;518209;176806;15.7;5.4
28;2021-04-06;10813;7362;529022;184168;16.0;5.6
28;2021-04-07;12693;6951;541715;191119;16.4;5.8
28;2021-04-08;17674;7527;559389;198646;16.9;6.0
28;2021-04-09;23821;7814;583210;206460;17.7;6.2
28;2021-04-10;13841;4117;597051;210577;18.1;6.4
28;2021-04-11;3028;1187;600079;211764;18.2;6.4
28;2021-04-12;13787;8013;613866;219777;18.6;6.7
28;2021-04-13;16183;8037;630049;227814;19.1;6.9
28;2021-04-14;14320;8014;644369;235828;19.5;7.1
28;2021-04-15;17224;8380;661593;244208;20.0;7.4
28;2021-04-16;20280;7819;681873;252027;20.6;7.6
28;2021-04-17;12748;5028;694621;257055;21.0;7.8
28;2021-04-18;2289;1238;696910;258293;21.1;7.8
28;2021-04-19;10867;8838;707777;267131;21.4;8.1
28;2021-04-20;13901;9756;721678;276887;21.8;8.4
28;2021-04-21;13282;9974;734960;286861;22.2;8.7
28;2021-04-22;15294;11886;750254;298747;22.7;9.0
28;2021-04-23;16435;12297;766689;311044;23.2;9.4
28;2021-04-24;12585;7274;779274;318318;23.6;9.6
28;2021-04-25;3293;1920;782567;320238;23.7;9.7
28;2021-04-26;12539;10176;795106;330414;24.1;10.0
28;2021-04-27;14865;11744;809971;342158;24.5;10.4
28;2021-04-28;15045;10693;825016;352851;25.0;10.7
28;2021-04-29;18451;11778;843467;364629;25.5;11.0
28;2021-04-30;20390;11900;863857;376529;26.1;11.4
28;2021-05-01;12809;2975;876666;379504;26.5;11.5
28;2021-05-02;5991;1839;882657;381343;26.7;11.5
28;2021-05-03;12856;9985;895513;391328;27.1;11.8
28;2021-05-04;13817;13128;909330;404456;27.5;12.2
28;2021-05-05;13944;14498;923274;418954;27.9;12.7
28;2021-05-06;18313;15089;941587;434043;28.5;13.1
28;2021-05-07;17837;17396;959424;451439;29.0;13.7
28;2021-05-08;12628;4708;972052;456147;29.4;13.8
28;2021-05-09;7151;1827;979203;457974;29.6;13.9
28;2021-05-10;14204;14799;993407;472773;30.1;14.3
28;2021-05-11;18107;15326;1011514;488099;30.6;14.8
28;2021-05-12;18791;13970;1030305;502069;31.2;15.2
28;2021-05-13;19679;3736;1049984;505805;31.8;15.3
28;2021-05-14;26359;12515;1076343;518320;32.6;15.7
28;2021-05-15;26941;7117;1103284;525437;33.4;15.9
28;2021-05-16;14144;1585;1117428;527022;33.8;16.0
28;2021-05-17;16218;9452;1133646;536474;34.3;16.2
28;2021-05-18;21091;8799;1154737;545273;35.0;16.5
28;2021-05-19;20913;8540;1175650;553813;35.6;16.8
28;2021-05-20;23144;9691;1198794;563504;36.3;17.1
28;2021-05-21;21449;12126;1220243;575630;36.9;17.4
28;2021-05-22;17599;6020;1237842;581650;37.5;17.6
28;2021-05-23;9137;969;1246979;582619;37.7;17.6
28;2021-05-24;13434;3202;1260413;585821;38.2;17.7
28;2021-05-25;19193;11642;1279606;597463;38.7;18.1
28;2021-05-26;19391;10053;1298997;607516;39.3;18.4
28;2021-05-27;21743;12425;1320740;619941;40.0;18.8
28;2021-05-28;21612;16559;1342352;636500;40.6;19.3
28;2021-05-29;17560;10195;1359912;646695;41.2;19.6
28;2021-05-30;6273;1276;1366185;647971;41.4;19.6
28;2021-05-31;19867;11948;1386052;659919;42.0;20.0
28;2021-06-01;23732;13890;1409784;673809;42.7;20.4
28;2021-06-02;20816;12348;1430600;686157;43.3;20.8
28;2021-06-03;26451;14680;1457051;700837;44.1;21.2
28;2021-06-04;24582;18948;1481633;719785;44.9;21.8
28;2021-06-05;18359;12073;1499992;731858;45.4;22.2
28;2021-06-06;7674;2407;1507666;734265;45.6;22.2
28;2021-06-07;19227;14193;1526893;748458;46.2;22.7
28;2021-06-08;22637;15550;1549530;764008;46.9;23.1
28;2021-06-09;19747;14678;1569277;778686;47.5;23.6
28;2021-06-10;21206;14804;1590483;793490;48.1;24.0
28;2021-06-11;21017;21162;1611500;814652;48.8;24.7
28;2021-06-12;17912;17144;1629412;831796;49.3;25.2
28;2021-06-13;6341;5896;1635753;837692;49.5;25.4
28;2021-06-14;13888;17764;1649641;855456;49.9;25.9
28;2021-06-15;16209;18743;1665850;874199;50.4;26.5
28;2021-06-16;16680;18597;1682530;892796;50.9;27.0
28;2021-06-17;17229;20508;1699759;913304;51.5;27.6
28;2021-06-18;18507;24435;1718266;937739;52.0;28.4
28;2021-06-19;14790;15815;1733056;953554;52.5;28.9
28;2021-06-20;4981;5134;1738037;958688;52.6;29.0
28;2021-06-21;11293;20754;1749330;979442;53.0;29.6
28;2021-06-22;12729;23872;1762059;1003314;53.3;30.4
28;2021-06-23;11894;23633;1773953;1026947;53.7;31.1
28;2021-06-24;12637;24485;1786590;1051432;54.1;31.8
28;2021-06-25;12460;29451;1799050;1080883;54.5;32.7
28;2021-06-26;9212;23420;1808262;1104303;54.7;33.4
28;2021-06-27;2906;10118;1811168;1114421;54.8;33.7
28;2021-06-28;8285;22926;1819453;1137347;55.1;34.4
28;2021-06-29;9800;26207;1829253;1163554;55.4;35.2
28;2021-06-30;11114;24392;1840367;1187946;55.7;36.0
28;2021-07-01;12150;23774;1852517;1211720;56.1;36.7
28;2021-07-02;11059;29693;1863576;1241413;56.4;37.6
28;2021-07-03;8083;21167;1871659;1262580;56.7;38.2
28;2021-07-04;2907;9131;1874566;1271711;56.7;38.5
28;2021-07-05;8418;22802;1882984;1294513;57.0;39.2
28;2021-07-06;9725;26898;1892709;1321411;57.3;40.0
32;2020-12-27;1;0;1;0;0.0;0.0
32;2020-12-28;27;0;28;0;0.0;0.0
32;2020-12-29;12;0;40;0;0.0;0.0
32;2020-12-30;0;0;40;0;0.0;0.0
32;2020-12-31;0;0;40;0;0.0;0.0
32;2021-01-01;1;0;41;0;0.0;0.0
32;2021-01-02;6;0;47;0;0.0;0.0
32;2021-01-03;4;0;51;0;0.0;0.0
32;2021-01-04;82;0;133;0;0.0;0.0
32;2021-01-05;300;0;433;0;0.0;0.0
32;2021-01-06;788;2;1221;2;0.0;0.0
32;2021-01-07;2430;4;3651;6;0.1;0.0
32;2021-01-08;3167;10;6818;16;0.1;0.0
32;2021-01-09;957;4;7775;20;0.1;0.0
32;2021-01-10;641;0;8416;20;0.1;0.0
32;2021-01-11;3269;6;11685;26;0.2;0.0
32;2021-01-12;5023;7;16708;33;0.3;0.0
32;2021-01-13;4943;11;21651;44;0.4;0.0
32;2021-01-14;5723;47;27374;91;0.5;0.0
32;2021-01-15;5228;29;32602;120;0.5;0.0
32;2021-01-16;1637;11;34239;131;0.6;0.0
32;2021-01-17;860;3;35099;134;0.6;0.0
32;2021-01-18;7234;23;42333;157;0.7;0.0
32;2021-01-19;9901;38;52234;195;0.9;0.0
32;2021-01-20;10369;29;62603;224;1.0;0.0
32;2021-01-21;12717;48;75320;272;1.3;0.0
32;2021-01-22;9883;28;85203;300;1.4;0.0
32;2021-01-23;3412;5;88615;305;1.5;0.0
32;2021-01-24;1119;3;89734;308;1.5;0.0
32;2021-01-25;6867;88;96601;396;1.6;0.0
32;2021-01-26;7447;184;104048;580;1.7;0.0
32;2021-01-27;4837;511;108885;1091;1.8;0.0
32;2021-01-28;8598;1691;117483;2782;2.0;0.0
32;2021-01-29;5385;1861;122868;4643;2.1;0.1
32;2021-01-30;534;409;123402;5052;2.1;0.1
32;2021-01-31;67;74;123469;5126;2.1;0.1
32;2021-02-01;192;1812;123661;6938;2.1;0.1
32;2021-02-02;787;3164;124448;10102;2.1;0.2
32;2021-02-03;4076;3188;128524;13290;2.2;0.2
32;2021-02-04;3687;3615;132211;16905;2.2;0.3
32;2021-02-05;1962;3277;134173;20182;2.3;0.3
32;2021-02-06;517;874;134690;21056;2.3;0.4
32;2021-02-07;541;102;135231;21158;2.3;0.4
32;2021-02-08;1865;3676;137096;24834;2.3;0.4
32;2021-02-09;2550;4357;139646;29191;2.3;0.5
32;2021-02-10;2984;5338;142630;34529;2.4;0.6
32;2021-02-11;4781;6196;147411;40725;2.5;0.7
32;2021-02-12;5093;4680;152504;45405;2.6;0.8
32;2021-02-13;939;1889;153443;47294;2.6;0.8
32;2021-02-14;116;710;153559;48004;2.6;0.8
32;2021-02-15;3614;6916;157173;54920;2.6;0.9
32;2021-02-16;4028;8225;161201;63145;2.7;1.1
32;2021-02-17;4304;8697;165505;71842;2.8;1.2
32;2021-02-18;7040;11383;172545;83225;2.9;1.4
32;2021-02-19;7084;8304;179629;91529;3.0;1.5
32;2021-02-20;2518;3007;182147;94536;3.1;1.6
32;2021-02-21;434;492;182581;95028;3.1;1.6
32;2021-02-22;3262;5324;185843;100352;3.1;1.7
32;2021-02-23;5505;5906;191348;106258;3.2;1.8
32;2021-02-24;7445;6070;198793;112328;3.3;1.9
32;2021-02-25;12833;5026;211626;117354;3.5;2.0
32;2021-02-26;12545;2904;224171;120258;3.8;2.0
32;2021-02-27;6493;326;230664;120584;3.9;2.0
32;2021-02-28;364;134;231028;120718;3.9;2.0
32;2021-03-01;7247;872;238275;121590;4.0;2.0
32;2021-03-02;10963;1004;249238;122594;4.2;2.1
32;2021-03-03;11998;1761;261236;124355;4.4;2.1
32;2021-03-04;15106;2464;276342;126819;4.6;2.1
32;2021-03-05;17129;2139;293471;128958;4.9;2.2
32;2021-03-06;28100;1078;321571;130036;5.4;2.2
32;2021-03-07;19862;520;341433;130556;5.7;2.2
32;2021-03-08;8927;2566;350360;133122;5.9;2.2
32;2021-03-09;14298;3305;364658;136427;6.1;2.3
32;2021-03-10;15774;3253;380432;139680;6.4;2.3
32;2021-03-11;20926;4752;401358;144432;6.7;2.4
32;2021-03-12;26071;4288;427429;148720;7.2;2.5
32;2021-03-13;41628;2071;469057;150791;7.9;2.5
32;2021-03-14;20099;610;489156;151401;8.2;2.5
32;2021-03-15;13056;3596;502212;154997;8.4;2.6
32;2021-03-16;9790;3458;512002;158455;8.6;2.7
32;2021-03-17;9714;4082;521716;162537;8.7;2.7
32;2021-03-18;10017;5006;531733;167543;8.9;2.8
32;2021-03-19;17948;3831;549681;171374;9.2;2.9
32;2021-03-20;36504;2011;586185;173385;9.8;2.9
32;2021-03-21;19840;808;606025;174193;10.2;2.9
32;2021-03-22;12153;4281;618178;178474;10.4;3.0
32;2021-03-23;18930;5902;637108;184376;10.7;3.1
32;2021-03-24;17930;6145;655038;190521;11.0;3.2
32;2021-03-25;25304;5730;680342;196251;11.4;3.3
32;2021-03-26;28989;5927;709331;202178;11.9;3.4
32;2021-03-27;36684;2201;746015;204379;12.5;3.4
32;2021-03-28;18646;647;764661;205026;12.8;3.4
32;2021-03-29;14577;7017;779238;212043;13.1;3.6
32;2021-03-30;18876;8627;798114;220670;13.4;3.7
32;2021-03-31;15796;9298;813910;229968;13.7;3.9
32;2021-04-01;18226;11007;832136;240975;14.0;4.0
32;2021-04-02;19976;12525;852112;253500;14.3;4.3
32;2021-04-03;30032;10163;882144;263663;14.8;4.4
32;2021-04-04;11654;4734;893798;268397;15.0;4.5
32;2021-04-05;9598;2343;903396;270740;15.2;4.5
32;2021-04-06;14273;10835;917669;281575;15.4;4.7
32;2021-04-07;18083;12537;935752;294112;15.7;4.9
32;2021-04-08;23514;12968;959266;307080;16.1;5.2
32;2021-04-09;29955;13142;989221;320222;16.6;5.4
32;2021-04-10;26172;18799;1015393;339021;17.0;5.7
32;2021-04-11;9150;11998;1024543;351019;17.2;5.9
32;2021-04-12;15397;9484;1039940;360503;17.4;6.0
32;2021-04-13;21794;11581;1061734;372084;17.8;6.2
32;2021-04-14;22492;11127;1084226;383211;18.2;6.4
32;2021-04-15;25740;11146;1109966;394357;18.6;6.6
32;2021-04-16;25320;12434;1135286;406791;19.0;6.8
32;2021-04-17;17994;22949;1153280;429740;19.3;7.2
32;2021-04-18;6391;14024;1159671;443764;19.4;7.4
32;2021-04-19;11659;9789;1171330;453553;19.6;7.6
32;2021-04-20;16413;12260;1187743;465813;19.9;7.8
32;2021-04-21;15787;12492;1203530;478305;20.2;8.0
32;2021-04-22;19031;15007;1222561;493312;20.5;8.3
32;2021-04-23;19646;15940;1242207;509252;20.8;8.5
32;2021-04-24;15461;21012;1257668;530264;21.1;8.9
32;2021-04-25;6962;12287;1264630;542551;21.2;9.1
32;2021-04-26;13211;10703;1277841;553254;21.4;9.3
32;2021-04-27;18692;14135;1296533;567389;21.7;9.5
32;2021-04-28;20192;16046;1316725;583435;22.1;9.8
32;2021-04-29;22402;19939;1339127;603374;22.5;10.1
32;2021-04-30;25009;21570;1364136;624944;22.9;10.5
32;2021-05-01;23037;13940;1387173;638884;23.3;10.7
32;2021-05-02;20948;10332;1408121;649216;23.6;10.9
32;2021-05-03;21931;11297;1430052;660513;24.0;11.1
32;2021-05-04;23845;16297;1453897;676810;24.4;11.4
32;2021-05-05;23943;17451;1477840;694261;24.8;11.6
32;2021-05-06;25727;19925;1503567;714186;25.2;12.0
32;2021-05-07;30732;21498;1534299;735684;25.7;12.3
32;2021-05-08;34591;9102;1568890;744786;26.3;12.5
32;2021-05-09;26800;6520;1595690;751306;26.8;12.6
32;2021-05-10;24218;16158;1619908;767464;27.2;12.9
32;2021-05-11;31304;19106;1651212;786570;27.7;13.2
32;2021-05-12;37282;18847;1688494;805417;28.3;13.5
32;2021-05-13;40527;7376;1729021;812793;29.0;13.6
32;2021-05-14;41784;14642;1770805;827435;29.7;13.9
32;2021-05-15;59655;12228;1830460;839663;30.7;14.1
32;2021-05-16;47882;4896;1878342;844559;31.5;14.2
32;2021-05-17;31465;10993;1909807;855552;32.0;14.3
32;2021-05-18;36826;12567;1946633;868119;32.6;14.6
32;2021-05-19;38849;11687;1985482;879806;33.3;14.8
32;2021-05-20;39800;14984;2025282;894790;34.0;15.0
32;2021-05-21;42395;17072;2067677;911862;34.7;15.3
32;2021-05-22;57874;13171;2125551;925033;35.6;15.5
32;2021-05-23;38984;4453;2164535;929486;36.3;15.6
32;2021-05-24;28531;3873;2193066;933359;36.8;15.7
32;2021-05-25;31192;14963;2224258;948322;37.3;15.9
32;2021-05-26;34217;16850;2258475;965172;37.9;16.2
32;2021-05-27;34692;20721;2293167;985893;38.5;16.5
32;2021-05-28;34307;25192;2327474;1011085;39.0;17.0
32;2021-05-29;37441;19656;2364915;1030741;39.7;17.3
32;2021-05-30;16105;3521;2381020;1034262;39.9;17.3
32;2021-05-31;27899;16521;2408919;1050783;40.4;17.6
32;2021-06-01;32770;23991;2441689;1074774;40.9;18.0
32;2021-06-02;32260;21730;2473949;1096504;41.5;18.4
32;2021-06-03;34347;25042;2508296;1121546;42.1;18.8
32;2021-06-04;35902;27684;2544198;1149230;42.7;19.3
32;2021-06-05;34403;22737;2578601;1171967;43.2;19.7
32;2021-06-06;16528;5708;2595129;1177675;43.5;19.8
32;2021-06-07;21179;19350;2616308;1197025;43.9;20.1
32;2021-06-08;26305;24307;2642613;1221332;44.3;20.5
32;2021-06-09;24370;24434;2666983;1245766;44.7;20.9
32;2021-06-10;24973;26524;2691956;1272290;45.1;21.3
32;2021-06-11;26335;36122;2718291;1308412;45.6;21.9
32;2021-06-12;25978;31573;2744269;1339985;46.0;22.5
32;2021-06-13;11805;14838;2756074;1354823;46.2;22.7
32;2021-06-14;13226;28093;2769300;1382916;46.4;23.2
32;2021-06-15;19599;34630;2788899;1417546;46.8;23.8
32;2021-06-16;20495;32499;2809394;1450045;47.1;24.3
32;2021-06-17;21400;35010;2830794;1485055;47.5;24.9
32;2021-06-18;21556;42645;2852350;1527700;47.8;25.6
32;2021-06-19;22588;43853;2874938;1571553;48.2;26.4
32;2021-06-20;9216;19128;2884154;1590681;48.4;26.7
32;2021-06-21;11372;34879;2895526;1625560;48.6;27.3
32;2021-06-22;13681;41847;2909207;1667407;48.8;28.0
32;2021-06-23;14330;43565;2923537;1710972;49.0;28.7
32;2021-06-24;15328;45805;2938865;1756777;49.3;29.5
32;2021-06-25;14745;53450;2953610;1810227;49.5;30.4
32;2021-06-26;14988;59584;2968598;1869811;49.8;31.4
32;2021-06-27;7458;33880;2976056;1903691;49.9;31.9
32;2021-06-28;10362;39081;2986418;1942772;50.1;32.6
32;2021-06-29;13176;44818;2999594;1987590;50.3;33.3
32;2021-06-30;14920;44164;3014514;2031754;50.6;34.1
32;2021-07-01;15552;44771;3030066;2076525;50.8;34.8
32;2021-07-02;16284;52132;3046350;2128657;51.1;35.7
32;2021-07-03;13133;60056;3059483;2188713;51.3;36.7
32;2021-07-04;7790;31711;3067273;2220424;51.4;37.2
32;2021-07-05;11135;35622;3078408;2256046;51.6;37.8
32;2021-07-06;14787;40200;3093195;2296246;51.9;38.5
44;2020-12-27;0;0;0;0;0.0;0.0
44;2020-12-28;0;0;0;0;0.0;0.0
44;2020-12-29;0;0;0;0;0.0;0.0
44;2020-12-30;1;0;1;0;0.0;0.0
44;2020-12-31;11;0;12;0;0.0;0.0
44;2021-01-01;2;0;14;0;0.0;0.0
44;2021-01-02;3;0;17;0;0.0;0.0
44;2021-01-03;3;0;20;0;0.0;0.0
44;2021-01-04;243;0;263;0;0.0;0.0
44;2021-01-05;773;0;1036;0;0.0;0.0
44;2021-01-06;1246;3;2282;3;0.0;0.0
44;2021-01-07;2426;5;4708;8;0.1;0.0
44;2021-01-08;3135;10;7843;18;0.1;0.0
44;2021-01-09;945;1;8788;19;0.2;0.0
44;2021-01-10;241;0;9029;19;0.2;0.0
44;2021-01-11;2990;7;12019;26;0.2;0.0
44;2021-01-12;5279;9;17298;35;0.3;0.0
44;2021-01-13;7668;20;24966;55;0.5;0.0
44;2021-01-14;9556;81;34522;136;0.6;0.0
44;2021-01-15;6709;28;41231;164;0.7;0.0
44;2021-01-16;1918;9;43149;173;0.8;0.0
44;2021-01-17;902;1;44051;174;0.8;0.0
44;2021-01-18;8722;28;52773;202;1.0;0.0
44;2021-01-19;10670;18;63443;220;1.2;0.0
44;2021-01-20;11030;48;74473;268;1.4;0.0
44;2021-01-21;11734;26;86207;294;1.6;0.0
44;2021-01-22;9636;31;95843;325;1.7;0.0
44;2021-01-23;3287;20;99130;345;1.8;0.0
44;2021-01-24;1569;4;100699;349;1.8;0.0
44;2021-01-25;6683;304;107382;653;1.9;0.0
44;2021-01-26;5644;435;113026;1088;2.1;0.0
44;2021-01-27;7380;605;120406;1693;2.2;0.0
44;2021-01-28;8831;1250;129237;2943;2.3;0.1
44;2021-01-29;6760;1801;135997;4744;2.5;0.1
44;2021-01-30;2549;495;138546;5239;2.5;0.1
44;2021-01-31;1252;55;139798;5294;2.5;0.1
44;2021-02-01;6386;2379;146184;7673;2.7;0.1
44;2021-02-02;6214;3809;152398;11482;2.8;0.2
44;2021-02-03;5602;4552;158000;16034;2.9;0.3
44;2021-02-04;6455;6968;164455;23002;3.0;0.4
44;2021-02-05;6392;5233;170847;28235;3.1;0.5
44;2021-02-06;1971;1204;172818;29439;3.1;0.5
44;2021-02-07;406;595;173224;30034;3.1;0.5
44;2021-02-08;3825;4466;177049;34500;3.2;0.6
44;2021-02-09;5720;5842;182769;40342;3.3;0.7
44;2021-02-10;6252;6020;189021;46362;3.4;0.8
44;2021-02-11;7063;6561;196084;52923;3.6;1.0
44;2021-02-12;7277;5554;203361;58477;3.7;1.1
44;2021-02-13;2545;1258;205906;59735;3.7;1.1
44;2021-02-14;1612;825;207518;60560;3.8;1.1
44;2021-02-15;4005;7209;211523;67769;3.8;1.2
44;2021-02-16;4564;7922;216087;75691;3.9;1.4
44;2021-02-17;4711;8459;220798;84150;4.0;1.5
44;2021-02-18;6071;9249;226869;93399;4.1;1.7
44;2021-02-19;5546;7505;232415;100904;4.2;1.8
44;2021-02-20;2339;2837;234754;103741;4.3;1.9
44;2021-02-21;542;1400;235296;105141;4.3;1.9
44;2021-02-22;4487;7021;239783;112162;4.4;2.0
44;2021-02-23;6030;7244;245813;119406;4.5;2.2
44;2021-02-24;6603;5912;252416;125318;4.6;2.3
44;2021-02-25;10543;7529;262959;132847;4.8;2.4
44;2021-02-26;12376;6360;275335;139207;5.0;2.5
44;2021-02-27;7890;2168;283225;141375;5.1;2.6
44;2021-02-28;2118;517;285343;141892;5.2;2.6
44;2021-03-01;6080;4673;291423;146565;5.3;2.7
44;2021-03-02;9394;5667;300817;152232;5.5;2.8
44;2021-03-03;11272;5599;312089;157831;5.7;2.9
44;2021-03-04;13266;5802;325355;163633;5.9;3.0
44;2021-03-05;17894;5706;343249;169339;6.2;3.1
44;2021-03-06;21368;2182;364617;171521;6.6;3.1
44;2021-03-07;12203;755;376820;172276;6.8;3.1
44;2021-03-08;9417;4273;386237;176549;7.0;3.2
44;2021-03-09;15199;4991;401436;181540;7.3;3.3
44;2021-03-10;16603;5197;418039;186737;7.6;3.4
44;2021-03-11;20355;5683;438394;192420;8.0;3.5
44;2021-03-12;26814;5541;465208;197961;8.4;3.6
44;2021-03-13;24221;2430;489429;200391;8.9;3.6
44;2021-03-14;6765;888;496194;201279;9.0;3.7
44;2021-03-15;12957;3469;509151;204748;9.2;3.7
44;2021-03-16;12837;3968;521988;208716;9.5;3.8
44;2021-03-17;14195;3652;536183;212368;9.7;3.9
44;2021-03-18;15410;3784;551593;216152;10.0;3.9
44;2021-03-19;21415;3927;573008;220079;10.4;4.0
44;2021-03-20;15565;1972;588573;222051;10.7;4.0
44;2021-03-21;4619;294;593192;222345;10.8;4.0
44;2021-03-22;12523;3931;605715;226276;11.0;4.1
44;2021-03-23;19446;5065;625161;231341;11.3;4.2
44;2021-03-24;22048;5196;647209;236537;11.7;4.3
44;2021-03-25;28206;5792;675415;242329;12.3;4.4
44;2021-03-26;30552;5504;705967;247833;12.8;4.5
44;2021-03-27;16231;4702;722198;252535;13.1;4.6
44;2021-03-28;4079;1974;726277;254509;13.2;4.6
44;2021-03-29;14308;6119;740585;260628;13.4;4.7
44;2021-03-30;21417;7819;762002;268447;13.8;4.9
44;2021-03-31;20126;7993;782128;276440;14.2;5.0
44;2021-04-01;23570;9329;805698;285769;14.6;5.2
44;2021-04-02;16238;6915;821936;292684;14.9;5.3
44;2021-04-03;10189;5762;832125;298446;15.1;5.4
44;2021-04-04;3133;1654;835258;300100;15.2;5.4
44;2021-04-05;4425;1413;839683;301513;15.2;5.5
44;2021-04-06;13422;10538;853105;312051;15.5;5.7
44;2021-04-07;17669;12100;870774;324151;15.8;5.9
44;2021-04-08;26024;12402;896798;336553;16.3;6.1
44;2021-04-09;32269;12741;929067;349294;16.9;6.3
44;2021-04-10;18273;10058;947340;359352;17.2;6.5
44;2021-04-11;3030;5957;950370;365309;17.2;6.6
44;2021-04-12;16955;11230;967325;376539;17.6;6.8
44;2021-04-13;21987;13745;989312;390284;17.9;7.1
44;2021-04-14;23125;14064;1012437;404348;18.4;7.3
44;2021-04-15;26292;15349;1038729;419697;18.8;7.6
44;2021-04-16;28121;15208;1066850;434905;19.4;7.9
44;2021-04-17;19827;9053;1086677;443958;19.7;8.1
44;2021-04-18;5053;4629;1091730;448587;19.8;8.1
44;2021-04-19;16928;11730;1108658;460317;20.1;8.4
44;2021-04-20;19109;14277;1127767;474594;20.5;8.6
44;2021-04-21;21144;14941;1148911;489535;20.8;8.9
44;2021-04-22;23704;15876;1172615;505411;21.3;9.2
44;2021-04-23;27811;16568;1200426;521979;21.8;9.5
44;2021-04-24;16977;9155;1217403;531134;22.1;9.6
44;2021-04-25;4826;3562;1222229;534696;22.2;9.7
44;2021-04-26;16710;12008;1238939;546704;22.5;9.9
44;2021-04-27;21161;14610;1260100;561314;22.9;10.2
44;2021-04-28;23812;14822;1283912;576136;23.3;10.5
44;2021-04-29;28157;16990;1312069;593126;23.8;10.8
44;2021-04-30;33113;16064;1345182;609190;24.4;11.1
44;2021-05-01;14850;7020;1360032;616210;24.7;11.2
44;2021-05-02;7903;3992;1367935;620202;24.8;11.3
44;2021-05-03;24009;12350;1391944;632552;25.3;11.5
44;2021-05-04;26968;17302;1418912;649854;25.7;11.8
44;2021-05-05;30810;19165;1449722;669019;26.3;12.1
44;2021-05-06;37982;21120;1487704;690139;27.0;12.5
44;2021-05-07;36132;24780;1523836;714919;27.6;13.0
44;2021-05-08;19566;6711;1543402;721630;28.0;13.1
44;2021-05-09;11304;2905;1554706;724535;28.2;13.1
44;2021-05-10;24494;20778;1579200;745313;28.7;13.5
44;2021-05-11;34419;22912;1613619;768225;29.3;13.9
44;2021-05-12;37111;24026;1650730;792251;29.9;14.4
44;2021-05-13;27880;6372;1678610;798623;30.5;14.5
44;2021-05-14;44202;18902;1722812;817525;31.3;14.8
44;2021-05-15;34027;14093;1756839;831618;31.9;15.1
44;2021-05-16;15604;3508;1772443;835126;32.2;15.2
44;2021-05-17;27202;14542;1799645;849668;32.7;15.4
44;2021-05-18;35276;15288;1834921;864956;33.3;15.7
44;2021-05-19;36918;16419;1871839;881375;34.0;16.0
44;2021-05-20;40933;16479;1912772;897854;34.7;16.3
44;2021-05-21;42905;20922;1955677;918776;35.5;16.7
44;2021-05-22;27763;11598;1983440;930374;36.0;16.9
44;2021-05-23;8691;1716;1992131;932090;36.1;16.9
44;2021-05-24;17961;4675;2010092;936765;36.5;17.0
44;2021-05-25;30456;17641;2040548;954406;37.0;17.3
44;2021-05-26;32547;19515;2073095;973921;37.6;17.7
44;2021-05-27;34570;20869;2107665;994790;38.2;18.0
44;2021-05-28;37544;27805;2145209;1022595;38.9;18.6
44;2021-05-29;26786;20113;2171995;1042708;39.4;18.9
44;2021-05-30;6125;4208;2178120;1046916;39.5;19.0
44;2021-05-31;27029;19696;2205149;1066612;40.0;19.4
44;2021-06-01;31548;22879;2236697;1089491;40.6;19.8
44;2021-06-02;33590;22904;2270287;1112395;41.2;20.2
44;2021-06-03;34584;25256;2304871;1137651;41.8;20.6
44;2021-06-04;39970;32135;2344841;1169786;42.5;21.2
44;2021-06-05;23058;20111;2367899;1189897;43.0;21.6
44;2021-06-06;8325;4445;2376224;1194342;43.1;21.7
44;2021-06-07;28121;22050;2404345;1216392;43.6;22.1
44;2021-06-08;33079;26668;2437424;1243060;44.2;22.6
44;2021-06-09;35630;24895;2473054;1267955;44.9;23.0
44;2021-06-10;34573;25625;2507627;1293580;45.5;23.5
44;2021-06-11;32343;35406;2539970;1328986;46.1;24.1
44;2021-06-12;25693;23453;2565663;1352439;46.5;24.5
44;2021-06-13;6772;6062;2572435;1358501;46.7;24.6
44;2021-06-14;17608;29575;2590043;1388076;47.0;25.2
44;2021-06-15;23592;34987;2613635;1423063;47.4;25.8
44;2021-06-16;24285;36635;2637920;1459698;47.9;26.5
44;2021-06-17;23754;39270;2661674;1498968;48.3;27.2
44;2021-06-18;26431;43004;2688105;1541972;48.8;28.0
44;2021-06-19;21006;28205;2709111;1570177;49.2;28.5
44;2021-06-20;3669;6648;2712780;1576825;49.2;28.6
44;2021-06-21;14786;34050;2727566;1610875;49.5;29.2
44;2021-06-22;15428;41572;2742994;1652447;49.8;30.0
44;2021-06-23;20063;41352;2763057;1693799;50.1;30.7
44;2021-06-24;16538;34241;2779595;1728040;50.4;31.4
44;2021-06-25;18886;49467;2798481;1777507;50.8;32.2
44;2021-06-26;14146;37339;2812627;1814846;51.0;32.9
44;2021-06-27;3415;11546;2816042;1826392;51.1;33.1
44;2021-06-28;11379;37429;2827421;1863821;51.3;33.8
44;2021-06-29;11884;41929;2839305;1905750;51.5;34.6
44;2021-06-30;14680;43444;2853985;1949194;51.8;35.4
44;2021-07-01;15341;39441;2869326;1988635;52.1;36.1
44;2021-07-02;16235;51529;2885561;2040164;52.4;37.0
44;2021-07-03;13146;31185;2898707;2071349;52.6;37.6
44;2021-07-04;3088;8704;2901795;2080053;52.6;37.7
44;2021-07-05;10191;36497;2911986;2116550;52.8;38.4
44;2021-07-06;13188;39255;2925174;2155805;53.1;39.1
52;2020-12-27;0;0;0;0;0.0;0.0
52;2020-12-28;2;0;2;0;0.0;0.0
52;2020-12-29;0;0;2;0;0.0;0.0
52;2020-12-30;0;0;2;0;0.0;0.0
52;2020-12-31;0;0;2;0;0.0;0.0
52;2021-01-01;5;0;7;0;0.0;0.0
52;2021-01-02;1;0;8;0;0.0;0.0
52;2021-01-03;1;0;9;0;0.0;0.0
52;2021-01-04;34;0;43;0;0.0;0.0
52;2021-01-05;168;0;211;0;0.0;0.0
52;2021-01-06;384;1;595;1;0.0;0.0
52;2021-01-07;964;0;1559;1;0.0;0.0
52;2021-01-08;1664;3;3223;4;0.1;0.0
52;2021-01-09;1049;3;4272;7;0.1;0.0
52;2021-01-10;643;1;4915;8;0.1;0.0
52;2021-01-11;2197;0;7112;8;0.2;0.0
52;2021-01-12;3170;4;10282;12;0.3;0.0
52;2021-01-13;2983;4;13265;16;0.3;0.0
52;2021-01-14;3304;25;16569;41;0.4;0.0
52;2021-01-15;3016;10;19585;51;0.5;0.0
52;2021-01-16;896;5;20481;56;0.5;0.0
52;2021-01-17;499;4;20980;60;0.6;0.0
52;2021-01-18;3199;6;24179;66;0.6;0.0
52;2021-01-19;6556;9;30735;75;0.8;0.0
52;2021-01-20;8340;12;39075;87;1.0;0.0
52;2021-01-21;12172;13;51247;100;1.3;0.0
52;2021-01-22;7273;30;58520;130;1.5;0.0
52;2021-01-23;1678;4;60198;134;1.6;0.0
52;2021-01-24;174;0;60372;134;1.6;0.0
52;2021-01-25;3006;13;63378;147;1.7;0.0
52;2021-01-26;6738;153;70116;300;1.8;0.0
52;2021-01-27;7285;151;77401;451;2.0;0.0
52;2021-01-28;9728;469;87129;920;2.3;0.0
52;2021-01-29;5956;908;93085;1828;2.4;0.0
52;2021-01-30;1259;270;94344;2098;2.5;0.1
52;2021-01-31;79;314;94423;2412;2.5;0.1
52;2021-02-01;2521;1189;96944;3601;2.5;0.1
52;2021-02-02;2970;1856;99914;5457;2.6;0.1
52;2021-02-03;2686;2155;102600;7612;2.7;0.2
52;2021-02-04;2963;2112;105563;9724;2.8;0.3
52;2021-02-05;2964;2208;108527;11932;2.9;0.3
52;2021-02-06;1076;662;109603;12594;2.9;0.3
52;2021-02-07;151;297;109754;12891;2.9;0.3
52;2021-02-08;1929;2116;111683;15007;2.9;0.4
52;2021-02-09;3174;3719;114857;18726;3.0;0.5
52;2021-02-10;3322;4761;118179;23487;3.1;0.6
52;2021-02-11;6100;9294;124279;32781;3.3;0.9
52;2021-02-12;4704;5130;128983;37911;3.4;1.0
52;2021-02-13;1150;1244;130133;39155;3.4;1.0
52;2021-02-14;22;541;130155;39696;3.4;1.0
52;2021-02-15;2028;3521;132183;43217;3.5;1.1
52;2021-02-16;4121;6752;136304;49969;3.6;1.3
52;2021-02-17;3876;6932;140180;56901;3.7;1.5
52;2021-02-18;6140;9285;146320;66186;3.8;1.7
52;2021-02-19;5332;5837;151652;72023;4.0;1.9
52;2021-02-20;1028;1467;152680;73490;4.0;1.9
52;2021-02-21;7;274;152687;73764;4.0;1.9
52;2021-02-22;2647;3482;155334;77246;4.1;2.0
52;2021-02-23;3425;3687;158759;80933;4.2;2.1
52;2021-02-24;3304;3039;162063;83972;4.3;2.2
52;2021-02-25;6344;3216;168407;87188;4.4;2.3
52;2021-02-26;6214;2912;174621;90100;4.6;2.4
52;2021-02-27;2216;1047;176837;91147;4.7;2.4
52;2021-02-28;76;88;176913;91235;4.7;2.4
52;2021-03-01;3114;2332;180027;93567;4.7;2.5
52;2021-03-02;4723;3427;184750;96994;4.9;2.6
52;2021-03-03;5282;3406;190032;100400;5.0;2.6
52;2021-03-04;7795;4771;197827;105171;5.2;2.8
52;2021-03-05;9008;3932;206835;109103;5.4;2.9
52;2021-03-06;5637;1153;212472;110256;5.6;2.9
52;2021-03-07;2661;137;215133;110393;5.7;2.9
52;2021-03-08;5845;2412;220978;112805;5.8;3.0
52;2021-03-09;9546;3325;230524;116130;6.1;3.1
52;2021-03-10;9387;3369;239911;119499;6.3;3.1
52;2021-03-11;13574;5034;253485;124533;6.7;3.3
52;2021-03-12;15331;3735;268816;128268;7.1;3.4
52;2021-03-13;8287;767;277103;129035;7.3;3.4
52;2021-03-14;624;72;277727;129107;7.3;3.4
52;2021-03-15;8832;1911;286559;131018;7.5;3.4
52;2021-03-16;7574;2611;294133;133629;7.7;3.5
52;2021-03-17;6457;2378;300590;136007;7.9;3.6
52;2021-03-18;8304;2507;308894;138514;8.1;3.6
52;2021-03-19;11891;2137;320785;140651;8.4;3.7
52;2021-03-20;7087;765;327872;141416;8.6;3.7
52;2021-03-21;1689;48;329561;141464;8.7;3.7
52;2021-03-22;9013;2007;338574;143471;8.9;3.8
52;2021-03-23;13180;2598;351754;146069;9.3;3.8
52;2021-03-24;13257;2040;365011;148109;9.6;3.9
52;2021-03-25;18198;2812;383209;150921;10.1;4.0
52;2021-03-26;18934;2378;402143;153299;10.6;4.0
52;2021-03-27;7552;653;409695;153952;10.8;4.0
52;2021-03-28;2194;68;411889;154020;10.8;4.1
52;2021-03-29;10971;2721;422860;156741;11.1;4.1
52;2021-03-30;15680;3600;438540;160341;11.5;4.2
52;2021-03-31;13693;3282;452233;163623;11.9;4.3
52;2021-04-01;18870;3692;471103;167315;12.4;4.4
52;2021-04-02;17086;3515;488189;170830;12.8;4.5
52;2021-04-03;5516;1191;493705;172021;13.0;4.5
52;2021-04-04;1324;51;495029;172072;13.0;4.5
52;2021-04-05;1787;538;496816;172610;13.1;4.5
52;2021-04-06;11787;5235;508603;177845;13.4;4.7
52;2021-04-07;15188;5687;523791;183532;13.8;4.8
52;2021-04-08;21234;6367;545025;189899;14.3;5.0
52;2021-04-09;26664;5297;571689;195196;15.0;5.1
52;2021-04-10;10125;2369;581814;197565;15.3;5.2
52;2021-04-11;2569;433;584383;197998;15.4;5.2
52;2021-04-12;16339;6553;600722;204551;15.8;5.4
52;2021-04-13;20739;8149;621461;212700;16.3;5.6
52;2021-04-14;17656;6897;639117;219597;16.8;5.8
52;2021-04-15;21155;8011;660272;227608;17.4;6.0
52;2021-04-16;22588;7448;682860;235056;18.0;6.2
52;2021-04-17;9981;3037;692841;238093;18.2;6.3
52;2021-04-18;3037;1305;695878;239398;18.3;6.3
52;2021-04-19;14174;7804;710052;247202;18.7;6.5
52;2021-04-20;18265;9383;728317;256585;19.2;6.7
52;2021-04-21;15982;9182;744299;265767;19.6;7.0
52;2021-04-22;19421;10171;763720;275938;20.1;7.3
52;2021-04-23;20521;9979;784241;285917;20.6;7.5
52;2021-04-24;10022;4980;794263;290897;20.9;7.7
52;2021-04-25;3979;1952;798242;292849;21.0;7.7
52;2021-04-26;16825;9910;815067;302759;21.4;8.0
52;2021-04-27;21061;12553;836128;315312;22.0;8.3
52;2021-04-28;22755;10666;858883;325978;22.6;8.6
52;2021-04-29;25001;12684;883884;338662;23.2;8.9
52;2021-04-30;25640;12488;909524;351150;23.9;9.2
52;2021-05-01;8619;2482;918143;353632;24.2;9.3
52;2021-05-02;4300;1271;922443;354903;24.3;9.3
52;2021-05-03;19066;10617;941509;365520;24.8;9.6
52;2021-05-04;20076;14400;961585;379920;25.3;10.0
52;2021-05-05;20852;12756;982437;392676;25.8;10.3
52;2021-05-06;22465;13839;1004902;406515;26.4;10.7
52;2021-05-07;20688;18004;1025590;424519;27.0;11.2
52;2021-05-08;11227;2090;1036817;426609;27.3;11.2
52;2021-05-09;5405;2227;1042222;428836;27.4;11.3
52;2021-05-10;20781;17266;1063003;446102;28.0;11.7
52;2021-05-11;24879;19543;1087882;465645;28.6;12.2
52;2021-05-12;24815;17100;1112697;482745;29.3;12.7
52;2021-05-13;18579;2748;1131276;485493;29.8;12.8
52;2021-05-14;22748;12428;1154024;497921;30.4;13.1
52;2021-05-15;15652;5213;1169676;503134;30.8;13.2
52;2021-05-16;10290;1165;1179966;504299;31.0;13.3
52;2021-05-17;21127;14648;1201093;518947;31.6;13.7
52;2021-05-18;24833;15008;1225926;533955;32.2;14.0
52;2021-05-19;26821;11467;1252747;545422;33.0;14.3
52;2021-05-20;29348;12045;1282095;557467;33.7;14.7
52;2021-05-21;27367;13870;1309462;571337;34.4;15.0
52;2021-05-22;15426;4723;1324888;576060;34.8;15.2
52;2021-05-23;4480;1145;1329368;577205;35.0;15.2
52;2021-05-24;16027;2775;1345395;579980;35.4;15.3
52;2021-05-25;24467;14573;1369862;594553;36.0;15.6
52;2021-05-26;25244;12659;1395106;607212;36.7;16.0
52;2021-05-27;29096;14836;1424202;622048;37.5;16.4
52;2021-05-28;27931;17855;1452133;639903;38.2;16.8
52;2021-05-29;18340;7781;1470473;647684;38.7;17.0
52;2021-05-30;4230;1713;1474703;649397;38.8;17.1
52;2021-05-31;24416;15875;1499119;665272;39.4;17.5
52;2021-06-01;28820;17802;1527939;683074;40.2;18.0
52;2021-06-02;27481;15209;1555420;698283;40.9;18.4
52;2021-06-03;31729;16271;1587149;714554;41.7;18.8
52;2021-06-04;29223;20711;1616372;735265;42.5;19.3
52;2021-06-05;14541;11763;1630913;747028;42.9;19.6
52;2021-06-06;4782;3517;1635695;750545;43.0;19.7
52;2021-06-07;21718;20878;1657413;771423;43.6;20.3
52;2021-06-08;26459;22040;1683872;793463;44.3;20.9
52;2021-06-09;25660;18658;1709532;812121;45.0;21.4
52;2021-06-10;28733;17634;1738265;829755;45.7;21.8
52;2021-06-11;26963;24341;1765228;854096;46.4;22.5
52;2021-06-12;14596;11850;1779824;865946;46.8;22.8
52;2021-06-13;4385;4527;1784209;870473;46.9;22.9
52;2021-06-14;17609;25445;1801818;895918;47.4;23.6
52;2021-06-15;23701;25361;1825519;921279;48.0;24.2
52;2021-06-16;23276;22507;1848795;943786;48.6;24.8
52;2021-06-17;25907;23134;1874702;966920;49.3;25.4
52;2021-06-18;23243;28766;1897945;995686;49.9;26.2
52;2021-06-19;12437;14246;1910382;1009932;50.2;26.6
52;2021-06-20;3014;4418;1913396;1014350;50.3;26.7
52;2021-06-21;14817;28933;1928213;1043283;50.7;27.4
52;2021-06-22;17384;31832;1945597;1075115;51.2;28.3
52;2021-06-23;18407;27040;1964004;1102155;51.7;29.0
52;2021-06-24;20983;24137;1984987;1126292;52.2;29.6
52;2021-06-25;16636;31330;2001623;1157622;52.6;30.4
52;2021-06-26;8437;18096;2010060;1175718;52.9;30.9
52;2021-06-27;1336;7444;2011396;1183162;52.9;31.1
52;2021-06-28;10617;31161;2022013;1214323;53.2;31.9
52;2021-06-29;13436;34611;2035449;1248934;53.5;32.9
52;2021-06-30;13658;29138;2049107;1278072;53.9;33.6
52;2021-07-01;16000;29863;2065107;1307935;54.3;34.4
52;2021-07-02;14761;34390;2079868;1342325;54.7;35.3
52;2021-07-03;7266;19333;2087134;1361658;54.9;35.8
52;2021-07-04;1695;5315;2088829;1366973;54.9;36.0
52;2021-07-05;9554;31825;2098383;1398798;55.2;36.8
52;2021-07-06;11505;35351;2109888;1434149;55.5;37.7
53;2020-12-27;0;0;0;0;0.0;0.0
53;2020-12-28;1;0;1;0;0.0;0.0
53;2020-12-29;0;0;1;0;0.0;0.0
53;2020-12-30;0;0;1;0;0.0;0.0
53;2020-12-31;0;0;1;0;0.0;0.0
53;2021-01-01;2;0;3;0;0.0;0.0
53;2021-01-02;4;0;7;0;0.0;0.0
53;2021-01-03;1;0;8;0;0.0;0.0
53;2021-01-04;43;0;51;0;0.0;0.0
53;2021-01-05;200;0;251;0;0.0;0.0
53;2021-01-06;331;1;582;1;0.0;0.0
53;2021-01-07;835;1;1417;2;0.0;0.0
53;2021-01-08;1214;2;2631;4;0.1;0.0
53;2021-01-09;34;0;2665;4;0.1;0.0
53;2021-01-10;4;0;2669;4;0.1;0.0
53;2021-01-11;1663;3;4332;7;0.1;0.0
53;2021-01-12;3381;1;7713;8;0.2;0.0
53;2021-01-13;3355;5;11068;13;0.3;0.0
53;2021-01-14;3812;31;14880;44;0.4;0.0
53;2021-01-15;3299;17;18179;61;0.5;0.0
53;2021-01-16;684;4;18863;65;0.6;0.0
53;2021-01-17;180;1;19043;66;0.6;0.0
53;2021-01-18;3363;7;22406;73;0.7;0.0
53;2021-01-19;8177;10;30583;83;0.9;0.0
53;2021-01-20;7060;4;37643;87;1.1;0.0
53;2021-01-21;11493;8;49136;95;1.5;0.0
53;2021-01-22;7824;13;56960;108;1.7;0.0
53;2021-01-23;1492;2;58452;110;1.7;0.0
53;2021-01-24;255;1;58707;111;1.8;0.0
53;2021-01-25;3056;34;61763;145;1.8;0.0
53;2021-01-26;4115;232;65878;377;2.0;0.0
53;2021-01-27;7238;324;73116;701;2.2;0.0
53;2021-01-28;7135;645;80251;1346;2.4;0.0
53;2021-01-29;4231;730;84482;2076;2.5;0.1
53;2021-01-30;844;43;85326;2119;2.6;0.1
53;2021-01-31;79;3;85405;2122;2.6;0.1
53;2021-02-01;2211;1026;87616;3148;2.6;0.1
53;2021-02-02;3436;2015;91052;5163;2.7;0.2
53;2021-02-03;3175;2185;94227;7348;2.8;0.2
53;2021-02-04;7098;2267;101325;9615;3.0;0.3
53;2021-02-05;5588;2135;106913;11750;3.2;0.4
53;2021-02-06;1202;276;108115;12026;3.2;0.4
53;2021-02-07;214;131;108329;12157;3.2;0.4
53;2021-02-08;1651;1530;109980;13687;3.3;0.4
53;2021-02-09;3977;5253;113957;18940;3.4;0.6
53;2021-02-10;3792;4646;117749;23586;3.5;0.7
53;2021-02-11;5738;8790;123487;32376;3.7;1.0
53;2021-02-12;5662;5252;129149;37628;3.9;1.1
53;2021-02-13;1232;851;130381;38479;3.9;1.2
53;2021-02-14;25;348;130406;38827;3.9;1.2
53;2021-02-15;2325;3580;132731;42407;4.0;1.3
53;2021-02-16;4052;3540;136783;45947;4.1;1.4
53;2021-02-17;4076;5368;140859;51315;4.2;1.5
53;2021-02-18;5953;5744;146812;57059;4.4;1.7
53;2021-02-19;5355;4849;152167;61908;4.6;1.9
53;2021-02-20;1189;890;153356;62798;4.6;1.9
53;2021-02-21;166;218;153522;63016;4.6;1.9
53;2021-02-22;2319;2821;155841;65837;4.7;2.0
53;2021-02-23;3947;3666;159788;69503;4.8;2.1
53;2021-02-24;4473;3781;164261;73284;4.9;2.2
53;2021-02-25;7950;7131;172211;80415;5.2;2.4
53;2021-02-26;8675;4406;180886;84821;5.4;2.5
53;2021-02-27;3448;1105;184334;85926;5.5;2.6
53;2021-02-28;228;194;184562;86120;5.5;2.6
53;2021-03-01;3480;2263;188042;88383;5.6;2.6
53;2021-03-02;5617;4457;193659;92840;5.8;2.8
53;2021-03-03;6446;3774;200105;96614;6.0;2.9
53;2021-03-04;9290;4918;209395;101532;6.3;3.0
53;2021-03-05;11913;5212;221308;106744;6.6;3.2
53;2021-03-06;5638;1020;226946;107764;6.8;3.2
53;2021-03-07;913;146;227859;107910;6.8;3.2
53;2021-03-08;5166;2206;233025;110116;7.0;3.3
53;2021-03-09;9663;2923;242688;113039;7.3;3.4
53;2021-03-10;9277;3362;251965;116401;7.5;3.5
53;2021-03-11;14303;4048;266268;120449;8.0;3.6
53;2021-03-12;18601;3267;284869;123716;8.5;3.7
53;2021-03-13;8813;950;293682;124666;8.8;3.7
53;2021-03-14;812;50;294494;124716;8.8;3.7
53;2021-03-15;6892;2028;301386;126744;9.0;3.8
53;2021-03-16;6985;3373;308371;130117;9.2;3.9
53;2021-03-17;8226;2797;316597;132914;9.5;4.0
53;2021-03-18;8716;4640;325313;137554;9.7;4.1
53;2021-03-19;12992;3610;338305;141164;10.1;4.2
53;2021-03-20;7128;818;345433;141982;10.3;4.3
53;2021-03-21;383;32;345816;142014;10.4;4.3
53;2021-03-22;7346;2157;353162;144171;10.6;4.3
53;2021-03-23;12991;3656;366153;147827;11.0;4.4
53;2021-03-24;14403;3227;380556;151054;11.4;4.5
53;2021-03-25;18289;3364;398845;154418;11.9;4.6
53;2021-03-26;20325;3200;419170;157618;12.5;4.7
53;2021-03-27;7409;1013;426579;158631;12.8;4.7
53;2021-03-28;528;84;427107;158715;12.8;4.8
53;2021-03-29;9800;3148;436907;161863;13.1;4.8
53;2021-03-30;15313;4588;452220;166451;13.5;5.0
53;2021-03-31;14150;4260;466370;170711;14.0;5.1
53;2021-04-01;18205;4269;484575;174980;14.5;5.2
53;2021-04-02;17901;4348;502476;179328;15.0;5.4
53;2021-04-03;6439;1427;508915;180755;15.2;5.4
53;2021-04-04;414;33;509329;180788;15.2;5.4
53;2021-04-05;1234;337;510563;181125;15.3;5.4
53;2021-04-06;12528;5664;523091;186789;15.7;5.6
53;2021-04-07;15021;5317;538112;192106;16.1;5.8
53;2021-04-08;20712;6082;558824;198188;16.7;5.9
53;2021-04-09;26676;5564;585500;203752;17.5;6.1
53;2021-04-10;10351;1722;595851;205474;17.8;6.2
53;2021-04-11;817;212;596668;205686;17.9;6.2
53;2021-04-12;15841;4899;612509;210585;18.3;6.3
53;2021-04-13;22705;7248;635214;217833;19.0;6.5
53;2021-04-14;19354;7917;654568;225750;19.6;6.8
53;2021-04-15;25367;8055;679935;233805;20.4;7.0
53;2021-04-16;26188;7533;706123;241338;21.1;7.2
53;2021-04-17;10400;3583;716523;244921;21.5;7.3
53;2021-04-18;1034;149;717557;245070;21.5;7.3
53;2021-04-19;15406;6524;732963;251594;21.9;7.5
53;2021-04-20;16925;9498;749888;261092;22.4;7.8
53;2021-04-21;16746;9428;766634;270520;23.0;8.1
53;2021-04-22;21758;10179;788392;280699;23.6;8.4
53;2021-04-23;21661;10062;810053;290761;24.3;8.7
53;2021-04-24;9988;4163;820041;294924;24.5;8.8
53;2021-04-25;912;333;820953;295257;24.6;8.8
53;2021-04-26;18233;8485;839186;303742;25.1;9.1
53;2021-04-27;19856;12050;859042;315792;25.7;9.5
53;2021-04-28;19947;10807;878989;326599;26.3;9.8
53;2021-04-29;23559;12272;902548;338871;27.0;10.1
53;2021-04-30;23903;12438;926451;351309;27.7;10.5
53;2021-05-01;5125;1638;931576;352947;27.9;10.6
53;2021-05-02;2798;522;934374;353469;28.0;10.6
53;2021-05-03;15713;9369;950087;362838;28.4;10.9
53;2021-05-04;15699;15803;965786;378641;28.9;11.3
53;2021-05-05;14943;14684;980729;393325;29.4;11.8
53;2021-05-06;19259;17846;999988;411171;29.9;12.3
53;2021-05-07;18642;18212;1018630;429383;30.5;12.9
53;2021-05-08;5486;1123;1024116;430506;30.7;12.9
53;2021-05-09;3512;860;1027628;431366;30.8;12.9
53;2021-05-10;16679;15219;1044307;446585;31.3;13.4
53;2021-05-11;18672;18713;1062979;465298;31.8;13.9
53;2021-05-12;21194;15623;1084173;480921;32.5;14.4
53;2021-05-13;9026;3955;1093199;484876;32.7;14.5
53;2021-05-14;21714;13720;1114913;498596;33.4;14.9
53;2021-05-15;13430;5343;1128343;503939;33.8;15.1
53;2021-05-16;3225;877;1131568;504816;33.9;15.1
53;2021-05-17;18189;11177;1149757;515993;34.4;15.4
53;2021-05-18;21052;12422;1170809;528415;35.1;15.8
53;2021-05-19;21676;10652;1192485;539067;35.7;16.1
53;2021-05-20;23945;14734;1216430;553801;36.4;16.6
53;2021-05-21;22931;15237;1239361;569038;37.1;17.0
53;2021-05-22;13200;5842;1252561;574880;37.5;17.2
53;2021-05-23;2998;315;1255559;575195;37.6;17.2
53;2021-05-24;14033;2518;1269592;577713;38.0;17.3
53;2021-05-25;20090;12852;1289682;590565;38.6;17.7
53;2021-05-26;19358;13797;1309040;604362;39.2;18.1
53;2021-05-27;22088;17432;1331128;621794;39.8;18.6
53;2021-05-28;21773;20405;1352901;642199;40.5;19.2
53;2021-05-29;12144;7339;1365045;649538;40.9;19.4
53;2021-05-30;2311;473;1367356;650011;40.9;19.5
53;2021-05-31;20696;14138;1388052;664149;41.6;19.9
53;2021-06-01;22966;16512;1411018;680661;42.2;20.4
53;2021-06-02;21797;14219;1432815;694880;42.9;20.8
53;2021-06-03;25055;16869;1457870;711749;43.6;21.3
53;2021-06-04;23109;22567;1480979;734316;44.3;22.0
53;2021-06-05;17316;9014;1498295;743330;44.9;22.3
53;2021-06-06;5007;1330;1503302;744660;45.0;22.3
53;2021-06-07;18392;17775;1521694;762435;45.6;22.8
53;2021-06-08;23384;18050;1545078;780485;46.3;23.4
53;2021-06-09;23630;15897;1568708;796382;47.0;23.8
53;2021-06-10;26813;16912;1595521;813294;47.8;24.3
53;2021-06-11;26207;21471;1621728;834765;48.5;25.0
53;2021-06-12;18606;7519;1640334;842284;49.1;25.2
53;2021-06-13;7795;3122;1648129;845406;49.3;25.3
53;2021-06-14;16030;19832;1664159;865238;49.8;25.9
53;2021-06-15;20057;20998;1684216;886236;50.4;26.5
53;2021-06-16;21166;18564;1705382;904800;51.1;27.1
53;2021-06-17;21888;20127;1727270;924927;51.7;27.7
53;2021-06-18;22227;25690;1749497;950617;52.4;28.5
53;2021-06-19;12832;9622;1762329;960239;52.8;28.7
53;2021-06-20;5453;2684;1767782;962923;52.9;28.8
53;2021-06-21;14583;22377;1782365;985300;53.4;29.5
53;2021-06-22;16985;24945;1799350;1010245;53.9;30.2
53;2021-06-23;16738;23553;1816088;1033798;54.4;30.9
53;2021-06-24;19027;21869;1835115;1055667;54.9;31.6
53;2021-06-25;15512;29063;1850627;1084730;55.4;32.5
53;2021-06-26;7136;13961;1857763;1098691;55.6;32.9
53;2021-06-27;3881;3323;1861644;1102014;55.7;33.0
53;2021-06-28;9637;24233;1871281;1126247;56.0;33.7
53;2021-06-29;11475;27398;1882756;1153645;56.4;34.5
53;2021-06-30;12080;26700;1894836;1180345;56.7;35.3
53;2021-07-01;14090;26931;1908926;1207276;57.1;36.1
53;2021-07-02;13120;31823;1922046;1239099;57.5;37.1
53;2021-07-03;6514;15401;1928560;1254500;57.7;37.6
53;2021-07-04;3850;4484;1932410;1258984;57.9;37.7
53;2021-07-05;8945;26605;1941355;1285589;58.1;38.5
53;2021-07-06;10597;29401;1951952;1314990;58.4;39.4
75;2020-12-27;1;0;1;0;0.0;0.0
75;2020-12-28;2;0;3;0;0.0;0.0
75;2020-12-29;3;0;6;0;0.0;0.0
75;2020-12-30;2;0;8;0;0.0;0.0
75;2020-12-31;0;0;8;0;0.0;0.0
75;2021-01-01;4;0;12;0;0.0;0.0
75;2021-01-02;2;0;14;0;0.0;0.0
75;2021-01-03;0;0;14;0;0.0;0.0
75;2021-01-04;90;0;104;0;0.0;0.0
75;2021-01-05;124;0;228;0;0.0;0.0
75;2021-01-06;736;1;964;1;0.0;0.0
75;2021-01-07;4923;3;5887;4;0.1;0.0
75;2021-01-08;5470;6;11357;10;0.2;0.0
75;2021-01-09;845;1;12202;11;0.2;0.0
75;2021-01-10;478;0;12680;11;0.2;0.0
75;2021-01-11;3585;2;16265;13;0.3;0.0
75;2021-01-12;5947;6;22212;19;0.4;0.0
75;2021-01-13;6552;16;28764;35;0.5;0.0
75;2021-01-14;8126;63;36890;98;0.6;0.0
75;2021-01-15;7630;34;44520;132;0.7;0.0
75;2021-01-16;1609;15;46129;147;0.8;0.0
75;2021-01-17;426;6;46555;153;0.8;0.0
75;2021-01-18;6891;32;53446;185;0.9;0.0
75;2021-01-19;14055;17;67501;202;1.1;0.0
75;2021-01-20;15537;29;83038;231;1.4;0.0
75;2021-01-21;16968;21;100006;252;1.7;0.0
75;2021-01-22;12973;24;112979;276;1.9;0.0
75;2021-01-23;4421;4;117400;280;2.0;0.0
75;2021-01-24;700;1;118100;281;2.0;0.0
75;2021-01-25;8873;220;126973;501;2.1;0.0
75;2021-01-26;11725;453;138698;954;2.3;0.0
75;2021-01-27;12299;772;150997;1726;2.5;0.0
75;2021-01-28;12942;2657;163939;4383;2.7;0.1
75;2021-01-29;10003;2982;173942;7365;2.9;0.1
75;2021-01-30;3379;515;177321;7880;3.0;0.1
75;2021-01-31;646;420;177967;8300;3.0;0.1
75;2021-02-01;5715;2635;183682;10935;3.1;0.2
75;2021-02-02;9616;4352;193298;15287;3.2;0.3
75;2021-02-03;9597;4374;202895;19661;3.4;0.3
75;2021-02-04;10766;5675;213661;25336;3.6;0.4
75;2021-02-05;7490;5629;221151;30965;3.7;0.5
75;2021-02-06;2381;1105;223532;32070;3.7;0.5
75;2021-02-07;674;254;224206;32324;3.7;0.5
75;2021-02-08;5136;3647;229342;35971;3.8;0.6
75;2021-02-09;7315;8078;236657;44049;3.9;0.7
75;2021-02-10;7543;8700;244200;52749;4.1;0.9
75;2021-02-11;8866;10242;253066;62991;4.2;1.0
75;2021-02-12;7408;8726;260474;71717;4.3;1.2
75;2021-02-13;1953;1761;262427;73478;4.4;1.2
75;2021-02-14;274;364;262701;73842;4.4;1.2
75;2021-02-15;3191;7807;265892;81649;4.4;1.4
75;2021-02-16;4627;10518;270519;92167;4.5;1.5
75;2021-02-17;4759;11281;275278;103448;4.6;1.7
75;2021-02-18;5455;12803;280733;116251;4.7;1.9
75;2021-02-19;5418;9609;286151;125860;4.8;2.1
75;2021-02-20;989;2626;287140;128486;4.8;2.1
75;2021-02-21;187;664;287327;129150;4.8;2.2
75;2021-02-22;3648;8487;290975;137637;4.8;2.3
75;2021-02-23;5359;10915;296334;148552;4.9;2.5
75;2021-02-24;6132;10254;302466;158806;5.0;2.6
75;2021-02-25;10045;11698;312511;170504;5.2;2.8
75;2021-02-26;12270;8855;324781;179359;5.4;3.0
75;2021-02-27;5787;2483;330568;181842;5.5;3.0
75;2021-02-28;312;694;330880;182536;5.5;3.0
75;2021-03-01;5094;6976;335974;189512;5.6;3.2
75;2021-03-02;9354;8153;345328;197665;5.8;3.3
75;2021-03-03;10825;7751;356153;205416;5.9;3.4
75;2021-03-04;16738;8177;372891;213593;6.2;3.6
75;2021-03-05;20814;7458;393705;221051;6.6;3.7
75;2021-03-06;13412;2235;407117;223286;6.8;3.7
75;2021-03-07;3722;469;410839;223755;6.8;3.7
75;2021-03-08;9996;5378;420835;229133;7.0;3.8
75;2021-03-09;16864;6486;437699;235619;7.3;3.9
75;2021-03-10;18263;6308;455962;241927;7.6;4.0
75;2021-03-11;26444;6688;482406;248615;8.0;4.1
75;2021-03-12;31319;5288;513725;253903;8.6;4.2
75;2021-03-13;17873;1205;531598;255108;8.9;4.3
75;2021-03-14;1713;252;533311;255360;8.9;4.3
75;2021-03-15;14080;3414;547391;258774;9.1;4.3
75;2021-03-16;13687;3711;561078;262485;9.4;4.4
75;2021-03-17;14756;3861;575834;266346;9.6;4.4
75;2021-03-18;16385;4694;592219;271040;9.9;4.5
75;2021-03-19;22450;4293;614669;275333;10.2;4.6
75;2021-03-20;14033;822;628702;276155;10.5;4.6
75;2021-03-21;2476;108;631178;276263;10.5;4.6
75;2021-03-22;16796;3460;647974;279723;10.8;4.7
75;2021-03-23;25284;3887;673258;283610;11.2;4.7
75;2021-03-24;27170;4244;700428;287854;11.7;4.8
75;2021-03-25;35676;4629;736104;292483;12.3;4.9
75;2021-03-26;38636;4141;774740;296624;12.9;4.9
75;2021-03-27;15731;1287;790471;297911;13.2;5.0
75;2021-03-28;2727;398;793198;298309;13.2;5.0
75;2021-03-29;22842;4155;816040;302464;13.6;5.0
75;2021-03-30;31659;5970;847699;308434;14.1;5.1
75;2021-03-31;29762;5930;877461;314364;14.6;5.2
75;2021-04-01;35040;6957;912501;321321;15.2;5.4
75;2021-04-02;32362;6881;944863;328202;15.7;5.5
75;2021-04-03;12847;2644;957710;330846;16.0;5.5
75;2021-04-04;2139;341;959849;331187;16.0;5.5
75;2021-04-05;6370;607;966219;331794;16.1;5.5
75;2021-04-06;26397;10825;992616;342619;16.5;5.7
75;2021-04-07;32385;11001;1025001;353620;17.1;5.9
75;2021-04-08;39635;12380;1064636;366000;17.7;6.1
75;2021-04-09;49301;10984;1113937;376984;18.6;6.3
75;2021-04-10;24495;4991;1138432;381975;19.0;6.4
75;2021-04-11;4977;725;1143409;382700;19.1;6.4
75;2021-04-12;27398;11840;1170807;394540;19.5;6.6
75;2021-04-13;35757;14335;1206564;408875;20.1;6.8
75;2021-04-14;35473;14502;1242037;423377;20.7;7.1
75;2021-04-15;37712;15067;1279749;438444;21.3;7.3
75;2021-04-16;37170;15125;1316919;453569;21.9;7.6
75;2021-04-17;19584;7400;1336503;460969;22.3;7.7
75;2021-04-18;4074;2058;1340577;463027;22.3;7.7
75;2021-04-19;20901;14961;1361478;477988;22.7;8.0
75;2021-04-20;28513;19100;1389991;497088;23.2;8.3
75;2021-04-21;27846;18090;1417837;515178;23.6;8.6
75;2021-04-22;30402;19680;1448239;534858;24.1;8.9
75;2021-04-23;29081;20242;1477320;555100;24.6;9.3
75;2021-04-24;17027;9147;1494347;564247;24.9;9.4
75;2021-04-25;4598;1503;1498945;565750;25.0;9.4
75;2021-04-26;22329;19314;1521274;585064;25.4;9.8
75;2021-04-27;29203;24324;1550477;609388;25.8;10.2
75;2021-04-28;31146;24203;1581623;633591;26.4;10.6
75;2021-04-29;37271;26713;1618894;660304;27.0;11.0
75;2021-04-30;37760;25910;1656654;686214;27.6;11.4
75;2021-05-01;15697;5764;1672351;691978;27.9;11.5
75;2021-05-02;7263;2600;1679614;694578;28.0;11.6
75;2021-05-03;27269;21196;1706883;715774;28.4;11.9
75;2021-05-04;30367;29309;1737250;745083;29.0;12.4
75;2021-05-05;31513;30987;1768763;776070;29.5;12.9
75;2021-05-06;35968;32412;1804731;808482;30.1;13.5
75;2021-05-07;37449;34364;1842180;842846;30.7;14.0
75;2021-05-08;17724;8092;1859904;850938;31.0;14.2
75;2021-05-09;7313;4154;1867217;855092;31.1;14.3
75;2021-05-10;25217;29003;1892434;884095;31.5;14.7
75;2021-05-11;35610;32964;1928044;917059;32.1;15.3
75;2021-05-12;35633;30147;1963677;947206;32.7;15.8
75;2021-05-13;22705;7569;1986382;954775;33.1;15.9
75;2021-05-14;33908;20913;2020290;975688;33.7;16.3
75;2021-05-15;22957;11123;2043247;986811;34.1;16.4
75;2021-05-16;7430;2063;2050677;988874;34.2;16.5
75;2021-05-17;33940;19283;2084617;1008157;34.7;16.8
75;2021-05-18;42872;19998;2127489;1028155;35.5;17.1
75;2021-05-19;42811;17628;2170300;1045783;36.2;17.4
75;2021-05-20;46030;20477;2216330;1066260;36.9;17.8
75;2021-05-21;42999;21459;2259329;1087719;37.7;18.1
75;2021-05-22;23319;9827;2282648;1097546;38.0;18.3
75;2021-05-23;7841;1431;2290489;1098977;38.2;18.3
75;2021-05-24;18897;4100;2309386;1103077;38.5;18.4
75;2021-05-25;36963;21016;2346349;1124093;39.1;18.7
75;2021-05-26;38604;21543;2384953;1145636;39.7;19.1
75;2021-05-27;42977;27152;2427930;1172788;40.5;19.5
75;2021-05-28;38927;32343;2466857;1205131;41.1;20.1
75;2021-05-29;19659;18094;2486516;1223225;41.4;20.4
75;2021-05-30;5787;2285;2492303;1225510;41.5;20.4
75;2021-05-31;31644;23148;2523947;1248658;42.1;20.8
75;2021-06-01;41044;29651;2564991;1278309;42.7;21.3
75;2021-06-02;41407;28249;2606398;1306558;43.4;21.8
75;2021-06-03;47637;31187;2654035;1337745;44.2;22.3
75;2021-06-04;44427;36991;2698462;1374736;45.0;22.9
75;2021-06-05;24424;18518;2722886;1393254;45.4;23.2
75;2021-06-06;8746;4318;2731632;1397572;45.5;23.3
75;2021-06-07;31419;31560;2763051;1429132;46.1;23.8
75;2021-06-08;38479;35959;2801530;1465091;46.7;24.4
75;2021-06-09;39353;33001;2840883;1498092;47.3;25.0
75;2021-06-10;43008;31897;2883891;1529989;48.1;25.5
75;2021-06-11;40287;40381;2924178;1570370;48.7;26.2
75;2021-06-12;23207;21559;2947385;1591929;49.1;26.5
75;2021-06-13;8106;5660;2955491;1597589;49.3;26.6
75;2021-06-14;23964;38023;2979455;1635612;49.7;27.3
75;2021-06-15;33132;41741;3012587;1677353;50.2;28.0
75;2021-06-16;34654;37379;3047241;1714732;50.8;28.6
75;2021-06-17;36079;38631;3083320;1753363;51.4;29.2
75;2021-06-18;34704;45371;3118024;1798734;52.0;30.0
75;2021-06-19;20140;23270;3138164;1822004;52.3;30.4
75;2021-06-20;6218;5738;3144382;1827742;52.4;30.5
75;2021-06-21;21411;37399;3165793;1865141;52.8;31.1
75;2021-06-22;25235;43663;3191028;1908804;53.2;31.8
75;2021-06-23;26169;40882;3217197;1949686;53.6;32.5
75;2021-06-24;27870;35656;3245067;1985342;54.1;33.1
75;2021-06-25;24000;48687;3269067;2034029;54.5;33.9
75;2021-06-26;13606;26804;3282673;2060833;54.7;34.3
75;2021-06-27;4570;8576;3287243;2069409;54.8;34.5
75;2021-06-28;14808;44680;3302051;2114089;55.0;35.2
75;2021-06-29;18561;51975;3320612;2166064;55.3;36.1
75;2021-06-30;20070;48180;3340682;2214244;55.7;36.9
75;2021-07-01;22306;46695;3362988;2260939;56.0;37.7
75;2021-07-02;21015;53718;3384003;2314657;56.4;38.6
75;2021-07-03;9932;29184;3393935;2343841;56.6;39.1
75;2021-07-04;3375;7785;3397310;2351626;56.6;39.2
75;2021-07-05;14046;42415;3411356;2394041;56.9;39.9
75;2021-07-06;17914;52164;3429270;2446205;57.2;40.8
76;2020-12-27;0;0;0;0;0.0;0.0
76;2020-12-28;5;0;5;0;0.0;0.0
76;2020-12-29;0;0;5;0;0.0;0.0
76;2020-12-30;0;0;5;0;0.0;0.0
76;2020-12-31;1;0;6;0;0.0;0.0
76;2021-01-01;3;0;9;0;0.0;0.0
76;2021-01-02;2;0;11;0;0.0;0.0
76;2021-01-03;2;0;13;0;0.0;0.0
76;2021-01-04;59;1;72;1;0.0;0.0
76;2021-01-05;473;1;545;2;0.0;0.0
76;2021-01-06;784;2;1329;4;0.0;0.0
76;2021-01-07;2541;3;3870;7;0.1;0.0
76;2021-01-08;3217;2;7087;9;0.1;0.0
76;2021-01-09;1539;1;8626;10;0.1;0.0
76;2021-01-10;517;0;9143;10;0.2;0.0
76;2021-01-11;3524;9;12667;19;0.2;0.0
76;2021-01-12;5751;11;18418;30;0.3;0.0
76;2021-01-13;6477;14;24895;44;0.4;0.0
76;2021-01-14;8997;86;33892;130;0.6;0.0
76;2021-01-15;7254;34;41146;164;0.7;0.0
76;2021-01-16;1954;21;43100;185;0.7;0.0
76;2021-01-17;710;3;43810;188;0.7;0.0
76;2021-01-18;7708;21;51518;209;0.9;0.0
76;2021-01-19;11211;34;62729;243;1.1;0.0
76;2021-01-20;13725;26;76454;269;1.3;0.0
76;2021-01-21;16725;21;93179;290;1.6;0.0
76;2021-01-22;11928;34;105107;324;1.8;0.0
76;2021-01-23;3898;8;109005;332;1.8;0.0
76;2021-01-24;771;12;109776;344;1.9;0.0
76;2021-01-25;7830;100;117606;444;2.0;0.0
76;2021-01-26;10349;281;127955;725;2.2;0.0
76;2021-01-27;10848;486;138803;1211;2.3;0.0
76;2021-01-28;10141;1694;148944;2905;2.5;0.0
76;2021-01-29;8091;1988;157035;4893;2.7;0.1
76;2021-01-30;3187;771;160222;5664;2.7;0.1
76;2021-01-31;521;267;160743;5931;2.7;0.1
76;2021-02-01;5857;2600;166600;8531;2.8;0.1
76;2021-02-02;10064;4001;176664;12532;3.0;0.2
76;2021-02-03;9522;4066;186186;16598;3.1;0.3
76;2021-02-04;10108;5956;196294;22554;3.3;0.4
76;2021-02-05;7775;5022;204069;27576;3.4;0.5
76;2021-02-06;2700;1051;206769;28627;3.5;0.5
76;2021-02-07;542;498;207311;29125;3.5;0.5
76;2021-02-08;4842;4528;212153;33653;3.6;0.6
76;2021-02-09;6327;6833;218480;40486;3.7;0.7
76;2021-02-10;7181;9231;225661;49717;3.8;0.8
76;2021-02-11;9145;10727;234806;60444;4.0;1.0
76;2021-02-12;8050;7680;242856;68124;4.1;1.1
76;2021-02-13;2648;2270;245504;70394;4.1;1.2
76;2021-02-14;358;993;245862;71387;4.1;1.2
76;2021-02-15;3380;6466;249242;77853;4.2;1.3
76;2021-02-16;4242;8683;253484;86536;4.3;1.5
76;2021-02-17;4374;9646;257858;96182;4.4;1.6
76;2021-02-18;5871;9956;263729;106138;4.5;1.8
76;2021-02-19;4843;8106;268572;114244;4.5;1.9
76;2021-02-20;1530;3029;270102;117273;4.6;2.0
76;2021-02-21;265;594;270367;117867;4.6;2.0
76;2021-02-22;3280;7650;273647;125517;4.6;2.1
76;2021-02-23;4919;10226;278566;135743;4.7;2.3
76;2021-02-24;4648;10415;283214;146158;4.8;2.5
76;2021-02-25;8321;9906;291535;156064;4.9;2.6
76;2021-02-26;9638;8386;301173;164450;5.1;2.8
76;2021-02-27;3734;3094;304907;167544;5.1;2.8
76;2021-02-28;431;452;305338;167996;5.2;2.8
76;2021-03-01;5316;6136;310654;174132;5.2;2.9
76;2021-03-02;8217;7546;318871;181678;5.4;3.1
76;2021-03-03;9250;7487;328121;189165;5.5;3.2
76;2021-03-04;14322;7883;342443;197048;5.8;3.3
76;2021-03-05;16874;7123;359317;204171;6.1;3.4
76;2021-03-06;15891;2171;375208;206342;6.3;3.5
76;2021-03-07;11378;474;386586;206816;6.5;3.5
76;2021-03-08;9980;5534;396566;212350;6.7;3.6
76;2021-03-09;16234;6477;412800;218827;7.0;3.7
76;2021-03-10;16423;6498;429223;225325;7.2;3.8
76;2021-03-11;22604;6404;451827;231729;7.6;3.9
76;2021-03-12;26447;5276;478274;237005;8.1;4.0
76;2021-03-13;14927;2172;493201;239177;8.3;4.0
76;2021-03-14;2322;356;495523;239533;8.4;4.0
76;2021-03-15;13531;3308;509054;242841;8.6;4.1
76;2021-03-16;11762;4521;520816;247362;8.8;4.2
76;2021-03-17;12840;3964;533656;251326;9.0;4.2
76;2021-03-18;13703;4985;547359;256311;9.2;4.3
76;2021-03-19;18654;4020;566013;260331;9.6;4.4
76;2021-03-20;10663;1131;576676;261462;9.7;4.4
76;2021-03-21;3196;226;579872;261688;9.8;4.4
76;2021-03-22;14682;3587;594554;265275;10.0;4.5
76;2021-03-23;22251;4325;616805;269600;10.4;4.6
76;2021-03-24;23606;4190;640411;273790;10.8;4.6
76;2021-03-25;32021;4617;672432;278407;11.3;4.7
76;2021-03-26;30854;4090;703286;282497;11.9;4.8
76;2021-03-27;16252;1428;719538;283925;12.1;4.8
76;2021-03-28;4865;194;724403;284119;12.2;4.8
76;2021-03-29;22303;4891;746706;289010;12.6;4.9
76;2021-03-30;29716;5709;776422;294719;13.1;5.0
76;2021-03-31;26894;5596;803316;300315;13.6;5.1
76;2021-04-01;34473;5910;837789;306225;14.1;5.2
76;2021-04-02;29348;5789;867137;312014;14.6;5.3
76;2021-04-03;12156;2841;879293;314855;14.8;5.3
76;2021-04-04;4353;659;883646;315514;14.9;5.3
76;2021-04-05;4290;674;887936;316188;15.0;5.3
76;2021-04-06;22856;9732;910792;325920;15.4;5.5
76;2021-04-07;25278;9830;936070;335750;15.8;5.7
76;2021-04-08;33121;10221;969191;345971;16.4;5.8
76;2021-04-09;38926;9639;1008117;355610;17.0;6.0
76;2021-04-10;22706;5155;1030823;360765;17.4;6.1
76;2021-04-11;8861;1437;1039684;362202;17.5;6.1
76;2021-04-12;26052;10507;1065736;372709;18.0;6.3
76;2021-04-13;35788;12838;1101524;385547;18.6;6.5
76;2021-04-14;32878;13254;1134402;398801;19.1;6.7
76;2021-04-15;37471;13859;1171873;412660;19.8;7.0
76;2021-04-16;34455;13155;1206328;425815;20.4;7.2
76;2021-04-17;21397;6644;1227725;432459;20.7;7.3
76;2021-04-18;7712;2694;1235437;435153;20.9;7.3
76;2021-04-19;22048;12883;1257485;448036;21.2;7.6
76;2021-04-20;27973;16732;1285458;464768;21.7;7.8
76;2021-04-21;27032;16919;1312490;481687;22.2;8.1
76;2021-04-22;30351;17957;1342841;499644;22.7;8.4
76;2021-04-23;28706;16418;1371547;516062;23.1;8.7
76;2021-04-24;18490;10395;1390037;526457;23.5;8.9
76;2021-04-25;6911;4182;1396948;530639;23.6;9.0
76;2021-04-26;19942;18394;1416890;549033;23.9;9.3
76;2021-04-27;26727;21412;1443617;570445;24.4;9.6
76;2021-04-28;25890;20963;1469507;591408;24.8;10.0
76;2021-04-29;29732;23207;1499239;614615;25.3;10.4
76;2021-04-30;30775;20150;1530014;634765;25.8;10.7
76;2021-05-01;17423;7027;1547437;641792;26.1;10.8
76;2021-05-02;9491;4772;1556928;646564;26.3;10.9
76;2021-05-03;26529;16770;1583457;663334;26.7;11.2
76;2021-05-04;30007;25807;1613464;689141;27.2;11.6
76;2021-05-05;28198;26392;1641662;715533;27.7;12.1
76;2021-05-06;31034;30868;1672696;746401;28.2;12.6
76;2021-05-07;31616;30791;1704312;777192;28.8;13.1
76;2021-05-08;17356;10568;1721668;787760;29.1;13.3
76;2021-05-09;9708;8674;1731376;796434;29.2;13.4
76;2021-05-10;24079;28031;1755455;824465;29.6;13.9
76;2021-05-11;31648;33079;1787103;857544;30.2;14.5
76;2021-05-12;33335;29393;1820438;886937;30.7;15.0
76;2021-05-13;25949;9729;1846387;896666;31.2;15.1
76;2021-05-14;34540;21343;1880927;918009;31.7;15.5
76;2021-05-15;24487;12213;1905414;930222;32.2;15.7
76;2021-05-16;15453;3807;1920867;934029;32.4;15.8
76;2021-05-17;27840;19240;1948707;953269;32.9;16.1
76;2021-05-18;35420;19521;1984127;972790;33.5;16.4
76;2021-05-19;36829;16878;2020956;989668;34.1;16.7
76;2021-05-20;40993;18696;2061949;1008364;34.8;17.0
76;2021-05-21;37776;20024;2099725;1028388;35.4;17.4
76;2021-05-22;26988;9227;2126713;1037615;35.9;17.5
76;2021-05-23;13313;1838;2140026;1039453;36.1;17.5
76;2021-05-24;15416;4135;2155442;1043588;36.4;17.6
76;2021-05-25;31690;20808;2187132;1064396;36.9;18.0
76;2021-05-26;33555;19226;2220687;1083622;37.5;18.3
76;2021-05-27;36327;24442;2257014;1108064;38.1;18.7
76;2021-05-28;32461;28292;2289475;1136356;38.6;19.2
76;2021-05-29;19606;16759;2309081;1153115;39.0;19.5
76;2021-05-30;6255;6310;2315336;1159425;39.1;19.6
76;2021-05-31;25731;22881;2341067;1182306;39.5;20.0
76;2021-06-01;31171;29820;2372238;1212126;40.0;20.5
76;2021-06-02;30760;28088;2402998;1240214;40.6;20.9
76;2021-06-03;34174;33109;2437172;1273323;41.1;21.5
76;2021-06-04;35072;34219;2472244;1307542;41.7;22.1
76;2021-06-05;26015;19757;2498259;1327299;42.2;22.4
76;2021-06-06;14088;6484;2512347;1333783;42.4;22.5
76;2021-06-07;25729;27685;2538076;1361468;42.8;23.0
76;2021-06-08;32405;31607;2570481;1393075;43.4;23.5
76;2021-06-09;32266;29149;2602747;1422224;43.9;24.0
76;2021-06-10;31941;29520;2634688;1451744;44.5;24.5
76;2021-06-11;33531;36174;2668219;1487918;45.0;25.1
76;2021-06-12;23188;21923;2691407;1509841;45.4;25.5
76;2021-06-13;12033;7151;2703440;1516992;45.6;25.6
76;2021-06-14;21553;33656;2724993;1550648;46.0;26.2
76;2021-06-15;28714;39756;2753707;1590404;46.5;26.8
76;2021-06-16;26993;36389;2780700;1626793;46.9;27.5
76;2021-06-17;26762;34212;2807462;1661005;47.4;28.0
76;2021-06-18;27395;41157;2834857;1702162;47.8;28.7
76;2021-06-19;20790;23144;2855647;1725306;48.2;29.1
76;2021-06-20;8908;10342;2864555;1735648;48.3;29.3
76;2021-06-21;15031;35249;2879586;1770897;48.6;29.9
76;2021-06-22;18221;40503;2897807;1811400;48.9;30.6
76;2021-06-23;18950;37982;2916757;1849382;49.2;31.2
76;2021-06-24;17439;35400;2934196;1884782;49.5;31.8
76;2021-06-25;18302;44849;2952498;1929631;49.8;32.6
76;2021-06-26;12241;28785;2964739;1958416;50.0;33.1
76;2021-06-27;5712;14614;2970451;1973030;50.1;33.3
76;2021-06-28;12561;38226;2983012;2011256;50.3;33.9
76;2021-06-29;14838;43883;2997850;2055139;50.6;34.7
76;2021-06-30;17012;43448;3014862;2098587;50.9;35.4
76;2021-07-01;16362;40399;3031224;2138986;51.2;36.1
76;2021-07-02;17721;44182;3048945;2183168;51.5;36.8
76;2021-07-03;11883;32579;3060828;2215747;51.7;37.4
76;2021-07-04;5500;12852;3066328;2228599;51.8;37.6
76;2021-07-05;13693;34120;3080021;2262719;52.0;38.2
76;2021-07-06;16730;43678;3096751;2306397;52.3;38.9
84;2020-12-27;1;0;1;0;0.0;0.0
84;2020-12-28;7;0;8;0;0.0;0.0
84;2020-12-29;5;0;13;0;0.0;0.0
84;2020-12-30;6;0;19;0;0.0;0.0
84;2020-12-31;15;0;34;0;0.0;0.0
84;2021-01-01;10;0;44;0;0.0;0.0
84;2021-01-02;2;1;46;1;0.0;0.0
84;2021-01-03;0;0;46;1;0.0;0.0
84;2021-01-04;174;0;220;1;0.0;0.0
84;2021-01-05;470;1;690;2;0.0;0.0
84;2021-01-06;1135;1;1825;3;0.0;0.0
84;2021-01-07;2888;3;4713;6;0.1;0.0
84;2021-01-08;3082;3;7795;9;0.1;0.0
84;2021-01-09;514;1;8309;10;0.1;0.0
84;2021-01-10;161;0;8470;10;0.1;0.0
84;2021-01-11;4298;8;12768;18;0.2;0.0
84;2021-01-12;6365;19;19133;37;0.2;0.0
84;2021-01-13;6845;15;25978;52;0.3;0.0
84;2021-01-14;9074;58;35052;110;0.4;0.0
84;2021-01-15;7762;30;42814;140;0.5;0.0
84;2021-01-16;2953;6;45767;146;0.6;0.0
84;2021-01-17;921;2;46688;148;0.6;0.0
84;2021-01-18;8968;34;55656;182;0.7;0.0
84;2021-01-19;15050;88;70706;270;0.9;0.0
84;2021-01-20;15503;37;86209;307;1.1;0.0
84;2021-01-21;14599;52;100808;359;1.3;0.0
84;2021-01-22;12422;45;113230;404;1.4;0.0
84;2021-01-23;4763;3;117993;407;1.5;0.0
84;2021-01-24;810;1;118803;408;1.5;0.0
84;2021-01-25;8769;160;127572;568;1.6;0.0
84;2021-01-26;11904;319;139476;887;1.7;0.0
84;2021-01-27;12088;624;151564;1511;1.9;0.0
84;2021-01-28;13854;1540;165418;3051;2.1;0.0
84;2021-01-29;10806;1315;176224;4366;2.2;0.1
84;2021-01-30;4142;148;180366;4514;2.2;0.1
84;2021-01-31;499;1;180865;4515;2.3;0.1
84;2021-02-01;6553;1889;187418;6404;2.3;0.1
84;2021-02-02;10608;3517;198026;9921;2.5;0.1
84;2021-02-03;11531;3925;209557;13846;2.6;0.2
84;2021-02-04;12572;5547;222129;19393;2.8;0.2
84;2021-02-05;8620;4691;230749;24084;2.9;0.3
84;2021-02-06;2657;959;233406;25043;2.9;0.3
84;2021-02-07;452;444;233858;25487;2.9;0.3
84;2021-02-08;6220;4964;240078;30451;3.0;0.4
84;2021-02-09;9337;8260;249415;38711;3.1;0.5
84;2021-02-10;9686;8616;259101;47327;3.2;0.6
84;2021-02-11;10695;9904;269796;57231;3.4;0.7
84;2021-02-12;9723;7949;279519;65180;3.5;0.8
84;2021-02-13;3496;2358;283015;67538;3.5;0.8
84;2021-02-14;623;457;283638;67995;3.5;0.8
84;2021-02-15;4881;8363;288519;76358;3.6;1.0
84;2021-02-16;6106;10772;294625;87130;3.7;1.1
84;2021-02-17;6088;11559;300713;98689;3.7;1.2
84;2021-02-18;7109;11756;307822;110445;3.8;1.4
84;2021-02-19;6647;9343;314469;119788;3.9;1.5
84;2021-02-20;1838;3267;316307;123055;3.9;1.5
84;2021-02-21;180;502;316487;123557;3.9;1.5
84;2021-02-22;4287;8819;320774;132376;4.0;1.6
84;2021-02-23;7287;11407;328061;143783;4.1;1.8
84;2021-02-24;7805;12021;335866;155804;4.2;1.9
84;2021-02-25;12734;13783;348600;169587;4.3;2.1
84;2021-02-26;14880;10360;363480;179947;4.5;2.2
84;2021-02-27;5563;2928;369043;182875;4.6;2.3
84;2021-02-28;501;517;369544;183392;4.6;2.3
84;2021-03-01;9294;6415;378838;189807;4.7;2.4
84;2021-03-02;14973;8825;393811;198632;4.9;2.5
84;2021-03-03;14804;8631;408615;207263;5.1;2.6
84;2021-03-04;21039;8442;429654;215705;5.3;2.7
84;2021-03-05;25781;7750;455435;223455;5.7;2.8
84;2021-03-06;19500;2432;474935;225887;5.9;2.8
84;2021-03-07;8417;483;483352;226370;6.0;2.8
84;2021-03-08;12215;6833;495567;233203;6.2;2.9
84;2021-03-09;20686;7729;516253;240932;6.4;3.0
84;2021-03-10;20241;7555;536494;248487;6.7;3.1
84;2021-03-11;29483;8207;565977;256694;7.0;3.2
84;2021-03-12;36192;7747;602169;264441;7.5;3.3
84;2021-03-13;21438;1918;623607;266359;7.8;3.3
84;2021-03-14;4688;493;628295;266852;7.8;3.3
84;2021-03-15;18877;4809;647172;271661;8.1;3.4
84;2021-03-16;17060;6110;664232;277771;8.3;3.5
84;2021-03-17;17584;6475;681816;284246;8.5;3.5
84;2021-03-18;21510;6943;703326;291189;8.8;3.6
84;2021-03-19;29003;5536;732329;296725;9.1;3.7
84;2021-03-20;14537;1429;746866;298154;9.3;3.7
84;2021-03-21;3240;279;750106;298433;9.3;3.7
84;2021-03-22;19738;5149;769844;303582;9.6;3.8
84;2021-03-23;30804;5977;800648;309559;10.0;3.9
84;2021-03-24;29976;5883;830624;315442;10.3;3.9
84;2021-03-25;41566;6508;872190;321950;10.9;4.0
84;2021-03-26;42982;6826;915172;328776;11.4;4.1
84;2021-03-27;18220;2951;933392;331727;11.6;4.1
84;2021-03-28;6509;610;939901;332337;11.7;4.1
84;2021-03-29;22952;7942;962853;340279;12.0;4.2
84;2021-03-30;34971;10251;997824;350530;12.4;4.4
84;2021-03-31;29592;11057;1027416;361587;12.8;4.5
84;2021-04-01;37281;11468;1064697;373055;13.3;4.6
84;2021-04-02;34902;11405;1099599;384460;13.7;4.8
84;2021-04-03;14800;6217;1114399;390677;13.9;4.9
84;2021-04-04;9930;2010;1124329;392687;14.0;4.9
84;2021-04-05;13537;1686;1137866;394373;14.2;4.9
84;2021-04-06;26309;13225;1164175;407598;14.5;5.1
84;2021-04-07;29503;14668;1193678;422266;14.9;5.3
84;2021-04-08;39721;15431;1233399;437697;15.4;5.4
84;2021-04-09;49504;15134;1282903;452831;16.0;5.6
84;2021-04-10;20479;8149;1303382;460980;16.2;5.7
84;2021-04-11;7232;2700;1310614;463680;16.3;5.8
84;2021-04-12;27325;15584;1337939;479264;16.7;6.0
84;2021-04-13;36156;19424;1374095;498688;17.1;6.2
84;2021-04-14;34649;18298;1408744;516986;17.5;6.4
84;2021-04-15;40130;19701;1448874;536687;18.0;6.7
84;2021-04-16;38237;20120;1487111;556807;18.5;6.9
84;2021-04-17;20473;9054;1507584;565861;18.8;7.0
84;2021-04-18;6839;2702;1514423;568563;18.9;7.1
84;2021-04-19;26234;18596;1540657;587159;19.2;7.3
84;2021-04-20;31212;22543;1571869;609702;19.6;7.6
84;2021-04-21;28052;21484;1599921;631186;19.9;7.9
84;2021-04-22;32250;22665;1632171;653851;20.3;8.1
84;2021-04-23;32706;23156;1664877;677007;20.7;8.4
84;2021-04-24;17864;11911;1682741;688918;20.9;8.6
84;2021-04-25;7136;4285;1689877;693203;21.0;8.6
84;2021-04-26;23721;20069;1713598;713272;21.3;8.9
84;2021-04-27;31769;25289;1745367;738561;21.7;9.2
84;2021-04-28;32472;24880;1777839;763441;22.1;9.5
84;2021-04-29;39643;26629;1817482;790070;22.6;9.8
84;2021-04-30;38131;27918;1855613;817988;23.1;10.2
84;2021-05-01;17174;5408;1872787;823396;23.3;10.3
84;2021-05-02;7985;8572;1880772;831968;23.4;10.4
84;2021-05-03;30376;27528;1911148;859496;23.8;10.7
84;2021-05-04;37151;33787;1948299;893283;24.3;11.1
84;2021-05-05;40248;30188;1988547;923471;24.8;11.5
84;2021-05-06;46639;32721;2035186;956192;25.3;11.9
84;2021-05-07;47064;36847;2082250;993039;25.9;12.4
84;2021-05-08;22459;7691;2104709;1000730;26.2;12.5
84;2021-05-09;15923;8911;2120632;1009641;26.4;12.6
84;2021-05-10;36091;31999;2156723;1041640;26.9;13.0
84;2021-05-11;52642;36306;2209365;1077946;27.5;13.4
84;2021-05-12;56950;31953;2266315;1109899;28.2;13.8
84;2021-05-13;47429;10550;2313744;1120449;28.8;13.9
84;2021-05-14;57516;25052;2371260;1145501;29.5;14.3
84;2021-05-15;44357;13661;2415617;1159162;30.1;14.4
84;2021-05-16;30625;5168;2446242;1164330;30.5;14.5
84;2021-05-17;48471;25044;2494713;1189374;31.1;14.8
84;2021-05-18;59409;27478;2554122;1216852;31.8;15.1
84;2021-05-19;58664;23702;2612786;1240554;32.5;15.4
84;2021-05-20;62006;27152;2674792;1267706;33.3;15.8
84;2021-05-21;61305;29477;2736097;1297183;34.1;16.1
84;2021-05-22;40639;12956;2776736;1310139;34.6;16.3
84;2021-05-23;21510;4010;2798246;1314149;34.8;16.4
84;2021-05-24;40141;8573;2838387;1322722;35.3;16.5
84;2021-05-25;50567;31764;2888954;1354486;36.0;16.9
84;2021-05-26;50187;29025;2939141;1383511;36.6;17.2
84;2021-05-27;55882;31904;2995023;1415415;37.3;17.6
84;2021-05-28;54984;40527;3050007;1455942;38.0;18.1
84;2021-05-29;37730;22371;3087737;1478313;38.4;18.4
84;2021-05-30;16151;7275;3103888;1485588;38.6;18.5
84;2021-05-31;44401;29427;3148289;1515015;39.2;18.9
84;2021-06-01;48482;36679;3196771;1551694;39.8;19.3
84;2021-06-02;47888;31285;3244659;1582979;40.4;19.7
84;2021-06-03;56175;36619;3300834;1619598;41.1;20.2
84;2021-06-04;54766;42403;3355600;1662001;41.8;20.7
84;2021-06-05;38140;21683;3393740;1683684;42.3;21.0
84;2021-06-06;15932;6297;3409672;1689981;42.4;21.0
84;2021-06-07;41374;35204;3451046;1725185;43.0;21.5
84;2021-06-08;45094;37968;3496140;1763153;43.5;22.0
84;2021-06-09;40616;34016;3536756;1797169;44.0;22.4
84;2021-06-10;41311;33998;3578067;1831167;44.5;22.8
84;2021-06-11;43319;46442;3621386;1877609;45.1;23.4
84;2021-06-12;28129;22989;3649515;1900598;45.4;23.7
84;2021-06-13;8608;7155;3658123;1907753;45.5;23.8
84;2021-06-14;25520;44609;3683643;1952362;45.9;24.3
84;2021-06-15;31595;49397;3715238;2001759;46.3;24.9
84;2021-06-16;33289;45517;3748527;2047276;46.7;25.5
84;2021-06-17;30477;47037;3779004;2094313;47.0;26.1
84;2021-06-18;34866;60030;3813870;2154343;47.5;26.8
84;2021-06-19;22754;35776;3836624;2190119;47.8;27.3
84;2021-06-20;8675;14446;3845299;2204565;47.9;27.4
84;2021-06-21;19933;56273;3865232;2260838;48.1;28.1
84;2021-06-22;20993;62820;3886225;2323658;48.4;28.9
84;2021-06-23;22253;57703;3908478;2381361;48.7;29.6
84;2021-06-24;23126;55174;3931604;2436535;48.9;30.3
84;2021-06-25;23523;70379;3955127;2506914;49.2;31.2
84;2021-06-26;14034;46275;3969161;2553189;49.4;31.8
84;2021-06-27;6844;23515;3976005;2576704;49.5;32.1
84;2021-06-28;15640;64844;3991645;2641548;49.7;32.9
84;2021-06-29;18782;67320;4010427;2708868;49.9;33.7
84;2021-06-30;21485;62743;4031912;2771611;50.2;34.5
84;2021-07-01;22490;58240;4054402;2829851;50.5;35.2
84;2021-07-02;22451;68936;4076853;2898787;50.8;36.1
84;2021-07-03;15517;44777;4092370;2943564;50.9;36.6
84;2021-07-04;7703;17043;4100073;2960607;51.0;36.9
84;2021-07-05;18543;61824;4118616;3022431;51.3;37.6
84;2021-07-06;20572;61863;4139188;3084294;51.5;38.4
93;2020-12-27;1;0;1;0;0.0;0.0
93;2020-12-28;2;0;3;0;0.0;0.0
93;2020-12-29;1;0;4;0;0.0;0.0
93;2020-12-30;3;0;7;0;0.0;0.0
93;2020-12-31;19;0;26;0;0.0;0.0
93;2021-01-01;13;0;39;0;0.0;0.0
93;2021-01-02;3;0;42;0;0.0;0.0
93;2021-01-03;3;0;45;0;0.0;0.0
93;2021-01-04;133;1;178;1;0.0;0.0
93;2021-01-05;251;1;429;2;0.0;0.0
93;2021-01-06;412;0;841;2;0.0;0.0
93;2021-01-07;1245;2;2086;4;0.0;0.0
93;2021-01-08;1566;1;3652;5;0.1;0.0
93;2021-01-09;542;2;4194;7;0.1;0.0
93;2021-01-10;74;0;4268;7;0.1;0.0
93;2021-01-11;2414;1;6682;8;0.1;0.0
93;2021-01-12;5094;7;11776;15;0.2;0.0
93;2021-01-13;4473;16;16249;31;0.3;0.0
93;2021-01-14;5582;54;21831;85;0.4;0.0
93;2021-01-15;4940;18;26771;103;0.5;0.0
93;2021-01-16;1681;5;28452;108;0.6;0.0
93;2021-01-17;302;1;28754;109;0.6;0.0
93;2021-01-18;7161;31;35915;140;0.7;0.0
93;2021-01-19;13539;37;49454;177;1.0;0.0
93;2021-01-20;12278;39;61732;216;1.2;0.0
93;2021-01-21;12321;50;74053;266;1.5;0.0
93;2021-01-22;10226;30;84279;296;1.7;0.0
93;2021-01-23;3330;7;87609;303;1.7;0.0
93;2021-01-24;537;4;88146;307;1.7;0.0
93;2021-01-25;7261;41;95407;348;1.9;0.0
93;2021-01-26;10081;139;105488;487;2.1;0.0
93;2021-01-27;9695;291;115183;778;2.3;0.0
93;2021-01-28;13678;835;128861;1613;2.5;0.0
93;2021-01-29;9849;980;138710;2593;2.7;0.1
93;2021-01-30;2240;159;140950;2752;2.8;0.1
93;2021-01-31;304;5;141254;2757;2.8;0.1
93;2021-02-01;5169;1519;146423;4276;2.9;0.1
93;2021-02-02;6648;2378;153071;6654;3.0;0.1
93;2021-02-03;5027;1821;158098;8475;3.1;0.2
93;2021-02-04;5535;3158;163633;11633;3.2;0.2
93;2021-02-05;6113;4123;169746;15756;3.4;0.3
93;2021-02-06;1247;963;170993;16719;3.4;0.3
93;2021-02-07;280;81;171273;16800;3.4;0.3
93;2021-02-08;4309;3746;175582;20546;3.5;0.4
93;2021-02-09;5890;7096;181472;27642;3.6;0.5
93;2021-02-10;5958;5878;187430;33520;3.7;0.7
93;2021-02-11;6603;6714;194033;40234;3.8;0.8
93;2021-02-12;5729;6468;199762;46702;4.0;0.9
93;2021-02-13;1128;1447;200890;48149;4.0;1.0
93;2021-02-14;73;381;200963;48530;4.0;1.0
93;2021-02-15;2415;5634;203378;54164;4.0;1.1
93;2021-02-16;3194;7701;206572;61865;4.1;1.2
93;2021-02-17;3605;8499;210177;70364;4.2;1.4
93;2021-02-18;6006;11355;216183;81719;4.3;1.6
93;2021-02-19;5648;8660;221831;90379;4.4;1.8
93;2021-02-20;881;1801;222712;92180;4.4;1.8
93;2021-02-21;70;415;222782;92595;4.4;1.8
93;2021-02-22;3030;6996;225812;99591;4.5;2.0
93;2021-02-23;3967;7239;229779;106830;4.5;2.1
93;2021-02-24;4749;6793;234528;113623;4.6;2.2
93;2021-02-25;8258;6667;242786;120290;4.8;2.4
93;2021-02-26;8281;6185;251067;126475;5.0;2.5
93;2021-02-27;3295;1488;254362;127963;5.0;2.5
93;2021-02-28;306;238;254668;128201;5.0;2.5
93;2021-03-01;5659;4486;260327;132687;5.1;2.6
93;2021-03-02;7241;5927;267568;138614;5.3;2.7
93;2021-03-03;8991;6555;276559;145169;5.5;2.9
93;2021-03-04;12092;6466;288651;151635;5.7;3.0
93;2021-03-05;12211;6104;300862;157739;6.0;3.1
93;2021-03-06;22947;1336;323809;159075;6.4;3.1
93;2021-03-07;18023;629;341832;159704;6.8;3.2
93;2021-03-08;10255;5276;352087;164980;7.0;3.3
93;2021-03-09;13970;5563;366057;170543;7.2;3.4
93;2021-03-10;14500;5278;380557;175821;7.5;3.5
93;2021-03-11;20426;6182;400983;182003;7.9;3.6
93;2021-03-12;21937;5346;422920;187349;8.4;3.7
93;2021-03-13;24626;1254;447546;188603;8.9;3.7
93;2021-03-14;6477;268;454023;188871;9.0;3.7
93;2021-03-15;15952;3097;469975;191968;9.3;3.8
93;2021-03-16;12726;3646;482701;195614;9.5;3.9
93;2021-03-17;16000;4646;498701;200260;9.9;4.0
93;2021-03-18;17048;4894;515749;205154;10.2;4.1
93;2021-03-19;21034;4710;536783;209864;10.6;4.2
93;2021-03-20;10992;1330;547775;211194;10.8;4.2
93;2021-03-21;3258;134;551033;211328;10.9;4.2
93;2021-03-22;17111;3561;568144;214889;11.2;4.3
93;2021-03-23;22678;3895;590822;218784;11.7;4.3
93;2021-03-24;21988;6633;612810;225417;12.1;4.5
93;2021-03-25;29047;6507;641857;231924;12.7;4.6
93;2021-03-26;29933;5046;671790;236970;13.3;4.7
93;2021-03-27;12461;1642;684251;238612;13.5;4.7
93;2021-03-28;3578;101;687829;238713;13.6;4.7
93;2021-03-29;18541;5333;706370;244046;14.0;4.8
93;2021-03-30;28532;6709;734902;250755;14.5;5.0
93;2021-03-31;28810;6626;763712;257381;15.1;5.1
93;2021-04-01;30783;7489;794495;264870;15.7;5.2
93;2021-04-02;26949;8493;821444;273363;16.2;5.4
93;2021-04-03;9779;4983;831223;278346;16.4;5.5
93;2021-04-04;2123;1253;833346;279599;16.5;5.5
93;2021-04-05;6067;1562;839413;281161;16.6;5.6
93;2021-04-06;23453;10033;862866;291194;17.1;5.8
93;2021-04-07;26092;11668;888958;302862;17.6;6.0
93;2021-04-08;28886;14974;917844;317836;18.2;6.3
93;2021-04-09;33679;14627;951523;332463;18.8;6.6
93;2021-04-10;14839;8173;966362;340636;19.1;6.7
93;2021-04-11;3637;2961;969999;343597;19.2;6.8
93;2021-04-12;20622;12216;990621;355813;19.6;7.0
93;2021-04-13;25638;15236;1016259;371049;20.1;7.3
93;2021-04-14;25222;15256;1041481;386305;20.6;7.6
93;2021-04-15;27030;15663;1068511;401968;21.1;8.0
93;2021-04-16;27941;16460;1096452;418428;21.7;8.3
93;2021-04-17;12850;7741;1109302;426169;21.9;8.4
93;2021-04-18;5264;2959;1114566;429128;22.0;8.5
93;2021-04-19;19108;15958;1133674;445086;22.4;8.8
93;2021-04-20;21369;18733;1155043;463819;22.8;9.2
93;2021-04-21;23960;18321;1179003;482140;23.3;9.5
93;2021-04-22;25897;19276;1204900;501416;23.8;9.9
93;2021-04-23;25471;18205;1230371;519621;24.3;10.3
93;2021-04-24;11556;8703;1241927;528324;24.6;10.5
93;2021-04-25;3210;2140;1245137;530464;24.6;10.5
93;2021-04-26;16477;15863;1261614;546327;25.0;10.8
93;2021-04-27;19470;20166;1281084;566493;25.3;11.2
93;2021-04-28;21513;20125;1302597;586618;25.8;11.6
93;2021-04-29;27926;21792;1330523;608410;26.3;12.0
93;2021-04-30;27344;20625;1357867;629035;26.9;12.4
93;2021-05-01;11760;5318;1369627;634353;27.1;12.5
93;2021-05-02;4074;1882;1373701;636235;27.2;12.6
93;2021-05-03;20543;18201;1394244;654436;27.6;12.9
93;2021-05-04;20829;22733;1415073;677169;28.0;13.4
93;2021-05-05;19566;21513;1434639;698682;28.4;13.8
93;2021-05-06;24863;21647;1459502;720329;28.9;14.2
93;2021-05-07;22460;25015;1481962;745344;29.3;14.7
93;2021-05-08;13690;6916;1495652;752260;29.6;14.9
93;2021-05-09;3473;2319;1499125;754579;29.7;14.9
93;2021-05-10;18706;22586;1517831;777165;30.0;15.4
93;2021-05-11;25431;25641;1543262;802806;30.5;15.9
93;2021-05-12;32650;22581;1575912;825387;31.2;16.3
93;2021-05-13;28334;7916;1604246;833303;31.7;16.5
93;2021-05-14;35516;16470;1639762;849773;32.4;16.8
93;2021-05-15;29909;10288;1669671;860061;33.0;17.0
93;2021-05-16;12793;2543;1682464;862604;33.3;17.1
93;2021-05-17;25869;17519;1708333;880123;33.8;17.4
93;2021-05-18;30605;16831;1738938;896954;34.4;17.7
93;2021-05-19;30471;15310;1769409;912264;35.0;18.0
93;2021-05-20;33134;16815;1802543;929079;35.7;18.4
93;2021-05-21;34246;17951;1836789;947030;36.3;18.7
93;2021-05-22;18860;7697;1855649;954727;36.7;18.9
93;2021-05-23;5930;2031;1861579;956758;36.8;18.9
93;2021-05-24;17909;5013;1879488;961771;37.2;19.0
93;2021-05-25;23803;20508;1903291;982279;37.6;19.4
93;2021-05-26;24933;21968;1928224;1004247;38.1;19.9
93;2021-05-27;26633;23358;1954857;1027605;38.7;20.3
93;2021-05-28;23029;26671;1977886;1054276;39.1;20.9
93;2021-05-29;13175;14385;1991061;1068661;39.4;21.1
93;2021-05-30;2600;3183;1993661;1071844;39.4;21.2
93;2021-05-31;20962;21309;2014623;1093153;39.8;21.6
93;2021-06-01;24580;26211;2039203;1119364;40.3;22.1
93;2021-06-02;22325;26132;2061528;1145496;40.8;22.7
93;2021-06-03;27734;27293;2089262;1172789;41.3;23.2
93;2021-06-04;28043;28364;2117305;1201153;41.9;23.8
93;2021-06-05;16385;14243;2133690;1215396;42.2;24.0
93;2021-06-06;4898;2796;2138588;1218192;42.3;24.1
93;2021-06-07;17725;24419;2156313;1242611;42.7;24.6
93;2021-06-08;21071;24128;2177384;1266739;43.1;25.1
93;2021-06-09;20705;25788;2198089;1292527;43.5;25.6
93;2021-06-10;21694;24779;2219783;1317306;43.9;26.1
93;2021-06-11;19779;30839;2239562;1348145;44.3;26.7
93;2021-06-12;12983;15333;2252545;1363478;44.6;27.0
93;2021-06-13;2554;3327;2255099;1366805;44.6;27.0
93;2021-06-14;13536;29450;2268635;1396255;44.9;27.6
93;2021-06-15;16517;31025;2285152;1427280;45.2;28.2
93;2021-06-16;17092;25715;2302244;1452995;45.5;28.7
93;2021-06-17;17143;28206;2319387;1481201;45.9;29.3
93;2021-06-18;16240;28024;2335627;1509225;46.2;29.9
93;2021-06-19;9687;15351;2345314;1524576;46.4;30.2
93;2021-06-20;2390;3703;2347704;1528279;46.4;30.2
93;2021-06-21;9923;30476;2357627;1558755;46.6;30.8
93;2021-06-22;11538;34476;2369165;1593231;46.9;31.5
93;2021-06-23;11459;32293;2380624;1625524;47.1;32.2
93;2021-06-24;12191;34136;2392815;1659660;47.3;32.8
93;2021-06-25;11418;37962;2404233;1697622;47.6;33.6
93;2021-06-26;6688;21717;2410921;1719339;47.7;34.0
93;2021-06-27;1993;5804;2412914;1725143;47.7;34.1
93;2021-06-28;8226;32732;2421140;1757875;47.9;34.8
93;2021-06-29;9915;33884;2431055;1791759;48.1;35.4
93;2021-06-30;10633;33386;2441688;1825145;48.3;36.1
93;2021-07-01;12470;31105;2454158;1856250;48.5;36.7
93;2021-07-02;12543;33840;2466701;1890090;48.8;37.4
93;2021-07-03;7370;22049;2474071;1912139;48.9;37.8
93;2021-07-04;1843;4495;2475914;1916634;49.0;37.9
93;2021-07-05;9363;28687;2485277;1945321;49.2;38.5
93;2021-07-06;11950;29698;2497227;1975019;49.4;39.1
94;2020-12-27;0;0;0;0;0.0;0.0
94;2020-12-28;0;0;0;0;0.0;0.0
94;2020-12-29;0;0;0;0;0.0;0.0
94;2020-12-30;0;0;0;0;0.0;0.0
94;2020-12-31;0;0;0;0;0.0;0.0
94;2021-01-01;0;0;0;0;0.0;0.0
94;2021-01-02;0;0;0;0;0.0;0.0
94;2021-01-03;0;0;0;0;0.0;0.0
94;2021-01-04;2;0;2;0;0.0;0.0
94;2021-01-05;0;0;2;0;0.0;0.0
94;2021-01-06;53;1;55;1;0.0;0.0
94;2021-01-07;333;1;388;2;0.1;0.0
94;2021-01-08;310;0;698;2;0.2;0.0
94;2021-01-09;78;0;776;2;0.2;0.0
94;2021-01-10;34;0;810;2;0.2;0.0
94;2021-01-11;151;0;961;2;0.3;0.0
94;2021-01-12;209;1;1170;3;0.3;0.0
94;2021-01-13;203;0;1373;3;0.4;0.0
94;2021-01-14;264;1;1637;4;0.5;0.0
94;2021-01-15;406;0;2043;4;0.6;0.0
94;2021-01-16;200;1;2243;5;0.7;0.0
94;2021-01-17;91;1;2334;6;0.7;0.0
94;2021-01-18;471;2;2805;8;0.8;0.0
94;2021-01-19;982;0;3787;8;1.1;0.0
94;2021-01-20;812;0;4599;8;1.3;0.0
94;2021-01-21;808;1;5407;9;1.6;0.0
94;2021-01-22;728;0;6135;9;1.8;0.0
94;2021-01-23;243;0;6378;9;1.9;0.0
94;2021-01-24;147;0;6525;9;1.9;0.0
94;2021-01-25;422;2;6947;11;2.0;0.0
94;2021-01-26;790;7;7737;18;2.2;0.0
94;2021-01-27;663;55;8400;73;2.4;0.0
94;2021-01-28;699;230;9099;303;2.6;0.1
94;2021-01-29;627;228;9726;531;2.8;0.2
94;2021-01-30;204;74;9930;605;2.9;0.2
94;2021-01-31;150;12;10080;617;2.9;0.2
94;2021-02-01;458;147;10538;764;3.1;0.2
94;2021-02-02;643;196;11181;960;3.2;0.3
94;2021-02-03;783;167;11964;1127;3.5;0.3
94;2021-02-04;714;297;12678;1424;3.7;0.4
94;2021-02-05;659;201;13337;1625;3.9;0.5
94;2021-02-06;207;75;13544;1700;3.9;0.5
94;2021-02-07;126;58;13670;1758;4.0;0.5
94;2021-02-08;322;366;13992;2124;4.1;0.6
94;2021-02-09;712;616;14704;2740;4.3;0.8
94;2021-02-10;643;430;15347;3170;4.5;0.9
94;2021-02-11;678;497;16025;3667;4.6;1.1
94;2021-02-12;641;429;16666;4096;4.8;1.2
94;2021-02-13;301;72;16967;4168;4.9;1.2
94;2021-02-14;195;78;17162;4246;5.0;1.2
94;2021-02-15;380;310;17542;4556;5.1;1.3
94;2021-02-16;634;607;18176;5163;5.3;1.5
94;2021-02-17;592;482;18768;5645;5.4;1.6
94;2021-02-18;550;546;19318;6191;5.6;1.8
94;2021-02-19;309;610;19627;6801;5.7;2.0
94;2021-02-20;275;199;19902;7000;5.8;2.0
94;2021-02-21;84;84;19986;7084;5.8;2.1
94;2021-02-22;211;406;20197;7490;5.9;2.2
94;2021-02-23;352;648;20549;8138;6.0;2.4
94;2021-02-24;299;609;20848;8747;6.0;2.5
94;2021-02-25;348;607;21196;9354;6.1;2.7
94;2021-02-26;420;555;21616;9909;6.3;2.9
94;2021-02-27;368;152;21984;10061;6.4;2.9
94;2021-02-28;70;123;22054;10184;6.4;3.0
94;2021-03-01;361;412;22415;10596;6.5;3.1
94;2021-03-02;549;655;22964;11251;6.7;3.3
94;2021-03-03;532;692;23496;11943;6.8;3.5
94;2021-03-04;952;636;24448;12579;7.1;3.6
94;2021-03-05;1584;677;26032;13256;7.6;3.8
94;2021-03-06;1843;165;27875;13421;8.1;3.9
94;2021-03-07;1381;101;29256;13522;8.5;3.9
94;2021-03-08;1228;324;30484;13846;8.8;4.0
94;2021-03-09;1313;656;31797;14502;9.2;4.2
94;2021-03-10;1259;581;33056;15083;9.6;4.4
94;2021-03-11;1307;635;34363;15718;10.0;4.6
94;2021-03-12;1517;541;35880;16259;10.4;4.7
94;2021-03-13;1118;304;36998;16563;10.7;4.8
94;2021-03-14;537;185;37535;16748;10.9;4.9
94;2021-03-15;886;401;38421;17149;11.1;5.0
94;2021-03-16;1065;641;39486;17790;11.5;5.2
94;2021-03-17;1225;530;40711;18320;11.8;5.3
94;2021-03-18;995;530;41706;18850;12.1;5.5
94;2021-03-19;1286;344;42992;19194;12.5;5.6
94;2021-03-20;1732;293;44724;19487;13.0;5.7
94;2021-03-21;1126;83;45850;19570;13.3;5.7
94;2021-03-22;889;189;46739;19759;13.6;5.7
94;2021-03-23;1302;319;48041;20078;13.9;5.8
94;2021-03-24;1688;306;49729;20384;14.4;5.9
94;2021-03-25;1753;296;51482;20680;14.9;6.0
94;2021-03-26;2031;349;53513;21029;15.5;6.1
94;2021-03-27;2273;229;55786;21258;16.2;6.2
94;2021-03-28;1070;217;56856;21475;16.5;6.2
94;2021-03-29;1025;312;57881;21787;16.8;6.3
94;2021-03-30;1352;555;59233;22342;17.2;6.5
94;2021-03-31;1427;488;60660;22830;17.6;6.6
94;2021-04-01;1638;680;62298;23510;18.1;6.8
94;2021-04-02;1863;1190;64161;24700;18.6;7.2
94;2021-04-03;1890;1128;66051;25828;19.2;7.5
94;2021-04-04;771;844;66822;26672;19.4;7.7
94;2021-04-05;629;807;67451;27479;19.6;8.0
94;2021-04-06;1579;912;69030;28391;20.0;8.2
94;2021-04-07;2010;849;71040;29240;20.6;8.5
94;2021-04-08;2174;756;73214;29996;21.2;8.7
94;2021-04-09;2100;951;75314;30947;21.9;9.0
94;2021-04-10;2402;627;77716;31574;22.5;9.2
94;2021-04-11;1173;315;78889;31889;22.9;9.3
94;2021-04-12;1517;900;80406;32789;23.3;9.5
94;2021-04-13;1384;1008;81790;33797;23.7;9.8
94;2021-04-14;2088;1075;83878;34872;24.3;10.1
94;2021-04-15;1922;1032;85800;35904;24.9;10.4
94;2021-04-16;1777;1038;87577;36942;25.4;10.7
94;2021-04-17;1750;1373;89327;38315;25.9;11.1
94;2021-04-18;1234;1280;90561;39595;26.3;11.5
94;2021-04-19;1091;774;91652;40369;26.6;11.7
94;2021-04-20;1249;1192;92901;41561;27.0;12.1
94;2021-04-21;1781;1336;94682;42897;27.5;12.4
94;2021-04-22;1832;1375;96514;44272;28.0;12.8
94;2021-04-23;1647;1403;98161;45675;28.5;13.3
94;2021-04-24;2030;1745;100191;47420;29.1;13.8
94;2021-04-25;1261;777;101452;48197;29.4;14.0
94;2021-04-26;1015;1145;102467;49342;29.7;14.3
94;2021-04-27;1308;1218;103775;50560;30.1;14.7
94;2021-04-28;2588;1275;106363;51835;30.9;15.0
94;2021-04-29;1969;1223;108332;53058;31.4;15.4
94;2021-04-30;2262;1882;110594;54940;32.1;15.9
94;2021-05-01;1423;1689;112017;56629;32.5;16.4
94;2021-05-02;1009;949;113026;57578;32.8;16.7
94;2021-05-03;1600;1068;114626;58646;33.3;17.0
94;2021-05-04;1557;1683;116183;60329;33.7;17.5
94;2021-05-05;1810;2356;117993;62685;34.2;18.2
94;2021-05-06;2187;1812;120180;64497;34.9;18.7
94;2021-05-07;2212;1818;122392;66315;35.5;19.2
94;2021-05-08;873;1354;123265;67669;35.8;19.6
94;2021-05-09;1175;1319;124440;68988;36.1;20.0
94;2021-05-10;1373;1538;125813;70526;36.5;20.5
94;2021-05-11;1581;1574;127394;72100;37.0;20.9
94;2021-05-12;1770;1379;129164;73479;37.5;21.3
94;2021-05-13;1940;512;131104;73991;38.0;21.5
94;2021-05-14;1513;1258;132617;75249;38.5;21.8
94;2021-05-15;1479;997;134096;76246;38.9;22.1
94;2021-05-16;1032;674;135128;76920;39.2;22.3
94;2021-05-17;1581;967;136709;77887;39.7;22.6
94;2021-05-18;1602;858;138311;78745;40.1;22.8
94;2021-05-19;1551;897;139862;79642;40.6;23.1
94;2021-05-20;1355;896;141217;80538;41.0;23.4
94;2021-05-21;1236;981;142453;81519;41.3;23.7
94;2021-05-22;1015;697;143468;82216;41.6;23.9
94;2021-05-23;696;329;144164;82545;41.8;23.9
94;2021-05-24;165;147;144329;82692;41.9;24.0
94;2021-05-25;962;855;145291;83547;42.2;24.2
94;2021-05-26;954;1953;146245;85500;42.4;24.8
94;2021-05-27;836;2241;147081;87741;42.7;25.5
94;2021-05-28;838;1821;147919;89562;42.9;26.0
94;2021-05-29;646;1252;148565;90814;43.1;26.3
94;2021-05-30;226;550;148791;91364;43.2;26.5
94;2021-05-31;560;1241;149351;92605;43.3;26.9
94;2021-06-01;737;1767;150088;94372;43.5;27.4
94;2021-06-02;628;1926;150716;96298;43.7;27.9
94;2021-06-03;787;1647;151503;97945;44.0;28.4
94;2021-06-04;609;2344;152112;100289;44.1;29.1
94;2021-06-05;564;1938;152676;102227;44.3;29.7
94;2021-06-06;220;1039;152896;103266;44.4;30.0
94;2021-06-07;438;1608;153334;104874;44.5;30.4
94;2021-06-08;696;1871;154030;106745;44.7;31.0
94;2021-06-09;796;2494;154826;109239;44.9;31.7
94;2021-06-10;671;1793;155497;111032;45.1;32.2
94;2021-06-11;691;2295;156188;113327;45.3;32.9
94;2021-06-12;354;1208;156542;114535;45.4;33.2
94;2021-06-13;204;855;156746;115390;45.5;33.5
94;2021-06-14;421;2038;157167;117428;45.6;34.1
94;2021-06-15;546;1724;157713;119152;45.8;34.6
94;2021-06-16;577;1712;158290;120864;45.9;35.1
94;2021-06-17;612;1637;158902;122501;46.1;35.5
94;2021-06-18;575;1877;159477;124378;46.3;36.1
94;2021-06-19;342;1014;159819;125392;46.4;36.4
94;2021-06-20;188;888;160007;126280;46.4;36.6
94;2021-06-21;435;1756;160442;128036;46.5;37.1
94;2021-06-22;542;1959;160984;129995;46.7;37.7
94;2021-06-23;401;1439;161385;131434;46.8;38.1
94;2021-06-24;463;1126;161848;132560;47.0;38.5
94;2021-06-25;368;1546;162216;134106;47.1;38.9
94;2021-06-26;300;1421;162516;135527;47.1;39.3
94;2021-06-27;201;1007;162717;136534;47.2;39.6
94;2021-06-28;511;1653;163228;138187;47.4;40.1
94;2021-06-29;471;1678;163699;139865;47.5;40.6
94;2021-06-30;604;1435;164303;141300;47.7;41.0
94;2021-07-01;410;985;164713;142285;47.8;41.3
94;2021-07-02;359;924;165072;143209;47.9;41.5
94;2021-07-03;289;1007;165361;144216;48.0;41.8
94;2021-07-04;168;663;165529;144879;48.0;42.0
94;2021-07-05;414;887;165943;145766;48.1;42.3
94;2021-07-06;689;1095;166632;146861;48.3;42.6
