fra;clage_vacsi;jour;n_dose1;n_complet;n_cum_dose1;n_cum_complet;couv_dose1;couv_complet
FR;24;2020-12-27;1;0;1;0;0.0;0.0
FR;24;2020-12-28;3;0;4;0;0.0;0.0
FR;24;2020-12-29;0;0;4;0;0.0;0.0
FR;24;2020-12-30;0;0;4;0;0.0;0.0
FR;24;2020-12-31;1;0;5;0;0.0;0.0
FR;24;2021-01-01;2;0;7;0;0.0;0.0
FR;24;2021-01-02;1;0;8;0;0.0;0.0
FR;24;2021-01-03;2;0;10;0;0.0;0.0
FR;24;2021-01-04;4;0;14;0;0.0;0.0
FR;24;2021-01-05;17;1;31;1;0.0;0.0
FR;24;2021-01-06;36;0;67;1;0.0;0.0
FR;24;2021-01-07;180;0;247;1;0.0;0.0
FR;24;2021-01-08;216;0;463;1;0.0;0.0
FR;24;2021-01-09;39;0;502;1;0.0;0.0
FR;24;2021-01-10;35;0;537;1;0.0;0.0
FR;24;2021-01-11;254;2;791;3;0.0;0.0
FR;24;2021-01-12;398;5;1189;8;0.0;0.0
FR;24;2021-01-13;482;5;1671;13;0.0;0.0
FR;24;2021-01-14;616;6;2287;19;0.0;0.0
FR;24;2021-01-15;600;2;2887;21;0.1;0.0
FR;24;2021-01-16;118;3;3005;24;0.1;0.0
FR;24;2021-01-17;94;0;3099;24;0.1;0.0
FR;24;2021-01-18;510;5;3609;29;0.1;0.0
FR;24;2021-01-19;599;6;4208;35;0.1;0.0
FR;24;2021-01-20;652;2;4860;37;0.1;0.0
FR;24;2021-01-21;761;4;5621;41;0.1;0.0
FR;24;2021-01-22;604;5;6225;46;0.1;0.0
FR;24;2021-01-23;117;0;6342;46;0.1;0.0
FR;24;2021-01-24;22;0;6364;46;0.1;0.0
FR;24;2021-01-25;294;6;6658;52;0.1;0.0
FR;24;2021-01-26;367;13;7025;65;0.1;0.0
FR;24;2021-01-27;447;14;7472;79;0.1;0.0
FR;24;2021-01-28;603;52;8075;131;0.1;0.0
FR;24;2021-01-29;470;85;8545;216;0.2;0.0
FR;24;2021-01-30;87;16;8632;232;0.2;0.0
FR;24;2021-01-31;25;13;8657;245;0.2;0.0
FR;24;2021-02-01;157;136;8814;381;0.2;0.0
FR;24;2021-02-02;219;182;9033;563;0.2;0.0
FR;24;2021-02-03;218;187;9251;750;0.2;0.0
FR;24;2021-02-04;360;316;9611;1066;0.2;0.0
FR;24;2021-02-05;348;345;9959;1411;0.2;0.0
FR;24;2021-02-06;83;71;10042;1482;0.2;0.0
FR;24;2021-02-07;169;31;10211;1513;0.2;0.0
FR;24;2021-02-08;388;361;10599;1874;0.2;0.0
FR;24;2021-02-09;750;462;11349;2336;0.2;0.0
FR;24;2021-02-10;1095;608;12444;2944;0.2;0.1
FR;24;2021-02-11;1581;728;14025;3672;0.3;0.1
FR;24;2021-02-12;1627;575;15652;4247;0.3;0.1
FR;24;2021-02-13;292;95;15944;4342;0.3;0.1
FR;24;2021-02-14;63;32;16007;4374;0.3;0.1
FR;24;2021-02-15;1050;391;17057;4765;0.3;0.1
FR;24;2021-02-16;1567;592;18624;5357;0.3;0.1
FR;24;2021-02-17;1496;508;20120;5865;0.4;0.1
FR;24;2021-02-18;1953;645;22073;6510;0.4;0.1
FR;24;2021-02-19;1862;585;23935;7095;0.4;0.1
FR;24;2021-02-20;335;89;24270;7184;0.4;0.1
FR;24;2021-02-21;41;19;24311;7203;0.4;0.1
FR;24;2021-02-22;1171;306;25482;7509;0.5;0.1
FR;24;2021-02-23;1591;402;27073;7911;0.5;0.1
FR;24;2021-02-24;1658;355;28731;8266;0.5;0.2
FR;24;2021-02-25;2293;509;31024;8775;0.6;0.2
FR;24;2021-02-26;2208;424;33232;9199;0.6;0.2
FR;24;2021-02-27;534;91;33766;9290;0.6;0.2
FR;24;2021-02-28;92;17;33858;9307;0.6;0.2
FR;24;2021-03-01;1271;259;35129;9566;0.6;0.2
FR;24;2021-03-02;1668;332;36797;9898;0.7;0.2
FR;24;2021-03-03;1773;392;38570;10290;0.7;0.2
FR;24;2021-03-04;2194;551;40764;10841;0.8;0.2
FR;24;2021-03-05;3335;551;44099;11392;0.8;0.2
FR;24;2021-03-06;1728;165;45827;11557;0.8;0.2
FR;24;2021-03-07;990;91;46817;11648;0.9;0.2
FR;24;2021-03-08;1987;278;48804;11926;0.9;0.2
FR;24;2021-03-09;2644;369;51448;12295;0.9;0.2
FR;24;2021-03-10;2455;410;53903;12705;1.0;0.2
FR;24;2021-03-11;2964;564;56867;13269;1.0;0.2
FR;24;2021-03-12;3860;493;60727;13762;1.1;0.3
FR;24;2021-03-13;1500;126;62227;13888;1.1;0.3
FR;24;2021-03-14;536;44;62763;13932;1.2;0.3
FR;24;2021-03-15;1845;287;64608;14219;1.2;0.3
FR;24;2021-03-16;834;320;65442;14539;1.2;0.3
FR;24;2021-03-17;1081;337;66523;14876;1.2;0.3
FR;24;2021-03-18;1310;463;67833;15339;1.3;0.3
FR;24;2021-03-19;1877;389;69710;15728;1.3;0.3
FR;24;2021-03-20;839;96;70549;15824;1.3;0.3
FR;24;2021-03-21;638;81;71187;15905;1.3;0.3
FR;24;2021-03-22;1507;322;72694;16227;1.3;0.3
FR;24;2021-03-23;1809;422;74503;16649;1.4;0.3
FR;24;2021-03-24;2165;387;76668;17036;1.4;0.3
FR;24;2021-03-25;2570;528;79238;17564;1.5;0.3
FR;24;2021-03-26;3173;532;82411;18096;1.5;0.3
FR;24;2021-03-27;1905;228;84316;18324;1.6;0.3
FR;24;2021-03-28;1013;85;85329;18409;1.6;0.3
FR;24;2021-03-29;2461;393;87790;18802;1.6;0.3
FR;24;2021-03-30;3657;563;91447;19365;1.7;0.4
FR;24;2021-03-31;4198;576;95645;19941;1.8;0.4
FR;24;2021-04-01;5444;818;101089;20759;1.9;0.4
FR;24;2021-04-02;4489;687;105578;21446;1.9;0.4
FR;24;2021-04-03;1760;354;107338;21800;2.0;0.4
FR;24;2021-04-04;958;136;108296;21936;2.0;0.4
FR;24;2021-04-05;1101;143;109397;22079;2.0;0.4
FR;24;2021-04-06;3574;635;112971;22714;2.1;0.4
FR;24;2021-04-07;4800;874;117771;23588;2.2;0.4
FR;24;2021-04-08;6404;1173;124175;24761;2.3;0.5
FR;24;2021-04-09;5802;1130;129977;25891;2.4;0.5
FR;24;2021-04-10;2631;590;132608;26481;2.4;0.5
FR;24;2021-04-11;1260;322;133868;26803;2.5;0.5
FR;24;2021-04-12;3457;968;137325;27771;2.5;0.5
FR;24;2021-04-13;4791;1182;142116;28953;2.6;0.5
FR;24;2021-04-14;4982;1362;147098;30315;2.7;0.6
FR;24;2021-04-15;5239;1627;152337;31942;2.8;0.6
FR;24;2021-04-16;4856;1711;157193;33653;2.9;0.6
FR;24;2021-04-17;2142;814;159335;34467;2.9;0.6
FR;24;2021-04-18;725;446;160060;34913;3.0;0.6
FR;24;2021-04-19;2958;1540;163018;36453;3.0;0.7
FR;24;2021-04-20;3141;2154;166159;38607;3.1;0.7
FR;24;2021-04-21;3454;2504;169613;41111;3.1;0.8
FR;24;2021-04-22;4052;3167;173665;44278;3.2;0.8
FR;24;2021-04-23;4238;3324;177903;47602;3.3;0.9
FR;24;2021-04-24;2397;1691;180300;49293;3.3;0.9
FR;24;2021-04-25;1233;807;181533;50100;3.3;0.9
FR;24;2021-04-26;3132;2206;184665;52306;3.4;1.0
FR;24;2021-04-27;3955;3199;188620;55505;3.5;1.0
FR;24;2021-04-28;4498;3777;193118;59282;3.6;1.1
FR;24;2021-04-29;5544;4487;198662;63769;3.7;1.2
FR;24;2021-04-30;6274;4653;204936;68422;3.8;1.3
FR;24;2021-05-01;4034;1101;208970;69523;3.9;1.3
FR;24;2021-05-02;2795;912;211765;70435;3.9;1.3
FR;24;2021-05-03;6401;4177;218166;74612;4.0;1.4
FR;24;2021-05-04;7669;4756;225835;79368;4.2;1.5
FR;24;2021-05-05;8864;5004;234699;84372;4.3;1.6
FR;24;2021-05-06;10965;6413;245664;90785;4.5;1.7
FR;24;2021-05-07;12182;6470;257846;97255;4.8;1.8
FR;24;2021-05-08;10134;2569;267980;99824;4.9;1.8
FR;24;2021-05-09;6902;1953;274882;101777;5.1;1.9
FR;24;2021-05-10;11142;5000;286024;106777;5.3;2.0
FR;24;2021-05-11;15640;5809;301664;112586;5.6;2.1
FR;24;2021-05-12;22988;6235;324652;118821;6.0;2.2
FR;24;2021-05-13;27641;3119;352293;121940;6.5;2.2
FR;24;2021-05-14;32768;5610;385061;127550;7.1;2.4
FR;24;2021-05-15;34176;4041;419237;131591;7.7;2.4
FR;24;2021-05-16;21916;2022;441153;133613;8.1;2.5
FR;24;2021-05-17;29635;5295;470788;138908;8.7;2.6
FR;24;2021-05-18;38019;6128;508807;145036;9.4;2.7
FR;24;2021-05-19;40256;7106;549063;152142;10.1;2.8
FR;24;2021-05-20;45992;7520;595055;159662;11.0;2.9
FR;24;2021-05-21;47424;7296;642479;166958;11.8;3.1
FR;24;2021-05-22;44689;4546;687168;171504;12.7;3.2
FR;24;2021-05-23;24032;2345;711200;173849;13.1;3.2
FR;24;2021-05-24;34395;3611;745595;177460;13.7;3.3
FR;24;2021-05-25;44790;7835;790385;185295;14.6;3.4
FR;24;2021-05-26;45969;7390;836354;192685;15.4;3.6
FR;24;2021-05-27;52093;8532;888447;201217;16.4;3.7
FR;24;2021-05-28;48850;8950;937297;210167;17.3;3.9
FR;24;2021-05-29;44015;5914;981312;216081;18.1;4.0
FR;24;2021-05-30;18371;2244;999683;218325;18.4;4.0
FR;24;2021-05-31;51842;8220;1051525;226545;19.4;4.2
FR;24;2021-06-01;59414;10124;1110939;236669;20.5;4.4
FR;24;2021-06-02;60730;9545;1171669;246214;21.6;4.5
FR;24;2021-06-03;67299;10491;1238968;256705;22.8;4.7
FR;24;2021-06-04;64633;10658;1303601;267363;24.0;4.9
FR;24;2021-06-05;54864;7737;1358465;275100;25.0;5.1
FR;24;2021-06-06;26704;3600;1385169;278700;25.5;5.1
FR;24;2021-06-07;56798;9850;1441967;288550;26.6;5.3
FR;24;2021-06-08;62531;10854;1504498;299404;27.7;5.5
FR;24;2021-06-09;61484;11317;1565982;310721;28.9;5.7
FR;24;2021-06-10;63144;13895;1629126;324616;30.0;6.0
FR;24;2021-06-11;59358;12953;1688484;337569;31.1;6.2
FR;24;2021-06-12;53197;11504;1741681;349073;32.1;6.4
FR;24;2021-06-13;20626;5353;1762307;354426;32.5;6.5
FR;24;2021-06-14;41253;13450;1803560;367876;33.3;6.8
FR;24;2021-06-15;43660;14558;1847220;382434;34.1;7.1
FR;24;2021-06-16;39596;15094;1886816;397528;34.8;7.3
FR;29;2020-12-27;0;0;0;0;0.0;0.0
FR;29;2020-12-28;1;0;1;0;0.0;0.0
FR;29;2020-12-29;0;0;1;0;0.0;0.0
FR;29;2020-12-30;0;0;1;0;0.0;0.0
FR;29;2020-12-31;1;0;2;0;0.0;0.0
FR;29;2021-01-01;2;0;4;0;0.0;0.0
FR;29;2021-01-02;3;0;7;0;0.0;0.0
FR;29;2021-01-03;3;0;10;0;0.0;0.0
FR;29;2021-01-04;10;0;20;0;0.0;0.0
FR;29;2021-01-05;42;0;62;0;0.0;0.0
FR;29;2021-01-06;142;0;204;0;0.0;0.0
FR;29;2021-01-07;308;2;512;2;0.0;0.0
FR;29;2021-01-08;521;5;1033;7;0.0;0.0
FR;29;2021-01-09;113;0;1146;7;0.0;0.0
FR;29;2021-01-10;91;1;1237;8;0.0;0.0
FR;29;2021-01-11;647;4;1884;12;0.1;0.0
FR;29;2021-01-12;941;14;2825;26;0.1;0.0
FR;29;2021-01-13;1221;13;4046;39;0.1;0.0
FR;29;2021-01-14;1570;17;5616;56;0.2;0.0
FR;29;2021-01-15;1317;7;6933;63;0.2;0.0
FR;29;2021-01-16;193;4;7126;67;0.2;0.0
FR;29;2021-01-17;158;0;7284;67;0.2;0.0
FR;29;2021-01-18;1042;16;8326;83;0.2;0.0
FR;29;2021-01-19;1151;6;9477;89;0.3;0.0
FR;29;2021-01-20;1200;8;10677;97;0.3;0.0
FR;29;2021-01-21;1466;9;12143;106;0.3;0.0
FR;29;2021-01-22;1157;11;13300;117;0.4;0.0
FR;29;2021-01-23;170;2;13470;119;0.4;0.0
FR;29;2021-01-24;52;0;13522;119;0.4;0.0
FR;29;2021-01-25;542;19;14064;138;0.4;0.0
FR;29;2021-01-26;667;36;14731;174;0.4;0.0
FR;29;2021-01-27;731;63;15462;237;0.4;0.0
FR;29;2021-01-28;1042;125;16504;362;0.4;0.0
FR;29;2021-01-29;806;173;17310;535;0.5;0.0
FR;29;2021-01-30;143;40;17453;575;0.5;0.0
FR;29;2021-01-31;34;26;17487;601;0.5;0.0
FR;29;2021-02-01;263;295;17750;896;0.5;0.0
FR;29;2021-02-02;410;372;18160;1268;0.5;0.0
FR;29;2021-02-03;460;461;18620;1729;0.5;0.0
FR;29;2021-02-04;619;718;19239;2447;0.5;0.1
FR;29;2021-02-05;537;749;19776;3196;0.5;0.1
FR;29;2021-02-06;143;109;19919;3305;0.5;0.1
FR;29;2021-02-07;304;68;20223;3373;0.5;0.1
FR;29;2021-02-08;605;808;20828;4181;0.6;0.1
FR;29;2021-02-09;1250;1028;22078;5209;0.6;0.1
FR;29;2021-02-10;1716;1154;23794;6363;0.6;0.2
FR;29;2021-02-11;2473;1447;26267;7810;0.7;0.2
FR;29;2021-02-12;2224;1243;28491;9053;0.8;0.2
FR;29;2021-02-13;430;159;28921;9212;0.8;0.2
FR;29;2021-02-14;134;82;29055;9294;0.8;0.3
FR;29;2021-02-15;1574;809;30629;10103;0.8;0.3
FR;29;2021-02-16;1926;1180;32555;11283;0.9;0.3
FR;29;2021-02-17;1892;970;34447;12253;0.9;0.3
FR;29;2021-02-18;2404;1187;36851;13440;1.0;0.4
FR;29;2021-02-19;2326;960;39177;14400;1.1;0.4
FR;29;2021-02-20;385;127;39562;14527;1.1;0.4
FR;29;2021-02-21;86;43;39648;14570;1.1;0.4
FR;29;2021-02-22;1364;541;41012;15111;1.1;0.4
FR;29;2021-02-23;1765;670;42777;15781;1.2;0.4
FR;29;2021-02-24;1792;549;44569;16330;1.2;0.4
FR;29;2021-02-25;2411;968;46980;17298;1.3;0.5
FR;29;2021-02-26;2586;685;49566;17983;1.3;0.5
FR;29;2021-02-27;607;113;50173;18096;1.3;0.5
FR;29;2021-02-28;112;28;50285;18124;1.4;0.5
FR;29;2021-03-01;1315;366;51600;18490;1.4;0.5
FR;29;2021-03-02;1808;616;53408;19106;1.4;0.5
FR;29;2021-03-03;1997;623;55405;19729;1.5;0.5
FR;29;2021-03-04;2521;796;57926;20525;1.6;0.6
FR;29;2021-03-05;3642;765;61568;21290;1.7;0.6
FR;29;2021-03-06;1649;154;63217;21444;1.7;0.6
FR;29;2021-03-07;820;106;64037;21550;1.7;0.6
FR;29;2021-03-08;1978;427;66015;21977;1.8;0.6
FR;29;2021-03-09;2674;528;68689;22505;1.8;0.6
FR;29;2021-03-10;2594;551;71283;23056;1.9;0.6
FR;29;2021-03-11;3375;886;74658;23942;2.0;0.6
FR;29;2021-03-12;3998;781;78656;24723;2.1;0.7
FR;29;2021-03-13;1638;157;80294;24880;2.2;0.7
FR;29;2021-03-14;568;66;80862;24946;2.2;0.7
FR;29;2021-03-15;1896;397;82758;25343;2.2;0.7
FR;29;2021-03-16;1122;514;83880;25857;2.3;0.7
FR;29;2021-03-17;1385;525;85265;26382;2.3;0.7
FR;29;2021-03-18;1657;702;86922;27084;2.3;0.7
FR;29;2021-03-19;2245;587;89167;27671;2.4;0.7
FR;29;2021-03-20;991;138;90158;27809;2.4;0.7
FR;29;2021-03-21;725;69;90883;27878;2.4;0.8
FR;29;2021-03-22;1669;424;92552;28302;2.5;0.8
FR;29;2021-03-23;2224;623;94776;28925;2.5;0.8
FR;29;2021-03-24;2545;603;97321;29528;2.6;0.8
FR;29;2021-03-25;3394;723;100715;30251;2.7;0.8
FR;29;2021-03-26;3745;749;104460;31000;2.8;0.8
FR;29;2021-03-27;2151;279;106611;31279;2.9;0.8
FR;29;2021-03-28;966;83;107577;31362;2.9;0.8
FR;29;2021-03-29;2772;559;110349;31921;3.0;0.9
FR;29;2021-03-30;4025;763;114374;32684;3.1;0.9
FR;29;2021-03-31;4549;857;118923;33541;3.2;0.9
FR;29;2021-04-01;5891;1083;124814;34624;3.4;0.9
FR;29;2021-04-02;4933;976;129747;35600;3.5;1.0
FR;29;2021-04-03;1783;349;131530;35949;3.5;1.0
FR;29;2021-04-04;902;129;132432;36078;3.6;1.0
FR;29;2021-04-05;926;120;133358;36198;3.6;1.0
FR;29;2021-04-06;3522;800;136880;36998;3.7;1.0
FR;29;2021-04-07;4566;1156;141446;38154;3.8;1.0
FR;29;2021-04-08;6302;1534;147748;39688;4.0;1.1
FR;29;2021-04-09;6317;1326;154065;41014;4.1;1.1
FR;29;2021-04-10;2653;645;156718;41659;4.2;1.1
FR;29;2021-04-11;1163;346;157881;42005;4.2;1.1
FR;29;2021-04-12;3608;1069;161489;43074;4.3;1.2
FR;29;2021-04-13;4904;1536;166393;44610;4.5;1.2
FR;29;2021-04-14;4795;1532;171188;46142;4.6;1.2
FR;29;2021-04-15;5637;1861;176825;48003;4.8;1.3
FR;29;2021-04-16;4836;1915;181661;49918;4.9;1.3
FR;29;2021-04-17;2251;929;183912;50847;4.9;1.4
FR;29;2021-04-18;777;522;184689;51369;5.0;1.4
FR;29;2021-04-19;2871;1785;187560;53154;5.0;1.4
FR;29;2021-04-20;3531;2530;191091;55684;5.1;1.5
FR;29;2021-04-21;3503;2813;194594;58497;5.2;1.6
FR;29;2021-04-22;4487;3878;199081;62375;5.4;1.7
FR;29;2021-04-23;4630;3827;203711;66202;5.5;1.8
FR;29;2021-04-24;2711;1842;206422;68044;5.6;1.8
FR;29;2021-04-25;1195;744;207617;68788;5.6;1.9
FR;29;2021-04-26;3019;2486;210636;71274;5.7;1.9
FR;29;2021-04-27;4021;3621;214657;74895;5.8;2.0
FR;29;2021-04-28;4748;4058;219405;78953;5.9;2.1
FR;29;2021-04-29;5954;5017;225359;83970;6.1;2.3
FR;29;2021-04-30;6542;5254;231901;89224;6.2;2.4
FR;29;2021-05-01;4293;1233;236194;90457;6.4;2.4
FR;29;2021-05-02;2639;929;238833;91386;6.4;2.5
FR;29;2021-05-03;6994;4315;245827;95701;6.6;2.6
FR;29;2021-05-04;8270;5240;254097;100941;6.8;2.7
FR;29;2021-05-05;9772;5232;263869;106173;7.1;2.9
FR;29;2021-05-06;11352;6587;275221;112760;7.4;3.0
FR;29;2021-05-07;11807;6652;287028;119412;7.7;3.2
FR;29;2021-05-08;9098;2297;296126;121709;8.0;3.3
FR;29;2021-05-09;5947;1760;302073;123469;8.1;3.3
FR;29;2021-05-10;10736;5336;312809;128805;8.4;3.5
FR;29;2021-05-11;14671;6406;327480;135211;8.8;3.6
FR;29;2021-05-12;20186;6374;347666;141585;9.4;3.8
FR;29;2021-05-13;19897;2394;367563;143979;9.9;3.9
FR;29;2021-05-14;22785;4463;390348;148442;10.5;4.0
FR;29;2021-05-15;21558;2997;411906;151439;11.1;4.1
FR;29;2021-05-16;13424;1369;425330;152808;11.4;4.1
FR;29;2021-05-17;21664;5020;446994;157828;12.0;4.2
FR;29;2021-05-18;28522;5781;475516;163609;12.8;4.4
FR;29;2021-05-19;29162;6027;504678;169636;13.6;4.6
FR;29;2021-05-20;32939;6596;537617;176232;14.5;4.7
FR;29;2021-05-21;32168;6232;569785;182464;15.3;4.9
FR;29;2021-05-22;26226;3065;596011;185529;16.0;5.0
FR;29;2021-05-23;14225;1514;610236;187043;16.4;5.0
FR;29;2021-05-24;22608;2661;632844;189704;17.0;5.1
FR;29;2021-05-25;30675;6606;663519;196310;17.9;5.3
FR;29;2021-05-26;32797;6661;696316;202971;18.7;5.5
FR;29;2021-05-27;35866;7672;732182;210643;19.7;5.7
FR;29;2021-05-28;33455;7956;765637;218599;20.6;5.9
FR;29;2021-05-29;26623;4286;792260;222885;21.3;6.0
FR;29;2021-05-30;11848;1646;804108;224531;21.6;6.0
FR;29;2021-05-31;33655;6833;837763;231364;22.5;6.2
FR;29;2021-06-01;38547;8277;876310;239641;23.6;6.4
FR;29;2021-06-02;38923;7864;915233;247505;24.6;6.7
FR;29;2021-06-03;43932;8882;959165;256387;25.8;6.9
FR;29;2021-06-04;42608;9106;1001773;265493;27.0;7.1
FR;29;2021-06-05;31698;5644;1033471;271137;27.8;7.3
FR;29;2021-06-06;16861;2564;1050332;273701;28.3;7.4
FR;29;2021-06-07;37165;8238;1087497;281939;29.3;7.6
FR;29;2021-06-08;41259;9114;1128756;291053;30.4;7.8
FR;29;2021-06-09;39348;9516;1168104;300569;31.4;8.1
FR;29;2021-06-10;41446;11359;1209550;311928;32.5;8.4
FR;29;2021-06-11;38235;11045;1247785;322973;33.6;8.7
FR;29;2021-06-12;31472;8567;1279257;331540;34.4;8.9
FR;29;2021-06-13;13740;4307;1292997;335847;34.8;9.0
FR;29;2021-06-14;25994;11996;1318991;347843;35.5;9.4
FR;29;2021-06-15;28364;13353;1347355;361196;36.3;9.7
FR;29;2021-06-16;25523;14015;1372878;375211;36.9;10.1
FR;39;2020-12-27;0;0;0;0;0.0;0.0
FR;39;2020-12-28;0;0;0;0;0.0;0.0
FR;39;2020-12-29;1;0;1;0;0.0;0.0
FR;39;2020-12-30;5;0;6;0;0.0;0.0
FR;39;2020-12-31;1;0;7;0;0.0;0.0
FR;39;2021-01-01;4;0;11;0;0.0;0.0
FR;39;2021-01-02;2;1;13;1;0.0;0.0
FR;39;2021-01-03;2;0;15;1;0.0;0.0
FR;39;2021-01-04;23;0;38;1;0.0;0.0
FR;39;2021-01-05;140;0;178;1;0.0;0.0
FR;39;2021-01-06;386;0;564;1;0.0;0.0
FR;39;2021-01-07;1179;6;1743;7;0.0;0.0
FR;39;2021-01-08;1791;5;3534;12;0.0;0.0
FR;39;2021-01-09;476;1;4010;13;0.0;0.0
FR;39;2021-01-10;308;1;4318;14;0.1;0.0
FR;39;2021-01-11;2220;12;6538;26;0.1;0.0
FR;39;2021-01-12;3426;21;9964;47;0.1;0.0
FR;39;2021-01-13;3513;23;13477;70;0.2;0.0
FR;39;2021-01-14;4791;57;18268;127;0.2;0.0
FR;39;2021-01-15;4407;26;22675;153;0.3;0.0
FR;39;2021-01-16;771;4;23446;157;0.3;0.0
FR;39;2021-01-17;493;5;23939;162;0.3;0.0
FR;39;2021-01-18;3081;40;27020;202;0.3;0.0
FR;39;2021-01-19;4015;21;31035;223;0.4;0.0
FR;39;2021-01-20;3921;23;34956;246;0.4;0.0
FR;39;2021-01-21;5158;27;40114;273;0.5;0.0
FR;39;2021-01-22;3981;40;44095;313;0.5;0.0
FR;39;2021-01-23;595;4;44690;317;0.5;0.0
FR;39;2021-01-24;184;0;44874;317;0.5;0.0
FR;39;2021-01-25;1600;47;46474;364;0.6;0.0
FR;39;2021-01-26;2171;104;48645;468;0.6;0.0
FR;39;2021-01-27;2289;218;50934;686;0.6;0.0
FR;39;2021-01-28;3494;480;54428;1166;0.7;0.0
FR;39;2021-01-29;2679;703;57107;1869;0.7;0.0
FR;39;2021-01-30;397;215;57504;2084;0.7;0.0
FR;39;2021-01-31;89;78;57593;2162;0.7;0.0
FR;39;2021-02-01;752;1061;58345;3223;0.7;0.0
FR;39;2021-02-02;1337;1650;59682;4873;0.7;0.1
FR;39;2021-02-03;1371;1662;61053;6535;0.7;0.1
FR;39;2021-02-04;1995;2542;63048;9077;0.8;0.1
FR;39;2021-02-05;1649;2707;64697;11784;0.8;0.1
FR;39;2021-02-06;400;433;65097;12217;0.8;0.1
FR;39;2021-02-07;554;212;65651;12429;0.8;0.1
FR;39;2021-02-08;1522;2431;67173;14860;0.8;0.2
FR;39;2021-02-09;3169;3397;70342;18257;0.8;0.2
FR;39;2021-02-10;3896;3542;74238;21799;0.9;0.3
FR;39;2021-02-11;6179;4898;80417;26697;1.0;0.3
FR;39;2021-02-12;5828;4030;86245;30727;1.0;0.4
FR;39;2021-02-13;1243;549;87488;31276;1.1;0.4
FR;39;2021-02-14;391;268;87879;31544;1.1;0.4
FR;39;2021-02-15;3425;2410;91304;33954;1.1;0.4
FR;39;2021-02-16;4424;3390;95728;37344;1.2;0.5
FR;39;2021-02-17;3993;2895;99721;40239;1.2;0.5
FR;39;2021-02-18;5985;3936;105706;44175;1.3;0.5
FR;39;2021-02-19;5855;3115;111561;47290;1.3;0.6
FR;39;2021-02-20;1140;480;112701;47770;1.4;0.6
FR;39;2021-02-21;187;122;112888;47892;1.4;0.6
FR;39;2021-02-22;3019;1688;115907;49580;1.4;0.6
FR;39;2021-02-23;3930;1952;119837;51532;1.4;0.6
FR;39;2021-02-24;3740;1745;123577;53277;1.5;0.6
FR;39;2021-02-25;5628;2587;129205;55864;1.6;0.7
FR;39;2021-02-26;6110;1973;135315;57837;1.6;0.7
FR;39;2021-02-27;1667;318;136982;58155;1.7;0.7
FR;39;2021-02-28;241;126;137223;58281;1.7;0.7
FR;39;2021-03-01;2968;1040;140191;59321;1.7;0.7
FR;39;2021-03-02;4279;1674;144470;60995;1.7;0.7
FR;39;2021-03-03;4290;1586;148760;62581;1.8;0.8
FR;39;2021-03-04;6364;2401;155124;64982;1.9;0.8
FR;39;2021-03-05;9235;2220;164359;67202;2.0;0.8
FR;39;2021-03-06;4982;462;169341;67664;2.0;0.8
FR;39;2021-03-07;2660;292;172001;67956;2.1;0.8
FR;39;2021-03-08;4714;1178;176715;69134;2.1;0.8
FR;39;2021-03-09;6951;1608;183666;70742;2.2;0.9
FR;39;2021-03-10;6156;1607;189822;72349;2.3;0.9
FR;39;2021-03-11;8765;2537;198587;74886;2.4;0.9
FR;39;2021-03-12;11539;2281;210126;77167;2.5;0.9
FR;39;2021-03-13;5270;479;215396;77646;2.6;0.9
FR;39;2021-03-14;1758;183;217154;77829;2.6;0.9
FR;39;2021-03-15;4811;1096;221965;78925;2.7;1.0
FR;39;2021-03-16;3386;1440;225351;80365;2.7;1.0
FR;39;2021-03-17;3467;1540;228818;81905;2.8;1.0
FR;39;2021-03-18;4679;2027;233497;83932;2.8;1.0
FR;39;2021-03-19;6306;1720;239803;85652;2.9;1.0
FR;39;2021-03-20;3180;392;242983;86044;2.9;1.0
FR;39;2021-03-21;2072;175;245055;86219;3.0;1.0
FR;39;2021-03-22;4467;1147;249522;87366;3.0;1.1
FR;39;2021-03-23;6195;1710;255717;89076;3.1;1.1
FR;39;2021-03-24;6339;1425;262056;90501;3.2;1.1
FR;39;2021-03-25;9086;1809;271142;92310;3.3;1.1
FR;39;2021-03-26;10687;1802;281829;94112;3.4;1.1
FR;39;2021-03-27;6007;686;287836;94798;3.5;1.1
FR;39;2021-03-28;2742;205;290578;95003;3.5;1.1
FR;39;2021-03-29;7225;1355;297803;96358;3.6;1.2
FR;39;2021-03-30;10594;1998;308397;98356;3.7;1.2
FR;39;2021-03-31;11236;1969;319633;100325;3.9;1.2
FR;39;2021-04-01;15090;2792;334723;103117;4.0;1.2
FR;39;2021-04-02;13338;2598;348061;105715;4.2;1.3
FR;39;2021-04-03;5632;1042;353693;106757;4.3;1.3
FR;39;2021-04-04;2530;360;356223;107117;4.3;1.3
FR;39;2021-04-05;2540;335;358763;107452;4.3;1.3
FR;39;2021-04-06;9330;2389;368093;109841;4.4;1.3
FR;39;2021-04-07;12243;2854;380336;112695;4.6;1.4
FR;39;2021-04-08;16941;3856;397277;116551;4.8;1.4
FR;39;2021-04-09;16982;3750;414259;120301;5.0;1.5
FR;39;2021-04-10;7422;1982;421681;122283;5.1;1.5
FR;39;2021-04-11;2989;997;424670;123280;5.1;1.5
FR;39;2021-04-12;9653;2808;434323;126088;5.2;1.5
FR;39;2021-04-13;13023;4104;447346;130192;5.4;1.6
FR;39;2021-04-14;12977;3927;460323;134119;5.5;1.6
FR;39;2021-04-15;14888;4921;475211;139040;5.7;1.7
FR;39;2021-04-16;12897;5371;488108;144411;5.9;1.7
FR;39;2021-04-17;6164;2748;494272;147159;6.0;1.8
FR;39;2021-04-18;2282;1570;496554;148729;6.0;1.8
FR;39;2021-04-19;7969;4757;504523;153486;6.1;1.9
FR;39;2021-04-20;9553;6777;514076;160263;6.2;1.9
FR;39;2021-04-21;10397;7262;524473;167525;6.3;2.0
FR;39;2021-04-22;12021;10423;536494;177948;6.5;2.1
FR;39;2021-04-23;12382;10603;548876;188551;6.6;2.3
FR;39;2021-04-24;7889;5123;556765;193674;6.7;2.3
FR;39;2021-04-25;3538;2180;560303;195854;6.8;2.4
FR;39;2021-04-26;8769;7003;569072;202857;6.9;2.4
FR;39;2021-04-27;11985;9642;581057;212499;7.0;2.6
FR;39;2021-04-28;13458;10163;594515;222662;7.2;2.7
FR;39;2021-04-29;17523;13072;612038;235734;7.4;2.8
FR;39;2021-04-30;20068;13406;632106;249140;7.6;3.0
FR;39;2021-05-01;13752;3602;645858;252742;7.8;3.0
FR;39;2021-05-02;9404;2539;655262;255281;7.9;3.1
FR;39;2021-05-03;22788;11412;678050;266693;8.2;3.2
FR;39;2021-05-04;27387;14075;705437;280768;8.5;3.4
FR;39;2021-05-05;31240;14427;736677;295195;8.9;3.6
FR;39;2021-05-06;37437;17832;774114;313027;9.3;3.8
FR;39;2021-05-07;38934;18641;813048;331668;9.8;4.0
FR;39;2021-05-08;29554;5746;842602;337414;10.2;4.1
FR;39;2021-05-09;18865;4341;861467;341755;10.4;4.1
FR;39;2021-05-10;34191;14617;895658;356372;10.8;4.3
FR;39;2021-05-11;44575;17258;940233;373630;11.3;4.5
FR;39;2021-05-12;56974;16396;997207;390026;12.0;4.7
FR;39;2021-05-13;53642;5703;1050849;395729;12.7;4.8
FR;39;2021-05-14;63091;11185;1113940;406914;13.4;4.9
FR;39;2021-05-15;56940;7019;1170880;413933;14.1;5.0
FR;39;2021-05-16;36118;3155;1206998;417088;14.6;5.0
FR;39;2021-05-17;56759;12054;1263757;429142;15.2;5.2
FR;39;2021-05-18;71756;13785;1335513;442927;16.1;5.3
FR;39;2021-05-19;75157;14242;1410670;457169;17.0;5.5
FR;39;2021-05-20;83587;15093;1494257;472262;18.0;5.7
FR;39;2021-05-21;82854;15107;1577111;487369;19.0;5.9
FR;39;2021-05-22;63846;7499;1640957;494868;19.8;6.0
FR;39;2021-05-23;34108;3350;1675065;498218;20.2;6.0
FR;39;2021-05-24;52411;5432;1727476;503650;20.8;6.1
FR;39;2021-05-25;73800;15928;1801276;519578;21.7;6.3
FR;39;2021-05-26;77327;15985;1878603;535563;22.6;6.5
FR;39;2021-05-27;85262;18035;1963865;553598;23.7;6.7
FR;39;2021-05-28;79167;19587;2043032;573185;24.6;6.9
FR;39;2021-05-29;57893;10162;2100925;583347;25.3;7.0
FR;39;2021-05-30;24574;3669;2125499;587016;25.6;7.1
FR;39;2021-05-31;74860;15931;2200359;602947;26.5;7.3
FR;39;2021-06-01;86101;19719;2286460;622666;27.6;7.5
FR;39;2021-06-02;86184;19110;2372644;641776;28.6;7.7
FR;39;2021-06-03;97521;21589;2470165;663365;29.8;8.0
FR;39;2021-06-04;95775;23059;2565940;686424;30.9;8.3
FR;39;2021-06-05;63974;13664;2629914;700088;31.7;8.4
FR;39;2021-06-06;31788;5774;2661702;705862;32.1;8.5
FR;39;2021-06-07;74778;20414;2736480;726276;33.0;8.8
FR;39;2021-06-08;85932;22620;2822412;748896;34.0;9.0
FR;39;2021-06-09;82884;24223;2905296;773119;35.0;9.3
FR;39;2021-06-10;85432;27390;2990728;800509;36.1;9.7
FR;39;2021-06-11;83641;30534;3074369;831043;37.1;10.0
FR;39;2021-06-12;60177;23208;3134546;854251;37.8;10.3
FR;39;2021-06-13;25035;11612;3159581;865863;38.1;10.4
FR;39;2021-06-14;51441;35290;3211022;901153;38.7;10.9
FR;39;2021-06-15;57822;39424;3268844;940577;39.4;11.3
FR;39;2021-06-16;54474;41685;3323318;982262;40.1;11.8
FR;49;2020-12-27;2;0;2;0;0.0;0.0
FR;49;2020-12-28;4;0;6;0;0.0;0.0
FR;49;2020-12-29;1;0;7;0;0.0;0.0
FR;49;2020-12-30;6;0;13;0;0.0;0.0
FR;49;2020-12-31;1;0;14;0;0.0;0.0
FR;49;2021-01-01;4;0;18;0;0.0;0.0
FR;49;2021-01-02;11;0;29;0;0.0;0.0
FR;49;2021-01-03;5;0;34;0;0.0;0.0
FR;49;2021-01-04;87;0;121;0;0.0;0.0
FR;49;2021-01-05;338;1;459;1;0.0;0.0
FR;49;2021-01-06;861;5;1320;6;0.0;0.0
FR;49;2021-01-07;2160;7;3480;13;0.0;0.0
FR;49;2021-01-08;3379;10;6859;23;0.1;0.0
FR;49;2021-01-09;1004;2;7863;25;0.1;0.0
FR;49;2021-01-10;474;2;8337;27;0.1;0.0
FR;49;2021-01-11;4183;17;12520;44;0.1;0.0
FR;49;2021-01-12;5875;20;18395;64;0.2;0.0
FR;49;2021-01-13;6175;24;24570;88;0.3;0.0
FR;49;2021-01-14;8347;82;32917;170;0.4;0.0
FR;49;2021-01-15;7628;37;40545;207;0.5;0.0
FR;49;2021-01-16;1426;10;41971;217;0.5;0.0
FR;49;2021-01-17;621;7;42592;224;0.5;0.0
FR;49;2021-01-18;5075;33;47667;257;0.6;0.0
FR;49;2021-01-19;6829;30;54496;287;0.6;0.0
FR;49;2021-01-20;6648;35;61144;322;0.7;0.0
FR;49;2021-01-21;8434;41;69578;363;0.8;0.0
FR;49;2021-01-22;6291;49;75869;412;0.9;0.0
FR;49;2021-01-23;1019;7;76888;419;0.9;0.0
FR;49;2021-01-24;282;3;77170;422;0.9;0.0
FR;49;2021-01-25;2625;101;79795;523;0.9;0.0
FR;49;2021-01-26;3740;232;83535;755;1.0;0.0
FR;49;2021-01-27;3988;397;87523;1152;1.0;0.0
FR;49;2021-01-28;5563;997;93086;2149;1.1;0.0
FR;49;2021-01-29;4413;1569;97499;3718;1.1;0.0
FR;49;2021-01-30;695;380;98194;4098;1.1;0.0
FR;49;2021-01-31;137;125;98331;4223;1.1;0.0
FR;49;2021-02-01;1375;2092;99706;6315;1.2;0.1
FR;49;2021-02-02;2295;3206;102001;9521;1.2;0.1
FR;49;2021-02-03;2311;3384;104312;12905;1.2;0.2
FR;49;2021-02-04;3388;4787;107700;17692;1.3;0.2
FR;49;2021-02-05;2808;4894;110508;22586;1.3;0.3
FR;49;2021-02-06;572;891;111080;23477;1.3;0.3
FR;49;2021-02-07;519;297;111599;23774;1.3;0.3
FR;49;2021-02-08;1944;4074;113543;27848;1.3;0.3
FR;49;2021-02-09;4344;5775;117887;33623;1.4;0.4
FR;49;2021-02-10;5511;6094;123398;39717;1.4;0.5
FR;49;2021-02-11;8011;8034;131409;47751;1.5;0.6
FR;49;2021-02-12;7320;6499;138729;54250;1.6;0.6
FR;49;2021-02-13;1703;1032;140432;55282;1.6;0.6
FR;49;2021-02-14;408;408;140840;55690;1.6;0.6
FR;49;2021-02-15;4132;3907;144972;59597;1.7;0.7
FR;49;2021-02-16;5389;5371;150361;64968;1.7;0.8
FR;49;2021-02-17;5139;4687;155500;69655;1.8;0.8
FR;49;2021-02-18;7508;6261;163008;75916;1.9;0.9
FR;49;2021-02-19;7085;4944;170093;80860;2.0;0.9
FR;49;2021-02-20;1496;810;171589;81670;2.0;1.0
FR;49;2021-02-21;279;226;171868;81896;2.0;1.0
FR;49;2021-02-22;3539;2681;175407;84577;2.0;1.0
FR;49;2021-02-23;4885;3170;180292;87747;2.1;1.0
FR;49;2021-02-24;4913;2882;185205;90629;2.2;1.1
FR;49;2021-02-25;7592;4240;192797;94869;2.2;1.1
FR;49;2021-02-26;8287;3222;201084;98091;2.3;1.1
FR;49;2021-02-27;2697;585;203781;98676;2.4;1.1
FR;49;2021-02-28;336;138;204117;98814;2.4;1.1
FR;49;2021-03-01;3855;1673;207972;100487;2.4;1.2
FR;49;2021-03-02;5816;2540;213788;103027;2.5;1.2
FR;49;2021-03-03;6069;2583;219857;105610;2.6;1.2
FR;49;2021-03-04;8978;3554;228835;109164;2.7;1.3
FR;49;2021-03-05;12618;3360;241453;112524;2.8;1.3
FR;49;2021-03-06;8648;674;250101;113198;2.9;1.3
FR;49;2021-03-07;4698;444;254799;113642;3.0;1.3
FR;49;2021-03-08;6440;1740;261239;115382;3.0;1.3
FR;49;2021-03-09;9599;2424;270838;117806;3.2;1.4
FR;49;2021-03-10;9036;2441;279874;120247;3.3;1.4
FR;49;2021-03-11;12890;3575;292764;123822;3.4;1.4
FR;49;2021-03-12;16521;3111;309285;126933;3.6;1.5
FR;49;2021-03-13;9579;698;318864;127631;3.7;1.5
FR;49;2021-03-14;3142;267;322006;127898;3.7;1.5
FR;49;2021-03-15;6926;1493;328932;129391;3.8;1.5
FR;49;2021-03-16;4652;2171;333584;131562;3.9;1.5
FR;49;2021-03-17;5198;2053;338782;133615;3.9;1.6
FR;49;2021-03-18;6570;2848;345352;136463;4.0;1.6
FR;49;2021-03-19;9555;2383;354907;138846;4.1;1.6
FR;49;2021-03-20;5891;600;360798;139446;4.2;1.6
FR;49;2021-03-21;3145;232;363943;139678;4.2;1.6
FR;49;2021-03-22;6325;1528;370268;141206;4.3;1.6
FR;49;2021-03-23;8621;2204;378889;143410;4.4;1.7
FR;49;2021-03-24;9546;2041;388435;145451;4.5;1.7
FR;49;2021-03-25;12384;2441;400819;147892;4.7;1.7
FR;49;2021-03-26;14746;2403;415565;150295;4.8;1.7
FR;49;2021-03-27;9374;897;424939;151192;4.9;1.8
FR;49;2021-03-28;3850;318;428789;151510;5.0;1.8
FR;49;2021-03-29;9898;1899;438687;153409;5.1;1.8
FR;49;2021-03-30;14309;2769;452996;156178;5.3;1.8
FR;49;2021-03-31;15590;2878;468586;159056;5.5;1.9
FR;49;2021-04-01;19914;3824;488500;162880;5.7;1.9
FR;49;2021-04-02;17507;3543;506007;166423;5.9;1.9
FR;49;2021-04-03;9367;1860;515374;168283;6.0;2.0
FR;49;2021-04-04;4122;637;519496;168920;6.0;2.0
FR;49;2021-04-05;4212;542;523708;169462;6.1;2.0
FR;49;2021-04-06;13223;3446;536931;172908;6.2;2.0
FR;49;2021-04-07;17710;4336;554641;177244;6.5;2.1
FR;49;2021-04-08;22481;5303;577122;182547;6.7;2.1
FR;49;2021-04-09;23599;5468;600721;188015;7.0;2.2
FR;49;2021-04-10;12433;3434;613154;191449;7.1;2.2
FR;49;2021-04-11;4478;1693;617632;193142;7.2;2.2
FR;49;2021-04-12;14152;3843;631784;196985;7.4;2.3
FR;49;2021-04-13;18771;5853;650555;202838;7.6;2.4
FR;49;2021-04-14;19469;6039;670024;208877;7.8;2.4
FR;49;2021-04-15;20414;7142;690438;216019;8.0;2.5
FR;49;2021-04-16;17578;7400;708016;223419;8.2;2.6
FR;49;2021-04-17;9898;4698;717914;228117;8.4;2.7
FR;49;2021-04-18;3373;2310;721287;230427;8.4;2.7
FR;49;2021-04-19;12039;6438;733326;236865;8.5;2.8
FR;49;2021-04-20;14224;9094;747550;245959;8.7;2.9
FR;49;2021-04-21;16060;10227;763610;256186;8.9;3.0
FR;49;2021-04-22;17680;13228;781290;269414;9.1;3.1
FR;49;2021-04-23;18207;14197;799497;283611;9.3;3.3
FR;49;2021-04-24;12672;7836;812169;291447;9.5;3.4
FR;49;2021-04-25;5505;3165;817674;294612;9.5;3.4
FR;49;2021-04-26;13758;10012;831432;304624;9.7;3.5
FR;49;2021-04-27;18728;13164;850160;317788;9.9;3.7
FR;49;2021-04-28;22754;14671;872914;332459;10.2;3.9
FR;49;2021-04-29;27729;17414;900643;349873;10.5;4.1
FR;49;2021-04-30;32031;18220;932674;368093;10.9;4.3
FR;49;2021-05-01;24306;5833;956980;373926;11.1;4.4
FR;49;2021-05-02;16582;3935;973562;377861;11.3;4.4
FR;49;2021-05-03;39796;15672;1013358;393533;11.8;4.6
FR;49;2021-05-04;46870;20454;1060228;413987;12.3;4.8
FR;49;2021-05-05;56099;21837;1116327;435824;13.0;5.1
FR;49;2021-05-06;62504;24816;1178831;460640;13.7;5.4
FR;49;2021-05-07;65884;26192;1244715;486832;14.5;5.7
FR;49;2021-05-08;52100;9315;1296815;496147;15.1;5.8
FR;49;2021-05-09;32283;6296;1329098;502443;15.5;5.8
FR;49;2021-05-10;57400;20824;1386498;523267;16.1;6.1
FR;49;2021-05-11;72142;24028;1458640;547295;17.0;6.4
FR;49;2021-05-12;90357;24188;1548997;571483;18.0;6.7
FR;49;2021-05-13;80317;7872;1629314;579355;19.0;6.7
FR;49;2021-05-14;96912;15896;1726226;595251;20.1;6.9
FR;49;2021-05-15;86637;10994;1812863;606245;21.1;7.1
FR;49;2021-05-16;53148;4590;1866011;610835;21.7;7.1
FR;49;2021-05-17;82050;16425;1948061;627260;22.7;7.3
FR;49;2021-05-18;98705;18065;2046766;645325;23.8;7.5
FR;49;2021-05-19;110404;19535;2157170;664860;25.1;7.7
FR;49;2021-05-20;114149;19917;2271319;684777;26.4;8.0
FR;49;2021-05-21;113523;20109;2384842;704886;27.8;8.2
FR;49;2021-05-22;87427;10627;2472269;715513;28.8;8.3
FR;49;2021-05-23;42850;4043;2515119;719556;29.3;8.4
FR;49;2021-05-24;67047;6921;2582166;726477;30.1;8.5
FR;49;2021-05-25;94623;20957;2676789;747434;31.2;8.7
FR;49;2021-05-26;101501;22883;2778290;770317;32.3;9.0
FR;49;2021-05-27;104366;24112;2882656;794429;33.5;9.2
FR;49;2021-05-28;99901;26848;2982557;821277;34.7;9.6
FR;49;2021-05-29;74124;15598;3056681;836875;35.6;9.7
FR;49;2021-05-30;26761;4740;3083442;841615;35.9;9.8
FR;49;2021-05-31;87542;21323;3170984;862938;36.9;10.0
FR;49;2021-06-01;100244;26504;3271228;889442;38.1;10.4
FR;49;2021-06-02;101511;26670;3372739;916112;39.3;10.7
FR;49;2021-06-03;108935;27982;3481674;944094;40.5;11.0
FR;49;2021-06-04;108649;31391;3590323;975485;41.8;11.4
FR;49;2021-06-05;74457;20979;3664780;996464;42.6;11.6
FR;49;2021-06-06;31823;7607;3696603;1004071;43.0;11.7
FR;49;2021-06-07;77341;27819;3773944;1031890;43.9;12.0
FR;49;2021-06-08;88746;30916;3862690;1062806;45.0;12.4
FR;49;2021-06-09;88009;35628;3950699;1098434;46.0;12.8
FR;49;2021-06-10;86982;36551;4037681;1134985;47.0;13.2
FR;49;2021-06-11;87181;46310;4124862;1181295;48.0;13.7
FR;49;2021-06-12;64999;38271;4189861;1219566;48.8;14.2
FR;49;2021-06-13;23462;18031;4213323;1237597;49.0;14.4
FR;49;2021-06-14;50163;56606;4263486;1294203;49.6;15.1
FR;49;2021-06-15;57954;61203;4321440;1355406;50.3;15.8
FR;49;2021-06-16;56654;69240;4378094;1424646;51.0;16.6
FR;59;2020-12-27;2;0;2;0;0.0;0.0
FR;59;2020-12-28;6;0;8;0;0.0;0.0
FR;59;2020-12-29;2;0;10;0;0.0;0.0
FR;59;2020-12-30;6;0;16;0;0.0;0.0
FR;59;2020-12-31;9;0;25;0;0.0;0.0
FR;59;2021-01-01;26;1;51;1;0.0;0.0
FR;59;2021-01-02;30;0;81;1;0.0;0.0
FR;59;2021-01-03;36;0;117;1;0.0;0.0
FR;59;2021-01-04;595;4;712;5;0.0;0.0
FR;59;2021-01-05;2178;8;2890;13;0.0;0.0
FR;59;2021-01-06;4816;17;7706;30;0.1;0.0
FR;59;2021-01-07;10521;36;18227;66;0.2;0.0
FR;59;2021-01-08;14346;33;32573;99;0.4;0.0
FR;59;2021-01-09;4073;13;36646;112;0.4;0.0
FR;59;2021-01-10;1991;3;38637;115;0.4;0.0
FR;59;2021-01-11;15984;39;54621;154;0.6;0.0
FR;59;2021-01-12;21181;66;75802;220;0.9;0.0
FR;59;2021-01-13;22763;76;98565;296;1.1;0.0
FR;59;2021-01-14;24796;249;123361;545;1.4;0.0
FR;59;2021-01-15;21641;127;145002;672;1.6;0.0
FR;59;2021-01-16;5445;32;150447;704;1.7;0.0
FR;59;2021-01-17;1802;13;152249;717;1.7;0.0
FR;59;2021-01-18;13614;91;165863;808;1.9;0.0
FR;59;2021-01-19;17994;110;183857;918;2.1;0.0
FR;59;2021-01-20;17143;92;201000;1010;2.3;0.0
FR;59;2021-01-21;18849;94;219849;1104;2.5;0.0
FR;59;2021-01-22;13967;107;233816;1211;2.7;0.0
FR;59;2021-01-23;2965;24;236781;1235;2.7;0.0
FR;59;2021-01-24;847;16;237628;1251;2.7;0.0
FR;59;2021-01-25;6718;630;244346;1881;2.8;0.0
FR;59;2021-01-26;8465;1396;252811;3277;2.9;0.0
FR;59;2021-01-27;8840;2414;261651;5691;3.0;0.1
FR;59;2021-01-28;10536;5066;272187;10757;3.1;0.1
FR;59;2021-01-29;7852;6660;280039;17417;3.2;0.2
FR;59;2021-01-30;1765;1515;281804;18932;3.2;0.2
FR;59;2021-01-31;372;548;282176;19480;3.2;0.2
FR;59;2021-02-01;3172;8751;285348;28231;3.2;0.3
FR;59;2021-02-02;4703;12487;290051;40718;3.3;0.5
FR;59;2021-02-03;4831;13558;294882;54276;3.4;0.6
FR;59;2021-02-04;5966;15915;300848;70191;3.4;0.8
FR;59;2021-02-05;4838;14929;305686;85120;3.5;1.0
FR;59;2021-02-06;1162;3001;306848;88121;3.5;1.0
FR;59;2021-02-07;389;985;307237;89106;3.5;1.0
FR;59;2021-02-08;2763;12485;310000;101591;3.5;1.2
FR;59;2021-02-09;4919;16194;314919;117785;3.6;1.3
FR;59;2021-02-10;5710;16090;320629;133875;3.6;1.5
FR;59;2021-02-11;7679;19750;328308;153625;3.7;1.7
FR;59;2021-02-12;6780;16051;335088;169676;3.8;1.9
FR;59;2021-02-13;1701;3457;336789;173133;3.8;2.0
FR;59;2021-02-14;362;983;337151;174116;3.8;2.0
FR;59;2021-02-15;3274;10550;340425;184666;3.9;2.1
FR;59;2021-02-16;4743;13586;345168;198252;3.9;2.3
FR;59;2021-02-17;4966;12358;350134;210610;4.0;2.4
FR;59;2021-02-18;7087;13896;357221;224506;4.1;2.6
FR;59;2021-02-19;6491;10755;363712;235261;4.1;2.7
FR;59;2021-02-20;1418;2493;365130;237754;4.2;2.7
FR;59;2021-02-21;284;571;365414;238325;4.2;2.7
FR;59;2021-02-22;3268;6393;368682;244718;4.2;2.8
FR;59;2021-02-23;4854;7158;373536;251876;4.2;2.9
FR;59;2021-02-24;6874;6444;380410;258320;4.3;2.9
FR;59;2021-02-25;21260;8596;401670;266916;4.6;3.0
FR;59;2021-02-26;28300;6342;429970;273258;4.9;3.1
FR;59;2021-02-27;17134;1568;447104;274826;5.1;3.1
FR;59;2021-02-28;1114;384;448218;275210;5.1;3.1
FR;59;2021-03-01;8839;3568;457057;278778;5.2;3.2
FR;59;2021-03-02;17196;4979;474253;283757;5.4;3.2
FR;59;2021-03-03;20698;5086;494951;288843;5.6;3.3
FR;59;2021-03-04;32362;6017;527313;294860;6.0;3.4
FR;59;2021-03-05;40976;5604;568289;300464;6.5;3.4
FR;59;2021-03-06;36147;1652;604436;302116;6.9;3.4
FR;59;2021-03-07;14112;1099;618548;303215;7.0;3.4
FR;59;2021-03-08;12321;3255;630869;306470;7.2;3.5
FR;59;2021-03-09;22905;4288;653774;310758;7.4;3.5
FR;59;2021-03-10;23175;4370;676949;315128;7.7;3.6
FR;59;2021-03-11;34408;5601;711357;320729;8.1;3.6
FR;59;2021-03-12;45414;4780;756771;325509;8.6;3.7
FR;59;2021-03-13;36217;1477;792988;326986;9.0;3.7
FR;59;2021-03-14;7197;445;800185;327431;9.1;3.7
FR;59;2021-03-15;14525;2595;814710;330026;9.3;3.8
FR;59;2021-03-16;7930;3007;822640;333033;9.4;3.8
FR;59;2021-03-17;8768;3172;831408;336205;9.5;3.8
FR;59;2021-03-18;10471;4042;841879;340247;9.6;3.9
FR;59;2021-03-19;23522;3612;865401;343859;9.8;3.9
FR;59;2021-03-20;21122;1142;886523;345001;10.1;3.9
FR;59;2021-03-21;6281;403;892804;345404;10.2;3.9
FR;59;2021-03-22;15508;2705;908312;348109;10.3;4.0
FR;59;2021-03-23;25433;3574;933745;351683;10.6;4.0
FR;59;2021-03-24;28036;3579;961781;355262;10.9;4.0
FR;59;2021-03-25;37954;3942;999735;359204;11.4;4.1
FR;59;2021-03-26;42885;4216;1042620;363420;11.9;4.1
FR;59;2021-03-27;26871;1818;1069491;365238;12.2;4.2
FR;59;2021-03-28;7534;480;1077025;365718;12.2;4.2
FR;59;2021-03-29;21684;3407;1098709;369125;12.5;4.2
FR;59;2021-03-30;32134;4442;1130843;373567;12.9;4.2
FR;59;2021-03-31;31427;4724;1162270;378291;13.2;4.3
FR;59;2021-04-01;38401;5919;1200671;384210;13.7;4.4
FR;59;2021-04-02;36895;5876;1237566;390086;14.1;4.4
FR;59;2021-04-03;21319;3494;1258885;393580;14.3;4.5
FR;59;2021-04-04;7347;1239;1266232;394819;14.4;4.5
FR;59;2021-04-05;8262;1119;1274494;395938;14.5;4.5
FR;59;2021-04-06;25729;5974;1300223;401912;14.8;4.6
FR;59;2021-04-07;33900;7212;1334123;409124;15.2;4.7
FR;59;2021-04-08;44993;8609;1379116;417733;15.7;4.8
FR;59;2021-04-09;60737;9215;1439853;426948;16.4;4.9
FR;59;2021-04-10;36458;7155;1476311;434103;16.8;4.9
FR;59;2021-04-11;9738;3542;1486049;437645;16.9;5.0
FR;59;2021-04-12;35257;7483;1521306;445128;17.3;5.1
FR;59;2021-04-13;49804;10251;1571110;455379;17.9;5.2
FR;59;2021-04-14;50146;10260;1621256;465639;18.4;5.3
FR;59;2021-04-15;59461;11877;1680717;477516;19.1;5.4
FR;59;2021-04-16;63280;12581;1743997;490097;19.8;5.6
FR;59;2021-04-17;41454;9768;1785451;499865;20.3;5.7
FR;59;2021-04-18;12286;4663;1797737;504528;20.4;5.7
FR;59;2021-04-19;33251;11240;1830988;515768;20.8;5.9
FR;59;2021-04-20;44699;14805;1875687;530573;21.3;6.0
FR;59;2021-04-21;47347;16548;1923034;547121;21.9;6.2
FR;59;2021-04-22;55882;19600;1978916;566721;22.5;6.4
FR;59;2021-04-23;65389;20931;2044305;587652;23.3;6.7
FR;59;2021-04-24;47516;15623;2091821;603275;23.8;6.9
FR;59;2021-04-25;16660;5490;2108481;608765;24.0;6.9
FR;59;2021-04-26;41475;17571;2149956;626336;24.5;7.1
FR;59;2021-04-27;56628;23401;2206584;649737;25.1;7.4
FR;59;2021-04-28;64350;26050;2270934;675787;25.8;7.7
FR;59;2021-04-29;78209;31763;2349143;707550;26.7;8.0
FR;59;2021-04-30;92655;36704;2441798;744254;27.8;8.5
FR;59;2021-05-01;43618;11094;2485416;755348;28.3;8.6
FR;59;2021-05-02;23504;7326;2508920;762674;28.5;8.7
FR;59;2021-05-03;62899;26404;2571819;789078;29.2;9.0
FR;59;2021-05-04;71371;34488;2643190;823566;30.1;9.4
FR;59;2021-05-05;77732;37488;2720922;861054;30.9;9.8
FR;59;2021-05-06;89560;43728;2810482;904782;32.0;10.3
FR;59;2021-05-07;98027;54010;2908509;958792;33.1;10.9
FR;59;2021-05-08;59235;16591;2967744;975383;33.8;11.1
FR;59;2021-05-09;39305;10397;3007049;985780;34.2;11.2
FR;59;2021-05-10;95445;40128;3102494;1025908;35.3;11.7
FR;59;2021-05-11;125721;49368;3228215;1075276;36.7;12.2
FR;59;2021-05-12;123169;46212;3351384;1121488;38.1;12.8
FR;59;2021-05-13;92615;14427;3443999;1135915;39.2;12.9
FR;59;2021-05-14;129244;34293;3573243;1170208;40.6;13.3
FR;59;2021-05-15;114414;25515;3687657;1195723;41.9;13.6
FR;59;2021-05-16;55283;7169;3742940;1202892;42.6;13.7
FR;59;2021-05-17;105517;30662;3848457;1233554;43.8;14.0
FR;59;2021-05-18;117617;34161;3966074;1267715;45.1;14.4
FR;59;2021-05-19;118873;35430;4084947;1303145;46.5;14.8
FR;59;2021-05-20;122539;42274;4207486;1345419;47.9;15.3
FR;59;2021-05-21;121993;48604;4329479;1394023;49.2;15.9
FR;59;2021-05-22;81852;25370;4411331;1419393;50.2;16.1
FR;59;2021-05-23;31267;5151;4442598;1424544;50.5;16.2
FR;59;2021-05-24;51953;9911;4494551;1434455;51.1;16.3
FR;59;2021-05-25;84412;41941;4578963;1476396;52.1;16.8
FR;59;2021-05-26;83451;44227;4662414;1520623;53.0;17.3
FR;59;2021-05-27;90109;52415;4752523;1573038;54.1;17.9
FR;59;2021-05-28;91864;66624;4844387;1639662;55.1;18.6
FR;59;2021-05-29;60370;40054;4904757;1679716;55.8;19.1
FR;59;2021-05-30;16135;7800;4920892;1687516;56.0;19.2
FR;59;2021-05-31;58639;42414;4979531;1729930;56.6;19.7
FR;59;2021-06-01;68273;53776;5047804;1783706;57.4;20.3
FR;59;2021-06-02;62377;52762;5110181;1836468;58.1;20.9
FR;59;2021-06-03;69786;58389;5179967;1894857;58.9;21.6
FR;59;2021-06-04;71822;71770;5251789;1966627;59.7;22.4
FR;59;2021-06-05;45803;48794;5297592;2015421;60.3;22.9
FR;59;2021-06-06;14253;12590;5311845;2028011;60.4;23.1
FR;59;2021-06-07;43859;54823;5355704;2082834;60.9;23.7
FR;59;2021-06-08;53751;61580;5409455;2144414;61.5;24.4
FR;59;2021-06-09;50315;65018;5459770;2209432;62.1;25.1
FR;59;2021-06-10;53661;64768;5513431;2274200;62.7;25.9
FR;59;2021-06-11;55742;85155;5569173;2359355;63.3;26.8
FR;59;2021-06-12;38706;56690;5607879;2416045;63.8;27.5
FR;59;2021-06-13;11086;19624;5618965;2435669;63.9;27.7
FR;59;2021-06-14;30009;79272;5648974;2514941;64.2;28.6
FR;59;2021-06-15;35405;85345;5684379;2600286;64.6;29.6
FR;59;2021-06-16;33247;87197;5717626;2687483;65.0;30.6
FR;64;2020-12-27;1;0;1;0;0.0;0.0
FR;64;2020-12-28;1;0;2;0;0.0;0.0
FR;64;2020-12-29;2;0;4;0;0.0;0.0
FR;64;2020-12-30;6;0;10;0;0.0;0.0
FR;64;2020-12-31;5;0;15;0;0.0;0.0
FR;64;2021-01-01;8;0;23;0;0.0;0.0
FR;64;2021-01-02;13;0;36;0;0.0;0.0
FR;64;2021-01-03;19;0;55;0;0.0;0.0
FR;64;2021-01-04;209;1;264;1;0.0;0.0
FR;64;2021-01-05;900;4;1164;5;0.0;0.0
FR;64;2021-01-06;1691;3;2855;8;0.1;0.0
FR;64;2021-01-07;3661;10;6516;18;0.2;0.0
FR;64;2021-01-08;4895;14;11411;32;0.3;0.0
FR;64;2021-01-09;1962;2;13373;34;0.3;0.0
FR;64;2021-01-10;1027;1;14400;35;0.4;0.0
FR;64;2021-01-11;5294;10;19694;45;0.5;0.0
FR;64;2021-01-12;7155;15;26849;60;0.7;0.0
FR;64;2021-01-13;7473;18;34322;78;0.8;0.0
FR;64;2021-01-14;8582;87;42904;165;1.0;0.0
FR;64;2021-01-15;7108;36;50012;201;1.2;0.0
FR;64;2021-01-16;2221;18;52233;219;1.3;0.0
FR;64;2021-01-17;844;9;53077;228;1.3;0.0
FR;64;2021-01-18;4693;20;57770;248;1.4;0.0
FR;64;2021-01-19;6413;25;64183;273;1.6;0.0
FR;64;2021-01-20;6245;36;70428;309;1.7;0.0
FR;64;2021-01-21;6933;26;77361;335;1.9;0.0
FR;64;2021-01-22;5438;34;82799;369;2.0;0.0
FR;64;2021-01-23;1422;13;84221;382;2.1;0.0
FR;64;2021-01-24;434;9;84655;391;2.1;0.0
FR;64;2021-01-25;2776;204;87431;595;2.1;0.0
FR;64;2021-01-26;3548;499;90979;1094;2.2;0.0
FR;64;2021-01-27;3773;888;94752;1982;2.3;0.0
FR;64;2021-01-28;4577;1757;99329;3739;2.4;0.1
FR;64;2021-01-29;3537;2330;102866;6069;2.5;0.1
FR;64;2021-01-30;840;708;103706;6777;2.5;0.2
FR;64;2021-01-31;172;279;103878;7056;2.5;0.2
FR;64;2021-02-01;1529;2869;105407;9925;2.6;0.2
FR;64;2021-02-02;2159;4148;107566;14073;2.6;0.3
FR;64;2021-02-03;2313;4366;109879;18439;2.7;0.4
FR;64;2021-02-04;2829;5509;112708;23948;2.7;0.6
FR;64;2021-02-05;2195;4973;114903;28921;2.8;0.7
FR;64;2021-02-06;667;1305;115570;30226;2.8;0.7
FR;64;2021-02-07;165;493;115735;30719;2.8;0.7
FR;64;2021-02-08;1491;4198;117226;34917;2.9;0.9
FR;64;2021-02-09;2351;5669;119577;40586;2.9;1.0
FR;64;2021-02-10;2578;5677;122155;46263;3.0;1.1
FR;64;2021-02-11;3470;7230;125625;53493;3.1;1.3
FR;64;2021-02-12;3117;5455;128742;58948;3.1;1.4
FR;64;2021-02-13;850;1449;129592;60397;3.2;1.5
FR;64;2021-02-14;198;436;129790;60833;3.2;1.5
FR;64;2021-02-15;1596;3888;131386;64721;3.2;1.6
FR;64;2021-02-16;2088;5147;133474;69868;3.3;1.7
FR;64;2021-02-17;2214;4647;135688;74515;3.3;1.8
FR;64;2021-02-18;3251;5460;138939;79975;3.4;1.9
FR;64;2021-02-19;3021;4220;141960;84195;3.5;2.1
FR;64;2021-02-20;811;1205;142771;85400;3.5;2.1
FR;64;2021-02-21;135;255;142906;85655;3.5;2.1
FR;64;2021-02-22;1498;2671;144404;88326;3.5;2.2
FR;64;2021-02-23;2415;2918;146819;91244;3.6;2.2
FR;64;2021-02-24;3883;2861;150702;94105;3.7;2.3
FR;64;2021-02-25;16085;3889;166787;97994;4.1;2.4
FR;64;2021-02-26;21855;2829;188642;100823;4.6;2.5
FR;64;2021-02-27;13098;792;201740;101615;4.9;2.5
FR;64;2021-02-28;799;174;202539;101789;4.9;2.5
FR;64;2021-03-01;6581;1769;209120;103558;5.1;2.5
FR;64;2021-03-02;13163;2391;222283;105949;5.4;2.6
FR;64;2021-03-03;15984;2450;238267;108399;5.8;2.6
FR;64;2021-03-04;25269;2964;263536;111363;6.4;2.7
FR;64;2021-03-05;30574;2769;294110;114132;7.2;2.8
FR;64;2021-03-06;26924;883;321034;115015;7.8;2.8
FR;64;2021-03-07;9908;558;330942;115573;8.1;2.8
FR;64;2021-03-08;8853;1837;339795;117410;8.3;2.9
FR;64;2021-03-09;16874;2092;356669;119502;8.7;2.9
FR;64;2021-03-10;17129;2234;373798;121736;9.1;3.0
FR;64;2021-03-11;26006;2928;399804;124664;9.7;3.0
FR;64;2021-03-12;33529;2552;433333;127216;10.6;3.1
FR;64;2021-03-13;27430;872;460763;128088;11.2;3.1
FR;64;2021-03-14;5450;220;466213;128308;11.4;3.1
FR;64;2021-03-15;11082;1484;477295;129792;11.6;3.2
FR;64;2021-03-16;6018;1795;483313;131587;11.8;3.2
FR;64;2021-03-17;6155;1703;489468;133290;11.9;3.2
FR;64;2021-03-18;7693;2093;497161;135383;12.1;3.3
FR;64;2021-03-19;18984;1984;516145;137367;12.6;3.3
FR;64;2021-03-20;18564;796;534709;138163;13.0;3.4
FR;64;2021-03-21;4728;237;539437;138400;13.1;3.4
FR;64;2021-03-22;13555;1610;552992;140010;13.5;3.4
FR;64;2021-03-23;23557;2089;576549;142099;14.1;3.5
FR;64;2021-03-24;25207;2189;601756;144288;14.7;3.5
FR;64;2021-03-25;36662;2486;638418;146774;15.6;3.6
FR;64;2021-03-26;40219;2447;678637;149221;16.5;3.6
FR;64;2021-03-27;21318;1071;699955;150292;17.1;3.7
FR;64;2021-03-28;5088;270;705043;150562;17.2;3.7
FR;64;2021-03-29;17570;2182;722613;152744;17.6;3.7
FR;64;2021-03-30;27329;2922;749942;155666;18.3;3.8
FR;64;2021-03-31;24162;2969;774104;158635;18.9;3.9
FR;64;2021-04-01;30576;3849;804680;162484;19.6;4.0
FR;64;2021-04-02;29232;3663;833912;166147;20.3;4.1
FR;64;2021-04-03;15989;2405;849901;168552;20.7;4.1
FR;64;2021-04-04;4034;806;853935;169358;20.8;4.1
FR;64;2021-04-05;5109;808;859044;170166;20.9;4.1
FR;64;2021-04-06;19218;4321;878262;174487;21.4;4.3
FR;64;2021-04-07;23561;4854;901823;179341;22.0;4.4
FR;64;2021-04-08;34591;5703;936414;185044;22.8;4.5
FR;64;2021-04-09;53507;6213;989921;191257;24.1;4.7
FR;64;2021-04-10;29852;5074;1019773;196331;24.9;4.8
FR;64;2021-04-11;6264;2623;1026037;198954;25.0;4.8
FR;64;2021-04-12;28045;5236;1054082;204190;25.7;5.0
FR;64;2021-04-13;42493;7452;1096575;211642;26.7;5.2
FR;64;2021-04-14;40735;7223;1137310;218865;27.7;5.3
FR;64;2021-04-15;51908;8473;1189218;227338;29.0;5.5
FR;64;2021-04-16;64240;8996;1253458;236334;30.6;5.8
FR;64;2021-04-17;38513;7177;1291971;243511;31.5;5.9
FR;64;2021-04-18;10919;3360;1302890;246871;31.8;6.0
FR;64;2021-04-19;41958;8641;1344848;255512;32.8;6.2
FR;64;2021-04-20;52628;10492;1397476;266004;34.1;6.5
FR;64;2021-04-21;52489;10953;1449965;276957;35.3;6.8
FR;64;2021-04-22;57379;12857;1507344;289814;36.7;7.1
FR;64;2021-04-23;60884;12805;1568228;302619;38.2;7.4
FR;64;2021-04-24;43378;9141;1611606;311760;39.3;7.6
FR;64;2021-04-25;16229;3388;1627835;315148;39.7;7.7
FR;64;2021-04-26;50029;11598;1677864;326746;40.9;8.0
FR;64;2021-04-27;63007;15618;1740871;342364;42.4;8.3
FR;64;2021-04-28;64021;16083;1804892;358447;44.0;8.7
FR;64;2021-04-29;73701;20509;1878593;378956;45.8;9.2
FR;64;2021-04-30;75273;22072;1953866;401028;47.6;9.8
FR;64;2021-05-01;29344;6712;1983210;407740;48.3;9.9
FR;64;2021-05-02;14490;4004;1997700;411744;48.7;10.0
FR;64;2021-05-03;52334;15945;2050034;427689;50.0;10.4
FR;64;2021-05-04;53303;21687;2103337;449376;51.3;11.0
FR;64;2021-05-05;49517;22747;2152854;472123;52.5;11.5
FR;64;2021-05-06;56831;28858;2209685;500981;53.9;12.2
FR;64;2021-05-07;50895;34021;2260580;535002;55.1;13.0
FR;64;2021-05-08;20630;9329;2281210;544331;55.6;13.3
FR;64;2021-05-09;10019;5497;2291229;549828;55.9;13.4
FR;64;2021-05-10;34398;26790;2325627;576618;56.7;14.1
FR;64;2021-05-11;44001;37139;2369628;613757;57.8;15.0
FR;64;2021-05-12;39033;34980;2408661;648737;58.7;15.8
FR;64;2021-05-13;21997;10053;2430658;658790;59.3;16.1
FR;64;2021-05-14;36351;29058;2467009;687848;60.1;16.8
FR;64;2021-05-15;21260;19001;2488269;706849;60.7;17.2
FR;64;2021-05-16;7967;4306;2496236;711155;60.9;17.3
FR;64;2021-05-17;26896;25398;2523132;736553;61.5;18.0
FR;64;2021-05-18;33551;28341;2556683;764894;62.3;18.6
FR;64;2021-05-19;30458;26385;2587141;791279;63.1;19.3
FR;64;2021-05-20;35034;33255;2622175;824534;63.9;20.1
FR;64;2021-05-21;30240;37379;2652415;861913;64.7;21.0
FR;64;2021-05-22;14837;17703;2667252;879616;65.0;21.4
FR;64;2021-05-23;5117;2829;2672369;882445;65.1;21.5
FR;64;2021-05-24;10759;6493;2683128;888938;65.4;21.7
FR;64;2021-05-25;22720;34345;2705848;923283;66.0;22.5
FR;64;2021-05-26;21460;34960;2727308;958243;66.5;23.4
FR;64;2021-05-27;26007;42979;2753315;1001222;67.1;24.4
FR;64;2021-05-28;24497;55741;2777812;1056963;67.7;25.8
FR;64;2021-05-29;11926;33516;2789738;1090479;68.0;26.6
FR;64;2021-05-30;2674;7429;2792412;1097908;68.1;26.8
FR;64;2021-05-31;15830;45977;2808242;1143885;68.5;27.9
FR;64;2021-06-01;20846;56377;2829088;1200262;69.0;29.3
FR;64;2021-06-02;17036;50417;2846124;1250679;69.4;30.5
FR;64;2021-06-03;21196;55014;2867320;1305693;69.9;31.8
FR;64;2021-06-04;19829;66538;2887149;1372231;70.4;33.5
FR;64;2021-06-05;9380;43221;2896529;1415452;70.6;34.5
FR;64;2021-06-06;2665;10963;2899194;1426415;70.7;34.8
FR;64;2021-06-07;12297;60843;2911491;1487258;71.0;36.3
FR;64;2021-06-08;16736;66714;2928227;1553972;71.4;37.9
FR;64;2021-06-09;14431;58334;2942658;1612306;71.7;39.3
FR;64;2021-06-10;16466;56986;2959124;1669292;72.1;40.7
FR;64;2021-06-11;15007;69889;2974131;1739181;72.5;42.4
FR;64;2021-06-12;8061;36091;2982192;1775272;72.7;43.3
FR;64;2021-06-13;2113;9742;2984305;1785014;72.7;43.5
FR;64;2021-06-14;8863;64650;2993168;1849664;73.0;45.1
FR;64;2021-06-15;11619;66264;3004787;1915928;73.2;46.7
FR;64;2021-06-16;9830;53252;3014617;1969180;73.5;48.0
FR;69;2020-12-27;2;0;2;0;0.0;0.0
FR;69;2020-12-28;2;0;4;0;0.0;0.0
FR;69;2020-12-29;3;0;7;0;0.0;0.0
FR;69;2020-12-30;7;0;14;0;0.0;0.0
FR;69;2020-12-31;5;0;19;0;0.0;0.0
FR;69;2021-01-01;6;0;25;0;0.0;0.0
FR;69;2021-01-02;11;1;36;1;0.0;0.0
FR;69;2021-01-03;8;0;44;1;0.0;0.0
FR;69;2021-01-04;115;0;159;1;0.0;0.0
FR;69;2021-01-05;411;4;570;5;0.0;0.0
FR;69;2021-01-06;810;2;1380;7;0.0;0.0
FR;69;2021-01-07;1893;3;3273;10;0.1;0.0
FR;69;2021-01-08;2462;1;5735;11;0.1;0.0
FR;69;2021-01-09;1126;1;6861;12;0.2;0.0
FR;69;2021-01-10;660;1;7521;13;0.2;0.0
FR;69;2021-01-11;2742;6;10263;19;0.3;0.0
FR;69;2021-01-12;3886;1;14149;20;0.4;0.0
FR;69;2021-01-13;3805;14;17954;34;0.5;0.0
FR;69;2021-01-14;4570;48;22524;82;0.6;0.0
FR;69;2021-01-15;3853;14;26377;96;0.7;0.0
FR;69;2021-01-16;1344;14;27721;110;0.7;0.0
FR;69;2021-01-17;634;3;28355;113;0.7;0.0
FR;69;2021-01-18;3262;18;31617;131;0.8;0.0
FR;69;2021-01-19;4800;22;36417;153;0.9;0.0
FR;69;2021-01-20;4769;18;41186;171;1.1;0.0
FR;69;2021-01-21;5551;21;46737;192;1.2;0.0
FR;69;2021-01-22;4376;21;51113;213;1.3;0.0
FR;69;2021-01-23;1363;5;52476;218;1.3;0.0
FR;69;2021-01-24;448;6;52924;224;1.4;0.0
FR;69;2021-01-25;2733;82;55657;306;1.4;0.0
FR;69;2021-01-26;3368;183;59025;489;1.5;0.0
FR;69;2021-01-27;3673;416;62698;905;1.6;0.0
FR;69;2021-01-28;4334;896;67032;1801;1.7;0.0
FR;69;2021-01-29;3491;1237;70523;3038;1.8;0.1
FR;69;2021-01-30;941;403;71464;3441;1.8;0.1
FR;69;2021-01-31;180;162;71644;3603;1.8;0.1
FR;69;2021-02-01;1830;1522;73474;5125;1.9;0.1
FR;69;2021-02-02;2435;2203;75909;7328;1.9;0.2
FR;69;2021-02-03;2428;2273;78337;9601;2.0;0.2
FR;69;2021-02-04;2994;2929;81331;12530;2.1;0.3
FR;69;2021-02-05;2518;2540;83849;15070;2.1;0.4
FR;69;2021-02-06;728;808;84577;15878;2.2;0.4
FR;69;2021-02-07;162;391;84739;16269;2.2;0.4
FR;69;2021-02-08;1617;2411;86356;18680;2.2;0.5
FR;69;2021-02-09;2422;3418;88778;22098;2.3;0.6
FR;69;2021-02-10;2572;3409;91350;25507;2.3;0.7
FR;69;2021-02-11;3535;4867;94885;30374;2.4;0.8
FR;69;2021-02-12;3166;3423;98051;33797;2.5;0.9
FR;69;2021-02-13;870;1035;98921;34832;2.5;0.9
FR;69;2021-02-14;217;415;99138;35247;2.5;0.9
FR;69;2021-02-15;1341;2780;100479;38027;2.6;1.0
FR;69;2021-02-16;1875;3987;102354;42014;2.6;1.1
FR;69;2021-02-17;2011;3664;104365;45678;2.7;1.2
FR;69;2021-02-18;3014;4566;107379;50244;2.8;1.3
FR;69;2021-02-19;2888;3516;110267;53760;2.8;1.4
FR;69;2021-02-20;760;1027;111027;54787;2.8;1.4
FR;69;2021-02-21;150;235;111177;55022;2.8;1.4
FR;69;2021-02-22;1620;2577;112797;57599;2.9;1.5
FR;69;2021-02-23;2292;2823;115089;60422;2.9;1.5
FR;69;2021-02-24;2670;2915;117759;63337;3.0;1.6
FR;69;2021-02-25;3900;3592;121659;66929;3.1;1.7
FR;69;2021-02-26;4287;2637;125946;69566;3.2;1.8
FR;69;2021-02-27;1820;708;127766;70274;3.3;1.8
FR;69;2021-02-28;312;183;128078;70457;3.3;1.8
FR;69;2021-03-01;2813;1942;130891;72399;3.4;1.9
FR;69;2021-03-02;4730;2457;135621;74856;3.5;1.9
FR;69;2021-03-03;6738;2493;142359;77349;3.6;2.0
FR;69;2021-03-04;11839;3050;154198;80399;4.0;2.1
FR;69;2021-03-05;17557;2737;171755;83136;4.4;2.1
FR;69;2021-03-06;23358;853;195113;83989;5.0;2.2
FR;69;2021-03-07;14829;487;209942;84476;5.4;2.2
FR;69;2021-03-08;9815;2083;219757;86559;5.6;2.2
FR;69;2021-03-09;17553;2538;237310;89097;6.1;2.3
FR;69;2021-03-10;18903;2594;256213;91691;6.6;2.3
FR;69;2021-03-11;29279;3299;285492;94990;7.3;2.4
FR;69;2021-03-12;40031;3064;325523;98054;8.3;2.5
FR;69;2021-03-13;36177;1091;361700;99145;9.3;2.5
FR;69;2021-03-14;8219;276;369919;99421;9.5;2.5
FR;69;2021-03-15;16751;1855;386670;101276;9.9;2.6
FR;69;2021-03-16;10749;2202;397419;103478;10.2;2.7
FR;69;2021-03-17;11778;2208;409197;105686;10.5;2.7
FR;69;2021-03-18;13159;2633;422356;108319;10.8;2.8
FR;69;2021-03-19;28924;2481;451280;110800;11.6;2.8
FR;69;2021-03-20;27017;934;478297;111734;12.3;2.9
FR;69;2021-03-21;7131;285;485428;112019;12.4;2.9
FR;69;2021-03-22;21256;2218;506684;114237;13.0;2.9
FR;69;2021-03-23;36294;2865;542978;117102;13.9;3.0
FR;69;2021-03-24;37587;2909;580565;120011;14.9;3.1
FR;69;2021-03-25;55094;3203;635659;123214;16.3;3.2
FR;69;2021-03-26;59239;3081;694898;126295;17.8;3.2
FR;69;2021-03-27;30217;1426;725115;127721;18.6;3.3
FR;69;2021-03-28;7611;400;732726;128121;18.8;3.3
FR;69;2021-03-29;27715;3495;760441;131616;19.5;3.4
FR;69;2021-03-30;42297;4450;802738;136066;20.6;3.5
FR;69;2021-03-31;35394;4465;838132;140531;21.5;3.6
FR;69;2021-04-01;43312;5843;881444;146374;22.6;3.8
FR;69;2021-04-02;41373;5982;922817;152356;23.7;3.9
FR;69;2021-04-03;21670;3954;944487;156310;24.2;4.0
FR;69;2021-04-04;5810;1316;950297;157626;24.4;4.0
FR;69;2021-04-05;7615;1071;957912;158697;24.5;4.1
FR;69;2021-04-06;27915;7242;985827;165939;25.3;4.3
FR;69;2021-04-07;32444;7803;1018271;173742;26.1;4.5
FR;69;2021-04-08;48566;8926;1066837;182668;27.3;4.7
FR;69;2021-04-09;70645;9151;1137482;191819;29.2;4.9
FR;69;2021-04-10;36686;7899;1174168;199718;30.1;5.1
FR;69;2021-04-11;7981;4298;1182149;204016;30.3;5.2
FR;69;2021-04-12;38589;8896;1220738;212912;31.3;5.5
FR;69;2021-04-13;53533;12030;1274271;224942;32.7;5.8
FR;69;2021-04-14;49319;11718;1323590;236660;33.9;6.1
FR;69;2021-04-15;61828;13606;1385418;250266;35.5;6.4
FR;69;2021-04-16;72626;14133;1458044;264399;37.4;6.8
FR;69;2021-04-17;39664;10732;1497708;275131;38.4;7.1
FR;69;2021-04-18;10022;5040;1507730;280171;38.6;7.2
FR;69;2021-04-19;45900;13937;1553630;294108;39.8;7.5
FR;69;2021-04-20;57164;16868;1610794;310976;41.3;8.0
FR;69;2021-04-21;53494;16602;1664288;327578;42.7;8.4
FR;69;2021-04-22;60257;18787;1724545;346365;44.2;8.9
FR;69;2021-04-23;59418;18832;1783963;365197;45.7;9.4
FR;69;2021-04-24;37326;13192;1821289;378389;46.7;9.7
FR;69;2021-04-25;13276;5019;1834565;383408;47.0;9.8
FR;69;2021-04-26;49707;18416;1884272;401824;48.3;10.3
FR;69;2021-04-27;61796;23257;1946068;425081;49.9;10.9
FR;69;2021-04-28;59860;22140;2005928;447221;51.4;11.5
FR;69;2021-04-29;70147;24923;2076075;472144;53.2;12.1
FR;69;2021-04-30;66963;23980;2143038;496124;54.9;12.7
FR;69;2021-05-01;23895;7641;2166933;503765;55.5;12.9
FR;69;2021-05-02;11197;5172;2178130;508937;55.8;13.0
FR;69;2021-05-03;47523;21414;2225653;530351;57.0;13.6
FR;69;2021-05-04;48054;27788;2273707;558139;58.3;14.3
FR;69;2021-05-05;42802;27192;2316509;585331;59.4;15.0
FR;69;2021-05-06;50846;30265;2367355;615596;60.7;15.8
FR;69;2021-05-07;42329;34337;2409684;649933;61.8;16.7
FR;69;2021-05-08;15680;9392;2425364;659325;62.2;16.9
FR;69;2021-05-09;7297;6569;2432661;665894;62.3;17.1
FR;69;2021-05-10;29630;34722;2462291;700616;63.1;18.0
FR;69;2021-05-11;38211;43778;2500502;744394;64.1;19.1
FR;69;2021-05-12;33040;39231;2533542;783625;64.9;20.1
FR;69;2021-05-13;17484;11513;2551026;795138;65.4;20.4
FR;69;2021-05-14;30068;34182;2581094;829320;66.1;21.3
FR;69;2021-05-15;15264;18536;2596358;847856;66.5;21.7
FR;69;2021-05-16;5437;4317;2601795;852173;66.7;21.8
FR;69;2021-05-17;21842;28801;2623637;880974;67.2;22.6
FR;69;2021-05-18;27994;29634;2651631;910608;68.0;23.3
FR;69;2021-05-19;24369;25235;2676000;935843;68.6;24.0
FR;69;2021-05-20;28417;27839;2704417;963682;69.3;24.7
FR;69;2021-05-21;23000;30747;2727417;994429;69.9;25.5
FR;69;2021-05-22;9673;14378;2737090;1008807;70.1;25.9
FR;69;2021-05-23;3191;2379;2740281;1011186;70.2;25.9
FR;69;2021-05-24;8108;7132;2748389;1018318;70.4;26.1
FR;69;2021-05-25;17922;36215;2766311;1054533;70.9;27.0
FR;69;2021-05-26;16376;34472;2782687;1089005;71.3;27.9
FR;69;2021-05-27;20619;42270;2803306;1131275;71.8;29.0
FR;69;2021-05-28;18296;53862;2821602;1185137;72.3;30.4
FR;69;2021-05-29;7662;31255;2829264;1216392;72.5;31.2
FR;69;2021-05-30;1699;6901;2830963;1223293;72.6;31.4
FR;69;2021-05-31;12338;47512;2843301;1270805;72.9;32.6
FR;69;2021-06-01;16206;57660;2859507;1328465;73.3;34.0
FR;69;2021-06-02;12958;50002;2872465;1378467;73.6;35.3
FR;69;2021-06-03;16363;57666;2888828;1436133;74.0;36.8
FR;69;2021-06-04;14578;67100;2903406;1503233;74.4;38.5
FR;69;2021-06-05;6083;39514;2909489;1542747;74.6;39.5
FR;69;2021-06-06;1567;9074;2911056;1551821;74.6;39.8
FR;69;2021-06-07;9712;59503;2920768;1611324;74.9;41.3
FR;69;2021-06-08;14162;66598;2934930;1677922;75.2;43.0
FR;69;2021-06-09;10990;54836;2945920;1732758;75.5;44.4
FR;69;2021-06-10;13872;57826;2959792;1790584;75.9;45.9
FR;69;2021-06-11;12048;69276;2971840;1859860;76.2;47.7
FR;69;2021-06-12;5600;32212;2977440;1892072;76.3;48.5
FR;69;2021-06-13;1307;7819;2978747;1899891;76.3;48.7
FR;69;2021-06-14;7279;61111;2986026;1961002;76.5;50.3
FR;69;2021-06-15;9920;66377;2995946;2027379;76.8;52.0
FR;69;2021-06-16;8044;50109;3003990;2077488;77.0;53.2
FR;74;2020-12-27;1;0;1;0;0.0;0.0
FR;74;2020-12-28;7;0;8;0;0.0;0.0
FR;74;2020-12-29;5;0;13;0;0.0;0.0
FR;74;2020-12-30;12;0;25;0;0.0;0.0
FR;74;2020-12-31;8;0;33;0;0.0;0.0
FR;74;2021-01-01;5;0;38;0;0.0;0.0
FR;74;2021-01-02;3;0;41;0;0.0;0.0
FR;74;2021-01-03;13;0;54;0;0.0;0.0
FR;74;2021-01-04;89;1;143;1;0.0;0.0
FR;74;2021-01-05;300;0;443;1;0.0;0.0
FR;74;2021-01-06;555;1;998;2;0.0;0.0
FR;74;2021-01-07;1465;0;2463;2;0.1;0.0
FR;74;2021-01-08;1806;4;4269;6;0.1;0.0
FR;74;2021-01-09;799;0;5068;6;0.1;0.0
FR;74;2021-01-10;540;0;5608;6;0.2;0.0
FR;74;2021-01-11;2137;2;7745;8;0.2;0.0
FR;74;2021-01-12;3160;6;10905;14;0.3;0.0
FR;74;2021-01-13;3224;7;14129;21;0.4;0.0
FR;74;2021-01-14;3963;41;18092;62;0.5;0.0
FR;74;2021-01-15;3546;11;21638;73;0.6;0.0
FR;74;2021-01-16;1340;5;22978;78;0.7;0.0
FR;74;2021-01-17;766;4;23744;82;0.7;0.0
FR;74;2021-01-18;4727;13;28471;95;0.8;0.0
FR;74;2021-01-19;6833;14;35304;109;1.0;0.0
FR;74;2021-01-20;7121;12;42425;121;1.2;0.0
FR;74;2021-01-21;8215;26;50640;147;1.5;0.0
FR;74;2021-01-22;6563;22;57203;169;1.6;0.0
FR;74;2021-01-23;2262;4;59465;173;1.7;0.0
FR;74;2021-01-24;612;2;60077;175;1.7;0.0
FR;74;2021-01-25;4550;57;64627;232;1.9;0.0
FR;74;2021-01-26;5646;153;70273;385;2.0;0.0
FR;74;2021-01-27;5990;272;76263;657;2.2;0.0
FR;74;2021-01-28;6990;750;83253;1407;2.4;0.0
FR;74;2021-01-29;5747;900;89000;2307;2.6;0.1
FR;74;2021-01-30;1770;262;90770;2569;2.6;0.1
FR;74;2021-01-31;296;114;91066;2683;2.6;0.1
FR;74;2021-02-01;3303;1064;94369;3747;2.7;0.1
FR;74;2021-02-02;4313;1787;98682;5534;2.8;0.2
FR;74;2021-02-03;4325;1807;103007;7341;3.0;0.2
FR;74;2021-02-04;5190;2470;108197;9811;3.1;0.3
FR;74;2021-02-05;4402;2181;112599;11992;3.2;0.3
FR;74;2021-02-06;1413;695;114012;12687;3.3;0.4
FR;74;2021-02-07;243;351;114255;13038;3.3;0.4
FR;74;2021-02-08;3096;2508;117351;15546;3.4;0.4
FR;74;2021-02-09;4127;3727;121478;19273;3.5;0.6
FR;74;2021-02-10;4432;3817;125910;23090;3.6;0.7
FR;74;2021-02-11;5650;5477;131560;28567;3.8;0.8
FR;74;2021-02-12;5284;3823;136844;32390;3.9;0.9
FR;74;2021-02-13;1658;1219;138502;33609;4.0;1.0
FR;74;2021-02-14;408;471;138910;34080;4.0;1.0
FR;74;2021-02-15;2409;4184;141319;38264;4.1;1.1
FR;74;2021-02-16;3277;5634;144596;43898;4.2;1.3
FR;74;2021-02-17;3399;5458;147995;49356;4.3;1.4
FR;74;2021-02-18;4953;6817;152948;56173;4.4;1.6
FR;74;2021-02-19;4890;5419;157838;61592;4.5;1.8
FR;74;2021-02-20;1558;1738;159396;63330;4.6;1.8
FR;74;2021-02-21;233;415;159629;63745;4.6;1.8
FR;74;2021-02-22;2882;4294;162511;68039;4.7;2.0
FR;74;2021-02-23;4158;4899;166669;72938;4.8;2.1
FR;74;2021-02-24;4539;4848;171208;77786;4.9;2.2
FR;74;2021-02-25;5542;5708;176750;83494;5.1;2.4
FR;74;2021-02-26;5497;4484;182247;87978;5.2;2.5
FR;74;2021-02-27;2033;1368;184280;89346;5.3;2.6
FR;74;2021-02-28;529;294;184809;89640;5.3;2.6
FR;74;2021-03-01;5091;3375;189900;93015;5.5;2.7
FR;74;2021-03-02;7483;4296;197383;97311;5.7;2.8
FR;74;2021-03-03;9744;4280;207127;101591;6.0;2.9
FR;74;2021-03-04;15145;4859;222272;106450;6.4;3.1
FR;74;2021-03-05;21768;4661;244040;111111;7.0;3.2
FR;74;2021-03-06;31416;1497;275456;112608;7.9;3.2
FR;74;2021-03-07;21032;619;296488;113227;8.5;3.3
FR;74;2021-03-08;14291;3715;310779;116942;8.9;3.4
FR;74;2021-03-09;24136;4295;334915;121237;9.6;3.5
FR;74;2021-03-10;26396;4491;361311;125728;10.4;3.6
FR;74;2021-03-11;38451;5448;399762;131176;11.5;3.8
FR;74;2021-03-12;50786;4862;450548;136038;13.0;3.9
FR;74;2021-03-13;48033;1708;498581;137746;14.3;4.0
FR;74;2021-03-14;11998;463;510579;138209;14.7;4.0
FR;74;2021-03-15;25620;3217;536199;141426;15.4;4.1
FR;74;2021-03-16;20067;3890;556266;145316;16.0;4.2
FR;74;2021-03-17;21843;3927;578109;149243;16.6;4.3
FR;74;2021-03-18;24479;4572;602588;153815;17.3;4.4
FR;74;2021-03-19;41493;4073;644081;157888;18.5;4.5
FR;74;2021-03-20;35484;1646;679565;159534;19.5;4.6
FR;74;2021-03-21;9475;428;689040;159962;19.8;4.6
FR;74;2021-03-22;31560;3961;720600;163923;20.7;4.7
FR;74;2021-03-23;50271;4917;770871;168840;22.2;4.9
FR;74;2021-03-24;52226;5296;823097;174136;23.7;5.0
FR;74;2021-03-25;74879;5705;897976;179841;25.8;5.2
FR;74;2021-03-26;80887;5395;978863;185236;28.1;5.3
FR;74;2021-03-27;51094;2490;1029957;187726;29.6;5.4
FR;74;2021-03-28;17818;772;1047775;188498;30.1;5.4
FR;74;2021-03-29;56105;6985;1103880;195483;31.7;5.6
FR;74;2021-03-30;76568;8890;1180448;204373;33.9;5.9
FR;74;2021-03-31;67962;9441;1248410;213814;35.9;6.1
FR;74;2021-04-01;78391;11831;1326801;225645;38.1;6.5
FR;74;2021-04-02;70001;12396;1396802;238041;40.2;6.8
FR;74;2021-04-03;37162;8502;1433964;246543;41.2;7.1
FR;74;2021-04-04;12500;2801;1446464;249344;41.6;7.2
FR;74;2021-04-05;19208;1898;1465672;251242;42.1;7.2
FR;74;2021-04-06;64407;15182;1530079;266424;44.0;7.7
FR;74;2021-04-07;72652;16053;1602731;282477;46.1;8.1
FR;74;2021-04-08;87616;17990;1690347;300467;48.6;8.6
FR;74;2021-04-09;97299;17813;1787646;318280;51.4;9.2
FR;74;2021-04-10;48595;14093;1836241;332373;52.8;9.6
FR;74;2021-04-11;12705;6834;1848946;339207;53.2;9.8
FR;74;2021-04-12;60908;17757;1909854;356964;54.9;10.3
FR;74;2021-04-13;68723;22253;1978577;379217;56.9;10.9
FR;74;2021-04-14;60124;21813;2038701;401030;58.6;11.5
FR;74;2021-04-15;61949;23764;2100650;424794;60.4;12.2
FR;74;2021-04-16;52280;24347;2152930;449141;61.9;12.9
FR;74;2021-04-17;25719;16823;2178649;465964;62.6;13.4
FR;74;2021-04-18;5745;6966;2184394;472930;62.8;13.6
FR;74;2021-04-19;31743;24316;2216137;497246;63.7;14.3
FR;74;2021-04-20;36306;29601;2252443;526847;64.8;15.1
FR;74;2021-04-21;33384;30223;2285827;557070;65.7;16.0
FR;74;2021-04-22;38108;35193;2323935;592263;66.8;17.0
FR;74;2021-04-23;34866;38797;2358801;631060;67.8;18.1
FR;74;2021-04-24;18650;30725;2377451;661785;68.4;19.0
FR;74;2021-04-25;6144;12562;2383595;674347;68.5;19.4
FR;74;2021-04-26;26756;46863;2410351;721210;69.3;20.7
FR;74;2021-04-27;33071;56045;2443422;777255;70.2;22.3
FR;74;2021-04-28;32639;52822;2476061;830077;71.2;23.9
FR;74;2021-04-29;38747;53958;2514808;884035;72.3;25.4
FR;74;2021-04-30;35064;49135;2549872;933170;73.3;26.8
FR;74;2021-05-01;11100;15150;2560972;948320;73.6;27.3
FR;74;2021-05-02;5179;11393;2566151;959713;73.8;27.6
FR;74;2021-05-03;24215;52120;2590366;1011833;74.5;29.1
FR;74;2021-05-04;25150;69235;2615516;1081068;75.2;31.1
FR;74;2021-05-05;22726;64915;2638242;1145983;75.8;32.9
FR;74;2021-05-06;27355;63258;2665597;1209241;76.6;34.8
FR;74;2021-05-07;23260;65992;2688857;1275233;77.3;36.7
FR;74;2021-05-08;8090;14309;2696947;1289542;77.5;37.1
FR;74;2021-05-09;3672;10476;2700619;1300018;77.6;37.4
FR;74;2021-05-10;16008;63050;2716627;1363068;78.1;39.2
FR;74;2021-05-11;20962;64092;2737589;1427160;78.7;41.0
FR;74;2021-05-12;18395;53158;2755984;1480318;79.2;42.6
FR;74;2021-05-13;9068;12081;2765052;1492399;79.5;42.9
FR;74;2021-05-14;16960;37753;2782012;1530152;80.0;44.0
FR;74;2021-05-15;8374;17571;2790386;1547723;80.2;44.5
FR;74;2021-05-16;2985;3500;2793371;1551223;80.3;44.6
FR;74;2021-05-17;12231;30797;2805602;1582020;80.7;45.5
FR;74;2021-05-18;15458;30484;2821060;1612504;81.1;46.4
FR;74;2021-05-19;14027;25388;2835087;1637892;81.5;47.1
FR;74;2021-05-20;16034;27687;2851121;1665579;82.0;47.9
FR;74;2021-05-21;13374;30692;2864495;1696271;82.4;48.8
FR;74;2021-05-22;5771;14221;2870266;1710492;82.5;49.2
FR;74;2021-05-23;1853;2382;2872119;1712874;82.6;49.2
FR;74;2021-05-24;4633;5725;2876752;1718599;82.7;49.4
FR;74;2021-05-25;10624;35189;2887376;1753788;83.0;50.4
FR;74;2021-05-26;10015;32941;2897391;1786729;83.3;51.4
FR;74;2021-05-27;11839;39431;2909230;1826160;83.6;52.5
FR;74;2021-05-28;11246;45038;2920476;1871198;84.0;53.8
FR;74;2021-05-29;4753;24305;2925229;1895503;84.1;54.5
FR;74;2021-05-30;1043;4238;2926272;1899741;84.1;54.6
FR;74;2021-05-31;7566;29831;2933838;1929572;84.3;55.5
FR;74;2021-06-01;10279;40153;2944117;1969725;84.6;56.6
FR;74;2021-06-02;8456;34077;2952573;2003802;84.9;57.6
FR;74;2021-06-03;10533;42315;2963106;2046117;85.2;58.8
FR;74;2021-06-04;9691;48034;2972797;2094151;85.5;60.2
FR;74;2021-06-05;4048;25144;2976845;2119295;85.6;60.9
FR;74;2021-06-06;934;4684;2977779;2123979;85.6;61.1
FR;74;2021-06-07;6120;31620;2983899;2155599;85.8;62.0
FR;74;2021-06-08;9180;38214;2993079;2193813;86.0;63.1
FR;74;2021-06-09;7254;32417;3000333;2226230;86.3;64.0
FR;74;2021-06-10;8922;37863;3009255;2264093;86.5;65.1
FR;74;2021-06-11;8156;46545;3017411;2310638;86.7;66.4
FR;74;2021-06-12;3619;20528;3021030;2331166;86.9;67.0
FR;74;2021-06-13;844;4152;3021874;2335318;86.9;67.1
FR;74;2021-06-14;4939;34053;3026813;2369371;87.0;68.1
FR;74;2021-06-15;6839;42596;3033652;2411967;87.2;69.3
FR;74;2021-06-16;5531;33226;3039183;2445193;87.4;70.3
FR;79;2020-12-27;1;0;1;0;0.0;0.0
FR;79;2020-12-28;6;0;7;0;0.0;0.0
FR;79;2020-12-29;16;0;23;0;0.0;0.0
FR;79;2020-12-30;12;0;35;0;0.0;0.0
FR;79;2020-12-31;6;0;41;0;0.0;0.0
FR;79;2021-01-01;6;0;47;0;0.0;0.0
FR;79;2021-01-02;4;0;51;0;0.0;0.0
FR;79;2021-01-03;2;0;53;0;0.0;0.0
FR;79;2021-01-04;50;0;103;0;0.0;0.0
FR;79;2021-01-05;173;0;276;0;0.0;0.0
FR;79;2021-01-06;342;1;618;1;0.0;0.0
FR;79;2021-01-07;905;0;1523;1;0.1;0.0
FR;79;2021-01-08;1087;1;2610;2;0.1;0.0
FR;79;2021-01-09;364;0;2974;2;0.1;0.0
FR;79;2021-01-10;195;0;3169;2;0.1;0.0
FR;79;2021-01-11;1164;3;4333;5;0.2;0.0
FR;79;2021-01-12;2212;2;6545;7;0.3;0.0
FR;79;2021-01-13;2764;2;9309;9;0.4;0.0
FR;79;2021-01-14;4445;36;13754;45;0.6;0.0
FR;79;2021-01-15;5276;18;19030;63;0.9;0.0
FR;79;2021-01-16;2828;14;21858;77;1.0;0.0
FR;79;2021-01-17;1309;3;23167;80;1.0;0.0
FR;79;2021-01-18;19691;40;42858;120;1.9;0.0
FR;79;2021-01-19;26080;42;68938;162;3.1;0.0
FR;79;2021-01-20;28088;34;97026;196;4.4;0.0
FR;79;2021-01-21;30116;43;127142;239;5.7;0.0
FR;79;2021-01-22;27973;38;155115;277;7.0;0.0
FR;79;2021-01-23;11685;12;166800;289;7.5;0.0
FR;79;2021-01-24;2173;3;168973;292;7.6;0.0
FR;79;2021-01-25;22586;50;191559;342;8.6;0.0
FR;79;2021-01-26;25774;125;217333;467;9.8;0.0
FR;79;2021-01-27;25047;203;242380;670;10.9;0.0
FR;79;2021-01-28;25241;567;267621;1237;12.1;0.1
FR;79;2021-01-29;22562;569;290183;1806;13.1;0.1
FR;79;2021-01-30;8792;139;298975;1945;13.5;0.1
FR;79;2021-01-31;1233;55;300208;2000;13.5;0.1
FR;79;2021-02-01;16194;649;316402;2649;14.3;0.1
FR;79;2021-02-02;19315;1279;335717;3928;15.1;0.2
FR;79;2021-02-03;18329;1590;354046;5518;16.0;0.2
FR;79;2021-02-04;19218;2539;373264;8057;16.8;0.4
FR;79;2021-02-05;18076;2690;391340;10747;17.6;0.5
FR;79;2021-02-06;6461;1010;397801;11757;17.9;0.5
FR;79;2021-02-07;870;391;398671;12148;18.0;0.5
FR;79;2021-02-08;13126;5818;411797;17966;18.6;0.8
FR;79;2021-02-09;15595;7682;427392;25648;19.3;1.2
FR;79;2021-02-10;15471;8060;442863;33708;20.0;1.5
FR;79;2021-02-11;16549;9622;459412;43330;20.7;2.0
FR;79;2021-02-12;15701;9427;475113;52757;21.4;2.4
FR;79;2021-02-13;5015;4126;480128;56883;21.7;2.6
FR;79;2021-02-14;907;1044;481035;57927;21.7;2.6
FR;79;2021-02-15;7141;19834;488176;77761;22.0;3.5
FR;79;2021-02-16;8357;23640;496533;101401;22.4;4.6
FR;79;2021-02-17;8261;24035;504794;125436;22.8;5.7
FR;79;2021-02-18;10330;24436;515124;149872;23.2;6.8
FR;79;2021-02-19;10345;20777;525469;170649;23.7;7.7
FR;79;2021-02-20;3783;8317;529252;178966;23.9;8.1
FR;79;2021-02-21;549;1559;529801;180525;23.9;8.1
FR;79;2021-02-22;7004;21895;536805;202420;24.2;9.1
FR;79;2021-02-23;9664;23577;546469;225997;24.6;10.2
FR;79;2021-02-24;10069;22218;556538;248215;25.1;11.2
FR;79;2021-02-25;11720;22106;568258;270321;25.6;12.2
FR;79;2021-02-26;12086;19135;580344;289456;26.2;13.1
FR;79;2021-02-27;4431;6741;584775;296197;26.4;13.4
FR;79;2021-02-28;876;1038;585651;297235;26.4;13.4
FR;79;2021-03-01;12145;16476;597796;313711;27.0;14.1
FR;79;2021-03-02;16346;19285;614142;332996;27.7;15.0
FR;79;2021-03-03;17770;18572;631912;351568;28.5;15.9
FR;79;2021-03-04;20980;17720;652892;369288;29.4;16.7
FR;79;2021-03-05;22504;16521;675396;385809;30.5;17.4
FR;79;2021-03-06;29095;5449;704491;391258;31.8;17.6
FR;79;2021-03-07;21098;1095;725589;392353;32.7;17.7
FR;79;2021-03-08;17401;15364;742990;407717;33.5;18.4
FR;79;2021-03-09;25797;16490;768787;424207;34.7;19.1
FR;79;2021-03-10;26912;15656;795699;439863;35.9;19.8
FR;79;2021-03-11;31901;15182;827600;455045;37.3;20.5
FR;79;2021-03-12;33436;13017;861036;468062;38.8;21.1
FR;79;2021-03-13;25405;4284;886441;472346;40.0;21.3
FR;79;2021-03-14;9486;793;895927;473139;40.4;21.3
FR;79;2021-03-15;28532;8761;924459;481900;41.7;21.7
FR;79;2021-03-16;32845;9342;957304;491242;43.2;22.2
FR;79;2021-03-17;33824;9307;991128;500549;44.7;22.6
FR;79;2021-03-18;36726;9809;1027854;510358;46.4;23.0
FR;79;2021-03-19;36763;8919;1064617;519277;48.0;23.4
FR;79;2021-03-20;20695;3326;1085312;522603;48.9;23.6
FR;79;2021-03-21;5876;611;1091188;523214;49.2;23.6
FR;79;2021-03-22;28608;9231;1119796;532445;50.5;24.0
FR;79;2021-03-23;37076;10840;1156872;543285;52.2;24.5
FR;79;2021-03-24;35559;11399;1192431;554684;53.8;25.0
FR;79;2021-03-25;41931;11166;1234362;565850;55.7;25.5
FR;79;2021-03-26;39392;10484;1273754;576334;57.4;26.0
FR;79;2021-03-27;17654;4431;1291408;580765;58.2;26.2
FR;79;2021-03-28;4798;911;1296206;581676;58.5;26.2
FR;79;2021-03-29;22280;15019;1318486;596695;59.5;26.9
FR;79;2021-03-30;28033;18934;1346519;615629;60.7;27.8
FR;79;2021-03-31;24686;19764;1371205;635393;61.8;28.7
FR;79;2021-04-01;27178;23216;1398383;658609;63.1;29.7
FR;79;2021-04-02;23063;24469;1421446;683078;64.1;30.8
FR;79;2021-04-03;10011;17373;1431457;700451;64.6;31.6
FR;79;2021-04-04;2801;5065;1434258;705516;64.7;31.8
FR;79;2021-04-05;4187;2755;1438445;708271;64.9;31.9
FR;79;2021-04-06;18996;28978;1457441;737249;65.7;33.2
FR;79;2021-04-07;21053;29863;1478494;767112;66.7;34.6
FR;79;2021-04-08;24978;29941;1503472;797053;67.8;35.9
FR;79;2021-04-09;26821;28118;1530293;825171;69.0;37.2
FR;79;2021-04-10;13575;18934;1543868;844105;69.6;38.1
FR;79;2021-04-11;3487;6452;1547355;850557;69.8;38.4
FR;79;2021-04-12;16741;28906;1564096;879463;70.5;39.7
FR;79;2021-04-13;19107;35014;1583203;914477;71.4;41.2
FR;79;2021-04-14;18162;33149;1601365;947626;72.2;42.7
FR;79;2021-04-15;19088;33339;1620453;980965;73.1;44.2
FR;79;2021-04-16;16229;31049;1636682;1012014;73.8;45.6
FR;79;2021-04-17;8152;16699;1644834;1028713;74.2;46.4
FR;79;2021-04-18;1767;4834;1646601;1033547;74.3;46.6
FR;79;2021-04-19;9842;29166;1656443;1062713;74.7;47.9
FR;79;2021-04-20;11698;34440;1668141;1097153;75.2;49.5
FR;79;2021-04-21;11289;31211;1679430;1128364;75.7;50.9
FR;79;2021-04-22;12847;31095;1692277;1159459;76.3;52.3
FR;79;2021-04-23;11910;27689;1704187;1187148;76.9;53.5
FR;79;2021-04-24;6156;13719;1710343;1200867;77.1;54.2
FR;79;2021-04-25;1913;3426;1712256;1204293;77.2;54.3
FR;79;2021-04-26;8946;20601;1721202;1224894;77.6;55.2
FR;79;2021-04-27;11075;23668;1732277;1248562;78.1;56.3
FR;79;2021-04-28;11594;20905;1743871;1269467;78.6;57.3
FR;79;2021-04-29;13658;20668;1757529;1290135;79.3;58.2
FR;79;2021-04-30;12823;17609;1770352;1307744;79.8;59.0
FR;79;2021-05-01;3818;3915;1774170;1311659;80.0;59.2
FR;79;2021-05-02;1744;2617;1775914;1314276;80.1;59.3
FR;79;2021-05-03;8600;15104;1784514;1329380;80.5;60.0
FR;79;2021-05-04;8934;20141;1793448;1349521;80.9;60.9
FR;79;2021-05-05;8416;18967;1801864;1368488;81.3;61.7
FR;79;2021-05-06;10234;18767;1812098;1387255;81.7;62.6
FR;79;2021-05-07;8951;19438;1821049;1406693;82.1;63.4
FR;79;2021-05-08;3024;4289;1824073;1410982;82.3;63.6
FR;79;2021-05-09;1380;2988;1825453;1413970;82.3;63.8
FR;79;2021-05-10;6123;17466;1831576;1431436;82.6;64.6
FR;79;2021-05-11;7975;18538;1839551;1449974;83.0;65.4
FR;79;2021-05-12;7243;15774;1846794;1465748;83.3;66.1
FR;79;2021-05-13;3489;3780;1850283;1469528;83.4;66.3
FR;79;2021-05-14;6761;11367;1857044;1480895;83.8;66.8
FR;79;2021-05-15;3296;5089;1860340;1485984;83.9;67.0
FR;79;2021-05-16;1140;1151;1861480;1487135;84.0;67.1
FR;79;2021-05-17;4915;8984;1866395;1496119;84.2;67.5
FR;79;2021-05-18;6086;9129;1872481;1505248;84.4;67.9
FR;79;2021-05-19;5693;7947;1878174;1513195;84.7;68.2
FR;79;2021-05-20;6577;8086;1884751;1521281;85.0;68.6
FR;79;2021-05-21;5594;8725;1890345;1530006;85.3;69.0
FR;79;2021-05-22;2399;3802;1892744;1533808;85.4;69.2
FR;79;2021-05-23;727;787;1893471;1534595;85.4;69.2
FR;79;2021-05-24;1829;1600;1895300;1536195;85.5;69.3
FR;79;2021-05-25;4343;10181;1899643;1546376;85.7;69.7
FR;79;2021-05-26;4283;9496;1903926;1555872;85.9;70.2
FR;79;2021-05-27;5184;10937;1909110;1566809;86.1;70.7
FR;79;2021-05-28;4701;12364;1913811;1579173;86.3;71.2
FR;79;2021-05-29;2039;6656;1915850;1585829;86.4;71.5
FR;79;2021-05-30;434;1252;1916284;1587081;86.4;71.6
FR;79;2021-05-31;3179;9022;1919463;1596103;86.6;72.0
FR;79;2021-06-01;4395;11087;1923858;1607190;86.8;72.5
FR;79;2021-06-02;3823;9698;1927681;1616888;86.9;72.9
FR;79;2021-06-03;4747;11218;1932428;1628106;87.2;73.4
FR;79;2021-06-04;4261;12678;1936689;1640784;87.3;74.0
FR;79;2021-06-05;1916;6449;1938605;1647233;87.4;74.3
FR;79;2021-06-06;430;1437;1939035;1648670;87.4;74.4
FR;79;2021-06-07;2669;10023;1941704;1658693;87.6;74.8
FR;79;2021-06-08;3952;11748;1945656;1670441;87.7;75.3
FR;79;2021-06-09;3108;10044;1948764;1680485;87.9;75.8
FR;79;2021-06-10;3856;11064;1952620;1691549;88.1;76.3
FR;79;2021-06-11;3623;13178;1956243;1704727;88.2;76.9
FR;79;2021-06-12;1643;5610;1957886;1710337;88.3;77.1
FR;79;2021-06-13;309;1315;1958195;1711652;88.3;77.2
FR;79;2021-06-14;1996;11081;1960191;1722733;88.4;77.7
FR;79;2021-06-15;2845;12646;1963036;1735379;88.5;78.3
FR;79;2021-06-16;2400;9916;1965436;1745295;88.6;78.7
FR;80;2020-12-27;10;2;10;2;0.0;0.0
FR;80;2020-12-28;41;0;51;2;0.0;0.0
FR;80;2020-12-29;78;0;129;2;0.0;0.0
FR;80;2020-12-30;69;0;198;2;0.0;0.0
FR;80;2020-12-31;50;0;248;2;0.0;0.0
FR;80;2021-01-01;9;0;257;2;0.0;0.0
FR;80;2021-01-02;9;0;266;2;0.0;0.0
FR;80;2021-01-03;2;0;268;2;0.0;0.0
FR;80;2021-01-04;297;1;565;3;0.0;0.0
FR;80;2021-01-05;913;2;1478;5;0.0;0.0
FR;80;2021-01-06;1675;2;3153;7;0.1;0.0
FR;80;2021-01-07;6294;5;9447;12;0.2;0.0
FR;80;2021-01-08;5773;11;15220;23;0.4;0.0
FR;80;2021-01-09;979;0;16199;23;0.4;0.0
FR;80;2021-01-10;310;0;16509;23;0.4;0.0
FR;80;2021-01-11;4465;9;20974;32;0.5;0.0
FR;80;2021-01-12;12744;18;33718;50;0.8;0.0
FR;80;2021-01-13;12494;19;46212;69;1.1;0.0
FR;80;2021-01-14;18273;112;64485;181;1.6;0.0
FR;80;2021-01-15;12178;34;76663;215;1.8;0.0
FR;80;2021-01-16;4047;32;80710;247;1.9;0.0
FR;80;2021-01-17;3746;20;84456;267;2.0;0.0
FR;80;2021-01-18;28776;73;113232;340;2.7;0.0
FR;80;2021-01-19;53814;114;167046;454;4.0;0.0
FR;80;2021-01-20;59556;120;226602;574;5.4;0.0
FR;80;2021-01-21;70028;94;296630;668;7.1;0.0
FR;80;2021-01-22;48411;77;345041;745;8.3;0.0
FR;80;2021-01-23;16246;13;361287;758;8.7;0.0
FR;80;2021-01-24;4314;3;365601;761;8.8;0.0
FR;80;2021-01-25;32464;155;398065;916;9.6;0.0
FR;80;2021-01-26;45154;542;443219;1458;10.7;0.0
FR;80;2021-01-27;50909;899;494128;2357;11.9;0.1
FR;80;2021-01-28;60063;3954;554191;6311;13.3;0.2
FR;80;2021-01-29;39367;3286;593558;9597;14.3;0.2
FR;80;2021-01-30;13225;594;606783;10191;14.6;0.2
FR;80;2021-01-31;2334;288;609117;10479;14.6;0.3
FR;80;2021-02-01;23038;2793;632155;13272;15.2;0.3
FR;80;2021-02-02;33552;7437;665707;20709;16.0;0.5
FR;80;2021-02-03;34445;7881;700152;28590;16.8;0.7
FR;80;2021-02-04;38112;12593;738264;41183;17.8;1.0
FR;80;2021-02-05;29821;9541;768085;50724;18.5;1.2
FR;80;2021-02-06;9711;2126;777796;52850;18.7;1.3
FR;80;2021-02-07;1450;1868;779246;54718;18.7;1.3
FR;80;2021-02-08;19376;11145;798622;65863;19.2;1.6
FR;80;2021-02-09;25923;25615;824545;91478;19.8;2.2
FR;80;2021-02-10;26334;28932;850879;120410;20.5;2.9
FR;80;2021-02-11;30553;38130;881432;158540;21.2;3.8
FR;80;2021-02-12;26755;24685;908187;183225;21.8;4.4
FR;80;2021-02-13;7942;6531;916129;189756;22.0;4.6
FR;80;2021-02-14;1508;3101;917637;192857;22.1;4.6
FR;80;2021-02-15;11147;28315;928784;221172;22.3;5.3
FR;80;2021-02-16;15564;38942;944348;260114;22.7;6.3
FR;80;2021-02-17;15953;44496;960301;304610;23.1;7.3
FR;80;2021-02-18;21564;52527;981865;357137;23.6;8.6
FR;80;2021-02-19;19069;37504;1000934;394641;24.1;9.5
FR;80;2021-02-20;6314;12328;1007248;406969;24.2;9.8
FR;80;2021-02-21;913;2970;1008161;409939;24.2;9.9
FR;80;2021-02-22;11187;30702;1019348;440641;24.5;10.6
FR;80;2021-02-23;17114;37279;1036462;477920;24.9;11.5
FR;80;2021-02-24;18008;37094;1054470;515014;25.4;12.4
FR;80;2021-02-25;22330;40881;1076800;555895;25.9;13.4
FR;80;2021-02-26;20559;30931;1097359;586826;26.4;14.1
FR;80;2021-02-27;7186;10286;1104545;597112;26.6;14.4
FR;80;2021-02-28;1261;2121;1105806;599233;26.6;14.4
FR;80;2021-03-01;18802;23217;1124608;622450;27.0;15.0
FR;80;2021-03-02;26921;29125;1151529;651575;27.7;15.7
FR;80;2021-03-03;28751;29264;1180280;680839;28.4;16.4
FR;80;2021-03-04;34989;29725;1215269;710564;29.2;17.1
FR;80;2021-03-05;35916;27511;1251185;738075;30.1;17.8
FR;80;2021-03-06;41407;8393;1292592;746468;31.1;18.0
FR;80;2021-03-07;29720;2072;1322312;748540;31.8;18.0
FR;80;2021-03-08;27198;22522;1349510;771062;32.5;18.5
FR;80;2021-03-09;40776;24704;1390286;795766;33.4;19.1
FR;80;2021-03-10;43152;25412;1433438;821178;34.5;19.8
FR;80;2021-03-11;51689;26930;1485127;848108;35.7;20.4
FR;80;2021-03-12;52177;23019;1537304;871127;37.0;21.0
FR;80;2021-03-13;37557;7041;1574861;878168;37.9;21.1
FR;80;2021-03-14;13907;1534;1588768;879702;38.2;21.2
FR;80;2021-03-15;44118;13967;1632886;893669;39.3;21.5
FR;80;2021-03-16;51837;17070;1684723;910739;40.5;21.9
FR;80;2021-03-17;54690;16584;1739413;927323;41.8;22.3
FR;80;2021-03-18;58545;18866;1797958;946189;43.2;22.8
FR;80;2021-03-19;57406;15766;1855364;961955;44.6;23.1
FR;80;2021-03-20;31035;5363;1886399;967318;45.4;23.3
FR;80;2021-03-21;8686;1098;1895085;968416;45.6;23.3
FR;80;2021-03-22;42886;14575;1937971;982991;46.6;23.6
FR;80;2021-03-23;55648;18064;1993619;1001055;47.9;24.1
FR;80;2021-03-24;54462;19094;2048081;1020149;49.3;24.5
FR;80;2021-03-25;64021;19635;2112102;1039784;50.8;25.0
FR;80;2021-03-26;60178;18286;2172280;1058070;52.2;25.4
FR;80;2021-03-27;26580;7371;2198860;1065441;52.9;25.6
FR;80;2021-03-28;6924;1453;2205784;1066894;53.1;25.7
FR;80;2021-03-29;32854;23407;2238638;1090301;53.8;26.2
FR;80;2021-03-30;43215;30759;2281853;1121060;54.9;27.0
FR;80;2021-03-31;40502;32108;2322355;1153168;55.9;27.7
FR;80;2021-04-01;46118;37748;2368473;1190916;57.0;28.6
FR;80;2021-04-02;37093;39743;2405566;1230659;57.9;29.6
FR;80;2021-04-03;14497;26096;2420063;1256755;58.2;30.2
FR;80;2021-04-04;3870;7570;2423933;1264325;58.3;30.4
FR;80;2021-04-05;5618;4083;2429551;1268408;58.4;30.5
FR;80;2021-04-06;27639;44962;2457190;1313370;59.1;31.6
FR;80;2021-04-07;33462;48394;2490652;1361764;59.9;32.8
FR;80;2021-04-08;40040;49530;2530692;1411294;60.9;33.9
FR;80;2021-04-09;43470;46341;2574162;1457635;61.9;35.1
FR;80;2021-04-10;19773;28885;2593935;1486520;62.4;35.8
FR;80;2021-04-11;4813;9362;2598748;1495882;62.5;36.0
FR;80;2021-04-12;23496;45156;2622244;1541038;63.1;37.1
FR;80;2021-04-13;30184;54625;2652428;1595663;63.8;38.4
FR;80;2021-04-14;29007;52146;2681435;1647809;64.5;39.6
FR;80;2021-04-15;31386;52647;2712821;1700456;65.2;40.9
FR;80;2021-04-16;26411;48976;2739232;1749432;65.9;42.1
FR;80;2021-04-17;12344;25597;2751576;1775029;66.2;42.7
FR;80;2021-04-18;2529;7619;2754105;1782648;66.2;42.9
FR;80;2021-04-19;14248;43665;2768353;1826313;66.6;43.9
FR;80;2021-04-20;17914;53035;2786267;1879348;67.0;45.2
FR;80;2021-04-21;17945;49771;2804212;1929119;67.4;46.4
FR;80;2021-04-22;20681;51193;2824893;1980312;67.9;47.6
FR;80;2021-04-23;19078;44594;2843971;2024906;68.4;48.7
FR;80;2021-04-24;9406;21197;2853377;2046103;68.6;49.2
FR;80;2021-04-25;2685;5151;2856062;2051254;68.7;49.3
FR;80;2021-04-26;12370;30572;2868432;2081826;69.0;50.1
FR;80;2021-04-27;16765;36403;2885197;2118229;69.4;50.9
FR;80;2021-04-28;17983;34583;2903180;2152812;69.8;51.8
FR;80;2021-04-29;21767;35641;2924947;2188453;70.3;52.6
FR;80;2021-04-30;20387;29570;2945334;2218023;70.8;53.3
FR;80;2021-05-01;5811;5819;2951145;2223842;71.0;53.5
FR;80;2021-05-02;2605;3857;2953750;2227699;71.0;53.6
FR;80;2021-05-03;12497;21381;2966247;2249080;71.3;54.1
FR;80;2021-05-04;13890;29953;2980137;2279033;71.7;54.8
FR;80;2021-05-05;13599;29296;2993736;2308329;72.0;55.5
FR;80;2021-05-06;15927;29506;3009663;2337835;72.4;56.2
FR;80;2021-05-07;14590;29756;3024253;2367591;72.7;56.9
FR;80;2021-05-08;4592;6042;3028845;2373633;72.8;57.1
FR;80;2021-05-09;1916;4143;3030761;2377776;72.9;57.2
FR;80;2021-05-10;9198;24344;3039959;2402120;73.1;57.8
FR;80;2021-05-11;12593;27183;3052552;2429303;73.4;58.4
FR;80;2021-05-12;11522;23562;3064074;2452865;73.7;59.0
FR;80;2021-05-13;4885;5398;3068959;2458263;73.8;59.1
FR;80;2021-05-14;10434;16365;3079393;2474628;74.1;59.5
FR;80;2021-05-15;4840;7334;3084233;2481962;74.2;59.7
FR;80;2021-05-16;1539;1527;3085772;2483489;74.2;59.7
FR;80;2021-05-17;7074;13101;3092846;2496590;74.4;60.0
FR;80;2021-05-18;9570;13468;3102416;2510058;74.6;60.4
FR;80;2021-05-19;8939;12073;3111355;2522131;74.8;60.7
FR;80;2021-05-20;10730;12657;3122085;2534788;75.1;61.0
FR;80;2021-05-21;8829;13054;3130914;2547842;75.3;61.3
FR;80;2021-05-22;3843;5192;3134757;2553034;75.4;61.4
FR;80;2021-05-23;1009;1132;3135766;2554166;75.4;61.4
FR;80;2021-05-24;2574;2223;3138340;2556389;75.5;61.5
FR;80;2021-05-25;6585;14202;3144925;2570591;75.6;61.8
FR;80;2021-05-26;6757;14200;3151682;2584791;75.8;62.2
FR;80;2021-05-27;8635;16798;3160317;2601589;76.0;62.6
FR;80;2021-05-28;8241;18047;3168558;2619636;76.2;63.0
FR;80;2021-05-29;3429;8811;3171987;2628447;76.3;63.2
FR;80;2021-05-30;638;1595;3172625;2630042;76.3;63.3
FR;80;2021-05-31;4966;12686;3177591;2642728;76.4;63.6
FR;80;2021-06-01;7248;16599;3184839;2659327;76.6;64.0
FR;80;2021-06-02;6324;14843;3191163;2674170;76.8;64.3
FR;80;2021-06-03;8389;16924;3199552;2691094;77.0;64.7
FR;80;2021-06-04;7533;18890;3207085;2709984;77.1;65.2
FR;80;2021-06-05;3338;9208;3210423;2719192;77.2;65.4
FR;80;2021-06-06;633;2041;3211056;2721233;77.2;65.4
FR;80;2021-06-07;4241;14079;3215297;2735312;77.3;65.8
FR;80;2021-06-08;6556;17428;3221853;2752740;77.5;66.2
FR;80;2021-06-09;5427;15327;3227280;2768067;77.6;66.6
FR;80;2021-06-10;6885;16992;3234165;2785059;77.8;67.0
FR;80;2021-06-11;6370;19747;3240535;2804806;77.9;67.5
FR;80;2021-06-12;2724;8261;3243259;2813067;78.0;67.7
FR;80;2021-06-13;481;2027;3243740;2815094;78.0;67.7
FR;80;2021-06-14;3114;15278;3246854;2830372;78.1;68.1
FR;80;2021-06-15;4678;18371;3251532;2848743;78.2;68.5
FR;80;2021-06-16;4124;15003;3255656;2863746;78.3;68.9
FR;0;2020-12-27;20;2;20;2;0.0;0.0
FR;0;2020-12-28;71;0;91;2;0.0;0.0
FR;0;2020-12-29;108;0;199;2;0.0;0.0
FR;0;2020-12-30;123;0;322;2;0.0;0.0
FR;0;2020-12-31;87;0;409;2;0.0;0.0
FR;0;2021-01-01;73;1;482;3;0.0;0.0
FR;0;2021-01-02;88;2;570;5;0.0;0.0
FR;0;2021-01-03;92;0;662;5;0.0;0.0
FR;0;2021-01-04;1479;7;2141;12;0.0;0.0
FR;0;2021-01-05;5412;20;7553;32;0.0;0.0
FR;0;2021-01-06;11318;31;18871;63;0.0;0.0
FR;0;2021-01-07;28574;69;47445;132;0.1;0.0
FR;0;2021-01-08;36285;84;83730;216;0.1;0.0
FR;0;2021-01-09;10939;19;94669;235;0.1;0.0
FR;0;2021-01-10;5634;9;100303;244;0.1;0.0
FR;0;2021-01-11;39098;104;139401;348;0.2;0.0
FR;0;2021-01-12;60986;168;200387;516;0.3;0.0
FR;0;2021-01-13;63928;201;264315;717;0.4;0.0
FR;0;2021-01-14;79978;735;344293;1452;0.5;0.0
FR;0;2021-01-15;67579;312;411872;1764;0.6;0.0
FR;0;2021-01-16;19744;136;431616;1900;0.6;0.0
FR;0;2021-01-17;10473;64;442089;1964;0.7;0.0
FR;0;2021-01-18;84481;349;526570;2313;0.8;0.0
FR;0;2021-01-19;128549;390;655119;2703;1.0;0.0
FR;0;2021-01-20;135358;380;790477;3083;1.2;0.0
FR;0;2021-01-21;155542;386;946019;3469;1.4;0.0
FR;0;2021-01-22;118778;404;1064797;3873;1.6;0.0
FR;0;2021-01-23;37860;84;1102657;3957;1.6;0.0
FR;0;2021-01-24;9369;42;1112026;3999;1.7;0.0
FR;0;2021-01-25;76901;1351;1188927;5350;1.8;0.0
FR;0;2021-01-26;98923;3283;1287850;8633;1.9;0.0
FR;0;2021-01-27;105714;5784;1393564;14417;2.1;0.0
FR;0;2021-01-28;122461;14648;1516025;29065;2.3;0.0
FR;0;2021-01-29;90953;17513;1606978;46578;2.4;0.1
FR;0;2021-01-30;28665;4275;1635643;50853;2.4;0.1
FR;0;2021-01-31;4872;1689;1640515;52542;2.4;0.1
FR;0;2021-02-01;51628;21234;1692143;73776;2.5;0.1
FR;0;2021-02-02;70757;34757;1762900;108533;2.6;0.2
FR;0;2021-02-03;71054;37173;1833954;145706;2.7;0.2
FR;0;2021-02-04;80683;50327;1914637;196033;2.9;0.3
FR;0;2021-02-05;67209;45551;1981846;241584;3.0;0.4
FR;0;2021-02-06;21347;10450;2003193;252034;3.0;0.4
FR;0;2021-02-07;4826;5089;2008019;257123;3.0;0.4
FR;0;2021-02-08;45945;46246;2053964;303369;3.1;0.5
FR;0;2021-02-09;64864;72969;2118828;376338;3.2;0.6
FR;0;2021-02-10;69341;77388;2188169;453726;3.3;0.7
FR;0;2021-02-11;85713;100190;2273882;553916;3.4;0.8
FR;0;2021-02-12;77831;75215;2351713;629131;3.5;0.9
FR;0;2021-02-13;21716;19658;2373429;648789;3.5;1.0
FR;0;2021-02-14;4597;7240;2378026;656029;3.5;1.0
FR;0;2021-02-15;37098;77076;2415124;733105;3.6;1.1
FR;0;2021-02-16;49233;101480;2464357;834585;3.7;1.2
FR;0;2021-02-17;49339;103729;2513696;938314;3.7;1.4
FR;0;2021-02-18;68067;119741;2581763;1058055;3.8;1.6
FR;0;2021-02-19;63861;91809;2645624;1149864;3.9;1.7
FR;0;2021-02-20;18011;28623;2663635;1178487;4.0;1.8
FR;0;2021-02-21;2860;6415;2666495;1184902;4.0;1.8
FR;0;2021-02-22;36557;73757;2703052;1258659;4.0;1.9
FR;0;2021-02-23;52693;84863;2755745;1343522;4.1;2.0
FR;0;2021-02-24;58159;81921;2813904;1425443;4.2;2.1
FR;0;2021-02-25;98793;93103;2912697;1518546;4.3;2.3
FR;0;2021-02-26;111827;72676;3024524;1591222;4.5;2.4
FR;0;2021-02-27;51234;22578;3075758;1613800;4.6;2.4
FR;0;2021-02-28;5680;4504;3081438;1618304;4.6;2.4
FR;0;2021-03-01;63705;53697;3145143;1672001;4.7;2.5
FR;0;2021-03-02;99449;67709;3244592;1739710;4.8;2.6
FR;0;2021-03-03;113844;67354;3358436;1807064;5.0;2.7
FR;0;2021-03-04;160688;71650;3519124;1878714;5.2;2.8
FR;0;2021-03-05;198190;66709;3717314;1945423;5.5;2.9
FR;0;2021-03-06;205426;20189;3922740;1965612;5.8;2.9
FR;0;2021-03-07;119915;6864;4042655;1972476;6.0;2.9
FR;0;2021-03-08;105035;52414;4147690;2024890;6.2;3.0
FR;0;2021-03-09;169964;59342;4317654;2084232;6.4;3.1
FR;0;2021-03-10;175967;59782;4493621;2144014;6.7;3.2
FR;0;2021-03-11;239786;66962;4733407;2210976;7.1;3.3
FR;0;2021-03-12;291392;57971;5024799;2268947;7.5;3.4
FR;0;2021-03-13;228888;17942;5253687;2286889;7.8;3.4
FR;0;2021-03-14;62295;4293;5315982;2291182;7.9;3.4
FR;0;2021-03-15;156156;35161;5472138;2326343;8.2;3.5
FR;0;2021-03-16;139472;41762;5611610;2368105;8.4;3.5
FR;0;2021-03-17;148241;41368;5759851;2409473;8.6;3.6
FR;0;2021-03-18;165333;48072;5925184;2457545;8.8;3.7
FR;0;2021-03-19;227114;41925;6152298;2499470;9.2;3.7
FR;0;2021-03-20;164871;14435;6317169;2513905;9.4;3.7
FR;0;2021-03-21;48763;3619;6365932;2517524;9.5;3.8
FR;0;2021-03-22;167384;37728;6533316;2555252;9.7;3.8
FR;0;2021-03-23;247189;47320;6780505;2602572;10.1;3.9
FR;0;2021-03-24;253721;48934;7034226;2651506;10.5;4.0
FR;0;2021-03-25;338047;51654;7372273;2703160;11.0;4.0
FR;0;2021-03-26;355215;49406;7727488;2752566;11.5;4.1
FR;0;2021-03-27;193234;20701;7920722;2773267;11.8;4.1
FR;0;2021-03-28;58366;4977;7979088;2778244;11.9;4.1
FR;0;2021-03-29;200604;58709;8179692;2836953;12.2;4.2
FR;0;2021-03-30;282234;76507;8461926;2913460;12.6;4.3
FR;0;2021-03-31;259794;79764;8721720;2993224;13.0;4.5
FR;0;2021-04-01;310398;96935;9032118;3090159;13.5;4.6
FR;0;2021-04-02;278005;99960;9310123;3190119;13.9;4.8
FR;0;2021-04-03;139240;65440;9449363;3255559;14.1;4.9
FR;0;2021-04-04;44894;20064;9494257;3275623;14.1;4.9
FR;0;2021-04-05;58793;12880;9553050;3288503;14.2;4.9
FR;0;2021-04-06;213616;113969;9766666;3402472;14.6;5.1
FR;0;2021-04-07;256481;123432;10023147;3525904;14.9;5.3
FR;0;2021-04-08;333002;132584;10356149;3658488;15.4;5.5
FR;0;2021-04-09;405302;128556;10761451;3787044;16.0;5.6
FR;0;2021-04-10;210155;88714;10971606;3875758;16.3;5.8
FR;0;2021-04-11;54894;36484;11026500;3912242;16.4;5.8
FR;0;2021-04-12;233971;122152;11260471;4034394;16.8;6.0
FR;0;2021-04-13;305404;154331;11565875;4188725;17.2;6.2
FR;0;2021-04-14;289804;149199;11855679;4337924;17.7;6.5
FR;0;2021-04-15;331885;159281;12187564;4497205;18.2;6.7
FR;0;2021-04-16;335334;156512;12522898;4653717;18.7;6.9
FR;0;2021-04-17;186356;96027;12709254;4749744;18.9;7.1
FR;0;2021-04-18;50442;37335;12759696;4787079;19.0;7.1
FR;0;2021-04-19;202844;145508;12962540;4932587;19.3;7.3
FR;0;2021-04-20;250927;179846;13213467;5112433;19.7;7.6
FR;0;2021-04-21;249436;178156;13462903;5290589;20.1;7.9
FR;0;2021-04-22;283496;199456;13746399;5490045;20.5;8.2
FR;0;2021-04-23;291115;195653;14037514;5685698;20.9;8.5
FR;0;2021-04-24;188167;120118;14225681;5805816;21.2;8.7
FR;0;2021-04-25;68404;41943;14294085;5847759;21.3;8.7
FR;0;2021-04-26;218038;167357;14512123;6015116;21.6;9.0
FR;0;2021-04-27;281108;208054;14793231;6223170;22.0;9.3
FR;0;2021-04-28;296015;205298;15089246;6428468;22.5;9.6
FR;0;2021-04-29;353093;227498;15442339;6655966;23.0;9.9
FR;0;2021-04-30;368225;220657;15810564;6876623;23.6;10.2
FR;0;2021-05-01;164054;62113;15974618;6938736;23.8;10.3
FR;0;2021-05-02;90178;42701;16064796;6981437;23.9;10.4
FR;0;2021-05-03;284150;187974;16348946;7169411;24.4;10.7
FR;0;2021-05-04;311035;247876;16659981;7417287;24.8;11.1
FR;0;2021-05-05;320950;247179;16980931;7664466;25.3;11.4
FR;0;2021-05-06;373211;270115;17354142;7934581;25.9;11.8
FR;0;2021-05-07;367145;295604;17721287;8230185;26.4;12.3
FR;0;2021-05-08;212490;79922;17933777;8310107;26.7;12.4
FR;0;2021-05-09;127793;54444;18061570;8364551;26.9;12.5
FR;0;2021-05-10;304592;252322;18366162;8616873;27.4;12.8
FR;0;2021-05-11;396983;293669;18763145;8910542;28.0;13.3
FR;0;2021-05-12;423587;266207;19186732;9176749;28.6;13.7
FR;0;2021-05-13;331693;76396;19518425;9253145;29.1;13.8
FR;0;2021-05-14;446196;200248;19964621;9453393;29.7;14.1
FR;0;2021-05-15;367600;118169;20332221;9571562;30.3;14.3
FR;0;2021-05-16;199491;33150;20531712;9604712;30.6;14.3
FR;0;2021-05-17;369125;176594;20900837;9781306;31.1;14.6
FR;0;2021-05-18;447998;189040;21348835;9970346;31.8;14.9
FR;0;2021-05-19;458449;179487;21807284;10149833;32.5;15.1
FR;0;2021-05-20;496992;201023;22304276;10350856;33.2;15.4
FR;0;2021-05-21;480118;218068;22784394;10568924;33.9;15.7
FR;0;2021-05-22;341856;106497;23126250;10675421;34.5;15.9
FR;0;2021-05-23;158958;25957;23285208;10701378;34.7;15.9
FR;0;2021-05-24;257278;51785;23542486;10753163;35.1;16.0
FR;0;2021-05-25;391526;223532;23934012;10976695;35.7;16.4
FR;0;2021-05-26;401524;223370;24335536;11200065;36.3;16.7
FR;0;2021-05-27;441328;263335;24776864;11463400;36.9;17.1
FR;0;2021-05-28;421651;315192;25198515;11778592;37.5;17.5
FR;0;2021-05-29;294508;180724;25493023;11959316;38.0;17.8
FR;0;2021-05-30;104776;41566;25597799;12000882;38.1;17.9
FR;0;2021-05-31;351644;239888;25949443;12240770;38.7;18.2
FR;0;2021-06-01;413007;300441;26362450;12541211;39.3;18.7
FR;0;2021-06-02;400483;275193;26762933;12816404;39.9;19.1
FR;0;2021-06-03;450711;310700;27213644;13127104;40.5;19.6
FR;0;2021-06-04;441623;359485;27655267;13486589;41.2;20.1
FR;0;2021-06-05;298072;220634;27953339;13707223;41.6;20.4
FR;0;2021-06-06;128958;60473;28082297;13767696;41.8;20.5
FR;0;2021-06-07;327420;297435;28409717;14065131;42.3;21.0
FR;0;2021-06-08;385895;336098;28795612;14401229;42.9;21.5
FR;0;2021-06-09;368241;317171;29163853;14718400;43.5;21.9
FR;0;2021-06-10;384605;335092;29548458;15053492;44.0;22.4
FR;0;2021-06-11;373733;405145;29922191;15458637;44.6;23.0
FR;0;2021-06-12;275324;241502;30197515;15700139;45.0;23.4
FR;0;2021-06-13;101317;84245;30298832;15784384;45.1;23.5
FR;0;2021-06-14;228919;383241;30527751;16167625;45.5;24.1
FR;0;2021-06-15;292877;422124;30820628;16589749;45.9;24.7
FR;0;2021-06-16;299965;392302;31120593;16982051;46.4;25.3
