fra;clage_vacsi;jour;n_dose1;n_complet;n_cum_dose1;n_cum_complet;couv_dose1;couv_complet
FR;24;2020-12-27;1;0;1;0;0.0;0.0
FR;24;2020-12-28;2;0;3;0;0.0;0.0
FR;24;2020-12-29;0;0;3;0;0.0;0.0
FR;24;2020-12-30;0;0;3;0;0.0;0.0
FR;24;2020-12-31;1;0;4;0;0.0;0.0
FR;24;2021-01-01;1;0;5;0;0.0;0.0
FR;24;2021-01-02;1;0;6;0;0.0;0.0
FR;24;2021-01-03;2;0;8;0;0.0;0.0
FR;24;2021-01-04;4;0;12;0;0.0;0.0
FR;24;2021-01-05;17;1;29;1;0.0;0.0
FR;24;2021-01-06;36;0;65;1;0.0;0.0
FR;24;2021-01-07;180;0;245;1;0.0;0.0
FR;24;2021-01-08;216;0;461;1;0.0;0.0
FR;24;2021-01-09;40;0;501;1;0.0;0.0
FR;24;2021-01-10;35;0;536;1;0.0;0.0
FR;24;2021-01-11;251;2;787;3;0.0;0.0
FR;24;2021-01-12;397;5;1184;8;0.0;0.0
FR;24;2021-01-13;478;6;1662;14;0.0;0.0
FR;24;2021-01-14;614;6;2276;20;0.0;0.0
FR;24;2021-01-15;596;2;2872;22;0.1;0.0
FR;24;2021-01-16;118;3;2990;25;0.1;0.0
FR;24;2021-01-17;94;0;3084;25;0.1;0.0
FR;24;2021-01-18;508;3;3592;28;0.1;0.0
FR;24;2021-01-19;597;3;4189;31;0.1;0.0
FR;24;2021-01-20;649;0;4838;31;0.1;0.0
FR;24;2021-01-21;760;4;5598;35;0.1;0.0
FR;24;2021-01-22;601;4;6199;39;0.1;0.0
FR;24;2021-01-23;117;0;6316;39;0.1;0.0
FR;24;2021-01-24;22;0;6338;39;0.1;0.0
FR;24;2021-01-25;294;5;6632;44;0.1;0.0
FR;24;2021-01-26;367;13;6999;57;0.1;0.0
FR;24;2021-01-27;443;14;7442;71;0.1;0.0
FR;24;2021-01-28;596;51;8038;122;0.1;0.0
FR;24;2021-01-29;467;83;8505;205;0.2;0.0
FR;24;2021-01-30;87;16;8592;221;0.2;0.0
FR;24;2021-01-31;25;13;8617;234;0.2;0.0
FR;24;2021-02-01;157;134;8774;368;0.2;0.0
FR;24;2021-02-02;218;182;8992;550;0.2;0.0
FR;24;2021-02-03;218;186;9210;736;0.2;0.0
FR;24;2021-02-04;358;315;9568;1051;0.2;0.0
FR;24;2021-02-05;346;345;9914;1396;0.2;0.0
FR;24;2021-02-06;83;71;9997;1467;0.2;0.0
FR;24;2021-02-07;169;31;10166;1498;0.2;0.0
FR;24;2021-02-08;388;358;10554;1856;0.2;0.0
FR;24;2021-02-09;745;458;11299;2314;0.2;0.0
FR;24;2021-02-10;1093;599;12392;2913;0.2;0.1
FR;24;2021-02-11;1577;723;13969;3636;0.3;0.1
FR;24;2021-02-12;1623;567;15592;4203;0.3;0.1
FR;24;2021-02-13;292;94;15884;4297;0.3;0.1
FR;24;2021-02-14;62;31;15946;4328;0.3;0.1
FR;24;2021-02-15;1040;383;16986;4711;0.3;0.1
FR;24;2021-02-16;1563;583;18549;5294;0.3;0.1
FR;24;2021-02-17;1493;505;20042;5799;0.4;0.1
FR;24;2021-02-18;1946;632;21988;6431;0.4;0.1
FR;24;2021-02-19;1856;564;23844;6995;0.4;0.1
FR;24;2021-02-20;333;88;24177;7083;0.4;0.1
FR;24;2021-02-21;41;19;24218;7102;0.4;0.1
FR;24;2021-02-22;1168;292;25386;7394;0.5;0.1
FR;24;2021-02-23;1588;393;26974;7787;0.5;0.1
FR;24;2021-02-24;1652;340;28626;8127;0.5;0.1
FR;24;2021-02-25;2280;485;30906;8612;0.6;0.2
FR;24;2021-02-26;2198;402;33104;9014;0.6;0.2
FR;24;2021-02-27;533;87;33637;9101;0.6;0.2
FR;24;2021-02-28;92;17;33729;9118;0.6;0.2
FR;24;2021-03-01;1262;241;34991;9359;0.6;0.2
FR;24;2021-03-02;1664;321;36655;9680;0.7;0.2
FR;24;2021-03-03;1760;375;38415;10055;0.7;0.2
FR;24;2021-03-04;2156;535;40571;10590;0.7;0.2
FR;24;2021-03-05;3297;520;43868;11110;0.8;0.2
FR;24;2021-03-06;1714;152;45582;11262;0.8;0.2
FR;24;2021-03-07;985;81;46567;11343;0.9;0.2
FR;24;2021-03-08;1971;261;48538;11604;0.9;0.2
FR;24;2021-03-09;2628;334;51166;11938;0.9;0.2
FR;24;2021-03-10;2441;381;53607;12319;1.0;0.2
FR;24;2021-03-11;2939;528;56546;12847;1.0;0.2
FR;24;2021-03-12;3842;462;60388;13309;1.1;0.2
FR;24;2021-03-13;1488;109;61876;13418;1.1;0.2
FR;24;2021-03-14;533;37;62409;13455;1.2;0.2
FR;24;2021-03-15;1835;259;64244;13714;1.2;0.3
FR;24;2021-03-16;825;315;65069;14029;1.2;0.3
FR;24;2021-03-17;1073;330;66142;14359;1.2;0.3
FR;24;2021-03-18;1300;443;67442;14802;1.2;0.3
FR;24;2021-03-19;1868;375;69310;15177;1.3;0.3
FR;24;2021-03-20;834;88;70144;15265;1.3;0.3
FR;24;2021-03-21;633;73;70777;15338;1.3;0.3
FR;24;2021-03-22;1502;307;72279;15645;1.3;0.3
FR;24;2021-03-23;1799;404;74078;16049;1.4;0.3
FR;24;2021-03-24;2156;368;76234;16417;1.4;0.3
FR;24;2021-03-25;2561;510;78795;16927;1.5;0.3
FR;24;2021-03-26;3162;490;81957;17417;1.5;0.3
FR;24;2021-03-27;1898;201;83855;17618;1.5;0.3
FR;24;2021-03-28;1010;78;84865;17696;1.6;0.3
FR;24;2021-03-29;2446;379;87311;18075;1.6;0.3
FR;24;2021-03-30;3617;532;90928;18607;1.7;0.3
FR;24;2021-03-31;4162;539;95090;19146;1.8;0.4
FR;24;2021-04-01;5413;768;100503;19914;1.9;0.4
FR;24;2021-04-02;4456;641;104959;20555;1.9;0.4
FR;24;2021-04-03;1749;345;106708;20900;2.0;0.4
FR;24;2021-04-04;954;127;107662;21027;2.0;0.4
FR;24;2021-04-05;1099;135;108761;21162;2.0;0.4
FR;24;2021-04-06;3549;594;112310;21756;2.1;0.4
FR;24;2021-04-07;4782;825;117092;22581;2.2;0.4
FR;24;2021-04-08;6375;1122;123467;23703;2.3;0.4
FR;24;2021-04-09;5781;1062;129248;24765;2.4;0.5
FR;24;2021-04-10;2625;570;131873;25335;2.4;0.5
FR;24;2021-04-11;1256;311;133129;25646;2.5;0.5
FR;24;2021-04-12;3442;938;136571;26584;2.5;0.5
FR;24;2021-04-13;4766;1153;141337;27737;2.6;0.5
FR;24;2021-04-14;4955;1317;146292;29054;2.7;0.5
FR;24;2021-04-15;5202;1596;151494;30650;2.8;0.6
FR;24;2021-04-16;4827;1686;156321;32336;2.9;0.6
FR;24;2021-04-17;2135;800;158456;33136;2.9;0.6
FR;24;2021-04-18;724;439;159180;33575;2.9;0.6
FR;24;2021-04-19;2936;1520;162116;35095;3.0;0.6
FR;24;2021-04-20;3119;2133;165235;37228;3.0;0.7
FR;24;2021-04-21;3434;2481;168669;39709;3.1;0.7
FR;24;2021-04-22;4026;3135;172695;42844;3.2;0.8
FR;24;2021-04-23;4176;3292;176871;46136;3.3;0.9
FR;24;2021-04-24;2388;1683;179259;47819;3.3;0.9
FR;24;2021-04-25;1224;802;180483;48621;3.3;0.9
FR;24;2021-04-26;3068;2180;183551;50801;3.4;0.9
FR;24;2021-04-27;3894;3166;187445;53967;3.5;1.0
FR;24;2021-04-28;4414;3744;191859;57711;3.5;1.1
FR;24;2021-04-29;5487;4451;197346;62162;3.6;1.1
FR;24;2021-04-30;6208;4613;203554;66775;3.8;1.2
FR;24;2021-05-01;3978;1083;207532;67858;3.8;1.3
FR;24;2021-05-02;2772;904;210304;68762;3.9;1.3
FR;24;2021-05-03;6305;4137;216609;72899;4.0;1.3
FR;24;2021-05-04;7524;4718;224133;77617;4.1;1.4
FR;24;2021-05-05;8721;4967;232854;82584;4.3;1.5
FR;24;2021-05-06;10848;6386;243702;88970;4.5;1.6
FR;24;2021-05-07;12045;6420;255747;95390;4.7;1.8
FR;24;2021-05-08;9927;2533;265674;97923;4.9;1.8
FR;24;2021-05-09;6869;1937;272543;99860;5.0;1.8
FR;24;2021-05-10;11043;4964;283586;104824;5.2;1.9
FR;24;2021-05-11;15520;5765;299106;110589;5.5;2.0
FR;24;2021-05-12;22694;6148;321800;116737;5.9;2.2
FR;24;2021-05-13;27548;3041;349348;119778;6.4;2.2
FR;24;2021-05-14;32177;5517;381525;125295;7.0;2.3
FR;24;2021-05-15;33659;3952;415184;129247;7.7;2.4
FR;24;2021-05-16;21889;1977;437073;131224;8.1;2.4
FR;24;2021-05-17;29336;5222;466409;136446;8.6;2.5
FR;24;2021-05-18;37564;6017;503973;142463;9.3;2.6
FR;24;2021-05-19;39686;7017;543659;149480;10.0;2.8
FR;24;2021-05-20;45564;7386;589223;156866;10.9;2.9
FR;24;2021-05-21;46776;7149;635999;164015;11.7;3.0
FR;24;2021-05-22;44469;4470;680468;168485;12.5;3.1
FR;24;2021-05-23;23908;2295;704376;170780;13.0;3.1
FR;24;2021-05-24;34307;3561;738683;174341;13.6;3.2
FR;24;2021-05-25;44492;7744;783175;182085;14.4;3.4
FR;24;2021-05-26;45129;7251;828304;189336;15.3;3.5
FR;24;2021-05-27;51520;8423;879824;197759;16.2;3.6
FR;24;2021-05-28;48205;8832;928029;206591;17.1;3.8
FR;24;2021-05-29;43828;5843;971857;212434;17.9;3.9
FR;24;2021-05-30;18266;2215;990123;214649;18.3;4.0
FR;24;2021-05-31;51378;8109;1041501;222758;19.2;4.1
FR;24;2021-06-01;58908;9972;1100409;232730;20.3;4.3
FR;24;2021-06-02;59943;9310;1160352;242040;21.4;4.5
FR;24;2021-06-03;66539;10272;1226891;252312;22.6;4.7
FR;29;2020-12-27;0;0;0;0;0.0;0.0
FR;29;2020-12-28;1;0;1;0;0.0;0.0
FR;29;2020-12-29;0;0;1;0;0.0;0.0
FR;29;2020-12-30;0;0;1;0;0.0;0.0
FR;29;2020-12-31;1;0;2;0;0.0;0.0
FR;29;2021-01-01;2;0;4;0;0.0;0.0
FR;29;2021-01-02;3;0;7;0;0.0;0.0
FR;29;2021-01-03;2;0;9;0;0.0;0.0
FR;29;2021-01-04;10;0;19;0;0.0;0.0
FR;29;2021-01-05;42;0;61;0;0.0;0.0
FR;29;2021-01-06;142;0;203;0;0.0;0.0
FR;29;2021-01-07;307;2;510;2;0.0;0.0
FR;29;2021-01-08;518;4;1028;6;0.0;0.0
FR;29;2021-01-09;113;0;1141;6;0.0;0.0
FR;29;2021-01-10;91;1;1232;7;0.0;0.0
FR;29;2021-01-11;644;4;1876;11;0.1;0.0
FR;29;2021-01-12;933;14;2809;25;0.1;0.0
FR;29;2021-01-13;1215;12;4024;37;0.1;0.0
FR;29;2021-01-14;1562;15;5586;52;0.2;0.0
FR;29;2021-01-15;1314;8;6900;60;0.2;0.0
FR;29;2021-01-16;193;4;7093;64;0.2;0.0
FR;29;2021-01-17;158;0;7251;64;0.2;0.0
FR;29;2021-01-18;1039;11;8290;75;0.2;0.0
FR;29;2021-01-19;1148;6;9438;81;0.3;0.0
FR;29;2021-01-20;1197;6;10635;87;0.3;0.0
FR;29;2021-01-21;1459;7;12094;94;0.3;0.0
FR;29;2021-01-22;1151;11;13245;105;0.4;0.0
FR;29;2021-01-23;170;2;13415;107;0.4;0.0
FR;29;2021-01-24;52;0;13467;107;0.4;0.0
FR;29;2021-01-25;540;16;14007;123;0.4;0.0
FR;29;2021-01-26;666;35;14673;158;0.4;0.0
FR;29;2021-01-27;721;62;15394;220;0.4;0.0
FR;29;2021-01-28;1035;121;16429;341;0.4;0.0
FR;29;2021-01-29;803;170;17232;511;0.5;0.0
FR;29;2021-01-30;141;40;17373;551;0.5;0.0
FR;29;2021-01-31;34;26;17407;577;0.5;0.0
FR;29;2021-02-01;263;293;17670;870;0.5;0.0
FR;29;2021-02-02;410;372;18080;1242;0.5;0.0
FR;29;2021-02-03;456;459;18536;1701;0.5;0.0
FR;29;2021-02-04;610;717;19146;2418;0.5;0.1
FR;29;2021-02-05;532;749;19678;3167;0.5;0.1
FR;29;2021-02-06;140;108;19818;3275;0.5;0.1
FR;29;2021-02-07;304;66;20122;3341;0.5;0.1
FR;29;2021-02-08;604;804;20726;4145;0.6;0.1
FR;29;2021-02-09;1249;1021;21975;5166;0.6;0.1
FR;29;2021-02-10;1714;1136;23689;6302;0.6;0.2
FR;29;2021-02-11;2465;1429;26154;7731;0.7;0.2
FR;29;2021-02-12;2220;1226;28374;8957;0.8;0.2
FR;29;2021-02-13;427;155;28801;9112;0.8;0.2
FR;29;2021-02-14;134;81;28935;9193;0.8;0.2
FR;29;2021-02-15;1571;799;30506;9992;0.8;0.3
FR;29;2021-02-16;1922;1158;32428;11150;0.9;0.3
FR;29;2021-02-17;1887;947;34315;12097;0.9;0.3
FR;29;2021-02-18;2393;1160;36708;13257;1.0;0.4
FR;29;2021-02-19;2321;944;39029;14201;1.1;0.4
FR;29;2021-02-20;383;124;39412;14325;1.1;0.4
FR;29;2021-02-21;86;43;39498;14368;1.1;0.4
FR;29;2021-02-22;1362;531;40860;14899;1.1;0.4
FR;29;2021-02-23;1759;652;42619;15551;1.1;0.4
FR;29;2021-02-24;1788;540;44407;16091;1.2;0.4
FR;29;2021-02-25;2400;940;46807;17031;1.3;0.5
FR;29;2021-02-26;2578;665;49385;17696;1.3;0.5
FR;29;2021-02-27;607;110;49992;17806;1.3;0.5
FR;29;2021-02-28;112;28;50104;17834;1.3;0.5
FR;29;2021-03-01;1306;352;51410;18186;1.4;0.5
FR;29;2021-03-02;1804;600;53214;18786;1.4;0.5
FR;29;2021-03-03;1985;602;55199;19388;1.5;0.5
FR;29;2021-03-04;2491;772;57690;20160;1.6;0.5
FR;29;2021-03-05;3616;713;61306;20873;1.6;0.6
FR;29;2021-03-06;1640;149;62946;21022;1.7;0.6
FR;29;2021-03-07;820;99;63766;21121;1.7;0.6
FR;29;2021-03-08;1957;397;65723;21518;1.8;0.6
FR;29;2021-03-09;2661;495;68384;22013;1.8;0.6
FR;29;2021-03-10;2578;526;70962;22539;1.9;0.6
FR;29;2021-03-11;3352;833;74314;23372;2.0;0.6
FR;29;2021-03-12;3979;740;78293;24112;2.1;0.6
FR;29;2021-03-13;1630;140;79923;24252;2.2;0.7
FR;29;2021-03-14;564;62;80487;24314;2.2;0.7
FR;29;2021-03-15;1890;375;82377;24689;2.2;0.7
FR;29;2021-03-16;1120;506;83497;25195;2.2;0.7
FR;29;2021-03-17;1376;505;84873;25700;2.3;0.7
FR;29;2021-03-18;1645;681;86518;26381;2.3;0.7
FR;29;2021-03-19;2233;568;88751;26949;2.4;0.7
FR;29;2021-03-20;987;130;89738;27079;2.4;0.7
FR;29;2021-03-21;725;63;90463;27142;2.4;0.7
FR;29;2021-03-22;1659;410;92122;27552;2.5;0.7
FR;29;2021-03-23;2211;606;94333;28158;2.5;0.8
FR;29;2021-03-24;2532;572;96865;28730;2.6;0.8
FR;29;2021-03-25;3383;688;100248;29418;2.7;0.8
FR;29;2021-03-26;3730;706;103978;30124;2.8;0.8
FR;29;2021-03-27;2146;255;106124;30379;2.9;0.8
FR;29;2021-03-28;963;67;107087;30446;2.9;0.8
FR;29;2021-03-29;2761;536;109848;30982;3.0;0.8
FR;29;2021-03-30;3992;723;113840;31705;3.1;0.9
FR;29;2021-03-31;4522;810;118362;32515;3.2;0.9
FR;29;2021-04-01;5864;1016;124226;33531;3.3;0.9
FR;29;2021-04-02;4901;925;129127;34456;3.5;0.9
FR;29;2021-04-03;1775;335;130902;34791;3.5;0.9
FR;29;2021-04-04;898;121;131800;34912;3.5;0.9
FR;29;2021-04-05;923;114;132723;35026;3.6;0.9
FR;29;2021-04-06;3500;762;136223;35788;3.7;1.0
FR;29;2021-04-07;4546;1113;140769;36901;3.8;1.0
FR;29;2021-04-08;6276;1469;147045;38370;4.0;1.0
FR;29;2021-04-09;6289;1285;153334;39655;4.1;1.1
FR;29;2021-04-10;2649;626;155983;40281;4.2;1.1
FR;29;2021-04-11;1163;339;157146;40620;4.2;1.1
FR;29;2021-04-12;3595;1043;160741;41663;4.3;1.1
FR;29;2021-04-13;4869;1497;165610;43160;4.5;1.2
FR;29;2021-04-14;4767;1514;170377;44674;4.6;1.2
FR;29;2021-04-15;5606;1822;175983;46496;4.7;1.3
FR;29;2021-04-16;4797;1880;180780;48376;4.9;1.3
FR;29;2021-04-17;2241;916;183021;49292;4.9;1.3
FR;29;2021-04-18;774;517;183795;49809;4.9;1.3
FR;29;2021-04-19;2861;1762;186656;51571;5.0;1.4
FR;29;2021-04-20;3506;2505;190162;54076;5.1;1.5
FR;29;2021-04-21;3475;2785;193637;56861;5.2;1.5
FR;29;2021-04-22;4446;3855;198083;60716;5.3;1.6
FR;29;2021-04-23;4578;3772;202661;64488;5.5;1.7
FR;29;2021-04-24;2695;1826;205356;66314;5.5;1.8
FR;29;2021-04-25;1189;739;206545;67053;5.6;1.8
FR;29;2021-04-26;2956;2463;209501;69516;5.6;1.9
FR;29;2021-04-27;3975;3598;213476;73114;5.7;2.0
FR;29;2021-04-28;4660;4023;218136;77137;5.9;2.1
FR;29;2021-04-29;5890;4968;224026;82105;6.0;2.2
FR;29;2021-04-30;6453;5188;230479;87293;6.2;2.3
FR;29;2021-05-01;4232;1212;234711;88505;6.3;2.4
FR;29;2021-05-02;2621;908;237332;89413;6.4;2.4
FR;29;2021-05-03;6869;4283;244201;93696;6.6;2.5
FR;29;2021-05-04;8145;5191;252346;98887;6.8;2.7
FR;29;2021-05-05;9611;5188;261957;104075;7.0;2.8
FR;29;2021-05-06;11212;6546;273169;110621;7.3;3.0
FR;29;2021-05-07;11681;6611;284850;117232;7.7;3.2
FR;29;2021-05-08;8825;2262;293675;119494;7.9;3.2
FR;29;2021-05-09;5907;1747;299582;121241;8.1;3.3
FR;29;2021-05-10;10651;5301;310233;126542;8.3;3.4
FR;29;2021-05-11;14558;6364;324791;132906;8.7;3.6
FR;29;2021-05-12;19920;6305;344711;139211;9.3;3.7
FR;29;2021-05-13;19824;2354;364535;141565;9.8;3.8
FR;29;2021-05-14;22395;4390;386930;145955;10.4;3.9
FR;29;2021-05-15;21193;2944;408123;148899;11.0;4.0
FR;29;2021-05-16;13396;1340;421519;150239;11.3;4.0
FR;29;2021-05-17;21452;4962;442971;155201;11.9;4.2
FR;29;2021-05-18;28214;5695;471185;160896;12.7;4.3
FR;29;2021-05-19;28770;5954;499955;166850;13.5;4.5
FR;29;2021-05-20;32666;6520;532621;173370;14.3;4.7
FR;29;2021-05-21;31696;6159;564317;179529;15.2;4.8
FR;29;2021-05-22;26053;3022;590370;182551;15.9;4.9
FR;29;2021-05-23;14154;1489;604524;184040;16.3;5.0
FR;29;2021-05-24;22522;2639;627046;186679;16.9;5.0
FR;29;2021-05-25;30418;6547;657464;193226;17.7;5.2
FR;29;2021-05-26;32264;6579;689728;199805;18.6;5.4
FR;29;2021-05-27;35427;7588;725155;207393;19.5;5.6
FR;29;2021-05-28;32961;7861;758116;215254;20.4;5.8
FR;29;2021-05-29;26493;4240;784609;219494;21.1;5.9
FR;29;2021-05-30;11772;1629;796381;221123;21.4;5.9
FR;29;2021-05-31;33337;6768;829718;227891;22.3;6.1
FR;29;2021-06-01;38228;8179;867946;236070;23.4;6.4
FR;29;2021-06-02;38404;7719;906350;243789;24.4;6.6
FR;29;2021-06-03;43340;8725;949690;252514;25.6;6.8
FR;39;2020-12-27;0;0;0;0;0.0;0.0
FR;39;2020-12-28;0;0;0;0;0.0;0.0
FR;39;2020-12-29;1;0;1;0;0.0;0.0
FR;39;2020-12-30;3;0;4;0;0.0;0.0
FR;39;2020-12-31;1;0;5;0;0.0;0.0
FR;39;2021-01-01;4;0;9;0;0.0;0.0
FR;39;2021-01-02;2;1;11;1;0.0;0.0
FR;39;2021-01-03;2;0;13;1;0.0;0.0
FR;39;2021-01-04;23;0;36;1;0.0;0.0
FR;39;2021-01-05;139;0;175;1;0.0;0.0
FR;39;2021-01-06;385;0;560;1;0.0;0.0
FR;39;2021-01-07;1176;6;1736;7;0.0;0.0
FR;39;2021-01-08;1786;4;3522;11;0.0;0.0
FR;39;2021-01-09;473;0;3995;11;0.0;0.0
FR;39;2021-01-10;308;2;4303;13;0.1;0.0
FR;39;2021-01-11;2212;12;6515;25;0.1;0.0
FR;39;2021-01-12;3403;20;9918;45;0.1;0.0
FR;39;2021-01-13;3497;17;13415;62;0.2;0.0
FR;39;2021-01-14;4781;54;18196;116;0.2;0.0
FR;39;2021-01-15;4397;22;22593;138;0.3;0.0
FR;39;2021-01-16;768;4;23361;142;0.3;0.0
FR;39;2021-01-17;491;4;23852;146;0.3;0.0
FR;39;2021-01-18;3069;32;26921;178;0.3;0.0
FR;39;2021-01-19;4007;18;30928;196;0.4;0.0
FR;39;2021-01-20;3904;21;34832;217;0.4;0.0
FR;39;2021-01-21;5146;22;39978;239;0.5;0.0
FR;39;2021-01-22;3970;32;43948;271;0.5;0.0
FR;39;2021-01-23;591;3;44539;274;0.5;0.0
FR;39;2021-01-24;184;0;44723;274;0.5;0.0
FR;39;2021-01-25;1595;44;46318;318;0.6;0.0
FR;39;2021-01-26;2168;100;48486;418;0.6;0.0
FR;39;2021-01-27;2283;215;50769;633;0.6;0.0
FR;39;2021-01-28;3479;471;54248;1104;0.7;0.0
FR;39;2021-01-29;2676;695;56924;1799;0.7;0.0
FR;39;2021-01-30;395;215;57319;2014;0.7;0.0
FR;39;2021-01-31;89;78;57408;2092;0.7;0.0
FR;39;2021-02-01;751;1057;58159;3149;0.7;0.0
FR;39;2021-02-02;1334;1647;59493;4796;0.7;0.1
FR;39;2021-02-03;1360;1661;60853;6457;0.7;0.1
FR;39;2021-02-04;1983;2535;62836;8992;0.8;0.1
FR;39;2021-02-05;1642;2704;64478;11696;0.8;0.1
FR;39;2021-02-06;397;433;64875;12129;0.8;0.1
FR;39;2021-02-07;553;209;65428;12338;0.8;0.1
FR;39;2021-02-08;1517;2426;66945;14764;0.8;0.2
FR;39;2021-02-09;3164;3376;70109;18140;0.8;0.2
FR;39;2021-02-10;3889;3526;73998;21666;0.9;0.3
FR;39;2021-02-11;6162;4865;80160;26531;1.0;0.3
FR;39;2021-02-12;5818;3997;85978;30528;1.0;0.4
FR;39;2021-02-13;1240;545;87218;31073;1.1;0.4
FR;39;2021-02-14;386;266;87604;31339;1.1;0.4
FR;39;2021-02-15;3419;2393;91023;33732;1.1;0.4
FR;39;2021-02-16;4418;3356;95441;37088;1.2;0.4
FR;39;2021-02-17;3990;2865;99431;39953;1.2;0.5
FR;39;2021-02-18;5970;3888;105401;43841;1.3;0.5
FR;39;2021-02-19;5838;3084;111239;46925;1.3;0.6
FR;39;2021-02-20;1140;476;112379;47401;1.4;0.6
FR;39;2021-02-21;187;122;112566;47523;1.4;0.6
FR;39;2021-02-22;3005;1669;115571;49192;1.4;0.6
FR;39;2021-02-23;3920;1926;119491;51118;1.4;0.6
FR;39;2021-02-24;3722;1722;123213;52840;1.5;0.6
FR;39;2021-02-25;5610;2546;128823;55386;1.6;0.7
FR;39;2021-02-26;6097;1944;134920;57330;1.6;0.7
FR;39;2021-02-27;1665;315;136585;57645;1.6;0.7
FR;39;2021-02-28;241;124;136826;57769;1.6;0.7
FR;39;2021-03-01;2958;1018;139784;58787;1.7;0.7
FR;39;2021-03-02;4265;1639;144049;60426;1.7;0.7
FR;39;2021-03-03;4257;1548;148306;61974;1.8;0.7
FR;39;2021-03-04;6318;2336;154624;64310;1.9;0.8
FR;39;2021-03-05;9156;2140;163780;66450;2.0;0.8
FR;39;2021-03-06;4946;433;168726;66883;2.0;0.8
FR;39;2021-03-07;2649;266;171375;67149;2.1;0.8
FR;39;2021-03-08;4690;1136;176065;68285;2.1;0.8
FR;39;2021-03-09;6923;1545;182988;69830;2.2;0.8
FR;39;2021-03-10;6121;1560;189109;71390;2.3;0.9
FR;39;2021-03-11;8707;2444;197816;73834;2.4;0.9
FR;39;2021-03-12;11472;2193;209288;76027;2.5;0.9
FR;39;2021-03-13;5232;441;214520;76468;2.6;0.9
FR;39;2021-03-14;1751;170;216271;76638;2.6;0.9
FR;39;2021-03-15;4782;1059;221053;77697;2.7;0.9
FR;39;2021-03-16;3370;1415;224423;79112;2.7;1.0
FR;39;2021-03-17;3447;1510;227870;80622;2.7;1.0
FR;39;2021-03-18;4649;1996;232519;82618;2.8;1.0
FR;39;2021-03-19;6276;1659;238795;84277;2.9;1.0
FR;39;2021-03-20;3172;377;241967;84654;2.9;1.0
FR;39;2021-03-21;2072;171;244039;84825;2.9;1.0
FR;39;2021-03-22;4446;1111;248485;85936;3.0;1.0
FR;39;2021-03-23;6166;1673;254651;87609;3.1;1.1
FR;39;2021-03-24;6321;1384;260972;88993;3.1;1.1
FR;39;2021-03-25;9061;1753;270033;90746;3.3;1.1
FR;39;2021-03-26;10651;1738;280684;92484;3.4;1.1
FR;39;2021-03-27;5995;636;286679;93120;3.5;1.1
FR;39;2021-03-28;2737;183;289416;93303;3.5;1.1
FR;39;2021-03-29;7191;1307;296607;94610;3.6;1.1
FR;39;2021-03-30;10544;1905;307151;96515;3.7;1.2
FR;39;2021-03-31;11202;1877;318353;98392;3.8;1.2
FR;39;2021-04-01;15028;2680;333381;101072;4.0;1.2
FR;39;2021-04-02;13278;2488;346659;103560;4.2;1.2
FR;39;2021-04-03;5604;1021;352263;104581;4.2;1.3
FR;39;2021-04-04;2525;347;354788;104928;4.3;1.3
FR;39;2021-04-05;2537;327;357325;105255;4.3;1.3
FR;39;2021-04-06;9285;2316;366610;107571;4.4;1.3
FR;39;2021-04-07;12195;2774;378805;110345;4.6;1.3
FR;39;2021-04-08;16878;3758;395683;114103;4.8;1.4
FR;39;2021-04-09;16907;3648;412590;117751;5.0;1.4
FR;39;2021-04-10;7413;1948;420003;119699;5.1;1.4
FR;39;2021-04-11;2989;985;422992;120684;5.1;1.5
FR;39;2021-04-12;9619;2763;432611;123447;5.2;1.5
FR;39;2021-04-13;12965;4031;445576;127478;5.4;1.5
FR;39;2021-04-14;12920;3870;458496;131348;5.5;1.6
FR;39;2021-04-15;14825;4854;473321;136202;5.7;1.6
FR;39;2021-04-16;12796;5310;486117;141512;5.9;1.7
FR;39;2021-04-17;6148;2732;492265;144244;5.9;1.7
FR;39;2021-04-18;2271;1558;494536;145802;6.0;1.8
FR;39;2021-04-19;7926;4715;502462;150517;6.1;1.8
FR;39;2021-04-20;9487;6744;511949;157261;6.2;1.9
FR;39;2021-04-21;10321;7207;522270;164468;6.3;2.0
FR;39;2021-04-22;11930;10363;534200;174831;6.4;2.1
FR;39;2021-04-23;12228;10539;546428;185370;6.6;2.2
FR;39;2021-04-24;7832;5092;554260;190462;6.7;2.3
FR;39;2021-04-25;3512;2165;557772;192627;6.7;2.3
FR;39;2021-04-26;8616;6966;566388;199593;6.8;2.4
FR;39;2021-04-27;11828;9579;578216;209172;7.0;2.5
FR;39;2021-04-28;13222;10089;591438;219261;7.1;2.6
FR;39;2021-04-29;17339;12974;608777;232235;7.3;2.8
FR;39;2021-04-30;19863;13289;628640;245524;7.6;3.0
FR;39;2021-05-01;13576;3556;642216;249080;7.7;3.0
FR;39;2021-05-02;9342;2498;651558;251578;7.9;3.0
FR;39;2021-05-03;22521;11327;674079;262905;8.1;3.2
FR;39;2021-05-04;26999;13980;701078;276885;8.5;3.3
FR;39;2021-05-05;30862;14310;731940;291195;8.8;3.5
FR;39;2021-05-06;37148;17719;769088;308914;9.3;3.7
FR;39;2021-05-07;38612;18557;807700;327471;9.7;3.9
FR;39;2021-05-08;28874;5651;836574;333122;10.1;4.0
FR;39;2021-05-09;18772;4309;855346;337431;10.3;4.1
FR;39;2021-05-10;33980;14534;889326;351965;10.7;4.2
FR;39;2021-05-11;44265;17166;933591;369131;11.3;4.4
FR;39;2021-05-12;56362;16250;989953;385381;11.9;4.6
FR;39;2021-05-13;53463;5642;1043416;391023;12.6;4.7
FR;39;2021-05-14;62199;11030;1105615;402053;13.3;4.8
FR;39;2021-05-15;56232;6890;1161847;408943;14.0;4.9
FR;39;2021-05-16;36063;3109;1197910;412052;14.4;5.0
FR;39;2021-05-17;56309;11942;1254219;423994;15.1;5.1
FR;39;2021-05-18;70982;13619;1325201;437613;16.0;5.3
FR;39;2021-05-19;74301;14103;1399502;451716;16.9;5.4
FR;39;2021-05-20;82980;14949;1482482;466665;17.9;5.6
FR;39;2021-05-21;81948;14938;1564430;481603;18.9;5.8
FR;39;2021-05-22;63545;7418;1627975;489021;19.6;5.9
FR;39;2021-05-23;33970;3305;1661945;492326;20.0;5.9
FR;39;2021-05-24;52268;5370;1714213;497696;20.7;6.0
FR;39;2021-05-25;73333;15805;1787546;513501;21.5;6.2
FR;39;2021-05-26;76110;15783;1863656;529284;22.5;6.4
FR;39;2021-05-27;84412;17875;1948068;547159;23.5;6.6
FR;39;2021-05-28;78290;19438;2026358;566597;24.4;6.8
FR;39;2021-05-29;57658;10090;2084016;576687;25.1;7.0
FR;39;2021-05-30;24469;3646;2108485;580333;25.4;7.0
FR;39;2021-05-31;74303;15783;2182788;596116;26.3;7.2
FR;39;2021-06-01;85442;19521;2268230;615637;27.3;7.4
FR;39;2021-06-02;85161;18810;2353391;634447;28.4;7.6
FR;39;2021-06-03;96369;21281;2449760;655728;29.5;7.9
FR;49;2020-12-27;2;0;2;0;0.0;0.0
FR;49;2020-12-28;3;0;5;0;0.0;0.0
FR;49;2020-12-29;1;0;6;0;0.0;0.0
FR;49;2020-12-30;6;0;12;0;0.0;0.0
FR;49;2020-12-31;1;0;13;0;0.0;0.0
FR;49;2021-01-01;3;0;16;0;0.0;0.0
FR;49;2021-01-02;11;0;27;0;0.0;0.0
FR;49;2021-01-03;5;0;32;0;0.0;0.0
FR;49;2021-01-04;86;0;118;0;0.0;0.0
FR;49;2021-01-05;337;1;455;1;0.0;0.0
FR;49;2021-01-06;857;5;1312;6;0.0;0.0
FR;49;2021-01-07;2158;7;3470;13;0.0;0.0
FR;49;2021-01-08;3378;9;6848;22;0.1;0.0
FR;49;2021-01-09;1001;1;7849;23;0.1;0.0
FR;49;2021-01-10;473;2;8322;25;0.1;0.0
FR;49;2021-01-11;4172;16;12494;41;0.1;0.0
FR;49;2021-01-12;5860;16;18354;57;0.2;0.0
FR;49;2021-01-13;6159;19;24513;76;0.3;0.0
FR;49;2021-01-14;8333;77;32846;153;0.4;0.0
FR;49;2021-01-15;7613;32;40459;185;0.5;0.0
FR;49;2021-01-16;1424;9;41883;194;0.5;0.0
FR;49;2021-01-17;620;6;42503;200;0.5;0.0
FR;49;2021-01-18;5058;29;47561;229;0.6;0.0
FR;49;2021-01-19;6822;27;54383;256;0.6;0.0
FR;49;2021-01-20;6627;32;61010;288;0.7;0.0
FR;49;2021-01-21;8407;35;69417;323;0.8;0.0
FR;49;2021-01-22;6262;39;75679;362;0.9;0.0
FR;49;2021-01-23;1016;7;76695;369;0.9;0.0
FR;49;2021-01-24;282;3;76977;372;0.9;0.0
FR;49;2021-01-25;2617;102;79594;474;0.9;0.0
FR;49;2021-01-26;3731;227;83325;701;1.0;0.0
FR;49;2021-01-27;3984;391;87309;1092;1.0;0.0
FR;49;2021-01-28;5547;985;92856;2077;1.1;0.0
FR;49;2021-01-29;4400;1561;97256;3638;1.1;0.0
FR;49;2021-01-30;693;377;97949;4015;1.1;0.0
FR;49;2021-01-31;137;125;98086;4140;1.1;0.0
FR;49;2021-02-01;1371;2090;99457;6230;1.2;0.1
FR;49;2021-02-02;2288;3202;101745;9432;1.2;0.1
FR;49;2021-02-03;2303;3381;104048;12813;1.2;0.1
FR;49;2021-02-04;3371;4777;107419;17590;1.3;0.2
FR;49;2021-02-05;2793;4889;110212;22479;1.3;0.3
FR;49;2021-02-06;570;889;110782;23368;1.3;0.3
FR;49;2021-02-07;520;293;111302;23661;1.3;0.3
FR;49;2021-02-08;1939;4057;113241;27718;1.3;0.3
FR;49;2021-02-09;4340;5752;117581;33470;1.4;0.4
FR;49;2021-02-10;5496;6070;123077;39540;1.4;0.5
FR;49;2021-02-11;7996;7992;131073;47532;1.5;0.6
FR;49;2021-02-12;7302;6469;138375;54001;1.6;0.6
FR;49;2021-02-13;1698;1023;140073;55024;1.6;0.6
FR;49;2021-02-14;408;407;140481;55431;1.6;0.6
FR;49;2021-02-15;4128;3889;144609;59320;1.7;0.7
FR;49;2021-02-16;5383;5350;149992;64670;1.7;0.8
FR;49;2021-02-17;5138;4666;155130;69336;1.8;0.8
FR;49;2021-02-18;7479;6207;162609;75543;1.9;0.9
FR;49;2021-02-19;7051;4898;169660;80441;2.0;0.9
FR;49;2021-02-20;1493;804;171153;81245;2.0;0.9
FR;49;2021-02-21;279;225;171432;81470;2.0;0.9
FR;49;2021-02-22;3532;2660;174964;84130;2.0;1.0
FR;49;2021-02-23;4869;3134;179833;87264;2.1;1.0
FR;49;2021-02-24;4899;2852;184732;90116;2.1;1.0
FR;49;2021-02-25;7559;4192;192291;94308;2.2;1.1
FR;49;2021-02-26;8269;3180;200560;97488;2.3;1.1
FR;49;2021-02-27;2683;571;203243;98059;2.4;1.1
FR;49;2021-02-28;333;137;203576;98196;2.4;1.1
FR;49;2021-03-01;3839;1649;207415;99845;2.4;1.2
FR;49;2021-03-02;5795;2498;213210;102343;2.5;1.2
FR;49;2021-03-03;6025;2531;219235;104874;2.6;1.2
FR;49;2021-03-04;8930;3492;228165;108366;2.7;1.3
FR;49;2021-03-05;12564;3271;240729;111637;2.8;1.3
FR;49;2021-03-06;8602;632;249331;112269;2.9;1.3
FR;49;2021-03-07;4683;407;254014;112676;3.0;1.3
FR;49;2021-03-08;6410;1690;260424;114366;3.0;1.3
FR;49;2021-03-09;9563;2325;269987;116691;3.1;1.4
FR;49;2021-03-10;8985;2360;278972;119051;3.2;1.4
FR;49;2021-03-11;12828;3466;291800;122517;3.4;1.4
FR;49;2021-03-12;16439;2955;308239;125472;3.6;1.5
FR;49;2021-03-13;9533;644;317772;126116;3.7;1.5
FR;49;2021-03-14;3130;245;320902;126361;3.7;1.5
FR;49;2021-03-15;6879;1461;327781;127822;3.8;1.5
FR;49;2021-03-16;4627;2137;332408;129959;3.9;1.5
FR;49;2021-03-17;5173;2014;337581;131973;3.9;1.5
FR;49;2021-03-18;6542;2803;344123;134776;4.0;1.6
FR;49;2021-03-19;9517;2312;353640;137088;4.1;1.6
FR;49;2021-03-20;5871;572;359511;137660;4.2;1.6
FR;49;2021-03-21;3144;215;362655;137875;4.2;1.6
FR;49;2021-03-22;6294;1481;368949;139356;4.3;1.6
FR;49;2021-03-23;8591;2155;377540;141511;4.4;1.6
FR;49;2021-03-24;9512;1985;387052;143496;4.5;1.7
FR;49;2021-03-25;12337;2354;399389;145850;4.6;1.7
FR;49;2021-03-26;14700;2330;414089;148180;4.8;1.7
FR;49;2021-03-27;9356;848;423445;149028;4.9;1.7
FR;49;2021-03-28;3848;298;427293;149326;5.0;1.7
FR;49;2021-03-29;9869;1845;437162;151171;5.1;1.8
FR;49;2021-03-30;14262;2673;451424;153844;5.3;1.8
FR;49;2021-03-31;15548;2783;466972;156627;5.4;1.8
FR;49;2021-04-01;19848;3700;486820;160327;5.7;1.9
FR;49;2021-04-02;17445;3438;504265;163765;5.9;1.9
FR;49;2021-04-03;9325;1821;513590;165586;6.0;1.9
FR;49;2021-04-04;4113;620;517703;166206;6.0;1.9
FR;49;2021-04-05;4206;531;521909;166737;6.1;1.9
FR;49;2021-04-06;13162;3366;535071;170103;6.2;2.0
FR;49;2021-04-07;17656;4249;552727;174352;6.4;2.0
FR;49;2021-04-08;22408;5184;575135;179536;6.7;2.1
FR;49;2021-04-09;23485;5341;598620;184877;7.0;2.2
FR;49;2021-04-10;12413;3392;611033;188269;7.1;2.2
FR;49;2021-04-11;4470;1679;615503;189948;7.2;2.2
FR;49;2021-04-12;14120;3791;629623;193739;7.3;2.3
FR;49;2021-04-13;18700;5777;648323;199516;7.5;2.3
FR;49;2021-04-14;19381;5958;667704;205474;7.8;2.4
FR;49;2021-04-15;20337;7040;688041;212514;8.0;2.5
FR;49;2021-04-16;17440;7326;705481;219840;8.2;2.6
FR;49;2021-04-17;9878;4655;715359;224495;8.3;2.6
FR;49;2021-04-18;3368;2298;718727;226793;8.4;2.6
FR;49;2021-04-19;11975;6385;730702;233178;8.5;2.7
FR;49;2021-04-20;14136;9034;744838;242212;8.7;2.8
FR;49;2021-04-21;15963;10157;760801;252369;8.9;2.9
FR;49;2021-04-22;17522;13165;778323;265534;9.1;3.1
FR;49;2021-04-23;18008;14088;796331;279622;9.3;3.3
FR;49;2021-04-24;12587;7797;808918;287419;9.4;3.3
FR;49;2021-04-25;5468;3128;814386;290547;9.5;3.4
FR;49;2021-04-26;13539;9938;827925;300485;9.6;3.5
FR;49;2021-04-27;18521;13083;846446;313568;9.9;3.6
FR;49;2021-04-28;22441;14550;868887;328118;10.1;3.8
FR;49;2021-04-29;27496;17279;896383;345397;10.4;4.0
FR;49;2021-04-30;31765;18089;928148;363486;10.8;4.2
FR;49;2021-05-01;24135;5725;952283;369211;11.1;4.3
FR;49;2021-05-02;16484;3864;968767;373075;11.3;4.3
FR;49;2021-05-03;39472;15516;1008239;388591;11.7;4.5
FR;49;2021-05-04;46439;20303;1054678;408894;12.3;4.8
FR;49;2021-05-05;55550;21653;1110228;430547;12.9;5.0
FR;49;2021-05-06;62228;24651;1172456;455198;13.6;5.3
FR;49;2021-05-07;65586;26040;1238042;481238;14.4;5.6
FR;49;2021-05-08;51251;9141;1289293;490379;15.0;5.7
FR;49;2021-05-09;32191;6249;1321484;496628;15.4;5.8
FR;49;2021-05-10;57142;20695;1378626;517323;16.0;6.0
FR;49;2021-05-11;71860;23912;1450486;541235;16.9;6.3
FR;49;2021-05-12;89739;23987;1540225;565222;17.9;6.6
FR;49;2021-05-13;80147;7760;1620372;572982;18.9;6.7
FR;49;2021-05-14;96014;15712;1716386;588694;20.0;6.9
FR;49;2021-05-15;85823;10839;1802209;599533;21.0;7.0
FR;49;2021-05-16;53120;4519;1855329;604052;21.6;7.0
FR;49;2021-05-17;81624;16310;1936953;620362;22.5;7.2
FR;49;2021-05-18;97867;17836;2034820;638198;23.7;7.4
FR;49;2021-05-19;109523;19363;2144343;657561;25.0;7.7
FR;49;2021-05-20;113495;19720;2257838;677281;26.3;7.9
FR;49;2021-05-21;112518;19929;2370356;697210;27.6;8.1
FR;49;2021-05-22;87212;10514;2457568;707724;28.6;8.2
FR;49;2021-05-23;42762;3985;2500330;711709;29.1;8.3
FR;49;2021-05-24;66912;6858;2567242;718567;29.9;8.4
FR;49;2021-05-25;94265;20828;2661507;739395;31.0;8.6
FR;49;2021-05-26;100352;22688;2761859;762083;32.1;8.9
FR;49;2021-05-27;103631;23955;2865490;786038;33.3;9.1
FR;49;2021-05-28;99096;26676;2964586;812714;34.5;9.5
FR;49;2021-05-29;73939;15501;3038525;828215;35.4;9.6
FR;49;2021-05-30;26716;4707;3065241;832922;35.7;9.7
FR;49;2021-05-31;87032;21174;3152273;854096;36.7;9.9
FR;49;2021-06-01;99536;26285;3251809;880381;37.8;10.2
FR;49;2021-06-02;100369;26341;3352178;906722;39.0;10.6
FR;49;2021-06-03;107745;27648;3459923;934370;40.3;10.9
FR;59;2020-12-27;2;0;2;0;0.0;0.0
FR;59;2020-12-28;6;0;8;0;0.0;0.0
FR;59;2020-12-29;2;0;10;0;0.0;0.0
FR;59;2020-12-30;6;0;16;0;0.0;0.0
FR;59;2020-12-31;9;0;25;0;0.0;0.0
FR;59;2021-01-01;25;1;50;1;0.0;0.0
FR;59;2021-01-02;29;0;79;1;0.0;0.0
FR;59;2021-01-03;36;0;115;1;0.0;0.0
FR;59;2021-01-04;595;3;710;4;0.0;0.0
FR;59;2021-01-05;2168;6;2878;10;0.0;0.0
FR;59;2021-01-06;4804;14;7682;24;0.1;0.0
FR;59;2021-01-07;10512;31;18194;55;0.2;0.0
FR;59;2021-01-08;14324;28;32518;83;0.4;0.0
FR;59;2021-01-09;4064;11;36582;94;0.4;0.0
FR;59;2021-01-10;1987;2;38569;96;0.4;0.0
FR;59;2021-01-11;15948;33;54517;129;0.6;0.0
FR;59;2021-01-12;21128;53;75645;182;0.9;0.0
FR;59;2021-01-13;22722;61;98367;243;1.1;0.0
FR;59;2021-01-14;24754;235;123121;478;1.4;0.0
FR;59;2021-01-15;21605;107;144726;585;1.6;0.0
FR;59;2021-01-16;5437;24;150163;609;1.7;0.0
FR;59;2021-01-17;1801;10;151964;619;1.7;0.0
FR;59;2021-01-18;13578;77;165542;696;1.9;0.0
FR;59;2021-01-19;17972;93;183514;789;2.1;0.0
FR;59;2021-01-20;17099;80;200613;869;2.3;0.0
FR;59;2021-01-21;18790;74;219403;943;2.5;0.0
FR;59;2021-01-22;13927;95;233330;1038;2.7;0.0
FR;59;2021-01-23;2958;23;236288;1061;2.7;0.0
FR;59;2021-01-24;845;15;237133;1076;2.7;0.0
FR;59;2021-01-25;6711;617;243844;1693;2.8;0.0
FR;59;2021-01-26;8441;1384;252285;3077;2.9;0.0
FR;59;2021-01-27;8829;2407;261114;5484;3.0;0.1
FR;59;2021-01-28;10496;5053;271610;10537;3.1;0.1
FR;59;2021-01-29;7840;6649;279450;17186;3.2;0.2
FR;59;2021-01-30;1762;1513;281212;18699;3.2;0.2
FR;59;2021-01-31;370;547;281582;19246;3.2;0.2
FR;59;2021-02-01;3166;8741;284748;27987;3.2;0.3
FR;59;2021-02-02;4689;12481;289437;40468;3.3;0.5
FR;59;2021-02-03;4812;13549;294249;54017;3.3;0.6
FR;59;2021-02-04;5935;15899;300184;69916;3.4;0.8
FR;59;2021-02-05;4814;14918;304998;84834;3.5;1.0
FR;59;2021-02-06;1154;2996;306152;87830;3.5;1.0
FR;59;2021-02-07;389;984;306541;88814;3.5;1.0
FR;59;2021-02-08;2758;12474;309299;101288;3.5;1.2
FR;59;2021-02-09;4902;16165;314201;117453;3.6;1.3
FR;59;2021-02-10;5689;16054;319890;133507;3.6;1.5
FR;59;2021-02-11;7658;19714;327548;153221;3.7;1.7
FR;59;2021-02-12;6752;16028;334300;169249;3.8;1.9
FR;59;2021-02-13;1688;3445;335988;172694;3.8;2.0
FR;59;2021-02-14;361;982;336349;173676;3.8;2.0
FR;59;2021-02-15;3268;10534;339617;184210;3.9;2.1
FR;59;2021-02-16;4738;13565;344355;197775;3.9;2.2
FR;59;2021-02-17;4964;12317;349319;210092;4.0;2.4
FR;59;2021-02-18;7067;13851;356386;223943;4.1;2.5
FR;59;2021-02-19;6456;10707;362842;234650;4.1;2.7
FR;59;2021-02-20;1417;2486;364259;237136;4.1;2.7
FR;59;2021-02-21;282;570;364541;237706;4.1;2.7
FR;59;2021-02-22;3252;6366;367793;244072;4.2;2.8
FR;59;2021-02-23;4829;7114;372622;251186;4.2;2.9
FR;59;2021-02-24;6850;6405;379472;257591;4.3;2.9
FR;59;2021-02-25;21205;8501;400677;266092;4.6;3.0
FR;59;2021-02-26;28259;6241;428936;272333;4.9;3.1
FR;59;2021-02-27;17099;1510;446035;273843;5.1;3.1
FR;59;2021-02-28;1110;376;447145;274219;5.1;3.1
FR;59;2021-03-01;8805;3520;455950;277739;5.2;3.2
FR;59;2021-03-02;17153;4908;473103;282647;5.4;3.2
FR;59;2021-03-03;20620;4989;493723;287636;5.6;3.3
FR;59;2021-03-04;32255;5860;525978;293496;6.0;3.3
FR;59;2021-03-05;40845;5413;566823;298909;6.4;3.4
FR;59;2021-03-06;35889;1495;602712;300404;6.9;3.4
FR;59;2021-03-07;14053;1040;616765;301444;7.0;3.4
FR;59;2021-03-08;12247;3170;629012;304614;7.2;3.5
FR;59;2021-03-09;22803;4166;651815;308780;7.4;3.5
FR;59;2021-03-10;23099;4230;674914;313010;7.7;3.6
FR;59;2021-03-11;34242;5417;709156;318427;8.1;3.6
FR;59;2021-03-12;45244;4513;754400;322940;8.6;3.7
FR;59;2021-03-13;36012;1324;790412;324264;9.0;3.7
FR;59;2021-03-14;7164;396;797576;324660;9.1;3.7
FR;59;2021-03-15;14444;2528;812020;327188;9.2;3.7
FR;59;2021-03-16;7885;2958;819905;330146;9.3;3.8
FR;59;2021-03-17;8724;3102;828629;333248;9.4;3.8
FR;59;2021-03-18;10394;3980;839023;337228;9.5;3.8
FR;59;2021-03-19;23397;3514;862420;340742;9.8;3.9
FR;59;2021-03-20;21027;1059;883447;341801;10.0;3.9
FR;59;2021-03-21;6268;379;889715;342180;10.1;3.9
FR;59;2021-03-22;15434;2648;905149;344828;10.3;3.9
FR;59;2021-03-23;25325;3454;930474;348282;10.6;4.0
FR;59;2021-03-24;27931;3449;958405;351731;10.9;4.0
FR;59;2021-03-25;37803;3771;996208;355502;11.3;4.0
FR;59;2021-03-26;42708;4006;1038916;359508;11.8;4.1
FR;59;2021-03-27;26786;1691;1065702;361199;12.1;4.1
FR;59;2021-03-28;7521;456;1073223;361655;12.2;4.1
FR;59;2021-03-29;21619;3300;1094842;364955;12.5;4.2
FR;59;2021-03-30;32048;4267;1126890;369222;12.8;4.2
FR;59;2021-03-31;31306;4586;1158196;373808;13.2;4.3
FR;59;2021-04-01;38273;5733;1196469;379541;13.6;4.3
FR;59;2021-04-02;36776;5677;1233245;385218;14.0;4.4
FR;59;2021-04-03;21268;3430;1254513;388648;14.3;4.4
FR;59;2021-04-04;7333;1204;1261846;389852;14.4;4.4
FR;59;2021-04-05;8253;1078;1270099;390930;14.4;4.4
FR;59;2021-04-06;25598;5856;1295697;396786;14.7;4.5
FR;59;2021-04-07;33791;7079;1329488;403865;15.1;4.6
FR;59;2021-04-08;44872;8409;1374360;412274;15.6;4.7
FR;59;2021-04-09;60545;8917;1434905;421191;16.3;4.8
FR;59;2021-04-10;36337;7037;1471242;428228;16.7;4.9
FR;59;2021-04-11;9728;3504;1480970;431732;16.8;4.9
FR;59;2021-04-12;35175;7358;1516145;439090;17.2;5.0
FR;59;2021-04-13;49677;10082;1565822;449172;17.8;5.1
FR;59;2021-04-14;50001;10102;1615823;459274;18.4;5.2
FR;59;2021-04-15;59333;11665;1675156;470939;19.1;5.4
FR;59;2021-04-16;63089;12334;1738245;483273;19.8;5.5
FR;59;2021-04-17;41352;9653;1779597;492926;20.2;5.6
FR;59;2021-04-18;12277;4630;1791874;497556;20.4;5.7
FR;59;2021-04-19;33137;11131;1825011;508687;20.8;5.8
FR;59;2021-04-20;44527;14668;1869538;523355;21.3;6.0
FR;59;2021-04-21;47151;16413;1916689;539768;21.8;6.1
FR;59;2021-04-22;55599;19429;1972288;559197;22.4;6.4
FR;59;2021-04-23;64951;20662;2037239;579859;23.2;6.6
FR;59;2021-04-24;47356;15465;2084595;595324;23.7;6.8
FR;59;2021-04-25;16593;5431;2101188;600755;23.9;6.8
FR;59;2021-04-26;41038;17428;2142226;618183;24.4;7.0
FR;59;2021-04-27;56356;23202;2198582;641385;25.0;7.3
FR;59;2021-04-28;63948;25811;2262530;667196;25.7;7.6
FR;59;2021-04-29;77915;31532;2340445;698728;26.6;7.9
FR;59;2021-04-30;92291;36405;2432736;735133;27.7;8.4
FR;59;2021-05-01;43434;10930;2476170;746063;28.2;8.5
FR;59;2021-05-02;23409;7246;2499579;753309;28.4;8.6
FR;59;2021-05-03;62544;26196;2562123;779505;29.1;8.9
FR;59;2021-05-04;70826;34298;2632949;813803;29.9;9.3
FR;59;2021-05-05;77204;37255;2710153;851058;30.8;9.7
FR;59;2021-05-06;89225;43525;2799378;894583;31.8;10.2
FR;59;2021-05-07;97742;53794;2897120;948377;32.9;10.8
FR;59;2021-05-08;58347;16415;2955467;964792;33.6;11.0
FR;59;2021-05-09;39234;10309;2994701;975101;34.1;11.1
FR;59;2021-05-10;95136;39951;3089837;1015052;35.1;11.5
FR;59;2021-05-11;125409;49134;3215246;1064186;36.6;12.1
FR;59;2021-05-12;122622;46004;3337868;1110190;38.0;12.6
FR;59;2021-05-13;92534;14315;3430402;1124505;39.0;12.8
FR;59;2021-05-14;128725;34107;3559127;1158612;40.5;13.2
FR;59;2021-05-15;113962;25368;3673089;1183980;41.8;13.5
FR;59;2021-05-16;55254;7103;3728343;1191083;42.4;13.5
FR;59;2021-05-17;105185;30499;3833528;1221582;43.6;13.9
FR;59;2021-05-18;117032;33942;3950560;1255524;44.9;14.3
FR;59;2021-05-19;118274;35286;4068834;1290810;46.3;14.7
FR;59;2021-05-20;122079;42102;4190913;1332912;47.7;15.2
FR;59;2021-05-21;121312;48452;4312225;1381364;49.0;15.7
FR;59;2021-05-22;81624;25259;4393849;1406623;50.0;16.0
FR;59;2021-05-23;31191;5104;4425040;1411727;50.3;16.1
FR;59;2021-05-24;51797;9868;4476837;1421595;50.9;16.2
FR;59;2021-05-25;84135;41827;4560972;1463422;51.9;16.6
FR;59;2021-05-26;82580;44080;4643552;1507502;52.8;17.1
FR;59;2021-05-27;89538;52280;4733090;1559782;53.8;17.7
FR;59;2021-05-28;91204;66438;4824294;1626220;54.9;18.5
FR;59;2021-05-29;60187;39955;4884481;1666175;55.6;18.9
FR;59;2021-05-30;16053;7773;4900534;1673948;55.7;19.0
FR;59;2021-05-31;58245;42307;4958779;1716255;56.4;19.5
FR;59;2021-06-01;67765;53576;5026544;1769831;57.2;20.1
FR;59;2021-06-02;61518;52462;5088062;1822293;57.9;20.7
FR;59;2021-06-03;68828;58044;5156890;1880337;58.6;21.4
FR;64;2020-12-27;1;0;1;0;0.0;0.0
FR;64;2020-12-28;1;0;2;0;0.0;0.0
FR;64;2020-12-29;2;0;4;0;0.0;0.0
FR;64;2020-12-30;6;0;10;0;0.0;0.0
FR;64;2020-12-31;5;0;15;0;0.0;0.0
FR;64;2021-01-01;8;0;23;0;0.0;0.0
FR;64;2021-01-02;13;0;36;0;0.0;0.0
FR;64;2021-01-03;18;0;54;0;0.0;0.0
FR;64;2021-01-04;209;2;263;2;0.0;0.0
FR;64;2021-01-05;899;4;1162;6;0.0;0.0
FR;64;2021-01-06;1688;3;2850;9;0.1;0.0
FR;64;2021-01-07;3659;10;6509;19;0.2;0.0
FR;64;2021-01-08;4881;11;11390;30;0.3;0.0
FR;64;2021-01-09;1956;1;13346;31;0.3;0.0
FR;64;2021-01-10;1025;1;14371;32;0.4;0.0
FR;64;2021-01-11;5283;6;19654;38;0.5;0.0
FR;64;2021-01-12;7135;12;26789;50;0.7;0.0
FR;64;2021-01-13;7452;17;34241;67;0.8;0.0
FR;64;2021-01-14;8561;84;42802;151;1.0;0.0
FR;64;2021-01-15;7095;35;49897;186;1.2;0.0
FR;64;2021-01-16;2216;18;52113;204;1.3;0.0
FR;64;2021-01-17;844;10;52957;214;1.3;0.0
FR;64;2021-01-18;4681;17;57638;231;1.4;0.0
FR;64;2021-01-19;6404;22;64042;253;1.6;0.0
FR;64;2021-01-20;6225;32;70267;285;1.7;0.0
FR;64;2021-01-21;6902;24;77169;309;1.9;0.0
FR;64;2021-01-22;5416;28;82585;337;2.0;0.0
FR;64;2021-01-23;1413;11;83998;348;2.0;0.0
FR;64;2021-01-24;433;8;84431;356;2.1;0.0
FR;64;2021-01-25;2771;203;87202;559;2.1;0.0
FR;64;2021-01-26;3536;494;90738;1053;2.2;0.0
FR;64;2021-01-27;3767;883;94505;1936;2.3;0.0
FR;64;2021-01-28;4571;1752;99076;3688;2.4;0.1
FR;64;2021-01-29;3529;2326;102605;6014;2.5;0.1
FR;64;2021-01-30;840;707;103445;6721;2.5;0.2
FR;64;2021-01-31;172;279;103617;7000;2.5;0.2
FR;64;2021-02-01;1526;2868;105143;9868;2.6;0.2
FR;64;2021-02-02;2153;4144;107296;14012;2.6;0.3
FR;64;2021-02-03;2305;4364;109601;18376;2.7;0.4
FR;64;2021-02-04;2818;5505;112419;23881;2.7;0.6
FR;64;2021-02-05;2189;4971;114608;28852;2.8;0.7
FR;64;2021-02-06;659;1304;115267;30156;2.8;0.7
FR;64;2021-02-07;164;493;115431;30649;2.8;0.7
FR;64;2021-02-08;1482;4196;116913;34845;2.9;0.8
FR;64;2021-02-09;2341;5664;119254;40509;2.9;1.0
FR;64;2021-02-10;2568;5669;121822;46178;3.0;1.1
FR;64;2021-02-11;3462;7224;125284;53402;3.1;1.3
FR;64;2021-02-12;3113;5444;128397;58846;3.1;1.4
FR;64;2021-02-13;843;1446;129240;60292;3.2;1.5
FR;64;2021-02-14;195;436;129435;60728;3.2;1.5
FR;64;2021-02-15;1592;3884;131027;64612;3.2;1.6
FR;64;2021-02-16;2087;5141;133114;69753;3.2;1.7
FR;64;2021-02-17;2210;4633;135324;74386;3.3;1.8
FR;64;2021-02-18;3236;5450;138560;79836;3.4;1.9
FR;64;2021-02-19;3003;4206;141563;84042;3.5;2.0
FR;64;2021-02-20;808;1200;142371;85242;3.5;2.1
FR;64;2021-02-21;135;255;142506;85497;3.5;2.1
FR;64;2021-02-22;1489;2665;143995;88162;3.5;2.1
FR;64;2021-02-23;2401;2912;146396;91074;3.6;2.2
FR;64;2021-02-24;3868;2851;150264;93925;3.7;2.3
FR;64;2021-02-25;16034;3849;166298;97774;4.1;2.4
FR;64;2021-02-26;21827;2785;188125;100559;4.6;2.5
FR;64;2021-02-27;13074;767;201199;101326;4.9;2.5
FR;64;2021-02-28;795;174;201994;101500;4.9;2.5
FR;64;2021-03-01;6565;1753;208559;103253;5.1;2.5
FR;64;2021-03-02;13139;2342;221698;105595;5.4;2.6
FR;64;2021-03-03;15928;2379;237626;107974;5.8;2.6
FR;64;2021-03-04;25211;2886;262837;110860;6.4;2.7
FR;64;2021-03-05;30489;2683;293326;113543;7.2;2.8
FR;64;2021-03-06;26773;804;320099;114347;7.8;2.8
FR;64;2021-03-07;9874;526;329973;114873;8.0;2.8
FR;64;2021-03-08;8798;1796;338771;116669;8.3;2.8
FR;64;2021-03-09;16820;2041;355591;118710;8.7;2.9
FR;64;2021-03-10;17050;2177;372641;120887;9.1;2.9
FR;64;2021-03-11;25923;2848;398564;123735;9.7;3.0
FR;64;2021-03-12;33416;2416;431980;126151;10.5;3.1
FR;64;2021-03-13;27284;767;459264;126918;11.2;3.1
FR;64;2021-03-14;5425;197;464689;127115;11.3;3.1
FR;64;2021-03-15;11016;1444;475705;128559;11.6;3.1
FR;64;2021-03-16;5985;1774;481690;130333;11.7;3.2
FR;64;2021-03-17;6119;1679;487809;132012;11.9;3.2
FR;64;2021-03-18;7643;2061;495452;134073;12.1;3.3
FR;64;2021-03-19;18872;1919;514324;135992;12.5;3.3
FR;64;2021-03-20;18499;744;532823;136736;13.0;3.3
FR;64;2021-03-21;4721;220;537544;136956;13.1;3.3
FR;64;2021-03-22;13499;1566;551043;138522;13.4;3.4
FR;64;2021-03-23;23477;2017;574520;140539;14.0;3.4
FR;64;2021-03-24;25098;2103;599618;142642;14.6;3.5
FR;64;2021-03-25;36539;2380;636157;145022;15.5;3.5
FR;64;2021-03-26;40082;2324;676239;147346;16.5;3.6
FR;64;2021-03-27;21235;999;697474;148345;17.0;3.6
FR;64;2021-03-28;5073;257;702547;148602;17.1;3.6
FR;64;2021-03-29;17510;2127;720057;150729;17.6;3.7
FR;64;2021-03-30;27273;2827;747330;153556;18.2;3.7
FR;64;2021-03-31;24078;2891;771408;156447;18.8;3.8
FR;64;2021-04-01;30484;3764;801892;160211;19.5;3.9
FR;64;2021-04-02;29147;3572;831039;163783;20.3;4.0
FR;64;2021-04-03;15960;2363;846999;166146;20.6;4.1
FR;64;2021-04-04;4026;793;851025;166939;20.7;4.1
FR;64;2021-04-05;5100;793;856125;167732;20.9;4.1
FR;64;2021-04-06;19117;4261;875242;171993;21.3;4.2
FR;64;2021-04-07;23505;4790;898747;176783;21.9;4.3
FR;64;2021-04-08;34496;5593;933243;182376;22.7;4.4
FR;64;2021-04-09;53332;6032;986575;188408;24.0;4.6
FR;64;2021-04-10;29772;4978;1016347;193386;24.8;4.7
FR;64;2021-04-11;6265;2600;1022612;195986;24.9;4.8
FR;64;2021-04-12;27986;5167;1050598;201153;25.6;4.9
FR;64;2021-04-13;42410;7352;1093008;208505;26.6;5.1
FR;64;2021-04-14;40662;7117;1133670;215622;27.6;5.3
FR;64;2021-04-15;51828;8338;1185498;223960;28.9;5.5
FR;64;2021-04-16;64090;8862;1249588;232822;30.5;5.7
FR;64;2021-04-17;38413;7087;1288001;239909;31.4;5.8
FR;64;2021-04-18;10923;3332;1298924;243241;31.7;5.9
FR;64;2021-04-19;41864;8575;1340788;251816;32.7;6.1
FR;64;2021-04-20;52520;10402;1393308;262218;34.0;6.4
FR;64;2021-04-21;52402;10850;1445710;273068;35.2;6.7
FR;64;2021-04-22;57254;12733;1502964;285801;36.6;7.0
FR;64;2021-04-23;60684;12662;1563648;298463;38.1;7.3
FR;64;2021-04-24;43247;9057;1606895;307520;39.2;7.5
FR;64;2021-04-25;16178;3331;1623073;310851;39.6;7.6
FR;64;2021-04-26;49441;11455;1672514;322306;40.8;7.9
FR;64;2021-04-27;62766;15460;1735280;337766;42.3;8.2
FR;64;2021-04-28;63706;15923;1798986;353689;43.9;8.6
FR;64;2021-04-29;73470;20359;1872456;374048;45.6;9.1
FR;64;2021-04-30;74970;21887;1947426;395935;47.5;9.7
FR;64;2021-05-01;29238;6621;1976664;402556;48.2;9.8
FR;64;2021-05-02;14424;3959;1991088;406515;48.5;9.9
FR;64;2021-05-03;52035;15792;2043123;422307;49.8;10.3
FR;64;2021-05-04;52936;21591;2096059;443898;51.1;10.8
FR;64;2021-05-05;49202;22647;2145261;466545;52.3;11.4
FR;64;2021-05-06;56637;28771;2201898;495316;53.7;12.1
FR;64;2021-05-07;50763;33945;2252661;529261;54.9;12.9
FR;64;2021-05-08;20172;9283;2272833;538544;55.4;13.1
FR;64;2021-05-09;9996;5481;2282829;544025;55.6;13.3
FR;64;2021-05-10;34296;26731;2317125;570756;56.5;13.9
FR;64;2021-05-11;43884;37088;2361009;607844;57.6;14.8
FR;64;2021-05-12;38892;34921;2399901;642765;58.5;15.7
FR;64;2021-05-13;21968;10034;2421869;652799;59.0;15.9
FR;64;2021-05-14;36227;29004;2458096;681803;59.9;16.6
FR;64;2021-05-15;21167;18973;2479263;700776;60.4;17.1
FR;64;2021-05-16;7958;4296;2487221;705072;60.6;17.2
FR;64;2021-05-17;26780;25364;2514001;730436;61.3;17.8
FR;64;2021-05-18;33374;28243;2547375;758679;62.1;18.5
FR;64;2021-05-19;30308;26347;2577683;785026;62.8;19.1
FR;64;2021-05-20;34894;33210;2612577;818236;63.7;19.9
FR;64;2021-05-21;30058;37332;2642635;855568;64.4;20.9
FR;64;2021-05-22;14768;17683;2657403;873251;64.8;21.3
FR;64;2021-05-23;5093;2820;2662496;876071;64.9;21.4
FR;64;2021-05-24;10729;6484;2673225;882555;65.2;21.5
FR;64;2021-05-25;22606;34305;2695831;916860;65.7;22.4
FR;64;2021-05-26;21195;34901;2717026;951761;66.2;23.2
FR;64;2021-05-27;25817;42936;2742843;994697;66.9;24.2
FR;64;2021-05-28;24278;55681;2767121;1050378;67.5;25.6
FR;64;2021-05-29;11876;33492;2778997;1083870;67.7;26.4
FR;64;2021-05-30;2656;7427;2781653;1091297;67.8;26.6
FR;64;2021-05-31;15710;45957;2797363;1137254;68.2;27.7
FR;64;2021-06-01;20709;56310;2818072;1193564;68.7;29.1
FR;64;2021-06-02;16791;50319;2834863;1243883;69.1;30.3
FR;64;2021-06-03;20909;54908;2855772;1298791;69.6;31.7
FR;69;2020-12-27;2;0;2;0;0.0;0.0
FR;69;2020-12-28;2;0;4;0;0.0;0.0
FR;69;2020-12-29;3;0;7;0;0.0;0.0
FR;69;2020-12-30;7;0;14;0;0.0;0.0
FR;69;2020-12-31;5;0;19;0;0.0;0.0
FR;69;2021-01-01;6;0;25;0;0.0;0.0
FR;69;2021-01-02;11;1;36;1;0.0;0.0
FR;69;2021-01-03;8;0;44;1;0.0;0.0
FR;69;2021-01-04;115;0;159;1;0.0;0.0
FR;69;2021-01-05;410;4;569;5;0.0;0.0
FR;69;2021-01-06;809;2;1378;7;0.0;0.0
FR;69;2021-01-07;1892;3;3270;10;0.1;0.0
FR;69;2021-01-08;2459;0;5729;10;0.1;0.0
FR;69;2021-01-09;1124;1;6853;11;0.2;0.0
FR;69;2021-01-10;659;1;7512;12;0.2;0.0
FR;69;2021-01-11;2732;5;10244;17;0.3;0.0
FR;69;2021-01-12;3874;1;14118;18;0.4;0.0
FR;69;2021-01-13;3793;11;17911;29;0.5;0.0
FR;69;2021-01-14;4564;48;22475;77;0.6;0.0
FR;69;2021-01-15;3847;15;26322;92;0.7;0.0
FR;69;2021-01-16;1342;11;27664;103;0.7;0.0
FR;69;2021-01-17;634;3;28298;106;0.7;0.0
FR;69;2021-01-18;3258;18;31556;124;0.8;0.0
FR;69;2021-01-19;4794;21;36350;145;0.9;0.0
FR;69;2021-01-20;4757;17;41107;162;1.1;0.0
FR;69;2021-01-21;5530;17;46637;179;1.2;0.0
FR;69;2021-01-22;4368;18;51005;197;1.3;0.0
FR;69;2021-01-23;1360;4;52365;201;1.3;0.0
FR;69;2021-01-24;447;6;52812;207;1.4;0.0
FR;69;2021-01-25;2726;82;55538;289;1.4;0.0
FR;69;2021-01-26;3351;182;58889;471;1.5;0.0
FR;69;2021-01-27;3670;412;62559;883;1.6;0.0
FR;69;2021-01-28;4326;893;66885;1776;1.7;0.0
FR;69;2021-01-29;3484;1237;70369;3013;1.8;0.1
FR;69;2021-01-30;938;402;71307;3415;1.8;0.1
FR;69;2021-01-31;180;162;71487;3577;1.8;0.1
FR;69;2021-02-01;1819;1521;73306;5098;1.9;0.1
FR;69;2021-02-02;2419;2202;75725;7300;1.9;0.2
FR;69;2021-02-03;2419;2271;78144;9571;2.0;0.2
FR;69;2021-02-04;2982;2926;81126;12497;2.1;0.3
FR;69;2021-02-05;2506;2539;83632;15036;2.1;0.4
FR;69;2021-02-06;721;808;84353;15844;2.2;0.4
FR;69;2021-02-07;162;391;84515;16235;2.2;0.4
FR;69;2021-02-08;1606;2410;86121;18645;2.2;0.5
FR;69;2021-02-09;2404;3413;88525;22058;2.3;0.6
FR;69;2021-02-10;2566;3406;91091;25464;2.3;0.7
FR;69;2021-02-11;3521;4861;94612;30325;2.4;0.8
FR;69;2021-02-12;3156;3421;97768;33746;2.5;0.9
FR;69;2021-02-13;868;1034;98636;34780;2.5;0.9
FR;69;2021-02-14;215;414;98851;35194;2.5;0.9
FR;69;2021-02-15;1333;2778;100184;37972;2.6;1.0
FR;69;2021-02-16;1869;3982;102053;41954;2.6;1.1
FR;69;2021-02-17;2010;3662;104063;45616;2.7;1.2
FR;69;2021-02-18;3000;4562;107063;50178;2.7;1.3
FR;69;2021-02-19;2864;3510;109927;53688;2.8;1.4
FR;69;2021-02-20;753;1027;110680;54715;2.8;1.4
FR;69;2021-02-21;150;235;110830;54950;2.8;1.4
FR;69;2021-02-22;1607;2574;112437;57524;2.9;1.5
FR;69;2021-02-23;2281;2820;114718;60344;2.9;1.5
FR;69;2021-02-24;2659;2911;117377;63255;3.0;1.6
FR;69;2021-02-25;3881;3580;121258;66835;3.1;1.7
FR;69;2021-02-26;4276;2630;125534;69465;3.2;1.8
FR;69;2021-02-27;1810;705;127344;70170;3.3;1.8
FR;69;2021-02-28;312;179;127656;70349;3.3;1.8
FR;69;2021-03-01;2805;1936;130461;72285;3.3;1.9
FR;69;2021-03-02;4721;2443;135182;74728;3.5;1.9
FR;69;2021-03-03;6690;2477;141872;77205;3.6;2.0
FR;69;2021-03-04;11778;3021;153650;80226;3.9;2.1
FR;69;2021-03-05;17486;2699;171136;82925;4.4;2.1
FR;69;2021-03-06;23196;790;194332;83715;5.0;2.1
FR;69;2021-03-07;14774;450;209106;84165;5.4;2.2
FR;69;2021-03-08;9750;2042;218856;86207;5.6;2.2
FR;69;2021-03-09;17495;2496;236351;88703;6.1;2.3
FR;69;2021-03-10;18823;2553;255174;91256;6.5;2.3
FR;69;2021-03-11;29195;3236;284369;94492;7.3;2.4
FR;69;2021-03-12;39860;2941;324229;97433;8.3;2.5
FR;69;2021-03-13;35971;987;360200;98420;9.2;2.5
FR;69;2021-03-14;8177;250;368377;98670;9.4;2.5
FR;69;2021-03-15;16646;1808;385023;100478;9.9;2.6
FR;69;2021-03-16;10718;2182;395741;102660;10.1;2.6
FR;69;2021-03-17;11730;2178;407471;104838;10.4;2.7
FR;69;2021-03-18;13112;2596;420583;107434;10.8;2.8
FR;69;2021-03-19;28767;2416;449350;109850;11.5;2.8
FR;69;2021-03-20;26909;890;476259;110740;12.2;2.8
FR;69;2021-03-21;7118;273;483377;111013;12.4;2.8
FR;69;2021-03-22;21183;2163;504560;113176;12.9;2.9
FR;69;2021-03-23;36154;2787;540714;115963;13.9;3.0
FR;69;2021-03-24;37435;2816;578149;118779;14.8;3.0
FR;69;2021-03-25;54922;3081;633071;121860;16.2;3.1
FR;69;2021-03-26;59054;2980;692125;124840;17.7;3.2
FR;69;2021-03-27;30099;1365;722224;126205;18.5;3.2
FR;69;2021-03-28;7602;384;729826;126589;18.7;3.2
FR;69;2021-03-29;27658;3444;757484;130033;19.4;3.3
FR;69;2021-03-30;42211;4335;799695;134368;20.5;3.4
FR;69;2021-03-31;35326;4379;835021;138747;21.4;3.6
FR;69;2021-04-01;43196;5739;878217;144486;22.5;3.7
FR;69;2021-04-02;41280;5899;919497;150385;23.6;3.9
FR;69;2021-04-03;21644;3920;941141;154305;24.1;4.0
FR;69;2021-04-04;5805;1306;946946;155611;24.3;4.0
FR;69;2021-04-05;7610;1062;954556;156673;24.5;4.0
FR;69;2021-04-06;27749;7178;982305;163851;25.2;4.2
FR;69;2021-04-07;32359;7728;1014664;171579;26.0;4.4
FR;69;2021-04-08;48495;8830;1063159;180409;27.2;4.6
FR;69;2021-04-09;70466;8990;1133625;189399;29.1;4.9
FR;69;2021-04-10;36608;7828;1170233;197227;30.0;5.1
FR;69;2021-04-11;7993;4281;1178226;201508;30.2;5.2
FR;69;2021-04-12;38532;8822;1216758;210330;31.2;5.4
FR;69;2021-04-13;53461;11938;1270219;222268;32.6;5.7
FR;69;2021-04-14;49241;11633;1319460;233901;33.8;6.0
FR;69;2021-04-15;61757;13502;1381217;247403;35.4;6.3
FR;69;2021-04-16;72496;14023;1453713;261426;37.3;6.7
FR;69;2021-04-17;39570;10675;1493283;272101;38.3;7.0
FR;69;2021-04-18;10013;5024;1503296;277125;38.5;7.1
FR;69;2021-04-19;45837;13865;1549133;290990;39.7;7.5
FR;69;2021-04-20;57045;16790;1606178;307780;41.2;7.9
FR;69;2021-04-21;53430;16528;1659608;324308;42.5;8.3
FR;69;2021-04-22;60155;18714;1719763;343022;44.1;8.8
FR;69;2021-04-23;59271;18729;1779034;361751;45.6;9.3
FR;69;2021-04-24;37200;13123;1816234;374874;46.5;9.6
FR;69;2021-04-25;13223;4979;1829457;379853;46.9;9.7
FR;69;2021-04-26;49169;18326;1878626;398179;48.1;10.2
FR;69;2021-04-27;61597;23143;1940223;421322;49.7;10.8
FR;69;2021-04-28;59595;22025;1999818;443347;51.3;11.4
FR;69;2021-04-29;69903;24793;2069721;468140;53.0;12.0
FR;69;2021-04-30;66731;23840;2136452;491980;54.8;12.6
FR;69;2021-05-01;23793;7592;2160245;499572;55.4;12.8
FR;69;2021-05-02;11158;5134;2171403;504706;55.7;12.9
FR;69;2021-05-03;47261;21298;2218664;526004;56.9;13.5
FR;69;2021-05-04;47768;27707;2266432;553711;58.1;14.2
FR;69;2021-05-05;42558;27130;2308990;580841;59.2;14.9
FR;69;2021-05-06;50700;30202;2359690;611043;60.5;15.7
FR;69;2021-05-07;42221;34290;2401911;645333;61.6;16.5
FR;69;2021-05-08;15236;9366;2417147;654699;61.9;16.8
FR;69;2021-05-09;7276;6559;2424423;661258;62.1;16.9
FR;69;2021-05-10;29524;34693;2453947;695951;62.9;17.8
FR;69;2021-05-11;38107;43734;2492054;739685;63.9;19.0
FR;69;2021-05-12;32926;39183;2524980;778868;64.7;20.0
FR;69;2021-05-13;17467;11501;2542447;790369;65.2;20.3
FR;69;2021-05-14;29957;34145;2572404;824514;65.9;21.1
FR;69;2021-05-15;15190;18513;2587594;843027;66.3;21.6
FR;69;2021-05-16;5428;4311;2593022;847338;66.5;21.7
FR;69;2021-05-17;21761;28774;2614783;876112;67.0;22.5
FR;69;2021-05-18;27852;29585;2642635;905697;67.7;23.2
FR;69;2021-05-19;24261;25204;2666896;930901;68.3;23.9
FR;69;2021-05-20;28301;27803;2695197;958704;69.1;24.6
FR;69;2021-05-21;22905;30712;2718102;989416;69.7;25.4
FR;69;2021-05-22;9641;14370;2727743;1003786;69.9;25.7
FR;69;2021-05-23;3177;2372;2730920;1006158;70.0;25.8
FR;69;2021-05-24;8089;7124;2739009;1013282;70.2;26.0
FR;69;2021-05-25;17812;36196;2756821;1049478;70.7;26.9
FR;69;2021-05-26;16183;34440;2773004;1083918;71.1;27.8
FR;69;2021-05-27;20510;42241;2793514;1126159;71.6;28.9
FR;69;2021-05-28;18156;53824;2811670;1179983;72.1;30.2
FR;69;2021-05-29;7622;31237;2819292;1211220;72.3;31.0
FR;69;2021-05-30;1690;6898;2820982;1218118;72.3;31.2
FR;69;2021-05-31;12238;47486;2833220;1265604;72.6;32.4
FR;69;2021-06-01;16074;57605;2849294;1323209;73.0;33.9
FR;69;2021-06-02;12778;49923;2862072;1373132;73.4;35.2
FR;69;2021-06-03;16112;57572;2878184;1430704;73.8;36.7
FR;74;2020-12-27;1;0;1;0;0.0;0.0
FR;74;2020-12-28;7;0;8;0;0.0;0.0
FR;74;2020-12-29;5;0;13;0;0.0;0.0
FR;74;2020-12-30;11;0;24;0;0.0;0.0
FR;74;2020-12-31;7;0;31;0;0.0;0.0
FR;74;2021-01-01;5;0;36;0;0.0;0.0
FR;74;2021-01-02;3;0;39;0;0.0;0.0
FR;74;2021-01-03;13;0;52;0;0.0;0.0
FR;74;2021-01-04;88;1;140;1;0.0;0.0
FR;74;2021-01-05;298;0;438;1;0.0;0.0
FR;74;2021-01-06;554;1;992;2;0.0;0.0
FR;74;2021-01-07;1465;0;2457;2;0.1;0.0
FR;74;2021-01-08;1801;4;4258;6;0.1;0.0
FR;74;2021-01-09;795;0;5053;6;0.1;0.0
FR;74;2021-01-10;536;0;5589;6;0.2;0.0
FR;74;2021-01-11;2125;2;7714;8;0.2;0.0
FR;74;2021-01-12;3151;4;10865;12;0.3;0.0
FR;74;2021-01-13;3204;6;14069;18;0.4;0.0
FR;74;2021-01-14;3949;40;18018;58;0.5;0.0
FR;74;2021-01-15;3538;11;21556;69;0.6;0.0
FR;74;2021-01-16;1334;5;22890;74;0.7;0.0
FR;74;2021-01-17;764;4;23654;78;0.7;0.0
FR;74;2021-01-18;4718;12;28372;90;0.8;0.0
FR;74;2021-01-19;6826;11;35198;101;1.0;0.0
FR;74;2021-01-20;7103;12;42301;113;1.2;0.0
FR;74;2021-01-21;8202;26;50503;139;1.5;0.0
FR;74;2021-01-22;6547;21;57050;160;1.6;0.0
FR;74;2021-01-23;2260;3;59310;163;1.7;0.0
FR;74;2021-01-24;609;2;59919;165;1.7;0.0
FR;74;2021-01-25;4537;56;64456;221;1.9;0.0
FR;74;2021-01-26;5627;149;70083;370;2.0;0.0
FR;74;2021-01-27;5982;271;76065;641;2.2;0.0
FR;74;2021-01-28;6982;750;83047;1391;2.4;0.0
FR;74;2021-01-29;5734;900;88781;2291;2.6;0.1
FR;74;2021-01-30;1770;262;90551;2553;2.6;0.1
FR;74;2021-01-31;295;114;90846;2667;2.6;0.1
FR;74;2021-02-01;3291;1063;94137;3730;2.7;0.1
FR;74;2021-02-02;4299;1785;98436;5515;2.8;0.2
FR;74;2021-02-03;4309;1807;102745;7322;3.0;0.2
FR;74;2021-02-04;5177;2468;107922;9790;3.1;0.3
FR;74;2021-02-05;4387;2180;112309;11970;3.2;0.3
FR;74;2021-02-06;1400;695;113709;12665;3.3;0.4
FR;74;2021-02-07;243;351;113952;13016;3.3;0.4
FR;74;2021-02-08;3073;2507;117025;15523;3.4;0.4
FR;74;2021-02-09;4102;3724;121127;19247;3.5;0.6
FR;74;2021-02-10;4416;3814;125543;23061;3.6;0.7
FR;74;2021-02-11;5632;5474;131175;28535;3.8;0.8
FR;74;2021-02-12;5267;3821;136442;32356;3.9;0.9
FR;74;2021-02-13;1647;1219;138089;33575;4.0;1.0
FR;74;2021-02-14;406;471;138495;34046;4.0;1.0
FR;74;2021-02-15;2406;4182;140901;38228;4.1;1.1
FR;74;2021-02-16;3276;5631;144177;43859;4.1;1.3
FR;74;2021-02-17;3391;5450;147568;49309;4.2;1.4
FR;74;2021-02-18;4932;6807;152500;56116;4.4;1.6
FR;74;2021-02-19;4875;5413;157375;61529;4.5;1.8
FR;74;2021-02-20;1550;1737;158925;63266;4.6;1.8
FR;74;2021-02-21;233;415;159158;63681;4.6;1.8
FR;74;2021-02-22;2865;4293;162023;67974;4.7;2.0
FR;74;2021-02-23;4144;4896;166167;72870;4.8;2.1
FR;74;2021-02-24;4516;4844;170683;77714;4.9;2.2
FR;74;2021-02-25;5526;5699;176209;83413;5.1;2.4
FR;74;2021-02-26;5483;4474;181692;87887;5.2;2.5
FR;74;2021-02-27;2008;1367;183700;89254;5.3;2.6
FR;74;2021-02-28;528;294;184228;89548;5.3;2.6
FR;74;2021-03-01;5069;3367;189297;92915;5.4;2.7
FR;74;2021-03-02;7458;4286;196755;97201;5.7;2.8
FR;74;2021-03-03;9704;4266;206459;101467;5.9;2.9
FR;74;2021-03-04;15080;4831;221539;106298;6.4;3.1
FR;74;2021-03-05;21690;4612;243229;110910;7.0;3.2
FR;74;2021-03-06;31270;1424;274499;112334;7.9;3.2
FR;74;2021-03-07;20980;561;295479;112895;8.5;3.2
FR;74;2021-03-08;14221;3687;309700;116582;8.9;3.4
FR;74;2021-03-09;24073;4252;333773;120834;9.6;3.5
FR;74;2021-03-10;26327;4444;360100;125278;10.4;3.6
FR;74;2021-03-11;38360;5351;398460;130629;11.5;3.8
FR;74;2021-03-12;50605;4752;449065;135381;12.9;3.9
FR;74;2021-03-13;47791;1600;496856;136981;14.3;3.9
FR;74;2021-03-14;11938;432;508794;137413;14.6;4.0
FR;74;2021-03-15;25527;3158;534321;140571;15.4;4.0
FR;74;2021-03-16;20034;3857;554355;144428;15.9;4.2
FR;74;2021-03-17;21791;3882;576146;148310;16.6;4.3
FR;74;2021-03-18;24407;4528;600553;152838;17.3;4.4
FR;74;2021-03-19;41333;4001;641886;156839;18.5;4.5
FR;74;2021-03-20;35369;1586;677255;158425;19.5;4.6
FR;74;2021-03-21;9470;412;686725;158837;19.7;4.6
FR;74;2021-03-22;31471;3910;718196;162747;20.6;4.7
FR;74;2021-03-23;50116;4844;768312;167591;22.1;4.8
FR;74;2021-03-24;52086;5222;820398;172813;23.6;5.0
FR;74;2021-03-25;74683;5603;895081;178416;25.7;5.1
FR;74;2021-03-26;80681;5244;975762;183660;28.1;5.3
FR;74;2021-03-27;51000;2412;1026762;186072;29.5;5.3
FR;74;2021-03-28;17788;744;1044550;186816;30.0;5.4
FR;74;2021-03-29;56034;6905;1100584;193721;31.6;5.6
FR;74;2021-03-30;76486;8774;1177070;202495;33.8;5.8
FR;74;2021-03-31;67845;9331;1244915;211826;35.8;6.1
FR;74;2021-04-01;78275;11707;1323190;223533;38.0;6.4
FR;74;2021-04-02;69918;12296;1393108;235829;40.1;6.8
FR;74;2021-04-03;37137;8447;1430245;244276;41.1;7.0
FR;74;2021-04-04;12499;2783;1442744;247059;41.5;7.1
FR;74;2021-04-05;19198;1866;1461942;248925;42.0;7.2
FR;74;2021-04-06;64269;15092;1526211;264017;43.9;7.6
FR;74;2021-04-07;72589;15966;1598800;279983;46.0;8.0
FR;74;2021-04-08;87535;17881;1686335;297864;48.5;8.6
FR;74;2021-04-09;97165;17675;1783500;315539;51.3;9.1
FR;74;2021-04-10;48582;14004;1832082;329543;52.7;9.5
FR;74;2021-04-11;12737;6815;1844819;336358;53.0;9.7
FR;74;2021-04-12;60867;17696;1905686;354054;54.8;10.2
FR;74;2021-04-13;68659;22177;1974345;376231;56.8;10.8
FR;74;2021-04-14;60050;21748;2034395;397979;58.5;11.4
FR;74;2021-04-15;61887;23699;2096282;421678;60.3;12.1
FR;74;2021-04-16;52187;24292;2148469;445970;61.8;12.8
FR;74;2021-04-17;25675;16787;2174144;462757;62.5;13.3
FR;74;2021-04-18;5740;6960;2179884;469717;62.7;13.5
FR;74;2021-04-19;31697;24279;2211581;493996;63.6;14.2
FR;74;2021-04-20;36226;29551;2247807;523547;64.6;15.1
FR;74;2021-04-21;33345;30187;2281152;553734;65.6;15.9
FR;74;2021-04-22;38021;35145;2319173;588879;66.7;16.9
FR;74;2021-04-23;34752;38740;2353925;627619;67.7;18.0
FR;74;2021-04-24;18586;30690;2372511;658309;68.2;18.9
FR;74;2021-04-25;6126;12545;2378637;670854;68.4;19.3
FR;74;2021-04-26;26502;46825;2405139;717679;69.1;20.6
FR;74;2021-04-27;32957;55980;2438096;773659;70.1;22.2
FR;74;2021-04-28;32508;52771;2470604;826430;71.0;23.8
FR;74;2021-04-29;38620;53881;2509224;880311;72.1;25.3
FR;74;2021-04-30;34939;49076;2544163;929387;73.1;26.7
FR;74;2021-05-01;11059;15118;2555222;944505;73.5;27.2
FR;74;2021-05-02;5161;11373;2560383;955878;73.6;27.5
FR;74;2021-05-03;24084;52061;2584467;1007939;74.3;29.0
FR;74;2021-05-04;24977;69180;2609444;1077119;75.0;31.0
FR;74;2021-05-05;22584;64887;2632028;1142006;75.7;32.8
FR;74;2021-05-06;27240;63236;2659268;1205242;76.5;34.7
FR;74;2021-05-07;23174;65956;2682442;1271198;77.1;36.5
FR;74;2021-05-08;7872;14289;2690314;1285487;77.3;37.0
FR;74;2021-05-09;3655;10467;2693969;1295954;77.5;37.3
FR;74;2021-05-10;15936;63032;2709905;1358986;77.9;39.1
FR;74;2021-05-11;20902;64066;2730807;1423052;78.5;40.9
FR;74;2021-05-12;18312;53140;2749119;1476192;79.0;42.4
FR;74;2021-05-13;9057;12078;2758176;1488270;79.3;42.8
FR;74;2021-05-14;16872;37736;2775048;1526006;79.8;43.9
FR;74;2021-05-15;8334;17556;2783382;1543562;80.0;44.4
FR;74;2021-05-16;2980;3498;2786362;1547060;80.1;44.5
FR;74;2021-05-17;12175;30778;2798537;1577838;80.5;45.4
FR;74;2021-05-18;15369;30450;2813906;1608288;80.9;46.2
FR;74;2021-05-19;13937;25375;2827843;1633663;81.3;47.0
FR;74;2021-05-20;15953;27660;2843796;1661323;81.8;47.8
FR;74;2021-05-21;13283;30667;2857079;1691990;82.1;48.6
FR;74;2021-05-22;5745;14208;2862824;1706198;82.3;49.1
FR;74;2021-05-23;1849;2380;2864673;1708578;82.4;49.1
FR;74;2021-05-24;4626;5723;2869299;1714301;82.5;49.3
FR;74;2021-05-25;10518;35170;2879817;1749471;82.8;50.3
FR;74;2021-05-26;9860;32916;2889677;1782387;83.1;51.2
FR;74;2021-05-27;11784;39414;2901461;1821801;83.4;52.4
FR;74;2021-05-28;11143;45010;2912604;1866811;83.7;53.7
FR;74;2021-05-29;4721;24286;2917325;1891097;83.9;54.4
FR;74;2021-05-30;1038;4238;2918363;1895335;83.9;54.5
FR;74;2021-05-31;7499;29809;2925862;1925144;84.1;55.3
FR;74;2021-06-01;10162;40098;2936024;1965242;84.4;56.5
FR;74;2021-06-02;8276;33991;2944300;1999233;84.6;57.5
FR;74;2021-06-03;10322;42234;2954622;2041467;84.9;58.7
FR;79;2020-12-27;1;0;1;0;0.0;0.0
FR;79;2020-12-28;6;0;7;0;0.0;0.0
FR;79;2020-12-29;16;0;23;0;0.0;0.0
FR;79;2020-12-30;12;0;35;0;0.0;0.0
FR;79;2020-12-31;6;0;41;0;0.0;0.0
FR;79;2021-01-01;4;0;45;0;0.0;0.0
FR;79;2021-01-02;4;0;49;0;0.0;0.0
FR;79;2021-01-03;2;0;51;0;0.0;0.0
FR;79;2021-01-04;50;0;101;0;0.0;0.0
FR;79;2021-01-05;172;0;273;0;0.0;0.0
FR;79;2021-01-06;340;1;613;1;0.0;0.0
FR;79;2021-01-07;905;0;1518;1;0.1;0.0
FR;79;2021-01-08;1084;1;2602;2;0.1;0.0
FR;79;2021-01-09;364;0;2966;2;0.1;0.0
FR;79;2021-01-10;191;0;3157;2;0.1;0.0
FR;79;2021-01-11;1152;3;4309;5;0.2;0.0
FR;79;2021-01-12;2208;2;6517;7;0.3;0.0
FR;79;2021-01-13;2748;2;9265;9;0.4;0.0
FR;79;2021-01-14;4438;35;13703;44;0.6;0.0
FR;79;2021-01-15;5266;17;18969;61;0.9;0.0
FR;79;2021-01-16;2823;11;21792;72;1.0;0.0
FR;79;2021-01-17;1307;3;23099;75;1.0;0.0
FR;79;2021-01-18;19664;39;42763;114;1.9;0.0
FR;79;2021-01-19;26050;38;68813;152;3.1;0.0
FR;79;2021-01-20;28061;33;96874;185;4.4;0.0
FR;79;2021-01-21;30067;34;126941;219;5.7;0.0
FR;79;2021-01-22;27933;29;154874;248;7.0;0.0
FR;79;2021-01-23;11666;11;166540;259;7.5;0.0
FR;79;2021-01-24;2172;3;168712;262;7.6;0.0
FR;79;2021-01-25;22557;50;191269;312;8.6;0.0
FR;79;2021-01-26;25738;119;217007;431;9.8;0.0
FR;79;2021-01-27;25014;197;242021;628;10.9;0.0
FR;79;2021-01-28;25212;566;267233;1194;12.1;0.1
FR;79;2021-01-29;22545;565;289778;1759;13.1;0.1
FR;79;2021-01-30;8786;137;298564;1896;13.5;0.1
FR;79;2021-01-31;1231;55;299795;1951;13.5;0.1
FR;79;2021-02-01;16161;647;315956;2598;14.2;0.1
FR;79;2021-02-02;19288;1273;335244;3871;15.1;0.2
FR;79;2021-02-03;18298;1585;353542;5456;15.9;0.2
FR;79;2021-02-04;19194;2537;372736;7993;16.8;0.4
FR;79;2021-02-05;18034;2685;390770;10678;17.6;0.5
FR;79;2021-02-06;6453;1005;397223;11683;17.9;0.5
FR;79;2021-02-07;870;391;398093;12074;18.0;0.5
FR;79;2021-02-08;13087;5815;411180;17889;18.5;0.8
FR;79;2021-02-09;15560;7676;426740;25565;19.2;1.2
FR;79;2021-02-10;15453;8050;442193;33615;19.9;1.5
FR;79;2021-02-11;16534;9611;458727;43226;20.7;1.9
FR;79;2021-02-12;15675;9412;474402;52638;21.4;2.4
FR;79;2021-02-13;5007;4124;479409;56762;21.6;2.6
FR;79;2021-02-14;905;1043;480314;57805;21.7;2.6
FR;79;2021-02-15;7135;19829;487449;77634;22.0;3.5
FR;79;2021-02-16;8354;23630;495803;101264;22.4;4.6
FR;79;2021-02-17;8257;24029;504060;125293;22.7;5.7
FR;79;2021-02-18;10305;24429;514365;149722;23.2;6.8
FR;79;2021-02-19;10319;20769;524684;170491;23.7;7.7
FR;79;2021-02-20;3768;8314;528452;178805;23.8;8.1
FR;79;2021-02-21;549;1557;529001;180362;23.9;8.1
FR;79;2021-02-22;6991;21886;535992;202248;24.2;9.1
FR;79;2021-02-23;9655;23570;545647;225818;24.6;10.2
FR;79;2021-02-24;10031;22211;555678;248029;25.1;11.2
FR;79;2021-02-25;11681;22095;567359;270124;25.6;12.2
FR;79;2021-02-26;12069;19118;579428;289242;26.1;13.0
FR;79;2021-02-27;4422;6736;583850;295978;26.3;13.3
FR;79;2021-02-28;875;1038;584725;297016;26.4;13.4
FR;79;2021-03-01;12121;16459;596846;313475;26.9;14.1
FR;79;2021-03-02;16325;19271;613171;332746;27.7;15.0
FR;79;2021-03-03;17740;18547;630911;351293;28.5;15.8
FR;79;2021-03-04;20931;17684;651842;368977;29.4;16.6
FR;79;2021-03-05;22457;16485;674299;385462;30.4;17.4
FR;79;2021-03-06;29047;5378;703346;390840;31.7;17.6
FR;79;2021-03-07;21091;1047;724437;391887;32.7;17.7
FR;79;2021-03-08;17369;15339;741806;407226;33.5;18.4
FR;79;2021-03-09;25749;16446;767555;423672;34.6;19.1
FR;79;2021-03-10;26881;15613;794436;439285;35.8;19.8
FR;79;2021-03-11;31864;15123;826300;454408;37.3;20.5
FR;79;2021-03-12;33375;12960;859675;467368;38.8;21.1
FR;79;2021-03-13;25287;4241;884962;471609;39.9;21.3
FR;79;2021-03-14;9462;777;894424;472386;40.3;21.3
FR;79;2021-03-15;28469;8709;922893;481095;41.6;21.7
FR;79;2021-03-16;32797;9305;955690;490400;43.1;22.1
FR;79;2021-03-17;33779;9270;989469;499670;44.6;22.5
FR;79;2021-03-18;36674;9755;1026143;509425;46.3;23.0
FR;79;2021-03-19;36694;8879;1062837;518304;47.9;23.4
FR;79;2021-03-20;20667;3287;1083504;521591;48.9;23.5
FR;79;2021-03-21;5874;601;1089378;522192;49.1;23.6
FR;79;2021-03-22;28552;9194;1117930;531386;50.4;24.0
FR;79;2021-03-23;37015;10788;1154945;542174;52.1;24.5
FR;79;2021-03-24;35520;11350;1190465;553524;53.7;25.0
FR;79;2021-03-25;41866;11126;1232331;564650;55.6;25.5
FR;79;2021-03-26;39336;10442;1271667;575092;57.4;25.9
FR;79;2021-03-27;17629;4409;1289296;579501;58.1;26.1
FR;79;2021-03-28;4794;902;1294090;580403;58.4;26.2
FR;79;2021-03-29;22255;15009;1316345;595412;59.4;26.9
FR;79;2021-03-30;27986;18900;1344331;614312;60.6;27.7
FR;79;2021-03-31;24659;19742;1368990;634054;61.7;28.6
FR;79;2021-04-01;27153;23183;1396143;657237;63.0;29.6
FR;79;2021-04-02;23029;24436;1419172;681673;64.0;30.7
FR;79;2021-04-03;10004;17362;1429176;699035;64.5;31.5
FR;79;2021-04-04;2798;5062;1431974;704097;64.6;31.8
FR;79;2021-04-05;4184;2746;1436158;706843;64.8;31.9
FR;79;2021-04-06;18914;28959;1455072;735802;65.6;33.2
FR;79;2021-04-07;21017;29840;1476089;765642;66.6;34.5
FR;79;2021-04-08;24946;29909;1501035;795551;67.7;35.9
FR;79;2021-04-09;26794;28087;1527829;823638;68.9;37.1
FR;79;2021-04-10;13627;18918;1541456;842556;69.5;38.0
FR;79;2021-04-11;3503;6446;1544959;849002;69.7;38.3
FR;79;2021-04-12;16712;28887;1561671;877889;70.4;39.6
FR;79;2021-04-13;19070;34996;1580741;912885;71.3;41.2
FR;79;2021-04-14;18134;33123;1598875;946008;72.1;42.7
FR;79;2021-04-15;19063;33318;1617938;979326;73.0;44.2
FR;79;2021-04-16;16194;31025;1634132;1010351;73.7;45.6
FR;79;2021-04-17;8133;16687;1642265;1027038;74.1;46.3
FR;79;2021-04-18;1766;4830;1644031;1031868;74.1;46.5
FR;79;2021-04-19;9821;29160;1653852;1061028;74.6;47.9
FR;79;2021-04-20;11655;34431;1665507;1095459;75.1;49.4
FR;79;2021-04-21;11269;31200;1676776;1126659;75.6;50.8
FR;79;2021-04-22;12808;31071;1689584;1157730;76.2;52.2
FR;79;2021-04-23;11885;27664;1701469;1185394;76.7;53.5
FR;79;2021-04-24;6134;13707;1707603;1199101;77.0;54.1
FR;79;2021-04-25;1904;3421;1709507;1202522;77.1;54.2
FR;79;2021-04-26;8854;20582;1718361;1223104;77.5;55.2
FR;79;2021-04-27;11017;23643;1729378;1246747;78.0;56.2
FR;79;2021-04-28;11532;20877;1740910;1267624;78.5;57.2
FR;79;2021-04-29;13599;20645;1754509;1288269;79.1;58.1
FR;79;2021-04-30;12770;17578;1767279;1305847;79.7;58.9
FR;79;2021-05-01;3801;3909;1771080;1309756;79.9;59.1
FR;79;2021-05-02;1733;2614;1772813;1312370;80.0;59.2
FR;79;2021-05-03;8538;15078;1781351;1327448;80.3;59.9
FR;79;2021-05-04;8863;20125;1790214;1347573;80.7;60.8
FR;79;2021-05-05;8347;18954;1798561;1366527;81.1;61.6
FR;79;2021-05-06;10172;18757;1808733;1385284;81.6;62.5
FR;79;2021-05-07;8904;19421;1817637;1404705;82.0;63.4
FR;79;2021-05-08;2951;4282;1820588;1408987;82.1;63.5
FR;79;2021-05-09;1377;2986;1821965;1411973;82.2;63.7
FR;79;2021-05-10;6081;17453;1828046;1429426;82.4;64.5
FR;79;2021-05-11;7931;18528;1835977;1447954;82.8;65.3
FR;79;2021-05-12;7191;15760;1843168;1463714;83.1;66.0
FR;79;2021-05-13;3484;3777;1846652;1467491;83.3;66.2
FR;79;2021-05-14;6717;11356;1853369;1478847;83.6;66.7
FR;79;2021-05-15;3268;5089;1856637;1483936;83.7;66.9
FR;79;2021-05-16;1138;1150;1857775;1485086;83.8;67.0
FR;79;2021-05-17;4878;8971;1862653;1494057;84.0;67.4
FR;79;2021-05-18;6025;9108;1868678;1503165;84.3;67.8
FR;79;2021-05-19;5647;7939;1874325;1511104;84.5;68.2
FR;79;2021-05-20;6525;8077;1880850;1519181;84.8;68.5
FR;79;2021-05-21;5549;8709;1886399;1527890;85.1;68.9
FR;79;2021-05-22;2386;3796;1888785;1531686;85.2;69.1
FR;79;2021-05-23;726;786;1889511;1532472;85.2;69.1
FR;79;2021-05-24;1823;1596;1891334;1534068;85.3;69.2
FR;79;2021-05-25;4308;10168;1895642;1544236;85.5;69.6
FR;79;2021-05-26;4215;9484;1899857;1553720;85.7;70.1
FR;79;2021-05-27;5141;10924;1904998;1564644;85.9;70.6
FR;79;2021-05-28;4653;12348;1909651;1576992;86.1;71.1
FR;79;2021-05-29;2027;6648;1911678;1583640;86.2;71.4
FR;79;2021-05-30;433;1251;1912111;1584891;86.2;71.5
FR;79;2021-05-31;3138;9006;1915249;1593897;86.4;71.9
FR;79;2021-06-01;4346;11064;1919595;1604961;86.6;72.4
FR;79;2021-06-02;3753;9664;1923348;1614625;86.7;72.8
FR;79;2021-06-03;4619;11167;1927967;1625792;87.0;73.3
FR;80;2020-12-27;10;2;10;2;0.0;0.0
FR;80;2020-12-28;41;0;51;2;0.0;0.0
FR;80;2020-12-29;78;0;129;2;0.0;0.0
FR;80;2020-12-30;69;0;198;2;0.0;0.0
FR;80;2020-12-31;49;0;247;2;0.0;0.0
FR;80;2021-01-01;9;0;256;2;0.0;0.0
FR;80;2021-01-02;8;0;264;2;0.0;0.0
FR;80;2021-01-03;2;0;266;2;0.0;0.0
FR;80;2021-01-04;297;1;563;3;0.0;0.0
FR;80;2021-01-05;909;1;1472;4;0.0;0.0
FR;80;2021-01-06;1675;2;3147;6;0.1;0.0
FR;80;2021-01-07;6292;4;9439;10;0.2;0.0
FR;80;2021-01-08;5766;11;15205;21;0.4;0.0
FR;80;2021-01-09;979;0;16184;21;0.4;0.0
FR;80;2021-01-10;310;0;16494;21;0.4;0.0
FR;80;2021-01-11;4440;8;20934;29;0.5;0.0
FR;80;2021-01-12;12722;18;33656;47;0.8;0.0
FR;80;2021-01-13;12457;19;46113;66;1.1;0.0
FR;80;2021-01-14;18245;118;64358;184;1.5;0.0
FR;80;2021-01-15;12164;34;76522;218;1.8;0.0
FR;80;2021-01-16;4039;28;80561;246;1.9;0.0
FR;80;2021-01-17;3746;20;84307;266;2.0;0.0
FR;80;2021-01-18;28762;72;113069;338;2.7;0.0
FR;80;2021-01-19;53782;109;166851;447;4.0;0.0
FR;80;2021-01-20;59465;115;226316;562;5.4;0.0
FR;80;2021-01-21;69973;82;296289;644;7.1;0.0
FR;80;2021-01-22;48352;72;344641;716;8.3;0.0
FR;80;2021-01-23;16220;9;360861;725;8.7;0.0
FR;80;2021-01-24;4314;2;365175;727;8.8;0.0
FR;80;2021-01-25;32427;152;397602;879;9.6;0.0
FR;80;2021-01-26;45117;536;442719;1415;10.6;0.0
FR;80;2021-01-27;50885;895;493604;2310;11.9;0.1
FR;80;2021-01-28;60032;3949;553636;6259;13.3;0.2
FR;80;2021-01-29;39343;3277;592979;9536;14.3;0.2
FR;80;2021-01-30;13222;592;606201;10128;14.6;0.2
FR;80;2021-01-31;2333;286;608534;10414;14.6;0.3
FR;80;2021-02-01;23019;2785;631553;13199;15.2;0.3
FR;80;2021-02-02;33535;7430;665088;20629;16.0;0.5
FR;80;2021-02-03;34432;7875;699520;28504;16.8;0.7
FR;80;2021-02-04;38071;12584;737591;41088;17.7;1.0
FR;80;2021-02-05;29796;9528;767387;50616;18.5;1.2
FR;80;2021-02-06;9704;2126;777091;52742;18.7;1.3
FR;80;2021-02-07;1449;1867;778540;54609;18.7;1.3
FR;80;2021-02-08;19352;11144;797892;65753;19.2;1.6
FR;80;2021-02-09;25896;25608;823788;91361;19.8;2.2
FR;80;2021-02-10;26312;28924;850100;120285;20.4;2.9
FR;80;2021-02-11;30512;38122;880612;158407;21.2;3.8
FR;80;2021-02-12;26725;24681;907337;183088;21.8;4.4
FR;80;2021-02-13;7935;6526;915272;189614;22.0;4.6
FR;80;2021-02-14;1508;3100;916780;192714;22.0;4.6
FR;80;2021-02-15;11137;28313;927917;221027;22.3;5.3
FR;80;2021-02-16;15554;38933;943471;259960;22.7;6.3
FR;80;2021-02-17;15937;44491;959408;304451;23.1;7.3
FR;80;2021-02-18;21548;52521;980956;356972;23.6;8.6
FR;80;2021-02-19;19053;37497;1000009;394469;24.1;9.5
FR;80;2021-02-20;6302;12326;1006311;406795;24.2;9.8
FR;80;2021-02-21;913;2970;1007224;409765;24.2;9.9
FR;80;2021-02-22;11172;30693;1018396;440458;24.5;10.6
FR;80;2021-02-23;17106;37263;1035502;477721;24.9;11.5
FR;80;2021-02-24;17982;37085;1053484;514806;25.3;12.4
FR;80;2021-02-25;22284;40866;1075768;555672;25.9;13.4
FR;80;2021-02-26;20520;30913;1096288;586585;26.4;14.1
FR;80;2021-02-27;7169;10284;1103457;596869;26.5;14.4
FR;80;2021-02-28;1260;2121;1104717;598990;26.6;14.4
FR;80;2021-03-01;18779;23212;1123496;622202;27.0;15.0
FR;80;2021-03-02;26889;29107;1150385;651309;27.7;15.7
FR;80;2021-03-03;28692;29240;1179077;680549;28.4;16.4
FR;80;2021-03-04;34886;29697;1213963;710246;29.2;17.1
FR;80;2021-03-05;35863;27483;1249826;737729;30.1;17.7
FR;80;2021-03-06;41366;8356;1291192;746085;31.1;17.9
FR;80;2021-03-07;29709;2027;1320901;748112;31.8;18.0
FR;80;2021-03-08;27162;22493;1348063;770605;32.4;18.5
FR;80;2021-03-09;40705;24663;1388768;795268;33.4;19.1
FR;80;2021-03-10;43103;25386;1431871;820654;34.4;19.7
FR;80;2021-03-11;51636;26882;1483507;847536;35.7;20.4
FR;80;2021-03-12;52100;22969;1535607;870505;36.9;20.9
FR;80;2021-03-13;37427;7012;1573034;877517;37.8;21.1
FR;80;2021-03-14;13878;1522;1586912;879039;38.2;21.1
FR;80;2021-03-15;44035;13929;1630947;892968;39.2;21.5
FR;80;2021-03-16;51794;17035;1682741;910003;40.5;21.9
FR;80;2021-03-17;54627;16546;1737368;926549;41.8;22.3
FR;80;2021-03-18;58462;18825;1795830;945374;43.2;22.7
FR;80;2021-03-19;57321;15725;1853151;961099;44.6;23.1
FR;80;2021-03-20;30972;5337;1884123;966436;45.3;23.2
FR;80;2021-03-21;8686;1093;1892809;967529;45.5;23.3
FR;80;2021-03-22;42826;14546;1935635;982075;46.6;23.6
FR;80;2021-03-23;55553;18035;1991188;1000110;47.9;24.1
FR;80;2021-03-24;54388;19047;2045576;1019157;49.2;24.5
FR;80;2021-03-25;63939;19578;2109515;1038735;50.7;25.0
FR;80;2021-03-26;60087;18254;2169602;1056989;52.2;25.4
FR;80;2021-03-27;26552;7344;2196154;1064333;52.8;25.6
FR;80;2021-03-28;6924;1449;2203078;1065782;53.0;25.6
FR;80;2021-03-29;32823;23387;2235901;1089169;53.8;26.2
FR;80;2021-03-30;43151;30715;2279052;1119884;54.8;26.9
FR;80;2021-03-31;40468;32083;2319520;1151967;55.8;27.7
FR;80;2021-04-01;46064;37712;2365584;1189679;56.9;28.6
FR;80;2021-04-02;37046;39715;2402630;1229394;57.8;29.6
FR;80;2021-04-03;14489;26084;2417119;1255478;58.1;30.2
FR;80;2021-04-04;3866;7559;2420985;1263037;58.2;30.4
FR;80;2021-04-05;5615;4080;2426600;1267117;58.4;30.5
FR;80;2021-04-06;27529;44936;2454129;1312053;59.0;31.6
FR;80;2021-04-07;33429;48371;2487558;1360424;59.8;32.7
FR;80;2021-04-08;39986;49516;2527544;1409940;60.8;33.9
FR;80;2021-04-09;43426;46303;2570970;1456243;61.8;35.0
FR;80;2021-04-10;19811;28865;2590781;1485108;62.3;35.7
FR;80;2021-04-11;4832;9355;2595613;1494463;62.4;35.9
FR;80;2021-04-12;23475;45130;2619088;1539593;63.0;37.0
FR;80;2021-04-13;30144;54591;2649232;1594184;63.7;38.3
FR;80;2021-04-14;28947;52126;2678179;1646310;64.4;39.6
FR;80;2021-04-15;31343;52631;2709522;1698941;65.2;40.9
FR;80;2021-04-16;26381;48955;2735903;1747896;65.8;42.0
FR;80;2021-04-17;12318;25585;2748221;1773481;66.1;42.7
FR;80;2021-04-18;2529;7615;2750750;1781096;66.2;42.8
FR;80;2021-04-19;14212;43651;2764962;1824747;66.5;43.9
FR;80;2021-04-20;17870;53017;2782832;1877764;66.9;45.2
FR;80;2021-04-21;17903;49759;2800735;1927523;67.4;46.4
FR;80;2021-04-22;20589;51180;2821324;1978703;67.9;47.6
FR;80;2021-04-23;19020;44570;2840344;2023273;68.3;48.7
FR;80;2021-04-24;9366;21183;2849710;2044456;68.5;49.2
FR;80;2021-04-25;2672;5147;2852382;2049603;68.6;49.3
FR;80;2021-04-26;12274;30552;2864656;2080155;68.9;50.0
FR;80;2021-04-27;16694;36387;2881350;2116542;69.3;50.9
FR;80;2021-04-28;17892;34557;2899242;2151099;69.7;51.7
FR;80;2021-04-29;21660;35614;2920902;2186713;70.3;52.6
FR;80;2021-04-30;20306;29537;2941208;2216250;70.7;53.3
FR;80;2021-05-01;5790;5809;2946998;2222059;70.9;53.4
FR;80;2021-05-02;2595;3849;2949593;2225908;70.9;53.5
FR;80;2021-05-03;12423;21318;2962016;2247226;71.2;54.0
FR;80;2021-05-04;13789;29935;2975805;2277161;71.6;54.8
FR;80;2021-05-05;13496;29277;2989301;2306438;71.9;55.5
FR;80;2021-05-06;15820;29487;3005121;2335925;72.3;56.2
FR;80;2021-05-07;14523;29737;3019644;2365662;72.6;56.9
FR;80;2021-05-08;4503;6032;3024147;2371694;72.7;57.0
FR;80;2021-05-09;1912;4141;3026059;2375835;72.8;57.1
FR;80;2021-05-10;9135;24335;3035194;2400170;73.0;57.7
FR;80;2021-05-11;12516;27159;3047710;2427329;73.3;58.4
FR;80;2021-05-12;11435;23553;3059145;2450882;73.6;58.9
FR;80;2021-05-13;4879;5394;3064024;2456276;73.7;59.1
FR;80;2021-05-14;10338;16350;3074362;2472626;73.9;59.5
FR;80;2021-05-15;4810;7328;3079172;2479954;74.1;59.6
FR;80;2021-05-16;1533;1525;3080705;2481479;74.1;59.7
FR;80;2021-05-17;7019;13094;3087724;2494573;74.3;60.0
FR;80;2021-05-18;9479;13458;3097203;2508031;74.5;60.3
FR;80;2021-05-19;8855;12064;3106058;2520095;74.7;60.6
FR;80;2021-05-20;10592;12649;3116650;2532744;75.0;60.9
FR;80;2021-05-21;8728;13037;3125378;2545781;75.2;61.2
FR;80;2021-05-22;3815;5184;3129193;2550965;75.3;61.4
FR;80;2021-05-23;1007;1132;3130200;2552097;75.3;61.4
FR;80;2021-05-24;2568;2220;3132768;2554317;75.3;61.4
FR;80;2021-05-25;6526;14186;3139294;2568503;75.5;61.8
FR;80;2021-05-26;6626;14178;3145920;2582681;75.7;62.1
FR;80;2021-05-27;8506;16763;3154426;2599444;75.9;62.5
FR;80;2021-05-28;8111;18008;3162537;2617452;76.1;63.0
FR;80;2021-05-29;3398;8792;3165935;2626244;76.1;63.2
FR;80;2021-05-30;634;1593;3166569;2627837;76.2;63.2
FR;80;2021-05-31;4893;12661;3171462;2640498;76.3;63.5
FR;80;2021-06-01;7120;16550;3178582;2657048;76.4;63.9
FR;80;2021-06-02;6096;14759;3184678;2671807;76.6;64.3
FR;80;2021-06-03;7932;16777;3192610;2688584;76.8;64.7
FR;0;2020-12-27;20;2;20;2;0.0;0.0
FR;0;2020-12-28;69;0;89;2;0.0;0.0
FR;0;2020-12-29;108;0;197;2;0.0;0.0
FR;0;2020-12-30;120;0;317;2;0.0;0.0
FR;0;2020-12-31;85;0;402;2;0.0;0.0
FR;0;2021-01-01;68;1;470;3;0.0;0.0
FR;0;2021-01-02;86;2;556;5;0.0;0.0
FR;0;2021-01-03;90;0;646;5;0.0;0.0
FR;0;2021-01-04;1477;7;2123;12;0.0;0.0
FR;0;2021-01-05;5391;17;7514;29;0.0;0.0
FR;0;2021-01-06;11294;28;18808;57;0.0;0.0
FR;0;2021-01-07;28554;63;47362;120;0.1;0.0
FR;0;2021-01-08;36222;72;83584;192;0.1;0.0
FR;0;2021-01-09;10913;14;94497;206;0.1;0.0
FR;0;2021-01-10;5618;9;100115;215;0.1;0.0
FR;0;2021-01-11;38967;91;139082;306;0.2;0.0
FR;0;2021-01-12;60819;145;199901;451;0.3;0.0
FR;0;2021-01-13;63739;170;263640;621;0.4;0.0
FR;0;2021-01-14;79826;712;343466;1333;0.5;0.0
FR;0;2021-01-15;67460;283;410926;1616;0.6;0.0
FR;0;2021-01-16;19705;117;430631;1733;0.6;0.0
FR;0;2021-01-17;10465;60;441096;1793;0.7;0.0
FR;0;2021-01-18;84345;310;525441;2103;0.8;0.0
FR;0;2021-01-19;128423;348;653864;2451;1.0;0.0
FR;0;2021-01-20;135101;348;788965;2799;1.2;0.0
FR;0;2021-01-21;155267;326;944232;3125;1.4;0.0
FR;0;2021-01-22;118543;349;1062775;3474;1.6;0.0
FR;0;2021-01-23;37787;73;1100562;3547;1.6;0.0
FR;0;2021-01-24;9361;39;1109923;3586;1.7;0.0
FR;0;2021-01-25;76788;1327;1186711;4913;1.8;0.0
FR;0;2021-01-26;98766;3239;1285477;8152;1.9;0.0
FR;0;2021-01-27;105605;5747;1391082;13899;2.1;0.0
FR;0;2021-01-28;122294;14595;1513376;28494;2.3;0.0
FR;0;2021-01-29;90850;17464;1604226;45958;2.4;0.1
FR;0;2021-01-30;28644;4264;1632870;50222;2.4;0.1
FR;0;2021-01-31;4866;1686;1637736;51908;2.4;0.1
FR;0;2021-02-01;51539;21201;1689275;73109;2.5;0.1
FR;0;2021-02-02;70652;34724;1759927;107833;2.6;0.2
FR;0;2021-02-03;70935;37142;1830862;144975;2.7;0.2
FR;0;2021-02-04;80511;50272;1911373;195247;2.8;0.3
FR;0;2021-02-05;67056;45510;1978429;240757;2.9;0.4
FR;0;2021-02-06;21288;10436;1999717;251193;3.0;0.4
FR;0;2021-02-07;4824;5078;2004541;256271;3.0;0.4
FR;0;2021-02-08;45823;46198;2050364;302469;3.1;0.5
FR;0;2021-02-09;64717;72859;2115081;375328;3.2;0.6
FR;0;2021-02-10;69222;77253;2184303;452581;3.3;0.7
FR;0;2021-02-11;85552;100022;2269855;552603;3.4;0.8
FR;0;2021-02-12;77680;75070;2347535;627673;3.5;0.9
FR;0;2021-02-13;21656;19617;2369191;647290;3.5;1.0
FR;0;2021-02-14;4581;7231;2373772;654521;3.5;1.0
FR;0;2021-02-15;37038;76992;2410810;731513;3.6;1.1
FR;0;2021-02-16;49187;101340;2459997;832853;3.7;1.2
FR;0;2021-02-17;49292;103576;2509289;936429;3.7;1.4
FR;0;2021-02-18;67894;119517;2577183;1055946;3.8;1.6
FR;0;2021-02-19;63665;91606;2640848;1147552;3.9;1.7
FR;0;2021-02-20;17958;28591;2658806;1176143;4.0;1.8
FR;0;2021-02-21;2857;6411;2661663;1182554;4.0;1.8
FR;0;2021-02-22;36448;73638;2698111;1256192;4.0;1.9
FR;0;2021-02-23;52577;84695;2750688;1340887;4.1;2.0
FR;0;2021-02-24;57980;81771;2808668;1422658;4.2;2.1
FR;0;2021-02-25;98491;92780;2907159;1515438;4.3;2.3
FR;0;2021-02-26;111627;72366;3018786;1587804;4.5;2.4
FR;0;2021-02-27;51096;22460;3069882;1610264;4.6;2.4
FR;0;2021-02-28;5666;4489;3075548;1614753;4.6;2.4
FR;0;2021-03-01;63533;53519;3139081;1668272;4.7;2.5
FR;0;2021-03-02;99251;67429;3238332;1735701;4.8;2.6
FR;0;2021-03-03;113428;66979;3351760;1802680;5.0;2.7
FR;0;2021-03-04;160082;71127;3511842;1873807;5.2;2.8
FR;0;2021-03-05;197528;66029;3709370;1939836;5.5;2.9
FR;0;2021-03-06;204515;19620;3913885;1959456;5.8;2.9
FR;0;2021-03-07;119665;6505;4033550;1965961;6.0;2.9
FR;0;2021-03-08;104613;52026;4138163;2017987;6.2;3.0
FR;0;2021-03-09;169473;58768;4307636;2076755;6.4;3.1
FR;0;2021-03-10;175463;59246;4483099;2136001;6.7;3.2
FR;0;2021-03-11;239103;66140;4722202;2202141;7.0;3.3
FR;0;2021-03-12;290434;56912;5012636;2259053;7.5;3.4
FR;0;2021-03-13;227734;17275;5240370;2276328;7.8;3.4
FR;0;2021-03-14;62056;4090;5302426;2280418;7.9;3.4
FR;0;2021-03-15;155573;34739;5457999;2315157;8.1;3.4
FR;0;2021-03-16;139187;41495;5597186;2356652;8.3;3.5
FR;0;2021-03-17;147891;41028;5745077;2397680;8.6;3.6
FR;0;2021-03-18;164871;47685;5909948;2445365;8.8;3.6
FR;0;2021-03-19;226317;41379;6136265;2486744;9.1;3.7
FR;0;2021-03-20;164356;14072;6300621;2500816;9.4;3.7
FR;0;2021-03-21;48717;3500;6349338;2504316;9.5;3.7
FR;0;2021-03-22;166909;37344;6516247;2541660;9.7;3.8
FR;0;2021-03-23;246466;46775;6762713;2588435;10.1;3.9
FR;0;2021-03-24;253029;48308;7015742;2636743;10.5;3.9
FR;0;2021-03-25;337162;50859;7352904;2687602;11.0;4.0
FR;0;2021-03-26;354255;48525;7707159;2736127;11.5;4.1
FR;0;2021-03-27;192759;20164;7899918;2756291;11.8;4.1
FR;0;2021-03-28;58282;4818;7958200;2761109;11.9;4.1
FR;0;2021-03-29;200206;58247;8158406;2819356;12.2;4.2
FR;0;2021-03-30;281640;75668;8440046;2895024;12.6;4.3
FR;0;2021-03-31;259202;79034;8699248;2974058;13.0;4.4
FR;0;2021-04-01;309676;96012;9008924;3070070;13.4;4.6
FR;0;2021-04-02;277355;99114;9286279;3169184;13.8;4.7
FR;0;2021-04-03;139005;65139;9425284;3234323;14.0;4.8
FR;0;2021-04-04;44837;19927;9470121;3254250;14.1;4.8
FR;0;2021-04-05;58740;12737;9528861;3266987;14.2;4.9
FR;0;2021-04-06;212735;113360;9741596;3380347;14.5;5.0
FR;0;2021-04-07;255955;122769;9997551;3503116;14.9;5.2
FR;0;2021-04-08;332356;131690;10329907;3634806;15.4;5.4
FR;0;2021-04-09;404311;127372;10734218;3762178;16.0;5.6
FR;0;2021-04-10;209912;88189;10944130;3850367;16.3;5.7
FR;0;2021-04-11;54950;36330;10999080;3886697;16.4;5.8
FR;0;2021-04-12;233588;121625;11232668;4008322;16.7;6.0
FR;0;2021-04-13;304790;153624;11537458;4161946;17.2;6.2
FR;0;2021-04-14;289146;148538;11826604;4310484;17.6;6.4
FR;0;2021-04-15;331264;158489;12157868;4468973;18.1;6.7
FR;0;2021-04-16;334397;155726;12492265;4624699;18.6;6.9
FR;0;2021-04-17;185917;95619;12678182;4720318;18.9;7.0
FR;0;2021-04-18;50402;37208;12728584;4757526;19.0;7.1
FR;0;2021-04-19;202331;145066;12930915;4902592;19.3;7.3
FR;0;2021-04-20;250160;179325;13181075;5081917;19.6;7.6
FR;0;2021-04-21;248767;177609;13429842;5259526;20.0;7.8
FR;0;2021-04-22;282447;198825;13712289;5458351;20.4;8.1
FR;0;2021-04-23;289663;194771;14001952;5653122;20.9;8.4
FR;0;2021-04-24;187455;119652;14189407;5772774;21.1;8.6
FR;0;2021-04-25;68115;41699;14257522;5814473;21.2;8.7
FR;0;2021-04-26;215527;166744;14473049;5981217;21.6;8.9
FR;0;2021-04-27;279678;207277;14752727;6188494;22.0;9.2
FR;0;2021-04-28;294025;204415;15046752;6392909;22.4;9.5
FR;0;2021-04-29;351489;226542;15398241;6619451;22.9;9.9
FR;0;2021-04-30;366436;219556;15764677;6839007;23.5;10.2
FR;0;2021-05-01;163113;61568;15927790;6900575;23.7;10.3
FR;0;2021-05-02;89731;42366;16017521;6942941;23.9;10.3
FR;0;2021-05-03;282154;187035;16299675;7129976;24.3;10.6
FR;0;2021-05-04;308390;247088;16608065;7377064;24.7;11.0
FR;0;2021-05-05;318307;246342;16926372;7623406;25.2;11.4
FR;0;2021-05-06;371423;269364;17297795;7892770;25.8;11.8
FR;0;2021-05-07;365528;294866;17663323;8187636;26.3;12.2
FR;0;2021-05-08;208295;79295;17871618;8266931;26.6;12.3
FR;0;2021-05-09;127393;54207;17999011;8321138;26.8;12.4
FR;0;2021-05-10;303241;251733;18302252;8572871;27.3;12.8
FR;0;2021-05-11;395436;292985;18697688;8865856;27.9;13.2
FR;0;2021-05-12;420759;265347;19118447;9131203;28.5;13.6
FR;0;2021-05-13;331024;75949;19449471;9207152;29.0;13.7
FR;0;2021-05-14;442427;199421;19891898;9406573;29.6;14.0
FR;0;2021-05-15;364472;117523;20256370;9524096;30.2;14.2
FR;0;2021-05-16;199293;32870;20455663;9556966;30.5;14.2
FR;0;2021-05-17;367055;175973;20822718;9732939;31.0;14.5
FR;0;2021-05-18;444468;188016;21267186;9920955;31.7;14.8
FR;0;2021-05-19;454662;178770;21721848;10099725;32.4;15.0
FR;0;2021-05-20;494027;200174;22215875;10299899;33.1;15.3
FR;0;2021-05-21;475877;217204;22691752;10517103;33.8;15.7
FR;0;2021-05-22;340543;106018;23032295;10623121;34.3;15.8
FR;0;2021-05-23;158415;25713;23190710;10648834;34.6;15.9
FR;0;2021-05-24;256600;51519;23447310;10700353;34.9;15.9
FR;0;2021-05-25;389435;222906;23836745;10923259;35.5;16.3
FR;0;2021-05-26;396078;222447;24232823;11145706;36.1;16.6
FR;0;2021-05-27;437627;262549;24670450;11408255;36.8;17.0
FR;0;2021-05-28;417515;314288;25087965;11722543;37.4;17.5
FR;0;2021-05-29;293415;180245;25381380;11902788;37.8;17.7
FR;0;2021-05-30;104322;41429;25485702;11944217;38.0;17.8
FR;0;2021-05-31;348992;239196;25834694;12183413;38.5;18.2
FR;0;2021-06-01;409729;299318;26244423;12482731;39.1;18.6
FR;0;2021-06-02;395222;273500;26639645;12756231;39.7;19.0
FR;0;2021-06-03;444679;308851;27084324;13065082;40.4;19.5
