fra;clage_vacsi;jour;n_dose1;n_complet;n_cum_dose1;n_cum_complet;couv_dose1;couv_complet
FR;24;2020-12-27;1;0;1;0;0.0;0.0
FR;24;2020-12-28;2;0;3;0;0.0;0.0
FR;24;2020-12-29;0;0;3;0;0.0;0.0
FR;24;2020-12-30;0;0;3;0;0.0;0.0
FR;24;2020-12-31;0;0;3;0;0.0;0.0
FR;24;2021-01-01;1;0;4;0;0.0;0.0
FR;24;2021-01-02;1;0;5;0;0.0;0.0
FR;24;2021-01-03;2;0;7;0;0.0;0.0
FR;24;2021-01-04;4;0;11;0;0.0;0.0
FR;24;2021-01-05;17;1;28;1;0.0;0.0
FR;24;2021-01-06;36;0;64;1;0.0;0.0
FR;24;2021-01-07;180;0;244;1;0.0;0.0
FR;24;2021-01-08;216;0;460;1;0.0;0.0
FR;24;2021-01-09;40;0;500;1;0.0;0.0
FR;24;2021-01-10;35;0;535;1;0.0;0.0
FR;24;2021-01-11;251;2;786;3;0.0;0.0
FR;24;2021-01-12;397;5;1183;8;0.0;0.0
FR;24;2021-01-13;477;4;1660;12;0.0;0.0
FR;24;2021-01-14;612;6;2272;18;0.0;0.0
FR;24;2021-01-15;594;1;2866;19;0.1;0.0
FR;24;2021-01-16;117;3;2983;22;0.1;0.0
FR;24;2021-01-17;94;0;3077;22;0.1;0.0
FR;24;2021-01-18;508;4;3585;26;0.1;0.0
FR;24;2021-01-19;595;3;4180;29;0.1;0.0
FR;24;2021-01-20;649;0;4829;29;0.1;0.0
FR;24;2021-01-21;757;4;5586;33;0.1;0.0
FR;24;2021-01-22;601;4;6187;37;0.1;0.0
FR;24;2021-01-23;116;0;6303;37;0.1;0.0
FR;24;2021-01-24;22;0;6325;37;0.1;0.0
FR;24;2021-01-25;294;3;6619;40;0.1;0.0
FR;24;2021-01-26;366;12;6985;52;0.1;0.0
FR;24;2021-01-27;441;14;7426;66;0.1;0.0
FR;24;2021-01-28;595;51;8021;117;0.1;0.0
FR;24;2021-01-29;467;82;8488;199;0.2;0.0
FR;24;2021-01-30;87;16;8575;215;0.2;0.0
FR;24;2021-01-31;25;13;8600;228;0.2;0.0
FR;24;2021-02-01;157;134;8757;362;0.2;0.0
FR;24;2021-02-02;216;182;8973;544;0.2;0.0
FR;24;2021-02-03;217;185;9190;729;0.2;0.0
FR;24;2021-02-04;358;316;9548;1045;0.2;0.0
FR;24;2021-02-05;346;344;9894;1389;0.2;0.0
FR;24;2021-02-06;83;71;9977;1460;0.2;0.0
FR;24;2021-02-07;169;32;10146;1492;0.2;0.0
FR;24;2021-02-08;388;358;10534;1850;0.2;0.0
FR;24;2021-02-09;745;457;11279;2307;0.2;0.0
FR;24;2021-02-10;1091;596;12370;2903;0.2;0.1
FR;24;2021-02-11;1574;703;13944;3606;0.3;0.1
FR;24;2021-02-12;1622;563;15566;4169;0.3;0.1
FR;24;2021-02-13;292;92;15858;4261;0.3;0.1
FR;24;2021-02-14;62;30;15920;4291;0.3;0.1
FR;24;2021-02-15;1038;379;16958;4670;0.3;0.1
FR;24;2021-02-16;1563;578;18521;5248;0.3;0.1
FR;24;2021-02-17;1493;497;20014;5745;0.4;0.1
FR;24;2021-02-18;1945;628;21959;6373;0.4;0.1
FR;24;2021-02-19;1855;554;23814;6927;0.4;0.1
FR;24;2021-02-20;333;87;24147;7014;0.4;0.1
FR;24;2021-02-21;40;18;24187;7032;0.4;0.1
FR;24;2021-02-22;1167;284;25354;7316;0.5;0.1
FR;24;2021-02-23;1587;385;26941;7701;0.5;0.1
FR;24;2021-02-24;1650;328;28591;8029;0.5;0.1
FR;24;2021-02-25;2275;464;30866;8493;0.6;0.2
FR;24;2021-02-26;2196;392;33062;8885;0.6;0.2
FR;24;2021-02-27;532;84;33594;8969;0.6;0.2
FR;24;2021-02-28;93;15;33687;8984;0.6;0.2
FR;24;2021-03-01;1258;229;34945;9213;0.6;0.2
FR;24;2021-03-02;1659;296;36604;9509;0.7;0.2
FR;24;2021-03-03;1756;350;38360;9859;0.7;0.2
FR;24;2021-03-04;2143;500;40503;10359;0.7;0.2
FR;24;2021-03-05;3289;486;43792;10845;0.8;0.2
FR;24;2021-03-06;1704;137;45496;10982;0.8;0.2
FR;24;2021-03-07;980;64;46476;11046;0.9;0.2
FR;24;2021-03-08;1960;236;48436;11282;0.9;0.2
FR;24;2021-03-09;2603;304;51039;11586;0.9;0.2
FR;24;2021-03-10;2430;344;53469;11930;1.0;0.2
FR;24;2021-03-11;2919;489;56388;12419;1.0;0.2
FR;24;2021-03-12;3815;425;60203;12844;1.1;0.2
FR;24;2021-03-13;1482;92;61685;12936;1.1;0.2
FR;24;2021-03-14;532;35;62217;12971;1.1;0.2
FR;24;2021-03-15;1830;242;64047;13213;1.2;0.2
FR;24;2021-03-16;823;312;64870;13525;1.2;0.2
FR;24;2021-03-17;1072;319;65942;13844;1.2;0.3
FR;24;2021-03-18;1299;436;67241;14280;1.2;0.3
FR;24;2021-03-19;1868;358;69109;14638;1.3;0.3
FR;24;2021-03-20;831;88;69940;14726;1.3;0.3
FR;24;2021-03-21;633;53;70573;14779;1.3;0.3
FR;24;2021-03-22;1502;292;72075;15071;1.3;0.3
FR;24;2021-03-23;1795;396;73870;15467;1.4;0.3
FR;24;2021-03-24;2154;357;76024;15824;1.4;0.3
FR;24;2021-03-25;2559;494;78583;16318;1.4;0.3
FR;24;2021-03-26;3158;480;81741;16798;1.5;0.3
FR;24;2021-03-27;1897;195;83638;16993;1.5;0.3
FR;24;2021-03-28;1010;74;84648;17067;1.6;0.3
FR;24;2021-03-29;2438;372;87086;17439;1.6;0.3
FR;24;2021-03-30;3609;521;90695;17960;1.7;0.3
FR;24;2021-03-31;4136;526;94831;18486;1.7;0.3
FR;24;2021-04-01;5403;752;100234;19238;1.8;0.4
FR;24;2021-04-02;4452;627;104686;19865;1.9;0.4
FR;24;2021-04-03;1748;342;106434;20207;2.0;0.4
FR;24;2021-04-04;954;124;107388;20331;2.0;0.4
FR;24;2021-04-05;1094;129;108482;20460;2.0;0.4
FR;24;2021-04-06;3541;580;112023;21040;2.1;0.4
FR;24;2021-04-07;4779;810;116802;21850;2.2;0.4
FR;24;2021-04-08;6359;1105;123161;22955;2.3;0.4
FR;24;2021-04-09;5768;1048;128929;24003;2.4;0.4
FR;24;2021-04-10;2625;562;131554;24565;2.4;0.5
FR;24;2021-04-11;1255;307;132809;24872;2.4;0.5
FR;24;2021-04-12;3437;926;136246;25798;2.5;0.5
FR;24;2021-04-13;4754;1145;141000;26943;2.6;0.5
FR;24;2021-04-14;4943;1306;145943;28249;2.7;0.5
FR;24;2021-04-15;5194;1571;151137;29820;2.8;0.5
FR;24;2021-04-16;4799;1679;155936;31499;2.9;0.6
FR;24;2021-04-17;2118;797;158054;32296;2.9;0.6
FR;24;2021-04-18;724;437;158778;32733;2.9;0.6
FR;24;2021-04-19;2916;1514;161694;34247;3.0;0.6
FR;24;2021-04-20;3096;2116;164790;36363;3.0;0.7
FR;24;2021-04-21;3416;2465;168206;38828;3.1;0.7
FR;24;2021-04-22;3995;3115;172201;41943;3.2;0.8
FR;24;2021-04-23;4165;3278;176366;45221;3.3;0.8
FR;24;2021-04-24;2383;1677;178749;46898;3.3;0.9
FR;24;2021-04-25;1221;803;179970;47701;3.3;0.9
FR;24;2021-04-26;3061;2171;183031;49872;3.4;0.9
FR;24;2021-04-27;3881;3160;186912;53032;3.4;1.0
FR;24;2021-04-28;4387;3737;191299;56769;3.5;1.0
FR;24;2021-04-29;5455;4436;196754;61205;3.6;1.1
FR;24;2021-04-30;6161;4602;202915;65807;3.7;1.2
FR;24;2021-05-01;3962;1075;206877;66882;3.8;1.2
FR;24;2021-05-02;2737;901;209614;67783;3.9;1.2
FR;24;2021-05-03;6256;4139;215870;71922;4.0;1.3
FR;24;2021-05-04;7491;4704;223361;76626;4.1;1.4
FR;24;2021-05-05;8659;4937;232020;81563;4.3;1.5
FR;24;2021-05-06;10807;6358;242827;87921;4.5;1.6
FR;24;2021-05-07;11968;6399;254795;94320;4.7;1.7
FR;24;2021-05-08;9880;2524;264675;96844;4.9;1.8
FR;24;2021-05-09;6862;1928;271537;98772;5.0;1.8
FR;24;2021-05-10;10944;4942;282481;103714;5.2;1.9
FR;24;2021-05-11;15383;5726;297864;109440;5.5;2.0
FR;24;2021-05-12;22361;6101;320225;115541;5.9;2.1
FR;24;2021-05-13;26946;2978;347171;118519;6.4;2.2
FR;24;2021-05-14;31854;5458;379025;123977;7.0;2.3
FR;24;2021-05-15;33280;3893;412305;127870;7.6;2.4
FR;24;2021-05-16;21878;1958;434183;129828;8.0;2.4
FR;24;2021-05-17;29249;5163;463432;134991;8.5;2.5
FR;24;2021-05-18;37478;5978;500910;140969;9.2;2.6
FR;24;2021-05-19;39618;7012;540528;147981;10.0;2.7
FR;24;2021-05-20;45451;7376;585979;155357;10.8;2.9
FR;24;2021-05-21;46604;7109;632583;162466;11.7;3.0
FR;24;2021-05-22;44413;4442;676996;166908;12.5;3.1
FR;24;2021-05-23;23902;2285;700898;169193;12.9;3.1
FR;24;2021-05-24;34282;3543;735180;172736;13.6;3.2
FR;24;2021-05-25;44409;7724;779589;180460;14.4;3.3
FR;24;2021-05-26;44833;7353;824422;187813;15.2;3.5
FR;24;2021-05-27;51367;7991;875789;195804;16.1;3.6
FR;24;2021-05-28;47797;8750;923586;204554;17.0;3.8
FR;29;2020-12-27;0;0;0;0;0.0;0.0
FR;29;2020-12-28;1;0;1;0;0.0;0.0
FR;29;2020-12-29;0;0;1;0;0.0;0.0
FR;29;2020-12-30;0;0;1;0;0.0;0.0
FR;29;2020-12-31;0;0;1;0;0.0;0.0
FR;29;2021-01-01;2;0;3;0;0.0;0.0
FR;29;2021-01-02;2;0;5;0;0.0;0.0
FR;29;2021-01-03;2;0;7;0;0.0;0.0
FR;29;2021-01-04;10;0;17;0;0.0;0.0
FR;29;2021-01-05;42;0;59;0;0.0;0.0
FR;29;2021-01-06;142;0;201;0;0.0;0.0
FR;29;2021-01-07;306;1;507;1;0.0;0.0
FR;29;2021-01-08;518;2;1025;3;0.0;0.0
FR;29;2021-01-09;113;0;1138;3;0.0;0.0
FR;29;2021-01-10;91;0;1229;3;0.0;0.0
FR;29;2021-01-11;643;1;1872;4;0.1;0.0
FR;29;2021-01-12;932;7;2804;11;0.1;0.0
FR;29;2021-01-13;1213;6;4017;17;0.1;0.0
FR;29;2021-01-14;1562;10;5579;27;0.2;0.0
FR;29;2021-01-15;1310;2;6889;29;0.2;0.0
FR;29;2021-01-16;192;3;7081;32;0.2;0.0
FR;29;2021-01-17;158;0;7239;32;0.2;0.0
FR;29;2021-01-18;1039;4;8278;36;0.2;0.0
FR;29;2021-01-19;1147;5;9425;41;0.3;0.0
FR;29;2021-01-20;1194;3;10619;44;0.3;0.0
FR;29;2021-01-21;1454;5;12073;49;0.3;0.0
FR;29;2021-01-22;1150;6;13223;55;0.4;0.0
FR;29;2021-01-23;170;2;13393;57;0.4;0.0
FR;29;2021-01-24;52;0;13445;57;0.4;0.0
FR;29;2021-01-25;537;16;13982;73;0.4;0.0
FR;29;2021-01-26;663;35;14645;108;0.4;0.0
FR;29;2021-01-27;720;62;15365;170;0.4;0.0
FR;29;2021-01-28;1033;121;16398;291;0.4;0.0
FR;29;2021-01-29;803;170;17201;461;0.5;0.0
FR;29;2021-01-30;140;40;17341;501;0.5;0.0
FR;29;2021-01-31;33;26;17374;527;0.5;0.0
FR;29;2021-02-01;263;291;17637;818;0.5;0.0
FR;29;2021-02-02;405;372;18042;1190;0.5;0.0
FR;29;2021-02-03;456;458;18498;1648;0.5;0.0
FR;29;2021-02-04;609;716;19107;2364;0.5;0.1
FR;29;2021-02-05;533;749;19640;3113;0.5;0.1
FR;29;2021-02-06;141;107;19781;3220;0.5;0.1
FR;29;2021-02-07;304;64;20085;3284;0.5;0.1
FR;29;2021-02-08;604;801;20689;4085;0.6;0.1
FR;29;2021-02-09;1247;1014;21936;5099;0.6;0.1
FR;29;2021-02-10;1711;1131;23647;6230;0.6;0.2
FR;29;2021-02-11;2461;1414;26108;7644;0.7;0.2
FR;29;2021-02-12;2218;1217;28326;8861;0.8;0.2
FR;29;2021-02-13;426;156;28752;9017;0.8;0.2
FR;29;2021-02-14;133;81;28885;9098;0.8;0.2
FR;29;2021-02-15;1570;789;30455;9887;0.8;0.3
FR;29;2021-02-16;1920;1147;32375;11034;0.9;0.3
FR;29;2021-02-17;1883;936;34258;11970;0.9;0.3
FR;29;2021-02-18;2389;1153;36647;13123;1.0;0.4
FR;29;2021-02-19;2321;936;38968;14059;1.0;0.4
FR;29;2021-02-20;383;122;39351;14181;1.1;0.4
FR;29;2021-02-21;86;42;39437;14223;1.1;0.4
FR;29;2021-02-22;1362;521;40799;14744;1.1;0.4
FR;29;2021-02-23;1758;648;42557;15392;1.1;0.4
FR;29;2021-02-24;1784;538;44341;15930;1.2;0.4
FR;29;2021-02-25;2399;923;46740;16853;1.3;0.5
FR;29;2021-02-26;2572;649;49312;17502;1.3;0.5
FR;29;2021-02-27;607;108;49919;17610;1.3;0.5
FR;29;2021-02-28;112;28;50031;17638;1.3;0.5
FR;29;2021-03-01;1305;344;51336;17982;1.4;0.5
FR;29;2021-03-02;1800;582;53136;18564;1.4;0.5
FR;29;2021-03-03;1983;584;55119;19148;1.5;0.5
FR;29;2021-03-04;2479;745;57598;19893;1.5;0.5
FR;29;2021-03-05;3612;696;61210;20589;1.6;0.6
FR;29;2021-03-06;1631;137;62841;20726;1.7;0.6
FR;29;2021-03-07;819;94;63660;20820;1.7;0.6
FR;29;2021-03-08;1941;381;65601;21201;1.8;0.6
FR;29;2021-03-09;2635;458;68236;21659;1.8;0.6
FR;29;2021-03-10;2557;491;70793;22150;1.9;0.6
FR;29;2021-03-11;3332;797;74125;22947;2.0;0.6
FR;29;2021-03-12;3955;705;78080;23652;2.1;0.6
FR;29;2021-03-13;1625;128;79705;23780;2.1;0.6
FR;29;2021-03-14;564;62;80269;23842;2.2;0.6
FR;29;2021-03-15;1883;353;82152;24195;2.2;0.7
FR;29;2021-03-16;1118;496;83270;24691;2.2;0.7
FR;29;2021-03-17;1377;496;84647;25187;2.3;0.7
FR;29;2021-03-18;1643;668;86290;25855;2.3;0.7
FR;29;2021-03-19;2230;551;88520;26406;2.4;0.7
FR;29;2021-03-20;987;127;89507;26533;2.4;0.7
FR;29;2021-03-21;725;58;90232;26591;2.4;0.7
FR;29;2021-03-22;1656;404;91888;26995;2.5;0.7
FR;29;2021-03-23;2207;598;94095;27593;2.5;0.7
FR;29;2021-03-24;2531;562;96626;28155;2.6;0.8
FR;29;2021-03-25;3378;674;100004;28829;2.7;0.8
FR;29;2021-03-26;3728;689;103732;29518;2.8;0.8
FR;29;2021-03-27;2145;247;105877;29765;2.8;0.8
FR;29;2021-03-28;963;64;106840;29829;2.9;0.8
FR;29;2021-03-29;2759;516;109599;30345;2.9;0.8
FR;29;2021-03-30;3983;706;113582;31051;3.1;0.8
FR;29;2021-03-31;4503;797;118085;31848;3.2;0.9
FR;29;2021-04-01;5855;994;123940;32842;3.3;0.9
FR;29;2021-04-02;4894;906;128834;33748;3.5;0.9
FR;29;2021-04-03;1772;333;130606;34081;3.5;0.9
FR;29;2021-04-04;898;120;131504;34201;3.5;0.9
FR;29;2021-04-05;918;112;132422;34313;3.6;0.9
FR;29;2021-04-06;3495;751;135917;35064;3.7;0.9
FR;29;2021-04-07;4542;1099;140459;36163;3.8;1.0
FR;29;2021-04-08;6267;1441;146726;37604;3.9;1.0
FR;29;2021-04-09;6277;1266;153003;38870;4.1;1.0
FR;29;2021-04-10;2647;617;155650;39487;4.2;1.1
FR;29;2021-04-11;1163;336;156813;39823;4.2;1.1
FR;29;2021-04-12;3583;1030;160396;40853;4.3;1.1
FR;29;2021-04-13;4855;1482;165251;42335;4.4;1.1
FR;29;2021-04-14;4760;1506;170011;43841;4.6;1.2
FR;29;2021-04-15;5596;1808;175607;45649;4.7;1.2
FR;29;2021-04-16;4777;1869;180384;47518;4.9;1.3
FR;29;2021-04-17;2229;910;182613;48428;4.9;1.3
FR;29;2021-04-18;769;515;183382;48943;4.9;1.3
FR;29;2021-04-19;2846;1751;186228;50694;5.0;1.4
FR;29;2021-04-20;3476;2485;189704;53179;5.1;1.4
FR;29;2021-04-21;3449;2770;193153;55949;5.2;1.5
FR;29;2021-04-22;4413;3831;197566;59780;5.3;1.6
FR;29;2021-04-23;4560;3758;202126;63538;5.4;1.7
FR;29;2021-04-24;2686;1819;204812;65357;5.5;1.8
FR;29;2021-04-25;1185;738;205997;66095;5.5;1.8
FR;29;2021-04-26;2943;2460;208940;68555;5.6;1.8
FR;29;2021-04-27;3971;3591;212911;72146;5.7;1.9
FR;29;2021-04-28;4640;4015;217551;76161;5.9;2.0
FR;29;2021-04-29;5859;4964;223410;81125;6.0;2.2
FR;29;2021-04-30;6410;5180;229820;86305;6.2;2.3
FR;29;2021-05-01;4223;1209;234043;87514;6.3;2.4
FR;29;2021-05-02;2594;906;236637;88420;6.4;2.4
FR;29;2021-05-03;6803;4284;243440;92704;6.5;2.5
FR;29;2021-05-04;8091;5172;251531;97876;6.8;2.6
FR;29;2021-05-05;9558;5156;261089;103032;7.0;2.8
FR;29;2021-05-06;11163;6520;272252;109552;7.3;2.9
FR;29;2021-05-07;11590;6594;283842;116146;7.6;3.1
FR;29;2021-05-08;8775;2247;292617;118393;7.9;3.2
FR;29;2021-05-09;5904;1741;298521;120134;8.0;3.2
FR;29;2021-05-10;10557;5265;309078;125399;8.3;3.4
FR;29;2021-05-11;14450;6329;323528;131728;8.7;3.5
FR;29;2021-05-12;19582;6250;343110;137978;9.2;3.7
FR;29;2021-05-13;19455;2308;362565;140286;9.8;3.8
FR;29;2021-05-14;22179;4336;384744;144622;10.4;3.9
FR;29;2021-05-15;20957;2908;405701;147530;10.9;4.0
FR;29;2021-05-16;13383;1326;419084;148856;11.3;4.0
FR;29;2021-05-17;21406;4920;440490;153776;11.9;4.1
FR;29;2021-05-18;28164;5677;468654;159453;12.6;4.3
FR;29;2021-05-19;28697;5966;497351;165419;13.4;4.5
FR;29;2021-05-20;32557;6514;529908;171933;14.3;4.6
FR;29;2021-05-21;31576;6144;561484;178077;15.1;4.8
FR;29;2021-05-22;26018;3002;587502;181079;15.8;4.9
FR;29;2021-05-23;14151;1485;601653;182564;16.2;4.9
FR;29;2021-05-24;22510;2635;624163;185199;16.8;5.0
FR;29;2021-05-25;30377;6545;654540;191744;17.6;5.2
FR;29;2021-05-26;32056;6694;686596;198438;18.5;5.3
FR;29;2021-05-27;35304;7151;721900;205589;19.4;5.5
FR;29;2021-05-28;32707;7814;754607;213403;20.3;5.7
FR;39;2020-12-27;0;0;0;0;0.0;0.0
FR;39;2020-12-28;0;0;0;0;0.0;0.0
FR;39;2020-12-29;1;0;1;0;0.0;0.0
FR;39;2020-12-30;3;0;4;0;0.0;0.0
FR;39;2020-12-31;1;0;5;0;0.0;0.0
FR;39;2021-01-01;4;0;9;0;0.0;0.0
FR;39;2021-01-02;2;1;11;1;0.0;0.0
FR;39;2021-01-03;2;0;13;1;0.0;0.0
FR;39;2021-01-04;23;0;36;1;0.0;0.0
FR;39;2021-01-05;139;0;175;1;0.0;0.0
FR;39;2021-01-06;385;0;560;1;0.0;0.0
FR;39;2021-01-07;1175;5;1735;6;0.0;0.0
FR;39;2021-01-08;1785;4;3520;10;0.0;0.0
FR;39;2021-01-09;473;0;3993;10;0.0;0.0
FR;39;2021-01-10;307;2;4300;12;0.1;0.0
FR;39;2021-01-11;2207;7;6507;19;0.1;0.0
FR;39;2021-01-12;3402;14;9909;33;0.1;0.0
FR;39;2021-01-13;3495;12;13404;45;0.2;0.0
FR;39;2021-01-14;4775;45;18179;90;0.2;0.0
FR;39;2021-01-15;4394;15;22573;105;0.3;0.0
FR;39;2021-01-16;768;4;23341;109;0.3;0.0
FR;39;2021-01-17;490;2;23831;111;0.3;0.0
FR;39;2021-01-18;3065;23;26896;134;0.3;0.0
FR;39;2021-01-19;4000;19;30896;153;0.4;0.0
FR;39;2021-01-20;3901;14;34797;167;0.4;0.0
FR;39;2021-01-21;5140;20;39937;187;0.5;0.0
FR;39;2021-01-22;3961;23;43898;210;0.5;0.0
FR;39;2021-01-23;590;3;44488;213;0.5;0.0
FR;39;2021-01-24;184;0;44672;213;0.5;0.0
FR;39;2021-01-25;1595;40;46267;253;0.6;0.0
FR;39;2021-01-26;2166;100;48433;353;0.6;0.0
FR;39;2021-01-27;2278;212;50711;565;0.6;0.0
FR;39;2021-01-28;3475;467;54186;1032;0.7;0.0
FR;39;2021-01-29;2675;695;56861;1727;0.7;0.0
FR;39;2021-01-30;395;215;57256;1942;0.7;0.0
FR;39;2021-01-31;89;78;57345;2020;0.7;0.0
FR;39;2021-02-01;748;1058;58093;3078;0.7;0.0
FR;39;2021-02-02;1331;1647;59424;4725;0.7;0.1
FR;39;2021-02-03;1359;1655;60783;6380;0.7;0.1
FR;39;2021-02-04;1977;2536;62760;8916;0.8;0.1
FR;39;2021-02-05;1642;2703;64402;11619;0.8;0.1
FR;39;2021-02-06;397;431;64799;12050;0.8;0.1
FR;39;2021-02-07;553;209;65352;12259;0.8;0.1
FR;39;2021-02-08;1516;2423;66868;14682;0.8;0.2
FR;39;2021-02-09;3161;3373;70029;18055;0.8;0.2
FR;39;2021-02-10;3885;3513;73914;21568;0.9;0.3
FR;39;2021-02-11;6160;4836;80074;26404;1.0;0.3
FR;39;2021-02-12;5810;3980;85884;30384;1.0;0.4
FR;39;2021-02-13;1239;543;87123;30927;1.1;0.4
FR;39;2021-02-14;386;265;87509;31192;1.1;0.4
FR;39;2021-02-15;3418;2383;90927;33575;1.1;0.4
FR;39;2021-02-16;4418;3344;95345;36919;1.1;0.4
FR;39;2021-02-17;3989;2853;99334;39772;1.2;0.5
FR;39;2021-02-18;5968;3867;105302;43639;1.3;0.5
FR;39;2021-02-19;5834;3060;111136;46699;1.3;0.6
FR;39;2021-02-20;1139;471;112275;47170;1.4;0.6
FR;39;2021-02-21;186;118;112461;47288;1.4;0.6
FR;39;2021-02-22;3001;1660;115462;48948;1.4;0.6
FR;39;2021-02-23;3913;1913;119375;50861;1.4;0.6
FR;39;2021-02-24;3716;1700;123091;52561;1.5;0.6
FR;39;2021-02-25;5601;2527;128692;55088;1.6;0.7
FR;39;2021-02-26;6089;1921;134781;57009;1.6;0.7
FR;39;2021-02-27;1663;307;136444;57316;1.6;0.7
FR;39;2021-02-28;240;121;136684;57437;1.6;0.7
FR;39;2021-03-01;2946;1002;139630;58439;1.7;0.7
FR;39;2021-03-02;4255;1616;143885;60055;1.7;0.7
FR;39;2021-03-03;4239;1517;148124;61572;1.8;0.7
FR;39;2021-03-04;6294;2302;154418;63874;1.9;0.8
FR;39;2021-03-05;9142;2088;163560;65962;2.0;0.8
FR;39;2021-03-06;4918;414;168478;66376;2.0;0.8
FR;39;2021-03-07;2642;244;171120;66620;2.1;0.8
FR;39;2021-03-08;4667;1107;175787;67727;2.1;0.8
FR;39;2021-03-09;6850;1488;182637;69215;2.2;0.8
FR;39;2021-03-10;6080;1510;188717;70725;2.3;0.9
FR;39;2021-03-11;8645;2371;197362;73096;2.4;0.9
FR;39;2021-03-12;11407;2121;208769;75217;2.5;0.9
FR;39;2021-03-13;5217;414;213986;75631;2.6;0.9
FR;39;2021-03-14;1748;161;215734;75792;2.6;0.9
FR;39;2021-03-15;4767;1032;220501;76824;2.7;0.9
FR;39;2021-03-16;3366;1406;223867;78230;2.7;0.9
FR;39;2021-03-17;3443;1491;227310;79721;2.7;1.0
FR;39;2021-03-18;4648;1974;231958;81695;2.8;1.0
FR;39;2021-03-19;6272;1634;238230;83329;2.9;1.0
FR;39;2021-03-20;3170;365;241400;83694;2.9;1.0
FR;39;2021-03-21;2071;165;243471;83859;2.9;1.0
FR;39;2021-03-22;4441;1090;247912;84949;3.0;1.0
FR;39;2021-03-23;6159;1653;254071;86602;3.1;1.0
FR;39;2021-03-24;6312;1370;260383;87972;3.1;1.1
FR;39;2021-03-25;9052;1737;269435;89709;3.2;1.1
FR;39;2021-03-26;10637;1707;280072;91416;3.4;1.1
FR;39;2021-03-27;5990;617;286062;92033;3.4;1.1
FR;39;2021-03-28;2735;180;288797;92213;3.5;1.1
FR;39;2021-03-29;7185;1279;295982;93492;3.6;1.1
FR;39;2021-03-30;10518;1870;306500;95362;3.7;1.1
FR;39;2021-03-31;11157;1845;317657;97207;3.8;1.2
FR;39;2021-04-01;14999;2631;332656;99838;4.0;1.2
FR;39;2021-04-02;13257;2445;345913;102283;4.2;1.2
FR;39;2021-04-03;5604;1011;351517;103294;4.2;1.2
FR;39;2021-04-04;2523;345;354040;103639;4.3;1.2
FR;39;2021-04-05;2534;322;356574;103961;4.3;1.3
FR;39;2021-04-06;9274;2294;365848;106255;4.4;1.3
FR;39;2021-04-07;12187;2748;378035;109003;4.6;1.3
FR;39;2021-04-08;16853;3711;394888;112714;4.8;1.4
FR;39;2021-04-09;16870;3616;411758;116330;5.0;1.4
FR;39;2021-04-10;7413;1937;419171;118267;5.1;1.4
FR;39;2021-04-11;2987;982;422158;119249;5.1;1.4
FR;39;2021-04-12;9602;2746;431760;121995;5.2;1.5
FR;39;2021-04-13;12946;4005;444706;126000;5.4;1.5
FR;39;2021-04-14;12904;3848;457610;129848;5.5;1.6
FR;39;2021-04-15;14799;4830;472409;134678;5.7;1.6
FR;39;2021-04-16;12736;5290;485145;139968;5.8;1.7
FR;39;2021-04-17;6117;2717;491262;142685;5.9;1.7
FR;39;2021-04-18;2263;1558;493525;144243;5.9;1.7
FR;39;2021-04-19;7874;4700;501399;148943;6.0;1.8
FR;39;2021-04-20;9399;6731;510798;155674;6.2;1.9
FR;39;2021-04-21;10255;7188;521053;162862;6.3;2.0
FR;39;2021-04-22;11839;10307;532892;173169;6.4;2.1
FR;39;2021-04-23;12176;10509;545068;183678;6.6;2.2
FR;39;2021-04-24;7815;5081;552883;188759;6.7;2.3
FR;39;2021-04-25;3487;2156;556370;190915;6.7;2.3
FR;39;2021-04-26;8574;6953;564944;197868;6.8;2.4
FR;39;2021-04-27;11786;9556;576730;207424;7.0;2.5
FR;39;2021-04-28;13175;10062;589905;217486;7.1;2.6
FR;39;2021-04-29;17218;12949;607123;230435;7.3;2.8
FR;39;2021-04-30;19743;13264;626866;243699;7.6;2.9
FR;39;2021-05-01;13543;3538;640409;247237;7.7;3.0
FR;39;2021-05-02;9282;2493;649691;249730;7.8;3.0
FR;39;2021-05-03;22358;11325;672049;261055;8.1;3.1
FR;39;2021-05-04;26894;13947;698943;275002;8.4;3.3
FR;39;2021-05-05;30718;14259;729661;289261;8.8;3.5
FR;39;2021-05-06;37067;17688;766728;306949;9.2;3.7
FR;39;2021-05-07;38338;18554;805066;325503;9.7;3.9
FR;39;2021-05-08;28755;5617;833821;331120;10.1;4.0
FR;39;2021-05-09;18770;4300;852591;335420;10.3;4.0
FR;39;2021-05-10;33762;14497;886353;349917;10.7;4.2
FR;39;2021-05-11;43958;17088;930311;367005;11.2;4.4
FR;39;2021-05-12;55672;16151;985983;383156;11.9;4.6
FR;39;2021-05-13;52662;5581;1038645;388737;12.5;4.7
FR;39;2021-05-14;61740;10949;1100385;399686;13.3;4.8
FR;39;2021-05-15;55738;6815;1156123;406501;13.9;4.9
FR;39;2021-05-16;36055;3088;1192178;409589;14.4;4.9
FR;39;2021-05-17;56197;11892;1248375;421481;15.0;5.1
FR;39;2021-05-18;70829;13573;1319204;435054;15.9;5.2
FR;39;2021-05-19;74167;14120;1393371;449174;16.8;5.4
FR;39;2021-05-20;82722;14938;1476093;464112;17.8;5.6
FR;39;2021-05-21;81608;14914;1557701;479026;18.8;5.8
FR;39;2021-05-22;63450;7379;1621151;486405;19.5;5.9
FR;39;2021-05-23;33964;3292;1655115;489697;20.0;5.9
FR;39;2021-05-24;52235;5342;1707350;495039;20.6;6.0
FR;39;2021-05-25;73183;15815;1780533;510854;21.5;6.2
FR;39;2021-05-26;75583;15986;1856116;526840;22.4;6.4
FR;39;2021-05-27;84110;16902;1940226;543742;23.4;6.6
FR;39;2021-05-28;77662;19283;2017888;563025;24.3;6.8
FR;49;2020-12-27;2;0;2;0;0.0;0.0
FR;49;2020-12-28;3;0;5;0;0.0;0.0
FR;49;2020-12-29;1;0;6;0;0.0;0.0
FR;49;2020-12-30;6;0;12;0;0.0;0.0
FR;49;2020-12-31;1;0;13;0;0.0;0.0
FR;49;2021-01-01;3;0;16;0;0.0;0.0
FR;49;2021-01-02;9;0;25;0;0.0;0.0
FR;49;2021-01-03;5;0;30;0;0.0;0.0
FR;49;2021-01-04;86;0;116;0;0.0;0.0
FR;49;2021-01-05;334;1;450;1;0.0;0.0
FR;49;2021-01-06;857;4;1307;5;0.0;0.0
FR;49;2021-01-07;2158;7;3465;12;0.0;0.0
FR;49;2021-01-08;3373;8;6838;20;0.1;0.0
FR;49;2021-01-09;1000;1;7838;21;0.1;0.0
FR;49;2021-01-10;472;2;8310;23;0.1;0.0
FR;49;2021-01-11;4169;11;12479;34;0.1;0.0
FR;49;2021-01-12;5854;11;18333;45;0.2;0.0
FR;49;2021-01-13;6153;16;24486;61;0.3;0.0
FR;49;2021-01-14;8328;71;32814;132;0.4;0.0
FR;49;2021-01-15;7603;25;40417;157;0.5;0.0
FR;49;2021-01-16;1415;9;41832;166;0.5;0.0
FR;49;2021-01-17;620;5;42452;171;0.5;0.0
FR;49;2021-01-18;5056;18;47508;189;0.6;0.0
FR;49;2021-01-19;6806;17;54314;206;0.6;0.0
FR;49;2021-01-20;6619;26;60933;232;0.7;0.0
FR;49;2021-01-21;8397;30;69330;262;0.8;0.0
FR;49;2021-01-22;6251;33;75581;295;0.9;0.0
FR;49;2021-01-23;1015;6;76596;301;0.9;0.0
FR;49;2021-01-24;282;3;76878;304;0.9;0.0
FR;49;2021-01-25;2613;98;79491;402;0.9;0.0
FR;49;2021-01-26;3725;225;83216;627;1.0;0.0
FR;49;2021-01-27;3975;387;87191;1014;1.0;0.0
FR;49;2021-01-28;5538;978;92729;1992;1.1;0.0
FR;49;2021-01-29;4396;1557;97125;3549;1.1;0.0
FR;49;2021-01-30;690;377;97815;3926;1.1;0.0
FR;49;2021-01-31;137;125;97952;4051;1.1;0.0
FR;49;2021-02-01;1368;2089;99320;6140;1.2;0.1
FR;49;2021-02-02;2274;3199;101594;9339;1.2;0.1
FR;49;2021-02-03;2299;3378;103893;12717;1.2;0.1
FR;49;2021-02-04;3361;4769;107254;17486;1.2;0.2
FR;49;2021-02-05;2790;4885;110044;22371;1.3;0.3
FR;49;2021-02-06;568;886;110612;23257;1.3;0.3
FR;49;2021-02-07;520;292;111132;23549;1.3;0.3
FR;49;2021-02-08;1935;4053;113067;27602;1.3;0.3
FR;49;2021-02-09;4334;5741;117401;33343;1.4;0.4
FR;49;2021-02-10;5489;6053;122890;39396;1.4;0.5
FR;49;2021-02-11;7988;7966;130878;47362;1.5;0.6
FR;49;2021-02-12;7298;6447;138176;53809;1.6;0.6
FR;49;2021-02-13;1698;1018;139874;54827;1.6;0.6
FR;49;2021-02-14;407;405;140281;55232;1.6;0.6
FR;49;2021-02-15;4124;3880;144405;59112;1.7;0.7
FR;49;2021-02-16;5375;5330;149780;64442;1.7;0.7
FR;49;2021-02-17;5138;4654;154918;69096;1.8;0.8
FR;49;2021-02-18;7474;6195;162392;75291;1.9;0.9
FR;49;2021-02-19;7046;4884;169438;80175;2.0;0.9
FR;49;2021-02-20;1493;799;170931;80974;2.0;0.9
FR;49;2021-02-21;279;224;171210;81198;2.0;0.9
FR;49;2021-02-22;3527;2650;174737;83848;2.0;1.0
FR;49;2021-02-23;4856;3130;179593;86978;2.1;1.0
FR;49;2021-02-24;4895;2837;184488;89815;2.1;1.0
FR;49;2021-02-25;7552;4163;192040;93978;2.2;1.1
FR;49;2021-02-26;8263;3156;200303;97134;2.3;1.1
FR;49;2021-02-27;2676;565;202979;97699;2.4;1.1
FR;49;2021-02-28;333;137;203312;97836;2.4;1.1
FR;49;2021-03-01;3828;1630;207140;99466;2.4;1.2
FR;49;2021-03-02;5778;2464;212918;101930;2.5;1.2
FR;49;2021-03-03;6014;2501;218932;104431;2.5;1.2
FR;49;2021-03-04;8900;3450;227832;107881;2.7;1.3
FR;49;2021-03-05;12532;3209;240364;111090;2.8;1.3
FR;49;2021-03-06;8564;608;248928;111698;2.9;1.3
FR;49;2021-03-07;4670;389;253598;112087;3.0;1.3
FR;49;2021-03-08;6384;1638;259982;113725;3.0;1.3
FR;49;2021-03-09;9465;2277;269447;116002;3.1;1.3
FR;49;2021-03-10;8915;2305;278362;118307;3.2;1.4
FR;49;2021-03-11;12744;3386;291106;121693;3.4;1.4
FR;49;2021-03-12;16377;2874;307483;124567;3.6;1.4
FR;49;2021-03-13;9522;608;317005;125175;3.7;1.5
FR;49;2021-03-14;3127;235;320132;125410;3.7;1.5
FR;49;2021-03-15;6860;1438;326992;126848;3.8;1.5
FR;49;2021-03-16;4622;2128;331614;128976;3.9;1.5
FR;49;2021-03-17;5167;2001;336781;130977;3.9;1.5
FR;49;2021-03-18;6534;2773;343315;133750;4.0;1.6
FR;49;2021-03-19;9494;2273;352809;136023;4.1;1.6
FR;49;2021-03-20;5866;554;358675;136577;4.2;1.6
FR;49;2021-03-21;3142;207;361817;136784;4.2;1.6
FR;49;2021-03-22;6288;1463;368105;138247;4.3;1.6
FR;49;2021-03-23;8581;2131;376686;140378;4.4;1.6
FR;49;2021-03-24;9502;1962;386188;142340;4.5;1.7
FR;49;2021-03-25;12323;2323;398511;144663;4.6;1.7
FR;49;2021-03-26;14687;2297;413198;146960;4.8;1.7
FR;49;2021-03-27;9348;826;422546;147786;4.9;1.7
FR;49;2021-03-28;3847;293;426393;148079;5.0;1.7
FR;49;2021-03-29;9857;1819;436250;149898;5.1;1.7
FR;49;2021-03-30;14252;2638;450502;152536;5.2;1.8
FR;49;2021-03-31;15518;2742;466020;155278;5.4;1.8
FR;49;2021-04-01;19812;3656;485832;158934;5.7;1.8
FR;49;2021-04-02;17427;3399;503259;162333;5.9;1.9
FR;49;2021-04-03;9321;1808;512580;164141;6.0;1.9
FR;49;2021-04-04;4110;616;516690;164757;6.0;1.9
FR;49;2021-04-05;4200;527;520890;165284;6.1;1.9
FR;49;2021-04-06;13150;3337;534040;168621;6.2;2.0
FR;49;2021-04-07;17642;4211;551682;172832;6.4;2.0
FR;49;2021-04-08;22364;5126;574046;177958;6.7;2.1
FR;49;2021-04-09;23445;5296;597491;183254;7.0;2.1
FR;49;2021-04-10;12409;3378;609900;186632;7.1;2.2
FR;49;2021-04-11;4466;1673;614366;188305;7.1;2.2
FR;49;2021-04-12;14102;3761;628468;192066;7.3;2.2
FR;49;2021-04-13;18661;5742;647129;197808;7.5;2.3
FR;49;2021-04-14;19359;5930;666488;203738;7.8;2.4
FR;49;2021-04-15;20297;6999;686785;210737;8.0;2.5
FR;49;2021-04-16;17371;7291;704156;218028;8.2;2.5
FR;49;2021-04-17;9836;4638;713992;222666;8.3;2.6
FR;49;2021-04-18;3358;2290;717350;224956;8.3;2.6
FR;49;2021-04-19;11905;6367;729255;231323;8.5;2.7
FR;49;2021-04-20;14034;8985;743289;240308;8.7;2.8
FR;49;2021-04-21;15868;10107;759157;250415;8.8;2.9
FR;49;2021-04-22;17396;13091;776553;263506;9.0;3.1
FR;49;2021-04-23;17928;14062;794481;277568;9.2;3.2
FR;49;2021-04-24;12558;7784;807039;285352;9.4;3.3
FR;49;2021-04-25;5428;3122;812467;288474;9.5;3.4
FR;49;2021-04-26;13465;9913;825932;298387;9.6;3.5
FR;49;2021-04-27;18477;13058;844409;311445;9.8;3.6
FR;49;2021-04-28;22406;14529;866815;325974;10.1;3.8
FR;49;2021-04-29;27294;17245;894109;343219;10.4;4.0
FR;49;2021-04-30;31589;18042;925698;361261;10.8;4.2
FR;49;2021-05-01;24083;5698;949781;366959;11.1;4.3
FR;49;2021-05-02;16394;3853;966175;370812;11.2;4.3
FR;49;2021-05-03;39231;15505;1005406;386317;11.7;4.5
FR;49;2021-05-04;46313;20249;1051719;406566;12.2;4.7
FR;49;2021-05-05;55414;21606;1107133;428172;12.9;5.0
FR;49;2021-05-06;62125;24594;1169258;452766;13.6;5.3
FR;49;2021-05-07;65204;26034;1234462;478800;14.4;5.6
FR;49;2021-05-08;51051;9091;1285513;487891;15.0;5.7
FR;49;2021-05-09;32174;6229;1317687;494120;15.3;5.8
FR;49;2021-05-10;56897;20643;1374584;514763;16.0;6.0
FR;49;2021-05-11;71480;23821;1446064;538584;16.8;6.3
FR;49;2021-05-12;88982;23885;1535046;562469;17.9;6.5
FR;49;2021-05-13;79254;7694;1614300;570163;18.8;6.6
FR;49;2021-05-14;95548;15625;1709848;585788;19.9;6.8
FR;49;2021-05-15;85336;10733;1795184;596521;20.9;6.9
FR;49;2021-05-16;53104;4487;1848288;601008;21.5;7.0
FR;49;2021-05-17;81513;16248;1929801;617256;22.5;7.2
FR;49;2021-05-18;97618;17795;2027419;635051;23.6;7.4
FR;49;2021-05-19;109412;19361;2136831;654412;24.9;7.6
FR;49;2021-05-20;113251;19688;2250082;674100;26.2;7.8
FR;49;2021-05-21;112226;19883;2362308;693983;27.5;8.1
FR;49;2021-05-22;87102;10469;2449410;704452;28.5;8.2
FR;49;2021-05-23;42756;3965;2492166;708417;29.0;8.2
FR;49;2021-05-24;66855;6838;2559021;715255;29.8;8.3
FR;49;2021-05-25;94088;20835;2653109;736090;30.9;8.6
FR;49;2021-05-26;99737;23042;2752846;759132;32.0;8.8
FR;49;2021-05-27;103295;22649;2856141;781781;33.2;9.1
FR;49;2021-05-28;98364;26489;2954505;808270;34.4;9.4
FR;59;2020-12-27;2;0;2;0;0.0;0.0
FR;59;2020-12-28;6;0;8;0;0.0;0.0
FR;59;2020-12-29;2;0;10;0;0.0;0.0
FR;59;2020-12-30;6;0;16;0;0.0;0.0
FR;59;2020-12-31;9;0;25;0;0.0;0.0
FR;59;2021-01-01;25;1;50;1;0.0;0.0
FR;59;2021-01-02;26;0;76;1;0.0;0.0
FR;59;2021-01-03;36;0;112;1;0.0;0.0
FR;59;2021-01-04;593;2;705;3;0.0;0.0
FR;59;2021-01-05;2167;4;2872;7;0.0;0.0
FR;59;2021-01-06;4801;11;7673;18;0.1;0.0
FR;59;2021-01-07;10508;22;18181;40;0.2;0.0
FR;59;2021-01-08;14312;17;32493;57;0.4;0.0
FR;59;2021-01-09;4056;8;36549;65;0.4;0.0
FR;59;2021-01-10;1984;2;38533;67;0.4;0.0
FR;59;2021-01-11;15936;24;54469;91;0.6;0.0
FR;59;2021-01-12;21105;32;75574;123;0.9;0.0
FR;59;2021-01-13;22707;50;98281;173;1.1;0.0
FR;59;2021-01-14;24743;223;123024;396;1.4;0.0
FR;59;2021-01-15;21588;92;144612;488;1.6;0.0
FR;59;2021-01-16;5372;20;149984;508;1.7;0.0
FR;59;2021-01-17;1801;8;151785;516;1.7;0.0
FR;59;2021-01-18;13570;57;165355;573;1.9;0.0
FR;59;2021-01-19;17935;76;183290;649;2.1;0.0
FR;59;2021-01-20;17076;65;200366;714;2.3;0.0
FR;59;2021-01-21;18742;54;219108;768;2.5;0.0
FR;59;2021-01-22;13897;73;233005;841;2.6;0.0
FR;59;2021-01-23;2950;20;235955;861;2.7;0.0
FR;59;2021-01-24;839;12;236794;873;2.7;0.0
FR;59;2021-01-25;6709;609;243503;1482;2.8;0.0
FR;59;2021-01-26;8407;1374;251910;2856;2.9;0.0
FR;59;2021-01-27;8811;2392;260721;5248;3.0;0.1
FR;59;2021-01-28;10458;5031;271179;10279;3.1;0.1
FR;59;2021-01-29;7831;6642;279010;16921;3.2;0.2
FR;59;2021-01-30;1757;1512;280767;18433;3.2;0.2
FR;59;2021-01-31;370;547;281137;18980;3.2;0.2
FR;59;2021-02-01;3159;8739;284296;27719;3.2;0.3
FR;59;2021-02-02;4675;12481;288971;40200;3.3;0.5
FR;59;2021-02-03;4812;13545;293783;53745;3.3;0.6
FR;59;2021-02-04;5929;15892;299712;69637;3.4;0.8
FR;59;2021-02-05;4811;14917;304523;84554;3.5;1.0
FR;59;2021-02-06;1151;2996;305674;87550;3.5;1.0
FR;59;2021-02-07;389;985;306063;88535;3.5;1.0
FR;59;2021-02-08;2756;12468;308819;101003;3.5;1.1
FR;59;2021-02-09;4898;16154;313717;117157;3.6;1.3
FR;59;2021-02-10;5683;16044;319400;133201;3.6;1.5
FR;59;2021-02-11;7650;19697;327050;152898;3.7;1.7
FR;59;2021-02-12;6745;16010;333795;168908;3.8;1.9
FR;59;2021-02-13;1687;3444;335482;172352;3.8;2.0
FR;59;2021-02-14;361;983;335843;173335;3.8;2.0
FR;59;2021-02-15;3263;10526;339106;183861;3.9;2.1
FR;59;2021-02-16;4729;13553;343835;197414;3.9;2.2
FR;59;2021-02-17;4963;12297;348798;209711;4.0;2.4
FR;59;2021-02-18;7059;13843;355857;223554;4.0;2.5
FR;59;2021-02-19;6453;10684;362310;234238;4.1;2.7
FR;59;2021-02-20;1416;2483;363726;236721;4.1;2.7
FR;59;2021-02-21;282;573;364008;237294;4.1;2.7
FR;59;2021-02-22;3248;6357;367256;243651;4.2;2.8
FR;59;2021-02-23;4807;7115;372063;250766;4.2;2.9
FR;59;2021-02-24;6842;6398;378905;257164;4.3;2.9
FR;59;2021-02-25;21185;8442;400090;265606;4.6;3.0
FR;59;2021-02-26;28235;6222;428325;271828;4.9;3.1
FR;59;2021-02-27;17085;1490;445410;273318;5.1;3.1
FR;59;2021-02-28;1109;374;446519;273692;5.1;3.1
FR;59;2021-03-01;8781;3495;455300;277187;5.2;3.2
FR;59;2021-03-02;17128;4883;472428;282070;5.4;3.2
FR;59;2021-03-03;20567;4922;492995;286992;5.6;3.3
FR;59;2021-03-04;32176;5778;525171;292770;6.0;3.3
FR;59;2021-03-05;40787;5330;565958;298100;6.4;3.4
FR;59;2021-03-06;35712;1410;601670;299510;6.8;3.4
FR;59;2021-03-07;13985;973;615655;300483;7.0;3.4
FR;59;2021-03-08;12213;3109;627868;303592;7.1;3.5
FR;59;2021-03-09;22708;4103;650576;307695;7.4;3.5
FR;59;2021-03-10;23009;4140;673585;311835;7.7;3.5
FR;59;2021-03-11;34121;5318;707706;317153;8.0;3.6
FR;59;2021-03-12;45172;4410;752878;321563;8.6;3.7
FR;59;2021-03-13;35951;1242;788829;322805;9.0;3.7
FR;59;2021-03-14;7161;379;795990;323184;9.1;3.7
FR;59;2021-03-15;14415;2495;810405;325679;9.2;3.7
FR;59;2021-03-16;7873;2933;818278;328612;9.3;3.7
FR;59;2021-03-17;8714;3074;826992;331686;9.4;3.8
FR;59;2021-03-18;10383;3952;837375;335638;9.5;3.8
FR;59;2021-03-19;23365;3460;860740;339098;9.8;3.9
FR;59;2021-03-20;20993;1013;881733;340111;10.0;3.9
FR;59;2021-03-21;6264;368;887997;340479;10.1;3.9
FR;59;2021-03-22;15412;2615;903409;343094;10.3;3.9
FR;59;2021-03-23;25287;3404;928696;346498;10.6;3.9
FR;59;2021-03-24;27886;3394;956582;349892;10.9;4.0
FR;59;2021-03-25;37744;3697;994326;353589;11.3;4.0
FR;59;2021-03-26;42656;3945;1036982;357534;11.8;4.1
FR;59;2021-03-27;26740;1641;1063722;359175;12.1;4.1
FR;59;2021-03-28;7513;441;1071235;359616;12.2;4.1
FR;59;2021-03-29;21598;3272;1092833;362888;12.4;4.1
FR;59;2021-03-30;32003;4210;1124836;367098;12.8;4.2
FR;59;2021-03-31;31259;4532;1156095;371630;13.1;4.2
FR;59;2021-04-01;38192;5663;1194287;377293;13.6;4.3
FR;59;2021-04-02;36743;5604;1231030;382897;14.0;4.4
FR;59;2021-04-03;21257;3386;1252287;386283;14.2;4.4
FR;59;2021-04-04;7328;1192;1259615;387475;14.3;4.4
FR;59;2021-04-05;8245;1063;1267860;388538;14.4;4.4
FR;59;2021-04-06;25569;5804;1293429;394342;14.7;4.5
FR;59;2021-04-07;33764;7023;1327193;401365;15.1;4.6
FR;59;2021-04-08;44814;8312;1372007;409677;15.6;4.7
FR;59;2021-04-09;60469;8824;1432476;418501;16.3;4.8
FR;59;2021-04-10;36326;6996;1468802;425497;16.7;4.8
FR;59;2021-04-11;9725;3491;1478527;428988;16.8;4.9
FR;59;2021-04-12;35148;7313;1513675;436301;17.2;5.0
FR;59;2021-04-13;49637;10004;1563312;446305;17.8;5.1
FR;59;2021-04-14;49966;10020;1613278;456325;18.3;5.2
FR;59;2021-04-15;59290;11564;1672568;467889;19.0;5.3
FR;59;2021-04-16;63009;12242;1735577;480131;19.7;5.5
FR;59;2021-04-17;41308;9580;1776885;489711;20.2;5.6
FR;59;2021-04-18;12261;4620;1789146;494331;20.3;5.6
FR;59;2021-04-19;33031;11062;1822177;505393;20.7;5.7
FR;59;2021-04-20;44337;14600;1866514;519993;21.2;5.9
FR;59;2021-04-21;46990;16328;1913504;536321;21.8;6.1
FR;59;2021-04-22;55367;19325;1968871;555646;22.4;6.3
FR;59;2021-04-23;64807;20583;2033678;576229;23.1;6.6
FR;59;2021-04-24;47302;15412;2080980;591641;23.7;6.7
FR;59;2021-04-25;16525;5409;2097505;597050;23.9;6.8
FR;59;2021-04-26;40939;17361;2138444;614411;24.3;7.0
FR;59;2021-04-27;56301;23133;2194745;637544;25.0;7.3
FR;59;2021-04-28;63892;25770;2258637;663314;25.7;7.5
FR;59;2021-04-29;77733;31448;2336370;694762;26.6;7.9
FR;59;2021-04-30;92104;36325;2428474;731087;27.6;8.3
FR;59;2021-05-01;43380;10892;2471854;741979;28.1;8.4
FR;59;2021-05-02;23313;7222;2495167;749201;28.4;8.5
FR;59;2021-05-03;62299;26153;2557466;775354;29.1;8.8
FR;59;2021-05-04;70695;34231;2628161;809585;29.9;9.2
FR;59;2021-05-05;77065;37185;2705226;846770;30.8;9.6
FR;59;2021-05-06;89101;43472;2794327;890242;31.8;10.1
FR;59;2021-05-07;97396;53754;2891723;943996;32.9;10.7
FR;59;2021-05-08;58144;16384;2949867;960380;33.5;10.9
FR;59;2021-05-09;39221;10283;2989088;970663;34.0;11.0
FR;59;2021-05-10;94730;39890;3083818;1010553;35.1;11.5
FR;59;2021-05-11;124974;49053;3208792;1059606;36.5;12.1
FR;59;2021-05-12;122103;45950;3330895;1105556;37.9;12.6
FR;59;2021-05-13;92196;14286;3423091;1119842;38.9;12.7
FR;59;2021-05-14;128483;34025;3551574;1153867;40.4;13.1
FR;59;2021-05-15;113715;25287;3665289;1179154;41.7;13.4
FR;59;2021-05-16;55240;7073;3720529;1186227;42.3;13.5
FR;59;2021-05-17;105110;30443;3825639;1216670;43.5;13.8
FR;59;2021-05-18;116811;33895;3942450;1250565;44.8;14.2
FR;59;2021-05-19;118180;35272;4060630;1285837;46.2;14.6
FR;59;2021-05-20;121907;42086;4182537;1327923;47.6;15.1
FR;59;2021-05-21;121073;48426;4303610;1376349;48.9;15.7
FR;59;2021-05-22;81546;25247;4385156;1401596;49.9;15.9
FR;59;2021-05-23;31190;5097;4416346;1406693;50.2;16.0
FR;59;2021-05-24;51729;9844;4468075;1416537;50.8;16.1
FR;59;2021-05-25;83948;41912;4552023;1458449;51.8;16.6
FR;59;2021-05-26;82024;44752;4634047;1503201;52.7;17.1
FR;59;2021-05-27;89113;50299;4723160;1553500;53.7;17.7
FR;59;2021-05-28;90400;66094;4813560;1619594;54.7;18.4
FR;64;2020-12-27;1;0;1;0;0.0;0.0
FR;64;2020-12-28;1;0;2;0;0.0;0.0
FR;64;2020-12-29;2;0;4;0;0.0;0.0
FR;64;2020-12-30;6;0;10;0;0.0;0.0
FR;64;2020-12-31;5;0;15;0;0.0;0.0
FR;64;2021-01-01;8;0;23;0;0.0;0.0
FR;64;2021-01-02;11;0;34;0;0.0;0.0
FR;64;2021-01-03;18;0;52;0;0.0;0.0
FR;64;2021-01-04;209;2;261;2;0.0;0.0
FR;64;2021-01-05;898;4;1159;6;0.0;0.0
FR;64;2021-01-06;1688;2;2847;8;0.1;0.0
FR;64;2021-01-07;3657;7;6504;15;0.2;0.0
FR;64;2021-01-08;4871;7;11375;22;0.3;0.0
FR;64;2021-01-09;1953;1;13328;23;0.3;0.0
FR;64;2021-01-10;1024;1;14352;24;0.3;0.0
FR;64;2021-01-11;5272;2;19624;26;0.5;0.0
FR;64;2021-01-12;7127;10;26751;36;0.7;0.0
FR;64;2021-01-13;7442;16;34193;52;0.8;0.0
FR;64;2021-01-14;8558;81;42751;133;1.0;0.0
FR;64;2021-01-15;7088;31;49839;164;1.2;0.0
FR;64;2021-01-16;2199;17;52038;181;1.3;0.0
FR;64;2021-01-17;843;9;52881;190;1.3;0.0
FR;64;2021-01-18;4679;11;57560;201;1.4;0.0
FR;64;2021-01-19;6398;15;63958;216;1.6;0.0
FR;64;2021-01-20;6220;28;70178;244;1.7;0.0
FR;64;2021-01-21;6891;20;77069;264;1.9;0.0
FR;64;2021-01-22;5404;24;82473;288;2.0;0.0
FR;64;2021-01-23;1413;8;83886;296;2.0;0.0
FR;64;2021-01-24;433;8;84319;304;2.1;0.0
FR;64;2021-01-25;2770;198;87089;502;2.1;0.0
FR;64;2021-01-26;3523;488;90612;990;2.2;0.0
FR;64;2021-01-27;3762;881;94374;1871;2.3;0.0
FR;64;2021-01-28;4564;1746;98938;3617;2.4;0.1
FR;64;2021-01-29;3522;2321;102460;5938;2.5;0.1
FR;64;2021-01-30;839;706;103299;6644;2.5;0.2
FR;64;2021-01-31;172;280;103471;6924;2.5;0.2
FR;64;2021-02-01;1522;2865;104993;9789;2.6;0.2
FR;64;2021-02-02;2152;4143;107145;13932;2.6;0.3
FR;64;2021-02-03;2303;4361;109448;18293;2.7;0.4
FR;64;2021-02-04;2814;5506;112262;23799;2.7;0.6
FR;64;2021-02-05;2182;4969;114444;28768;2.8;0.7
FR;64;2021-02-06;657;1303;115101;30071;2.8;0.7
FR;64;2021-02-07;164;493;115265;30564;2.8;0.7
FR;64;2021-02-08;1481;4196;116746;34760;2.8;0.8
FR;64;2021-02-09;2341;5659;119087;40419;2.9;1.0
FR;64;2021-02-10;2568;5665;121655;46084;3.0;1.1
FR;64;2021-02-11;3458;7220;125113;53304;3.0;1.3
FR;64;2021-02-12;3111;5438;128224;58742;3.1;1.4
FR;64;2021-02-13;838;1444;129062;60186;3.1;1.5
FR;64;2021-02-14;195;437;129257;60623;3.2;1.5
FR;64;2021-02-15;1591;3881;130848;64504;3.2;1.6
FR;64;2021-02-16;2084;5134;132932;69638;3.2;1.7
FR;64;2021-02-17;2209;4632;135141;74270;3.3;1.8
FR;64;2021-02-18;3234;5449;138375;79719;3.4;1.9
FR;64;2021-02-19;2996;4203;141371;83922;3.4;2.0
FR;64;2021-02-20;807;1195;142178;85117;3.5;2.1
FR;64;2021-02-21;135;255;142313;85372;3.5;2.1
FR;64;2021-02-22;1489;2665;143802;88037;3.5;2.1
FR;64;2021-02-23;2394;2919;146196;90956;3.6;2.2
FR;64;2021-02-24;3867;2847;150063;93803;3.7;2.3
FR;64;2021-02-25;16023;3835;166086;97638;4.0;2.4
FR;64;2021-02-26;21811;2760;187897;100398;4.6;2.4
FR;64;2021-02-27;13062;755;200959;101153;4.9;2.5
FR;64;2021-02-28;792;173;201751;101326;4.9;2.5
FR;64;2021-03-01;6549;1747;208300;103073;5.1;2.5
FR;64;2021-03-02;13121;2321;221421;105394;5.4;2.6
FR;64;2021-03-03;15889;2360;237310;107754;5.8;2.6
FR;64;2021-03-04;25158;2846;262468;110600;6.4;2.7
FR;64;2021-03-05;30449;2629;292917;113229;7.1;2.8
FR;64;2021-03-06;26633;753;319550;113982;7.8;2.8
FR;64;2021-03-07;9831;498;329381;114480;8.0;2.8
FR;64;2021-03-08;8759;1773;338140;116253;8.2;2.8
FR;64;2021-03-09;16778;1997;354918;118250;8.7;2.9
FR;64;2021-03-10;16987;2136;371905;120386;9.1;2.9
FR;64;2021-03-11;25846;2802;397751;123188;9.7;3.0
FR;64;2021-03-12;33364;2347;431115;125535;10.5;3.1
FR;64;2021-03-13;27228;722;458343;126257;11.2;3.1
FR;64;2021-03-14;5421;184;463764;126441;11.3;3.1
FR;64;2021-03-15;10987;1427;474751;127868;11.6;3.1
FR;64;2021-03-16;5982;1763;480733;129631;11.7;3.2
FR;64;2021-03-17;6112;1669;486845;131300;11.9;3.2
FR;64;2021-03-18;7633;2041;494478;133341;12.1;3.3
FR;64;2021-03-19;18845;1892;513323;135233;12.5;3.3
FR;64;2021-03-20;18474;715;531797;135948;13.0;3.3
FR;64;2021-03-21;4720;214;536517;136162;13.1;3.3
FR;64;2021-03-22;13481;1547;549998;137709;13.4;3.4
FR;64;2021-03-23;23446;1989;573444;139698;14.0;3.4
FR;64;2021-03-24;25058;2060;598502;141758;14.6;3.5
FR;64;2021-03-25;36483;2335;634985;144093;15.5;3.5
FR;64;2021-03-26;40037;2270;675022;146363;16.5;3.6
FR;64;2021-03-27;21196;978;696218;147341;17.0;3.6
FR;64;2021-03-28;5068;252;701286;147593;17.1;3.6
FR;64;2021-03-29;17493;2107;718779;149700;17.5;3.6
FR;64;2021-03-30;27248;2785;746027;152485;18.2;3.7
FR;64;2021-03-31;24039;2844;770066;155329;18.8;3.8
FR;64;2021-04-01;30411;3716;800477;159045;19.5;3.9
FR;64;2021-04-02;29118;3542;829595;162587;20.2;4.0
FR;64;2021-04-03;15952;2349;845547;164936;20.6;4.0
FR;64;2021-04-04;4024;786;849571;165722;20.7;4.0
FR;64;2021-04-05;5098;786;854669;166508;20.8;4.1
FR;64;2021-04-06;19096;4232;873765;170740;21.3;4.2
FR;64;2021-04-07;23470;4755;897235;175495;21.9;4.3
FR;64;2021-04-08;34463;5553;931698;181048;22.7;4.4
FR;64;2021-04-09;53293;5968;984991;187016;24.0;4.6
FR;64;2021-04-10;29759;4951;1014750;191967;24.7;4.7
FR;64;2021-04-11;6264;2594;1021014;194561;24.9;4.7
FR;64;2021-04-12;27957;5135;1048971;199696;25.6;4.9
FR;64;2021-04-13;42373;7303;1091344;206999;26.6;5.0
FR;64;2021-04-14;40642;7075;1131986;214074;27.6;5.2
FR;64;2021-04-15;51794;8295;1183780;222369;28.9;5.4
FR;64;2021-04-16;64059;8813;1247839;231182;30.4;5.6
FR;64;2021-04-17;38375;7051;1286214;238233;31.4;5.8
FR;64;2021-04-18;10907;3324;1297121;241557;31.6;5.9
FR;64;2021-04-19;41772;8533;1338893;250090;32.6;6.1
FR;64;2021-04-20;52364;10340;1391257;260430;33.9;6.3
FR;64;2021-04-21;52289;10788;1443546;271218;35.2;6.6
FR;64;2021-04-22;57095;12645;1500641;283863;36.6;6.9
FR;64;2021-04-23;60551;12572;1561192;296435;38.1;7.2
FR;64;2021-04-24;43198;9019;1604390;305454;39.1;7.4
FR;64;2021-04-25;16144;3314;1620534;308768;39.5;7.5
FR;64;2021-04-26;49391;11417;1669925;320185;40.7;7.8
FR;64;2021-04-27;62739;15415;1732664;335600;42.2;8.2
FR;64;2021-04-28;63689;15882;1796353;351482;43.8;8.6
FR;64;2021-04-29;73366;20315;1869719;371797;45.6;9.1
FR;64;2021-04-30;74909;21860;1944628;393657;47.4;9.6
FR;64;2021-05-01;29224;6606;1973852;400263;48.1;9.8
FR;64;2021-05-02;14383;3950;1988235;404213;48.5;9.9
FR;64;2021-05-03;51970;15771;2040205;419984;49.7;10.2
FR;64;2021-05-04;52874;21563;2093079;441547;51.0;10.8
FR;64;2021-05-05;49137;22613;2142216;464160;52.2;11.3
FR;64;2021-05-06;56598;28729;2198814;492889;53.6;12.0
FR;64;2021-05-07;50669;34000;2249483;526889;54.8;12.8
FR;64;2021-05-08;20099;9281;2269582;536170;55.3;13.1
FR;64;2021-05-09;9993;5475;2279575;541645;55.6;13.2
FR;64;2021-05-10;34169;26710;2313744;568355;56.4;13.9
FR;64;2021-05-11;43787;37067;2357531;605422;57.5;14.8
FR;64;2021-05-12;38779;34914;2396310;640336;58.4;15.6
FR;64;2021-05-13;21918;10033;2418228;650369;58.9;15.9
FR;64;2021-05-14;36175;28987;2454403;679356;59.8;16.6
FR;64;2021-05-15;21110;18962;2475513;698318;60.3;17.0
FR;64;2021-05-16;7953;4288;2483466;702606;60.5;17.1
FR;64;2021-05-17;26751;25342;2510217;727948;61.2;17.7
FR;64;2021-05-18;33321;28233;2543538;756181;62.0;18.4
FR;64;2021-05-19;30267;26358;2573805;782539;62.7;19.1
FR;64;2021-05-20;34846;33217;2608651;815756;63.6;19.9
FR;64;2021-05-21;29985;37379;2638636;853135;64.3;20.8
FR;64;2021-05-22;14746;17679;2653382;870814;64.7;21.2
FR;64;2021-05-23;5091;2818;2658473;873632;64.8;21.3
FR;64;2021-05-24;10707;6476;2669180;880108;65.1;21.5
FR;64;2021-05-25;22542;34392;2691722;914500;65.6;22.3
FR;64;2021-05-26;21043;35392;2712765;949892;66.1;23.2
FR;64;2021-05-27;25699;41772;2738464;991664;66.8;24.2
FR;64;2021-05-28;24000;55520;2762464;1047184;67.3;25.5
FR;69;2020-12-27;2;0;2;0;0.0;0.0
FR;69;2020-12-28;2;0;4;0;0.0;0.0
FR;69;2020-12-29;3;0;7;0;0.0;0.0
FR;69;2020-12-30;7;0;14;0;0.0;0.0
FR;69;2020-12-31;5;0;19;0;0.0;0.0
FR;69;2021-01-01;6;0;25;0;0.0;0.0
FR;69;2021-01-02;10;0;35;0;0.0;0.0
FR;69;2021-01-03;8;0;43;0;0.0;0.0
FR;69;2021-01-04;114;0;157;0;0.0;0.0
FR;69;2021-01-05;410;4;567;4;0.0;0.0
FR;69;2021-01-06;808;2;1375;6;0.0;0.0
FR;69;2021-01-07;1890;3;3265;9;0.1;0.0
FR;69;2021-01-08;2452;0;5717;9;0.1;0.0
FR;69;2021-01-09;1124;1;6841;10;0.2;0.0
FR;69;2021-01-10;658;1;7499;11;0.2;0.0
FR;69;2021-01-11;2731;3;10230;14;0.3;0.0
FR;69;2021-01-12;3871;2;14101;16;0.4;0.0
FR;69;2021-01-13;3787;9;17888;25;0.5;0.0
FR;69;2021-01-14;4563;46;22451;71;0.6;0.0
FR;69;2021-01-15;3842;14;26293;85;0.7;0.0
FR;69;2021-01-16;1342;10;27635;95;0.7;0.0
FR;69;2021-01-17;634;3;28269;98;0.7;0.0
FR;69;2021-01-18;3256;16;31525;114;0.8;0.0
FR;69;2021-01-19;4788;19;36313;133;0.9;0.0
FR;69;2021-01-20;4754;13;41067;146;1.1;0.0
FR;69;2021-01-21;5520;14;46587;160;1.2;0.0
FR;69;2021-01-22;4367;14;50954;174;1.3;0.0
FR;69;2021-01-23;1359;3;52313;177;1.3;0.0
FR;69;2021-01-24;446;5;52759;182;1.4;0.0
FR;69;2021-01-25;2722;82;55481;264;1.4;0.0
FR;69;2021-01-26;3347;181;58828;445;1.5;0.0
FR;69;2021-01-27;3668;410;62496;855;1.6;0.0
FR;69;2021-01-28;4323;890;66819;1745;1.7;0.0
FR;69;2021-01-29;3483;1233;70302;2978;1.8;0.1
FR;69;2021-01-30;938;402;71240;3380;1.8;0.1
FR;69;2021-01-31;180;160;71420;3540;1.8;0.1
FR;69;2021-02-01;1817;1523;73237;5063;1.9;0.1
FR;69;2021-02-02;2416;2206;75653;7269;1.9;0.2
FR;69;2021-02-03;2415;2276;78068;9545;2.0;0.2
FR;69;2021-02-04;2977;2925;81045;12470;2.1;0.3
FR;69;2021-02-05;2503;2540;83548;15010;2.1;0.4
FR;69;2021-02-06;721;809;84269;15819;2.2;0.4
FR;69;2021-02-07;162;392;84431;16211;2.2;0.4
FR;69;2021-02-08;1606;2409;86037;18620;2.2;0.5
FR;69;2021-02-09;2402;3412;88439;22032;2.3;0.6
FR;69;2021-02-10;2564;3403;91003;25435;2.3;0.7
FR;69;2021-02-11;3515;4861;94518;30296;2.4;0.8
FR;69;2021-02-12;3154;3418;97672;33714;2.5;0.9
FR;69;2021-02-13;865;1034;98537;34748;2.5;0.9
FR;69;2021-02-14;215;413;98752;35161;2.5;0.9
FR;69;2021-02-15;1332;2775;100084;37936;2.6;1.0
FR;69;2021-02-16;1868;3981;101952;41917;2.6;1.1
FR;69;2021-02-17;2010;3661;103962;45578;2.7;1.2
FR;69;2021-02-18;2998;4560;106960;50138;2.7;1.3
FR;69;2021-02-19;2864;3507;109824;53645;2.8;1.4
FR;69;2021-02-20;753;1026;110577;54671;2.8;1.4
FR;69;2021-02-21;150;235;110727;54906;2.8;1.4
FR;69;2021-02-22;1607;2574;112334;57480;2.9;1.5
FR;69;2021-02-23;2269;2825;114603;60305;2.9;1.5
FR;69;2021-02-24;2658;2910;117261;63215;3.0;1.6
FR;69;2021-02-25;3878;3576;121139;66791;3.1;1.7
FR;69;2021-02-26;4274;2625;125413;69416;3.2;1.8
FR;69;2021-02-27;1810;705;127223;70121;3.3;1.8
FR;69;2021-02-28;311;179;127534;70300;3.3;1.8
FR;69;2021-03-01;2798;1931;130332;72231;3.3;1.9
FR;69;2021-03-02;4716;2433;135048;74664;3.5;1.9
FR;69;2021-03-03;6665;2469;141713;77133;3.6;2.0
FR;69;2021-03-04;11746;3002;153459;80135;3.9;2.1
FR;69;2021-03-05;17470;2674;170929;82809;4.4;2.1
FR;69;2021-03-06;23077;752;194006;83561;5.0;2.1
FR;69;2021-03-07;14736;414;208742;83975;5.3;2.2
FR;69;2021-03-08;9732;2025;218474;86000;5.6;2.2
FR;69;2021-03-09;17455;2472;235929;88472;6.0;2.3
FR;69;2021-03-10;18755;2523;254684;90995;6.5;2.3
FR;69;2021-03-11;29124;3190;283808;94185;7.3;2.4
FR;69;2021-03-12;39809;2884;323617;97069;8.3;2.5
FR;69;2021-03-13;35892;931;359509;98000;9.2;2.5
FR;69;2021-03-14;8169;237;367678;98237;9.4;2.5
FR;69;2021-03-15;16621;1789;384299;100026;9.8;2.6
FR;69;2021-03-16;10712;2169;395011;102195;10.1;2.6
FR;69;2021-03-17;11725;2165;406736;104360;10.4;2.7
FR;69;2021-03-18;13109;2581;419845;106941;10.8;2.7
FR;69;2021-03-19;28726;2384;448571;109325;11.5;2.8
FR;69;2021-03-20;26871;855;475442;110180;12.2;2.8
FR;69;2021-03-21;7114;269;482556;110449;12.4;2.8
FR;69;2021-03-22;21148;2143;503704;112592;12.9;2.9
FR;69;2021-03-23;36110;2757;539814;115349;13.8;3.0
FR;69;2021-03-24;37394;2786;577208;118135;14.8;3.0
FR;69;2021-03-25;54855;3041;632063;121176;16.2;3.1
FR;69;2021-03-26;58997;2925;691060;124101;17.7;3.2
FR;69;2021-03-27;30045;1322;721105;125423;18.5;3.2
FR;69;2021-03-28;7599;372;728704;125795;18.7;3.2
FR;69;2021-03-29;27630;3403;756334;129198;19.4;3.3
FR;69;2021-03-30;42174;4291;798508;133489;20.5;3.4
FR;69;2021-03-31;35302;4341;833810;137830;21.4;3.5
FR;69;2021-04-01;43119;5707;876929;143537;22.5;3.7
FR;69;2021-04-02;41251;5860;918180;149397;23.5;3.8
FR;69;2021-04-03;21637;3909;939817;153306;24.1;3.9
FR;69;2021-04-04;5803;1300;945620;154606;24.2;4.0
FR;69;2021-04-05;7608;1057;953228;155663;24.4;4.0
FR;69;2021-04-06;27727;7147;980955;162810;25.1;4.2
FR;69;2021-04-07;32345;7704;1013300;170514;26.0;4.4
FR;69;2021-04-08;48474;8791;1061774;179305;27.2;4.6
FR;69;2021-04-09;70423;8940;1132197;188245;29.0;4.8
FR;69;2021-04-10;36600;7798;1168797;196043;30.0;5.0
FR;69;2021-04-11;7994;4275;1176791;200318;30.2;5.1
FR;69;2021-04-12;38512;8792;1215303;209110;31.1;5.4
FR;69;2021-04-13;53426;11891;1268729;221001;32.5;5.7
FR;69;2021-04-14;49224;11598;1317953;232599;33.8;6.0
FR;69;2021-04-15;61730;13460;1379683;246059;35.4;6.3
FR;69;2021-04-16;72454;13988;1452137;260047;37.2;6.7
FR;69;2021-04-17;39531;10651;1491668;270698;38.2;6.9
FR;69;2021-04-18;10000;5017;1501668;275715;38.5;7.1
FR;69;2021-04-19;45765;13831;1547433;289546;39.7;7.4
FR;69;2021-04-20;56892;16745;1604325;306291;41.1;7.8
FR;69;2021-04-21;53291;16464;1657616;322755;42.5;8.3
FR;69;2021-04-22;60016;18655;1717632;341410;44.0;8.7
FR;69;2021-04-23;59147;18698;1776779;360108;45.5;9.2
FR;69;2021-04-24;37164;13095;1813943;373203;46.5;9.6
FR;69;2021-04-25;13189;4967;1827132;378170;46.8;9.7
FR;69;2021-04-26;49113;18302;1876245;396472;48.1;10.2
FR;69;2021-04-27;61578;23101;1937823;419573;49.7;10.8
FR;69;2021-04-28;59569;22006;1997392;441579;51.2;11.3
FR;69;2021-04-29;69815;24755;2067207;466334;53.0;12.0
FR;69;2021-04-30;66676;23810;2133883;490144;54.7;12.6
FR;69;2021-05-01;23775;7579;2157658;497723;55.3;12.8
FR;69;2021-05-02;11139;5129;2168797;502852;55.6;12.9
FR;69;2021-05-03;47183;21275;2215980;524127;56.8;13.4
FR;69;2021-05-04;47720;27696;2263700;551823;58.0;14.1
FR;69;2021-05-05;42516;27111;2306216;578934;59.1;14.8
FR;69;2021-05-06;50657;30171;2356873;609105;60.4;15.6
FR;69;2021-05-07;42137;34270;2399010;643375;61.5;16.5
FR;69;2021-05-08;15181;9379;2414191;652754;61.9;16.7
FR;69;2021-05-09;7267;6555;2421458;659309;62.1;16.9
FR;69;2021-05-10;29415;34686;2450873;693995;62.8;17.8
FR;69;2021-05-11;38027;43726;2488900;737721;63.8;18.9
FR;69;2021-05-12;32826;39180;2521726;776901;64.6;19.9
FR;69;2021-05-13;17441;11500;2539167;788401;65.1;20.2
FR;69;2021-05-14;29918;34137;2569085;822538;65.8;21.1
FR;69;2021-05-15;15155;18506;2584240;841044;66.2;21.6
FR;69;2021-05-16;5427;4310;2589667;845354;66.4;21.7
FR;69;2021-05-17;21745;28759;2611412;874113;66.9;22.4
FR;69;2021-05-18;27818;29586;2639230;903699;67.6;23.2
FR;69;2021-05-19;24224;25203;2663454;928902;68.3;23.8
FR;69;2021-05-20;28271;27797;2691725;956699;69.0;24.5
FR;69;2021-05-21;22847;30718;2714572;987417;69.6;25.3
FR;69;2021-05-22;9627;14375;2724199;1001792;69.8;25.7
FR;69;2021-05-23;3177;2372;2727376;1004164;69.9;25.7
FR;69;2021-05-24;8075;7125;2735451;1011289;70.1;25.9
FR;69;2021-05-25;17753;36243;2753204;1047532;70.6;26.8
FR;69;2021-05-26;16080;34963;2769284;1082495;71.0;27.7
FR;69;2021-05-27;20405;41217;2789689;1123712;71.5;28.8
FR;69;2021-05-28;17958;53704;2807647;1177416;72.0;30.2
FR;74;2020-12-27;1;0;1;0;0.0;0.0
FR;74;2020-12-28;7;0;8;0;0.0;0.0
FR;74;2020-12-29;5;0;13;0;0.0;0.0
FR;74;2020-12-30;11;0;24;0;0.0;0.0
FR;74;2020-12-31;7;0;31;0;0.0;0.0
FR;74;2021-01-01;5;0;36;0;0.0;0.0
FR;74;2021-01-02;3;0;39;0;0.0;0.0
FR;74;2021-01-03;12;0;51;0;0.0;0.0
FR;74;2021-01-04;86;1;137;1;0.0;0.0
FR;74;2021-01-05;298;0;435;1;0.0;0.0
FR;74;2021-01-06;554;1;989;2;0.0;0.0
FR;74;2021-01-07;1464;0;2453;2;0.1;0.0
FR;74;2021-01-08;1793;3;4246;5;0.1;0.0
FR;74;2021-01-09;794;1;5040;6;0.1;0.0
FR;74;2021-01-10;534;0;5574;6;0.2;0.0
FR;74;2021-01-11;2121;0;7695;6;0.2;0.0
FR;74;2021-01-12;3151;4;10846;10;0.3;0.0
FR;74;2021-01-13;3196;6;14042;16;0.4;0.0
FR;74;2021-01-14;3943;39;17985;55;0.5;0.0
FR;74;2021-01-15;3532;10;21517;65;0.6;0.0
FR;74;2021-01-16;1334;2;22851;67;0.7;0.0
FR;74;2021-01-17;764;3;23615;70;0.7;0.0
FR;74;2021-01-18;4717;11;28332;81;0.8;0.0
FR;74;2021-01-19;6823;11;35155;92;1.0;0.0
FR;74;2021-01-20;7095;12;42250;104;1.2;0.0
FR;74;2021-01-21;8179;22;50429;126;1.4;0.0
FR;74;2021-01-22;6539;18;56968;144;1.6;0.0
FR;74;2021-01-23;2258;1;59226;145;1.7;0.0
FR;74;2021-01-24;609;2;59835;147;1.7;0.0
FR;74;2021-01-25;4533;56;64368;203;1.9;0.0
FR;74;2021-01-26;5626;149;69994;352;2.0;0.0
FR;74;2021-01-27;5982;271;75976;623;2.2;0.0
FR;74;2021-01-28;6975;749;82951;1372;2.4;0.0
FR;74;2021-01-29;5732;898;88683;2270;2.5;0.1
FR;74;2021-01-30;1769;261;90452;2531;2.6;0.1
FR;74;2021-01-31;295;114;90747;2645;2.6;0.1
FR;74;2021-02-01;3290;1061;94037;3706;2.7;0.1
FR;74;2021-02-02;4298;1784;98335;5490;2.8;0.2
FR;74;2021-02-03;4307;1811;102642;7301;3.0;0.2
FR;74;2021-02-04;5174;2469;107816;9770;3.1;0.3
FR;74;2021-02-05;4385;2177;112201;11947;3.2;0.3
FR;74;2021-02-06;1395;695;113596;12642;3.3;0.4
FR;74;2021-02-07;243;351;113839;12993;3.3;0.4
FR;74;2021-02-08;3073;2506;116912;15499;3.4;0.4
FR;74;2021-02-09;4101;3725;121013;19224;3.5;0.6
FR;74;2021-02-10;4416;3814;125429;23038;3.6;0.7
FR;74;2021-02-11;5625;5470;131054;28508;3.8;0.8
FR;74;2021-02-12;5259;3822;136313;32330;3.9;0.9
FR;74;2021-02-13;1647;1220;137960;33550;4.0;1.0
FR;74;2021-02-14;405;471;138365;34021;4.0;1.0
FR;74;2021-02-15;2402;4182;140767;38203;4.0;1.1
FR;74;2021-02-16;3276;5632;144043;43835;4.1;1.3
FR;74;2021-02-17;3390;5450;147433;49285;4.2;1.4
FR;74;2021-02-18;4929;6811;152362;56096;4.4;1.6
FR;74;2021-02-19;4875;5409;157237;61505;4.5;1.8
FR;74;2021-02-20;1549;1737;158786;63242;4.6;1.8
FR;74;2021-02-21;233;415;159019;63657;4.6;1.8
FR;74;2021-02-22;2862;4292;161881;67949;4.7;2.0
FR;74;2021-02-23;4136;4898;166017;72847;4.8;2.1
FR;74;2021-02-24;4516;4841;170533;77688;4.9;2.2
FR;74;2021-02-25;5525;5695;176058;83383;5.1;2.4
FR;74;2021-02-26;5482;4467;181540;87850;5.2;2.5
FR;74;2021-02-27;2006;1364;183546;89214;5.3;2.6
FR;74;2021-02-28;528;294;184074;89508;5.3;2.6
FR;74;2021-03-01;5060;3363;189134;92871;5.4;2.7
FR;74;2021-03-02;7452;4280;196586;97151;5.7;2.8
FR;74;2021-03-03;9684;4262;206270;101413;5.9;2.9
FR;74;2021-03-04;15041;4808;221311;106221;6.4;3.1
FR;74;2021-03-05;21662;4588;242973;110809;7.0;3.2
FR;74;2021-03-06;31157;1385;274130;112194;7.9;3.2
FR;74;2021-03-07;20904;520;295034;112714;8.5;3.2
FR;74;2021-03-08;14198;3669;309232;116383;8.9;3.3
FR;74;2021-03-09;24027;4233;333259;120616;9.6;3.5
FR;74;2021-03-10;26251;4410;359510;125026;10.3;3.6
FR;74;2021-03-11;38257;5305;397767;130331;11.4;3.7
FR;74;2021-03-12;50538;4696;448305;135027;12.9;3.9
FR;74;2021-03-13;47687;1557;495992;136584;14.3;3.9
FR;74;2021-03-14;11931;419;507923;137003;14.6;3.9
FR;74;2021-03-15;25488;3134;533411;140137;15.3;4.0
FR;74;2021-03-16;20028;3840;553439;143977;15.9;4.1
FR;74;2021-03-17;21790;3874;575229;147851;16.5;4.3
FR;74;2021-03-18;24394;4511;599623;152362;17.2;4.4
FR;74;2021-03-19;41295;3970;640918;156332;18.4;4.5
FR;74;2021-03-20;35334;1560;676252;157892;19.4;4.5
FR;74;2021-03-21;9470;397;685722;158289;19.7;4.6
FR;74;2021-03-22;31444;3893;717166;162182;20.6;4.7
FR;74;2021-03-23;50068;4796;767234;166978;22.1;4.8
FR;74;2021-03-24;52045;5184;819279;172162;23.6;4.9
FR;74;2021-03-25;74612;5555;893891;177717;25.7;5.1
FR;74;2021-03-26;80628;5183;974519;182900;28.0;5.3
FR;74;2021-03-27;50932;2377;1025451;185277;29.5;5.3
FR;74;2021-03-28;17782;737;1043233;186014;30.0;5.3
FR;74;2021-03-29;56014;6863;1099247;192877;31.6;5.5
FR;74;2021-03-30;76444;8731;1175691;201608;33.8;5.8
FR;74;2021-03-31;67800;9280;1243491;210888;35.7;6.1
FR;74;2021-04-01;78212;11666;1321703;222554;38.0;6.4
FR;74;2021-04-02;69884;12243;1391587;234797;40.0;6.8
FR;74;2021-04-03;37120;8428;1428707;243225;41.1;7.0
FR;74;2021-04-04;12497;2776;1441204;246001;41.4;7.1
FR;74;2021-04-05;19195;1850;1460399;247851;42.0;7.1
FR;74;2021-04-06;64243;15069;1524642;262920;43.8;7.6
FR;74;2021-04-07;72573;15934;1597215;278854;45.9;8.0
FR;74;2021-04-08;87518;17834;1684733;296688;48.4;8.5
FR;74;2021-04-09;97120;17617;1781853;314305;51.2;9.0
FR;74;2021-04-10;48574;13979;1830427;328284;52.6;9.4
FR;74;2021-04-11;12733;6810;1843160;335094;53.0;9.6
FR;74;2021-04-12;60840;17671;1904000;352765;54.7;10.1
FR;74;2021-04-13;68628;22134;1972628;374899;56.7;10.8
FR;74;2021-04-14;60031;21722;2032659;396621;58.4;11.4
FR;74;2021-04-15;61846;23670;2094505;420291;60.2;12.1
FR;74;2021-04-16;52167;24271;2146672;444562;61.7;12.8
FR;74;2021-04-17;25657;16774;2172329;461336;62.5;13.3
FR;74;2021-04-18;5739;6958;2178068;468294;62.6;13.5
FR;74;2021-04-19;31652;24264;2209720;492558;63.5;14.2
FR;74;2021-04-20;36140;29521;2245860;522079;64.6;15.0
FR;74;2021-04-21;33274;30164;2279134;552243;65.5;15.9
FR;74;2021-04-22;37967;35122;2317101;587365;66.6;16.9
FR;74;2021-04-23;34699;38728;2351800;626093;67.6;18.0
FR;74;2021-04-24;18565;30671;2370365;656764;68.1;18.9
FR;74;2021-04-25;6108;12544;2376473;669308;68.3;19.2
FR;74;2021-04-26;26480;46813;2402953;716121;69.1;20.6
FR;74;2021-04-27;32945;55970;2435898;772091;70.0;22.2
FR;74;2021-04-28;32493;52766;2468391;824857;71.0;23.7
FR;74;2021-04-29;38529;53867;2506920;878724;72.1;25.3
FR;74;2021-04-30;34903;49054;2541823;927778;73.1;26.7
FR;74;2021-05-01;11053;15114;2552876;942892;73.4;27.1
FR;74;2021-05-02;5141;11369;2558017;954261;73.5;27.4
FR;74;2021-05-03;24049;52045;2582066;1006306;74.2;28.9
FR;74;2021-05-04;24926;69171;2606992;1075477;74.9;30.9
FR;74;2021-05-05;22540;64874;2629532;1140351;75.6;32.8
FR;74;2021-05-06;27198;63220;2656730;1203571;76.4;34.6
FR;74;2021-05-07;23121;65949;2679851;1269520;77.0;36.5
FR;74;2021-05-08;7837;14318;2687688;1283838;77.3;36.9
FR;74;2021-05-09;3649;10469;2691337;1294307;77.4;37.2
FR;74;2021-05-10;15890;63059;2707227;1357366;77.8;39.0
FR;74;2021-05-11;20855;64077;2728082;1421443;78.4;40.9
FR;74;2021-05-12;18264;53136;2746346;1474579;79.0;42.4
FR;74;2021-05-13;9048;12077;2755394;1486656;79.2;42.7
FR;74;2021-05-14;16856;37730;2772250;1524386;79.7;43.8
FR;74;2021-05-15;8320;17552;2780570;1541938;79.9;44.3
FR;74;2021-05-16;2977;3497;2783547;1545435;80.0;44.4
FR;74;2021-05-17;12159;30765;2795706;1576200;80.4;45.3
FR;74;2021-05-18;15329;30451;2811035;1606651;80.8;46.2
FR;74;2021-05-19;13915;25378;2824950;1632029;81.2;46.9
FR;74;2021-05-20;15930;27680;2840880;1659709;81.7;47.7
FR;74;2021-05-21;13248;30688;2854128;1690397;82.1;48.6
FR;74;2021-05-22;5734;14212;2859862;1704609;82.2;49.0
FR;74;2021-05-23;1849;2383;2861711;1706992;82.3;49.1
FR;74;2021-05-24;4611;5719;2866322;1712711;82.4;49.2
FR;74;2021-05-25;10471;35226;2876793;1747937;82.7;50.3
FR;74;2021-05-26;9790;33393;2886583;1781330;83.0;51.2
FR;74;2021-05-27;11723;38414;2898306;1819744;83.3;52.3
FR;74;2021-05-28;10974;44915;2909280;1864659;83.6;53.6
FR;79;2020-12-27;1;0;1;0;0.0;0.0
FR;79;2020-12-28;6;0;7;0;0.0;0.0
FR;79;2020-12-29;16;0;23;0;0.0;0.0
FR;79;2020-12-30;12;0;35;0;0.0;0.0
FR;79;2020-12-31;6;0;41;0;0.0;0.0
FR;79;2021-01-01;4;0;45;0;0.0;0.0
FR;79;2021-01-02;4;0;49;0;0.0;0.0
FR;79;2021-01-03;2;0;51;0;0.0;0.0
FR;79;2021-01-04;50;0;101;0;0.0;0.0
FR;79;2021-01-05;171;0;272;0;0.0;0.0
FR;79;2021-01-06;340;0;612;0;0.0;0.0
FR;79;2021-01-07;905;0;1517;0;0.1;0.0
FR;79;2021-01-08;1082;1;2599;1;0.1;0.0
FR;79;2021-01-09;364;0;2963;1;0.1;0.0
FR;79;2021-01-10;191;0;3154;1;0.1;0.0
FR;79;2021-01-11;1150;2;4304;3;0.2;0.0
FR;79;2021-01-12;2207;2;6511;5;0.3;0.0
FR;79;2021-01-13;2746;2;9257;7;0.4;0.0
FR;79;2021-01-14;4435;35;13692;42;0.6;0.0
FR;79;2021-01-15;5260;16;18952;58;0.9;0.0
FR;79;2021-01-16;2821;11;21773;69;1.0;0.0
FR;79;2021-01-17;1307;3;23080;72;1.0;0.0
FR;79;2021-01-18;19647;37;42727;109;1.9;0.0
FR;79;2021-01-19;26043;36;68770;145;3.1;0.0
FR;79;2021-01-20;28029;32;96799;177;4.4;0.0
FR;79;2021-01-21;30048;32;126847;209;5.7;0.0
FR;79;2021-01-22;27907;28;154754;237;7.0;0.0
FR;79;2021-01-23;11662;10;166416;247;7.5;0.0
FR;79;2021-01-24;2172;3;168588;250;7.6;0.0
FR;79;2021-01-25;22550;46;191138;296;8.6;0.0
FR;79;2021-01-26;25733;118;216871;414;9.8;0.0
FR;79;2021-01-27;25009;195;241880;609;10.9;0.0
FR;79;2021-01-28;25208;561;267088;1170;12.0;0.1
FR;79;2021-01-29;22541;562;289629;1732;13.1;0.1
FR;79;2021-01-30;8783;137;298412;1869;13.5;0.1
FR;79;2021-01-31;1230;55;299642;1924;13.5;0.1
FR;79;2021-02-01;16156;643;315798;2567;14.2;0.1
FR;79;2021-02-02;19282;1273;335080;3840;15.1;0.2
FR;79;2021-02-03;18292;1582;353372;5422;15.9;0.2
FR;79;2021-02-04;19175;2534;372547;7956;16.8;0.4
FR;79;2021-02-05;18024;2681;390571;10637;17.6;0.5
FR;79;2021-02-06;6452;1005;397023;11642;17.9;0.5
FR;79;2021-02-07;870;391;397893;12033;17.9;0.5
FR;79;2021-02-08;13084;5815;410977;17848;18.5;0.8
FR;79;2021-02-09;15553;7674;426530;25522;19.2;1.2
FR;79;2021-02-10;15449;8049;441979;33571;19.9;1.5
FR;79;2021-02-11;16532;9609;458511;43180;20.7;1.9
FR;79;2021-02-12;15670;9408;474181;52588;21.4;2.4
FR;79;2021-02-13;5005;4123;479186;56711;21.6;2.6
FR;79;2021-02-14;905;1043;480091;57754;21.7;2.6
FR;79;2021-02-15;7134;19825;487225;77579;22.0;3.5
FR;79;2021-02-16;8352;23628;495577;101207;22.4;4.6
FR;79;2021-02-17;8253;24028;503830;125235;22.7;5.6
FR;79;2021-02-18;10293;24429;514123;149664;23.2;6.7
FR;79;2021-02-19;10317;20766;524440;170430;23.7;7.7
FR;79;2021-02-20;3767;8313;528207;178743;23.8;8.1
FR;79;2021-02-21;549;1558;528756;180301;23.8;8.1
FR;79;2021-02-22;6987;21885;535743;202186;24.2;9.1
FR;79;2021-02-23;9639;23574;545382;225760;24.6;10.2
FR;79;2021-02-24;10030;22207;555412;247967;25.0;11.2
FR;79;2021-02-25;11681;22090;567093;270057;25.6;12.2
FR;79;2021-02-26;12064;19116;579157;289173;26.1;13.0
FR;79;2021-02-27;4421;6733;583578;295906;26.3;13.3
FR;79;2021-02-28;875;1038;584453;296944;26.4;13.4
FR;79;2021-03-01;12119;16457;596572;313401;26.9;14.1
FR;79;2021-03-02;16320;19268;612892;332669;27.6;15.0
FR;79;2021-03-03;17734;18535;630626;351204;28.4;15.8
FR;79;2021-03-04;20903;17671;651529;368875;29.4;16.6
FR;79;2021-03-05;22450;16461;673979;385336;30.4;17.4
FR;79;2021-03-06;28999;5354;702978;390690;31.7;17.6
FR;79;2021-03-07;21068;1028;724046;391718;32.7;17.7
FR;79;2021-03-08;17363;15327;741409;407045;33.4;18.4
FR;79;2021-03-09;25735;16424;767144;423469;34.6;19.1
FR;79;2021-03-10;26861;15591;794005;439060;35.8;19.8
FR;79;2021-03-11;31823;15089;825828;454149;37.2;20.5
FR;79;2021-03-12;33347;12933;859175;467082;38.7;21.1
FR;79;2021-03-13;25276;4221;884451;471303;39.9;21.3
FR;79;2021-03-14;9462;772;893913;472075;40.3;21.3
FR;79;2021-03-15;28446;8687;922359;480762;41.6;21.7
FR;79;2021-03-16;32791;9294;955150;490056;43.1;22.1
FR;79;2021-03-17;33771;9247;988921;499303;44.6;22.5
FR;79;2021-03-18;36661;9736;1025582;509039;46.3;23.0
FR;79;2021-03-19;36685;8868;1062267;517907;47.9;23.4
FR;79;2021-03-20;20664;3279;1082931;521186;48.8;23.5
FR;79;2021-03-21;5874;598;1088805;521784;49.1;23.5
FR;79;2021-03-22;28542;9176;1117347;530960;50.4;23.9
FR;79;2021-03-23;37007;10770;1154354;541730;52.1;24.4
FR;79;2021-03-24;35506;11335;1189860;553065;53.7;24.9
FR;79;2021-03-25;41850;11112;1231710;564177;55.5;25.4
FR;79;2021-03-26;39316;10430;1271026;574607;57.3;25.9
FR;79;2021-03-27;17624;4404;1288650;579011;58.1;26.1
FR;79;2021-03-28;4795;901;1293445;579912;58.3;26.2
FR;79;2021-03-29;22245;15005;1315690;594917;59.3;26.8
FR;79;2021-03-30;27975;18890;1343665;613807;60.6;27.7
FR;79;2021-03-31;24648;19731;1368313;633538;61.7;28.6
FR;79;2021-04-01;27128;23178;1395441;656716;62.9;29.6
FR;79;2021-04-02;23011;24431;1418452;681147;64.0;30.7
FR;79;2021-04-03;10001;17359;1428453;698506;64.4;31.5
FR;79;2021-04-04;2798;5061;1431251;703567;64.5;31.7
FR;79;2021-04-05;4184;2745;1435435;706312;64.7;31.9
FR;79;2021-04-06;18898;28952;1454333;735264;65.6;33.2
FR;79;2021-04-07;21009;29831;1475342;765095;66.5;34.5
FR;79;2021-04-08;24937;29899;1500279;794994;67.7;35.9
FR;79;2021-04-09;26773;28079;1527052;823073;68.9;37.1
FR;79;2021-04-10;13627;18916;1540679;841989;69.5;38.0
FR;79;2021-04-11;3502;6444;1544181;848433;69.6;38.3
FR;79;2021-04-12;16706;28883;1560887;877316;70.4;39.6
FR;79;2021-04-13;19054;34994;1579941;912310;71.3;41.1
FR;79;2021-04-14;18120;33121;1598061;945431;72.1;42.6
FR;79;2021-04-15;19049;33301;1617110;978732;72.9;44.1
FR;79;2021-04-16;16183;31025;1633293;1009757;73.7;45.5
FR;79;2021-04-17;8124;16685;1641417;1026442;74.0;46.3
FR;79;2021-04-18;1764;4830;1643181;1031272;74.1;46.5
FR;79;2021-04-19;9803;29161;1652984;1060433;74.5;47.8
FR;79;2021-04-20;11614;34423;1664598;1094856;75.1;49.4
FR;79;2021-04-21;11241;31189;1675839;1126045;75.6;50.8
FR;79;2021-04-22;12787;31063;1688626;1157108;76.2;52.2
FR;79;2021-04-23;11844;27665;1700470;1184773;76.7;53.4
FR;79;2021-04-24;6124;13704;1706594;1198477;77.0;54.1
FR;79;2021-04-25;1896;3418;1708490;1201895;77.1;54.2
FR;79;2021-04-26;8846;20578;1717336;1222473;77.5;55.1
FR;79;2021-04-27;11014;23635;1728350;1246108;77.9;56.2
FR;79;2021-04-28;11529;20874;1739879;1266982;78.5;57.1
FR;79;2021-04-29;13554;20633;1753433;1287615;79.1;58.1
FR;79;2021-04-30;12747;17563;1766180;1305178;79.7;58.9
FR;79;2021-05-01;3798;3908;1769978;1309086;79.8;59.0
FR;79;2021-05-02;1727;2615;1771705;1311701;79.9;59.2
FR;79;2021-05-03;8526;15077;1780231;1326778;80.3;59.8
FR;79;2021-05-04;8847;20123;1789078;1346901;80.7;60.7
FR;79;2021-05-05;8315;18953;1797393;1365854;81.1;61.6
FR;79;2021-05-06;10157;18749;1807550;1384603;81.5;62.4
FR;79;2021-05-07;8885;19423;1816435;1404026;81.9;63.3
FR;79;2021-05-08;2941;4293;1819376;1408319;82.1;63.5
FR;79;2021-05-09;1377;2985;1820753;1411304;82.1;63.6
FR;79;2021-05-10;6052;17455;1826805;1428759;82.4;64.4
FR;79;2021-05-11;7904;18529;1834709;1447288;82.7;65.3
FR;79;2021-05-12;7159;15760;1841868;1463048;83.1;66.0
FR;79;2021-05-13;3477;3776;1845345;1466824;83.2;66.2
FR;79;2021-05-14;6707;11361;1852052;1478185;83.5;66.7
FR;79;2021-05-15;3260;5090;1855312;1483275;83.7;66.9
FR;79;2021-05-16;1138;1150;1856450;1484425;83.7;66.9
FR;79;2021-05-17;4872;8967;1861322;1493392;83.9;67.4
FR;79;2021-05-18;6012;9117;1867334;1502509;84.2;67.8
FR;79;2021-05-19;5637;7938;1872971;1510447;84.5;68.1
FR;79;2021-05-20;6512;8083;1879483;1518530;84.8;68.5
FR;79;2021-05-21;5518;8713;1885001;1527243;85.0;68.9
FR;79;2021-05-22;2382;3799;1887383;1531042;85.1;69.0
FR;79;2021-05-23;726;784;1888109;1531826;85.2;69.1
FR;79;2021-05-24;1821;1596;1889930;1533422;85.2;69.2
FR;79;2021-05-25;4295;10191;1894225;1543613;85.4;69.6
FR;79;2021-05-26;4170;9654;1898395;1553267;85.6;70.1
FR;79;2021-05-27;5093;10443;1903488;1563710;85.8;70.5
FR;79;2021-05-28;4566;12313;1908054;1576023;86.1;71.1
FR;80;2020-12-27;10;2;10;2;0.0;0.0
FR;80;2020-12-28;41;0;51;2;0.0;0.0
FR;80;2020-12-29;78;0;129;2;0.0;0.0
FR;80;2020-12-30;69;0;198;2;0.0;0.0
FR;80;2020-12-31;49;0;247;2;0.0;0.0
FR;80;2021-01-01;9;0;256;2;0.0;0.0
FR;80;2021-01-02;8;0;264;2;0.0;0.0
FR;80;2021-01-03;2;0;266;2;0.0;0.0
FR;80;2021-01-04;297;1;563;3;0.0;0.0
FR;80;2021-01-05;909;0;1472;3;0.0;0.0
FR;80;2021-01-06;1675;0;3147;3;0.1;0.0
FR;80;2021-01-07;6292;2;9439;5;0.2;0.0
FR;80;2021-01-08;5749;2;15188;7;0.4;0.0
FR;80;2021-01-09;979;0;16167;7;0.4;0.0
FR;80;2021-01-10;308;0;16475;7;0.4;0.0
FR;80;2021-01-11;4439;4;20914;11;0.5;0.0
FR;80;2021-01-12;12719;9;33633;20;0.8;0.0
FR;80;2021-01-13;12443;14;46076;34;1.1;0.0
FR;80;2021-01-14;18247;118;64323;152;1.5;0.0
FR;80;2021-01-15;12130;32;76453;184;1.8;0.0
FR;80;2021-01-16;4034;28;80487;212;1.9;0.0
FR;80;2021-01-17;3745;18;84232;230;2.0;0.0
FR;80;2021-01-18;28748;66;112980;296;2.7;0.0
FR;80;2021-01-19;53774;105;166754;401;4.0;0.0
FR;80;2021-01-20;59401;113;226155;514;5.4;0.0
FR;80;2021-01-21;69936;81;296091;595;7.1;0.0
FR;80;2021-01-22;48313;66;344404;661;8.3;0.0
FR;80;2021-01-23;16216;9;360620;670;8.7;0.0
FR;80;2021-01-24;4311;2;364931;672;8.8;0.0
FR;80;2021-01-25;32411;149;397342;821;9.6;0.0
FR;80;2021-01-26;45111;533;442453;1354;10.6;0.0
FR;80;2021-01-27;50883;892;493336;2246;11.9;0.1
FR;80;2021-01-28;60021;3944;553357;6190;13.3;0.1
FR;80;2021-01-29;39334;3276;592691;9466;14.3;0.2
FR;80;2021-01-30;13221;592;605912;10058;14.6;0.2
FR;80;2021-01-31;2333;285;608245;10343;14.6;0.2
FR;80;2021-02-01;23011;2783;631256;13126;15.2;0.3
FR;80;2021-02-02;33531;7435;664787;20561;16.0;0.5
FR;80;2021-02-03;34429;7881;699216;28442;16.8;0.7
FR;80;2021-02-04;38062;12589;737278;41031;17.7;1.0
FR;80;2021-02-05;29793;9527;767071;50558;18.4;1.2
FR;80;2021-02-06;9704;2123;776775;52681;18.7;1.3
FR;80;2021-02-07;1449;1867;778224;54548;18.7;1.3
FR;80;2021-02-08;19348;11139;797572;65687;19.2;1.6
FR;80;2021-02-09;25896;25610;823468;91297;19.8;2.2
FR;80;2021-02-10;26307;28925;849775;120222;20.4;2.9
FR;80;2021-02-11;30505;38125;880280;158347;21.2;3.8
FR;80;2021-02-12;26713;24679;906993;183026;21.8;4.4
FR;80;2021-02-13;7933;6526;914926;189552;22.0;4.6
FR;80;2021-02-14;1508;3100;916434;192652;22.0;4.6
FR;80;2021-02-15;11136;28312;927570;220964;22.3;5.3
FR;80;2021-02-16;15553;38928;943123;259892;22.7;6.3
FR;80;2021-02-17;15938;44490;959061;304382;23.1;7.3
FR;80;2021-02-18;21509;52519;980570;356901;23.6;8.6
FR;80;2021-02-19;19050;37505;999620;394406;24.0;9.5
FR;80;2021-02-20;6302;12325;1005922;406731;24.2;9.8
FR;80;2021-02-21;913;2970;1006835;409701;24.2;9.9
FR;80;2021-02-22;11172;30692;1018007;440393;24.5;10.6
FR;80;2021-02-23;17083;37287;1035090;477680;24.9;11.5
FR;80;2021-02-24;17981;37084;1053071;514764;25.3;12.4
FR;80;2021-02-25;22281;40861;1075352;555625;25.9;13.4
FR;80;2021-02-26;20515;30905;1095867;586530;26.4;14.1
FR;80;2021-02-27;7168;10283;1103035;596813;26.5;14.4
FR;80;2021-02-28;1260;2120;1104295;598933;26.6;14.4
FR;80;2021-03-01;18777;23208;1123072;622141;27.0;15.0
FR;80;2021-03-02;26883;29103;1149955;651244;27.7;15.7
FR;80;2021-03-03;28685;29238;1178640;680482;28.3;16.4
FR;80;2021-03-04;34856;29682;1213496;710164;29.2;17.1
FR;80;2021-03-05;35854;27475;1249350;737639;30.0;17.7
FR;80;2021-03-06;41320;8337;1290670;745976;31.0;17.9
FR;80;2021-03-07;29674;2010;1320344;747986;31.8;18.0
FR;80;2021-03-08;27156;22477;1347500;770463;32.4;18.5
FR;80;2021-03-09;40689;24649;1388189;795112;33.4;19.1
FR;80;2021-03-10;43062;25378;1431251;820490;34.4;19.7
FR;80;2021-03-11;51595;26870;1482846;847360;35.7;20.4
FR;80;2021-03-12;52056;22960;1534902;870320;36.9;20.9
FR;80;2021-03-13;37403;6998;1572305;877318;37.8;21.1
FR;80;2021-03-14;13877;1520;1586182;878838;38.1;21.1
FR;80;2021-03-15;44015;13925;1630197;892763;39.2;21.5
FR;80;2021-03-16;51790;17018;1681987;909781;40.5;21.9
FR;80;2021-03-17;54616;16533;1736603;926314;41.8;22.3
FR;80;2021-03-18;58450;18810;1795053;945124;43.2;22.7
FR;80;2021-03-19;57304;15708;1852357;960832;44.6;23.1
FR;80;2021-03-20;30959;5329;1883316;966161;45.3;23.2
FR;80;2021-03-21;8685;1089;1892001;967250;45.5;23.3
FR;80;2021-03-22;42813;14540;1934814;981790;46.5;23.6
FR;80;2021-03-23;55508;18030;1990322;999820;47.9;24.0
FR;80;2021-03-24;54375;19027;2044697;1018847;49.2;24.5
FR;80;2021-03-25;63913;19569;2108610;1038416;50.7;25.0
FR;80;2021-03-26;60046;18239;2168656;1056655;52.2;25.4
FR;80;2021-03-27;26548;7333;2195204;1063988;52.8;25.6
FR;80;2021-03-28;6924;1449;2202128;1065437;53.0;25.6
FR;80;2021-03-29;32806;23383;2234934;1088820;53.8;26.2
FR;80;2021-03-30;43134;30707;2278068;1119527;54.8;26.9
FR;80;2021-03-31;40447;32078;2318515;1151605;55.8;27.7
FR;80;2021-04-01;46035;37692;2364550;1189297;56.9;28.6
FR;80;2021-04-02;37006;39706;2401556;1229003;57.8;29.6
FR;80;2021-04-03;14487;26083;2416043;1255086;58.1;30.2
FR;80;2021-04-04;3862;7558;2419905;1262644;58.2;30.4
FR;80;2021-04-05;5611;4079;2425516;1266723;58.3;30.5
FR;80;2021-04-06;27515;44933;2453031;1311656;59.0;31.5
FR;80;2021-04-07;33388;48366;2486419;1360022;59.8;32.7
FR;80;2021-04-08;39944;49494;2526363;1409516;60.8;33.9
FR;80;2021-04-09;43369;46301;2569732;1455817;61.8;35.0
FR;80;2021-04-10;19808;28864;2589540;1484681;62.3;35.7
FR;80;2021-04-11;4833;9355;2594373;1494036;62.4;35.9
FR;80;2021-04-12;23447;45126;2617820;1539162;63.0;37.0
FR;80;2021-04-13;30124;54599;2647944;1593761;63.7;38.3
FR;80;2021-04-14;28926;52116;2676870;1645877;64.4;39.6
FR;80;2021-04-15;31290;52631;2708160;1698508;65.1;40.9
FR;80;2021-04-16;26369;48959;2734529;1747467;65.8;42.0
FR;80;2021-04-17;12311;25584;2746840;1773051;66.1;42.6
FR;80;2021-04-18;2528;7615;2749368;1780666;66.1;42.8
FR;80;2021-04-19;14187;43690;2763555;1824356;66.5;43.9
FR;80;2021-04-20;17834;53008;2781389;1877364;66.9;45.2
FR;80;2021-04-21;17868;49757;2799257;1927121;67.3;46.3
FR;80;2021-04-22;20555;51175;2819812;1978296;67.8;47.6
FR;80;2021-04-23;18984;44585;2838796;2022881;68.3;48.7
FR;80;2021-04-24;9353;21177;2848149;2044058;68.5;49.2
FR;80;2021-04-25;2663;5144;2850812;2049202;68.6;49.3
FR;80;2021-04-26;12261;30549;2863073;2079751;68.9;50.0
FR;80;2021-04-27;16673;36378;2879746;2116129;69.3;50.9
FR;80;2021-04-28;17870;34559;2897616;2150688;69.7;51.7
FR;80;2021-04-29;21555;35601;2919171;2186289;70.2;52.6
FR;80;2021-04-30;20277;29536;2939448;2215825;70.7;53.3
FR;80;2021-05-01;5783;5808;2945231;2221633;70.8;53.4
FR;80;2021-05-02;2590;3846;2947821;2225479;70.9;53.5
FR;80;2021-05-03;12389;21314;2960210;2246793;71.2;54.0
FR;80;2021-05-04;13760;29935;2973970;2276728;71.5;54.8
FR;80;2021-05-05;13411;29298;2987381;2306026;71.8;55.5
FR;80;2021-05-06;15778;29492;3003159;2335518;72.2;56.2
FR;80;2021-05-07;14471;29749;3017630;2365267;72.6;56.9
FR;80;2021-05-08;4471;6048;3022101;2371315;72.7;57.0
FR;80;2021-05-09;1906;4141;3024007;2375456;72.7;57.1
FR;80;2021-05-10;9086;24337;3033093;2399793;72.9;57.7
FR;80;2021-05-11;12422;27156;3045515;2426949;73.2;58.4
FR;80;2021-05-12;11364;23552;3056879;2450501;73.5;58.9
FR;80;2021-05-13;4872;5393;3061751;2455894;73.6;59.1
FR;80;2021-05-14;10318;16360;3072069;2472254;73.9;59.5
FR;80;2021-05-15;4801;7324;3076870;2479578;74.0;59.6
FR;80;2021-05-16;1533;1526;3078403;2481104;74.0;59.7
FR;80;2021-05-17;7003;13083;3085406;2494187;74.2;60.0
FR;80;2021-05-18;9410;13446;3094816;2507633;74.4;60.3
FR;80;2021-05-19;8829;12082;3103645;2519715;74.6;60.6
FR;80;2021-05-20;10527;12662;3114172;2532377;74.9;60.9
FR;80;2021-05-21;8681;13041;3122853;2545418;75.1;61.2
FR;80;2021-05-22;3802;5183;3126655;2550601;75.2;61.3
FR;80;2021-05-23;1010;1134;3127665;2551735;75.2;61.4
FR;80;2021-05-24;2558;2219;3130223;2553954;75.3;61.4
FR;80;2021-05-25;6461;14230;3136684;2568184;75.4;61.8
FR;80;2021-05-26;6512;14586;3143196;2582770;75.6;62.1
FR;80;2021-05-27;8336;15638;3151532;2598408;75.8;62.5
FR;80;2021-05-28;7764;17861;3159296;2616269;76.0;62.9
FR;0;2020-12-27;20;2;20;2;0.0;0.0
FR;0;2020-12-28;69;0;89;2;0.0;0.0
FR;0;2020-12-29;108;0;197;2;0.0;0.0
FR;0;2020-12-30;120;0;317;2;0.0;0.0
FR;0;2020-12-31;83;0;400;2;0.0;0.0
FR;0;2021-01-01;67;1;467;3;0.0;0.0
FR;0;2021-01-02;77;1;544;4;0.0;0.0
FR;0;2021-01-03;89;0;633;4;0.0;0.0
FR;0;2021-01-04;1472;6;2105;10;0.0;0.0
FR;0;2021-01-05;5385;14;7490;24;0.0;0.0
FR;0;2021-01-06;11290;20;18780;44;0.0;0.0
FR;0;2021-01-07;28543;47;47323;91;0.1;0.0
FR;0;2021-01-08;36160;44;83483;135;0.1;0.0
FR;0;2021-01-09;10900;12;94383;147;0.1;0.0
FR;0;2021-01-10;5607;8;99990;155;0.1;0.0
FR;0;2021-01-11;38927;56;138917;211;0.2;0.0
FR;0;2021-01-12;60773;96;199690;307;0.3;0.0
FR;0;2021-01-13;63673;135;263363;442;0.4;0.0
FR;0;2021-01-14;79791;674;343154;1116;0.5;0.0
FR;0;2021-01-15;67366;238;410520;1354;0.6;0.0
FR;0;2021-01-16;19605;107;430125;1461;0.6;0.0
FR;0;2021-01-17;10462;51;440587;1512;0.7;0.0
FR;0;2021-01-18;84295;247;524882;1759;0.8;0.0
FR;0;2021-01-19;128330;306;653212;2065;1.0;0.0
FR;0;2021-01-20;134952;306;788164;2371;1.2;0.0
FR;0;2021-01-21;155095;283;943259;2654;1.4;0.0
FR;0;2021-01-22;118406;289;1061665;2943;1.6;0.0
FR;0;2021-01-23;37765;62;1099430;3005;1.6;0.0
FR;0;2021-01-24;9351;35;1108781;3040;1.7;0.0
FR;0;2021-01-25;76747;1297;1185528;4337;1.8;0.0
FR;0;2021-01-26;98691;3215;1284219;7552;1.9;0.0
FR;0;2021-01-27;105556;5716;1389775;13268;2.1;0.0
FR;0;2021-01-28;122208;14542;1511983;27810;2.3;0.0
FR;0;2021-01-29;90813;17437;1602796;45247;2.4;0.1
FR;0;2021-01-30;28629;4261;1631425;49508;2.4;0.1
FR;0;2021-01-31;4864;1684;1636289;51192;2.4;0.1
FR;0;2021-02-01;51506;21188;1687795;72380;2.5;0.1
FR;0;2021-02-02;70599;34728;1758394;107108;2.6;0.2
FR;0;2021-02-03;70912;37136;1829306;144244;2.7;0.2
FR;0;2021-02-04;80448;50261;1909754;194505;2.8;0.3
FR;0;2021-02-05;67026;45494;1976780;239999;2.9;0.4
FR;0;2021-02-06;21275;10427;1998055;250426;3.0;0.4
FR;0;2021-02-07;4824;5078;2002879;255504;3.0;0.4
FR;0;2021-02-08;45807;46175;2048686;301679;3.1;0.4
FR;0;2021-02-09;64692;72821;2113378;374500;3.1;0.6
FR;0;2021-02-10;69190;77198;2182568;451698;3.3;0.7
FR;0;2021-02-11;85501;99908;2268069;551606;3.4;0.8
FR;0;2021-02-12;77629;74986;2345698;626592;3.5;0.9
FR;0;2021-02-13;21641;19606;2367339;646198;3.5;1.0
FR;0;2021-02-14;4578;7228;2371917;653426;3.5;1.0
FR;0;2021-02-15;37017;76940;2408934;730366;3.6;1.1
FR;0;2021-02-16;49161;101266;2458095;831632;3.7;1.2
FR;0;2021-02-17;49281;103510;2507376;935142;3.7;1.4
FR;0;2021-02-18;67816;119464;2575192;1054606;3.8;1.6
FR;0;2021-02-19;63640;91522;2638832;1146128;3.9;1.7
FR;0;2021-02-20;17953;28567;2656785;1174695;4.0;1.8
FR;0;2021-02-21;2855;6408;2659640;1181103;4.0;1.8
FR;0;2021-02-22;36427;73589;2696067;1254692;4.0;1.9
FR;0;2021-02-23;52467;84709;2748534;1339401;4.1;2.0
FR;0;2021-02-24;57952;81700;2806486;1421101;4.2;2.1
FR;0;2021-02-25;98431;92603;2904917;1513704;4.3;2.3
FR;0;2021-02-26;111552;72227;3016469;1585931;4.5;2.4
FR;0;2021-02-27;51056;22402;3067525;1608333;4.6;2.4
FR;0;2021-02-28;5661;4480;3073186;1612813;4.6;2.4
FR;0;2021-03-01;63445;53418;3136631;1666231;4.7;2.5
FR;0;2021-03-02;99150;67260;3235781;1733491;4.8;2.6
FR;0;2021-03-03;113243;66763;3349024;1800254;5.0;2.7
FR;0;2021-03-04;159742;70797;3508766;1871051;5.2;2.8
FR;0;2021-03-05;197312;65646;3706078;1936697;5.5;2.9
FR;0;2021-03-06;203787;19294;3909865;1955991;5.8;2.9
FR;0;2021-03-07;119352;6235;4029217;1962226;6.0;2.9
FR;0;2021-03-08;104410;51757;4133627;2013983;6.2;3.0
FR;0;2021-03-09;168997;58410;4302624;2072393;6.4;3.1
FR;0;2021-03-10;174962;58844;4477586;2131237;6.7;3.2
FR;0;2021-03-11;238459;65629;4716045;2196866;7.0;3.3
FR;0;2021-03-12;289941;56366;5005986;2253232;7.5;3.4
FR;0;2021-03-13;227361;16923;5233347;2270155;7.8;3.4
FR;0;2021-03-14;62026;4006;5295373;2274161;7.9;3.4
FR;0;2021-03-15;155362;34531;5450735;2308692;8.1;3.4
FR;0;2021-03-16;139136;41369;5589871;2350061;8.3;3.5
FR;0;2021-03-17;147839;40881;5737710;2390942;8.5;3.6
FR;0;2021-03-18;164797;47499;5902507;2438441;8.8;3.6
FR;0;2021-03-19;226123;41109;6128630;2479550;9.1;3.7
FR;0;2021-03-20;164198;13887;6292828;2493437;9.4;3.7
FR;0;2021-03-21;48704;3418;6341532;2496855;9.4;3.7
FR;0;2021-03-22;166770;37171;6508302;2534026;9.7;3.8
FR;0;2021-03-23;246227;46536;6754529;2580562;10.1;3.8
FR;0;2021-03-24;252813;48049;7007342;2628611;10.4;3.9
FR;0;2021-03-25;336836;50552;7344178;2679163;10.9;4.0
FR;0;2021-03-26;353953;48176;7698131;2727339;11.5;4.1
FR;0;2021-03-27;192528;19944;7890659;2747283;11.8;4.1
FR;0;2021-03-28;58258;4763;7948917;2752046;11.8;4.1
FR;0;2021-03-29;200065;58027;8148982;2810073;12.1;4.2
FR;0;2021-03-30;281410;75366;8430392;2885439;12.6;4.3
FR;0;2021-03-31;258895;78729;8689287;2964168;12.9;4.4
FR;0;2021-04-01;309243;95665;8998530;3059833;13.4;4.6
FR;0;2021-04-02;277122;98790;9275652;3158623;13.8;4.7
FR;0;2021-04-03;138949;65019;9414601;3223642;14.0;4.8
FR;0;2021-04-04;44817;19883;9459418;3243525;14.1;4.8
FR;0;2021-04-05;58701;12675;9518119;3256200;14.2;4.9
FR;0;2021-04-06;212569;113140;9730688;3369340;14.5;5.0
FR;0;2021-04-07;255785;122515;9986473;3491855;14.9;5.2
FR;0;2021-04-08;332081;131285;10318554;3623140;15.4;5.4
FR;0;2021-04-09;403928;126987;10722482;3750127;16.0;5.6
FR;0;2021-04-10;209863;88021;10932345;3838148;16.3;5.7
FR;0;2021-04-11;54936;36282;10987281;3874430;16.4;5.8
FR;0;2021-04-12;233399;121413;11220680;3995843;16.7;6.0
FR;0;2021-04-13;304527;153329;11525207;4149172;17.2;6.2
FR;0;2021-04-14;288964;148272;11814171;4297444;17.6;6.4
FR;0;2021-04-15;330969;158152;12145140;4455596;18.1;6.6
FR;0;2021-04-16;334024;155459;12479164;4611055;18.6;6.9
FR;0;2021-04-17;185659;95429;12664823;4706484;18.9;7.0
FR;0;2021-04-18;50329;37169;12715152;4743653;18.9;7.1
FR;0;2021-04-19;201814;144896;12916966;4888549;19.2;7.3
FR;0;2021-04-20;249250;179003;13166216;5067552;19.6;7.6
FR;0;2021-04-21;248012;177262;13414228;5244814;20.0;7.8
FR;0;2021-04-22;281524;198363;13695752;5443177;20.4;8.1
FR;0;2021-04-23;288970;194491;13984722;5637668;20.8;8.4
FR;0;2021-04-24;187210;119468;14171932;5757136;21.1;8.6
FR;0;2021-04-25;67871;41626;14239803;5798762;21.2;8.6
FR;0;2021-04-26;215142;166545;14454945;5965307;21.5;8.9
FR;0;2021-04-27;279438;207033;14734383;6172340;22.0;9.2
FR;0;2021-04-28;293757;204245;15028140;6376585;22.4;9.5
FR;0;2021-04-29;350487;226259;15378627;6602844;22.9;9.8
FR;0;2021-04-30;365656;219289;15744283;6822133;23.5;10.2
FR;0;2021-05-01;162899;61440;15907182;6883573;23.7;10.3
FR;0;2021-05-02;89332;42300;15996514;6925873;23.8;10.3
FR;0;2021-05-03;281164;186917;16277678;7112790;24.3;10.6
FR;0;2021-05-04;307731;246851;16585409;7359641;24.7;11.0
FR;0;2021-05-05;317504;246065;16902913;7605706;25.2;11.3
FR;0;2021-05-06;370843;269077;17273756;7874783;25.7;11.7
FR;0;2021-05-07;364053;294820;17637809;8169603;26.3;12.2
FR;0;2021-05-08;207466;79223;17845275;8248826;26.6;12.3
FR;0;2021-05-09;127327;54128;17972602;8302954;26.8;12.4
FR;0;2021-05-10;301817;251528;18274419;8554482;27.2;12.7
FR;0;2021-05-11;393722;292641;18668141;8847123;27.8;13.2
FR;0;2021-05-12;417755;264975;19085896;9112098;28.4;13.6
FR;0;2021-05-13;327910;75679;19413806;9187777;28.9;13.7
FR;0;2021-05-14;440579;199042;19854385;9386819;29.6;14.0
FR;0;2021-05-15;362504;117141;20216889;9503960;30.1;14.2
FR;0;2021-05-16;199222;32745;20416111;9536705;30.4;14.2
FR;0;2021-05-17;366540;175639;20782651;9712344;31.0;14.5
FR;0;2021-05-18;443497;187813;21226148;9900157;31.6;14.8
FR;0;2021-05-19;454045;178808;21680193;10078965;32.3;15.0
FR;0;2021-05-20;492950;200138;22173143;10279103;33.0;15.3
FR;0;2021-05-21;474463;217135;22647606;10496238;33.7;15.6
FR;0;2021-05-22;340101;105881;22987707;10602119;34.3;15.8
FR;0;2021-05-23;158394;25659;23146101;10627778;34.5;15.8
FR;0;2021-05-24;256338;51413;23402439;10679191;34.9;15.9
FR;0;2021-05-25;388547;223243;23790986;10902434;35.4;16.2
FR;0;2021-05-26;393368;225959;24184354;11128393;36.0;16.6
FR;0;2021-05-27;435777;252622;24620131;11381015;36.7;17.0
FR;0;2021-05-28;413581;312912;25033712;11693927;37.3;17.4
