reg;jour;n_dose1;n_complet;n_cum_dose1;n_cum_complet;couv_dose1;couv_complet
01;2020-12-27;0;0;0;0;0.0;0.0
01;2020-12-28;0;0;0;0;0.0;0.0
01;2020-12-29;0;0;0;0;0.0;0.0
01;2020-12-30;0;0;0;0;0.0;0.0
01;2020-12-31;0;0;0;0;0.0;0.0
01;2021-01-01;1;0;1;0;0.0;0.0
01;2021-01-02;0;0;1;0;0.0;0.0
01;2021-01-03;0;0;1;0;0.0;0.0
01;2021-01-04;1;0;2;0;0.0;0.0
01;2021-01-05;0;0;2;0;0.0;0.0
01;2021-01-06;1;0;3;0;0.0;0.0
01;2021-01-07;0;0;3;0;0.0;0.0
01;2021-01-08;49;0;52;0;0.0;0.0
01;2021-01-09;18;0;70;0;0.0;0.0
01;2021-01-10;0;0;70;0;0.0;0.0
01;2021-01-11;55;0;125;0;0.0;0.0
01;2021-01-12;42;0;167;0;0.0;0.0
01;2021-01-13;45;0;212;0;0.1;0.0
01;2021-01-14;60;0;272;0;0.1;0.0
01;2021-01-15;76;0;348;0;0.1;0.0
01;2021-01-16;0;0;348;0;0.1;0.0
01;2021-01-17;0;0;348;0;0.1;0.0
01;2021-01-18;75;0;423;0;0.1;0.0
01;2021-01-19;142;0;565;0;0.1;0.0
01;2021-01-20;134;0;699;0;0.2;0.0
01;2021-01-21;149;1;848;1;0.2;0.0
01;2021-01-22;131;0;979;1;0.3;0.0
01;2021-01-23;1;0;980;1;0.3;0.0
01;2021-01-24;0;0;980;1;0.3;0.0
01;2021-01-25;203;0;1183;1;0.3;0.0
01;2021-01-26;210;1;1393;2;0.4;0.0
01;2021-01-27;233;0;1626;2;0.4;0.0
01;2021-01-28;238;3;1864;5;0.5;0.0
01;2021-01-29;197;0;2061;5;0.5;0.0
01;2021-01-30;17;0;2078;5;0.6;0.0
01;2021-01-31;1;0;2079;5;0.6;0.0
01;2021-02-01;222;4;2301;9;0.6;0.0
01;2021-02-02;240;26;2541;35;0.7;0.0
01;2021-02-03;212;3;2753;38;0.7;0.0
01;2021-02-04;299;20;3052;58;0.8;0.0
01;2021-02-05;250;32;3302;90;0.9;0.0
01;2021-02-06;47;1;3349;91;0.9;0.0
01;2021-02-07;0;0;3349;91;0.9;0.0
01;2021-02-08;218;23;3567;114;0.9;0.0
01;2021-02-09;288;29;3855;143;1.0;0.0
01;2021-02-10;221;31;4076;174;1.1;0.0
01;2021-02-11;293;111;4369;285;1.2;0.1
01;2021-02-12;285;25;4654;310;1.2;0.1
01;2021-02-13;49;7;4703;317;1.2;0.1
01;2021-02-14;19;36;4722;353;1.3;0.1
01;2021-02-15;71;46;4793;399;1.3;0.1
01;2021-02-16;16;1;4809;400;1.3;0.1
01;2021-02-17;17;1;4826;401;1.3;0.1
01;2021-02-18;216;17;5042;418;1.3;0.1
01;2021-02-19;228;20;5270;438;1.4;0.1
01;2021-02-20;47;0;5317;438;1.4;0.1
01;2021-02-21;1;0;5318;438;1.4;0.1
01;2021-02-22;155;62;5473;500;1.5;0.1
01;2021-02-23;189;74;5662;574;1.5;0.2
01;2021-02-24;306;126;5968;700;1.6;0.2
01;2021-02-25;370;79;6338;779;1.7;0.2
01;2021-02-26;206;84;6544;863;1.7;0.2
01;2021-02-27;63;0;6607;863;1.8;0.2
01;2021-02-28;1;0;6608;863;1.8;0.2
01;2021-03-01;137;81;6745;944;1.8;0.3
01;2021-03-02;238;131;6983;1075;1.9;0.3
01;2021-03-03;210;121;7193;1196;1.9;0.3
01;2021-03-04;302;86;7495;1282;2.0;0.3
01;2021-03-05;330;145;7825;1427;2.1;0.4
01;2021-03-06;585;3;8410;1430;2.2;0.4
01;2021-03-07;1;0;8411;1430;2.2;0.4
01;2021-03-08;278;138;8689;1568;2.3;0.4
01;2021-03-09;357;150;9046;1718;2.4;0.5
01;2021-03-10;362;163;9408;1881;2.5;0.5
01;2021-03-11;119;45;9527;1926;2.5;0.5
01;2021-03-12;405;214;9932;2140;2.6;0.6
01;2021-03-13;131;2;10063;2142;2.7;0.6
01;2021-03-14;13;24;10076;2166;2.7;0.6
01;2021-03-15;406;44;10482;2210;2.8;0.6
01;2021-03-16;449;78;10931;2288;2.9;0.6
01;2021-03-17;416;83;11347;2371;3.0;0.6
01;2021-03-18;539;108;11886;2479;3.2;0.7
01;2021-03-19;523;97;12409;2576;3.3;0.7
01;2021-03-20;173;44;12582;2620;3.3;0.7
01;2021-03-21;8;0;12590;2620;3.3;0.7
01;2021-03-22;332;87;12922;2707;3.4;0.7
01;2021-03-23;483;156;13405;2863;3.6;0.8
01;2021-03-24;453;108;13858;2971;3.7;0.8
01;2021-03-25;729;178;14587;3149;3.9;0.8
01;2021-03-26;635;120;15222;3269;4.0;0.9
01;2021-03-27;267;49;15489;3318;4.1;0.9
01;2021-03-28;7;0;15496;3318;4.1;0.9
01;2021-03-29;359;83;15855;3401;4.2;0.9
01;2021-03-30;616;161;16471;3562;4.4;0.9
01;2021-03-31;520;129;16991;3691;4.5;1.0
01;2021-04-01;622;199;17613;3890;4.7;1.0
01;2021-04-02;38;35;17651;3925;4.7;1.0
01;2021-04-03;43;2;17694;3927;4.7;1.0
01;2021-04-04;4;18;17698;3945;4.7;1.0
01;2021-04-05;11;0;17709;3945;4.7;1.0
01;2021-04-06;433;189;18142;4134;4.8;1.1
01;2021-04-07;565;115;18707;4249;5.0;1.1
01;2021-04-08;482;160;19189;4409;5.1;1.2
01;2021-04-09;480;209;19669;4618;5.2;1.2
01;2021-04-10;96;4;19765;4622;5.2;1.2
01;2021-04-11;2;24;19767;4646;5.2;1.2
01;2021-04-12;281;258;20048;4904;5.3;1.3
01;2021-04-13;548;319;20596;5223;5.5;1.4
01;2021-04-14;421;222;21017;5445;5.6;1.4
01;2021-04-15;545;314;21562;5759;5.7;1.5
01;2021-04-16;547;270;22109;6029;5.9;1.6
01;2021-04-17;189;4;22298;6033;5.9;1.6
01;2021-04-18;4;14;22302;6047;5.9;1.6
01;2021-04-19;385;239;22687;6286;6.0;1.7
01;2021-04-20;711;343;23398;6629;6.2;1.8
01;2021-04-21;610;312;24008;6941;6.4;1.8
01;2021-04-22;800;330;24808;7271;6.6;1.9
01;2021-04-23;838;248;25646;7519;6.8;2.0
01;2021-04-24;343;75;25989;7594;6.9;2.0
01;2021-04-25;591;64;26580;7658;7.1;2.0
01;2021-04-26;939;212;27519;7870;7.3;2.1
01;2021-04-27;641;231;28160;8101;7.5;2.1
01;2021-04-28;833;264;28993;8365;7.7;2.2
01;2021-04-29;1191;189;30184;8554;8.0;2.3
01;2021-04-30;1256;173;31440;8727;8.3;2.3
01;2021-05-01;594;39;32034;8766;8.5;2.3
01;2021-05-02;343;17;32377;8783;8.6;2.3
01;2021-05-03;916;173;33293;8956;8.8;2.4
01;2021-05-04;951;200;34244;9156;9.1;2.4
01;2021-05-05;967;242;35211;9398;9.3;2.5
01;2021-05-06;1114;166;36325;9564;9.6;2.5
01;2021-05-07;1230;259;37555;9823;10.0;2.6
01;2021-05-08;315;33;37870;9856;10.0;2.6
01;2021-05-09;178;9;38048;9865;10.1;2.6
01;2021-05-10;831;210;38879;10075;10.3;2.7
01;2021-05-11;936;306;39815;10381;10.6;2.8
01;2021-05-12;896;324;40711;10705;10.8;2.8
01;2021-05-13;211;80;40922;10785;10.9;2.9
01;2021-05-14;863;270;41785;11055;11.1;2.9
01;2021-05-15;470;14;42255;11069;11.2;2.9
01;2021-05-16;182;36;42437;11105;11.3;2.9
01;2021-05-17;707;270;43144;11375;11.4;3.0
01;2021-05-18;704;388;43848;11763;11.6;3.1
01;2021-05-19;694;524;44542;12287;11.8;3.3
01;2021-05-20;778;368;45320;12655;12.0;3.4
01;2021-05-21;809;400;46129;13055;12.2;3.5
01;2021-05-22;489;218;46618;13273;12.4;3.5
01;2021-05-23;201;115;46819;13388;12.4;3.6
01;2021-05-24;196;175;47015;13563;12.5;3.6
01;2021-05-25;524;663;47539;14226;12.6;3.8
01;2021-05-26;565;493;48104;14719;12.8;3.9
01;2021-05-27;128;186;48232;14905;12.8;4.0
01;2021-05-28;512;526;48744;15431;12.9;4.1
01;2021-05-29;221;138;48965;15569;13.0;4.1
01;2021-05-30;72;111;49037;15680;13.0;4.2
01;2021-05-31;417;536;49454;16216;13.1;4.3
01;2021-06-01;532;711;49986;16927;13.3;4.5
01;2021-06-02;543;708;50529;17635;13.4;4.7
01;2021-06-03;475;559;51004;18194;13.5;4.8
01;2021-06-04;691;800;51695;18994;13.7;5.0
01;2021-06-05;319;657;52014;19651;13.8;5.2
01;2021-06-06;122;528;52136;20179;13.8;5.4
01;2021-06-07;386;784;52522;20963;13.9;5.6
01;2021-06-08;479;889;53001;21852;14.1;5.8
01;2021-06-09;402;859;53403;22711;14.2;6.0
01;2021-06-10;471;851;53874;23562;14.3;6.3
01;2021-06-11;449;1231;54323;24793;14.4;6.6
01;2021-06-12;290;660;54613;25453;14.5;6.8
01;2021-06-13;128;314;54741;25767;14.5;6.8
01;2021-06-14;350;3806;55091;29573;14.6;7.8
01;2021-06-15;445;2010;55536;31583;14.7;8.4
01;2021-06-16;447;1490;55983;33073;14.9;8.8
01;2021-06-17;417;1013;56400;34086;15.0;9.0
01;2021-06-18;451;1015;56851;35101;15.1;9.3
01;2021-06-19;294;508;57145;35609;15.2;9.4
01;2021-06-20;108;232;57253;35841;15.2;9.5
01;2021-06-21;316;681;57569;36522;15.3;9.7
01;2021-06-22;312;867;57881;37389;15.4;9.9
01;2021-06-23;343;889;58224;38278;15.4;10.2
01;2021-06-24;378;732;58602;39010;15.5;10.4
01;2021-06-25;433;763;59035;39773;15.7;10.6
01;2021-06-26;291;510;59326;40283;15.7;10.7
01;2021-06-27;106;162;59432;40445;15.8;10.7
01;2021-06-28;285;690;59717;41135;15.8;10.9
01;2021-06-29;357;769;60074;41904;15.9;11.1
01;2021-06-30;399;910;60473;42814;16.0;11.4
01;2021-07-01;322;649;60795;43463;16.1;11.5
01;2021-07-02;412;694;61207;44157;16.2;11.7
01;2021-07-03;254;460;61461;44617;16.3;11.8
01;2021-07-04;110;238;61571;44855;16.3;11.9
02;2020-12-27;0;0;0;0;0.0;0.0
02;2020-12-28;0;0;0;0;0.0;0.0
02;2020-12-29;0;0;0;0;0.0;0.0
02;2020-12-30;0;0;0;0;0.0;0.0
02;2020-12-31;0;0;0;0;0.0;0.0
02;2021-01-01;0;0;0;0;0.0;0.0
02;2021-01-02;0;0;0;0;0.0;0.0
02;2021-01-03;0;0;0;0;0.0;0.0
02;2021-01-04;0;0;0;0;0.0;0.0
02;2021-01-05;0;0;0;0;0.0;0.0
02;2021-01-06;5;0;5;0;0.0;0.0
02;2021-01-07;31;0;36;0;0.0;0.0
02;2021-01-08;80;1;116;1;0.0;0.0
02;2021-01-09;20;0;136;1;0.0;0.0
02;2021-01-10;0;0;136;1;0.0;0.0
02;2021-01-11;122;0;258;1;0.1;0.0
02;2021-01-12;78;0;336;1;0.1;0.0
02;2021-01-13;64;0;400;1;0.1;0.0
02;2021-01-14;88;1;488;2;0.1;0.0
02;2021-01-15;136;0;624;2;0.2;0.0
02;2021-01-16;51;0;675;2;0.2;0.0
02;2021-01-17;0;0;675;2;0.2;0.0
02;2021-01-18;157;0;832;2;0.2;0.0
02;2021-01-19;168;1;1000;3;0.3;0.0
02;2021-01-20;164;0;1164;3;0.3;0.0
02;2021-01-21;181;1;1345;4;0.4;0.0
02;2021-01-22;156;1;1501;5;0.4;0.0
02;2021-01-23;58;0;1559;5;0.4;0.0
02;2021-01-24;0;0;1559;5;0.4;0.0
02;2021-01-25;160;0;1719;5;0.5;0.0
02;2021-01-26;137;0;1856;5;0.5;0.0
02;2021-01-27;162;5;2018;10;0.6;0.0
02;2021-01-28;143;12;2161;22;0.6;0.0
02;2021-01-29;143;41;2304;63;0.6;0.0
02;2021-01-30;96;16;2400;79;0.7;0.0
02;2021-01-31;0;0;2400;79;0.7;0.0
02;2021-02-01;119;74;2519;153;0.7;0.0
02;2021-02-02;184;96;2703;249;0.8;0.1
02;2021-02-03;130;80;2833;329;0.8;0.1
02;2021-02-04;158;73;2991;402;0.8;0.1
02;2021-02-05;120;97;3111;499;0.9;0.1
02;2021-02-06;62;26;3173;525;0.9;0.1
02;2021-02-07;1;0;3174;525;0.9;0.1
02;2021-02-08;137;81;3311;606;0.9;0.2
02;2021-02-09;175;79;3486;685;1.0;0.2
02;2021-02-10;138;90;3624;775;1.0;0.2
02;2021-02-11;150;103;3774;878;1.1;0.2
02;2021-02-12;124;130;3898;1008;1.1;0.3
02;2021-02-13;38;37;3936;1045;1.1;0.3
02;2021-02-14;0;0;3936;1045;1.1;0.3
02;2021-02-15;51;68;3987;1113;1.1;0.3
02;2021-02-16;0;1;3987;1114;1.1;0.3
02;2021-02-17;1;3;3988;1117;1.1;0.3
02;2021-02-18;68;127;4056;1244;1.1;0.3
02;2021-02-19;69;131;4125;1375;1.1;0.4
02;2021-02-20;48;69;4173;1444;1.2;0.4
02;2021-02-21;0;0;4173;1444;1.2;0.4
02;2021-02-22;102;60;4275;1504;1.2;0.4
02;2021-02-23;113;237;4388;1741;1.2;0.5
02;2021-02-24;106;224;4494;1965;1.3;0.5
02;2021-02-25;89;151;4583;2116;1.3;0.6
02;2021-02-26;126;170;4709;2286;1.3;0.6
02;2021-02-27;69;52;4778;2338;1.3;0.7
02;2021-02-28;0;0;4778;2338;1.3;0.7
02;2021-03-01;138;144;4916;2482;1.4;0.7
02;2021-03-02;158;78;5074;2560;1.4;0.7
02;2021-03-03;178;145;5252;2705;1.5;0.8
02;2021-03-04;145;135;5397;2840;1.5;0.8
02;2021-03-05;238;129;5635;2969;1.6;0.8
02;2021-03-06;119;60;5754;3029;1.6;0.8
02;2021-03-07;100;1;5854;3030;1.6;0.8
02;2021-03-08;196;133;6050;3163;1.7;0.9
02;2021-03-09;269;102;6319;3265;1.8;0.9
02;2021-03-10;324;134;6643;3399;1.9;0.9
02;2021-03-11;332;83;6975;3482;1.9;1.0
02;2021-03-12;398;53;7373;3535;2.1;1.0
02;2021-03-13;155;21;7528;3556;2.1;1.0
02;2021-03-14;4;1;7532;3557;2.1;1.0
02;2021-03-15;276;90;7808;3647;2.2;1.0
02;2021-03-16;305;56;8113;3703;2.3;1.0
02;2021-03-17;387;50;8500;3753;2.4;1.0
02;2021-03-18;435;44;8935;3797;2.5;1.1
02;2021-03-19;396;62;9331;3859;2.6;1.1
02;2021-03-20;149;48;9480;3907;2.6;1.1
02;2021-03-21;25;1;9505;3908;2.6;1.1
02;2021-03-22;362;118;9867;4026;2.8;1.1
02;2021-03-23;401;123;10268;4149;2.9;1.2
02;2021-03-24;427;104;10695;4253;3.0;1.2
02;2021-03-25;472;100;11167;4353;3.1;1.2
02;2021-03-26;632;99;11799;4452;3.3;1.2
02;2021-03-27;152;70;11951;4522;3.3;1.3
02;2021-03-28;81;2;12032;4524;3.4;1.3
02;2021-03-29;421;165;12453;4689;3.5;1.3
02;2021-03-30;469;244;12922;4933;3.6;1.4
02;2021-03-31;1143;190;14065;5123;3.9;1.4
02;2021-04-01;951;171;15016;5294;4.2;1.5
02;2021-04-02;895;8;15911;5302;4.4;1.5
02;2021-04-03;788;51;16699;5353;4.7;1.5
02;2021-04-04;750;10;17449;5363;4.9;1.5
02;2021-04-05;828;42;18277;5405;5.1;1.5
02;2021-04-06;883;135;19160;5540;5.3;1.5
02;2021-04-07;1435;326;20595;5866;5.7;1.6
02;2021-04-08;1305;268;21900;6134;6.1;1.7
02;2021-04-09;1239;318;23139;6452;6.4;1.8
02;2021-04-10;838;165;23977;6617;6.7;1.8
02;2021-04-11;621;12;24598;6629;6.9;1.8
02;2021-04-12;868;319;25466;6948;7.1;1.9
02;2021-04-13;867;332;26333;7280;7.3;2.0
02;2021-04-14;957;323;27290;7603;7.6;2.1
02;2021-04-15;958;298;28248;7901;7.9;2.2
02;2021-04-16;991;301;29239;8202;8.2;2.3
02;2021-04-17;528;161;29767;8363;8.3;2.3
02;2021-04-18;339;56;30106;8419;8.4;2.3
02;2021-04-19;668;348;30774;8767;8.6;2.4
02;2021-04-20;868;312;31642;9079;8.8;2.5
02;2021-04-21;999;358;32641;9437;9.1;2.6
02;2021-04-22;602;314;33243;9751;9.3;2.7
02;2021-04-23;606;467;33849;10218;9.4;2.8
02;2021-04-24;360;201;34209;10419;9.5;2.9
02;2021-04-25;168;200;34377;10619;9.6;3.0
02;2021-04-26;515;543;34892;11162;9.7;3.1
02;2021-04-27;559;609;35451;11771;9.9;3.3
02;2021-04-28;449;691;35900;12462;10.0;3.5
02;2021-04-29;651;641;36551;13103;10.2;3.7
02;2021-04-30;771;686;37322;13789;10.4;3.8
02;2021-05-01;243;246;37565;14035;10.5;3.9
02;2021-05-02;226;513;37791;14548;10.5;4.1
02;2021-05-03;569;772;38360;15320;10.7;4.3
02;2021-05-04;524;678;38884;15998;10.8;4.5
02;2021-05-05;541;896;39425;16894;11.0;4.7
02;2021-05-06;546;783;39971;17677;11.1;4.9
02;2021-05-07;629;1017;40600;18694;11.3;5.2
02;2021-05-08;224;526;40824;19220;11.4;5.4
02;2021-05-09;174;506;40998;19726;11.4;5.5
02;2021-05-10;519;859;41517;20585;11.6;5.7
02;2021-05-11;477;873;41994;21458;11.7;6.0
02;2021-05-12;556;912;42550;22370;11.9;6.2
02;2021-05-13;273;534;42823;22904;11.9;6.4
02;2021-05-14;388;752;43211;23656;12.0;6.6
02;2021-05-15;233;580;43444;24236;12.1;6.8
02;2021-05-16;155;442;43599;24678;12.2;6.9
02;2021-05-17;472;753;44071;25431;12.3;7.1
02;2021-05-18;446;678;44517;26109;12.4;7.3
02;2021-05-19;451;742;44968;26851;12.5;7.5
02;2021-05-20;593;500;45561;27351;12.7;7.6
02;2021-05-21;545;704;46106;28055;12.9;7.8
02;2021-05-22;184;364;46290;28419;12.9;7.9
02;2021-05-23;110;181;46400;28600;12.9;8.0
02;2021-05-24;135;241;46535;28841;13.0;8.0
02;2021-05-25;349;698;46884;29539;13.1;8.2
02;2021-05-26;378;713;47262;30252;13.2;8.4
02;2021-05-27;263;647;47525;30899;13.2;8.6
02;2021-05-28;275;816;47800;31715;13.3;8.8
02;2021-05-29;152;511;47952;32226;13.4;9.0
02;2021-05-30;16;33;47968;32259;13.4;9.0
02;2021-05-31;342;682;48310;32941;13.5;9.2
02;2021-06-01;295;546;48605;33487;13.5;9.3
02;2021-06-02;319;574;48924;34061;13.6;9.5
02;2021-06-03;246;423;49170;34484;13.7;9.6
02;2021-06-04;348;647;49518;35131;13.8;9.8
02;2021-06-05;244;370;49762;35501;13.9;9.9
02;2021-06-06;22;31;49784;35532;13.9;9.9
02;2021-06-07;257;741;50041;36273;13.9;10.1
02;2021-06-08;249;591;50290;36864;14.0;10.3
02;2021-06-09;295;704;50585;37568;14.1;10.5
02;2021-06-10;302;454;50887;38022;14.2;10.6
02;2021-06-11;334;543;51221;38565;14.3;10.7
02;2021-06-12;243;323;51464;38888;14.3;10.8
02;2021-06-13;32;29;51496;38917;14.4;10.8
02;2021-06-14;363;553;51859;39470;14.5;11.0
02;2021-06-15;407;494;52266;39964;14.6;11.1
02;2021-06-16;411;444;52677;40408;14.7;11.3
02;2021-06-17;346;578;53023;40986;14.8;11.4
02;2021-06-18;420;542;53443;41528;14.9;11.6
02;2021-06-19;225;196;53668;41724;15.0;11.6
02;2021-06-20;25;17;53693;41741;15.0;11.6
02;2021-06-21;317;578;54010;42319;15.1;11.8
02;2021-06-22;288;464;54298;42783;15.1;11.9
02;2021-06-23;406;562;54704;43345;15.2;12.1
02;2021-06-24;312;432;55016;43777;15.3;12.2
02;2021-06-25;306;388;55322;44165;15.4;12.3
02;2021-06-26;212;199;55534;44364;15.5;12.4
02;2021-06-27;15;23;55549;44387;15.5;12.4
02;2021-06-28;300;420;55849;44807;15.6;12.5
02;2021-06-29;317;422;56166;45229;15.7;12.6
02;2021-06-30;425;410;56591;45639;15.8;12.7
02;2021-07-01;328;388;56919;46027;15.9;12.8
02;2021-07-02;110;202;57029;46229;15.9;12.9
02;2021-07-03;95;117;57124;46346;15.9;12.9
02;2021-07-04;22;35;57146;46381;15.9;12.9
03;2020-12-27;0;0;0;0;0.0;0.0
03;2020-12-28;0;0;0;0;0.0;0.0
03;2020-12-29;0;0;0;0;0.0;0.0
03;2020-12-30;0;0;0;0;0.0;0.0
03;2020-12-31;0;0;0;0;0.0;0.0
03;2021-01-01;0;0;0;0;0.0;0.0
03;2021-01-02;2;2;2;2;0.0;0.0
03;2021-01-03;0;0;2;2;0.0;0.0
03;2021-01-04;0;0;2;2;0.0;0.0
03;2021-01-05;0;0;2;2;0.0;0.0
03;2021-01-06;0;0;2;2;0.0;0.0
03;2021-01-07;0;0;2;2;0.0;0.0
03;2021-01-08;0;0;2;2;0.0;0.0
03;2021-01-09;0;0;2;2;0.0;0.0
03;2021-01-10;0;0;2;2;0.0;0.0
03;2021-01-11;0;0;2;2;0.0;0.0
03;2021-01-12;0;0;2;2;0.0;0.0
03;2021-01-13;30;0;32;2;0.0;0.0
03;2021-01-14;46;0;78;2;0.0;0.0
03;2021-01-15;35;0;113;2;0.0;0.0
03;2021-01-16;18;0;131;2;0.0;0.0
03;2021-01-17;0;0;131;2;0.0;0.0
03;2021-01-18;63;0;194;2;0.1;0.0
03;2021-01-19;149;1;343;3;0.1;0.0
03;2021-01-20;133;0;476;3;0.2;0.0
03;2021-01-21;118;0;594;3;0.2;0.0
03;2021-01-22;76;0;670;3;0.2;0.0
03;2021-01-23;0;0;670;3;0.2;0.0
03;2021-01-24;0;0;670;3;0.2;0.0
03;2021-01-25;56;0;726;3;0.2;0.0
03;2021-01-26;100;1;826;4;0.3;0.0
03;2021-01-27;109;1;935;5;0.3;0.0
03;2021-01-28;96;2;1031;7;0.4;0.0
03;2021-01-29;104;3;1135;10;0.4;0.0
03;2021-01-30;0;0;1135;10;0.4;0.0
03;2021-01-31;0;0;1135;10;0.4;0.0
03;2021-02-01;54;0;1189;10;0.4;0.0
03;2021-02-02;122;4;1311;14;0.5;0.0
03;2021-02-03;116;7;1427;21;0.5;0.0
03;2021-02-04;79;26;1506;47;0.5;0.0
03;2021-02-05;65;8;1571;55;0.5;0.0
03;2021-02-06;0;0;1571;55;0.5;0.0
03;2021-02-07;0;0;1571;55;0.5;0.0
03;2021-02-08;52;13;1623;68;0.6;0.0
03;2021-02-09;92;39;1715;107;0.6;0.0
03;2021-02-10;101;42;1816;149;0.6;0.1
03;2021-02-11;105;93;1921;242;0.7;0.1
03;2021-02-12;87;65;2008;307;0.7;0.1
03;2021-02-13;0;0;2008;307;0.7;0.1
03;2021-02-14;0;0;2008;307;0.7;0.1
03;2021-02-15;27;65;2035;372;0.7;0.1
03;2021-02-16;123;54;2158;426;0.7;0.1
03;2021-02-17;145;121;2303;547;0.8;0.2
03;2021-02-18;102;143;2405;690;0.8;0.2
03;2021-02-19;121;72;2526;762;0.9;0.3
03;2021-02-20;0;0;2526;762;0.9;0.3
03;2021-02-21;0;0;2526;762;0.9;0.3
03;2021-02-22;78;49;2604;811;0.9;0.3
03;2021-02-23;158;100;2762;911;1.0;0.3
03;2021-02-24;190;120;2952;1031;1.0;0.4
03;2021-02-25;258;87;3210;1118;1.1;0.4
03;2021-02-26;264;69;3474;1187;1.2;0.4
03;2021-02-27;121;1;3595;1188;1.2;0.4
03;2021-02-28;0;0;3595;1188;1.2;0.4
03;2021-03-01;180;85;3775;1273;1.3;0.4
03;2021-03-02;255;108;4030;1381;1.4;0.5
03;2021-03-03;255;133;4285;1514;1.5;0.5
03;2021-03-04;281;82;4566;1596;1.6;0.5
03;2021-03-05;270;44;4836;1640;1.7;0.6
03;2021-03-06;116;1;4952;1641;1.7;0.6
03;2021-03-07;0;0;4952;1641;1.7;0.6
03;2021-03-08;187;40;5139;1681;1.8;0.6
03;2021-03-09;349;91;5488;1772;1.9;0.6
03;2021-03-10;357;100;5845;1872;2.0;0.6
03;2021-03-11;270;120;6115;1992;2.1;0.7
03;2021-03-12;286;92;6401;2084;2.2;0.7
03;2021-03-13;110;2;6511;2086;2.2;0.7
03;2021-03-14;0;0;6511;2086;2.2;0.7
03;2021-03-15;180;26;6691;2112;2.3;0.7
03;2021-03-16;241;139;6932;2251;2.4;0.8
03;2021-03-17;273;128;7205;2379;2.5;0.8
03;2021-03-18;249;153;7454;2532;2.6;0.9
03;2021-03-19;284;126;7738;2658;2.7;0.9
03;2021-03-20;255;14;7993;2672;2.7;0.9
03;2021-03-21;119;0;8112;2672;2.8;0.9
03;2021-03-22;219;112;8331;2784;2.9;1.0
03;2021-03-23;270;194;8601;2978;3.0;1.0
03;2021-03-24;230;214;8831;3192;3.0;1.1
03;2021-03-25;167;176;8998;3368;3.1;1.2
03;2021-03-26;189;307;9187;3675;3.2;1.3
03;2021-03-27;56;93;9243;3768;3.2;1.3
03;2021-03-28;0;0;9243;3768;3.2;1.3
03;2021-03-29;175;246;9418;4014;3.2;1.4
03;2021-03-30;445;235;9863;4249;3.4;1.5
03;2021-03-31;318;291;10181;4540;3.5;1.6
03;2021-04-01;445;260;10626;4800;3.7;1.7
03;2021-04-02;306;279;10932;5079;3.8;1.7
03;2021-04-03;152;122;11084;5201;3.8;1.8
03;2021-04-04;0;0;11084;5201;3.8;1.8
03;2021-04-05;118;14;11202;5215;3.9;1.8
03;2021-04-06;438;331;11640;5546;4.0;1.9
03;2021-04-07;501;343;12141;5889;4.2;2.0
03;2021-04-08;511;264;12652;6153;4.4;2.1
03;2021-04-09;495;225;13147;6378;4.5;2.2
03;2021-04-10;146;91;13293;6469;4.6;2.2
03;2021-04-11;2;0;13295;6469;4.6;2.2
03;2021-04-12;552;269;13847;6738;4.8;2.3
03;2021-04-13;671;242;14518;6980;5.0;2.4
03;2021-04-14;718;311;15236;7291;5.2;2.5
03;2021-04-15;773;245;16009;7536;5.5;2.6
03;2021-04-16;750;296;16759;7832;5.8;2.7
03;2021-04-17;498;130;17257;7962;5.9;2.7
03;2021-04-18;499;39;17756;8001;6.1;2.8
03;2021-04-19;713;249;18469;8250;6.4;2.8
03;2021-04-20;604;276;19073;8526;6.6;2.9
03;2021-04-21;863;246;19936;8772;6.9;3.0
03;2021-04-22;722;227;20658;8999;7.1;3.1
03;2021-04-23;704;224;21362;9223;7.3;3.2
03;2021-04-24;525;95;21887;9318;7.5;3.2
03;2021-04-25;612;51;22499;9369;7.7;3.2
03;2021-04-26;777;228;23276;9597;8.0;3.3
03;2021-04-27;769;338;24045;9935;8.3;3.4
03;2021-04-28;689;327;24734;10262;8.5;3.5
03;2021-04-29;621;279;25355;10541;8.7;3.6
03;2021-04-30;673;252;26028;10793;9.0;3.7
03;2021-05-01;209;27;26237;10820;9.0;3.7
03;2021-05-02;598;82;26835;10902;9.2;3.8
03;2021-05-03;553;390;27388;11292;9.4;3.9
03;2021-05-04;615;311;28003;11603;9.6;4.0
03;2021-05-05;657;446;28660;12049;9.9;4.1
03;2021-05-06;640;465;29300;12514;10.1;4.3
03;2021-05-07;545;466;29845;12980;10.3;4.5
03;2021-05-08;341;58;30186;13038;10.4;4.5
03;2021-05-09;262;73;30448;13111;10.5;4.5
03;2021-05-10;418;612;30866;13723;10.6;4.7
03;2021-05-11;392;491;31258;14214;10.8;4.9
03;2021-05-12;501;645;31759;14859;10.9;5.1
03;2021-05-13;332;98;32091;14957;11.0;5.1
03;2021-05-14;473;549;32564;15506;11.2;5.3
03;2021-05-15;254;345;32818;15851;11.3;5.5
03;2021-05-16;207;210;33025;16061;11.4;5.5
03;2021-05-17;444;599;33469;16660;11.5;5.7
03;2021-05-18;559;563;34028;17223;11.7;5.9
03;2021-05-19;518;550;34546;17773;11.9;6.1
03;2021-05-20;619;450;35165;18223;12.1;6.3
03;2021-05-21;489;606;35654;18829;12.3;6.5
03;2021-05-22;168;501;35822;19330;12.3;6.6
03;2021-05-23;269;474;36091;19804;12.4;6.8
03;2021-05-24;560;245;36651;20049;12.6;6.9
03;2021-05-25;495;740;37146;20789;12.8;7.2
03;2021-05-26;420;683;37566;21472;12.9;7.4
03;2021-05-27;669;520;38235;21992;13.2;7.6
03;2021-05-28;534;552;38769;22544;13.3;7.8
03;2021-05-29;239;360;39008;22904;13.4;7.9
03;2021-05-30;151;399;39159;23303;13.5;8.0
03;2021-05-31;340;574;39499;23877;13.6;8.2
03;2021-06-01;394;461;39893;24338;13.7;8.4
03;2021-06-02;516;550;40409;24888;13.9;8.6
03;2021-06-03;468;469;40877;25357;14.1;8.7
03;2021-06-04;530;492;41407;25849;14.2;8.9
03;2021-06-05;271;292;41678;26141;14.3;9.0
03;2021-06-06;211;299;41889;26440;14.4;9.1
03;2021-06-07;462;448;42351;26888;14.6;9.2
03;2021-06-08;512;312;42863;27200;14.7;9.4
03;2021-06-09;482;379;43345;27579;14.9;9.5
03;2021-06-10;345;289;43690;27868;15.0;9.6
03;2021-06-11;391;468;44081;28336;15.2;9.7
03;2021-06-12;164;284;44245;28620;15.2;9.8
03;2021-06-13;200;267;44445;28887;15.3;9.9
03;2021-06-14;350;547;44795;29434;15.4;10.1
03;2021-06-15;355;439;45150;29873;15.5;10.3
03;2021-06-16;390;450;45540;30323;15.7;10.4
03;2021-06-17;364;575;45904;30898;15.8;10.6
03;2021-06-18;335;561;46239;31459;15.9;10.8
03;2021-06-19;230;259;46469;31718;16.0;10.9
03;2021-06-20;123;272;46592;31990;16.0;11.0
03;2021-06-21;264;597;46856;32587;16.1;11.2
03;2021-06-22;306;456;47162;33043;16.2;11.4
03;2021-06-23;272;532;47434;33575;16.3;11.6
03;2021-06-24;345;494;47779;34069;16.4;11.7
03;2021-06-25;365;544;48144;34613;16.6;11.9
03;2021-06-26;164;320;48308;34933;16.6;12.0
03;2021-06-27;117;170;48425;35103;16.7;12.1
03;2021-06-28;280;589;48705;35692;16.8;12.3
03;2021-06-29;325;499;49030;36191;16.9;12.4
03;2021-06-30;267;660;49297;36851;17.0;12.7
03;2021-07-01;311;390;49608;37241;17.1;12.8
03;2021-07-02;344;509;49952;37750;17.2;13.0
03;2021-07-03;203;269;50155;38019;17.3;13.1
03;2021-07-04;85;242;50240;38261;17.3;13.2
04;2020-12-27;0;0;0;0;0.0;0.0
04;2020-12-28;0;0;0;0;0.0;0.0
04;2020-12-29;0;0;0;0;0.0;0.0
04;2020-12-30;0;0;0;0;0.0;0.0
04;2020-12-31;0;0;0;0;0.0;0.0
04;2021-01-01;1;0;1;0;0.0;0.0
04;2021-01-02;0;0;1;0;0.0;0.0
04;2021-01-03;0;0;1;0;0.0;0.0
04;2021-01-04;0;0;1;0;0.0;0.0
04;2021-01-05;2;0;3;0;0.0;0.0
04;2021-01-06;0;0;3;0;0.0;0.0
04;2021-01-07;0;0;3;0;0.0;0.0
04;2021-01-08;0;0;3;0;0.0;0.0
04;2021-01-09;1;0;4;0;0.0;0.0
04;2021-01-10;0;0;4;0;0.0;0.0
04;2021-01-11;0;0;4;0;0.0;0.0
04;2021-01-12;0;0;4;0;0.0;0.0
04;2021-01-13;0;0;4;0;0.0;0.0
04;2021-01-14;0;0;4;0;0.0;0.0
04;2021-01-15;332;0;336;0;0.0;0.0
04;2021-01-16;27;0;363;0;0.0;0.0
04;2021-01-17;0;0;363;0;0.0;0.0
04;2021-01-18;49;1;412;1;0.0;0.0
04;2021-01-19;393;1;805;2;0.1;0.0
04;2021-01-20;481;1;1286;3;0.1;0.0
04;2021-01-21;614;1;1900;4;0.2;0.0
04;2021-01-22;409;1;2309;5;0.3;0.0
04;2021-01-23;75;0;2384;5;0.3;0.0
04;2021-01-24;0;0;2384;5;0.3;0.0
04;2021-01-25;272;0;2656;5;0.3;0.0
04;2021-01-26;429;0;3085;5;0.4;0.0
04;2021-01-27;317;0;3402;5;0.4;0.0
04;2021-01-28;407;1;3809;6;0.4;0.0
04;2021-01-29;421;3;4230;9;0.5;0.0
04;2021-01-30;419;2;4649;11;0.5;0.0
04;2021-01-31;0;0;4649;11;0.5;0.0
04;2021-02-01;372;4;5021;15;0.6;0.0
04;2021-02-02;499;7;5520;22;0.6;0.0
04;2021-02-03;602;18;6122;40;0.7;0.0
04;2021-02-04;626;24;6748;64;0.8;0.0
04;2021-02-05;564;98;7312;162;0.9;0.0
04;2021-02-06;501;7;7813;169;0.9;0.0
04;2021-02-07;0;8;7813;177;0.9;0.0
04;2021-02-08;472;41;8285;218;1.0;0.0
04;2021-02-09;784;98;9069;316;1.1;0.0
04;2021-02-10;820;90;9889;406;1.1;0.0
04;2021-02-11;796;88;10685;494;1.2;0.1
04;2021-02-12;637;95;11322;589;1.3;0.1
04;2021-02-13;651;76;11973;665;1.4;0.1
04;2021-02-14;1;0;11974;665;1.4;0.1
04;2021-02-15;524;128;12498;793;1.5;0.1
04;2021-02-16;651;536;13149;1329;1.5;0.2
04;2021-02-17;592;333;13741;1662;1.6;0.2
04;2021-02-18;493;414;14234;2076;1.7;0.2
04;2021-02-19;496;322;14730;2398;1.7;0.3
04;2021-02-20;576;119;15306;2517;1.8;0.3
04;2021-02-21;0;0;15306;2517;1.8;0.3
04;2021-02-22;402;238;15708;2755;1.8;0.3
04;2021-02-23;607;238;16315;2993;1.9;0.3
04;2021-02-24;583;255;16898;3248;2.0;0.4
04;2021-02-25;645;297;17543;3545;2.0;0.4
04;2021-02-26;483;472;18026;4017;2.1;0.5
04;2021-02-27;386;469;18412;4486;2.1;0.5
04;2021-02-28;0;0;18412;4486;2.1;0.5
04;2021-03-01;290;390;18702;4876;2.2;0.6
04;2021-03-02;486;504;19188;5380;2.2;0.6
04;2021-03-03;755;549;19943;5929;2.3;0.7
04;2021-03-04;775;517;20718;6446;2.4;0.7
04;2021-03-05;727;537;21445;6983;2.5;0.8
04;2021-03-06;812;526;22257;7509;2.6;0.9
04;2021-03-07;0;0;22257;7509;2.6;0.9
04;2021-03-08;435;581;22692;8090;2.6;0.9
04;2021-03-09;670;771;23362;8861;2.7;1.0
04;2021-03-10;644;845;24006;9706;2.8;1.1
04;2021-03-11;699;643;24705;10349;2.9;1.2
04;2021-03-12;729;661;25434;11010;3.0;1.3
04;2021-03-13;668;610;26102;11620;3.0;1.4
04;2021-03-14;2;0;26104;11620;3.0;1.4
04;2021-03-15;504;508;26608;12128;3.1;1.4
04;2021-03-16;680;708;27288;12836;3.2;1.5
04;2021-03-17;846;533;28134;13369;3.3;1.6
04;2021-03-18;1021;557;29155;13926;3.4;1.6
04;2021-03-19;784;539;29939;14465;3.5;1.7
04;2021-03-20;576;597;30515;15062;3.5;1.8
04;2021-03-21;0;0;30515;15062;3.5;1.8
04;2021-03-22;565;483;31080;15545;3.6;1.8
04;2021-03-23;780;641;31860;16186;3.7;1.9
04;2021-03-24;792;666;32652;16852;3.8;2.0
04;2021-03-25;929;555;33581;17407;3.9;2.0
04;2021-03-26;921;453;34502;17860;4.0;2.1
04;2021-03-27;782;338;35284;18198;4.1;2.1
04;2021-03-28;1;0;35285;18198;4.1;2.1
04;2021-03-29;961;271;36246;18469;4.2;2.1
04;2021-03-30;883;505;37129;18974;4.3;2.2
04;2021-03-31;740;671;37869;19645;4.4;2.3
04;2021-04-01;716;707;38585;20352;4.5;2.4
04;2021-04-02;688;762;39273;21114;4.6;2.5
04;2021-04-03;699;706;39972;21820;4.6;2.5
04;2021-04-04;0;0;39972;21820;4.6;2.5
04;2021-04-05;0;2;39972;21822;4.6;2.5
04;2021-04-06;795;636;40767;22458;4.7;2.6
04;2021-04-07;1369;792;42136;23250;4.9;2.7
04;2021-04-08;1792;774;43928;24024;5.1;2.8
04;2021-04-09;1508;788;45436;24812;5.3;2.9
04;2021-04-10;1137;652;46573;25464;5.4;3.0
04;2021-04-11;2;0;46575;25464;5.4;3.0
04;2021-04-12;1238;551;47813;26015;5.6;3.0
04;2021-04-13;1440;757;49253;26772;5.7;3.1
04;2021-04-14;2069;781;51322;27553;6.0;3.2
04;2021-04-15;2504;956;53826;28509;6.3;3.3
04;2021-04-16;1932;786;55758;29295;6.5;3.4
04;2021-04-17;1289;606;57047;29901;6.6;3.5
04;2021-04-18;0;0;57047;29901;6.6;3.5
04;2021-04-19;1377;565;58424;30466;6.8;3.5
04;2021-04-20;1649;807;60073;31273;7.0;3.6
04;2021-04-21;2127;624;62200;31897;7.2;3.7
04;2021-04-22;2946;823;65146;32720;7.6;3.8
04;2021-04-23;2309;818;67455;33538;7.8;3.9
04;2021-04-24;1102;805;68557;34343;8.0;4.0
04;2021-04-25;2;0;68559;34343;8.0;4.0
04;2021-04-26;1165;930;69724;35273;8.1;4.1
04;2021-04-27;1682;1029;71406;36302;8.3;4.2
04;2021-04-28;2896;750;74302;37052;8.6;4.3
04;2021-04-29;3945;814;78247;37866;9.1;4.4
04;2021-04-30;3432;913;81679;38779;9.5;4.5
04;2021-05-01;2106;226;83785;39005;9.7;4.5
04;2021-05-02;2;0;83787;39005;9.7;4.5
04;2021-05-03;1865;577;85652;39582;10.0;4.6
04;2021-05-04;2127;1096;87779;40678;10.2;4.7
04;2021-05-05;3118;1640;90897;42318;10.6;4.9
04;2021-05-06;4004;1587;94901;43905;11.0;5.1
04;2021-05-07;3229;1525;98130;45430;11.4;5.3
04;2021-05-08;1566;502;99696;45932;11.6;5.3
04;2021-05-09;1;0;99697;45932;11.6;5.3
04;2021-05-10;2411;994;102108;46926;11.9;5.5
04;2021-05-11;3650;1637;105758;48563;12.3;5.6
04;2021-05-12;4719;2392;110477;50955;12.8;5.9
04;2021-05-13;3554;587;114031;51542;13.3;6.0
04;2021-05-14;5265;2508;119296;54050;13.9;6.3
04;2021-05-15;3161;1535;122457;55585;14.2;6.5
04;2021-05-16;15;18;122472;55603;14.2;6.5
04;2021-05-17;2999;1480;125471;57083;14.6;6.6
04;2021-05-18;3752;1780;129223;58863;15.0;6.8
04;2021-05-19;4677;2343;133900;61206;15.6;7.1
04;2021-05-20;5140;2809;139040;64015;16.2;7.4
04;2021-05-21;4988;2632;144028;66647;16.7;7.8
04;2021-05-22;3366;1252;147394;67899;17.1;7.9
04;2021-05-23;5;3;147399;67902;17.1;7.9
04;2021-05-24;3642;1074;151041;68976;17.6;8.0
04;2021-05-25;4245;1909;155286;70885;18.1;8.2
04;2021-05-26;4979;2970;160265;73855;18.6;8.6
04;2021-05-27;4611;4095;164876;77950;19.2;9.1
04;2021-05-28;4375;3821;169251;81771;19.7;9.5
04;2021-05-29;2553;2452;171804;84223;20.0;9.8
04;2021-05-30;7;14;171811;84237;20.0;9.8
04;2021-05-31;2349;2249;174160;86486;20.3;10.1
04;2021-06-01;3295;2720;177455;89206;20.6;10.4
04;2021-06-02;3957;3345;181412;92551;21.1;10.8
04;2021-06-03;4040;3653;185452;96204;21.6;11.2
04;2021-06-04;3837;3748;189289;99952;22.0;11.6
04;2021-06-05;2206;1916;191495;101868;22.3;11.8
04;2021-06-06;1069;130;192564;101998;22.4;11.9
04;2021-06-07;2000;2530;194564;104528;22.6;12.2
04;2021-06-08;2527;3334;197091;107862;22.9;12.5
04;2021-06-09;2945;4775;200036;112637;23.3;13.1
04;2021-06-10;3346;4447;203382;117084;23.7;13.6
04;2021-06-11;2829;4620;206211;121704;24.0;14.2
04;2021-06-12;1711;3378;207922;125082;24.2;14.5
04;2021-06-13;1314;243;209236;125325;24.3;14.6
04;2021-06-14;1480;3180;210716;128505;24.5;14.9
04;2021-06-15;2036;3617;212752;132122;24.7;15.4
04;2021-06-16;2715;4653;215467;136775;25.1;15.9
04;2021-06-17;2498;4900;217965;141675;25.3;16.5
04;2021-06-18;2559;4901;220524;146576;25.6;17.0
04;2021-06-19;1295;3515;221819;150091;25.8;17.5
04;2021-06-20;625;287;222444;150378;25.9;17.5
04;2021-06-21;1255;3234;223699;153612;26.0;17.9
04;2021-06-22;1603;3753;225302;157365;26.2;18.3
04;2021-06-23;2225;4966;227527;162331;26.5;18.9
04;2021-06-24;2272;4071;229799;166402;26.7;19.3
04;2021-06-25;2165;4104;231964;170506;27.0;19.8
04;2021-06-26;1386;2707;233350;173213;27.1;20.1
04;2021-06-27;655;263;234005;173476;27.2;20.2
04;2021-06-28;1296;2480;235301;175956;27.4;20.5
04;2021-06-29;1719;2825;237020;178781;27.6;20.8
04;2021-06-30;2534;3825;239554;182606;27.9;21.2
04;2021-07-01;2647;3823;242201;186429;28.2;21.7
04;2021-07-02;2480;3710;244681;190139;28.5;22.1
04;2021-07-03;1582;2441;246263;192580;28.6;22.4
04;2021-07-04;869;1037;247132;193617;28.7;22.5
05;2020-12-27;0;0;0;0;0.0;0.0
05;2020-12-28;0;0;0;0;0.0;0.0
05;2020-12-29;0;0;0;0;0.0;0.0
05;2020-12-30;0;0;0;0;0.0;0.0
05;2020-12-31;0;0;0;0;0.0;0.0
05;2021-01-01;0;0;0;0;0.0;0.0
05;2021-01-02;0;0;0;0;0.0;0.0
05;2021-01-03;0;0;0;0;0.0;0.0
05;2021-01-04;0;0;0;0;0.0;0.0
05;2021-01-05;0;0;0;0;0.0;0.0
05;2021-01-06;0;0;0;0;0.0;0.0
05;2021-01-07;0;0;0;0;0.0;0.0
05;2021-01-08;0;0;0;0;0.0;0.0
05;2021-01-09;0;0;0;0;0.0;0.0
05;2021-01-10;0;0;0;0;0.0;0.0
05;2021-01-11;0;0;0;0;0.0;0.0
05;2021-01-12;0;0;0;0;0.0;0.0
05;2021-01-13;0;0;0;0;0.0;0.0
05;2021-01-14;0;0;0;0;0.0;0.0
05;2021-01-15;0;0;0;0;0.0;0.0
05;2021-01-16;0;0;0;0;0.0;0.0
05;2021-01-17;0;0;0;0;0.0;0.0
05;2021-01-18;0;0;0;0;0.0;0.0
05;2021-01-19;0;0;0;0;0.0;0.0
05;2021-01-20;0;0;0;0;0.0;0.0
05;2021-01-21;0;0;0;0;0.0;0.0
05;2021-01-22;0;0;0;0;0.0;0.0
05;2021-01-23;0;0;0;0;0.0;0.0
05;2021-01-24;0;0;0;0;0.0;0.0
05;2021-01-25;0;0;0;0;0.0;0.0
05;2021-01-26;0;0;0;0;0.0;0.0
05;2021-01-27;0;0;0;0;0.0;0.0
05;2021-01-28;0;0;0;0;0.0;0.0
05;2021-01-29;0;0;0;0;0.0;0.0
05;2021-01-30;0;0;0;0;0.0;0.0
05;2021-01-31;0;0;0;0;0.0;0.0
05;2021-02-01;0;0;0;0;0.0;0.0
05;2021-02-02;0;0;0;0;0.0;0.0
05;2021-02-03;0;0;0;0;0.0;0.0
05;2021-02-04;0;0;0;0;0.0;0.0
05;2021-02-05;0;0;0;0;0.0;0.0
05;2021-02-06;0;0;0;0;0.0;0.0
05;2021-02-07;0;0;0;0;0.0;0.0
05;2021-02-08;0;0;0;0;0.0;0.0
05;2021-02-09;0;0;0;0;0.0;0.0
05;2021-02-10;0;0;0;0;0.0;0.0
05;2021-02-11;0;0;0;0;0.0;0.0
05;2021-02-12;0;0;0;0;0.0;0.0
05;2021-02-13;0;0;0;0;0.0;0.0
05;2021-02-14;0;0;0;0;0.0;0.0
05;2021-02-15;0;0;0;0;0.0;0.0
05;2021-02-16;0;0;0;0;0.0;0.0
05;2021-02-17;0;0;0;0;0.0;0.0
05;2021-02-18;0;0;0;0;0.0;0.0
05;2021-02-19;0;0;0;0;0.0;0.0
05;2021-02-20;0;0;0;0;0.0;0.0
05;2021-02-21;0;0;0;0;0.0;0.0
05;2021-02-22;0;0;0;0;0.0;0.0
05;2021-02-23;0;0;0;0;0.0;0.0
05;2021-02-24;0;0;0;0;0.0;0.0
05;2021-02-25;0;0;0;0;0.0;0.0
05;2021-02-26;0;0;0;0;0.0;0.0
05;2021-02-27;0;0;0;0;0.0;0.0
05;2021-02-28;0;0;0;0;0.0;0.0
05;2021-03-01;0;0;0;0;0.0;0.0
05;2021-03-02;0;0;0;0;0.0;0.0
05;2021-03-03;0;0;0;0;0.0;0.0
05;2021-03-04;0;0;0;0;0.0;0.0
05;2021-03-05;0;0;0;0;0.0;0.0
05;2021-03-06;0;0;0;0;0.0;0.0
05;2021-03-07;0;0;0;0;0.0;0.0
05;2021-03-08;0;0;0;0;0.0;0.0
05;2021-03-09;0;0;0;0;0.0;0.0
05;2021-03-10;0;0;0;0;0.0;0.0
05;2021-03-11;0;0;0;0;0.0;0.0
05;2021-03-12;0;0;0;0;0.0;0.0
05;2021-03-13;0;0;0;0;0.0;0.0
05;2021-03-14;0;0;0;0;0.0;0.0
05;2021-03-15;0;0;0;0;0.0;0.0
05;2021-03-16;0;0;0;0;0.0;0.0
05;2021-03-17;0;0;0;0;0.0;0.0
05;2021-03-18;0;0;0;0;0.0;0.0
05;2021-03-19;0;0;0;0;0.0;0.0
05;2021-03-20;0;0;0;0;0.0;0.0
05;2021-03-21;0;0;0;0;0.0;0.0
05;2021-03-22;0;0;0;0;0.0;0.0
05;2021-03-23;0;0;0;0;0.0;0.0
05;2021-03-24;0;0;0;0;0.0;0.0
05;2021-03-25;0;0;0;0;0.0;0.0
05;2021-03-26;0;0;0;0;0.0;0.0
05;2021-03-27;0;0;0;0;0.0;0.0
05;2021-03-28;0;0;0;0;0.0;0.0
05;2021-03-29;2;0;2;0;0.0;0.0
05;2021-03-30;0;0;2;0;0.0;0.0
05;2021-03-31;0;0;2;0;0.0;0.0
05;2021-04-01;0;0;2;0;0.0;0.0
05;2021-04-02;0;0;2;0;0.0;0.0
05;2021-04-03;0;0;2;0;0.0;0.0
05;2021-04-04;0;0;2;0;0.0;0.0
05;2021-04-05;0;0;2;0;0.0;0.0
05;2021-04-06;0;0;2;0;0.0;0.0
05;2021-04-07;0;0;2;0;0.0;0.0
05;2021-04-08;1;0;3;0;0.1;0.0
05;2021-04-09;0;0;3;0;0.1;0.0
05;2021-04-10;0;0;3;0;0.1;0.0
05;2021-04-11;0;0;3;0;0.1;0.0
05;2021-04-12;0;0;3;0;0.1;0.0
05;2021-04-13;0;0;3;0;0.1;0.0
05;2021-04-14;0;0;3;0;0.1;0.0
05;2021-04-15;0;0;3;0;0.1;0.0
05;2021-04-16;0;0;3;0;0.1;0.0
05;2021-04-17;0;0;3;0;0.1;0.0
05;2021-04-18;0;0;3;0;0.1;0.0
05;2021-04-19;0;0;3;0;0.1;0.0
05;2021-04-20;0;0;3;0;0.1;0.0
05;2021-04-21;0;0;3;0;0.1;0.0
05;2021-04-22;0;0;3;0;0.1;0.0
05;2021-04-23;0;0;3;0;0.1;0.0
05;2021-04-24;0;0;3;0;0.1;0.0
05;2021-04-25;0;0;3;0;0.1;0.0
05;2021-04-26;0;0;3;0;0.1;0.0
05;2021-04-27;0;0;3;0;0.1;0.0
05;2021-04-28;0;0;3;0;0.1;0.0
05;2021-04-29;0;0;3;0;0.1;0.0
05;2021-04-30;0;0;3;0;0.1;0.0
05;2021-05-01;0;0;3;0;0.1;0.0
05;2021-05-02;0;0;3;0;0.1;0.0
05;2021-05-03;0;0;3;0;0.1;0.0
05;2021-05-04;0;0;3;0;0.1;0.0
05;2021-05-05;0;0;3;0;0.1;0.0
05;2021-05-06;0;0;3;0;0.1;0.0
05;2021-05-07;0;0;3;0;0.1;0.0
05;2021-05-08;0;0;3;0;0.1;0.0
05;2021-05-09;0;0;3;0;0.1;0.0
05;2021-05-10;0;0;3;0;0.1;0.0
05;2021-05-11;0;0;3;0;0.1;0.0
05;2021-05-12;0;0;3;0;0.1;0.0
05;2021-05-13;0;0;3;0;0.1;0.0
05;2021-05-14;0;0;3;0;0.1;0.0
05;2021-05-15;0;0;3;0;0.1;0.0
05;2021-05-16;0;0;3;0;0.1;0.0
05;2021-05-17;0;0;3;0;0.1;0.0
05;2021-05-18;0;0;3;0;0.1;0.0
05;2021-05-19;0;0;3;0;0.1;0.0
05;2021-05-20;0;0;3;0;0.1;0.0
05;2021-05-21;0;0;3;0;0.1;0.0
05;2021-05-22;0;0;3;0;0.1;0.0
05;2021-05-23;0;0;3;0;0.1;0.0
05;2021-05-24;0;0;3;0;0.1;0.0
05;2021-05-25;0;0;3;0;0.1;0.0
05;2021-05-26;0;0;3;0;0.1;0.0
05;2021-05-27;0;0;3;0;0.1;0.0
05;2021-05-28;0;0;3;0;0.1;0.0
05;2021-05-29;0;2;3;2;0.1;0.0
05;2021-05-30;0;0;3;2;0.1;0.0
05;2021-05-31;0;0;3;2;0.1;0.0
05;2021-06-01;0;0;3;2;0.1;0.0
05;2021-06-02;0;0;3;2;0.1;0.0
05;2021-06-03;0;0;3;2;0.1;0.0
05;2021-06-04;0;0;3;2;0.1;0.0
05;2021-06-05;0;0;3;2;0.1;0.0
05;2021-06-06;0;0;3;2;0.1;0.0
05;2021-06-07;0;0;3;2;0.1;0.0
05;2021-06-08;0;0;3;2;0.1;0.0
05;2021-06-09;0;0;3;2;0.1;0.0
05;2021-06-10;0;0;3;2;0.1;0.0
05;2021-06-11;0;0;3;2;0.1;0.0
05;2021-06-12;0;0;3;2;0.1;0.0
05;2021-06-13;0;0;3;2;0.1;0.0
05;2021-06-14;0;0;3;2;0.1;0.0
05;2021-06-15;0;0;3;2;0.1;0.0
05;2021-06-16;0;0;3;2;0.1;0.0
05;2021-06-17;0;0;3;2;0.1;0.0
05;2021-06-18;0;0;3;2;0.1;0.0
05;2021-06-19;0;0;3;2;0.1;0.0
05;2021-06-20;0;0;3;2;0.1;0.0
05;2021-06-21;0;0;3;2;0.1;0.0
05;2021-06-22;0;0;3;2;0.1;0.0
05;2021-06-23;0;0;3;2;0.1;0.0
05;2021-06-24;0;0;3;2;0.1;0.0
05;2021-06-25;0;0;3;2;0.1;0.0
05;2021-06-26;0;0;3;2;0.1;0.0
05;2021-06-27;0;0;3;2;0.1;0.0
05;2021-06-28;0;0;3;2;0.1;0.0
05;2021-06-29;0;0;3;2;0.1;0.0
05;2021-06-30;0;0;3;2;0.1;0.0
05;2021-07-01;0;0;3;2;0.1;0.0
05;2021-07-02;0;0;3;2;0.1;0.0
05;2021-07-03;0;0;3;2;0.1;0.0
05;2021-07-04;0;0;3;2;0.1;0.0
06;2020-12-27;0;0;0;0;0.0;0.0
06;2020-12-28;0;0;0;0;0.0;0.0
06;2020-12-29;0;0;0;0;0.0;0.0
06;2020-12-30;0;0;0;0;0.0;0.0
06;2020-12-31;0;0;0;0;0.0;0.0
06;2021-01-01;0;0;0;0;0.0;0.0
06;2021-01-02;0;0;0;0;0.0;0.0
06;2021-01-03;0;0;0;0;0.0;0.0
06;2021-01-04;0;0;0;0;0.0;0.0
06;2021-01-05;0;0;0;0;0.0;0.0
06;2021-01-06;0;0;0;0;0.0;0.0
06;2021-01-07;0;0;0;0;0.0;0.0
06;2021-01-08;0;0;0;0;0.0;0.0
06;2021-01-09;0;0;0;0;0.0;0.0
06;2021-01-10;0;0;0;0;0.0;0.0
06;2021-01-11;9;0;9;0;0.0;0.0
06;2021-01-12;0;0;9;0;0.0;0.0
06;2021-01-13;0;0;9;0;0.0;0.0
06;2021-01-14;0;0;9;0;0.0;0.0
06;2021-01-15;1;0;10;0;0.0;0.0
06;2021-01-16;1;0;11;0;0.0;0.0
06;2021-01-17;0;0;11;0;0.0;0.0
06;2021-01-18;1;0;12;0;0.0;0.0
06;2021-01-19;0;0;12;0;0.0;0.0
06;2021-01-20;0;0;12;0;0.0;0.0
06;2021-01-21;0;0;12;0;0.0;0.0
06;2021-01-22;0;0;12;0;0.0;0.0
06;2021-01-23;1;0;13;0;0.0;0.0
06;2021-01-24;0;0;13;0;0.0;0.0
06;2021-01-25;141;1;154;1;0.1;0.0
06;2021-01-26;165;4;319;5;0.1;0.0
06;2021-01-27;250;2;569;7;0.2;0.0
06;2021-01-28;101;5;670;12;0.2;0.0
06;2021-01-29;230;6;900;18;0.3;0.0
06;2021-01-30;285;10;1185;28;0.4;0.0
06;2021-01-31;1;0;1186;28;0.4;0.0
06;2021-02-01;160;0;1346;28;0.5;0.0
06;2021-02-02;330;7;1676;35;0.6;0.0
06;2021-02-03;228;3;1904;38;0.7;0.0
06;2021-02-04;215;8;2119;46;0.8;0.0
06;2021-02-05;214;1;2333;47;0.8;0.0
06;2021-02-06;83;10;2416;57;0.9;0.0
06;2021-02-07;0;0;2416;57;0.9;0.0
06;2021-02-08;82;3;2498;60;0.9;0.0
06;2021-02-09;194;0;2692;60;1.0;0.0
06;2021-02-10;187;2;2879;62;1.0;0.0
06;2021-02-11;235;3;3114;65;1.1;0.0
06;2021-02-12;287;3;3401;68;1.2;0.0
06;2021-02-13;56;0;3457;68;1.2;0.0
06;2021-02-14;1;0;3458;68;1.2;0.0
06;2021-02-15;359;5;3817;73;1.4;0.0
06;2021-02-16;266;6;4083;79;1.5;0.0
06;2021-02-17;167;6;4250;85;1.5;0.0
06;2021-02-18;217;12;4467;97;1.6;0.0
06;2021-02-19;235;23;4702;120;1.7;0.0
06;2021-02-20;138;8;4840;128;1.7;0.0
06;2021-02-21;0;0;4840;128;1.7;0.0
06;2021-02-22;130;122;4970;250;1.8;0.1
06;2021-02-23;185;151;5155;401;1.8;0.1
06;2021-02-24;176;145;5331;546;1.9;0.2
06;2021-02-25;227;285;5558;831;2.0;0.3
06;2021-02-26;242;260;5800;1091;2.1;0.4
06;2021-02-27;0;0;5800;1091;2.1;0.4
06;2021-02-28;0;0;5800;1091;2.1;0.4
06;2021-03-01;145;258;5945;1349;2.1;0.5
06;2021-03-02;228;258;6173;1607;2.2;0.6
06;2021-03-03;202;189;6375;1796;2.3;0.6
06;2021-03-04;205;140;6580;1936;2.4;0.7
06;2021-03-05;224;113;6804;2049;2.4;0.7
06;2021-03-06;1;0;6805;2049;2.4;0.7
06;2021-03-07;0;0;6805;2049;2.4;0.7
06;2021-03-08;189;125;6994;2174;2.5;0.8
06;2021-03-09;390;157;7384;2331;2.6;0.8
06;2021-03-10;180;178;7564;2509;2.7;0.9
06;2021-03-11;167;207;7731;2716;2.8;1.0
06;2021-03-12;238;289;7969;3005;2.9;1.1
06;2021-03-13;2;0;7971;3005;2.9;1.1
06;2021-03-14;0;0;7971;3005;2.9;1.1
06;2021-03-15;156;292;8127;3297;2.9;1.2
06;2021-03-16;236;223;8363;3520;3.0;1.3
06;2021-03-17;264;142;8627;3662;3.1;1.3
06;2021-03-18;172;232;8799;3894;3.1;1.4
06;2021-03-19;172;298;8971;4192;3.2;1.5
06;2021-03-20;0;0;8971;4192;3.2;1.5
06;2021-03-21;0;0;8971;4192;3.2;1.5
06;2021-03-22;97;136;9068;4328;3.2;1.5
06;2021-03-23;136;240;9204;4568;3.3;1.6
06;2021-03-24;160;146;9364;4714;3.4;1.7
06;2021-03-25;186;206;9550;4920;3.4;1.8
06;2021-03-26;160;211;9710;5131;3.5;1.8
06;2021-03-27;18;0;9728;5131;3.5;1.8
06;2021-03-28;0;0;9728;5131;3.5;1.8
06;2021-03-29;0;2;9728;5133;3.5;1.8
06;2021-03-30;272;334;10000;5467;3.6;2.0
06;2021-03-31;225;125;10225;5592;3.7;2.0
06;2021-04-01;243;104;10468;5696;3.7;2.0
06;2021-04-02;286;263;10754;5959;3.8;2.1
06;2021-04-03;906;307;11660;6266;4.2;2.2
06;2021-04-04;1;0;11661;6266;4.2;2.2
06;2021-04-05;1;0;11662;6266;4.2;2.2
06;2021-04-06;160;279;11822;6545;4.2;2.3
06;2021-04-07;237;265;12059;6810;4.3;2.4
06;2021-04-08;286;140;12345;6950;4.4;2.5
06;2021-04-09;248;171;12593;7121;4.5;2.5
06;2021-04-10;181;114;12774;7235;4.6;2.6
06;2021-04-11;7;0;12781;7235;4.6;2.6
06;2021-04-12;0;19;12781;7254;4.6;2.6
06;2021-04-13;393;343;13174;7597;4.7;2.7
06;2021-04-14;239;205;13413;7802;4.8;2.8
06;2021-04-15;207;117;13620;7919;4.9;2.8
06;2021-04-16;214;127;13834;8046;5.0;2.9
06;2021-04-17;226;131;14060;8177;5.0;2.9
06;2021-04-18;1;0;14061;8177;5.0;2.9
06;2021-04-19;7;1;14068;8178;5.0;2.9
06;2021-04-20;368;225;14436;8403;5.2;3.0
06;2021-04-21;412;150;14848;8553;5.3;3.1
06;2021-04-22;410;151;15258;8704;5.5;3.1
06;2021-04-23;367;166;15625;8870;5.6;3.2
06;2021-04-24;413;127;16038;8997;5.7;3.2
06;2021-04-25;2;0;16040;8997;5.7;3.2
06;2021-04-26;54;8;16094;9005;5.8;3.2
06;2021-04-27;351;293;16445;9298;5.9;3.3
06;2021-04-28;355;515;16800;9813;6.0;3.5
06;2021-04-29;558;345;17358;10158;6.2;3.6
06;2021-04-30;403;238;17761;10396;6.4;3.7
06;2021-05-01;670;285;18431;10681;6.6;3.8
06;2021-05-02;0;0;18431;10681;6.6;3.8
06;2021-05-03;139;6;18570;10687;6.6;3.8
06;2021-05-04;353;426;18923;11113;6.8;4.0
06;2021-05-05;446;318;19369;11431;6.9;4.1
06;2021-05-06;319;200;19688;11631;7.0;4.2
06;2021-05-07;341;133;20029;11764;7.2;4.2
06;2021-05-08;300;140;20329;11904;7.3;4.3
06;2021-05-09;0;0;20329;11904;7.3;4.3
06;2021-05-10;8;9;20337;11913;7.3;4.3
06;2021-05-11;359;489;20696;12402;7.4;4.4
06;2021-05-12;332;310;21028;12712;7.5;4.5
06;2021-05-13;127;97;21155;12809;7.6;4.6
06;2021-05-14;0;0;21155;12809;7.6;4.6
06;2021-05-15;484;283;21639;13092;7.7;4.7
06;2021-05-16;0;0;21639;13092;7.7;4.7
06;2021-05-17;122;51;21761;13143;7.8;4.7
06;2021-05-18;515;429;22276;13572;8.0;4.9
06;2021-05-19;650;663;22926;14235;8.2;5.1
06;2021-05-20;1055;495;23981;14730;8.6;5.3
06;2021-05-21;1046;314;25027;15044;9.0;5.4
06;2021-05-22;1241;299;26268;15343;9.4;5.5
06;2021-05-23;0;0;26268;15343;9.4;5.5
06;2021-05-24;1;0;26269;15343;9.4;5.5
06;2021-05-25;883;624;27152;15967;9.7;5.7
06;2021-05-26;1035;841;28187;16808;10.1;6.0
06;2021-05-27;1310;506;29497;17314;10.6;6.2
06;2021-05-28;952;372;30449;17686;10.9;6.3
06;2021-05-29;1130;390;31579;18076;11.3;6.5
06;2021-05-30;0;1;31579;18077;11.3;6.5
06;2021-05-31;104;6;31683;18083;11.3;6.5
06;2021-06-01;1146;651;32829;18734;11.7;6.7
06;2021-06-02;1198;497;34027;19231;12.2;6.9
06;2021-06-03;803;333;34830;19564;12.5;7.0
06;2021-06-04;992;321;35822;19885;12.8;7.1
06;2021-06-05;672;300;36494;20185;13.1;7.2
06;2021-06-06;0;0;36494;20185;13.1;7.2
06;2021-06-07;84;12;36578;20197;13.1;7.2
06;2021-06-08;923;441;37501;20638;13.4;7.4
06;2021-06-09;952;548;38453;21186;13.8;7.6
06;2021-06-10;652;224;39105;21410;14.0;7.7
06;2021-06-11;825;368;39930;21778;14.3;7.8
06;2021-06-12;563;274;40493;22052;14.5;7.9
06;2021-06-13;0;0;40493;22052;14.5;7.9
06;2021-06-14;178;112;40671;22164;14.6;7.9
06;2021-06-15;399;839;41070;23003;14.7;8.2
06;2021-06-16;880;1437;41950;24440;15.0;8.7
06;2021-06-17;757;652;42707;25092;15.3;9.0
06;2021-06-18;686;618;43393;25710;15.5;9.2
06;2021-06-19;527;639;43920;26349;15.7;9.4
06;2021-06-20;0;0;43920;26349;15.7;9.4
06;2021-06-21;124;128;44044;26477;15.8;9.5
06;2021-06-22;424;1144;44468;27621;15.9;9.9
06;2021-06-23;647;1179;45115;28800;16.1;10.3
06;2021-06-24;456;541;45571;29341;16.3;10.5
06;2021-06-25;523;472;46094;29813;16.5;10.7
06;2021-06-26;383;684;46477;30497;16.6;10.9
06;2021-06-27;0;0;46477;30497;16.6;10.9
06;2021-06-28;99;190;46576;30687;16.7;11.0
06;2021-06-29;605;971;47181;31658;16.9;11.3
06;2021-06-30;629;943;47810;32601;17.1;11.7
06;2021-07-01;541;538;48351;33139;17.3;11.9
06;2021-07-02;430;418;48781;33557;17.5;12.0
06;2021-07-03;415;407;49196;33964;17.6;12.2
06;2021-07-04;0;0;49196;33964;17.6;12.2
07;2020-12-27;0;0;0;0;0.0;0.0
07;2020-12-28;0;0;0;0;0.0;0.0
07;2020-12-29;0;0;0;0;0.0;0.0
07;2020-12-30;0;0;0;0;0.0;0.0
07;2020-12-31;0;0;0;0;0.0;0.0
07;2021-01-01;0;0;0;0;0.0;0.0
07;2021-01-02;0;0;0;0;0.0;0.0
07;2021-01-03;0;0;0;0;0.0;0.0
07;2021-01-04;0;0;0;0;0.0;0.0
07;2021-01-05;0;0;0;0;0.0;0.0
07;2021-01-06;0;0;0;0;0.0;0.0
07;2021-01-07;0;0;0;0;0.0;0.0
07;2021-01-08;0;0;0;0;0.0;0.0
07;2021-01-09;0;0;0;0;0.0;0.0
07;2021-01-10;0;0;0;0;0.0;0.0
07;2021-01-11;0;0;0;0;0.0;0.0
07;2021-01-12;0;0;0;0;0.0;0.0
07;2021-01-13;0;0;0;0;0.0;0.0
07;2021-01-14;0;0;0;0;0.0;0.0
07;2021-01-15;0;0;0;0;0.0;0.0
07;2021-01-16;0;0;0;0;0.0;0.0
07;2021-01-17;0;0;0;0;0.0;0.0
07;2021-01-18;1;0;1;0;0.0;0.0
07;2021-01-19;0;0;1;0;0.0;0.0
07;2021-01-20;0;0;1;0;0.0;0.0
07;2021-01-21;12;0;13;0;0.1;0.0
07;2021-01-22;12;0;25;0;0.3;0.0
07;2021-01-23;0;0;25;0;0.3;0.0
07;2021-01-24;0;0;25;0;0.3;0.0
07;2021-01-25;0;0;25;0;0.3;0.0
07;2021-01-26;0;0;25;0;0.3;0.0
07;2021-01-27;12;0;37;0;0.4;0.0
07;2021-01-28;1;0;38;0;0.4;0.0
07;2021-01-29;6;0;44;0;0.4;0.0
07;2021-01-30;0;0;44;0;0.4;0.0
07;2021-01-31;0;0;44;0;0.4;0.0
07;2021-02-01;0;0;44;0;0.4;0.0
07;2021-02-02;0;0;44;0;0.4;0.0
07;2021-02-03;11;0;55;0;0.6;0.0
07;2021-02-04;12;0;67;0;0.7;0.0
07;2021-02-05;11;0;78;0;0.8;0.0
07;2021-02-06;0;0;78;0;0.8;0.0
07;2021-02-07;0;0;78;0;0.8;0.0
07;2021-02-08;0;0;78;0;0.8;0.0
07;2021-02-09;13;0;91;0;0.9;0.0
07;2021-02-10;0;0;91;0;0.9;0.0
07;2021-02-11;16;0;107;0;1.1;0.0
07;2021-02-12;45;0;152;0;1.5;0.0
07;2021-02-13;0;0;152;0;1.5;0.0
07;2021-02-14;0;0;152;0;1.5;0.0
07;2021-02-15;0;0;152;0;1.5;0.0
07;2021-02-16;0;0;152;0;1.5;0.0
07;2021-02-17;0;0;152;0;1.5;0.0
07;2021-02-18;18;0;170;0;1.7;0.0
07;2021-02-19;34;0;204;0;2.0;0.0
07;2021-02-20;0;0;204;0;2.0;0.0
07;2021-02-21;0;0;204;0;2.0;0.0
07;2021-02-22;0;0;204;0;2.0;0.0
07;2021-02-23;0;22;204;22;2.0;0.2
07;2021-02-24;0;0;204;22;2.0;0.2
07;2021-02-25;15;10;219;32;2.2;0.3
07;2021-02-26;33;21;252;53;2.5;0.5
07;2021-02-27;0;0;252;53;2.5;0.5
07;2021-02-28;0;0;252;53;2.5;0.5
07;2021-03-01;0;0;252;53;2.5;0.5
07;2021-03-02;17;11;269;64;2.7;0.6
07;2021-03-03;0;0;269;64;2.7;0.6
07;2021-03-04;16;11;285;75;2.9;0.8
07;2021-03-05;33;19;318;94;3.2;0.9
07;2021-03-06;0;0;318;94;3.2;0.9
07;2021-03-07;0;0;318;94;3.2;0.9
07;2021-03-08;0;0;318;94;3.2;0.9
07;2021-03-09;1;0;319;94;3.2;0.9
07;2021-03-10;0;0;319;94;3.2;0.9
07;2021-03-11;20;30;339;124;3.4;1.2
07;2021-03-12;62;42;401;166;4.0;1.7
07;2021-03-13;0;0;401;166;4.0;1.7
07;2021-03-14;0;0;401;166;4.0;1.7
07;2021-03-15;0;0;401;166;4.0;1.7
07;2021-03-16;30;9;431;175;4.3;1.8
07;2021-03-17;0;0;431;175;4.3;1.8
07;2021-03-18;29;16;460;191;4.6;1.9
07;2021-03-19;56;31;516;222;5.2;2.2
07;2021-03-20;0;0;516;222;5.2;2.2
07;2021-03-21;0;0;516;222;5.2;2.2
07;2021-03-22;0;0;516;222;5.2;2.2
07;2021-03-23;0;0;516;222;5.2;2.2
07;2021-03-24;0;0;516;222;5.2;2.2
07;2021-03-25;65;17;581;239;5.8;2.4
07;2021-03-26;73;26;654;265;6.6;2.7
07;2021-03-27;0;0;654;265;6.6;2.7
07;2021-03-28;0;0;654;265;6.6;2.7
07;2021-03-29;0;0;654;265;6.6;2.7
07;2021-03-30;40;18;694;283;7.0;2.8
07;2021-03-31;26;15;720;298;7.2;3.0
07;2021-04-01;25;32;745;330;7.5;3.3
07;2021-04-02;0;0;745;330;7.5;3.3
07;2021-04-03;0;0;745;330;7.5;3.3
07;2021-04-04;0;0;745;330;7.5;3.3
07;2021-04-05;9;0;754;330;7.6;3.3
07;2021-04-06;0;0;754;330;7.6;3.3
07;2021-04-07;0;0;754;330;7.6;3.3
07;2021-04-08;57;46;811;376;8.1;3.8
07;2021-04-09;59;31;870;407;8.7;4.1
07;2021-04-10;0;0;870;407;8.7;4.1
07;2021-04-11;0;0;870;407;8.7;4.1
07;2021-04-12;0;0;870;407;8.7;4.1
07;2021-04-13;0;0;870;407;8.7;4.1
07;2021-04-14;5;6;875;413;8.8;4.1
07;2021-04-15;56;71;931;484;9.3;4.9
07;2021-04-16;90;35;1021;519;10.2;5.2
07;2021-04-17;0;1;1021;520;10.2;5.2
07;2021-04-18;0;0;1021;520;10.2;5.2
07;2021-04-19;1;0;1022;520;10.3;5.2
07;2021-04-20;335;66;1357;586;13.6;5.9
07;2021-04-21;337;29;1694;615;17.0;6.2
07;2021-04-22;284;50;1978;665;19.9;6.7
07;2021-04-23;258;41;2236;706;22.4;7.1
07;2021-04-24;231;1;2467;707;24.8;7.1
07;2021-04-25;0;0;2467;707;24.8;7.1
07;2021-04-26;283;20;2750;727;27.6;7.3
07;2021-04-27;224;69;2974;796;29.9;8.0
07;2021-04-28;192;26;3166;822;31.8;8.3
07;2021-04-29;170;22;3336;844;33.5;8.5
07;2021-04-30;172;15;3508;859;35.2;8.6
07;2021-05-01;200;12;3708;871;37.2;8.7
07;2021-05-02;0;0;3708;871;37.2;8.7
07;2021-05-03;134;9;3842;880;38.6;8.8
07;2021-05-04;161;54;4003;934;40.2;9.4
07;2021-05-05;221;30;4224;964;42.4;9.7
07;2021-05-06;175;31;4399;995;44.2;10.0
07;2021-05-07;149;31;4548;1026;45.7;10.3
07;2021-05-08;1;0;4549;1026;45.7;10.3
07;2021-05-09;0;2;4549;1028;45.7;10.3
07;2021-05-10;0;0;4549;1028;45.7;10.3
07;2021-05-11;2;41;4551;1069;45.7;10.7
07;2021-05-12;6;36;4557;1105;45.7;11.1
07;2021-05-13;0;0;4557;1105;45.7;11.1
07;2021-05-14;28;98;4585;1203;46.0;12.1
07;2021-05-15;0;0;4585;1203;46.0;12.1
07;2021-05-16;1;0;4586;1203;46.0;12.1
07;2021-05-17;1;14;4587;1217;46.0;12.2
07;2021-05-18;17;32;4604;1249;46.2;12.5
07;2021-05-19;0;1;4604;1250;46.2;12.5
07;2021-05-20;0;8;4604;1258;46.2;12.6
07;2021-05-21;12;32;4616;1290;46.3;13.0
07;2021-05-22;0;0;4616;1290;46.3;13.0
07;2021-05-23;0;0;4616;1290;46.3;13.0
07;2021-05-24;0;0;4616;1290;46.3;13.0
07;2021-05-25;50;333;4666;1623;46.8;16.3
07;2021-05-26;54;359;4720;1982;47.4;19.9
07;2021-05-27;34;317;4754;2299;47.7;23.1
07;2021-05-28;27;256;4781;2555;48.0;25.7
07;2021-05-29;35;376;4816;2931;48.3;29.4
07;2021-05-30;0;0;4816;2931;48.3;29.4
07;2021-05-31;45;218;4861;3149;48.8;31.6
07;2021-06-01;47;226;4908;3375;49.3;33.9
07;2021-06-02;69;273;4977;3648;50.0;36.6
07;2021-06-03;41;252;5018;3900;50.4;39.2
07;2021-06-04;74;273;5092;4173;51.1;41.9
07;2021-06-05;1;0;5093;4173;51.1;41.9
07;2021-06-06;0;0;5093;4173;51.1;41.9
07;2021-06-07;1;1;5094;4174;51.1;41.9
07;2021-06-08;3;2;5097;4176;51.2;41.9
07;2021-06-09;0;3;5097;4179;51.2;42.0
07;2021-06-10;8;4;5105;4183;51.2;42.0
07;2021-06-11;3;8;5108;4191;51.3;42.1
07;2021-06-12;16;59;5124;4250;51.4;42.7
07;2021-06-13;0;0;5124;4250;51.4;42.7
07;2021-06-14;0;0;5124;4250;51.4;42.7
07;2021-06-15;0;1;5124;4251;51.4;42.7
07;2021-06-16;0;0;5124;4251;51.4;42.7
07;2021-06-17;2;6;5126;4257;51.5;42.7
07;2021-06-18;0;2;5126;4259;51.5;42.8
07;2021-06-19;25;49;5151;4308;51.7;43.2
07;2021-06-20;0;0;5151;4308;51.7;43.2
07;2021-06-21;0;2;5151;4310;51.7;43.3
07;2021-06-22;8;0;5159;4310;51.8;43.3
07;2021-06-23;15;9;5174;4319;51.9;43.4
07;2021-06-24;10;5;5184;4324;52.0;43.4
07;2021-06-25;0;0;5184;4324;52.0;43.4
07;2021-06-26;28;49;5212;4373;52.3;43.9
07;2021-06-27;0;0;5212;4373;52.3;43.9
07;2021-06-28;0;0;5212;4373;52.3;43.9
07;2021-06-29;0;0;5212;4373;52.3;43.9
07;2021-06-30;0;0;5212;4373;52.3;43.9
07;2021-07-01;26;34;5238;4407;52.6;44.2
07;2021-07-02;26;32;5264;4439;52.8;44.6
07;2021-07-03;29;211;5293;4650;53.1;46.7
07;2021-07-04;0;0;5293;4650;53.1;46.7
08;2020-12-27;0;0;0;0;0.0;0.0
08;2020-12-28;0;0;0;0;0.0;0.0
08;2020-12-29;0;0;0;0;0.0;0.0
08;2020-12-30;0;0;0;0;0.0;0.0
08;2020-12-31;0;0;0;0;0.0;0.0
08;2021-01-01;0;0;0;0;0.0;0.0
08;2021-01-02;0;0;0;0;0.0;0.0
08;2021-01-03;0;0;0;0;0.0;0.0
08;2021-01-04;0;0;0;0;0.0;0.0
08;2021-01-05;0;0;0;0;0.0;0.0
08;2021-01-06;0;0;0;0;0.0;0.0
08;2021-01-07;0;0;0;0;0.0;0.0
08;2021-01-08;0;0;0;0;0.0;0.0
08;2021-01-09;0;0;0;0;0.0;0.0
08;2021-01-10;0;0;0;0;0.0;0.0
08;2021-01-11;0;0;0;0;0.0;0.0
08;2021-01-12;0;0;0;0;0.0;0.0
08;2021-01-13;10;0;10;0;0.0;0.0
08;2021-01-14;12;1;22;1;0.1;0.0
08;2021-01-15;7;0;29;1;0.1;0.0
08;2021-01-16;0;0;29;1;0.1;0.0
08;2021-01-17;0;0;29;1;0.1;0.0
08;2021-01-18;0;0;29;1;0.1;0.0
08;2021-01-19;12;0;41;1;0.1;0.0
08;2021-01-20;12;0;53;1;0.1;0.0
08;2021-01-21;6;0;59;1;0.2;0.0
08;2021-01-22;0;0;59;1;0.2;0.0
08;2021-01-23;0;0;59;1;0.2;0.0
08;2021-01-24;0;0;59;1;0.2;0.0
08;2021-01-25;0;0;59;1;0.2;0.0
08;2021-01-26;9;0;68;1;0.2;0.0
08;2021-01-27;10;0;78;1;0.2;0.0
08;2021-01-28;6;0;84;1;0.2;0.0
08;2021-01-29;0;0;84;1;0.2;0.0
08;2021-01-30;0;0;84;1;0.2;0.0
08;2021-01-31;0;0;84;1;0.2;0.0
08;2021-02-01;0;0;84;1;0.2;0.0
08;2021-02-02;38;0;122;1;0.3;0.0
08;2021-02-03;10;0;132;1;0.4;0.0
08;2021-02-04;29;0;161;1;0.5;0.0
08;2021-02-05;7;0;168;1;0.5;0.0
08;2021-02-06;0;0;168;1;0.5;0.0
08;2021-02-07;0;0;168;1;0.5;0.0
08;2021-02-08;0;0;168;1;0.5;0.0
08;2021-02-09;38;0;206;1;0.6;0.0
08;2021-02-10;27;1;233;2;0.7;0.0
08;2021-02-11;0;0;233;2;0.7;0.0
08;2021-02-12;36;0;269;2;0.8;0.0
08;2021-02-13;0;0;269;2;0.8;0.0
08;2021-02-14;0;0;269;2;0.8;0.0
08;2021-02-15;50;0;319;2;0.9;0.0
08;2021-02-16;0;0;319;2;0.9;0.0
08;2021-02-17;0;0;319;2;0.9;0.0
08;2021-02-18;27;0;346;2;1.0;0.0
08;2021-02-19;44;1;390;3;1.1;0.0
08;2021-02-20;0;0;390;3;1.1;0.0
08;2021-02-21;0;0;390;3;1.1;0.0
08;2021-02-22;46;5;436;8;1.2;0.0
08;2021-02-23;41;29;477;37;1.3;0.1
08;2021-02-24;35;1;512;38;1.4;0.1
08;2021-02-25;55;36;567;74;1.6;0.2
08;2021-02-26;39;5;606;79;1.7;0.2
08;2021-02-27;0;0;606;79;1.7;0.2
08;2021-02-28;0;0;606;79;1.7;0.2
08;2021-03-01;48;5;654;84;1.9;0.2
08;2021-03-02;7;27;661;111;1.9;0.3
08;2021-03-03;38;27;699;138;2.0;0.4
08;2021-03-04;30;26;729;164;2.1;0.5
08;2021-03-05;46;11;775;175;2.2;0.5
08;2021-03-06;0;0;775;175;2.2;0.5
08;2021-03-07;0;0;775;175;2.2;0.5
08;2021-03-08;30;7;805;182;2.3;0.5
08;2021-03-09;19;27;824;209;2.3;0.6
08;2021-03-10;32;28;856;237;2.4;0.7
08;2021-03-11;2;0;858;237;2.4;0.7
08;2021-03-12;52;21;910;258;2.6;0.7
08;2021-03-13;11;0;921;258;2.6;0.7
08;2021-03-14;0;0;921;258;2.6;0.7
08;2021-03-15;31;42;952;300;2.7;0.8
08;2021-03-16;73;6;1025;306;2.9;0.9
08;2021-03-17;67;14;1092;320;3.1;0.9
08;2021-03-18;82;40;1174;360;3.3;1.0
08;2021-03-19;30;50;1204;410;3.4;1.2
08;2021-03-20;0;0;1204;410;3.4;1.2
08;2021-03-21;0;0;1204;410;3.4;1.2
08;2021-03-22;34;45;1238;455;3.5;1.3
08;2021-03-23;30;43;1268;498;3.6;1.4
08;2021-03-24;38;42;1306;540;3.7;1.5
08;2021-03-25;92;34;1398;574;4.0;1.6
08;2021-03-26;45;33;1443;607;4.1;1.7
08;2021-03-27;94;3;1537;610;4.3;1.7
08;2021-03-28;0;0;1537;610;4.3;1.7
08;2021-03-29;69;49;1606;659;4.5;1.9
08;2021-03-30;98;24;1704;683;4.8;1.9
08;2021-03-31;89;48;1793;731;5.1;2.1
08;2021-04-01;56;49;1849;780;5.2;2.2
08;2021-04-02;0;0;1849;780;5.2;2.2
08;2021-04-03;0;0;1849;780;5.2;2.2
08;2021-04-04;0;0;1849;780;5.2;2.2
08;2021-04-05;0;0;1849;780;5.2;2.2
08;2021-04-06;49;63;1898;843;5.4;2.4
08;2021-04-07;91;33;1989;876;5.6;2.5
08;2021-04-08;120;8;2109;884;6.0;2.5
08;2021-04-09;89;39;2198;923;6.2;2.6
08;2021-04-10;164;9;2362;932;6.7;2.6
08;2021-04-11;0;0;2362;932;6.7;2.6
08;2021-04-12;41;79;2403;1011;6.8;2.9
08;2021-04-13;48;76;2451;1087;6.9;3.1
08;2021-04-14;81;45;2532;1132;7.2;3.2
08;2021-04-15;92;25;2624;1157;7.4;3.3
08;2021-04-16;77;42;2701;1199;7.6;3.4
08;2021-04-17;165;5;2866;1204;8.1;3.4
08;2021-04-18;0;0;2866;1204;8.1;3.4
08;2021-04-19;52;67;2918;1271;8.3;3.6
08;2021-04-20;83;27;3001;1298;8.5;3.7
08;2021-04-21;91;30;3092;1328;8.8;3.8
08;2021-04-22;101;21;3193;1349;9.0;3.8
08;2021-04-23;44;66;3237;1415;9.2;4.0
08;2021-04-24;99;78;3336;1493;9.4;4.2
08;2021-04-25;0;0;3336;1493;9.4;4.2
08;2021-04-26;28;91;3364;1584;9.5;4.5
08;2021-04-27;59;64;3423;1648;9.7;4.7
08;2021-04-28;89;39;3512;1687;9.9;4.8
08;2021-04-29;89;34;3601;1721;10.2;4.9
08;2021-04-30;104;15;3705;1736;10.5;4.9
08;2021-05-01;0;8;3705;1744;10.5;4.9
08;2021-05-02;0;0;3705;1744;10.5;4.9
08;2021-05-03;24;101;3729;1845;10.6;5.2
08;2021-05-04;157;102;3886;1947;11.0;5.5
08;2021-05-05;141;58;4027;2005;11.4;5.7
08;2021-05-06;199;49;4226;2054;12.0;5.8
08;2021-05-07;127;71;4353;2125;12.3;6.0
08;2021-05-08;69;122;4422;2247;12.5;6.4
08;2021-05-09;0;0;4422;2247;12.5;6.4
08;2021-05-10;124;99;4546;2346;12.9;6.6
08;2021-05-11;132;72;4678;2418;13.2;6.8
08;2021-05-12;156;77;4834;2495;13.7;7.1
08;2021-05-13;83;6;4917;2501;13.9;7.1
08;2021-05-14;129;62;5046;2563;14.3;7.3
08;2021-05-15;86;4;5132;2567;14.5;7.3
08;2021-05-16;0;0;5132;2567;14.5;7.3
08;2021-05-17;145;112;5277;2679;14.9;7.6
08;2021-05-18;150;94;5427;2773;15.4;7.8
08;2021-05-19;84;69;5511;2842;15.6;8.0
08;2021-05-20;104;26;5615;2868;15.9;8.1
08;2021-05-21;97;52;5712;2920;16.2;8.3
08;2021-05-22;100;11;5812;2931;16.4;8.3
08;2021-05-23;0;0;5812;2931;16.4;8.3
08;2021-05-24;33;7;5845;2938;16.5;8.3
08;2021-05-25;119;78;5964;3016;16.9;8.5
08;2021-05-26;107;50;6071;3066;17.2;8.7
08;2021-05-27;110;42;6181;3108;17.5;8.8
08;2021-05-28;33;1;6214;3109;17.6;8.8
08;2021-05-29;59;214;6273;3323;17.8;9.4
08;2021-05-30;0;0;6273;3323;17.8;9.4
08;2021-05-31;108;63;6381;3386;18.1;9.6
08;2021-06-01;112;63;6493;3449;18.4;9.8
08;2021-06-02;130;33;6623;3482;18.7;9.9
08;2021-06-03;100;38;6723;3520;19.0;10.0
08;2021-06-04;128;71;6851;3591;19.4;10.2
08;2021-06-05;82;21;6933;3612;19.6;10.2
08;2021-06-06;0;0;6933;3612;19.6;10.2
08;2021-06-07;96;94;7029;3706;19.9;10.5
08;2021-06-08;81;91;7110;3797;20.1;10.7
08;2021-06-09;98;74;7208;3871;20.4;11.0
08;2021-06-10;111;66;7319;3937;20.7;11.1
08;2021-06-11;116;108;7435;4045;21.0;11.4
08;2021-06-12;57;30;7492;4075;21.2;11.5
08;2021-06-13;0;0;7492;4075;21.2;11.5
08;2021-06-14;106;128;7598;4203;21.5;11.9
08;2021-06-15;86;118;7684;4321;21.7;12.2
08;2021-06-16;103;148;7787;4469;22.0;12.6
08;2021-06-17;84;72;7871;4541;22.3;12.9
08;2021-06-18;66;99;7937;4640;22.5;13.1
08;2021-06-19;64;79;8001;4719;22.6;13.4
08;2021-06-20;0;0;8001;4719;22.6;13.4
08;2021-06-21;78;149;8079;4868;22.9;13.8
08;2021-06-22;70;100;8149;4968;23.1;14.1
08;2021-06-23;68;113;8217;5081;23.3;14.4
08;2021-06-24;42;73;8259;5154;23.4;14.6
08;2021-06-25;63;99;8322;5253;23.6;14.9
08;2021-06-26;35;61;8357;5314;23.7;15.0
08;2021-06-27;0;0;8357;5314;23.7;15.0
08;2021-06-28;70;127;8427;5441;23.8;15.4
08;2021-06-29;59;104;8486;5545;24.0;15.7
08;2021-06-30;56;109;8542;5654;24.2;16.0
08;2021-07-01;41;87;8583;5741;24.3;16.2
08;2021-07-02;52;91;8635;5832;24.4;16.5
08;2021-07-03;40;90;8675;5922;24.6;16.8
08;2021-07-04;0;1;8675;5923;24.6;16.8
11;2020-12-27;13;2;13;2;0.0;0.0
11;2020-12-28;12;0;25;2;0.0;0.0
11;2020-12-29;56;0;81;2;0.0;0.0
11;2020-12-30;91;0;172;2;0.0;0.0
11;2020-12-31;39;0;211;2;0.0;0.0
11;2021-01-01;32;1;243;3;0.0;0.0
11;2021-01-02;64;1;307;4;0.0;0.0
11;2021-01-03;78;0;385;4;0.0;0.0
11;2021-01-04;554;5;939;9;0.0;0.0
11;2021-01-05;2074;18;3013;27;0.0;0.0
11;2021-01-06;3021;25;6034;52;0.0;0.0
11;2021-01-07;5392;49;11426;101;0.1;0.0
11;2021-01-08;7132;59;18558;160;0.2;0.0
11;2021-01-09;1893;8;20451;168;0.2;0.0
11;2021-01-10;1756;8;22207;176;0.2;0.0
11;2021-01-11;8019;73;30226;249;0.2;0.0
11;2021-01-12;10377;108;40603;357;0.3;0.0
11;2021-01-13;10025;108;50628;465;0.4;0.0
11;2021-01-14;10154;146;60782;611;0.5;0.0
11;2021-01-15;8927;103;69709;714;0.6;0.0
11;2021-01-16;2416;38;72125;752;0.6;0.0
11;2021-01-17;1092;21;73217;773;0.6;0.0
11;2021-01-18;12265;154;85482;927;0.7;0.0
11;2021-01-19;15861;154;101343;1081;0.8;0.0
11;2021-01-20;18385;185;119728;1266;1.0;0.0
11;2021-01-21;22304;209;142032;1475;1.2;0.0
11;2021-01-22;17114;220;159146;1695;1.3;0.0
11;2021-01-23;4961;29;164107;1724;1.3;0.0
11;2021-01-24;1283;7;165390;1731;1.3;0.0
11;2021-01-25;8875;216;174265;1947;1.4;0.0
11;2021-01-26;12346;406;186611;2353;1.5;0.0
11;2021-01-27;16229;708;202840;3061;1.7;0.0
11;2021-01-28;20309;1231;223149;4292;1.8;0.0
11;2021-01-29;15401;1391;238550;5683;1.9;0.0
11;2021-01-30;4465;112;243015;5795;2.0;0.0
11;2021-01-31;586;23;243601;5818;2.0;0.0
11;2021-02-01;7388;1976;250989;7794;2.0;0.1
11;2021-02-02;8356;2834;259345;10628;2.1;0.1
11;2021-02-03;8128;3813;267473;14441;2.2;0.1
11;2021-02-04;8784;4612;276257;19053;2.2;0.2
11;2021-02-05;8952;4443;285209;23496;2.3;0.2
11;2021-02-06;3271;756;288480;24252;2.3;0.2
11;2021-02-07;588;544;289068;24796;2.4;0.2
11;2021-02-08;6229;5917;295297;30713;2.4;0.3
11;2021-02-09;8435;9685;303732;40398;2.5;0.3
11;2021-02-10;9962;11190;313694;51588;2.6;0.4
11;2021-02-11;12385;16503;326079;68091;2.7;0.6
11;2021-02-12;11872;10621;337951;78712;2.8;0.6
11;2021-02-13;2597;2588;340548;81300;2.8;0.7
11;2021-02-14;314;561;340862;81861;2.8;0.7
11;2021-02-15;4457;12023;345319;93884;2.8;0.8
11;2021-02-16;5668;18492;350987;112376;2.9;0.9
11;2021-02-17;5678;15611;356665;127987;2.9;1.0
11;2021-02-18;8646;20790;365311;148777;3.0;1.2
11;2021-02-19;9043;15429;374354;164206;3.0;1.3
11;2021-02-20;1691;4847;376045;169053;3.1;1.4
11;2021-02-21;397;830;376442;169883;3.1;1.4
11;2021-02-22;4230;9900;380672;179783;3.1;1.5
11;2021-02-23;4949;10567;385621;190350;3.1;1.6
11;2021-02-24;5413;9878;391034;200228;3.2;1.6
11;2021-02-25;8625;14147;399659;214375;3.3;1.7
11;2021-02-26;11195;10213;410854;224588;3.3;1.8
11;2021-02-27;5068;3344;415922;227932;3.4;1.9
11;2021-02-28;742;662;416664;228594;3.4;1.9
11;2021-03-01;8853;7991;425517;236585;3.5;1.9
11;2021-03-02;14392;9659;439909;246244;3.6;2.0
11;2021-03-03;18690;10179;458599;256423;3.7;2.1
11;2021-03-04;28280;11226;486879;267649;4.0;2.2
11;2021-03-05;36518;11218;523397;278867;4.3;2.3
11;2021-03-06;46442;3673;569839;282540;4.6;2.3
11;2021-03-07;34308;2856;604147;285396;4.9;2.3
11;2021-03-08;17780;7476;621927;292872;5.1;2.4
11;2021-03-09;26880;7829;648807;300701;5.3;2.4
11;2021-03-10;27668;8455;676475;309156;5.5;2.5
11;2021-03-11;37078;10053;713553;319209;5.8;2.6
11;2021-03-12;44834;9616;758387;328825;6.2;2.7
11;2021-03-13;39895;2785;798282;331610;6.5;2.7
11;2021-03-14;14271;841;812553;332451;6.6;2.7
11;2021-03-15;29239;4107;841792;336558;6.9;2.7
11;2021-03-16;23765;3919;865557;340477;7.0;2.8
11;2021-03-17;24454;3740;890011;344217;7.2;2.8
11;2021-03-18;29035;4207;919046;348424;7.5;2.8
11;2021-03-19;39692;4414;958738;352838;7.8;2.9
11;2021-03-20;25879;1662;984617;354500;8.0;2.9
11;2021-03-21;5635;1340;990252;355840;8.1;2.9
11;2021-03-22;32169;4341;1022421;360181;8.3;2.9
11;2021-03-23;43353;5569;1065774;365750;8.7;3.0
11;2021-03-24;42698;5165;1108472;370915;9.0;3.0
11;2021-03-25;58002;5384;1166474;376299;9.5;3.1
11;2021-03-26;57826;6162;1224300;382461;10.0;3.1
11;2021-03-27;34519;2202;1258819;384663;10.3;3.1
11;2021-03-28;10166;507;1268985;385170;10.3;3.1
11;2021-03-29;33106;8262;1302091;393432;10.6;3.2
11;2021-03-30;44911;11704;1347002;405136;11.0;3.3
11;2021-03-31;39943;14012;1386945;419148;11.3;3.4
11;2021-04-01;45434;21940;1432379;441088;11.7;3.6
11;2021-04-02;39486;24219;1471865;465307;12.0;3.8
11;2021-04-03;18402;21188;1490267;486495;12.1;4.0
11;2021-04-04;6126;7366;1496393;493861;12.2;4.0
11;2021-04-05;5972;2176;1502365;496037;12.2;4.0
11;2021-04-06;30012;18508;1532377;514545;12.5;4.2
11;2021-04-07;37590;20137;1569967;534682;12.8;4.4
11;2021-04-08;46752;21280;1616719;555962;13.2;4.5
11;2021-04-09;53881;21749;1670600;577711;13.6;4.7
11;2021-04-10;28995;19795;1699595;597506;13.8;4.9
11;2021-04-11;6551;7244;1706146;604750;13.9;4.9
11;2021-04-12;30336;19376;1736482;624126;14.1;5.1
11;2021-04-13;37348;27665;1773830;651791;14.4;5.3
11;2021-04-14;35063;24432;1808893;676223;14.7;5.5
11;2021-04-15;39211;28629;1848104;704852;15.1;5.7
11;2021-04-16;41105;27953;1889209;732805;15.4;6.0
11;2021-04-17;22808;15040;1912017;747845;15.6;6.1
11;2021-04-18;5321;3756;1917338;751601;15.6;6.1
11;2021-04-19;25124;23280;1942462;774881;15.8;6.3
11;2021-04-20;30617;28005;1973079;802886;16.1;6.5
11;2021-04-21;32256;28323;2005335;831209;16.3;6.8
11;2021-04-22;34514;34883;2039849;866092;16.6;7.1
11;2021-04-23;37976;32441;2077825;898533;16.9;7.3
11;2021-04-24;37983;23262;2115808;921795;17.2;7.5
11;2021-04-25;20526;8059;2136334;929854;17.4;7.6
11;2021-04-26;33910;25333;2170244;955187;17.7;7.8
11;2021-04-27;45782;30218;2216026;985405;18.0;8.0
11;2021-04-28;48454;29951;2264480;1015356;18.4;8.3
11;2021-04-29;57827;32470;2322307;1047826;18.9;8.5
11;2021-04-30;61353;31291;2383660;1079117;19.4;8.8
11;2021-05-01;24120;6126;2407780;1085243;19.6;8.8
11;2021-05-02;14661;5049;2422441;1090292;19.7;8.9
11;2021-05-03;54462;35350;2476903;1125642;20.2;9.2
11;2021-05-04;59745;34075;2536648;1159717;20.7;9.4
11;2021-05-05;60373;34234;2597021;1193951;21.2;9.7
11;2021-05-06;67316;38257;2664337;1232208;21.7;10.0
11;2021-05-07;65617;40097;2729954;1272305;22.2;10.4
11;2021-05-08;51198;17004;2781152;1289309;22.7;10.5
11;2021-05-09;33198;10265;2814350;1299574;22.9;10.6
11;2021-05-10;70815;30690;2885165;1330264;23.5;10.8
11;2021-05-11;81844;38271;2967009;1368535;24.2;11.1
11;2021-05-12;83682;32601;3050691;1401136;24.8;11.4
11;2021-05-13;68224;10095;3118915;1411231;25.4;11.5
11;2021-05-14;84645;22273;3203560;1433504;26.1;11.7
11;2021-05-15;66809;15518;3270369;1449022;26.6;11.8
11;2021-05-16;36721;5227;3307090;1454249;26.9;11.8
11;2021-05-17;82945;17067;3390035;1471316;27.6;12.0
11;2021-05-18;99684;20121;3489719;1491437;28.4;12.1
11;2021-05-19;98407;28070;3588126;1519507;29.2;12.4
11;2021-05-20;107345;29072;3695471;1548579;30.1;12.6
11;2021-05-21;101670;26213;3797141;1574792;30.9;12.8
11;2021-05-22;80082;15016;3877223;1589808;31.6;12.9
11;2021-05-23;42038;6141;3919261;1595949;31.9;13.0
11;2021-05-24;60019;8880;3979280;1604829;32.4;13.1
11;2021-05-25;85739;32388;4065019;1637217;33.1;13.3
11;2021-05-26;84227;32646;4149246;1669863;33.8;13.6
11;2021-05-27;92345;40707;4241591;1710570;34.5;13.9
11;2021-05-28;86956;45723;4328547;1756293;35.3;14.3
11;2021-05-29;68277;27633;4396824;1783926;35.8;14.5
11;2021-05-30;36010;8565;4432834;1792491;36.1;14.6
11;2021-05-31;78004;40058;4510838;1832549;36.7;14.9
11;2021-06-01;87127;51055;4597965;1883604;37.4;15.3
11;2021-06-02;83224;45658;4681189;1929262;38.1;15.7
11;2021-06-03;88938;53799;4770127;1983061;38.9;16.2
11;2021-06-04;84707;58843;4854834;2041904;39.5;16.6
11;2021-06-05;63619;49978;4918453;2091882;40.1;17.0
11;2021-06-06;37942;17611;4956395;2109493;40.4;17.2
11;2021-06-07;68987;53753;5025382;2163246;40.9;17.6
11;2021-06-08;72362;62020;5097744;2225266;41.5;18.1
11;2021-06-09;70561;63206;5168305;2288472;42.1;18.6
11;2021-06-10;71118;80920;5239423;2369392;42.7;19.3
11;2021-06-11;65560;72228;5304983;2441620;43.2;19.9
11;2021-06-12;63730;47763;5368713;2489383;43.7;20.3
11;2021-06-13;29536;22907;5398249;2512290;44.0;20.5
11;2021-06-14;43162;75367;5441411;2587657;44.3;21.1
11;2021-06-15;51052;83033;5492463;2670690;44.7;21.8
11;2021-06-16;52323;78348;5544786;2749038;45.2;22.4
11;2021-06-17;53994;81843;5598780;2830881;45.6;23.1
11;2021-06-18;49955;96097;5648735;2926978;46.0;23.8
11;2021-06-19;43459;69250;5692194;2996228;46.4;24.4
11;2021-06-20;16297;36095;5708491;3032323;46.5;24.7
11;2021-06-21;34338;84398;5742829;3116721;46.8;25.4
11;2021-06-22;38955;101274;5781784;3217995;47.1;26.2
11;2021-06-23;39419;98253;5821203;3316248;47.4;27.0
11;2021-06-24;42247;96203;5863450;3412451;47.8;27.8
11;2021-06-25;38688;110805;5902138;3523256;48.1;28.7
11;2021-06-26;35316;86138;5937454;3609394;48.4;29.4
11;2021-06-27;13310;40382;5950764;3649776;48.5;29.7
11;2021-06-28;30189;95985;5980953;3745761;48.7;30.5
11;2021-06-29;33996;108144;6014949;3853905;49.0;31.4
11;2021-06-30;36568;105486;6051517;3959391;49.3;32.2
11;2021-07-01;38951;105773;6090468;4065164;49.6;33.1
11;2021-07-02;38104;110027;6128572;4175191;49.9;34.0
11;2021-07-03;31927;93215;6160499;4268406;50.2;34.8
11;2021-07-04;14080;42904;6174579;4311310;50.3;35.1
24;2020-12-27;0;0;0;0;0.0;0.0
24;2020-12-28;17;0;17;0;0.0;0.0
24;2020-12-29;10;0;27;0;0.0;0.0
24;2020-12-30;1;0;28;0;0.0;0.0
24;2020-12-31;0;0;28;0;0.0;0.0
24;2021-01-01;1;0;29;0;0.0;0.0
24;2021-01-02;0;0;29;0;0.0;0.0
24;2021-01-03;0;0;29;0;0.0;0.0
24;2021-01-04;24;0;53;0;0.0;0.0
24;2021-01-05;163;0;216;0;0.0;0.0
24;2021-01-06;328;0;544;0;0.0;0.0
24;2021-01-07;492;1;1036;1;0.0;0.0
24;2021-01-08;952;4;1988;5;0.1;0.0
24;2021-01-09;504;0;2492;5;0.1;0.0
24;2021-01-10;395;1;2887;6;0.1;0.0
24;2021-01-11;1279;3;4166;9;0.2;0.0
24;2021-01-12;2575;11;6741;20;0.3;0.0
24;2021-01-13;2189;9;8930;29;0.3;0.0
24;2021-01-14;2503;54;11433;83;0.4;0.0
24;2021-01-15;2114;14;13547;97;0.5;0.0
24;2021-01-16;857;7;14404;104;0.6;0.0
24;2021-01-17;322;3;14726;107;0.6;0.0
24;2021-01-18;3214;20;17940;127;0.7;0.0
24;2021-01-19;6325;27;24265;154;0.9;0.0
24;2021-01-20;7165;23;31430;177;1.2;0.0
24;2021-01-21;7418;21;38848;198;1.5;0.0
24;2021-01-22;5118;8;43966;206;1.7;0.0
24;2021-01-23;1276;4;45242;210;1.8;0.0
24;2021-01-24;225;1;45467;211;1.8;0.0
24;2021-01-25;3114;33;48581;244;1.9;0.0
24;2021-01-26;4848;105;53429;349;2.1;0.0
24;2021-01-27;5046;196;58475;545;2.3;0.0
24;2021-01-28;5634;522;64109;1067;2.5;0.0
24;2021-01-29;3422;745;67531;1812;2.6;0.1
24;2021-01-30;1208;399;68739;2211;2.7;0.1
24;2021-01-31;251;368;68990;2579;2.7;0.1
24;2021-02-01;2170;936;71160;3515;2.8;0.1
24;2021-02-02;3032;1905;74192;5420;2.9;0.2
24;2021-02-03;3111;1787;77303;7207;3.0;0.3
24;2021-02-04;3234;1626;80537;8833;3.1;0.3
24;2021-02-05;2394;1379;82931;10212;3.2;0.4
24;2021-02-06;707;262;83638;10474;3.3;0.4
24;2021-02-07;134;33;83772;10507;3.3;0.4
24;2021-02-08;1967;1580;85739;12087;3.4;0.5
24;2021-02-09;3413;3328;89152;15415;3.5;0.6
24;2021-02-10;4085;3782;93237;19197;3.6;0.8
24;2021-02-11;4656;4791;97893;23988;3.8;0.9
24;2021-02-12;3484;3274;101377;27262;4.0;1.1
24;2021-02-13;839;771;102216;28033;4.0;1.1
24;2021-02-14;426;254;102642;28287;4.0;1.1
24;2021-02-15;1963;2853;104605;31140;4.1;1.2
24;2021-02-16;2848;4492;107453;35632;4.2;1.4
24;2021-02-17;2691;5105;110144;40737;4.3;1.6
24;2021-02-18;3521;5183;113665;45920;4.4;1.8
24;2021-02-19;3237;3553;116902;49473;4.6;1.9
24;2021-02-20;1288;986;118190;50459;4.6;2.0
24;2021-02-21;433;237;118623;50696;4.6;2.0
24;2021-02-22;1650;3062;120273;53758;4.7;2.1
24;2021-02-23;2340;3131;122613;56889;4.8;2.2
24;2021-02-24;2093;3456;124706;60345;4.9;2.4
24;2021-02-25;3622;3150;128328;63495;5.0;2.5
24;2021-02-26;4466;2612;132794;66107;5.2;2.6
24;2021-02-27;1877;992;134671;67099;5.3;2.6
24;2021-02-28;97;219;134768;67318;5.3;2.6
24;2021-03-01;2173;2018;136941;69336;5.4;2.7
24;2021-03-02;3431;2900;140372;72236;5.5;2.8
24;2021-03-03;3550;3403;143922;75639;5.6;3.0
24;2021-03-04;5336;3727;149258;79366;5.8;3.1
24;2021-03-05;7038;3179;156296;82545;6.1;3.2
24;2021-03-06;7376;760;163672;83305;6.4;3.3
24;2021-03-07;2429;296;166101;83601;6.5;3.3
24;2021-03-08;2689;2618;168790;86219;6.6;3.4
24;2021-03-09;5777;2837;174567;89056;6.8;3.5
24;2021-03-10;6408;3514;180975;92570;7.1;3.6
24;2021-03-11;7802;3504;188777;96074;7.4;3.8
24;2021-03-12;10788;2698;199565;98772;7.8;3.9
24;2021-03-13;7121;727;206686;99499;8.1;3.9
24;2021-03-14;1549;275;208235;99774;8.1;3.9
24;2021-03-15;4559;1977;212794;101751;8.3;4.0
24;2021-03-16;4597;2368;217391;104119;8.5;4.1
24;2021-03-17;4462;1986;221853;106105;8.7;4.1
24;2021-03-18;5064;2103;226917;108208;8.9;4.2
24;2021-03-19;7781;1682;234698;109890;9.2;4.3
24;2021-03-20;4436;883;239134;110773;9.3;4.3
24;2021-03-21;557;349;239691;111122;9.4;4.3
24;2021-03-22;4860;1717;244551;112839;9.6;4.4
24;2021-03-23;8038;2311;252589;115150;9.9;4.5
24;2021-03-24;8817;2021;261406;117171;10.2;4.6
24;2021-03-25;12134;1977;273540;119148;10.7;4.7
24;2021-03-26;13274;2004;286814;121152;11.2;4.7
24;2021-03-27;5781;684;292595;121836;11.4;4.8
24;2021-03-28;520;97;293115;121933;11.5;4.8
24;2021-03-29;6761;1898;299876;123831;11.7;4.8
24;2021-03-30;10174;2799;310050;126630;12.1;4.9
24;2021-03-31;9893;2360;319943;128990;12.5;5.0
24;2021-04-01;12047;3408;331990;132398;13.0;5.2
24;2021-04-02;10640;3358;342630;135756;13.4;5.3
24;2021-04-03;3415;1717;346045;137473;13.5;5.4
24;2021-04-04;394;344;346439;137817;13.5;5.4
24;2021-04-05;400;51;346839;137868;13.6;5.4
24;2021-04-06;8326;3355;355165;141223;13.9;5.5
24;2021-04-07;11071;4544;366236;145767;14.3;5.7
24;2021-04-08;14187;4743;380423;150510;14.9;5.9
24;2021-04-09;17762;3725;398185;154235;15.6;6.0
24;2021-04-10;9389;2082;407574;156317;15.9;6.1
24;2021-04-11;2909;1249;410483;157566;16.0;6.2
24;2021-04-12;10845;3444;421328;161010;16.5;6.3
24;2021-04-13;14995;4818;436323;165828;17.1;6.5
24;2021-04-14;13476;4925;449799;170753;17.6;6.7
24;2021-04-15;15353;5129;465152;175882;18.2;6.9
24;2021-04-16;15693;4339;480845;180221;18.8;7.0
24;2021-04-17;8196;1328;489041;181549;19.1;7.1
24;2021-04-18;1100;289;490141;181838;19.2;7.1
24;2021-04-19;9440;4130;499581;185968;19.5;7.3
24;2021-04-20;12726;5978;512307;191946;20.0;7.5
24;2021-04-21;12329;6022;524636;197968;20.5;7.7
24;2021-04-22;13864;7548;538500;205516;21.0;8.0
24;2021-04-23;13697;7068;552197;212584;21.6;8.3
24;2021-04-24;10238;3255;562435;215839;22.0;8.4
24;2021-04-25;3048;435;565483;216274;22.1;8.5
24;2021-04-26;10203;5418;575686;221692;22.5;8.7
24;2021-04-27;13874;7749;589560;229441;23.0;9.0
24;2021-04-28;13022;8440;602582;237881;23.5;9.3
24;2021-04-29;16583;8602;619165;246483;24.2;9.6
24;2021-04-30;17474;7240;636639;253723;24.9;9.9
24;2021-05-01;2912;671;639551;254394;25.0;9.9
24;2021-05-02;2142;319;641693;254713;25.1;10.0
24;2021-05-03;11292;6107;652985;260820;25.5;10.2
24;2021-05-04;12808;10287;665793;271107;26.0;10.6
24;2021-05-05;13878;9575;679671;280682;26.6;11.0
24;2021-05-06;17485;9730;697156;290412;27.2;11.3
24;2021-05-07;14560;11954;711716;302366;27.8;11.8
24;2021-05-08;3705;2373;715421;304739;28.0;11.9
24;2021-05-09;2347;3721;717768;308460;28.0;12.1
24;2021-05-10;11526;12186;729294;320646;28.5;12.5
24;2021-05-11;16357;14191;745651;334837;29.1;13.1
24;2021-05-12;18228;13141;763879;347978;29.8;13.6
24;2021-05-13;6925;3167;770804;351145;30.1;13.7
24;2021-05-14;14513;9174;785317;360319;30.7;14.1
24;2021-05-15;10467;5047;795784;365366;31.1;14.3
24;2021-05-16;3166;1185;798950;366551;31.2;14.3
24;2021-05-17;13314;7658;812264;374209;31.7;14.6
24;2021-05-18;18479;8203;830743;382412;32.5;14.9
24;2021-05-19;19039;7498;849782;389910;33.2;15.2
24;2021-05-20;21336;8426;871118;398336;34.0;15.6
24;2021-05-21;18431;9083;889549;407419;34.8;15.9
24;2021-05-22;7626;4185;897175;411604;35.1;16.1
24;2021-05-23;2990;950;900165;412554;35.2;16.1
24;2021-05-24;8342;1594;908507;414148;35.5;16.2
24;2021-05-25;17751;8835;926258;422983;36.2;16.5
24;2021-05-26;19262;8280;945520;431263;36.9;16.9
24;2021-05-27;20879;10054;966399;441317;37.8;17.2
24;2021-05-28;20459;12262;986858;453579;38.6;17.7
24;2021-05-29;12417;5899;999275;459478;39.0;18.0
24;2021-05-30;2032;1481;1001307;460959;39.1;18.0
24;2021-05-31;14578;8908;1015885;469867;39.7;18.4
24;2021-06-01;19692;12013;1035577;481880;40.5;18.8
24;2021-06-02;17766;10797;1053343;492677;41.2;19.3
24;2021-06-03;20890;11923;1074233;504600;42.0;19.7
24;2021-06-04;19933;13840;1094166;518440;42.8;20.3
24;2021-06-05;9874;8844;1104040;527284;43.1;20.6
24;2021-06-06;1993;3018;1106033;530302;43.2;20.7
24;2021-06-07;14415;12036;1120448;542338;43.8;21.2
24;2021-06-08;16068;14973;1136516;557311;44.4;21.8
24;2021-06-09;16453;12775;1152969;570086;45.1;22.3
24;2021-06-10;17878;12133;1170847;582219;45.8;22.8
24;2021-06-11;17159;15324;1188006;597543;46.4;23.3
24;2021-06-12;10075;7346;1198081;604889;46.8;23.6
24;2021-06-13;894;1316;1198975;606205;46.9;23.7
24;2021-06-14;10451;15273;1209426;621478;47.3;24.3
24;2021-06-15;12975;17135;1222401;638613;47.8;25.0
24;2021-06-16;13439;16284;1235840;654897;48.3;25.6
24;2021-06-17;13123;17320;1248963;672217;48.8;26.3
24;2021-06-18;14541;19837;1263504;692054;49.4;27.0
24;2021-06-19;7924;6660;1271428;698714;49.7;27.3
24;2021-06-20;554;857;1271982;699571;49.7;27.3
24;2021-06-21;8853;16500;1280835;716071;50.1;28.0
24;2021-06-22;10202;19422;1291037;735493;50.4;28.7
24;2021-06-23;9697;17870;1300734;753363;50.8;29.4
24;2021-06-24;9009;12884;1309743;766247;51.2;29.9
24;2021-06-25;10640;19914;1320383;786161;51.6;30.7
24;2021-06-26;5289;10978;1325672;797139;51.8;31.1
24;2021-06-27;795;2215;1326467;799354;51.8;31.2
24;2021-06-28;6480;18551;1332947;817905;52.1;32.0
24;2021-06-29;7891;24036;1340838;841941;52.4;32.9
24;2021-06-30;8123;22207;1348961;864148;52.7;33.8
24;2021-07-01;7665;19618;1356626;883766;53.0;34.5
24;2021-07-02;8139;23500;1364765;907266;53.3;35.5
24;2021-07-03;4153;11122;1368918;918388;53.5;35.9
24;2021-07-04;500;2802;1369418;921190;53.5;36.0
27;2020-12-27;4;0;4;0;0.0;0.0
27;2020-12-28;0;0;4;0;0.0;0.0
27;2020-12-29;19;0;23;0;0.0;0.0
27;2020-12-30;20;0;43;0;0.0;0.0
27;2020-12-31;2;0;45;0;0.0;0.0
27;2021-01-01;0;0;45;0;0.0;0.0
27;2021-01-02;1;0;46;0;0.0;0.0
27;2021-01-03;1;0;47;0;0.0;0.0
27;2021-01-04;27;0;74;0;0.0;0.0
27;2021-01-05;263;2;337;2;0.0;0.0
27;2021-01-06;718;2;1055;4;0.0;0.0
27;2021-01-07;1582;4;2637;8;0.1;0.0
27;2021-01-08;1896;4;4533;12;0.2;0.0
27;2021-01-09;689;0;5222;12;0.2;0.0
27;2021-01-10;3;0;5225;12;0.2;0.0
27;2021-01-11;2420;6;7645;18;0.3;0.0
27;2021-01-12;3823;7;11468;25;0.4;0.0
27;2021-01-13;3848;8;15316;33;0.6;0.0
27;2021-01-14;4751;49;20067;82;0.7;0.0
27;2021-01-15;3595;26;23662;108;0.9;0.0
27;2021-01-16;793;9;24455;117;0.9;0.0
27;2021-01-17;116;1;24571;118;0.9;0.0
27;2021-01-18;6254;22;30825;140;1.1;0.0
27;2021-01-19;8400;27;39225;167;1.4;0.0
27;2021-01-20;7909;69;47134;236;1.7;0.0
27;2021-01-21;9456;34;56590;270;2.0;0.0
27;2021-01-22;7708;26;64298;296;2.3;0.0
27;2021-01-23;2986;9;67284;305;2.4;0.0
27;2021-01-24;347;0;67631;305;2.4;0.0
27;2021-01-25;5223;34;72854;339;2.6;0.0
27;2021-01-26;7390;237;80244;576;2.9;0.0
27;2021-01-27;7097;376;87341;952;3.1;0.0
27;2021-01-28;6337;900;93678;1852;3.4;0.1
27;2021-01-29;5930;1271;99608;3123;3.6;0.1
27;2021-01-30;2496;350;102104;3473;3.7;0.1
27;2021-01-31;252;22;102356;3495;3.7;0.1
27;2021-02-01;3359;1403;105715;4898;3.8;0.2
27;2021-02-02;4040;2225;109755;7123;3.9;0.3
27;2021-02-03;3618;2401;113373;9524;4.1;0.3
27;2021-02-04;3703;3154;117076;12678;4.2;0.5
27;2021-02-05;3240;2590;120316;15268;4.3;0.5
27;2021-02-06;1608;674;121924;15942;4.4;0.6
27;2021-02-07;5;87;121929;16029;4.4;0.6
27;2021-02-08;2912;2688;124841;18717;4.5;0.7
27;2021-02-09;3016;3666;127857;22383;4.6;0.8
27;2021-02-10;3054;3414;130911;25797;4.7;0.9
27;2021-02-11;3314;4656;134225;30453;4.8;1.1
27;2021-02-12;2726;4469;136951;34922;4.9;1.3
27;2021-02-13;986;1468;137937;36390;5.0;1.3
27;2021-02-14;258;301;138195;36691;5.0;1.3
27;2021-02-15;1239;5751;139434;42442;5.0;1.5
27;2021-02-16;1507;7437;140941;49879;5.1;1.8
27;2021-02-17;1806;6903;142747;56782;5.1;2.0
27;2021-02-18;2147;6464;144894;63246;5.2;2.3
27;2021-02-19;1736;5671;146630;68917;5.3;2.5
27;2021-02-20;712;2180;147342;71097;5.3;2.6
27;2021-02-21;2;280;147344;71377;5.3;2.6
27;2021-02-22;979;4895;148323;76272;5.3;2.7
27;2021-02-23;1203;5422;149526;81694;5.4;2.9
27;2021-02-24;1508;4857;151034;86551;5.4;3.1
27;2021-02-25;2921;5054;153955;91605;5.5;3.3
27;2021-02-26;3684;4219;157639;95824;5.7;3.4
27;2021-02-27;1911;1958;159550;97782;5.7;3.5
27;2021-02-28;107;282;159657;98064;5.7;3.5
27;2021-03-01;3673;3513;163330;101577;5.9;3.6
27;2021-03-02;5415;4352;168745;105929;6.1;3.8
27;2021-03-03;5970;3581;174715;109510;6.3;3.9
27;2021-03-04;7713;3584;182428;113094;6.6;4.1
27;2021-03-05;9701;3216;192129;116310;6.9;4.2
27;2021-03-06;6230;1100;198359;117410;7.1;4.2
27;2021-03-07;872;188;199231;117598;7.2;4.2
27;2021-03-08;4551;3425;203782;121023;7.3;4.3
27;2021-03-09;8424;3423;212206;124446;7.6;4.5
27;2021-03-10;8725;2822;220931;127268;7.9;4.6
27;2021-03-11;10268;3219;231199;130487;8.3;4.7
27;2021-03-12;11894;2494;243093;132981;8.7;4.8
27;2021-03-13;7050;701;250143;133682;9.0;4.8
27;2021-03-14;214;59;250357;133741;9.0;4.8
27;2021-03-15;7320;1392;257677;135133;9.3;4.9
27;2021-03-16;8246;1104;265923;136237;9.6;4.9
27;2021-03-17;8540;1198;274463;137435;9.9;4.9
27;2021-03-18;8624;1426;283087;138861;10.2;5.0
27;2021-03-19;9445;1109;292532;139970;10.5;5.0
27;2021-03-20;5670;401;298202;140371;10.7;5.0
27;2021-03-21;238;11;298440;140382;10.7;5.0
27;2021-03-22;9345;975;307785;141357;11.1;5.1
27;2021-03-23;14724;1215;322509;142572;11.6;5.1
27;2021-03-24;15193;1264;337702;143836;12.1;5.2
27;2021-03-25;18385;1506;356087;145342;12.8;5.2
27;2021-03-26;18389;1307;374476;146649;13.5;5.3
27;2021-03-27;7687;416;382163;147065;13.7;5.3
27;2021-03-28;493;125;382656;147190;13.7;5.3
27;2021-03-29;10033;3410;392689;150600;14.1;5.4
27;2021-03-30;12971;4013;405660;154613;14.6;5.6
27;2021-03-31;12842;4216;418502;158829;15.0;5.7
27;2021-04-01;14554;4159;433056;162988;15.6;5.9
27;2021-04-02;12954;4043;446010;167031;16.0;6.0
27;2021-04-03;4480;1136;450490;168167;16.2;6.0
27;2021-04-04;69;35;450559;168202;16.2;6.0
27;2021-04-05;345;7;450904;168209;16.2;6.0
27;2021-04-06;9564;6183;460468;174392;16.5;6.3
27;2021-04-07;10199;6476;470667;180868;16.9;6.5
27;2021-04-08;15731;6174;486398;187042;17.5;6.7
27;2021-04-09;17850;6023;504248;193065;18.1;6.9
27;2021-04-10;6072;1956;510320;195021;18.3;7.0
27;2021-04-11;422;84;510742;195105;18.4;7.0
27;2021-04-12;9067;6798;519809;201903;18.7;7.3
27;2021-04-13;11743;8500;531552;210403;19.1;7.6
27;2021-04-14;10292;7837;541844;218240;19.5;7.8
27;2021-04-15;12960;7688;554804;225928;19.9;8.1
27;2021-04-16;12760;6452;567564;232380;20.4;8.3
27;2021-04-17;5923;3033;573487;235413;20.6;8.5
27;2021-04-18;357;189;573844;235602;20.6;8.5
27;2021-04-19;6969;8866;580813;244468;20.9;8.8
27;2021-04-20;8484;10543;589297;255011;21.2;9.2
27;2021-04-21;8340;10142;597637;265153;21.5;9.5
27;2021-04-22;9855;11529;607492;276682;21.8;9.9
27;2021-04-23;11342;10295;618834;286977;22.2;10.3
27;2021-04-24;5170;3961;624004;290938;22.4;10.5
27;2021-04-25;440;295;624444;291233;22.4;10.5
27;2021-04-26;9540;8743;633984;299976;22.8;10.8
27;2021-04-27;13460;10239;647444;310215;23.3;11.1
27;2021-04-28;14194;10367;661638;320582;23.8;11.5
27;2021-04-29;17872;11529;679510;332111;24.4;11.9
27;2021-04-30;18730;9505;698240;341616;25.1;12.3
27;2021-05-01;5428;1542;703668;343158;25.3;12.3
27;2021-05-02;604;73;704272;343231;25.3;12.3
27;2021-05-03;14906;6329;719178;349560;25.8;12.6
27;2021-05-04;13943;10785;733121;360345;26.3;12.9
27;2021-05-05;15558;10012;748679;370357;26.9;13.3
27;2021-05-06;18273;12330;766952;382687;27.6;13.8
27;2021-05-07;17216;11745;784168;394432;28.2;14.2
27;2021-05-08;5948;1508;790116;395940;28.4;14.2
27;2021-05-09;533;439;790649;396379;28.4;14.2
27;2021-05-10;15279;9870;805928;406249;29.0;14.6
27;2021-05-11;20755;12902;826683;419151;29.7;15.1
27;2021-05-12;19662;11743;846345;430894;30.4;15.5
27;2021-05-13;12297;2034;858642;432928;30.9;15.6
27;2021-05-14;22929;8376;881571;441304;31.7;15.9
27;2021-05-15;15416;3399;896987;444703;32.2;16.0
27;2021-05-16;1891;238;898878;444941;32.3;16.0
27;2021-05-17;18965;6802;917843;451743;33.0;16.2
27;2021-05-18;20694;9293;938537;461036;33.7;16.6
27;2021-05-19;22252;7289;960789;468325;34.5;16.8
27;2021-05-20;23231;8215;984020;476540;35.4;17.1
27;2021-05-21;21158;10040;1005178;486580;36.1;17.5
27;2021-05-22;8282;3605;1013460;490185;36.4;17.6
27;2021-05-23;911;306;1014371;490491;36.4;17.6
27;2021-05-24;4236;1084;1018607;491575;36.6;17.7
27;2021-05-25;14881;11607;1033488;503182;37.1;18.1
27;2021-05-26;15378;10634;1048866;513816;37.7;18.5
27;2021-05-27;18395;11811;1067261;525627;38.3;18.9
27;2021-05-28;16072;14110;1083333;539737;38.9;19.4
27;2021-05-29;6814;5149;1090147;544886;39.2;19.6
27;2021-05-30;392;255;1090539;545141;39.2;19.6
27;2021-05-31;13309;10918;1103848;556059;39.7;20.0
27;2021-06-01;16531;13424;1120379;569483;40.3;20.5
27;2021-06-02;16159;11438;1136538;580921;40.8;20.9
27;2021-06-03;17740;11854;1154278;592775;41.5;21.3
27;2021-06-04;16172;14596;1170450;607371;42.1;21.8
27;2021-06-05;8342;6757;1178792;614128;42.4;22.1
27;2021-06-06;1720;645;1180512;614773;42.4;22.1
27;2021-06-07;17428;13092;1197940;627865;43.0;22.6
27;2021-06-08;19668;15340;1217608;643205;43.8;23.1
27;2021-06-09;19053;12493;1236661;655698;44.4;23.6
27;2021-06-10;19011;13909;1255672;669607;45.1;24.1
27;2021-06-11;18117;17100;1273789;686707;45.8;24.7
27;2021-06-12;9472;7842;1283261;694549;46.1;25.0
27;2021-06-13;952;950;1284213;695499;46.1;25.0
27;2021-06-14;11052;17047;1295265;712546;46.5;25.6
27;2021-06-15;14124;17624;1309389;730170;47.0;26.2
27;2021-06-16;14683;15605;1324072;745775;47.6;26.8
27;2021-06-17;15155;17251;1339227;763026;48.1;27.4
27;2021-06-18;14775;20180;1354002;783206;48.7;28.1
27;2021-06-19;7667;8663;1361669;791869;48.9;28.5
27;2021-06-20;172;458;1361841;792327;48.9;28.5
27;2021-06-21;7759;19027;1369600;811354;49.2;29.2
27;2021-06-22;9556;24249;1379156;835603;49.6;30.0
27;2021-06-23;11259;19303;1390415;854906;50.0;30.7
27;2021-06-24;10496;17965;1400911;872871;50.3;31.4
27;2021-06-25;9348;26998;1410259;899869;50.7;32.3
27;2021-06-26;5072;15799;1415331;915668;50.9;32.9
27;2021-06-27;663;1884;1415994;917552;50.9;33.0
27;2021-06-28;6235;21949;1422229;939501;51.1;33.8
27;2021-06-29;7135;24516;1429364;964017;51.4;34.6
27;2021-06-30;8985;22666;1438349;986683;51.7;35.5
27;2021-07-01;9085;22474;1447434;1009157;52.0;36.3
27;2021-07-02;10557;20964;1457991;1030121;52.4;37.0
27;2021-07-03;4576;9282;1462567;1039403;52.6;37.3
27;2021-07-04;517;1062;1463084;1040465;52.6;37.4
28;2020-12-27;0;0;0;0;0.0;0.0
28;2020-12-28;1;0;1;0;0.0;0.0
28;2020-12-29;2;0;3;0;0.0;0.0
28;2020-12-30;0;0;3;0;0.0;0.0
28;2020-12-31;1;0;4;0;0.0;0.0
28;2021-01-01;2;0;6;0;0.0;0.0
28;2021-01-02;1;0;7;0;0.0;0.0
28;2021-01-03;1;0;8;0;0.0;0.0
28;2021-01-04;16;0;24;0;0.0;0.0
28;2021-01-05;169;0;193;0;0.0;0.0
28;2021-01-06;1393;4;1586;4;0.0;0.0
28;2021-01-07;2600;13;4186;17;0.1;0.0
28;2021-01-08;3428;3;7614;20;0.2;0.0
28;2021-01-09;1331;3;8945;23;0.3;0.0
28;2021-01-10;705;1;9650;24;0.3;0.0
28;2021-01-11;3178;7;12828;31;0.4;0.0
28;2021-01-12;3977;6;16805;37;0.5;0.0
28;2021-01-13;4301;8;21106;45;0.6;0.0
28;2021-01-14;8097;77;29203;122;0.9;0.0
28;2021-01-15;6217;29;35420;151;1.1;0.0
28;2021-01-16;2087;10;37507;161;1.1;0.0
28;2021-01-17;4073;25;41580;186;1.3;0.0
28;2021-01-18;8785;22;50365;208;1.5;0.0
28;2021-01-19;7141;20;57506;228;1.7;0.0
28;2021-01-20;6509;31;64015;259;1.9;0.0
28;2021-01-21;5992;25;70007;284;2.1;0.0
28;2021-01-22;5440;29;75447;313;2.3;0.0
28;2021-01-23;2019;10;77466;323;2.3;0.0
28;2021-01-24;1447;11;78913;334;2.4;0.0
28;2021-01-25;6240;188;85153;522;2.6;0.0
28;2021-01-26;4575;407;89728;929;2.7;0.0
28;2021-01-27;4033;766;93761;1695;2.8;0.1
28;2021-01-28;3755;1051;97516;2746;3.0;0.1
28;2021-01-29;3488;1316;101004;4062;3.1;0.1
28;2021-01-30;1386;518;102390;4580;3.1;0.1
28;2021-01-31;195;128;102585;4708;3.1;0.1
28;2021-02-01;2782;1665;105367;6373;3.2;0.2
28;2021-02-02;2985;2394;108352;8767;3.3;0.3
28;2021-02-03;2948;2673;111300;11440;3.4;0.3
28;2021-02-04;3726;5206;115026;16646;3.5;0.5
28;2021-02-05;3886;4399;118912;21045;3.6;0.6
28;2021-02-06;1140;1554;120052;22599;3.6;0.7
28;2021-02-07;715;1974;120767;24573;3.7;0.7
28;2021-02-08;3801;6859;124568;31432;3.8;1.0
28;2021-02-09;3460;6035;128028;37467;3.9;1.1
28;2021-02-10;3454;5073;131482;42540;4.0;1.3
28;2021-02-11;4210;4904;135692;47444;4.1;1.4
28;2021-02-12;4042;4623;139734;52067;4.2;1.6
28;2021-02-13;1124;1577;140858;53644;4.3;1.6
28;2021-02-14;285;1388;141143;55032;4.3;1.7
28;2021-02-15;2212;6283;143355;61315;4.3;1.9
28;2021-02-16;2655;5669;146010;66984;4.4;2.0
28;2021-02-17;1949;4543;147959;71527;4.5;2.2
28;2021-02-18;2569;4293;150528;75820;4.6;2.3
28;2021-02-19;2548;3721;153076;79541;4.6;2.4
28;2021-02-20;945;1257;154021;80798;4.7;2.4
28;2021-02-21;103;414;154124;81212;4.7;2.5
28;2021-02-22;1667;4236;155791;85448;4.7;2.6
28;2021-02-23;2172;3837;157963;89285;4.8;2.7
28;2021-02-24;2372;3887;160335;93172;4.9;2.8
28;2021-02-25;4772;4199;165107;97371;5.0;2.9
28;2021-02-26;5961;3741;171068;101112;5.2;3.1
28;2021-02-27;3008;1032;174076;102144;5.3;3.1
28;2021-02-28;340;387;174416;102531;5.3;3.1
28;2021-03-01;2527;4644;176943;107175;5.4;3.2
28;2021-03-02;3900;4103;180843;111278;5.5;3.4
28;2021-03-03;4790;3484;185633;114762;5.6;3.5
28;2021-03-04;7304;2880;192937;117642;5.8;3.6
28;2021-03-05;10144;2524;203081;120166;6.1;3.6
28;2021-03-06;9808;799;212889;120965;6.4;3.7
28;2021-03-07;3772;139;216661;121104;6.6;3.7
28;2021-03-08;5866;3287;222527;124391;6.7;3.8
28;2021-03-09;9284;2828;231811;127219;7.0;3.9
28;2021-03-10;9803;2452;241614;129671;7.3;3.9
28;2021-03-11;13960;2037;255574;131708;7.7;4.0
28;2021-03-12;17989;1589;273563;133297;8.3;4.0
28;2021-03-13;11153;538;284716;133835;8.6;4.1
28;2021-03-14;2259;103;286975;133938;8.7;4.1
28;2021-03-15;8647;883;295622;134821;8.9;4.1
28;2021-03-16;7489;1196;303111;136017;9.2;4.1
28;2021-03-17;7719;1215;310830;137232;9.4;4.2
28;2021-03-18;8165;1394;318995;138626;9.7;4.2
28;2021-03-19;11565;1478;330560;140104;10.0;4.2
28;2021-03-20;9670;545;340230;140649;10.3;4.3
28;2021-03-21;2409;26;342639;140675;10.4;4.3
28;2021-03-22;9384;1650;352023;142325;10.7;4.3
28;2021-03-23;12484;1524;364507;143849;11.0;4.4
28;2021-03-24;13256;1620;377763;145469;11.4;4.4
28;2021-03-25;17617;1843;395380;147312;12.0;4.5
28;2021-03-26;20827;1908;416207;149220;12.6;4.5
28;2021-03-27;11498;1136;427705;150356;12.9;4.6
28;2021-03-28;2966;96;430671;150452;13.0;4.6
28;2021-03-29;11768;2968;442439;153420;13.4;4.6
28;2021-03-30;14419;3083;456858;156503;13.8;4.7
28;2021-03-31;14394;3579;471252;160082;14.3;4.8
28;2021-04-01;18035;5524;489287;165606;14.8;5.0
28;2021-04-02;16813;6370;506100;171976;15.3;5.2
28;2021-04-03;7004;3962;513104;175938;15.5;5.3
28;2021-04-04;1778;800;514882;176738;15.6;5.4
28;2021-04-05;3289;739;518171;177477;15.7;5.4
28;2021-04-06;10812;7375;528983;184852;16.0;5.6
28;2021-04-07;12693;6968;541676;191820;16.4;5.8
28;2021-04-08;17673;7543;559349;199363;16.9;6.0
28;2021-04-09;23821;7825;583170;207188;17.7;6.3
28;2021-04-10;13838;4112;597008;211300;18.1;6.4
28;2021-04-11;3027;1188;600035;212488;18.2;6.4
28;2021-04-12;13783;8022;613818;220510;18.6;6.7
28;2021-04-13;16180;8047;629998;228557;19.1;6.9
28;2021-04-14;14318;8022;644316;236579;19.5;7.2
28;2021-04-15;17222;8391;661538;244970;20.0;7.4
28;2021-04-16;20270;7828;681808;252798;20.6;7.7
28;2021-04-17;12747;5035;694555;257833;21.0;7.8
28;2021-04-18;2287;1238;696842;259071;21.1;7.8
28;2021-04-19;10866;8860;707708;267931;21.4;8.1
28;2021-04-20;13899;9771;721607;277702;21.8;8.4
28;2021-04-21;13282;9990;734889;287692;22.2;8.7
28;2021-04-22;15293;11895;750182;299587;22.7;9.1
28;2021-04-23;16429;12298;766611;311885;23.2;9.4
28;2021-04-24;12584;7274;779195;319159;23.6;9.7
28;2021-04-25;3293;1917;782488;321076;23.7;9.7
28;2021-04-26;12535;10177;795023;331253;24.1;10.0
28;2021-04-27;14860;11749;809883;343002;24.5;10.4
28;2021-04-28;15043;10702;824926;353704;25.0;10.7
28;2021-04-29;18451;11785;843377;365489;25.5;11.1
28;2021-04-30;20387;11901;863764;377390;26.1;11.4
28;2021-05-01;12809;2970;876573;380360;26.5;11.5
28;2021-05-02;5991;1836;882564;382196;26.7;11.6
28;2021-05-03;12853;9989;895417;392185;27.1;11.9
28;2021-05-04;13814;13123;909231;405308;27.5;12.3
28;2021-05-05;13940;14473;923171;419781;27.9;12.7
28;2021-05-06;18303;15082;941474;434863;28.5;13.2
28;2021-05-07;17832;17395;959306;452258;29.0;13.7
28;2021-05-08;12623;4708;971929;456966;29.4;13.8
28;2021-05-09;7148;1827;979077;458793;29.6;13.9
28;2021-05-10;14201;14796;993278;473589;30.1;14.3
28;2021-05-11;18106;15323;1011384;488912;30.6;14.8
28;2021-05-12;18789;13967;1030173;502879;31.2;15.2
28;2021-05-13;19678;3733;1049851;506612;31.8;15.3
28;2021-05-14;26359;12515;1076210;519127;32.6;15.7
28;2021-05-15;26938;7109;1103148;526236;33.4;15.9
28;2021-05-16;14144;1581;1117292;527817;33.8;16.0
28;2021-05-17;16214;9448;1133506;537265;34.3;16.3
28;2021-05-18;21092;8781;1154598;546046;35.0;16.5
28;2021-05-19;20903;8510;1175501;554556;35.6;16.8
28;2021-05-20;23141;9676;1198642;564232;36.3;17.1
28;2021-05-21;21447;12093;1220089;576325;36.9;17.4
28;2021-05-22;17594;5996;1237683;582321;37.5;17.6
28;2021-05-23;9136;952;1246819;583273;37.7;17.7
28;2021-05-24;13416;3179;1260235;586452;38.1;17.8
28;2021-05-25;19162;11602;1279397;598054;38.7;18.1
28;2021-05-26;19300;10015;1298697;608069;39.3;18.4
28;2021-05-27;21717;12400;1320414;620469;40.0;18.8
28;2021-05-28;21601;16530;1342015;636999;40.6;19.3
28;2021-05-29;17559;10171;1359574;647170;41.2;19.6
28;2021-05-30;6271;1273;1365845;648443;41.3;19.6
28;2021-05-31;19861;11930;1385706;660373;41.9;20.0
28;2021-06-01;23725;13858;1409431;674231;42.7;20.4
28;2021-06-02;20804;12302;1430235;686533;43.3;20.8
28;2021-06-03;26450;14664;1456685;701197;44.1;21.2
28;2021-06-04;24572;18934;1481257;720131;44.8;21.8
28;2021-06-05;18357;12071;1499614;732202;45.4;22.2
28;2021-06-06;7669;2405;1507283;734607;45.6;22.2
28;2021-06-07;19220;14180;1526503;748787;46.2;22.7
28;2021-06-08;22622;15556;1549125;764343;46.9;23.1
28;2021-06-09;19744;14663;1568869;779006;47.5;23.6
28;2021-06-10;21197;14786;1590066;793792;48.1;24.0
28;2021-06-11;21018;21150;1611084;814942;48.8;24.7
28;2021-06-12;17910;17137;1628994;832079;49.3;25.2
28;2021-06-13;6340;5891;1635334;837970;49.5;25.4
28;2021-06-14;13882;17741;1649216;855711;49.9;25.9
28;2021-06-15;16208;18723;1665424;874434;50.4;26.5
28;2021-06-16;16679;18567;1682103;893001;50.9;27.0
28;2021-06-17;17227;20499;1699330;913500;51.4;27.7
28;2021-06-18;18504;24421;1717834;937921;52.0;28.4
28;2021-06-19;14788;15811;1732622;953732;52.4;28.9
28;2021-06-20;4981;5129;1737603;958861;52.6;29.0
28;2021-06-21;11306;20745;1748909;979606;52.9;29.7
28;2021-06-22;12730;23861;1761639;1003467;53.3;30.4
28;2021-06-23;11895;23591;1773534;1027058;53.7;31.1
28;2021-06-24;12634;24464;1786168;1051522;54.1;31.8
28;2021-06-25;12421;29431;1798589;1080953;54.4;32.7
28;2021-06-26;9204;23410;1807793;1104363;54.7;33.4
28;2021-06-27;2906;10113;1810699;1114476;54.8;33.7
28;2021-06-28;8167;22911;1818866;1137387;55.1;34.4
28;2021-06-29;9785;26124;1828651;1163511;55.4;35.2
28;2021-06-30;11109;24218;1839760;1187729;55.7;36.0
28;2021-07-01;12102;23761;1851862;1211490;56.1;36.7
28;2021-07-02;11039;29677;1862901;1241167;56.4;37.6
28;2021-07-03;8052;21149;1870953;1262316;56.6;38.2
28;2021-07-04;2882;9122;1873835;1271438;56.7;38.5
32;2020-12-27;1;0;1;0;0.0;0.0
32;2020-12-28;27;0;28;0;0.0;0.0
32;2020-12-29;12;0;40;0;0.0;0.0
32;2020-12-30;0;0;40;0;0.0;0.0
32;2020-12-31;0;0;40;0;0.0;0.0
32;2021-01-01;1;0;41;0;0.0;0.0
32;2021-01-02;6;0;47;0;0.0;0.0
32;2021-01-03;4;0;51;0;0.0;0.0
32;2021-01-04;82;0;133;0;0.0;0.0
32;2021-01-05;300;0;433;0;0.0;0.0
32;2021-01-06;787;2;1220;2;0.0;0.0
32;2021-01-07;2431;6;3651;8;0.1;0.0
32;2021-01-08;3167;10;6818;18;0.1;0.0
32;2021-01-09;957;4;7775;22;0.1;0.0
32;2021-01-10;641;0;8416;22;0.1;0.0
32;2021-01-11;3269;9;11685;31;0.2;0.0
32;2021-01-12;5023;8;16708;39;0.3;0.0
32;2021-01-13;4941;12;21649;51;0.4;0.0
32;2021-01-14;5723;49;27372;100;0.5;0.0
32;2021-01-15;5227;32;32599;132;0.5;0.0
32;2021-01-16;1636;12;34235;144;0.6;0.0
32;2021-01-17;860;3;35095;147;0.6;0.0
32;2021-01-18;7234;25;42329;172;0.7;0.0
32;2021-01-19;9899;47;52228;219;0.9;0.0
32;2021-01-20;10367;38;62595;257;1.0;0.0
32;2021-01-21;12715;74;75310;331;1.3;0.0
32;2021-01-22;9883;38;85193;369;1.4;0.0
32;2021-01-23;3412;11;88605;380;1.5;0.0
32;2021-01-24;1119;3;89724;383;1.5;0.0
32;2021-01-25;6867;97;96591;480;1.6;0.0
32;2021-01-26;7446;193;104037;673;1.7;0.0
32;2021-01-27;4837;519;108874;1192;1.8;0.0
32;2021-01-28;8598;1692;117472;2884;2.0;0.0
32;2021-01-29;5384;1862;122856;4746;2.1;0.1
32;2021-01-30;534;413;123390;5159;2.1;0.1
32;2021-01-31;67;75;123457;5234;2.1;0.1
32;2021-02-01;192;1814;123649;7048;2.1;0.1
32;2021-02-02;786;3165;124435;10213;2.1;0.2
32;2021-02-03;4076;3190;128511;13403;2.2;0.2
32;2021-02-04;3686;3616;132197;17019;2.2;0.3
32;2021-02-05;1962;3280;134159;20299;2.2;0.3
32;2021-02-06;517;875;134676;21174;2.3;0.4
32;2021-02-07;541;103;135217;21277;2.3;0.4
32;2021-02-08;1865;3679;137082;24956;2.3;0.4
32;2021-02-09;2550;4360;139632;29316;2.3;0.5
32;2021-02-10;2984;5340;142616;34656;2.4;0.6
32;2021-02-11;4780;6203;147396;40859;2.5;0.7
32;2021-02-12;5091;4705;152487;45564;2.6;0.8
32;2021-02-13;939;1918;153426;47482;2.6;0.8
32;2021-02-14;116;711;153542;48193;2.6;0.8
32;2021-02-15;3615;6926;157157;55119;2.6;0.9
32;2021-02-16;4028;8245;161185;63364;2.7;1.1
32;2021-02-17;4303;8721;165488;72085;2.8;1.2
32;2021-02-18;7041;11407;172529;83492;2.9;1.4
32;2021-02-19;7083;8313;179612;91805;3.0;1.5
32;2021-02-20;2518;3014;182130;94819;3.1;1.6
32;2021-02-21;434;494;182564;95313;3.1;1.6
32;2021-02-22;3262;5334;185826;100647;3.1;1.7
32;2021-02-23;5505;5916;191331;106563;3.2;1.8
32;2021-02-24;7445;6075;198776;112638;3.3;1.9
32;2021-02-25;12832;5042;211608;117680;3.5;2.0
32;2021-02-26;12541;2909;224149;120589;3.8;2.0
32;2021-02-27;6493;329;230642;120918;3.9;2.0
32;2021-02-28;365;134;231007;121052;3.9;2.0
32;2021-03-01;7245;888;238252;121940;4.0;2.0
32;2021-03-02;10963;1011;249215;122951;4.2;2.1
32;2021-03-03;11996;1765;261211;124716;4.4;2.1
32;2021-03-04;15101;2476;276312;127192;4.6;2.1
32;2021-03-05;17126;2143;293438;129335;4.9;2.2
32;2021-03-06;28099;1105;321537;130440;5.4;2.2
32;2021-03-07;19863;534;341400;130974;5.7;2.2
32;2021-03-08;8923;2574;350323;133548;5.9;2.2
32;2021-03-09;14294;3323;364617;136871;6.1;2.3
32;2021-03-10;15771;3262;380388;140133;6.4;2.4
32;2021-03-11;20925;4756;401313;144889;6.7;2.4
32;2021-03-12;26069;4288;427382;149177;7.2;2.5
32;2021-03-13;41622;2088;469004;151265;7.9;2.5
32;2021-03-14;20099;615;489103;151880;8.2;2.5
32;2021-03-15;13055;3617;502158;155497;8.4;2.6
32;2021-03-16;9789;3490;511947;158987;8.6;2.7
32;2021-03-17;9713;4097;521660;163084;8.7;2.7
32;2021-03-18;10015;5023;531675;168107;8.9;2.8
32;2021-03-19;17945;3845;549620;171952;9.2;2.9
32;2021-03-20;36503;2017;586123;173969;9.8;2.9
32;2021-03-21;19839;805;605962;174774;10.2;2.9
32;2021-03-22;12152;4297;618114;179071;10.4;3.0
32;2021-03-23;18924;5922;637038;184993;10.7;3.1
32;2021-03-24;17929;6170;654967;191163;11.0;3.2
32;2021-03-25;25297;5737;680264;196900;11.4;3.3
32;2021-03-26;28987;5936;709251;202836;11.9;3.4
32;2021-03-27;36683;2198;745934;205034;12.5;3.4
32;2021-03-28;18646;659;764580;205693;12.8;3.4
32;2021-03-29;14577;7025;779157;212718;13.1;3.6
32;2021-03-30;18874;8628;798031;221346;13.4;3.7
32;2021-03-31;15795;9307;813826;230653;13.6;3.9
32;2021-04-01;18222;11019;832048;241672;14.0;4.1
32;2021-04-02;19969;12536;852017;254208;14.3;4.3
32;2021-04-03;30032;10175;882049;264383;14.8;4.4
32;2021-04-04;11654;4737;893703;269120;15.0;4.5
32;2021-04-05;9597;2353;903300;271473;15.1;4.6
32;2021-04-06;14275;10846;917575;282319;15.4;4.7
32;2021-04-07;18081;12548;935656;294867;15.7;4.9
32;2021-04-08;23513;12970;959169;307837;16.1;5.2
32;2021-04-09;29949;13148;989118;320985;16.6;5.4
32;2021-04-10;26170;18801;1015288;339786;17.0;5.7
32;2021-04-11;9149;12004;1024437;351790;17.2;5.9
32;2021-04-12;15387;9492;1039824;361282;17.4;6.1
32;2021-04-13;21786;11582;1061610;372864;17.8;6.3
32;2021-04-14;22487;11119;1084097;383983;18.2;6.4
32;2021-04-15;25734;11146;1109831;395129;18.6;6.6
32;2021-04-16;25312;12451;1135143;407580;19.0;6.8
32;2021-04-17;17992;22963;1153135;430543;19.3;7.2
32;2021-04-18;6390;14034;1159525;444577;19.4;7.5
32;2021-04-19;11654;9809;1171179;454386;19.6;7.6
32;2021-04-20;16408;12276;1187587;466662;19.9;7.8
32;2021-04-21;15787;12525;1203374;479187;20.2;8.0
32;2021-04-22;19030;15029;1222404;494216;20.5;8.3
32;2021-04-23;19646;15954;1242050;510170;20.8;8.6
32;2021-04-24;15462;21011;1257512;531181;21.1;8.9
32;2021-04-25;6961;12287;1264473;543468;21.2;9.1
32;2021-04-26;13205;10702;1277678;554170;21.4;9.3
32;2021-04-27;18689;14124;1296367;568294;21.7;9.5
32;2021-04-28;20186;16037;1316553;584331;22.1;9.8
32;2021-04-29;22400;19934;1338953;604265;22.5;10.1
32;2021-04-30;25010;21572;1363963;625837;22.9;10.5
32;2021-05-01;23031;13946;1386994;639783;23.3;10.7
32;2021-05-02;20945;10333;1407939;650116;23.6;10.9
32;2021-05-03;21931;11310;1429870;661426;24.0;11.1
32;2021-05-04;23838;16308;1453708;677734;24.4;11.4
32;2021-05-05;23940;17449;1477648;695183;24.8;11.7
32;2021-05-06;25723;19903;1503371;715086;25.2;12.0
32;2021-05-07;30730;21502;1534101;736588;25.7;12.4
32;2021-05-08;34586;9104;1568687;745692;26.3;12.5
32;2021-05-09;26798;6511;1595485;752203;26.8;12.6
32;2021-05-10;24212;16123;1619697;768326;27.2;12.9
32;2021-05-11;31302;19073;1650999;787399;27.7;13.2
32;2021-05-12;37282;18837;1688281;806236;28.3;13.5
32;2021-05-13;40526;7362;1728807;813598;29.0;13.6
32;2021-05-14;41777;14635;1770584;828233;29.7;13.9
32;2021-05-15;59651;12211;1830235;840444;30.7;14.1
32;2021-05-16;47880;4889;1878115;845333;31.5;14.2
32;2021-05-17;31462;10981;1909577;856314;32.0;14.4
32;2021-05-18;36817;12522;1946394;868836;32.6;14.6
32;2021-05-19;38840;11663;1985234;880499;33.3;14.8
32;2021-05-20;39796;14968;2025030;895467;34.0;15.0
32;2021-05-21;42388;17051;2067418;912518;34.7;15.3
32;2021-05-22;57867;13138;2125285;925656;35.6;15.5
32;2021-05-23;38978;4439;2164263;930095;36.3;15.6
32;2021-05-24;28503;3851;2192766;933946;36.8;15.7
32;2021-05-25;31106;14927;2223872;948873;37.3;15.9
32;2021-05-26;34089;16817;2257961;965690;37.9;16.2
32;2021-05-27;34649;20689;2292610;986379;38.4;16.5
32;2021-05-28;34286;25162;2326896;1011541;39.0;17.0
32;2021-05-29;37427;19627;2364323;1031168;39.7;17.3
32;2021-05-30;16102;3519;2380425;1034687;39.9;17.4
32;2021-05-31;27894;16503;2408319;1051190;40.4;17.6
32;2021-06-01;32767;23963;2441086;1075153;40.9;18.0
32;2021-06-02;32241;21679;2473327;1096832;41.5;18.4
32;2021-06-03;34335;25005;2507662;1121837;42.1;18.8
32;2021-06-04;35879;27663;2543541;1149500;42.7;19.3
32;2021-06-05;34387;22744;2577928;1172244;43.2;19.7
32;2021-06-06;16525;5705;2594453;1177949;43.5;19.8
32;2021-06-07;21172;19383;2615625;1197332;43.9;20.1
32;2021-06-08;26292;24368;2641917;1221700;44.3;20.5
32;2021-06-09;24360;24414;2666277;1246114;44.7;20.9
32;2021-06-10;24958;26497;2691235;1272611;45.1;21.3
32;2021-06-11;26331;36090;2717566;1308701;45.6;21.9
32;2021-06-12;25979;31545;2743545;1340246;46.0;22.5
32;2021-06-13;11804;14816;2755349;1355062;46.2;22.7
32;2021-06-14;13219;28074;2768568;1383136;46.4;23.2
32;2021-06-15;19589;34614;2788157;1417750;46.8;23.8
32;2021-06-16;20491;32471;2808648;1450221;47.1;24.3
32;2021-06-17;21398;34974;2830046;1485195;47.5;24.9
32;2021-06-18;21554;42613;2851600;1527808;47.8;25.6
32;2021-06-19;22586;43836;2874186;1571644;48.2;26.4
32;2021-06-20;9216;19121;2883402;1590765;48.4;26.7
32;2021-06-21;11372;34870;2894774;1625635;48.5;27.3
32;2021-06-22;13683;41808;2908457;1667443;48.8;28.0
32;2021-06-23;14327;43543;2922784;1710986;49.0;28.7
32;2021-06-24;15325;45777;2938109;1756763;49.3;29.5
32;2021-06-25;14731;53411;2952840;1810174;49.5;30.4
32;2021-06-26;14985;59567;2967825;1869741;49.8;31.4
32;2021-06-27;7459;33874;2975284;1903615;49.9;31.9
32;2021-06-28;10361;39053;2985645;1942668;50.1;32.6
32;2021-06-29;13177;44626;2998822;1987294;50.3;33.3
32;2021-06-30;14904;43973;3013726;2031267;50.5;34.1
32;2021-07-01;15434;44734;3029160;2076001;50.8;34.8
32;2021-07-02;16189;52090;3045349;2128091;51.1;35.7
32;2021-07-03;13071;60006;3058420;2188097;51.3;36.7
32;2021-07-04;7776;31690;3066196;2219787;51.4;37.2
44;2020-12-27;0;0;0;0;0.0;0.0
44;2020-12-28;0;0;0;0;0.0;0.0
44;2020-12-29;0;0;0;0;0.0;0.0
44;2020-12-30;1;0;1;0;0.0;0.0
44;2020-12-31;11;0;12;0;0.0;0.0
44;2021-01-01;2;0;14;0;0.0;0.0
44;2021-01-02;3;0;17;0;0.0;0.0
44;2021-01-03;3;0;20;0;0.0;0.0
44;2021-01-04;243;0;263;0;0.0;0.0
44;2021-01-05;771;0;1034;0;0.0;0.0
44;2021-01-06;1246;4;2280;4;0.0;0.0
44;2021-01-07;2426;9;4706;13;0.1;0.0
44;2021-01-08;3133;10;7839;23;0.1;0.0
44;2021-01-09;945;3;8784;26;0.2;0.0
44;2021-01-10;240;0;9024;26;0.2;0.0
44;2021-01-11;2989;9;12013;35;0.2;0.0
44;2021-01-12;5279;10;17292;45;0.3;0.0
44;2021-01-13;7665;21;24957;66;0.5;0.0
44;2021-01-14;9555;84;34512;150;0.6;0.0
44;2021-01-15;6705;32;41217;182;0.7;0.0
44;2021-01-16;1917;11;43134;193;0.8;0.0
44;2021-01-17;902;2;44036;195;0.8;0.0
44;2021-01-18;8717;36;52753;231;1.0;0.0
44;2021-01-19;10668;22;63421;253;1.2;0.0
44;2021-01-20;11030;62;74451;315;1.4;0.0
44;2021-01-21;11733;37;86184;352;1.6;0.0
44;2021-01-22;9634;38;95818;390;1.7;0.0
44;2021-01-23;3287;23;99105;413;1.8;0.0
44;2021-01-24;1568;4;100673;417;1.8;0.0
44;2021-01-25;6660;308;107333;725;1.9;0.0
44;2021-01-26;5643;459;112976;1184;2.0;0.0
44;2021-01-27;7379;622;120355;1806;2.2;0.0
44;2021-01-28;8831;1259;129186;3065;2.3;0.1
44;2021-01-29;6759;1812;135945;4877;2.5;0.1
44;2021-01-30;2549;496;138494;5373;2.5;0.1
44;2021-01-31;1252;55;139746;5428;2.5;0.1
44;2021-02-01;6386;2384;146132;7812;2.7;0.1
44;2021-02-02;6214;3821;152346;11633;2.8;0.2
44;2021-02-03;5599;4550;157945;16183;2.9;0.3
44;2021-02-04;6455;6970;164400;23153;3.0;0.4
44;2021-02-05;6393;5238;170793;28391;3.1;0.5
44;2021-02-06;1972;1206;172765;29597;3.1;0.5
44;2021-02-07;406;595;173171;30192;3.1;0.5
44;2021-02-08;3824;4469;176995;34661;3.2;0.6
44;2021-02-09;5719;5847;182714;40508;3.3;0.7
44;2021-02-10;6252;6028;188966;46536;3.4;0.8
44;2021-02-11;7063;6572;196029;53108;3.6;1.0
44;2021-02-12;7278;5561;203307;58669;3.7;1.1
44;2021-02-13;2545;1261;205852;59930;3.7;1.1
44;2021-02-14;1612;825;207464;60755;3.8;1.1
44;2021-02-15;4003;7213;211467;67968;3.8;1.2
44;2021-02-16;4564;7950;216031;75918;3.9;1.4
44;2021-02-17;4711;8495;220742;84413;4.0;1.5
44;2021-02-18;6066;9260;226808;93673;4.1;1.7
44;2021-02-19;5546;7510;232354;101183;4.2;1.8
44;2021-02-20;2339;2844;234693;104027;4.3;1.9
44;2021-02-21;542;1402;235235;105429;4.3;1.9
44;2021-02-22;4487;7024;239722;112453;4.3;2.0
44;2021-02-23;6027;7261;245749;119714;4.5;2.2
44;2021-02-24;6603;5935;252352;125649;4.6;2.3
44;2021-02-25;10533;7551;262885;133200;4.8;2.4
44;2021-02-26;12375;6374;275260;139574;5.0;2.5
44;2021-02-27;7889;2171;283149;141745;5.1;2.6
44;2021-02-28;2118;518;285267;142263;5.2;2.6
44;2021-03-01;6079;4680;291346;146943;5.3;2.7
44;2021-03-02;9391;5676;300737;152619;5.5;2.8
44;2021-03-03;11268;5613;312005;158232;5.7;2.9
44;2021-03-04;13264;5814;325269;164046;5.9;3.0
44;2021-03-05;17888;5718;343157;169764;6.2;3.1
44;2021-03-06;21356;2185;364513;171949;6.6;3.1
44;2021-03-07;12203;760;376716;172709;6.8;3.1
44;2021-03-08;9412;4277;386128;176986;7.0;3.2
44;2021-03-09;15196;5000;401324;181986;7.3;3.3
44;2021-03-10;16601;5205;417925;187191;7.6;3.4
44;2021-03-11;20348;5690;438273;192881;8.0;3.5
44;2021-03-12;26811;5546;465084;198427;8.4;3.6
44;2021-03-13;24218;2438;489302;200865;8.9;3.6
44;2021-03-14;6765;890;496067;201755;9.0;3.7
44;2021-03-15;12954;3479;509021;205234;9.2;3.7
44;2021-03-16;12838;3979;521859;209213;9.5;3.8
44;2021-03-17;14193;3658;536052;212871;9.7;3.9
44;2021-03-18;15408;3802;551460;216673;10.0;3.9
44;2021-03-19;21415;3938;572875;220611;10.4;4.0
44;2021-03-20;15565;1965;588440;222576;10.7;4.0
44;2021-03-21;4619;293;593059;222869;10.8;4.0
44;2021-03-22;12522;3941;605581;226810;11.0;4.1
44;2021-03-23;19444;5083;625025;231893;11.3;4.2
44;2021-03-24;22048;5212;647073;237105;11.7;4.3
44;2021-03-25;28201;5796;675274;242901;12.3;4.4
44;2021-03-26;30429;5503;705703;248404;12.8;4.5
44;2021-03-27;16230;4703;721933;253107;13.1;4.6
44;2021-03-28;4078;1975;726011;255082;13.2;4.6
44;2021-03-29;14308;6137;740319;261219;13.4;4.7
44;2021-03-30;21407;7831;761726;269050;13.8;4.9
44;2021-03-31;20121;7996;781847;277046;14.2;5.0
44;2021-04-01;23567;9335;805414;286381;14.6;5.2
44;2021-04-02;16239;6913;821653;293294;14.9;5.3
44;2021-04-03;10189;5770;831842;299064;15.1;5.4
44;2021-04-04;3134;1652;834976;300716;15.1;5.5
44;2021-04-05;4424;1413;839400;302129;15.2;5.5
44;2021-04-06;13420;10549;852820;312678;15.5;5.7
44;2021-04-07;17664;12104;870484;324782;15.8;5.9
44;2021-04-08;26023;12409;896507;337191;16.3;6.1
44;2021-04-09;32257;12749;928764;349940;16.9;6.3
44;2021-04-10;18268;10057;947032;359997;17.2;6.5
44;2021-04-11;3029;5954;950061;365951;17.2;6.6
44;2021-04-12;16954;11237;967015;377188;17.5;6.8
44;2021-04-13;21977;13770;988992;390958;17.9;7.1
44;2021-04-14;23120;14077;1012112;405035;18.4;7.3
44;2021-04-15;26286;15361;1038398;420396;18.8;7.6
44;2021-04-16;28104;15215;1066502;435611;19.3;7.9
44;2021-04-17;19827;9048;1086329;444659;19.7;8.1
44;2021-04-18;5052;4632;1091381;449291;19.8;8.2
44;2021-04-19;16925;11737;1108306;461028;20.1;8.4
44;2021-04-20;19109;14287;1127415;475315;20.5;8.6
44;2021-04-21;21138;14983;1148553;490298;20.8;8.9
44;2021-04-22;23699;15880;1172252;506178;21.3;9.2
44;2021-04-23;27809;16581;1200061;522759;21.8;9.5
44;2021-04-24;16976;9154;1217037;531913;22.1;9.7
44;2021-04-25;4827;3561;1221864;535474;22.2;9.7
44;2021-04-26;16703;12015;1238567;547489;22.5;9.9
44;2021-04-27;21152;14605;1259719;562094;22.9;10.2
44;2021-04-28;23789;14824;1283508;576918;23.3;10.5
44;2021-04-29;28153;17008;1311661;593926;23.8;10.8
44;2021-04-30;33110;16064;1344771;609990;24.4;11.1
44;2021-05-01;14846;7019;1359617;617009;24.7;11.2
44;2021-05-02;7903;3992;1367520;621001;24.8;11.3
44;2021-05-03;24006;12358;1391526;633359;25.2;11.5
44;2021-05-04;26960;17270;1418486;650629;25.7;11.8
44;2021-05-05;30805;19151;1449291;669780;26.3;12.2
44;2021-05-06;37981;21087;1487272;690867;27.0;12.5
44;2021-05-07;36127;24774;1523399;715641;27.6;13.0
44;2021-05-08;19564;6707;1542963;722348;28.0;13.1
44;2021-05-09;11302;2904;1554265;725252;28.2;13.2
44;2021-05-10;24490;20752;1578755;746004;28.6;13.5
44;2021-05-11;34418;22882;1613173;768886;29.3;13.9
44;2021-05-12;37116;23992;1650289;792878;29.9;14.4
44;2021-05-13;27880;6369;1678169;799247;30.4;14.5
44;2021-05-14;44195;18883;1722364;818130;31.2;14.8
44;2021-05-15;34025;14081;1756389;832211;31.9;15.1
44;2021-05-16;15603;3507;1771992;835718;32.1;15.2
44;2021-05-17;27199;14520;1799191;850238;32.6;15.4
44;2021-05-18;35274;15263;1834465;865501;33.3;15.7
44;2021-05-19;36915;16379;1871380;881880;34.0;16.0
44;2021-05-20;40916;16456;1912296;898336;34.7;16.3
44;2021-05-21;42899;20892;1955195;919228;35.5;16.7
44;2021-05-22;27754;11592;1982949;930820;36.0;16.9
44;2021-05-23;8689;1715;1991638;932535;36.1;16.9
44;2021-05-24;17936;4669;2009574;937204;36.5;17.0
44;2021-05-25;30248;17594;2039822;954798;37.0;17.3
44;2021-05-26;32420;19482;2072242;974280;37.6;17.7
44;2021-05-27;34526;20829;2106768;995109;38.2;18.1
44;2021-05-28;37491;27785;2144259;1022894;38.9;18.6
44;2021-05-29;26786;20110;2171045;1043004;39.4;18.9
44;2021-05-30;6124;4206;2177169;1047210;39.5;19.0
44;2021-05-31;26992;19672;2204161;1066882;40.0;19.4
44;2021-06-01;31530;22850;2235691;1089732;40.6;19.8
44;2021-06-02;33579;22873;2269270;1112605;41.2;20.2
44;2021-06-03;34575;25243;2303845;1137848;41.8;20.6
44;2021-06-04;39963;32127;2343808;1169975;42.5;21.2
44;2021-06-05;23047;20115;2366855;1190090;42.9;21.6
44;2021-06-06;8322;4447;2375177;1194537;43.1;21.7
44;2021-06-07;28091;22065;2403268;1216602;43.6;22.1
44;2021-06-08;33040;26666;2436308;1243268;44.2;22.6
44;2021-06-09;35612;24868;2471920;1268136;44.8;23.0
44;2021-06-10;34569;25602;2506489;1293738;45.5;23.5
44;2021-06-11;32332;35380;2538821;1329118;46.1;24.1
44;2021-06-12;25682;23441;2564503;1352559;46.5;24.5
44;2021-06-13;6768;6061;2571271;1358620;46.7;24.6
44;2021-06-14;17590;29554;2588861;1388174;47.0;25.2
44;2021-06-15;23575;34964;2612436;1423138;47.4;25.8
44;2021-06-16;24280;36599;2636716;1459737;47.8;26.5
44;2021-06-17;23757;39249;2660473;1498986;48.3;27.2
44;2021-06-18;26423;42971;2686896;1541957;48.7;28.0
44;2021-06-19;21002;28192;2707898;1570149;49.1;28.5
44;2021-06-20;3669;6647;2711567;1576796;49.2;28.6
44;2021-06-21;14784;34029;2726351;1610825;49.5;29.2
44;2021-06-22;15428;41547;2741779;1652372;49.7;30.0
44;2021-06-23;20058;41321;2761837;1693693;50.1;30.7
44;2021-06-24;16535;34215;2778372;1727908;50.4;31.3
44;2021-06-25;18865;49428;2797237;1777336;50.8;32.2
44;2021-06-26;14147;37328;2811384;1814664;51.0;32.9
44;2021-06-27;3410;11539;2814794;1826203;51.1;33.1
44;2021-06-28;11372;37396;2826166;1863599;51.3;33.8
44;2021-06-29;11851;41793;2838017;1905392;51.5;34.6
44;2021-06-30;14551;43287;2852568;1948679;51.8;35.4
44;2021-07-01;15316;39423;2867884;1988102;52.0;36.1
44;2021-07-02;16144;51485;2884028;2039587;52.3;37.0
44;2021-07-03;13064;31124;2897092;2070711;52.6;37.6
44;2021-07-04;3072;8694;2900164;2079405;52.6;37.7
52;2020-12-27;0;0;0;0;0.0;0.0
52;2020-12-28;1;0;1;0;0.0;0.0
52;2020-12-29;0;0;1;0;0.0;0.0
52;2020-12-30;0;0;1;0;0.0;0.0
52;2020-12-31;0;0;1;0;0.0;0.0
52;2021-01-01;5;0;6;0;0.0;0.0
52;2021-01-02;1;0;7;0;0.0;0.0
52;2021-01-03;1;0;8;0;0.0;0.0
52;2021-01-04;34;0;42;0;0.0;0.0
52;2021-01-05;168;1;210;1;0.0;0.0
52;2021-01-06;384;3;594;4;0.0;0.0
52;2021-01-07;964;0;1558;4;0.0;0.0
52;2021-01-08;1664;4;3222;8;0.1;0.0
52;2021-01-09;1049;4;4271;12;0.1;0.0
52;2021-01-10;643;1;4914;13;0.1;0.0
52;2021-01-11;2197;4;7111;17;0.2;0.0
52;2021-01-12;3170;10;10281;27;0.3;0.0
52;2021-01-13;2983;12;13264;39;0.3;0.0
52;2021-01-14;3304;26;16568;65;0.4;0.0
52;2021-01-15;3016;11;19584;76;0.5;0.0
52;2021-01-16;894;6;20478;82;0.5;0.0
52;2021-01-17;499;4;20977;86;0.6;0.0
52;2021-01-18;3199;12;24176;98;0.6;0.0
52;2021-01-19;6555;13;30731;111;0.8;0.0
52;2021-01-20;8336;17;39067;128;1.0;0.0
52;2021-01-21;12167;22;51234;150;1.3;0.0
52;2021-01-22;7273;36;58507;186;1.5;0.0
52;2021-01-23;1677;9;60184;195;1.6;0.0
52;2021-01-24;174;0;60358;195;1.6;0.0
52;2021-01-25;3006;18;63364;213;1.7;0.0
52;2021-01-26;6736;156;70100;369;1.8;0.0
52;2021-01-27;7284;158;77384;527;2.0;0.0
52;2021-01-28;9728;475;87112;1002;2.3;0.0
52;2021-01-29;5957;915;93069;1917;2.4;0.1
52;2021-01-30;1259;274;94328;2191;2.5;0.1
52;2021-01-31;79;314;94407;2505;2.5;0.1
52;2021-02-01;2521;1191;96928;3696;2.5;0.1
52;2021-02-02;2970;1862;99898;5558;2.6;0.1
52;2021-02-03;2686;2158;102584;7716;2.7;0.2
52;2021-02-04;2963;2121;105547;9837;2.8;0.3
52;2021-02-05;2965;2216;108512;12053;2.9;0.3
52;2021-02-06;1075;665;109587;12718;2.9;0.3
52;2021-02-07;151;297;109738;13015;2.9;0.3
52;2021-02-08;1929;2119;111667;15134;2.9;0.4
52;2021-02-09;3174;3728;114841;18862;3.0;0.5
52;2021-02-10;3318;4770;118159;23632;3.1;0.6
52;2021-02-11;6099;9302;124258;32934;3.3;0.9
52;2021-02-12;4704;5156;128962;38090;3.4;1.0
52;2021-02-13;1150;1247;130112;39337;3.4;1.0
52;2021-02-14;22;541;130134;39878;3.4;1.0
52;2021-02-15;2030;3528;132164;43406;3.5;1.1
52;2021-02-16;4118;6761;136282;50167;3.6;1.3
52;2021-02-17;3874;6938;140156;57105;3.7;1.5
52;2021-02-18;6140;9299;146296;66404;3.8;1.7
52;2021-02-19;5331;5848;151627;72252;4.0;1.9
52;2021-02-20;1028;1469;152655;73721;4.0;1.9
52;2021-02-21;7;274;152662;73995;4.0;1.9
52;2021-02-22;2646;3486;155308;77481;4.1;2.0
52;2021-02-23;3424;3696;158732;81177;4.2;2.1
52;2021-02-24;3305;3046;162037;84223;4.3;2.2
52;2021-02-25;6344;3218;168381;87441;4.4;2.3
52;2021-02-26;6214;2928;174595;90369;4.6;2.4
52;2021-02-27;2216;1048;176811;91417;4.7;2.4
52;2021-02-28;76;89;176887;91506;4.7;2.4
52;2021-03-01;3114;2335;180001;93841;4.7;2.5
52;2021-03-02;4723;3438;184724;97279;4.9;2.6
52;2021-03-03;5281;3415;190005;100694;5.0;2.6
52;2021-03-04;7791;4783;197796;105477;5.2;2.8
52;2021-03-05;9006;3948;206802;109425;5.4;2.9
52;2021-03-06;5637;1164;212439;110589;5.6;2.9
52;2021-03-07;2661;141;215100;110730;5.7;2.9
52;2021-03-08;5844;2419;220944;113149;5.8;3.0
52;2021-03-09;9547;3338;230491;116487;6.1;3.1
52;2021-03-10;9388;3407;239879;119894;6.3;3.2
52;2021-03-11;13572;5075;253451;124969;6.7;3.3
52;2021-03-12;15329;3762;268780;128731;7.1;3.4
52;2021-03-13;8287;767;277067;129498;7.3;3.4
52;2021-03-14;624;72;277691;129570;7.3;3.4
52;2021-03-15;8832;1938;286523;131508;7.5;3.5
52;2021-03-16;7573;2626;294096;134134;7.7;3.5
52;2021-03-17;6456;2393;300552;136527;7.9;3.6
52;2021-03-18;8303;2531;308855;139058;8.1;3.7
52;2021-03-19;11890;2157;320745;141215;8.4;3.7
52;2021-03-20;7085;768;327830;141983;8.6;3.7
52;2021-03-21;1689;51;329519;142034;8.7;3.7
52;2021-03-22;9013;2026;338532;144060;8.9;3.8
52;2021-03-23;13180;2609;351712;146669;9.3;3.9
52;2021-03-24;13256;2050;364968;148719;9.6;3.9
52;2021-03-25;18198;2817;383166;151536;10.1;4.0
52;2021-03-26;18930;2399;402096;153935;10.6;4.0
52;2021-03-27;7552;659;409648;154594;10.8;4.1
52;2021-03-28;2194;70;411842;154664;10.8;4.1
52;2021-03-29;10970;2731;422812;157395;11.1;4.1
52;2021-03-30;15679;3623;438491;161018;11.5;4.2
52;2021-03-31;13687;3292;452178;164310;11.9;4.3
52;2021-04-01;18868;3704;471046;168014;12.4;4.4
52;2021-04-02;17083;3528;488129;171542;12.8;4.5
52;2021-04-03;5515;1194;493644;172736;13.0;4.5
52;2021-04-04;1324;51;494968;172787;13.0;4.5
52;2021-04-05;1785;538;496753;173325;13.1;4.6
52;2021-04-06;11786;5261;508539;178586;13.4;4.7
52;2021-04-07;15187;5701;523726;184287;13.8;4.8
52;2021-04-08;21235;6388;544961;190675;14.3;5.0
52;2021-04-09;26660;5312;571621;195987;15.0;5.2
52;2021-04-10;10124;2369;581745;198356;15.3;5.2
52;2021-04-11;2569;434;584314;198790;15.4;5.2
52;2021-04-12;16329;6569;600643;205359;15.8;5.4
52;2021-04-13;20732;8175;621375;213534;16.3;5.6
52;2021-04-14;17657;6922;639032;220456;16.8;5.8
52;2021-04-15;21153;8022;660185;228478;17.4;6.0
52;2021-04-16;22588;7478;682773;235956;18.0;6.2
52;2021-04-17;9978;3039;692751;238995;18.2;6.3
52;2021-04-18;3037;1307;695788;240302;18.3;6.3
52;2021-04-19;14172;7813;709960;248115;18.7;6.5
52;2021-04-20;18261;9399;728221;257514;19.2;6.8
52;2021-04-21;15981;9182;744202;266696;19.6;7.0
52;2021-04-22;19420;10159;763622;276855;20.1;7.3
52;2021-04-23;20517;9968;784139;286823;20.6;7.5
52;2021-04-24;10021;4981;794160;291804;20.9;7.7
52;2021-04-25;3979;1951;798139;293755;21.0;7.7
52;2021-04-26;16823;9903;814962;303658;21.4;8.0
52;2021-04-27;21061;12564;836023;316222;22.0;8.3
52;2021-04-28;22757;10673;858780;326895;22.6;8.6
52;2021-04-29;25001;12676;883781;339571;23.2;8.9
52;2021-04-30;25640;12493;909421;352064;23.9;9.3
52;2021-05-01;8618;2480;918039;354544;24.1;9.3
52;2021-05-02;4300;1270;922339;355814;24.3;9.4
52;2021-05-03;19061;10616;941400;366430;24.8;9.6
52;2021-05-04;20063;14395;961463;380825;25.3;10.0
52;2021-05-05;20850;12758;982313;393583;25.8;10.4
52;2021-05-06;22461;13833;1004774;407416;26.4;10.7
52;2021-05-07;20689;18002;1025463;425418;27.0;11.2
52;2021-05-08;11227;2087;1036690;427505;27.3;11.2
52;2021-05-09;5406;2226;1042096;429731;27.4;11.3
52;2021-05-10;20781;17266;1062877;446997;28.0;11.8
52;2021-05-11;24880;19533;1087757;466530;28.6;12.3
52;2021-05-12;24791;17085;1112548;483615;29.3;12.7
52;2021-05-13;18578;2745;1131126;486360;29.8;12.8
52;2021-05-14;22746;12420;1153872;498780;30.4;13.1
52;2021-05-15;15651;5213;1169523;503993;30.8;13.3
52;2021-05-16;10289;1161;1179812;505154;31.0;13.3
52;2021-05-17;21125;14631;1200937;519785;31.6;13.7
52;2021-05-18;24827;14983;1225764;534768;32.2;14.1
52;2021-05-19;26819;11437;1252583;546205;32.9;14.4
52;2021-05-20;29345;12012;1281928;558217;33.7;14.7
52;2021-05-21;27364;13842;1309292;572059;34.4;15.0
52;2021-05-22;15424;4717;1324716;576776;34.8;15.2
52;2021-05-23;4478;1141;1329194;577917;35.0;15.2
52;2021-05-24;16022;2766;1345216;580683;35.4;15.3
52;2021-05-25;24428;14523;1369644;595206;36.0;15.7
52;2021-05-26;25177;12643;1394821;607849;36.7;16.0
52;2021-05-27;29077;14801;1423898;622650;37.5;16.4
52;2021-05-28;27914;17833;1451812;640483;38.2;16.8
52;2021-05-29;18339;7770;1470151;648253;38.7;17.1
52;2021-05-30;4231;1713;1474382;649966;38.8;17.1
52;2021-05-31;24413;15859;1498795;665825;39.4;17.5
52;2021-06-01;28812;17789;1527607;683614;40.2;18.0
52;2021-06-02;27473;15196;1555080;698810;40.9;18.4
52;2021-06-03;31722;16265;1586802;715075;41.7;18.8
52;2021-06-04;29216;20717;1616018;735792;42.5;19.4
52;2021-06-05;14539;11778;1630557;747570;42.9;19.7
52;2021-06-06;4781;3524;1635338;751094;43.0;19.8
52;2021-06-07;21706;20888;1657044;771982;43.6;20.3
52;2021-06-08;26443;22036;1683487;794018;44.3;20.9
52;2021-06-09;25654;18631;1709141;812649;45.0;21.4
52;2021-06-10;28723;17609;1737864;830258;45.7;21.8
52;2021-06-11;26960;24329;1764824;854587;46.4;22.5
52;2021-06-12;14594;11848;1779418;866435;46.8;22.8
52;2021-06-13;4383;4525;1783801;870960;46.9;22.9
52;2021-06-14;17603;25422;1801404;896382;47.4;23.6
52;2021-06-15;23693;25341;1825097;921723;48.0;24.2
52;2021-06-16;23274;22489;1848371;944212;48.6;24.8
52;2021-06-17;25906;23102;1874277;967314;49.3;25.4
52;2021-06-18;23239;28744;1897516;996058;49.9;26.2
52;2021-06-19;12434;14246;1909950;1010304;50.2;26.6
52;2021-06-20;3014;4418;1912964;1014722;50.3;26.7
52;2021-06-21;14815;28899;1927779;1043621;50.7;27.5
52;2021-06-22;17378;31793;1945157;1075414;51.2;28.3
52;2021-06-23;18406;27008;1963563;1102422;51.6;29.0
52;2021-06-24;20979;24096;1984542;1126518;52.2;29.6
52;2021-06-25;16622;31283;2001164;1157801;52.6;30.5
52;2021-06-26;8436;18092;2009600;1175893;52.9;30.9
52;2021-06-27;1335;7441;2010935;1183334;52.9;31.1
52;2021-06-28;10617;31133;2021552;1214467;53.2;31.9
52;2021-06-29;13431;34478;2034983;1248945;53.5;32.9
52;2021-06-30;13633;29005;2048616;1277950;53.9;33.6
52;2021-07-01;15949;29841;2064565;1307791;54.3;34.4
52;2021-07-02;14751;34376;2079316;1342167;54.7;35.3
52;2021-07-03;7222;19323;2086538;1361490;54.9;35.8
52;2021-07-04;1695;5311;2088233;1366801;54.9;36.0
53;2020-12-27;0;0;0;0;0.0;0.0
53;2020-12-28;1;0;1;0;0.0;0.0
53;2020-12-29;0;0;1;0;0.0;0.0
53;2020-12-30;0;0;1;0;0.0;0.0
53;2020-12-31;0;0;1;0;0.0;0.0
53;2021-01-01;3;0;4;0;0.0;0.0
53;2021-01-02;4;0;8;0;0.0;0.0
53;2021-01-03;1;0;9;0;0.0;0.0
53;2021-01-04;43;0;52;0;0.0;0.0
53;2021-01-05;200;0;252;0;0.0;0.0
53;2021-01-06;331;3;583;3;0.0;0.0
53;2021-01-07;835;2;1418;5;0.0;0.0
53;2021-01-08;1214;3;2632;8;0.1;0.0
53;2021-01-09;34;0;2666;8;0.1;0.0
53;2021-01-10;4;0;2670;8;0.1;0.0
53;2021-01-11;1662;3;4332;11;0.1;0.0
53;2021-01-12;3381;2;7713;13;0.2;0.0
53;2021-01-13;3355;7;11068;20;0.3;0.0
53;2021-01-14;3812;31;14880;51;0.4;0.0
53;2021-01-15;3298;20;18178;71;0.5;0.0
53;2021-01-16;684;4;18862;75;0.6;0.0
53;2021-01-17;180;2;19042;77;0.6;0.0
53;2021-01-18;3363;8;22405;85;0.7;0.0
53;2021-01-19;8178;13;30583;98;0.9;0.0
53;2021-01-20;7060;8;37643;106;1.1;0.0
53;2021-01-21;11489;11;49132;117;1.5;0.0
53;2021-01-22;7818;19;56950;136;1.7;0.0
53;2021-01-23;1492;2;58442;138;1.7;0.0
53;2021-01-24;255;1;58697;139;1.8;0.0
53;2021-01-25;3056;39;61753;178;1.8;0.0
53;2021-01-26;4114;233;65867;411;2.0;0.0
53;2021-01-27;7238;331;73105;742;2.2;0.0
53;2021-01-28;7135;653;80240;1395;2.4;0.0
53;2021-01-29;4231;736;84471;2131;2.5;0.1
53;2021-01-30;844;46;85315;2177;2.6;0.1
53;2021-01-31;79;3;85394;2180;2.6;0.1
53;2021-02-01;2211;1030;87605;3210;2.6;0.1
53;2021-02-02;3436;2018;91041;5228;2.7;0.2
53;2021-02-03;3175;2194;94216;7422;2.8;0.2
53;2021-02-04;7097;2269;101313;9691;3.0;0.3
53;2021-02-05;5586;2138;106899;11829;3.2;0.4
53;2021-02-06;1202;280;108101;12109;3.2;0.4
53;2021-02-07;214;131;108315;12240;3.2;0.4
53;2021-02-08;1651;1534;109966;13774;3.3;0.4
53;2021-02-09;3978;5257;113944;19031;3.4;0.6
53;2021-02-10;3792;4657;117736;23688;3.5;0.7
53;2021-02-11;5737;8793;123473;32481;3.7;1.0
53;2021-02-12;5661;5264;129134;37745;3.9;1.1
53;2021-02-13;1232;854;130366;38599;3.9;1.2
53;2021-02-14;25;348;130391;38947;3.9;1.2
53;2021-02-15;2325;3584;132716;42531;4.0;1.3
53;2021-02-16;4052;3568;136768;46099;4.1;1.4
53;2021-02-17;4075;5399;140843;51498;4.2;1.5
53;2021-02-18;5952;5753;146795;57251;4.4;1.7
53;2021-02-19;5355;4890;152150;62141;4.6;1.9
53;2021-02-20;1189;892;153339;63033;4.6;1.9
53;2021-02-21;166;218;153505;63251;4.6;1.9
53;2021-02-22;2319;2836;155824;66087;4.7;2.0
53;2021-02-23;3947;3671;159771;69758;4.8;2.1
53;2021-02-24;4473;3790;164244;73548;4.9;2.2
53;2021-02-25;7949;7140;172193;80688;5.2;2.4
53;2021-02-26;8676;4415;180869;85103;5.4;2.5
53;2021-02-27;3448;1106;184317;86209;5.5;2.6
53;2021-02-28;228;194;184545;86403;5.5;2.6
53;2021-03-01;3479;2270;188024;88673;5.6;2.7
53;2021-03-02;5617;4467;193641;93140;5.8;2.8
53;2021-03-03;6444;3787;200085;96927;6.0;2.9
53;2021-03-04;9289;4923;209374;101850;6.3;3.0
53;2021-03-05;11911;5222;221285;107072;6.6;3.2
53;2021-03-06;5638;1023;226923;108095;6.8;3.2
53;2021-03-07;913;146;227836;108241;6.8;3.2
53;2021-03-08;5165;2213;233001;110454;7.0;3.3
53;2021-03-09;9663;2943;242664;113397;7.3;3.4
53;2021-03-10;9276;3376;251940;116773;7.5;3.5
53;2021-03-11;14302;4057;266242;120830;8.0;3.6
53;2021-03-12;18600;3268;284842;124098;8.5;3.7
53;2021-03-13;8810;954;293652;125052;8.8;3.7
53;2021-03-14;812;50;294464;125102;8.8;3.7
53;2021-03-15;6893;2038;301357;127140;9.0;3.8
53;2021-03-16;6984;3391;308341;130531;9.2;3.9
53;2021-03-17;8226;2813;316567;133344;9.5;4.0
53;2021-03-18;8716;4659;325283;138003;9.7;4.1
53;2021-03-19;12991;3629;338274;141632;10.1;4.2
53;2021-03-20;7127;822;345401;142454;10.3;4.3
53;2021-03-21;383;32;345784;142486;10.4;4.3
53;2021-03-22;7346;2164;353130;144650;10.6;4.3
53;2021-03-23;12989;3666;366119;148316;11.0;4.4
53;2021-03-24;14403;3235;380522;151551;11.4;4.5
53;2021-03-25;18287;3373;398809;154924;11.9;4.6
53;2021-03-26;20321;3212;419130;158136;12.5;4.7
53;2021-03-27;7406;1016;426536;159152;12.8;4.8
53;2021-03-28;528;87;427064;159239;12.8;4.8
53;2021-03-29;9800;3159;436864;162398;13.1;4.9
53;2021-03-30;15313;4598;452177;166996;13.5;5.0
53;2021-03-31;14150;4272;466327;171268;14.0;5.1
53;2021-04-01;18198;4273;484525;175541;14.5;5.3
53;2021-04-02;17897;4357;502422;179898;15.0;5.4
53;2021-04-03;6439;1429;508861;181327;15.2;5.4
53;2021-04-04;414;33;509275;181360;15.2;5.4
53;2021-04-05;1234;339;510509;181699;15.3;5.4
53;2021-04-06;12527;5668;523036;187367;15.7;5.6
53;2021-04-07;15021;5332;538057;192699;16.1;5.8
53;2021-04-08;20699;6091;558756;198790;16.7;6.0
53;2021-04-09;26673;5574;585429;204364;17.5;6.1
53;2021-04-10;10349;1722;595778;206086;17.8;6.2
53;2021-04-11;817;213;596595;206299;17.9;6.2
53;2021-04-12;15833;4911;612428;211210;18.3;6.3
53;2021-04-13;22695;7253;635123;218463;19.0;6.5
53;2021-04-14;19354;7928;654477;226391;19.6;6.8
53;2021-04-15;25366;8060;679843;234451;20.4;7.0
53;2021-04-16;26182;7537;706025;241988;21.1;7.2
53;2021-04-17;10400;3585;716425;245573;21.4;7.4
53;2021-04-18;1033;149;717458;245722;21.5;7.4
53;2021-04-19;15404;6534;732862;252256;21.9;7.6
53;2021-04-20;16921;9524;749783;261780;22.4;7.8
53;2021-04-21;16745;9451;766528;271231;22.9;8.1
53;2021-04-22;21755;10182;788283;281413;23.6;8.4
53;2021-04-23;21655;10079;809938;291492;24.2;8.7
53;2021-04-24;9987;4169;819925;295661;24.5;8.9
53;2021-04-25;911;334;820836;295995;24.6;8.9
53;2021-04-26;18231;8483;839067;304478;25.1;9.1
53;2021-04-27;19855;12059;858922;316537;25.7;9.5
53;2021-04-28;19946;10815;878868;327352;26.3;9.8
53;2021-04-29;23557;12281;902425;339633;27.0;10.2
53;2021-04-30;23903;12441;926328;352074;27.7;10.5
53;2021-05-01;5124;1644;931452;353718;27.9;10.6
53;2021-05-02;2797;521;934249;354239;28.0;10.6
53;2021-05-03;15712;9370;949961;363609;28.4;10.9
53;2021-05-04;15688;15801;965649;379410;28.9;11.4
53;2021-05-05;14938;14687;980587;394097;29.4;11.8
53;2021-05-06;19256;17836;999843;411933;29.9;12.3
53;2021-05-07;18641;18206;1018484;430139;30.5;12.9
53;2021-05-08;5486;1123;1023970;431262;30.7;12.9
53;2021-05-09;3512;860;1027482;432122;30.8;12.9
53;2021-05-10;16678;15215;1044160;447337;31.3;13.4
53;2021-05-11;18670;18712;1062830;466049;31.8;14.0
53;2021-05-12;21193;15623;1084023;481672;32.5;14.4
53;2021-05-13;9026;3952;1093049;485624;32.7;14.5
53;2021-05-14;21714;13719;1114763;499343;33.4;14.9
53;2021-05-15;13429;5339;1128192;504682;33.8;15.1
53;2021-05-16;3224;876;1131416;505558;33.9;15.1
53;2021-05-17;18186;11166;1149602;516724;34.4;15.5
53;2021-05-18;21041;12407;1170643;529131;35.0;15.8
53;2021-05-19;21668;10626;1192311;539757;35.7;16.2
53;2021-05-20;23937;14717;1216248;554474;36.4;16.6
53;2021-05-21;22926;15220;1239174;569694;37.1;17.1
53;2021-05-22;13193;5842;1252367;575536;37.5;17.2
53;2021-05-23;2994;313;1255361;575849;37.6;17.2
53;2021-05-24;13987;2494;1269348;578343;38.0;17.3
53;2021-05-25;19976;12817;1289324;591160;38.6;17.7
53;2021-05-26;19296;13784;1308620;604944;39.2;18.1
53;2021-05-27;22060;17418;1330680;622362;39.8;18.6
53;2021-05-28;21767;20388;1352447;642750;40.5;19.2
53;2021-05-29;12143;7332;1364590;650082;40.9;19.5
53;2021-05-30;2311;472;1366901;650554;40.9;19.5
53;2021-05-31;20685;14096;1387586;664650;41.5;19.9
53;2021-06-01;22951;16459;1410537;681109;42.2;20.4
53;2021-06-02;21787;14205;1432324;695314;42.9;20.8
53;2021-06-03;25045;16845;1457369;712159;43.6;21.3
53;2021-06-04;23102;22546;1480471;734705;44.3;22.0
53;2021-06-05;17309;9008;1497780;743713;44.8;22.3
53;2021-06-06;5005;1329;1502785;745042;45.0;22.3
53;2021-06-07;18385;17790;1521170;762832;45.5;22.8
53;2021-06-08;23373;18060;1544543;780892;46.2;23.4
53;2021-06-09;23627;15890;1568170;796782;46.9;23.9
53;2021-06-10;26806;16899;1594976;813681;47.7;24.4
53;2021-06-11;26198;21457;1621174;835138;48.5;25.0
53;2021-06-12;18602;7515;1639776;842653;49.1;25.2
53;2021-06-13;7796;3120;1647572;845773;49.3;25.3
53;2021-06-14;16024;19813;1663596;865586;49.8;25.9
53;2021-06-15;20051;20984;1683647;886570;50.4;26.5
53;2021-06-16;21166;18556;1704813;905126;51.0;27.1
53;2021-06-17;21887;20116;1726700;925242;51.7;27.7
53;2021-06-18;22227;25673;1748927;950915;52.4;28.5
53;2021-06-19;12830;9614;1761757;960529;52.7;28.8
53;2021-06-20;5453;2683;1767210;963212;52.9;28.8
53;2021-06-21;14584;22367;1781794;985579;53.3;29.5
53;2021-06-22;16984;24929;1798778;1010508;53.8;30.3
53;2021-06-23;16738;23540;1815516;1034048;54.4;31.0
53;2021-06-24;19026;21855;1834542;1055903;54.9;31.6
53;2021-06-25;15509;29052;1850051;1084955;55.4;32.5
53;2021-06-26;7138;13961;1857189;1098916;55.6;32.9
53;2021-06-27;3881;3319;1861070;1102235;55.7;33.0
53;2021-06-28;9634;24218;1870704;1126453;56.0;33.7
53;2021-06-29;11477;27277;1882181;1153730;56.3;34.5
53;2021-06-30;12076;26609;1894257;1180339;56.7;35.3
53;2021-07-01;14074;26927;1908331;1207266;57.1;36.1
53;2021-07-02;13089;31799;1921420;1239065;57.5;37.1
53;2021-07-03;6393;15392;1927813;1254457;57.7;37.6
53;2021-07-04;3842;4475;1931655;1258932;57.8;37.7
75;2020-12-27;1;0;1;0;0.0;0.0
75;2020-12-28;2;0;3;0;0.0;0.0
75;2020-12-29;3;0;6;0;0.0;0.0
75;2020-12-30;2;0;8;0;0.0;0.0
75;2020-12-31;0;0;8;0;0.0;0.0
75;2021-01-01;4;0;12;0;0.0;0.0
75;2021-01-02;2;0;14;0;0.0;0.0
75;2021-01-03;0;0;14;0;0.0;0.0
75;2021-01-04;90;0;104;0;0.0;0.0
75;2021-01-05;124;0;228;0;0.0;0.0
75;2021-01-06;736;1;964;1;0.0;0.0
75;2021-01-07;4923;6;5887;7;0.1;0.0
75;2021-01-08;5470;7;11357;14;0.2;0.0
75;2021-01-09;845;1;12202;15;0.2;0.0
75;2021-01-10;478;0;12680;15;0.2;0.0
75;2021-01-11;3585;4;16265;19;0.3;0.0
75;2021-01-12;5947;9;22212;28;0.4;0.0
75;2021-01-13;6551;18;28763;46;0.5;0.0
75;2021-01-14;8124;69;36887;115;0.6;0.0
75;2021-01-15;7630;35;44517;150;0.7;0.0
75;2021-01-16;1609;16;46126;166;0.8;0.0
75;2021-01-17;425;6;46551;172;0.8;0.0
75;2021-01-18;6891;37;53442;209;0.9;0.0
75;2021-01-19;14049;22;67491;231;1.1;0.0
75;2021-01-20;15535;76;83026;307;1.4;0.0
75;2021-01-21;16968;58;99994;365;1.7;0.0
75;2021-01-22;12973;57;112967;422;1.9;0.0
75;2021-01-23;4421;4;117388;426;2.0;0.0
75;2021-01-24;700;2;118088;428;2.0;0.0
75;2021-01-25;8872;229;126960;657;2.1;0.0
75;2021-01-26;11723;460;138683;1117;2.3;0.0
75;2021-01-27;12293;781;150976;1898;2.5;0.0
75;2021-01-28;12941;2668;163917;4566;2.7;0.1
75;2021-01-29;10000;2997;173917;7563;2.9;0.1
75;2021-01-30;3379;517;177296;8080;3.0;0.1
75;2021-01-31;646;420;177942;8500;3.0;0.1
75;2021-02-01;5717;2647;183659;11147;3.1;0.2
75;2021-02-02;9615;4367;193274;15514;3.2;0.3
75;2021-02-03;9596;4385;202870;19899;3.4;0.3
75;2021-02-04;10763;5681;213633;25580;3.6;0.4
75;2021-02-05;7490;5639;221123;31219;3.7;0.5
75;2021-02-06;2380;1114;223503;32333;3.7;0.5
75;2021-02-07;674;253;224177;32586;3.7;0.5
75;2021-02-08;5137;3654;229314;36240;3.8;0.6
75;2021-02-09;7315;8088;236629;44328;3.9;0.7
75;2021-02-10;7541;8753;244170;53081;4.1;0.9
75;2021-02-11;8861;10279;253031;63360;4.2;1.1
75;2021-02-12;7408;8757;260439;72117;4.3;1.2
75;2021-02-13;1953;1766;262392;73883;4.4;1.2
75;2021-02-14;274;365;262666;74248;4.4;1.2
75;2021-02-15;3191;7818;265857;82066;4.4;1.4
75;2021-02-16;4626;10526;270483;92592;4.5;1.5
75;2021-02-17;4760;11293;275243;103885;4.6;1.7
75;2021-02-18;5454;12811;280697;116696;4.7;1.9
75;2021-02-19;5418;9619;286115;126315;4.8;2.1
75;2021-02-20;989;2628;287104;128943;4.8;2.1
75;2021-02-21;187;664;287291;129607;4.8;2.2
75;2021-02-22;3648;8499;290939;138106;4.8;2.3
75;2021-02-23;5357;10944;296296;149050;4.9;2.5
75;2021-02-24;6132;10291;302428;159341;5.0;2.7
75;2021-02-25;10043;11721;312471;171062;5.2;2.9
75;2021-02-26;12269;8872;324740;179934;5.4;3.0
75;2021-02-27;5785;2490;330525;182424;5.5;3.0
75;2021-02-28;312;694;330837;183118;5.5;3.1
75;2021-03-01;5093;7003;335930;190121;5.6;3.2
75;2021-03-02;9352;8164;345282;198285;5.8;3.3
75;2021-03-03;10824;7766;356106;206051;5.9;3.4
75;2021-03-04;16738;8191;372844;214242;6.2;3.6
75;2021-03-05;20810;7473;393654;221715;6.6;3.7
75;2021-03-06;13408;2246;407062;223961;6.8;3.7
75;2021-03-07;3722;471;410784;224432;6.8;3.7
75;2021-03-08;9996;5393;420780;229825;7.0;3.8
75;2021-03-09;16862;6504;437642;236329;7.3;3.9
75;2021-03-10;18263;6334;455905;242663;7.6;4.0
75;2021-03-11;26443;6699;482348;249362;8.0;4.2
75;2021-03-12;31312;5307;513660;254669;8.6;4.2
75;2021-03-13;17871;1207;531531;255876;8.9;4.3
75;2021-03-14;1713;251;533244;256127;8.9;4.3
75;2021-03-15;14078;3425;547322;259552;9.1;4.3
75;2021-03-16;13687;3733;561009;263285;9.4;4.4
75;2021-03-17;14756;3887;575765;267172;9.6;4.5
75;2021-03-18;16381;4724;592146;271896;9.9;4.5
75;2021-03-19;22448;4309;614594;276205;10.2;4.6
75;2021-03-20;14029;827;628623;277032;10.5;4.6
75;2021-03-21;2476;108;631099;277140;10.5;4.6
75;2021-03-22;16795;3469;647894;280609;10.8;4.7
75;2021-03-23;25280;3910;673174;284519;11.2;4.7
75;2021-03-24;27167;4300;700341;288819;11.7;4.8
75;2021-03-25;35671;4652;736012;293471;12.3;4.9
75;2021-03-26;38631;4163;774643;297634;12.9;5.0
75;2021-03-27;15728;1293;790371;298927;13.2;5.0
75;2021-03-28;2727;397;793098;299324;13.2;5.0
75;2021-03-29;22840;4165;815938;303489;13.6;5.1
75;2021-03-30;31659;5988;847597;309477;14.1;5.2
75;2021-03-31;29756;5953;877353;315430;14.6;5.3
75;2021-04-01;35034;6976;912387;322406;15.2;5.4
75;2021-04-02;32360;6898;944747;329304;15.7;5.5
75;2021-04-03;12844;2645;957591;331949;16.0;5.5
75;2021-04-04;2138;342;959729;332291;16.0;5.5
75;2021-04-05;6369;607;966098;332898;16.1;5.5
75;2021-04-06;26398;10837;992496;343735;16.5;5.7
75;2021-04-07;32382;11036;1024878;354771;17.1;5.9
75;2021-04-08;39633;12407;1064511;367178;17.7;6.1
75;2021-04-09;49297;10996;1113808;378174;18.6;6.3
75;2021-04-10;24486;4996;1138294;383170;19.0;6.4
75;2021-04-11;4975;728;1143269;383898;19.1;6.4
75;2021-04-12;27383;11855;1170652;395753;19.5;6.6
75;2021-04-13;35743;14356;1206395;410109;20.1;6.8
75;2021-04-14;35470;14526;1241865;424635;20.7;7.1
75;2021-04-15;37704;15090;1279569;439725;21.3;7.3
75;2021-04-16;37167;15136;1316736;454861;21.9;7.6
75;2021-04-17;19585;7406;1336321;462267;22.3;7.7
75;2021-04-18;4073;2060;1340394;464327;22.3;7.7
75;2021-04-19;20896;14971;1361290;479298;22.7;8.0
75;2021-04-20;28499;19122;1389789;498420;23.2;8.3
75;2021-04-21;27839;18106;1417628;516526;23.6;8.6
75;2021-04-22;30399;19697;1448027;536223;24.1;8.9
75;2021-04-23;29077;20255;1477104;556478;24.6;9.3
75;2021-04-24;17020;9158;1494124;565636;24.9;9.4
75;2021-04-25;4597;1502;1498721;567138;25.0;9.5
75;2021-04-26;22321;19302;1521042;586440;25.4;9.8
75;2021-04-27;29198;24323;1550240;610763;25.8;10.2
75;2021-04-28;31144;24073;1581384;634836;26.4;10.6
75;2021-04-29;37271;26693;1618655;661529;27.0;11.0
75;2021-04-30;37752;25904;1656407;687433;27.6;11.5
75;2021-05-01;15695;5761;1672102;693194;27.9;11.6
75;2021-05-02;7262;2604;1679364;695798;28.0;11.6
75;2021-05-03;27259;21185;1706623;716983;28.4;11.9
75;2021-05-04;30360;29303;1736983;746286;28.9;12.4
75;2021-05-05;31508;30984;1768491;777270;29.5;13.0
75;2021-05-06;35958;32401;1804449;809671;30.1;13.5
75;2021-05-07;37436;34355;1841885;844026;30.7;14.1
75;2021-05-08;17722;8093;1859607;852119;31.0;14.2
75;2021-05-09;7313;4154;1866920;856273;31.1;14.3
75;2021-05-10;25217;29008;1892137;885281;31.5;14.8
75;2021-05-11;35601;32956;1927738;918237;32.1;15.3
75;2021-05-12;35625;30139;1963363;948376;32.7;15.8
75;2021-05-13;22699;7553;1986062;955929;33.1;15.9
75;2021-05-14;33908;20902;2019970;976831;33.7;16.3
75;2021-05-15;22956;11122;2042926;987953;34.0;16.5
75;2021-05-16;7427;2063;2050353;990016;34.2;16.5
75;2021-05-17;33930;19252;2084283;1009268;34.7;16.8
75;2021-05-18;42866;19975;2127149;1029243;35.5;17.2
75;2021-05-19;42807;17632;2169956;1046875;36.2;17.4
75;2021-05-20;46020;20415;2215976;1067290;36.9;17.8
75;2021-05-21;42995;21421;2258971;1088711;37.6;18.1
75;2021-05-22;23317;9819;2282288;1098530;38.0;18.3
75;2021-05-23;7839;1431;2290127;1099961;38.2;18.3
75;2021-05-24;18883;4095;2309010;1104056;38.5;18.4
75;2021-05-25;36878;20964;2345888;1125020;39.1;18.8
75;2021-05-26;38359;21497;2384247;1146517;39.7;19.1
75;2021-05-27;42931;27099;2427178;1173616;40.5;19.6
75;2021-05-28;38874;32300;2466052;1205916;41.1;20.1
75;2021-05-29;19660;18088;2485712;1224004;41.4;20.4
75;2021-05-30;5783;2282;2491495;1226286;41.5;20.4
75;2021-05-31;31634;23132;2523129;1249418;42.1;20.8
75;2021-06-01;41025;29599;2564154;1279017;42.7;21.3
75;2021-06-02;41391;28214;2605545;1307231;43.4;21.8
75;2021-06-03;47625;31164;2653170;1338395;44.2;22.3
75;2021-06-04;44410;36966;2697580;1375361;45.0;22.9
75;2021-06-05;24417;18517;2721997;1393878;45.4;23.2
75;2021-06-06;8740;4320;2730737;1398198;45.5;23.3
75;2021-06-07;31403;31573;2762140;1429771;46.0;23.8
75;2021-06-08;38455;35985;2800595;1465756;46.7;24.4
75;2021-06-09;39344;32966;2839939;1498722;47.3;25.0
75;2021-06-10;42958;31865;2882897;1530587;48.0;25.5
75;2021-06-11;40275;40347;2923172;1570934;48.7;26.2
75;2021-06-12;23203;21544;2946375;1592478;49.1;26.5
75;2021-06-13;8104;5659;2954479;1598137;49.2;26.6
75;2021-06-14;23958;37966;2978437;1636103;49.6;27.3
75;2021-06-15;33127;41712;3011564;1677815;50.2;28.0
75;2021-06-16;34654;37328;3046218;1715143;50.8;28.6
75;2021-06-17;36071;38609;3082289;1753752;51.4;29.2
75;2021-06-18;34701;45344;3116990;1799096;51.9;30.0
75;2021-06-19;20140;23256;3137130;1822352;52.3;30.4
75;2021-06-20;6217;5734;3143347;1828086;52.4;30.5
75;2021-06-21;21408;37369;3164755;1865455;52.7;31.1
75;2021-06-22;25232;43633;3189987;1909088;53.2;31.8
75;2021-06-23;26168;40844;3216155;1949932;53.6;32.5
75;2021-06-24;27859;35629;3244014;1985561;54.1;33.1
75;2021-06-25;23995;48656;3268009;2034217;54.5;33.9
75;2021-06-26;13602;26794;3281611;2061011;54.7;34.4
75;2021-06-27;4570;8574;3286181;2069585;54.8;34.5
75;2021-06-28;14800;44636;3300981;2114221;55.0;35.2
75;2021-06-29;18549;51809;3319530;2166030;55.3;36.1
75;2021-06-30;20035;48030;3339565;2214060;55.7;36.9
75;2021-07-01;22266;46680;3361831;2260740;56.0;37.7
75;2021-07-02;20912;53685;3382743;2314425;56.4;38.6
75;2021-07-03;9851;29157;3392594;2343582;56.5;39.1
75;2021-07-04;3372;7781;3395966;2351363;56.6;39.2
76;2020-12-27;0;0;0;0;0.0;0.0
76;2020-12-28;4;0;4;0;0.0;0.0
76;2020-12-29;0;0;4;0;0.0;0.0
76;2020-12-30;0;0;4;0;0.0;0.0
76;2020-12-31;1;0;5;0;0.0;0.0
76;2021-01-01;3;0;8;0;0.0;0.0
76;2021-01-02;2;0;10;0;0.0;0.0
76;2021-01-03;2;0;12;0;0.0;0.0
76;2021-01-04;59;1;71;1;0.0;0.0
76;2021-01-05;472;3;543;4;0.0;0.0
76;2021-01-06;784;5;1327;9;0.0;0.0
76;2021-01-07;2537;4;3864;13;0.1;0.0
76;2021-01-08;3217;5;7081;18;0.1;0.0
76;2021-01-09;1539;2;8620;20;0.1;0.0
76;2021-01-10;517;1;9137;21;0.2;0.0
76;2021-01-11;3524;12;12661;33;0.2;0.0
76;2021-01-12;5748;11;18409;44;0.3;0.0
76;2021-01-13;6476;16;24885;60;0.4;0.0
76;2021-01-14;8997;92;33882;152;0.6;0.0
76;2021-01-15;7253;37;41135;189;0.7;0.0
76;2021-01-16;1955;22;43090;211;0.7;0.0
76;2021-01-17;710;4;43800;215;0.7;0.0
76;2021-01-18;7705;24;51505;239;0.9;0.0
76;2021-01-19;11211;39;62716;278;1.1;0.0
76;2021-01-20;13724;40;76440;318;1.3;0.0
76;2021-01-21;16722;34;93162;352;1.6;0.0
76;2021-01-22;11927;45;105089;397;1.8;0.0
76;2021-01-23;3897;14;108986;411;1.8;0.0
76;2021-01-24;771;12;109757;423;1.9;0.0
76;2021-01-25;7830;106;117587;529;2.0;0.0
76;2021-01-26;10346;306;127933;835;2.2;0.0
76;2021-01-27;10848;512;138781;1347;2.3;0.0
76;2021-01-28;10141;1709;148922;3056;2.5;0.1
76;2021-01-29;8090;2001;157012;5057;2.7;0.1
76;2021-01-30;3187;774;160199;5831;2.7;0.1
76;2021-01-31;521;267;160720;6098;2.7;0.1
76;2021-02-01;5856;2608;166576;8706;2.8;0.1
76;2021-02-02;10061;4016;176637;12722;3.0;0.2
76;2021-02-03;9521;4083;186158;16805;3.1;0.3
76;2021-02-04;10103;5972;196261;22777;3.3;0.4
76;2021-02-05;7775;5035;204036;27812;3.4;0.5
76;2021-02-06;2696;1056;206732;28868;3.5;0.5
76;2021-02-07;542;498;207274;29366;3.5;0.5
76;2021-02-08;4840;4531;212114;33897;3.6;0.6
76;2021-02-09;6327;6830;218441;40727;3.7;0.7
76;2021-02-10;7179;9245;225620;49972;3.8;0.8
76;2021-02-11;9142;10738;234762;60710;4.0;1.0
76;2021-02-12;8049;7693;242811;68403;4.1;1.2
76;2021-02-13;2648;2277;245459;70680;4.1;1.2
76;2021-02-14;358;993;245817;71673;4.1;1.2
76;2021-02-15;3380;6473;249197;78146;4.2;1.3
76;2021-02-16;4241;8690;253438;86836;4.3;1.5
76;2021-02-17;4374;9654;257812;96490;4.4;1.6
76;2021-02-18;5871;9961;263683;106451;4.5;1.8
76;2021-02-19;4842;8114;268525;114565;4.5;1.9
76;2021-02-20;1530;3034;270055;117599;4.6;2.0
76;2021-02-21;265;594;270320;118193;4.6;2.0
76;2021-02-22;3280;7658;273600;125851;4.6;2.1
76;2021-02-23;4920;10235;278520;136086;4.7;2.3
76;2021-02-24;4648;10422;283168;146508;4.8;2.5
76;2021-02-25;8318;9923;291486;156431;4.9;2.6
76;2021-02-26;9637;8397;301123;164828;5.1;2.8
76;2021-02-27;3734;3100;304857;167928;5.1;2.8
76;2021-02-28;431;452;305288;168380;5.2;2.8
76;2021-03-01;5310;6151;310598;174531;5.2;2.9
76;2021-03-02;8217;7561;318815;182092;5.4;3.1
76;2021-03-03;9250;7506;328065;189598;5.5;3.2
76;2021-03-04;14321;7903;342386;197501;5.8;3.3
76;2021-03-05;16874;7140;359260;204641;6.1;3.5
76;2021-03-06;15889;2197;375149;206838;6.3;3.5
76;2021-03-07;11376;481;386525;207319;6.5;3.5
76;2021-03-08;9979;5548;396504;212867;6.7;3.6
76;2021-03-09;16233;6487;412737;219354;7.0;3.7
76;2021-03-10;16419;6524;429156;225878;7.2;3.8
76;2021-03-11;22601;6411;451757;232289;7.6;3.9
76;2021-03-12;26444;5292;478201;237581;8.1;4.0
76;2021-03-13;14927;2181;493128;239762;8.3;4.0
76;2021-03-14;2322;358;495450;240120;8.4;4.1
76;2021-03-15;13527;3318;508977;243438;8.6;4.1
76;2021-03-16;11760;4548;520737;247986;8.8;4.2
76;2021-03-17;12839;3985;533576;251971;9.0;4.3
76;2021-03-18;13700;5002;547276;256973;9.2;4.3
76;2021-03-19;18654;4038;565930;261011;9.6;4.4
76;2021-03-20;10663;1143;576593;262154;9.7;4.4
76;2021-03-21;3196;227;579789;262381;9.8;4.4
76;2021-03-22;14681;3606;594470;265987;10.0;4.5
76;2021-03-23;22250;4338;616720;270325;10.4;4.6
76;2021-03-24;23606;4204;640326;274529;10.8;4.6
76;2021-03-25;32016;4637;672342;279166;11.3;4.7
76;2021-03-26;30848;4106;703190;283272;11.9;4.8
76;2021-03-27;16249;1447;719439;284719;12.1;4.8
76;2021-03-28;4865;215;724304;284934;12.2;4.8
76;2021-03-29;22301;4900;746605;289834;12.6;4.9
76;2021-03-30;29715;5727;776320;295561;13.1;5.0
76;2021-03-31;26892;5609;803212;301170;13.6;5.1
76;2021-04-01;34468;5922;837680;307092;14.1;5.2
76;2021-04-02;29344;5802;867024;312894;14.6;5.3
76;2021-04-03;12155;2860;879179;315754;14.8;5.3
76;2021-04-04;4353;677;883532;316431;14.9;5.3
76;2021-04-05;4290;680;887822;317111;15.0;5.4
76;2021-04-06;22855;9750;910677;326861;15.4;5.5
76;2021-04-07;25276;9870;935953;336731;15.8;5.7
76;2021-04-08;33116;10237;969069;346968;16.4;5.9
76;2021-04-09;38919;9665;1007988;356633;17.0;6.0
76;2021-04-10;22704;5175;1030692;361808;17.4;6.1
76;2021-04-11;8860;1446;1039552;363254;17.5;6.1
76;2021-04-12;26041;10534;1065593;373788;18.0;6.3
76;2021-04-13;35776;12875;1101369;386663;18.6;6.5
76;2021-04-14;32875;13273;1134244;399936;19.1;6.8
76;2021-04-15;37462;13874;1171706;413810;19.8;7.0
76;2021-04-16;34450;13168;1206156;426978;20.4;7.2
76;2021-04-17;21396;6665;1227552;433643;20.7;7.3
76;2021-04-18;7712;2707;1235264;436350;20.8;7.4
76;2021-04-19;22046;12902;1257310;449252;21.2;7.6
76;2021-04-20;27971;16763;1285281;466015;21.7;7.9
76;2021-04-21;27030;16939;1312311;482954;22.1;8.2
76;2021-04-22;30346;17955;1342657;500909;22.7;8.5
76;2021-04-23;28699;16410;1371356;517319;23.1;8.7
76;2021-04-24;18488;10396;1389844;527715;23.5;8.9
76;2021-04-25;6911;4185;1396755;531900;23.6;9.0
76;2021-04-26;19938;18407;1416693;550307;23.9;9.3
76;2021-04-27;26718;21409;1443411;571716;24.4;9.6
76;2021-04-28;25887;20970;1469298;592686;24.8;10.0
76;2021-04-29;29730;23210;1499028;615896;25.3;10.4
76;2021-04-30;30773;20158;1529801;636054;25.8;10.7
76;2021-05-01;17422;7024;1547223;643078;26.1;10.9
76;2021-05-02;9487;4774;1556710;647852;26.3;10.9
76;2021-05-03;26522;16786;1583232;664638;26.7;11.2
76;2021-05-04;29998;25822;1613230;690460;27.2;11.7
76;2021-05-05;28196;26405;1641426;716865;27.7;12.1
76;2021-05-06;31023;30862;1672449;747727;28.2;12.6
76;2021-05-07;31613;30778;1704062;778505;28.8;13.1
76;2021-05-08;17350;10555;1721412;789060;29.1;13.3
76;2021-05-09;9708;8666;1731120;797726;29.2;13.5
76;2021-05-10;24079;28018;1755199;825744;29.6;13.9
76;2021-05-11;31645;33062;1786844;858806;30.2;14.5
76;2021-05-12;33329;29377;1820173;888183;30.7;15.0
76;2021-05-13;25947;9721;1846120;897904;31.2;15.2
76;2021-05-14;34536;21318;1880656;919222;31.7;15.5
76;2021-05-15;24487;12204;1905143;931426;32.2;15.7
76;2021-05-16;15452;3798;1920595;935224;32.4;15.8
76;2021-05-17;27840;19219;1948435;954443;32.9;16.1
76;2021-05-18;35408;19503;1983843;973946;33.5;16.4
76;2021-05-19;36820;16852;2020663;990798;34.1;16.7
76;2021-05-20;40988;18669;2061651;1009467;34.8;17.0
76;2021-05-21;37767;19992;2099418;1029459;35.4;17.4
76;2021-05-22;26978;9215;2126396;1038674;35.9;17.5
76;2021-05-23;13308;1814;2139704;1040488;36.1;17.6
76;2021-05-24;15391;4116;2155095;1044604;36.4;17.6
76;2021-05-25;31586;20749;2186681;1065353;36.9;18.0
76;2021-05-26;33374;19194;2220055;1084547;37.5;18.3
76;2021-05-27;36264;24411;2256319;1108958;38.1;18.7
76;2021-05-28;32440;28254;2288759;1137212;38.6;19.2
76;2021-05-29;19587;16739;2308346;1153951;39.0;19.5
76;2021-05-30;6236;6299;2314582;1160250;39.1;19.6
76;2021-05-31;25722;22857;2340304;1183107;39.5;20.0
76;2021-06-01;31155;29800;2371459;1212907;40.0;20.5
76;2021-06-02;30741;28048;2402200;1240955;40.5;20.9
76;2021-06-03;34151;33073;2436351;1274028;41.1;21.5
76;2021-06-04;35051;34191;2471402;1308219;41.7;22.1
76;2021-06-05;26002;19724;2497404;1327943;42.2;22.4
76;2021-06-06;14086;6470;2511490;1334413;42.4;22.5
76;2021-06-07;25719;27674;2537209;1362087;42.8;23.0
76;2021-06-08;32380;31577;2569589;1393664;43.4;23.5
76;2021-06-09;32258;29122;2601847;1422786;43.9;24.0
76;2021-06-10;31927;29488;2633774;1452274;44.5;24.5
76;2021-06-11;33523;36145;2667297;1488419;45.0;25.1
76;2021-06-12;23180;21909;2690477;1510328;45.4;25.5
76;2021-06-13;12024;7141;2702501;1517469;45.6;25.6
76;2021-06-14;21530;33627;2724031;1551096;46.0;26.2
76;2021-06-15;28704;39718;2752735;1590814;46.5;26.8
76;2021-06-16;26992;36368;2779727;1627182;46.9;27.5
76;2021-06-17;26758;34177;2806485;1661359;47.4;28.0
76;2021-06-18;27373;41128;2833858;1702487;47.8;28.7
76;2021-06-19;20788;23129;2854646;1725616;48.2;29.1
76;2021-06-20;8908;10339;2863554;1735955;48.3;29.3
76;2021-06-21;15030;35222;2878584;1771177;48.6;29.9
76;2021-06-22;18204;40469;2896788;1811646;48.9;30.6
76;2021-06-23;18944;37967;2915732;1849613;49.2;31.2
76;2021-06-24;17428;35366;2933160;1884979;49.5;31.8
76;2021-06-25;18281;44804;2951441;1929783;49.8;32.6
76;2021-06-26;12235;28796;2963676;1958579;50.0;33.1
76;2021-06-27;5712;14610;2969388;1973189;50.1;33.3
76;2021-06-28;12547;38157;2981935;2011346;50.3;33.9
76;2021-06-29;14831;43675;2996766;2055021;50.6;34.7
76;2021-06-30;16979;43217;3013745;2098238;50.9;35.4
76;2021-07-01;16300;40366;3030045;2138604;51.1;36.1
76;2021-07-02;17661;44161;3047706;2182765;51.4;36.8
76;2021-07-03;11802;32551;3059508;2215316;51.6;37.4
76;2021-07-04;5469;12838;3064977;2228154;51.7;37.6
84;2020-12-27;1;0;1;0;0.0;0.0
84;2020-12-28;7;0;8;0;0.0;0.0
84;2020-12-29;5;0;13;0;0.0;0.0
84;2020-12-30;6;0;19;0;0.0;0.0
84;2020-12-31;15;0;34;0;0.0;0.0
84;2021-01-01;10;0;44;0;0.0;0.0
84;2021-01-02;2;1;46;1;0.0;0.0
84;2021-01-03;0;0;46;1;0.0;0.0
84;2021-01-04;174;0;220;1;0.0;0.0
84;2021-01-05;470;1;690;2;0.0;0.0
84;2021-01-06;1135;1;1825;3;0.0;0.0
84;2021-01-07;2887;4;4712;7;0.1;0.0
84;2021-01-08;3081;4;7793;11;0.1;0.0
84;2021-01-09;513;0;8306;11;0.1;0.0
84;2021-01-10;161;0;8467;11;0.1;0.0
84;2021-01-11;4297;11;12764;22;0.2;0.0
84;2021-01-12;6365;22;19129;44;0.2;0.0
84;2021-01-13;6843;20;25972;64;0.3;0.0
84;2021-01-14;9073;64;35045;128;0.4;0.0
84;2021-01-15;7762;38;42807;166;0.5;0.0
84;2021-01-16;2953;6;45760;172;0.6;0.0
84;2021-01-17;921;3;46681;175;0.6;0.0
84;2021-01-18;8962;42;55643;217;0.7;0.0
84;2021-01-19;15049;93;70692;310;0.9;0.0
84;2021-01-20;15494;60;86186;370;1.1;0.0
84;2021-01-21;14590;69;100776;439;1.3;0.0
84;2021-01-22;12417;73;113193;512;1.4;0.0
84;2021-01-23;4762;15;117955;527;1.5;0.0
84;2021-01-24;810;1;118765;528;1.5;0.0
84;2021-01-25;8765;186;127530;714;1.6;0.0
84;2021-01-26;11903;344;139433;1058;1.7;0.0
84;2021-01-27;12084;637;151517;1695;1.9;0.0
84;2021-01-28;13837;1562;165354;3257;2.1;0.0
84;2021-01-29;10804;1331;176158;4588;2.2;0.1
84;2021-01-30;4142;151;180300;4739;2.2;0.1
84;2021-01-31;499;2;180799;4741;2.3;0.1
84;2021-02-01;6545;1900;187344;6641;2.3;0.1
84;2021-02-02;10607;3528;197951;10169;2.5;0.1
84;2021-02-03;11526;3957;209477;14126;2.6;0.2
84;2021-02-04;12571;5582;222048;19708;2.8;0.2
84;2021-02-05;8616;4715;230664;24423;2.9;0.3
84;2021-02-06;2655;964;233319;25387;2.9;0.3
84;2021-02-07;452;445;233771;25832;2.9;0.3
84;2021-02-08;6221;4971;239992;30803;3.0;0.4
84;2021-02-09;9338;8274;249330;39077;3.1;0.5
84;2021-02-10;9681;8628;259011;47705;3.2;0.6
84;2021-02-11;10697;9925;269708;57630;3.4;0.7
84;2021-02-12;9721;7968;279429;65598;3.5;0.8
84;2021-02-13;3496;2357;282925;67955;3.5;0.8
84;2021-02-14;623;457;283548;68412;3.5;0.9
84;2021-02-15;4876;8368;288424;76780;3.6;1.0
84;2021-02-16;6104;10783;294528;87563;3.7;1.1
84;2021-02-17;6083;11574;300611;99137;3.7;1.2
84;2021-02-18;7112;11772;307723;110909;3.8;1.4
84;2021-02-19;6644;9350;314367;120259;3.9;1.5
84;2021-02-20;1838;3267;316205;123526;3.9;1.5
84;2021-02-21;180;502;316385;124028;3.9;1.5
84;2021-02-22;4290;8843;320675;132871;4.0;1.7
84;2021-02-23;7287;11440;327962;144311;4.1;1.8
84;2021-02-24;7803;12054;335765;156365;4.2;1.9
84;2021-02-25;12733;13826;348498;170191;4.3;2.1
84;2021-02-26;14880;10392;363378;180583;4.5;2.2
84;2021-02-27;5562;2933;368940;183516;4.6;2.3
84;2021-02-28;500;515;369440;184031;4.6;2.3
84;2021-03-01;9294;6432;378734;190463;4.7;2.4
84;2021-03-02;14960;8860;393694;199323;4.9;2.5
84;2021-03-03;14803;8691;408497;208014;5.1;2.6
84;2021-03-04;21035;8487;429532;216501;5.3;2.7
84;2021-03-05;25780;7778;455312;224279;5.7;2.8
84;2021-03-06;19497;2442;474809;226721;5.9;2.8
84;2021-03-07;8417;488;483226;227209;6.0;2.8
84;2021-03-08;12215;6839;495441;234048;6.2;2.9
84;2021-03-09;20683;7741;516124;241789;6.4;3.0
84;2021-03-10;20236;7587;536360;249376;6.7;3.1
84;2021-03-11;29481;8244;565841;257620;7.0;3.2
84;2021-03-12;36187;7777;602028;265397;7.5;3.3
84;2021-03-13;21436;1920;623464;267317;7.8;3.3
84;2021-03-14;4687;488;628151;267805;7.8;3.3
84;2021-03-15;18875;4834;647026;272639;8.1;3.4
84;2021-03-16;17058;6135;664084;278774;8.3;3.5
84;2021-03-17;17580;6490;681664;285264;8.5;3.6
84;2021-03-18;21505;6980;703169;292244;8.8;3.6
84;2021-03-19;29001;5576;732170;297820;9.1;3.7
84;2021-03-20;14536;1433;746706;299253;9.3;3.7
84;2021-03-21;3239;279;749945;299532;9.3;3.7
84;2021-03-22;19737;5175;769682;304707;9.6;3.8
84;2021-03-23;30796;6005;800478;310712;10.0;3.9
84;2021-03-24;29965;5903;830443;316615;10.3;3.9
84;2021-03-25;41558;6544;872001;323159;10.9;4.0
84;2021-03-26;42976;6866;914977;330025;11.4;4.1
84;2021-03-27;18216;2954;933193;332979;11.6;4.1
84;2021-03-28;6508;611;939701;333590;11.7;4.2
84;2021-03-29;22950;7958;962651;341548;12.0;4.3
84;2021-03-30;34966;10274;997617;351822;12.4;4.4
84;2021-03-31;29587;11085;1027204;362907;12.8;4.5
84;2021-04-01;37274;11494;1064478;374401;13.3;4.7
84;2021-04-02;34897;11423;1099375;385824;13.7;4.8
84;2021-04-03;14798;6241;1114173;392065;13.9;4.9
84;2021-04-04;9929;2015;1124102;394080;14.0;4.9
84;2021-04-05;13536;1692;1137638;395772;14.2;4.9
84;2021-04-06;26300;13240;1163938;409012;14.5;5.1
84;2021-04-07;29499;14697;1193437;423709;14.9;5.3
84;2021-04-08;39714;15487;1233151;439196;15.4;5.5
84;2021-04-09;49489;15163;1282640;454359;16.0;5.7
84;2021-04-10;20475;8163;1303115;462522;16.2;5.8
84;2021-04-11;7228;2708;1310343;465230;16.3;5.8
84;2021-04-12;27316;15614;1337659;480844;16.7;6.0
84;2021-04-13;36145;19449;1373804;500293;17.1;6.2
84;2021-04-14;34635;18314;1408439;518607;17.5;6.5
84;2021-04-15;40120;19749;1448559;538356;18.0;6.7
84;2021-04-16;38231;20129;1486790;558485;18.5;7.0
84;2021-04-17;20475;9063;1507265;567548;18.8;7.1
84;2021-04-18;6839;2702;1514104;570250;18.9;7.1
84;2021-04-19;26232;18609;1540336;588859;19.2;7.3
84;2021-04-20;31203;22531;1571539;611390;19.6;7.6
84;2021-04-21;28048;21498;1599587;632888;19.9;7.9
84;2021-04-22;32250;22690;1631837;655578;20.3;8.2
84;2021-04-23;32702;23138;1664539;678716;20.7;8.4
84;2021-04-24;17861;11909;1682400;690625;20.9;8.6
84;2021-04-25;7134;4287;1689534;694912;21.0;8.7
84;2021-04-26;23719;20068;1713253;714980;21.3;8.9
84;2021-04-27;31763;25295;1745016;740275;21.7;9.2
84;2021-04-28;32474;24893;1777490;765168;22.1;9.5
84;2021-04-29;39638;26621;1817128;791789;22.6;9.9
84;2021-04-30;38133;27903;1855261;819692;23.1;10.2
84;2021-05-01;17172;5402;1872433;825094;23.3;10.3
84;2021-05-02;7985;8570;1880418;833664;23.4;10.4
84;2021-05-03;30363;27539;1910781;861203;23.8;10.7
84;2021-05-04;37147;33795;1947928;894998;24.3;11.1
84;2021-05-05;40239;30195;1988167;925193;24.8;11.5
84;2021-05-06;46619;32680;2034786;957873;25.3;11.9
84;2021-05-07;47058;36815;2081844;994688;25.9;12.4
84;2021-05-08;22433;7678;2104277;1002366;26.2;12.5
84;2021-05-09;15920;8909;2120197;1011275;26.4;12.6
84;2021-05-10;36087;31987;2156284;1043262;26.8;13.0
84;2021-05-11;52641;36300;2208925;1079562;27.5;13.4
84;2021-05-12;56932;31925;2265857;1111487;28.2;13.8
84;2021-05-13;47426;10541;2313283;1122028;28.8;14.0
84;2021-05-14;57503;25023;2370786;1147051;29.5;14.3
84;2021-05-15;44352;13654;2415138;1160705;30.1;14.5
84;2021-05-16;30622;5164;2445760;1165869;30.4;14.5
84;2021-05-17;48465;25010;2494225;1190879;31.1;14.8
84;2021-05-18;59384;27455;2553609;1218334;31.8;15.2
84;2021-05-19;58642;23622;2612251;1241956;32.5;15.5
84;2021-05-20;61986;27071;2674237;1269027;33.3;15.8
84;2021-05-21;61235;29416;2735472;1298443;34.1;16.2
84;2021-05-22;40623;12938;2776095;1311381;34.6;16.3
84;2021-05-23;21505;4004;2797600;1315385;34.8;16.4
84;2021-05-24;40041;8554;2837641;1323939;35.3;16.5
84;2021-05-25;50386;31706;2888027;1355645;36.0;16.9
84;2021-05-26;49906;28978;2937933;1384623;36.6;17.2
84;2021-05-27;55749;31863;2993682;1416486;37.3;17.6
84;2021-05-28;54898;40479;3048580;1456965;38.0;18.1
84;2021-05-29;37716;22360;3086296;1479325;38.4;18.4
84;2021-05-30;16144;7271;3102440;1486596;38.6;18.5
84;2021-05-31;44360;29390;3146800;1515986;39.2;18.9
84;2021-06-01;48390;36640;3195190;1552626;39.8;19.3
84;2021-06-02;47850;31256;3243040;1583882;40.4;19.7
84;2021-06-03;56124;36569;3299164;1620451;41.1;20.2
84;2021-06-04;54683;42362;3353847;1662813;41.8;20.7
84;2021-06-05;38108;21675;3391955;1684488;42.2;21.0
84;2021-06-06;15925;6300;3407880;1690788;42.4;21.0
84;2021-06-07;41353;35187;3449233;1725975;42.9;21.5
84;2021-06-08;45062;37947;3494295;1763922;43.5;22.0
84;2021-06-09;40559;33967;3534854;1797889;44.0;22.4
84;2021-06-10;41190;33918;3576044;1831807;44.5;22.8
84;2021-06-11;43262;46383;3619306;1878190;45.1;23.4
84;2021-06-12;28127;22968;3647433;1901158;45.4;23.7
84;2021-06-13;8603;7149;3656036;1908307;45.5;23.8
84;2021-06-14;25511;44567;3681547;1952874;45.8;24.3
84;2021-06-15;31578;49343;3713125;2002217;46.2;24.9
84;2021-06-16;33289;45476;3746414;2047693;46.6;25.5
84;2021-06-17;30474;46982;3776888;2094675;47.0;26.1
84;2021-06-18;34867;59980;3811755;2154655;47.5;26.8
84;2021-06-19;22751;35763;3834506;2190418;47.7;27.3
84;2021-06-20;8671;14427;3843177;2204845;47.8;27.4
84;2021-06-21;19931;56203;3863108;2261048;48.1;28.1
84;2021-06-22;20980;62768;3884088;2323816;48.4;28.9
84;2021-06-23;22250;57641;3906338;2381457;48.6;29.6
84;2021-06-24;23124;55130;3929462;2436587;48.9;30.3
84;2021-06-25;23511;70322;3952973;2506909;49.2;31.2
84;2021-06-26;14025;46250;3966998;2553159;49.4;31.8
84;2021-06-27;6845;23510;3973843;2576669;49.5;32.1
84;2021-06-28;15643;64787;3989486;2641456;49.7;32.9
84;2021-06-29;18769;66994;4008255;2708450;49.9;33.7
84;2021-06-30;21485;62527;4029740;2770977;50.2;34.5
84;2021-07-01;22434;58203;4052174;2829180;50.4;35.2
84;2021-07-02;22327;68882;4074501;2898062;50.7;36.1
84;2021-07-03;15465;44741;4089966;2942803;50.9;36.6
84;2021-07-04;7686;17017;4097652;2959820;51.0;36.8
93;2020-12-27;1;0;1;0;0.0;0.0
93;2020-12-28;2;0;3;0;0.0;0.0
93;2020-12-29;1;0;4;0;0.0;0.0
93;2020-12-30;3;0;7;0;0.0;0.0
93;2020-12-31;19;0;26;0;0.0;0.0
93;2021-01-01;13;0;39;0;0.0;0.0
93;2021-01-02;3;0;42;0;0.0;0.0
93;2021-01-03;2;0;44;0;0.0;0.0
93;2021-01-04;133;2;177;2;0.0;0.0
93;2021-01-05;251;1;428;3;0.0;0.0
93;2021-01-06;412;0;840;3;0.0;0.0
93;2021-01-07;1245;2;2085;5;0.0;0.0
93;2021-01-08;1565;1;3650;6;0.1;0.0
93;2021-01-09;542;2;4192;8;0.1;0.0
93;2021-01-10;74;0;4266;8;0.1;0.0
93;2021-01-11;2413;2;6679;10;0.1;0.0
93;2021-01-12;5093;8;11772;18;0.2;0.0
93;2021-01-13;4469;17;16241;35;0.3;0.0
93;2021-01-14;5581;56;21822;91;0.4;0.0
93;2021-01-15;4937;19;26759;110;0.5;0.0
93;2021-01-16;1681;5;28440;115;0.6;0.0
93;2021-01-17;300;1;28740;116;0.6;0.0
93;2021-01-18;7160;35;35900;151;0.7;0.0
93;2021-01-19;13535;43;49435;194;1.0;0.0
93;2021-01-20;12269;52;61704;246;1.2;0.0
93;2021-01-21;12315;56;74019;302;1.5;0.0
93;2021-01-22;10216;36;84235;338;1.7;0.0
93;2021-01-23;3330;9;87565;347;1.7;0.0
93;2021-01-24;537;4;88102;351;1.7;0.0
93;2021-01-25;7259;44;95361;395;1.9;0.0
93;2021-01-26;10076;144;105437;539;2.1;0.0
93;2021-01-27;9691;303;115128;842;2.3;0.0
93;2021-01-28;13675;844;128803;1686;2.5;0.0
93;2021-01-29;9848;999;138651;2685;2.7;0.1
93;2021-01-30;2240;160;140891;2845;2.8;0.1
93;2021-01-31;304;5;141195;2850;2.8;0.1
93;2021-02-01;5168;1524;146363;4374;2.9;0.1
93;2021-02-02;6647;2383;153010;6757;3.0;0.1
93;2021-02-03;5025;1827;158035;8584;3.1;0.2
93;2021-02-04;5535;3161;163570;11745;3.2;0.2
93;2021-02-05;6112;4132;169682;15877;3.4;0.3
93;2021-02-06;1248;965;170930;16842;3.4;0.3
93;2021-02-07;280;81;171210;16923;3.4;0.3
93;2021-02-08;4307;3750;175517;20673;3.5;0.4
93;2021-02-09;5890;7111;181407;27784;3.6;0.5
93;2021-02-10;5959;5888;187366;33672;3.7;0.7
93;2021-02-11;6602;6722;193968;40394;3.8;0.8
93;2021-02-12;5725;6471;199693;46865;3.9;0.9
93;2021-02-13;1128;1447;200821;48312;4.0;1.0
93;2021-02-14;73;384;200894;48696;4.0;1.0
93;2021-02-15;2413;5638;203307;54334;4.0;1.1
93;2021-02-16;3192;7705;206499;62039;4.1;1.2
93;2021-02-17;3604;8519;210103;70558;4.2;1.4
93;2021-02-18;6006;11397;216109;81955;4.3;1.6
93;2021-02-19;5645;8665;221754;90620;4.4;1.8
93;2021-02-20;881;1801;222635;92421;4.4;1.8
93;2021-02-21;70;416;222705;92837;4.4;1.8
93;2021-02-22;3030;7001;225735;99838;4.5;2.0
93;2021-02-23;3966;7242;229701;107080;4.5;2.1
93;2021-02-24;4749;6801;234450;113881;4.6;2.3
93;2021-02-25;8253;6678;242703;120559;4.8;2.4
93;2021-02-26;8281;6190;250984;126749;5.0;2.5
93;2021-02-27;3292;1491;254276;128240;5.0;2.5
93;2021-02-28;306;238;254582;128478;5.0;2.5
93;2021-03-01;5656;4488;260238;132966;5.1;2.6
93;2021-03-02;7234;5938;267472;138904;5.3;2.7
93;2021-03-03;8989;6563;276461;145467;5.5;2.9
93;2021-03-04;12085;6481;288546;151948;5.7;3.0
93;2021-03-05;12208;6114;300754;158062;5.9;3.1
93;2021-03-06;22895;1341;323649;159403;6.4;3.2
93;2021-03-07;18006;628;341655;160031;6.8;3.2
93;2021-03-08;10254;5284;351909;165315;7.0;3.3
93;2021-03-09;13966;5570;365875;170885;7.2;3.4
93;2021-03-10;14499;5293;380374;176178;7.5;3.5
93;2021-03-11;20417;6203;400791;182381;7.9;3.6
93;2021-03-12;21927;5351;422718;187732;8.4;3.7
93;2021-03-13;24613;1254;447331;188986;8.8;3.7
93;2021-03-14;6477;266;453808;189252;9.0;3.7
93;2021-03-15;15949;3107;469757;192359;9.3;3.8
93;2021-03-16;12725;3649;482482;196008;9.5;3.9
93;2021-03-17;15999;4652;498481;200660;9.9;4.0
93;2021-03-18;17044;4898;515525;205558;10.2;4.1
93;2021-03-19;21032;4715;536557;210273;10.6;4.2
93;2021-03-20;10992;1333;547549;211606;10.8;4.2
93;2021-03-21;3258;133;550807;211739;10.9;4.2
93;2021-03-22;17108;3569;567915;215308;11.2;4.3
93;2021-03-23;22669;3895;590584;219203;11.7;4.3
93;2021-03-24;21985;6638;612569;225841;12.1;4.5
93;2021-03-25;29042;6523;641611;232364;12.7;4.6
93;2021-03-26;29925;5057;671536;237421;13.3;4.7
93;2021-03-27;12460;1642;683996;239063;13.5;4.7
93;2021-03-28;3578;102;687574;239165;13.6;4.7
93;2021-03-29;18540;5339;706114;244504;14.0;4.8
93;2021-03-30;28525;6710;734639;251214;14.5;5.0
93;2021-03-31;28799;6638;763438;257852;15.1;5.1
93;2021-04-01;30776;7494;794214;265346;15.7;5.2
93;2021-04-02;26945;8495;821159;273841;16.2;5.4
93;2021-04-03;9770;4982;830929;278823;16.4;5.5
93;2021-04-04;2123;1252;833052;280075;16.5;5.5
93;2021-04-05;6064;1566;839116;281641;16.6;5.6
93;2021-04-06;23442;10034;862558;291675;17.1;5.8
93;2021-04-07;26083;11672;888641;303347;17.6;6.0
93;2021-04-08;28876;14981;917517;318328;18.1;6.3
93;2021-04-09;33662;14641;951179;332969;18.8;6.6
93;2021-04-10;14836;8176;966015;341145;19.1;6.7
93;2021-04-11;3636;2961;969651;344106;19.2;6.8
93;2021-04-12;20615;12217;990266;356323;19.6;7.0
93;2021-04-13;25615;15239;1015881;371562;20.1;7.3
93;2021-04-14;25205;15250;1041086;386812;20.6;7.7
93;2021-04-15;27014;15663;1068100;402475;21.1;8.0
93;2021-04-16;27927;16468;1096027;418943;21.7;8.3
93;2021-04-17;12847;7750;1108874;426693;21.9;8.4
93;2021-04-18;5265;2963;1114139;429656;22.0;8.5
93;2021-04-19;19097;15959;1133236;445615;22.4;8.8
93;2021-04-20;21363;18739;1154599;464354;22.8;9.2
93;2021-04-21;23939;18321;1178538;482675;23.3;9.5
93;2021-04-22;25883;19281;1204421;501956;23.8;9.9
93;2021-04-23;25427;18204;1229848;520160;24.3;10.3
93;2021-04-24;11552;8710;1241400;528870;24.6;10.5
93;2021-04-25;3210;2144;1244610;531014;24.6;10.5
93;2021-04-26;16475;15859;1261085;546873;24.9;10.8
93;2021-04-27;19464;20169;1280549;567042;25.3;11.2
93;2021-04-28;21514;20122;1302063;587164;25.8;11.6
93;2021-04-29;27912;21790;1329975;608954;26.3;12.0
93;2021-04-30;27335;20625;1357310;629579;26.8;12.5
93;2021-05-01;11737;5308;1369047;634887;27.1;12.6
93;2021-05-02;4072;1881;1373119;636768;27.2;12.6
93;2021-05-03;20510;18185;1393629;654953;27.6;13.0
93;2021-05-04;20815;22734;1414444;677687;28.0;13.4
93;2021-05-05;19547;21506;1433991;699193;28.4;13.8
93;2021-05-06;24846;21648;1458837;720841;28.9;14.3
93;2021-05-07;22441;25004;1481278;745845;29.3;14.8
93;2021-05-08;13675;6910;1494953;752755;29.6;14.9
93;2021-05-09;3471;2319;1498424;755074;29.6;14.9
93;2021-05-10;18691;22580;1517115;777654;30.0;15.4
93;2021-05-11;25415;25639;1542530;803293;30.5;15.9
93;2021-05-12;32600;22564;1575130;825857;31.2;16.3
93;2021-05-13;28237;7900;1603367;833757;31.7;16.5
93;2021-05-14;35458;16446;1638825;850203;32.4;16.8
93;2021-05-15;29829;10281;1668654;860484;33.0;17.0
93;2021-05-16;12792;2540;1681446;863024;33.3;17.1
93;2021-05-17;25849;17490;1707295;880514;33.8;17.4
93;2021-05-18;30583;16788;1737878;897302;34.4;17.7
93;2021-05-19;30449;15228;1768327;912530;35.0;18.0
93;2021-05-20;33106;16759;1801433;929289;35.6;18.4
93;2021-05-21;34206;17921;1835639;947210;36.3;18.7
93;2021-05-22;18856;7686;1854495;954896;36.7;18.9
93;2021-05-23;5929;2033;1860424;956929;36.8;18.9
93;2021-05-24;17801;5005;1878225;961934;37.2;19.0
93;2021-05-25;23654;20474;1901879;982408;37.6;19.4
93;2021-05-26;24727;21946;1926606;1004354;38.1;19.9
93;2021-05-27;26515;23343;1953121;1027697;38.6;20.3
93;2021-05-28;22977;26649;1976098;1054346;39.1;20.9
93;2021-05-29;13174;14375;1989272;1068721;39.3;21.1
93;2021-05-30;2595;3183;1991867;1071904;39.4;21.2
93;2021-05-31;20924;21298;2012791;1093202;39.8;21.6
93;2021-06-01;24500;26190;2037291;1119392;40.3;22.1
93;2021-06-02;22252;26122;2059543;1145514;40.7;22.7
93;2021-06-03;27688;27290;2087231;1172804;41.3;23.2
93;2021-06-04;27988;28347;2115219;1201151;41.8;23.8
93;2021-06-05;16324;14237;2131543;1215388;42.2;24.0
93;2021-06-06;4894;2797;2136437;1218185;42.3;24.1
93;2021-06-07;17676;24429;2154113;1242614;42.6;24.6
93;2021-06-08;21032;24131;2175145;1266745;43.0;25.1
93;2021-06-09;20681;25773;2195826;1292518;43.4;25.6
93;2021-06-10;21649;24723;2217475;1317241;43.9;26.1
93;2021-06-11;19747;30815;2237222;1348056;44.3;26.7
93;2021-06-12;12973;15321;2250195;1363377;44.5;27.0
93;2021-06-13;2551;3326;2252746;1366703;44.6;27.0
93;2021-06-14;13175;29405;2265921;1396108;44.8;27.6
93;2021-06-15;16473;31004;2282394;1427112;45.1;28.2
93;2021-06-16;17087;25686;2299481;1452798;45.5;28.7
93;2021-06-17;17132;28184;2316613;1480982;45.8;29.3
93;2021-06-18;16238;28014;2332851;1508996;46.1;29.8
93;2021-06-19;9683;15341;2342534;1524337;46.3;30.2
93;2021-06-20;2390;3703;2344924;1528040;46.4;30.2
93;2021-06-21;9912;30463;2354836;1558503;46.6;30.8
93;2021-06-22;11522;34460;2366358;1592963;46.8;31.5
93;2021-06-23;11449;32276;2377807;1625239;47.0;32.1
93;2021-06-24;12175;34102;2389982;1659341;47.3;32.8
93;2021-06-25;11157;37904;2401139;1697245;47.5;33.6
93;2021-06-26;6686;21706;2407825;1718951;47.6;34.0
93;2021-06-27;1992;5802;2409817;1724753;47.7;34.1
93;2021-06-28;8187;32696;2418004;1757449;47.8;34.8
93;2021-06-29;9905;33730;2427909;1791179;48.0;35.4
93;2021-06-30;10617;33268;2438526;1824447;48.2;36.1
93;2021-07-01;12407;31059;2450933;1855506;48.5;36.7
93;2021-07-02;12414;33744;2463347;1889250;48.7;37.4
93;2021-07-03;7335;21998;2470682;1911248;48.9;37.8
93;2021-07-04;1818;4482;2472500;1915730;48.9;37.9
94;2020-12-27;0;0;0;0;0.0;0.0
94;2020-12-28;0;0;0;0;0.0;0.0
94;2020-12-29;0;0;0;0;0.0;0.0
94;2020-12-30;0;0;0;0;0.0;0.0
94;2020-12-31;0;0;0;0;0.0;0.0
94;2021-01-01;0;0;0;0;0.0;0.0
94;2021-01-02;0;0;0;0;0.0;0.0
94;2021-01-03;0;0;0;0;0.0;0.0
94;2021-01-04;2;0;2;0;0.0;0.0
94;2021-01-05;0;0;2;0;0.0;0.0
94;2021-01-06;53;1;55;1;0.0;0.0
94;2021-01-07;333;1;388;2;0.1;0.0
94;2021-01-08;310;0;698;2;0.2;0.0
94;2021-01-09;78;0;776;2;0.2;0.0
94;2021-01-10;34;0;810;2;0.2;0.0
94;2021-01-11;151;0;961;2;0.3;0.0
94;2021-01-12;209;1;1170;3;0.3;0.0
94;2021-01-13;203;0;1373;3;0.4;0.0
94;2021-01-14;264;1;1637;4;0.5;0.0
94;2021-01-15;405;0;2042;4;0.6;0.0
94;2021-01-16;200;1;2242;5;0.7;0.0
94;2021-01-17;91;1;2333;6;0.7;0.0
94;2021-01-18;471;2;2804;8;0.8;0.0
94;2021-01-19;982;0;3786;8;1.1;0.0
94;2021-01-20;812;0;4598;8;1.3;0.0
94;2021-01-21;808;1;5406;9;1.6;0.0
94;2021-01-22;727;0;6133;9;1.8;0.0
94;2021-01-23;243;0;6376;9;1.8;0.0
94;2021-01-24;147;0;6523;9;1.9;0.0
94;2021-01-25;422;2;6945;11;2.0;0.0
94;2021-01-26;790;7;7735;18;2.2;0.0
94;2021-01-27;663;55;8398;73;2.4;0.0
94;2021-01-28;699;230;9097;303;2.6;0.1
94;2021-01-29;627;228;9724;531;2.8;0.2
94;2021-01-30;204;75;9928;606;2.9;0.2
94;2021-01-31;150;12;10078;618;2.9;0.2
94;2021-02-01;458;147;10536;765;3.1;0.2
94;2021-02-02;643;196;11179;961;3.2;0.3
94;2021-02-03;783;167;11962;1128;3.5;0.3
94;2021-02-04;714;297;12676;1425;3.7;0.4
94;2021-02-05;659;201;13335;1626;3.9;0.5
94;2021-02-06;207;75;13542;1701;3.9;0.5
94;2021-02-07;126;58;13668;1759;4.0;0.5
94;2021-02-08;322;366;13990;2125;4.1;0.6
94;2021-02-09;712;616;14702;2741;4.3;0.8
94;2021-02-10;643;431;15345;3172;4.5;0.9
94;2021-02-11;678;497;16023;3669;4.6;1.1
94;2021-02-12;641;429;16664;4098;4.8;1.2
94;2021-02-13;301;72;16965;4170;4.9;1.2
94;2021-02-14;195;78;17160;4248;5.0;1.2
94;2021-02-15;380;310;17540;4558;5.1;1.3
94;2021-02-16;634;607;18174;5165;5.3;1.5
94;2021-02-17;592;482;18766;5647;5.4;1.6
94;2021-02-18;550;546;19316;6193;5.6;1.8
94;2021-02-19;309;610;19625;6803;5.7;2.0
94;2021-02-20;275;199;19900;7002;5.8;2.0
94;2021-02-21;84;84;19984;7086;5.8;2.1
94;2021-02-22;211;406;20195;7492;5.9;2.2
94;2021-02-23;352;648;20547;8140;6.0;2.4
94;2021-02-24;299;609;20846;8749;6.0;2.5
94;2021-02-25;348;607;21194;9356;6.1;2.7
94;2021-02-26;420;555;21614;9911;6.3;2.9
94;2021-02-27;368;152;21982;10063;6.4;2.9
94;2021-02-28;70;123;22052;10186;6.4;3.0
94;2021-03-01;361;412;22413;10598;6.5;3.1
94;2021-03-02;549;655;22962;11253;6.7;3.3
94;2021-03-03;532;692;23494;11945;6.8;3.5
94;2021-03-04;950;636;24444;12581;7.1;3.7
94;2021-03-05;1584;678;26028;13259;7.6;3.8
94;2021-03-06;1843;165;27871;13424;8.1;3.9
94;2021-03-07;1381;101;29252;13525;8.5;3.9
94;2021-03-08;1228;324;30480;13849;8.8;4.0
94;2021-03-09;1313;657;31793;14506;9.2;4.2
94;2021-03-10;1259;581;33052;15087;9.6;4.4
94;2021-03-11;1307;634;34359;15721;10.0;4.6
94;2021-03-12;1517;541;35876;16262;10.4;4.7
94;2021-03-13;1118;303;36994;16565;10.7;4.8
94;2021-03-14;537;185;37531;16750;10.9;4.9
94;2021-03-15;886;401;38417;17151;11.1;5.0
94;2021-03-16;1065;641;39482;17792;11.5;5.2
94;2021-03-17;1225;530;40707;18322;11.8;5.3
94;2021-03-18;995;530;41702;18852;12.1;5.5
94;2021-03-19;1286;342;42988;19194;12.5;5.6
94;2021-03-20;1732;292;44720;19486;13.0;5.7
94;2021-03-21;1126;83;45846;19569;13.3;5.7
94;2021-03-22;889;189;46735;19758;13.6;5.7
94;2021-03-23;1302;320;48037;20078;13.9;5.8
94;2021-03-24;1688;306;49725;20384;14.4;5.9
94;2021-03-25;1753;296;51478;20680;14.9;6.0
94;2021-03-26;2031;348;53509;21028;15.5;6.1
94;2021-03-27;2273;229;55782;21257;16.2;6.2
94;2021-03-28;1070;217;56852;21474;16.5;6.2
94;2021-03-29;1025;312;57877;21786;16.8;6.3
94;2021-03-30;1352;555;59229;22341;17.2;6.5
94;2021-03-31;1428;488;60657;22829;17.6;6.6
94;2021-04-01;1638;679;62295;23508;18.1;6.8
94;2021-04-02;1863;1190;64158;24698;18.6;7.2
94;2021-04-03;1890;1128;66048;25826;19.2;7.5
94;2021-04-04;770;843;66818;26669;19.4;7.7
94;2021-04-05;629;807;67447;27476;19.6;8.0
94;2021-04-06;1579;912;69026;28388;20.0;8.2
94;2021-04-07;2010;849;71036;29237;20.6;8.5
94;2021-04-08;2174;756;73210;29993;21.2;8.7
94;2021-04-09;2100;952;75310;30945;21.8;9.0
94;2021-04-10;2402;626;77712;31571;22.5;9.2
94;2021-04-11;1173;315;78885;31886;22.9;9.3
94;2021-04-12;1517;898;80402;32784;23.3;9.5
94;2021-04-13;1384;1007;81786;33791;23.7;9.8
94;2021-04-14;2088;1075;83874;34866;24.3;10.1
94;2021-04-15;1921;1029;85795;35895;24.9;10.4
94;2021-04-16;1777;1038;87572;36933;25.4;10.7
94;2021-04-17;1750;1373;89322;38306;25.9;11.1
94;2021-04-18;1234;1280;90556;39586;26.3;11.5
94;2021-04-19;1091;772;91647;40358;26.6;11.7
94;2021-04-20;1249;1193;92896;41551;27.0;12.1
94;2021-04-21;1781;1335;94677;42886;27.5;12.4
94;2021-04-22;1832;1376;96509;44262;28.0;12.8
94;2021-04-23;1647;1403;98156;45665;28.5;13.2
94;2021-04-24;2030;1744;100186;47409;29.1;13.8
94;2021-04-25;1261;777;101447;48186;29.4;14.0
94;2021-04-26;1015;1145;102462;49331;29.7;14.3
94;2021-04-27;1308;1218;103770;50549;30.1;14.7
94;2021-04-28;2587;1274;106357;51823;30.9;15.0
94;2021-04-29;1969;1223;108326;53046;31.4;15.4
94;2021-04-30;2262;1882;110588;54928;32.1;15.9
94;2021-05-01;1423;1689;112011;56617;32.5;16.4
94;2021-05-02;1009;948;113020;57565;32.8;16.7
94;2021-05-03;1600;1067;114620;58632;33.3;17.0
94;2021-05-04;1557;1683;116177;60315;33.7;17.5
94;2021-05-05;1809;2357;117986;62672;34.2;18.2
94;2021-05-06;2187;1812;120173;64484;34.9;18.7
94;2021-05-07;2212;1818;122385;66302;35.5;19.2
94;2021-05-08;873;1353;123258;67655;35.8;19.6
94;2021-05-09;1175;1319;124433;68974;36.1;20.0
94;2021-05-10;1373;1537;125806;70511;36.5;20.5
94;2021-05-11;1580;1574;127386;72085;37.0;20.9
94;2021-05-12;1768;1379;129154;73464;37.5;21.3
94;2021-05-13;1940;512;131094;73976;38.0;21.5
94;2021-05-14;1513;1258;132607;75234;38.5;21.8
94;2021-05-15;1479;997;134086;76231;38.9;22.1
94;2021-05-16;1032;673;135118;76904;39.2;22.3
94;2021-05-17;1581;967;136699;77871;39.7;22.6
94;2021-05-18;1601;858;138300;78729;40.1;22.8
94;2021-05-19;1551;896;139851;79625;40.6;23.1
94;2021-05-20;1354;895;141205;80520;41.0;23.4
94;2021-05-21;1234;981;142439;81501;41.3;23.6
94;2021-05-22;1013;698;143452;82199;41.6;23.8
94;2021-05-23;696;329;144148;82528;41.8;23.9
94;2021-05-24;164;147;144312;82675;41.9;24.0
94;2021-05-25;956;855;145268;83530;42.1;24.2
94;2021-05-26;953;1953;146221;85483;42.4;24.8
94;2021-05-27;836;2241;147057;87724;42.7;25.5
94;2021-05-28;838;1821;147895;89545;42.9;26.0
94;2021-05-29;644;1252;148539;90797;43.1;26.3
94;2021-05-30;226;550;148765;91347;43.2;26.5
94;2021-05-31;556;1241;149321;92588;43.3;26.9
94;2021-06-01;736;1767;150057;94355;43.5;27.4
94;2021-06-02;628;1926;150685;96281;43.7;27.9
94;2021-06-03;783;1647;151468;97928;43.9;28.4
94;2021-06-04;608;2345;152076;100273;44.1;29.1
94;2021-06-05;562;1938;152638;102211;44.3;29.7
94;2021-06-06;220;1039;152858;103250;44.3;30.0
94;2021-06-07;436;1608;153294;104858;44.5;30.4
94;2021-06-08;693;1870;153987;106728;44.7;31.0
94;2021-06-09;797;2493;154784;109221;44.9;31.7
94;2021-06-10;670;1792;155454;111013;45.1;32.2
94;2021-06-11;690;2295;156144;113308;45.3;32.9
94;2021-06-12;354;1208;156498;114516;45.4;33.2
94;2021-06-13;204;854;156702;115370;45.5;33.5
94;2021-06-14;421;2038;157123;117408;45.6;34.1
94;2021-06-15;546;1724;157669;119132;45.7;34.6
94;2021-06-16;575;1711;158244;120843;45.9;35.1
94;2021-06-17;612;1637;158856;122480;46.1;35.5
94;2021-06-18;575;1877;159431;124357;46.3;36.1
94;2021-06-19;342;1014;159773;125371;46.4;36.4
94;2021-06-20;188;888;159961;126259;46.4;36.6
94;2021-06-21;435;1756;160396;128015;46.5;37.1
94;2021-06-22;539;1957;160935;129972;46.7;37.7
94;2021-06-23;401;1439;161336;131411;46.8;38.1
94;2021-06-24;463;1125;161799;132536;46.9;38.5
94;2021-06-25;368;1546;162167;134082;47.0;38.9
94;2021-06-26;301;1421;162468;135503;47.1;39.3
94;2021-06-27;201;1007;162669;136510;47.2;39.6
94;2021-06-28;511;1652;163180;138162;47.3;40.1
94;2021-06-29;471;1673;163651;139835;47.5;40.6
94;2021-06-30;604;1427;164255;141262;47.7;41.0
94;2021-07-01;404;983;164659;142245;47.8;41.3
94;2021-07-02;354;919;165013;143164;47.9;41.5
94;2021-07-03;288;1006;165301;144170;48.0;41.8
94;2021-07-04;168;663;165469;144833;48.0;42.0
