fra;clage_vacsi;jour;n_dose1;n_complet;n_cum_dose1;n_cum_complet;couv_dose1;couv_complet
FR;24;2020-12-27;1;0;1;0;0.0;0.0
FR;24;2020-12-28;2;0;3;0;0.0;0.0
FR;24;2020-12-29;0;0;3;0;0.0;0.0
FR;24;2020-12-30;0;0;3;0;0.0;0.0
FR;24;2020-12-31;0;0;3;0;0.0;0.0
FR;24;2021-01-01;1;0;4;0;0.0;0.0
FR;24;2021-01-02;0;0;4;0;0.0;0.0
FR;24;2021-01-03;2;0;6;0;0.0;0.0
FR;24;2021-01-04;4;0;10;0;0.0;0.0
FR;24;2021-01-05;17;0;27;0;0.0;0.0
FR;24;2021-01-06;36;0;63;0;0.0;0.0
FR;24;2021-01-07;180;0;243;0;0.0;0.0
FR;24;2021-01-08;216;0;459;0;0.0;0.0
FR;24;2021-01-09;40;0;499;0;0.0;0.0
FR;24;2021-01-10;35;0;534;0;0.0;0.0
FR;24;2021-01-11;251;2;785;2;0.0;0.0
FR;24;2021-01-12;395;2;1180;4;0.0;0.0
FR;24;2021-01-13;477;3;1657;7;0.0;0.0
FR;24;2021-01-14;610;5;2267;12;0.0;0.0
FR;24;2021-01-15;589;1;2856;13;0.1;0.0
FR;24;2021-01-16;116;3;2972;16;0.1;0.0
FR;24;2021-01-17;94;0;3066;16;0.1;0.0
FR;24;2021-01-18;507;3;3573;19;0.1;0.0
FR;24;2021-01-19;595;3;4168;22;0.1;0.0
FR;24;2021-01-20;649;0;4817;22;0.1;0.0
FR;24;2021-01-21;754;4;5571;26;0.1;0.0
FR;24;2021-01-22;599;3;6170;29;0.1;0.0
FR;24;2021-01-23;116;0;6286;29;0.1;0.0
FR;24;2021-01-24;22;0;6308;29;0.1;0.0
FR;24;2021-01-25;294;3;6602;32;0.1;0.0
FR;24;2021-01-26;366;11;6968;43;0.1;0.0
FR;24;2021-01-27;440;14;7408;57;0.1;0.0
FR;24;2021-01-28;595;50;8003;107;0.1;0.0
FR;24;2021-01-29;466;82;8469;189;0.2;0.0
FR;24;2021-01-30;87;16;8556;205;0.2;0.0
FR;24;2021-01-31;25;13;8581;218;0.2;0.0
FR;24;2021-02-01;156;134;8737;352;0.2;0.0
FR;24;2021-02-02;215;182;8952;534;0.2;0.0
FR;24;2021-02-03;216;185;9168;719;0.2;0.0
FR;24;2021-02-04;358;315;9526;1034;0.2;0.0
FR;24;2021-02-05;345;343;9871;1377;0.2;0.0
FR;24;2021-02-06;83;71;9954;1448;0.2;0.0
FR;24;2021-02-07;169;29;10123;1477;0.2;0.0
FR;24;2021-02-08;388;357;10511;1834;0.2;0.0
FR;24;2021-02-09;744;455;11255;2289;0.2;0.0
FR;24;2021-02-10;1087;594;12342;2883;0.2;0.1
FR;24;2021-02-11;1573;700;13915;3583;0.3;0.1
FR;24;2021-02-12;1622;558;15537;4141;0.3;0.1
FR;24;2021-02-13;292;90;15829;4231;0.3;0.1
FR;24;2021-02-14;62;30;15891;4261;0.3;0.1
FR;24;2021-02-15;1034;371;16925;4632;0.3;0.1
FR;24;2021-02-16;1562;568;18487;5200;0.3;0.1
FR;24;2021-02-17;1491;488;19978;5688;0.4;0.1
FR;24;2021-02-18;1944;621;21922;6309;0.4;0.1
FR;24;2021-02-19;1852;546;23774;6855;0.4;0.1
FR;24;2021-02-20;332;87;24106;6942;0.4;0.1
FR;24;2021-02-21;40;18;24146;6960;0.4;0.1
FR;24;2021-02-22;1157;279;25303;7239;0.5;0.1
FR;24;2021-02-23;1586;377;26889;7616;0.5;0.1
FR;24;2021-02-24;1645;323;28534;7939;0.5;0.1
FR;24;2021-02-25;2267;456;30801;8395;0.6;0.2
FR;24;2021-02-26;2188;372;32989;8767;0.6;0.2
FR;24;2021-02-27;530;80;33519;8847;0.6;0.2
FR;24;2021-02-28;92;15;33611;8862;0.6;0.2
FR;24;2021-03-01;1246;224;34857;9086;0.6;0.2
FR;24;2021-03-02;1645;282;36502;9368;0.7;0.2
FR;24;2021-03-03;1741;329;38243;9697;0.7;0.2
FR;24;2021-03-04;2104;477;40347;10174;0.7;0.2
FR;24;2021-03-05;3276;455;43623;10629;0.8;0.2
FR;24;2021-03-06;1700;124;45323;10753;0.8;0.2
FR;24;2021-03-07;979;58;46302;10811;0.9;0.2
FR;24;2021-03-08;1950;230;48252;11041;0.9;0.2
FR;24;2021-03-09;2598;276;50850;11317;0.9;0.2
FR;24;2021-03-10;2424;334;53274;11651;1.0;0.2
FR;24;2021-03-11;2913;474;56187;12125;1.0;0.2
FR;24;2021-03-12;3808;408;59995;12533;1.1;0.2
FR;24;2021-03-13;1474;87;61469;12620;1.1;0.2
FR;24;2021-03-14;532;33;62001;12653;1.1;0.2
FR;24;2021-03-15;1829;235;63830;12888;1.2;0.2
FR;24;2021-03-16;822;306;64652;13194;1.2;0.2
FR;24;2021-03-17;1066;317;65718;13511;1.2;0.2
FR;24;2021-03-18;1299;433;67017;13944;1.2;0.3
FR;24;2021-03-19;1861;353;68878;14297;1.3;0.3
FR;24;2021-03-20;831;86;69709;14383;1.3;0.3
FR;24;2021-03-21;633;52;70342;14435;1.3;0.3
FR;24;2021-03-22;1501;284;71843;14719;1.3;0.3
FR;24;2021-03-23;1791;392;73634;15111;1.4;0.3
FR;24;2021-03-24;2154;350;75788;15461;1.4;0.3
FR;24;2021-03-25;2556;490;78344;15951;1.4;0.3
FR;24;2021-03-26;3157;472;81501;16423;1.5;0.3
FR;24;2021-03-27;1895;192;83396;16615;1.5;0.3
FR;24;2021-03-28;1009;71;84405;16686;1.6;0.3
FR;24;2021-03-29;2433;361;86838;17047;1.6;0.3
FR;24;2021-03-30;3599;511;90437;17558;1.7;0.3
FR;24;2021-03-31;4129;511;94566;18069;1.7;0.3
FR;24;2021-04-01;5388;733;99954;18802;1.8;0.3
FR;24;2021-04-02;4442;613;104396;19415;1.9;0.4
FR;24;2021-04-03;1742;334;106138;19749;2.0;0.4
FR;24;2021-04-04;954;123;107092;19872;2.0;0.4
FR;24;2021-04-05;1092;127;108184;19999;2.0;0.4
FR;24;2021-04-06;3538;570;111722;20569;2.1;0.4
FR;24;2021-04-07;4763;792;116485;21361;2.1;0.4
FR;24;2021-04-08;6342;1088;122827;22449;2.3;0.4
FR;24;2021-04-09;5760;1024;128587;23473;2.4;0.4
FR;24;2021-04-10;2624;558;131211;24031;2.4;0.4
FR;24;2021-04-11;1255;307;132466;24338;2.4;0.4
FR;24;2021-04-12;3418;908;135884;25246;2.5;0.5
FR;24;2021-04-13;4728;1134;140612;26380;2.6;0.5
FR;24;2021-04-14;4910;1287;145522;27667;2.7;0.5
FR;24;2021-04-15;5160;1551;150682;29218;2.8;0.5
FR;24;2021-04-16;4771;1659;155453;30877;2.9;0.6
FR;24;2021-04-17;2113;792;157566;31669;2.9;0.6
FR;24;2021-04-18;720;433;158286;32102;2.9;0.6
FR;24;2021-04-19;2908;1506;161194;33608;3.0;0.6
FR;24;2021-04-20;3086;2109;164280;35717;3.0;0.7
FR;24;2021-04-21;3398;2451;167678;38168;3.1;0.7
FR;24;2021-04-22;3983;3109;171661;41277;3.2;0.8
FR;24;2021-04-23;4134;3265;175795;44542;3.2;0.8
FR;24;2021-04-24;2365;1668;178160;46210;3.3;0.9
FR;24;2021-04-25;1215;799;179375;47009;3.3;0.9
FR;24;2021-04-26;3041;2165;182416;49174;3.4;0.9
FR;24;2021-04-27;3862;3149;186278;52323;3.4;1.0
FR;24;2021-04-28;4342;3718;190620;56041;3.5;1.0
FR;24;2021-04-29;5416;4418;196036;60459;3.6;1.1
FR;24;2021-04-30;6138;4588;202174;65047;3.7;1.2
FR;24;2021-05-01;3941;1071;206115;66118;3.8;1.2
FR;24;2021-05-02;2733;896;208848;67014;3.9;1.2
FR;24;2021-05-03;6245;4121;215093;71135;4.0;1.3
FR;24;2021-05-04;7481;4696;222574;75831;4.1;1.4
FR;24;2021-05-05;8531;4911;231105;80742;4.3;1.5
FR;24;2021-05-06;10732;6336;241837;87078;4.5;1.6
FR;24;2021-05-07;11921;6368;253758;93446;4.7;1.7
FR;24;2021-05-08;9502;2484;263260;95930;4.9;1.8
FR;24;2021-05-09;6860;1922;270120;97852;5.0;1.8
FR;24;2021-05-10;10877;4911;280997;102763;5.2;1.9
FR;24;2021-05-11;15351;5706;296348;108469;5.5;2.0
FR;24;2021-05-12;22302;6065;318650;114534;5.9;2.1
FR;24;2021-05-13;26934;2965;345584;117499;6.4;2.2
FR;24;2021-05-14;31804;5437;377388;122936;7.0;2.3
FR;24;2021-05-15;33229;3876;410617;126812;7.6;2.3
FR;24;2021-05-16;21866;1952;432483;128764;8.0;2.4
FR;24;2021-05-17;29163;5134;461646;133898;8.5;2.5
FR;24;2021-05-18;36884;5951;498530;139849;9.2;2.6
FR;24;2021-05-19;39146;6946;537676;146795;9.9;2.7
FR;24;2021-05-20;44950;7309;582626;154104;10.7;2.8
FR;24;2021-05-21;46125;7046;628751;161150;11.6;3.0
FR;24;2021-05-22;44259;4404;673010;165554;12.4;3.1
FR;24;2021-05-23;23764;2247;696774;167801;12.8;3.1
FR;29;2020-12-27;0;0;0;0;0.0;0.0
FR;29;2020-12-28;1;0;1;0;0.0;0.0
FR;29;2020-12-29;0;0;1;0;0.0;0.0
FR;29;2020-12-30;0;0;1;0;0.0;0.0
FR;29;2020-12-31;0;0;1;0;0.0;0.0
FR;29;2021-01-01;2;0;3;0;0.0;0.0
FR;29;2021-01-02;2;0;5;0;0.0;0.0
FR;29;2021-01-03;2;0;7;0;0.0;0.0
FR;29;2021-01-04;10;0;17;0;0.0;0.0
FR;29;2021-01-05;42;0;59;0;0.0;0.0
FR;29;2021-01-06;142;0;201;0;0.0;0.0
FR;29;2021-01-07;306;1;507;1;0.0;0.0
FR;29;2021-01-08;517;2;1024;3;0.0;0.0
FR;29;2021-01-09;113;0;1137;3;0.0;0.0
FR;29;2021-01-10;91;0;1228;3;0.0;0.0
FR;29;2021-01-11;643;1;1871;4;0.1;0.0
FR;29;2021-01-12;929;5;2800;9;0.1;0.0
FR;29;2021-01-13;1211;3;4011;12;0.1;0.0
FR;29;2021-01-14;1559;9;5570;21;0.1;0.0
FR;29;2021-01-15;1304;2;6874;23;0.2;0.0
FR;29;2021-01-16;192;3;7066;26;0.2;0.0
FR;29;2021-01-17;158;0;7224;26;0.2;0.0
FR;29;2021-01-18;1039;4;8263;30;0.2;0.0
FR;29;2021-01-19;1146;5;9409;35;0.3;0.0
FR;29;2021-01-20;1192;2;10601;37;0.3;0.0
FR;29;2021-01-21;1451;5;12052;42;0.3;0.0
FR;29;2021-01-22;1147;4;13199;46;0.4;0.0
FR;29;2021-01-23;169;2;13368;48;0.4;0.0
FR;29;2021-01-24;52;0;13420;48;0.4;0.0
FR;29;2021-01-25;537;16;13957;64;0.4;0.0
FR;29;2021-01-26;662;35;14619;99;0.4;0.0
FR;29;2021-01-27;720;60;15339;159;0.4;0.0
FR;29;2021-01-28;1033;120;16372;279;0.4;0.0
FR;29;2021-01-29;801;170;17173;449;0.5;0.0
FR;29;2021-01-30;140;39;17313;488;0.5;0.0
FR;29;2021-01-31;33;26;17346;514;0.5;0.0
FR;29;2021-02-01;261;291;17607;805;0.5;0.0
FR;29;2021-02-02;404;372;18011;1177;0.5;0.0
FR;29;2021-02-03;454;458;18465;1635;0.5;0.0
FR;29;2021-02-04;607;716;19072;2351;0.5;0.1
FR;29;2021-02-05;532;747;19604;3098;0.5;0.1
FR;29;2021-02-06;141;106;19745;3204;0.5;0.1
FR;29;2021-02-07;304;62;20049;3266;0.5;0.1
FR;29;2021-02-08;602;801;20651;4067;0.6;0.1
FR;29;2021-02-09;1245;1007;21896;5074;0.6;0.1
FR;29;2021-02-10;1710;1125;23606;6199;0.6;0.2
FR;29;2021-02-11;2459;1401;26065;7600;0.7;0.2
FR;29;2021-02-12;2214;1206;28279;8806;0.8;0.2
FR;29;2021-02-13;424;155;28703;8961;0.8;0.2
FR;29;2021-02-14;133;81;28836;9042;0.8;0.2
FR;29;2021-02-15;1570;781;30406;9823;0.8;0.3
FR;29;2021-02-16;1916;1138;32322;10961;0.9;0.3
FR;29;2021-02-17;1882;928;34204;11889;0.9;0.3
FR;29;2021-02-18;2387;1143;36591;13032;1.0;0.4
FR;29;2021-02-19;2320;929;38911;13961;1.0;0.4
FR;29;2021-02-20;383;121;39294;14082;1.1;0.4
FR;29;2021-02-21;86;42;39380;14124;1.1;0.4
FR;29;2021-02-22;1356;517;40736;14641;1.1;0.4
FR;29;2021-02-23;1755;635;42491;15276;1.1;0.4
FR;29;2021-02-24;1782;527;44273;15803;1.2;0.4
FR;29;2021-02-25;2392;906;46665;16709;1.3;0.4
FR;29;2021-02-26;2570;635;49235;17344;1.3;0.5
FR;29;2021-02-27;607;106;49842;17450;1.3;0.5
FR;29;2021-02-28;112;27;49954;17477;1.3;0.5
FR;29;2021-03-01;1290;333;51244;17810;1.4;0.5
FR;29;2021-03-02;1788;565;53032;18375;1.4;0.5
FR;29;2021-03-03;1967;571;54999;18946;1.5;0.5
FR;29;2021-03-04;2445;718;57444;19664;1.5;0.5
FR;29;2021-03-05;3595;675;61039;20339;1.6;0.5
FR;29;2021-03-06;1624;133;62663;20472;1.7;0.6
FR;29;2021-03-07;819;95;63482;20567;1.7;0.6
FR;29;2021-03-08;1938;366;65420;20933;1.8;0.6
FR;29;2021-03-09;2633;444;68053;21377;1.8;0.6
FR;29;2021-03-10;2550;473;70603;21850;1.9;0.6
FR;29;2021-03-11;3324;770;73927;22620;2.0;0.6
FR;29;2021-03-12;3952;687;77879;23307;2.1;0.6
FR;29;2021-03-13;1618;126;79497;23433;2.1;0.6
FR;29;2021-03-14;563;58;80060;23491;2.2;0.6
FR;29;2021-03-15;1881;338;81941;23829;2.2;0.6
FR;29;2021-03-16;1116;489;83057;24318;2.2;0.7
FR;29;2021-03-17;1374;490;84431;24808;2.3;0.7
FR;29;2021-03-18;1641;661;86072;25469;2.3;0.7
FR;29;2021-03-19;2224;541;88296;26010;2.4;0.7
FR;29;2021-03-20;987;124;89283;26134;2.4;0.7
FR;29;2021-03-21;725;58;90008;26192;2.4;0.7
FR;29;2021-03-22;1655;400;91663;26592;2.5;0.7
FR;29;2021-03-23;2204;588;93867;27180;2.5;0.7
FR;29;2021-03-24;2525;554;96392;27734;2.6;0.7
FR;29;2021-03-25;3371;666;99763;28400;2.7;0.8
FR;29;2021-03-26;3728;677;103491;29077;2.8;0.8
FR;29;2021-03-27;2144;240;105635;29317;2.8;0.8
FR;29;2021-03-28;963;63;106598;29380;2.9;0.8
FR;29;2021-03-29;2752;504;109350;29884;2.9;0.8
FR;29;2021-03-30;3979;692;113329;30576;3.0;0.8
FR;29;2021-03-31;4493;781;117822;31357;3.2;0.8
FR;29;2021-04-01;5842;981;123664;32338;3.3;0.9
FR;29;2021-04-02;4879;893;128543;33231;3.5;0.9
FR;29;2021-04-03;1763;326;130306;33557;3.5;0.9
FR;29;2021-04-04;898;116;131204;33673;3.5;0.9
FR;29;2021-04-05;915;111;132119;33784;3.6;0.9
FR;29;2021-04-06;3490;737;135609;34521;3.6;0.9
FR;29;2021-04-07;4529;1089;140138;35610;3.8;1.0
FR;29;2021-04-08;6252;1413;146390;37023;3.9;1.0
FR;29;2021-04-09;6270;1244;152660;38267;4.1;1.0
FR;29;2021-04-10;2644;611;155304;38878;4.2;1.0
FR;29;2021-04-11;1162;332;156466;39210;4.2;1.1
FR;29;2021-04-12;3572;1022;160038;40232;4.3;1.1
FR;29;2021-04-13;4831;1471;164869;41703;4.4;1.1
FR;29;2021-04-14;4740;1494;169609;43197;4.6;1.2
FR;29;2021-04-15;5557;1789;175166;44986;4.7;1.2
FR;29;2021-04-16;4741;1857;179907;46843;4.8;1.3
FR;29;2021-04-17;2222;907;182129;47750;4.9;1.3
FR;29;2021-04-18;767;516;182896;48266;4.9;1.3
FR;29;2021-04-19;2837;1743;185733;50009;5.0;1.3
FR;29;2021-04-20;3457;2475;189190;52484;5.1;1.4
FR;29;2021-04-21;3429;2760;192619;55244;5.2;1.5
FR;29;2021-04-22;4400;3811;197019;59055;5.3;1.6
FR;29;2021-04-23;4537;3737;201556;62792;5.4;1.7
FR;29;2021-04-24;2670;1811;204226;64603;5.5;1.7
FR;29;2021-04-25;1173;733;205399;65336;5.5;1.8
FR;29;2021-04-26;2928;2451;208327;67787;5.6;1.8
FR;29;2021-04-27;3954;3582;212281;71369;5.7;1.9
FR;29;2021-04-28;4591;3994;216872;75363;5.8;2.0
FR;29;2021-04-29;5822;4943;222694;80306;6.0;2.2
FR;29;2021-04-30;6392;5162;229086;85468;6.2;2.3
FR;29;2021-05-01;4198;1206;233284;86674;6.3;2.3
FR;29;2021-05-02;2591;906;235875;87580;6.3;2.4
FR;29;2021-05-03;6797;4273;242672;91853;6.5;2.5
FR;29;2021-05-04;8069;5157;250741;97010;6.7;2.6
FR;29;2021-05-05;9420;5139;260161;102149;7.0;2.7
FR;29;2021-05-06;11104;6491;271265;108640;7.3;2.9
FR;29;2021-05-07;11544;6558;282809;115198;7.6;3.1
FR;29;2021-05-08;8432;2221;291241;117419;7.8;3.2
FR;29;2021-05-09;5899;1738;297140;119157;8.0;3.2
FR;29;2021-05-10;10501;5241;307641;124398;8.3;3.3
FR;29;2021-05-11;14428;6309;322069;130707;8.7;3.5
FR;29;2021-05-12;19536;6217;341605;136924;9.2;3.7
FR;29;2021-05-13;19451;2293;361056;139217;9.7;3.7
FR;29;2021-05-14;22141;4318;383197;143535;10.3;3.9
FR;29;2021-05-15;20922;2900;404119;146435;10.9;3.9
FR;29;2021-05-16;13371;1319;417490;147754;11.2;4.0
FR;29;2021-05-17;21308;4897;438798;152651;11.8;4.1
FR;29;2021-05-18;27652;5645;466450;158296;12.5;4.3
FR;29;2021-05-19;28278;5908;494728;164204;13.3;4.4
FR;29;2021-05-20;32083;6456;526811;170660;14.2;4.6
FR;29;2021-05-21;31194;6099;558005;176759;15.0;4.8
FR;29;2021-05-22;25917;2978;583922;179737;15.7;4.8
FR;29;2021-05-23;14056;1471;597978;181208;16.1;4.9
FR;39;2020-12-27;0;0;0;0;0.0;0.0
FR;39;2020-12-28;0;0;0;0;0.0;0.0
FR;39;2020-12-29;1;0;1;0;0.0;0.0
FR;39;2020-12-30;3;0;4;0;0.0;0.0
FR;39;2020-12-31;1;0;5;0;0.0;0.0
FR;39;2021-01-01;4;0;9;0;0.0;0.0
FR;39;2021-01-02;2;1;11;1;0.0;0.0
FR;39;2021-01-03;2;0;13;1;0.0;0.0
FR;39;2021-01-04;23;0;36;1;0.0;0.0
FR;39;2021-01-05;139;0;175;1;0.0;0.0
FR;39;2021-01-06;384;0;559;1;0.0;0.0
FR;39;2021-01-07;1175;5;1734;6;0.0;0.0
FR;39;2021-01-08;1782;3;3516;9;0.0;0.0
FR;39;2021-01-09;473;0;3989;9;0.0;0.0
FR;39;2021-01-10;307;1;4296;10;0.1;0.0
FR;39;2021-01-11;2206;6;6502;16;0.1;0.0
FR;39;2021-01-12;3394;13;9896;29;0.1;0.0
FR;39;2021-01-13;3482;7;13378;36;0.2;0.0
FR;39;2021-01-14;4764;45;18142;81;0.2;0.0
FR;39;2021-01-15;4381;14;22523;95;0.3;0.0
FR;39;2021-01-16;768;4;23291;99;0.3;0.0
FR;39;2021-01-17;488;2;23779;101;0.3;0.0
FR;39;2021-01-18;3062;21;26841;122;0.3;0.0
FR;39;2021-01-19;3995;15;30836;137;0.4;0.0
FR;39;2021-01-20;3893;13;34729;150;0.4;0.0
FR;39;2021-01-21;5122;17;39851;167;0.5;0.0
FR;39;2021-01-22;3951;20;43802;187;0.5;0.0
FR;39;2021-01-23;590;3;44392;190;0.5;0.0
FR;39;2021-01-24;184;0;44576;190;0.5;0.0
FR;39;2021-01-25;1593;39;46169;229;0.6;0.0
FR;39;2021-01-26;2163;96;48332;325;0.6;0.0
FR;39;2021-01-27;2277;210;50609;535;0.6;0.0
FR;39;2021-01-28;3469;465;54078;1000;0.7;0.0
FR;39;2021-01-29;2672;693;56750;1693;0.7;0.0
FR;39;2021-01-30;395;215;57145;1908;0.7;0.0
FR;39;2021-01-31;89;78;57234;1986;0.7;0.0
FR;39;2021-02-01;747;1057;57981;3043;0.7;0.0
FR;39;2021-02-02;1327;1647;59308;4690;0.7;0.1
FR;39;2021-02-03;1357;1653;60665;6343;0.7;0.1
FR;39;2021-02-04;1972;2532;62637;8875;0.8;0.1
FR;39;2021-02-05;1639;2701;64276;11576;0.8;0.1
FR;39;2021-02-06;397;431;64673;12007;0.8;0.1
FR;39;2021-02-07;553;207;65226;12214;0.8;0.1
FR;39;2021-02-08;1516;2417;66742;14631;0.8;0.2
FR;39;2021-02-09;3160;3356;69902;17987;0.8;0.2
FR;39;2021-02-10;3878;3492;73780;21479;0.9;0.3
FR;39;2021-02-11;6154;4816;79934;26295;1.0;0.3
FR;39;2021-02-12;5805;3958;85739;30253;1.0;0.4
FR;39;2021-02-13;1238;541;86977;30794;1.0;0.4
FR;39;2021-02-14;386;262;87363;31056;1.1;0.4
FR;39;2021-02-15;3416;2369;90779;33425;1.1;0.4
FR;39;2021-02-16;4414;3321;95193;36746;1.1;0.4
FR;39;2021-02-17;3987;2839;99180;39585;1.2;0.5
FR;39;2021-02-18;5966;3850;105146;43435;1.3;0.5
FR;39;2021-02-19;5818;3044;110964;46479;1.3;0.6
FR;39;2021-02-20;1138;469;112102;46948;1.4;0.6
FR;39;2021-02-21;185;118;112287;47066;1.4;0.6
FR;39;2021-02-22;2980;1643;115267;48709;1.4;0.6
FR;39;2021-02-23;3909;1899;119176;50608;1.4;0.6
FR;39;2021-02-24;3712;1688;122888;52296;1.5;0.6
FR;39;2021-02-25;5592;2503;128480;54799;1.5;0.7
FR;39;2021-02-26;6073;1898;134553;56697;1.6;0.7
FR;39;2021-02-27;1659;302;136212;56999;1.6;0.7
FR;39;2021-02-28;240;120;136452;57119;1.6;0.7
FR;39;2021-03-01;2921;982;139373;58101;1.7;0.7
FR;39;2021-03-02;4216;1589;143589;59690;1.7;0.7
FR;39;2021-03-03;4211;1496;147800;61186;1.8;0.7
FR;39;2021-03-04;6245;2269;154045;63455;1.9;0.8
FR;39;2021-03-05;9098;2039;163143;65494;2.0;0.8
FR;39;2021-03-06;4905;396;168048;65890;2.0;0.8
FR;39;2021-03-07;2635;236;170683;66126;2.1;0.8
FR;39;2021-03-08;4665;1091;175348;67217;2.1;0.8
FR;39;2021-03-09;6834;1456;182182;68673;2.2;0.8
FR;39;2021-03-10;6068;1488;188250;70161;2.3;0.8
FR;39;2021-03-11;8627;2336;196877;72497;2.4;0.9
FR;39;2021-03-12;11395;2055;208272;74552;2.5;0.9
FR;39;2021-03-13;5206;406;213478;74958;2.6;0.9
FR;39;2021-03-14;1746;151;215224;75109;2.6;0.9
FR;39;2021-03-15;4760;1018;219984;76127;2.7;0.9
FR;39;2021-03-16;3360;1394;223344;77521;2.7;0.9
FR;39;2021-03-17;3435;1480;226779;79001;2.7;1.0
FR;39;2021-03-18;4642;1957;231421;80958;2.8;1.0
FR;39;2021-03-19;6246;1615;237667;82573;2.9;1.0
FR;39;2021-03-20;3168;356;240835;82929;2.9;1.0
FR;39;2021-03-21;2070;163;242905;83092;2.9;1.0
FR;39;2021-03-22;4439;1079;247344;84171;3.0;1.0
FR;39;2021-03-23;6154;1639;253498;85810;3.1;1.0
FR;39;2021-03-24;6302;1352;259800;87162;3.1;1.1
FR;39;2021-03-25;9042;1715;268842;88877;3.2;1.1
FR;39;2021-03-26;10633;1673;279475;90550;3.4;1.1
FR;39;2021-03-27;5988;600;285463;91150;3.4;1.1
FR;39;2021-03-28;2730;176;288193;91326;3.5;1.1
FR;39;2021-03-29;7182;1260;295375;92586;3.6;1.1
FR;39;2021-03-30;10501;1850;305876;94436;3.7;1.1
FR;39;2021-03-31;11139;1810;317015;96246;3.8;1.2
FR;39;2021-04-01;14959;2580;331974;98826;4.0;1.2
FR;39;2021-04-02;13248;2408;345222;101234;4.2;1.2
FR;39;2021-04-03;5600;1002;350822;102236;4.2;1.2
FR;39;2021-04-04;2521;339;353343;102575;4.3;1.2
FR;39;2021-04-05;2531;320;355874;102895;4.3;1.2
FR;39;2021-04-06;9254;2260;365128;105155;4.4;1.3
FR;39;2021-04-07;12160;2708;377288;107863;4.5;1.3
FR;39;2021-04-08;16810;3647;394098;111510;4.8;1.3
FR;39;2021-04-09;16841;3570;410939;115080;5.0;1.4
FR;39;2021-04-10;7408;1929;418347;117009;5.0;1.4
FR;39;2021-04-11;2984;978;421331;117987;5.1;1.4
FR;39;2021-04-12;9579;2735;430910;120722;5.2;1.5
FR;39;2021-04-13;12894;3975;443804;124697;5.4;1.5
FR;39;2021-04-14;12835;3825;456639;128522;5.5;1.5
FR;39;2021-04-15;14676;4771;471315;133293;5.7;1.6
FR;39;2021-04-16;12674;5255;483989;138548;5.8;1.7
FR;39;2021-04-17;6099;2709;490088;141257;5.9;1.7
FR;39;2021-04-18;2254;1555;492342;142812;5.9;1.7
FR;39;2021-04-19;7845;4678;500187;147490;6.0;1.8
FR;39;2021-04-20;9330;6704;509517;154194;6.1;1.9
FR;39;2021-04-21;10190;7158;519707;161352;6.3;1.9
FR;39;2021-04-22;11803;10275;531510;171627;6.4;2.1
FR;39;2021-04-23;12122;10462;543632;182089;6.6;2.2
FR;39;2021-04-24;7790;5070;551422;187159;6.6;2.3
FR;39;2021-04-25;3462;2150;554884;189309;6.7;2.3
FR;39;2021-04-26;8527;6944;563411;196253;6.8;2.4
FR;39;2021-04-27;11748;9525;575159;205778;6.9;2.5
FR;39;2021-04-28;13099;10023;588258;215801;7.1;2.6
FR;39;2021-04-29;17095;12915;605353;228716;7.3;2.8
FR;39;2021-04-30;19685;13227;625038;241943;7.5;2.9
FR;39;2021-05-01;13492;3527;638530;245470;7.7;3.0
FR;39;2021-05-02;9276;2487;647806;247957;7.8;3.0
FR;39;2021-05-03;22319;11294;670125;259251;8.1;3.1
FR;39;2021-05-04;26862;13921;696987;273172;8.4;3.3
FR;39;2021-05-05;30375;14216;727362;287388;8.8;3.5
FR;39;2021-05-06;36906;17632;764268;305020;9.2;3.7
FR;39;2021-05-07;38202;18460;802470;323480;9.7;3.9
FR;39;2021-05-08;27840;5539;830310;329019;10.0;4.0
FR;39;2021-05-09;18766;4289;849076;333308;10.2;4.0
FR;39;2021-05-10;33608;14431;882684;347739;10.6;4.2
FR;39;2021-05-11;43877;17038;926561;364777;11.2;4.4
FR;39;2021-05-12;55570;16086;982131;380863;11.8;4.6
FR;39;2021-05-13;52649;5552;1034780;386415;12.5;4.7
FR;39;2021-05-14;61606;10915;1096386;397330;13.2;4.8
FR;39;2021-05-15;55654;6795;1152040;404125;13.9;4.9
FR;39;2021-05-16;36042;3079;1188082;407204;14.3;4.9
FR;39;2021-05-17;56013;11835;1244095;419039;15.0;5.1
FR;39;2021-05-18;69776;13490;1313871;432529;15.8;5.2
FR;39;2021-05-19;73405;13997;1387276;446526;16.7;5.4
FR;39;2021-05-20;81776;14805;1469052;461331;17.7;5.6
FR;39;2021-05-21;80909;14808;1549961;476139;18.7;5.7
FR;39;2021-05-22;63221;7331;1613182;483470;19.4;5.8
FR;39;2021-05-23;33728;3250;1646910;486720;19.9;5.9
FR;49;2020-12-27;2;0;2;0;0.0;0.0
FR;49;2020-12-28;2;0;4;0;0.0;0.0
FR;49;2020-12-29;1;0;5;0;0.0;0.0
FR;49;2020-12-30;6;0;11;0;0.0;0.0
FR;49;2020-12-31;1;0;12;0;0.0;0.0
FR;49;2021-01-01;3;0;15;0;0.0;0.0
FR;49;2021-01-02;9;0;24;0;0.0;0.0
FR;49;2021-01-03;4;0;28;0;0.0;0.0
FR;49;2021-01-04;86;0;114;0;0.0;0.0
FR;49;2021-01-05;334;1;448;1;0.0;0.0
FR;49;2021-01-06;855;3;1303;4;0.0;0.0
FR;49;2021-01-07;2158;6;3461;10;0.0;0.0
FR;49;2021-01-08;3361;7;6822;17;0.1;0.0
FR;49;2021-01-09;1000;1;7822;18;0.1;0.0
FR;49;2021-01-10;472;1;8294;19;0.1;0.0
FR;49;2021-01-11;4168;8;12462;27;0.1;0.0
FR;49;2021-01-12;5850;11;18312;38;0.2;0.0
FR;49;2021-01-13;6138;13;24450;51;0.3;0.0
FR;49;2021-01-14;8315;65;32765;116;0.4;0.0
FR;49;2021-01-15;7593;21;40358;137;0.5;0.0
FR;49;2021-01-16;1415;9;41773;146;0.5;0.0
FR;49;2021-01-17;619;5;42392;151;0.5;0.0
FR;49;2021-01-18;5052;17;47444;168;0.6;0.0
FR;49;2021-01-19;6800;15;54244;183;0.6;0.0
FR;49;2021-01-20;6611;20;60855;203;0.7;0.0
FR;49;2021-01-21;8375;25;69230;228;0.8;0.0
FR;49;2021-01-22;6241;29;75471;257;0.9;0.0
FR;49;2021-01-23;1015;6;76486;263;0.9;0.0
FR;49;2021-01-24;282;3;76768;266;0.9;0.0
FR;49;2021-01-25;2610;97;79378;363;0.9;0.0
FR;49;2021-01-26;3718;221;83096;584;1.0;0.0
FR;49;2021-01-27;3971;387;87067;971;1.0;0.0
FR;49;2021-01-28;5528;972;92595;1943;1.1;0.0
FR;49;2021-01-29;4391;1555;96986;3498;1.1;0.0
FR;49;2021-01-30;690;377;97676;3875;1.1;0.0
FR;49;2021-01-31;137;125;97813;4000;1.1;0.0
FR;49;2021-02-01;1362;2087;99175;6087;1.2;0.1
FR;49;2021-02-02;2264;3197;101439;9284;1.2;0.1
FR;49;2021-02-03;2293;3375;103732;12659;1.2;0.1
FR;49;2021-02-04;3349;4766;107081;17425;1.2;0.2
FR;49;2021-02-05;2788;4881;109869;22306;1.3;0.3
FR;49;2021-02-06;566;886;110435;23192;1.3;0.3
FR;49;2021-02-07;520;291;110955;23483;1.3;0.3
FR;49;2021-02-08;1934;4050;112889;27533;1.3;0.3
FR;49;2021-02-09;4330;5726;117219;33259;1.4;0.4
FR;49;2021-02-10;5487;6032;122706;39291;1.4;0.5
FR;49;2021-02-11;7980;7944;130686;47235;1.5;0.5
FR;49;2021-02-12;7292;6421;137978;53656;1.6;0.6
FR;49;2021-02-13;1696;1013;139674;54669;1.6;0.6
FR;49;2021-02-14;406;405;140080;55074;1.6;0.6
FR;49;2021-02-15;4120;3861;144200;58935;1.7;0.7
FR;49;2021-02-16;5373;5311;149573;64246;1.7;0.7
FR;49;2021-02-17;5137;4633;154710;68879;1.8;0.8
FR;49;2021-02-18;7467;6169;162177;75048;1.9;0.9
FR;49;2021-02-19;7037;4854;169214;79902;2.0;0.9
FR;49;2021-02-20;1494;792;170708;80694;2.0;0.9
FR;49;2021-02-21;277;224;170985;80918;2.0;0.9
FR;49;2021-02-22;3525;2642;174510;83560;2.0;1.0
FR;49;2021-02-23;4853;3109;179363;86669;2.1;1.0
FR;49;2021-02-24;4884;2818;184247;89487;2.1;1.0
FR;49;2021-02-25;7549;4127;191796;93614;2.2;1.1
FR;49;2021-02-26;8239;3128;200035;96742;2.3;1.1
FR;49;2021-02-27;2675;556;202710;97298;2.4;1.1
FR;49;2021-02-28;331;137;203041;97435;2.4;1.1
FR;49;2021-03-01;3787;1612;206828;99047;2.4;1.2
FR;49;2021-03-02;5745;2431;212573;101478;2.5;1.2
FR;49;2021-03-03;5965;2453;218538;103931;2.5;1.2
FR;49;2021-03-04;8838;3406;227376;107337;2.6;1.2
FR;49;2021-03-05;12471;3138;239847;110475;2.8;1.3
FR;49;2021-03-06;8533;579;248380;111054;2.9;1.3
FR;49;2021-03-07;4667;378;253047;111432;2.9;1.3
FR;49;2021-03-08;6356;1615;259403;113047;3.0;1.3
FR;49;2021-03-09;9453;2227;268856;115274;3.1;1.3
FR;49;2021-03-10;8888;2272;277744;117546;3.2;1.4
FR;49;2021-03-11;12715;3331;290459;120877;3.4;1.4
FR;49;2021-03-12;16362;2817;306821;123694;3.6;1.4
FR;49;2021-03-13;9501;578;316322;124272;3.7;1.4
FR;49;2021-03-14;3124;229;319446;124501;3.7;1.4
FR;49;2021-03-15;6851;1422;326297;125923;3.8;1.5
FR;49;2021-03-16;4614;2107;330911;128030;3.9;1.5
FR;49;2021-03-17;5156;1985;336067;130015;3.9;1.5
FR;49;2021-03-18;6527;2747;342594;132762;4.0;1.5
FR;49;2021-03-19;9463;2255;352057;135017;4.1;1.6
FR;49;2021-03-20;5863;548;357920;135565;4.2;1.6
FR;49;2021-03-21;3142;202;361062;135767;4.2;1.6
FR;49;2021-03-22;6280;1457;367342;137224;4.3;1.6
FR;49;2021-03-23;8573;2124;375915;139348;4.4;1.6
FR;49;2021-03-24;9485;1941;385400;141289;4.5;1.6
FR;49;2021-03-25;12310;2303;397710;143592;4.6;1.7
FR;49;2021-03-26;14678;2258;412388;145850;4.8;1.7
FR;49;2021-03-27;9344;808;421732;146658;4.9;1.7
FR;49;2021-03-28;3847;288;425579;146946;5.0;1.7
FR;49;2021-03-29;9847;1801;435426;148747;5.1;1.7
FR;49;2021-03-30;14236;2618;449662;151365;5.2;1.8
FR;49;2021-03-31;15506;2702;465168;154067;5.4;1.8
FR;49;2021-04-01;19769;3597;484937;157664;5.6;1.8
FR;49;2021-04-02;17415;3353;502352;161017;5.8;1.9
FR;49;2021-04-03;9318;1801;511670;162818;6.0;1.9
FR;49;2021-04-04;4110;617;515780;163435;6.0;1.9
FR;49;2021-04-05;4200;518;519980;163953;6.1;1.9
FR;49;2021-04-06;13143;3319;533123;167272;6.2;1.9
FR;49;2021-04-07;17596;4168;550719;171440;6.4;2.0
FR;49;2021-04-08;22319;5076;573038;176516;6.7;2.1
FR;49;2021-04-09;23416;5235;596454;181751;6.9;2.1
FR;49;2021-04-10;12408;3363;608862;185114;7.1;2.2
FR;49;2021-04-11;4465;1670;613327;186784;7.1;2.2
FR;49;2021-04-12;14081;3734;627408;190518;7.3;2.2
FR;49;2021-04-13;18615;5693;646023;196211;7.5;2.3
FR;49;2021-04-14;19302;5897;665325;202108;7.7;2.4
FR;49;2021-04-15;20180;6933;685505;209041;8.0;2.4
FR;49;2021-04-16;17292;7251;702797;216292;8.2;2.5
FR;49;2021-04-17;9813;4624;712610;220916;8.3;2.6
FR;49;2021-04-18;3348;2281;715958;223197;8.3;2.6
FR;49;2021-04-19;11867;6345;727825;229542;8.5;2.7
FR;49;2021-04-20;13988;8957;741813;238499;8.6;2.8
FR;49;2021-04-21;15778;10069;757591;248568;8.8;2.9
FR;49;2021-04-22;17358;13057;774949;261625;9.0;3.0
FR;49;2021-04-23;17860;14010;792809;275635;9.2;3.2
FR;49;2021-04-24;12538;7775;805347;283410;9.4;3.3
FR;49;2021-04-25;5397;3112;810744;286522;9.4;3.3
FR;49;2021-04-26;13418;9899;824162;296421;9.6;3.4
FR;49;2021-04-27;18434;13028;842596;309449;9.8;3.6
FR;49;2021-04-28;22287;14473;864883;323922;10.1;3.8
FR;49;2021-04-29;27109;17181;891992;341103;10.4;4.0
FR;49;2021-04-30;31502;17977;923494;359080;10.7;4.2
FR;49;2021-05-01;23962;5682;947456;364762;11.0;4.2
FR;49;2021-05-02;16381;3840;963837;368602;11.2;4.3
FR;49;2021-05-03;39196;15463;1003033;384065;11.7;4.5
FR;49;2021-05-04;46264;20228;1049297;404293;12.2;4.7
FR;49;2021-05-05;54940;21545;1104237;425838;12.9;5.0
FR;49;2021-05-06;61888;24514;1166125;450352;13.6;5.2
FR;49;2021-05-07;64983;25899;1231108;476251;14.3;5.5
FR;49;2021-05-08;49744;8992;1280852;485243;14.9;5.6
FR;49;2021-05-09;32155;6220;1313007;491463;15.3;5.7
FR;49;2021-05-10;56689;20566;1369696;512029;15.9;6.0
FR;49;2021-05-11;71389;23766;1441085;535795;16.8;6.2
FR;49;2021-05-12;88827;23774;1529912;559569;17.8;6.5
FR;49;2021-05-13;79244;7656;1609156;567225;18.7;6.6
FR;49;2021-05-14;95398;15579;1704554;582804;19.8;6.8
FR;49;2021-05-15;85260;10709;1789814;593513;20.8;6.9
FR;49;2021-05-16;53080;4478;1842894;597991;21.4;7.0
FR;49;2021-05-17;81313;16193;1924207;614184;22.4;7.1
FR;49;2021-05-18;96547;17677;2020754;631861;23.5;7.4
FR;49;2021-05-19;108592;19217;2129346;651078;24.8;7.6
FR;49;2021-05-20;112272;19541;2241618;670619;26.1;7.8
FR;49;2021-05-21;111457;19758;2353075;690377;27.4;8.0
FR;49;2021-05-22;86801;10398;2439876;700775;28.4;8.2
FR;49;2021-05-23;42531;3922;2482407;704697;28.9;8.2
FR;59;2020-12-27;2;0;2;0;0.0;0.0
FR;59;2020-12-28;6;0;8;0;0.0;0.0
FR;59;2020-12-29;2;0;10;0;0.0;0.0
FR;59;2020-12-30;6;0;16;0;0.0;0.0
FR;59;2020-12-31;9;0;25;0;0.0;0.0
FR;59;2021-01-01;24;1;49;1;0.0;0.0
FR;59;2021-01-02;26;0;75;1;0.0;0.0
FR;59;2021-01-03;36;0;111;1;0.0;0.0
FR;59;2021-01-04;592;1;703;2;0.0;0.0
FR;59;2021-01-05;2165;1;2868;3;0.0;0.0
FR;59;2021-01-06;4800;8;7668;11;0.1;0.0
FR;59;2021-01-07;10507;20;18175;31;0.2;0.0
FR;59;2021-01-08;14295;16;32470;47;0.4;0.0
FR;59;2021-01-09;4054;8;36524;55;0.4;0.0
FR;59;2021-01-10;1984;1;38508;56;0.4;0.0
FR;59;2021-01-11;15931;20;54439;76;0.6;0.0
FR;59;2021-01-12;21097;29;75536;105;0.9;0.0
FR;59;2021-01-13;22680;35;98216;140;1.1;0.0
FR;59;2021-01-14;24728;214;122944;354;1.4;0.0
FR;59;2021-01-15;21561;85;144505;439;1.6;0.0
FR;59;2021-01-16;5371;17;149876;456;1.7;0.0
FR;59;2021-01-17;1801;7;151677;463;1.7;0.0
FR;59;2021-01-18;13565;50;165242;513;1.9;0.0
FR;59;2021-01-19;17930;62;183172;575;2.1;0.0
FR;59;2021-01-20;17027;63;200199;638;2.3;0.0
FR;59;2021-01-21;18711;47;218910;685;2.5;0.0
FR;59;2021-01-22;13886;69;232796;754;2.6;0.0
FR;59;2021-01-23;2950;20;235746;774;2.7;0.0
FR;59;2021-01-24;829;12;236575;786;2.7;0.0
FR;59;2021-01-25;6697;605;243272;1391;2.8;0.0
FR;59;2021-01-26;8390;1371;251662;2762;2.9;0.0
FR;59;2021-01-27;8791;2387;260453;5149;3.0;0.1
FR;59;2021-01-28;10444;5020;270897;10169;3.1;0.1
FR;59;2021-01-29;7826;6639;278723;16808;3.2;0.2
FR;59;2021-01-30;1756;1510;280479;18318;3.2;0.2
FR;59;2021-01-31;370;546;280849;18864;3.2;0.2
FR;59;2021-02-01;3145;8736;283994;27600;3.2;0.3
FR;59;2021-02-02;4657;12476;288651;40076;3.3;0.5
FR;59;2021-02-03;4804;13535;293455;53611;3.3;0.6
FR;59;2021-02-04;5893;15882;299348;69493;3.4;0.8
FR;59;2021-02-05;4803;14907;304151;84400;3.5;1.0
FR;59;2021-02-06;1152;2996;305303;87396;3.5;1.0
FR;59;2021-02-07;389;982;305692;88378;3.5;1.0
FR;59;2021-02-08;2752;12459;308444;100837;3.5;1.1
FR;59;2021-02-09;4896;16143;313340;116980;3.6;1.3
FR;59;2021-02-10;5681;16026;319021;133006;3.6;1.5
FR;59;2021-02-11;7641;19668;326662;152674;3.7;1.7
FR;59;2021-02-12;6736;15981;333398;168655;3.8;1.9
FR;59;2021-02-13;1686;3441;335084;172096;3.8;2.0
FR;59;2021-02-14;361;982;335445;173078;3.8;2.0
FR;59;2021-02-15;3262;10510;338707;183588;3.9;2.1
FR;59;2021-02-16;4725;13523;343432;197111;3.9;2.2
FR;59;2021-02-17;4960;12275;348392;209386;4.0;2.4
FR;59;2021-02-18;7056;13806;355448;223192;4.0;2.5
FR;59;2021-02-19;6443;10651;361891;233843;4.1;2.7
FR;59;2021-02-20;1416;2475;363307;236318;4.1;2.7
FR;59;2021-02-21;282;570;363589;236888;4.1;2.7
FR;59;2021-02-22;3245;6347;366834;243235;4.2;2.8
FR;59;2021-02-23;4797;7082;371631;250317;4.2;2.8
FR;59;2021-02-24;6828;6366;378459;256683;4.3;2.9
FR;59;2021-02-25;21161;8408;399620;265091;4.5;3.0
FR;59;2021-02-26;28198;6160;427818;271251;4.9;3.1
FR;59;2021-02-27;17065;1474;444883;272725;5.1;3.1
FR;59;2021-02-28;1103;373;445986;273098;5.1;3.1
FR;59;2021-03-01;8745;3475;454731;276573;5.2;3.1
FR;59;2021-03-02;17044;4805;471775;281378;5.4;3.2
FR;59;2021-03-03;20481;4871;492256;286249;5.6;3.3
FR;59;2021-03-04;32001;5702;524257;291951;6.0;3.3
FR;59;2021-03-05;40618;5222;564875;297173;6.4;3.4
FR;59;2021-03-06;35571;1340;600446;298513;6.8;3.4
FR;59;2021-03-07;13940;943;614386;299456;7.0;3.4
FR;59;2021-03-08;12181;3076;626567;302532;7.1;3.4
FR;59;2021-03-09;22678;4051;649245;306583;7.4;3.5
FR;59;2021-03-10;22975;4090;672220;310673;7.6;3.5
FR;59;2021-03-11;34052;5243;706272;315916;8.0;3.6
FR;59;2021-03-12;45107;4328;751379;320244;8.5;3.6
FR;59;2021-03-13;35906;1186;787285;321430;9.0;3.7
FR;59;2021-03-14;7155;365;794440;321795;9.0;3.7
FR;59;2021-03-15;14391;2466;808831;324261;9.2;3.7
FR;59;2021-03-16;7862;2915;816693;327176;9.3;3.7
FR;59;2021-03-17;8701;3058;825394;330234;9.4;3.8
FR;59;2021-03-18;10371;3930;835765;334164;9.5;3.8
FR;59;2021-03-19;23327;3409;859092;337573;9.8;3.8
FR;59;2021-03-20;20980;991;880072;338564;10.0;3.9
FR;59;2021-03-21;6261;359;886333;338923;10.1;3.9
FR;59;2021-03-22;15381;2594;901714;341517;10.3;3.9
FR;59;2021-03-23;25247;3357;926961;344874;10.5;3.9
FR;59;2021-03-24;27829;3360;954790;348234;10.9;4.0
FR;59;2021-03-25;37683;3646;992473;351880;11.3;4.0
FR;59;2021-03-26;42602;3869;1035075;355749;11.8;4.0
FR;59;2021-03-27;26725;1611;1061800;357360;12.1;4.1
FR;59;2021-03-28;7511;434;1069311;357794;12.2;4.1
FR;59;2021-03-29;21584;3252;1090895;361046;12.4;4.1
FR;59;2021-03-30;31989;4164;1122884;365210;12.8;4.2
FR;59;2021-03-31;31240;4497;1154124;369707;13.1;4.2
FR;59;2021-04-01;38141;5603;1192265;375310;13.6;4.3
FR;59;2021-04-02;36720;5554;1228985;380864;14.0;4.3
FR;59;2021-04-03;21249;3372;1250234;384236;14.2;4.4
FR;59;2021-04-04;7327;1188;1257561;385424;14.3;4.4
FR;59;2021-04-05;8245;1059;1265806;386483;14.4;4.4
FR;59;2021-04-06;25555;5765;1291361;392248;14.7;4.5
FR;59;2021-04-07;33719;6971;1325080;399219;15.1;4.5
FR;59;2021-04-08;44763;8236;1369843;407455;15.6;4.6
FR;59;2021-04-09;60425;8741;1430268;416196;16.3;4.7
FR;59;2021-04-10;36319;6963;1466587;423159;16.7;4.8
FR;59;2021-04-11;9722;3485;1476309;426644;16.8;4.9
FR;59;2021-04-12;35112;7280;1511421;433924;17.2;4.9
FR;59;2021-04-13;49582;9937;1561003;443861;17.8;5.0
FR;59;2021-04-14;49884;9961;1610887;453822;18.3;5.2
FR;59;2021-04-15;59155;11483;1670042;465305;19.0;5.3
FR;59;2021-04-16;62871;12150;1732913;477455;19.7;5.4
FR;59;2021-04-17;41273;9540;1774186;486995;20.2;5.5
FR;59;2021-04-18;12247;4614;1786433;491609;20.3;5.6
FR;59;2021-04-19;32978;11033;1819411;502642;20.7;5.7
FR;59;2021-04-20;44284;14549;1863695;517191;21.2;5.9
FR;59;2021-04-21;46818;16273;1910513;533464;21.7;6.1
FR;59;2021-04-22;55322;19268;1965835;552732;22.4;6.3
FR;59;2021-04-23;64687;20464;2030522;573196;23.1;6.5
FR;59;2021-04-24;47280;15383;2077802;588579;23.6;6.7
FR;59;2021-04-25;16473;5396;2094275;593975;23.8;6.8
FR;59;2021-04-26;40860;17323;2135135;611298;24.3;7.0
FR;59;2021-04-27;56230;23083;2191365;634381;24.9;7.2
FR;59;2021-04-28;63753;25693;2255118;660074;25.6;7.5
FR;59;2021-04-29;77513;31359;2332631;691433;26.5;7.9
FR;59;2021-04-30;92006;36231;2424637;727664;27.6;8.3
FR;59;2021-05-01;43220;10867;2467857;738531;28.1;8.4
FR;59;2021-05-02;23292;7203;2491149;745734;28.3;8.5
FR;59;2021-05-03;62248;26111;2553397;771845;29.0;8.8
FR;59;2021-05-04;70631;34184;2624028;806029;29.8;9.2
FR;59;2021-05-05;76685;37124;2700713;843153;30.7;9.6
FR;59;2021-05-06;88892;43388;2789605;886541;31.7;10.1
FR;59;2021-05-07;97227;53626;2886832;940167;32.8;10.7
FR;59;2021-05-08;57288;16270;2944120;956437;33.5;10.9
FR;59;2021-05-09;39203;10270;2983323;966707;33.9;11.0
FR;59;2021-05-10;94498;39810;3077821;1006517;35.0;11.4
FR;59;2021-05-11;124858;48965;3202679;1055482;36.4;12.0
FR;59;2021-05-12;121890;45831;3324569;1101313;37.8;12.5
FR;59;2021-05-13;92189;14256;3416758;1115569;38.9;12.7
FR;59;2021-05-14;128299;33967;3545057;1149536;40.3;13.1
FR;59;2021-05-15;113651;25238;3658708;1174774;41.6;13.4
FR;59;2021-05-16;55215;7050;3713923;1181824;42.2;13.4
FR;59;2021-05-17;104950;30400;3818873;1212224;43.4;13.8
FR;59;2021-05-18;115933;33771;3934806;1245995;44.8;14.2
FR;59;2021-05-19;117635;35121;4052441;1281116;46.1;14.6
FR;59;2021-05-20;121097;41924;4173538;1323040;47.5;15.0
FR;59;2021-05-21;120370;48204;4293908;1371244;48.8;15.6
FR;59;2021-05-22;81245;25161;4375153;1396405;49.8;15.9
FR;59;2021-05-23;31000;5058;4406153;1401463;50.1;15.9
FR;64;2020-12-27;1;0;1;0;0.0;0.0
FR;64;2020-12-28;1;0;2;0;0.0;0.0
FR;64;2020-12-29;2;0;4;0;0.0;0.0
FR;64;2020-12-30;6;0;10;0;0.0;0.0
FR;64;2020-12-31;5;0;15;0;0.0;0.0
FR;64;2021-01-01;8;0;23;0;0.0;0.0
FR;64;2021-01-02;11;0;34;0;0.0;0.0
FR;64;2021-01-03;17;0;51;0;0.0;0.0
FR;64;2021-01-04;209;2;260;2;0.0;0.0
FR;64;2021-01-05;898;3;1158;5;0.0;0.0
FR;64;2021-01-06;1688;2;2846;7;0.1;0.0
FR;64;2021-01-07;3655;5;6501;12;0.2;0.0
FR;64;2021-01-08;4865;7;11366;19;0.3;0.0
FR;64;2021-01-09;1952;0;13318;19;0.3;0.0
FR;64;2021-01-10;1023;0;14341;19;0.3;0.0
FR;64;2021-01-11;5268;2;19609;21;0.5;0.0
FR;64;2021-01-12;7123;8;26732;29;0.7;0.0
FR;64;2021-01-13;7434;13;34166;42;0.8;0.0
FR;64;2021-01-14;8549;80;42715;122;1.0;0.0
FR;64;2021-01-15;7081;30;49796;152;1.2;0.0
FR;64;2021-01-16;2199;14;51995;166;1.3;0.0
FR;64;2021-01-17;843;9;52838;175;1.3;0.0
FR;64;2021-01-18;4678;11;57516;186;1.4;0.0
FR;64;2021-01-19;6396;13;63912;199;1.6;0.0
FR;64;2021-01-20;6211;27;70123;226;1.7;0.0
FR;64;2021-01-21;6882;19;77005;245;1.9;0.0
FR;64;2021-01-22;5400;21;82405;266;2.0;0.0
FR;64;2021-01-23;1413;8;83818;274;2.0;0.0
FR;64;2021-01-24;432;7;84250;281;2.1;0.0
FR;64;2021-01-25;2768;197;87018;478;2.1;0.0
FR;64;2021-01-26;3520;487;90538;965;2.2;0.0
FR;64;2021-01-27;3760;880;94298;1845;2.3;0.0
FR;64;2021-01-28;4560;1743;98858;3588;2.4;0.1
FR;64;2021-01-29;3522;2318;102380;5906;2.5;0.1
FR;64;2021-01-30;837;706;103217;6612;2.5;0.2
FR;64;2021-01-31;172;279;103389;6891;2.5;0.2
FR;64;2021-02-01;1513;2862;104902;9753;2.6;0.2
FR;64;2021-02-02;2142;4141;107044;13894;2.6;0.3
FR;64;2021-02-03;2302;4358;109346;18252;2.7;0.4
FR;64;2021-02-04;2810;5502;112156;23754;2.7;0.6
FR;64;2021-02-05;2181;4965;114337;28719;2.8;0.7
FR;64;2021-02-06;655;1303;114992;30022;2.8;0.7
FR;64;2021-02-07;164;493;115156;30515;2.8;0.7
FR;64;2021-02-08;1483;4196;116639;34711;2.8;0.8
FR;64;2021-02-09;2339;5656;118978;40367;2.9;1.0
FR;64;2021-02-10;2565;5663;121543;46030;3.0;1.1
FR;64;2021-02-11;3454;7213;124997;53243;3.0;1.3
FR;64;2021-02-12;3108;5430;128105;58673;3.1;1.4
FR;64;2021-02-13;834;1444;128939;60117;3.1;1.5
FR;64;2021-02-14;195;435;129134;60552;3.1;1.5
FR;64;2021-02-15;1589;3876;130723;64428;3.2;1.6
FR;64;2021-02-16;2082;5120;132805;69548;3.2;1.7
FR;64;2021-02-17;2208;4628;135013;74176;3.3;1.8
FR;64;2021-02-18;3226;5436;138239;79612;3.4;1.9
FR;64;2021-02-19;2989;4198;141228;83810;3.4;2.0
FR;64;2021-02-20;804;1195;142032;85005;3.5;2.1
FR;64;2021-02-21;134;254;142166;85259;3.5;2.1
FR;64;2021-02-22;1487;2664;143653;87923;3.5;2.1
FR;64;2021-02-23;2391;2905;146044;90828;3.6;2.2
FR;64;2021-02-24;3863;2841;149907;93669;3.7;2.3
FR;64;2021-02-25;16010;3819;165917;97488;4.0;2.4
FR;64;2021-02-26;21781;2741;187698;100229;4.6;2.4
FR;64;2021-02-27;13047;749;200745;100978;4.9;2.5
FR;64;2021-02-28;790;174;201535;101152;4.9;2.5
FR;64;2021-03-01;6514;1739;208049;102891;5.1;2.5
FR;64;2021-03-02;13082;2298;221131;105189;5.4;2.6
FR;64;2021-03-03;15846;2342;236977;107531;5.8;2.6
FR;64;2021-03-04;25031;2810;262008;110341;6.4;2.7
FR;64;2021-03-05;30351;2580;292359;112921;7.1;2.8
FR;64;2021-03-06;26545;713;318904;113634;7.8;2.8
FR;64;2021-03-07;9799;486;328703;114120;8.0;2.8
FR;64;2021-03-08;8732;1759;337435;115879;8.2;2.8
FR;64;2021-03-09;16754;1977;354189;117856;8.6;2.9
FR;64;2021-03-10;16965;2106;371154;119962;9.0;2.9
FR;64;2021-03-11;25812;2766;396966;122728;9.7;3.0
FR;64;2021-03-12;33309;2294;430275;125022;10.5;3.0
FR;64;2021-03-13;27194;677;457469;125699;11.2;3.1
FR;64;2021-03-14;5415;178;462884;125877;11.3;3.1
FR;64;2021-03-15;10968;1412;473852;127289;11.6;3.1
FR;64;2021-03-16;5975;1753;479827;129042;11.7;3.1
FR;64;2021-03-17;6099;1664;485926;130706;11.8;3.2
FR;64;2021-03-18;7628;2039;493554;132745;12.0;3.2
FR;64;2021-03-19;18822;1876;512376;134621;12.5;3.3
FR;64;2021-03-20;18463;693;530839;135314;12.9;3.3
FR;64;2021-03-21;4719;210;535558;135524;13.1;3.3
FR;64;2021-03-22;13465;1533;549023;137057;13.4;3.3
FR;64;2021-03-23;23395;1960;572418;139017;14.0;3.4
FR;64;2021-03-24;24996;2024;597414;141041;14.6;3.4
FR;64;2021-03-25;36429;2286;633843;143327;15.5;3.5
FR;64;2021-03-26;39999;2237;673842;145564;16.4;3.5
FR;64;2021-03-27;21181;948;695023;146512;16.9;3.6
FR;64;2021-03-28;5064;245;700087;146757;17.1;3.6
FR;64;2021-03-29;17481;2092;717568;148849;17.5;3.6
FR;64;2021-03-30;27241;2756;744809;151605;18.2;3.7
FR;64;2021-03-31;24025;2823;768834;154428;18.7;3.8
FR;64;2021-04-01;30390;3687;799224;158115;19.5;3.9
FR;64;2021-04-02;29103;3522;828327;161637;20.2;3.9
FR;64;2021-04-03;15951;2338;844278;163975;20.6;4.0
FR;64;2021-04-04;4024;784;848302;164759;20.7;4.0
FR;64;2021-04-05;5097;785;853399;165544;20.8;4.0
FR;64;2021-04-06;19087;4214;872486;169758;21.3;4.1
FR;64;2021-04-07;23455;4731;895941;174489;21.8;4.3
FR;64;2021-04-08;34437;5521;930378;180010;22.7;4.4
FR;64;2021-04-09;53269;5905;983647;185915;24.0;4.5
FR;64;2021-04-10;29755;4933;1013402;190848;24.7;4.7
FR;64;2021-04-11;6263;2591;1019665;193439;24.9;4.7
FR;64;2021-04-12;27935;5102;1047600;198541;25.5;4.8
FR;64;2021-04-13;42344;7265;1089944;205806;26.6;5.0
FR;64;2021-04-14;40584;7047;1130528;212853;27.6;5.2
FR;64;2021-04-15;51724;8250;1182252;221103;28.8;5.4
FR;64;2021-04-16;63976;8761;1246228;229864;30.4;5.6
FR;64;2021-04-17;38341;7019;1284569;236883;31.3;5.8
FR;64;2021-04-18;10898;3314;1295467;240197;31.6;5.9
FR;64;2021-04-19;41728;8497;1337195;248694;32.6;6.1
FR;64;2021-04-20;52337;10299;1389532;258993;33.9;6.3
FR;64;2021-04-21;52224;10739;1441756;269732;35.1;6.6
FR;64;2021-04-22;57069;12604;1498825;282336;36.5;6.9
FR;64;2021-04-23;60485;12511;1559310;294847;38.0;7.2
FR;64;2021-04-24;43183;8991;1602493;303838;39.1;7.4
FR;64;2021-04-25;16104;3309;1618597;307147;39.5;7.5
FR;64;2021-04-26;49317;11384;1667914;318531;40.7;7.8
FR;64;2021-04-27;62677;15377;1730591;333908;42.2;8.1
FR;64;2021-04-28;63607;15843;1794198;349751;43.7;8.5
FR;64;2021-04-29;73260;20262;1867458;370013;45.5;9.0
FR;64;2021-04-30;74855;21806;1942313;391819;47.3;9.6
FR;64;2021-05-01;29185;6598;1971498;398417;48.1;9.7
FR;64;2021-05-02;14366;3940;1985864;402357;48.4;9.8
FR;64;2021-05-03;51953;15741;2037817;418098;49.7;10.2
FR;64;2021-05-04;52855;21547;2090672;439645;51.0;10.7
FR;64;2021-05-05;49023;22587;2139695;462232;52.2;11.3
FR;64;2021-05-06;56542;28688;2196237;490920;53.5;12.0
FR;64;2021-05-07;50602;33889;2246839;524809;54.8;12.8
FR;64;2021-05-08;19894;9232;2266733;534041;55.3;13.0
FR;64;2021-05-09;9988;5472;2276721;539513;55.5;13.2
FR;64;2021-05-10;34080;26684;2310801;566197;56.3;13.8
FR;64;2021-05-11;43752;37034;2354553;603231;57.4;14.7
FR;64;2021-05-12;38691;34875;2393244;638106;58.3;15.6
FR;64;2021-05-13;21912;10024;2415156;648130;58.9;15.8
FR;64;2021-05-14;36134;28972;2451290;677102;59.8;16.5
FR;64;2021-05-15;21097;18951;2472387;696053;60.3;17.0
FR;64;2021-05-16;7949;4286;2480336;700339;60.5;17.1
FR;64;2021-05-17;26713;25322;2507049;725661;61.1;17.7
FR;64;2021-05-18;33084;28189;2540133;753850;61.9;18.4
FR;64;2021-05-19;30104;26314;2570237;780164;62.7;19.0
FR;64;2021-05-20;34622;33157;2604859;813321;63.5;19.8
FR;64;2021-05-21;29769;37251;2634628;850572;64.2;20.7
FR;64;2021-05-22;14669;17642;2649297;868214;64.6;21.2
FR;64;2021-05-23;5044;2803;2654341;871017;64.7;21.2
FR;69;2020-12-27;2;0;2;0;0.0;0.0
FR;69;2020-12-28;2;0;4;0;0.0;0.0
FR;69;2020-12-29;3;0;7;0;0.0;0.0
FR;69;2020-12-30;7;0;14;0;0.0;0.0
FR;69;2020-12-31;5;0;19;0;0.0;0.0
FR;69;2021-01-01;6;0;25;0;0.0;0.0
FR;69;2021-01-02;10;0;35;0;0.0;0.0
FR;69;2021-01-03;8;0;43;0;0.0;0.0
FR;69;2021-01-04;114;0;157;0;0.0;0.0
FR;69;2021-01-05;410;2;567;2;0.0;0.0
FR;69;2021-01-06;806;2;1373;4;0.0;0.0
FR;69;2021-01-07;1889;3;3262;7;0.1;0.0
FR;69;2021-01-08;2449;0;5711;7;0.1;0.0
FR;69;2021-01-09;1123;1;6834;8;0.2;0.0
FR;69;2021-01-10;657;0;7491;8;0.2;0.0
FR;69;2021-01-11;2731;3;10222;11;0.3;0.0
FR;69;2021-01-12;3866;2;14088;13;0.4;0.0
FR;69;2021-01-13;3780;9;17868;22;0.5;0.0
FR;69;2021-01-14;4560;46;22428;68;0.6;0.0
FR;69;2021-01-15;3834;14;26262;82;0.7;0.0
FR;69;2021-01-16;1341;8;27603;90;0.7;0.0
FR;69;2021-01-17;634;3;28237;93;0.7;0.0
FR;69;2021-01-18;3254;15;31491;108;0.8;0.0
FR;69;2021-01-19;4787;17;36278;125;0.9;0.0
FR;69;2021-01-20;4752;11;41030;136;1.1;0.0
FR;69;2021-01-21;5517;13;46547;149;1.2;0.0
FR;69;2021-01-22;4368;13;50915;162;1.3;0.0
FR;69;2021-01-23;1359;4;52274;166;1.3;0.0
FR;69;2021-01-24;446;5;52720;171;1.4;0.0
FR;69;2021-01-25;2719;81;55439;252;1.4;0.0
FR;69;2021-01-26;3344;181;58783;433;1.5;0.0
FR;69;2021-01-27;3667;406;62450;839;1.6;0.0
FR;69;2021-01-28;4320;886;66770;1725;1.7;0.0
FR;69;2021-01-29;3482;1232;70252;2957;1.8;0.1
FR;69;2021-01-30;937;402;71189;3359;1.8;0.1
FR;69;2021-01-31;180;159;71369;3518;1.8;0.1
FR;69;2021-02-01;1805;1521;73174;5039;1.9;0.1
FR;69;2021-02-02;2400;2201;75574;7240;1.9;0.2
FR;69;2021-02-03;2415;2271;77989;9511;2.0;0.2
FR;69;2021-02-04;2977;2922;80966;12433;2.1;0.3
FR;69;2021-02-05;2501;2538;83467;14971;2.1;0.4
FR;69;2021-02-06;721;808;84188;15779;2.2;0.4
FR;69;2021-02-07;162;391;84350;16170;2.2;0.4
FR;69;2021-02-08;1606;2408;85956;18578;2.2;0.5
FR;69;2021-02-09;2398;3410;88354;21988;2.3;0.6
FR;69;2021-02-10;2560;3403;90914;25391;2.3;0.7
FR;69;2021-02-11;3510;4857;94424;30248;2.4;0.8
FR;69;2021-02-12;3154;3415;97578;33663;2.5;0.9
FR;69;2021-02-13;864;1033;98442;34696;2.5;0.9
FR;69;2021-02-14;213;413;98655;35109;2.5;0.9
FR;69;2021-02-15;1325;2775;99980;37884;2.6;1.0
FR;69;2021-02-16;1864;3980;101844;41864;2.6;1.1
FR;69;2021-02-17;2010;3661;103854;45525;2.7;1.2
FR;69;2021-02-18;2994;4555;106848;50080;2.7;1.3
FR;69;2021-02-19;2856;3503;109704;53583;2.8;1.4
FR;69;2021-02-20;752;1025;110456;54608;2.8;1.4
FR;69;2021-02-21;150;235;110606;54843;2.8;1.4
FR;69;2021-02-22;1604;2573;112210;57416;2.9;1.5
FR;69;2021-02-23;2266;2814;114476;60230;2.9;1.5
FR;69;2021-02-24;2656;2907;117132;63137;3.0;1.6
FR;69;2021-02-25;3874;3570;121006;66707;3.1;1.7
FR;69;2021-02-26;4270;2623;125276;69330;3.2;1.8
FR;69;2021-02-27;1806;704;127082;70034;3.3;1.8
FR;69;2021-02-28;311;179;127393;70213;3.3;1.8
FR;69;2021-03-01;2792;1925;130185;72138;3.3;1.8
FR;69;2021-03-02;4708;2429;134893;74567;3.5;1.9
FR;69;2021-03-03;6651;2466;141544;77033;3.6;2.0
FR;69;2021-03-04;11700;2989;153244;80022;3.9;2.1
FR;69;2021-03-05;17413;2654;170657;82676;4.4;2.1
FR;69;2021-03-06;22992;729;193649;83405;5.0;2.1
FR;69;2021-03-07;14708;403;208357;83808;5.3;2.1
FR;69;2021-03-08;9716;2015;218073;85823;5.6;2.2
FR;69;2021-03-09;17431;2451;235504;88274;6.0;2.3
FR;69;2021-03-10;18722;2501;254226;90775;6.5;2.3
FR;69;2021-03-11;29059;3157;283285;93932;7.3;2.4
FR;69;2021-03-12;39728;2842;323013;96774;8.3;2.5
FR;69;2021-03-13;35834;904;358847;97678;9.2;2.5
FR;69;2021-03-14;8164;227;367011;97905;9.4;2.5
FR;69;2021-03-15;16606;1775;383617;99680;9.8;2.6
FR;69;2021-03-16;10707;2160;394324;101840;10.1;2.6
FR;69;2021-03-17;11709;2160;406033;104000;10.4;2.7
FR;69;2021-03-18;13101;2571;419134;106571;10.7;2.7
FR;69;2021-03-19;28697;2363;447831;108934;11.5;2.8
FR;69;2021-03-20;26859;841;474690;109775;12.2;2.8
FR;69;2021-03-21;7112;263;481802;110038;12.3;2.8
FR;69;2021-03-22;21122;2122;502924;112160;12.9;2.9
FR;69;2021-03-23;36054;2732;538978;114892;13.8;2.9
FR;69;2021-03-24;37344;2764;576322;117656;14.8;3.0
FR;69;2021-03-25;54787;2994;631109;120650;16.2;3.1
FR;69;2021-03-26;58946;2878;690055;123528;17.7;3.2
FR;69;2021-03-27;30024;1303;720079;124831;18.5;3.2
FR;69;2021-03-28;7596;364;727675;125195;18.6;3.2
FR;69;2021-03-29;27623;3375;755298;128570;19.4;3.3
FR;69;2021-03-30;42169;4266;797467;132836;20.4;3.4
FR;69;2021-03-31;35294;4322;832761;137158;21.3;3.5
FR;69;2021-04-01;43110;5694;875871;142852;22.4;3.7
FR;69;2021-04-02;41233;5837;917104;148689;23.5;3.8
FR;69;2021-04-03;21636;3900;938740;152589;24.1;3.9
FR;69;2021-04-04;5801;1299;944541;153888;24.2;3.9
FR;69;2021-04-05;7605;1051;952146;154939;24.4;4.0
FR;69;2021-04-06;27721;7124;979867;162063;25.1;4.2
FR;69;2021-04-07;32327;7687;1012194;169750;25.9;4.4
FR;69;2021-04-08;48462;8760;1060656;178510;27.2;4.6
FR;69;2021-04-09;70398;8890;1131054;187400;29.0;4.8
FR;69;2021-04-10;36592;7786;1167646;195186;29.9;5.0
FR;69;2021-04-11;7993;4271;1175639;199457;30.1;5.1
FR;69;2021-04-12;38493;8767;1214132;208224;31.1;5.3
FR;69;2021-04-13;53400;11865;1267532;220089;32.5;5.6
FR;69;2021-04-14;49161;11561;1316693;231650;33.7;5.9
FR;69;2021-04-15;61650;13427;1378343;245077;35.3;6.3
FR;69;2021-04-16;72341;13956;1450684;259033;37.2;6.6
FR;69;2021-04-17;39492;10618;1490176;269651;38.2;6.9
FR;69;2021-04-18;9993;5011;1500169;274662;38.4;7.0
FR;69;2021-04-19;45733;13807;1545902;288469;39.6;7.4
FR;69;2021-04-20;56870;16714;1602772;305183;41.1;7.8
FR;69;2021-04-21;53261;16444;1656033;321627;42.4;8.2
FR;69;2021-04-22;59993;18628;1716026;340255;44.0;8.7
FR;69;2021-04-23;59076;18650;1775102;358905;45.5;9.2
FR;69;2021-04-24;37155;13079;1812257;371984;46.4;9.5
FR;69;2021-04-25;13168;4961;1825425;376945;46.8;9.7
FR;69;2021-04-26;49036;18268;1874461;395213;48.0;10.1
FR;69;2021-04-27;61531;23071;1935992;418284;49.6;10.7
FR;69;2021-04-28;59470;21966;1995462;440250;51.1;11.3
FR;69;2021-04-29;69686;24713;2065148;464963;52.9;11.9
FR;69;2021-04-30;66633;23770;2131781;488733;54.6;12.5
FR;69;2021-05-01;23740;7567;2155521;496300;55.2;12.7
FR;69;2021-05-02;11126;5127;2166647;501427;55.5;12.9
FR;69;2021-05-03;47155;21259;2213802;522686;56.7;13.4
FR;69;2021-05-04;47700;27679;2261502;550365;58.0;14.1
FR;69;2021-05-05;42430;27096;2303932;577461;59.0;14.8
FR;69;2021-05-06;50617;30139;2354549;607600;60.3;15.6
FR;69;2021-05-07;42081;34231;2396630;641831;61.4;16.4
FR;69;2021-05-08;15064;9337;2411694;651168;61.8;16.7
FR;69;2021-05-09;7262;6553;2418956;657721;62.0;16.9
FR;69;2021-05-10;29343;34661;2448299;692382;62.7;17.7
FR;69;2021-05-11;37998;43703;2486297;736085;63.7;18.9
FR;69;2021-05-12;32775;39144;2519072;775229;64.6;19.9
FR;69;2021-05-13;17436;11492;2536508;786721;65.0;20.2
FR;69;2021-05-14;29859;34115;2566367;820836;65.8;21.0
FR;69;2021-05-15;15145;18498;2581512;839334;66.2;21.5
FR;69;2021-05-16;5427;4306;2586939;843640;66.3;21.6
FR;69;2021-05-17;21701;28750;2608640;872390;66.9;22.4
FR;69;2021-05-18;27641;29537;2636281;901927;67.6;23.1
FR;69;2021-05-19;24098;25181;2660379;927108;68.2;23.8
FR;69;2021-05-20;28095;27768;2688474;954876;68.9;24.5
FR;69;2021-05-21;22688;30638;2711162;985514;69.5;25.3
FR;69;2021-05-22;9574;14335;2720736;999849;69.7;25.6
FR;69;2021-05-23;3146;2359;2723882;1002208;69.8;25.7
FR;74;2020-12-27;1;0;1;0;0.0;0.0
FR;74;2020-12-28;7;0;8;0;0.0;0.0
FR;74;2020-12-29;5;0;13;0;0.0;0.0
FR;74;2020-12-30;11;0;24;0;0.0;0.0
FR;74;2020-12-31;7;0;31;0;0.0;0.0
FR;74;2021-01-01;5;0;36;0;0.0;0.0
FR;74;2021-01-02;3;0;39;0;0.0;0.0
FR;74;2021-01-03;12;0;51;0;0.0;0.0
FR;74;2021-01-04;85;1;136;1;0.0;0.0
FR;74;2021-01-05;297;0;433;1;0.0;0.0
FR;74;2021-01-06;554;0;987;1;0.0;0.0
FR;74;2021-01-07;1463;0;2450;1;0.1;0.0
FR;74;2021-01-08;1792;3;4242;4;0.1;0.0
FR;74;2021-01-09;794;1;5036;5;0.1;0.0
FR;74;2021-01-10;534;0;5570;5;0.2;0.0
FR;74;2021-01-11;2120;0;7690;5;0.2;0.0
FR;74;2021-01-12;3146;3;10836;8;0.3;0.0
FR;74;2021-01-13;3193;6;14029;14;0.4;0.0
FR;74;2021-01-14;3939;39;17968;53;0.5;0.0
FR;74;2021-01-15;3530;9;21498;62;0.6;0.0
FR;74;2021-01-16;1333;2;22831;64;0.7;0.0
FR;74;2021-01-17;764;3;23595;67;0.7;0.0
FR;74;2021-01-18;4715;11;28310;78;0.8;0.0
FR;74;2021-01-19;6819;11;35129;89;1.0;0.0
FR;74;2021-01-20;7093;11;42222;100;1.2;0.0
FR;74;2021-01-21;8176;22;50398;122;1.4;0.0
FR;74;2021-01-22;6534;17;56932;139;1.6;0.0
FR;74;2021-01-23;2258;1;59190;140;1.7;0.0
FR;74;2021-01-24;608;0;59798;140;1.7;0.0
FR;74;2021-01-25;4531;56;64329;196;1.8;0.0
FR;74;2021-01-26;5622;149;69951;345;2.0;0.0
FR;74;2021-01-27;5977;271;75928;616;2.2;0.0
FR;74;2021-01-28;6965;749;82893;1365;2.4;0.0
FR;74;2021-01-29;5732;896;88625;2261;2.5;0.1
FR;74;2021-01-30;1769;261;90394;2522;2.6;0.1
FR;74;2021-01-31;294;114;90688;2636;2.6;0.1
FR;74;2021-02-01;3276;1060;93964;3696;2.7;0.1
FR;74;2021-02-02;4278;1783;98242;5479;2.8;0.2
FR;74;2021-02-03;4302;1805;102544;7284;2.9;0.2
FR;74;2021-02-04;5174;2467;107718;9751;3.1;0.3
FR;74;2021-02-05;4382;2178;112100;11929;3.2;0.3
FR;74;2021-02-06;1395;694;113495;12623;3.3;0.4
FR;74;2021-02-07;243;351;113738;12974;3.3;0.4
FR;74;2021-02-08;3071;2505;116809;15479;3.4;0.4
FR;74;2021-02-09;4100;3722;120909;19201;3.5;0.6
FR;74;2021-02-10;4409;3814;125318;23015;3.6;0.7
FR;74;2021-02-11;5615;5470;130933;28485;3.8;0.8
FR;74;2021-02-12;5257;3818;136190;32303;3.9;0.9
FR;74;2021-02-13;1647;1218;137837;33521;4.0;1.0
FR;74;2021-02-14;405;471;138242;33992;4.0;1.0
FR;74;2021-02-15;2396;4178;140638;38170;4.0;1.1
FR;74;2021-02-16;3276;5630;143914;43800;4.1;1.3
FR;74;2021-02-17;3391;5449;147305;49249;4.2;1.4
FR;74;2021-02-18;4921;6802;152226;56051;4.4;1.6
FR;74;2021-02-19;4871;5406;157097;61457;4.5;1.8
FR;74;2021-02-20;1548;1736;158645;63193;4.6;1.8
FR;74;2021-02-21;232;415;158877;63608;4.6;1.8
FR;74;2021-02-22;2859;4292;161736;67900;4.6;2.0
FR;74;2021-02-23;4132;4891;165868;72791;4.8;2.1
FR;74;2021-02-24;4515;4838;170383;77629;4.9;2.2
FR;74;2021-02-25;5522;5694;175905;83323;5.1;2.4
FR;74;2021-02-26;5477;4466;181382;87789;5.2;2.5
FR;74;2021-02-27;2003;1364;183385;89153;5.3;2.6
FR;74;2021-02-28;528;293;183913;89446;5.3;2.6
FR;74;2021-03-01;5058;3363;188971;92809;5.4;2.7
FR;74;2021-03-02;7439;4273;196410;97082;5.6;2.8
FR;74;2021-03-03;9656;4254;206066;101336;5.9;2.9
FR;74;2021-03-04;14994;4798;221060;106134;6.4;3.1
FR;74;2021-03-05;21616;4572;242676;110706;7.0;3.2
FR;74;2021-03-06;31029;1359;273705;112065;7.9;3.2
FR;74;2021-03-07;20858;495;294563;112560;8.5;3.2
FR;74;2021-03-08;14173;3649;308736;116209;8.9;3.3
FR;74;2021-03-09;23996;4214;332732;120423;9.6;3.5
FR;74;2021-03-10;26209;4389;358941;124812;10.3;3.6
FR;74;2021-03-11;38214;5268;397155;130080;11.4;3.7
FR;74;2021-03-12;50465;4668;447620;134748;12.9;3.9
FR;74;2021-03-13;47641;1514;495261;136262;14.2;3.9
FR;74;2021-03-14;11929;407;507190;136669;14.6;3.9
FR;74;2021-03-15;25456;3120;532646;139789;15.3;4.0
FR;74;2021-03-16;20017;3830;552663;143619;15.9;4.1
FR;74;2021-03-17;21768;3864;574431;147483;16.5;4.2
FR;74;2021-03-18;24383;4504;598814;151987;17.2;4.4
FR;74;2021-03-19;41254;3946;640068;155933;18.4;4.5
FR;74;2021-03-20;35313;1543;675381;157476;19.4;4.5
FR;74;2021-03-21;9470;394;684851;157870;19.7;4.5
FR;74;2021-03-22;31419;3881;716270;161751;20.6;4.7
FR;74;2021-03-23;50022;4770;766292;166521;22.0;4.8
FR;74;2021-03-24;51978;5149;818270;171670;23.5;4.9
FR;74;2021-03-25;74527;5503;892797;177173;25.7;5.1
FR;74;2021-03-26;80566;5130;973363;182303;28.0;5.2
FR;74;2021-03-27;50912;2358;1024275;184661;29.4;5.3
FR;74;2021-03-28;17782;732;1042057;185393;30.0;5.3
FR;74;2021-03-29;56003;6835;1098060;192228;31.6;5.5
FR;74;2021-03-30;76425;8696;1174485;200924;33.8;5.8
FR;74;2021-03-31;67793;9260;1242278;210184;35.7;6.0
FR;74;2021-04-01;78196;11639;1320474;221823;38.0;6.4
FR;74;2021-04-02;69869;12214;1390343;234037;40.0;6.7
FR;74;2021-04-03;37112;8413;1427455;242450;41.0;7.0
FR;74;2021-04-04;12496;2772;1439951;245222;41.4;7.0
FR;74;2021-04-05;19193;1846;1459144;247068;41.9;7.1
FR;74;2021-04-06;64231;15048;1523375;262116;43.8;7.5
FR;74;2021-04-07;72532;15918;1595907;278034;45.9;8.0
FR;74;2021-04-08;87473;17807;1683380;295841;48.4;8.5
FR;74;2021-04-09;97097;17583;1780477;313424;51.2;9.0
FR;74;2021-04-10;48570;13965;1829047;327389;52.6;9.4
FR;74;2021-04-11;12729;6806;1841776;334195;53.0;9.6
FR;74;2021-04-12;60798;17651;1902574;351846;54.7;10.1
FR;74;2021-04-13;68590;22103;1971164;373949;56.7;10.8
FR;74;2021-04-14;59956;21702;2031120;395651;58.4;11.4
FR;74;2021-04-15;61780;23641;2092900;419292;60.2;12.1
FR;74;2021-04-16;52092;24247;2144992;443539;61.7;12.8
FR;74;2021-04-17;25644;16766;2170636;460305;62.4;13.2
FR;74;2021-04-18;5734;6958;2176370;467263;62.6;13.4
FR;74;2021-04-19;31627;24239;2207997;491502;63.5;14.1
FR;74;2021-04-20;36115;29502;2244112;521004;64.5;15.0
FR;74;2021-04-21;33224;30148;2277336;551152;65.5;15.8
FR;74;2021-04-22;37942;35103;2315278;586255;66.6;16.9
FR;74;2021-04-23;34652;38687;2349930;624942;67.6;18.0
FR;74;2021-04-24;18556;30669;2368486;655611;68.1;18.8
FR;74;2021-04-25;6098;12539;2374584;668150;68.3;19.2
FR;74;2021-04-26;26398;46793;2400982;714943;69.0;20.6
FR;74;2021-04-27;32850;55951;2433832;770894;70.0;22.2
FR;74;2021-04-28;32379;52734;2466211;823628;70.9;23.7
FR;74;2021-04-29;38417;53849;2504628;877477;72.0;25.2
FR;74;2021-04-30;34845;49032;2539473;926509;73.0;26.6
FR;74;2021-05-01;11043;15110;2550516;941619;73.3;27.1
FR;74;2021-05-02;5127;11368;2555643;952987;73.5;27.4
FR;74;2021-05-03;24019;52026;2579662;1005013;74.2;28.9
FR;74;2021-05-04;24915;69160;2604577;1074173;74.9;30.9
FR;74;2021-05-05;22481;64856;2627058;1139029;75.5;32.7
FR;74;2021-05-06;27167;63197;2654225;1202226;76.3;34.6
FR;74;2021-05-07;23082;65932;2677307;1268158;77.0;36.5
FR;74;2021-05-08;7762;14261;2685069;1282419;77.2;36.9
FR;74;2021-05-09;3649;10466;2688718;1292885;77.3;37.2
FR;74;2021-05-10;15836;63010;2704554;1355895;77.8;39.0
FR;74;2021-05-11;20832;64054;2725386;1419949;78.4;40.8
FR;74;2021-05-12;18234;53116;2743620;1473065;78.9;42.3
FR;74;2021-05-13;9045;12073;2752665;1485138;79.1;42.7
FR;74;2021-05-14;16819;37713;2769484;1522851;79.6;43.8
FR;74;2021-05-15;8312;17545;2777796;1540396;79.9;44.3
FR;74;2021-05-16;2974;3494;2780770;1543890;79.9;44.4
FR;74;2021-05-17;12130;30753;2792900;1574643;80.3;45.3
FR;74;2021-05-18;15234;30417;2808134;1605060;80.7;46.1
FR;74;2021-05-19;13829;25348;2821963;1630408;81.1;46.9
FR;74;2021-05-20;15821;27639;2837784;1658047;81.6;47.7
FR;74;2021-05-21;13144;30626;2850928;1688673;82.0;48.5
FR;74;2021-05-22;5690;14179;2856618;1702852;82.1;49.0
FR;74;2021-05-23;1811;2370;2858429;1705222;82.2;49.0
FR;79;2020-12-27;1;0;1;0;0.0;0.0
FR;79;2020-12-28;6;0;7;0;0.0;0.0
FR;79;2020-12-29;16;0;23;0;0.0;0.0
FR;79;2020-12-30;11;0;34;0;0.0;0.0
FR;79;2020-12-31;6;0;40;0;0.0;0.0
FR;79;2021-01-01;4;0;44;0;0.0;0.0
FR;79;2021-01-02;4;0;48;0;0.0;0.0
FR;79;2021-01-03;2;0;50;0;0.0;0.0
FR;79;2021-01-04;49;0;99;0;0.0;0.0
FR;79;2021-01-05;171;0;270;0;0.0;0.0
FR;79;2021-01-06;339;0;609;0;0.0;0.0
FR;79;2021-01-07;905;0;1514;0;0.1;0.0
FR;79;2021-01-08;1078;1;2592;1;0.1;0.0
FR;79;2021-01-09;364;0;2956;1;0.1;0.0
FR;79;2021-01-10;191;0;3147;1;0.1;0.0
FR;79;2021-01-11;1148;2;4295;3;0.2;0.0
FR;79;2021-01-12;2203;2;6498;5;0.3;0.0
FR;79;2021-01-13;2745;2;9243;7;0.4;0.0
FR;79;2021-01-14;4432;35;13675;42;0.6;0.0
FR;79;2021-01-15;5251;16;18926;58;0.9;0.0
FR;79;2021-01-16;2820;11;21746;69;1.0;0.0
FR;79;2021-01-17;1305;3;23051;72;1.0;0.0
FR;79;2021-01-18;19645;36;42696;108;1.9;0.0
FR;79;2021-01-19;26040;35;68736;143;3.1;0.0
FR;79;2021-01-20;28021;31;96757;174;4.4;0.0
FR;79;2021-01-21;30046;32;126803;206;5.7;0.0
FR;79;2021-01-22;27896;26;154699;232;7.0;0.0
FR;79;2021-01-23;11661;10;166360;242;7.5;0.0
FR;79;2021-01-24;2172;3;168532;245;7.6;0.0
FR;79;2021-01-25;22549;44;191081;289;8.6;0.0
FR;79;2021-01-26;25725;117;216806;406;9.8;0.0
FR;79;2021-01-27;25005;193;241811;599;10.9;0.0
FR;79;2021-01-28;25196;559;267007;1158;12.0;0.1
FR;79;2021-01-29;22537;562;289544;1720;13.1;0.1
FR;79;2021-01-30;8782;137;298326;1857;13.5;0.1
FR;79;2021-01-31;1230;55;299556;1912;13.5;0.1
FR;79;2021-02-01;16136;643;315692;2555;14.2;0.1
FR;79;2021-02-02;19267;1271;334959;3826;15.1;0.2
FR;79;2021-02-03;18290;1577;353249;5403;15.9;0.2
FR;79;2021-02-04;19175;2533;372424;7936;16.8;0.4
FR;79;2021-02-05;18020;2679;390444;10615;17.6;0.5
FR;79;2021-02-06;6451;1005;396895;11620;17.9;0.5
FR;79;2021-02-07;872;391;397767;12011;17.9;0.5
FR;79;2021-02-08;13083;5810;410850;17821;18.5;0.8
FR;79;2021-02-09;15550;7672;426400;25493;19.2;1.1
FR;79;2021-02-10;15442;8045;441842;33538;19.9;1.5
FR;79;2021-02-11;16527;9606;458369;43144;20.7;1.9
FR;79;2021-02-12;15666;9406;474035;52550;21.4;2.4
FR;79;2021-02-13;5005;4122;479040;56672;21.6;2.6
FR;79;2021-02-14;905;1043;479945;57715;21.6;2.6
FR;79;2021-02-15;7131;19821;487076;77536;22.0;3.5
FR;79;2021-02-16;8351;23625;495427;101161;22.3;4.6
FR;79;2021-02-17;8250;24023;503677;125184;22.7;5.6
FR;79;2021-02-18;10288;24422;513965;149606;23.2;6.7
FR;79;2021-02-19;10312;20762;524277;170368;23.6;7.7
FR;79;2021-02-20;3767;8311;528044;178679;23.8;8.1
FR;79;2021-02-21;549;1555;528593;180234;23.8;8.1
FR;79;2021-02-22;6986;21884;535579;202118;24.2;9.1
FR;79;2021-02-23;9632;23564;545211;225682;24.6;10.2
FR;79;2021-02-24;10024;22202;555235;247884;25.0;11.2
FR;79;2021-02-25;11676;22086;566911;269970;25.6;12.2
FR;79;2021-02-26;12062;19111;578973;289081;26.1;13.0
FR;79;2021-02-27;4419;6733;583392;295814;26.3;13.3
FR;79;2021-02-28;873;1038;584265;296852;26.4;13.4
FR;79;2021-03-01;12115;16446;596380;313298;26.9;14.1
FR;79;2021-03-02;16312;19263;612692;332561;27.6;15.0
FR;79;2021-03-03;17722;18528;630414;351089;28.4;15.8
FR;79;2021-03-04;20886;17663;651300;368752;29.4;16.6
FR;79;2021-03-05;22442;16458;673742;385210;30.4;17.4
FR;79;2021-03-06;28965;5340;702707;390550;31.7;17.6
FR;79;2021-03-07;21052;1015;723759;391565;32.6;17.7
FR;79;2021-03-08;17353;15321;741112;406886;33.4;18.4
FR;79;2021-03-09;25727;16409;766839;423295;34.6;19.1
FR;79;2021-03-10;26855;15582;793694;438877;35.8;19.8
FR;79;2021-03-11;31810;15072;825504;453949;37.2;20.5
FR;79;2021-03-12;33323;12924;858827;466873;38.7;21.1
FR;79;2021-03-13;25257;4209;884084;471082;39.9;21.2
FR;79;2021-03-14;9462;765;893546;471847;40.3;21.3
FR;79;2021-03-15;28440;8675;921986;480522;41.6;21.7
FR;79;2021-03-16;32781;9287;954767;489809;43.1;22.1
FR;79;2021-03-17;33763;9241;988530;499050;44.6;22.5
FR;79;2021-03-18;36649;9725;1025179;508775;46.2;22.9
FR;79;2021-03-19;36672;8850;1061851;517625;47.9;23.3
FR;79;2021-03-20;20659;3274;1082510;520899;48.8;23.5
FR;79;2021-03-21;5874;597;1088384;521496;49.1;23.5
FR;79;2021-03-22;28537;9169;1116921;530665;50.4;23.9
FR;79;2021-03-23;36996;10758;1153917;541423;52.0;24.4
FR;79;2021-03-24;35486;11328;1189403;552751;53.6;24.9
FR;79;2021-03-25;41828;11103;1231231;563854;55.5;25.4
FR;79;2021-03-26;39300;10416;1270531;574270;57.3;25.9
FR;79;2021-03-27;17622;4398;1288153;578668;58.1;26.1
FR;79;2021-03-28;4794;901;1292947;579569;58.3;26.1
FR;79;2021-03-29;22237;14991;1315184;594560;59.3;26.8
FR;79;2021-03-30;27972;18886;1343156;613446;60.6;27.7
FR;79;2021-03-31;24644;19723;1367800;633169;61.7;28.6
FR;79;2021-04-01;27122;23171;1394922;656340;62.9;29.6
FR;79;2021-04-02;23007;24424;1417929;680764;63.9;30.7
FR;79;2021-04-03;10000;17355;1427929;698119;64.4;31.5
FR;79;2021-04-04;2797;5060;1430726;703179;64.5;31.7
FR;79;2021-04-05;4184;2744;1434910;705923;64.7;31.8
FR;79;2021-04-06;18884;28942;1453794;734865;65.6;33.1
FR;79;2021-04-07;20990;29828;1474784;764693;66.5;34.5
FR;79;2021-04-08;24930;29890;1499714;794583;67.6;35.8
FR;79;2021-04-09;26767;28067;1526481;822650;68.8;37.1
FR;79;2021-04-10;13625;18911;1540106;841561;69.5;38.0
FR;79;2021-04-11;3502;6444;1543608;848005;69.6;38.2
FR;79;2021-04-12;16690;28881;1560298;876886;70.4;39.5
FR;79;2021-04-13;19038;34976;1579336;911862;71.2;41.1
FR;79;2021-04-14;18085;33115;1597421;944977;72.0;42.6
FR;79;2021-04-15;19027;33288;1616448;978265;72.9;44.1
FR;79;2021-04-16;16160;31015;1632608;1009280;73.6;45.5
FR;79;2021-04-17;8114;16677;1640722;1025957;74.0;46.3
FR;79;2021-04-18;1764;4830;1642486;1030787;74.1;46.5
FR;79;2021-04-19;9797;29149;1652283;1059936;74.5;47.8
FR;79;2021-04-20;11608;34414;1663891;1094350;75.0;49.4
FR;79;2021-04-21;11216;31181;1675107;1125531;75.5;50.8
FR;79;2021-04-22;12764;31053;1687871;1156584;76.1;52.2
FR;79;2021-04-23;11827;27653;1699698;1184237;76.7;53.4
FR;79;2021-04-24;6122;13703;1705820;1197940;76.9;54.0
FR;79;2021-04-25;1893;3418;1707713;1201358;77.0;54.2
FR;79;2021-04-26;8817;20566;1716530;1221924;77.4;55.1
FR;79;2021-04-27;10992;23630;1727522;1245554;77.9;56.2
FR;79;2021-04-28;11497;20860;1739019;1266414;78.4;57.1
FR;79;2021-04-29;13500;20621;1752519;1287035;79.0;58.0
FR;79;2021-04-30;12732;17546;1765251;1304581;79.6;58.8
FR;79;2021-05-01;3789;3905;1769040;1308486;79.8;59.0
FR;79;2021-05-02;1719;2613;1770759;1311099;79.9;59.1
FR;79;2021-05-03;8512;15071;1779271;1326170;80.2;59.8
FR;79;2021-05-04;8839;20119;1788110;1346289;80.6;60.7
FR;79;2021-05-05;8279;18940;1796389;1365229;81.0;61.6
FR;79;2021-05-06;10148;18739;1806537;1383968;81.5;62.4
FR;79;2021-05-07;8859;19411;1815396;1403379;81.9;63.3
FR;79;2021-05-08;2914;4278;1818310;1407657;82.0;63.5
FR;79;2021-05-09;1377;2984;1819687;1410641;82.1;63.6
FR;79;2021-05-10;6043;17447;1825730;1428088;82.3;64.4
FR;79;2021-05-11;7882;18515;1833612;1446603;82.7;65.2
FR;79;2021-05-12;7138;15748;1840750;1462351;83.0;66.0
FR;79;2021-05-13;3476;3774;1844226;1466125;83.2;66.1
FR;79;2021-05-14;6688;11350;1850914;1477475;83.5;66.6
FR;79;2021-05-15;3255;5087;1854169;1482562;83.6;66.9
FR;79;2021-05-16;1138;1149;1855307;1483711;83.7;66.9
FR;79;2021-05-17;4845;8964;1860152;1492675;83.9;67.3
FR;79;2021-05-18;5960;9095;1866112;1501770;84.2;67.7
FR;79;2021-05-19;5584;7928;1871696;1509698;84.4;68.1
FR;79;2021-05-20;6459;8063;1878155;1517761;84.7;68.5
FR;79;2021-05-21;5445;8676;1883600;1526437;84.9;68.8
FR;79;2021-05-22;2361;3784;1885961;1530221;85.1;69.0
FR;79;2021-05-23;705;782;1886666;1531003;85.1;69.0
FR;80;2020-12-27;10;2;10;2;0.0;0.0
FR;80;2020-12-28;41;0;51;2;0.0;0.0
FR;80;2020-12-29;78;0;129;2;0.0;0.0
FR;80;2020-12-30;69;0;198;2;0.0;0.0
FR;80;2020-12-31;49;0;247;2;0.0;0.0
FR;80;2021-01-01;8;0;255;2;0.0;0.0
FR;80;2021-01-02;8;0;263;2;0.0;0.0
FR;80;2021-01-03;2;0;265;2;0.0;0.0
FR;80;2021-01-04;297;1;562;3;0.0;0.0
FR;80;2021-01-05;909;0;1471;3;0.0;0.0
FR;80;2021-01-06;1673;0;3144;3;0.1;0.0
FR;80;2021-01-07;6292;2;9436;5;0.2;0.0
FR;80;2021-01-08;5736;2;15172;7;0.4;0.0
FR;80;2021-01-09;979;0;16151;7;0.4;0.0
FR;80;2021-01-10;308;0;16459;7;0.4;0.0
FR;80;2021-01-11;4439;4;20898;11;0.5;0.0
FR;80;2021-01-12;12696;8;33594;19;0.8;0.0
FR;80;2021-01-13;12434;14;46028;33;1.1;0.0
FR;80;2021-01-14;18221;117;64249;150;1.5;0.0
FR;80;2021-01-15;12111;32;76360;182;1.8;0.0
FR;80;2021-01-16;4032;28;80392;210;1.9;0.0
FR;80;2021-01-17;3745;18;84137;228;2.0;0.0
FR;80;2021-01-18;28740;65;112877;293;2.7;0.0
FR;80;2021-01-19;53769;62;166646;355;4.0;0.0
FR;80;2021-01-20;59370;112;226016;467;5.4;0.0
FR;80;2021-01-21;69924;79;295940;546;7.1;0.0
FR;80;2021-01-22;48295;66;344235;612;8.3;0.0
FR;80;2021-01-23;16214;8;360449;620;8.7;0.0
FR;80;2021-01-24;4311;2;364760;622;8.8;0.0
FR;80;2021-01-25;32406;147;397166;769;9.6;0.0
FR;80;2021-01-26;45109;530;442275;1299;10.6;0.0
FR;80;2021-01-27;50870;889;493145;2188;11.9;0.1
FR;80;2021-01-28;59996;3940;553141;6128;13.3;0.1
FR;80;2021-01-29;39328;3275;592469;9403;14.2;0.2
FR;80;2021-01-30;13221;591;605690;9994;14.6;0.2
FR;80;2021-01-31;2333;285;608023;10279;14.6;0.2
FR;80;2021-02-01;23000;2784;631023;13063;15.2;0.3
FR;80;2021-02-02;33472;7427;664495;20490;16.0;0.5
FR;80;2021-02-03;34406;7870;698901;28360;16.8;0.7
FR;80;2021-02-04;38060;12582;736961;40942;17.7;1.0
FR;80;2021-02-05;29786;9525;766747;50467;18.4;1.2
FR;80;2021-02-06;9703;2123;776450;52590;18.7;1.3
FR;80;2021-02-07;1449;1867;777899;54457;18.7;1.3
FR;80;2021-02-08;19339;11137;797238;65594;19.2;1.6
FR;80;2021-02-09;25892;25606;823130;91200;19.8;2.2
FR;80;2021-02-10;26298;28914;849428;120114;20.4;2.9
FR;80;2021-02-11;30497;38115;879925;158229;21.2;3.8
FR;80;2021-02-12;26698;24677;906623;182906;21.8;4.4
FR;80;2021-02-13;7925;6522;914548;189428;22.0;4.6
FR;80;2021-02-14;1507;3099;916055;192527;22.0;4.6
FR;80;2021-02-15;11132;28308;927187;220835;22.3;5.3
FR;80;2021-02-16;15546;38925;942733;259760;22.7;6.2
FR;80;2021-02-17;15934;44487;958667;304247;23.1;7.3
FR;80;2021-02-18;21480;52510;980147;356757;23.6;8.6
FR;80;2021-02-19;19042;37491;999189;394248;24.0;9.5
FR;80;2021-02-20;6301;12322;1005490;406570;24.2;9.8
FR;80;2021-02-21;912;2970;1006402;409540;24.2;9.8
FR;80;2021-02-22;11170;30691;1017572;440231;24.5;10.6
FR;80;2021-02-23;17067;37262;1034639;477493;24.9;11.5
FR;80;2021-02-24;17976;37079;1052615;514572;25.3;12.4
FR;80;2021-02-25;22275;40857;1074890;555429;25.9;13.4
FR;80;2021-02-26;20513;30904;1095403;586333;26.3;14.1
FR;80;2021-02-27;7168;10283;1102571;596616;26.5;14.3
FR;80;2021-02-28;1260;2120;1103831;598736;26.5;14.4
FR;80;2021-03-01;18767;23202;1122598;621938;27.0;15.0
FR;80;2021-03-02;26865;29099;1149463;651037;27.6;15.7
FR;80;2021-03-03;28665;29230;1178128;680267;28.3;16.4
FR;80;2021-03-04;34847;29672;1212975;709939;29.2;17.1
FR;80;2021-03-05;35843;27472;1248818;737411;30.0;17.7
FR;80;2021-03-06;41289;8325;1290107;745736;31.0;17.9
FR;80;2021-03-07;29656;2002;1319763;747738;31.7;18.0
FR;80;2021-03-08;27146;22467;1346909;770205;32.4;18.5
FR;80;2021-03-09;40676;24639;1387585;794844;33.4;19.1
FR;80;2021-03-10;43042;25368;1430627;820212;34.4;19.7
FR;80;2021-03-11;51573;26847;1482200;847059;35.6;20.4
FR;80;2021-03-12;52008;22942;1534208;870001;36.9;20.9
FR;80;2021-03-13;37393;6978;1571601;876979;37.8;21.1
FR;80;2021-03-14;13876;1515;1585477;878494;38.1;21.1
FR;80;2021-03-15;44007;13914;1629484;892408;39.2;21.5
FR;80;2021-03-16;51778;17006;1681262;909414;40.4;21.9
FR;80;2021-03-17;54590;16521;1735852;925935;41.7;22.3
FR;80;2021-03-18;58437;18799;1794289;944734;43.2;22.7
FR;80;2021-03-19;57298;15698;1851587;960432;44.5;23.1
FR;80;2021-03-20;30954;5325;1882541;965757;45.3;23.2
FR;80;2021-03-21;8683;1089;1891224;966846;45.5;23.3
FR;80;2021-03-22;42807;14532;1934031;981378;46.5;23.6
FR;80;2021-03-23;55479;18024;1989510;999402;47.8;24.0
FR;80;2021-03-24;54351;19020;2043861;1018422;49.2;24.5
FR;80;2021-03-25;63850;19546;2107711;1037968;50.7;25.0
FR;80;2021-03-26;60015;18228;2167726;1056196;52.1;25.4
FR;80;2021-03-27;26540;7334;2194266;1063530;52.8;25.6
FR;80;2021-03-28;6924;1448;2201190;1064978;52.9;25.6
FR;80;2021-03-29;32797;23373;2233987;1088351;53.7;26.2
FR;80;2021-03-30;43126;30701;2277113;1119052;54.8;26.9
FR;80;2021-03-31;40436;32078;2317549;1151130;55.7;27.7
FR;80;2021-04-01;46021;37682;2363570;1188812;56.8;28.6
FR;80;2021-04-02;36994;39700;2400564;1228512;57.7;29.5
FR;80;2021-04-03;14486;26078;2415050;1254590;58.1;30.2
FR;80;2021-04-04;3862;7558;2418912;1262148;58.2;30.4
FR;80;2021-04-05;5610;4076;2424522;1266224;58.3;30.5
FR;80;2021-04-06;27492;44919;2452014;1311143;59.0;31.5
FR;80;2021-04-07;33335;48363;2485349;1359506;59.8;32.7
FR;80;2021-04-08;39923;49485;2525272;1408991;60.7;33.9
FR;80;2021-04-09;43347;46285;2568619;1455276;61.8;35.0
FR;80;2021-04-10;19801;28862;2588420;1484138;62.3;35.7
FR;80;2021-04-11;4831;9354;2593251;1493492;62.4;35.9
FR;80;2021-04-12;23426;45123;2616677;1538615;62.9;37.0
FR;80;2021-04-13;30069;54586;2646746;1593201;63.7;38.3
FR;80;2021-04-14;28886;52102;2675632;1645303;64.4;39.6
FR;80;2021-04-15;31222;52616;2706854;1697919;65.1;40.8
FR;80;2021-04-16;26310;48932;2733164;1746851;65.7;42.0
FR;80;2021-04-17;12298;25577;2745462;1772428;66.0;42.6
FR;80;2021-04-18;2527;7615;2747989;1780043;66.1;42.8
FR;80;2021-04-19;14175;43648;2762164;1823691;66.4;43.9
FR;80;2021-04-20;17817;53001;2779981;1876692;66.9;45.1
FR;80;2021-04-21;17837;49743;2797818;1926435;67.3;46.3
FR;80;2021-04-22;20506;51161;2818324;1977596;67.8;47.6
FR;80;2021-04-23;18947;44563;2837271;2022159;68.2;48.6
FR;80;2021-04-24;9350;21173;2846621;2043332;68.5;49.1
FR;80;2021-04-25;2660;5144;2849281;2048476;68.5;49.3
FR;80;2021-04-26;12214;30536;2861495;2079012;68.8;50.0
FR;80;2021-04-27;16597;36362;2878092;2115374;69.2;50.9
FR;80;2021-04-28;17808;34537;2895900;2149911;69.6;51.7
FR;80;2021-04-29;21419;35558;2917319;2185469;70.2;52.6
FR;80;2021-04-30;20204;29518;2937523;2214987;70.6;53.3
FR;80;2021-05-01;5776;5807;2943299;2220794;70.8;53.4
FR;80;2021-05-02;2582;3846;2945881;2224640;70.9;53.5
FR;80;2021-05-03;12375;21307;2958256;2245947;71.1;54.0
FR;80;2021-05-04;13738;29928;2971994;2275875;71.5;54.7
FR;80;2021-05-05;13340;29255;2985334;2305130;71.8;55.4
FR;80;2021-05-06;15724;29461;3001058;2334591;72.2;56.1
FR;80;2021-05-07;14425;29720;3015483;2364311;72.5;56.9
FR;80;2021-05-08;4416;6028;3019899;2370339;72.6;57.0
FR;80;2021-05-09;1905;4141;3021804;2374480;72.7;57.1
FR;80;2021-05-10;9032;24325;3030836;2398805;72.9;57.7
FR;80;2021-05-11;12380;27139;3043216;2425944;73.2;58.3
FR;80;2021-05-12;11320;23538;3054536;2449482;73.5;58.9
FR;80;2021-05-13;4868;5385;3059404;2454867;73.6;59.0
FR;80;2021-05-14;10287;16338;3069691;2471205;73.8;59.4
FR;80;2021-05-15;4790;7322;3074481;2478527;73.9;59.6
FR;80;2021-05-16;1529;1525;3076010;2480052;74.0;59.6
FR;80;2021-05-17;6958;13077;3082968;2493129;74.1;60.0
FR;80;2021-05-18;9304;13407;3092272;2506536;74.4;60.3
FR;80;2021-05-19;8738;12037;3101010;2518573;74.6;60.6
FR;80;2021-05-20;10343;12607;3111353;2531180;74.8;60.9
FR;80;2021-05-21;8486;12970;3119839;2544150;75.0;61.2
FR;80;2021-05-22;3743;5161;3123582;2549311;75.1;61.3
FR;80;2021-05-23;985;1119;3124567;2550430;75.1;61.3
FR;0;2020-12-27;20;2;20;2;0.0;0.0
FR;0;2020-12-28;68;0;88;2;0.0;0.0
FR;0;2020-12-29;108;0;196;2;0.0;0.0
FR;0;2020-12-30;119;0;315;2;0.0;0.0
FR;0;2020-12-31;83;0;398;2;0.0;0.0
FR;0;2021-01-01;65;1;463;3;0.0;0.0
FR;0;2021-01-02;76;1;539;4;0.0;0.0
FR;0;2021-01-03;87;0;626;4;0.0;0.0
FR;0;2021-01-04;1469;5;2095;9;0.0;0.0
FR;0;2021-01-05;5382;7;7477;16;0.0;0.0
FR;0;2021-01-06;11281;15;18758;31;0.0;0.0
FR;0;2021-01-07;28538;42;47296;73;0.1;0.0
FR;0;2021-01-08;36100;41;83396;114;0.1;0.0
FR;0;2021-01-09;10896;11;94292;125;0.1;0.0
FR;0;2021-01-10;5605;3;99897;128;0.1;0.0
FR;0;2021-01-11;38913;48;138810;176;0.2;0.0
FR;0;2021-01-12;60707;83;199517;259;0.3;0.0
FR;0;2021-01-13;63588;105;263105;364;0.4;0.0
FR;0;2021-01-14;79702;655;342807;1019;0.5;0.0
FR;0;2021-01-15;67259;224;410066;1243;0.6;0.0
FR;0;2021-01-16;19598;99;429664;1342;0.6;0.0
FR;0;2021-01-17;10457;50;440121;1392;0.7;0.0
FR;0;2021-01-18;84267;233;524388;1625;0.8;0.0
FR;0;2021-01-19;128298;238;652686;1863;1.0;0.0
FR;0;2021-01-20;134833;290;787519;2153;1.2;0.0
FR;0;2021-01-21;154989;264;942508;2417;1.4;0.0
FR;0;2021-01-22;118333;268;1060841;2685;1.6;0.0
FR;0;2021-01-23;37761;62;1098602;2747;1.6;0.0
FR;0;2021-01-24;9339;32;1107941;2779;1.7;0.0
FR;0;2021-01-25;76716;1285;1184657;4064;1.8;0.0
FR;0;2021-01-26;98643;3198;1283300;7262;1.9;0.0
FR;0;2021-01-27;105505;5697;1388805;12959;2.1;0.0
FR;0;2021-01-28;122124;14508;1510929;27467;2.3;0.0
FR;0;2021-01-29;90786;17423;1601715;44890;2.4;0.1
FR;0;2021-01-30;28624;4257;1630339;49147;2.4;0.1
FR;0;2021-01-31;4863;1681;1635202;50828;2.4;0.1
FR;0;2021-02-01;51416;21177;1686618;72005;2.5;0.1
FR;0;2021-02-02;70445;34703;1757063;106708;2.6;0.2
FR;0;2021-02-03;70862;37091;1827925;143799;2.7;0.2
FR;0;2021-02-04;80387;50226;1908312;194025;2.8;0.3
FR;0;2021-02-05;66994;45466;1975306;239491;2.9;0.4
FR;0;2021-02-06;21270;10424;1996576;249915;3.0;0.4
FR;0;2021-02-07;4826;5066;2001402;254981;3.0;0.4
FR;0;2021-02-08;45790;46147;2047192;301128;3.1;0.4
FR;0;2021-02-09;64668;72755;2111860;373883;3.1;0.6
FR;0;2021-02-10;69144;77113;2181004;450996;3.2;0.7
FR;0;2021-02-11;85442;99797;2266446;550793;3.4;0.8
FR;0;2021-02-12;77581;74874;2344027;625667;3.5;0.9
FR;0;2021-02-13;21622;19585;2365649;645252;3.5;1.0
FR;0;2021-02-14;4574;7221;2370223;652473;3.5;1.0
FR;0;2021-02-15;36984;76858;2407207;729331;3.6;1.1
FR;0;2021-02-16;49132;101152;2456339;830483;3.7;1.2
FR;0;2021-02-17;49265;103422;2505604;933905;3.7;1.4
FR;0;2021-02-18;67747;119324;2573351;1053229;3.8;1.6
FR;0;2021-02-19;63569;91398;2636920;1144627;3.9;1.7
FR;0;2021-02-20;17946;28542;2654866;1173169;4.0;1.7
FR;0;2021-02-21;2849;6401;2657715;1179570;4.0;1.8
FR;0;2021-02-22;36374;73541;2694089;1253111;4.0;1.9
FR;0;2021-02-23;52413;84553;2746502;1337664;4.1;2.0
FR;0;2021-02-24;57898;81599;2804400;1419263;4.2;2.1
FR;0;2021-02-25;98349;92453;2902749;1511716;4.3;2.3
FR;0;2021-02-26;111421;72052;3014170;1583768;4.5;2.4
FR;0;2021-02-27;51005;22359;3065175;1606127;4.6;2.4
FR;0;2021-02-28;5648;4477;3070823;1610604;4.6;2.4
FR;0;2021-03-01;63258;53313;3134081;1663917;4.7;2.5
FR;0;2021-03-02;98882;67048;3232963;1730965;4.8;2.6
FR;0;2021-03-03;112932;66565;3345895;1797530;5.0;2.7
FR;0;2021-03-04;159136;70517;3505031;1868047;5.2;2.8
FR;0;2021-03-05;196785;65275;3701816;1933322;5.5;2.9
FR;0;2021-03-06;203223;19045;3905039;1952367;5.8;2.9
FR;0;2021-03-07;119156;6112;4024195;1958479;6.0;2.9
FR;0;2021-03-08;104247;51604;4128442;2010083;6.2;3.0
FR;0;2021-03-09;168832;58149;4297274;2068232;6.4;3.1
FR;0;2021-03-10;174752;58619;4472026;2126851;6.7;3.2
FR;0;2021-03-11;238152;65276;4710178;2192127;7.0;3.3
FR;0;2021-03-12;289557;55976;4999735;2248103;7.4;3.3
FR;0;2021-03-13;227102;16675;5226837;2264778;7.8;3.4
FR;0;2021-03-14;62000;3930;5288837;2268708;7.9;3.4
FR;0;2021-03-15;155239;34384;5444076;2303092;8.1;3.4
FR;0;2021-03-16;139063;41257;5583139;2344349;8.3;3.5
FR;0;2021-03-17;147711;40792;5730850;2385141;8.5;3.6
FR;0;2021-03-18;164721;47383;5895571;2432524;8.8;3.6
FR;0;2021-03-19;225902;40917;6121473;2473441;9.1;3.7
FR;0;2021-03-20;164125;13783;6285598;2487224;9.4;3.7
FR;0;2021-03-21;48695;3387;6334293;2490611;9.4;3.7
FR;0;2021-03-22;166649;37059;6500942;2527670;9.7;3.8
FR;0;2021-03-23;245974;46356;6746916;2574026;10.1;3.8
FR;0;2021-03-24;252499;47853;6999415;2621879;10.4;3.9
FR;0;2021-03-25;336449;50267;7335864;2672146;10.9;4.0
FR;0;2021-03-26;353687;47849;7689551;2719995;11.5;4.1
FR;0;2021-03-27;192438;19796;7881989;2739791;11.7;4.1
FR;0;2021-03-28;58242;4722;7940231;2744513;11.8;4.1
FR;0;2021-03-29;199978;57852;8140209;2802365;12.1;4.2
FR;0;2021-03-30;281307;75157;8421516;2877522;12.5;4.3
FR;0;2021-03-31;258785;78521;8680301;2956043;12.9;4.4
FR;0;2021-04-01;309015;95376;8989316;3051419;13.4;4.5
FR;0;2021-04-02;276989;98545;9266305;3149964;13.8;4.7
FR;0;2021-04-03;138907;64930;9405212;3214894;14.0;4.8
FR;0;2021-04-04;44810;19861;9450022;3234755;14.1;4.8
FR;0;2021-04-05;58686;12642;9508708;3247397;14.2;4.8
FR;0;2021-04-06;212456;112938;9721164;3360335;14.5;5.0
FR;0;2021-04-07;255491;122287;9976655;3482622;14.9;5.2
FR;0;2021-04-08;331799;130942;10308454;3613564;15.4;5.4
FR;0;2021-04-09;403711;126576;10712165;3740140;16.0;5.6
FR;0;2021-04-10;209821;87904;10921986;3828044;16.3;5.7
FR;0;2021-04-11;54920;36253;10976906;3864297;16.4;5.8
FR;0;2021-04-12;233168;121233;11210074;3985530;16.7;5.9
FR;0;2021-04-13;304160;153035;11514234;4138565;17.2;6.2
FR;0;2021-04-14;288430;148021;11802664;4286586;17.6;6.4
FR;0;2021-04-15;330214;157772;12132878;4444358;18.1;6.6
FR;0;2021-04-16;333327;155115;12466205;4599473;18.6;6.9
FR;0;2021-04-17;185462;95271;12651667;4694744;18.9;7.0
FR;0;2021-04-18;50268;37132;12701935;4731876;18.9;7.1
FR;0;2021-04-19;201558;144668;12903493;4876544;19.2;7.3
FR;0;2021-04-20;248956;178773;13152449;5055317;19.6;7.5
FR;0;2021-04-21;247444;177008;13399893;5232325;20.0;7.8
FR;0;2021-04-22;281233;198103;13681126;5430428;20.4;8.1
FR;0;2021-04-23;288434;194055;13969560;5624483;20.8;8.4
FR;0;2021-04-24;187069;119351;14156629;5743834;21.1;8.6
FR;0;2021-04-25;67668;41572;14224297;5785406;21.2;8.6
FR;0;2021-04-26;214622;166357;14438919;5951763;21.5;8.9
FR;0;2021-04-27;278948;206794;14717867;6158557;21.9;9.2
FR;0;2021-04-28;292938;203886;15010805;6362443;22.4;9.5
FR;0;2021-04-29;349346;225865;15360151;6588308;22.9;9.8
FR;0;2021-04-30;365127;218909;15725278;6807217;23.4;10.1
FR;0;2021-05-01;162421;61353;15887699;6868570;23.7;10.2
FR;0;2021-05-02;89223;42242;15976922;6910812;23.8;10.3
FR;0;2021-05-03;280918;186695;16257840;7097507;24.2;10.6
FR;0;2021-05-04;307471;246679;16565311;7344186;24.7;10.9
FR;0;2021-05-05;315675;245742;16880986;7589928;25.2;11.3
FR;0;2021-05-06;369910;268669;17250896;7858597;25.7;11.7
FR;0;2021-05-07;363199;294187;17614095;8152784;26.2;12.1
FR;0;2021-05-08;203185;78683;17817280;8231467;26.5;12.3
FR;0;2021-05-09;127268;54077;17944548;8285544;26.7;12.3
FR;0;2021-05-10;300819;251130;18245367;8536674;27.2;12.7
FR;0;2021-05-11;393228;292298;18638595;8828972;27.8;13.2
FR;0;2021-05-12;416944;264488;19055539;9093460;28.4;13.5
FR;0;2021-05-13;327845;75523;19383384;9168983;28.9;13.7
FR;0;2021-05-14;439830;198777;19823214;9367760;29.5;14.0
FR;0;2021-05-15;362145;116991;20185359;9484751;30.1;14.1
FR;0;2021-05-16;199124;32679;20384483;9517430;30.4;14.2
FR;0;2021-05-17;365628;175382;20750111;9692812;30.9;14.4
FR;0;2021-05-18;438715;187239;21188826;9880051;31.6;14.7
FR;0;2021-05-19;450502;178115;21639328;10058166;32.2;15.0
FR;0;2021-05-20;488484;199365;22127812;10257531;33.0;15.3
FR;0;2021-05-21;470661;216195;22598473;10473726;33.7;15.6
FR;0;2021-05-22;338751;105466;22937224;10579192;34.2;15.8
FR;0;2021-05-23;157342;25424;23094566;10604616;34.4;15.8
