reg;jour;n_dose1;n_complet;n_cum_dose1;n_cum_complet;couv_dose1;couv_complet
01;2020-12-27;0;0;0;0;0.0;0.0
01;2020-12-28;0;0;0;0;0.0;0.0
01;2020-12-29;0;0;0;0;0.0;0.0
01;2020-12-30;0;0;0;0;0.0;0.0
01;2020-12-31;0;0;0;0;0.0;0.0
01;2021-01-01;1;0;1;0;0.0;0.0
01;2021-01-02;0;0;1;0;0.0;0.0
01;2021-01-03;0;0;1;0;0.0;0.0
01;2021-01-04;1;0;2;0;0.0;0.0
01;2021-01-05;0;0;2;0;0.0;0.0
01;2021-01-06;1;0;3;0;0.0;0.0
01;2021-01-07;0;0;3;0;0.0;0.0
01;2021-01-08;48;0;51;0;0.0;0.0
01;2021-01-09;18;0;69;0;0.0;0.0
01;2021-01-10;0;0;69;0;0.0;0.0
01;2021-01-11;55;0;124;0;0.0;0.0
01;2021-01-12;40;0;164;0;0.0;0.0
01;2021-01-13;45;0;209;0;0.1;0.0
01;2021-01-14;60;0;269;0;0.1;0.0
01;2021-01-15;76;0;345;0;0.1;0.0
01;2021-01-16;0;0;345;0;0.1;0.0
01;2021-01-17;0;0;345;0;0.1;0.0
01;2021-01-18;75;0;420;0;0.1;0.0
01;2021-01-19;142;0;562;0;0.1;0.0
01;2021-01-20;134;0;696;0;0.2;0.0
01;2021-01-21;148;1;844;1;0.2;0.0
01;2021-01-22;131;0;975;1;0.3;0.0
01;2021-01-23;1;0;976;1;0.3;0.0
01;2021-01-24;0;0;976;1;0.3;0.0
01;2021-01-25;203;0;1179;1;0.3;0.0
01;2021-01-26;210;1;1389;2;0.4;0.0
01;2021-01-27;233;0;1622;2;0.4;0.0
01;2021-01-28;238;3;1860;5;0.5;0.0
01;2021-01-29;198;1;2058;6;0.5;0.0
01;2021-01-30;17;0;2075;6;0.6;0.0
01;2021-01-31;1;0;2076;6;0.6;0.0
01;2021-02-01;222;4;2298;10;0.6;0.0
01;2021-02-02;242;26;2540;36;0.7;0.0
01;2021-02-03;212;3;2752;39;0.7;0.0
01;2021-02-04;299;20;3051;59;0.8;0.0
01;2021-02-05;249;32;3300;91;0.9;0.0
01;2021-02-06;47;1;3347;92;0.9;0.0
01;2021-02-07;0;0;3347;92;0.9;0.0
01;2021-02-08;218;23;3565;115;0.9;0.0
01;2021-02-09;287;29;3852;144;1.0;0.0
01;2021-02-10;220;29;4072;173;1.1;0.0
01;2021-02-11;293;110;4365;283;1.2;0.1
01;2021-02-12;285;25;4650;308;1.2;0.1
01;2021-02-13;49;7;4699;315;1.2;0.1
01;2021-02-14;19;36;4718;351;1.3;0.1
01;2021-02-15;69;46;4787;397;1.3;0.1
01;2021-02-16;16;1;4803;398;1.3;0.1
01;2021-02-17;17;1;4820;399;1.3;0.1
01;2021-02-18;216;18;5036;417;1.3;0.1
01;2021-02-19;227;20;5263;437;1.4;0.1
01;2021-02-20;47;0;5310;437;1.4;0.1
01;2021-02-21;1;0;5311;437;1.4;0.1
01;2021-02-22;151;63;5462;500;1.4;0.1
01;2021-02-23;188;73;5650;573;1.5;0.2
01;2021-02-24;305;126;5955;699;1.6;0.2
01;2021-02-25;368;79;6323;778;1.7;0.2
01;2021-02-26;204;84;6527;862;1.7;0.2
01;2021-02-27;63;0;6590;862;1.7;0.2
01;2021-02-28;1;0;6591;862;1.7;0.2
01;2021-03-01;135;81;6726;943;1.8;0.3
01;2021-03-02;235;131;6961;1074;1.8;0.3
01;2021-03-03;209;120;7170;1194;1.9;0.3
01;2021-03-04;300;84;7470;1278;2.0;0.3
01;2021-03-05;326;144;7796;1422;2.1;0.4
01;2021-03-06;585;3;8381;1425;2.2;0.4
01;2021-03-07;1;0;8382;1425;2.2;0.4
01;2021-03-08;277;138;8659;1563;2.3;0.4
01;2021-03-09;352;150;9011;1713;2.4;0.5
01;2021-03-10;359;163;9370;1876;2.5;0.5
01;2021-03-11;119;45;9489;1921;2.5;0.5
01;2021-03-12;397;213;9886;2134;2.6;0.6
01;2021-03-13;130;2;10016;2136;2.7;0.6
01;2021-03-14;13;24;10029;2160;2.7;0.6
01;2021-03-15;405;44;10434;2204;2.8;0.6
01;2021-03-16;449;78;10883;2282;2.9;0.6
01;2021-03-17;413;83;11296;2365;3.0;0.6
01;2021-03-18;539;111;11835;2476;3.1;0.7
01;2021-03-19;522;100;12357;2576;3.3;0.7
01;2021-03-20;173;44;12530;2620;3.3;0.7
01;2021-03-21;8;0;12538;2620;3.3;0.7
01;2021-03-22;332;87;12870;2707;3.4;0.7
01;2021-03-23;482;156;13352;2863;3.5;0.8
01;2021-03-24;457;108;13809;2971;3.7;0.8
01;2021-03-25;727;178;14536;3149;3.9;0.8
01;2021-03-26;635;120;15171;3269;4.0;0.9
01;2021-03-27;265;49;15436;3318;4.1;0.9
01;2021-03-28;7;0;15443;3318;4.1;0.9
01;2021-03-29;359;82;15802;3400;4.2;0.9
01;2021-03-30;600;162;16402;3562;4.4;0.9
01;2021-03-31;517;129;16919;3691;4.5;1.0
01;2021-04-01;620;199;17539;3890;4.7;1.0
01;2021-04-02;38;35;17577;3925;4.7;1.0
01;2021-04-03;42;2;17619;3927;4.7;1.0
01;2021-04-04;4;18;17623;3945;4.7;1.0
01;2021-04-05;11;0;17634;3945;4.7;1.0
01;2021-04-06;428;189;18062;4134;4.8;1.1
01;2021-04-07;566;115;18628;4249;4.9;1.1
01;2021-04-08;481;160;19109;4409;5.1;1.2
01;2021-04-09;481;209;19590;4618;5.2;1.2
01;2021-04-10;97;4;19687;4622;5.2;1.2
01;2021-04-11;2;25;19689;4647;5.2;1.2
01;2021-04-12;284;257;19973;4904;5.3;1.3
01;2021-04-13;544;318;20517;5222;5.4;1.4
01;2021-04-14;422;221;20939;5443;5.6;1.4
01;2021-04-15;546;315;21485;5758;5.7;1.5
01;2021-04-16;547;269;22032;6027;5.8;1.6
01;2021-04-17;187;3;22219;6030;5.9;1.6
01;2021-04-18;4;14;22223;6044;5.9;1.6
01;2021-04-19;387;239;22610;6283;6.0;1.7
01;2021-04-20;711;343;23321;6626;6.2;1.8
01;2021-04-21;610;312;23931;6938;6.3;1.8
01;2021-04-22;800;330;24731;7268;6.6;1.9
01;2021-04-23;840;248;25571;7516;6.8;2.0
01;2021-04-24;344;75;25915;7591;6.9;2.0
01;2021-04-25;590;64;26505;7655;7.0;2.0
01;2021-04-26;942;212;27447;7867;7.3;2.1
01;2021-04-27;656;227;28103;8094;7.5;2.1
01;2021-04-28;833;264;28936;8358;7.7;2.2
01;2021-04-29;1194;190;30130;8548;8.0;2.3
01;2021-04-30;1256;170;31386;8718;8.3;2.3
01;2021-05-01;594;38;31980;8756;8.5;2.3
01;2021-05-02;342;17;32322;8773;8.6;2.3
01;2021-05-03;918;171;33240;8944;8.8;2.4
01;2021-05-04;947;199;34187;9143;9.1;2.4
01;2021-05-05;968;242;35155;9385;9.3;2.5
01;2021-05-06;1113;166;36268;9551;9.6;2.5
01;2021-05-07;1222;257;37490;9808;9.9;2.6
01;2021-05-08;314;33;37804;9841;10.0;2.6
01;2021-05-09;178;9;37982;9850;10.1;2.6
01;2021-05-10;833;209;38815;10059;10.3;2.7
01;2021-05-11;937;304;39752;10363;10.5;2.7
01;2021-05-12;893;322;40645;10685;10.8;2.8
01;2021-05-13;210;80;40855;10765;10.8;2.9
01;2021-05-14;860;270;41715;11035;11.1;2.9
01;2021-05-15;469;14;42184;11049;11.2;2.9
01;2021-05-16;183;35;42367;11084;11.2;2.9
01;2021-05-17;703;269;43070;11353;11.4;3.0
01;2021-05-18;702;388;43772;11741;11.6;3.1
01;2021-05-19;693;520;44465;12261;11.8;3.3
01;2021-05-20;765;366;45230;12627;12.0;3.4
01;2021-05-21;796;399;46026;13026;12.2;3.5
01;2021-05-22;479;217;46505;13243;12.3;3.5
01;2021-05-23;199;115;46704;13358;12.4;3.5
01;2021-05-24;198;175;46902;13533;12.4;3.6
01;2021-05-25;525;663;47427;14196;12.6;3.8
01;2021-05-26;559;493;47986;14689;12.7;3.9
01;2021-05-27;127;186;48113;14875;12.8;3.9
01;2021-05-28;515;524;48628;15399;12.9;4.1
01;2021-05-29;223;138;48851;15537;13.0;4.1
01;2021-05-30;72;111;48923;15648;13.0;4.2
01;2021-05-31;418;536;49341;16184;13.1;4.3
01;2021-06-01;529;712;49870;16896;13.2;4.5
01;2021-06-02;542;708;50412;17604;13.4;4.7
01;2021-06-03;476;560;50888;18164;13.5;4.8
01;2021-06-04;671;799;51559;18963;13.7;5.0
01;2021-06-05;336;647;51895;19610;13.8;5.2
01;2021-06-06;122;530;52017;20140;13.8;5.3
01;2021-06-07;392;784;52409;20924;13.9;5.6
01;2021-06-08;500;889;52909;21813;14.0;5.8
01;2021-06-09;405;858;53314;22671;14.1;6.0
01;2021-06-10;468;850;53782;23521;14.3;6.2
01;2021-06-11;445;1231;54227;24752;14.4;6.6
01;2021-06-12;290;660;54517;25412;14.5;6.7
01;2021-06-13;129;314;54646;25726;14.5;6.8
01;2021-06-14;350;3806;54996;29532;14.6;7.8
01;2021-06-15;445;2011;55441;31543;14.7;8.4
01;2021-06-16;448;1490;55889;33033;14.8;8.8
01;2021-06-17;417;1013;56306;34046;14.9;9.0
01;2021-06-18;451;1015;56757;35061;15.1;9.3
01;2021-06-19;294;508;57051;35569;15.1;9.4
01;2021-06-20;108;232;57159;35801;15.2;9.5
01;2021-06-21;315;681;57474;36482;15.2;9.7
01;2021-06-22;312;867;57786;37349;15.3;9.9
01;2021-06-23;354;890;58140;38239;15.4;10.1
01;2021-06-24;378;731;58518;38970;15.5;10.3
01;2021-06-25;433;763;58951;39733;15.6;10.5
01;2021-06-26;293;512;59244;40245;15.7;10.7
01;2021-06-27;106;169;59350;40414;15.7;10.7
01;2021-06-28;285;690;59635;41104;15.8;10.9
01;2021-06-29;365;763;60000;41867;15.9;11.1
01;2021-06-30;393;907;60393;42774;16.0;11.3
02;2020-12-27;0;0;0;0;0.0;0.0
02;2020-12-28;0;0;0;0;0.0;0.0
02;2020-12-29;0;0;0;0;0.0;0.0
02;2020-12-30;0;0;0;0;0.0;0.0
02;2020-12-31;0;0;0;0;0.0;0.0
02;2021-01-01;0;0;0;0;0.0;0.0
02;2021-01-02;0;0;0;0;0.0;0.0
02;2021-01-03;0;0;0;0;0.0;0.0
02;2021-01-04;0;0;0;0;0.0;0.0
02;2021-01-05;0;0;0;0;0.0;0.0
02;2021-01-06;5;0;5;0;0.0;0.0
02;2021-01-07;31;0;36;0;0.0;0.0
02;2021-01-08;80;1;116;1;0.0;0.0
02;2021-01-09;20;0;136;1;0.0;0.0
02;2021-01-10;0;0;136;1;0.0;0.0
02;2021-01-11;122;0;258;1;0.1;0.0
02;2021-01-12;78;0;336;1;0.1;0.0
02;2021-01-13;64;0;400;1;0.1;0.0
02;2021-01-14;88;1;488;2;0.1;0.0
02;2021-01-15;136;0;624;2;0.2;0.0
02;2021-01-16;51;0;675;2;0.2;0.0
02;2021-01-17;0;0;675;2;0.2;0.0
02;2021-01-18;157;0;832;2;0.2;0.0
02;2021-01-19;168;1;1000;3;0.3;0.0
02;2021-01-20;164;0;1164;3;0.3;0.0
02;2021-01-21;181;1;1345;4;0.4;0.0
02;2021-01-22;156;0;1501;4;0.4;0.0
02;2021-01-23;58;0;1559;4;0.4;0.0
02;2021-01-24;0;0;1559;4;0.4;0.0
02;2021-01-25;160;0;1719;4;0.5;0.0
02;2021-01-26;137;0;1856;4;0.5;0.0
02;2021-01-27;161;5;2017;9;0.6;0.0
02;2021-01-28;143;12;2160;21;0.6;0.0
02;2021-01-29;143;41;2303;62;0.6;0.0
02;2021-01-30;96;16;2399;78;0.7;0.0
02;2021-01-31;0;0;2399;78;0.7;0.0
02;2021-02-01;119;74;2518;152;0.7;0.0
02;2021-02-02;184;96;2702;248;0.8;0.1
02;2021-02-03;130;80;2832;328;0.8;0.1
02;2021-02-04;158;73;2990;401;0.8;0.1
02;2021-02-05;120;97;3110;498;0.9;0.1
02;2021-02-06;62;26;3172;524;0.9;0.1
02;2021-02-07;1;0;3173;524;0.9;0.1
02;2021-02-08;137;80;3310;604;0.9;0.2
02;2021-02-09;175;78;3485;682;1.0;0.2
02;2021-02-10;138;90;3623;772;1.0;0.2
02;2021-02-11;150;103;3773;875;1.1;0.2
02;2021-02-12;124;130;3897;1005;1.1;0.3
02;2021-02-13;38;37;3935;1042;1.1;0.3
02;2021-02-14;0;0;3935;1042;1.1;0.3
02;2021-02-15;51;67;3986;1109;1.1;0.3
02;2021-02-16;0;1;3986;1110;1.1;0.3
02;2021-02-17;1;3;3987;1113;1.1;0.3
02;2021-02-18;69;127;4056;1240;1.1;0.3
02;2021-02-19;69;131;4125;1371;1.1;0.4
02;2021-02-20;48;69;4173;1440;1.2;0.4
02;2021-02-21;0;0;4173;1440;1.2;0.4
02;2021-02-22;102;60;4275;1500;1.2;0.4
02;2021-02-23;114;237;4389;1737;1.2;0.5
02;2021-02-24;106;223;4495;1960;1.3;0.5
02;2021-02-25;89;151;4584;2111;1.3;0.6
02;2021-02-26;126;169;4710;2280;1.3;0.6
02;2021-02-27;69;52;4779;2332;1.3;0.7
02;2021-02-28;0;0;4779;2332;1.3;0.7
02;2021-03-01;138;144;4917;2476;1.4;0.7
02;2021-03-02;158;78;5075;2554;1.4;0.7
02;2021-03-03;178;145;5253;2699;1.5;0.8
02;2021-03-04;145;135;5398;2834;1.5;0.8
02;2021-03-05;238;129;5636;2963;1.6;0.8
02;2021-03-06;119;59;5755;3022;1.6;0.8
02;2021-03-07;100;1;5855;3023;1.6;0.8
02;2021-03-08;197;132;6052;3155;1.7;0.9
02;2021-03-09;270;101;6322;3256;1.8;0.9
02;2021-03-10;324;134;6646;3390;1.9;0.9
02;2021-03-11;333;83;6979;3473;1.9;1.0
02;2021-03-12;398;53;7377;3526;2.1;1.0
02;2021-03-13;155;21;7532;3547;2.1;1.0
02;2021-03-14;4;1;7536;3548;2.1;1.0
02;2021-03-15;277;91;7813;3639;2.2;1.0
02;2021-03-16;305;55;8118;3694;2.3;1.0
02;2021-03-17;388;49;8506;3743;2.4;1.0
02;2021-03-18;435;44;8941;3787;2.5;1.1
02;2021-03-19;396;62;9337;3849;2.6;1.1
02;2021-03-20;149;48;9486;3897;2.6;1.1
02;2021-03-21;25;1;9511;3898;2.7;1.1
02;2021-03-22;362;117;9873;4015;2.8;1.1
02;2021-03-23;401;123;10274;4138;2.9;1.2
02;2021-03-24;427;104;10701;4242;3.0;1.2
02;2021-03-25;470;100;11171;4342;3.1;1.2
02;2021-03-26;633;99;11804;4441;3.3;1.2
02;2021-03-27;153;70;11957;4511;3.3;1.3
02;2021-03-28;81;2;12038;4513;3.4;1.3
02;2021-03-29;421;165;12459;4678;3.5;1.3
02;2021-03-30;468;244;12927;4922;3.6;1.4
02;2021-03-31;1143;188;14070;5110;3.9;1.4
02;2021-04-01;951;170;15021;5280;4.2;1.5
02;2021-04-02;895;8;15916;5288;4.4;1.5
02;2021-04-03;788;51;16704;5339;4.7;1.5
02;2021-04-04;750;10;17454;5349;4.9;1.5
02;2021-04-05;828;42;18282;5391;5.1;1.5
02;2021-04-06;884;133;19166;5524;5.3;1.5
02;2021-04-07;1434;325;20600;5849;5.7;1.6
02;2021-04-08;1303;267;21903;6116;6.1;1.7
02;2021-04-09;1239;317;23142;6433;6.5;1.8
02;2021-04-10;838;164;23980;6597;6.7;1.8
02;2021-04-11;621;12;24601;6609;6.9;1.8
02;2021-04-12;868;314;25469;6923;7.1;1.9
02;2021-04-13;868;325;26337;7248;7.3;2.0
02;2021-04-14;958;323;27295;7571;7.6;2.1
02;2021-04-15;958;295;28253;7866;7.9;2.2
02;2021-04-16;991;298;29244;8164;8.2;2.3
02;2021-04-17;528;161;29772;8325;8.3;2.3
02;2021-04-18;339;56;30111;8381;8.4;2.3
02;2021-04-19;669;346;30780;8727;8.6;2.4
02;2021-04-20;868;310;31648;9037;8.8;2.5
02;2021-04-21;999;358;32647;9395;9.1;2.6
02;2021-04-22;602;313;33249;9708;9.3;2.7
02;2021-04-23;606;466;33855;10174;9.4;2.8
02;2021-04-24;360;197;34215;10371;9.5;2.9
02;2021-04-25;168;200;34383;10571;9.6;2.9
02;2021-04-26;515;543;34898;11114;9.7;3.1
02;2021-04-27;559;609;35457;11723;9.9;3.3
02;2021-04-28;449;693;35906;12416;10.0;3.5
02;2021-04-29;653;642;36559;13058;10.2;3.6
02;2021-04-30;772;687;37331;13745;10.4;3.8
02;2021-05-01;243;246;37574;13991;10.5;3.9
02;2021-05-02;226;513;37800;14504;10.5;4.0
02;2021-05-03;569;772;38369;15276;10.7;4.3
02;2021-05-04;524;677;38893;15953;10.8;4.4
02;2021-05-05;543;896;39436;16849;11.0;4.7
02;2021-05-06;546;783;39982;17632;11.1;4.9
02;2021-05-07;629;1016;40611;18648;11.3;5.2
02;2021-05-08;224;526;40835;19174;11.4;5.3
02;2021-05-09;174;506;41009;19680;11.4;5.5
02;2021-05-10;521;859;41530;20539;11.6;5.7
02;2021-05-11;479;873;42009;21412;11.7;6.0
02;2021-05-12;558;912;42567;22324;11.9;6.2
02;2021-05-13;273;534;42840;22858;11.9;6.4
02;2021-05-14;389;752;43229;23610;12.0;6.6
02;2021-05-15;235;580;43464;24190;12.1;6.7
02;2021-05-16;155;442;43619;24632;12.2;6.9
02;2021-05-17;475;753;44094;25385;12.3;7.1
02;2021-05-18;446;678;44540;26063;12.4;7.3
02;2021-05-19;451;742;44991;26805;12.5;7.5
02;2021-05-20;591;500;45582;27305;12.7;7.6
02;2021-05-21;546;704;46128;28009;12.9;7.8
02;2021-05-22;184;364;46312;28373;12.9;7.9
02;2021-05-23;110;181;46422;28554;12.9;8.0
02;2021-05-24;136;241;46558;28795;13.0;8.0
02;2021-05-25;356;699;46914;29494;13.1;8.2
02;2021-05-26;381;710;47295;30204;13.2;8.4
02;2021-05-27;267;644;47562;30848;13.3;8.6
02;2021-05-28;276;817;47838;31665;13.3;8.8
02;2021-05-29;154;510;47992;32175;13.4;9.0
02;2021-05-30;16;33;48008;32208;13.4;9.0
02;2021-05-31;348;680;48356;32888;13.5;9.2
02;2021-06-01;293;546;48649;33434;13.6;9.3
02;2021-06-02;318;574;48967;34008;13.6;9.5
02;2021-06-03;248;430;49215;34438;13.7;9.6
02;2021-06-04;349;650;49564;35088;13.8;9.8
02;2021-06-05;235;362;49799;35450;13.9;9.9
02;2021-06-06;22;31;49821;35481;13.9;9.9
02;2021-06-07;258;741;50079;36222;14.0;10.1
02;2021-06-08;253;591;50332;36813;14.0;10.3
02;2021-06-09;296;704;50628;37517;14.1;10.5
02;2021-06-10;300;454;50928;37971;14.2;10.6
02;2021-06-11;336;544;51264;38515;14.3;10.7
02;2021-06-12;244;323;51508;38838;14.4;10.8
02;2021-06-13;32;29;51540;38867;14.4;10.8
02;2021-06-14;366;553;51906;39420;14.5;11.0
02;2021-06-15;407;494;52313;39914;14.6;11.1
02;2021-06-16;412;444;52725;40358;14.7;11.2
02;2021-06-17;347;578;53072;40936;14.8;11.4
02;2021-06-18;420;542;53492;41478;14.9;11.6
02;2021-06-19;225;196;53717;41674;15.0;11.6
02;2021-06-20;25;17;53742;41691;15.0;11.6
02;2021-06-21;320;578;54062;42269;15.1;11.8
02;2021-06-22;291;464;54353;42733;15.2;11.9
02;2021-06-23;408;562;54761;43295;15.3;12.1
02;2021-06-24;316;432;55077;43727;15.4;12.2
02;2021-06-25;309;388;55386;44115;15.4;12.3
02;2021-06-26;195;199;55581;44314;15.5;12.4
02;2021-06-27;15;23;55596;44337;15.5;12.4
02;2021-06-28;305;420;55901;44757;15.6;12.5
02;2021-06-29;319;419;56220;45176;15.7;12.6
02;2021-06-30;399;397;56619;45573;15.8;12.7
03;2020-12-27;0;0;0;0;0.0;0.0
03;2020-12-28;0;0;0;0;0.0;0.0
03;2020-12-29;0;0;0;0;0.0;0.0
03;2020-12-30;0;0;0;0;0.0;0.0
03;2020-12-31;0;0;0;0;0.0;0.0
03;2021-01-01;0;0;0;0;0.0;0.0
03;2021-01-02;2;2;2;2;0.0;0.0
03;2021-01-03;0;0;2;2;0.0;0.0
03;2021-01-04;0;0;2;2;0.0;0.0
03;2021-01-05;0;0;2;2;0.0;0.0
03;2021-01-06;0;0;2;2;0.0;0.0
03;2021-01-07;0;0;2;2;0.0;0.0
03;2021-01-08;0;0;2;2;0.0;0.0
03;2021-01-09;0;0;2;2;0.0;0.0
03;2021-01-10;0;0;2;2;0.0;0.0
03;2021-01-11;0;0;2;2;0.0;0.0
03;2021-01-12;0;0;2;2;0.0;0.0
03;2021-01-13;30;0;32;2;0.0;0.0
03;2021-01-14;46;0;78;2;0.0;0.0
03;2021-01-15;35;0;113;2;0.0;0.0
03;2021-01-16;18;0;131;2;0.0;0.0
03;2021-01-17;0;0;131;2;0.0;0.0
03;2021-01-18;63;0;194;2;0.1;0.0
03;2021-01-19;149;1;343;3;0.1;0.0
03;2021-01-20;132;0;475;3;0.2;0.0
03;2021-01-21;118;0;593;3;0.2;0.0
03;2021-01-22;76;0;669;3;0.2;0.0
03;2021-01-23;0;0;669;3;0.2;0.0
03;2021-01-24;0;0;669;3;0.2;0.0
03;2021-01-25;56;0;725;3;0.2;0.0
03;2021-01-26;100;0;825;3;0.3;0.0
03;2021-01-27;109;1;934;4;0.3;0.0
03;2021-01-28;96;2;1030;6;0.4;0.0
03;2021-01-29;104;3;1134;9;0.4;0.0
03;2021-01-30;0;0;1134;9;0.4;0.0
03;2021-01-31;0;0;1134;9;0.4;0.0
03;2021-02-01;54;0;1188;9;0.4;0.0
03;2021-02-02;122;4;1310;13;0.5;0.0
03;2021-02-03;116;7;1426;20;0.5;0.0
03;2021-02-04;79;26;1505;46;0.5;0.0
03;2021-02-05;65;8;1570;54;0.5;0.0
03;2021-02-06;0;0;1570;54;0.5;0.0
03;2021-02-07;0;0;1570;54;0.5;0.0
03;2021-02-08;54;13;1624;67;0.6;0.0
03;2021-02-09;92;39;1716;106;0.6;0.0
03;2021-02-10;101;42;1817;148;0.6;0.1
03;2021-02-11;105;93;1922;241;0.7;0.1
03;2021-02-12;87;65;2009;306;0.7;0.1
03;2021-02-13;0;0;2009;306;0.7;0.1
03;2021-02-14;0;0;2009;306;0.7;0.1
03;2021-02-15;27;65;2036;371;0.7;0.1
03;2021-02-16;123;54;2159;425;0.7;0.1
03;2021-02-17;145;120;2304;545;0.8;0.2
03;2021-02-18;102;143;2406;688;0.8;0.2
03;2021-02-19;121;72;2527;760;0.9;0.3
03;2021-02-20;0;0;2527;760;0.9;0.3
03;2021-02-21;0;0;2527;760;0.9;0.3
03;2021-02-22;78;49;2605;809;0.9;0.3
03;2021-02-23;158;100;2763;909;1.0;0.3
03;2021-02-24;190;120;2953;1029;1.0;0.4
03;2021-02-25;258;87;3211;1116;1.1;0.4
03;2021-02-26;264;69;3475;1185;1.2;0.4
03;2021-02-27;121;1;3596;1186;1.2;0.4
03;2021-02-28;0;0;3596;1186;1.2;0.4
03;2021-03-01;180;85;3776;1271;1.3;0.4
03;2021-03-02;255;108;4031;1379;1.4;0.5
03;2021-03-03;255;131;4286;1510;1.5;0.5
03;2021-03-04;281;82;4567;1592;1.6;0.5
03;2021-03-05;270;44;4837;1636;1.7;0.6
03;2021-03-06;116;1;4953;1637;1.7;0.6
03;2021-03-07;0;0;4953;1637;1.7;0.6
03;2021-03-08;189;40;5142;1677;1.8;0.6
03;2021-03-09;349;91;5491;1768;1.9;0.6
03;2021-03-10;358;100;5849;1868;2.0;0.6
03;2021-03-11;270;120;6119;1988;2.1;0.7
03;2021-03-12;286;92;6405;2080;2.2;0.7
03;2021-03-13;110;2;6515;2082;2.2;0.7
03;2021-03-14;0;0;6515;2082;2.2;0.7
03;2021-03-15;180;26;6695;2108;2.3;0.7
03;2021-03-16;241;139;6936;2247;2.4;0.8
03;2021-03-17;273;128;7209;2375;2.5;0.8
03;2021-03-18;250;153;7459;2528;2.6;0.9
03;2021-03-19;284;126;7743;2654;2.7;0.9
03;2021-03-20;255;14;7998;2668;2.8;0.9
03;2021-03-21;119;0;8117;2668;2.8;0.9
03;2021-03-22;219;112;8336;2780;2.9;1.0
03;2021-03-23;261;186;8597;2966;3.0;1.0
03;2021-03-24;225;209;8822;3175;3.0;1.1
03;2021-03-25;167;176;8989;3351;3.1;1.2
03;2021-03-26;189;307;9178;3658;3.2;1.3
03;2021-03-27;56;93;9234;3751;3.2;1.3
03;2021-03-28;0;0;9234;3751;3.2;1.3
03;2021-03-29;175;245;9409;3996;3.2;1.4
03;2021-03-30;446;235;9855;4231;3.4;1.5
03;2021-03-31;318;291;10173;4522;3.5;1.6
03;2021-04-01;446;260;10619;4782;3.7;1.6
03;2021-04-02;306;279;10925;5061;3.8;1.7
03;2021-04-03;151;122;11076;5183;3.8;1.8
03;2021-04-04;0;0;11076;5183;3.8;1.8
03;2021-04-05;118;14;11194;5197;3.9;1.8
03;2021-04-06;439;331;11633;5528;4.0;1.9
03;2021-04-07;501;341;12134;5869;4.2;2.0
03;2021-04-08;510;263;12644;6132;4.3;2.1
03;2021-04-09;493;225;13137;6357;4.5;2.2
03;2021-04-10;146;91;13283;6448;4.6;2.2
03;2021-04-11;2;0;13285;6448;4.6;2.2
03;2021-04-12;552;269;13837;6717;4.8;2.3
03;2021-04-13;671;241;14508;6958;5.0;2.4
03;2021-04-14;718;310;15226;7268;5.2;2.5
03;2021-04-15;771;243;15997;7511;5.5;2.6
03;2021-04-16;749;297;16746;7808;5.8;2.7
03;2021-04-17;496;128;17242;7936;5.9;2.7
03;2021-04-18;499;39;17741;7975;6.1;2.7
03;2021-04-19;712;249;18453;8224;6.3;2.8
03;2021-04-20;604;276;19057;8500;6.6;2.9
03;2021-04-21;862;244;19919;8744;6.9;3.0
03;2021-04-22;672;224;20591;8968;7.1;3.1
03;2021-04-23;663;220;21254;9188;7.3;3.2
03;2021-04-24;524;95;21778;9283;7.5;3.2
03;2021-04-25;602;42;22380;9325;7.7;3.2
03;2021-04-26;735;223;23115;9548;8.0;3.3
03;2021-04-27;766;337;23881;9885;8.2;3.4
03;2021-04-28;687;324;24568;10209;8.5;3.5
03;2021-04-29;625;277;25193;10486;8.7;3.6
03;2021-04-30;673;252;25866;10738;8.9;3.7
03;2021-05-01;209;26;26075;10764;9.0;3.7
03;2021-05-02;594;76;26669;10840;9.2;3.7
03;2021-05-03;554;390;27223;11230;9.4;3.9
03;2021-05-04;615;312;27838;11542;9.6;4.0
03;2021-05-05;657;445;28495;11987;9.8;4.1
03;2021-05-06;635;461;29130;12448;10.0;4.3
03;2021-05-07;541;462;29671;12910;10.2;4.4
03;2021-05-08;342;57;30013;12967;10.3;4.5
03;2021-05-09;262;73;30275;13040;10.4;4.5
03;2021-05-10;418;612;30693;13652;10.6;4.7
03;2021-05-11;392;491;31085;14143;10.7;4.9
03;2021-05-12;499;644;31584;14787;10.9;5.1
03;2021-05-13;332;98;31916;14885;11.0;5.1
03;2021-05-14;473;549;32389;15434;11.1;5.3
03;2021-05-15;254;345;32643;15779;11.2;5.4
03;2021-05-16;207;210;32850;15989;11.3;5.5
03;2021-05-17;444;600;33294;16589;11.5;5.7
03;2021-05-18;559;563;33853;17152;11.6;5.9
03;2021-05-19;514;549;34367;17701;11.8;6.1
03;2021-05-20;612;444;34979;18145;12.0;6.2
03;2021-05-21;483;601;35462;18746;12.2;6.4
03;2021-05-22;168;501;35630;19247;12.3;6.6
03;2021-05-23;268;474;35898;19721;12.3;6.8
03;2021-05-24;560;245;36458;19966;12.5;6.9
03;2021-05-25;496;740;36954;20706;12.7;7.1
03;2021-05-26;417;680;37371;21386;12.9;7.4
03;2021-05-27;664;516;38035;21902;13.1;7.5
03;2021-05-28;530;549;38565;22451;13.3;7.7
03;2021-05-29;239;361;38804;22812;13.3;7.8
03;2021-05-30;153;399;38957;23211;13.4;8.0
03;2021-05-31;339;574;39296;23785;13.5;8.2
03;2021-06-01;399;463;39695;24248;13.7;8.3
03;2021-06-02;512;549;40207;24797;13.8;8.5
03;2021-06-03;416;468;40623;25265;14.0;8.7
03;2021-06-04;524;489;41147;25754;14.2;8.9
03;2021-06-05;269;292;41416;26046;14.2;9.0
03;2021-06-06;208;299;41624;26345;14.3;9.1
03;2021-06-07;459;448;42083;26793;14.5;9.2
03;2021-06-08;512;313;42595;27106;14.7;9.3
03;2021-06-09;481;379;43076;27485;14.8;9.5
03;2021-06-10;344;290;43420;27775;14.9;9.6
03;2021-06-11;389;468;43809;28243;15.1;9.7
03;2021-06-12;162;285;43971;28528;15.1;9.8
03;2021-06-13;200;267;44171;28795;15.2;9.9
03;2021-06-14;350;547;44521;29342;15.3;10.1
03;2021-06-15;355;439;44876;29781;15.4;10.2
03;2021-06-16;389;449;45265;30230;15.6;10.4
03;2021-06-17;364;575;45629;30805;15.7;10.6
03;2021-06-18;335;561;45964;31366;15.8;10.8
03;2021-06-19;230;259;46194;31625;15.9;10.9
03;2021-06-20;123;272;46317;31897;15.9;11.0
03;2021-06-21;264;597;46581;32494;16.0;11.2
03;2021-06-22;306;456;46887;32950;16.1;11.3
03;2021-06-23;271;530;47158;33480;16.2;11.5
03;2021-06-24;345;494;47503;33974;16.3;11.7
03;2021-06-25;365;544;47868;34518;16.5;11.9
03;2021-06-26;164;322;48032;34840;16.5;12.0
03;2021-06-27;117;170;48149;35010;16.6;12.0
03;2021-06-28;280;588;48429;35598;16.7;12.2
03;2021-06-29;329;496;48758;36094;16.8;12.4
03;2021-06-30;275;659;49033;36753;16.9;12.6
04;2020-12-27;0;0;0;0;0.0;0.0
04;2020-12-28;0;0;0;0;0.0;0.0
04;2020-12-29;0;0;0;0;0.0;0.0
04;2020-12-30;0;0;0;0;0.0;0.0
04;2020-12-31;0;0;0;0;0.0;0.0
04;2021-01-01;1;0;1;0;0.0;0.0
04;2021-01-02;0;0;1;0;0.0;0.0
04;2021-01-03;0;0;1;0;0.0;0.0
04;2021-01-04;0;0;1;0;0.0;0.0
04;2021-01-05;2;0;3;0;0.0;0.0
04;2021-01-06;0;0;3;0;0.0;0.0
04;2021-01-07;0;0;3;0;0.0;0.0
04;2021-01-08;0;0;3;0;0.0;0.0
04;2021-01-09;1;0;4;0;0.0;0.0
04;2021-01-10;0;0;4;0;0.0;0.0
04;2021-01-11;0;0;4;0;0.0;0.0
04;2021-01-12;0;0;4;0;0.0;0.0
04;2021-01-13;0;0;4;0;0.0;0.0
04;2021-01-14;0;0;4;0;0.0;0.0
04;2021-01-15;332;0;336;0;0.0;0.0
04;2021-01-16;27;0;363;0;0.0;0.0
04;2021-01-17;0;0;363;0;0.0;0.0
04;2021-01-18;49;1;412;1;0.0;0.0
04;2021-01-19;393;0;805;1;0.1;0.0
04;2021-01-20;482;1;1287;2;0.1;0.0
04;2021-01-21;614;1;1901;3;0.2;0.0
04;2021-01-22;409;1;2310;4;0.3;0.0
04;2021-01-23;75;0;2385;4;0.3;0.0
04;2021-01-24;0;0;2385;4;0.3;0.0
04;2021-01-25;272;0;2657;4;0.3;0.0
04;2021-01-26;429;0;3086;4;0.4;0.0
04;2021-01-27;317;0;3403;4;0.4;0.0
04;2021-01-28;407;0;3810;4;0.4;0.0
04;2021-01-29;421;3;4231;7;0.5;0.0
04;2021-01-30;419;0;4650;7;0.5;0.0
04;2021-01-31;0;0;4650;7;0.5;0.0
04;2021-02-01;372;3;5022;10;0.6;0.0
04;2021-02-02;499;4;5521;14;0.6;0.0
04;2021-02-03;602;14;6123;28;0.7;0.0
04;2021-02-04;626;22;6749;50;0.8;0.0
04;2021-02-05;564;98;7313;148;0.9;0.0
04;2021-02-06;501;5;7814;153;0.9;0.0
04;2021-02-07;0;8;7814;161;0.9;0.0
04;2021-02-08;472;34;8286;195;1.0;0.0
04;2021-02-09;784;90;9070;285;1.1;0.0
04;2021-02-10;820;85;9890;370;1.2;0.0
04;2021-02-11;796;86;10686;456;1.2;0.1
04;2021-02-12;637;95;11323;551;1.3;0.1
04;2021-02-13;651;74;11974;625;1.4;0.1
04;2021-02-14;1;0;11975;625;1.4;0.1
04;2021-02-15;524;126;12499;751;1.5;0.1
04;2021-02-16;651;534;13150;1285;1.5;0.1
04;2021-02-17;592;329;13742;1614;1.6;0.2
04;2021-02-18;493;414;14235;2028;1.7;0.2
04;2021-02-19;496;321;14731;2349;1.7;0.3
04;2021-02-20;576;117;15307;2466;1.8;0.3
04;2021-02-21;0;0;15307;2466;1.8;0.3
04;2021-02-22;401;238;15708;2704;1.8;0.3
04;2021-02-23;607;238;16315;2942;1.9;0.3
04;2021-02-24;583;255;16898;3197;2.0;0.4
04;2021-02-25;647;296;17545;3493;2.0;0.4
04;2021-02-26;483;473;18028;3966;2.1;0.5
04;2021-02-27;387;471;18415;4437;2.1;0.5
04;2021-02-28;0;0;18415;4437;2.1;0.5
04;2021-03-01;291;390;18706;4827;2.2;0.6
04;2021-03-02;489;502;19195;5329;2.2;0.6
04;2021-03-03;760;555;19955;5884;2.3;0.7
04;2021-03-04;778;540;20733;6424;2.4;0.7
04;2021-03-05;729;540;21462;6964;2.5;0.8
04;2021-03-06;813;529;22275;7493;2.6;0.9
04;2021-03-07;0;0;22275;7493;2.6;0.9
04;2021-03-08;444;584;22719;8077;2.6;0.9
04;2021-03-09;676;771;23395;8848;2.7;1.0
04;2021-03-10;649;847;24044;9695;2.8;1.1
04;2021-03-11;702;644;24746;10339;2.9;1.2
04;2021-03-12;731;663;25477;11002;3.0;1.3
04;2021-03-13;670;609;26147;11611;3.0;1.4
04;2021-03-14;2;0;26149;11611;3.0;1.4
04;2021-03-15;505;506;26654;12117;3.1;1.4
04;2021-03-16;681;709;27335;12826;3.2;1.5
04;2021-03-17;852;534;28187;13360;3.3;1.6
04;2021-03-18;1021;556;29208;13916;3.4;1.6
04;2021-03-19;789;538;29997;14454;3.5;1.7
04;2021-03-20;579;597;30576;15051;3.6;1.8
04;2021-03-21;0;0;30576;15051;3.6;1.8
04;2021-03-22;565;482;31141;15533;3.6;1.8
04;2021-03-23;780;640;31921;16173;3.7;1.9
04;2021-03-24;795;668;32716;16841;3.8;2.0
04;2021-03-25;930;554;33646;17395;3.9;2.0
04;2021-03-26;921;450;34567;17845;4.0;2.1
04;2021-03-27;783;339;35350;18184;4.1;2.1
04;2021-03-28;1;0;35351;18184;4.1;2.1
04;2021-03-29;962;271;36313;18455;4.2;2.1
04;2021-03-30;886;500;37199;18955;4.3;2.2
04;2021-03-31;745;669;37944;19624;4.4;2.3
04;2021-04-01;719;706;38663;20330;4.5;2.4
04;2021-04-02;689;760;39352;21090;4.6;2.5
04;2021-04-03;699;706;40051;21796;4.7;2.5
04;2021-04-04;0;0;40051;21796;4.7;2.5
04;2021-04-05;0;2;40051;21798;4.7;2.5
04;2021-04-06;799;640;40850;22438;4.8;2.6
04;2021-04-07;1369;789;42219;23227;4.9;2.7
04;2021-04-08;1794;778;44013;24005;5.1;2.8
04;2021-04-09;1510;785;45523;24790;5.3;2.9
04;2021-04-10;1137;651;46660;25441;5.4;3.0
04;2021-04-11;2;0;46662;25441;5.4;3.0
04;2021-04-12;1244;549;47906;25990;5.6;3.0
04;2021-04-13;1438;754;49344;26744;5.7;3.1
04;2021-04-14;2071;776;51415;27520;6.0;3.2
04;2021-04-15;2507;954;53922;28474;6.3;3.3
04;2021-04-16;1933;784;55855;29258;6.5;3.4
04;2021-04-17;1289;604;57144;29862;6.6;3.5
04;2021-04-18;0;0;57144;29862;6.6;3.5
04;2021-04-19;1378;564;58522;30426;6.8;3.5
04;2021-04-20;1650;806;60172;31232;7.0;3.6
04;2021-04-21;2131;606;62303;31838;7.2;3.7
04;2021-04-22;2949;802;65252;32640;7.6;3.8
04;2021-04-23;2312;812;67564;33452;7.9;3.9
04;2021-04-24;1102;798;68666;34250;8.0;4.0
04;2021-04-25;2;0;68668;34250;8.0;4.0
04;2021-04-26;1168;920;69836;35170;8.1;4.1
04;2021-04-27;1683;1025;71519;36195;8.3;4.2
04;2021-04-28;2901;750;74420;36945;8.7;4.3
04;2021-04-29;3946;812;78366;37757;9.1;4.4
04;2021-04-30;3437;902;81803;38659;9.5;4.5
04;2021-05-01;2108;221;83911;38880;9.8;4.5
04;2021-05-02;2;0;83913;38880;9.8;4.5
04;2021-05-03;1866;571;85779;39451;10.0;4.6
04;2021-05-04;2130;1095;87909;40546;10.2;4.7
04;2021-05-05;3122;1638;91031;42184;10.6;4.9
04;2021-05-06;4005;1589;95036;43773;11.1;5.1
04;2021-05-07;3232;1524;98268;45297;11.4;5.3
04;2021-05-08;1568;501;99836;45798;11.6;5.3
04;2021-05-09;1;0;99837;45798;11.6;5.3
04;2021-05-10;2418;992;102255;46790;11.9;5.4
04;2021-05-11;3654;1638;105909;48428;12.3;5.6
04;2021-05-12;4723;2394;110632;50822;12.9;5.9
04;2021-05-13;3563;585;114195;51407;13.3;6.0
04;2021-05-14;5269;2511;119464;53918;13.9;6.3
04;2021-05-15;3167;1536;122631;55454;14.3;6.4
04;2021-05-16;15;18;122646;55472;14.3;6.5
04;2021-05-17;3012;1477;125658;56949;14.6;6.6
04;2021-05-18;3761;1779;129419;58728;15.0;6.8
04;2021-05-19;4687;2331;134106;61059;15.6;7.1
04;2021-05-20;5150;2802;139256;63861;16.2;7.4
04;2021-05-21;5000;2632;144256;66493;16.8;7.7
04;2021-05-22;3372;1248;147628;67741;17.2;7.9
04;2021-05-23;5;3;147633;67744;17.2;7.9
04;2021-05-24;3652;1074;151285;68818;17.6;8.0
04;2021-05-25;4261;1907;155546;70725;18.1;8.2
04;2021-05-26;4993;2966;160539;73691;18.7;8.6
04;2021-05-27;4612;4087;165151;77778;19.2;9.0
04;2021-05-28;4385;3820;169536;81598;19.7;9.5
04;2021-05-29;2559;2455;172095;84053;20.0;9.8
04;2021-05-30;7;14;172102;84067;20.0;9.8
04;2021-05-31;2358;2250;174460;86317;20.3;10.0
04;2021-06-01;3301;2719;177761;89036;20.7;10.4
04;2021-06-02;3977;3347;181738;92383;21.1;10.7
04;2021-06-03;4020;3664;185758;96047;21.6;11.2
04;2021-06-04;3826;3751;189584;99798;22.0;11.6
04;2021-06-05;2199;1923;191783;101721;22.3;11.8
04;2021-06-06;1061;128;192844;101849;22.4;11.8
04;2021-06-07;2004;2530;194848;104379;22.7;12.1
04;2021-06-08;2521;3321;197369;107700;23.0;12.5
04;2021-06-09;2948;4771;200317;112471;23.3;13.1
04;2021-06-10;3342;4448;203659;116919;23.7;13.6
04;2021-06-11;2834;4620;206493;121539;24.0;14.1
04;2021-06-12;1711;3378;208204;124917;24.2;14.5
04;2021-06-13;1312;243;209516;125160;24.4;14.6
04;2021-06-14;1483;3179;210999;128339;24.5;14.9
04;2021-06-15;2041;3615;213040;131954;24.8;15.3
04;2021-06-16;2721;4650;215761;136604;25.1;15.9
04;2021-06-17;2503;4899;218264;141503;25.4;16.5
04;2021-06-18;2566;4901;220830;146404;25.7;17.0
04;2021-06-19;1300;3515;222130;149919;25.8;17.4
04;2021-06-20;628;286;222758;150205;25.9;17.5
04;2021-06-21;1264;3234;224022;153439;26.1;17.8
04;2021-06-22;1607;3747;225629;157186;26.2;18.3
04;2021-06-23;2228;4963;227857;162149;26.5;18.9
04;2021-06-24;2273;4068;230130;166217;26.8;19.3
04;2021-06-25;2171;4100;232301;170317;27.0;19.8
04;2021-06-26;1394;2706;233695;173023;27.2;20.1
04;2021-06-27;651;258;234346;173281;27.3;20.1
04;2021-06-28;1299;2479;235645;175760;27.4;20.4
04;2021-06-29;1734;2812;237379;178572;27.6;20.8
04;2021-06-30;2493;3804;239872;182376;27.9;21.2
05;2020-12-27;0;0;0;0;0.0;0.0
05;2020-12-28;0;0;0;0;0.0;0.0
05;2020-12-29;0;0;0;0;0.0;0.0
05;2020-12-30;0;0;0;0;0.0;0.0
05;2020-12-31;0;0;0;0;0.0;0.0
05;2021-01-01;0;0;0;0;0.0;0.0
05;2021-01-02;0;0;0;0;0.0;0.0
05;2021-01-03;0;0;0;0;0.0;0.0
05;2021-01-04;0;0;0;0;0.0;0.0
05;2021-01-05;0;0;0;0;0.0;0.0
05;2021-01-06;0;0;0;0;0.0;0.0
05;2021-01-07;0;0;0;0;0.0;0.0
05;2021-01-08;0;0;0;0;0.0;0.0
05;2021-01-09;0;0;0;0;0.0;0.0
05;2021-01-10;0;0;0;0;0.0;0.0
05;2021-01-11;0;0;0;0;0.0;0.0
05;2021-01-12;0;0;0;0;0.0;0.0
05;2021-01-13;0;0;0;0;0.0;0.0
05;2021-01-14;0;0;0;0;0.0;0.0
05;2021-01-15;0;0;0;0;0.0;0.0
05;2021-01-16;0;0;0;0;0.0;0.0
05;2021-01-17;0;0;0;0;0.0;0.0
05;2021-01-18;0;0;0;0;0.0;0.0
05;2021-01-19;0;0;0;0;0.0;0.0
05;2021-01-20;0;0;0;0;0.0;0.0
05;2021-01-21;0;0;0;0;0.0;0.0
05;2021-01-22;0;0;0;0;0.0;0.0
05;2021-01-23;0;0;0;0;0.0;0.0
05;2021-01-24;0;0;0;0;0.0;0.0
05;2021-01-25;0;0;0;0;0.0;0.0
05;2021-01-26;0;0;0;0;0.0;0.0
05;2021-01-27;0;0;0;0;0.0;0.0
05;2021-01-28;0;0;0;0;0.0;0.0
05;2021-01-29;0;0;0;0;0.0;0.0
05;2021-01-30;0;0;0;0;0.0;0.0
05;2021-01-31;0;0;0;0;0.0;0.0
05;2021-02-01;0;0;0;0;0.0;0.0
05;2021-02-02;0;0;0;0;0.0;0.0
05;2021-02-03;0;0;0;0;0.0;0.0
05;2021-02-04;0;0;0;0;0.0;0.0
05;2021-02-05;0;0;0;0;0.0;0.0
05;2021-02-06;0;0;0;0;0.0;0.0
05;2021-02-07;0;0;0;0;0.0;0.0
05;2021-02-08;0;0;0;0;0.0;0.0
05;2021-02-09;0;0;0;0;0.0;0.0
05;2021-02-10;0;0;0;0;0.0;0.0
05;2021-02-11;0;0;0;0;0.0;0.0
05;2021-02-12;0;0;0;0;0.0;0.0
05;2021-02-13;0;0;0;0;0.0;0.0
05;2021-02-14;0;0;0;0;0.0;0.0
05;2021-02-15;0;0;0;0;0.0;0.0
05;2021-02-16;0;0;0;0;0.0;0.0
05;2021-02-17;0;0;0;0;0.0;0.0
05;2021-02-18;0;0;0;0;0.0;0.0
05;2021-02-19;0;0;0;0;0.0;0.0
05;2021-02-20;0;0;0;0;0.0;0.0
05;2021-02-21;0;0;0;0;0.0;0.0
05;2021-02-22;0;0;0;0;0.0;0.0
05;2021-02-23;0;0;0;0;0.0;0.0
05;2021-02-24;0;0;0;0;0.0;0.0
05;2021-02-25;0;0;0;0;0.0;0.0
05;2021-02-26;0;0;0;0;0.0;0.0
05;2021-02-27;0;0;0;0;0.0;0.0
05;2021-02-28;0;0;0;0;0.0;0.0
05;2021-03-01;0;0;0;0;0.0;0.0
05;2021-03-02;0;0;0;0;0.0;0.0
05;2021-03-03;0;0;0;0;0.0;0.0
05;2021-03-04;0;0;0;0;0.0;0.0
05;2021-03-05;0;0;0;0;0.0;0.0
05;2021-03-06;0;0;0;0;0.0;0.0
05;2021-03-07;0;0;0;0;0.0;0.0
05;2021-03-08;0;0;0;0;0.0;0.0
05;2021-03-09;0;0;0;0;0.0;0.0
05;2021-03-10;0;0;0;0;0.0;0.0
05;2021-03-11;0;0;0;0;0.0;0.0
05;2021-03-12;0;0;0;0;0.0;0.0
05;2021-03-13;0;0;0;0;0.0;0.0
05;2021-03-14;0;0;0;0;0.0;0.0
05;2021-03-15;0;0;0;0;0.0;0.0
05;2021-03-16;0;0;0;0;0.0;0.0
05;2021-03-17;0;0;0;0;0.0;0.0
05;2021-03-18;0;0;0;0;0.0;0.0
05;2021-03-19;0;0;0;0;0.0;0.0
05;2021-03-20;0;0;0;0;0.0;0.0
05;2021-03-21;0;0;0;0;0.0;0.0
05;2021-03-22;0;0;0;0;0.0;0.0
05;2021-03-23;0;0;0;0;0.0;0.0
05;2021-03-24;0;0;0;0;0.0;0.0
05;2021-03-25;0;0;0;0;0.0;0.0
05;2021-03-26;0;0;0;0;0.0;0.0
05;2021-03-27;0;0;0;0;0.0;0.0
05;2021-03-28;0;0;0;0;0.0;0.0
05;2021-03-29;2;0;2;0;0.0;0.0
05;2021-03-30;0;0;2;0;0.0;0.0
05;2021-03-31;0;0;2;0;0.0;0.0
05;2021-04-01;0;0;2;0;0.0;0.0
05;2021-04-02;0;0;2;0;0.0;0.0
05;2021-04-03;0;0;2;0;0.0;0.0
05;2021-04-04;0;0;2;0;0.0;0.0
05;2021-04-05;0;0;2;0;0.0;0.0
05;2021-04-06;0;0;2;0;0.0;0.0
05;2021-04-07;0;0;2;0;0.0;0.0
05;2021-04-08;1;0;3;0;0.1;0.0
05;2021-04-09;0;0;3;0;0.1;0.0
05;2021-04-10;0;0;3;0;0.1;0.0
05;2021-04-11;0;0;3;0;0.1;0.0
05;2021-04-12;0;0;3;0;0.1;0.0
05;2021-04-13;0;0;3;0;0.1;0.0
05;2021-04-14;0;0;3;0;0.1;0.0
05;2021-04-15;0;0;3;0;0.1;0.0
05;2021-04-16;0;0;3;0;0.1;0.0
05;2021-04-17;0;0;3;0;0.1;0.0
05;2021-04-18;0;0;3;0;0.1;0.0
05;2021-04-19;0;0;3;0;0.1;0.0
05;2021-04-20;0;0;3;0;0.1;0.0
05;2021-04-21;0;0;3;0;0.1;0.0
05;2021-04-22;0;0;3;0;0.1;0.0
05;2021-04-23;0;0;3;0;0.1;0.0
05;2021-04-24;0;0;3;0;0.1;0.0
05;2021-04-25;0;0;3;0;0.1;0.0
05;2021-04-26;0;0;3;0;0.1;0.0
05;2021-04-27;0;0;3;0;0.1;0.0
05;2021-04-28;0;0;3;0;0.1;0.0
05;2021-04-29;0;0;3;0;0.1;0.0
05;2021-04-30;0;0;3;0;0.1;0.0
05;2021-05-01;0;0;3;0;0.1;0.0
05;2021-05-02;0;0;3;0;0.1;0.0
05;2021-05-03;0;0;3;0;0.1;0.0
05;2021-05-04;0;0;3;0;0.1;0.0
05;2021-05-05;0;0;3;0;0.1;0.0
05;2021-05-06;0;0;3;0;0.1;0.0
05;2021-05-07;0;0;3;0;0.1;0.0
05;2021-05-08;0;0;3;0;0.1;0.0
05;2021-05-09;0;0;3;0;0.1;0.0
05;2021-05-10;0;0;3;0;0.1;0.0
05;2021-05-11;0;0;3;0;0.1;0.0
05;2021-05-12;0;0;3;0;0.1;0.0
05;2021-05-13;0;0;3;0;0.1;0.0
05;2021-05-14;0;0;3;0;0.1;0.0
05;2021-05-15;0;0;3;0;0.1;0.0
05;2021-05-16;0;0;3;0;0.1;0.0
05;2021-05-17;0;0;3;0;0.1;0.0
05;2021-05-18;0;0;3;0;0.1;0.0
05;2021-05-19;0;0;3;0;0.1;0.0
05;2021-05-20;0;0;3;0;0.1;0.0
05;2021-05-21;0;0;3;0;0.1;0.0
05;2021-05-22;0;0;3;0;0.1;0.0
05;2021-05-23;0;0;3;0;0.1;0.0
05;2021-05-24;0;0;3;0;0.1;0.0
05;2021-05-25;0;0;3;0;0.1;0.0
05;2021-05-26;0;0;3;0;0.1;0.0
05;2021-05-27;0;0;3;0;0.1;0.0
05;2021-05-28;0;0;3;0;0.1;0.0
05;2021-05-29;0;2;3;2;0.1;0.0
05;2021-05-30;0;0;3;2;0.1;0.0
05;2021-05-31;0;0;3;2;0.1;0.0
05;2021-06-01;0;0;3;2;0.1;0.0
05;2021-06-02;0;0;3;2;0.1;0.0
05;2021-06-03;0;0;3;2;0.1;0.0
05;2021-06-04;0;0;3;2;0.1;0.0
05;2021-06-05;0;0;3;2;0.1;0.0
05;2021-06-06;0;0;3;2;0.1;0.0
05;2021-06-07;0;0;3;2;0.1;0.0
05;2021-06-08;0;0;3;2;0.1;0.0
05;2021-06-09;0;0;3;2;0.1;0.0
05;2021-06-10;0;0;3;2;0.1;0.0
05;2021-06-11;0;0;3;2;0.1;0.0
05;2021-06-12;0;0;3;2;0.1;0.0
05;2021-06-13;0;0;3;2;0.1;0.0
05;2021-06-14;0;0;3;2;0.1;0.0
05;2021-06-15;0;0;3;2;0.1;0.0
05;2021-06-16;0;0;3;2;0.1;0.0
05;2021-06-17;0;0;3;2;0.1;0.0
05;2021-06-18;0;0;3;2;0.1;0.0
05;2021-06-19;0;0;3;2;0.1;0.0
05;2021-06-20;0;0;3;2;0.1;0.0
05;2021-06-21;0;0;3;2;0.1;0.0
05;2021-06-22;0;0;3;2;0.1;0.0
05;2021-06-23;0;0;3;2;0.1;0.0
05;2021-06-24;0;0;3;2;0.1;0.0
05;2021-06-25;0;0;3;2;0.1;0.0
05;2021-06-26;0;0;3;2;0.1;0.0
05;2021-06-27;0;0;3;2;0.1;0.0
05;2021-06-28;0;0;3;2;0.1;0.0
05;2021-06-29;0;0;3;2;0.1;0.0
05;2021-06-30;0;0;3;2;0.1;0.0
06;2020-12-27;0;0;0;0;0.0;0.0
06;2020-12-28;0;0;0;0;0.0;0.0
06;2020-12-29;0;0;0;0;0.0;0.0
06;2020-12-30;0;0;0;0;0.0;0.0
06;2020-12-31;0;0;0;0;0.0;0.0
06;2021-01-01;0;0;0;0;0.0;0.0
06;2021-01-02;0;0;0;0;0.0;0.0
06;2021-01-03;0;0;0;0;0.0;0.0
06;2021-01-04;0;0;0;0;0.0;0.0
06;2021-01-05;0;0;0;0;0.0;0.0
06;2021-01-06;0;0;0;0;0.0;0.0
06;2021-01-07;0;0;0;0;0.0;0.0
06;2021-01-08;0;0;0;0;0.0;0.0
06;2021-01-09;0;0;0;0;0.0;0.0
06;2021-01-10;0;0;0;0;0.0;0.0
06;2021-01-11;9;0;9;0;0.0;0.0
06;2021-01-12;0;0;9;0;0.0;0.0
06;2021-01-13;0;0;9;0;0.0;0.0
06;2021-01-14;0;0;9;0;0.0;0.0
06;2021-01-15;1;0;10;0;0.0;0.0
06;2021-01-16;1;0;11;0;0.0;0.0
06;2021-01-17;0;0;11;0;0.0;0.0
06;2021-01-18;1;0;12;0;0.0;0.0
06;2021-01-19;0;0;12;0;0.0;0.0
06;2021-01-20;0;0;12;0;0.0;0.0
06;2021-01-21;0;0;12;0;0.0;0.0
06;2021-01-22;0;0;12;0;0.0;0.0
06;2021-01-23;1;0;13;0;0.0;0.0
06;2021-01-24;0;0;13;0;0.0;0.0
06;2021-01-25;141;1;154;1;0.1;0.0
06;2021-01-26;166;4;320;5;0.1;0.0
06;2021-01-27;250;2;570;7;0.2;0.0
06;2021-01-28;101;5;671;12;0.2;0.0
06;2021-01-29;230;2;901;14;0.3;0.0
06;2021-01-30;286;9;1187;23;0.4;0.0
06;2021-01-31;1;0;1188;23;0.4;0.0
06;2021-02-01;160;0;1348;23;0.5;0.0
06;2021-02-02;329;7;1677;30;0.6;0.0
06;2021-02-03;228;2;1905;32;0.7;0.0
06;2021-02-04;215;7;2120;39;0.8;0.0
06;2021-02-05;214;1;2334;40;0.8;0.0
06;2021-02-06;83;10;2417;50;0.9;0.0
06;2021-02-07;0;0;2417;50;0.9;0.0
06;2021-02-08;82;3;2499;53;0.9;0.0
06;2021-02-09;193;0;2692;53;1.0;0.0
06;2021-02-10;187;2;2879;55;1.0;0.0
06;2021-02-11;235;3;3114;58;1.1;0.0
06;2021-02-12;287;3;3401;61;1.2;0.0
06;2021-02-13;56;0;3457;61;1.2;0.0
06;2021-02-14;1;0;3458;61;1.2;0.0
06;2021-02-15;359;5;3817;66;1.4;0.0
06;2021-02-16;266;6;4083;72;1.5;0.0
06;2021-02-17;167;5;4250;77;1.5;0.0
06;2021-02-18;217;12;4467;89;1.6;0.0
06;2021-02-19;235;23;4702;112;1.7;0.0
06;2021-02-20;138;7;4840;119;1.7;0.0
06;2021-02-21;0;0;4840;119;1.7;0.0
06;2021-02-22;130;122;4970;241;1.8;0.1
06;2021-02-23;187;151;5157;392;1.8;0.1
06;2021-02-24;176;145;5333;537;1.9;0.2
06;2021-02-25;227;285;5560;822;2.0;0.3
06;2021-02-26;246;259;5806;1081;2.1;0.4
06;2021-02-27;0;0;5806;1081;2.1;0.4
06;2021-02-28;0;0;5806;1081;2.1;0.4
06;2021-03-01;145;258;5951;1339;2.1;0.5
06;2021-03-02;228;258;6179;1597;2.2;0.6
06;2021-03-03;202;189;6381;1786;2.3;0.6
06;2021-03-04;205;140;6586;1926;2.4;0.7
06;2021-03-05;224;114;6810;2040;2.4;0.7
06;2021-03-06;1;0;6811;2040;2.4;0.7
06;2021-03-07;0;0;6811;2040;2.4;0.7
06;2021-03-08;189;124;7000;2164;2.5;0.8
06;2021-03-09;391;156;7391;2320;2.6;0.8
06;2021-03-10;180;178;7571;2498;2.7;0.9
06;2021-03-11;167;207;7738;2705;2.8;1.0
06;2021-03-12;238;288;7976;2993;2.9;1.1
06;2021-03-13;2;0;7978;2993;2.9;1.1
06;2021-03-14;0;0;7978;2993;2.9;1.1
06;2021-03-15;156;292;8134;3285;2.9;1.2
06;2021-03-16;236;223;8370;3508;3.0;1.3
06;2021-03-17;267;141;8637;3649;3.1;1.3
06;2021-03-18;172;232;8809;3881;3.2;1.4
06;2021-03-19;172;298;8981;4179;3.2;1.5
06;2021-03-20;0;0;8981;4179;3.2;1.5
06;2021-03-21;0;0;8981;4179;3.2;1.5
06;2021-03-22;97;136;9078;4315;3.2;1.5
06;2021-03-23;136;240;9214;4555;3.3;1.6
06;2021-03-24;160;146;9374;4701;3.4;1.7
06;2021-03-25;186;206;9560;4907;3.4;1.8
06;2021-03-26;160;212;9720;5119;3.5;1.8
06;2021-03-27;18;0;9738;5119;3.5;1.8
06;2021-03-28;0;0;9738;5119;3.5;1.8
06;2021-03-29;0;2;9738;5121;3.5;1.8
06;2021-03-30;272;334;10010;5455;3.6;2.0
06;2021-03-31;225;125;10235;5580;3.7;2.0
06;2021-04-01;243;104;10478;5684;3.7;2.0
06;2021-04-02;285;263;10763;5947;3.9;2.1
06;2021-04-03;906;307;11669;6254;4.2;2.2
06;2021-04-04;1;0;11670;6254;4.2;2.2
06;2021-04-05;1;0;11671;6254;4.2;2.2
06;2021-04-06;160;279;11831;6533;4.2;2.3
06;2021-04-07;237;265;12068;6798;4.3;2.4
06;2021-04-08;286;140;12354;6938;4.4;2.5
06;2021-04-09;248;171;12602;7109;4.5;2.5
06;2021-04-10;181;114;12783;7223;4.6;2.6
06;2021-04-11;7;0;12790;7223;4.6;2.6
06;2021-04-12;0;19;12790;7242;4.6;2.6
06;2021-04-13;393;343;13183;7585;4.7;2.7
06;2021-04-14;239;205;13422;7790;4.8;2.8
06;2021-04-15;207;117;13629;7907;4.9;2.8
06;2021-04-16;214;127;13843;8034;5.0;2.9
06;2021-04-17;226;132;14069;8166;5.0;2.9
06;2021-04-18;1;0;14070;8166;5.0;2.9
06;2021-04-19;7;1;14077;8167;5.0;2.9
06;2021-04-20;368;224;14445;8391;5.2;3.0
06;2021-04-21;412;150;14857;8541;5.3;3.1
06;2021-04-22;410;150;15267;8691;5.5;3.1
06;2021-04-23;367;166;15634;8857;5.6;3.2
06;2021-04-24;414;127;16048;8984;5.7;3.2
06;2021-04-25;2;0;16050;8984;5.7;3.2
06;2021-04-26;54;8;16104;8992;5.8;3.2
06;2021-04-27;351;293;16455;9285;5.9;3.3
06;2021-04-28;355;515;16810;9800;6.0;3.5
06;2021-04-29;558;345;17368;10145;6.2;3.6
06;2021-04-30;403;238;17771;10383;6.4;3.7
06;2021-05-01;670;285;18441;10668;6.6;3.8
06;2021-05-02;0;0;18441;10668;6.6;3.8
06;2021-05-03;137;6;18578;10674;6.6;3.8
06;2021-05-04;353;426;18931;11100;6.8;4.0
06;2021-05-05;446;318;19377;11418;6.9;4.1
06;2021-05-06;319;200;19696;11618;7.0;4.2
06;2021-05-07;341;134;20037;11752;7.2;4.2
06;2021-05-08;300;140;20337;11892;7.3;4.3
06;2021-05-09;0;0;20337;11892;7.3;4.3
06;2021-05-10;8;9;20345;11901;7.3;4.3
06;2021-05-11;359;489;20704;12390;7.4;4.4
06;2021-05-12;332;310;21036;12700;7.5;4.5
06;2021-05-13;127;97;21163;12797;7.6;4.6
06;2021-05-14;0;0;21163;12797;7.6;4.6
06;2021-05-15;484;283;21647;13080;7.7;4.7
06;2021-05-16;0;0;21647;13080;7.7;4.7
06;2021-05-17;122;51;21769;13131;7.8;4.7
06;2021-05-18;515;430;22284;13561;8.0;4.9
06;2021-05-19;650;663;22934;14224;8.2;5.1
06;2021-05-20;1055;496;23989;14720;8.6;5.3
06;2021-05-21;1046;314;25035;15034;9.0;5.4
06;2021-05-22;1242;299;26277;15333;9.4;5.5
06;2021-05-23;0;0;26277;15333;9.4;5.5
06;2021-05-24;1;0;26278;15333;9.4;5.5
06;2021-05-25;882;623;27160;15956;9.7;5.7
06;2021-05-26;1037;841;28197;16797;10.1;6.0
06;2021-05-27;1316;505;29513;17302;10.6;6.2
06;2021-05-28;952;372;30465;17674;10.9;6.3
06;2021-05-29;1132;390;31597;18064;11.3;6.5
06;2021-05-30;0;1;31597;18065;11.3;6.5
06;2021-05-31;104;6;31701;18071;11.3;6.5
06;2021-06-01;1146;650;32847;18721;11.8;6.7
06;2021-06-02;1192;496;34039;19217;12.2;6.9
06;2021-06-03;798;333;34837;19550;12.5;7.0
06;2021-06-04;987;321;35824;19871;12.8;7.1
06;2021-06-05;668;298;36492;20169;13.1;7.2
06;2021-06-06;0;0;36492;20169;13.1;7.2
06;2021-06-07;84;12;36576;20181;13.1;7.2
06;2021-06-08;918;442;37494;20623;13.4;7.4
06;2021-06-09;951;546;38445;21169;13.8;7.6
06;2021-06-10;651;225;39096;21394;14.0;7.7
06;2021-06-11;825;368;39921;21762;14.3;7.8
06;2021-06-12;563;273;40484;22035;14.5;7.9
06;2021-06-13;0;0;40484;22035;14.5;7.9
06;2021-06-14;178;112;40662;22147;14.5;7.9
06;2021-06-15;399;839;41061;22986;14.7;8.2
06;2021-06-16;880;1437;41941;24423;15.0;8.7
06;2021-06-17;760;652;42701;25075;15.3;9.0
06;2021-06-18;686;616;43387;25691;15.5;9.2
06;2021-06-19;527;639;43914;26330;15.7;9.4
06;2021-06-20;0;0;43914;26330;15.7;9.4
06;2021-06-21;124;128;44038;26458;15.8;9.5
06;2021-06-22;424;1144;44462;27602;15.9;9.9
06;2021-06-23;646;1179;45108;28781;16.1;10.3
06;2021-06-24;456;541;45564;29322;16.3;10.5
06;2021-06-25;524;471;46088;29793;16.5;10.7
06;2021-06-26;382;684;46470;30477;16.6;10.9
06;2021-06-27;0;0;46470;30477;16.6;10.9
06;2021-06-28;99;190;46569;30667;16.7;11.0
06;2021-06-29;496;957;47065;31624;16.8;11.3
06;2021-06-30;531;925;47596;32549;17.0;11.6
07;2020-12-27;0;0;0;0;0.0;0.0
07;2020-12-28;0;0;0;0;0.0;0.0
07;2020-12-29;0;0;0;0;0.0;0.0
07;2020-12-30;0;0;0;0;0.0;0.0
07;2020-12-31;0;0;0;0;0.0;0.0
07;2021-01-01;0;0;0;0;0.0;0.0
07;2021-01-02;0;0;0;0;0.0;0.0
07;2021-01-03;0;0;0;0;0.0;0.0
07;2021-01-04;0;0;0;0;0.0;0.0
07;2021-01-05;0;0;0;0;0.0;0.0
07;2021-01-06;0;0;0;0;0.0;0.0
07;2021-01-07;0;0;0;0;0.0;0.0
07;2021-01-08;0;0;0;0;0.0;0.0
07;2021-01-09;0;0;0;0;0.0;0.0
07;2021-01-10;0;0;0;0;0.0;0.0
07;2021-01-11;0;0;0;0;0.0;0.0
07;2021-01-12;0;0;0;0;0.0;0.0
07;2021-01-13;0;0;0;0;0.0;0.0
07;2021-01-14;0;0;0;0;0.0;0.0
07;2021-01-15;0;0;0;0;0.0;0.0
07;2021-01-16;0;0;0;0;0.0;0.0
07;2021-01-17;0;0;0;0;0.0;0.0
07;2021-01-18;1;0;1;0;0.0;0.0
07;2021-01-19;0;0;1;0;0.0;0.0
07;2021-01-20;0;0;1;0;0.0;0.0
07;2021-01-21;12;0;13;0;0.1;0.0
07;2021-01-22;12;0;25;0;0.3;0.0
07;2021-01-23;0;0;25;0;0.3;0.0
07;2021-01-24;0;0;25;0;0.3;0.0
07;2021-01-25;0;0;25;0;0.3;0.0
07;2021-01-26;0;0;25;0;0.3;0.0
07;2021-01-27;12;0;37;0;0.4;0.0
07;2021-01-28;1;0;38;0;0.4;0.0
07;2021-01-29;6;0;44;0;0.4;0.0
07;2021-01-30;0;0;44;0;0.4;0.0
07;2021-01-31;0;0;44;0;0.4;0.0
07;2021-02-01;0;0;44;0;0.4;0.0
07;2021-02-02;0;0;44;0;0.4;0.0
07;2021-02-03;11;0;55;0;0.6;0.0
07;2021-02-04;12;0;67;0;0.7;0.0
07;2021-02-05;11;0;78;0;0.8;0.0
07;2021-02-06;0;0;78;0;0.8;0.0
07;2021-02-07;0;0;78;0;0.8;0.0
07;2021-02-08;0;0;78;0;0.8;0.0
07;2021-02-09;13;0;91;0;0.9;0.0
07;2021-02-10;0;0;91;0;0.9;0.0
07;2021-02-11;16;0;107;0;1.1;0.0
07;2021-02-12;45;0;152;0;1.5;0.0
07;2021-02-13;0;0;152;0;1.5;0.0
07;2021-02-14;0;0;152;0;1.5;0.0
07;2021-02-15;0;0;152;0;1.5;0.0
07;2021-02-16;0;0;152;0;1.5;0.0
07;2021-02-17;0;0;152;0;1.5;0.0
07;2021-02-18;18;0;170;0;1.7;0.0
07;2021-02-19;34;0;204;0;2.0;0.0
07;2021-02-20;0;0;204;0;2.0;0.0
07;2021-02-21;0;0;204;0;2.0;0.0
07;2021-02-22;0;0;204;0;2.0;0.0
07;2021-02-23;0;22;204;22;2.0;0.2
07;2021-02-24;0;0;204;22;2.0;0.2
07;2021-02-25;15;10;219;32;2.2;0.3
07;2021-02-26;33;21;252;53;2.5;0.5
07;2021-02-27;0;0;252;53;2.5;0.5
07;2021-02-28;0;0;252;53;2.5;0.5
07;2021-03-01;0;0;252;53;2.5;0.5
07;2021-03-02;17;11;269;64;2.7;0.6
07;2021-03-03;0;0;269;64;2.7;0.6
07;2021-03-04;16;11;285;75;2.9;0.8
07;2021-03-05;33;19;318;94;3.2;0.9
07;2021-03-06;0;0;318;94;3.2;0.9
07;2021-03-07;0;0;318;94;3.2;0.9
07;2021-03-08;0;0;318;94;3.2;0.9
07;2021-03-09;1;0;319;94;3.2;0.9
07;2021-03-10;0;0;319;94;3.2;0.9
07;2021-03-11;20;30;339;124;3.4;1.2
07;2021-03-12;62;42;401;166;4.0;1.7
07;2021-03-13;0;0;401;166;4.0;1.7
07;2021-03-14;0;0;401;166;4.0;1.7
07;2021-03-15;0;0;401;166;4.0;1.7
07;2021-03-16;30;9;431;175;4.3;1.8
07;2021-03-17;0;0;431;175;4.3;1.8
07;2021-03-18;29;16;460;191;4.6;1.9
07;2021-03-19;56;31;516;222;5.2;2.2
07;2021-03-20;0;0;516;222;5.2;2.2
07;2021-03-21;0;0;516;222;5.2;2.2
07;2021-03-22;0;0;516;222;5.2;2.2
07;2021-03-23;0;0;516;222;5.2;2.2
07;2021-03-24;0;0;516;222;5.2;2.2
07;2021-03-25;65;17;581;239;5.8;2.4
07;2021-03-26;73;26;654;265;6.6;2.7
07;2021-03-27;0;0;654;265;6.6;2.7
07;2021-03-28;0;0;654;265;6.6;2.7
07;2021-03-29;0;0;654;265;6.6;2.7
07;2021-03-30;40;18;694;283;7.0;2.8
07;2021-03-31;26;15;720;298;7.2;3.0
07;2021-04-01;25;32;745;330;7.5;3.3
07;2021-04-02;0;0;745;330;7.5;3.3
07;2021-04-03;0;0;745;330;7.5;3.3
07;2021-04-04;0;0;745;330;7.5;3.3
07;2021-04-05;9;0;754;330;7.6;3.3
07;2021-04-06;0;0;754;330;7.6;3.3
07;2021-04-07;0;0;754;330;7.6;3.3
07;2021-04-08;57;46;811;376;8.1;3.8
07;2021-04-09;59;31;870;407;8.7;4.1
07;2021-04-10;0;0;870;407;8.7;4.1
07;2021-04-11;0;0;870;407;8.7;4.1
07;2021-04-12;0;0;870;407;8.7;4.1
07;2021-04-13;0;0;870;407;8.7;4.1
07;2021-04-14;5;6;875;413;8.8;4.1
07;2021-04-15;56;71;931;484;9.3;4.9
07;2021-04-16;90;35;1021;519;10.2;5.2
07;2021-04-17;0;1;1021;520;10.2;5.2
07;2021-04-18;0;0;1021;520;10.2;5.2
07;2021-04-19;1;0;1022;520;10.3;5.2
07;2021-04-20;335;66;1357;586;13.6;5.9
07;2021-04-21;337;29;1694;615;17.0;6.2
07;2021-04-22;284;50;1978;665;19.9;6.7
07;2021-04-23;258;41;2236;706;22.4;7.1
07;2021-04-24;231;1;2467;707;24.8;7.1
07;2021-04-25;0;0;2467;707;24.8;7.1
07;2021-04-26;283;20;2750;727;27.6;7.3
07;2021-04-27;224;69;2974;796;29.9;8.0
07;2021-04-28;192;26;3166;822;31.8;8.3
07;2021-04-29;170;22;3336;844;33.5;8.5
07;2021-04-30;172;15;3508;859;35.2;8.6
07;2021-05-01;200;12;3708;871;37.2;8.7
07;2021-05-02;0;0;3708;871;37.2;8.7
07;2021-05-03;134;10;3842;881;38.6;8.8
07;2021-05-04;161;54;4003;935;40.2;9.4
07;2021-05-05;221;30;4224;965;42.4;9.7
07;2021-05-06;175;31;4399;996;44.2;10.0
07;2021-05-07;149;31;4548;1027;45.7;10.3
07;2021-05-08;1;0;4549;1027;45.7;10.3
07;2021-05-09;0;2;4549;1029;45.7;10.3
07;2021-05-10;0;0;4549;1029;45.7;10.3
07;2021-05-11;2;41;4551;1070;45.7;10.7
07;2021-05-12;6;36;4557;1106;45.7;11.1
07;2021-05-13;0;0;4557;1106;45.7;11.1
07;2021-05-14;28;98;4585;1204;46.0;12.1
07;2021-05-15;0;0;4585;1204;46.0;12.1
07;2021-05-16;0;0;4585;1204;46.0;12.1
07;2021-05-17;1;14;4586;1218;46.0;12.2
07;2021-05-18;17;32;4603;1250;46.2;12.5
07;2021-05-19;0;1;4603;1251;46.2;12.6
07;2021-05-20;0;8;4603;1259;46.2;12.6
07;2021-05-21;12;32;4615;1291;46.3;13.0
07;2021-05-22;0;0;4615;1291;46.3;13.0
07;2021-05-23;0;0;4615;1291;46.3;13.0
07;2021-05-24;0;0;4615;1291;46.3;13.0
07;2021-05-25;50;334;4665;1625;46.8;16.3
07;2021-05-26;55;359;4720;1984;47.4;19.9
07;2021-05-27;34;317;4754;2301;47.7;23.1
07;2021-05-28;27;256;4781;2557;48.0;25.7
07;2021-05-29;35;376;4816;2933;48.3;29.4
07;2021-05-30;0;0;4816;2933;48.3;29.4
07;2021-05-31;45;218;4861;3151;48.8;31.6
07;2021-06-01;47;226;4908;3377;49.3;33.9
07;2021-06-02;69;273;4977;3650;50.0;36.6
07;2021-06-03;41;252;5018;3902;50.4;39.2
07;2021-06-04;75;272;5093;4174;51.1;41.9
07;2021-06-05;1;0;5094;4174;51.1;41.9
07;2021-06-06;0;0;5094;4174;51.1;41.9
07;2021-06-07;1;1;5095;4175;51.1;41.9
07;2021-06-08;3;2;5098;4177;51.2;41.9
07;2021-06-09;0;3;5098;4180;51.2;42.0
07;2021-06-10;8;4;5106;4184;51.3;42.0
07;2021-06-11;3;8;5109;4192;51.3;42.1
07;2021-06-12;15;59;5124;4251;51.4;42.7
07;2021-06-13;0;0;5124;4251;51.4;42.7
07;2021-06-14;0;0;5124;4251;51.4;42.7
07;2021-06-15;0;1;5124;4252;51.4;42.7
07;2021-06-16;0;0;5124;4252;51.4;42.7
07;2021-06-17;2;6;5126;4258;51.5;42.7
07;2021-06-18;0;2;5126;4260;51.5;42.8
07;2021-06-19;25;49;5151;4309;51.7;43.3
07;2021-06-20;0;0;5151;4309;51.7;43.3
07;2021-06-21;0;2;5151;4311;51.7;43.3
07;2021-06-22;8;0;5159;4311;51.8;43.3
07;2021-06-23;15;9;5174;4320;51.9;43.4
07;2021-06-24;10;5;5184;4325;52.0;43.4
07;2021-06-25;0;0;5184;4325;52.0;43.4
07;2021-06-26;28;49;5212;4374;52.3;43.9
07;2021-06-27;0;0;5212;4374;52.3;43.9
07;2021-06-28;0;1;5212;4375;52.3;43.9
07;2021-06-29;0;0;5212;4375;52.3;43.9
07;2021-06-30;0;0;5212;4375;52.3;43.9
08;2020-12-27;0;0;0;0;0.0;0.0
08;2020-12-28;0;0;0;0;0.0;0.0
08;2020-12-29;0;0;0;0;0.0;0.0
08;2020-12-30;0;0;0;0;0.0;0.0
08;2020-12-31;0;0;0;0;0.0;0.0
08;2021-01-01;0;0;0;0;0.0;0.0
08;2021-01-02;0;0;0;0;0.0;0.0
08;2021-01-03;0;0;0;0;0.0;0.0
08;2021-01-04;0;0;0;0;0.0;0.0
08;2021-01-05;0;0;0;0;0.0;0.0
08;2021-01-06;0;0;0;0;0.0;0.0
08;2021-01-07;0;0;0;0;0.0;0.0
08;2021-01-08;0;0;0;0;0.0;0.0
08;2021-01-09;0;0;0;0;0.0;0.0
08;2021-01-10;0;0;0;0;0.0;0.0
08;2021-01-11;0;0;0;0;0.0;0.0
08;2021-01-12;0;0;0;0;0.0;0.0
08;2021-01-13;10;0;10;0;0.0;0.0
08;2021-01-14;12;0;22;0;0.1;0.0
08;2021-01-15;7;0;29;0;0.1;0.0
08;2021-01-16;0;0;29;0;0.1;0.0
08;2021-01-17;0;0;29;0;0.1;0.0
08;2021-01-18;0;0;29;0;0.1;0.0
08;2021-01-19;12;0;41;0;0.1;0.0
08;2021-01-20;12;0;53;0;0.1;0.0
08;2021-01-21;6;0;59;0;0.2;0.0
08;2021-01-22;0;0;59;0;0.2;0.0
08;2021-01-23;0;0;59;0;0.2;0.0
08;2021-01-24;0;0;59;0;0.2;0.0
08;2021-01-25;0;0;59;0;0.2;0.0
08;2021-01-26;9;0;68;0;0.2;0.0
08;2021-01-27;10;0;78;0;0.2;0.0
08;2021-01-28;6;0;84;0;0.2;0.0
08;2021-01-29;0;0;84;0;0.2;0.0
08;2021-01-30;0;0;84;0;0.2;0.0
08;2021-01-31;0;0;84;0;0.2;0.0
08;2021-02-01;0;0;84;0;0.2;0.0
08;2021-02-02;38;0;122;0;0.3;0.0
08;2021-02-03;10;0;132;0;0.4;0.0
08;2021-02-04;30;0;162;0;0.5;0.0
08;2021-02-05;7;0;169;0;0.5;0.0
08;2021-02-06;0;0;169;0;0.5;0.0
08;2021-02-07;0;0;169;0;0.5;0.0
08;2021-02-08;0;0;169;0;0.5;0.0
08;2021-02-09;38;0;207;0;0.6;0.0
08;2021-02-10;27;1;234;1;0.7;0.0
08;2021-02-11;0;0;234;1;0.7;0.0
08;2021-02-12;36;0;270;1;0.8;0.0
08;2021-02-13;0;0;270;1;0.8;0.0
08;2021-02-14;0;0;270;1;0.8;0.0
08;2021-02-15;50;0;320;1;0.9;0.0
08;2021-02-16;0;0;320;1;0.9;0.0
08;2021-02-17;0;0;320;1;0.9;0.0
08;2021-02-18;27;0;347;1;1.0;0.0
08;2021-02-19;44;0;391;1;1.1;0.0
08;2021-02-20;0;0;391;1;1.1;0.0
08;2021-02-21;0;0;391;1;1.1;0.0
08;2021-02-22;46;4;437;5;1.2;0.0
08;2021-02-23;41;29;478;34;1.4;0.1
08;2021-02-24;35;1;513;35;1.5;0.1
08;2021-02-25;55;36;568;71;1.6;0.2
08;2021-02-26;39;5;607;76;1.7;0.2
08;2021-02-27;0;0;607;76;1.7;0.2
08;2021-02-28;0;0;607;76;1.7;0.2
08;2021-03-01;48;5;655;81;1.9;0.2
08;2021-03-02;7;27;662;108;1.9;0.3
08;2021-03-03;38;27;700;135;2.0;0.4
08;2021-03-04;30;26;730;161;2.1;0.5
08;2021-03-05;46;11;776;172;2.2;0.5
08;2021-03-06;0;0;776;172;2.2;0.5
08;2021-03-07;0;0;776;172;2.2;0.5
08;2021-03-08;30;7;806;179;2.3;0.5
08;2021-03-09;19;27;825;206;2.3;0.6
08;2021-03-10;32;28;857;234;2.4;0.7
08;2021-03-11;2;0;859;234;2.4;0.7
08;2021-03-12;52;21;911;255;2.6;0.7
08;2021-03-13;11;0;922;255;2.6;0.7
08;2021-03-14;0;0;922;255;2.6;0.7
08;2021-03-15;32;42;954;297;2.7;0.8
08;2021-03-16;73;6;1027;303;2.9;0.9
08;2021-03-17;67;13;1094;316;3.1;0.9
08;2021-03-18;82;39;1176;355;3.3;1.0
08;2021-03-19;31;50;1207;405;3.4;1.1
08;2021-03-20;0;0;1207;405;3.4;1.1
08;2021-03-21;0;0;1207;405;3.4;1.1
08;2021-03-22;34;45;1241;450;3.5;1.3
08;2021-03-23;30;43;1271;493;3.6;1.4
08;2021-03-24;38;42;1309;535;3.7;1.5
08;2021-03-25;92;34;1401;569;4.0;1.6
08;2021-03-26;45;33;1446;602;4.1;1.7
08;2021-03-27;94;3;1540;605;4.4;1.7
08;2021-03-28;0;0;1540;605;4.4;1.7
08;2021-03-29;69;49;1609;654;4.6;1.9
08;2021-03-30;98;24;1707;678;4.8;1.9
08;2021-03-31;89;47;1796;725;5.1;2.1
08;2021-04-01;56;48;1852;773;5.2;2.2
08;2021-04-02;0;0;1852;773;5.2;2.2
08;2021-04-03;0;0;1852;773;5.2;2.2
08;2021-04-04;0;0;1852;773;5.2;2.2
08;2021-04-05;0;0;1852;773;5.2;2.2
08;2021-04-06;49;63;1901;836;5.4;2.4
08;2021-04-07;91;32;1992;868;5.6;2.5
08;2021-04-08;120;7;2112;875;6.0;2.5
08;2021-04-09;89;39;2201;914;6.2;2.6
08;2021-04-10;162;8;2363;922;6.7;2.6
08;2021-04-11;0;0;2363;922;6.7;2.6
08;2021-04-12;41;76;2404;998;6.8;2.8
08;2021-04-13;48;71;2452;1069;6.9;3.0
08;2021-04-14;82;44;2534;1113;7.2;3.1
08;2021-04-15;93;24;2627;1137;7.4;3.2
08;2021-04-16;77;42;2704;1179;7.7;3.3
08;2021-04-17;165;4;2869;1183;8.1;3.3
08;2021-04-18;0;0;2869;1183;8.1;3.3
08;2021-04-19;52;67;2921;1250;8.3;3.5
08;2021-04-20;83;27;3004;1277;8.5;3.6
08;2021-04-21;91;29;3095;1306;8.8;3.7
08;2021-04-22;101;20;3196;1326;9.0;3.8
08;2021-04-23;44;66;3240;1392;9.2;3.9
08;2021-04-24;99;78;3339;1470;9.4;4.2
08;2021-04-25;0;0;3339;1470;9.4;4.2
08;2021-04-26;30;91;3369;1561;9.5;4.4
08;2021-04-27;58;63;3427;1624;9.7;4.6
08;2021-04-28;88;39;3515;1663;9.9;4.7
08;2021-04-29;91;34;3606;1697;10.2;4.8
08;2021-04-30;104;15;3710;1712;10.5;4.8
08;2021-05-01;0;8;3710;1720;10.5;4.9
08;2021-05-02;0;0;3710;1720;10.5;4.9
08;2021-05-03;25;101;3735;1821;10.6;5.2
08;2021-05-04;158;102;3893;1923;11.0;5.4
08;2021-05-05;141;58;4034;1981;11.4;5.6
08;2021-05-06;199;49;4233;2030;12.0;5.7
08;2021-05-07;127;71;4360;2101;12.3;5.9
08;2021-05-08;69;122;4429;2223;12.5;6.3
08;2021-05-09;0;0;4429;2223;12.5;6.3
08;2021-05-10;127;99;4556;2322;12.9;6.6
08;2021-05-11;137;72;4693;2394;13.3;6.8
08;2021-05-12;157;76;4850;2470;13.7;7.0
08;2021-05-13;83;6;4933;2476;14.0;7.0
08;2021-05-14;129;62;5062;2538;14.3;7.2
08;2021-05-15;86;4;5148;2542;14.6;7.2
08;2021-05-16;0;0;5148;2542;14.6;7.2
08;2021-05-17;147;112;5295;2654;15.0;7.5
08;2021-05-18;156;94;5451;2748;15.4;7.8
08;2021-05-19;85;69;5536;2817;15.7;8.0
08;2021-05-20;103;26;5639;2843;16.0;8.0
08;2021-05-21;98;52;5737;2895;16.2;8.2
08;2021-05-22;99;11;5836;2906;16.5;8.2
08;2021-05-23;0;0;5836;2906;16.5;8.2
08;2021-05-24;33;7;5869;2913;16.6;8.2
08;2021-05-25;119;78;5988;2991;16.9;8.5
08;2021-05-26;108;50;6096;3041;17.3;8.6
08;2021-05-27;110;42;6206;3083;17.6;8.7
08;2021-05-28;33;1;6239;3084;17.7;8.7
08;2021-05-29;60;214;6299;3298;17.8;9.3
08;2021-05-30;0;0;6299;3298;17.8;9.3
08;2021-05-31;109;63;6408;3361;18.1;9.5
08;2021-06-01;112;63;6520;3424;18.5;9.7
08;2021-06-02;130;33;6650;3457;18.8;9.8
08;2021-06-03;100;38;6750;3495;19.1;9.9
08;2021-06-04;128;71;6878;3566;19.5;10.1
08;2021-06-05;82;21;6960;3587;19.7;10.2
08;2021-06-06;0;0;6960;3587;19.7;10.2
08;2021-06-07;98;94;7058;3681;20.0;10.4
08;2021-06-08;79;90;7137;3771;20.2;10.7
08;2021-06-09;98;74;7235;3845;20.5;10.9
08;2021-06-10;111;66;7346;3911;20.8;11.1
08;2021-06-11;116;108;7462;4019;21.1;11.4
08;2021-06-12;57;30;7519;4049;21.3;11.5
08;2021-06-13;0;0;7519;4049;21.3;11.5
08;2021-06-14;106;128;7625;4177;21.6;11.8
08;2021-06-15;87;118;7712;4295;21.8;12.2
08;2021-06-16;104;148;7816;4443;22.1;12.6
08;2021-06-17;84;72;7900;4515;22.4;12.8
08;2021-06-18;66;99;7966;4614;22.5;13.1
08;2021-06-19;66;79;8032;4693;22.7;13.3
08;2021-06-20;0;0;8032;4693;22.7;13.3
08;2021-06-21;81;149;8113;4842;23.0;13.7
08;2021-06-22;73;100;8186;4942;23.2;14.0
08;2021-06-23;70;113;8256;5055;23.4;14.3
08;2021-06-24;45;73;8301;5128;23.5;14.5
08;2021-06-25;63;99;8364;5227;23.7;14.8
08;2021-06-26;35;61;8399;5288;23.8;15.0
08;2021-06-27;0;0;8399;5288;23.8;15.0
08;2021-06-28;70;127;8469;5415;24.0;15.3
08;2021-06-29;60;102;8529;5517;24.1;15.6
08;2021-06-30;56;109;8585;5626;24.3;15.9
11;2020-12-27;13;2;13;2;0.0;0.0
11;2020-12-28;11;0;24;2;0.0;0.0
11;2020-12-29;56;0;80;2;0.0;0.0
11;2020-12-30;91;0;171;2;0.0;0.0
11;2020-12-31;39;0;210;2;0.0;0.0
11;2021-01-01;31;1;241;3;0.0;0.0
11;2021-01-02;64;1;305;4;0.0;0.0
11;2021-01-03;78;0;383;4;0.0;0.0
11;2021-01-04;556;5;939;9;0.0;0.0
11;2021-01-05;2071;17;3010;26;0.0;0.0
11;2021-01-06;3022;23;6032;49;0.0;0.0
11;2021-01-07;5389;39;11421;88;0.1;0.0
11;2021-01-08;7125;49;18546;137;0.2;0.0
11;2021-01-09;1891;7;20437;144;0.2;0.0
11;2021-01-10;1755;7;22192;151;0.2;0.0
11;2021-01-11;8017;67;30209;218;0.2;0.0
11;2021-01-12;10375;102;40584;320;0.3;0.0
11;2021-01-13;10027;100;50611;420;0.4;0.0
11;2021-01-14;10132;137;60743;557;0.5;0.0
11;2021-01-15;8925;89;69668;646;0.6;0.0
11;2021-01-16;2413;37;72081;683;0.6;0.0
11;2021-01-17;1091;20;73172;703;0.6;0.0
11;2021-01-18;12266;136;85438;839;0.7;0.0
11;2021-01-19;15860;129;101298;968;0.8;0.0
11;2021-01-20;18385;122;119683;1090;1.0;0.0
11;2021-01-21;22298;157;141981;1247;1.2;0.0
11;2021-01-22;17115;172;159096;1419;1.3;0.0
11;2021-01-23;4968;21;164064;1440;1.3;0.0
11;2021-01-24;1283;6;165347;1446;1.3;0.0
11;2021-01-25;8876;193;174223;1639;1.4;0.0
11;2021-01-26;12345;387;186568;2026;1.5;0.0
11;2021-01-27;16240;693;202808;2719;1.7;0.0
11;2021-01-28;20315;1197;223123;3916;1.8;0.0
11;2021-01-29;15407;1375;238530;5291;1.9;0.0
11;2021-01-30;4465;106;242995;5397;2.0;0.0
11;2021-01-31;586;22;243581;5419;2.0;0.0
11;2021-02-01;7390;1959;250971;7378;2.0;0.1
11;2021-02-02;8359;2819;259330;10197;2.1;0.1
11;2021-02-03;8128;3806;267458;14003;2.2;0.1
11;2021-02-04;8795;4597;276253;18600;2.2;0.2
11;2021-02-05;8963;4428;285216;23028;2.3;0.2
11;2021-02-06;3273;752;288489;23780;2.3;0.2
11;2021-02-07;589;543;289078;24323;2.4;0.2
11;2021-02-08;6240;5916;295318;30239;2.4;0.2
11;2021-02-09;8457;9676;303775;39915;2.5;0.3
11;2021-02-10;10026;11195;313801;51110;2.6;0.4
11;2021-02-11;12385;16487;326186;67597;2.7;0.6
11;2021-02-12;11889;10616;338075;78213;2.8;0.6
11;2021-02-13;2599;2589;340674;80802;2.8;0.7
11;2021-02-14;314;560;340988;81362;2.8;0.7
11;2021-02-15;4469;12026;345457;93388;2.8;0.8
11;2021-02-16;5691;18502;351148;111890;2.9;0.9
11;2021-02-17;5703;15615;356851;127505;2.9;1.0
11;2021-02-18;8666;20793;365517;148298;3.0;1.2
11;2021-02-19;9083;15433;374600;163731;3.1;1.3
11;2021-02-20;1696;4845;376296;168576;3.1;1.4
11;2021-02-21;397;830;376693;169406;3.1;1.4
11;2021-02-22;4254;9915;380947;179321;3.1;1.5
11;2021-02-23;4965;10559;385912;189880;3.1;1.5
11;2021-02-24;5426;9883;391338;199763;3.2;1.6
11;2021-02-25;8651;14154;399989;213917;3.3;1.7
11;2021-02-26;11201;10206;411190;224123;3.3;1.8
11;2021-02-27;5071;3338;416261;227461;3.4;1.9
11;2021-02-28;742;661;417003;228122;3.4;1.9
11;2021-03-01;8862;7990;425865;236112;3.5;1.9
11;2021-03-02;14400;9673;440265;245785;3.6;2.0
11;2021-03-03;18697;10156;458962;255941;3.7;2.1
11;2021-03-04;28295;11177;487257;267118;4.0;2.2
11;2021-03-05;36534;11158;523791;278276;4.3;2.3
11;2021-03-06;46450;3624;570241;281900;4.6;2.3
11;2021-03-07;34307;2821;604548;284721;4.9;2.3
11;2021-03-08;17783;7442;622331;292163;5.1;2.4
11;2021-03-09;26878;7780;649209;299943;5.3;2.4
11;2021-03-10;27676;8418;676885;308361;5.5;2.5
11;2021-03-11;37080;9981;713965;318342;5.8;2.6
11;2021-03-12;44826;9525;758791;327867;6.2;2.7
11;2021-03-13;39900;2732;798691;330599;6.5;2.7
11;2021-03-14;14277;830;812968;331429;6.6;2.7
11;2021-03-15;29245;4059;842213;335488;6.9;2.7
11;2021-03-16;23768;3896;865981;339384;7.1;2.8
11;2021-03-17;24456;3709;890437;343093;7.3;2.8
11;2021-03-18;29036;4176;919473;347269;7.5;2.8
11;2021-03-19;39697;4369;959170;351638;7.8;2.9
11;2021-03-20;25878;1632;985048;353270;8.0;2.9
11;2021-03-21;5628;1340;990676;354610;8.1;2.9
11;2021-03-22;32156;4297;1022832;358907;8.3;2.9
11;2021-03-23;43359;5528;1066191;364435;8.7;3.0
11;2021-03-24;42693;5143;1108884;369578;9.0;3.0
11;2021-03-25;57974;5347;1166858;374925;9.5;3.1
11;2021-03-26;57779;6112;1224637;381037;10.0;3.1
11;2021-03-27;34517;2170;1259154;383207;10.3;3.1
11;2021-03-28;10171;501;1269325;383708;10.3;3.1
11;2021-03-29;33088;8245;1302413;391953;10.6;3.2
11;2021-03-30;44913;11703;1347326;403656;11.0;3.3
11;2021-03-31;39946;14004;1387272;417660;11.3;3.4
11;2021-04-01;45434;21910;1432706;439570;11.7;3.6
11;2021-04-02;39460;24208;1472166;463778;12.0;3.8
11;2021-04-03;18405;21189;1490571;484967;12.1;3.9
11;2021-04-04;6128;7363;1496699;492330;12.2;4.0
11;2021-04-05;5963;2172;1502662;494502;12.2;4.0
11;2021-04-06;30027;18505;1532689;513007;12.5;4.2
11;2021-04-07;37611;20105;1570300;533112;12.8;4.3
11;2021-04-08;46745;21251;1617045;554363;13.2;4.5
11;2021-04-09;53869;21723;1670914;576086;13.6;4.7
11;2021-04-10;28989;19776;1699903;595862;13.8;4.9
11;2021-04-11;6554;7240;1706457;603102;13.9;4.9
11;2021-04-12;30349;19353;1736806;622455;14.1;5.1
11;2021-04-13;37380;27656;1774186;650111;14.4;5.3
11;2021-04-14;35079;24417;1809265;674528;14.7;5.5
11;2021-04-15;39217;28610;1848482;703138;15.1;5.7
11;2021-04-16;41117;27916;1889599;731054;15.4;6.0
11;2021-04-17;22814;15034;1912413;746088;15.6;6.1
11;2021-04-18;5306;3746;1917719;749834;15.6;6.1
11;2021-04-19;25137;23256;1942856;773090;15.8;6.3
11;2021-04-20;30648;27970;1973504;801060;16.1;6.5
11;2021-04-21;32283;28292;2005787;829352;16.3;6.8
11;2021-04-22;34543;34844;2040330;864196;16.6;7.0
11;2021-04-23;38014;32410;2078344;896606;16.9;7.3
11;2021-04-24;38004;23251;2116348;919857;17.2;7.5
11;2021-04-25;20533;8044;2136881;927901;17.4;7.6
11;2021-04-26;33935;25307;2170816;953208;17.7;7.8
11;2021-04-27;45804;30197;2216620;983405;18.1;8.0
11;2021-04-28;48522;29935;2265142;1013340;18.4;8.3
11;2021-04-29;57874;32433;2323016;1045773;18.9;8.5
11;2021-04-30;61383;31222;2384399;1076995;19.4;8.8
11;2021-05-01;24111;6075;2408510;1083070;19.6;8.8
11;2021-05-02;14642;5039;2423152;1088109;19.7;8.9
11;2021-05-03;54465;35330;2477617;1123439;20.2;9.1
11;2021-05-04;59802;34000;2537419;1157439;20.7;9.4
11;2021-05-05;60398;34205;2597817;1191644;21.2;9.7
11;2021-05-06;67356;38171;2665173;1229815;21.7;10.0
11;2021-05-07;65637;40093;2730810;1269908;22.2;10.3
11;2021-05-08;51216;16997;2782026;1286905;22.7;10.5
11;2021-05-09;33198;10253;2815224;1297158;22.9;10.6
11;2021-05-10;70872;30679;2886096;1327837;23.5;10.8
11;2021-05-11;81919;38203;2968015;1366040;24.2;11.1
11;2021-05-12;83731;32594;3051746;1398634;24.9;11.4
11;2021-05-13;68233;10087;3119979;1408721;25.4;11.5
11;2021-05-14;84675;22268;3204654;1430989;26.1;11.7
11;2021-05-15;66821;15511;3271475;1446500;26.6;11.8
11;2021-05-16;36716;5224;3308191;1451724;26.9;11.8
11;2021-05-17;82988;17039;3391179;1468763;27.6;12.0
11;2021-05-18;99836;20092;3491015;1488855;28.4;12.1
11;2021-05-19;98590;28034;3589605;1516889;29.2;12.4
11;2021-05-20;107059;28959;3696664;1545848;30.1;12.6
11;2021-05-21;101375;26135;3798039;1571983;30.9;12.8
11;2021-05-22;79659;14936;3877698;1586919;31.6;12.9
11;2021-05-23;41748;6110;3919446;1593029;31.9;13.0
11;2021-05-24;59720;8842;3979166;1601871;32.4;13.0
11;2021-05-25;85548;32348;4064714;1634219;33.1;13.3
11;2021-05-26;84146;32596;4148860;1666815;33.8;13.6
11;2021-05-27;92290;40667;4241150;1707482;34.5;13.9
11;2021-05-28;86945;45701;4328095;1753183;35.3;14.3
11;2021-05-29;68238;27607;4396333;1780790;35.8;14.5
11;2021-05-30;35978;8554;4432311;1789344;36.1;14.6
11;2021-05-31;78003;40050;4510314;1829394;36.7;14.9
11;2021-06-01;87086;51036;4597400;1880430;37.4;15.3
11;2021-06-02;83146;45639;4680546;1926069;38.1;15.7
11;2021-06-03;88860;53793;4769406;1979862;38.8;16.1
11;2021-06-04;84658;58865;4854064;2038727;39.5;16.6
11;2021-06-05;63593;50010;4917657;2088737;40.1;17.0
11;2021-06-06;37913;17617;4955570;2106354;40.4;17.2
11;2021-06-07;68963;53721;5024533;2160075;40.9;17.6
11;2021-06-08;72354;61972;5096887;2222047;41.5;18.1
11;2021-06-09;70516;63178;5167403;2285225;42.1;18.6
11;2021-06-10;70996;80892;5238399;2366117;42.7;19.3
11;2021-06-11;65543;72182;5303942;2438299;43.2;19.9
11;2021-06-12;63689;47737;5367631;2486036;43.7;20.2
11;2021-06-13;29525;22889;5397156;2508925;44.0;20.4
11;2021-06-14;43180;75326;5440336;2584251;44.3;21.0
11;2021-06-15;51072;83006;5491408;2667257;44.7;21.7
11;2021-06-16;52338;78303;5543746;2745560;45.2;22.4
11;2021-06-17;54024;81801;5597770;2827361;45.6;23.0
11;2021-06-18;49956;96046;5647726;2923407;46.0;23.8
11;2021-06-19;43486;69221;5691212;2992628;46.4;24.4
11;2021-06-20;16298;36084;5707510;3028712;46.5;24.7
11;2021-06-21;34354;84373;5741864;3113085;46.8;25.4
11;2021-06-22;39001;101217;5780865;3214302;47.1;26.2
11;2021-06-23;39456;98215;5820321;3312517;47.4;27.0
11;2021-06-24;42262;96136;5862583;3408653;47.7;27.8
11;2021-06-25;38556;110726;5901139;3519379;48.1;28.7
11;2021-06-26;35291;86052;5936430;3605431;48.3;29.4
11;2021-06-27;13289;40361;5949719;3645792;48.5;29.7
11;2021-06-28;30106;95890;5979825;3741682;48.7;30.5
11;2021-06-29;34588;107794;6014413;3849476;49.0;31.4
11;2021-06-30;36896;105114;6051309;3954590;49.3;32.2
24;2020-12-27;0;0;0;0;0.0;0.0
24;2020-12-28;17;0;17;0;0.0;0.0
24;2020-12-29;10;0;27;0;0.0;0.0
24;2020-12-30;1;0;28;0;0.0;0.0
24;2020-12-31;0;0;28;0;0.0;0.0
24;2021-01-01;1;0;29;0;0.0;0.0
24;2021-01-02;0;0;29;0;0.0;0.0
24;2021-01-03;0;0;29;0;0.0;0.0
24;2021-01-04;24;0;53;0;0.0;0.0
24;2021-01-05;163;0;216;0;0.0;0.0
24;2021-01-06;328;0;544;0;0.0;0.0
24;2021-01-07;492;1;1036;1;0.0;0.0
24;2021-01-08;952;2;1988;3;0.1;0.0
24;2021-01-09;504;0;2492;3;0.1;0.0
24;2021-01-10;395;0;2887;3;0.1;0.0
24;2021-01-11;1279;2;4166;5;0.2;0.0
24;2021-01-12;2575;9;6741;14;0.3;0.0
24;2021-01-13;2189;8;8930;22;0.3;0.0
24;2021-01-14;2503;53;11433;75;0.4;0.0
24;2021-01-15;2114;9;13547;84;0.5;0.0
24;2021-01-16;857;5;14404;89;0.6;0.0
24;2021-01-17;322;3;14726;92;0.6;0.0
24;2021-01-18;3214;16;17940;108;0.7;0.0
24;2021-01-19;6327;17;24267;125;0.9;0.0
24;2021-01-20;7167;10;31434;135;1.2;0.0
24;2021-01-21;7421;4;38855;139;1.5;0.0
24;2021-01-22;5120;6;43975;145;1.7;0.0
24;2021-01-23;1275;1;45250;146;1.8;0.0
24;2021-01-24;225;1;45475;147;1.8;0.0
24;2021-01-25;3114;24;48589;171;1.9;0.0
24;2021-01-26;4849;88;53438;259;2.1;0.0
24;2021-01-27;5045;185;58483;444;2.3;0.0
24;2021-01-28;5634;508;64117;952;2.5;0.0
24;2021-01-29;3423;730;67540;1682;2.6;0.1
24;2021-01-30;1210;397;68750;2079;2.7;0.1
24;2021-01-31;251;368;69001;2447;2.7;0.1
24;2021-02-01;2171;927;71172;3374;2.8;0.1
24;2021-02-02;3034;1889;74206;5263;2.9;0.2
24;2021-02-03;3112;1767;77318;7030;3.0;0.3
24;2021-02-04;3237;1615;80555;8645;3.1;0.3
24;2021-02-05;2398;1368;82953;10013;3.2;0.4
24;2021-02-06;707;263;83660;10276;3.3;0.4
24;2021-02-07;134;32;83794;10308;3.3;0.4
24;2021-02-08;1968;1570;85762;11878;3.4;0.5
24;2021-02-09;3416;3318;89178;15196;3.5;0.6
24;2021-02-10;4086;3756;93264;18952;3.6;0.7
24;2021-02-11;4662;4771;97926;23723;3.8;0.9
24;2021-02-12;3488;3265;101414;26988;4.0;1.1
24;2021-02-13;840;769;102254;27757;4.0;1.1
24;2021-02-14;426;256;102680;28013;4.0;1.1
24;2021-02-15;1970;2853;104650;30866;4.1;1.2
24;2021-02-16;2867;4483;107517;35349;4.2;1.4
24;2021-02-17;2703;5095;110220;40444;4.3;1.6
24;2021-02-18;3530;5165;113750;45609;4.4;1.8
24;2021-02-19;3212;3547;116962;49156;4.6;1.9
24;2021-02-20;1290;983;118252;50139;4.6;2.0
24;2021-02-21;433;239;118685;50378;4.6;2.0
24;2021-02-22;1658;3052;120343;53430;4.7;2.1
24;2021-02-23;2345;3134;122688;56564;4.8;2.2
24;2021-02-24;2109;3454;124797;60018;4.9;2.3
24;2021-02-25;3645;3146;128442;63164;5.0;2.5
24;2021-02-26;4485;2607;132927;65771;5.2;2.6
24;2021-02-27;1878;993;134805;66764;5.3;2.6
24;2021-02-28;97;219;134902;66983;5.3;2.6
24;2021-03-01;2184;2012;137086;68995;5.4;2.7
24;2021-03-02;3442;2884;140528;71879;5.5;2.8
24;2021-03-03;3567;3397;144095;75276;5.6;2.9
24;2021-03-04;5353;3714;149448;78990;5.8;3.1
24;2021-03-05;7044;3168;156492;82158;6.1;3.2
24;2021-03-06;7376;756;163868;82914;6.4;3.2
24;2021-03-07;2430;292;166298;83206;6.5;3.3
24;2021-03-08;2701;2612;168999;85818;6.6;3.4
24;2021-03-09;5794;2836;174793;88654;6.8;3.5
24;2021-03-10;6432;3505;181225;92159;7.1;3.6
24;2021-03-11;7827;3492;189052;95651;7.4;3.7
24;2021-03-12;10797;2688;199849;98339;7.8;3.8
24;2021-03-13;7123;725;206972;99064;8.1;3.9
24;2021-03-14;1549;272;208521;99336;8.1;3.9
24;2021-03-15;4570;1967;213091;101303;8.3;4.0
24;2021-03-16;4608;2359;217699;103662;8.5;4.1
24;2021-03-17;4479;1972;222178;105634;8.7;4.1
24;2021-03-18;5074;2083;227252;107717;8.9;4.2
24;2021-03-19;7789;1674;235041;109391;9.2;4.3
24;2021-03-20;4436;883;239477;110274;9.4;4.3
24;2021-03-21;557;349;240034;110623;9.4;4.3
24;2021-03-22;4872;1710;244906;112333;9.6;4.4
24;2021-03-23;8039;2297;252945;114630;9.9;4.5
24;2021-03-24;8825;2008;261770;116638;10.2;4.6
24;2021-03-25;12153;1964;273923;118602;10.7;4.6
24;2021-03-26;13280;1992;287203;120594;11.2;4.7
24;2021-03-27;5781;679;292984;121273;11.4;4.7
24;2021-03-28;520;97;293504;121370;11.5;4.7
24;2021-03-29;6772;1878;300276;123248;11.7;4.8
24;2021-03-30;10190;2785;310466;126033;12.1;4.9
24;2021-03-31;9905;2343;320371;128376;12.5;5.0
24;2021-04-01;12057;3393;332428;131769;13.0;5.1
24;2021-04-02;10644;3346;343072;135115;13.4;5.3
24;2021-04-03;3412;1717;346484;136832;13.5;5.3
24;2021-04-04;394;344;346878;137176;13.6;5.4
24;2021-04-05;397;51;347275;137227;13.6;5.4
24;2021-04-06;8343;3407;355618;140634;13.9;5.5
24;2021-04-07;11080;4546;366698;145180;14.3;5.7
24;2021-04-08;14205;4737;380903;149917;14.9;5.9
24;2021-04-09;17761;3719;398664;153636;15.6;6.0
24;2021-04-10;9387;2082;408051;155718;15.9;6.1
24;2021-04-11;2913;1247;410964;156965;16.1;6.1
24;2021-04-12;10857;3442;421821;160407;16.5;6.3
24;2021-04-13;15013;4808;436834;165215;17.1;6.5
24;2021-04-14;13485;4917;450319;170132;17.6;6.6
24;2021-04-15;15359;5120;465678;175252;18.2;6.8
24;2021-04-16;15706;4331;481384;179583;18.8;7.0
24;2021-04-17;8195;1321;489579;180904;19.1;7.1
24;2021-04-18;1100;289;490679;181193;19.2;7.1
24;2021-04-19;9461;4132;500140;185325;19.5;7.2
24;2021-04-20;12743;5964;512883;191289;20.0;7.5
24;2021-04-21;12337;5999;525220;197288;20.5;7.7
24;2021-04-22;13877;7535;539097;204823;21.1;8.0
24;2021-04-23;13716;7038;552813;211861;21.6;8.3
24;2021-04-24;10249;3252;563062;215113;22.0;8.4
24;2021-04-25;3050;433;566112;215546;22.1;8.4
24;2021-04-26;10226;5415;576338;220961;22.5;8.6
24;2021-04-27;13903;7740;590241;228701;23.1;8.9
24;2021-04-28;13051;8438;603292;237139;23.6;9.3
24;2021-04-29;16598;8588;619890;245727;24.2;9.6
24;2021-04-30;17492;7234;637382;252961;24.9;9.9
24;2021-05-01;2912;670;640294;253631;25.0;9.9
24;2021-05-02;2142;320;642436;253951;25.1;9.9
24;2021-05-03;11317;6105;653753;260056;25.5;10.2
24;2021-05-04;12827;10294;666580;270350;26.0;10.6
24;2021-05-05;13894;9574;680474;279924;26.6;10.9
24;2021-05-06;17513;9668;697987;289592;27.3;11.3
24;2021-05-07;14567;11976;712554;301568;27.8;11.8
24;2021-05-08;3715;2375;716269;303943;28.0;11.9
24;2021-05-09;2327;3730;718596;307673;28.1;12.0
24;2021-05-10;11544;12187;730140;319860;28.5;12.5
24;2021-05-11;16401;14193;746541;334053;29.2;13.1
24;2021-05-12;18265;13139;764806;347192;29.9;13.6
24;2021-05-13;6930;3167;771736;350359;30.2;13.7
24;2021-05-14;14542;9179;786278;359538;30.7;14.0
24;2021-05-15;10478;5048;796756;364586;31.1;14.2
24;2021-05-16;3168;1187;799924;365773;31.3;14.3
24;2021-05-17;13363;7655;813287;373428;31.8;14.6
24;2021-05-18;18573;8194;831860;381622;32.5;14.9
24;2021-05-19;19113;7497;850973;389119;33.3;15.2
24;2021-05-20;21386;8419;872359;397538;34.1;15.5
24;2021-05-21;18444;9078;890803;406616;34.8;15.9
24;2021-05-22;7633;4191;898436;410807;35.1;16.1
24;2021-05-23;2987;942;901423;411749;35.2;16.1
24;2021-05-24;8354;1591;909777;413340;35.6;16.2
24;2021-05-25;17815;8835;927592;422175;36.2;16.5
24;2021-05-26;19325;8284;946917;430459;37.0;16.8
24;2021-05-27;20942;10037;967859;440496;37.8;17.2
24;2021-05-28;20490;12258;988349;452754;38.6;17.7
24;2021-05-29;12428;5899;1000777;458653;39.1;17.9
24;2021-05-30;2035;1483;1002812;460136;39.2;18.0
24;2021-05-31;14617;8890;1017429;469026;39.8;18.3
24;2021-06-01;19724;12005;1037153;481031;40.5;18.8
24;2021-06-02;17787;10789;1054940;491820;41.2;19.2
24;2021-06-03;20876;11908;1075816;503728;42.0;19.7
24;2021-06-04;19950;13855;1095766;517583;42.8;20.2
24;2021-06-05;9874;8854;1105640;526437;43.2;20.6
24;2021-06-06;1993;3021;1107633;529458;43.3;20.7
24;2021-06-07;14438;12014;1122071;541472;43.8;21.2
24;2021-06-08;16098;14955;1138169;556427;44.5;21.7
24;2021-06-09;16472;12767;1154641;569194;45.1;22.2
24;2021-06-10;17885;12114;1172526;581308;45.8;22.7
24;2021-06-11;17169;15314;1189695;596622;46.5;23.3
24;2021-06-12;10078;7335;1199773;603957;46.9;23.6
24;2021-06-13;892;1313;1200665;605270;46.9;23.7
24;2021-06-14;10471;15265;1211136;620535;47.3;24.2
24;2021-06-15;12993;17118;1224129;637653;47.8;24.9
24;2021-06-16;13457;16273;1237586;653926;48.4;25.6
24;2021-06-17;13128;17312;1250714;671238;48.9;26.2
24;2021-06-18;14560;19826;1265274;691064;49.4;27.0
24;2021-06-19;7923;6656;1273197;697720;49.8;27.3
24;2021-06-20;555;858;1273752;698578;49.8;27.3
24;2021-06-21;8855;16481;1282607;715059;50.1;27.9
24;2021-06-22;10216;19413;1292823;734472;50.5;28.7
24;2021-06-23;9716;17861;1302539;752333;50.9;29.4
24;2021-06-24;9007;12873;1311546;765206;51.3;29.9
24;2021-06-25;10671;19890;1322217;785096;51.7;30.7
24;2021-06-26;5296;10974;1327513;796070;51.9;31.1
24;2021-06-27;795;2214;1328308;798284;51.9;31.2
24;2021-06-28;6501;18530;1334809;816814;52.2;31.9
24;2021-06-29;8060;23985;1342869;840799;52.5;32.9
24;2021-06-30;8204;22149;1351073;862948;52.8;33.7
27;2020-12-27;4;0;4;0;0.0;0.0
27;2020-12-28;0;0;4;0;0.0;0.0
27;2020-12-29;19;0;23;0;0.0;0.0
27;2020-12-30;20;0;43;0;0.0;0.0
27;2020-12-31;2;0;45;0;0.0;0.0
27;2021-01-01;0;0;45;0;0.0;0.0
27;2021-01-02;1;0;46;0;0.0;0.0
27;2021-01-03;1;0;47;0;0.0;0.0
27;2021-01-04;27;0;74;0;0.0;0.0
27;2021-01-05;263;2;337;2;0.0;0.0
27;2021-01-06;718;1;1055;3;0.0;0.0
27;2021-01-07;1581;3;2636;6;0.1;0.0
27;2021-01-08;1896;4;4532;10;0.2;0.0
27;2021-01-09;689;0;5221;10;0.2;0.0
27;2021-01-10;3;0;5224;10;0.2;0.0
27;2021-01-11;2420;4;7644;14;0.3;0.0
27;2021-01-12;3823;4;11467;18;0.4;0.0
27;2021-01-13;3848;8;15315;26;0.6;0.0
27;2021-01-14;4753;48;20068;74;0.7;0.0
27;2021-01-15;3593;22;23661;96;0.9;0.0
27;2021-01-16;793;11;24454;107;0.9;0.0
27;2021-01-17;116;1;24570;108;0.9;0.0
27;2021-01-18;6258;20;30828;128;1.1;0.0
27;2021-01-19;8399;23;39227;151;1.4;0.0
27;2021-01-20;7914;58;47141;209;1.7;0.0
27;2021-01-21;9456;23;56597;232;2.0;0.0
27;2021-01-22;7708;18;64305;250;2.3;0.0
27;2021-01-23;2986;6;67291;256;2.4;0.0
27;2021-01-24;347;0;67638;256;2.4;0.0
27;2021-01-25;5220;30;72858;286;2.6;0.0
27;2021-01-26;7391;229;80249;515;2.9;0.0
27;2021-01-27;7097;355;87346;870;3.1;0.0
27;2021-01-28;6336;896;93682;1766;3.4;0.1
27;2021-01-29;5930;1267;99612;3033;3.6;0.1
27;2021-01-30;2496;347;102108;3380;3.7;0.1
27;2021-01-31;252;22;102360;3402;3.7;0.1
27;2021-02-01;3360;1402;105720;4804;3.8;0.2
27;2021-02-02;4041;2224;109761;7028;3.9;0.3
27;2021-02-03;3619;2397;113380;9425;4.1;0.3
27;2021-02-04;3704;3152;117084;12577;4.2;0.5
27;2021-02-05;3243;2585;120327;15162;4.3;0.5
27;2021-02-06;1608;672;121935;15834;4.4;0.6
27;2021-02-07;5;87;121940;15921;4.4;0.6
27;2021-02-08;2918;2686;124858;18607;4.5;0.7
27;2021-02-09;3017;3660;127875;22267;4.6;0.8
27;2021-02-10;3055;3414;130930;25681;4.7;0.9
27;2021-02-11;3321;4651;134251;30332;4.8;1.1
27;2021-02-12;2728;4463;136979;34795;4.9;1.3
27;2021-02-13;987;1466;137966;36261;5.0;1.3
27;2021-02-14;258;301;138224;36562;5.0;1.3
27;2021-02-15;1244;5756;139468;42318;5.0;1.5
27;2021-02-16;1510;7437;140978;49755;5.1;1.8
27;2021-02-17;1824;6908;142802;56663;5.1;2.0
27;2021-02-18;2153;6465;144955;63128;5.2;2.3
27;2021-02-19;1740;5670;146695;68798;5.3;2.5
27;2021-02-20;713;2179;147408;70977;5.3;2.6
27;2021-02-21;2;280;147410;71257;5.3;2.6
27;2021-02-22;984;4897;148394;76154;5.3;2.7
27;2021-02-23;1213;5439;149607;81593;5.4;2.9
27;2021-02-24;1523;4856;151130;86449;5.4;3.1
27;2021-02-25;2926;5062;154056;91511;5.5;3.3
27;2021-02-26;3690;4219;157746;95730;5.7;3.4
27;2021-02-27;1913;1957;159659;97687;5.7;3.5
27;2021-02-28;107;282;159766;97969;5.7;3.5
27;2021-03-01;3675;3511;163441;101480;5.9;3.6
27;2021-03-02;5413;4343;168854;105823;6.1;3.8
27;2021-03-03;5971;3574;174825;109397;6.3;3.9
27;2021-03-04;7711;3575;182536;112972;6.6;4.1
27;2021-03-05;9706;3201;192242;116173;6.9;4.2
27;2021-03-06;6230;1093;198472;117266;7.1;4.2
27;2021-03-07;872;187;199344;117453;7.2;4.2
27;2021-03-08;4547;3422;203891;120875;7.3;4.3
27;2021-03-09;8425;3409;212316;124284;7.6;4.5
27;2021-03-10;8737;2818;221053;127102;7.9;4.6
27;2021-03-11;10277;3212;231330;130314;8.3;4.7
27;2021-03-12;11912;2473;243242;132787;8.7;4.8
27;2021-03-13;7051;700;250293;133487;9.0;4.8
27;2021-03-14;213;60;250506;133547;9.0;4.8
27;2021-03-15;7324;1384;257830;134931;9.3;4.8
27;2021-03-16;8250;1093;266080;136024;9.6;4.9
27;2021-03-17;8539;1183;274619;137207;9.9;4.9
27;2021-03-18;8635;1418;283254;138625;10.2;5.0
27;2021-03-19;9446;1101;292700;139726;10.5;5.0
27;2021-03-20;5670;399;298370;140125;10.7;5.0
27;2021-03-21;238;11;298608;140136;10.7;5.0
27;2021-03-22;9340;964;307948;141100;11.1;5.1
27;2021-03-23;14725;1203;322673;142303;11.6;5.1
27;2021-03-24;15198;1252;337871;143555;12.1;5.2
27;2021-03-25;18383;1473;356254;145028;12.8;5.2
27;2021-03-26;18396;1276;374650;146304;13.5;5.3
27;2021-03-27;7685;415;382335;146719;13.7;5.3
27;2021-03-28;493;125;382828;146844;13.8;5.3
27;2021-03-29;10033;3405;392861;150249;14.1;5.4
27;2021-03-30;12981;4006;405842;154255;14.6;5.5
27;2021-03-31;12853;4210;418695;158465;15.0;5.7
27;2021-04-01;14560;4155;433255;162620;15.6;5.8
27;2021-04-02;12962;4049;446217;166669;16.0;6.0
27;2021-04-03;4481;1136;450698;167805;16.2;6.0
27;2021-04-04;69;35;450767;167840;16.2;6.0
27;2021-04-05;345;7;451112;167847;16.2;6.0
27;2021-04-06;9578;6175;460690;174022;16.6;6.3
27;2021-04-07;10200;6467;470890;180489;16.9;6.5
27;2021-04-08;15736;6156;486626;186645;17.5;6.7
27;2021-04-09;17851;6007;504477;192652;18.1;6.9
27;2021-04-10;6070;1951;510547;194603;18.3;7.0
27;2021-04-11;420;83;510967;194686;18.4;7.0
27;2021-04-12;9076;6792;520043;201478;18.7;7.2
27;2021-04-13;11754;8505;531797;209983;19.1;7.5
27;2021-04-14;10310;7832;542107;217815;19.5;7.8
27;2021-04-15;12973;7676;555080;225491;19.9;8.1
27;2021-04-16;12758;6447;567838;231938;20.4;8.3
27;2021-04-17;5926;3034;573764;234972;20.6;8.4
27;2021-04-18;356;189;574120;235161;20.6;8.4
27;2021-04-19;6987;8856;581107;244017;20.9;8.8
27;2021-04-20;8501;10531;589608;254548;21.2;9.1
27;2021-04-21;8353;10138;597961;264686;21.5;9.5
27;2021-04-22;9871;11523;607832;276209;21.8;9.9
27;2021-04-23;11349;10289;619181;286498;22.2;10.3
27;2021-04-24;5168;3959;624349;290457;22.4;10.4
27;2021-04-25;440;295;624789;290752;22.4;10.4
27;2021-04-26;9569;8732;634358;299484;22.8;10.8
27;2021-04-27;13481;10236;647839;309720;23.3;11.1
27;2021-04-28;14203;10352;662042;320072;23.8;11.5
27;2021-04-29;17887;11524;679929;331596;24.4;11.9
27;2021-04-30;18737;9496;698666;341092;25.1;12.3
27;2021-05-01;5426;1544;704092;342636;25.3;12.3
27;2021-05-02;603;73;704695;342709;25.3;12.3
27;2021-05-03;14915;6322;719610;349031;25.9;12.5
27;2021-05-04;13955;10781;733565;359812;26.4;12.9
27;2021-05-05;15573;10007;749138;369819;26.9;13.3
27;2021-05-06;18296;12326;767434;382145;27.6;13.7
27;2021-05-07;17230;11744;784664;393889;28.2;14.2
27;2021-05-08;5947;1506;790611;395395;28.4;14.2
27;2021-05-09;534;439;791145;395834;28.4;14.2
27;2021-05-10;15284;9872;806429;405706;29.0;14.6
27;2021-05-11;20772;12900;827201;418606;29.7;15.0
27;2021-05-12;19683;11735;846884;430341;30.4;15.5
27;2021-05-13;12294;2035;859178;432376;30.9;15.5
27;2021-05-14;22949;8380;882127;440756;31.7;15.8
27;2021-05-15;15425;3398;897552;444154;32.3;16.0
27;2021-05-16;1890;236;899442;444390;32.3;16.0
27;2021-05-17;18981;6796;918423;451186;33.0;16.2
27;2021-05-18;20741;9286;939164;460472;33.7;16.5
27;2021-05-19;22359;7283;961523;467755;34.5;16.8
27;2021-05-20;23240;8196;984763;475951;35.4;17.1
27;2021-05-21;21129;10036;1005892;485987;36.1;17.5
27;2021-05-22;8265;3600;1014157;489587;36.4;17.6
27;2021-05-23;910;305;1015067;489892;36.5;17.6
27;2021-05-24;4232;1084;1019299;490976;36.6;17.6
27;2021-05-25;14906;11599;1034205;502575;37.2;18.1
27;2021-05-26;15413;10633;1049618;513208;37.7;18.4
27;2021-05-27;18409;11789;1068027;524997;38.4;18.9
27;2021-05-28;16101;14107;1084128;539104;39.0;19.4
27;2021-05-29;6824;5152;1090952;544256;39.2;19.6
27;2021-05-30;392;255;1091344;544511;39.2;19.6
27;2021-05-31;13321;10925;1104665;555436;39.7;20.0
27;2021-06-01;16537;13419;1121202;568855;40.3;20.4
27;2021-06-02;16181;11437;1137383;580292;40.9;20.9
27;2021-06-03;17749;11857;1155132;592149;41.5;21.3
27;2021-06-04;16184;14610;1171316;606759;42.1;21.8
27;2021-06-05;8342;6759;1179658;613518;42.4;22.0
27;2021-06-06;1717;645;1181375;614163;42.4;22.1
27;2021-06-07;17451;13087;1198826;627250;43.1;22.5
27;2021-06-08;19677;15333;1218503;642583;43.8;23.1
27;2021-06-09;19047;12487;1237550;655070;44.5;23.5
27;2021-06-10;19008;13894;1256558;668964;45.2;24.0
27;2021-06-11;18122;17087;1274680;686051;45.8;24.7
27;2021-06-12;9469;7840;1284149;693891;46.1;24.9
27;2021-06-13;943;950;1285092;694841;46.2;25.0
27;2021-06-14;11066;17039;1296158;711880;46.6;25.6
27;2021-06-15;14170;17622;1310328;729502;47.1;26.2
27;2021-06-16;14689;15601;1325017;745103;47.6;26.8
27;2021-06-17;15167;17239;1340184;762342;48.2;27.4
27;2021-06-18;14791;20168;1354975;782510;48.7;28.1
27;2021-06-19;7667;8655;1362642;791165;49.0;28.4
27;2021-06-20;170;457;1362812;791622;49.0;28.4
27;2021-06-21;7764;19020;1370576;810642;49.2;29.1
27;2021-06-22;9575;24245;1380151;834887;49.6;30.0
27;2021-06-23;11259;19288;1391410;854175;50.0;30.7
27;2021-06-24;10492;17960;1401902;872135;50.4;31.3
27;2021-06-25;9373;26976;1411275;899111;50.7;32.3
27;2021-06-26;5077;15792;1416352;914903;50.9;32.9
27;2021-06-27;665;1883;1417017;916786;50.9;32.9
27;2021-06-28;6258;21941;1423275;938727;51.1;33.7
27;2021-06-29;7327;24458;1430602;963185;51.4;34.6
27;2021-06-30;9133;22571;1439735;985756;51.7;35.4
28;2020-12-27;0;0;0;0;0.0;0.0
28;2020-12-28;1;0;1;0;0.0;0.0
28;2020-12-29;2;0;3;0;0.0;0.0
28;2020-12-30;0;0;3;0;0.0;0.0
28;2020-12-31;1;0;4;0;0.0;0.0
28;2021-01-01;2;0;6;0;0.0;0.0
28;2021-01-02;1;0;7;0;0.0;0.0
28;2021-01-03;1;0;8;0;0.0;0.0
28;2021-01-04;16;0;24;0;0.0;0.0
28;2021-01-05;169;0;193;0;0.0;0.0
28;2021-01-06;1393;2;1586;2;0.0;0.0
28;2021-01-07;2599;9;4185;11;0.1;0.0
28;2021-01-08;3429;3;7614;14;0.2;0.0
28;2021-01-09;1331;3;8945;17;0.3;0.0
28;2021-01-10;705;1;9650;18;0.3;0.0
28;2021-01-11;3179;4;12829;22;0.4;0.0
28;2021-01-12;3978;3;16807;25;0.5;0.0
28;2021-01-13;4303;7;21110;32;0.6;0.0
28;2021-01-14;8098;73;29208;105;0.9;0.0
28;2021-01-15;6219;25;35427;130;1.1;0.0
28;2021-01-16;2086;9;37513;139;1.1;0.0
28;2021-01-17;4071;24;41584;163;1.3;0.0
28;2021-01-18;8784;17;50368;180;1.5;0.0
28;2021-01-19;7146;13;57514;193;1.7;0.0
28;2021-01-20;6507;11;64021;204;1.9;0.0
28;2021-01-21;5994;9;70015;213;2.1;0.0
28;2021-01-22;5440;12;75455;225;2.3;0.0
28;2021-01-23;2021;8;77476;233;2.3;0.0
28;2021-01-24;1448;10;78924;243;2.4;0.0
28;2021-01-25;6239;179;85163;422;2.6;0.0
28;2021-01-26;4576;394;89739;816;2.7;0.0
28;2021-01-27;4034;765;93773;1581;2.8;0.0
28;2021-01-28;3757;1047;97530;2628;3.0;0.1
28;2021-01-29;3490;1305;101020;3933;3.1;0.1
28;2021-01-30;1386;517;102406;4450;3.1;0.1
28;2021-01-31;195;126;102601;4576;3.1;0.1
28;2021-02-01;2782;1659;105383;6235;3.2;0.2
28;2021-02-02;2987;2392;108370;8627;3.3;0.3
28;2021-02-03;2951;2670;111321;11297;3.4;0.3
28;2021-02-04;3730;5206;115051;16503;3.5;0.5
28;2021-02-05;3888;4390;118939;20893;3.6;0.6
28;2021-02-06;1140;1549;120079;22442;3.6;0.7
28;2021-02-07;715;1975;120794;24417;3.7;0.7
28;2021-02-08;3805;6858;124599;31275;3.8;0.9
28;2021-02-09;3463;6030;128062;37305;3.9;1.1
28;2021-02-10;3459;5075;131521;42380;4.0;1.3
28;2021-02-11;4213;4898;135734;47278;4.1;1.4
28;2021-02-12;4046;4618;139780;51896;4.2;1.6
28;2021-02-13;1129;1580;140909;53476;4.3;1.6
28;2021-02-14;286;1387;141195;54863;4.3;1.7
28;2021-02-15;2219;6282;143414;61145;4.3;1.9
28;2021-02-16;2667;5663;146081;66808;4.4;2.0
28;2021-02-17;1973;4550;148054;71358;4.5;2.2
28;2021-02-18;2579;4291;150633;75649;4.6;2.3
28;2021-02-19;2558;3715;153191;79364;4.6;2.4
28;2021-02-20;946;1258;154137;80622;4.7;2.4
28;2021-02-21;105;414;154242;81036;4.7;2.5
28;2021-02-22;1677;4226;155919;85262;4.7;2.6
28;2021-02-23;2183;3836;158102;89098;4.8;2.7
28;2021-02-24;2382;3891;160484;92989;4.9;2.8
28;2021-02-25;4780;4195;165264;97184;5.0;2.9
28;2021-02-26;5970;3737;171234;100921;5.2;3.1
28;2021-02-27;3010;1030;174244;101951;5.3;3.1
28;2021-02-28;341;386;174585;102337;5.3;3.1
28;2021-03-01;2534;4657;177119;106994;5.4;3.2
28;2021-03-02;3904;4102;181023;111096;5.5;3.4
28;2021-03-03;4807;3480;185830;114576;5.6;3.5
28;2021-03-04;7309;2860;193139;117436;5.8;3.6
28;2021-03-05;10152;2499;203291;119935;6.2;3.6
28;2021-03-06;9808;796;213099;120731;6.5;3.7
28;2021-03-07;3772;126;216871;120857;6.6;3.7
28;2021-03-08;5869;3277;222740;124134;6.7;3.8
28;2021-03-09;9293;2816;232033;126950;7.0;3.8
28;2021-03-10;9810;2442;241843;129392;7.3;3.9
28;2021-03-11;13966;2016;255809;131408;7.7;4.0
28;2021-03-12;17998;1557;273807;132965;8.3;4.0
28;2021-03-13;11151;527;284958;133492;8.6;4.0
28;2021-03-14;2260;99;287218;133591;8.7;4.0
28;2021-03-15;8652;869;295870;134460;9.0;4.1
28;2021-03-16;7494;1186;303364;135646;9.2;4.1
28;2021-03-17;7721;1193;311085;136839;9.4;4.1
28;2021-03-18;8171;1372;319256;138211;9.7;4.2
28;2021-03-19;11572;1458;330828;139669;10.0;4.2
28;2021-03-20;9672;539;340500;140208;10.3;4.2
28;2021-03-21;2409;22;342909;140230;10.4;4.2
28;2021-03-22;9393;1631;352302;141861;10.7;4.3
28;2021-03-23;12489;1508;364791;143369;11.0;4.3
28;2021-03-24;13257;1596;378048;144965;11.4;4.4
28;2021-03-25;17627;1817;395675;146782;12.0;4.4
28;2021-03-26;20838;1885;416513;148667;12.6;4.5
28;2021-03-27;11505;1127;428018;149794;13.0;4.5
28;2021-03-28;2967;91;430985;149885;13.0;4.5
28;2021-03-29;11775;2960;442760;152845;13.4;4.6
28;2021-03-30;14421;3076;457181;155921;13.8;4.7
28;2021-03-31;14399;3566;471580;159487;14.3;4.8
28;2021-04-01;18054;5535;489634;165022;14.8;5.0
28;2021-04-02;16833;6366;506467;171388;15.3;5.2
28;2021-04-03;7008;3966;513475;175354;15.5;5.3
28;2021-04-04;1784;796;515259;176150;15.6;5.3
28;2021-04-05;3291;735;518550;176885;15.7;5.4
28;2021-04-06;10827;7370;529377;184255;16.0;5.6
28;2021-04-07;12700;6954;542077;191209;16.4;5.8
28;2021-04-08;17691;7533;559768;198742;16.9;6.0
28;2021-04-09;23859;7816;583627;206558;17.7;6.3
28;2021-04-10;13840;4118;597467;210676;18.1;6.4
28;2021-04-11;3030;1192;600497;211868;18.2;6.4
28;2021-04-12;13795;8026;614292;219894;18.6;6.7
28;2021-04-13;16196;8044;630488;227938;19.1;6.9
28;2021-04-14;14349;8016;644837;235954;19.5;7.1
28;2021-04-15;17239;8386;662076;244340;20.0;7.4
28;2021-04-16;20290;7824;682366;252164;20.7;7.6
28;2021-04-17;12759;5030;695125;257194;21.0;7.8
28;2021-04-18;2290;1239;697415;258433;21.1;7.8
28;2021-04-19;10890;8854;708305;267287;21.4;8.1
28;2021-04-20;13919;9764;722224;277051;21.9;8.4
28;2021-04-21;13310;9980;735534;287031;22.3;8.7
28;2021-04-22;15309;11894;750843;298925;22.7;9.0
28;2021-04-23;16456;12297;767299;311222;23.2;9.4
28;2021-04-24;12586;7267;779885;318489;23.6;9.6
28;2021-04-25;3300;1915;783185;320404;23.7;9.7
28;2021-04-26;12547;10187;795732;330591;24.1;10.0
28;2021-04-27;14878;11735;810610;342326;24.5;10.4
28;2021-04-28;15059;10697;825669;353023;25.0;10.7
28;2021-04-29;18464;11771;844133;364794;25.6;11.0
28;2021-04-30;20384;11889;864517;376683;26.2;11.4
28;2021-05-01;12815;2972;877332;379655;26.6;11.5
28;2021-05-02;5995;1835;883327;381490;26.7;11.5
28;2021-05-03;12866;9995;896193;391485;27.1;11.9
28;2021-05-04;13824;13126;910017;404611;27.5;12.2
28;2021-05-05;13990;14462;924007;419073;28.0;12.7
28;2021-05-06;18332;15085;942339;434158;28.5;13.1
28;2021-05-07;17853;17367;960192;451525;29.1;13.7
28;2021-05-08;12627;4702;972819;456227;29.4;13.8
28;2021-05-09;7146;1825;979965;458052;29.7;13.9
28;2021-05-10;14230;14791;994195;472843;30.1;14.3
28;2021-05-11;18142;15326;1012337;488169;30.6;14.8
28;2021-05-12;18807;13967;1031144;502136;31.2;15.2
28;2021-05-13;19683;3735;1050827;505871;31.8;15.3
28;2021-05-14;26366;12518;1077193;518389;32.6;15.7
28;2021-05-15;26938;7108;1104131;525497;33.4;15.9
28;2021-05-16;14147;1578;1118278;527075;33.9;16.0
28;2021-05-17;16224;9442;1134502;536517;34.3;16.2
28;2021-05-18;21104;8766;1155606;545283;35.0;16.5
28;2021-05-19;20950;8492;1176556;553775;35.6;16.8
28;2021-05-20;23148;9664;1199704;563439;36.3;17.1
28;2021-05-21;21484;12072;1221188;575511;37.0;17.4
28;2021-05-22;17603;5988;1238791;581499;37.5;17.6
28;2021-05-23;9123;934;1247914;582433;37.8;17.6
28;2021-05-24;13422;3171;1261336;585604;38.2;17.7
28;2021-05-25;19173;11578;1280509;597182;38.8;18.1
28;2021-05-26;19317;10002;1299826;607184;39.3;18.4
28;2021-05-27;21752;12370;1321578;619554;40.0;18.8
28;2021-05-28;21615;16511;1343193;636065;40.7;19.3
28;2021-05-29;17588;10157;1360781;646222;41.2;19.6
28;2021-05-30;6270;1273;1367051;647495;41.4;19.6
28;2021-05-31;19886;11921;1386937;659416;42.0;20.0
28;2021-06-01;23733;13835;1410670;673251;42.7;20.4
28;2021-06-02;20844;12301;1431514;685552;43.3;20.8
28;2021-06-03;26471;14660;1457985;700212;44.1;21.2
28;2021-06-04;24586;18928;1482571;719140;44.9;21.8
28;2021-06-05;18365;12075;1500936;731215;45.4;22.1
28;2021-06-06;7664;2410;1508600;733625;45.7;22.2
28;2021-06-07;19243;14167;1527843;747792;46.2;22.6
28;2021-06-08;22634;15539;1550477;763331;46.9;23.1
28;2021-06-09;19748;14665;1570225;777996;47.5;23.6
28;2021-06-10;21202;14775;1591427;792771;48.2;24.0
28;2021-06-11;21027;21131;1612454;813902;48.8;24.6
28;2021-06-12;17915;17131;1630369;831033;49.4;25.2
28;2021-06-13;6342;5886;1636711;836919;49.5;25.3
28;2021-06-14;13906;17722;1650617;854641;50.0;25.9
28;2021-06-15;16226;18716;1666843;873357;50.5;26.4
28;2021-06-16;16703;18562;1683546;891919;51.0;27.0
28;2021-06-17;17233;20494;1700779;912413;51.5;27.6
28;2021-06-18;18521;24413;1719300;936826;52.0;28.4
28;2021-06-19;14793;15800;1734093;952626;52.5;28.8
28;2021-06-20;4984;5127;1739077;957753;52.6;29.0
28;2021-06-21;11337;20740;1750414;978493;53.0;29.6
28;2021-06-22;12747;23856;1763161;1002349;53.4;30.3
28;2021-06-23;11939;23582;1775100;1025931;53.7;31.1
28;2021-06-24;12645;24453;1787745;1050384;54.1;31.8
28;2021-06-25;12402;29415;1800147;1079799;54.5;32.7
28;2021-06-26;9208;23404;1809355;1103203;54.8;33.4
28;2021-06-27;2909;10109;1812264;1113312;54.9;33.7
28;2021-06-28;8175;22897;1820439;1136209;55.1;34.4
28;2021-06-29;9884;26088;1830323;1162297;55.4;35.2
28;2021-06-30;11289;24168;1841612;1186465;55.7;35.9
32;2020-12-27;1;0;1;0;0.0;0.0
32;2020-12-28;27;0;28;0;0.0;0.0
32;2020-12-29;12;0;40;0;0.0;0.0
32;2020-12-30;0;0;40;0;0.0;0.0
32;2020-12-31;0;0;40;0;0.0;0.0
32;2021-01-01;1;0;41;0;0.0;0.0
32;2021-01-02;6;0;47;0;0.0;0.0
32;2021-01-03;4;0;51;0;0.0;0.0
32;2021-01-04;82;0;133;0;0.0;0.0
32;2021-01-05;300;0;433;0;0.0;0.0
32;2021-01-06;787;2;1220;2;0.0;0.0
32;2021-01-07;2431;4;3651;6;0.1;0.0
32;2021-01-08;3166;9;6817;15;0.1;0.0
32;2021-01-09;957;3;7774;18;0.1;0.0
32;2021-01-10;641;0;8415;18;0.1;0.0
32;2021-01-11;3269;6;11684;24;0.2;0.0
32;2021-01-12;5018;7;16702;31;0.3;0.0
32;2021-01-13;4947;11;21649;42;0.4;0.0
32;2021-01-14;5725;44;27374;86;0.5;0.0
32;2021-01-15;5230;28;32604;114;0.5;0.0
32;2021-01-16;1636;12;34240;126;0.6;0.0
32;2021-01-17;860;3;35100;129;0.6;0.0
32;2021-01-18;7234;21;42334;150;0.7;0.0
32;2021-01-19;9899;38;52233;188;0.9;0.0
32;2021-01-20;10355;30;62588;218;1.0;0.0
32;2021-01-21;12708;46;75296;264;1.3;0.0
32;2021-01-22;9878;28;85174;292;1.4;0.0
32;2021-01-23;3411;4;88585;296;1.5;0.0
32;2021-01-24;1119;3;89704;299;1.5;0.0
32;2021-01-25;6865;86;96569;385;1.6;0.0
32;2021-01-26;7447;184;104016;569;1.7;0.0
32;2021-01-27;4837;513;108853;1082;1.8;0.0
32;2021-01-28;8599;1690;117452;2772;2.0;0.0
32;2021-01-29;5385;1860;122837;4632;2.1;0.1
32;2021-01-30;534;413;123371;5045;2.1;0.1
32;2021-01-31;67;74;123438;5119;2.1;0.1
32;2021-02-01;192;1816;123630;6935;2.1;0.1
32;2021-02-02;788;3167;124418;10102;2.1;0.2
32;2021-02-03;4076;3190;128494;13292;2.2;0.2
32;2021-02-04;3685;3620;132179;16912;2.2;0.3
32;2021-02-05;1964;3279;134143;20191;2.2;0.3
32;2021-02-06;517;875;134660;21066;2.3;0.4
32;2021-02-07;540;101;135200;21167;2.3;0.4
32;2021-02-08;1870;3680;137070;24847;2.3;0.4
32;2021-02-09;2556;4366;139626;29213;2.3;0.5
32;2021-02-10;2987;5343;142613;34556;2.4;0.6
32;2021-02-11;4800;6199;147413;40755;2.5;0.7
32;2021-02-12;5098;4675;152511;45430;2.6;0.8
32;2021-02-13;940;1894;153451;47324;2.6;0.8
32;2021-02-14;116;711;153567;48035;2.6;0.8
32;2021-02-15;3623;6925;157190;54960;2.6;0.9
32;2021-02-16;4039;8236;161229;63196;2.7;1.1
32;2021-02-17;4308;8695;165537;71891;2.8;1.2
32;2021-02-18;7049;11425;172586;83316;2.9;1.4
32;2021-02-19;7093;8314;179679;91630;3.0;1.5
32;2021-02-20;2523;3014;182202;94644;3.1;1.6
32;2021-02-21;434;491;182636;95135;3.1;1.6
32;2021-02-22;3266;5333;185902;100468;3.1;1.7
32;2021-02-23;5512;5924;191414;106392;3.2;1.8
32;2021-02-24;7446;6075;198860;112467;3.3;1.9
32;2021-02-25;12833;5045;211693;117512;3.6;2.0
32;2021-02-26;12539;2903;224232;120415;3.8;2.0
32;2021-02-27;6486;321;230718;120736;3.9;2.0
32;2021-02-28;365;134;231083;120870;3.9;2.0
32;2021-03-01;7246;867;238329;121737;4.0;2.0
32;2021-03-02;10960;1002;249289;122739;4.2;2.1
32;2021-03-03;11992;1752;261281;124491;4.4;2.1
32;2021-03-04;15104;2457;276385;126948;4.6;2.1
32;2021-03-05;17128;2122;293513;129070;4.9;2.2
32;2021-03-06;28099;1071;321612;130141;5.4;2.2
32;2021-03-07;19865;505;341477;130646;5.7;2.2
32;2021-03-08;8925;2571;350402;133217;5.9;2.2
32;2021-03-09;14300;3319;364702;136536;6.1;2.3
32;2021-03-10;15772;3245;380474;139781;6.4;2.3
32;2021-03-11;20929;4746;401403;144527;6.7;2.4
32;2021-03-12;26096;4272;427499;148799;7.2;2.5
32;2021-03-13;41634;2053;469133;150852;7.9;2.5
32;2021-03-14;20101;597;489234;151449;8.2;2.5
32;2021-03-15;13056;3610;502290;155059;8.4;2.6
32;2021-03-16;9800;3477;512090;158536;8.6;2.7
32;2021-03-17;9721;4106;521811;162642;8.8;2.7
32;2021-03-18;10018;5016;531829;167658;8.9;2.8
32;2021-03-19;17947;3832;549776;171490;9.2;2.9
32;2021-03-20;36503;1990;586279;173480;9.8;2.9
32;2021-03-21;19847;792;606126;174272;10.2;2.9
32;2021-03-22;12159;4296;618285;178568;10.4;3.0
32;2021-03-23;18936;5943;637221;184511;10.7;3.1
32;2021-03-24;17917;6159;655138;190670;11.0;3.2
32;2021-03-25;25308;5725;680446;196395;11.4;3.3
32;2021-03-26;28995;5924;709441;202319;11.9;3.4
32;2021-03-27;36669;2178;746110;204497;12.5;3.4
32;2021-03-28;18642;637;764752;205134;12.8;3.4
32;2021-03-29;14594;7035;779346;212169;13.1;3.6
32;2021-03-30;18887;8662;798233;220831;13.4;3.7
32;2021-03-31;15808;9312;814041;230143;13.7;3.9
32;2021-04-01;18226;11047;832267;241190;14.0;4.0
32;2021-04-02;19979;12577;852246;253767;14.3;4.3
32;2021-04-03;30043;10180;882289;263947;14.8;4.4
32;2021-04-04;11664;4735;893953;268682;15.0;4.5
32;2021-04-05;9597;2336;903550;271018;15.2;4.5
32;2021-04-06;14297;10870;917847;281888;15.4;4.7
32;2021-04-07;18094;12584;935941;294472;15.7;4.9
32;2021-04-08;23518;12969;959459;307441;16.1;5.2
32;2021-04-09;29943;13155;989402;320596;16.6;5.4
32;2021-04-10;26158;18800;1015560;339396;17.0;5.7
32;2021-04-11;9148;12011;1024708;351407;17.2;5.9
32;2021-04-12;15404;9501;1040112;360908;17.4;6.1
32;2021-04-13;21810;11580;1061922;372488;17.8;6.2
32;2021-04-14;22494;11127;1084416;383615;18.2;6.4
32;2021-04-15;25730;11140;1110146;394755;18.6;6.6
32;2021-04-16;25312;12458;1135458;407213;19.0;6.8
32;2021-04-17;17985;22978;1153443;430191;19.3;7.2
32;2021-04-18;6397;14042;1159840;444233;19.5;7.5
32;2021-04-19;11671;9795;1171511;454028;19.6;7.6
32;2021-04-20;16416;12267;1187927;466295;19.9;7.8
32;2021-04-21;15797;12540;1203724;478835;20.2;8.0
32;2021-04-22;19041;15004;1222765;493839;20.5;8.3
32;2021-04-23;19657;15959;1242422;509798;20.8;8.5
32;2021-04-24;15467;21026;1257889;530824;21.1;8.9
32;2021-04-25;6975;12282;1264864;543106;21.2;9.1
32;2021-04-26;13220;10722;1278084;553828;21.4;9.3
32;2021-04-27;18696;14103;1296780;567931;21.7;9.5
32;2021-04-28;20202;16046;1316982;583977;22.1;9.8
32;2021-04-29;22404;19936;1339386;603913;22.5;10.1
32;2021-04-30;25022;21560;1364408;625473;22.9;10.5
32;2021-05-01;23040;13935;1387448;639408;23.3;10.7
32;2021-05-02;20956;10336;1408404;649744;23.6;10.9
32;2021-05-03;21946;11292;1430350;661036;24.0;11.1
32;2021-05-04;23854;16275;1454204;677311;24.4;11.4
32;2021-05-05;23947;17409;1478151;694720;24.8;11.7
32;2021-05-06;25756;19877;1503907;714597;25.2;12.0
32;2021-05-07;30761;21490;1534668;736087;25.7;12.3
32;2021-05-08;34590;9072;1569258;745159;26.3;12.5
32;2021-05-09;26806;6504;1596064;751663;26.8;12.6
32;2021-05-10;24268;16119;1620332;767782;27.2;12.9
32;2021-05-11;31345;19035;1651677;786817;27.7;13.2
32;2021-05-12;37313;18819;1688990;805636;28.3;13.5
32;2021-05-13;40530;7348;1729520;812984;29.0;13.6
32;2021-05-14;41791;14614;1771311;827598;29.7;13.9
32;2021-05-15;59676;12194;1830987;839792;30.7;14.1
32;2021-05-16;47889;4881;1878876;844673;31.5;14.2
32;2021-05-17;31484;10963;1910360;855636;32.0;14.3
32;2021-05-18;36893;12494;1947253;868130;32.7;14.6
32;2021-05-19;38913;11581;1986166;879711;33.3;14.8
32;2021-05-20;39802;14918;2025968;894629;34.0;15.0
32;2021-05-21;42364;16977;2068332;911606;34.7;15.3
32;2021-05-22;57773;13078;2126105;924684;35.7;15.5
32;2021-05-23;38919;4394;2165024;929078;36.3;15.6
32;2021-05-24;28449;3833;2193473;932911;36.8;15.6
32;2021-05-25;31095;14876;2224568;947787;37.3;15.9
32;2021-05-26;34053;16756;2258621;964543;37.9;16.2
32;2021-05-27;34660;20661;2293281;985204;38.5;16.5
32;2021-05-28;34309;25155;2327590;1010359;39.0;16.9
32;2021-05-29;37429;19639;2365019;1029998;39.7;17.3
32;2021-05-30;16105;3512;2381124;1033510;39.9;17.3
32;2021-05-31;27961;16499;2409085;1050009;40.4;17.6
32;2021-06-01;32835;23967;2441920;1073976;41.0;18.0
32;2021-06-02;32286;21665;2474206;1095641;41.5;18.4
32;2021-06-03;34318;25067;2508524;1120708;42.1;18.8
32;2021-06-04;35877;27720;2544401;1148428;42.7;19.3
32;2021-06-05;34382;22783;2578783;1171211;43.2;19.6
32;2021-06-06;16522;5723;2595305;1176934;43.5;19.7
32;2021-06-07;21178;19362;2616483;1196296;43.9;20.1
32;2021-06-08;26298;24343;2642781;1220639;44.3;20.5
32;2021-06-09;24370;24392;2667151;1245031;44.7;20.9
32;2021-06-10;24971;26464;2692122;1271495;45.1;21.3
32;2021-06-11;26344;36064;2718466;1307559;45.6;21.9
32;2021-06-12;25983;31520;2744449;1339079;46.0;22.5
32;2021-06-13;11811;14811;2756260;1353890;46.2;22.7
32;2021-06-14;13224;28044;2769484;1381934;46.4;23.2
32;2021-06-15;19605;34594;2789089;1416528;46.8;23.8
32;2021-06-16;20494;32444;2809583;1448972;47.1;24.3
32;2021-06-17;21412;34950;2830995;1483922;47.5;24.9
32;2021-06-18;21557;42589;2852552;1526511;47.8;25.6
32;2021-06-19;22572;43817;2875124;1570328;48.2;26.3
32;2021-06-20;9218;19111;2884342;1589439;48.4;26.7
32;2021-06-21;11378;34850;2895720;1624289;48.6;27.2
32;2021-06-22;13693;41774;2909413;1666063;48.8;27.9
32;2021-06-23;14257;43512;2923670;1709575;49.0;28.7
32;2021-06-24;15330;45745;2939000;1755320;49.3;29.4
32;2021-06-25;14731;53369;2953731;1808689;49.5;30.3
32;2021-06-26;14967;59517;2968698;1868206;49.8;31.3
32;2021-06-27;7464;33861;2976162;1902067;49.9;31.9
32;2021-06-28;10360;39006;2986522;1941073;50.1;32.6
32;2021-06-29;13508;44527;3000030;1985600;50.3;33.3
32;2021-06-30;15110;43817;3015140;2029417;50.6;34.0
44;2020-12-27;0;0;0;0;0.0;0.0
44;2020-12-28;0;0;0;0;0.0;0.0
44;2020-12-29;0;0;0;0;0.0;0.0
44;2020-12-30;0;0;0;0;0.0;0.0
44;2020-12-31;11;0;11;0;0.0;0.0
44;2021-01-01;1;0;12;0;0.0;0.0
44;2021-01-02;3;0;15;0;0.0;0.0
44;2021-01-03;3;0;18;0;0.0;0.0
44;2021-01-04;243;0;261;0;0.0;0.0
44;2021-01-05;771;0;1032;0;0.0;0.0
44;2021-01-06;1248;3;2280;3;0.0;0.0
44;2021-01-07;2426;4;4706;7;0.1;0.0
44;2021-01-08;3132;9;7838;16;0.1;0.0
44;2021-01-09;945;1;8783;17;0.2;0.0
44;2021-01-10;239;0;9022;17;0.2;0.0
44;2021-01-11;2991;7;12013;24;0.2;0.0
44;2021-01-12;5280;9;17293;33;0.3;0.0
44;2021-01-13;7665;19;24958;52;0.5;0.0
44;2021-01-14;9553;83;34511;135;0.6;0.0
44;2021-01-15;6702;28;41213;163;0.7;0.0
44;2021-01-16;1917;10;43130;173;0.8;0.0
44;2021-01-17;902;1;44032;174;0.8;0.0
44;2021-01-18;8717;27;52749;201;1.0;0.0
44;2021-01-19;10667;17;63416;218;1.2;0.0
44;2021-01-20;11029;46;74445;264;1.4;0.0
44;2021-01-21;11731;27;86176;291;1.6;0.0
44;2021-01-22;9634;32;95810;323;1.7;0.0
44;2021-01-23;3287;20;99097;343;1.8;0.0
44;2021-01-24;1568;5;100665;348;1.8;0.0
44;2021-01-25;6634;304;107299;652;1.9;0.0
44;2021-01-26;5643;434;112942;1086;2.0;0.0
44;2021-01-27;7382;602;120324;1688;2.2;0.0
44;2021-01-28;8833;1251;129157;2939;2.3;0.1
44;2021-01-29;6759;1803;135916;4742;2.5;0.1
44;2021-01-30;2551;495;138467;5237;2.5;0.1
44;2021-01-31;1252;55;139719;5292;2.5;0.1
44;2021-02-01;6388;2381;146107;7673;2.7;0.1
44;2021-02-02;6215;3812;152322;11485;2.8;0.2
44;2021-02-03;5598;4556;157920;16041;2.9;0.3
44;2021-02-04;6445;6969;164365;23010;3.0;0.4
44;2021-02-05;6396;5236;170761;28246;3.1;0.5
44;2021-02-06;1975;1205;172736;29451;3.1;0.5
44;2021-02-07;406;595;173142;30046;3.1;0.5
44;2021-02-08;3825;4468;176967;34514;3.2;0.6
44;2021-02-09;5719;5850;182686;40364;3.3;0.7
44;2021-02-10;6255;6048;188941;46412;3.4;0.8
44;2021-02-11;7066;6572;196007;52984;3.6;1.0
44;2021-02-12;7281;5557;203288;58541;3.7;1.1
44;2021-02-13;2548;1256;205836;59797;3.7;1.1
44;2021-02-14;1614;825;207450;60622;3.8;1.1
44;2021-02-15;4006;7212;211456;67834;3.8;1.2
44;2021-02-16;4590;7963;216046;75797;3.9;1.4
44;2021-02-17;4727;8536;220773;84333;4.0;1.5
44;2021-02-18;6075;9279;226848;93612;4.1;1.7
44;2021-02-19;5552;7512;232400;101124;4.2;1.8
44;2021-02-20;2344;2841;234744;103965;4.3;1.9
44;2021-02-21;542;1402;235286;105367;4.3;1.9
44;2021-02-22;4490;7032;239776;112399;4.4;2.0
44;2021-02-23;6035;7273;245811;119672;4.5;2.2
44;2021-02-24;6610;5945;252421;125617;4.6;2.3
44;2021-02-25;10542;7567;262963;133184;4.8;2.4
44;2021-02-26;12383;6372;275346;139556;5.0;2.5
44;2021-02-27;7888;2170;283234;141726;5.1;2.6
44;2021-02-28;2118;520;285352;142246;5.2;2.6
44;2021-03-01;6086;4675;291438;146921;5.3;2.7
44;2021-03-02;9399;5669;300837;152590;5.5;2.8
44;2021-03-03;11276;5600;312113;158190;5.7;2.9
44;2021-03-04;13265;5799;325378;163989;5.9;3.0
44;2021-03-05;17889;5704;343267;169693;6.2;3.1
44;2021-03-06;21355;2176;364622;171869;6.6;3.1
44;2021-03-07;12204;751;376826;172620;6.8;3.1
44;2021-03-08;9413;4268;386239;176888;7.0;3.2
44;2021-03-09;15206;4975;401445;181863;7.3;3.3
44;2021-03-10;16609;5195;418054;187058;7.6;3.4
44;2021-03-11;20350;5678;438404;192736;8.0;3.5
44;2021-03-12;26809;5538;465213;198274;8.4;3.6
44;2021-03-13;24217;2419;489430;200693;8.9;3.6
44;2021-03-14;6768;882;496198;201575;9.0;3.7
44;2021-03-15;12963;3473;509161;205048;9.2;3.7
44;2021-03-16;12848;3978;522009;209026;9.5;3.8
44;2021-03-17;14200;3642;536209;212668;9.7;3.9
44;2021-03-18;15419;3790;551628;216458;10.0;3.9
44;2021-03-19;21417;3912;573045;220370;10.4;4.0
44;2021-03-20;15568;1961;588613;222331;10.7;4.0
44;2021-03-21;4619;290;593232;222621;10.8;4.0
44;2021-03-22;12522;3918;605754;226539;11.0;4.1
44;2021-03-23;19445;5075;625199;231614;11.3;4.2
44;2021-03-24;22051;5197;647250;236811;11.7;4.3
44;2021-03-25;28195;5784;675445;242595;12.3;4.4
44;2021-03-26;30437;5487;705882;248082;12.8;4.5
44;2021-03-27;16230;4701;722112;252783;13.1;4.6
44;2021-03-28;4080;1977;726192;254760;13.2;4.6
44;2021-03-29;14317;6122;740509;260882;13.4;4.7
44;2021-03-30;21405;7826;761914;268708;13.8;4.9
44;2021-03-31;20130;8003;782044;276711;14.2;5.0
44;2021-04-01;23555;9343;805599;286054;14.6;5.2
44;2021-04-02;16241;6905;821840;292959;14.9;5.3
44;2021-04-03;10194;5763;832034;298722;15.1;5.4
44;2021-04-04;3137;1651;835171;300373;15.2;5.4
44;2021-04-05;4425;1415;839596;301788;15.2;5.5
44;2021-04-06;13429;10550;853025;312338;15.5;5.7
44;2021-04-07;17669;12100;870694;324438;15.8;5.9
44;2021-04-08;26015;12406;896709;336844;16.3;6.1
44;2021-04-09;32250;12746;928959;349590;16.9;6.3
44;2021-04-10;18252;10059;947211;359649;17.2;6.5
44;2021-04-11;3036;5962;950247;365611;17.2;6.6
44;2021-04-12;16967;11233;967214;376844;17.5;6.8
44;2021-04-13;21983;13767;989197;390611;17.9;7.1
44;2021-04-14;23128;14059;1012325;404670;18.4;7.3
44;2021-04-15;26298;15363;1038623;420033;18.8;7.6
44;2021-04-16;28107;15201;1066730;435234;19.4;7.9
44;2021-04-17;19823;9040;1086553;444274;19.7;8.1
44;2021-04-18;5050;4628;1091603;448902;19.8;8.1
44;2021-04-19;16947;11732;1108550;460634;20.1;8.4
44;2021-04-20;19125;14286;1127675;474920;20.5;8.6
44;2021-04-21;21147;14950;1148822;489870;20.8;8.9
44;2021-04-22;23713;15877;1172535;505747;21.3;9.2
44;2021-04-23;27826;16558;1200361;522305;21.8;9.5
44;2021-04-24;16989;9153;1217350;531458;22.1;9.6
44;2021-04-25;4827;3560;1222177;535018;22.2;9.7
44;2021-04-26;16711;12003;1238888;547021;22.5;9.9
44;2021-04-27;21159;14615;1260047;561636;22.9;10.2
44;2021-04-28;23792;14792;1283839;576428;23.3;10.5
44;2021-04-29;28157;16955;1311996;593383;23.8;10.8
44;2021-04-30;33123;16006;1345119;609389;24.4;11.1
44;2021-05-01;14849;7015;1359968;616404;24.7;11.2
44;2021-05-02;7898;3990;1367866;620394;24.8;11.3
44;2021-05-03;24007;12357;1391873;632751;25.3;11.5
44;2021-05-04;26979;17246;1418852;649997;25.7;11.8
44;2021-05-05;30814;19122;1449666;669119;26.3;12.1
44;2021-05-06;38021;21059;1487687;690178;27.0;12.5
44;2021-05-07;36154;24768;1523841;714946;27.6;13.0
44;2021-05-08;19570;6699;1543411;721645;28.0;13.1
44;2021-05-09;11303;2903;1554714;724548;28.2;13.1
44;2021-05-10;24513;20739;1579227;745287;28.7;13.5
44;2021-05-11;34464;22868;1613691;768155;29.3;13.9
44;2021-05-12;37150;23972;1650841;792127;30.0;14.4
44;2021-05-13;27885;6359;1678726;798486;30.5;14.5
44;2021-05-14;44226;18869;1722952;817355;31.3;14.8
44;2021-05-15;34041;14079;1756993;831434;31.9;15.1
44;2021-05-16;15603;3505;1772596;834939;32.2;15.1
44;2021-05-17;27225;14511;1799821;849450;32.7;15.4
44;2021-05-18;35353;15245;1835174;864695;33.3;15.7
44;2021-05-19;37024;16330;1872198;881025;34.0;16.0
44;2021-05-20;40892;16423;1913090;897448;34.7;16.3
44;2021-05-21;42882;20859;1955972;918307;35.5;16.7
44;2021-05-22;27685;11550;1983657;929857;36.0;16.9
44;2021-05-23;8665;1714;1992322;931571;36.1;16.9
44;2021-05-24;17909;4641;2010231;936212;36.5;17.0
44;2021-05-25;30242;17581;2040473;953793;37.0;17.3
44;2021-05-26;32397;19471;2072870;973264;37.6;17.7
44;2021-05-27;34560;20773;2107430;994037;38.2;18.0
44;2021-05-28;37505;27775;2144935;1021812;38.9;18.5
44;2021-05-29;26794;20102;2171729;1041914;39.4;18.9
44;2021-05-30;6130;4203;2177859;1046117;39.5;19.0
44;2021-05-31;27033;19650;2204892;1065767;40.0;19.3
44;2021-06-01;31574;22847;2236466;1088614;40.6;19.8
44;2021-06-02;33624;22864;2270090;1111478;41.2;20.2
44;2021-06-03;34558;25259;2304648;1136737;41.8;20.6
44;2021-06-04;39946;32157;2344594;1168894;42.5;21.2
44;2021-06-05;23052;20084;2367646;1188978;43.0;21.6
44;2021-06-06;8306;4451;2375952;1193429;43.1;21.7
44;2021-06-07;28105;22053;2404057;1215482;43.6;22.1
44;2021-06-08;33043;26649;2437100;1242131;44.2;22.5
44;2021-06-09;35626;24859;2472726;1266990;44.9;23.0
44;2021-06-10;34539;25579;2507265;1292569;45.5;23.5
44;2021-06-11;32338;35372;2539603;1327941;46.1;24.1
44;2021-06-12;25671;23430;2565274;1351371;46.5;24.5
44;2021-06-13;6765;6058;2572039;1357429;46.7;24.6
44;2021-06-14;17609;29546;2589648;1386975;47.0;25.2
44;2021-06-15;23591;34939;2613239;1421914;47.4;25.8
44;2021-06-16;24301;36581;2637540;1458495;47.9;26.5
44;2021-06-17;23766;39220;2661306;1497715;48.3;27.2
44;2021-06-18;26435;42941;2687741;1540656;48.8;28.0
44;2021-06-19;21021;28174;2708762;1568830;49.1;28.5
44;2021-06-20;3672;6646;2712434;1575476;49.2;28.6
44;2021-06-21;14819;34024;2727253;1609500;49.5;29.2
44;2021-06-22;15454;41529;2742707;1651029;49.8;30.0
44;2021-06-23;20067;41298;2762774;1692327;50.1;30.7
44;2021-06-24;16546;34199;2779320;1726526;50.4;31.3
44;2021-06-25;18873;49401;2798193;1775927;50.8;32.2
44;2021-06-26;14033;37302;2812226;1813229;51.0;32.9
44;2021-06-27;3330;11533;2815556;1824762;51.1;33.1
44;2021-06-28;11341;37363;2826897;1862125;51.3;33.8
44;2021-06-29;12107;41717;2839004;1903842;51.5;34.5
44;2021-06-30;14712;43142;2853716;1946984;51.8;35.3
52;2020-12-27;0;0;0;0;0.0;0.0
52;2020-12-28;1;0;1;0;0.0;0.0
52;2020-12-29;0;0;1;0;0.0;0.0
52;2020-12-30;0;0;1;0;0.0;0.0
52;2020-12-31;0;0;1;0;0.0;0.0
52;2021-01-01;5;0;6;0;0.0;0.0
52;2021-01-02;1;0;7;0;0.0;0.0
52;2021-01-03;1;0;8;0;0.0;0.0
52;2021-01-04;34;0;42;0;0.0;0.0
52;2021-01-05;168;0;210;0;0.0;0.0
52;2021-01-06;384;1;594;1;0.0;0.0
52;2021-01-07;964;0;1558;1;0.0;0.0
52;2021-01-08;1664;3;3222;4;0.1;0.0
52;2021-01-09;1049;2;4271;6;0.1;0.0
52;2021-01-10;643;1;4914;7;0.1;0.0
52;2021-01-11;2197;0;7111;7;0.2;0.0
52;2021-01-12;3169;4;10280;11;0.3;0.0
52;2021-01-13;2983;4;13263;15;0.3;0.0
52;2021-01-14;3303;25;16566;40;0.4;0.0
52;2021-01-15;3017;10;19583;50;0.5;0.0
52;2021-01-16;894;7;20477;57;0.5;0.0
52;2021-01-17;499;3;20976;60;0.6;0.0
52;2021-01-18;3201;6;24177;66;0.6;0.0
52;2021-01-19;6553;9;30730;75;0.8;0.0
52;2021-01-20;8336;12;39066;87;1.0;0.0
52;2021-01-21;12169;12;51235;99;1.3;0.0
52;2021-01-22;7274;30;58509;129;1.5;0.0
52;2021-01-23;1677;5;60186;134;1.6;0.0
52;2021-01-24;174;0;60360;134;1.6;0.0
52;2021-01-25;3006;13;63366;147;1.7;0.0
52;2021-01-26;6738;153;70104;300;1.8;0.0
52;2021-01-27;7288;151;77392;451;2.0;0.0
52;2021-01-28;9729;469;87121;920;2.3;0.0
52;2021-01-29;5958;909;93079;1829;2.4;0.0
52;2021-01-30;1259;271;94338;2100;2.5;0.1
52;2021-01-31;79;314;94417;2414;2.5;0.1
52;2021-02-01;2523;1189;96940;3603;2.5;0.1
52;2021-02-02;2973;1856;99913;5459;2.6;0.1
52;2021-02-03;2692;2156;102605;7615;2.7;0.2
52;2021-02-04;2968;2112;105573;9727;2.8;0.3
52;2021-02-05;2965;2206;108538;11933;2.9;0.3
52;2021-02-06;1075;662;109613;12595;2.9;0.3
52;2021-02-07;151;297;109764;12892;2.9;0.3
52;2021-02-08;1932;2118;111696;15010;2.9;0.4
52;2021-02-09;3175;3722;114871;18732;3.0;0.5
52;2021-02-10;3322;4762;118193;23494;3.1;0.6
52;2021-02-11;6104;9303;124297;32797;3.3;0.9
52;2021-02-12;4709;5146;129006;37943;3.4;1.0
52;2021-02-13;1150;1244;130156;39187;3.4;1.0
52;2021-02-14;22;541;130178;39728;3.4;1.0
52;2021-02-15;2038;3528;132216;43256;3.5;1.1
52;2021-02-16;4135;6756;136351;50012;3.6;1.3
52;2021-02-17;3882;6945;140233;56957;3.7;1.5
52;2021-02-18;6148;9294;146381;66251;3.9;1.7
52;2021-02-19;5336;5842;151717;72093;4.0;1.9
52;2021-02-20;1032;1472;152749;73565;4.0;1.9
52;2021-02-21;7;274;152756;73839;4.0;1.9
52;2021-02-22;2652;3487;155408;77326;4.1;2.0
52;2021-02-23;3429;3699;158837;81025;4.2;2.1
52;2021-02-24;3311;3037;162148;84062;4.3;2.2
52;2021-02-25;6349;3217;168497;87279;4.4;2.3
52;2021-02-26;6221;2924;174718;90203;4.6;2.4
52;2021-02-27;2218;1046;176936;91249;4.7;2.4
52;2021-02-28;76;88;177012;91337;4.7;2.4
52;2021-03-01;3118;2330;180130;93667;4.7;2.5
52;2021-03-02;4730;3435;184860;97102;4.9;2.6
52;2021-03-03;5285;3413;190145;100515;5.0;2.6
52;2021-03-04;7797;4777;197942;105292;5.2;2.8
52;2021-03-05;9013;3934;206955;109226;5.4;2.9
52;2021-03-06;5640;1155;212595;110381;5.6;2.9
52;2021-03-07;2661;137;215256;110518;5.7;2.9
52;2021-03-08;5855;2415;221111;112933;5.8;3.0
52;2021-03-09;9556;3333;230667;116266;6.1;3.1
52;2021-03-10;9396;3402;240063;119668;6.3;3.1
52;2021-03-11;13580;5062;253643;124730;6.7;3.3
52;2021-03-12;15339;3753;268982;128483;7.1;3.4
52;2021-03-13;8293;763;277275;129246;7.3;3.4
52;2021-03-14;624;73;277899;129319;7.3;3.4
52;2021-03-15;8838;1913;286737;131232;7.5;3.5
52;2021-03-16;7578;2616;294315;133848;7.7;3.5
52;2021-03-17;6466;2379;300781;136227;7.9;3.6
52;2021-03-18;8308;2510;309089;138737;8.1;3.6
52;2021-03-19;11893;2132;320982;140869;8.4;3.7
52;2021-03-20;7085;765;328067;141634;8.6;3.7
52;2021-03-21;1689;48;329756;141682;8.7;3.7
52;2021-03-22;9015;2013;338771;143695;8.9;3.8
52;2021-03-23;13183;2601;351954;146296;9.3;3.8
52;2021-03-24;13260;2043;365214;148339;9.6;3.9
52;2021-03-25;18201;2812;383415;151151;10.1;4.0
52;2021-03-26;18934;2379;402349;153530;10.6;4.0
52;2021-03-27;7555;654;409904;154184;10.8;4.1
52;2021-03-28;2193;67;412097;154251;10.8;4.1
52;2021-03-29;10977;2718;423074;156969;11.1;4.1
52;2021-03-30;15685;3610;438759;160579;11.5;4.2
52;2021-03-31;13696;3281;452455;163860;11.9;4.3
52;2021-04-01;18885;3695;471340;167555;12.4;4.4
52;2021-04-02;17088;3517;488428;171072;12.8;4.5
52;2021-04-03;5520;1190;493948;172262;13.0;4.5
52;2021-04-04;1324;51;495272;172313;13.0;4.5
52;2021-04-05;1781;538;497053;172851;13.1;4.5
52;2021-04-06;11800;5254;508853;178105;13.4;4.7
52;2021-04-07;15200;5697;524053;183802;13.8;4.8
52;2021-04-08;21228;6390;545281;190192;14.3;5.0
52;2021-04-09;26643;5303;571924;195495;15.0;5.1
52;2021-04-10;10120;2362;582044;197857;15.3;5.2
52;2021-04-11;2567;434;584611;198291;15.4;5.2
52;2021-04-12;16348;6568;600959;204859;15.8;5.4
52;2021-04-13;20755;8159;621714;213018;16.4;5.6
52;2021-04-14;17665;6915;639379;219933;16.8;5.8
52;2021-04-15;21168;8019;660547;227952;17.4;6.0
52;2021-04-16;22609;7469;683156;235421;18.0;6.2
52;2021-04-17;9977;3032;693133;238453;18.2;6.3
52;2021-04-18;3038;1306;696171;239759;18.3;6.3
52;2021-04-19;14191;7807;710362;247566;18.7;6.5
52;2021-04-20;18288;9383;728650;256949;19.2;6.8
52;2021-04-21;16002;9158;744652;266107;19.6;7.0
52;2021-04-22;19425;10151;764077;276258;20.1;7.3
52;2021-04-23;20550;9951;784627;286209;20.6;7.5
52;2021-04-24;10026;4977;794653;291186;20.9;7.7
52;2021-04-25;3990;1947;798643;293133;21.0;7.7
52;2021-04-26;16852;9894;815495;303027;21.5;8.0
52;2021-04-27;21082;12550;836577;315577;22.0;8.3
52;2021-04-28;22779;10650;859356;326227;22.6;8.6
52;2021-04-29;25027;12670;884383;338897;23.3;8.9
52;2021-04-30;25654;12482;910037;351379;23.9;9.2
52;2021-05-01;8614;2478;918651;353857;24.2;9.3
52;2021-05-02;4300;1270;922951;355127;24.3;9.3
52;2021-05-03;19071;10618;942022;365745;24.8;9.6
52;2021-05-04;20115;14371;962137;380116;25.3;10.0
52;2021-05-05;20881;12753;983018;392869;25.9;10.3
52;2021-05-06;22494;13828;1005512;406697;26.4;10.7
52;2021-05-07;20723;18011;1026235;424708;27.0;11.2
52;2021-05-08;11228;2082;1037463;426790;27.3;11.2
52;2021-05-09;5410;2225;1042873;429015;27.4;11.3
52;2021-05-10;20806;17267;1063679;446282;28.0;11.7
52;2021-05-11;24940;19531;1088619;465813;28.6;12.3
52;2021-05-12;24839;17090;1113458;482903;29.3;12.7
52;2021-05-13;18582;2745;1132040;485648;29.8;12.8
52;2021-05-14;22771;12417;1154811;498065;30.4;13.1
52;2021-05-15;15658;5212;1170469;503277;30.8;13.2
52;2021-05-16;10287;1160;1180756;504437;31.1;13.3
52;2021-05-17;21170;14648;1201926;519085;31.6;13.7
52;2021-05-18;24936;14973;1226862;534058;32.3;14.0
52;2021-05-19;26887;11436;1253749;545494;33.0;14.3
52;2021-05-20;29386;11996;1283135;557490;33.8;14.7
52;2021-05-21;27429;13832;1310564;571322;34.5;15.0
52;2021-05-22;15440;4713;1326004;576035;34.9;15.2
52;2021-05-23;4473;1145;1330477;577180;35.0;15.2
52;2021-05-24;16008;2760;1346485;579940;35.4;15.3
52;2021-05-25;24490;14502;1370975;594442;36.1;15.6
52;2021-05-26;25208;12637;1396183;607079;36.7;16.0
52;2021-05-27;29113;14800;1425296;621879;37.5;16.4
52;2021-05-28;27980;17831;1453276;639710;38.2;16.8
52;2021-05-29;18343;7770;1471619;647480;38.7;17.0
52;2021-05-30;4236;1714;1475855;649194;38.8;17.1
52;2021-05-31;24452;15856;1500307;665050;39.5;17.5
52;2021-06-01;28863;17787;1529170;682837;40.2;18.0
52;2021-06-02;27516;15196;1556686;698033;40.9;18.4
52;2021-06-03;31733;16276;1588419;714309;41.8;18.8
52;2021-06-04;29238;20723;1617657;735032;42.5;19.3
52;2021-06-05;14544;11796;1632201;746828;42.9;19.6
52;2021-06-06;4778;3530;1636979;750358;43.1;19.7
52;2021-06-07;21733;20872;1658712;771230;43.6;20.3
52;2021-06-08;26453;22028;1685165;793258;44.3;20.9
52;2021-06-09;25678;18616;1710843;811874;45.0;21.4
52;2021-06-10;28743;17590;1739586;829464;45.8;21.8
52;2021-06-11;26972;24317;1766558;853781;46.5;22.5
52;2021-06-12;14596;11845;1781154;865626;46.9;22.8
52;2021-06-13;4383;4518;1785537;870144;47.0;22.9
52;2021-06-14;17614;25396;1803151;895540;47.4;23.6
52;2021-06-15;23720;25325;1826871;920865;48.1;24.2
52;2021-06-16;23295;22469;1850166;943334;48.7;24.8
52;2021-06-17;25937;23084;1876103;966418;49.3;25.4
52;2021-06-18;23250;28718;1899353;995136;50.0;26.2
52;2021-06-19;12435;14244;1911788;1009380;50.3;26.6
52;2021-06-20;3017;4417;1914805;1013797;50.4;26.7
52;2021-06-21;14852;28882;1929657;1042679;50.8;27.4
52;2021-06-22;17407;31778;1947064;1074457;51.2;28.3
52;2021-06-23;18445;26991;1965509;1101448;51.7;29.0
52;2021-06-24;21009;24074;1986518;1125522;52.3;29.6
52;2021-06-25;16636;31264;2003154;1156786;52.7;30.4
52;2021-06-26;8440;18081;2011594;1174867;52.9;30.9
52;2021-06-27;1336;7441;2012930;1182308;52.9;31.1
52;2021-06-28;10656;31107;2023586;1213415;53.2;31.9
52;2021-06-29;13744;34395;2037330;1247810;53.6;32.8
52;2021-06-30;13796;28913;2051126;1276723;54.0;33.6
53;2020-12-27;0;0;0;0;0.0;0.0
53;2020-12-28;0;0;0;0;0.0;0.0
53;2020-12-29;0;0;0;0;0.0;0.0
53;2020-12-30;0;0;0;0;0.0;0.0
53;2020-12-31;0;0;0;0;0.0;0.0
53;2021-01-01;3;0;3;0;0.0;0.0
53;2021-01-02;4;0;7;0;0.0;0.0
53;2021-01-03;0;0;7;0;0.0;0.0
53;2021-01-04;43;0;50;0;0.0;0.0
53;2021-01-05;200;0;250;0;0.0;0.0
53;2021-01-06;331;1;581;1;0.0;0.0
53;2021-01-07;835;1;1416;2;0.0;0.0
53;2021-01-08;1213;1;2629;3;0.1;0.0
53;2021-01-09;34;0;2663;3;0.1;0.0
53;2021-01-10;4;0;2667;3;0.1;0.0
53;2021-01-11;1661;3;4328;6;0.1;0.0
53;2021-01-12;3380;1;7708;7;0.2;0.0
53;2021-01-13;3355;5;11063;12;0.3;0.0
53;2021-01-14;3814;30;14877;42;0.4;0.0
53;2021-01-15;3297;17;18174;59;0.5;0.0
53;2021-01-16;684;4;18858;63;0.6;0.0
53;2021-01-17;180;1;19038;64;0.6;0.0
53;2021-01-18;3364;7;22402;71;0.7;0.0
53;2021-01-19;8179;7;30581;78;0.9;0.0
53;2021-01-20;7060;4;37641;82;1.1;0.0
53;2021-01-21;11485;8;49126;90;1.5;0.0
53;2021-01-22;7814;13;56940;103;1.7;0.0
53;2021-01-23;1492;2;58432;105;1.7;0.0
53;2021-01-24;255;1;58687;106;1.8;0.0
53;2021-01-25;3056;35;61743;141;1.8;0.0
53;2021-01-26;4114;232;65857;373;2.0;0.0
53;2021-01-27;7240;324;73097;697;2.2;0.0
53;2021-01-28;7134;643;80231;1340;2.4;0.0
53;2021-01-29;4231;729;84462;2069;2.5;0.1
53;2021-01-30;844;43;85306;2112;2.6;0.1
53;2021-01-31;79;3;85385;2115;2.6;0.1
53;2021-02-01;2214;1026;87599;3141;2.6;0.1
53;2021-02-02;3439;2017;91038;5158;2.7;0.2
53;2021-02-03;3175;2185;94213;7343;2.8;0.2
53;2021-02-04;7097;2269;101310;9612;3.0;0.3
53;2021-02-05;5588;2134;106898;11746;3.2;0.4
53;2021-02-06;1201;276;108099;12022;3.2;0.4
53;2021-02-07;215;131;108314;12153;3.2;0.4
53;2021-02-08;1655;1531;109969;13684;3.3;0.4
53;2021-02-09;3981;5257;113950;18941;3.4;0.6
53;2021-02-10;3791;4651;117741;23592;3.5;0.7
53;2021-02-11;5739;8791;123480;32383;3.7;1.0
53;2021-02-12;5663;5254;129143;37637;3.9;1.1
53;2021-02-13;1232;852;130375;38489;3.9;1.2
53;2021-02-14;25;348;130400;38837;3.9;1.2
53;2021-02-15;2325;3586;132725;42423;4.0;1.3
53;2021-02-16;4055;3543;136780;45966;4.1;1.4
53;2021-02-17;4077;5373;140857;51339;4.2;1.5
53;2021-02-18;5954;5744;146811;57083;4.4;1.7
53;2021-02-19;5361;4857;152172;61940;4.6;1.9
53;2021-02-20;1190;892;153362;62832;4.6;1.9
53;2021-02-21;166;218;153528;63050;4.6;1.9
53;2021-02-22;2319;2835;155847;65885;4.7;2.0
53;2021-02-23;3953;3671;159800;69556;4.8;2.1
53;2021-02-24;4476;3787;164276;73343;4.9;2.2
53;2021-02-25;7960;7141;172236;80484;5.2;2.4
53;2021-02-26;8684;4410;180920;84894;5.4;2.5
53;2021-02-27;3452;1103;184372;85997;5.5;2.6
53;2021-02-28;228;194;184600;86191;5.5;2.6
53;2021-03-01;3486;2266;188086;88457;5.6;2.6
53;2021-03-02;5619;4463;193705;92920;5.8;2.8
53;2021-03-03;6451;3789;200156;96709;6.0;2.9
53;2021-03-04;9288;4926;209444;101635;6.3;3.0
53;2021-03-05;11924;5211;221368;106846;6.6;3.2
53;2021-03-06;5638;1021;227006;107867;6.8;3.2
53;2021-03-07;913;146;227919;108013;6.8;3.2
53;2021-03-08;5169;2212;233088;110225;7.0;3.3
53;2021-03-09;9670;2931;242758;113156;7.3;3.4
53;2021-03-10;9285;3369;252043;116525;7.5;3.5
53;2021-03-11;14307;4053;266350;120578;8.0;3.6
53;2021-03-12;18611;3262;284961;123840;8.5;3.7
53;2021-03-13;8814;948;293775;124788;8.8;3.7
53;2021-03-14;812;50;294587;124838;8.8;3.7
53;2021-03-15;6894;2035;301481;126873;9.0;3.8
53;2021-03-16;7007;3386;308488;130259;9.2;3.9
53;2021-03-17;8259;2798;316747;133057;9.5;4.0
53;2021-03-18;8729;4649;325476;137706;9.7;4.1
53;2021-03-19;13025;3618;338501;141324;10.1;4.2
53;2021-03-20;7132;817;345633;142141;10.3;4.3
53;2021-03-21;383;32;346016;142173;10.4;4.3
53;2021-03-22;7350;2162;353366;144335;10.6;4.3
53;2021-03-23;13003;3662;366369;147997;11.0;4.4
53;2021-03-24;14410;3236;380779;151233;11.4;4.5
53;2021-03-25;18289;3369;399068;154602;11.9;4.6
53;2021-03-26;20322;3204;419390;157806;12.6;4.7
53;2021-03-27;7408;1013;426798;158819;12.8;4.8
53;2021-03-28;528;84;427326;158903;12.8;4.8
53;2021-03-29;9803;3162;437129;162065;13.1;4.9
53;2021-03-30;15321;4593;452450;166658;13.5;5.0
53;2021-03-31;14156;4261;466606;170919;14.0;5.1
53;2021-04-01;18204;4268;484810;175187;14.5;5.2
53;2021-04-02;17903;4348;502713;179535;15.0;5.4
53;2021-04-03;6432;1427;509145;180962;15.2;5.4
53;2021-04-04;413;33;509558;180995;15.3;5.4
53;2021-04-05;1233;337;510791;181332;15.3;5.4
53;2021-04-06;12544;5670;523335;187002;15.7;5.6
53;2021-04-07;15032;5329;538367;192331;16.1;5.8
53;2021-04-08;20691;6092;559058;198423;16.7;5.9
53;2021-04-09;26652;5572;585710;203995;17.5;6.1
53;2021-04-10;10336;1723;596046;205718;17.8;6.2
53;2021-04-11;817;213;596863;205931;17.9;6.2
53;2021-04-12;15834;4910;612697;210841;18.3;6.3
53;2021-04-13;22700;7254;635397;218095;19.0;6.5
53;2021-04-14;19358;7917;654755;226012;19.6;6.8
53;2021-04-15;25372;8055;680127;234067;20.4;7.0
53;2021-04-16;26193;7536;706320;241603;21.1;7.2
53;2021-04-17;10406;3577;716726;245180;21.5;7.3
53;2021-04-18;1033;149;717759;245329;21.5;7.3
53;2021-04-19;15408;6529;733167;251858;21.9;7.5
53;2021-04-20;16936;9508;750103;261366;22.5;7.8
53;2021-04-21;16753;9436;766856;270802;23.0;8.1
53;2021-04-22;21763;10177;788619;280979;23.6;8.4
53;2021-04-23;21664;10078;810283;291057;24.3;8.7
53;2021-04-24;9991;4164;820274;295221;24.6;8.8
53;2021-04-25;906;333;821180;295554;24.6;8.8
53;2021-04-26;18261;8471;839441;304025;25.1;9.1
53;2021-04-27;19876;12053;859317;316078;25.7;9.5
53;2021-04-28;19952;10809;879269;326887;26.3;9.8
53;2021-04-29;23561;12279;902830;339166;27.0;10.2
53;2021-04-30;23906;12438;926736;351604;27.7;10.5
53;2021-05-01;5124;1636;931860;353240;27.9;10.6
53;2021-05-02;2794;521;934654;353761;28.0;10.6
53;2021-05-03;15721;9374;950375;363135;28.5;10.9
53;2021-05-04;15697;15794;966072;378929;28.9;11.3
53;2021-05-05;14947;14686;981019;393615;29.4;11.8
53;2021-05-06;19266;17844;1000285;411459;29.9;12.3
53;2021-05-07;18659;18211;1018944;429670;30.5;12.9
53;2021-05-08;5488;1120;1024432;430790;30.7;12.9
53;2021-05-09;3511;861;1027943;431651;30.8;12.9
53;2021-05-10;16688;15219;1044631;446870;31.3;13.4
53;2021-05-11;18687;18725;1063318;465595;31.8;13.9
53;2021-05-12;21221;15630;1084539;481225;32.5;14.4
53;2021-05-13;9027;3954;1093566;485179;32.7;14.5
53;2021-05-14;21724;13737;1115290;498916;33.4;14.9
53;2021-05-15;13432;5338;1128722;504254;33.8;15.1
53;2021-05-16;3224;877;1131946;505131;33.9;15.1
53;2021-05-17;18230;11167;1150176;516298;34.4;15.5
53;2021-05-18;21074;12406;1171250;528704;35.1;15.8
53;2021-05-19;21768;10629;1193018;539333;35.7;16.1
53;2021-05-20;23909;14720;1216927;554053;36.4;16.6
53;2021-05-21;22906;15225;1239833;569278;37.1;17.0
53;2021-05-22;13167;5839;1253000;575117;37.5;17.2
53;2021-05-23;2979;310;1255979;575427;37.6;17.2
53;2021-05-24;13965;2497;1269944;577924;38.0;17.3
53;2021-05-25;19994;12810;1289938;590734;38.6;17.7
53;2021-05-26;19309;13779;1309247;604513;39.2;18.1
53;2021-05-27;22069;17411;1331316;621924;39.9;18.6
53;2021-05-28;21791;20399;1353107;642323;40.5;19.2
53;2021-05-29;12157;7330;1365264;649653;40.9;19.4
53;2021-05-30;2311;472;1367575;650125;40.9;19.5
53;2021-05-31;20726;14088;1388301;664213;41.6;19.9
53;2021-06-01;23005;16464;1411306;680677;42.2;20.4
53;2021-06-02;21824;14212;1433130;694889;42.9;20.8
53;2021-06-03;25067;16854;1458197;711743;43.7;21.3
53;2021-06-04;23097;22568;1481294;734311;44.3;22.0
53;2021-06-05;17314;9002;1498608;743313;44.9;22.3
53;2021-06-06;4998;1325;1503606;744638;45.0;22.3
53;2021-06-07;18411;17790;1522017;762428;45.6;22.8
53;2021-06-08;23373;18043;1545390;780471;46.3;23.4
53;2021-06-09;23623;15875;1569013;796346;47.0;23.8
53;2021-06-10;26793;16874;1595806;813220;47.8;24.3
53;2021-06-11;26199;21432;1622005;834652;48.6;25.0
53;2021-06-12;18606;7510;1640611;842162;49.1;25.2
53;2021-06-13;7796;3119;1648407;845281;49.3;25.3
53;2021-06-14;16044;19799;1664451;865080;49.8;25.9
53;2021-06-15;20064;20956;1684515;886036;50.4;26.5
53;2021-06-16;21178;18532;1705693;904568;51.1;27.1
53;2021-06-17;21894;20094;1727587;924662;51.7;27.7
53;2021-06-18;22245;25644;1749832;950306;52.4;28.4
53;2021-06-19;12842;9608;1762674;959914;52.8;28.7
53;2021-06-20;5453;2680;1768127;962594;52.9;28.8
53;2021-06-21;14609;22351;1782736;984945;53.4;29.5
53;2021-06-22;16994;24915;1799730;1009860;53.9;30.2
53;2021-06-23;16752;23519;1816482;1033379;54.4;30.9
53;2021-06-24;19043;21844;1835525;1055223;54.9;31.6
53;2021-06-25;15508;29030;1851033;1084253;55.4;32.5
53;2021-06-26;7143;13964;1858176;1098217;55.6;32.9
53;2021-06-27;3892;3313;1862068;1101530;55.7;33.0
53;2021-06-28;9677;24199;1871745;1125729;56.0;33.7
53;2021-06-29;11684;27223;1883429;1152952;56.4;34.5
53;2021-06-30;12203;26538;1895632;1179490;56.7;35.3
75;2020-12-27;1;0;1;0;0.0;0.0
75;2020-12-28;2;0;3;0;0.0;0.0
75;2020-12-29;3;0;6;0;0.0;0.0
75;2020-12-30;2;0;8;0;0.0;0.0
75;2020-12-31;0;0;8;0;0.0;0.0
75;2021-01-01;4;0;12;0;0.0;0.0
75;2021-01-02;2;0;14;0;0.0;0.0
75;2021-01-03;0;0;14;0;0.0;0.0
75;2021-01-04;90;0;104;0;0.0;0.0
75;2021-01-05;124;0;228;0;0.0;0.0
75;2021-01-06;736;1;964;1;0.0;0.0
75;2021-01-07;4923;2;5887;3;0.1;0.0
75;2021-01-08;5468;6;11355;9;0.2;0.0
75;2021-01-09;845;1;12200;10;0.2;0.0
75;2021-01-10;479;0;12679;10;0.2;0.0
75;2021-01-11;3585;1;16264;11;0.3;0.0
75;2021-01-12;5950;6;22214;17;0.4;0.0
75;2021-01-13;6553;15;28767;32;0.5;0.0
75;2021-01-14;8123;63;36890;95;0.6;0.0
75;2021-01-15;7630;33;44520;128;0.7;0.0
75;2021-01-16;1607;14;46127;142;0.8;0.0
75;2021-01-17;425;6;46552;148;0.8;0.0
75;2021-01-18;6888;32;53440;180;0.9;0.0
75;2021-01-19;14054;13;67494;193;1.1;0.0
75;2021-01-20;15537;27;83031;220;1.4;0.0
75;2021-01-21;16967;21;99998;241;1.7;0.0
75;2021-01-22;12973;23;112971;264;1.9;0.0
75;2021-01-23;4421;3;117392;267;2.0;0.0
75;2021-01-24;700;1;118092;268;2.0;0.0
75;2021-01-25;8871;219;126963;487;2.1;0.0
75;2021-01-26;11723;454;138686;941;2.3;0.0
75;2021-01-27;12279;770;150965;1711;2.5;0.0
75;2021-01-28;12944;2658;163909;4369;2.7;0.1
75;2021-01-29;10008;2984;173917;7353;2.9;0.1
75;2021-01-30;3379;516;177296;7869;3.0;0.1
75;2021-01-31;646;420;177942;8289;3.0;0.1
75;2021-02-01;5718;2639;183660;10928;3.1;0.2
75;2021-02-02;9615;4355;193275;15283;3.2;0.3
75;2021-02-03;9605;4374;202880;19657;3.4;0.3
75;2021-02-04;10769;5680;213649;25337;3.6;0.4
75;2021-02-05;7490;5637;221139;30974;3.7;0.5
75;2021-02-06;2381;1105;223520;32079;3.7;0.5
75;2021-02-07;673;252;224193;32331;3.7;0.5
75;2021-02-08;5139;3651;229332;35982;3.8;0.6
75;2021-02-09;7317;8080;236649;44062;3.9;0.7
75;2021-02-10;7580;8739;244229;52801;4.1;0.9
75;2021-02-11;8897;10268;253126;63069;4.2;1.1
75;2021-02-12;7442;8754;260568;71823;4.3;1.2
75;2021-02-13;1953;1761;262521;73584;4.4;1.2
75;2021-02-14;274;364;262795;73948;4.4;1.2
75;2021-02-15;3199;7832;265994;81780;4.4;1.4
75;2021-02-16;4632;10527;270626;92307;4.5;1.5
75;2021-02-17;4771;11298;275397;103605;4.6;1.7
75;2021-02-18;5467;12835;280864;116440;4.7;1.9
75;2021-02-19;5433;9632;286297;126072;4.8;2.1
75;2021-02-20;991;2632;287288;128704;4.8;2.1
75;2021-02-21;188;665;287476;129369;4.8;2.2
75;2021-02-22;3662;8508;291138;137877;4.9;2.3
75;2021-02-23;5367;10946;296505;148823;4.9;2.5
75;2021-02-24;6141;10285;302646;159108;5.0;2.7
75;2021-02-25;10071;11716;312717;170824;5.2;2.8
75;2021-02-26;12281;8868;324998;179692;5.4;3.0
75;2021-02-27;5788;2487;330786;182179;5.5;3.0
75;2021-02-28;312;694;331098;182873;5.5;3.0
75;2021-03-01;5105;7006;336203;189879;5.6;3.2
75;2021-03-02;9361;8170;345564;198049;5.8;3.3
75;2021-03-03;10843;7770;356407;205819;5.9;3.4
75;2021-03-04;16748;8176;373155;213995;6.2;3.6
75;2021-03-05;20824;7459;393979;221454;6.6;3.7
75;2021-03-06;13419;2237;407398;223691;6.8;3.7
75;2021-03-07;3723;467;411121;224158;6.9;3.7
75;2021-03-08;10003;5385;421124;229543;7.0;3.8
75;2021-03-09;16868;6495;437992;236038;7.3;3.9
75;2021-03-10;18266;6313;456258;242351;7.6;4.0
75;2021-03-11;26445;6687;482703;249038;8.0;4.2
75;2021-03-12;31318;5282;514021;254320;8.6;4.2
75;2021-03-13;17865;1205;531886;255525;8.9;4.3
75;2021-03-14;1717;250;533603;255775;8.9;4.3
75;2021-03-15;14085;3425;547688;259200;9.1;4.3
75;2021-03-16;13693;3712;561381;262912;9.4;4.4
75;2021-03-17;14766;3877;576147;266789;9.6;4.4
75;2021-03-18;16390;4689;592537;271478;9.9;4.5
75;2021-03-19;22451;4299;614988;275777;10.2;4.6
75;2021-03-20;14031;824;629019;276601;10.5;4.6
75;2021-03-21;2475;108;631494;276709;10.5;4.6
75;2021-03-22;16808;3465;648302;280174;10.8;4.7
75;2021-03-23;25289;3897;673591;284071;11.2;4.7
75;2021-03-24;27175;4311;700766;288382;11.7;4.8
75;2021-03-25;35674;4652;736440;293034;12.3;4.9
75;2021-03-26;38643;4186;775083;297220;12.9;5.0
75;2021-03-27;15719;1285;790802;298505;13.2;5.0
75;2021-03-28;2727;397;793529;298902;13.2;5.0
75;2021-03-29;22848;4153;816377;303055;13.6;5.1
75;2021-03-30;31681;5979;848058;309034;14.1;5.2
75;2021-03-31;29770;5936;877828;314970;14.6;5.2
75;2021-04-01;35035;6961;912863;321931;15.2;5.4
75;2021-04-02;32370;6877;945233;328808;15.8;5.5
75;2021-04-03;12848;2641;958081;331449;16.0;5.5
75;2021-04-04;2138;341;960219;331790;16.0;5.5
75;2021-04-05;6369;604;966588;332394;16.1;5.5
75;2021-04-06;26401;10836;992989;343230;16.5;5.7
75;2021-04-07;32396;11027;1025385;354257;17.1;5.9
75;2021-04-08;39633;12384;1065018;366641;17.8;6.1
75;2021-04-09;49283;10997;1114301;377638;18.6;6.3
75;2021-04-10;24458;4985;1138759;382623;19.0;6.4
75;2021-04-11;4970;723;1143729;383346;19.1;6.4
75;2021-04-12;27393;11855;1171122;395201;19.5;6.6
75;2021-04-13;35769;14344;1206891;409545;20.1;6.8
75;2021-04-14;35496;14497;1242387;424042;20.7;7.1
75;2021-04-15;37726;15071;1280113;439113;21.3;7.3
75;2021-04-16;37164;15139;1317277;454252;22.0;7.6
75;2021-04-17;19584;7393;1336861;461645;22.3;7.7
75;2021-04-18;4077;2056;1340938;463701;22.3;7.7
75;2021-04-19;20929;14955;1361867;478656;22.7;8.0
75;2021-04-20;28518;19113;1390385;497769;23.2;8.3
75;2021-04-21;27869;18089;1418254;515858;23.6;8.6
75;2021-04-22;30409;19691;1448663;535549;24.1;8.9
75;2021-04-23;29107;20253;1477770;555802;24.6;9.3
75;2021-04-24;17017;9147;1494787;564949;24.9;9.4
75;2021-04-25;4598;1502;1499385;566451;25.0;9.4
75;2021-04-26;22337;19299;1521722;585750;25.4;9.8
75;2021-04-27;29224;24315;1550946;610065;25.8;10.2
75;2021-04-28;31298;24019;1582244;634084;26.4;10.6
75;2021-04-29;37287;26647;1619531;660731;27.0;11.0
75;2021-04-30;37785;25874;1657316;686605;27.6;11.4
75;2021-05-01;15685;5753;1673001;692358;27.9;11.5
75;2021-05-02;7261;2598;1680262;694956;28.0;11.6
75;2021-05-03;27272;21183;1707534;716139;28.5;11.9
75;2021-05-04;30377;29298;1737911;745437;29.0;12.4
75;2021-05-05;31537;30992;1769448;776429;29.5;12.9
75;2021-05-06;35988;32399;1805436;808828;30.1;13.5
75;2021-05-07;37473;34364;1842909;843192;30.7;14.1
75;2021-05-08;17725;8093;1860634;851285;31.0;14.2
75;2021-05-09;7317;4152;1867951;855437;31.1;14.3
75;2021-05-10;25247;29014;1893198;884451;31.6;14.7
75;2021-05-11;35630;32966;1928828;917417;32.1;15.3
75;2021-05-12;35668;30148;1964496;947565;32.7;15.8
75;2021-05-13;22729;7548;1987225;955113;33.1;15.9
75;2021-05-14;33941;20874;2021166;975987;33.7;16.3
75;2021-05-15;22963;11118;2044129;987105;34.1;16.5
75;2021-05-16;7426;2064;2051555;989169;34.2;16.5
75;2021-05-17;33967;19243;2085522;1008412;34.8;16.8
75;2021-05-18;42966;19964;2128488;1028376;35.5;17.1
75;2021-05-19;42889;17633;2171377;1046009;36.2;17.4
75;2021-05-20;46037;20384;2217414;1066393;37.0;17.8
75;2021-05-21;43018;21395;2260432;1087788;37.7;18.1
75;2021-05-22;23287;9805;2283719;1097593;38.1;18.3
75;2021-05-23;7811;1421;2291530;1099014;38.2;18.3
75;2021-05-24;18861;4072;2310391;1103086;38.5;18.4
75;2021-05-25;36900;20951;2347291;1124037;39.1;18.7
75;2021-05-26;38375;21491;2385666;1145528;39.8;19.1
75;2021-05-27;42973;27089;2428639;1172617;40.5;19.5
75;2021-05-28;38925;32288;2467564;1204905;41.1;20.1
75;2021-05-29;19674;18095;2487238;1223000;41.5;20.4
75;2021-05-30;5791;2282;2493029;1225282;41.6;20.4
75;2021-05-31;31681;23117;2524710;1248399;42.1;20.8
75;2021-06-01;41109;29593;2565819;1277992;42.8;21.3
75;2021-06-02;41455;28211;2607274;1306203;43.5;21.8
75;2021-06-03;47629;31222;2654903;1337425;44.2;22.3
75;2021-06-04;44421;36972;2699324;1374397;45.0;22.9
75;2021-06-05;24420;18538;2723744;1392935;45.4;23.2
75;2021-06-06;8735;4323;2732479;1397258;45.5;23.3
75;2021-06-07;31414;31549;2763893;1428807;46.1;23.8
75;2021-06-08;38463;35963;2802356;1464770;46.7;24.4
75;2021-06-09;39373;32942;2841729;1497712;47.4;25.0
75;2021-06-10;42956;31827;2884685;1529539;48.1;25.5
75;2021-06-11;40295;40325;2924980;1569864;48.7;26.2
75;2021-06-12;23204;21538;2948184;1591402;49.1;26.5
75;2021-06-13;8104;5657;2956288;1597059;49.3;26.6
75;2021-06-14;23982;37941;2980270;1635000;49.7;27.3
75;2021-06-15;33156;41693;3013426;1676693;50.2;27.9
75;2021-06-16;34670;37299;3048096;1713992;50.8;28.6
75;2021-06-17;36091;38586;3084187;1752578;51.4;29.2
75;2021-06-18;34728;45306;3118915;1797884;52.0;30.0
75;2021-06-19;20156;23253;3139071;1821137;52.3;30.4
75;2021-06-20;6217;5731;3145288;1826868;52.4;30.4
75;2021-06-21;21427;37339;3166715;1864207;52.8;31.1
75;2021-06-22;25251;43602;3191966;1907809;53.2;31.8
75;2021-06-23;26195;40812;3218161;1948621;53.6;32.5
75;2021-06-24;27843;35603;3246004;1984224;54.1;33.1
75;2021-06-25;24008;48629;3270012;2032853;54.5;33.9
75;2021-06-26;13613;26789;3283625;2059642;54.7;34.3
75;2021-06-27;4568;8572;3288193;2068214;54.8;34.5
75;2021-06-28;14843;44592;3303036;2112806;55.1;35.2
75;2021-06-29;18930;51674;3321966;2164480;55.4;36.1
75;2021-06-30;20231;47880;3342197;2212360;55.7;36.9
76;2020-12-27;0;0;0;0;0.0;0.0
76;2020-12-28;4;0;4;0;0.0;0.0
76;2020-12-29;0;0;4;0;0.0;0.0
76;2020-12-30;0;0;4;0;0.0;0.0
76;2020-12-31;1;0;5;0;0.0;0.0
76;2021-01-01;3;0;8;0;0.0;0.0
76;2021-01-02;2;0;10;0;0.0;0.0
76;2021-01-03;2;0;12;0;0.0;0.0
76;2021-01-04;59;1;71;1;0.0;0.0
76;2021-01-05;473;1;544;2;0.0;0.0
76;2021-01-06;784;2;1328;4;0.0;0.0
76;2021-01-07;2544;3;3872;7;0.1;0.0
76;2021-01-08;3215;2;7087;9;0.1;0.0
76;2021-01-09;1540;1;8627;10;0.1;0.0
76;2021-01-10;517;0;9144;10;0.2;0.0
76;2021-01-11;3528;9;12672;19;0.2;0.0
76;2021-01-12;5746;10;18418;29;0.3;0.0
76;2021-01-13;6476;14;24894;43;0.4;0.0
76;2021-01-14;9001;86;33895;129;0.6;0.0
76;2021-01-15;7254;33;41149;162;0.7;0.0
76;2021-01-16;1954;21;43103;183;0.7;0.0
76;2021-01-17;710;3;43813;186;0.7;0.0
76;2021-01-18;7705;21;51518;207;0.9;0.0
76;2021-01-19;11212;31;62730;238;1.1;0.0
76;2021-01-20;13732;26;76462;264;1.3;0.0
76;2021-01-21;16716;22;93178;286;1.6;0.0
76;2021-01-22;11927;34;105105;320;1.8;0.0
76;2021-01-23;3897;9;109002;329;1.8;0.0
76;2021-01-24;771;12;109773;341;1.9;0.0
76;2021-01-25;7829;98;117602;439;2.0;0.0
76;2021-01-26;10349;281;127951;720;2.2;0.0
76;2021-01-27;10849;485;138800;1205;2.3;0.0
76;2021-01-28;10148;1693;148948;2898;2.5;0.0
76;2021-01-29;8091;1989;157039;4887;2.7;0.1
76;2021-01-30;3186;771;160225;5658;2.7;0.1
76;2021-01-31;521;267;160746;5925;2.7;0.1
76;2021-02-01;5863;2601;166609;8526;2.8;0.1
76;2021-02-02;10061;4001;176670;12527;3.0;0.2
76;2021-02-03;9524;4068;186194;16595;3.1;0.3
76;2021-02-04;10111;5955;196305;22550;3.3;0.4
76;2021-02-05;7776;5025;204081;27575;3.4;0.5
76;2021-02-06;2698;1051;206779;28626;3.5;0.5
76;2021-02-07;542;498;207321;29124;3.5;0.5
76;2021-02-08;4842;4528;212163;33652;3.6;0.6
76;2021-02-09;6331;6821;218494;40473;3.7;0.7
76;2021-02-10;7185;9235;225679;49708;3.8;0.8
76;2021-02-11;9148;10733;234827;60441;4.0;1.0
76;2021-02-12;8053;7687;242880;68128;4.1;1.1
76;2021-02-13;2649;2270;245529;70398;4.1;1.2
76;2021-02-14;358;994;245887;71392;4.2;1.2
76;2021-02-15;3383;6470;249270;77862;4.2;1.3
76;2021-02-16;4248;8691;253518;86553;4.3;1.5
76;2021-02-17;4386;9650;257904;96203;4.4;1.6
76;2021-02-18;5899;9964;263803;106167;4.5;1.8
76;2021-02-19;4862;8113;268665;114280;4.5;1.9
76;2021-02-20;1538;3033;270203;117313;4.6;2.0
76;2021-02-21;265;595;270468;117908;4.6;2.0
76;2021-02-22;3291;7657;273759;125565;4.6;2.1
76;2021-02-23;4936;10233;278695;135798;4.7;2.3
76;2021-02-24;4657;10421;283352;146219;4.8;2.5
76;2021-02-25;8337;9903;291689;156122;4.9;2.6
76;2021-02-26;9654;8390;301343;164512;5.1;2.8
76;2021-02-27;3739;3094;305082;167606;5.1;2.8
76;2021-02-28;432;453;305514;168059;5.2;2.8
76;2021-03-01;5318;6145;310832;174204;5.2;2.9
76;2021-03-02;8237;7553;319069;181757;5.4;3.1
76;2021-03-03;9267;7489;328336;189246;5.5;3.2
76;2021-03-04;14344;7883;342680;197129;5.8;3.3
76;2021-03-05;16881;7117;359561;204246;6.1;3.4
76;2021-03-06;15888;2170;375449;206416;6.3;3.5
76;2021-03-07;11377;471;386826;206887;6.5;3.5
76;2021-03-08;9984;5532;396810;212419;6.7;3.6
76;2021-03-09;16242;6473;413052;218892;7.0;3.7
76;2021-03-10;16432;6495;429484;225387;7.2;3.8
76;2021-03-11;22608;6406;452092;231793;7.6;3.9
76;2021-03-12;26450;5265;478542;237058;8.1;4.0
76;2021-03-13;14935;2165;493477;239223;8.3;4.0
76;2021-03-14;2323;355;495800;239578;8.4;4.0
76;2021-03-15;13522;3299;509322;242877;8.6;4.1
76;2021-03-16;11762;4526;521084;247403;8.8;4.2
76;2021-03-17;12847;3967;533931;251370;9.0;4.2
76;2021-03-18;13711;4983;547642;256353;9.2;4.3
76;2021-03-19;18659;4015;566301;260368;9.6;4.4
76;2021-03-20;10662;1134;576963;261502;9.7;4.4
76;2021-03-21;3198;224;580161;261726;9.8;4.4
76;2021-03-22;14696;3585;594857;265311;10.0;4.5
76;2021-03-23;22254;4325;617111;269636;10.4;4.6
76;2021-03-24;23617;4202;640728;273838;10.8;4.6
76;2021-03-25;32022;4614;672750;278452;11.4;4.7
76;2021-03-26;30854;4080;703604;282532;11.9;4.8
76;2021-03-27;16240;1421;719844;283953;12.1;4.8
76;2021-03-28;4870;194;724714;284147;12.2;4.8
76;2021-03-29;22315;4883;747029;289030;12.6;4.9
76;2021-03-30;29736;5716;776765;294746;13.1;5.0
76;2021-03-31;26900;5593;803665;300339;13.6;5.1
76;2021-04-01;34472;5905;838137;306244;14.1;5.2
76;2021-04-02;29360;5779;867497;312023;14.6;5.3
76;2021-04-03;12163;2846;879660;314869;14.8;5.3
76;2021-04-04;4354;659;884014;315528;14.9;5.3
76;2021-04-05;4292;676;888306;316204;15.0;5.3
76;2021-04-06;22877;9736;911183;325940;15.4;5.5
76;2021-04-07;25291;9862;936474;335802;15.8;5.7
76;2021-04-08;33139;10230;969613;346032;16.4;5.8
76;2021-04-09;38915;9634;1008528;355666;17.0;6.0
76;2021-04-10;22714;5151;1031242;360817;17.4;6.1
76;2021-04-11;8861;1432;1040103;362249;17.6;6.1
76;2021-04-12;26059;10508;1066162;372757;18.0;6.3
76;2021-04-13;35812;12846;1101974;385603;18.6;6.5
76;2021-04-14;32892;13246;1134866;398849;19.2;6.7
76;2021-04-15;37485;13850;1172351;412699;19.8;7.0
76;2021-04-16;34444;13144;1206795;425843;20.4;7.2
76;2021-04-17;21398;6662;1228193;432505;20.7;7.3
76;2021-04-18;7717;2691;1235910;435196;20.9;7.3
76;2021-04-19;22075;12900;1257985;448096;21.2;7.6
76;2021-04-20;27985;16740;1285970;464836;21.7;7.8
76;2021-04-21;27041;16930;1313011;481766;22.2;8.1
76;2021-04-22;30391;17940;1343402;499706;22.7;8.4
76;2021-04-23;28728;16402;1372130;516108;23.2;8.7
76;2021-04-24;18512;10393;1390642;526501;23.5;8.9
76;2021-04-25;6936;4180;1397578;530681;23.6;9.0
76;2021-04-26;19967;18393;1417545;549074;23.9;9.3
76;2021-04-27;26750;21400;1444295;570474;24.4;9.6
76;2021-04-28;25930;20964;1470225;591438;24.8;10.0
76;2021-04-29;29750;23195;1499975;614633;25.3;10.4
76;2021-04-30;30805;20142;1530780;634775;25.8;10.7
76;2021-05-01;17437;7016;1548217;641791;26.1;10.8
76;2021-05-02;9500;4770;1557717;646561;26.3;10.9
76;2021-05-03;26539;16772;1584256;663333;26.7;11.2
76;2021-05-04;30019;25814;1614275;689147;27.2;11.6
76;2021-05-05;28215;26390;1642490;715537;27.7;12.1
76;2021-05-06;31056;30856;1673546;746393;28.2;12.6
76;2021-05-07;31665;30773;1705211;777166;28.8;13.1
76;2021-05-08;17381;10550;1722592;787716;29.1;13.3
76;2021-05-09;9725;8667;1732317;796383;29.2;13.4
76;2021-05-10;24135;28020;1756452;824403;29.6;13.9
76;2021-05-11;31694;33055;1788146;857458;30.2;14.5
76;2021-05-12;33391;29380;1821537;886838;30.7;15.0
76;2021-05-13;25976;9720;1847513;896558;31.2;15.1
76;2021-05-14;34593;21312;1882106;917870;31.8;15.5
76;2021-05-15;24533;12190;1906639;930060;32.2;15.7
76;2021-05-16;15474;3793;1922113;933853;32.4;15.8
76;2021-05-17;27872;19240;1949985;953093;32.9;16.1
76;2021-05-18;35481;19493;1985466;972586;33.5;16.4
76;2021-05-19;36910;16830;2022376;989416;34.1;16.7
76;2021-05-20;40973;18635;2063349;1008051;34.8;17.0
76;2021-05-21;37757;19948;2101106;1027999;35.5;17.4
76;2021-05-22;26985;9243;2128091;1037242;35.9;17.5
76;2021-05-23;13299;1804;2141390;1039046;36.1;17.5
76;2021-05-24;15396;4102;2156786;1043148;36.4;17.6
76;2021-05-25;31607;20726;2188393;1063874;36.9;18.0
76;2021-05-26;33402;19179;2221795;1083053;37.5;18.3
76;2021-05-27;36298;24393;2258093;1107446;38.1;18.7
76;2021-05-28;32480;28244;2290573;1135690;38.7;19.2
76;2021-05-29;19603;16733;2310176;1152423;39.0;19.5
76;2021-05-30;6234;6300;2316410;1158723;39.1;19.6
76;2021-05-31;25789;22851;2342199;1181574;39.5;19.9
76;2021-06-01;31226;29795;2373425;1211369;40.1;20.4
76;2021-06-02;30788;28048;2404213;1239417;40.6;20.9
76;2021-06-03;34185;33101;2438398;1272518;41.2;21.5
76;2021-06-04;35070;34239;2473468;1306757;41.7;22.1
76;2021-06-05;26005;19724;2499473;1326481;42.2;22.4
76;2021-06-06;14100;6471;2513573;1332952;42.4;22.5
76;2021-06-07;25747;27670;2539320;1360622;42.9;23.0
76;2021-06-08;32398;31573;2571718;1392195;43.4;23.5
76;2021-06-09;32274;29087;2603992;1421282;44.0;24.0
76;2021-06-10;31926;29467;2635918;1450749;44.5;24.5
76;2021-06-11;33531;36121;2669449;1486870;45.1;25.1
76;2021-06-12;23189;21899;2692638;1508769;45.4;25.5
76;2021-06-13;12030;7134;2704668;1515903;45.6;25.6
76;2021-06-14;21556;33614;2726224;1549517;46.0;26.2
76;2021-06-15;28736;39702;2754960;1589219;46.5;26.8
76;2021-06-16;26997;36350;2781957;1625569;47.0;27.4
76;2021-06-17;26785;34164;2808742;1659733;47.4;28.0
76;2021-06-18;27409;41113;2836151;1700846;47.9;28.7
76;2021-06-19;20802;23116;2856953;1723962;48.2;29.1
76;2021-06-20;8910;10337;2865863;1734299;48.4;29.3
76;2021-06-21;15047;35208;2880910;1769507;48.6;29.9
76;2021-06-22;18230;40462;2899140;1809969;48.9;30.5
76;2021-06-23;18954;37958;2918094;1847927;49.3;31.2
76;2021-06-24;17447;35339;2935541;1883266;49.5;31.8
76;2021-06-25;18290;44781;2953831;1928047;49.9;32.5
76;2021-06-26;12257;28869;2966088;1956916;50.1;33.0
76;2021-06-27;5720;14601;2971808;1971517;50.2;33.3
76;2021-06-28;12598;38130;2984406;2009647;50.4;33.9
76;2021-06-29;15205;43564;2999611;2053211;50.6;34.7
76;2021-06-30;17218;43104;3016829;2096315;50.9;35.4
84;2020-12-27;1;0;1;0;0.0;0.0
84;2020-12-28;7;0;8;0;0.0;0.0
84;2020-12-29;5;0;13;0;0.0;0.0
84;2020-12-30;6;0;19;0;0.0;0.0
84;2020-12-31;15;0;34;0;0.0;0.0
84;2021-01-01;10;0;44;0;0.0;0.0
84;2021-01-02;2;1;46;1;0.0;0.0
84;2021-01-03;0;0;46;1;0.0;0.0
84;2021-01-04;174;0;220;1;0.0;0.0
84;2021-01-05;469;1;689;2;0.0;0.0
84;2021-01-06;1137;1;1826;3;0.0;0.0
84;2021-01-07;2887;3;4713;6;0.1;0.0
84;2021-01-08;3083;3;7796;9;0.1;0.0
84;2021-01-09;513;1;8309;10;0.1;0.0
84;2021-01-10;161;0;8470;10;0.1;0.0
84;2021-01-11;4296;9;12766;19;0.2;0.0
84;2021-01-12;6365;17;19131;36;0.2;0.0
84;2021-01-13;6845;15;25976;51;0.3;0.0
84;2021-01-14;9084;56;35060;107;0.4;0.0
84;2021-01-15;7774;32;42834;139;0.5;0.0
84;2021-01-16;2957;7;45791;146;0.6;0.0
84;2021-01-17;920;2;46711;148;0.6;0.0
84;2021-01-18;8978;34;55689;182;0.7;0.0
84;2021-01-19;15048;85;70737;267;0.9;0.0
84;2021-01-20;15497;36;86234;303;1.1;0.0
84;2021-01-21;14586;51;100820;354;1.3;0.0
84;2021-01-22;12415;45;113235;399;1.4;0.0
84;2021-01-23;4762;3;117997;402;1.5;0.0
84;2021-01-24;810;1;118807;403;1.5;0.0
84;2021-01-25;8766;154;127573;557;1.6;0.0
84;2021-01-26;11899;320;139472;877;1.7;0.0
84;2021-01-27;12083;623;151555;1500;1.9;0.0
84;2021-01-28;13840;1542;165395;3042;2.1;0.0
84;2021-01-29;10806;1312;176201;4354;2.2;0.1
84;2021-01-30;4141;147;180342;4501;2.2;0.1
84;2021-01-31;499;1;180841;4502;2.3;0.1
84;2021-02-01;6541;1888;187382;6390;2.3;0.1
84;2021-02-02;10594;3519;197976;9909;2.5;0.1
84;2021-02-03;11538;3929;209514;13838;2.6;0.2
84;2021-02-04;12578;5550;222092;19388;2.8;0.2
84;2021-02-05;8621;4697;230713;24085;2.9;0.3
84;2021-02-06;2657;960;233370;25045;2.9;0.3
84;2021-02-07;453;443;233823;25488;2.9;0.3
84;2021-02-08;6228;4968;240051;30456;3.0;0.4
84;2021-02-09;9342;8278;249393;38734;3.1;0.5
84;2021-02-10;9693;8630;259086;47364;3.2;0.6
84;2021-02-11;10706;9921;269792;57285;3.4;0.7
84;2021-02-12;9727;7949;279519;65234;3.5;0.8
84;2021-02-13;3508;2353;283027;67587;3.5;0.8
84;2021-02-14;624;457;283651;68044;3.5;0.8
84;2021-02-15;4899;8368;288550;76412;3.6;1.0
84;2021-02-16;6125;10773;294675;87185;3.7;1.1
84;2021-02-17;6097;11571;300772;98756;3.7;1.2
84;2021-02-18;7141;11767;307913;110523;3.8;1.4
84;2021-02-19;6666;9352;314579;119875;3.9;1.5
84;2021-02-20;1844;3268;316423;123143;3.9;1.5
84;2021-02-21;182;502;316605;123645;3.9;1.5
84;2021-02-22;4328;8852;320933;132497;4.0;1.6
84;2021-02-23;7316;11425;328249;143922;4.1;1.8
84;2021-02-24;7811;12031;336060;155953;4.2;1.9
84;2021-02-25;12752;13809;348812;169762;4.3;2.1
84;2021-02-26;14902;10357;363714;180119;4.5;2.2
84;2021-02-27;5565;2928;369279;183047;4.6;2.3
84;2021-02-28;501;514;369780;183561;4.6;2.3
84;2021-03-01;9307;6420;379087;189981;4.7;2.4
84;2021-03-02;14979;8826;394066;198807;4.9;2.5
84;2021-03-03;14831;8664;408897;207471;5.1;2.6
84;2021-03-04;21067;8450;429964;215921;5.4;2.7
84;2021-03-05;25815;7736;455779;223657;5.7;2.8
84;2021-03-06;19499;2413;475278;226070;5.9;2.8
84;2021-03-07;8418;480;483696;226550;6.0;2.8
84;2021-03-08;12224;6825;495920;233375;6.2;2.9
84;2021-03-09;20698;7719;516618;241094;6.4;3.0
84;2021-03-10;20255;7555;536873;248649;6.7;3.1
84;2021-03-11;29502;8186;566375;256835;7.1;3.2
84;2021-03-12;36199;7736;602574;264571;7.5;3.3
84;2021-03-13;21435;1903;624009;266474;7.8;3.3
84;2021-03-14;4687;485;628696;266959;7.8;3.3
84;2021-03-15;18909;4807;647605;271766;8.1;3.4
84;2021-03-16;17077;6107;664682;277873;8.3;3.5
84;2021-03-17;17599;6472;682281;284345;8.5;3.5
84;2021-03-18;21512;6960;703793;291305;8.8;3.6
84;2021-03-19;29002;5539;732795;296844;9.1;3.7
84;2021-03-20;14547;1417;747342;298261;9.3;3.7
84;2021-03-21;3239;278;750581;298539;9.3;3.7
84;2021-03-22;19747;5146;770328;303685;9.6;3.8
84;2021-03-23;30813;5973;801141;309658;10.0;3.9
84;2021-03-24;30002;5875;831143;315533;10.3;3.9
84;2021-03-25;41585;6515;872728;322048;10.9;4.0
84;2021-03-26;42992;6815;915720;328863;11.4;4.1
84;2021-03-27;18223;2942;933943;331805;11.6;4.1
84;2021-03-28;6513;605;940456;332410;11.7;4.1
84;2021-03-29;22967;7950;963423;340360;12.0;4.2
84;2021-03-30;35007;10249;998430;350609;12.4;4.4
84;2021-03-31;29633;11048;1028063;361657;12.8;4.5
84;2021-04-01;37306;11467;1065369;373124;13.3;4.6
84;2021-04-02;34941;11400;1100310;384524;13.7;4.8
84;2021-04-03;14802;6238;1115112;390762;13.9;4.9
84;2021-04-04;9935;2005;1125047;392767;14.0;4.9
84;2021-04-05;13533;1680;1138580;394447;14.2;4.9
84;2021-04-06;26338;13244;1164918;407691;14.5;5.1
84;2021-04-07;29531;14681;1194449;422372;14.9;5.3
84;2021-04-08;39726;15477;1234175;437849;15.4;5.5
84;2021-04-09;49476;15122;1283651;452971;16.0;5.6
84;2021-04-10;20473;8160;1304124;461131;16.2;5.7
84;2021-04-11;7231;2704;1311355;463835;16.3;5.8
84;2021-04-12;27334;15600;1338689;479435;16.7;6.0
84;2021-04-13;36166;19423;1374855;498858;17.1;6.2
84;2021-04-14;34680;18300;1409535;517158;17.5;6.4
84;2021-04-15;40178;19724;1449713;536882;18.0;6.7
84;2021-04-16;38281;20116;1487994;556998;18.5;6.9
84;2021-04-17;20479;9054;1508473;566052;18.8;7.0
84;2021-04-18;6841;2714;1515314;568766;18.9;7.1
84;2021-04-19;26274;18586;1541588;587352;19.2;7.3
84;2021-04-20;31250;22539;1572838;609891;19.6;7.6
84;2021-04-21;28094;21486;1600932;631377;19.9;7.9
84;2021-04-22;32289;22642;1633221;654019;20.3;8.1
84;2021-04-23;32754;23124;1665975;677143;20.7;8.4
84;2021-04-24;17873;11912;1683848;689055;21.0;8.6
84;2021-04-25;7139;4293;1690987;693348;21.1;8.6
84;2021-04-26;23756;20059;1714743;713407;21.3;8.9
84;2021-04-27;31811;25280;1746554;738687;21.7;9.2
84;2021-04-28;32522;24839;1779076;763526;22.1;9.5
84;2021-04-29;39690;26576;1818766;790102;22.6;9.8
84;2021-04-30;38183;27884;1856949;817986;23.1;10.2
84;2021-05-01;17166;5389;1874115;823375;23.3;10.3
84;2021-05-02;7990;8575;1882105;831950;23.4;10.4
84;2021-05-03;30383;27513;1912488;859463;23.8;10.7
84;2021-05-04;37172;33781;1949660;893244;24.3;11.1
84;2021-05-05;40289;30181;1989949;923425;24.8;11.5
84;2021-05-06;46688;32667;2036637;956092;25.4;11.9
84;2021-05-07;47128;36807;2083765;992899;25.9;12.4
84;2021-05-08;22400;7669;2106165;1000568;26.2;12.5
84;2021-05-09;15930;8909;2122095;1009477;26.4;12.6
84;2021-05-10;36181;31991;2158276;1041468;26.9;13.0
84;2021-05-11;52698;36282;2210974;1077750;27.5;13.4
84;2021-05-12;56998;31903;2267972;1109653;28.2;13.8
84;2021-05-13;47449;10529;2315421;1120182;28.8;13.9
84;2021-05-14;57553;25013;2372974;1145195;29.5;14.3
84;2021-05-15;44289;13650;2417263;1158845;30.1;14.4
84;2021-05-16;30624;5148;2447887;1163993;30.5;14.5
84;2021-05-17;48538;24974;2496425;1188967;31.1;14.8
84;2021-05-18;59478;27413;2555903;1216380;31.8;15.1
84;2021-05-19;58783;23587;2614686;1239967;32.6;15.4
84;2021-05-20;62015;27044;2676701;1267011;33.3;15.8
84;2021-05-21;61219;29382;2737920;1296393;34.1;16.1
84;2021-05-22;40515;12919;2778435;1309312;34.6;16.3
84;2021-05-23;21385;3980;2799820;1313292;34.9;16.3
84;2021-05-24;39965;8545;2839785;1321837;35.4;16.5
84;2021-05-25;50359;31682;2890144;1353519;36.0;16.9
84;2021-05-26;49965;28922;2940109;1382441;36.6;17.2
84;2021-05-27;55778;31827;2995887;1414268;37.3;17.6
84;2021-05-28;54959;40485;3050846;1454753;38.0;18.1
84;2021-05-29;37707;22370;3088553;1477123;38.5;18.4
84;2021-05-30;16147;7265;3104700;1484388;38.7;18.5
84;2021-05-31;44399;29385;3149099;1513773;39.2;18.8
84;2021-06-01;48543;36631;3197642;1550404;39.8;19.3
84;2021-06-02;47809;31237;3245451;1581641;40.4;19.7
84;2021-06-03;56123;36583;3301574;1618224;41.1;20.1
84;2021-06-04;54703;42396;3356277;1660620;41.8;20.7
84;2021-06-05;38071;21682;3394348;1682302;42.3;20.9
84;2021-06-06;15911;6295;3410259;1688597;42.5;21.0
84;2021-06-07;41373;35163;3451632;1723760;43.0;21.5
84;2021-06-08;45069;37929;3496701;1761689;43.5;21.9
84;2021-06-09;40571;33944;3537272;1795633;44.0;22.4
84;2021-06-10;41221;33899;3578493;1829532;44.6;22.8
84;2021-06-11;43285;46362;3621778;1875894;45.1;23.4
84;2021-06-12;28136;22949;3649914;1898843;45.4;23.6
84;2021-06-13;8609;7137;3658523;1905980;45.5;23.7
84;2021-06-14;25551;44547;3684074;1950527;45.9;24.3
84;2021-06-15;31612;49302;3715686;1999829;46.3;24.9
84;2021-06-16;33338;45438;3749024;2045267;46.7;25.5
84;2021-06-17;30529;46954;3779553;2092221;47.1;26.0
84;2021-06-18;34904;59946;3814457;2152167;47.5;26.8
84;2021-06-19;22752;35749;3837209;2187916;47.8;27.2
84;2021-06-20;8674;14418;3845883;2202334;47.9;27.4
84;2021-06-21;19994;56164;3865877;2258498;48.1;28.1
84;2021-06-22;21016;62745;3886893;2321243;48.4;28.9
84;2021-06-23;22302;57617;3909195;2378860;48.7;29.6
84;2021-06-24;23158;55088;3932353;2433948;49.0;30.3
84;2021-06-25;23545;70298;3955898;2504246;49.2;31.2
84;2021-06-26;14035;46218;3969933;2550464;49.4;31.8
84;2021-06-27;6852;23504;3976785;2573968;49.5;32.0
84;2021-06-28;15707;64752;3992492;2638720;49.7;32.9
84;2021-06-29;19241;66844;4011733;2705564;49.9;33.7
84;2021-06-30;21694;62341;4033427;2767905;50.2;34.5
93;2020-12-27;1;0;1;0;0.0;0.0
93;2020-12-28;2;0;3;0;0.0;0.0
93;2020-12-29;1;0;4;0;0.0;0.0
93;2020-12-30;3;0;7;0;0.0;0.0
93;2020-12-31;19;0;26;0;0.0;0.0
93;2021-01-01;13;0;39;0;0.0;0.0
93;2021-01-02;2;0;41;0;0.0;0.0
93;2021-01-03;2;0;43;0;0.0;0.0
93;2021-01-04;133;1;176;1;0.0;0.0
93;2021-01-05;251;1;427;2;0.0;0.0
93;2021-01-06;410;0;837;2;0.0;0.0
93;2021-01-07;1245;2;2082;4;0.0;0.0
93;2021-01-08;1568;1;3650;5;0.1;0.0
93;2021-01-09;541;1;4191;6;0.1;0.0
93;2021-01-10;74;0;4265;6;0.1;0.0
93;2021-01-11;2413;1;6678;7;0.1;0.0
93;2021-01-12;5093;7;11771;14;0.2;0.0
93;2021-01-13;4468;16;16239;30;0.3;0.0
93;2021-01-14;5580;52;21819;82;0.4;0.0
93;2021-01-15;4934;15;26753;97;0.5;0.0
93;2021-01-16;1679;6;28432;103;0.6;0.0
93;2021-01-17;300;1;28732;104;0.6;0.0
93;2021-01-18;7158;30;35890;134;0.7;0.0
93;2021-01-19;13534;37;49424;171;1.0;0.0
93;2021-01-20;12260;37;61684;208;1.2;0.0
93;2021-01-21;12310;49;73994;257;1.5;0.0
93;2021-01-22;10216;29;84210;286;1.7;0.0
93;2021-01-23;3327;6;87537;292;1.7;0.0
93;2021-01-24;537;4;88074;296;1.7;0.0
93;2021-01-25;7255;41;95329;337;1.9;0.0
93;2021-01-26;10075;138;105404;475;2.1;0.0
93;2021-01-27;9693;292;115097;767;2.3;0.0
93;2021-01-28;13673;834;128770;1601;2.5;0.0
93;2021-01-29;9847;982;138617;2583;2.7;0.1
93;2021-01-30;2240;159;140857;2742;2.8;0.1
93;2021-01-31;304;5;141161;2747;2.8;0.1
93;2021-02-01;5165;1519;146326;4266;2.9;0.1
93;2021-02-02;6648;2380;152974;6646;3.0;0.1
93;2021-02-03;5025;1821;157999;8467;3.1;0.2
93;2021-02-04;5538;3160;163537;11627;3.2;0.2
93;2021-02-05;6114;4125;169651;15752;3.4;0.3
93;2021-02-06;1246;973;170897;16725;3.4;0.3
93;2021-02-07;280;81;171177;16806;3.4;0.3
93;2021-02-08;4304;3747;175481;20553;3.5;0.4
93;2021-02-09;5893;7104;181374;27657;3.6;0.5
93;2021-02-10;5975;5883;187349;33540;3.7;0.7
93;2021-02-11;6608;6719;193957;40259;3.8;0.8
93;2021-02-12;5730;6472;199687;46731;3.9;0.9
93;2021-02-13;1130;1448;200817;48179;4.0;1.0
93;2021-02-14;73;384;200890;48563;4.0;1.0
93;2021-02-15;2419;5637;203309;54200;4.0;1.1
93;2021-02-16;3198;7705;206507;61905;4.1;1.2
93;2021-02-17;3616;8522;210123;70427;4.2;1.4
93;2021-02-18;6018;11422;216141;81849;4.3;1.6
93;2021-02-19;5672;8672;221813;90521;4.4;1.8
93;2021-02-20;880;1801;222693;92322;4.4;1.8
93;2021-02-21;70;417;222763;92739;4.4;1.8
93;2021-02-22;3032;7000;225795;99739;4.5;2.0
93;2021-02-23;3968;7244;229763;106983;4.5;2.1
93;2021-02-24;4758;6796;234521;113779;4.6;2.3
93;2021-02-25;8258;6669;242779;120448;4.8;2.4
93;2021-02-26;8286;6183;251065;126631;5.0;2.5
93;2021-02-27;3294;1489;254359;128120;5.0;2.5
93;2021-02-28;306;238;254665;128358;5.0;2.5
93;2021-03-01;5662;4488;260327;132846;5.1;2.6
93;2021-03-02;7237;5931;267564;138777;5.3;2.7
93;2021-03-03;8995;6555;276559;145332;5.5;2.9
93;2021-03-04;12080;6464;288639;151796;5.7;3.0
93;2021-03-05;12217;6099;300856;157895;6.0;3.1
93;2021-03-06;22897;1326;323753;159221;6.4;3.1
93;2021-03-07;18013;621;341766;159842;6.8;3.2
93;2021-03-08;10250;5277;352016;165119;7.0;3.3
93;2021-03-09;13982;5565;365998;170684;7.2;3.4
93;2021-03-10;14503;5285;380501;175969;7.5;3.5
93;2021-03-11;20406;6169;400907;182138;7.9;3.6
93;2021-03-12;21928;5323;422835;187461;8.4;3.7
93;2021-03-13;24613;1241;447448;188702;8.9;3.7
93;2021-03-14;6474;264;453922;188966;9.0;3.7
93;2021-03-15;15954;3096;469876;192062;9.3;3.8
93;2021-03-16;12723;3638;482599;195700;9.5;3.9
93;2021-03-17;16015;4648;498614;200348;9.9;4.0
93;2021-03-18;17043;4898;515657;205246;10.2;4.1
93;2021-03-19;21035;4706;536692;209952;10.6;4.2
93;2021-03-20;10996;1326;547688;211278;10.8;4.2
93;2021-03-21;3258;130;550946;211408;10.9;4.2
93;2021-03-22;17106;3560;568052;214968;11.2;4.3
93;2021-03-23;22666;3883;590718;218851;11.7;4.3
93;2021-03-24;21985;6634;612703;225485;12.1;4.5
93;2021-03-25;29056;6512;641759;231997;12.7;4.6
93;2021-03-26;29925;5043;671684;237040;13.3;4.7
93;2021-03-27;12463;1637;684147;238677;13.5;4.7
93;2021-03-28;3577;100;687724;238777;13.6;4.7
93;2021-03-29;18546;5333;706270;244110;14.0;4.8
93;2021-03-30;28520;6694;734790;250804;14.5;5.0
93;2021-03-31;28815;6630;763605;257434;15.1;5.1
93;2021-04-01;30786;7489;794391;264923;15.7;5.2
93;2021-04-02;26954;8487;821345;273410;16.2;5.4
93;2021-04-03;9773;4982;831118;278392;16.4;5.5
93;2021-04-04;2124;1253;833242;279645;16.5;5.5
93;2021-04-05;6064;1564;839306;281209;16.6;5.6
93;2021-04-06;23436;10027;862742;291236;17.1;5.8
93;2021-04-07;26094;11676;888836;302912;17.6;6.0
93;2021-04-08;28878;14979;917714;317891;18.2;6.3
93;2021-04-09;33637;14626;951351;332517;18.8;6.6
93;2021-04-10;14829;8173;966180;340690;19.1;6.7
93;2021-04-11;3635;2963;969815;343653;19.2;6.8
93;2021-04-12;20609;12214;990424;355867;19.6;7.0
93;2021-04-13;25611;15243;1016035;371110;20.1;7.3
93;2021-04-14;25210;15262;1041245;386372;20.6;7.6
93;2021-04-15;27031;15668;1068276;402040;21.1;8.0
93;2021-04-16;27926;16457;1096202;418497;21.7;8.3
93;2021-04-17;12840;7742;1109042;426239;21.9;8.4
93;2021-04-18;5254;2960;1114296;429199;22.0;8.5
93;2021-04-19;19105;15964;1133401;445163;22.4;8.8
93;2021-04-20;21368;18745;1154769;463908;22.8;9.2
93;2021-04-21;23951;18325;1178720;482233;23.3;9.5
93;2021-04-22;25883;19281;1204603;501514;23.8;9.9
93;2021-04-23;25419;18188;1230022;519702;24.3;10.3
93;2021-04-24;11546;8701;1241568;528403;24.6;10.5
93;2021-04-25;3209;2139;1244777;530542;24.6;10.5
93;2021-04-26;16473;15864;1261250;546406;24.9;10.8
93;2021-04-27;19467;20173;1280717;566579;25.3;11.2
93;2021-04-28;21521;20110;1302238;586689;25.8;11.6
93;2021-04-29;27924;21785;1330162;608474;26.3;12.0
93;2021-04-30;27346;20618;1357508;629092;26.9;12.4
93;2021-05-01;11729;5302;1369237;634394;27.1;12.5
93;2021-05-02;4062;1884;1373299;636278;27.2;12.6
93;2021-05-03;20503;18185;1393802;654463;27.6;12.9
93;2021-05-04;20801;22732;1414603;677195;28.0;13.4
93;2021-05-05;19534;21511;1434137;698706;28.4;13.8
93;2021-05-06;24845;21648;1458982;720354;28.9;14.2
93;2021-05-07;22438;25009;1481420;745363;29.3;14.7
93;2021-05-08;13582;6901;1495002;752264;29.6;14.9
93;2021-05-09;3466;2320;1498468;754584;29.6;14.9
93;2021-05-10;18686;22591;1517154;777175;30.0;15.4
93;2021-05-11;25420;25651;1542574;802826;30.5;15.9
93;2021-05-12;32566;22543;1575140;825369;31.2;16.3
93;2021-05-13;28152;7898;1603292;833267;31.7;16.5
93;2021-05-14;35444;16437;1638736;849704;32.4;16.8
93;2021-05-15;29737;10272;1668473;859976;33.0;17.0
93;2021-05-16;12789;2539;1681262;862515;33.3;17.1
93;2021-05-17;25846;17491;1707108;880006;33.8;17.4
93;2021-05-18;30624;16772;1737732;896778;34.4;17.7
93;2021-05-19;30482;15200;1768214;911978;35.0;18.0
93;2021-05-20;32919;16728;1801133;928706;35.6;18.4
93;2021-05-21;33956;17883;1835089;946589;36.3;18.7
93;2021-05-22;18629;7679;1853718;954268;36.7;18.9
93;2021-05-23;5918;2025;1859636;956293;36.8;18.9
93;2021-05-24;17613;4994;1877249;961287;37.1;19.0
93;2021-05-25;23601;20449;1900850;981736;37.6;19.4
93;2021-05-26;24682;21901;1925532;1003637;38.1;19.9
93;2021-05-27;26494;23314;1952026;1026951;38.6;20.3
93;2021-05-28;22854;26621;1974880;1053572;39.1;20.8
93;2021-05-29;13163;14358;1988043;1067930;39.3;21.1
93;2021-05-30;2595;3179;1990638;1071109;39.4;21.2
93;2021-05-31;20878;21285;2011516;1092394;39.8;21.6
93;2021-06-01;24436;26156;2035952;1118550;40.3;22.1
93;2021-06-02;22229;26098;2058181;1144648;40.7;22.6
93;2021-06-03;27607;27280;2085788;1171928;41.3;23.2
93;2021-06-04;27967;28345;2113755;1200273;41.8;23.7
93;2021-06-05;16281;14244;2130036;1214517;42.1;24.0
93;2021-06-06;4886;2795;2134922;1217312;42.2;24.1
93;2021-06-07;17653;24404;2152575;1241716;42.6;24.6
93;2021-06-08;21026;24097;2173601;1265813;43.0;25.0
93;2021-06-09;20670;25754;2194271;1291567;43.4;25.5
93;2021-06-10;21627;24695;2215898;1316262;43.8;26.0
93;2021-06-11;19719;30791;2235617;1347053;44.2;26.6
93;2021-06-12;12965;15313;2248582;1362366;44.5;26.9
93;2021-06-13;2551;3321;2251133;1365687;44.5;27.0
93;2021-06-14;13141;29370;2264274;1395057;44.8;27.6
93;2021-06-15;16430;30975;2280704;1426032;45.1;28.2
93;2021-06-16;17100;25644;2297804;1451676;45.5;28.7
93;2021-06-17;17126;28149;2314930;1479825;45.8;29.3
93;2021-06-18;16230;27990;2331160;1507815;46.1;29.8
93;2021-06-19;9683;15324;2340843;1523139;46.3;30.1
93;2021-06-20;2390;3701;2343233;1526840;46.3;30.2
93;2021-06-21;9909;30435;2353142;1557275;46.5;30.8
93;2021-06-22;11512;34439;2364654;1591714;46.8;31.5
93;2021-06-23;11428;32248;2376082;1623962;47.0;32.1
93;2021-06-24;12181;34071;2388263;1658033;47.2;32.8
93;2021-06-25;11026;37828;2399289;1695861;47.5;33.5
93;2021-06-26;6488;21669;2405777;1717530;47.6;34.0
93;2021-06-27;1987;5798;2407764;1723328;47.6;34.1
93;2021-06-28;7758;32569;2415522;1755897;47.8;34.7
93;2021-06-29;10153;33636;2425675;1789533;48.0;35.4
93;2021-06-30;10742;33136;2436417;1822669;48.2;36.1
94;2020-12-27;0;0;0;0;0.0;0.0
94;2020-12-28;0;0;0;0;0.0;0.0
94;2020-12-29;0;0;0;0;0.0;0.0
94;2020-12-30;0;0;0;0;0.0;0.0
94;2020-12-31;0;0;0;0;0.0;0.0
94;2021-01-01;0;0;0;0;0.0;0.0
94;2021-01-02;0;0;0;0;0.0;0.0
94;2021-01-03;0;0;0;0;0.0;0.0
94;2021-01-04;2;0;2;0;0.0;0.0
94;2021-01-05;0;0;2;0;0.0;0.0
94;2021-01-06;53;1;55;1;0.0;0.0
94;2021-01-07;333;1;388;2;0.1;0.0
94;2021-01-08;310;0;698;2;0.2;0.0
94;2021-01-09;78;0;776;2;0.2;0.0
94;2021-01-10;34;0;810;2;0.2;0.0
94;2021-01-11;151;0;961;2;0.3;0.0
94;2021-01-12;209;1;1170;3;0.3;0.0
94;2021-01-13;203;0;1373;3;0.4;0.0
94;2021-01-14;264;1;1637;4;0.5;0.0
94;2021-01-15;405;0;2042;4;0.6;0.0
94;2021-01-16;200;1;2242;5;0.7;0.0
94;2021-01-17;91;1;2333;6;0.7;0.0
94;2021-01-18;471;2;2804;8;0.8;0.0
94;2021-01-19;982;0;3786;8;1.1;0.0
94;2021-01-20;808;0;4594;8;1.3;0.0
94;2021-01-21;808;1;5402;9;1.6;0.0
94;2021-01-22;727;0;6129;9;1.8;0.0
94;2021-01-23;243;0;6372;9;1.8;0.0
94;2021-01-24;147;0;6519;9;1.9;0.0
94;2021-01-25;422;2;6941;11;2.0;0.0
94;2021-01-26;790;7;7731;18;2.2;0.0
94;2021-01-27;663;55;8394;73;2.4;0.0
94;2021-01-28;699;230;9093;303;2.6;0.1
94;2021-01-29;627;229;9720;532;2.8;0.2
94;2021-01-30;204;74;9924;606;2.9;0.2
94;2021-01-31;150;12;10074;618;2.9;0.2
94;2021-02-01;458;147;10532;765;3.1;0.2
94;2021-02-02;643;196;11175;961;3.2;0.3
94;2021-02-03;783;167;11958;1128;3.5;0.3
94;2021-02-04;714;298;12672;1426;3.7;0.4
94;2021-02-05;659;201;13331;1627;3.9;0.5
94;2021-02-06;207;75;13538;1702;3.9;0.5
94;2021-02-07;126;58;13664;1760;4.0;0.5
94;2021-02-08;322;366;13986;2126;4.1;0.6
94;2021-02-09;714;616;14700;2742;4.3;0.8
94;2021-02-10;643;430;15343;3172;4.5;0.9
94;2021-02-11;678;497;16021;3669;4.6;1.1
94;2021-02-12;641;429;16662;4098;4.8;1.2
94;2021-02-13;301;72;16963;4170;4.9;1.2
94;2021-02-14;195;78;17158;4248;5.0;1.2
94;2021-02-15;380;310;17538;4558;5.1;1.3
94;2021-02-16;634;606;18172;5164;5.3;1.5
94;2021-02-17;592;482;18764;5646;5.4;1.6
94;2021-02-18;550;545;19314;6191;5.6;1.8
94;2021-02-19;309;610;19623;6801;5.7;2.0
94;2021-02-20;276;199;19899;7000;5.8;2.0
94;2021-02-21;84;84;19983;7084;5.8;2.1
94;2021-02-22;211;406;20194;7490;5.9;2.2
94;2021-02-23;352;648;20546;8138;6.0;2.4
94;2021-02-24;299;609;20845;8747;6.0;2.5
94;2021-02-25;348;608;21193;9355;6.1;2.7
94;2021-02-26;420;555;21613;9910;6.3;2.9
94;2021-02-27;368;152;21981;10062;6.4;2.9
94;2021-02-28;70;123;22051;10185;6.4;3.0
94;2021-03-01;361;413;22412;10598;6.5;3.1
94;2021-03-02;549;655;22961;11253;6.7;3.3
94;2021-03-03;532;692;23493;11945;6.8;3.5
94;2021-03-04;950;636;24443;12581;7.1;3.7
94;2021-03-05;1584;676;26027;13257;7.6;3.8
94;2021-03-06;1843;164;27870;13421;8.1;3.9
94;2021-03-07;1381;100;29251;13521;8.5;3.9
94;2021-03-08;1228;324;30479;13845;8.8;4.0
94;2021-03-09;1313;656;31792;14501;9.2;4.2
94;2021-03-10;1260;578;33052;15079;9.6;4.4
94;2021-03-11;1307;635;34359;15714;10.0;4.6
94;2021-03-12;1517;541;35876;16255;10.4;4.7
94;2021-03-13;1118;303;36994;16558;10.7;4.8
94;2021-03-14;537;185;37531;16743;10.9;4.9
94;2021-03-15;886;401;38417;17144;11.1;5.0
94;2021-03-16;1065;641;39482;17785;11.5;5.2
94;2021-03-17;1225;530;40707;18315;11.8;5.3
94;2021-03-18;995;530;41702;18845;12.1;5.5
94;2021-03-19;1286;342;42988;19187;12.5;5.6
94;2021-03-20;1732;292;44720;19479;13.0;5.7
94;2021-03-21;1126;83;45846;19562;13.3;5.7
94;2021-03-22;889;188;46735;19750;13.6;5.7
94;2021-03-23;1302;319;48037;20069;13.9;5.8
94;2021-03-24;1687;306;49724;20375;14.4;5.9
94;2021-03-25;1753;296;51477;20671;14.9;6.0
94;2021-03-26;2031;347;53508;21018;15.5;6.1
94;2021-03-27;2273;229;55781;21247;16.2;6.2
94;2021-03-28;1070;217;56851;21464;16.5;6.2
94;2021-03-29;1025;312;57876;21776;16.8;6.3
94;2021-03-30;1358;555;59234;22331;17.2;6.5
94;2021-03-31;1428;488;60662;22819;17.6;6.6
94;2021-04-01;1642;679;62304;23498;18.1;6.8
94;2021-04-02;1863;1191;64167;24689;18.6;7.2
94;2021-04-03;1891;1128;66058;25817;19.2;7.5
94;2021-04-04;770;843;66828;26660;19.4;7.7
94;2021-04-05;629;807;67457;27467;19.6;8.0
94;2021-04-06;1582;912;69039;28379;20.0;8.2
94;2021-04-07;2008;849;71047;29228;20.6;8.5
94;2021-04-08;2174;756;73221;29984;21.2;8.7
94;2021-04-09;2100;949;75321;30933;21.9;9.0
94;2021-04-10;2402;626;77723;31559;22.5;9.2
94;2021-04-11;1173;315;78896;31874;22.9;9.2
94;2021-04-12;1517;898;80413;32772;23.3;9.5
94;2021-04-13;1384;1007;81797;33779;23.7;9.8
94;2021-04-14;2088;1075;83885;34854;24.3;10.1
94;2021-04-15;1923;1027;85808;35881;24.9;10.4
94;2021-04-16;1779;1038;87587;36919;25.4;10.7
94;2021-04-17;1750;1373;89337;38292;25.9;11.1
94;2021-04-18;1234;1280;90571;39572;26.3;11.5
94;2021-04-19;1090;772;91661;40344;26.6;11.7
94;2021-04-20;1249;1192;92910;41536;27.0;12.1
94;2021-04-21;1782;1333;94692;42869;27.5;12.4
94;2021-04-22;1832;1374;96524;44243;28.0;12.8
94;2021-04-23;1646;1403;98170;45646;28.5;13.2
94;2021-04-24;2031;1744;100201;47390;29.1;13.7
94;2021-04-25;1261;776;101462;48166;29.4;14.0
94;2021-04-26;1015;1145;102477;49311;29.7;14.3
94;2021-04-27;1308;1217;103785;50528;30.1;14.7
94;2021-04-28;2587;1274;106372;51802;30.9;15.0
94;2021-04-29;1969;1223;108341;53025;31.4;15.4
94;2021-04-30;2262;1880;110603;54905;32.1;15.9
94;2021-05-01;1425;1687;112028;56592;32.5;16.4
94;2021-05-02;1007;947;113035;57539;32.8;16.7
94;2021-05-03;1599;1066;114634;58605;33.3;17.0
94;2021-05-04;1557;1684;116191;60289;33.7;17.5
94;2021-05-05;1809;2356;118000;62645;34.2;18.2
94;2021-05-06;2187;1812;120187;64457;34.9;18.7
94;2021-05-07;2212;1818;122399;66275;35.5;19.2
94;2021-05-08;873;1353;123272;67628;35.8;19.6
94;2021-05-09;1174;1319;124446;68947;36.1;20.0
94;2021-05-10;1374;1536;125820;70483;36.5;20.4
94;2021-05-11;1581;1573;127401;72056;37.0;20.9
94;2021-05-12;1770;1376;129171;73432;37.5;21.3
94;2021-05-13;1946;513;131117;73945;38.0;21.5
94;2021-05-14;1513;1258;132630;75203;38.5;21.8
94;2021-05-15;1479;997;134109;76200;38.9;22.1
94;2021-05-16;1032;673;135141;76873;39.2;22.3
94;2021-05-17;1583;967;136724;77840;39.7;22.6
94;2021-05-18;1600;858;138324;78698;40.1;22.8
94;2021-05-19;1550;896;139874;79594;40.6;23.1
94;2021-05-20;1351;893;141225;80487;41.0;23.4
94;2021-05-21;1229;980;142454;81467;41.3;23.6
94;2021-05-22;1006;697;143460;82164;41.6;23.8
94;2021-05-23;683;328;144143;82492;41.8;23.9
94;2021-05-24;163;146;144306;82638;41.9;24.0
94;2021-05-25;952;856;145258;83494;42.1;24.2
94;2021-05-26;952;1953;146210;85447;42.4;24.8
94;2021-05-27;833;2242;147043;87689;42.7;25.4
94;2021-05-28;830;1822;147873;89511;42.9;26.0
94;2021-05-29;639;1252;148512;90763;43.1;26.3
94;2021-05-30;224;549;148736;91312;43.2;26.5
94;2021-05-31;557;1241;149293;92553;43.3;26.9
94;2021-06-01;738;1767;150031;94320;43.5;27.4
94;2021-06-02;623;1925;150654;96245;43.7;27.9
94;2021-06-03;783;1646;151437;97891;43.9;28.4
94;2021-06-04;604;2345;152041;100236;44.1;29.1
94;2021-06-05;553;1935;152594;102171;44.3;29.6
94;2021-06-06;215;1040;152809;103211;44.3;29.9
94;2021-06-07;436;1608;153245;104819;44.5;30.4
94;2021-06-08;690;1870;153935;106689;44.7;31.0
94;2021-06-09;801;2491;154736;109180;44.9;31.7
94;2021-06-10;669;1792;155405;110972;45.1;32.2
94;2021-06-11;689;2295;156094;113267;45.3;32.9
94;2021-06-12;353;1208;156447;114475;45.4;33.2
94;2021-06-13;202;854;156649;115329;45.4;33.5
94;2021-06-14;421;2038;157070;117367;45.6;34.1
94;2021-06-15;547;1724;157617;119091;45.7;34.6
94;2021-06-16;575;1711;158192;120802;45.9;35.0
94;2021-06-17;612;1637;158804;122439;46.1;35.5
94;2021-06-18;575;1877;159379;124316;46.2;36.1
94;2021-06-19;342;1014;159721;125330;46.3;36.4
94;2021-06-20;188;888;159909;126218;46.4;36.6
94;2021-06-21;435;1756;160344;127974;46.5;37.1
94;2021-06-22;540;1956;160884;129930;46.7;37.7
94;2021-06-23;401;1439;161285;131369;46.8;38.1
94;2021-06-24;463;1125;161748;132494;46.9;38.4
94;2021-06-25;359;1545;162107;134039;47.0;38.9
94;2021-06-26;302;1421;162409;135460;47.1;39.3
94;2021-06-27;199;1005;162608;136465;47.2;39.6
94;2021-06-28;515;1649;163123;138114;47.3;40.1
94;2021-06-29;480;1670;163603;139784;47.5;40.6
94;2021-06-30;615;1420;164218;141204;47.6;41.0
